32
-5
3
6
4
10
-14
-35
-29
3
32
16
-5
-19
-27
-18
-9
-2
9
25
52
42
-7
-35
-22
11
7
11
29
-6
-22
-21
-35
-11
14
5
-13
-1
8
-14
-5
4
-9
-16
-24
-15
0
25
41
18
4
-9
-26
2
25
16
1
-4
-13
-18
-10
-14
-19
-3
23
20
-14
-20
5
15
22
19
-22
-45
-6
29
15
-5
-11
-12
-10
7
23
32
32
28
21
-15
-31
-22
-15
7
7
0
-8
-9
12
10
21
37
21
5
-19
-46
-61
-51
-21
-8
1
21
36
23
12
10
-15
-26
-8
-6
7
28
3
-32
-35
-5
2
-6
30
45
24
26
30
13
-3
9
-17
-38
-10
-19
-34
-35
-8
24
21
18
18
20
23
24
20
-6
-19
-16
-25
-17
-14
-9
9
15
8
-2
4
28
28
15
-7
-31
-25
-7
-4
-20
-17
-5
-4
2
0
-8
4
27
20
10
4
-10
-16
-26
-16
-1
5
10
4
0
-3
12
13
-16
-18
-17
-18
-4
-1
-12
-24
-11
10
20
20
19
43
39
19
5
-20
-25
-16
1
-1
-19
-14
-12
-24
-29
-4
32
48
56
35
-1
6
6
-5
3
5
5
-7
-12
-5
-11
-10
-6
11
10
-7
0
-2
-3
-10
-6
10
4
5
-7
-15
1
6
-3
-9
15
25
7
-6
-19
-22
-4
22
34
26
22
-8
-25
1
-4
5
23
14
5
-19
-32
-27
-12
21
31
25
14
-8
-12
-8
6
11
13
26
16
0
-14
-20
-5
5
9
11
4
4
-13
-31
-18
-9
-3
0
7
12
-1
-10
-25
-21
9
26
30
15
-1
-7
-29
-39
-29
-6
9
11
20
2
-22
-13
-8
-6
6
32
27
-10
-12
-23
-35
-30
-24
2
21
31
20
-12
-14
6
23
11
1
21
5
-14
-20
-33
-19
1
19
10
-1
5
-6
4
11
12
22
9
12
0
-8
1
-14
-9
-2
-4
0
6
6
-6
-7
5
2
-4
-3
0
-5
-15
-18
-3
18
23
1
-6
1
-6
-10
-24
-31
-17
-14
-16
-5
18
24
11
7
14
13
9
1
-3
7
4
-11
-21
-21
-17
-8
4
0
8
7
2
17
7
8
2
-1
19
12
5
1
-4
-5
-11
-2
1
5
18
13
-1
-13
-11
-1
7
14
6
1
12
13
7
-3
-9
2
5
-3
1
7
7
2
4
3
-1
0
5
11
10
5
-14
-19
-14
-17
-11
2
7
-1
-10
-17
-8
4
4
5
12
13
7
0
-4
3
9
3
5
7
6
7
3
-8
-15
-8
-4
8
13
-6
-5
-2
-6
-3
-1
-1
-5
4
5
-13
-16
-15
-12
2
10
21
17
11
2
-16
-16
-13
-7
-1
1
0
-1
3
2
-2
3
7
13
12
2
-3
-12
-14
-9
-10
-3
2
3
-1
-4
-7
-2
4
4
7
-1
-2
4
-10
-18
-8
6
4
5
10
-2
-11
-11
-6
5
2
8
7
4
4
-1
2
5
9
0
-15
-10
-6
1
13
17
15
12
14
2
-3
8
9
4
2
-8
-11
-6
-8
-6
4
4
-8
-11
-7
-8
0
4
-10
-9
-5
-4
20
23
7
-7
-10
-1
11
16
8
3
1
-11
-23
-22
-12
2
15
25
14
4
-5
-17
-7
-5
-11
-4
-3
-15
-28
-12
4
6
12
7
4
6
1
0
-6
-5
1
10
13
0
2
8
2
7
6
9
22
16
13
1
0
1
-22
-22
-13
-6
-5
-8
-1
-3
-7
2
4
14
17
7
-3
-11
-9
-7
-2
4
2
3
8
9
2
-1
-9
-8
1
6
3
4
6
-5
-10
-15
-10
-4
5
14
5
0
-4
-14
-4
0
-4
4
6
4
-5
-6
2
5
11
9
4
10
12
8
-1
5
10
5
9
3
-2
6
12
9
4
-1
-2
-2
-2
-5
-10
-13
-10
-6
-13
-7
12
13
3
-2
-4
0
0
-2
1
3
7
2
-9
-2
1
-2
-6
0
6
0
4
1
-2
-12
-18
-13
-6
10
7
-1
-1
4
10
4
-3
-5
-13
-17
-23
-17
-6
1
11
4
-2
-5
-1
11
15
18
14
-2
-15
-10
-4
-5
-2
1
-1
3
6
1
4
4
4
9
16
15
9
9
13
5
1
2
-10
-11
-7
-9
-9
-3
-1
-3
3
-2
-5
-1
-2
-3
2
4
10
7
0
-3
-2
6
6
9
12
6
-1
-5
-7
-15
-15
-9
-5
-5
-4
-2
1
0
-5
-9
-8
-4
-6
-11
-12
-6
-1
4
9
15
17
12
8
4
3
-5
-12
-11
-10
-2
0
4
6
3
-1
-7
-4
-5
-6
-3
-1
-1
-3
-2
0
4
12
11
7
6
8
9
0
-2
-4
-5
-1
0
-3
-5
-2
-7
-7
1
12
18
9
3
-4
-17
-19
-17
-14
-10
-1
2
-3
4
1
1
4
5
9
8
9
-1
9
8
-1
2
3
11
14
9
6
4
12
21
15
5
4
-3
-10
-7
-2
3
4
1
-2
-7
-3
-2
-2
-6
-11
-11
-10
-2
-6
-11
-10
-10
-13
-10
-5
-5
-4
-2
0
6
6
5
9
13
19
19
9
2
3
6
9
9
10
9
11
10
-1
-6
-6
-9
-4
2
2
-4
-8
-8
-3
-5
-13
-8
4
14
13
5
6
7
3
-2
-9
-3
0
1
1
4
9
2
-1
1
-7
-6
-8
-8
-1
0
2
0
-7
-10
-12
-4
2
1
-3
-2
-3
-12
-11
-6
-10
-15
-14
-19
-11
1
2
4
9
5
-5
-3
0
3
7
-4
-12
-11
-10
-10
-3
8
9
8
5
-5
-9
-6
-1
-2
-5
-3
-1
4
3
2
6
9
10
9
8
9
8
-1
-10
2
6
7
14
9
2
-8
-6
2
9
20
17
9
8
8
2
-7
-6
4
1
-4
-6
-5
-3
1
3
-2
-4
-1
-4
-5
-2
2
1
-3
-3
-6
-10
-4
-6
-3
-3
-4
-3
-8
-3
-1
-2
0
6
4
0
3
1
-1
1
6
5
9
10
6
4
0
-3
-3
-5
-2
-3
0
9
9
7
0
-5
0
2
4
1
-3
-1
-2
-3
-6
-7
-6
-8
-7
-3
1
4
3
9
14
10
8
2
-5
-8
-10
-5
-3
-4
0
-5
-3
3
2
2
7
8
0
-10
-11
-10
-12
-16
-15
-9
0
9
4
-1
-1
0
2
11
16
14
8
6
3
2
6
6
11
11
7
5
2
7
2
-3
-3
-6
-5
-7
-11
-9
-2
2
2
-2
-1
6
4
3
-1
-7
-7
-4
-5
-5
3
7
5
5
-3
-9
-4
-1
1
5
2
-1
-1
2
-2
-4
-3
-5
4
7
1
2
7
14
13
7
1
3
1
-6
-6
-1
5
5
-2
0
4
0
5
2
-1
1
-1
-1
-3
3
2
2
4
0
-1
-6
-6
-2
-5
-3
-5
-13
-11
-8
-8
-5
-9
-6
-7
-5
-4
-5
-5
-10
-5
2
-2
1
5
9
13
12
12
10
8
6
2
-1
2
-6
-8
3
12
-13
-27
2
20
23
13
-21
-27
-20
-10
0
4
-10
-19
-2
6
14
12
-11
-12
11
0
-11
5
2
-1
11
11
7
5
-1
0
14
4
-17
-6
1
-4
-12
-19
-20
-7
1
3
15
6
-6
-2
0
15
16
5
4
-2
-3
4
12
6
2
1
-2
6
7
11
11
2
1
1
1
4
-4
-14
-17
-5
3
1
-6
-11
-11
2
8
6
-3
-12
-12
-5
-6
-13
-4
4
4
-1
-1
3
5
-1
0
0
-3
7
-1
0
5
-5
-1
9
20
22
15
11
-6
-9
-7
0
16
15
6
-5
-12
-5
-8
-2
7
4
6
2
10
18
5
-9
-18
-13
3
6
5
4
-1
-7
-9
0
8
4
1
-6
-6
-7
-7
-2
1
7
5
-3
-5
-9
-9
0
0
2
11
1
-4
1
-4
-1
4
0
-2
-3
2
8
4
-3
-24
-27
-15
4
17
13
8
-4
-10
-3
10
21
15
-2
-13
-15
-13
-3
7
5
6
11
14
16
24
15
-2
-6
-14
-4
11
2
1
1
-8
-7
0
2
9
5
-7
-18
-11
-5
1
11
5
-3
-7
6
18
20
15
8
7
2
-4
4
10
1
3
-1
-4
-1
0
0
0
-2
2
6
2
-4
-9
-18
-14
-5
-10
-12
-14
-10
-2
7
4
-9
-9
-3
1
1
-1
1
2
4
0
-1
0
-7
-19
-16
1
8
12
-3
-26
-18
-5
-2
14
20
13
-2
-11
-8
1
17
14
5
1
1
1
0
4
-2
-7
-20
-15
5
8
9
6
15
5
-9
-4
5
12
5
1
3
0
2
-2
-4
4
5
5
-5
-12
-7
0
13
9
-6
-9
-10
-5
2
2
-1
-6
-3
10
14
12
9
4
-17
-26
-11
-1
4
7
-7
-15
-13
-11
-2
-2
-3
-12
-19
-7
6
13
10
-7
-12
-5
2
14
17
12
3
-2
-6
-5
5
14
9
-5
-7
-6
-3
4
3
-2
-2
2
1
-1
-5
-11
-15
-14
-6
-2
0
-4
-2
-1
-5
-4
-2
12
19
10
-2
-4
-3
1
7
7
8
11
13
12
7
2
-4
-2
-10
-9
-1
-5
-8
-8
-8
-1
5
2
-2
-3
-2
5
6
1
3
0
-10
2
6
4
5
-3
5
10
-2
-12
-15
-13
-3
9
6
1
-4
-5
-6
-8
0
2
6
10
4
-2
-9
-1
5
2
-4
-6
-1
-7
-10
-3
3
6
11
11
18
25
22
21
20
20
17
9
4
5
9
7
3
0
0
6
0
-9
-1
5
-1
-8
-11
-5
0
7
4
-2
-8
-4
9
6
4
1
-4
-1
6
10
5
5
0
-7
-11
-9
-3
1
0
0
-6
-16
-13
-14
-14
-3
7
5
-2
-5
-9
-9
-13
-12
-8
-7
-2
0
-5
-4
-3
0
6
5
7
7
-1
-11
-11
-7
-10
-7
4
-3
-3
2
-6
-12
0
11
6
6
3
-6
-3
0
3
10
10
5
6
1
-5
-5
-3
-7
-9
-6
-7
-1
6
11
11
5
-1
0
9
11
3
-10
-8
-2
-2
2
2
-2
-3
-2
-2
3
9
5
-1
1
0
1
3
6
14
8
4
-4
-3
-1
-5
3
8
6
0
-4
-6
-4
12
10
0
-10
-16
-6
-1
-2
-3
0
-4
-10
-12
-9
-6
-4
3
2
0
4
10
9
1
-7
-9
0
8
7
1
-7
-17
-21
-9
2
3
1
-3
-9
-1
5
6
17
23
26
18
13
7
3
8
4
6
5
1
-4
-6
-1
-9
-4
-4
3
7
0
3
-4
-7
-10
-5
-2
-3
0
4
-3
-11
-9
-5
1
0
-2
-6
-4
0
3
5
7
5
3
16
19
14
4
-3
-5
-8
-5
-2
-2
-2
-2
0
8
8
9
1
-1
-1
-3
1
-3
-3
-9
-10
-3
1
3
2
-2
-6
2
3
2
-2
-2
1
-2
2
3
2
-1
-4
-4
-2
0
5
5
-2
-1
-6
1
9
2
3
4
9
0
-5
0
-2
6
-2
-2
8
7
-1
-3
-4
-12
-6
-2
6
15
11
6
4
-2
-4
7
9
0
-2
-11
-16
-8
-6
-10
-6
-4
-7
-3
8
16
16
4
-3
2
-1
-1
-6
-12
-6
4
11
7
8
6
5
5
-1
-3
-3
-1
-1
-4
-1
-3
0
4
-2
-3
0
7
5
-5
-10
-14
-12
-13
-8
-7
-4
5
-1
-8
-1
-2
-1
0
-6
-5
-6
-5
-4
-3
-2
2
10
14
6
7
6
1
1
-2
-1
-2
3
6
5
9
2
-3
-9
-7
0
0
-3
-6
-3
-4
2
9
10
11
11
10
4
7
1
4
8
4
7
8
5
1
-3
-12
-13
-11
-9
-10
-14
-7
2
12
12
5
3
-3
-3
-1
1
-1
-8
-2
-2
-2
-5
-7
-5
-4
-2
1
4
8
6
-3
-3
4
-1
-4
-9
-9
-2
-5
-12
-15
-10
-1
-1
-5
1
2
8
8
3
4
3
2
-1
2
9
4
6
0
-4
0
-4
3
3
-1
3
4
7
4
1
6
5
7
7
13
10
6
7
1
-6
-7
-6
3
3
1
0
-2
-3
-5
-1
1
1
-1
-1
-4
-8
-8
-10
-7
-3
3
6
4
-8
-11
-4
5
11
10
9
2
3
0
-4
-6
-5
-1
-1
10
1
-11
-10
-4
4
4
8
8
8
5
0
1
-1
0
-1
-3
-4
0
-10
-11
-6
2
9
9
7
2
-3
-6
-13
-12
-3
-3
-5
-1
3
7
7
4
12
6
-3
-2
-7
-3
-2
-6
-7
-4
1
3
5
4
-5
-10
-8
0
16
13
-3
-10
-13
-8
-6
-4
-3
-1
3
4
4
4
0
-5
-8
-8
2
-4
-4
-1
-5
-2
-6
-2
3
-1
-11
-12
2
0
2
0
-2
1
4
3
5
9
9
5
8
8
3
0
-3
4
6
9
18
13
5
3
3
2
5
14
17
11
3
4
11
7
10
6
-3
-1
-2
-1
-5
-5
2
-6
-5
-3
-4
-3
-9
1
0
5
11
10
16
8
6
0
-9
-7
-6
-4
-8
-13
-12
-12
-1
-2
-2
4
3
-3
1
-3
-9
-2
2
7
6
3
0
-7
-5
-7
-4
-2
-9
-8
-11
-9
-10
-3
3
0
6
9
4
5
3
2
0
-8
-1
0
-5
0
-1
2
3
0
1
-3
-2
-2
-3
4
5
5
3
-4
3
2
-1
5
-5
-6
-2
-2
0
-1
0
-3
-3
-6
-5
5
4
5
2
-3
-1
-2
0
0
-1
-1
-2
1
5
2
-7
-10
-10
-8
4
7
6
7
3
9
7
3
3
-2
3
4
1
-1
-6
-11
-10
-10
1
7
5
1
-3
-5
-5
1
1
5
5
0
-1
0
-2
-2
-1
5
8
6
11
11
16
12
7
2
-2
8
12
6
2
-3
-6
-3
-7
-8
-9
-8
-3
-4
-6
-3
0
1
0
1
-5
-7
-6
-1
3
5
11
1
-7
-9
-12
-4
-1
0
-1
-2
1
0
0
-1
1
2
5
6
2
5
7
-3
-6
-8
-10
4
6
9
9
4
1
-1
2
-1
0
-6
-7
-3
-13
-10
-7
-12
-9
-6
-5
-6
0
0
-9
-4
-8
-5
-6
-2
4
5
7
-1
-3
-5
-5
-2
-9
-5
3
4
2
0
0
-1
-1
0
3
6
3
6
5
-2
10
12
5
10
5
1
-3
1
2
-2
4
-1
0
7
8
6
3
1
1
7
8
5
-2
-13
-20
-20
-10
-9
-7
-1
-1
4
6
4
3
5
3
2
6
11
5
7
3
-4
2
1
3
5
10
14
5
-3
0
9
15
16
12
7
3
-3
-2
-1
1
5
2
3
0
3
0
-2
0
-4
-6
-3
-8
-19
-16
-13
-8
-7
0
1
1
6
4
2
0
-6
-11
-10
-8
-4
3
5
12
10
3
2
2
5
1
3
2
-6
-1
0
1
-2
-3
-1
-2
0
-4
-7
-9
-14
-16
-15
-16
-11
-4
0
0
4
8
10
11
5
1
0
2
3
0
1
6
7
2
0
-3
-5
2
-6
-1
5
-6
-4
-6
-7
-5
-2
4
6
1
2
5
3
9
12
3
-1
3
2
2
5
1
2
10
10
6
11
19
12
0
-5
-9
-11
-12
-17
-8
-5
-9
-8
-11
-12
-10
-5
-6
-4
-2
-2
2
6
7
4
10
13
8
5
2
1
6
8
0
-4
-4
0
-2
0
4
3
5
1
3
13
13
13
10
7
5
2
0
-7
-9
-7
-9
0
2
-3
1
-1
-2
-3
-5
-1
-2
0
3
8
11
10
8
4
7
3
6
6
3
8
5
5
-5
-10
-9
-6
6
1
-2
4
4
3
4
3
-5
-9
-2
1
3
0
-8
-9
-7
-13
-8
1
5
-2
-2
2
2
6
4
1
2
0
-3
0
0
-3
-1
-4
1
1
-5
-4
-3
-2
-6
3
5
2
5
-4
-7
-9
-1
6
9
12
9
7
3
-6
-12
-11
-7
-2
-6
-11
-9
-4
5
9
10
8
2
1
-3
-1
4
-3
-2
-2
-6
-10
-15
-9
-7
0
6
9
12
9
6
3
5
6
1
-2
2
3
4
3
-4
-11
-15
-13
-10
-6
-9
0
1
-11
0
2
0
0
1
5
4
2
5
3
4
4
2
3
-2
2
-1
4
2
-6
-12
-14
-6
-4
-7
-6
4
-1
-3
6
7
0
-4
4
5
7
10
10
8
3
4
2
2
3
5
-2
3
8
0
-5
-1
5
-7
-8
-3
-6
-4
5
9
6
6
3
1
-5
-6
-6
-11
-5
-1
-4
-5
-1
-4
-1
1
6
1
2
7
1
0
-4
-2
-4
1
6
8
11
9
9
8
3
1
1
3
2
4
5
1
-2
-2
-5
-8
-8
-4
3
7
5
10
4
0
-2
-9
-12
-13
-9
-6
-2
0
2
6
3
-3
-9
-13
-13
-11
-7
-9
-4
3
4
7
5
-1
-2
-2
1
6
7
7
5
4
2
-1
0
-3
-4
1
1
5
6
1
-7
-8
-3
-8
-6
-3
4
0
-1
3
-2
2
4
-1
1
4
-1
-4
-2
-1
-1
0
-1
-9
-5
-2
-2
0
-4
-1
-3
-5
-2
0
0
-2
3
5
5
8
9
2
-1
-6
-7
-4
-9
-4
-1
-1
3
3
4
6
10
9
5
0
-2
-1
-2
5
7
4
2
0
-6
-10
-8
-2
-8
-3
-2
-9
-9
-8
-7
-7
-2
3
4
8
9
6
0
-3
-1
-2
4
8
8
4
3
-1
3
3
-1
3
2
4
8
6
-2
-6
-8
-12
-13
-6
-5
0
10
20
21
12
14
6
-3
-5
3
4
-2
6
-2
-8
-5
-5
6
2
4
7
-9
-15
-15
-11
-8
-6
4
11
4
2
8
-5
-6
-1
8
14
12
10
0
4
8
13
8
6
8
5
11
1
-3
1
-4
0
12
10
0
-4
-12
-19
-14
-19
-17
-7
-8
-11
-12
-12
-3
-3
0
8
3
13
9
2
4
-2
10
11
1
-4
0
10
9
10
2
-12
-9
-2
0
2
2
-1
4
10
12
2
-6
-6
1
14
12
7
1
-13
-9
-10
-13
-4
3
1
-6
-4
-8
-8
3
7
9
5
-2
-9
-19
-15
-1
3
-2
-1
2
-4
-6
-3
-10
-3
8
6
6
7
4
-2
-3
4
1
-5
-9
-16
-13
-5
6
4
-2
3
15
14
5
1
2
6
4
-1
-5
-9
-9
-5
-1
4
13
20
14
9
8
-7
-18
-11
-12
-4
1
-3
0
4
11
14
13
12
9
-4
-14
-17
-10
-7
6
16
17
20
17
9
-3
0
9
3
-4
-12
-19
-24
-12
-4
-1
-2
-5
-3
-5
-3
0
-2
-5
-8
-11
-12
-11
-7
2
10
9
0
-3
-3
0
7
12
9
13
12
7
11
10
6
5
3
5
4
3
-1
-9
-3
-3
-8
-4
-4
3
4
5
11
9
0
-6
-8
-3
-3
-1
4
-2
-6
-9
-2
2
-2
-1
-3
-4
-8
-9
-12
-13
-4
7
12
12
11
11
16
9
5
2
-4
-10
-12
-9
-7
-3
4
1
3
12
5
0
-1
7
9
-1
4
-1
-7
-7
-8
2
12
20
12
-2
-14
-19
-13
-10
-8
4
3
2
0
-11
-17
-9
11
13
4
-1
-14
-16
-8
-4
2
8
2
-9
-15
-5
-4
-6
-2
-3
3
2
1
1
5
11
14
20
4
1
9
2
-5
-7
-3
0
9
8
-5
-5
-4
-3
2
5
12
5
-9
-13
-7
6
9
3
7
5
4
-2
-7
-4
2
7
3
-5
-9
-9
-4
3
6
4
1
1
-3
-4
-3
-4
-1
10
15
17
-1
-20
-11
4
22
7
-24
-30
-21
0
3
-4
-5
4
14
13
6
-11
-22
-10
8
16
4
-22
-38
-30
-5
23
36
28
22
8
-9
-29
-41
-34
-9
27
22
-6
-17
-3
8
21
32
31
39
29
-13
-51
-64
-48
-10
25
35
28
19
7
-5
5
7
2
8
2
5
-10
-35
-42
-25
27
60
60
35
11
-6
-29
-34
-15
9
18
12
10
9
-3
-4
6
15
27
15
-1
-11
-33
-45
-33
-12
9
25
30
36
21
-3
-17
-27
-19
-11
-13
-8
-5
-8
-7
0
17
26
24
15
4
-8
-14
-23
-35
-5
27
23
21
9
1
24
14
-15
-14
-18
-28
-38
-34
-5
33
52
44
34
11
-7
-13
-25
-35
-22
-16
-19
-31
-37
1
26
59
67
29
15
-2
-23
-51
-48
-37
-21
-8
-17
-6
-17
-5
40
38
15
-2
-28
-33
-3
17
24
13
9
17
36
36
7
-14
-39
-35
19
29
7
-28
-69
-68
-28
42
87
86
32
-11
-30
-59
-54
-40
-22
13
53
30
-32
-33
-15
34
86
85
36
-21
-57
-73
-50
-6
33
41
-7
-4
31
37
47
24
12
6
11
5
-15
-16
-45
-48
5
35
74
56
-24
-61
-101
-88
16
88
96
68
33
-9
-67
-81
-53
30
102
50
-11
-48
-67
-74
-66
-49
-35
-10
-1
26
45
55
22
-34
-47
-47
-46
-28
-9
-32
-13
12
-1
46
57
51
25
-69
-95
-45
15
83
58
-67
-59
-33
-45
12
56
84
35
-23
1
25
32
55
5
1
70
76
62
-7
-17
22
42
79
23
-47
-94
-122
-104
-74
9
143
193
81
-55
-106
-35
109
91
36
15
-73
-77
-82
-91
-54
-57
-36
66
39
-21
-45
-66
67
53
-50
-34
-6
100
167
66
-36
-47
-18
56
66
-56
-200
-217
-167
-100
7
89
199
277
150
16
-40
-38
58
43
-75
-172
-216
-250
-205
-56
54
133
202
247
224
123
-10
6
85
69
-36
-184
-255
-202
-50
34
44
26
-15
-11
74
149
116
13
-54
-25
-43
-70
-23
10
40
-11
-79
-78
-2
71
79
49
24
41
50
49
21
-34
-83
-127
-163
-173
-110
4
124
118
-38
-93
-27
117
189
150
77
-41
-83
-174
-227
-131
-67
54
142
66
-91
-93
-31
123
300
222
139
44
-93
-198
-244
-204
-47
122
220
233
163
73
9
31
33
-25
-21
7
-14
-39
-169
-181
-115
-122
-13
23
48
92
90
25
-52
-22
-49
23
142
203
134
-128
-228
-198
-115
17
80
80
33
70
86
45
-4
-48
12
66
60
-31
-56
43
129
-13
-246
-193
-55
63
176
185
7
-33
54
15
41
-15
-87
-108
-81
-96
-219
-255
22
306
285
185
48
-36
-28
62
160
122
49
-30
-181
-219
-106
2
57
13
-25
-42
-56
89
161
75
48
56
-57
-110
-92
-73
20
59
14
-57
-31
48
179
181
134
176
108
61
21
-121
-147
-13
-22
-108
-187
-256
-187
-51
11
18
14
14
94
222
204
110
-31
-106
-73
-44
-3
-40
-51
34
62
9
27
130
106
166
78
-95
-164
-241
-115
39
82
-36
-88
-130
-141
-1
45
134
163
122
-53
-141
-143
-140
69
151
170
28
-135
-27
166
125
-11
-55
-195
-107
38
-31
4
20
-19
-31
6
-62
-128
-87
-49
69
61
-26
-16
-53
-100
3
165
227
180
105
-38
-32
-12
-71
-17
-41
-62
-137
-201
-151
59
-4
19
189
39
127
12
-89
-78
-119
-108
0
225
197
276
73
-120
-156
-198
-41
28
188
14
-162
-250
-247
-44
21
220
290
143
23
35
-104
-222
23
5
34
123
-64
-38
22
80
127
153
107
-48
6
-75
-51
53
-10
-21
-74
-14
-43
82
32
-108
-190
-230
-134
-205
-61
-67
54
162
248
180
66
142
-35
27
-30
-52
-101
-196
-112
-49
90
129
163
65
75
106
76
114
-10
-125
-166
-85
-88
-149
-191
-94
87
121
162
74
-17
7
-73
-221
-165
-119
-77
59
89
69
92
-36
-39
-22
41
134
194
201
-167
-234
-289
-90
183
164
281
46
37
-73
-14
83
85
50
-188
-97
-237
-172
-81
15
150
148
207
95
233
28
72
154
-9
65
-104
-172
-78
79
22
-47
-15
-11
37
163
113
170
128
-34
-104
-136
-26
0
202
52
-37
-56
-85
42
-46
0
-155
59
56
71
142
-81
64
-70
-46
66
118
6
-37
24
-90
-21
-34
-206
-221
-6
-17
-66
11
-181
-88
52
120
69
117
85
-78
4
-155
-110
32
32
-4
67
-25
-113
-60
-101
85
208
146
-45
-196
-21
-104
77
126
97
68
93
69
-157
107
-193
-114
171
33
-12
-14
-37
-8
194
47
31
89
80
-68
13
-99
-90
47
-120
43
-32
-65
-81
-56
-18
24
37
-98
-40
-65
-21
-34
32
-72
1
-50
-58
183
24
104
-18
62
45
-67
-17
-129
-45
-84
55
-143
50
33
9
121
49
-4
7
251
-72
90
-253
-113
7
-93
79
-111
32
-114
2
78
-108
-67
53
-31
-35
288
44
-179
85
22
-141
321
62
-81
347
55
13
181
-116
-235
85
7
-127
144
-112
-48
126
-102
33
97
122
105
80
-43
9
9
-52
55
-17
-51
-144
-97
-112
109
140
-59
-87
-156
60
-19
143
27
-18
198
-133
-94
8
-60
-111
21
-128
-244
-30
102
-64
329
297
21
266
-55
0
107
158
21
68
-46
-415
-160
-245
2
69
36
22
92
0
-60
89
-400
-118
122
-75
221
42
-79
85
44
17
-43
150
-160
161
3
-343
-51
-261
-188
51
-43
38
192
157
-93
171
-47
-72
103
-239
-66
41
-137
-21
19
33
195
105
-110
-9
188
-37
24
118
-178
-81
138
-134
158
373
-80
81
75
-81
-117
16
-158
-122
252
-227
-20
-36
-235
31
227
284
132
327
-53
-199
-13
-265
-296
30
-68
-102
37
119
54
60
168
22
56
114
134
-184
60
-29
-232
70
-122
-10
9
96
-19
17
242
-183
70
23
-11
88
-28
-50
-69
-59
-11
-154
-134
64
-77
49
222
54
-153
103
-258
-115
383
-41
114
66
-238
-248
206
-16
-37
307
-127
125
51
-162
17
-20
-34
33
28
-40
183
-117
-179
66
-97
112
204
72
-12
250
-10
-220
36
-255
-82
96
-135
87
105
-155
93
108
-19
-72
91
-170
-66
70
-157
338
-204
57
79
-154
9
61
-29
-84
356
-261
118
-29
-281
44
37
-122
102
141
-353
257
-106
-203
32
173
-112
187
175
-414
283
-78
12
93
-175
-74
150
-146
1
135
-525
215
111
-362
321
67
-213
201
-22
-342
415
-292
-6
206
-416
60
73
-281
189
457
-363
436
150
-510
400
-220
-259
432
123
-326
429
-217
-142
534
-120
139
-80
-14
-115
-52
-138
85
0
-344
384
-171
-263
485
-153
5
313
-243
177
75
-253
77
-40
-275
327
48
-386
301
-162
-184
411
-127
-157
282
-22
-181
194
-304
-138
145
-64
38
100
-97
-99
224
-181
-60
280
2
180
107
-149
-22
20
-77
-18
11
21
84
-125
-207
68
-229
68
136
-84
327
-7
103
-5
-61
-28
-13
-157
-88
284
-254
95
81
-339
62
-16
22
-36
297
109
119
201
-315
206
-224
89
255
-223
160
-92
-296
-116
16
13
38
319
-132
133
-115
4
-183
28
53
-219
148
-230
295
-193
71
51
-333
442
-66
218
77
118
3
-241
51
-148
-88
101
61
120
24
124
-4
-251
26
-108
147
-30
60
-26
-266
257
-277
-58
208
30
191
-59
217
-423
59
-94
-338
180
-68
230
-261
-31
-104
-115
84
-99
240
-266
315
-141
-176
-61
-171
-5
-140
354
-37
65
125
55
-135
-111
238
-63
-80
150
-104
-207
222
-13
-113
328
75
-10
206
86
-155
-238
5
-274
114
-73
-68
119
-141
496
-118
109
157
34
171
-200
260
-357
178
-188
-44
-191
-233
368
-396
421
119
-343
245
162
-331
320
130
-227
347
4
-281
-81
276
-624
143
255
-360
398
95
-211
82
-45
-278
88
-133
139
139
-123
83
-188
-142
-185
263
16
37
524
-162
-223
229
-473
-15
141
97
35
-9
157
-346
20
-42
50
113
92
243
-102
-181
133
-202
-250
388
-25
-32
234
-125
-86
44
-83
-10
-122
289
-34
-29
155
-332
176
-174
239
-40
-44
229
-319
390
-56
-124
251
-273
-88
202
66
-102
378
-2
-204
380
-222
-486
420
-37
-134
648
-279
-390
448
-214
-467
580
-71
-324
840
-358
-268
548
-466
-374
331
54
-459
547
-212
-617
558
-143
-382
451
243
-735
526
101
-823
575
83
-512
398
440
-654
554
338
-796
488
105
-577
419
191
-687
422
20
-487
283
169
-112
111
338
-563
222
169
-436
102
160
-165
-350
308
-242
-374
514
-199
-263
557
-119
-378
523
-48
-729
606
-55
-607
633
-239
-537
376
310
-688
721
184
-793
731
-19
-538
379
210
-627
508
102
-448
501
9
-331
482
78
-229
391
-94
-243
25
-11
-305
337
232
-351
394
-448
-31
77
-27
-49
152
236
-293
155
-133
-46
29
145
-30
102
115
-105
-20
-35
225
-194
250
268
-410
203
26
-126
46
217
-400
-114
313
-617
285
301
-254
7
386
-352
26
457
-607
192
318
-381
-127
498
-520
129
463
-632
329
187
3
-319
344
-280
-304
251
-49
46
27
360
-534
275
251
-359
166
287
-184
-119
555
-707
186
339
-453
44
358
-358
8
736
-646
242
336
-257
-101
438
-261
-410
451
-614
-247
563
-375
-226
717
-673
-94
378
-436
61
442
-164
-339
700
-676
-48
563
-820
404
362
-548
194
262
-418
-122
320
-634
199
256
-432
103
-40
-508
-502
316
-339
-259
399
-391
-211
144
112
-317
745
40
-246
605
-81
-41
206
268
-412
360
166
-145
215
72
-30
-209
355
-306
-102
334
-78
-45
129
-312
-404
174
-309
-213
493
-371
187
588
-327
152
255
-223
35
445
43
-77
620
-409
25
464
-328
458
138
95
43
230
17
-358
110
-354
-1
72
-444
228
-244
-266
207
-432
-198
365
-100
-373
65
-104
-336
40
-40
-490
351
180
19
300
-35
96
-44
320
-165
172
519
-417
258
-184
-380
24
29
0
169
130
49
252
-332
205
36
-451
378
-36
-173
-11
166
-432
-71
411
-482
110
544
-224
-87
405
-349
-260
206
-374
-345
154
-230
-375
523
-90
34
496
-61
-19
348
322
-188
574
-144
-131
319
-165
-158
679
-11
-233
892
-632
138
597
-570
148
247
-438
-211
801
-1137
180
854
-1290
682
59
-537
83
439
-686
-113
854
-1071
415
243
-727
272
192
-250
-22
372
-383
122
-36
-204
-116
190
-100
-486
486
-338
-238
307
159
-434
477
293
-592
441
188
-692
405
309
-796
603
205
-418
250
-8
-95
-305
430
-380
121
215
-250
293
-388
69
-312
273
-151
-103
702
-702
486
103
-412
526
-311
43
229
-132
106
-87
50
-227
147
-160
-10
686
-404
327
470
-495
159
233
-487
189
168
-421
191
-33
-345
132
-58
-265
270
40
-334
226
-137
-281
198
-276
-199
306
-279
-157
98
114
-139
97
-54
232
4
-226
250
-220
367
-297
77
161
-332
356
-176
262
222
-281
107
-304
358
-200
-274
622
-310
10
18
255
-359
302
90
-530
793
-356
-228
635
-151
-255
627
-308
-285
745
-628
-287
912
-849
-41
824
-1020
318
233
-647
125
415
-399
-176
921
-564
-173
327
-264
-112
135
-143
85
169
9
-175
-49
587
-504
197
395
-436
359
-178
-31
-70
130
-302
-22
259
-336
71
213
-502
199
96
-212
-20
90
169
-258
314
-526
280
180
-203
-18
222
206
-597
459
-359
324
-91
30
55
-69
85
-490
392
-344
98
-161
165
184
-52
-50
-134
16
-15
5
37
282
-231
444
-485
76
128
-266
233
62
171
-59
374
-320
-79
491
-520
-68
526
-621
405
119
-293
149
122
-264
72
331
-490
432
-198
107
6
-229
-54
33
-18
-272
442
-352
155
20
-231
98
-36
-177
0
71
-118
201
-320
221
-40
-21
63
18
173
-177
215
-346
-173
194
-288
233
85
-269
343
-264
196
-194
26
197
-284
458
-470
365
168
-458
478
-323
47
258
-96
165
267
159
-210
150
146
-300
94
152
-97
148
-205
-170
-66
-2
-69
-265
270
8
-150
242
-208
113
107
-119
20
219
165
-347
441
-126
-199
249
-196
233
123
-77
-118
50
-141
-29
49
-235
184
-153
-93
27
69
115
-260
216
-36
-363
339
-77
38
169
-8
-190
141
291
-314
353
53
-57
102
-106
-191
0
151
-365
249
-179
143
64
-184
322
-211
222
151
-32
148
-140
-46
-120
76
-85
-210
412
-228
169
-9
-419
402
-80
-131
33
21
-75
-245
102
-146
-163
4
44
-18
-1
78
-73
91
141
-248
-253
80
-72
-178
131
-105
-24
10
-192
-47
59
213
-95
99
178
-68
23
190
-82
-64
272
-133
-271
350
130
-278
344
42
-312
170
-61
-103
159
114
-240
-76
241
-341
-84
224
-151
64
2
-173
163
11
-124
67
226
-32
3
224
0
189
-6
-153
422
27
-88
304
-6
-49
210
-196
16
177
-171
55
-22
-135
-135
-80
-165
60
52
-166
89
-233
-75
-5
-286
226
-57
-213
267
-174
-266
180
-230
-146
282
17
-220
333
-103
-299
170
-181
-152
123
-34
-98
75
-107
-81
-199
178
49
-219
456
25
-163
300
21
-79
159
36
-144
315
107
-252
304
52
-122
178
44
52
288
7
-165
281
41
-9
-14
-19
-67
-42
-43
-5
-35
53
355
-6
135
197
-204
-2
212
-166
62
115
-284
-36
-35
-120
18
181
22
173
120
-115
-7
-62
-323
-305
-77
-213
49
37
-107
-20
4
-121
-178
60
-15
-67
65
-99
-283
-104
-116
-191
101
43
-14
201
238
27
61
154
-161
-42
59
-121
128
102
60
8
36
-97
-134
121
-9
56
57
-83
34
44
-116
1
-44
-16
147
69
72
117
111
53
25
63
146
125
267
192
158
211
103
17
176
182
47
176
154
63
83
41
0
65
-26
-69
-47
-105
-133
-261
-343
-273
-357
-398
-271
-237
-268
-307
-363
-414
-363
-364
-330
-247
-188
-212
-146
-132
1
38
129
241
17
155
0
-112
117
-10
-67
102
123
63
243
169
59
137
39
-42
57
124
-11
40
58
-33
91
74
108
215
110
18
49
176
233
281
385
367
305
380
137
140
409
391
480
598
598
502
271
-103
-310
-404
-291
-289
28
292
3
-111
-637
-868
-887
-837
-409
-178
-17
-244
-519
-569
-646
-372
-82
190
525
363
342
378
48
114
118
49
145
334
477
416
348
85
-232
-431
-414
-340
-202
-118
-291
-426
-515
-662
-642
-381
-252
-150
35
-20
55
243
199
318
339
268
431
488
430
392
342
310
161
193
287
301
495
567
571
658
803
854
908
1040
-145
-1186
-551
-966
-1002
214
52
425
823
-730
-1500
-1102
-1269
-833
254
38
15
293
-534
-666
-804
-937
143
652
1093
1352
905
1042
604
-51
-42
-527
-201
560
455
486
360
-193
-617
-754
-1049
-1229
-623
-636
-587
15
-426
-500
-373
-655
-395
-360
5
278
316
592
492
542
531
373
476
477
608
460
129
62
-277
-232
-209
-308
16
121
214
348
307
640
987
1218
1331
1245
528
-1253
-1271
-632
-964
128
840
716
1355
77
-2051
-1859
-1322
-1413
-293
372
-321
163
-498
-1465
-835
-1076
-400
1115
1354
1742
1594
907
772
112
-405
-363
-23
530
1280
1314
592
177
-1013
-1902
-1585
-1668
-1206
-197
-318
-129
75
-722
-930
-636
-361
245
791
961
920
876
507
377
155
-81
432
641
983
973
315
-114
-714
-847
-689
-778
-311
193
354
518
360
335
601
1046
1103
1112
1079
-649
-1659
-481
-673
-474
728
227
628
763
-1666
-2530
-1053
-1115
-833
697
-106
-118
485
-1067
-756
-37
-629
628
1629
1608
1768
1173
371
103
-287
-746
-360
104
525
1269
794
22
-457
-1838
-1960
-1448
-1577
-833
-512
-487
290
308
-258
-276
-136
256
814
1045
880
1045
1148
811
618
-8
-138
201
237
450
161
-362
-606
-865
-963
-985
-903
-667
-195
508
615
745
1191
1266
1778
1854
1386
1011
-841
-1541
-180
-458
-251
640
176
451
-9
-2727
-3081
-1211
-1484
-930
492
-484
-104
175
-1318
-373
258
-283
1000
2133
2150
2064
1533
645
378
-139
-1077
-549
244
470
988
651
-96
-996
-2217
-2154
-1654
-1479
-1013
-537
23
522
413
-263
-483
15
426
1143
1689
1582
1542
1325
939
220
-489
-483
-114
266
220
-246
-786
-1149
-1487
-1645
-1294
-1125
-847
-142
371
803
961
846
1401
2099
2265
2143
2119
1171
-1005
-920
-127
-766
-19
266
-233
307
-1050
-3836
-3059
-1217
-1874
-964
243
-533
268
-96
-1365
122
412
63
1724
2805
2481
2145
1452
673
677
-299
-1413
-384
218
118
601
51
-726
-1389
-2409
-2194
-1377
-1442
-1275
-190
437
562
522
-46
40
553
691
1411
1909
1615
1461
1333
896
108
-690
-867
-134
85
-398
-539
-953
-1303
-1577
-1914
-1414
-1006
-920
-46
806
980
1203
1425
1649
2479
2653
1916
2273
1685
-916
-1218
-203
-1028
-587
194
-606
123
-424
-3679
-3310
-1050
-1810
-1194
625
19
504
545
-1223
-8
985
110
1634
3260
2746
2278
1589
583
443
-576
-1949
-1039
-86
-353
20
95
-707
-1505
-2481
-2624
-1756
-1194
-910
-142
822
880
541
373
-66
167
906
1354
2109
2069
1382
1156
831
81
-712
-919
-588
-139
-247
-779
-1068
-1573
-1852
-1757
-1460
-819
-636
-105
788
1075
1488
1606
1790
2599
2727
2352
2273
1928
-196
-1750
-781
-883
-1289
-462
-863
-714
-399
-2860
-3952
-1728
-1117
-1608
157
419
55
856
-259
-157
1161
627
1131
2940
3302
2553
1780
892
419
-217
-1658
-1822
-798
-654
-478
-141
-539
-1449
-2572
-2778
-1942
-1280
-941
-385
501
1292
1188
368
247
545
418
1226
2387
2188
1719
1298
511
96
-576
-1497
-1029
-138
-158
-419
-1034
-1699
-1976
-2375
-2064
-1156
-656
12
802
1522
1725
1287
1448
2127
2637
3122
3003
2348
2348
596
-2603
-2112
-937
-2268
-1199
-263
-1113
-267
-1744
-4528
-2640
-636
-1918
-524
1532
853
1628
1215
-271
1243
1330
550
2531
3604
2551
1985
1172
8
-282
-1645
-2738
-1325
-745
-1151
-456
-410
-1187
-1936
-2645
-2091
-1221
-1148
-644
587
1480
1545
1069
878
960
502
706
1654
1751
1560
1182
584
413
-270
-1533
-1564
-795
-658
-702
-1036
-1482
-1487
-2002
-2149
-1256
-907
-394
660
1237
1743
1727
1214
1676
2665
2817
2578
2546
2363
1715
-578
-2906
-1969
-1138
-1751
-640
-288
-720
-502
-2652
-4132
-1845
-1040
-1743
567
1826
1322
2004
921
36
1307
1001
904
2904
3323
2198
1594
467
-601
-1117
-2484
-2824
-1383
-961
-1028
-378
-523
-1483
-2236
-2654
-2119
-1112
-746
31
1398
1958
1713
976
627
952
701
616
1502
2026
1391
510
467
138
-875
-1234
-1266
-1021
-659
-814
-1163
-1130
-1189
-1787
-1620
-845
-449
115
679
1274
1799
1618
1628
2259
2824
3107
2887
2547
2254
1606
-283
-3127
-2712
-862
-1744
-1336
-445
-1360
-1097
-1760
-4275
-3129
-442
-1287
-279
2412
1668
1700
1763
83
1096
1712
677
2296
3715
2418
1540
710
-811
-1023
-1870
-3232
-1827
-706
-1373
-912
-541
-1279
-1892
-2455
-2017
-533
152
23
573
1699
1579
633
356
551
676
905
1628
1968
1488
729
-38
-267
-551
-1195
-1469
-1057
-567
-952
-1553
-1719
-1925
-2014
-1684
-674
410
812
1199
1242
1056
1230
1237
1466
2442
3340
3173
2658
2484
1960
613
-2186
-3566
-1668
-1213
-1584
-338
-545
-887
-1045
-3724
-4393
-1303
-716
-809
1990
2562
1858
2077
417
114
1530
676
764
2946
3108
1881
1006
-407
-1077
-1456
-3024
-2810
-1247
-1275
-1094
-261
-345
-941
-2029
-2611
-1510
-377
-304
-40
1378
2251
1701
1237
1066
859
417
566
1585
1498
846
349
-278
-384
-866
-1923
-2165
-1323
-888
-1149
-1243
-1342
-1273
-1313
-1187
-168
256
450
1253
1674
2014
2153
1807
2065
3084
3267
2527
2020
1945
960
-2142
-3604
-1800
-1441
-1747
-719
-971
-914
-994
-4034
-4327
-702
-506
-855
1950
2279
1794
2116
169
198
1865
893
1238
3236
2881
1734
777
-570
-700
-938
-2761
-2576
-770
-1104
-1260
-552
-923
-1135
-1637
-2103
-935
357
407
414
1582
2243
1553
1012
879
969
549
276
1268
1263
438
227
-275
-559
-709
-1624
-2292
-1672
-1238
-1767
-1689
-1546
-1493
-1196
-1089
-2
839
907
1571
1670
1803
2180
1824
1756
2309
2992
2691
1874
1703
724
-2037
-3499
-2140
-1412
-1321
-128
-426
-1098
-1068
-3714
-4482
-1013
-320
-382
1943
2166
1625
1838
-20
-634
1232
1145
1749
4115
3846
2349
707
-1461
-1931
-2016
-3103
-3107
-1759
-1496
-1449
-590
-461
-338
-337
-576
440
1447
881
-522
-1337
-614
354
523
770
984
863
1224
2030
2244
1784
1430
944
103
-754
-2272
-3259
-3466
-3429
-2184
-1109
-325
638
490
51
383
854
999
1166
1307
1484
1629
955
327
982
1643
1565
1438
1500
1396
-34
-1398
-1284
-1908
-1750
-284
-495
-636
-635
-3169
-4125
-1395
-1119
-1671
903
2252
2321
2480
688
-43
1297
1186
1420
2759
2558
1248
-127
-1401
-1469
-1354
-2533
-2120
-156
198
270
342
-512
-734
-1356
-2470
-1771
-850
-608
15
646
1093
1590
1679
1372
1499
1509
1420
1915
1413
204
-323
-1273
-1711
-1137
-1552
-1780
-1047
-581
-408
-257
-144
-384
-543
-700
-864
-297
138
159
495
900
1506
1946
2161
2495
2371
2175
1834
1076
-497
-2263
-2194
-1607
-1463
-804
-615
-779
-572
-1624
-2927
-1509
-148
-713
104
1087
827
1113
496
-108
972
1043
814
1854
2617
2595
1718
58
-567
-378
-1634
-2537
-1554
-1290
-1021
-81
-509
-960
-1211
-1934
-1576
-577
-102
408
1058
1139
1131
951
403
340
439
529
1062
1352
850
349
160
-246
-699
-635
-526
-779
-910
-1024
-1399
-1714
-1615
-1509
-917
31
186
499
931
947
1422
1667
1720
2463
2907
2359
1899
1622
856
-379
-1808
-1921
-888
-838
-919
-298
-205
-82
-720
-2548
-2483
-1352
-1512
-868
663
1185
1433
815
-160
367
833
613
1355
1945
1789
1974
1320
309
124
-945
-2340
-1786
-1102
-870
278
548
-454
-1104
-1847
-2041
-1095
-1086
-1307
-141
1095
1674
1662
896
225
355
1069
1722
1517
630
310
519
224
-141
-500
-1202
-1587
-1693
-1933
-1420
-406
-75
-466
-699
-471
-806
-1081
-99
880
1217
1795
1970
2285
2998
2553
2188
2593
2076
120
-2006
-2264
-1366
-1222
-831
-60
437
266
-1695
-3571
-2595
-1245
-1937
-1398
-56
183
647
259
-185
835
991
676
1996
3263
3178
2730
1625
667
590
-1123
-2789
-1809
-989
-795
228
486
-168
-830
-2009
-2549
-1771
-1559
-1772
-1108
72
978
1263
1012
825
1071
1551
1480
1160
1212
1229
1135
1103
287
-1010
-1310
-1378
-1751
-1902
-1965
-1770
-1224
-584
-146
-94
-319
-505
-438
174
1264
1751
1689
1906
2394
2581
2068
1646
1013
-647
-1223
-265
-24
42
647
536
122
-748
-3478
-4538
-2718
-2098
-1782
-597
93
1323
1428
-260
-230
301
96
1436
2660
2510
2613
1706
234
806
536
-1202
-790
-190
-138
907
777
-292
-581
-1734
-2962
-2423
-2318
-2507
-1576
-933
-115
1204
1187
563
776
790
675
1110
1069
947
1383
1475
1115
808
430
-316
-1208
-1775
-1828
-1608
-1177
-498
-262
-529
-706
-726
-430
364
888
976
1266
1630
1887
2226
2334
1806
178
-1587
-1528
-714
-578
151
997
957
1107
4
-2163
-2182
-1336
-1804
-1469
-358
-426
-347
-521
-941
356
1051
517
1024
1601
1585
1913
1508
993
1591
805
-733
-866
-1051
-1111
-241
178
221
457
-211
-1085
-1228
-1706
-2451
-2353
-1431
-357
313
210
27
165
537
819
743
795
975
1365
1565
1325
945
361
-286
-831
-965
-1058
-1259
-1257
-1187
-869
-197
-101
-268
177
493
546
608
703
1042
1503
1792
1524
1099
456
-1199
-2063
-1410
-975
-492
498
1302
1602
996
-823
-1703
-937
-881
-1104
-579
-63
422
219
-535
75
920
523
274
409
371
719
852
321
307
380
-172
-260
-145
-410
7
542
583
645
172
-380
-329
-516
-1086
-1351
-1495
-1262
-558
-93
236
394
481
701
363
-304
-328
-80
170
617
719
703
634
270
-319
-661
-575
-586
-525
-225
128
167
-189
-397
-231
188
576
671
682
936
996
880
1036
998
538
-381
-1307
-1288
-950
-995
-335
725
1180
1071
183
-612
-417
-408
-831
-646
-19
604
789
119
-165
266
-48
-327
-108
-156
-23
12
-404
-150
498
364
30
-189
-391
-13
377
144
130
98
-236
-188
-239
-607
-259
245
235
265
-49
-494
-490
-381
-205
-61
-192
-496
-719
-710
-484
-163
582
1236
1154
796
143
-533
-811
-1012
-1237
-953
-102
393
498
927
1245
1180
822
296
41
311
699
693
609
532
193
-614
-1510
-1328
-536
-284
221
857
967
1050
549
-380
-471
-245
-557
-653
-284
61
356
285
140
530
539
-22
-126
-239
-428
-407
-680
-648
-75
77
-82
-2
120
266
431
322
342
636
452
120
-15
-315
-275
-126
-374
-405
-342
-518
-618
-445
-43
391
238
-545
-1025
-1095
-1057
-816
-456
98
509
574
354
-164
-358
-273
-264
17
561
1053
1136
769
515
421
355
264
92
147
267
335
416
441
529
101
-802
-1063
-682
-560
-698
-247
524
1077
1038
352
81
289
122
-253
-302
-1
354
290
43
261
431
-24
-516
-604
-781
-890
-905
-784
-122
244
-63
-229
-41
229
503
377
116
376
697
669
660
473
218
233
26
-287
-400
-512
-483
-372
-272
-142
-278
-777
-1282
-1347
-1064
-584
103
640
971
1021
651
66
-544
-793
-842
-567
230
861
1088
981
833
733
458
373
254
161
354
322
75
67
254
236
-360
-1047
-1046
-728
-582
-326
388
1012
1172
790
84
62
271
-213
-492
-294
141
595
351
49
300
220
-329
-673
-868
-1147
-1103
-995
-764
-22
128
-71
170
318
393
471
507
649
815
817
585
344
83
-223
-273
-282
-423
-230
-97
-260
-290
-118
-18
-134
-414
-914
-1102
-967
-902
-540
-96
171
415
226
-218
-345
-193
145
559
935
1062
957
727
350
181
-101
-350
-247
-301
-199
-60
19
399
737
802
158
-855
-1122
-935
-854
-360
569
1127
1321
1068
224
-6
262
110
105
357
562
647
154
-380
-346
-531
-976
-1119
-1160
-1255
-1115
-888
-531
342
817
519
323
201
204
324
240
422
767
869
887
686
290
153
203
28
-202
-117
-106
-339
-526
-590
-620
-696
-887
-1230
-1331
-1066
-836
-445
106
447
763
857
573
312
205
122
310
755
844
703
635
446
270
65
-318
-417
-236
-147
-121
161
605
829
669
-239
-1212
-1183
-860
-661
116
1083
1639
1849
1193
138
-34
53
-313
-371
-246
-169
47
-232
-485
-69
-110
-590
-709
-933
-1104
-756
-567
-419
225
424
192
293
255
138
283
575
1080
1447
1209
888
592
93
-132
-324
-640
-625
-442
-484
-642
-612
-578
-566
-446
-666
-1083
-1096
-848
-586
-314
39
544
940
777
197
20
151
205
489
663
691
864
745
390
147
-84
-598
-916
-637
-309
128
699
972
1013
571
-508
-1138
-802
-436
-306
335
1224
1736
1656
489
-524
-208
-11
-296
-249
-115
108
210
-391
-921
-744
-796
-979
-786
-878
-714
-165
-143
23
390
330
282
306
253
333
607
809
972
1074
808
701
537
9
-56
-112
-450
-349
-352
-722
-833
-731
-614
-469
-521
-874
-998
-792
-589
-363
-187
208
696
656
361
222
162
166
275
528
762
730
437
83
-136
-326
-647
-889
-568
41
477
806
1076
1244
887
-231
-1063
-843
-425
-251
230
864
1350
1477
558
-289
-64
-93
-477
-516
-495
-421
-513
-1045
-1186
-679
-473
-485
-239
-227
-285
-87
-71
174
571
464
310
260
77
278
790
912
1055
1155
824
553
216
-293
-423
-409
-623
-680
-619
-686
-611
-356
-190
-119
-274
-774
-1106
-1065
-801
-289
347
908
1193
1024
569
177
87
196
331
518
577
498
298
-13
-82
-127
-469
-629
-291
225
729
1139
1186
961
193
-1028
-1367
-942
-621
40
879
1333
1387
638
-499
-636
-348
-552
-446
-295
-350
-316
-689
-977
-536
-281
-357
-149
-192
-384
-275
-218
160
665
390
131
350
211
278
673
490
282
296
86
52
107
-219
-373
-184
-217
-419
-484
-504
-400
-202
-184
-206
-362
-862
-1187
-942
-374
106
510
1096
1327
1060
643
49
-378
-357
-288
-145
109
199
157
162
341
432
349
229
418
804
1095
1286
1185
673
-452
-1310
-1066
-676
-349
453
1208
1417
1103
-43
-1021
-834
-753
-908
-653
-431
-302
-572
-1185
-1084
-525
-378
-167
278
339
267
249
96
258
511
397
399
380
184
267
475
476
528
524
161
-138
-518
-900
-844
-717
-672
-673
-655
-483
-309
-203
-17
11
-411
-783
-558
-66
407
871
1213
1240
951
344
-508
-1092
-1016
-509
-40
456
565
211
43
26
239
458
631
988
1339
1609
1619
1386
508
-931
-1427
-1008
-649
-112
832
1370
1383
665
-1210
-2118
-1428
-1176
-1024
-410
-346
-362
-473
-1028
-729
118
208
574
1045
586
365
418
214
495
772
324
154
309
-34
148
772
769
641
236
-552
-909
-1160
-1650
-1629
-1072
-726
-565
-313
-127
137
412
296
-64
-391
-575
-301
342
881
1211
1244
759
131
-372
-934
-1063
-550
-84
201
546
479
2
-216
-26
273
839
1443
1664
1953
2145
1773
418
-1350
-1697
-924
-663
-247
910
1566
1351
266
-1961
-2835
-1989
-1885
-1353
-176
251
387
-17
-996
-798
44
95
672
1455
1065
948
1159
892
1108
930
-154
-362
-168
-470
29
855
910
570
-264
-1237
-1665
-2140
-2470
-1792
-929
-442
48
136
-125
68
348
263
124
-60
9
660
1348
1435
1240
947
299
-380
-995
-1304
-912
-197
278
387
418
155
-432
-645
-163
705
1534
2078
2474
2708
2396
854
-1636
-2402
-1299
-909
-577
548
1215
1264
173
-2329
-3216
-2103
-1842
-1611
-172
511
594
236
-1142
-1085
-124
-112
356
1389
1627
1614
1700
1258
1242
1080
-256
-779
-368
-304
243
904
875
503
-317
-1228
-1737
-2183
-2498
-1901
-1007
-267
286
148
-127
-161
-93
-175
-438
-303
368
1402
2129
2156
1419
329
-430
-1049
-1095
-692
-349
281
497
43
-207
-490
-910
-549
418
1337
2234
2672
2660
2870
1888
-1216
-3020
-2150
-1360
-805
556
1417
1754
1103
-2201
-4283
-2725
-1703
-1371
276
1242
1192
685
-992
-1674
-715
-519
229
1797
1866
1639
1681
955
811
671
-745
-1519
-872
-491
-43
1394
1840
861
-133
-1267
-1962
-2213
-2226
-1089
-105
126
590
665
-118
-677
-468
-380
-161
181
160
876
1968
2160
1349
103
-762
-1225
-1259
-778
-203
450
774
517
-111
-914
-1552
-1220
161
1713
2844
3288
3131
2834
1894
-1064
-3622
-2934
-1317
-557
652
1711
1671
988
-1789
-4587
-3356
-1468
-1148
408
1803
1433
943
-450
-1927
-1071
-272
226
1759
2481
2068
1876
1386
686
222
-1271
-2273
-962
148
779
2104
1940
430
-809
-1973
-2404
-1970
-1431
-735
268
905
941
485
-692
-1292
-1153
-1044
-164
584
615
1314
2163
1726
425
-708
-1538
-1614
-862
42
752
1116
813
-344
-1217
-1343
-1250
-444
917
2416
3515
3569
2937
2367
1478
-1519
-4337
-3299
-1005
-348
575
1632
1503
710
-2158
-5454
-4118
-1308
-683
1131
2662
1611
529
-984
-2594
-1526
-129
543
2436
3494
2426
1546
711
-450
-908
-1995
-2578
-794
612
1264
2637
2545
720
-855
-2333
-2854
-2139
-1328
-297
771
1154
844
-3
-1015
-1281
-1008
-564
450
1137
1086
1468
1914
1381
95
-1171
-1764
-1446
-548
339
790
772
252
-754
-1440
-1368
-1016
-187
1374
2876
3639
3570
2736
1950
1065
-2212
-4486
-2697
-895
-187
1195
1785
1027
145
-3200
-5904
-3331
-824
-105
2061
2860
1461
94
-2068
-3246
-1384
-38
1027
3495
3952
2350
1243
-97
-1186
-1506
-2821
-2774
-16
1715
2206
3055
2247
-164
-1899
-2816
-2384
-1187
-480
478
1221
842
14
-929
-1910
-1989
-1067
-66
1378
2366
1969
1707
1540
574
-896
-1903
-1622
-666
265
750
716
176
-772
-1550
-1601
-860
-42
1229
2635
3355
3736
2963
1595
1477
636
-3002
-4355
-1705
-268
235
1356
1370
678
-718
-4876
-6079
-1994
55
460
2160
2385
1079
-541
-2797
-2939
-703
206
1771
4303
3964
2333
1051
-677
-1508
-1989
-3186
-2024
1148
2373
2727
2906
1063
-1305
-2704
-3028
-1727
-270
275
958
1381
628
-608
-1877
-2751
-2175
-867
570
1952
2014
1305
1132
840
-53
-1156
-1502
-552
650
1390
1276
425
-601
-1628
-2205
-1625
-298
607
1522
2651
3000
2860
2352
1554
1540
131
-3493
-3673
-519
502
573
1653
1183
-103
-1981
-5815
-5262
-688
545
785
2419
1692
-265
-1537
-3106
-2093
380
989
2657
4703
3440
1342
-24
-1588
-2039
-2128
-2443
-364
2444
2979
3085
2528
-46
-2305
-3179
-2712
-931
306
675
1149
864
-258
-1299
-2275
-2516
-1468
42
1639
2427
1714
853
341
-202
-912
-1401
-1001
297
1473
1807
1227
34
-1040
-1787
-1880
-676
575
1079
1676
2313
2315
2097
1750
1210
1057
-1465
-3886
-1866
451
271
726
1451
302
-790
-3542
-5974
-2760
622
485
1469
2408
581
-1090
-2198
-2829
-811
853
1476
3597
4280
2199
328
-830
-1833
-1904
-2210
-1769
1049
2682
2532
2556
1265
-1257
-2653
-2340
-1272
180
766
372
180
-246
-1135
-1941
-2250
-1885
-459
1216
2137
1969
1034
107
-206
-454
-1299
-1509
-362
906
1476
1342
386
-555
-1049
-1219
-672
476
1371
1847
2420
2426
1937
1680
1195
663
-1537
-3694
-1995
817
885
634
1267
475
-776
-3312
-5549
-2890
492
690
1320
2037
513
-1113
-2238
-2943
-1220
476
1141
3455
4483
2470
503
-836
-1925
-2009
-2060
-1345
1617
3191
2559
2335
1238
-1250
-2825
-2690
-1377
316
950
603
395
-375
-1486
-2042
-2404
-2045
-98
1460
2002
2310
1276
-184
-346
-148
-744
-673
401
1232
1293
689
-240
-929
-1195
-1013
-42
990
1620
2099
2236
2004
1720
1302
875
389
-2083
-3777
-1622
606
635
915
1081
139
-619
-3488
-5445
-2108
682
657
1648
1775
147
-1083
-2607
-3102
-1019
462
1477
3817
4187
2128
426
-948
-1767
-1876
-2338
-1138
1866
2880
2236
1697
551
-1389
-2818
-2349
-875
206
558
255
-76
-630
-1568
-2257
-2238
-1223
224
1601
2430
2141
1107
88
-370
-533
-929
-717
611
1814
1689
499
-457
-915
-1234
-816
39
732
1461
2297
2582
2154
1621
1038
632
-965
-3471
-2766
-84
689
1031
1558
741
-339
-2180
-5384
-4079
-65
510
795
1921
1234
-203
-1399
-2678
-2190
-170
776
2261
4012
2732
673
-452
-1674
-2152
-2255
-1897
678
3274
3472
2686
1580
-316
-2046
-2404
-1558
-381
-18
-232
-12
-168
-1211
-2174
-2434
-1806
-48
1700
2305
2249
1581
397
-293
-678
-1073
-783
441
1636
1853
1229
123
-794
-1164
-1018
-158
644
1227
1975
2499
2571
2059
1059
410
-6
-2461
-3865
-1478
346
382
993
992
-129
-1131
-3861
-5105
-1427
1138
834
1666
1876
358
-1032
-2410
-3060
-1491
229
1507
3657
4094
1711
-184
-1036
-1687
-1993
-2065
-522
1955
3097
2955
1828
105
-1650
-2792
-2294
-575
334
-216
-110
390
-322
-1500
-2526
-2973
-2005
283
2058
2272
1803
965
276
-182
-924
-1456
-789
965
2019
1943
1157
-12
-723
-1342
-1395
-329
783
1510
2312
3091
3117
2294
1244
-198
-2874
-3904
-1800
31
373
933
1222
398
-898
-3876
-5321
-1957
880
1217
2066
2128
855
-606
-2444
-3524
-2247
-559
1059
3711
4506
2484
561
-667
-1558
-2345
-2719
-966
1931
3303
3030
2124
618
-1417
-2979
-2686
-956
335
434
-68
58
231
-862
-2244
-2679
-1903
-48
2084
2657
1653
1009
533
-19
-615
-1616
-1365
250
1779
2094
1087
135
-367
-405
-406
-217
446
1097
1922
2411
2420
2110
1283
250
-2276
-3934
-1976
75
368
1056
1672
990
-367
-3315
-5260
-2617
15
458
1577
2057
1187
-176
-1770
-2882
-2368
-1283
275
3142
4540
2915
998
52
-541
-1595
-2665
-1625
931
2688
3006
2393
1071
-726
-2360
-2643
-1362
-434
-371
-152
272
402
-357
-1639
-2488
-2100
-783
818
1951
1473
520
507
508
-276
-1289
-1377
-88
1260
1628
1108
448
239
-85
-338
-126
299
701
1134
1987
2386
1734
1210
758
-1416
-3340
-2421
-550
443
798
972
1173
465
-2198
-4403
-2995
-489
615
813
1022
1298
81
-1834
-2518
-2298
-1626
-16
1919
3124
2908
1366
98
-124
-880
-2044
-1538
495
1953
2513
2225
1193
-220
-1740
-2165
-1355
-540
-283
-263
84
276
-429
-1304
-1848
-1700
-646
555
1455
1395
597
317
641
346
-681
-919
-46
924
1215
792
319
278
27
-247
1
435
587
717
1417
1988
1593
941
885
-236
-2421
-2759
-1187
104
302
272
799
592
-1282
-3458
-3247
-992
724
858
869
1669
1081
-1053
-2013
-1828
-1528
-542
1121
2509
2530
1337
294
172
-352
-1651
-1803
-26
1746
2143
1842
1158
29
-1383
-2237
-1544
-388
-87
-384
-350
42
-312
-1213
-1745
-1672
-839
240
1076
1452
929
257
404
570
-89
-807
-257
980
1425
1087
593
303
86
-181
-277
-2
469
719
1182
1767
1556
784
495
405
-994
-2456
-1847
-95
677
346
466
590
-494
-2341
-3083
-1810
206
805
445
980
1281
-451
-2005
-1982
-1477
-713
439
1755
2403
1940
748
19
-80
-922
-1863
-746
1196
1994
1911
1555
900
-435
-1831
-2018
-1018
-180
-267
-343
70
36
-696
-1332
-1482
-1172
-298
547
1126
1244
745
529
682
403
-517
-701
561
1598
1601
1211
956
583
-105
-695
-791
-526
-240
332
995
1146
621
34
94
-15
-1060
-2055
-1507
84
671
407
496
254
-691
-1564
-1716
-976
140
506
446
943
824
-655
-1684
-1378
-780
-262
459
1002
1309
1386
640
-111
-275
-701
-1132
-435
613
774
734
914
388
-563
-1045
-1158
-732
26
47
-71
363
270
-241
-272
-330
-496
68
623
568
533
373
25
151
227
-479
-706
66
539
649
888
800
171
-257
-279
-356
-203
80
83
109
114
-117
-276
-25
163
93
343
512
408
375
280
196
337
478
360
371
488
193
104
478
383
-96
-464
-743
-884
-715
-547
-640
-503
-366
-674
-815
-705
-844
-811
-344
-154
-254
-242
-290
-479
-645
-660
-464
-52
392
576
674
979
1073
694
460
501
441
583
1068
1160
778
578
368
-4
-302
-475
-537
-364
-97
-119
-189
-14
-88
-600
-860
-690
-614
-410
0
161
187
125
-145
-319
-331
-284
-52
167
259
532
695
508
617
771
448
313
385
98
94
717
773
254
160
-128
-760
-623
-298
-589
-561
-225
-465
-646
-511
-943
-1253
-713
-506
-571
-244
-132
-216
-220
-414
-696
-526
-106
169
596
848
725
727
707
542
514
630
789
959
912
384
28
141
-28
-400
-366
-237
-304
-168
60
39
8
-84
-363
-506
-485
-424
-224
42
208
251
219
178
159
104
85
260
384
342
482
576
534
703
782
477
272
332
135
113
352
49
-453
-569
-723
-937
-672
-443
-620
-534
-324
-553
-672
-507
-591
-611
-285
-196
-334
-200
-94
-263
-241
-159
-214
-34
274
470
767
876
681
645
591
363
311
505
647
720
623
200
-43
-109
-410
-693
-606
-401
-350
-284
-199
-264
-415
-381
-332
-450
-420
-122
164
256
253
236
141
-3
-59
121
390
540
641
585
482
544
451
274
420
513
310
339
414
104
15
79
-336
-615
-430
-538
-667
-297
-211
-501
-498
-611
-900
-782
-490
-440
-282
30
-29
-201
-304
-540
-589
-377
-158
50
338
592
643
671
554
288
289
320
278
472
750
736
448
191
-107
-287
-341
-493
-404
-84
54
96
120
-23
-271
-429
-565
-663
-450
-129
100
295
274
72
-29
-62
-66
220
578
694
755
602
247
217
279
176
326
511
315
278
433
153
-131
-57
-301
-581
-405
-468
-633
-367
-203
-357
-399
-504
-758
-606
-273
-209
-41
116
-85
-242
-248
-325
-311
-123
31
238
522
483
365
519
417
111
113
203
217
400
565
416
303
190
-206
-418
-354
-400
-303
44
223
192
196
67
-254
-414
-489
-529
-363
-81
184
360
300
75
-42
-143
-175
128
492
670
781
602
171
152
285
138
188
418
348
230
346
129
-223
-131
-217
-455
-323
-276
-460
-353
-100
-209
-339
-389
-666
-620
-222
-130
-119
-20
-176
-399
-412
-501
-492
-138
107
255
474
411
277
403
403
189
128
200
195
323
444
317
202
114
-185
-458
-441
-317
-165
112
281
187
80
-40
-238
-440
-465
-338
-209
-47
121
240
196
93
54
-22
-71
160
473
502
518
581
343
140
249
211
145
418
536
322
313
240
-229
-395
-271
-431
-540
-432
-471
-444
-160
-53
-240
-319
-429
-575
-355
-133
-222
-243
-215
-390
-482
-444
-436
-184
153
234
291
336
159
133
412
352
99
80
47
70
289
382
293
268
177
-153
-322
-248
-141
71
258
270
147
5
-137
-251
-260
-284
-259
-107
36
140
205
139
-1
-60
-101
-54
183
447
526
566
559
252
68
151
35
63
350
349
163
123
-31
-334
-207
-65
-278
-264
-127
-211
-207
-60
-148
-375
-401
-412
-434
-243
-164
-224
-138
-175
-354
-387
-318
-158
75
185
161
208
214
186
322
358
224
192
187
141
139
183
147
171
177
-44
-216
-203
-108
35
206
249
138
22
-59
-185
-263
-193
-116
-144
-63
46
5
-15
-94
-205
-231
-98
-23
109
467
572
540
436
149
-67
-82
-10
76
328
349
130
109
-47
-290
-246
-173
-237
-63
184
81
-24
-16
-162
-308
-265
-332
-405
-156
-30
-97
-85
-232
-423
-379
-329
-238
34
153
126
248
308
222
265
267
143
173
166
73
150
178
68
90
131
-33
-145
-23
74
163
252
63
-60
49
-76
-286
-221
-82
-98
-104
-12
0
10
-28
-99
-141
-163
-109
21
288
523
519
455
383
196
-21
-54
51
183
274
208
83
-7
-147
-319
-245
-33
55
113
186
152
-5
-174
-296
-332
-274
-339
-360
-212
-235
-351
-341
-318
-404
-345
-145
-28
150
257
205
234
269
235
165
215
266
123
76
94
140
178
60
111
148
22
49
126
102
79
73
-49
-78
-66
-222
-308
-177
-52
-145
-221
-101
-63
-146
-156
-160
-158
-63
72
168
293
369
273
155
181
204
115
163
252
234
258
222
95
21
-38
-56
-10
38
6
-82
-86
-91
-117
-151
-231
-297
-333
-351
-365
-346
-334
-386
-374
-307
-276
-240
-223
-150
14
151
237
292
307
264
207
183
156
106
61
78
132
105
38
75
127
97
87
113
92
96
73
-54
-107
-100
-193
-296
-267
-256
-255
-195
-186
-130
-62
-50
-70
-32
90
144
241
279
222
229
206
226
250
184
181
196
253
323
252
185
141
200
108
-47
-9
-85
-86
-67
-103
-117
-189
-233
-291
-244
-189
-318
-332
-309
-348
-328
-308
-270
-232
-125
-20
13
82
115
165
240
250
246
181
163
214
211
140
54
92
151
191
162
-65
-228
-191
-137
-127
-144
-51
-16
21
85
22
-4
-37
-88
-160
-177
-159
-301
-366
-303
-211
6
111
242
517
541
472
457
365
206
68
-77
-283
-222
-181
-129
213
507
627
620
618
526
338
105
-254
-527
-574
-618
-688
-618
-386
-178
-149
-122
16
145
230
207
163
79
-108
-376
-699
-754
-555
-244
129
362
546
549
411
321
64
-61
58
117
103
104
88
49
-22
-56
-23
-38
-35
-5
-79
-118
-46
-141
-283
-145
-35
-70
-10
72
71
76
143
91
26
-18
-237
-332
-237
-130
59
251
402
467
352
177
52
46
46
56
151
162
113
-5
-43
-100
-119
115
222
283
324
110
-132
-316
-452
-571
-529
-414
-338
-59
63
24
73
-41
-194
-181
-165
-151
-40
61
-6
-48
-12
0
29
-9
20
124
253
253
136
99
109
89
57
-11
17
72
-16
-58
-37
26
25
33
-9
-141
-127
-116
-97
-24
35
59
34
55
0
-63
-51
-172
-206
-40
103
229
269
255
319
348
259
158
126
69
58
136
64
48
116
5
-72
30
96
87
94
125
70
-35
-75
-195
-389
-498
-558
-506
-338
-146
-31
66
152
49
-134
-241
-249
-227
-155
31
203
268
187
-8
-86
-91
-23
82
97
159
167
-12
-151
-122
-37
9
79
139
182
240
146
-3
-104
-137
-100
-148
-187
-191
-240
-179
-60
32
104
204
301
266
173
108
111
104
17
30
135
204
178
89
92
209
307
283
306
372
273
136
-45
-202
-122
-11
-82
-146
-93
-107
-186
-177
-181
-248
-262
-269
-266
-212
-165
-194
-196
-101
-68
-71
-51
-52
-29
30
120
176
142
24
-27
18
0
30
114
88
29
79
58
-61
-58
-39
-54
5
30
8
5
-4
-49
-120
-118
-105
-110
-28
-11
-61
-86
-111
-17
122
187
223
223
223
154
17
-54
2
74
119
264
391
392
300
237
242
225
221
154
66
13
-73
-190
-261
-236
-213
-186
-82
27
63
-20
-48
-79
-255
-359
-389
-393
-344
-296
-232
-67
100
122
107
135
112
36
-6
55
108
61
-7
-57
-54
-63
-86
-13
86
189
208
144
78
-20
-156
-274
-253
-150
-150
-154
-89
-58
-67
-85
-83
-108
-111
-126
-108
-24
26
64
81
110
101
-5
-16
34
127
252
257
290
262
124
130
131
130
222
255
316
401
396
245
55
-44
-132
-207
-219
-249
-260
-193
-167
-241
-237
-143
-71
-74
-68
-144
-249
-194
-172
-78
69
48
-71
-194
-128
-81
-19
166
220
350
327
125
-9
-165
-155
-66
-13
109
136
53
9
33
34
5
44
45
-35
-53
-96
-220
-256
-240
-205
-97
9
81
129
157
137
42
5
42
34
42
66
114
80
-24
17
35
85
186
243
342
358
387
319
109
-2
-139
-112
52
187
261
151
66
-82
-286
-370
-377
-233
-84
-13
18
-54
-145
-243
-243
-156
-71
60
70
19
-33
-192
-297
-308
-209
-69
34
128
96
116
196
214
223
206
186
91
-26
-130
-266
-234
-131
-31
67
94
81
-67
-190
-179
-148
-77
20
66
31
-80
-145
-163
-174
-82
78
157
208
237
162
71
73
93
69
73
84
85
118
208
287
290
319
260
88
-28
-125
-164
-104
-10
37
22
-13
-91
-150
-123
-115
-101
-58
-48
-28
-46
-101
-195
-265
-256
-234
-159
-66
66
142
82
42
-34
-160
-189
-107
24
105
158
166
137
115
60
47
52
31
0
-37
-52
-63
-70
-93
-85
-49
-29
0
22
75
82
67
73
26
0
-31
-69
-62
-51
4
56
110
188
193
189
164
86
27
-50
-59
-17
22
113
167
179
144
84
58
-22
-70
-84
-95
-23
-8
-56
-108
-158
-173
-211
-170
-80
-10
68
21
-70
-140
-226
-266
-272
-192
-44
44
79
51
9
-6
-36
-10
10
19
56
34
19
27
59
114
145
213
248
218
139
1
-90
-111
-70
-38
-46
-5
-2
-43
-56
-55
-15
46
115
138
100
17
-82
-158
-204
-149
-26
75
165
165
88
21
-17
4
57
108
123
90
33
-23
-52
-44
-3
59
140
177
105
33
-19
-71
-47
-19
-37
-42
-62
-108
-119
-105
-59
-3
55
111
86
23
-78
-168
-188
-191
-129
-77
-55
-14
-24
-23
-21
-33
-3
3
23
50
40
31
-27
-90
-111
-112
-63
-36
-11
38
38
41
45
21
8
-25
-38
-45
-31
30
51
81
103
70
47
29
26
55
73
96
98
79
55
14
-1
-2
35
113
146
161
148
87
27
-39
-59
-63
-71
-39
-18
-5
1
-13
-6
14
30
20
-5
-11
-23
-49
-65
-77
-90
-83
-60
-36
-26
-16
-11
-19
-8
-2
-23
-35
-34
-25
-21
-9
23
28
2
-18
-29
-24
-27
-25
-7
4
33
47
31
43
50
41
12
-23
-23
-24
-27
-35
-55
-46
-26
-13
-1
5
20
31
27
20
2
1
9
-5
-35
-51
-50
-38
-33
-21
5
31
52
50
41
39
16
-5
-18
-15
3
31
70
63
83
101
72
61
39
6
-1
11
14
21
40
51
44
13
-11
-39
-54
-22
-2
24
35
13
-14
-65
-92
-97
-107
-80
-24
17
29
20
2
-29
-79
-90
-95
-73
-15
10
22
6
-17
-42
-80
-75
-47
-6
43
54
61
58
19
-8
-44
-55
-27
-6
33
44
61
52
7
-4
-33
-39
-10
20
64
68
62
49
-10
-31
-37
-36
3
25
42
47
29
15
-20
-44
-31
-14
15
47
57
61
46
13
-17
-36
-32
-13
2
29
45
44
30
3
-26
-49
-42
-11
10
33
51
47
25
-16
-35
-53
-63
-31
-8
10
30
24
9
-40
-78
-79
-80
-25
18
50
77
45
23
-20
-44
-36
-45
-22
8
38
52
33
33
0
-41
-34
-34
-14
13
28
38
22
7
-18
-37
-40
-28
-4
13
31
38
35
15
-17
-46
-50
-33
-7
22
44
62
58
37
15
0
-2
4
19
31
35
42
26
3
-10
-7
-3
5
25
33
25
7
-1
-20
-29
-18
-12
-1
-6
-13
-21
-24
-17
-35
-43
-37
-29
-14
-5
4
0
-8
-16
-23
-10
4
4
0
-11
-9
0
-9
-3
1
8
25
25
25
29
23
10
-5
-6
-7
-3
9
3
-2
-1
4
3
-6
-11
-16
-18
-16
-24
-24
-17
-15
-14
-7
9
20
13
10
5
1
-2
-14
-8
5
14
16
10
8
16
18
17
14
7
5
1
2
3
-5
2
8
8
11
10
11
9
-2
-11
-13
-12
-15
-16
-11
-9
-3
-1
-5
-10
-10
-4
-1
-3
-10
-17
-23
-17
-9
9
16
10
12
4
-7
-1
1
-5
-5
3
1
-6
-2
-2
6
17
19
17
8
7
5
-1
-4
-16
-8
4
11
24
23
16
9
4
-3
-14
-16
-12
-3
-1
1
4
0
-2
-2
-3
-6
-4
-3
-17
-21
-13
-10
-15
-7
-3
-1
10
19
19
15
10
10
5
0
5
0
1
5
-3
-4
-1
-13
-8
1
0
10
11
11
14
7
2
5
11
16
17
18
10
6
2
-1
1
-7
-16
-18
-9
-11
-21
-19
-10
4
8
-4
-9
-10
-9
-6
-2
2
3
9
7
-3
0
3
5
7
11
8
-7
-12
-12
-13
-8
-6
-2
4
6
12
9
6
7
-3
-7
-5
2
6
0
-1
2
1
-6
-14
-8
8
16
17
13
14
8
-5
-18
-21
-14
-15
-12
-8
-4
7
9
8
13
3
-4
-12
-17
-5
-5
-7
-7
-4
-9
-18
-11
-4
6
9
6
2
-1
-5
-14
-19
-18
-7
5
12
17
21
17
17
12
10
12
16
18
6
-3
-6
-6
-5
-8
-14
-8
2
8
11
10
12
13
15
8
3
1
-6
1
8
9
10
6
1
3
6
4
3
-1
-9
-15
-15
-9
-9
-15
-14
-4
5
-4
-7
-1
1
9
3
-13
-18
-16
-12
-8
-7
-1
1
1
4
9
11
2
4
1
-10
-12
-5
-6
-4
0
-1
-2
-4
-8
-4
3
9
10
8
9
9
6
-1
0
7
10
10
1
-3
-2
1
-3
-9
-2
4
-1
0
6
2
4
5
3
1
5
2
0
2
0
-5
0
3
-2
-2
-1
0
1
-2
-3
-4
-4
-3
-9
-13
-8
1
8
5
5
1
-2
0
1
-5
-14
-13
-5
-2
-3
-3
-1
2
4
-1
-7
-13
-11
-10
-10
5
7
3
-1
-2
-1
-3
-8
-11
0
4
5
4
1
3
5
12
15
20
23
19
10
1
1
-3
-4
-2
-5
-1
3
6
5
0
8
10
10
7
1
2
-8
-9
-9
-6
5
4
9
5
3
6
3
3
0
4
1
-6
0
-6
-14
-7
-6
-6
-3
-7
-8
-8
-6
-5
-9
-5
-8
-12
-4
-5
6
9
4
9
5
7
3
-2
-2
-4
-5
-11
-11
-1
0
-7
-6
-11
-11
-6
-4
2
-5
0
1
-2
13
11
11
16
0
2
-2
-14
-3
-7
-2
8
6
19
13
5
14
5
12
6
3
4
-14
8
8
1
7
-5
28
9
-9
0
-12
11
-1
-5
-4
0
18
13
10
21
11
-2
14
5
-2
-12
-32
-9
-7
-3
-8
-12
-4
-7
8
3
7
12
-1
6
10
-5
-4
3
6
2
-5
-11
-8
-6
-2
-6
-4
5
-11
11
13
-21
-6
-5
7
10
0
0
-16
2
0
-6
0
9
16
9
3
10
9
-7
3
-5
-26
-17
-16
0
-12
-5
1
-14
16
11
12
6
-10
6
-14
-16
2
-9
-10
-4
9
9
1
11
8
8
12
7
8
-2
-17
-12
-12
-7
-5
-2
-3
1
14
12
9
12
-1
-5
-7
-5
-6
-25
-13
-6
-12
6
4
-2
-5
-3
10
6
9
13
2
-4
-7
-10
-3
-5
-2
3
-4
9
7
7
8
5
10
-2
4
3
1
7
-1
-6
-6
-6
0
-5
-2
8
-8
-3
-5
-5
15
12
19
8
-8
17
20
22
19
-2
-5
-14
-10
0
-9
2
-4
1
7
6
11
-3
5
5
-12
-3
0
-5
-11
4
9
2
5
-4
-17
-17
-13
-14
-14
-16
-13
-8
-4
7
19
18
15
9
5
11
2
-10
-12
-12
-1
6
6
1
-7
-11
-11
-3
0
2
-6
-17
-12
-6
-6
-1
0
13
2
-10
-1
-7
-3
-7
-9
-9
-2
18
9
-5
-4
4
15
9
12
11
11
10
-4
-12
-8
-4
-1
-9
-11
0
-5
-3
5
3
-5
-1
1
-2
0
-6
-9
-12
-10
-5
-13
-17
-5
6
8
13
7
-7
-1
-3
-4
2
1
12
11
1
12
13
7
6
3
-3
-8
-4
-1
1
9
9
-2
-5
-5
-1
1
-6
-6
-14
-21
-12
-2
3
-5
-14
-4
4
2
3
16
25
17
15
21
19
9
-3
-6
3
17
18
-2
-2
-1
-16
-7
2
1
-7
-18
-15
-4
-9
-8
-1
6
12
12
11
11
13
8
1
4
7
17
14
-4
3
6
-5
0
11
8
-2
1
-3
-12
-9
-7
0
-4
-4
-3
-3
2
1
-3
7
12
4
6
4
5
11
4
2
0
-9
-12
-1
1
-10
-1
-3
-5
-3
0
8
5
6
6
6
8
16
14
4
3
-7
-11
-3
-6
-1
3
2
-2
-4
0
-1
-1
-1
-5
2
8
6
3
2
-5
-6
-9
-13
-5
0
2
-2
-3
-5
-10
-11
-5
-1
-3
4
0
-1
4
-8
-6
-3
-5
-4
-12
-4
3
2
0
3
7
-2
2
6
2
8
7
5
0
-1
4
-1
-1
2
-4
-2
-3
-5
-7
-8
0
-5
-7
-5
-8
0
-3
-5
1
1
1
0
1
2
1
5
-4
-4
-2
-10
-8
1
12
1
-7
-1
6
9
6
4
-3
-5
-8
-7
1
5
-3
-11
-6
0
1
-1
3
8
12
14
12
8
5
3
-4
-8
-4
-7
-11
-11
-10
-5
2
7
-1
-9
-4
2
7
-2
-9
-5
-4
-1
-2
-1
2
-3
-9
-2
11
13
5
-4
4
10
-1
-2
-1
-1
1
2
8
10
3
3
12
6
-2
4
4
1
-3
-13
-21
-18
-8
-2
9
14
11
11
14
4
-5
-3
-2
-1
-7
-7
-3
-4
4
0
-1
5
9
16
14
7
11
12
7
3
2
5
3
-3
-6
-11
-12
-11
-4
-7
-9
-3
-6
-2
4
-2
-4
-4
-1
3
4
9
4
-4
-11
-9
-6
-8
-5
-1
0
3
2
-6
-3
-8
-12
-8
-5
3
7
11
11
8
5
3
5
8
1
-5
0
0
-3
-11
-12
-5
1
5
3
11
14
9
-1
-9
-16
-13
-17
-14
-9
-12
-10
-1
5
6
9
9
8
10
8
4
1
-8
-14
-12
-10
-6
-3
-1
8
6
2
1
-4
-4
1
-2
-6
-8
-9
-5
5
13
17
11
-3
0
1
1
-2
-5
-2
-1
0
-1
-1
-4
-10
-12
-5
9
7
8
7
-3
-3
0
4
5
7
11
11
16
19
16
7
2
4
8
6
6
6
-1
3
14
13
13
12
6
2
-1
0
-5
-10
-9
0
7
7
6
8
3
3
5
4
4
4
2
-7
-12
-7
-12
-11
-11
-8
2
7
10
5
-6
-8
-9
-6
-7
-11
-16
-18
-14
-13
-10
-5
-4
1
4
6
10
2
-12
-9
-5
-10
-7
-3
-4
0
13
12
9
9
9
7
1
0
-4
-4
1
2
2
-3
-1
9
12
7
9
12
4
3
2
3
1
-5
-7
-12
-16
-13
-11
-5
3
1
0
-2
-3
-1
5
9
10
11
8
8
12
11
8
10
12
12
11
12
9
8
8
8
8
1
-5
-1
-11
-21
-20
-25
-21
-14
-14
-5
0
-13
-24
-32
-25
-16
-13
-14
-18
-16
-18
-17
-11
3
11
8
7
6
9
6
4
1
-4
-7
-9
-8
-5
-4
-4
-4
3
10
2
-2
-7
-6
-3
-9
-6
-6
2
10
4
5
8
12
15
15
24
24
23
22
12
6
22
32
27
30
30
25
15
6
5
-2
-6
-1
4
0
1
-6
-7
-6
-9
-5
-2
-3
-2
3
3
7
12
9
0
-4
4
1
5
6
-4
-4
2
-3
-3
1
3
3
-7
-9
-7
-7
-3
-8
-8
-10
-6
-7
-13
-11
-8
-1
1
1
0
-3
-5
-9
-11
-8
-6
-8
-10
-2
10
12
11
12
8
5
7
3
3
4
0
-9
-10
-3
-5
-4
-3
-1
-1
-6
-3
2
6
5
4
9
10
12
7
3
1
4
7
-6
-10
-3
-4
-6
-2
0
-5
-4
-4
-7
-1
-1
-8
-7
1
1
-2
-1
-2
-8
-11
-9
-2
0
1
-2
-6
-5
-2
-1
-2
1
2
2
-1
3
7
3
0
-5
-3
-4
-2
-1
0
5
2
1
3
4
3
-2
-3
5
2
-5
-11
-8
-6
-2
4
2
3
4
2
5
5
2
1
-6
-6
-4
0
4
5
10
3
-7
-6
0
1
-2
-4
-9
-10
-5
-1
0
2
3
0
-5
-4
-2
2
5
-1
-4
-2
5
1
-11
0
7
0
2
2
-1
-3
0
-5
-6
0
-6
-5
-4
-11
-8
1
5
13
8
5
4
4
2
-1
4
5
-1
-6
-5
-1
3
3
3
4
5
4
1
0
-7
-5
-2
1
-1
-2
1
-3
-2
2
7
10
8
2
-4
-4
1
6
4
4
2
2
5
4
4
4
6
1
-5
-4
-8
-10
-8
-8
-5
-3
0
6
4
2
0
-1
3
-2
-5
-8
-9
-10
-5
-5
-8
-1
3
2
-3
-4
-3
-3
-4
1
3
3
2
0
-3
0
6
6
10
9
3
-6
-8
0
4
-2
-2
0
-4
-6
-5
1
3
4
2
2
6
4
2
2
2
3
2
1
-2
-5
-4
-3
4
-2
-4
-1
4
7
4
5
7
6
5
8
11
15
14
2
-1
6
10
0
-9
-11
-10
-10
-11
-6
-1
2
-5
-8
0
8
9
2
-2
-4
-7
-7
-1
9
9
4
4
9
8
4
2
4
-2
-9
-10
-14
-12
-10
-9
-14
-18
-16
-17
-16
-9
-8
-7
-9
-4
-3
-1
0
4
5
6
7
4
7
5
-1
-4
-7
-6
-2
-2
3
5
0
1
-1
4
2
-1
5
4
8
15
14
7
6
10
13
19
17
15
10
12
7
0
-1
-2
2
-2
-4
-5
-5
-2
-4
-3
10
22
21
19
9
2
-1
-12
-12
-6
-3
2
5
4
5
7
3
-4
-4
5
5
2
1
2
0
-2
0
3
8
10
8
0
-9
-4
-9
-12
-6
-2
1
3
-1
0
-1
2
4
3
4
2
-3
-4
-6
-4
-8
-9
-3
-4
-4
-1
-3
-4
-3
1
0
-3
1
0
2
1
3
4
7
12
5
-5
-12
-10
-6
0
1
3
2
-1
3
-2
-5
-8
-9
-10
-10
-12
-14
-10
-11
-11
-11
-7
-1
3
6
7
-1
-1
0
1
-3
-3
0
3
10
12
12
8
6
5
2
6
5
-1
-5
3
12
16
11
7
7
4
6
6
-1
2
3
3
3
-3
-1
1
-3
-2
0
-3
-1
0
1
0
2
-2
-5
0
0
-2
-1
-5
-6
-8
-11
-8
-6
1
1
1
6
3
-4
-6
-7
-7
-4
3
0
1
2
-3
-3
-6
-1
4
7
9
3
0
-4
-5
-5
-1
-1
0
-3
-8
-3
1
1
-2
0
0
-4
-4
-6
-3
-1
-4
-5
0
1
4
4
3
6
6
2
3
1
-5
0
0
0
0
-3
-7
-6
-1
1
-1
-3
-4
-7
-8
-8
1
11
8
7
6
4
5
-1
-3
-3
-1
-1
-3
-1
0
9
12
9
5
3
3
7
9
5
-4
-11
-14
-10
-1
1
1
1
8
9
2
1
-2
-4
-5
-3
3
3
7
9
5
4
5
10
5
-3
-3
0
-6
-10
-11
-10
-7
-5
-4
-2
6
9
5
0
0
-4
-7
-7
-6
-8
-8
1
3
0
-5
-1
6
3
6
6
7
8
3
4
6
6
3
0
-4
0
2
5
6
4
6
3
3
3
-4
-1
4
4
-2
-4
-6
-8
-10
-16
-16
-18
-12
0
0
6
11
3
-2
1
1
-7
-6
-5
-6
-9
-4
3
4
7
11
9
4
-7
-2
-1
-6
-6
-7
0
3
4
1
-6
-3
0
2
0
-1
-2
-2
3
7
7
8
6
4
4
1
0
2
0
-3
-4
0
0
4
9
10
11
2
-5
-2
4
5
0
0
-2
-3
2
8
8
1
-1
-3
-5
2
-1
2
3
4
16
17
18
16
4
-6
-6
-1
1
-1
-11
-6
-1
0
5
8
12
8
11
4
-12
-18
-20
-17
-13
-10
-10
-6
-1
2
5
-2
-5
0
10
10
3
-1
-6
-5
-1
1
3
4
7
5
-1
-5
-6
-5
-10
-12
-5
-3
-6
-7
-8
-5
-1
-5
-10
-10
-3
-4
-5
-9
-16
-13
-7
-2
-1
1
-1
1
2
4
3
-1
0
6
16
18
18
13
10
12
3
-3
-4
-1
-2
-4
-4
-5
4
7
6
11
8
6
1
-8
-9
-8
-2
-7
-12
-4
4
16
21
16
6
11
11
3
-1
-5
-2
2
-1
-9
-6
5
16
15
12
8
-3
-7
-5
-9
-5
-4
-2
0
-1
-1
0
3
1
4
-1
-4
-6
-14
-7
5
3
0
5
16
13
1
-1
-5
-9
-11
-14
-14
-3
0
-8
-3
7
6
-2
-4
4
9
5
-4
-11
-11
-11
-4
-4
-2
-2
-1
5
-6
-15
-11
3
4
-7
-3
6
5
-6
-6
-1
13
18
9
5
0
4
-6
-3
6
2
-3
5
16
6
1
-7
-13
2
18
18
7
10
-1
-12
-12
-13
-1
-12
-9
10
0
0
10
18
5
-14
-10
-6
-5
-3
-1
0
2
2
-9
-6
7
7
10
4
-5
-4
-9
-13
-11
0
2
0
3
-5
-3
10
8
7
3
-2
-3
3
13
12
17
9
-2
13
10
9
7
-6
-8
-9
-2
2
0
8
13
10
3
-3
-3
-1
7
-1
-17
-16
-12
-2
5
14
27
20
3
-9
-8
-4
-1
1
4
10
2
-4
-2
-1
4
2
0
-2
-9
1
6
0
-8
-13
-15
-6
-2
-10
-8
-4
-3
2
2
2
0
-4
-13
-13
4
4
-13
-15
-10
-1
0
-18
-12
16
17
5
2
0
-2
-7
-6
4
16
9
-2
1
5
0
2
6
5
3
13
11
9
8
-3
2
11
6
-2
-4
0
9
12
6
1
1
-1
-12
-2
15
15
4
0
0
1
7
2
-4
-7
-17
-24
-21
-5
-2
2
8
2
4
8
2
-2
2
1
-5
-9
-16
-16
-2
3
1
-4
0
5
3
4
0
-6
-13
-15
-8
1
8
2
-5
-9
-3
4
1
-6
-7
-7
-10
-9
-9
-2
11
3
-10
-1
6
5
4
1
3
3
0
-5
-11
-5
15
21
13
4
-8
-6
6
13
8
-4
-8
-7
-8
-13
-1
11
15
20
22
25
6
-11
-10
-7
-7
-14
-13
-5
10
8
-4
-5
-2
1
2
3
-1
-10
-12
-10
-15
-16
-12
-9
-9
-2
2
12
19
15
0
0
12
8
0
-2
-3
6
9
-4
-6
3
7
4
2
3
9
5
-8
3
13
2
-7
-4
0
-5
-15
-9
7
10
9
12
14
7
-16
-13
3
-9
-13
-3
3
0
-11
-23
-12
8
10
2
5
10
6
-3
-2
-1
-7
-10
-8
1
13
8
-5
-12
-6
1
3
5
6
3
-5
-9
-7
-8
-2
4
-5
-3
1
3
4
3
6
4
7
6
-3
-5
-8
6
14
0
1
6
11
-1
-5
5
0
-3
3
4
9
6
-2
-7
-8
1
7
8
3
12
15
1
-4
-5
-1
13
7
0
-5
-3
6
-1
1
-2
0
8
0
-3
-2
-9
-20
-14
-8
-6
6
15
13
9
2
-8
-16
-13
-7
-1
11
13
-6
-7
-5
-11
-6
-8
-8
-2
1
1
1
1
-7
-9
-2
9
8
2
10
8
8
5
1
6
0
2
1
-3
5
7
6
1
8
6
-3
-2
-8
-12
-6
0
13
19
17
4
-9
-2
-2
-10
-8
0
10
8
3
-2
-4
-8
-4
12
6
-1
-2
-3
-2
-5
-5
-6
-1
-8
-9
0
-7
-13
-9
-2
-6
-12
-6
-1
0
-4
-7
-3
-2
1
8
3
3
-3
-12
-7
6
20
12
-1
-5
-3
5
7
-1
-3
3
11
9
1
1
4
8
6
0
3
-2
-3
3
3
4
4
-1
-5
-1
5
2
0
-2
0
-1
-9
-11
-10
-18
-16
-4
-2
-4
-4
0
-3
-12
-10
-4
3
9
10
1
-2
-9
-14
-8
1
9
6
1
-4
0
5
5
5
1
-3
-3
1
-5
-5
10
12
12
17
9
3
5
10
3
4
9
5
6
6
6
9
8
-1
-3
6
12
18
17
11
-4
-7
-1
-2
-1
-6
-9
-8
-5
0
-1
-2
-8
-3
-3
-5
-6
-14
-14
-16
-11
-11
-12
-5
-3
-6
-3
3
-1
-6
-2
2
5
-2
-8
-11
-8
-2
-5
-4
4
4
-3
-3
3
9
7
1
1
4
5
8
6
4
5
8
9
10
4
0
6
7
1
0
2
3
4
5
3
1
3
3
4
4
2
-3
-7
-7
-9
-5
-2
1
3
2
3
5
5
3
-1
-4
0
-1
-7
-5
0
1
-3
-13
-14
-2
7
8
4
0
1
-3
0
2
-4
-5
-3
0
7
13
4
2
4
0
3
5
-2
-8
-2
-2
-7
-6
-3
0
6
10
7
12
15
2
-2
5
2
0
-5
-17
-10
-3
-3
2
8
6
1
1
-7
-8
-3
-8
-12
-9
-9
-4
2
2
-2
-1
2
-3
2
5
4
3
0
5
3
6
0
0
3
2
3
-4
-13
-19
-12
-10
-8
-3
-1
4
5
-1
-3
1
9
-1
-14
-8
-7
-4
0
3
3
-1
4
3
1
5
-1
-7
-7
-2
-4
-11
-6
-1
9
11
9
12
6
3
2
-1
0
-3
1
8
8
5
4
3
2
3
1
1
-2
-8
-14
-14
-9
-11
-17
-10
-3
-1
4
-5
-8
3
5
3
-3
-4
-5
-7
-3
3
14
19
14
13
13
11
10
9
3
-7
-7
-6
0
7
5
4
10
12
8
5
7
5
-1
-8
-11
-15
-13
-6
2
6
5
7
8
10
6
1
-3
-9
-6
1
1
-1
1
1
8
9
3
-1
-2
4
1
-7
-11
-17
-17
-14
-7
-1
3
7
2
-2
4
8
12
9
2
0
-5
-8
-8
-7
-2
-1
5
8
7
9
11
5
3
6
5
3
0
4
7
6
-1
-5
0
6
4
4
8
10
7
3
3
10
12
6
0
-10
-14
-11
-8
-7
-4
-8
-18
-19
-11
-4
-2
0
2
-1
-6
-7
-5
0
3
1
0
-2
0
3
6
6
5
5
4
4
7
3
-5
-8
-6
-3
-2
-4
-7
-1
0
-7
-7
-1
5
2
4
3
-1
3
2
4
8
7
7
2
2
-2
-6
0
0
-6
-9
-8
-5
-1
2
4
2
4
6
9
5
1
2
9
14
15
13
11
13
12
2
-3
6
11
10
7
4
0
3
6
2
3
7
5
5
4
0
-4
-7
-11
-15
-5
-2
-5
-1
0
3
3
-2
-5
-2
0
-6
-14
-18
-14
-12
-8
-4
-6
-3
-1
-5
-1
5
5
4
3
-2
-7
-5
-7
-4
-6
-5
-4
-5
2
4
-4
-6
-3
2
-1
-4
0
2
7
9
-1
-6
-8
-5
-4
-4
-6
-15
-14
-7
-6
-5
-3
-2
2
1
0
-1
-2
-3
4
11
8
2
-1
-9
-9
-3
-2
-5
1
4
-1
-3
-7
-7
-4
-1
6
9
1
-4
1
2
-1
1
2
-1
-2
0
6
8
8
8
8
5
2
-2
-6
-4
-2
-3
-4
-3
-5
-4
-3
-8
-4
-5
-6
-1
-2
-6
-9
-6
-8
-7
-2
-1
0
3
8
7
5
4
7
11
8
7
7
1
-2
-1
-2
2
1
-4
-6
-4
2
2
3
6
9
12
10
10
11
5
6
7
10
12
10
9
11
9
6
6
8
6
3
-1
-6
-8
-8
-9
-14
-7
2
5
5
2
-4
-6
-5
-7
-4
0
4
4
3
1
-1
-3
-3
0
6
7
5
5
0
-2
-2
-6
-9
-7
0
-3
-8
-4
-6
-6
0
4
2
4
3
-4
-4
-8
-12
-16
-12
-6
-7
-2
1
4
5
4
3
2
1
3
6
5
5
3
1
2
4
7
5
9
6
0
1
2
3
0
0
-3
-3
-5
-8
-6
-4
-3
-4
-4
-7
-3
-2
-4
-4
-6
0
4
6
5
3
6
9
11
8
3
4
3
3
2
1
0
1
3
4
6
5
-6
-3
2
-1
0
-1
2
0
6
10
6
6
4
5
0
0
4
0
-5
-4
-5
-4
-4
-4
0
1
-5
-8
-7
1
4
7
8
1
3
0
-2
-2
-7
-10
-14
-6
1
1
6
2
-4
1
-3
-6
-6
-3
0
1
3
2
4
2
5
8
9
4
0
-2
-4
-3
-2
-2
-1
-3
-3
-4
-3
-2
-4
-1
4
3
0
-4
-3
1
3
3
0
2
3
-1
-3
-2
5
7
8
8
8
9
4
0
-1
-3
-5
-4
-4
-2
0
-2
-3
-2
0
3
3
3
-2
-5
-2
2
4
4
-1
-9
-9
-9
-5
1
1
4
5
1
-3
-4
-9
-14
-10
-4
-3
-3
2
1
3
3
2
5
7
3
1
2
3
2
-2
0
2
2
2
3
3
-1
-1
-1
-3
-3
-2
-2
-4
-5
-3
-2
3
4
7
7
0
-2
-4
-5
-4
-1
-2
-4
-1
-1
-3
-3
-1
-1
2
4
3
1
-2
-2
-2
-3
-1
-4
-4
-1
4
7
6
2
4
3
0
2
-2
-1
-1
2
0
-1
1
-3
-4
0
2
2
-1
-7
-5
0
-1
-1
-1
-2
0
3
2
3
0
-3
-3
-2
-2
-4
-4
0
1
0
-1
1
0
0
-4
-8
-9
-5
-1
2
2
2
1
-6
-9
-2
7
6
10
10
7
6
8
9
6
8
7
5
4
7
2
-2
-1
-2
-3
-4
1
-1
-2
-2
-2
-2
-5
-8
-7
-4
-3
-4
-4
-4
-3
-1
1
3
2
2
6
8
11
6
6
5
0
1
-1
1
3
1
4
0
0
0
-3
-2
-3
-5
-10
-7
-5
-5
1
1
4
4
1
-4
-7
-5
-2
-3
-7
-7
-5
-3
-2
-5
-2
4
7
9
8
5
2
0
-5
-7
-8
-9
-10
-6
-5
1
6
6
10
13
14
9
6
4
1
-1
-2
-1
-3
2
5
5
4
1
1
-2
-7
-5
-2
-5
-8
-5
-2
-1
3
1
0
2
-4
-10
-10
-10
-6
-5
-2
1
4
9
7
8
9
6
4
3
3
0
-1
-1
-1
7
7
7
8
7
8
6
3
-5
-7
-7
-9
-8
-7
-7
-1
3
0
1
-1
-1
1
1
3
-2
-4
-4
-1
4
5
3
6
6
6
1
-7
-10
-13
-7
-5
-1
7
8
5
3
3
-1
-4
-6
-5
-2
0
1
2
7
5
-3
-4
-1
0
-4
-8
-8
-4
-2
2
2
0
-3
-2
-3
-3
1
3
0
-1
-1
-2
-4
-5
-3
2
3
1
-1
-4
-1
9
13
9
4
3
6
10
10
9
6
1
-1
2
3
3
1
2
-2
-4
-4
-3
-2
-2
-4
-5
-1
5
5
4
4
6
2
-5
-4
-1
2
2
-2
-4
-3
-6
-8
-4
2
4
5
2
1
2
4
-1
-6
-7
-9
-12
-6
-1
0
-1
-1
-1
0
5
7
8
5
1
-2
-9
-8
-6
-7
-6
-5
-5
-3
1
-3
-4
-5
-15
-13
-11
-13
-12
-14
-14
-9
-3
-1
-2
-2
-3
-4
-1
0
2
6
12
12
6
1
1
9
13
15
16
13
8
4
6
2
4
6
2
0
-1
-2
0
4
7
8
6
9
6
5
3
1
0
-6
-8
-8
-9
-7
-3
0
6
9
9
6
1
-4
-6
-2
-1
0
4
7
5
6
0
-1
1
-3
-7
-4
0
-3
0
3
4
6
4
1
2
5
3
2
-2
-6
-7
-8
-9
-8
1
4
4
4
6
10
8
4
1
5
3
-3
-7
-4
-5
0
6
7
7
5
3
0
-3
-3
-2
-2
-4
-3
2
7
6
1
-3
-2
-1
-1
0
-1
-4
-4
-7
-7
-3
5
4
1
5
-2
-6
-6
-5
-6
-9
-7
-3
-5
-4
-3
-11
-14
-7
-1
-1
1
8
9
7
2
-2
0
7
6
0
0
-6
-10
-9
-5
-1
-2
-4
-4
0
6
5
4
0
4
5
5
5
0
3
1
0
-1
2
3
2
4
2
3
1
-1
-3
-3
2
-3
-4
-7
-8
-7
-3
1
-2
-5
-8
-10
-6
-2
-1
1
4
4
5
1
0
4
