-9
-7
4
6
6
4
5
5
6
5
-2
-6
-7
-11
-7
2
7
4
-3
-9
-8
-5
-1
3
4
2
-1
5
7
5
3
0
3
10
10
1
-5
-7
-3
-6
-5
-3
0
9
10
4
0
-1
-2
-5
-10
-11
-4
6
7
9
8
4
2
3
-4
-10
-10
-9
-9
-6
5
8
11
12
9
4
-4
-6
-10
-7
-5
-5
-1
6
6
6
6
4
4
1
-2
-5
-3
3
2
0
0
-1
0
2
2
0
0
1
2
0
1
4
4
1
-3
0
2
-3
-3
-1
4
5
-1
-3
-1
2
0
0
-3
1
6
4
4
4
2
1
0
-6
-3
-2
-2
-4
-4
-6
-6
-3
-2
-3
-2
4
-3
-10
-9
-1
6
8
-2
-7
-2
3
-1
-2
0
4
7
4
3
-1
-1
2
1
3
1
-2
-7
-11
-11
-7
-8
0
4
3
3
0
0
-3
-2
4
2
7
7
2
0
0
-1
-2
0
-2
-1
-1
-1
1
1
-2
-4
-1
-2
-3
1
2
7
5
1
5
5
8
5
-4
-3
4
2
4
4
-1
-2
-1
1
2
2
0
-4
-3
0
-2
-2
-3
-1
0
2
7
7
0
-2
-4
-6
-3
-2
-4
-1
-1
-4
-3
0
-2
-1
1
-3
-6
-4
-1
4
1
-1
-1
-3
1
2
-1
-8
-10
-7
-3
2
6
7
8
4
2
-2
-1
-10
-12
-7
-4
4
4
2
1
2
-1
-6
-9
-1
4
7
12
6
0
-4
-7
-7
-1
5
10
11
5
2
0
-2
-7
-2
7
4
4
-1
-3
-3
0
2
1
3
5
3
1
-1
-7
-13
-15
-16
-7
1
4
5
2
-2
-2
-1
-1
-4
-1
2
0
-2
2
8
7
9
9
4
0
1
-1
-6
-4
-5
-5
-1
-3
-4
-3
-2
-4
-1
-2
-1
2
7
10
7
4
-1
-5
-2
-2
0
3
7
4
-3
3
2
3
7
5
5
4
-1
0
-2
-7
-6
-2
0
3
2
2
0
-1
-1
0
1
-2
0
2
2
0
-1
0
2
-2
2
7
6
5
2
-1
-6
-3
-2
3
6
1
-2
-5
-4
-2
1
4
1
0
1
-4
-6
-5
-7
-4
-3
-4
-5
-6
-9
-4
6
9
11
11
11
9
5
-2
-10
-9
-6
3
6
6
8
6
3
-3
-5
-5
-2
3
1
1
-2
-5
-6
-6
-1
3
1
0
6
1
-5
-9
-7
-3
-4
-3
-2
-1
1
5
5
5
10
11
9
5
-1
-5
-8
-9
-5
-4
0
2
2
5
5
6
3
-1
0
-3
-3
3
2
-2
-6
-8
-8
-1
3
4
5
8
7
3
0
-8
-9
-7
-8
-3
-1
6
7
6
6
7
10
5
-3
-6
-5
-7
-9
-8
-3
3
3
3
1
0
2
4
3
-1
-3
-2
-3
-5
-3
0
1
4
7
7
8
7
0
-2
2
-2
-2
0
5
7
6
3
-1
-2
-2
-4
-6
-7
-3
1
1
0
0
4
7
2
-6
-6
-1
3
7
4
6
8
6
4
0
-5
-10
-7
-4
0
3
6
8
5
-1
-6
-6
-4
1
3
7
7
4
-3
-6
-4
-2
-3
-1
-2
1
0
-2
4
1
-2
-5
-6
-6
0
5
5
4
0
-5
-9
-9
-7
-4
0
3
2
2
3
-1
0
-1
1
1
-3
-6
-5
-6
-6
-9
-12
-6
1
3
1
6
7
5
2
-1
-4
0
-3
-3
0
-2
-5
-4
-3
-1
4
5
6
9
9
2
-9
-15
-12
-6
-1
8
9
9
2
-4
-6
-4
1
5
7
7
6
1
-3
-7
-6
-1
5
8
7
8
4
2
-4
-7
-5
0
-2
-3
2
2
0
1
1
1
1
0
2
3
-4
-4
-6
-6
-2
2
7
7
7
4
0
-4
-6
-8
-4
1
-2
-6
-7
-6
-2
1
4
11
11
6
-3
-11
-13
-7
-1
2
2
2
0
1
3
4
2
3
3
5
6
3
7
2
-5
-3
-6
-5
-1
1
6
7
4
-3
-5
-2
-1
-2
2
8
6
0
-5
-5
0
3
0
0
-1
0
1
0
-1
-3
1
3
5
6
4
2
-2
-6
-3
-2
0
-2
-5
-4
-1
4
3
1
5
9
4
-1
-3
-7
-4
-1
-1
0
0
-1
-5
-4
-2
-5
0
2
4
8
8
7
3
-2
-7
-8
-4
3
11
10
5
1
-5
-5
-5
-5
-1
2
8
6
2
1
1
1
-6
-7
0
1
-3
-2
0
3
6
-1
-7
-7
-2
4
2
2
4
2
3
0
-8
-4
3
1
3
6
7
8
6
1
-3
-1
-2
-5
-1
-6
-13
-7
-1
5
8
8
4
-2
-1
-4
-7
-2
4
9
12
7
3
4
4
0
-2
-4
-6
-5
-6
-10
-8
-6
-5
-4
3
4
0
-3
2
7
4
0
0
4
1
-3
-2
1
0
6
3
-8
-6
-4
4
3
0
-5
-7
-3
-7
4
5
-1
2
-3
-4
-2
-3
-7
-5
7
9
12
8
1
6
0
-1
0
3
3
-9
-9
-6
0
7
1
-7
-10
-2
3
7
11
1
-7
-13
-12
-2
4
10
2
-1
-1
-8
10
3
3
4
-7
0
-4
-4
-3
2
12
8
16
5
-9
-7
-6
-4
-6
0
-2
2
-5
-6
10
-1
2
2
-7
11
6
-6
-15
-6
6
7
2
-6
3
6
10
10
-3
8
-4
-26
-11
-10
12
22
14
4
-12
2
3
-1
4
-13
-8
1
-3
8
13
2
-5
-11
-7
8
14
-8
-15
-14
-10
4
5
15
2
-20
-10
-5
8
12
-6
-9
-10
9
20
15
3
-13
-14
-12
-1
11
14
16
15
5
-15
-10
-9
-13
9
0
-2
7
-4
4
2
-4
5
3
-2
-13
-3
8
12
14
10
7
1
-7
-11
1
12
3
-3
-9
-8
12
15
1
-3
-6
-4
-11
-15
2
6
7
8
-7
-5
5
0
-1
-1
3
19
15
-3
-12
6
10
-2
-4
-13
-5
3
-7
-7
3
10
6
5
-5
-6
-3
-13
-2
1
3
6
-5
8
10
5
10
1
-12
-8
-8
-10
0
-1
-7
-7
2
16
4
4
-2
-14
0
-3
-1
8
-3
1
3
-4
9
2
-7
-4
-5
0
3
0
-4
-2
3
2
11
2
-10
0
-1
6
9
0
-4
-1
-3
2
18
6
-14
-12
-11
2
7
2
-3
-13
-9
1
6
9
15
5
1
-6
-13
7
8
-9
-16
-15
9
24
10
-4
-8
-11
-6
1
8
8
-1
-17
-11
5
0
11
-4
-29
-17
0
21
25
6
-11
-11
-2
6
16
8
-2
-12
-26
-11
1
16
19
-2
-5
-2
5
8
4
7
3
-4
-6
-9
-5
8
8
-4
4
1
2
22
-2
-12
-9
-13
-2
-8
4
9
-3
-5
-1
4
10
16
3
-22
-19
-4
5
17
7
17
11
-7
-8
0
3
-9
-2
-11
-7
16
7
7
9
0
-2
-8
-15
1
15
9
3
-6
-14
-12
-10
5
10
2
0
-1
-2
-1
11
8
-9
-12
-6
-3
7
1
-8
-2
-10
-6
10
7
-1
-4
-8
-9
2
9
14
5
-14
-6
-2
-4
5
-4
3
10
0
-2
3
9
8
-2
-10
-1
5
-5
-13
2
5
-2
3
2
15
16
-3
-7
5
7
-5
-9
-16
-7
10
8
2
-6
3
12
1
-10
-8
4
3
3
3
-8
6
7
-10
2
15
-1
-13
-21
-16
11
16
15
12
-7
-8
-11
0
16
12
1
-1
-7
0
24
10
-6
-21
-30
-11
10
26
9
2
-4
-14
-6
4
11
4
-9
-26
-7
12
5
8
-5
0
8
7
10
3
-2
-6
-7
-7
7
15
6
-7
-22
-20
5
12
-1
-11
8
11
-3
0
-3
11
13
-9
-28
-12
17
16
-4
-21
-15
-5
5
16
8
8
5
-10
-4
6
0
1
0
1
-1
-9
-7
-2
6
-18
-26
-1
15
25
9
-8
-11
-12
-1
2
7
6
-1
10
0
-11
-12
-7
6
6
-9
0
20
2
-9
-3
-9
1
3
-6
-8
-5
-3
-2
1
8
13
14
16
1
-1
-8
-20
-12
-12
-6
-2
3
9
9
17
15
-5
-18
-10
8
20
3
-8
-6
-7
-1
10
17
17
-1
-18
-12
-1
3
8
5
-7
-12
-4
-3
15
24
8
-7
-16
-10
-7
-1
3
-5
2
9
7
7
1
-8
-3
12
15
14
7
-2
-1
-8
-15
-6
-7
-9
-4
5
9
8
10
-7
-22
-12
-1
6
14
6
4
-2
-11
1
14
14
3
2
0
-10
-3
-5
-11
-5
-8
-12
-13
-12
-3
5
14
13
0
-2
12
21
7
-7
-16
-20
-20
1
12
14
9
-12
-8
8
22
13
-10
-9
-2
-9
0
-2
-21
-7
8
11
2
8
8
5
5
-17
-5
4
1
-7
-9
-2
-11
-11
2
14
23
22
6
-7
-4
-7
-8
-8
-20
-15
-8
2
13
11
11
0
-3
0
20
29
7
-9
-18
-10
-1
10
3
-7
1
8
11
4
14
22
-3
-25
-30
-13
7
1
-11
-6
7
18
17
6
10
9
-3
10
10
-11
-15
-15
-21
-20
-5
1
10
20
15
8
-2
-2
6
5
6
-15
-24
-10
-5
13
21
11
4
1
-2
-11
6
9
10
5
-23
-22
-12
4
18
5
-13
-13
-7
-3
7
6
-3
-10
-1
8
8
1
-11
-12
-4
4
-1
-8
1
3
7
10
-2
3
3
-14
-15
-3
15
11
8
-3
-15
-2
-2
7
17
13
7
-7
-7
-10
-5
15
7
-2
-10
-28
-27
-7
13
20
16
-11
-15
18
24
26
10
-15
-22
-24
-11
4
11
14
9
-6
-7
2
8
6
1
-8
-11
-16
-13
2
12
9
1
-13
-13
2
7
8
4
1
-1
-2
2
18
16
1
-18
-21
1
12
9
-7
-9
-5
-1
6
-5
0
3
0
2
-7
-4
0
2
2
4
9
9
5
-2
10
13
0
-4
-11
-10
4
6
-2
-4
-1
0
11
12
3
-7
-10
-4
-1
9
9
5
3
-4
-9
-5
10
8
-4
2
-1
3
3
-8
-4
-5
-12
-9
5
9
6
6
5
9
6
-13
-19
-12
-4
-2
2
-1
-2
0
5
10
10
12
5
-7
-2
-4
-4
0
-4
-8
-8
-11
-8
-1
8
14
12
5
5
4
1
-1
2
4
2
0
-7
-4
11
17
6
-7
-11
-9
-2
0
-1
0
-8
-9
1
9
17
12
3
-5
-13
-11
-1
1
2
5
-4
-7
1
10
2
0
4
-2
-4
1
-3
-7
-1
3
-2
-4
-2
3
9
11
6
-2
-5
-5
3
7
7
-2
-14
-7
-2
-5
6
14
8
-1
-7
-11
-6
8
9
2
-5
-3
-1
8
15
6
1
3
0
-3
2
-2
-4
-3
-3
-6
-4
1
-2
1
-6
-6
-1
0
3
0
0
2
2
-1
-8
-7
3
12
14
12
5
2
-3
-9
0
3
-5
-13
-12
-3
6
6
0
-3
-8
-8
-2
0
0
1
0
-2
-1
1
6
11
9
4
4
2
-3
-6
-5
-7
-5
-2
2
0
-9
-7
1
9
5
-3
1
-1
9
16
10
0
-8
-8
-4
-3
-4
-3
-3
-5
-5
-7
-2
8
6
-4
-11
-11
-7
2
6
8
9
7
3
-9
-9
0
6
7
-4
-9
-1
5
5
5
6
0
-2
-1
-7
-7
-2
-2
-7
-3
2
-1
2
11
10
-1
0
2
0
2
4
4
-3
-6
-7
-6
-4
0
6
4
1
-2
-6
-6
-1
6
1
-1
-3
-5
-5
-2
6
11
9
6
9
6
7
4
-8
-13
-11
-7
-4
-2
1
9
10
1
-3
-1
0
2
5
3
-1
-1
-7
-7
-1
1
0
5
1
-4
0
4
4
4
-3
-5
-3
-5
-10
-8
-3
-5
-3
4
5
6
8
1
-4
2
-1
-7
-5
-2
1
2
2
2
6
8
5
6
1
2
3
-1
1
1
5
5
5
0
-3
-2
-2
-6
-6
1
5
7
4
-2
-3
-1
-2
0
0
-10
-12
-7
1
3
0
1
3
6
6
4
3
2
1
-6
-9
0
5
5
0
-4
-4
5
8
3
0
0
-5
-10
-6
-2
-1
-2
0
-3
-4
-1
4
10
6
1
-2
-1
0
-3
-7
-9
-5
5
11
9
4
1
0
1
1
-3
-4
0
-4
-9
-8
2
4
2
5
8
5
1
3
5
5
-2
-10
-11
-5
2
1
2
0
-4
-4
0
6
7
7
0
-6
-8
-4
0
5
9
3
3
5
3
6
2
2
0
-13
-12
-8
-3
3
5
-3
-9
-8
-8
-4
1
0
2
1
-1
4
4
5
7
5
2
-2
-4
-8
-4
-1
1
2
-2
-5
-4
5
7
7
2
-1
4
3
1
4
6
4
-3
-9
-9
0
7
11
7
7
6
0
-1
-4
-1
5
-1
-7
-10
-13
-7
2
3
-2
5
5
3
2
5
5
5
3
-2
2
1
-4
-1
-3
-3
1
0
-2
-1
-1
-3
-7
-8
-6
-5
-7
-4
0
3
5
3
1
0
-3
-2
1
0
1
-1
-3
-4
-1
2
6
9
9
6
6
2
2
-1
-3
-3
-1
-1
-1
0
0
0
1
7
7
3
0
0
-4
-4
-7
-10
-9
-6
-2
-1
-2
1
-3
0
2
3
6
3
0
-5
-3
1
1
2
-1
-3
-2
-2
2
7
5
4
1
1
1
3
1
-2
-3
-6
-6
-1
1
1
2
3
2
6
9
8
0
-8
-11
-11
-9
-7
-3
2
6
7
1
-6
-4
3
8
-3
-6
1
3
3
0
-6
-4
2
-1
-2
1
-3
-3
4
4
3
5
7
5
1
-3
-8
-8
-6
1
5
5
1
-2
1
2
4
6
5
4
0
0
4
1
-1
-2
-5
-3
-3
-2
2
4
5
2
3
3
5
7
-4
-9
-6
-7
-2
4
1
-3
2
7
2
-4
-5
-4
1
3
2
-3
-2
1
-2
-2
-2
-3
-5
-5
-6
-6
-2
1
-2
0
2
3
6
0
-1
0
-2
-5
-9
-5
-3
-4
-1
4
3
1
5
1
-3
-3
-1
-1
-4
-5
-2
1
3
4
3
4
0
-3
2
5
5
3
4
6
4
0
4
2
2
0
0
-2
-7
-7
-6
-3
-5
-4
1
3
1
-2
-5
-6
-3
0
2
4
4
1
-2
-3
-4
0
2
7
8
2
3
4
0
-4
-6
-6
-1
-3
-5
2
7
5
7
6
5
6
1
-1
-4
-6
-3
-3
-4
-6
-3
4
7
5
4
1
-1
0
2
7
3
-2
-1
-7
-3
4
3
1
0
1
5
4
2
4
4
4
2
-2
-2
-2
-2
-5
-5
1
4
5
2
2
11
13
6
1
0
2
-1
-5
-3
0
-3
-3
-1
-2
0
4
-3
-7
-3
-1
3
3
1
0
0
0
-8
-10
-9
-4
1
1
5
6
2
2
5
3
3
3
4
-1
2
6
8
9
2
-6
-6
-2
-2
0
1
3
1
2
6
6
5
0
-3
-5
-7
-6
-4
-1
0
-4
-6
2
8
8
6
3
6
8
4
0
-3
1
7
3
-2
-8
-6
-5
-6
-5
-8
-3
7
9
2
-2
-2
-4
-6
-6
-5
-2
2
3
-1
-2
4
9
6
2
-5
-9
-9
-9
-7
-7
-7
-7
-6
-4
-1
3
7
8
8
9
5
2
4
5
3
0
-1
-2
-4
-7
0
4
8
3
-4
-5
-3
-2
4
5
0
-4
-5
-4
-1
0
3
3
2
1
-1
1
4
6
2
0
-2
-1
4
3
0
1
-2
-4
-4
-6
-7
-5
-1
-2
-3
-3
0
0
-2
2
0
0
-2
-1
1
-2
-1
1
-2
-3
-1
1
-1
-2
-2
-1
2
-2
-5
-5
-2
4
5
6
2
-4
-3
2
6
6
4
2
-4
-8
-2
-1
-2
1
-3
-8
-4
5
9
7
3
3
-3
-1
1
1
4
8
3
-2
2
5
4
1
-1
-1
0
-1
-3
-1
-2
-2
-1
2
3
-3
-2
-4
-4
0
2
1
2
4
4
1
-5
-5
3
6
2
-1
1
0
-5
-8
-8
-7
-8
-4
-1
-1
-1
1
3
4
6
7
8
5
1
-3
-8
-8
-5
-3
2
3
2
7
8
8
5
2
1
2
0
-4
-7
-7
-6
-5
-1
-2
0
1
3
8
10
10
6
0
-2
-2
3
4
3
-2
-2
0
-6
-9
-7
1
5
2
0
3
0
-3
-3
1
2
2
2
-1
0
-1
-1
0
2
3
1
-3
0
-2
-7
-5
-4
-2
-2
1
3
2
4
4
5
5
5
4
3
-4
-11
-11
-5
-3
0
4
8
5
1
-4
-7
-6
-6
-1
2
4
4
7
9
3
5
5
2
4
5
6
3
-2
-8
-7
-8
-7
-2
-2
-2
-4
-4
-1
-2
-1
-2
-2
1
3
3
5
3
2
-1
-5
-2
2
6
5
1
-1
-5
-9
-7
-1
3
3
2
0
-3
-7
-6
-1
2
4
0
-5
-4
0
0
0
-2
-2
-2
-2
-2
-3
-2
0
1
3
2
-2
2
-1
-4
-3
-4
-4
-1
4
4
-1
0
1
0
-5
-5
-2
0
4
6
3
3
4
4
4
4
4
4
0
-2
-1
-4
-1
-1
-2
1
-2
0
0
2
-2
-5
-2
-3
-4
-2
-3
1
2
-1
4
3
4
4
4
3
-3
-3
-5
-5
-1
0
-1
-3
3
2
-1
-3
-2
1
5
7
3
1
5
7
6
5
2
0
2
4
2
-1
-4
-3
-7
-6
-4
-2
0
0
1
2
4
1
2
1
0
1
-2
-2
-2
1
6
8
6
3
4
3
-1
-5
-9
-10
-4
-5
-8
-1
2
1
1
-1
1
4
3
6
3
0
3
4
4
2
3
3
-2
-3
2
5
5
1
-1
-3
-7
-6
-7
-5
-1
0
2
6
6
8
8
1
0
1
-4
-4
-2
-1
-3
-4
-2
-2
-2
-1
-1
1
-1
2
5
0
-2
-3
-6
-9
-10
-7
-5
-4
2
6
9
8
6
8
7
6
7
1
-4
-6
-6
-9
-12
-7
0
4
5
0
0
0
-1
-1
-2
0
4
2
-2
-3
-1
2
2
0
0
-1
-4
-3
0
-2
-1
2
-1
-4
-5
1
3
2
5
3
-3
-6
-1
5
4
0
-3
-2
4
-2
-8
-7
1
4
2
-1
2
5
-6
-10
-10
-4
5
4
6
5
4
4
0
-3
-4
3
6
3
4
1
-9
-6
-3
-2
3
8
3
0
1
1
3
3
2
-1
0
-2
-5
-1
3
2
-1
5
7
9
3
-6
-9
-9
-2
1
-2
3
6
3
-3
-4
0
0
1
-2
-3
3
5
8
6
2
-6
-13
-8
-6
-5
0
4
9
6
1
2
2
6
6
3
-2
-6
-8
-11
-6
-2
3
11
12
4
0
-4
-6
-5
-3
-3
-1
4
4
0
2
4
8
5
0
2
-1
-1
-1
-3
0
1
2
2
0
-1
-4
-7
-5
-2
0
5
6
3
1
5
5
-4
0
1
1
8
8
9
-1
-8
-6
-3
1
4
0
-2
-7
-8
-8
-8
-2
1
1
-1
-2
-1
4
3
3
1
-1
1
-2
2
5
3
4
2
2
-2
-1
2
3
0
-6
-10
-8
-4
0
1
-4
0
4
-1
-3
-2
2
0
-4
-5
0
4
-1
-2
-4
-7
3
7
2
-1
-7
-4
-6
-6
-4
0
6
10
6
3
1
0
-3
-4
-3
-6
-5
-8
-9
-3
1
6
6
10
7
1
0
-1
-1
1
1
0
2
1
-1
-1
-3
-2
-2
-7
-8
-4
1
1
1
1
1
1
0
0
0
1
0
-2
-2
-2
-1
0
0
-1
-3
-4
-2
-5
0
2
0
-4
1
3
7
8
3
2
-1
0
3
-1
-1
2
4
4
-2
-7
-6
-3
0
4
10
11
7
6
1
-1
5
10
7
0
-7
-7
-1
-5
-2
5
2
7
11
6
4
-2
-6
-3
-4
0
1
-2
-4
-4
-5
-6
4
3
-3
0
2
-2
-4
2
2
4
4
-1
-1
0
-6
-5
0
0
0
0
3
5
6
1
0
1
1
3
-1
-1
-1
-1
-1
0
-2
1
1
0
-4
-5
2
2
-1
-8
-6
2
2
2
0
-4
-3
2
0
2
2
-3
2
2
-3
-3
-1
2
1
-2
-4
-2
1
1
2
0
0
6
11
3
1
2
0
-5
-12
-9
-7
2
8
5
6
5
1
-1
0
3
4
0
-4
-5
-5
-4
-3
1
3
6
3
1
0
-1
1
-3
-6
-7
-8
-6
-2
4
6
7
7
7
2
2
-1
-3
-3
-7
-8
-7
-2
1
4
3
-1
-3
-1
0
5
8
6
6
3
0
-5
-8
-3
-1
0
-1
-3
0
3
8
11
4
0
-3
-11
-11
-2
4
5
3
1
2
0
1
4
3
-1
-1
-3
-2
-2
-3
-2
4
1
-3
-2
-1
0
-2
-1
0
1
-1
-1
0
-4
0
2
0
2
2
-3
-6
-3
-1
0
-1
-1
1
2
0
-4
-2
-2
-4
-2
-1
2
1
2
1
0
2
0
-5
-2
-5
-5
-2
1
12
13
12
14
14
9
-2
-7
-10
-11
-8
-5
-5
-5
-3
0
4
4
4
-1
-5
-2
1
-1
1
7
5
6
2
5
8
4
-1
-5
-6
-9
-7
-2
0
1
0
-1
2
3
-1
-2
0
1
4
3
-2
-4
-2
2
6
5
4
0
1
2
0
1
-1
1
0
-1
5
0
-2
5
5
-1
1
5
1
0
-2
-5
-12
-16
-13
-11
-5
2
3
6
10
10
4
0
0
3
3
2
0
-1
-3
-6
-6
-5
-3
-4
0
5
5
4
1
4
0
-6
-6
2
8
4
0
-3
-3
2
3
1
-4
-8
-8
-2
6
7
6
5
5
2
8
7
0
-4
-7
-5
-3
0
8
6
-1
-2
-1
1
-1
-2
-6
-10
-3
1
2
2
0
1
4
8
5
1
-7
-11
-6
-3
-1
0
0
-3
3
4
-2
-5
-6
-4
-3
4
7
5
6
7
-3
-7
-3
-2
-8
-10
-1
4
2
1
3
4
3
-3
-8
-7
-3
3
1
3
8
11
9
3
3
6
1
-4
-6
-5
0
3
-2
-4
-2
1
3
0
0
-1
-4
-4
0
6
4
3
6
3
1
0
-7
-3
-1
0
0
-1
5
5
-1
-4
-8
-4
-2
-5
-7
-11
-9
0
1
-1
1
1
3
0
-4
2
12
16
8
-1
-2
-3
-8
-11
-9
-2
-2
-4
1
3
7
10
5
-8
-10
-3
1
-1
-4
-1
-2
-6
-3
0
2
5
2
4
5
0
-4
-3
-1
2
1
-2
-1
2
2
1
0
0
-2
-3
-3
-3
0
4
4
0
-1
-3
-4
-4
-4
0
4
2
0
-4
1
4
4
5
0
-2
0
-3
-2
4
6
4
5
5
5
3
1
0
-4
-5
-2
1
3
2
-3
-2
0
1
-3
-4
-1
-2
-3
2
7
4
-1
-2
-4
-5
-7
-4
4
7
4
1
7
5
2
0
-4
1
6
0
-5
1
4
1
0
3
5
4
6
7
4
2
-1
-5
-2
7
8
2
2
-1
-1
-2
-6
-8
-6
-9
-14
-9
1
7
6
1
-7
-5
0
2
2
5
9
3
-1
-1
-3
1
4
-3
-7
-5
-6
-8
-4
-1
0
1
0
1
4
-1
-7
-10
-7
-3
-1
2
10
13
8
5
1
3
1
-3
-4
-3
7
9
6
8
8
6
4
2
0
-2
4
2
-1
-1
-2
-3
-6
-4
-2
-2
2
2
1
-4
-5
-1
-2
-5
-7
-5
-2
1
0
3
4
5
4
1
3
2
1
0
-1
4
4
2
3
1
0
3
3
0
0
-3
-10
-12
-4
-2
-5
-10
-8
-3
2
3
0
-1
-3
-2
-1
4
7
7
2
-3
-2
1
1
1
2
4
2
-1
-2
-2
-6
-7
-2
1
4
2
2
3
2
4
-3
-2
-4
-6
-6
-2
3
4
4
2
0
1
3
3
-2
-7
-5
-4
2
6
6
4
4
3
1
3
6
6
2
-1
-4
-4
2
4
0
0
-5
-8
-5
-3
-2
-3
-4
-3
-4
-2
2
2
3
5
5
2
-3
-3
-5
-6
1
3
5
5
6
7
8
11
8
1
-2
-7
-12
-12
-7
-1
2
1
5
3
6
3
2
6
1
-6
-9
-3
0
1
-1
-2
4
4
4
0
-2
3
4
7
4
4
0
-6
-1
-3
-6
-12
-8
0
4
8
10
8
-1
-4
-10
-16
-11
-8
-4
0
7
14
10
-2
-6
-5
5
3
1
-1
2
-2
-3
-1
6
16
21
25
10
10
-8
-22
-38
-36
-16
-7
7
12
18
19
6
0
0
1
-13
-25
-10
-3
12
20
6
-12
-13
-2
14
22
16
4
-7
-12
-26
-19
-6
13
21
0
3
-1
-1
-5
-11
-9
-1
14
15
12
4
-5
-12
-3
4
1
3
8
6
-2
-7
-8
-5
-15
-14
-7
5
15
21
23
9
5
12
7
3
-9
-14
-9
-16
-16
-10
-12
-3
16
29
30
26
16
-10
-32
-31
-23
-18
-16
2
17
20
19
16
7
5
19
16
-4
-24
-14
-13
-30
-31
-12
7
18
28
31
31
13
-13
-42
-60
-46
-6
20
25
30
46
44
17
-9
-22
-27
-33
-28
-18
-1
19
27
10
-4
7
11
6
-13
-23
-22
-12
9
4
-13
-8
15
28
12
-11
-12
5
8
-4
2
19
4
-21
-35
-33
-9
14
31
33
19
-9
-34
-30
-24
-14
10
31
28
6
2
9
0
-3
1
-3
-7
-9
-8
-3
10
18
7
-3
6
-4
-12
-3
-14
-34
-26
7
9
12
30
35
14
-12
-22
-25
-15
-11
20
33
19
15
-7
-24
-25
-5
7
11
4
-9
-7
6
7
-3
-2
4
3
3
11
5
10
11
-8
-38
-33
4
33
42
25
13
-15
-31
-21
-13
-13
-2
22
7
-11
-16
15
38
6
-15
5
12
-19
-29
-9
14
12
4
-5
9
28
12
-8
-15
-11
-15
-28
-16
7
27
27
12
11
0
-6
-2
-8
-7
11
15
-13
-38
-23
-7
5
20
7
17
38
7
1
11
-1
-29
-42
-20
-26
-21
11
34
23
4
9
5
17
24
9
-20
-29
-12
-15
-11
-10
-15
8
27
9
2
12
11
-5
-38
-39
-11
13
16
-8
2
36
46
22
-16
-14
-15
-19
-22
-10
11
18
8
-17
-6
2
18
40
22
0
-9
-12
-32
-29
-19
-23
-2
17
30
24
18
-1
-12
-9
0
6
-11
-6
0
-6
-6
4
19
3
4
11
16
8
-16
0
14
-10
-53
-36
11
9
-10
-18
-8
14
36
13
-3
18
25
0
-38
-28
4
30
6
-38
-14
21
27
11
-1
3
13
0
-35
-37
13
40
6
-21
4
40
31
-9
-19
-5
7
-10
-16
16
33
14
-27
-33
4
33
35
-4
-27
-3
7
-21
-45
-17
13
5
-3
22
40
29
9
-32
-37
-16
-25
-26
6
27
14
-12
-28
-4
21
12
-4
-15
7
14
-4
-16
-13
24
32
12
3
21
19
-16
-42
-23
12
-2
-24
-29
-3
31
33
10
-6
27
19
-21
-23
-8
10
2
-12
-26
-5
25
15
-6
-2
14
0
-25
-15
20
30
10
-11
-18
-8
5
10
-12
-33
-14
9
10
-1
23
49
31
-10
-32
-12
9
1
-7
5
-10
-21
-10
21
36
5
-29
-33
-11
13
17
4
-11
2
11
-11
-12
18
35
10
-29
-29
2
17
6
-1
7
10
-12
-24
2
13
6
1
-9
-17
-18
-13
-7
13
29
26
20
2
-17
-10
-3
-4
-13
-2
22
3
-32
-32
5
28
20
-2
-16
-5
10
-6
-12
1
12
0
-5
22
34
20
-5
-32
-28
-19
-23
-12
0
37
45
0
-30
-16
29
28
0
-25
-30
-23
-25
-21
-5
18
43
39
14
-3
11
9
-9
-22
-36
-14
12
9
-3
-11
-6
4
9
10
8
1
-17
-37
-20
13
16
-4
-12
17
29
0
-4
17
30
9
-25
-39
-14
21
11
-26
-15
38
39
10
-4
-9
-12
-30
-33
-1
21
17
7
-1
-4
15
49
35
-10
-37
-26
-6
-1
5
11
-2
-28
-21
9
34
34
16
-11
-24
-3
5
-2
-2
14
13
-11
-25
-24
-5
4
5
14
6
0
3
-7
-17
-13
-2
15
24
14
-9
-22
-16
-14
-4
16
18
4
-24
-34
-16
12
23
9
3
-1
-8
-6
7
17
5
-6
-3
-3
2
-8
-24
-9
10
10
-1
-7
-4
-1
7
0
-17
-9
17
30
15
-4
0
1
-3
-10
-26
-24
-6
-4
3
22
32
13
-9
-14
-17
-4
25
20
-8
-23
-30
-9
30
33
14
5
0
-14
-7
6
11
13
-1
-19
-1
27
19
-13
-34
-18
-1
17
27
18
-11
-33
-20
4
30
29
-11
-37
-24
-3
3
33
42
-2
-24
-13
8
16
17
-8
-37
-39
-8
45
53
4
-26
-12
5
-1
3
21
7
-9
-4
8
20
5
-18
-34
-40
-4
20
22
20
-8
-36
-39
-8
26
17
14
3
-21
-14
0
17
7
-14
2
25
30
-1
-21
-12
-10
-16
-20
-6
9
10
-1
-26
-18
24
17
-7
1
15
22
15
4
-25
-49
-23
22
34
3
-20
4
15
-14
-23
4
21
4
-10
-2
10
13
-9
-37
-22
4
2
7
9
16
23
3
-16
-19
-9
12
25
20
-10
-24
-8
9
14
20
19
-1
-13
-15
-2
8
-8
-14
7
17
6
-8
-5
25
38
-1
-26
-3
24
11
-7
5
-13
-25
-17
-7
11
27
21
-10
-27
-23
-2
20
16
8
1
6
1
-13
1
16
6
-25
-20
9
15
9
-1
-10
6
20
-8
-25
10
36
17
-27
-34
-8
6
3
-11
-2
15
18
10
3
-3
7
4
-16
-31
-14
24
22
-16
-27
3
22
5
-17
-20
-2
14
13
-2
-7
6
2
-7
-5
6
10
10
-2
-19
-9
16
5
-26
-26
-6
13
21
21
8
-8
-7
-2
3
18
6
-20
-15
7
23
19
11
7
-9
-18
-9
9
21
14
-13
-28
-19
1
15
12
1
-2
-3
-15
-3
10
5
0
-9
-12
-1
19
17
-4
-17
-16
4
7
-7
-3
13
11
-5
-12
-12
-5
8
10
6
11
11
-6
-12
-3
13
9
-9
-13
-2
8
7
7
-1
-8
-2
7
5
12
30
11
-25
-25
-14
-10
-1
12
9
7
7
-14
-17
-7
5
6
-7
-4
8
15
-5
-32
-16
17
9
-1
2
-4
-15
-1
10
8
18
7
-19
-22
5
15
1
1
-9
-26
0
25
16
2
-3
-3
-9
-5
-5
-3
3
-2
-10
0
14
-2
-11
13
26
4
-11
-11
-9
3
13
-12
-28
-2
4
-6
9
23
8
-9
-11
-19
-22
3
15
2
0
-4
-16
-10
10
17
14
12
-11
-23
-7
9
7
7
11
-14
-24
-12
5
23
26
12
-12
-10
0
0
11
14
-2
-15
-12
-2
-1
8
12
-8
-14
-2
-5
-8
2
15
15
1
-22
-23
-1
9
11
17
8
-5
2
13
4
-10
1
11
8
10
6
5
2
-5
-9
1
8
-1
-10
-5
6
10
1
-7
5
11
3
-1
13
17
-7
-14
-2
1
4
3
3
2
-12
-13
0
8
9
-1
-3
-15
-23
-23
-2
20
5
-8
-1
1
-5
1
9
6
1
3
-5
-1
9
-4
-12
0
10
-7
-13
1
3
6
8
-5
-10
-3
-2
1
10
8
-7
-6
4
-7
-13
9
21
4
-3
-2
-8
-5
3
5
11
15
4
-12
-8
-2
-6
-7
1
4
-8
-3
7
-1
-7
-8
-10
-5
7
8
8
12
3
-14
-9
11
11
-3
-9
-8
-9
-9
2
13
7
-9
-11
-2
-1
0
2
7
3
-9
-7
3
9
3
-8
-12
-6
4
4
2
13
17
-2
-9
0
8
3
6
10
9
4
-7
-10
-2
5
-5
0
7
1
-7
-8
-10
-4
8
5
-3
-5
1
-4
2
7
1
4
6
2
-1
4
2
-5
-3
-3
-5
8
13
2
1
-2
-9
-11
0
2
4
11
1
-9
-1
-6
-6
7
7
-1
1
12
1
-12
-5
-7
-13
-9
0
7
4
7
1
-3
8
-1
-10
6
11
4
-1
9
6
-8
-7
-3
3
10
5
-5
-3
7
0
2
11
6
0
-5
-6
-2
2
10
13
3
-5
-10
-7
-3
-15
-16
-8
-4
-1
2
7
9
5
-5
-4
3
4
2
2
3
-1
-1
0
-4
-5
-2
-3
-4
1
-3
-7
-4
1
-3
-7
2
6
1
4
6
-4
0
5
-1
-8
-6
0
4
10
9
5
3
2
1
-1
-7
-14
-11
1
5
8
8
0
-3
-4
-3
7
10
9
6
4
-2
-6
-6
-4
0
4
5
4
9
9
1
-7
-6
-1
-7
-8
-8
-10
-8
-3
-3
-1
6
9
9
7
5
5
3
-5
-12
-6
0
-6
-4
8
9
1
-5
0
3
5
1
-1
-2
-10
-12
-9
-2
1
8
10
8
8
1
-8
-8
-9
-6
-3
-2
0
1
6
3
1
3
7
5
3
-1
-1
1
0
-6
-7
0
9
9
5
2
1
0
-1
-6
-5
1
-4
-4
-1
-4
0
7
15
17
8
4
1
1
-8
-17
-8
-8
-5
5
10
5
-1
-2
-4
-2
1
1
-1
4
8
2
1
1
-2
-3
-1
-3
2
3
3
4
-5
-11
-6
3
7
4
7
-3
-16
-15
-8
-3
-6
-3
4
12
16
14
2
-4
0
4
7
5
3
2
1
-5
-4
0
-1
0
0
1
2
3
-3
-13
-12
-12
-5
5
12
5
1
-4
-2
6
9
6
0
-5
-9
-9
-11
-9
-1
-3
-4
1
6
0
-2
-2
-2
-1
5
7
3
3
-1
-2
2
2
2
-3
-8
-5
-3
-2
1
-2
-7
3
6
-1
0
0
-3
-7
-8
-2
0
1
5
4
3
6
6
6
11
6
-1
-4
-4
-6
-2
1
2
5
5
5
3
-2
-7
-8
-8
-6
-4
1
4
3
9
11
5
3
-1
-3
-5
-4
-4
-6
-3
-4
-6
-4
-3
2
1
0
-1
-8
-4
3
6
5
-5
-4
4
5
7
3
6
9
6
-4
-12
-8
-1
3
2
3
1
-5
-7
-4
-1
0
-2
-4
0
3
5
2
-1
-1
4
5
4
4
3
-4
-4
1
-1
-2
1
1
-2
4
4
1
1
5
6
4
3
4
2
0
-7
-3
3
5
5
2
0
-3
-3
-3
-3
-9
-9
-8
-4
-1
-1
-1
0
4
4
5
6
3
-1
-2
-1
2
6
9
8
1
1
2
4
-5
-9
-8
-7
-1
-1
0
-1
-3
-3
-3
2
3
3
2
0
-3
-4
-5
-6
-2
2
6
8
7
6
7
8
-3
-13
-9
-7
-6
-1
5
11
7
7
6
-1
2
2
-3
-4
1
4
6
7
3
-1
-2
0
1
4
8
4
1
2
-3
-1
2
-2
-3
-4
1
4
1
-1
-5
-6
-5
-9
-5
2
6
3
-3
-2
-2
-1
4
4
3
0
-1
-5
-8
-7
-7
-1
7
4
1
-3
-1
-1
0
-2
-4
-1
0
0
-2
-10
-9
-3
-2
-1
1
7
8
8
3
-2
-3
0
3
-3
-6
-4
-2
-1
-3
-2
2
3
5
6
8
6
2
0
-4
-5
-3
-3
-8
-8
-4
1
9
12
4
-2
-2
-1
-5
-7
-2
-2
-7
-5
-3
1
4
1
2
-1
-2
0
2
0
-2
0
0
1
2
3
2
3
-1
-5
-4
-1
2
8
6
6
4
3
2
-2
-4
-3
1
3
3
0
2
2
-2
-3
3
3
-3
0
0
-3
4
6
0
4
5
5
4
-3
-7
-9
-6
-5
-1
6
10
8
6
6
4
2
4
2
-1
-4
-8
-8
-8
-8
-4
1
5
4
3
-2
-4
-3
-8
-6
-2
-3
1
2
1
-3
-7
-5
-4
-4
-3
-3
-3
2
0
-7
-2
3
7
10
5
3
6
4
1
0
-1
0
0
-3
-4
-2
-1
-3
-1
3
7
6
6
5
1
-1
-3
-5
-4
-2
-3
-7
-5
-5
0
1
2
1
2
8
6
1
1
0
-1
0
0
2
3
1
0
3
2
0
-5
-5
-1
3
3
-2
-4
-5
-9
-5
4
5
5
3
1
-4
-7
-5
-9
-6
-5
-7
-3
1
3
6
7
3
3
3
3
5
5
0
-3
-3
1
5
4
3
-1
1
5
7
4
2
2
2
5
6
2
-2
-2
-2
-2
1
3
0
0
-1
1
2
5
3
1
0
-2
0
2
4
1
2
5
4
5
5
2
3
-1
1
2
-2
-1
-1
-2
-6
-6
-6
-5
0
2
3
3
1
-2
-3
-3
-5
-2
1
-1
-1
3
7
3
0
-3
-5
-5
-3
-3
-3
0
2
0
-2
-2
0
2
3
-1
2
2
-4
-6
-6
-7
-7
-3
-2
2
2
1
0
1
3
2
-1
0
-2
-2
-1
-1
-3
-2
-3
-6
-2
1
6
4
2
-1
-2
-3
-9
-10
-10
-5
1
3
3
3
5
5
4
3
3
2
-1
-3
-5
-8
-7
-6
-2
5
9
3
3
8
2
2
5
4
4
6
2
3
3
0
-2
-1
-3
-3
-5
-4
-3
-3
-4
-4
-3
4
7
4
0
-3
-1
1
2
5
4
4
1
-3
-3
-4
-4
-4
-1
0
0
2
1
-2
1
3
1
4
5
0
-1
-1
1
1
2
1
-2
6
8
3
2
2
-2
-3
-2
-3
-5
-5
-3
-6
-6
1
5
9
11
8
5
4
0
-1
3
0
-1
0
-6
-7
-1
2
0
0
-1
-1
4
2
3
0
-5
-6
-3
0
-3
-1
1
0
2
2
2
5
5
7
4
-2
-4
-7
-8
-6
-5
-3
-4
1
-1
-5
2
2
1
3
1
-2
-1
0
1
2
4
7
5
-1
-3
-2
-6
-5
-3
-6
-4
-5
-1
-1
1
4
1
4
6
6
5
-1
-5
-8
-9
-7
-13
-5
2
1
3
5
5
4
2
-1
-1
0
-4
-6
-5
-4
-2
-3
-6
1
6
9
7
5
1
-2
-2
-5
-7
-1
3
4
0
-1
5
5
7
4
2
1
-1
-2
-4
-3
-2
0
0
0
2
4
0
3
6
4
3
2
0
-2
7
10
6
2
-2
-2
-4
1
-3
-2
2
-1
0
-1
0
-2
-4
-3
-4
-5
1
4
4
1
3
1
0
1
-2
0
-4
-6
-7
-10
-3
-4
-1
6
7
10
8
6
4
1
1
3
1
3
3
2
2
-2
-5
-6
-4
-2
0
0
-1
1
-4
-7
-2
2
2
2
0
0
4
3
2
3
4
7
4
4
6
3
1
-3
-6
0
-1
-2
-1
1
3
0
-5
-11
-5
1
-1
-1
1
1
-3
-7
-1
4
8
5
-1
-2
-3
2
0
-4
-4
-4
-3
-3
-1
1
1
1
0
-1
-1
-5
-5
-2
-3
1
-4
-2
3
3
6
0
0
-3
-5
1
-1
0
2
4
1
-8
2
2
-2
-2
-5
0
3
7
7
0
7
1
-8
2
-5
4
3
-7
5
-8
11
4
-7
6
0
13
-2
-16
-4
-11
6
8
2
6
-1
8
-7
-2
5
-13
9
0
-5
9
-3
7
-2
3
8
-10
6
-6
-2
7
-8
-7
-1
-5
-2
1
6
9
6
3
-6
0
1
2
5
0
3
0
-3
-7
-14
-4
-5
-2
3
11
22
10
3
-6
-15
-10
-11
-9
-1
7
13
10
7
2
-3
-4
-11
-7
-3
1
6
1
5
-2
-3
8
4
6
-6
-4
-1
-3
-2
-13
-3
10
9
1
-7
-3
7
8
-1
-14
-7
7
5
5
2
-3
-9
-2
-7
-4
6
1
11
15
1
0
3
-6
-7
-8
-11
-5
9
7
-2
-1
1
4
6
-2
-6
-2
-5
-8
-2
-4
0
9
5
0
1
1
-1
1
-5
-10
-3
0
3
4
0
1
6
-1
-6
-3
-1
-4
2
3
0
6
5
6
-1
-4
-1
-5
0
3
-4
-2
-3
-2
6
3
1
-2
3
5
-2
0
-1
3
0
-2
3
-1
2
-3
-3
0
4
8
-5
-5
2
4
7
-2
-12
-1
1
-7
-7
-3
7
10
8
1
2
6
2
-2
-8
-7
-2
5
2
-2
7
9
1
-4
-7
-3
-1
-2
5
1
-2
-2
-8
-1
5
9
1
1
4
0
1
-3
-4
2
1
-2
-2
1
3
-2
1
-3
-6
1
8
15
4
-1
0
-2
-3
-7
-15
-14
4
8
-1
0
14
20
20
1
-11
-6
-13
-19
-8
-1
14
15
15
14
3
1
-7
-13
-14
1
-2
-19
5
21
9
4
-6
-14
-8
2
-7
-6
7
12
16
8
-4
4
6
-13
-24
-31
-16
-1
12
21
21
17
9
5
-3
-8
-3
-12
-22
-8
4
8
-3
-9
-2
12
13
-3
-15
-3
14
1
-20
-9
12
6
4
1
-12
-5
5
-16
-4
14
15
7
1
0
-22
-30
-19
-6
2
9
26
38
47
17
-15
-27
-27
-28
-44
-23
9
18
20
19
10
9
6
-9
1
4
6
2
-6
-17
-24
-12
-2
16
13
16
28
5
-11
-8
-28
-32
-15
5
15
21
31
23
18
-3
-31
-17
-15
-1
6
-8
-9
-12
-8
0
2
-13
11
36
17
2
-8
-24
-19
-16
-20
-17
-1
31
37
17
-11
-17
-7
6
23
20
-6
3
6
-28
-31
-37
-17
23
45
28
15
27
17
-9
-42
-43
-24
-7
9
15
23
30
13
4
-12
-11
-2
0
7
2
8
-6
-12
-7
-8
-5
0
12
22
32
25
-2
-13
-16
-20
-4
-4
-4
4
-3
0
-6
-16
-6
19
40
35
16
-3
-13
0
-16
-30
-8
6
10
10
-2
-6
22
22
-2
-19
-24
-10
-11
-10
-5
-7
4
12
32
27
0
1
-9
-26
-26
-23
-28
-9
23
20
-1
-8
6
7
12
5
-16
-2
31
40
2
-7
11
9
-21
-42
-30
-14
31
25
-15
-5
9
9
-7
-22
-22
-24
-14
2
6
14
32
28
5
5
-2
-26
-23
-6
7
8
1
-6
-2
20
11
-9
-1
3
23
19
-9
-8
6
22
20
6
-6
-2
7
-3
-12
-2
2
21
25
7
5
7
-7
-39
-37
-28
-10
6
4
-5
6
27
17
-3
-20
-11
-6
-21
-31
-15
18
44
49
27
10
12
10
-25
-52
-40
-25
-15
2
-7
9
27
19
9
-7
3
-9
-5
9
7
11
-1
-2
7
-9
-14
0
22
24
6
-9
-24
-11
-7
-14
-13
-12
9
13
5
-4
4
18
17
13
3
0
0
8
10
0
-7
-11
-10
-2
-8
-12
-9
-1
-3
5
3
0
13
5
-16
-39
-22
6
17
7
0
12
9
0
-20
-30
-12
14
18
5
-1
8
2
-1
0
-12
0
5
8
14
12
14
3
2
-3
-19
-14
8
23
5
-19
-16
-5
6
8
-12
-14
11
24
4
-18
-10
2
10
3
-22
-21
5
29
20
-8
-9
1
5
2
-15
-17
-6
9
10
1
-3
1
11
1
0
-1
-11
-5
0
1
-11
-7
-5
4
5
5
12
-1
-4
-6
-9
-14
5
22
5
3
1
-2
-4
-10
-15
-7
21
16
5
7
-4
5
3
-9
-4
-6
-1
10
11
4
7
13
-3
-7
3
0
0
10
3
-14
-8
-5
-6
4
9
8
6
6
3
-1
-6
-4
-4
-6
1
0
-6
11
15
-2
-4
-4
6
18
10
8
0
3
-7
-15
-10
-19
-16
-8
-1
5
10
15
15
6
4
2
-13
-17
-12
-9
-3
5
2
9
19
13
0
-2
-2
-2
-8
-16
-12
-1
3
-4
-19
-23
-11
2
6
5
5
3
17
15
-1
3
7
-3
-5
-14
-11
-11
-16
-1
4
2
3
8
7
6
5
-6
-11
-8
-13
-9
-3
1
11
16
14
15
19
7
4
-3
-14
-17
-17
-18
-18
-2
3
16
10
4
10
5
1
-14
-10
-6
1
15
11
0
1
12
12
8
-2
-3
2
9
-2
-18
-11
-6
-2
4
13
19
22
8
-14
-15
-10
-7
-10
-8
-5
6
10
-3
1
8
7
8
-6
-10
10
15
5
2
3
6
8
-4
-11
-13
-14
-15
-21
-9
3
9
7
7
13
3
-2
4
-2
-4
1
8
6
2
1
-5
-2
-7
0
0
-4
6
3
-3
2
3
-6
-9
0
-6
-13
-5
-6
-5
4
6
5
13
14
11
6
-6
0
4
-8
-10
-3
-7
-1
4
-9
-9
2
5
0
-3
-3
-2
1
1
5
4
3
6
3
-6
-7
-3
-1
1
-3
2
3
14
8
-5
-15
-19
-3
5
5
-5
0
7
9
6
-2
-2
15
22
7
-7
-4
-3
-12
-6
-9
-10
4
12
-1
-13
-3
6
0
-3
-3
-3
1
5
6
-2
-3
6
10
9
10
4
3
-3
-3
-5
-11
-2
3
5
5
0
-5
-7
3
1
-10
-6
-1
8
11
1
-10
-6
9
4
-9
-5
0
4
2
-10
-7
5
18
11
-9
-16
-12
-8
-11
-9
0
14
25
16
2
-1
-1
3
0
-6
-8
1
10
2
-2
-2
-3
5
-2
-10
-4
2
7
4
-2
-6
-2
2
-3
-15
-15
1
10
8
3
6
11
15
9
7
1
-1
2
-5
-13
-19
-8
-3
-4
-2
-5
2
7
4
-10
-12
-4
8
13
1
7
19
21
12
-1
-9
-5
-4
-11
-15
-14
-2
5
1
-4
0
11
6
-7
-5
11
15
11
0
-4
9
10
0
-10
-11
1
9
2
-8
-5
2
9
9
-1
0
10
1
-4
-6
-9
-6
3
11
7
1
4
8
5
-5
-6
-5
-3
7
12
4
0
4
2
-3
-3
-6
-2
10
4
-9
-14
-10
-3
-5
-12
-14
-3
8
9
5
-8
-5
3
1
6
5
6
14
7
-3
-11
-7
1
10
4
-9
-9
-7
-4
-10
-13
-5
1
1
-7
-4
6
11
4
-7
-9
2
4
2
4
-3
-7
-3
-4
-7
1
6
1
-1
0
-2
1
7
7
2
-3
-4
6
10
-2
-9
-5
2
-2
-2
-1
2
6
2
-1
-6
1
9
2
-2
8
16
11
6
4
2
3
-7
-18
-14
-4
0
-2
-8
-8
-3
-4
-3
-11
-12
-4
3
10
0
5
9
12
11
2
-2
-2
1
2
2
-2
-6
-5
-4
-5
-3
-3
-2
4
8
5
1
2
0
0
1
0
-3
1
5
3
-2
-3
1
-1
-3
1
5
6
2
3
3
6
11
3
-3
-1
-5
-4
-5
-11
-9
-3
1
0
1
4
-4
-8
-9
-8
1
9
7
0
1
5
2
2
3
6
5
2
-3
-7
-4
-3
-10
-7
-1
5
6
2
7
7
6
6
-4
-6
-1
-4
-8
-7
-2
0
1
3
-2
3
10
9
6
5
-3
-8
-8
-8
-6
-2
7
7
4
5
7
2
-1
0
-3
-6
-6
-3
2
5
2
2
2
3
10
8
4
3
5
2
-10
-14
-6
-2
-3
-7
-8
-2
-3
0
1
1
6
6
6
-6
-11
-4
-2
-4
0
4
5
7
5
4
2
0
0
-6
-9
-5
-7
-6
-2
-3
-1
5
7
5
1
0
-2
1
-2
-3
-2
7
11
4
2
-1
4
4
0
-3
3
3
-2
2
-4
-6
0
2
3
-2
-4
-1
0
-1
-4
-8
-4
-2
2
4
8
11
5
0
-1
-2
-6
0
5
-1
-8
-6
1
8
6
-3
-6
-3
0
-9
-10
0
4
7
8
6
6
8
8
3
-1
-1
1
-3
-9
-8
-5
-6
-6
-5
-3
3
6
-3
-7
-2
0
7
7
2
3
6
6
1
4
6
3
0
-7
-10
-7
-6
-7
-4
2
7
3
-2
-2
1
5
3
-3
-3
1
3
0
-3
1
6
3
2
-2
-3
-4
-8
-7
-7
-6
-6
-4
0
1
4
3
4
9
6
-2
-2
2
3
4
1
-3
-2
4
2
3
0
3
4
4
5
-1
1
-4
-6
-8
-9
-5
2
5
1
-2
5
11
6
2
-2
-6
-3
2
1
-6
-3
0
-5
-3
1
2
0
-7
-6
-9
-3
8
6
3
3
4
-4
2
4
-1
4
8
6
2
3
-3
-3
-3
-9
-2
1
4
10
4
-4
-2
6
6
-1
-4
-6
0
4
-2
-5
-3
4
0
-4
-1
-4
3
4
-5
-1
4
4
4
-2
-2
-5
-5
1
-6
-3
4
-2
-5
3
8
9
10
4
-3
-4
-8
-7
-6
-2
-3
-1
2
-1
0
5
3
0
2
0
-2
-8
-11
-5
7
12
8
8
7
0
-4
-4
-9
-3
0
0
1
-1
-3
-5
-4
2
11
12
4
0
-7
-5
3
6
-1
-7
-4
2
1
-1
3
2
12
13
-5
-1
3
-5
-13
-16
-12
-5
4
8
3
3
11
6
0
-2
-3
-4
-8
-4
0
-2
0
3
2
3
4
2
5
7
2
-5
-9
-2
2
-1
-9
-12
-6
0
2
2
3
11
7
-1
-2
-4
1
7
3
-4
-2
1
4
0
-2
0
1
-1
-5
-5
3
7
1
-3
-3
3
4
-1
7
8
6
7
0
-1
-2
1
4
0
1
1
-4
-8
-11
-5
-4
-4
2
4
8
10
7
2
-3
-1
-5
-10
-7
-4
-2
-3
-1
2
7
9
4
2
5
7
4
-2
-12
-13
-8
-3
-2
-4
-3
9
12
1
-2
2
2
-8
-14
-6
3
6
4
3
5
2
-3
-6
-8
-4
0
-1
5
10
5
-3
-3
-6
-5
-1
-1
3
7
9
10
2
-1
-6
-7
-4
-3
0
5
6
2
-5
-5
-3
0
2
-3
-5
3
10
4
0
0
-2
2
0
-6
0
1
-5
-11
-10
-2
1
5
2
-7
5
10
4
-3
3
9
3
-1
-8
-6
7
10
1
-2
0
-3
-5
-10
-11
-7
-4
-5
-3
6
5
1
-2
-5
-8
-4
3
2
2
4
3
-4
-5
-4
-2
3
7
3
-3
4
8
2
3
6
2
2
2
-6
-8
-4
0
0
5
5
2
3
-1
3
9
6
2
2
4
6
2
-2
-1
-2
1
7
5
3
8
4
-3
-5
-4
-6
-4
-3
-1
1
1
4
5
3
3
5
4
-2
-3
-8
-9
-5
1
-3
0
6
4
0
2
1
-3
-2
4
5
-2
-6
-7
-8
-3
-4
-4
3
1
-4
-1
1
3
5
-3
-3
0
1
3
1
-7
-9
-3
0
0
3
7
6
3
-2
3
9
10
8
3
-3
-6
-3
-1
1
-2
-3
-1
2
3
1
-2
-6
-2
4
5
-4
-2
9
13
11
1
-4
-2
-2
-5
-13
-9
-2
-7
-11
-5
7
15
9
4
1
2
3
3
1
-2
-3
-1
1
-4
-2
2
1
0
-1
2
7
6
0
-8
-10
-6
-1
0
-2
-3
1
8
10
7
2
-2
-6
-8
-4
-2
-5
-8
-2
-2
-2
-1
-1
-5
-7
-3
-5
-1
5
4
6
8
8
9
3
-3
-3
0
5
0
-5
-2
-1
-3
-4
-3
0
0
0
1
1
4
1
-7
-8
-2
-2
-2
2
0
1
4
8
9
5
6
7
4
-4
-8
-10
-4
2
2
1
2
4
3
0
-9
-13
-6
0
0
1
2
3
3
-1
0
-3
-7
-6
-2
0
0
0
3
5
7
8
6
1
1
-5
-11
-9
-3
-2
-4
-1
3
0
-3
-3
-4
-3
5
3
-4
-1
-2
-4
-1
4
4
-1
-2
0
-3
1
2
-4
-3
-4
-5
-4
-4
0
4
1
1
1
9
12
8
4
0
2
-5
-5
-3
-4
-3
-2
1
1
5
9
10
5
0
-3
0
3
-1
-2
-2
-1
1
0
-2
-1
1
1
-2
-1
4
4
2
0
-6
-8
-4
1
1
3
8
2
-1
0
1
3
0
-1
-3
-1
-5
-8
-5
2
8
7
5
3
1
1
-1
-2
-1
4
1
1
0
-1
2
-1
-4
-6
2
4
6
7
5
2
-4
-3
0
3
3
7
6
1
0
-3
-3
-4
-5
-5
-5
0
2
5
6
1
0
1
2
0
-3
-4
-5
-2
0
-5
-5
-4
-2
2
2
2
-2
-9
-7
-2
1
2
3
4
-1
2
2
-5
-7
-1
5
3
6
8
9
5
0
4
4
-1
-5
-2
-3
-3
-2
-2
-4
-4
-1
0
6
10
4
-4
-5
-1
1
7
9
5
2
0
-3
-3
-1
1
-2
-4
-6
-6
-3
2
5
0
2
3
0
-1
-1
-3
-4
1
1
-1
0
2
3
-1
-6
-5
-5
-8
-4
-1
0
5
6
-2
-4
3
5
4
7
3
2
1
-4
-6
-2
-3
0
3
0
2
3
5
2
0
-2
-4
-5
-7
-6
-4
-1
-2
1
5
5
6
9
13
14
5
-3
-6
-11
-8
-4
-2
-1
-2
1
-4
-1
2
0
-1
-2
1
5
7
4
-3
-8
-5
-2
-2
5
5
5
3
-2
-3
5
2
-3
0
2
0
-5
-7
-7
-3
0
2
2
3
1
3
1
-3
-1
-1
-1
3
4
1
7
6
0
-3
-3
-2
3
7
3
-1
-7
-7
-4
1
7
5
2
1
0
-2
-1
1
-1
1
-1
-1
6
8
7
4
-1
-3
-4
-4
-6
-7
-2
1
1
3
4
8
5
2
4
-6
-9
-11
-7
-3
-1
1
-1
-3
-3
-1
3
3
1
2
1
3
4
2
0
-6
-10
-4
0
-4
-3
0
-4
1
5
4
2
5
2
2
-1
-3
-1
-5
-4
-4
-1
4
9
9
3
1
1
-2
-6
-4
0
1
0
2
5
5
-1
-3
-2
2
5
3
-2
-8
-6
-2
-1
-4
-4
0
-1
-1
7
11
6
1
-1
-2
-1
-3
-4
-2
-1
1
-3
-3
2
8
7
2
5
3
-3
-6
-1
1
4
5
5
2
-1
-6
-11
-7
0
-2
-2
0
3
5
4
1
-3
-1
1
2
0
1
3
3
-1
-2
1
3
5
2
-5
-5
-6
-7
1
3
6
5
3
1
-5
-2
-3
-7
-7
-1
4
11
11
4
1
-1
-2
-12
-10
-2
-2
-1
0
2
3
4
4
6
6
5
0
-1
-4
-8
-5
-3
-1
4
7
1
4
3
-3
0
-5
-11
-9
-6
-3
-2
-3
4
2
0
-1
-3
0
2
2
0
3
6
4
4
7
2
-5
-4
0
-5
-5
0
-1
3
-4
-1
2
-9
-6
0
3
4
-5
-2
4
6
8
1
0
-6
-8
-3
-2
7
0
-3
-1
2
3
3
5
-1
-1
2
-4
-1
4
0
-4
-5
-2
0
8
7
4
8
7
4
1
-3
-1
-1
-5
-4
-1
-1
-1
-1
-1
-2
0
-7
-6
-1
-5
-2
0
9
7
-1
3
4
5
0
1
2
3
7
-2
-1
0
-5
-8
-7
-2
-4
-8
-3
-3
-3
1
2
2
1
4
8
3
4
8
5
-1
0
1
-1
-5
-6
-8
-3
4
3
2
6
9
1
0
-1
-6
-5
0
-1
2
7
4
-2
-7
0
-1
-4
-1
1
2
2
3
-2
-4
1
0
-2
-3
1
3
4
2
-3
-4
2
-1
0
2
1
5
-1
-1
1
0
-1
-1
3
6
2
0
-3
-5
-3
-2
-2
-3
4
5
2
-2
-3
-2
2
2
4
4
2
3
-3
-5
-2
-1
0
2
4
4
1
1
3
-3
-6
-8
-8
-3
-1
3
7
10
4
0
2
4
4
1
-3
3
8
1
-8
-2
5
3
-1
-1
2
1
-1
-4
-8
-8
-4
1
3
6
9
2
0
-12
-14
-8
0
1
-1
3
2
2
3
3
3
7
8
3
1
1
-2
-9
-12
-9
-5
0
-1
0
2
0
0
-1
1
-1
-2
-3
-7
0
7
-1
-6
-2
9
9
4
4
-7
-6
-4
-5
-5
-1
8
7
-1
0
3
6
1
0
3
0
0
-7
-6
1
6
5
2
3
3
-3
-4
-2
-3
-1
-4
-5
-2
2
6
3
4
-1
1
2
-3
-5
-5
-4
0
5
7
6
8
8
3
3
2
-3
-5
-5
-5
-5
-4
-2
3
2
3
1
0
3
-5
-8
-6
-5
1
6
7
8
7
4
-2
-6
-2
1
1
3
1
-2
-5
-2
1
-2
0
5
4
1
0
-2
-3
-4
-5
-3
-3
-2
-3
-4
3
6
7
7
4
-1
-5
1
-2
-8
-7
-1
-1
-1
-2
-7
-4
2
1
-3
3
4
2
0
3
6
0
3
3
3
3
-1
-4
-4
4
3
1
5
3
3
0
-2
-4
-7
-5
-5
-4
1
3
3
4
1
-1
0
4
0
3
4
-1
0
-2
0
3
2
-1
-4
0
4
4
2
-3
-2
-1
-2
-2
-7
-4
-1
-1
-4
-6
0
3
5
4
6
10
9
6
0
-3
-6
-8
-7
-7
-3
-1
-2
1
3
7
8
7
5
7
2
-7
-7
-7
-3
0
-1
5
9
6
4
2
1
1
-1
-1
-3
-5
-7
-4
-1
-4
-3
1
0
-2
-5
-1
-1
-1
3
-1
-1
1
0
2
1
0
-3
-3
-3
-2
1
0
0
-1
-2
-1
2
5
0
-5
0
2
0
5
5
3
2
4
4
2
2
2
4
7
5
1
-1
-1
-3
-6
-7
-8
-5
-1
-3
-3
-3
1
1
-4
-3
-3
-2
5
4
3
4
2
2
0
-2
-5
-6
-7
0
-2
-3
-1
1
4
6
4
4
3
-5
-3
0
0
6
3
3
0
-3
-2
1
2
5
5
2
2
-5
-8
-3
-2
6
3
2
1
-4
-3
-4
0
3
4
2
7
0
-4
1
0
-1
-2
-2
2
6
2
0
0
4
5
-2
-2
-2
-6
-6
-6
-4
-5
-7
-1
0
0
5
2
1
0
-2
-2
-4
-1
3
1
-1
0
2
0
-1
-2
-3
0
4
4
1
7
10
7
6
3
0
-1
-5
-6
-3
-2
-1
2
2
-2
-4
-2
-3
-5
-4
-1
4
6
6
3
-2
1
4
2
2
3
-2
-4
-4
-4
-5
-2
7
8
4
3
0
-4
-4
-6
-11
-7
0
3
1
0
-1
2
6
2
-1
1
4
4
3
4
-1
-3
-5
-1
-1
-3
-1
-4
-8
-9
-7
-3
1
2
-2
-1
4
6
5
4
6
4
4
5
2
0
2
0
-5
-6
-3
3
5
4
5
4
6
4
-3
-4
-4
-6
-6
-2
0
-2
-4
1
6
8
4
0
2
2
-1
-6
-11
-6
0
-2
-3
0
2
7
9
4
-1
-5
1
3
-2
-1
-1
2
2
2
0
-1
2
-2
-3
-4
-1
1
0
0
-5
-7
4
5
0
-2
0
1
1
5
5
-4
-7
-6
-3
4
7
5
5
7
4
-1
-3
-2
-2
-3
-4
-1
-2
-2
3
6
4
3
5
3
1
-2
-3
-7
-9
-8
-5
1
1
-1
0
-2
-5
-7
-2
0
2
3
1
-1
3
6
4
-3
-5
-2
-2
1
5
4
1
-2
-7
-7
-3
-1
3
2
0
1
-1
-5
-3
-2
-1
0
-1
0
2
2
0
2
0
-1
3
0
-2
2
0
2
3
0
-3
-4
-3
-4
-2
0
0
-1
1
3
3
5
1
-1
0
3
5
4
-3
-11
-7
-1
1
3
5
7
4
2
5
6
5
1
0
-1
-3
3
3
2
3
1
1
3
7
6
1
-2
-3
-5
-2
-2
-4
-2
-1
-2
-5
-1
1
-1
-1
0
2
1
1
2
0
-3
0
1
0
-1
1
-2
-2
0
0
2
2
-2
-4
-5
-6
-2
0
-2
-4
-6
-7
-6
-2
1
1
7
2
1
5
7
9
6
6
4
0
-1
-1
-3
-4
-7
-7
-5
-7
-5
-3
1
5
3
6
5
4
3
1
1
1
2
0
-2
-3
-6
-2
1
1
3
3
3
-1
-1
-4
-3
1
-3
-5
-6
-4
4
8
5
-1
-3
-4
-2
1
-2
-4
-7
-7
-3
-1
3
4
1
-2
-6
-3
6
6
5
7
5
2
2
2
-1
-6
-5
-6
-5
1
0
-3
-4
0
5
8
9
11
10
5
3
5
0
-5
-5
-2
-3
-2
1
-1
-3
-2
0
4
3
3
5
5
7
6
1
-2
-3
-5
-7
-7
-5
-5
1
3
5
6
1
0
-2
-6
-8
-9
-4
0
0
3
2
0
0
2
5
3
3
2
5
7
2
3
3
-2
-2
-2
-5
-4
0
-2
-4
-1
2
1
1
1
2
4
4
-2
-8
-9
-7
-3
-2
-4
3
7
4
2
2
-2
-5
1
2
3
2
-2
-3
-6
-2
-3
-1
4
8
9
6
-1
-6
-11
-9
-3
-1
0
1
3
6
3
4
5
6
0
-2
2
2
-4
-7
-6
-4
-2
4
8
5
2
-5
-6
-5
-3
-3
-2
1
0
6
7
6
7
5
1
5
8
2
-3
-8
-9
-7
-8
-4
4
6
4
-1
-1
2
1
-3
-2
3
1
0
2
-3
-6
-5
2
2
2
7
4
1
0
-9
-8
-4
-4
-1
4
6
1
-2
-2
0
0
3
6
6
1
-1
-1
-3
-4
-3
-2
-4
0
2
-1
-5
-9
-5
-5
-1
4
6
11
9
2
0
-1
2
3
3
0
1
4
-1
-1
4
2
1
-2
-3
-3
-3
-3
-7
-6
-3
-4
-2
-5
-6
-1
4
6
7
3
2
2
0
3
3
4
7
2
-2
-1
0
1
-1
-1
1
2
2
-5
-6
-4
-4
-3
-1
2
4
4
4
2
-1
-4
-5
-3
-2
-1
-2
-3
-1
0
0
5
4
4
1
0
0
-1
1
3
3
4
3
-2
-5
-3
-1
1
4
1
-1
-2
-1
-3
-3
1
-1
-2
-2
1
1
2
6
8
5
4
2
0
2
4
2
-2
-2
0
3
4
2
3
-5
-7
-8
-8
-4
0
-3
-6
-1
3
4
3
7
6
2
0
-3
-2
-3
1
-1
-1
3
0
3
0
-2
-1
1
3
0
0
-1
-1
-1
-4
-4
-3
-2
1
4
3
2
1
-3
-4
0
-1
-2
2
2
3
3
2
1
0
-4
-6
-3
-1
-2
-3
-10
-12
-4
3
5
8
14
11
4
-1
-6
-5
-2
1
3
3
3
4
-3
-9
-6
-3
-1
1
4
-1
-6
-3
-7
-6
-4
-3
0
5
4
-4
-4
-6
-6
-5
-2
2
5
2
-3
-2
0
0
3
6
10
13
12
3
-2
-4
-4
-3
1
5
1
0
0
-6
-5
0
5
9
7
5
3
3
-2
-8
-8
-4
-3
1
6
6
6
3
1
-1
-1
4
3
4
4
-3
-4
-3
-2
3
7
7
6
2
-3
-4
-5
-7
-8
-6
-4
-2
-1
-1
0
4
4
2
3
6
7
7
3
-4
-7
-5
-3
-2
-1
-4
-3
1
-3
-5
-5
-1
1
-3
-1
-2
2
3
4
5
0
-3
-3
3
7
6
4
2
0
-2
-5
-4
-5
-8
-3
0
-2
3
7
4
-3
-6
-3
-1
-1
-2
1
3
1
4
6
4
1
1
0
-3
-3
2
2
-2
-3
-4
-1
-4
-2
-2
0
4
1
2
-2
-1
1
-2
2
2
2
6
0
1
1
0
-1
-4
0
0
3
5
0
1
2
3
1
1
-1
-3
-4
0
2
2
2
3
7
6
-1
-4
2
-1
-6
-3
-3
-2
1
5
5
5
3
0
-5
-4
-1
-6
-4
-2
-5
-10
-6
-5
-1
2
5
1
-3
-6
-11
-3
1
1
-1
-2
-1
-1
-3
-3
-2
-4
-2
-6
-2
2
2
1
-1
0
2
4
5
8
8
6
2
5
7
1
-7
-8
-5
0
4
2
4
8
5
4
2
0
0
1
-1
-6
-9
-2
2
-1
4
6
3
4
4
4
3
0
0
1
-2
-1
2
0
-3
-4
-8
-9
-4
0
3
1
0
0
4
5
0
1
5
5
8
4
-1
0
-1
-3
-3
3
2
0
1
-4
-3
-2
-7
-7
-7
-5
-2
-1
-3
-3
1
3
2
3
3
3
5
3
1
0
-1
1
4
3
-2
-1
-4
-3
-4
-5
-3
0
1
-3
1
5
-1
0
-4
-3
2
3
5
7
6
2
1
3
7
9
4
3
3
-1
-2
-5
-5
-5
-9
-5
0
2
4
3
6
8
3
-3
-7
-11
-10
-6
-2
2
6
7
5
6
7
6
6
3
-2
-4
-5
-9
-8
-4
-4
-4
-4
-1
6
8
9
7
4
2
2
-2
-3
0
-4
-4
0
7
11
8
1
-4
-5
-5
-3
-4
-7
-9
-7
-4
4
5
3
5
4
7
7
3
2
-1
-5
-8
-4
-1
0
-2
-4
0
1
-5
-2
0
-3
-2
-1
-2
-2
-3
-5
-5
0
5
2
5
8
9
6
2
0
-5
-9
-8
-6
-6
-5
-5
-6
-5
1
0
2
4
3
1
1
2
-2
-5
-2
4
3
3
5
3
4
0
-1
2
4
4
3
0
-5
-2
-1
-6
-2
0
1
0
-1
-1
0
1
0
-3
-2
1
1
-2
0
3
4
2
3
3
-3
4
1
-1
6
3
6
7
-1
-4
-1
-2
0
-3
-6
-7
-3
-3
0
4
1
3
2
1
-3
-3
0
-1
-2
0
3
9
10
6
2
-5
-6
-6
-7
-4
-1
3
4
6
1
1
3
5
6
2
2
-2
-9
-11
-9
-2
1
-1
3
8
8
6
1
-6
-4
-7
-8
-4
-3
-3
-3
-4
-2
7
8
6
2
0
2
1
1
1
1
1
-2
-4
0
6
5
4
1
1
0
-2
1
-2
-4
-5
-1
-3
-6
2
1
1
-1
-6
-4
2
6
4
5
0
-2
-4
-12
-13
-5
-2
0
0
0
0
2
2
-2
-4
-2
-1
3
4
3
0
-2
-3
-3
-4
-3
0
3
6
4
7
3
-2
-6
-8
-1
3
4
5
0
0
5
7
6
0
-4
-5
-3
-1
1
2
3
2
0
2
-1
-6
-6
-6
-8
0
5
9
15
15
11
4
0
-4
-8
-9
-7
-4
2
2
2
4
3
2
4
2
0
1
1
4
-1
-9
-13
-11
-5
2
10
10
10
10
-2
-11
-12
-14
-7
-3
2
9
6
2
-1
0
1
2
4
5
-3
-3
-2
-1
-2
-6
-1
-1
-7
-10
-7
6
9
6
3
4
6
6
5
0
-5
-7
-2
-1
3
12
11
3
-1
0
0
-3
0
2
-2
-4
-1
3
5
5
4
6
4
2
4
1
-5
-7
-8
-11
-14
-6
0
4
6
7
5
1
3
6
5
3
-2
-5
-7
-7
-2
1
3
3
5
4
5
1
-6
-7
-7
-6
-1
0
-3
2
0
-4
-3
1
2
0
1
-4
-9
-9
-5
-1
2
3
3
5
7
8
7
7
10
2
-6
-11
-10
-4
4
11
6
1
1
0
2
-2
-7
-5
-4
-6
-5
-4
-2
0
2
4
5
4
1
-4
-3
-2
1
8
4
-1
-4
-5
-4
-4
-1
0
4
8
6
-2
-4
0
-4
-5
-3
0
1
3
3
2
1
-2
-3
0
2
0
-2
2
-1
1
3
0
-4
-3
-7
-7
-6
-9
-3
3
7
6
11
12
4
-2
-10
-9
-7
-2
1
2
4
7
7
5
2
-1
-1
-2
-1
-3
-6
-5
-3
-3
-2
-2
1
5
6
10
16
12
2
0
-1
-7
-5
-3
-7
-9
-8
2
6
3
1
1
5
4
2
-1
-6
-6
-1
0
0
-4
-9
-9
-5
-2
3
7
5
3
0
-9
-12
-7
-6
-2
3
7
10
12
8
2
-4
-3
0
-3
-1
4
3
1
1
0
2
3
2
1
-1
1
3
4
5
4
6
8
5
2
-1
-5
-5
-5
-2
-1
-3
0
-1
-1
1
4
5
3
3
2
0
1
-2
-3
-6
-8
-7
-3
-1
-1
-1
-7
-7
-1
0
-2
-2
0
2
-2
1
6
5
5
2
3
2
1
0
-1
1
-2
-5
-3
-1
2
1
0
1
-1
-2
0
1
4
3
-1
-2
-5
-3
-4
-5
2
8
10
1
-4
-5
-8
-3
2
2
2
1
-4
-3
4
2
1
2
1
0
3
5
4
0
0
0
4
3
0
1
4
5
-4
-6
-6
-4
-2
-4
1
2
-3
-3
4
7
4
1
1
2
0
-5
-3
3
0
2
0
-11
-10
5
8
1
3
6
6
10
-7
-5
3
-2
-7
-10
3
11
5
-8
-4
4
2
1
-1
3
6
-5
-11
-4
3
7
-2
2
4
3
5
-3
-1
1
-4
-3
-3
-6
-2
-6
-12
2
13
13
13
2
-7
-3
1
-1
-7
-10
-10
-9
-6
-1
0
4
6
0
6
7
6
0
-12
-18
-7
6
8
6
3
6
2
5
2
-3
0
-8
-17
-12
2
3
-5
-13
-1
10
4
3
3
7
-2
-4
-2
-4
-2
0
4
3
7
2
-14
-11
-7
-4
5
2
-4
-10
-14
0
5
5
8
4
8
6
9
10
1
0
-13
-10
-3
-4
0
-1
-1
-6
-8
3
10
12
5
-2
-3
-5
-3
0
-5
-6
-8
3
3
2
13
9
9
6
3
4
-10
-9
2
2
-3
-11
-8
10
12
10
15
9
5
-3
-12
-7
-4
-2
-2
-2
6
-9
-17
-8
-5
10
7
-2
10
10
-1
-2
-5
-3
-3
-9
2
8
11
1
-17
-10
-6
-1
5
5
8
-5
-2
7
3
4
7
5
-3
2
6
5
-3
-20
-7
8
18
22
9
-5
-11
-3
-2
-8
1
8
11
13
4
-1
2
0
-1
-8
6
13
-4
-9
-7
11
13
-4
-12
-9
9
16
6
-3
-2
-8
-16
-13
-2
15
3
-1
5
-3
-2
4
10
1
-10
-8
0
-2
-5
-7
-6
2
2
-4
-7
2
8
-2
1
10
3
8
2
-7
-9
-10
0
16
13
0
-4
-15
-5
4
8
5
-12
-2
-1
7
15
2
13
4
-11
-14
-22
4
20
-6
-13
-6
-15
-7
3
9
32
19
2
-5
-10
0
-11
-13
0
0
4
2
-1
6
9
9
4
-4
-6
-9
-21
-19
1
3
4
1
-4
12
16
4
-3
0
1
4
-1
-9
-2
7
13
-1
-10
-10
-11
5
4
0
6
-3
-2
-14
4
8
-3
15
-14
-9
7
-5
4
5
-8
9
0
-10
4
1
9
6
-5
-12
-4
11
4
0
-9
-16
-4
-5
-7
1
2
-2
2
7
1
11
21
7
1
3
-1
-10
-9
1
1
7
7
-4
5
6
-8
-6
-8
-7
1
7
5
6
2
-4
9
7
-3
-2
-1
5
7
1
0
5
-1
0
1
-1
-1
-6
-9
-9
-7
2
-1
-4
1
6
9
-4
-16
-6
0
-5
-8
-1
9
2
-2
2
9
6
-11
-11
-4
-3
-10
-14
2
15
9
-3
-2
6
1
-9
-12
-9
-3
1
2
8
9
5
0
-3
-4
-4
-2
0
2
7
3
0
6
9
-5
-8
-6
-2
9
10
2
-11
-9
0
-9
-5
1
-5
-2
-2
3
0
-5
1
0
0
1
10
15
17
6
-11
-6
3
14
5
-10
-1
3
-5
-15
-4
11
7
-3
-10
-4
11
10
-5
-14
-11
-7
-7
-2
13
12
4
7
0
5
-6
-6
0
-10
-18
-18
2
9
0
0
5
3
0
-6
-7
7
14
7
-1
-3
0
10
3
-3
8
2
-13
-6
10
14
9
-15
-26
-1
13
9
10
4
4
3
-4
10
22
21
-1
-21
-17
-5
5
13
10
0
-7
-10
-12
-4
4
5
-2
-18
-16
-3
-3
9
10
5
8
3
-8
-8
11
13
-6
-16
-9
1
8
15
7
-2
-10
-22
4
17
24
22
-16
-16
-14
-6
4
0
14
1
-15
-4
4
7
5
-6
-16
-1
16
11
-3
2
10
3
-16
-10
17
15
-2
-7
-4
-4
1
-8
-22
-8
0
-9
-19
-2
15
5
-1
-8
-3
-10
-15
11
29
18
-11
-16
5
26
22
-2
-10
-7
4
-4
-8
12
11
-5
-23
-12
18
22
14
-4
-4
-6
-12
7
10
32
26
-21
-15
-7
-6
28
24
3
-15
-32
-10
19
29
7
-16
-14
-11
2
3
-1
7
4
-14
-11
-2
-5
1
-18
-23
-17
19
40
17
12
1
-5
-11
-23
-19
-4
9
2
-10
-4
-1
-2
-9
1
13
4
-17
-14
1
2
13
1
-10
5
12
3
10
17
-2
-17
-25
-16
20
34
22
-4
-17
-17
0
7
-1
2
-6
-18
-10
14
15
13
10
1
-9
-7
20
16
-1
-29
-42
-17
-4
8
-1
-11
2
0
-14
-17
-2
24
15
4
-10
-17
10
20
10
10
11
13
12
1
7
18
7
-15
-18
-21
-17
2
7
2
-7
-5
-3
-1
33
36
13
-15
-29
-6
4
30
33
9
-8
-19
3
28
21
-2
-26
-26
-7
8
9
12
19
-2
-27
-31
-16
8
21
12
-7
-12
-14
-3
10
0
16
16
-12
-22
-21
11
24
1
-15
-17
-1
4
1
-4
-13
-5
11
24
32
30
-4
-14
-1
15
18
-3
-14
-20
-14
-2
-2
6
6
15
16
-10
-20
-19
-7
14
20
10
-28
-39
-17
8
25
19
-7
-31
-24
7
52
50
6
-32
-49
-27
0
16
19
7
-8
-21
-20
9
15
2
-8
-27
-14
8
14
22
3
-7
-4
-8
0
-5
6
11
13
15
-8
-16
-19
-19
2
14
11
1
-10
-23
-21
2
14
14
11
4
6
20
16
1
5
-5
-15
-11
-8
0
1
5
14
4
3
9
3
3
-6
-13
-9
6
12
4
-14
-24
-12
-6
13
18
12
11
-2
-13
-1
14
21
-3
-26
-12
4
24
24
-9
-20
-17
-1
17
-3
-17
-14
-13
-5
3
14
18
10
-1
-5
8
21
11
-19
-36
-27
1
30
18
-1
-17
-21
-5
9
14
9
-1
-12
-9
-3
12
9
-6
-6
-6
10
5
5
15
9
2
-11
-19
-14
-14
0
13
22
20
-7
-18
-8
9
13
1
-9
-4
-3
7
13
-8
-8
-7
-9
6
2
3
2
-8
-5
-7
-1
14
9
-2
-2
-4
2
9
2
-4
-7
-4
12
25
17
2
-8
-2
-1
-13
-17
-13
3
7
1
9
10
8
-2
2
6
-1
-7
-12
-5
1
1
-1
-3
-3
-10
-8
-1
6
12
6
9
16
2
-8
-15
-22
-12
-6
3
5
-4
2
-2
-15
-17
-3
8
15
14
9
13
8
3
15
11
12
12
-6
-14
-7
3
15
9
-13
-17
-15
-3
15
12
3
2
-1
8
7
4
10
-5
-7
-7
-8
0
-4
-9
-14
-12
-8
-2
6
0
5
5
-11
-5
-4
-2
4
-6
-4
1
-4
-2
-1
5
13
7
0
1
6
19
14
-5
-10
-11
-7
-8
-4
6
-2
-7
-1
0
5
6
3
1
-3
4
7
1
-2
-4
-3
2
-3
-9
-11
-1
9
6
7
10
0
-11
-3
3
1
4
4
0
-7
-3
-2
-1
-6
-13
-9
4
10
6
7
6
6
5
0
0
0
1
3
1
-4
-2
-5
-3
10
8
2
2
-2
-3
-1
0
-4
-3
-2
-3
4
3
2
-7
-11
-2
-1
2
-2
-9
-9
-9
3
4
0
-2
-6
1
0
0
-3
-9
-11
-7
-4
-1
3
2
2
4
10
5
-1
-3
3
0
-6
-3
-7
0
5
2
0
-6
-6
-8
-1
6
5
8
-3
-8
-6
-9
-3
5
8
1
4
6
12
14
4
1
-2
0
-1
-6
-3
-4
-1
-1
-3
3
7
3
4
4
1
0
-4
0
1
1
3
-3
-2
0
-5
-5
0
4
3
2
-4
-2
2
-2
-3
-7
-7
-3
1
0
-6
1
8
3
3
-1
0
6
7
9
3
3
8
8
5
1
2
1
0
2
3
2
0
1
2
-2
-3
-1
0
1
-1
7
9
15
13
1
-3
-7
-2
0
5
11
10
8
2
2
4
2
0
-5
-12
-12
-13
-10
-5
-2
-3
-5
1
9
13
8
0
-2
-7
-3
-1
0
7
-3
-8
-8
-6
8
6
6
5
4
5
0
1
3
8
7
1
-3
-3
-1
-1
6
12
4
-2
-4
-1
3
0
-5
-13
-13
-4
-2
1
0
-3
-3
-3
-2
-4
0
0
-1
1
-5
-8
-4
-6
-4
-4
0
-2
-5
-4
-3
3
6
6
-2
-7
-11
-12
-10
-1
9
6
5
6
11
8
7
3
-2
-6
-10
-13
-16
-8
-3
-1
1
-3
-2
0
1
2
2
8
12
11
6
5
11
16
22
18
12
6
-6
-15
-18
-17
-13
-14
-14
-20
-20
-21
-20
-19
-15
-6
0
0
-3
1
2
4
5
2
2
3
12
11
12
14
12
16
15
10
4
-9
-15
-17
-12
-8
-7
-6
-3
-4
-4
6
7
7
8
1
6
7
10
15
15
12
11
17
18
13
8
3
-3
-8
-8
-6
-7
-5
-9
-8
-9
-15
-16
-18
-15
-9
-8
-5
1
8
20
31
32
29
24
19
16
8
5
3
0
-1
-7
-9
-16
-21
-14
-13
-17
-15
-10
-10
-9
-10
-3
10
31
40
37
39
39
29
11
5
8
3
-7
-17
-15
-13
-14
-16
-20
-17
-11
-16
-23
-26
-31
-33
-28
-12
1
6
9
15
28
38
38
33
23
19
10
2
-3
1
1
0
1
0
6
9
-2
-15
-21
-16
-15
-10
-1
2
6
11
12
12
10
5
2
-5
-3
2
7
10
13
12
2
-7
-12
-17
-30
-32
-38
-44
-39
-40
-36
-27
-22
-20
-18
-8
12
28
38
42
44
45
40
27
23
19
11
1
-7
-15
-24
-26
-27
-23
-24
-18
-16
-17
-12
-7
0
12
24
33
42
41
39
34
26
21
21
23
18
5
-12
-26
-33
-35
-44
-47
-42
-36
-20
-15
-19
-16
-11
-6
3
8
6
14
24
39
42
43
44
33
20
9
7
8
5
0
1
-6
-10
-5
-8
-19
-39
-44
-50
-62
-58
-43
-27
-19
-8
2
11
16
17
24
29
31
47
64
68
64
54
41
12
-13
-28
-50
-73
-91
-89
-87
-80
-66
-56
-51
-47
-27
1
22
41
60
73
85
91
100
107
99
82
61
33
5
-22
-44
-51
-61
-64
-68
-80
-72
-58
-44
-20
0
20
37
54
66
67
67
67
61
56
56
48
27
-5
-24
-37
-54
-68
-73
-74
-84
-90
-98
-97
-87
-69
-43
-30
-10
26
44
65
85
99
107
97
80
62
42
31
37
29
8
-5
-18
-32
-45
-53
-59
-74
-88
-97
-100
-92
-71
-40
-8
4
18
44
55
69
87
104
114
121
128
112
85
29
-28
-78
-127
-151
-159
-152
-160
-158
-121
-104
-86
-46
-20
6
41
88
142
176
184
179
176
156
121
98
72
19
-19
-33
-62
-76
-78
-79
-94
-102
-78
-44
-30
-10
29
57
85
110
130
134
116
102
84
55
26
-2
-18
-48
-78
-94
-107
-115
-119
-119
-121
-128
-116
-94
-71
-31
12
34
60
93
119
132
130
121
102
73
44
22
-6
-39
-47
-62
-81
-103
-122
-132
-145
-151
-138
-122
-111
-92
-66
-32
4
52
103
132
152
186
209
215
235
251
235
194
154
102
-1
-101
-166
-237
-299
-315
-281
-250
-220
-174
-139
-109
-62
-4
42
81
144
216
254
264
281
311
302
243
178
114
22
-87
-155
-201
-256
-273
-274
-273
-251
-199
-127
-73
-18
40
81
128
165
189
200
198
195
179
156
121
83
58
20
-42
-101
-132
-143
-173
-209
-222
-214
-206
-175
-107
-40
-3
42
123
169
175
211
257
232
189
184
162
87
22
22
-13
-111
-154
-150
-170
-220
-223
-188
-177
-177
-145
-106
-103
-72
-15
13
35
99
184
228
257
316
344
317
285
245
131
-26
-136
-219
-339
-400
-369
-353
-350
-289
-175
-128
-81
15
74
71
94
196
263
281
322
413
431
348
288
230
104
-33
-118
-177
-267
-332
-322
-287
-271
-230
-147
-88
-60
-6
47
73
98
127
147
170
189
201
203
185
153
115
94
59
4
-80
-155
-206
-266
-316
-326
-297
-273
-243
-167
-72
-7
69
163
219
237
255
259
232
198
169
129
74
19
-13
-68
-143
-195
-210
-222
-252
-258
-223
-190
-197
-190
-145
-110
-95
-68
12
105
150
225
350
457
491
510
539
478
293
105
-7
-164
-391
-481
-434
-455
-489
-378
-215
-193
-165
-23
61
11
15
143
208
195
250
400
457
398
390
393
274
100
-2
-92
-246
-360
-383
-410
-454
-402
-294
-227
-174
-74
36
59
91
171
205
189
211
247
250
221
212
218
197
166
124
49
-63
-159
-248
-353
-435
-446
-436
-431
-364
-245
-141
-55
90
258
352
395
419
412
383
332
286
243
156
74
28
-57
-179
-243
-244
-296
-372
-360
-313
-314
-326
-272
-200
-180
-151
-32
111
160
219
396
581
645
676
748
735
511
211
53
-146
-492
-723
-684
-682
-757
-661
-463
-408
-357
-112
56
31
102
341
421
346
378
523
574
496
469
471
359
191
110
28
-168
-309
-329
-420
-587
-571
-452
-437
-403
-212
-54
-69
-29
134
248
259
317
414
406
330
300
331
317
260
277
315
169
-89
-242
-375
-592
-739
-711
-656
-623
-480
-270
-115
16
243
470
546
509
527
545
410
247
218
217
136
108
101
5
-117
-155
-208
-338
-415
-440
-492
-595
-642
-564
-455
-367
-207
32
224
348
521
789
944
967
1019
1081
883
393
77
-33
-385
-860
-950
-858
-920
-935
-712
-588
-584
-330
-67
-72
-36
285
550
519
452
622
853
856
696
620
554
303
74
-42
-223
-436
-499
-550
-763
-862
-709
-586
-545
-339
-153
-199
-170
62
269
354
506
708
778
741
678
618
516
393
352
302
148
-113
-344
-562
-839
-1069
-1163
-1107
-959
-649
-298
-58
112
356
587
664
621
645
698
673
550
441
370
262
171
115
53
-76
-229
-350
-434
-513
-704
-954
-1060
-982
-844
-687
-375
-21
274
475
645
827
1012
1146
1210
1280
1290
944
306
-44
-143
-509
-1068
-1172
-1020
-1082
-1176
-1068
-993
-866
-416
4
66
138
609
1000
938
801
1022
1334
1215
846
649
496
92
-322
-436
-436
-490
-526
-570
-796
-963
-857
-743
-746
-575
-236
-123
-187
-33
293
496
728
1003
1136
1098
1091
1041
770
460
259
78
-290
-715
-972
-1168
-1363
-1396
-1301
-1163
-935
-506
-126
73
322
678
907
911
932
953
827
585
451
459
484
480
445
321
83
-166
-428
-811
-1186
-1271
-1233
-1322
-1419
-1227
-757
-317
38
438
842
1135
1263
1303
1342
1345
1368
1470
1323
620
-37
-142
-534
-1448
-1735
-1347
-1366
-1622
-1443
-1273
-1235
-683
84
292
413
988
1356
1170
939
1068
1345
1347
1058
863
731
326
-230
-464
-463
-646
-789
-773
-960
-1250
-1204
-1110
-1218
-1057
-476
-152
-136
159
634
918
1116
1417
1612
1553
1397
1260
1018
524
41
-251
-588
-1046
-1366
-1488
-1596
-1564
-1380
-1220
-964
-530
-127
151
477
789
942
1071
1197
1105
940
946
967
856
815
921
756
256
-272
-652
-1029
-1523
-1873
-1891
-1772
-1729
-1584
-1121
-542
-27
597
1116
1315
1402
1513
1460
1368
1444
1531
1670
1658
865
-99
-295
-674
-1839
-2312
-1820
-1864
-2216
-1831
-1333
-1247
-591
421
672
684
1280
1697
1380
1116
1366
1646
1466
1016
843
846
381
-334
-583
-507
-782
-1121
-1164
-1337
-1635
-1516
-1306
-1419
-1211
-590
-299
-229
364
1223
1705
2010
2363
2501
2190
1556
920
488
31
-518
-841
-1074
-1408
-1619
-1673
-1779
-1645
-1217
-892
-702
-418
-184
-101
84
457
866
1250
1630
1805
1782
1791
1724
1363
961
662
254
-454
-1235
-1701
-1890
-2168
-2418
-2170
-1632
-1339
-1068
-441
182
533
908
1246
1240
1156
1216
1362
1550
1757
1881
2093
1843
562
-306
-288
-1156
-2687
-2815
-2346
-2791
-2948
-2130
-1633
-1154
314
1456
1300
1331
1976
1920
1299
1070
1354
1606
1461
1054
850
682
52
-478
-445
-501
-875
-1139
-1510
-2086
-2234
-2037
-2107
-1982
-1100
-197
123
546
1442
2158
2501
2784
2909
2613
1987
1176
353
-303
-868
-1219
-1481
-1727
-1504
-1015
-1216
-1458
-926
-687
-1199
-1336
-874
-732
-702
-23
890
1277
1734
2493
2713
2381
2322
2350
1681
646
17
-377
-1371
-2566
-2723
-2228
-2213
-2354
-1735
-884
-625
-528
-44
340
365
512
811
856
727
896
1332
1795
1995
2166
2669
2928
1673
7
-264
-800
-2953
-4311
-3720
-3557
-3786
-2785
-1409
-766
474
2289
2629
1895
2057
2492
1856
925
728
1029
1034
482
199
645
822
508
393
329
-316
-1104
-1885
-2879
-3454
-3103
-2711
-2748
-1994
-366
676
1108
2002
3142
3825
3872
3528
2875
1908
754
-342
-1158
-1704
-1881
-1693
-1542
-1397
-775
-304
-777
-981
-595
-1040
-2024
-2094
-1534
-1229
-837
284
1749
2498
2937
3667
3920
3246
2494
1927
767
-885
-1848
-2044
-2682
-3425
-2888
-1845
-1640
-1490
-592
207
158
-127
27
253
76
-135
95
523
792
1216
1983
2697
2871
2963
3197
3140
1735
-532
-1453
-1915
-4142
-6138
-5261
-3991
-3688
-2479
-364
866
1928
3574
3912
2628
1911
2016
1159
-263
-696
-20
648
622
714
1630
2050
1320
717
447
-533
-1953
-3159
-4244
-4765
-4194
-3364
-2846
-1518
829
2490
2993
3702
4688
4885
4033
2795
1631
417
-824
-1743
-2168
-2157
-1747
-1116
-711
-410
252
383
-730
-1325
-1172
-2172
-3418
-3032
-2112
-1551
-226
1907
3546
4212
4836
5345
4444
2680
1599
584
-1335
-3144
-3508
-3196
-3578
-3575
-1860
-331
-415
-299
693
769
-200
-724
-660
-707
-842
-537
176
889
1529
2362
3211
3763
3762
3473
3313
2598
15
-2793
-3435
-3884
-6117
-6969
-4865
-3063
-2111
-206
1749
2553
3513
4457
3654
1693
688
391
-459
-1384
-1125
311
1514
1781
2245
3166
2899
1459
306
-738
-2480
-4271
-5477
-6043
-5569
-3958
-2210
-725
1323
3802
4969
4702
4576
4691
3804
2009
450
-707
-1734
-2434
-2416
-1799
-835
139
706
757
616
410
-829
-2574
-3047
-3334
-4468
-4541
-2899
-1112
552
2707
4950
6008
5933
5780
4970
2626
268
-1017
-2299
-3941
-4432
-3308
-2273
-2046
-1036
840
1331
433
10
-49
-928
-2077
-2319
-1843
-1383
-687
495
1806
3007
4016
4520
4489
4093
3142
2030
1199
-791
-3930
-5058
-4513
-5681
-6545
-3997
-1287
-463
818
2655
3114
3187
3621
2712
577
-502
-594
-1039
-1235
-350
1350
2905
3342
3188
3355
2654
552
-1288
-2484
-4032
-5569
-6314
-6169
-4918
-2633
-261
1542
3251
4968
5532
4529
3430
2895
1985
442
-805
-1448
-1772
-1762
-1261
-246
772
1282
1211
599
-283
-1081
-2443
-4105
-4327
-3685
-3784
-3211
-972
1123
2621
4575
6126
5980
4956
4039
2636
200
-1846
-2479
-2861
-3564
-3285
-1777
-671
-480
-14
952
875
-479
-1454
-1744
-2249
-2621
-2213
-1191
97
1258
2401
3544
4056
3918
3774
3548
2674
1300
565
8
-2565
-5030
-4236
-3640
-5377
-4871
-1825
-385
124
1571
2304
2154
2729
2987
1232
-717
-711
-159
-361
-199
1214
3100
3836
3128
2638
2140
268
-1699
-2694
-3912
-5166
-5519
-5388
-4640
-2499
121
1725
2882
4335
4997
4041
2683
1876
1302
471
-430
-975
-1063
-884
-478
233
969
1251
1027
273
-1004
-1976
-2731
-4005
-4559
-3379
-2623
-2530
-686
1772
2937
4192
5544
5193
3917
2944
1755
-105
-1888
-2456
-2163
-2270
-2361
-1315
63
113
-352
82
219
-1153
-2223
-1963
-1878
-2130
-1571
-281
871
1784
2580
3113
3370
3238
2800
2479
2281
1385
435
92
-1866
-4267
-3697
-3112
-4948
-4557
-1617
-445
-33
1374
1969
1924
2787
2916
1025
-574
-478
-312
-584
-116
1287
2932
3642
3014
2395
1705
-166
-1915
-2542
-3523
-4850
-5219
-4827
-3812
-1748
360
1669
2978
4247
4339
3177
1954
1411
1158
433
-558
-945
-750
-547
-385
194
1103
1418
848
19
-1007
-2272
-3368
-4334
-4122
-2808
-2233
-1392
961
2614
3246
4450
5049
4024
2657
1768
584
-1351
-2497
-1862
-1200
-1532
-1362
-221
330
-218
-664
-438
-696
-1693
-2062
-1602
-1511
-1413
-466
794
1668
2035
2224
2454
2420
2179
2289
2352
2005
1874
991
-1816
-3594
-3007
-3828
-5610
-4106
-1475
-814
-33
1542
1850
2002
3116
2901
604
-840
-582
-561
-1131
-780
1181
3247
3484
2694
2488
1742
-146
-1736
-2587
-3541
-4404
-4826
-4657
-3183
-809
887
1807
3031
4125
3838
2221
1010
996
869
-92
-761
-715
-403
-6
236
524
1182
1347
470
-682
-1870
-2919
-3593
-3808
-3005
-1815
-1035
253
1730
2431
3135
3631
3105
2092
1353
735
-367
-1628
-1378
-38
234
-413
-225
194
-536
-1579
-1884
-1774
-1780
-1824
-1420
-662
-28
536
1185
1839
1970
1357
872
767
547
831
1695
2190
2731
2871
480
-2239
-2131
-2650
-5396
-5241
-2518
-1580
-1025
770
1485
1850
3592
4059
1566
-486
-427
-558
-1437
-1563
13
2490
3461
2610
2250
2048
521
-1200
-2092
-3082
-4002
-4324
-4396
-3357
-822
1114
1823
2930
3951
3448
1702
288
140
519
121
-598
-511
115
431
427
686
1150
1204
382
-1054
-2461
-3271
-3458
-3537
-2628
-827
222
1141
2416
2569
2466
2717
2096
762
-48
-67
-276
-1131
-762
996
1564
613
109
60
-959
-2438
-3018
-2745
-2303
-1805
-804
502
1289
1586
1995
2264
1625
463
-146
-404
-683
-170
1171
2346
3253
3842
2156
-1194
-2221
-2368
-5210
-6450
-3654
-1583
-1003
670
2137
2484
3613
4475
2425
-524
-1286
-1328
-2022
-2304
-782
2385
4455
3780
2845
2413
709
-1706
-3167
-3985
-4572
-4565
-4170
-2880
-176
2181
2996
3612
4112
3259
1153
-945
-1578
-856
-433
-475
266
1559
2121
1891
1450
956
403
-670
-2374
-3781
-4438
-4261
-3276
-1601
321
1773
2889
3614
2846
1687
1335
574
-708
-1235
-625
-15
-215
281
2100
2732
1271
-26
-513
-1791
-3599
-4312
-3689
-2495
-1199
98
1459
2273
2288
2196
1951
1015
-160
-621
-674
-741
-51
1453
2759
3757
4303
2497
-1495
-3305
-3175
-5659
-7527
-4133
-450
467
1789
3290
3055
3109
3570
1430
-1922
-2573
-1787
-1782
-1546
423
3882
6143
5231
3212
1638
-628
-3456
-5233
-5829
-5520
-4179
-2852
-1124
1991
4110
3898
3542
3262
1688
-839
-3020
-3103
-1266
201
857
2336
4107
4147
2726
1084
-510
-1665
-2715
-4225
-5192
-4772
-3227
-1528
73
1788
2922
3270
2902
1346
86
-178
-479
-656
-292
733
1787
1751
1618
2100
1719
-29
-1707
-2370
-2845
-3562
-3646
-2499
-716
432
791
1377
1641
877
214
144
64
-149
156
1002
1678
2104
2824
3458
3476
2883
68
-4077
-5059
-4167
-6088
-6560
-1771
2289
2772
3287
3451
1775
1158
1064
-1740
-4151
-2719
-715
-80
880
3374
6623
7563
4819
1521
-693
-3355
-6014
-6863
-6040
-4061
-1658
-344
1026
3549
4053
2129
1112
580
-995
-2694
-3244
-1754
1331
3499
3868
4339
4825
3433
518
-1939
-3129
-3314
-3446
-3730
-3001
-1787
-903
273
1013
509
223
677
171
-1321
-1023
859
1621
1691
2708
3700
2837
881
210
259
-947
-2368
-2146
-1342
-1549
-1822
-1364
-816
-411
-514
-882
-712
-764
-1181
-728
360
1094
1672
2634
3166
2704
2348
2485
2150
1494
1348
-388
-4149
-4959
-2959
-4130
-5389
-1319
2714
2440
1798
1668
235
-80
335
-1743
-3387
-1273
975
1232
1490
3378
6283
6874
3696
273
-1355
-3120
-5219
-5788
-4631
-2377
-275
-89
34
1897
2204
310
-519
-521
-1057
-1557
-1504
-58
2862
4631
4045
3499
3389
1768
-858
-2616
-2917
-2020
-1362
-1440
-1048
-461
-464
-685
-1163
-2158
-2230
-1109
-904
-1090
801
3013
3261
2899
3075
2846
1424
-399
-978
-541
-681
-1185
-592
298
-76
-739
-1093
-1610
-1755
-1891
-2245
-1824
-1103
-653
42
959
1503
1871
2236
2035
1585
1808
2106
2002
2261
2867
1421
-2545
-4060
-2710
-4200
-6231
-2811
1521
1866
1388
1565
471
282
871
-1421
-3683
-1769
663
897
859
2687
6030
7197
4222
566
-867
-2003
-3934
-5041
-4460
-2207
269
180
-629
793
1341
-573
-1685
-1458
-1461
-1341
-550
1068
3494
4947
4219
3219
2599
727
-1799
-2938
-2479
-1169
-347
-59
545
532
-501
-1426
-2233
-3482
-3416
-1639
-908
-987
1039
3699
3833
2614
2484
2535
929
-1147
-1139
-25
93
-147
702
1348
309
-1026
-1676
-2247
-2692
-2699
-2274
-1313
-428
1
545
1133
1108
946
1072
779
381
1012
2025
2456
2891
3783
3039
-1033
-3727
-2686
-3549
-6256
-4026
909
1970
1281
1543
587
-200
340
-1401
-3874
-2283
677
1296
1091
2593
5625
6992
4274
269
-1366
-1964
-3289
-4171
-3548
-1308
1381
1403
-296
-109
78
-1745
-2984
-2609
-2000
-1130
307
2001
3919
5051
4165
2519
1488
-19
-2170
-2833
-1578
71
1059
1410
1439
744
-746
-2270
-3534
-4458
-3946
-1945
-658
-239
1413
3539
3468
1683
1054
1346
459
-917
-540
1017
1619
1383
1586
1487
-16
-1678
-2482
-2941
-3034
-2487
-1467
-231
470
420
358
380
-156
-776
-617
-238
75
1118
2508
3282
3672
4243
4257
1399
-3222
-4358
-3083
-4673
-5699
-1287
3115
2762
1573
904
-582
-1013
-1350
-3523
-3968
-759
1874
2024
2149
4057
6210
5349
1335
-1846
-2214
-2160
-2671
-2503
-947
1595
2609
673
-1239
-1541
-2108
-3338
-3643
-2431
-746
509
1769
3470
4439
3582
2055
1101
-61
-1712
-2391
-1208
810
2125
2324
1903
869
-935
-2757
-3896
-4569
-4034
-1632
584
766
718
2221
2814
566
-1297
-320
817
134
141
2027
3136
2428
1729
1211
-417
-2298
-2817
-2522
-2500
-2019
-409
995
895
-73
-603
-783
-1305
-1786
-1282
-168
698
1611
2790
3506
3540
3397
3173
1712
-2002
-4520
-3290
-2249
-3596
-2226
2396
3713
1219
-481
-1279
-2164
-2377
-2603
-2704
-968
1818
3089
2578
2465
3871
4435
1669
-1863
-2234
-949
-1104
-1375
93
1987
2363
828
-1177
-2543
-3163
-3219
-3181
-2520
-562
1235
1777
2207
2854
2520
1235
317
-14
-483
-932
-365
1294
2379
2052
1357
445
-1223
-2618
-2983
-3208
-2942
-1026
994
674
-527
52
972
-207
-1693
-653
1250
1515
1309
2175
2982
2384
1251
481
-570
-1833
-2141
-1488
-1043
-958
-270
689
451
-829
-1577
-1505
-1542
-1707
-1051
127
823
1343
2120
2493
2369
2320
2394
2247
1019
-1726
-3145
-1577
-981
-2562
-1469
2083
2321
-436
-1846
-1584
-1484
-1820
-1959
-1182
342
1575
2026
1800
1691
2492
2958
1178
-1281
-1377
123
194
-747
55
1878
1718
-404
-1869
-2183
-2424
-2758
-2598
-1338
188
733
978
1727
1881
1127
627
481
172
2
23
369
1473
2229
1747
960
243
-880
-1998
-2530
-2589
-1985
-685
294
100
-432
-193
132
-520
-1295
-603
1038
1588
982
1241
2459
2240
593
-10
285
-400
-1441
-1103
-324
-533
-705
-156
-64
-979
-1708
-1419
-952
-1052
-788
228
813
739
818
1288
1617
1741
1964
2309
1769
-441
-2110
-1193
-412
-1722
-1568
1160
2142
-104
-2150
-1805
-839
-1431
-2462
-1469
686
1348
832
1080
2055
2539
1942
572
-556
-690
-150
114
-47
369
1608
1958
193
-1810
-2113
-1605
-2018
-2874
-1909
547
1416
345
199
1287
1263
14
-541
129
810
546
463
1575
2236
1453
659
432
-550
-2246
-2665
-1691
-1046
-689
325
1156
488
-719
-903
-816
-1442
-1374
144
1416
1302
1237
2234
2384
925
-21
212
-62
-1003
-1029
-378
-151
-65
-27
-194
-522
-972
-1346
-1469
-1186
-681
-103
403
587
595
618
783
1213
1487
1519
1726
1257
-525
-1708
-1021
-429
-723
-433
799
1207
-143
-1682
-1611
-631
-856
-1898
-1384
353
1144
583
435
1712
2427
1305
-162
-460
-14
175
14
6
675
1581
1089
-463
-1283
-1179
-1017
-1545
-1925
-843
706
784
-99
-126
583
609
-195
-648
31
931
819
304
674
1516
1314
123
-632
-724
-1048
-1541
-1419
-384
722
849
259
-273
-463
-762
-1375
-1238
-132
883
972
745
1215
1504
1036
232
-335
-412
-509
-653
-642
-189
678
812
122
-409
-655
-810
-1115
-1231
-818
-234
217
310
317
518
663
445
190
395
743
734
685
693
203
-299
-435
-667
-736
-452
-223
-71
-53
-234
-232
56
-50
-471
-485
-486
-326
216
599
928
1211
1168
651
-132
-589
-516
-203
9
178
335
302
227
-118
-703
-683
-442
-669
-713
-321
110
509
765
790
796
580
20
-308
-293
-259
-55
228
327
376
160
-199
-251
-344
-436
-273
-171
-285
-445
-415
-301
-231
-171
39
437
465
280
396
498
370
140
16
18
-102
-293
-308
8
221
73
38
-130
-388
-379
-434
-452
-279
11
302
289
209
268
203
-56
-245
-225
-115
38
303
627
875
744
270
-127
-540
-880
-870
-743
-523
-10
326
347
484
504
168
-16
-154
-452
-317
37
263
577
648
447
289
-116
-503
-376
-187
-191
-45
179
271
101
-322
-500
-244
-184
-292
-49
288
546
706
471
245
270
2
-311
-332
-296
-38
274
194
92
206
94
-187
-336
-436
-377
-237
-292
-316
-42
216
193
114
242
335
113
-164
-94
66
-33
-3
120
184
211
-50
-294
-217
-199
-337
-396
-211
51
108
7
-18
260
400
205
132
93
6
-57
-210
-258
-121
-2
116
237
292
353
288
65
-294
-577
-653
-745
-572
-84
307
521
556
397
271
152
-56
-138
26
34
-55
-23
-45
39
118
-28
-106
-46
-173
-406
-367
-62
259
267
-1
83
224
-169
-356
9
231
323
423
414
448
412
115
-97
-144
-310
-404
-359
-323
-210
1
130
135
145
74
-23
-110
-365
-318
-28
137
234
294
426
384
93
-79
-66
-72
-182
-148
-40
-28
56
-40
-114
-59
-219
-403
-426
-189
-1
25
291
466
458
382
234
219
123
48
113
44
-34
-111
-153
-162
-212
-206
-252
-295
-225
-150
-81
40
35
6
128
4
-202
-22
146
86
93
191
277
376
471
370
223
57
-203
-381
-546
-551
-277
-127
-203
-208
-98
-102
-162
-50
223
441
297
178
312
207
141
286
207
165
243
67
-131
-91
-62
-132
-119
-223
-421
-393
-344
-378
-239
32
244
247
122
165
134
36
205
298
230
244
217
69
-46
-71
-213
-265
-92
-140
-249
-219
-227
-178
-278
-452
-340
-129
-20
25
166
386
499
534
481
392
295
157
1
-116
-60
49
50
-19
-144
-306
-419
-512
-605
-506
-240
-119
0
282
398
432
322
110
31
-143
-160
140
342
406
545
420
115
48
-78
-437
-511
-447
-520
-444
-377
-181
101
105
-8
30
67
-37
4
175
392
622
556
413
407
190
36
28
-110
-77
-18
-158
-247
-284
-401
-448
-399
-414
-337
-157
-134
-42
212
369
526
592
445
335
188
-54
-93
-27
76
82
-50
-43
-41
-289
-512
-419
-215
-292
-400
-317
-245
-89
-68
-20
215
262
305
334
364
502
524
449
336
229
34
-200
-273
-322
-277
-175
-232
-256
-302
-359
-397
-435
-338
-214
-56
41
185
430
495
604
535
231
229
172
-41
39
211
222
109
-126
-322
-324
-406
-587
-385
-177
-283
-222
-107
26
207
184
182
283
251
209
311
386
482
636
526
305
132
-241
-451
-452
-580
-422
-89
-34
13
38
-146
-218
-230
-391
-322
-41
119
358
602
624
684
629
209
-3
-61
-414
-470
-222
-131
-109
-113
-125
-206
-353
-450
-438
-321
-296
-210
9
71
219
337
314
347
313
302
294
295
366
339
246
35
-201
-344
-467
-489
-443
-346
-182
-157
-183
-182
-209
-151
-98
-32
36
139
299
430
553
607
588
438
126
-84
-262
-440
-331
-138
-88
-42
-62
-222
-254
-228
-335
-237
-51
-73
-1
46
76
276
358
320
391
405
261
206
192
136
152
47
-150
-242
-451
-634
-505
-344
-216
-31
114
223
222
54
2
127
92
80
212
237
241
296
304
273
168
-5
-132
-246
-429
-402
-138
-99
-160
-197
-250
-289
-400
-350
-58
143
247
305
357
330
209
134
39
103
127
15
72
131
102
22
-84
-101
-161
-334
-415
-313
-196
-146
28
169
143
182
187
67
-45
-10
75
81
66
148
360
426
326
270
90
-217
-418
-577
-598
-400
-173
-34
60
18
-63
42
70
75
290
317
180
169
47
-38
18
14
81
178
142
92
89
24
-37
-60
-170
-259
-336
-439
-301
-111
-22
227
384
321
324
248
23
-12
-16
-91
-3
84
152
205
149
124
0
-235
-386
-443
-399
-373
-166
51
76
134
48
-5
-45
-201
-57
112
169
281
251
247
97
-59
-34
-71
-42
-77
-52
1
-142
-126
-50
-36
-54
-194
-185
-133
-98
75
223
311
351
308
187
-20
-117
-123
-98
-82
-66
10
32
61
75
94
160
66
-220
-334
-391
-447
-246
17
174
253
187
143
201
209
206
190
60
-104
-134
-172
-184
-50
-29
-20
86
15
-55
-50
-78
-10
79
56
98
99
-95
-109
-13
-6
155
278
216
159
36
-75
-73
-145
-223
-129
-87
-165
-58
8
-26
1
-128
-106
-51
-126
17
154
165
125
128
137
51
30
-46
-48
37
-83
-25
-18
-150
-97
-115
-87
-74
-72
39
-20
-12
73
124
218
180
172
119
66
123
92
102
97
13
-69
-174
-217
-213
-174
-144
-151
-162
-160
-111
-28
40
114
199
277
204
16
-30
-21
-29
50
202
258
221
77
-78
-36
-61
-195
-93
-52
-221
-313
-344
-234
-87
-49
83
225
198
213
315
281
238
238
107
0
-54
-131
-119
-50
-19
71
143
54
-57
-152
-290
-336
-332
-296
-126
16
114
259
304
307
234
30
-57
-76
-26
71
157
199
129
-8
-191
-237
-167
-230
-233
-161
-132
-70
-101
-68
-33
-16
72
113
195
239
252
297
228
185
139
19
-14
-42
-93
-131
-88
-62
-152
-178
-246
-310
-224
-149
-103
-76
-44
17
104
178
186
251
295
259
318
253
90
54
-76
-194
-138
-98
-74
15
16
-102
-161
-151
-132
-128
-213
-259
-181
-105
68
237
266
310
344
263
137
96
96
83
55
-48
-93
-131
-261
-261
-208
-200
-81
28
49
16
-44
-97
-112
-106
-90
39
165
220
294
327
338
275
119
0
-94
-179
-213
-171
-166
-221
-182
-162
-179
-108
-58
-44
-59
-69
-56
-82
-6
97
136
205
270
300
288
227
145
57
-30
-120
-135
-139
-175
-153
-124
-117
-138
-145
-108
-85
-86
-31
64
74
55
118
138
111
123
141
171
163
151
192
156
-13
-170
-277
-335
-308
-231
-136
-36
-7
-32
9
60
62
105
101
-2
34
98
86
172
262
245
182
118
44
-2
-67
-163
-172
-202
-246
-206
-192
-154
-64
-26
27
113
126
103
45
-32
14
120
170
249
286
274
227
94
-30
-151
-253
-320
-337
-272
-202
-89
-37
-87
-71
-95
-103
-32
-9
62
139
161
193
202
200
133
82
79
27
43
74
20
-43
-78
-129
-215
-234
-231
-220
-157
-107
4
126
184
203
199
211
180
147
108
27
13
-7
-39
-13
4
29
18
-7
-35
-92
-107
-187
-310
-349
-332
-222
-56
137
270
316
308
228
217
205
124
62
-23
-82
-94
-121
-54
20
5
17
-43
-166
-181
-200
-243
-173
-100
-72
25
76
85
161
217
256
312
296
203
106
24
-14
-51
-85
-57
-74
-113
-123
-145
-142
-158
-174
-217
-211
-133
-92
12
127
189
203
155
156
147
131
164
119
77
22
-46
-84
-157
-120
-77
-89
-94
-131
-136
-161
-214
-179
-96
19
121
191
261
274
266
205
140
104
51
30
5
-12
-18
-47
-72
-103
-125
-163
-221
-254
-256
-225
-149
-14
101
170
236
218
149
125
84
74
108
128
134
143
89
16
-23
-106
-163
-163
-217
-250
-210
-206
-176
-104
-63
17
81
75
112
150
146
169
175
148
165
167
128
89
28
-38
-76
-119
-156
-159
-181
-188
-202
-235
-165
-77
-15
96
134
106
121
108
79
99
149
178
174
149
98
52
-2
-76
-137
-154
-147
-188
-236
-233
-223
-182
-133
-93
7
73
92
147
169
194
244
208
155
160
141
124
120
85
52
2
-93
-202
-238
-261
-277
-253
-219
-156
-92
-49
14
70
105
124
115
121
132
168
228
276
289
235
95
-19
-121
-200
-192
-166
-162
-162
-186
-226
-191
-140
-108
-22
12
-6
29
51
91
185
236
290
327
247
175
130
31
-11
-9
-86
-153
-230
-301
-264
-221
-188
-107
-49
-46
-45
-40
-38
4
67
131
205
258
282
279
234
174
104
52
12
-74
-111
-157
-207
-188
-204
-198
-173
-203
-187
-133
-79
8
71
92
120
155
156
166
183
165
175
156
106
73
19
-21
-38
-80
-116
-138
-172
-194
-200
-177
-148
-88
-12
6
29
77
85
104
149
163
186
202
152
125
116
49
-2
-22
-98
-115
-73
-159
-182
-153
-196
-146
-104
-125
-45
17
6
64
113
112
153
159
94
104
114
73
64
44
12
22
-25
-85
-100
-132
-144
-138
-130
-104
-77
-58
-22
8
40
87
107
127
139
110
105
98
58
66
74
48
36
6
-44
-87
-118
-159
-150
-138
-140
-95
-63
-36
8
21
42
57
50
69
79
94
99
97
104
69
66
52
-8
-32
-62
-82
-92
-122
-134
-136
-126
-95
-57
-22
-5
22
36
51
78
99
107
103
86
80
91
90
82
54
18
-17
-46
-80
-109
-124
-118
-100
-92
-60
-23
-14
-3
-3
-9
6
35
65
97
101
86
85
61
52
47
25
1
-5
-40
-92
-97
-111
-107
-79
-86
-49
-2
-18
2
22
24
67
71
63
74
58
47
57
48
48
68
39
-5
-19
-57
-89
-94
-100
-80
-56
-53
-37
-19
-6
16
33
37
51
52
41
54
59
36
19
-3
-8
4
-4
-15
-27
-32
-29
-44
-62
-70
-58
-50
-40
-7
14
27
38
50
58
60
70
80
72
59
39
15
-10
-34
-32
-34
-41
-47
-53
-49
-51
-53
-38
-19
-11
-5
-1
3
12
33
41
40
50
38
48
61
44
48
28
-5
-12
-41
-59
-50
-49
-42
-36
-25
-17
-11
-12
-9
6
1
12
25
15
29
39
40
39
32
19
0
-4
-8
2
-5
-39
-45
-47
-46
-26
-15
1
12
20
28
23
32
24
8
8
10
21
25
24
16
15
9
-6
-16
-23
-6
-9
-29
-23
-33
-23
-17
-23
-5
-2
3
3
-1
8
5
18
14
19
29
2
2
-13
-22
-17
-37
-35
-36
-26
-10
-13
-4
0
12
16
9
26
28
28
33
25
27
21
12
2
-19
-20
-11
-6
-8
-17
-18
-14
-26
-32
-38
-33
-16
-13
8
22
24
34
33
27
21
11
18
22
14
14
12
5
-8
-9
-13
-27
-31
-30
-27
-20
-11
-3
-2
3
12
12
16
23
27
27
20
18
18
16
9
8
13
10
6
-13
-28
-23
-28
-38
-37
-34
-8
7
4
11
15
16
26
31
23
16
9
-12
-14
-1
-4
2
3
-10
-24
-25
-21
-31
-31
-24
-28
-14
-13
-4
7
3
18
18
20
26
19
17
20
24
23
24
17
5
6
5
-11
-22
-31
-34
-32
-29
-23
-14
-8
-8
-3
-4
3
9
16
26
24
32
31
20
14
-4
-3
-6
-13
-5
-1
8
-5
-11
-11
-22
-13
-9
-6
-4
-10
-10
-6
-1
7
9
11
13
13
7
4
14
25
25
19
6
-7
-5
-16
-24
-13
-7
-1
0
-1
-1
1
7
1
7
12
5
9
7
-4
0
4
-2
-5
-7
-7
9
13
4
-2
-17
-19
-16
-12
-4
-3
-3
-5
-3
-4
-9
-6
-5
-4
-1
2
0
-7
-16
-17
-9
3
2
8
9
5
2
5
17
19
10
5
-2
-2
-1
-3
-2
-2
0
3
3
3
7
0
-4
-7
-6
-2
4
1
-4
0
7
7
4
2
3
14
16
16
10
-3
-8
-15
-23
-20
-12
-5
4
5
-1
0
5
3
6
4
3
9
16
12
2
2
0
8
12
2
6
7
2
2
-3
1
0
-10
-15
-10
-8
-14
-10
-13
-12
5
12
15
13
13
13
6
6
-1
-7
-9
-7
-6
-8
-6
-14
-15
-8
-5
0
0
-5
-8
-13
-15
-10
2
8
17
21
17
15
13
9
4
3
1
-3
-1
-3
-8
-8
-8
-9
-9
-8
-3
4
6
4
8
9
10
6
3
1
-1
0
10
15
14
10
6
8
7
6
1
-4
-8
-18
-16
-16
-14
-8
-7
-1
4
8
12
9
3
0
-1
0
3
3
4
9
3
0
0
6
8
2
-5
-8
-7
-18
-21
-18
-20
-14
-6
-5
2
0
-7
-4
1
10
11
15
12
-3
-4
-8
-10
-5
-1
0
3
5
3
-2
-15
-19
-15
-13
-12
-8
-4
1
4
-2
-1
4
8
15
16
12
6
6
2
-2
7
5
0
0
-3
-3
-7
-11
-12
-10
-2
-5
-1
6
5
10
5
7
9
4
3
2
6
10
7
6
10
15
19
18
10
4
3
-1
-5
-1
3
0
-1
1
0
-3
-6
-8
-3
3
8
11
7
6
2
-1
-2
3
2
-4
-3
-2
-2
-1
4
7
4
0
-7
-9
-8
-8
-9
-10
-5
2
6
9
6
-2
-9
-15
-12
-15
-10
-5
-3
-3
-2
-1
-3
3
5
-2
0
2
2
3
0
4
3
-1
3
7
9
6
0
-4
-7
-7
-5
-1
1
6
3
-4
-2
-2
4
11
14
12
6
5
2
-2
-4
0
3
-1
-9
-9
-3
-1
-4
-6
-4
-2
-6
-4
0
-1
6
6
4
5
7
10
8
5
2
3
2
1
1
1
1
2
-1
2
2
-9
-11
-11
-13
-14
-10
0
2
6
5
1
3
1
0
2
1
-1
-2
-1
1
0
-4
-3
0
-4
-7
-9
-12
-10
-8
-5
-3
-2
4
2
2
3
1
-3
-6
2
6
5
4
3
3
2
2
-1
1
5
7
6
-2
-6
-8
-9
-7
-5
-2
6
9
10
7
2
-4
-8
-8
-4
3
8
9
5
3
6
6
4
1
1
-6
-5
-1
-3
-5
-6
-5
-3
3
6
3
0
1
1
3
6
8
9
6
6
2
0
-2
-3
-4
-6
-6
-5
-2
1
-1
3
5
5
4
3
5
4
1
-2
2
-3
-9
-7
-8
-4
-2
-5
-1
3
0
-1
3
-1
-6
-8
-9
-8
-5
-3
-1
-2
4
8
2
2
1
3
2
0
4
4
2
0
-2
-4
-6
-9
-9
-7
-5
-1
0
4
9
12
9
3
-1
-3
-5
-6
-2
-2
-7
-6
-5
3
9
10
9
12
8
-1
-8
-11
-11
-8
1
4
5
8
3
3
4
2
2
3
0
-4
1
3
-1
-4
-6
-6
1
7
9
5
4
3
-7
-5
-2
2
2
7
10
3
-2
-4
-1
4
3
2
2
1
-4
-5
-3
-6
-6
0
5
2
4
2
3
-1
-1
0
-1
3
3
0
-2
-1
2
4
0
-4
-4
-5
-7
-9
-6
-6
-2
3
-3
-6
-3
-2
0
4
9
6
3
1
2
1
-5
-6
-3
3
9
12
12
10
9
-1
-9
-10
-9
-5
-5
-1
0
-2
1
-1
2
3
2
3
0
0
-1
-5
-5
-2
0
-4
-3
-2
-4
-3
-5
-7
-4
1
4
4
2
3
2
2
2
2
2
-4
-1
1
0
-1
0
6
9
9
8
3
-6
-9
-7
-4
-2
0
8
4
-1
1
-1
-3
-1
-1
-4
-5
-2
2
1
3
6
7
5
2
2
-1
-4
-3
-4
-8
-10
-8
-4
-1
1
5
2
-3
-2
-3
3
2
0
0
-2
-7
-3
5
6
7
6
1
-4
-2
-1
-1
-3
-4
-2
3
4
-1
-2
-1
2
3
-3
0
1
-3
2
7
9
9
7
4
4
2
-3
-5
-5
-4
-3
0
2
-1
-2
1
-4
-3
-2
-1
5
8
10
10
4
-1
-3
-3
-3
-3
-4
-1
0
3
10
9
5
2
-1
-3
-6
-4
-5
-2
0
-3
-2
-1
3
3
5
6
6
2
-1
-2
-4
-3
-3
-4
-1
1
0
-2
-3
-4
-2
-6
-9
-7
-3
6
8
8
8
3
0
0
0
-5
-3
-4
2
6
4
2
-1
-2
-4
-4
-4
0
1
-2
-3
-5
-5
-2
1
0
3
4
8
8
6
4
3
5
1
-4
-3
2
5
1
-3
-3
-3
0
-1
-3
-6
-8
-7
-4
0
5
7
6
5
4
0
-2
-1
0
0
-4
-6
-4
-1
1
0
0
0
0
-3
-2
1
0
-2
-4
-3
-1
-2
-4
-4
-1
3
2
2
0
-2
-5
-5
-3
1
2
0
-5
-4
4
4
2
2
2
2
1
0
-2
-5
-4
-2
-4
-1
3
4
4
4
1
-3
-5
-3
3
2
2
3
0
-1
-1
1
1
-2
-5
-5
-5
-3
0
5
5
6
5
4
3
1
1
-2
-1
-3
-1
-2
-4
-4
-2
-5
-5
0
5
8
5
4
1
-1
-2
-5
-5
2
3
3
3
2
2
-1
-8
-8
-6
-1
0
-2
-1
-2
-3
-2
1
3
4
3
-2
-5
-4
-4
-7
-4
-3
-1
2
2
2
0
3
5
4
4
2
1
-2
-1
3
5
0
2
6
9
10
7
-1
-1
-1
-5
-5
-4
-3
-1
-1
0
0
3
5
4
3
3
2
2
-2
-2
1
1
0
-1
-3
0
1
-2
4
8
7
7
4
1
2
6
5
6
10
6
-3
-7
-8
-5
-5
-8
-5
-3
3
5
7
6
5
3
-1
0
1
0
3
4
-1
-6
-5
-6
-8
-2
1
-1
-2
-8
-7
-8
-6
-2
0
0
0
3
2
5
4
3
-1
-3
-3
-4
-4
-2
-1
-3
-3
-2
-1
-1
1
0
-2
2
1
4
4
3
3
3
4
3
6
4
3
2
0
-3
-2
0
5
9
9
7
2
0
1
-3
-7
-3
-1
-6
-7
-6
-2
-3
-2
0
0
1
1
1
2
5
3
-1
-7
-9
-4
5
6
2
1
1
-1
0
3
0
-4
-4
-1
-6
-10
-4
-1
-1
3
6
6
3
3
5
4
1
-1
-3
-2
-6
-7
-3
-3
-1
-1
0
4
4
1
-2
-2
-4
-3
-3
-2
-2
-1
0
0
2
0
-4
-4
-6
-5
-3
-2
1
1
2
5
8
6
4
1
-2
-5
-5
-4
-4
-2
-1
0
4
2
-2
-3
0
5
7
4
4
4
2
0
-2
-1
-2
-2
-6
-5
-1
-1
-5
-3
-6
-5
-5
1
4
5
2
2
1
0
1
0
0
-1
1
4
7
3
0
-1
1
-1
-2
2
0
-6
-8
-11
-12
-7
-5
-3
0
1
2
4
8
7
8
6
3
3
4
2
1
1
1
5
2
2
-2
-2
2
2
1
2
2
-1
1
3
2
1
-2
1
1
3
7
7
6
7
6
2
-2
-1
-3
-5
-2
-1
1
0
0
0
-3
-5
-5
-1
-3
-2
3
2
1
0
-2
-3
0
4
5
3
6
3
-4
-7
-6
-1
1
-2
-4
-6
-2
-2
-1
1
2
1
0
-1
-2
0
-1
3
4
3
7
8
5
-1
-2
-4
-4
-7
-5
-3
-2
0
0
4
3
0
-5
-5
-2
2
4
2
4
2
4
0
1
-2
-6
-2
-4
-4
-2
-2
-3
-1
4
5
6
3
0
2
2
1
0
3
-1
-4
-5
-4
-2
2
4
4
1
2
1
-2
0
1
4
1
2
2
2
4
2
0
-1
-2
-5
-4
-1
-1
3
1
1
2
2
2
3
0
0
1
-3
-4
-6
-7
-8
-3
1
4
7
6
5
3
2
1
-1
1
-2
-2
0
-1
-1
2
2
1
1
3
1
-1
-4
-5
-4
-4
-2
-1
-2
3
3
1
-1
-5
-8
-7
-1
3
3
2
1
-3
-4
-1
1
3
4
1
3
5
3
3
-4
-7
-5
-5
-3
0
6
10
9
7
7
7
-1
-8
-10
-9
-5
-2
-1
-1
0
-1
3
4
1
1
0
1
2
1
3
1
-4
-9
-9
-5
-3
1
6
9
8
2
0
-1
-2
1
-6
-5
-4
-4
-6
-8
-7
-4
1
6
10
11
10
4
-3
-5
-3
1
0
4
9
8
6
3
-6
-9
-6
-4
1
3
2
1
1
0
1
-1
-1
-3
-6
-3
-2
0
4
0
-3
-3
-1
1
2
3
3
5
3
-2
-2
-3
-1
1
4
7
5
-2
-5
-5
-7
-3
2
3
7
7
3
-1
0
0
0
0
0
0
0
-2
-8
-9
-4
0
3
0
3
6
1
-2
-3
-2
0
-1
0
-1
-3
-5
-5
-3
-1
2
6
7
3
2
-3
-5
-5
-4
-1
-1
5
3
1
4
4
3
1
1
2
2
2
1
0
1
4
5
3
2
5
5
4
-1
-2
-1
0
-1
0
-1
-2
-2
-3
-4
-6
-7
-5
-4
0
3
4
4
4
3
2
-2
-7
-5
0
1
0
-3
-3
0
4
6
1
1
2
2
1
2
2
-1
0
0
-2
-2
-3
-2
-2
-4
-7
-2
1
3
5
7
6
3
0
0
-1
-2
-4
-7
-4
-7
-6
-3
1
-3
-7
-7
-8
-3
0
4
8
8
6
3
1
-2
-3
-2
2
3
4
4
1
2
1
0
2
1
-4
-4
-3
-1
-4
-3
3
4
2
3
4
3
-1
-8
-8
-4
-4
-4
1
5
6
5
5
2
2
0
-3
-2
-2
1
3
1
-2
-2
-1
1
-2
1
3
3
2
1
0
3
3
7
4
1
1
-1
1
-2
-1
1
-2
-2
-1
1
0
0
1
-1
1
1
2
2
4
6
4
2
-1
-3
-5
-4
-2
0
1
0
-1
0
4
5
6
7
5
-1
-2
-5
-6
-4
-3
-2
-3
-4
0
-1
-4
-2
0
0
3
5
6
-1
-4
-6
-8
-9
-6
-1
4
6
5
-1
-1
1
2
1
1
5
5
-2
-4
-6
-6
-5
-3
-4
-6
-4
-4
-1
-1
0
-2
-1
1
0
2
-1
-2
-1
-2
2
5
5
0
0
0
-3
0
0
-5
-5
-3
-2
4
7
7
7
6
5
1
-2
-2
-2
-3
-4
1
5
11
15
12
10
9
6
-2
-3
-2
-3
-2
-2
-2
2
2
-1
-1
0
0
1
-1
-5
-6
-7
-6
-5
-1
3
3
3
3
2
-2
-3
-5
-7
-4
-3
-3
-4
-5
-3
-5
-3
0
0
-4
0
2
-2
-2
-3
-5
-2
-1
3
3
5
4
2
1
-2
-2
-4
-4
-3
-1
4
5
5
4
7
6
4
6
8
6
0
-4
-6
-5
-6
-3
-2
0
0
1
2
4
4
4
5
3
6
5
6
5
2
1
3
6
6
2
-1
-2
-3
-8
-13
-13
-8
-6
-7
-7
-3
0
3
3
0
1
3
1
-1
0
-2
-1
2
5
8
7
10
9
4
-4
-6
-6
-5
-1
-1
1
5
6
7
6
5
5
3
-1
-2
-1
1
2
-1
-3
-4
-7
-8
-6
0
2
4
6
6
5
1
-3
-3
-4
-9
-9
-4
-3
-6
-5
-3
1
0
0
0
0
5
3
4
5
5
4
-2
-4
-4
-3
-2
1
-1
2
1
-2
-2
-1
1
1
0
3
4
3
4
0
1
4
3
2
1
0
0
0
-3
-2
-3
-4
-7
-8
-4
2
5
4
4
3
5
6
3
3
-2
-4
0
4
-1
2
4
2
-4
-8
-4
1
3
5
2
1
3
1
-5
-5
-1
4
8
8
6
4
-1
-4
-5
-7
-8
-2
-2
-4
-4
-6
-5
-2
1
0
1
1
2
-1
-5
-4
-3
-2
-2
-2
2
9
7
2
1
0
-2
-2
1
1
2
3
6
6
4
-1
-7
-8
-8
-6
-1
2
2
3
6
2
0
0
2
1
2
2
0
0
1
0
0
0
-2
-3
0
6
3
2
3
-2
-4
-5
-7
-7
-4
-3
-1
1
3
5
6
6
8
8
8
7
0
-1
-2
-5
-5
-4
0
-1
-2
-2
1
-2
-1
-3
-3
-2
-3
-3
-1
-2
-3
-2
-4
-4
-3
-2
0
4
3
2
3
-1
-2
1
4
5
6
2
-1
-2
-4
0
1
2
0
-2
-4
-3
0
3
6
5
6
4
4
5
2
1
-4
-4
-4
-2
-2
-2
2
-1
-3
-3
-4
-4
-4
-4
-2
0
2
4
4
5
3
4
4
2
-4
-7
-8
-8
-8
-5
-3
-4
-3
-1
-5
-6
-6
-3
6
12
13
15
14
7
3
0
-2
3
3
0
1
-1
-6
-2
1
3
7
6
3
1
-2
-4
-9
-11
-7
-2
4
5
8
9
7
5
2
1
1
0
1
-3
-7
-10
-9
-9
-8
-8
-3
2
6
3
2
-3
-4
0
2
3
3
3
1
-1
0
3
3
4
4
3
7
5
0
-2
-5
-5
-6
-6
-2
-1
-4
-4
-3
0
5
6
5
1
2
-2
-6
-3
0
5
7
8
5
4
2
0
-1
-3
2
2
-5
-8
-9
-7
-6
-5
1
1
4
5
6
6
4
-1
-4
-3
0
0
-4
-3
0
-5
-4
-3
-1
1
-1
-4
-6
-4
-5
-3
-1
-1
-2
-1
6
9
7
5
3
1
0
2
0
0
-2
-4
-3
-2
-2
-3
0
1
1
2
3
3
1
-4
-4
-4
-3
0
5
9
7
5
8
8
4
0
0
-2
-2
-5
-7
-4
-2
0
-1
3
4
4
8
7
7
3
-2
-6
-3
-1
0
-1
-3
-4
1
6
8
8
6
5
1
-3
-1
1
0
-2
-3
-3
-3
-6
-5
-1
2
2
2
3
3
5
1
1
1
-2
1
-3
-4
-4
-2
2
4
2
4
5
2
1
0
-1
-1
-2
-5
-5
0
4
3
2
1
1
0
-3
-1
-4
-4
0
-1
2
2
-1
1
-1
0
0
-2
0
2
1
2
3
3
1
1
-2
-2
-3
-5
-3
0
3
3
2
2
2
1
0
-3
-3
-5
-7
-1
1
-1
0
0
2
1
3
4
2
0
-1
-4
-4
-7
-3
1
2
2
0
2
1
1
-1
-3
-2
0
-1
0
-2
-2
-3
-3
-3
-5
-2
-2
-3
-3
0
0
1
2
2
0
-3
-3
-5
-4
-2
0
2
3
4
9
7
5
3
-8
-8
-1
-2
6
4
-4
-3
0
-2
-6
7
3
5
12
-3
-5
-2
-3
1
-2
-1
4
4
2
-4
-6
-11
-11
-7
1
8
3
1
6
7
-2
-7
3
-2
12
11
0
1
-11
-11
-10
2
12
8
3
-11
-3
7
4
12
11
0
-5
-14
-17
-14
-7
-4
-1
8
-1
4
13
4
-2
-9
-5
-3
-1
-2
-5
-1
3
1
-6
-3
2
15
17
13
12
5
-6
-21
-27
-15
5
14
13
4
1
-2
-8
0
0
6
14
17
3
-23
-25
-12
4
13
11
5
-4
-1
4
-3
-4
-5
-4
-4
-7
3
4
14
15
-8
-12
-2
7
3
-7
-1
1
1
4
-2
0
5
4
3
1
1
2
2
2
1
4
6
8
7
-3
-10
-14
-11
0
10
18
14
3
-2
-6
-5
-4
-2
-1
-6
-4
-3
-5
8
10
3
3
-5
-10
-13
-13
-1
5
11
10
1
-3
-5
1
5
1
4
-1
-3
0
-4
-2
0
0
-5
-6
2
11
10
6
-8
-12
-3
-5
-3
1
10
15
0
-5
0
13
25
15
2
-11
-8
-2
-5
-1
-4
-1
-6
-15
-2
7
9
12
-3
-2
2
-6
-9
-6
6
6
1
-1
-7
0
-2
-8
-4
-3
-4
-10
-10
-6
-6
-4
-3
4
15
19
6
-6
-11
-8
-5
-5
0
6
13
13
1
-3
3
-5
-4
0
1
7
7
7
4
5
-1
-11
1
2
2
5
-5
-4
-9
-2
8
5
3
-2
6
6
-2
0
-5
-1
4
1
4
3
-4
-5
-12
-11
-5
1
5
3
7
-4
-12
-6
2
8
10
8
2
-5
-12
-13
-14
-4
1
1
8
5
5
7
5
2
-3
-8
-18
-10
8
7
6
2
1
-4
-2
2
4
14
9
-5
-10
-5
-4
0
10
-2
-7
0
-4
-6
-4
-1
-9
-1
5
3
10
2
0
-7
-9
-2
-1
7
2
4
3
-11
-7
1
6
4
2
8
3
-3
-1
-8
-15
-12
1
9
8
18
13
-1
-4
-7
0
2
7
0
-7
3
-2
-1
4
-2
5
6
-4
-6
-8
-3
-6
-5
-3
1
15
20
16
4
-8
-15
-8
3
13
17
10
1
-8
-13
-11
1
16
15
3
-8
-14
-16
-12
2
5
3
6
0
-8
0
0
-3
4
4
0
-1
3
-3
-3
1
-7
-1
1
-4
10
12
11
4
-7
-13
-21
0
5
10
21
6
3
-4
-9
0
6
11
4
-8
-10
-14
-7
5
1
8
9
5
7
1
5
-2
-12
-13
-15
8
0
12
19
1
7
-5
8
1
-1
0
-9
7
-5
2
5
-4
-8
-13
-5
-9
0
-1
2
-4
-8
4
2
14
11
-3
-6
-11
-4
-3
6
5
1
10
-5
2
0
3
8
-3
1
-6
-2
-2
-9
-7
-9
5
1
-4
-2
-12
-1
0
3
3
3
5
1
15
9
2
-9
-20
-12
-13
7
6
4
12
8
5
4
6
9
6
-3
-5
-5
-2
-10
-6
2
-5
7
0
-2
4
6
11
-1
-2
-11
-8
9
4
2
-11
-12
-7
-3
11
11
3
3
10
9
-1
7
7
-8
-9
-11
0
13
9
6
-9
-12
-5
-11
-2
1
3
1
-7
-8
-14
-10
5
9
4
8
9
-1
-3
0
-3
4
9
2
1
-6
-11
-12
-11
-1
10
21
11
3
6
-5
-6
-1
-7
1
-5
-19
-8
-6
6
12
11
5
-20
-3
-3
4
40
12
-2
-19
-23
6
7
8
-5
-16
-11
-11
5
9
12
1
-8
-3
5
15
12
14
-2
-16
-17
-18
-4
-1
7
2
-1
3
3
17
11
11
-1
-11
-4
-18
-8
2
-1
8
-6
-12
-11
2
19
24
32
9
-12
-19
-31
-8
13
28
15
-6
-18
-21
4
11
23
34
8
-14
-29
-15
17
23
16
-16
-37
-35
-23
15
35
44
23
-17
-29
-20
13
26
21
5
-19
-24
-20
-7
9
20
14
-10
-23
-15
0
16
27
22
1
-21
-27
-11
-5
3
13
5
-9
-16
-14
-8
12
21
19
9
0
-1
-13
-14
-9
-10
9
6
-13
2
11
6
-3
-2
17
15
-5
-13
-21
-6
5
-8
-4
-6
-8
-9
0
27
28
8
-5
-12
-10
-6
2
16
16
5
2
-17
-23
-2
3
21
21
7
-2
-23
-20
-14
-4
20
12
1
-24
-23
5
9
29
22
-14
-31
-35
-5
26
45
33
-1
-17
-31
-18
18
30
30
16
-27
-38
-35
-23
8
17
20
13
-5
-18
-28
-7
17
27
31
2
-10
-9
-11
1
15
26
23
-2
-17
-13
-3
14
12
5
-6
-20
-21
-11
8
14
10
4
-4
-12
-19
-8
15
22
21
3
-12
-13
-9
4
14
17
5
-10
-24
-20
-2
2
-1
-3
0
0
7
1
-14
1
7
-2
2
5
2
0
-10
-12
-1
4
16
13
-10
-21
-21
-11
-9
-4
-1
3
12
5
0
-8
-3
3
6
9
2
6
2
-5
5
7
9
7
-2
6
5
5
9
-7
-11
-12
-15
-4
2
3
-6
-16
-6
3
7
8
12
19
18
20
0
-16
-13
-11
1
13
14
5
-8
-14
-7
2
8
1
-3
-1
-3
9
17
8
-5
-14
-9
4
15
18
8
-11
-16
-12
0
17
18
6
-9
-21
-21
-11
7
18
8
-9
-14
-16
-14
4
5
11
14
5
-7
-12
9
15
15
10
-12
-20
-26
-15
8
20
16
4
-12
-17
-7
5
16
20
3
-6
-12
-17
0
13
13
5
-10
-16
-19
-16
-3
6
13
10
8
9
2
7
-4
-9
-9
-10
-3
6
6
-9
-16
-15
-2
16
19
17
2
-8
-17
-21
-5
6
10
0
-14
-14
-4
11
21
10
-2
-8
-13
5
18
20
18
3
-13
-18
-7
7
11
13
5
-7
-11
-4
2
4
8
4
-3
-4
-6
-1
2
-8
-8
-1
-1
12
8
10
7
-13
-18
-16
4
16
17
7
-20
-27
-21
-8
17
24
15
-2
-15
-21
-12
9
21
16
1
-16
-18
-7
-1
9
14
7
-1
-2
4
2
4
6
-8
-2
7
5
7
2
-1
5
5
9
6
3
-2
-9
-2
3
10
13
-8
-4
-8
-16
-5
-2
14
19
9
-4
-11
3
12
14
7
1
-10
-20
-14
-7
15
18
3
-6
-20
-7
8
7
11
-1
-5
-6
-6
4
4
9
-2
-18
-11
-5
9
17
10
2
-4
-6
-9
-4
6
1
-6
-11
-14
-10
2
17
17
9
0
-13
-15
-4
11
19
8
-4
-14
-18
-3
9
15
9
-5
-9
-8
2
1
3
0
-4
-3
-4
2
2
0
0
-2
11
6
-3
-1
-3
9
12
-1
-11
-14
-10
-3
7
8
1
-10
-17
-13
-2
13
21
17
9
-6
-16
-9
0
13
14
6
4
-13
-11
-5
-7
2
-1
-5
-11
-15
-7
-6
1
8
-5
-11
-17
-10
1
10
18
2
-7
-18
-20
0
13
29
25
4
-5
-13
-5
4
4
4
-17
-25
-18
-8
13
18
12
5
-4
-4
1
8
11
10
2
-14
-9
5
5
9
3
-1
1
0
4
5
4
1
-11
-14
-16
-22
-10
-7
1
16
13
12
11
0
-6
5
13
9
2
-6
-5
1
0
2
5
7
7
1
6
6
3
2
-3
-8
-5
5
4
3
1
-4
-8
-13
-11
2
11
14
10
6
2
-8
-10
1
-3
-4
-6
-13
-10
-8
-3
1
7
13
12
5
1
-1
-4
-8
-10
-2
0
0
6
6
3
-2
-9
-3
-3
-1
3
3
2
2
-4
-10
-4
1
7
9
7
-1
3
7
6
6
0
-4
-4
0
4
3
2
0
-5
-4
-2
5
10
3
-1
-8
-7
-1
1
3
2
4
7
6
-1
4
5
2
-1
-5
-4
-4
-1
-1
-4
0
-1
-1
-4
-5
5
5
1
-1
-4
-2
7
4
0
0
-1
0
-6
-1
4
3
6
3
-2
-8
-11
-8
-12
-12
-9
-9
-2
2
9
9
3
12
11
7
7
5
5
0
4
0
-4
-5
-6
-8
-5
-3
-1
-1
-5
-2
3
5
3
2
-1
-4
-3
0
5
10
8
3
2
4
6
0
-1
-2
-5
-3
-7
-1
2
1
-2
-5
2
2
3
2
2
2
-4
-3
-1
-4
3
6
8
2
-1
2
-4
-5
-5
-5
-2
1
-4
-5
-6
-8
-4
4
6
6
6
2
-4
-1
1
0
0
-2
-6
-1
2
4
1
-1
-3
-5
-5
-1
1
-1
-5
-3
-1
-1
-2
-2
1
2
7
7
7
10
6
-2
-8
-7
-2
1
1
0
-1
-2
-1
-4
-1
-4
-8
-7
-2
3
2
2
0
-5
-3
-2
-1
5
8
3
4
3
-3
-1
5
5
4
4
3
1
-1
-4
1
6
5
0
-2
0
3
2
0
1
3
1
-2
-2
4
5
1
-4
-7
-5
-2
-3
-3
-4
-1
2
2
2
5
7
4
4
-1
-7
-10
-5
-5
0
5
2
2
3
3
-2
-5
-4
-3
-2
0
3
7
6
4
1
1
7
4
2
5
2
1
-2
-6
-11
-7
-2
-4
-1
-2
-4
-3
-3
2
5
8
2
-2
-4
-7
-6
-1
4
7
4
9
11
7
7
3
0
-2
-8
-15
-19
-12
-3
-1
1
3
2
5
8
10
5
-3
-3
-3
-6
-8
-8
-4
-5
-4
-10
-12
1
11
18
14
6
2
-4
-7
-4
-2
0
0
0
2
4
9
11
8
5
2
-6
-7
1
0
-5
-11
-7
-3
-1
4
5
6
6
4
-2
-8
-5
-6
-4
0
1
3
3
0
2
4
4
4
-1
-3
-3
-1
-1
3
3
0
-2
-4
-1
4
5
1
1
2
2
4
6
6
7
7
2
-7
-5
0
-4
-2
2
1
1
2
3
3
1
-1
-1
0
2
1
2
6
7
3
-4
-9
-10
-9
-7
-2
-4
-1
1
-1
-2
-1
0
1
1
0
-1
6
4
-5
-4
-2
0
-1
-6
-6
0
3
2
0
1
1
2
-2
-1
3
4
-1
-6
-9
-6
2
3
0
3
3
0
1
1
4
3
-3
-5
-6
-4
-4
-1
1
0
1
0
0
0
0
-1
-6
-4
2
4
6
9
8
3
-2
-7
-9
-8
-5
-2
2
5
2
-5
-3
1
3
4
2
1
0
-4
-7
-2
2
0
0
4
2
1
2
2
3
1
-1
0
3
3
5
1
-4
0
-1
0
2
1
0
-1
-2
-5
-5
-1
0
-1
-2
-3
1
4
-1
-3
-5
-1
2
1
4
3
0
-2
-3
-2
-4
-5
-1
2
1
0
-2
-3
3
7
8
8
3
-1
-3
0
0
-2
1
2
1
3
5
7
1
-1
0
2
0
0
0
-3
-5
-2
-2
0
3
3
3
3
2
-5
-3
3
0
-3
-6
-4
0
2
-1
-2
3
3
-1
-1
0
3
2
-1
3
5
4
-1
2
4
2
1
-1
-5
1
5
7
5
1
0
-3
-1
1
0
0
-1
2
6
5
1
1
3
2
-3
-3
2
0
-1
-4
-4
2
2
-1
-6
-4
-2
0
1
-2
0
0
1
-1
-2
1
1
-3
-5
-3
2
3
1
-2
2
7
2
-1
-3
-7
-4
-3
-5
-3
-1
-2
-3
-5
-5
-3
2
4
7
5
-1
-3
-1
2
0
-2
-5
-5
-5
0
3
2
1
0
-5
-8
0
5
2
-5
-6
-2
0
5
7
4
3
3
1
0
-2
-3
-1
-2
-6
-7
-4
1
4
5
3
2
-2
-3
0
1
-1
-3
0
1
2
2
0
2
3
3
1
0
0
-1
-2
-5
-4
-2
-3
0
-1
-1
3
-1
-1
-1
0
1
-1
-3
-1
1
1
0
2
5
8
10
3
0
-2
0
-2
-6
-1
1
2
3
2
4
5
3
-5
-9
-4
-2
1
5
-1
1
10
6
7
10
12
11
3
-1
1
2
-1
-6
-7
-4
1
0
-3
-1
1
2
5
2
3
4
1
-1
-2
0
-4
-3
-1
-1
-2
-4
-3
5
8
8
3
-6
-5
-7
-8
-1
4
3
2
3
0
1
1
-3
-5
-10
-9
-6
0
4
3
4
9
13
13
5
-4
-7
-7
-10
-12
-12
-9
-3
0
7
12
15
8
-5
-9
-4
0
-3
-3
-4
-2
-1
1
7
12
14
5
-3
-5
-5
-1
-6
-15
-14
-3
7
9
4
5
5
4
3
-1
-7
-8
-2
2
1
-4
-7
-1
2
6
5
-2
4
5
-3
-7
-3
-4
-8
-6
-5
-1
5
10
12
8
1
-1
2
4
5
-1
-7
-7
-4
-3
-6
-4
-1
0
2
1
2
1
2
-1
-5
-1
-3
-4
-5
-3
0
-1
-3
1
5
3
3
3
2
0
-3
-6
-5
-1
0
3
4
2
3
3
-2
0
1
-4
-10
-11
-9
-5
-2
7
7
2
4
3
1
-1
-4
-7
-7
-6
-7
-8
-8
-7
-1
7
7
7
7
4
5
4
0
-1
2
5
9
8
1
1
4
3
0
-3
4
4
5
2
-2
1
1
-2
-2
-4
-6
-3
2
6
4
1
2
1
-2
-2
0
-3
-6
-5
0
0
-2
-5
-5
0
1
-1
0
5
7
3
1
-2
-1
1
0
-3
-3
-1
2
0
-1
0
1
1
1
0
-1
4
9
5
0
-3
-3
-3
-3
-4
-5
-7
-7
-6
2
8
7
3
0
6
7
6
0
-4
-7
-8
-7
-4
1
4
6
5
2
2
3
6
2
2
-2
-6
-9
-10
-4
1
6
5
2
4
6
5
6
-3
-8
-9
-6
-1
0
3
7
5
9
7
7
5
3
-2
-8
-4
1
4
-2
-4
-6
-10
-7
1
5
6
1
-1
0
2
2
0
-5
-2
3
2
2
2
2
3
-1
-3
-6
-3
-4
-6
-2
-2
0
0
0
2
3
1
2
-2
-4
-3
-4
-2
-1
0
-1
-3
2
5
4
1
-4
-5
-1
-2
-3
-8
-9
-7
-5
2
6
1
-2
1
3
6
8
8
6
4
-3
-9
-7
-2
2
1
0
4
7
7
3
0
-2
-3
-8
-10
-6
-2
1
9
10
9
5
2
-2
-5
-6
-3
-3
-1
-1
-2
-7
-7
3
6
6
3
2
0
-3
-2
-6
-7
-1
7
11
8
1
-3
0
2
4
4
3
3
2
5
4
2
-1
-2
-1
-3
-4
-4
-3
-1
1
2
2
3
5
6
1
-2
-2
-1
1
-1
-1
2
7
5
1
-1
0
0
-2
-5
-8
-8
-10
-8
-4
-9
-7
-5
2
6
6
8
6
6
2
-4
-8
-7
-6
-6
-4
-2
1
5
4
2
0
-1
1
3
-3
-8
-11
-12
-5
0
0
2
9
7
5
9
7
5
10
8
4
2
-4
-7
-9
-10
-7
-2
6
11
9
2
-1
-5
-3
0
-1
-2
-1
2
5
3
6
9
7
8
3
0
0
0
-2
-4
-4
-2
2
2
2
3
2
-1
-2
-6
-7
-2
5
5
8
9
5
4
3
-2
-4
-4
-4
0
9
8
2
1
1
-6
-7
-7
-6
-1
-2
-2
-3
0
2
2
2
-1
4
3
-2
-4
-6
-7
-2
-2
-2
4
7
3
0
2
2
3
4
1
3
7
9
4
-5
-6
-6
-6
-2
-3
-4
-6
-2
4
4
2
-2
-6
-2
-1
-3
-1
0
2
4
8
9
7
7
3
-3
-6
-5
0
-1
-6
-9
-8
-5
1
3
4
3
2
4
3
2
3
3
3
0
-4
-5
-7
-6
-4
-3
-4
-3
-2
-7
-9
-6
-2
3
6
2
-3
-9
-7
-8
-12
-7
-3
1
2
3
6
7
1
1
1
-2
0
-4
-8
-10
-9
-8
-5
0
0
0
4
5
6
5
3
3
4
3
2
3
1
-1
0
1
6
4
-3
2
3
-2
-2
0
-1
-1
-2
1
6
7
5
1
0
-3
-2
0
0
-1
-1
-7
-8
-6
-2
7
10
8
11
11
4
1
-2
-6
-7
-9
-6
-3
-1
0
2
1
0
2
4
4
7
5
2
-1
-7
-7
-2
2
0
-1
2
2
1
0
1
0
0
3
-1
-5
0
0
-2
-5
-5
3
6
4
1
1
-1
-4
-4
-6
-7
0
6
7
7
7
9
3
3
1
-3
-6
-6
3
3
4
7
5
6
2
-1
-5
-10
-8
0
2
2
1
1
2
-2
-2
-1
1
3
2
-1
0
3
3
2
-3
-6
-3
-4
-4
-3
-2
3
4
6
5
9
11
7
2
-1
-7
-14
-17
-21
-14
-7
-3
6
10
12
12
6
7
6
4
1
-1
2
7
3
2
0
2
7
5
2
-4
-8
-9
-8
-9
-4
-2
-6
-4
1
8
10
10
9
8
5
-4
-8
-9
-7
-8
-7
0
3
4
3
1
-1
2
5
2
2
1
-1
-2
-1
2
1
0
0
0
1
4
5
2
2
-1
-5
-4
-2
-2
0
4
6
3
-1
-5
-4
-1
-3
-4
-3
-4
-1
-1
-2
0
0
-3
-2
-1
4
6
3
1
1
-2
-2
-2
-1
-2
-1
2
1
0
-4
-3
0
3
2
0
2
3
2
-2
-3
-3
-2
2
3
4
1
-1
-4
-6
-3
-5
-3
-1
-2
-5
-4
-3
-5
1
2
1
-1
-2
-1
-1
7
6
6
6
-1
-4
-5
-4
-1
-1
-2
-1
2
4
7
5
4
1
1
-1
-4
-4
-5
-4
-7
-7
-4
4
8
9
9
8
7
1
-5
-8
-4
-2
-7
-8
-3
4
9
9
4
3
1
-3
-9
-7
-8
-6
0
-1
1
10
14
14
14
7
-2
-4
-4
-7
-6
-4
0
4
2
3
5
2
-1
-5
-5
-6
-5
0
1
-1
-3
1
8
9
10
8
4
0
0
2
1
0
-2
-5
-7
-4
-5
-2
-3
-2
3
4
3
3
5
5
1
-4
-1
0
-2
-4
-5
0
2
3
3
4
9
8
6
6
3
-1
-4
-5
-7
-4
-5
-6
-4
-3
-3
-1
-3
-4
0
5
7
7
6
8
4
-1
-2
-5
-8
-9
-8
-5
-5
0
1
-1
-3
-4
1
5
7
9
7
3
0
1
0
-4
-4
-2
2
1
2
1
0
2
0
-3
-6
-5
-3
-4
-5
-3
1
4
3
3
-2
-6
-1
0
1
4
5
4
6
3
1
2
1
-2
-4
-5
-6
-3
0
2
0
-2
-4
-3
0
-2
-2
2
5
4
7
3
1
0
-1
2
3
2
0
-6
-6
0
1
-1
-2
-3
-6
-6
-2
-3
-3
-4
-1
1
-1
-1
0
0
2
4
6
7
7
5
1
-4
-5
-4
-3
0
4
3
3
0
-2
-2
1
1
0
-3
-6
-4
-3
-4
-6
-6
-11
-9
-5
-2
4
10
12
8
3
4
3
1
4
2
2
3
4
2
-2
-5
-1
8
8
4
1
-1
-2
2
-1
0
5
4
1
0
-2
-1
-3
-4
-2
0
-1
-2
-3
-2
-3
-4
-2
5
10
10
9
4
0
-3
-2
-3
-5
-2
-1
-3
-5
-8
-10
-3
1
-2
-3
-2
1
2
5
0
0
2
-1
0
4
8
9
7
5
3
-1
-2
-3
-2
-3
-2
0
0
-1
1
5
2
3
6
4
0
0
5
3
3
3
2
2
4
3
0
-3
-4
-4
-4
-3
-1
2
-2
-3
-2
0
-1
-3
-1
3
6
7
4
0
-2
-2
-2
-4
-2
0
3
1
0
-1
-3
-3
-2
3
2
1
0
0
5
8
7
5
2
0
-2
-5
-5
0
1
1
-2
-5
-3
-4
-4
-2
-4
-2
0
1
4
3
2
-1
1
3
2
0
-3
-3
-1
-2
0
0
-2
-1
0
-2
-4
-2
-1
0
-3
-5
-3
-2
2
6
7
7
5
1
-3
-10
-7
0
2
0
5
2
0
4
3
1
-1
1
4
5
1
-3
-2
-1
-1
-3
-2
-2
0
2
-1
-3
-3
-4
-2
3
5
3
1
-3
-5
-2
1
4
2
2
4
5
4
0
-4
-2
0
-2
-1
1
1
-2
-2
1
-2
-6
-4
-4
-6
-5
-4
-2
-1
0
0
0
1
3
4
1
-1
-1
6
5
6
5
0
0
-1
-1
0
1
0
1
0
-5
-5
-3
-2
0
3
3
1
-2
-4
-6
-9
-7
-4
2
4
5
7
7
4
3
0
-2
-1
-1
-4
-3
0
0
-1
-4
-7
-7
-2
3
4
2
3
5
3
1
2
1
3
1
0
-2
-1
-2
-4
-4
0
1
0
-1
0
0
-2
-5
-6
-6
-2
1
2
0
-1
1
1
-2
-3
-2
-4
-2
2
1
-1
-1
0
1
3
6
9
7
3
-2
-5
-5
-3
-2
2
3
3
2
2
3
5
3
-1
0
0
0
0
-1
-2
0
3
0
1
2
3
3
5
4
2
-2
-4
-7
-8
-6
-3
1
0
-1
1
2
2
-1
-2
-1
-1
-3
0
-1
-4
-3
3
-2
-2
5
1
-2
2
-1
1
3
-1
-3
-1
-1
-1
1
3
5
5
-3
-2
-3
-7
-5
-2
4
8
3
1
6
5
3
1
5
1
-1
0
-10
-9
-11
-9
1
8
15
12
7
0
-2
0
-3
-2
-1
-5
-4
-2
2
4
2
-5
-8
-2
-3
3
3
1
2
1
3
2
-4
-5
-8
-8
-5
0
4
4
6
5
9
10
9
9
0
-10
-16
-11
-2
3
1
-1
4
9
8
11
6
-1
-2
-2
-4
-12
-10
-1
7
6
3
3
1
6
7
-3
-4
-6
-10
-11
-10
-3
4
7
7
-3
-6
5
4
3
4
0
-3
-8
-7
-2
4
5
-8
-10
-5
2
4
2
-1
3
5
2
1
2
-2
-6
-6
-5
-3
6
9
7
6
-1
0
3
7
5
3
-1
-11
-11
-14
-1
11
9
-3
-5
1
3
-1
3
6
6
9
-4
-10
-10
-7
-6
-3
-1
3
11
10
3
1
6
4
-1
-4
-1
0
2
-1
-7
-4
-1
7
2
-4
1
7
8
3
-1
-3
6
5
-2
2
8
8
-7
-10
-6
1
3
-1
-3
0
-1
-5
-10
-9
0
-1
-3
-1
3
6
9
7
5
7
0
-4
-5
-2
-3
-5
-5
-3
1
4
6
4
2
1
-2
-7
-5
0
2
2
-2
0
6
8
5
-2
-3
-7
-8
-3
-4
-3
2
2
3
3
3
-5
-7
-8
-13
-4
2
6
3
-3
2
3
-1
-3
-5
0
7
8
9
12
7
-3
-6
-8
-5
-1
-5
-9
-5
-3
-5
-5
3
6
3
3
-3
3
8
8
5
-1
-3
0
0
0
2
-4
-7
-9
-10
-2
7
6
6
0
-3
6
11
13
4
0
-1
-3
-3
-2
2
8
14
4
-2
1
0
-2
-1
-2
-9
-1
0
-9
-3
4
1
1
4
1
-2
-3
-1
0
2
3
-3
-6
-1
-1
-3
-2
-6
-1
4
2
2
1
1
-4
-6
-5
2
-2
-3
3
-1
9
12
4
3
5
11
2
-2
-7
-7
-6
-6
0
1
0
-3
-4
-5
-3
-2
-6
-9
2
6
9
6
0
6
6
1
-8
-9
2
8
5
3
7
7
4
-7
-14
-7
-3
-3
-4
-5
1
7
10
0
-3
-1
1
2
4
6
4
2
2
-5
3
5
-1
2
1
-1
-4
-5
-7
2
1
-4
3
-3
-7
-7
-3
4
7
13
3
-4
-5
-5
2
3
0
-6
-6
-6
-6
2
5
11
6
-6
-2
-5
5
9
3
7
-2
-10
-5
8
-3
8
2
-14
4
-3
14
1
-9
2
-4
2
3
7
7
-1
-6
-8
2
10
5
-3
3
3
-9
-3
-8
-9
6
-4
0
7
0
0
-4
-9
-2
5
-1
16
-5
-5
13
-8
0
3
-4
0
-4
0
13
18
11
-3
-15
-10
2
6
9
5
-2
-6
-16
-11
1
3
11
-2
-9
2
2
-6
-13
-12
-2
6
5
2
6
12
12
4
-3
-2
-2
4
8
6
6
-9
-23
-13
-6
10
16
9
5
-1
-1
2
-9
-7
14
-3
-14
-9
-3
3
3
9
8
3
-4
-3
2
-2
-14
-10
1
-4
3
1
-6
11
8
-2
0
-2
-3
4
9
1
-3
6
6
-5
-1
-1
-4
4
-2
-4
4
0
6
6
-2
4
2
-5
1
8
-1
-8
-8
-11
-4
0
4
8
9
1
-6
-6
-13
-12
4
10
5
9
6
1
2
-6
-12
-14
-10
4
15
15
-1
-6
-7
-11
-4
3
2
7
0
-10
-4
4
6
2
-6
-8
-1
6
0
-14
-10
-10
-4
7
14
23
19
8
-2
-10
-14
-7
-6
-12
3
10
10
14
-1
-2
9
10
12
11
5
-3
-9
-17
-17
-7
3
1
-7
-1
1
1
-4
-6
4
9
13
10
2
0
0
-4
-8
-4
-3
-3
1
3
8
3
3
-3
-9
-3
-8
0
12
1
-13
-15
-5
4
16
9
0
-1
-3
-1
-5
1
3
0
-9
-13
-3
-1
-1
6
2
2
8
5
3
7
-2
-3
-2
-12
-4
0
-5
2
10
8
-9
-18
1
9
9
8
-3
4
2
-12
-10
-3
2
7
-1
-6
9
5
2
11
8
-4
-7
-8
-4
3
14
2
-1
-4
-13
-7
0
10
17
7
-4
-5
-2
1
4
9
0
-15
-14
0
1
6
13
5
4
2
-5
-7
-5
-6
-2
1
3
2
-5
4
7
6
5
3
15
10
1
-1
-8
-8
0
2
0
7
-1
-8
-5
-10
-3
-4
-5
0
-5
-2
1
3
9
9
6
4
-5
-10
-9
-5
-5
0
5
3
2
1
6
2
-5
-8
-5
-2
-8
-5
4
8
12
4
-7
-7
-10
-8
-5
-7
-5
-2
1
9
0
-3
6
5
9
5
1
-1
-6
-9
-17
-14
-2
0
4
5
2
0
13
13
6
8
-9
-14
-1
1
3
6
0
-3
0
-4
-1
0
1
1
1
2
-8
-6
-8
-13
-3
6
10
6
1
5
4
2
5
2
-2
0
-1
1
5
4
-4
-11
-10
-4
3
5
4
5
1
4
4
-2
2
-2
-7
-3
-1
4
9
11
-2
-11
5
6
2
6
-2
-3
4
-1
0
2
-8
-15
-10
0
5
12
12
3
1
1
-12
0
8
-4
2
-5
-11
3
6
0
-6
-5
-4
-5
-5
5
13
12
2
-9
-4
2
6
12
-1
-8
-9
-15
0
8
8
14
-3
-7
-6
-8
1
5
7
3
-9
-11
-1
-4
0
9
-14
-23
-12
-11
2
14
1
-3
-4
-11
2
8
3
3
1
-15
-11
9
9
16
23
9
-3
-11
-9
1
8
3
-4
3
2
-4
5
10
11
8
3
-4
-4
-5
0
9
1
-3
-3
-9
-3
5
4
7
3
-4
-3
-2
-2
8
13
9
6
-7
-14
-9
-2
0
3
4
4
6
0
6
4
2
3
-17
-13
0
0
9
6
-10
-10
-6
-12
-9
4
4
3
5
-11
-9
2
-3
-4
10
13
1
-4
-2
-5
13
21
1
-3
-6
-15
-10
-7
-7
-1
-6
-16
-7
9
19
22
12
2
-12
-18
-3
1
0
-3
-15
-13
-2
6
12
16
22
10
-11
-10
-11
-17
-8
-8
-16
-7
6
7
13
13
7
4
8
2
-1
20
19
11
9
-12
-17
-8
-1
8
14
9
-2
-7
-9
-7
5
9
8
3
-1
2
3
0
3
2
-2
-2
-1
-1
9
11
5
3
-4
-5
4
11
10
11
-1
-17
-17
-16
-8
1
9
13
4
6
4
-6
5
5
-3
1
0
-2
4
6
2
5
10
6
2
4
4
1
7
-4
-16
-7
1
8
10
3
1
-4
-9
1
7
5
3
-5
-6
-5
-5
0
-1
-8
-10
-12
-14
3
16
15
11
6
-2
-10
-6
-4
-8
-8
-10
-11
-8
-3
-1
6
8
8
6
-1
0
-6
-1
7
-3
-3
-12
-25
-21
-11
-1
4
3
-4
-6
0
1
0
1
0
-7
-8
-5
-5
4
5
-4
-7
-2
3
7
14
14
6
-7
-9
-4
-1
4
2
6
5
0
3
6
6
6
1
-2
-2
-3
2
3
3
9
12
4
-1
0
-6
-9
-2
2
-1
3
0
-3
3
5
6
0
-8
-3
0
0
5
6
3
-1
-3
-1
4
3
1
6
7
6
-1
-7
-2
-2
-5
-4
0
-3
-3
-2
-5
-1
3
0
4
3
-3
2
4
4
1
-5
-3
-3
-3
-6
-5
-1
4
3
3
7
7
11
6
2
3
-3
-8
-5
-4
2
8
1
-6
-5
-1
0
-1
1
5
2
-3
-1
3
3
4
1
0
-3
-3
0
-2
-6
-13
-8
-1
-1
2
3
1
-2
0
4
5
7
8
5
3
-10
-12
-6
-5
-8
-4
-3
-4
2
-2
-2
-6
-9
-1
-1
-1
2
4
5
6
3
2
4
5
5
2
3
5
-3
-8
-11
-12
-6
-6
-7
-6
-1
5
6
9
11
4
-1
-2
-5
-10
-10
0
-1
-5
3
6
5
7
11
11
7
5
3
0
-4
0
5
4
7
6
3
9
5
4
3
-5
-6
-5
-2
-3
-4
-1
3
1
1
2
2
2
0
-2
-5
-4
-1
-7
-8
0
2
1
3
0
0
-4
-8
-2
3
4
6
9
8
5
3
1
-3
0
1
0
-1
-3
-4
-1
-7
-8
-3
-2
-2
-3
-1
6
9
3
3
0
0
0
-7
-7
-3
1
2
2
3
6
1
1
4
-2
-3
-7
-6
-3
-1
-1
1
3
7
5
2
0
-1
-3
-3
-2
-7
-8
-6
-9
-9
-5
2
6
10
9
11
12
6
-1
-10
-7
-1
-2
2
3
2
0
-5
-2
2
3
4
4
4
0
-9
-13
-8
-3
-1
2
3
1
1
-2
-7
-6
-3
2
3
6
9
5
2
1
-4
-8
-5
1
0
4
3
1
0
-2
-1
1
0
-1
-4
-5
-3
-3
0
1
2
2
0
0
1
0
-2
-3
-6
-4
-5
-7
-4
-3
1
3
0
2
3
0
1
-3
-2
-2
1
6
1
-4
-4
-1
4
4
0
3
3
-1
1
0
-1
-1
0
-2
-3
-4
-5
-4
2
9
8
7
8
2
-2
-5
-8
-4
-3
-2
3
6
11
12
7
3
-1
2
3
1
4
2
0
0
1
3
2
2
3
7
6
4
1
-6
-7
-7
-3
-1
-2
-2
1
2
1
1
-5
-4
-4
-5
0
4
0
-3
-2
1
1
3
5
2
0
-6
-7
0
1
-2
-1
-4
-4
-3
-5
-6
-4
4
6
9
9
4
4
-1
-5
-4
1
5
2
-2
-2
-4
4
4
0
1
2
5
8
3
-4
-8
-5
-1
1
-3
-1
0
-2
-3
-5
-2
-2
0
3
2
1
-3
-6
-6
-4
-4
-1
1
3
2
3
0
-2
-4
-4
-4
-1
1
-1
0
-4
-4
-2
2
7
13
14
11
3
-3
-9
-9
-2
1
2
0
-3
-3
2
6
4
2
0
0
2
2
-2
-1
-1
-5
-1
8
7
5
5
2
5
3
0
-1
-5
-4
-5
-4
-2
-3
-5
-3
0
0
0
-1
-2
1
1
-5
-5
-1
5
3
2
3
-1
0
-2
-4
0
1
-2
-2
-2
-1
0
1
5
6
3
-1
-5
-4
-3
-6
-5
-3
-1
4
11
9
8
4
2
0
0
2
1
-2
-3
2
1
-1
0
1
1
-3
-3
-1
3
1
0
0
3
2
0
-3
-3
6
7
6
4
2
-1
-3
-3
-4
-4
-5
-2
-2
-3
-3
2
5
3
2
2
1
0
1
1
-1
-2
1
1
-2
0
2
1
2
-3
-6
-4
0
2
0
0
2
-2
-2
0
2
7
4
0
0
0
0
3
10
9
1
1
-2
-3
0
-3
-5
-8
-9
-2
-1
-3
-3
1
2
1
0
-1
1
-3
-4
-3
-2
-5
-5
-3
0
8
6
4
2
-1
0
2
2
3
3
-2
-6
-9
-7
-4
-1
1
-2
-4
4
6
5
5
4
1
0
1
-4
-5
-3
-1
-1
-1
0
0
-1
-1
-1
1
2
-2
-6
-3
-1
3
8
10
6
3
4
2
-3
-4
-2
0
-2
1
4
4
6
0
-1
-1
6
7
6
4
3
1
0
3
0
-1
-1
0
-3
-5
0
2
1
-1
-1
1
-2
-5
-7
-7
-4
-2
-1
-1
0
1
3
7
4
3
4
2
1
1
-6
-9
-10
-9
-7
-6
-4
-2
1
5
8
6
7
3
0
1
-2
-3
-1
0
0
3
7
10
10
8
2
-4
-10
-12
-12
-10
-5
-4
-2
-1
1
1
3
3
2
2
4
4
2
3
4
6
3
0
-2
-1
-2
-4
-5
-5
-6
-8
-6
-4
1
3
5
7
6
4
1
-4
-6
-5
-2
-2
2
4
3
2
-2
-2
1
4
1
-4
-1
-1
-3
-4
-4
-1
3
2
-2
-3
-6
-5
-2
3
6
6
2
0
-2
-4
-3
-3
-4
-2
2
4
0
1
2
0
-2
-2
-3
-2
0
-1
-4
-1
2
0
4
6
6
1
1
2
0
3
5
10
8
5
4
-1
-4
-10
-8
-4
-4
-4
-6
-5
-4
-3
0
5
6
4
5
3
2
2
1
2
0
1
2
3
0
-2
-1
1
3
7
4
-1
0
-3
-4
-7
-8
-6
-2
2
3
1
0
3
2
1
2
0
1
4
3
2
0
-4
-6
-2
2
4
8
3
4
0
-1
-2
-4
-5
-6
-5
-4
-4
-4
4
8
9
8
5
2
2
2
-1
-6
-8
-7
-6
-2
-2
0
0
1
4
2
-1
0
0
2
6
1
-2
-3
-1
2
3
3
4
4
3
1
0
-2
-8
-6
0
3
4
4
3
3
-1
-7
-8
-2
0
3
4
3
5
6
5
1
0
-1
-3
-4
-4
0
0
0
-1
-2
-4
-4
-2
-1
1
5
1
-2
-1
0
-2
-3
0
0
0
2
1
-2
-4
0
2
-3
-2
3
3
0
2
1
1
0
-5
-9
-9
-6
-3
-2
-2
2
5
1
1
7
8
4
1
-2
-4
-9
-9
-10
-8
1
6
9
9
6
1
-1
-4
-2
1
2
1
-1
0
-2
0
-3
-2
1
3
4
2
-2
-6
-5
-3
-2
-1
2
3
2
-2
-7
-10
-8
-5
-3
3
6
6
4
2
2
2
2
-3
-5
-5
-5
-2
-1
2
2
0
0
1
3
5
5
3
2
2
4
-2
-5
-2
1
1
0
-2
0
0
-6
-6
-8
-3
-2
-2
-3
-4
1
5
7
6
6
7
3
0
-4
-7
-3
-4
-2
2
2
5
4
5
3
5
5
3
1
-5
-3
1
4
4
0
-2
-4
-3
-4
1
5
7
5
4
0
-1
-1
-2
-1
-1
-3
-2
0
-2
-1
0
4
4
0
0
-2
0
-3
-6
-2
4
5
7
4
0
-1
-3
-3
-2
1
6
9
6
2
0
-3
-3
-3
-3
-4
-3
4
5
4
-3
-8
-11
-8
-5
-4
-1
3
3
1
2
7
5
3
0
-4
1
-1
-4
-3
-1
-2
-4
-2
0
0
2
2
1
3
2
-2
-6
-2
-1
-4
-1
6
8
11
6
3
6
6
1
-5
-8
-3
1
-2
-3
-6
-4
2
3
5
6
9
6
1
-6
-11
-6
0
2
4
6
3
1
-2
-2
1
2
1
2
4
4
2
4
3
-3
-2
-4
-3
2
1
-1
-4
-6
-5
-1
2
3
2
4
-1
0
-2
-6
-5
-4
-3
-8
-6
-2
-1
2
2
7
7
6
5
0
-1
-3
0
1
-1
-3
-2
-5
-6
-6
-2
1
5
4
1
-3
-3
-6
-6
-4
-1
4
9
12
10
4
-3
-4
-5
-1
-1
2
7
2
2
0
1
0
-6
-9
-4
-2
0
4
3
3
1
1
5
4
2
0
3
1
0
1
5
8
6
4
-1
-8
-7
-6
-7
-1
0
-4
-3
2
6
5
3
-1
-5
-3
-3
2
3
5
4
1
4
5
3
0
-1
0
1
2
-6
-10
-3
1
-2
-6
-2
1
-2
-2
-3
-2
8
13
12
6
0
-1
-7
-9
-2
3
5
3
1
-3
-10
-11
-14
-9
-2
2
-2
-3
1
4
5
6
5
5
6
2
1
-1
-6
-3
0
0
-1
-4
-2
-4
-7
-8
-7
0
0
0
2
1
1
3
1
-1
-5
-6
-2
-1
3
9
7
4
6
8
4
-3
-6
-7
-8
-5
-2
2
3
6
5
0
-4
-4
-1
0
3
1
0
-1
-3
0
3
5
3
0
-5
-6
-3
0
2
0
-5
-4
-3
-5
-3
1
1
-6
-4
-1
3
9
5
4
7
2
-5
-7
-6
-4
-4
-2
2
7
9
8
7
0
-10
-12
-13
-7
-4
-1
2
1
2
4
3
9
11
8
7
3
-2
-7
-10
-7
-4
0
7
5
5
4
2
-1
-3
-2
-3
-3
-1
-1
0
3
9
7
2
4
5
4
-1
-1
-4
-6
-1
1
2
3
2
1
1
1
2
1
3
0
-3
-2
-2
0
2
0
-1
0
0
-1
3
5
3
-1
3
2
-4
-1
1
0
0
1
1
-3
-4
-4
-4
0
5
2
0
-2
-3
-3
-1
-4
-5
1
0
5
8
5
2
-2
-1
-8
-6
-1
3
4
2
1
1
0
-3
-5
-2
1
0
-1
2
5
5
4
0
-3
0
-2
-3
-3
-3
-4
-3
0
1
3
1
-1
-3
-5
-5
-4
-1
1
1
3
1
-1
-2
-2
1
-1
-1
-1
1
0
-3
-6
-9
-10
-8
0
1
5
10
8
4
4
3
4
5
2
-1
-5
-4
0
-3
-4
-3
-1
1
2
0
2
3
5
4
6
1
-2
2
1
-5
-11
-7
-4
-6
-4
0
3
5
6
6
5
1
-1
0
-1
-1
-2
0
-1
5
7
4
1
-1
0
-1
-4
-5
-2
-3
-1
2
4
6
10
4
-4
-9
-4
-1
-2
0
4
8
1
-2
0
1
2
-3
-7
-8
-8
-9
-7
-3
-2
2
7
8
9
6
1
-2
-4
0
2
3
6
5
5
1
-1
-1
1
-3
-3
4
2
1
0
-4
-4
0
4
5
9
8
1
-1
-4
-5
-5
-5
-3
-1
-2
-2
-2
-3
-2
2
3
0
1
-3
-2
0
-2
-1
1
4
5
4
0
-4
-1
-3
-2
1
4
3
1
1
-1
-1
0
2
3
3
2
3
0
0
1
1
-2
-2
-2
-1
0
0
-1
1
1
4
3
1
-2
-1
1
-1
-3
0
4
2
-1
-1
-2
-3
1
1
4
6
5
5
5
1
-2
1
3
2
1
-1
-3
-7
-6
-3
-4
1
4
8
5
-2
-1
0
-5
-5
-1
1
3
4
3
2
0
-2
-5
-2
4
7
5
1
-3
-3
-7
-8
-3
-2
1
2
2
3
1
-2
-7
-9
-5
2
4
5
4
4
6
3
2
0
-1
-3
-4
-3
1
2
1
-1
-2
1
-1
-2
-1
-3
-4
0
3
-1
-1
-1
-3
-4
-4
-2
0
0
6
5
2
0
0
-1
-2
-3
-5
-3
-4
-8
-11
-11
-7
0
6
9
10
10
7
6
4
2
0
-2
-3
-4
-4
0
2
-2
-5
-2
3
5
3
2
0
-6
-7
-7
-6
0
3
1
3
4
7
7
3
4
5
6
5
2
-3
-4
-2
-3
-4
-6
-4
0
2
5
2
3
4
-1
-4
-3
-4
-3
-2
-3
3
5
6
6
2
1
1
-1
-2
-2
0
-1
-1
0
-1
-1
-1
-1
2
2
2
1
-1
0
-1
-4
2
3
1
0
4
3
0
-2
-6
-5
-8
-7
-3
-1
2
3
3
1
2
5
8
7
2
-3
-2
2
3
3
1
0
-2
-2
-2
-2
0
3
5
6
3
-2
2
2
-1
-2
-4
-1
2
4
3
2
3
1
2
1
-2
1
0
-1
-4
-4
-3
-5
-4
-1
1
0
2
5
5
5
4
1
-3
-3
-2
-2
-1
0
-3
-3
-1
-4
-8
-5
-2
1
0
-5
-4
-3
-5
-2
0
5
7
4
-1
-3
-3
-5
-7
-6
1
5
5
3
0
-1
0
2
5
10
9
3
1
-2
-2
-1
-5
-4
-1
4
4
2
0
-1
-2
1
3
0
1
2
0
-1
-3
0
2
3
6
6
3
1
1
-2
-3
-3
-2
0
-2
-3
-5
-5
1
2
1
0
2
5
2
-1
-1
0
1
1
0
-2
-6
-5
-6
-7
-4
-2
0
6
5
2
3
3
6
1
-1
-1
0
2
3
3
-2
-4
0
6
7
4
1
0
0
-2
-2
-3
-3
-7
-4
-7
-8
-3
-1
0
-1
0
-1
2
6
3
1
-2
-1
4
7
10
6
0
0
-1
-3
-2
1
2
-2
-7
-7
-5
-1
0
0
2
0
2
4
2
1
-2
0
2
1
-1
-5
