2
1
2
2
1
1
2
2
1
1
0
0
1
0
0
0
2
1
2
3
3
3
4
3
3
3
2
2
2
0
0
-1
-1
-2
-2
-3
-4
-3
-3
-1
-1
0
0
1
2
1
-1
-2
-3
-2
-2
-1
-1
-1
0
0
0
0
0
0
-1
-1
-1
-1
0
1
1
1
2
1
0
-1
-1
0
2
1
0
0
1
0
0
-1
1
0
0
0
0
-1
-2
-1
0
0
2
2
2
0
1
0
1
2
2
2
1
0
0
-1
-2
-2
-3
-2
-2
-2
-3
-3
-2
-1
1
-1
0
-2
-2
-2
-1
0
1
0
-1
1
0
0
2
0
1
0
-1
-2
-1
-3
-3
-4
-4
-3
-2
-1
-2
-1
-1
-1
-1
0
1
2
1
0
0
-1
-1
0
0
-1
-1
-1
-1
0
0
-1
0
0
1
0
1
2
2
0
1
1
-1
-2
-1
-2
-3
-4
-4
-2
-2
-2
-1
-1
-1
0
-1
-1
-3
-1
-1
0
0
0
1
1
1
3
3
4
3
4
3
3
1
2
1
1
1
0
0
0
0
0
1
1
0
0
1
-1
0
-1
-1
-1
0
1
0
-2
-1
-1
-2
-1
0
0
0
0
1
0
0
-1
1
0
1
1
1
1
2
1
2
2
1
1
2
0
0
1
0
-1
-1
0
0
2
1
2
1
1
2
0
-1
0
-1
0
-1
-1
0
-1
0
0
1
-1
1
0
1
0
0
1
1
0
1
0
1
0
1
3
4
4
3
2
2
2
2
3
3
3
4
4
3
0
1
1
1
3
3
3
1
-1
-2
-2
-2
1
2
1
1
0
0
-2
-2
-2
-2
-2
-2
-3
-3
-3
-4
-3
0
2
1
1
1
2
1
1
0
2
3
3
4
1
0
-1
0
0
-2
-2
-2
-2
-1
0
-1
-2
-1
-2
-2
-1
-3
-3
-4
-5
-6
-4
-5
-4
-3
-5
-4
-3
-2
-4
-2
-2
-3
-2
-3
-4
-1
-3
-2
-2
-2
-2
-4
-4
-6
-4
-4
2
1
0
1
1
3
1
1
1
2
4
-2
-2
2
4
6
4
8
6
7
7
6
5
5
10
8
5
5
3
4
3
7
4
2
6
2
0
-2
-3
0
1
-1
-2
-1
2
0
-1
0
0
-3
-1
-4
-2
0
-4
-5
-12
-9
-12
-10
-8
-8
-7
-10
-8
-2
-6
-7
1
0
-2
-2
-3
-4
3
2
3
3
6
15
6
17
11
12
14
7
6
4
10
12
7
5
7
12
13
13
6
9
7
1
2
-4
2
8
11
9
5
4
5
2
-3
-7
-10
-10
-8
-4
-3
-7
-2
-2
-4
-7
-6
-5
-7
-6
-12
-14
-5
-12
-11
-7
-8
-8
-10
-11
-17
-13
-9
-8
-7
-7
-4
2
5
1
1
4
2
1
4
1
-5
-3
0
2
-3
-1
-2
6
12
9
16
11
20
19
12
14
20
20
14
13
9
7
12
16
2
-3
-5
3
3
-4
-1
-7
6
6
3
-9
-13
-8
-11
-11
-25
-15
-4
-5
-11
-13
-6
-11
-15
-9
-10
-8
-7
-6
-6
-11
-5
-3
-2
-4
-5
-9
-11
-8
-11
-11
-14
-9
-4
-13
-3
-5
0
-9
-14
-7
2
5
2
4
2
13
4
14
8
9
10
2
6
6
15
22
6
-2
-2
8
9
5
6
11
11
11
16
13
17
4
6
-2
-2
10
7
2
-8
-6
3
1
4
-6
3
-8
6
-21
-32
-33
15
83
-95
-88
-5
80
44
-79
-58
12
107
51
-162
-116
126
173
-74
-176
-6
158
48
-124
-83
22
107
-11
-106
-59
57
54
-40
-65
-9
65
33
-22
-37
32
73
-4
-28
-6
48
36
-26
-14
14
39
5
-21
2
35
30
-4
-12
8
35
17
2
8
16
19
0
-6
-8
-1
0
-5
-14
-17
0
-9
-11
-9
-6
-5
-10
-10
-3
-9
-21
-15
-1
-6
-16
-18
-2
7
6
4
-1
0
6
-3
-7
-9
-10
-9
-8
-2
0
4
-3
4
2
1
7
5
4
-5
8
9
-1
4
15
24
4
2
15
12
9
11
3
-3
12
15
3
-7
-5
2
2
0
3
-7
8
-5
-2
6
8
0
1
26
18
10
-7
5
10
9
7
-3
4
5
-5
-8
-8
8
13
7
-4
3
13
11
8
-3
2
-7
-5
-17
-16
-7
0
3
-11
-10
-9
-7
-2
-5
-11
-9
-5
1
1
-1
-4
-6
-5
-9
-12
2
12
2
2
4
8
0
-3
0
-4
4
3
0
-5
-2
-1
11
-8
-20
24
22
0
-41
21
35
-30
-1
-7
-6
10
10
-13
-44
33
53
-37
-20
48
37
-36
-14
49
28
-36
-12
31
3
-12
-7
13
9
-1
8
19
7
0
12
4
-5
-18
3
15
-8
-5
4
16
-8
-25
8
21
12
-15
-13
11
5
-1
-6
-4
5
3
0
2
-4
0
12
17
4
-12
-8
-4
-10
-26
-9
2
-14
-26
-13
4
-3
-10
1
5
4
-2
-4
4
-1
-2
-12
-19
-5
-3
-8
-14
-12
0
-6
-8
-14
-1
2
-2
-8
3
2
0
11
0
-4
0
12
3
-6
1
2
4
1
-2
0
-7
-8
-10
-14
-12
-14
-18
-20
-7
-1
-6
-12
-9
12
16
4
-9
-6
8
-4
-12
-14
-15
-17
-18
-12
-2
-8
-8
-4
-3
5
-1
-2
-10
-6
-2
-7
-2
-3
4
4
5
8
1
1
-1
30
4
-18
3
13
18
-15
13
11
14
25
2
7
14
35
2
-16
23
36
5
-15
32
29
1
-3
24
23
-13
-6
12
12
-11
-6
10
6
-17
-9
17
-3
-13
-9
4
-13
-18
2
2
-11
-21
-5
1
-3
-11
-7
0
-6
-12
-14
-13
-10
-9
0
-4
-9
-5
3
5
3
8
8
12
4
12
20
19
16
15
23
26
16
0
1
9
5
0
-6
-6
-6
-5
3
8
5
6
6
4
5
2
10
8
1
4
6
15
11
7
9
5
9
8
7
-3
-6
-1
-6
-5
-5
-6
-17
-14
-2
3
0
-1
10
17
9
2
4
6
11
6
4
0
-3
4
1
-5
-2
-1
5
-8
-10
-7
-4
-3
-12
-11
-6
-5
-4
-1
2
5
-2
-3
-2
-3
1
-8
-7
-1
-7
-10
-1
9
1
-6
-6
4
-2
-6
1
0
0
-2
0
-2
-3
-5
-6
-1
-2
-5
-7
0
10
4
-11
-4
-1
12
8
-7
-7
-12
4
5
-7
-3
4
15
5
-3
1
10
6
-4
-6
4
5
-12
0
7
3
1
-5
1
0
4
2
-3
-1
1
-3
-11
-4
0
5
-5
-9
0
4
0
-8
-5
0
-2
-1
-1
1
5
2
3
4
2
1
-3
4
8
6
1
-1
1
3
9
12
13
16
15
11
13
15
6
-1
-2
1
-1
-5
-6
-3
-1
3
0
5
13
13
7
2
3
9
6
0
-5
-3
7
5
9
9
7
3
0
5
8
8
2
0
6
13
8
7
4
5
2
-8
-12
-5
-7
-14
-18
-17
-14
-10
-9
-4
-4
-5
-7
-14
-8
-4
-4
-4
-3
2
1
-8
-13
-10
-8
-8
-15
-15
-14
-15
-14
-14
-12
-10
-6
-6
-10
-9
-9
-10
-14
-13
-16
-20
-23
-22
-12
-11
-10
-8
0
10
5
0
1
-4
-6
-11
-9
-7
-9
-15
-13
-5
-3
-2
-4
0
2
5
7
4
2
-1
6
4
2
1
1
2
-6
1
0
-2
-4
-1
-1
-5
-3
3
6
4
5
5
1
-1
3
6
4
2
6
9
6
5
6
4
1
2
4
3
-2
-6
-3
1
0
4
6
5
4
3
6
7
9
9
6
4
3
7
8
9
10
12
14
18
16
9
10
15
17
10
6
8
10
8
5
7
13
13
9
5
11
15
13
7
4
7
2
-3
-6
-6
-3
-4
-4
-6
-8
-2
-2
-3
-4
-1
2
1
-1
-5
-6
-5
-6
-8
-9
-13
-11
-6
-6
-3
-3
-1
-3
-3
0
2
3
0
-3
0
4
2
0
-3
-1
-1
-5
-5
-3
2
7
6
4
7
6
3
1
-2
0
-3
-4
-4
-3
-2
-3
-5
-3
2
1
-3
-5
-5
-5
-6
-7
-6
-6
-7
-7
-7
-5
-5
-1
0
4
5
4
3
1
1
0
-1
-2
-5
-6
-7
-6
-5
-9
-5
-3
2
2
3
9
11
9
7
4
2
-1
-6
-5
-4
-2
-1
0
-3
-5
-4
-1
1
-5
-3
0
1
2
1
5
4
3
1
0
-4
-3
-5
-6
-3
1
0
-3
1
5
7
3
0
-4
-2
-3
-7
-7
-4
0
1
6
5
6
4
5
4
3
2
0
1
2
2
3
-1
-3
-3
-1
0
-3
-2
-2
2
1
1
5
4
5
1
1
-1
2
-1
-3
-5
0
5
0
1
2
4
2
-3
0
1
1
-3
-2
-3
1
3
4
7
3
6
5
7
3
3
3
2
4
7
8
8
5
4
3
2
-3
-4
1
2
-2
-6
-2
1
5
1
-1
0
4
6
3
2
3
5
1
-2
-2
-1
2
0
0
-5
-2
3
-1
-3
-5
-2
-3
-4
-4
-3
-2
-4
-6
-7
-5
-5
-5
-3
-5
-2
-1
0
0
0
4
5
2
0
-1
3
2
-1
-6
-5
-2
-3
-8
-5
-2
1
-2
-2
-2
0
3
0
-2
2
2
0
-1
1
3
3
-3
-5
2
6
5
-1
2
4
4
1
-5
0
2
-1
-3
-4
-4
-4
-4
-7
-6
-5
1
0
-5
-6
-2
-1
-2
-2
1
4
2
5
5
5
5
6
1
3
3
2
-1
4
5
4
-3
-2
2
2
-1
-4
-4
-4
-5
-3
-4
-5
-3
-1
0
3
-2
-1
1
-5
-1
-10
-4
-6
0
-6
0
-1
1
-7
0
-4
-3
-7
0
-3
0
1
8
8
6
7
6
3
-2
-1
-4
-2
-5
-5
-5
-2
-1
-1
-6
-7
-7
-3
-7
-4
-5
-2
-5
-3
-2
-2
0
-2
-1
0
0
2
-3
0
0
1
3
5
5
6
3
5
6
2
0
0
3
4
1
1
3
1
0
-4
1
2
0
-2
0
2
1
0
-3
-1
-3
-6
-8
-3
1
-2
-2
-3
3
4
1
-1
2
1
-1
-4
-3
1
2
3
2
3
2
5
4
1
-1
4
4
3
4
6
9
8
10
8
9
12
11
10
6
5
6
3
3
1
1
2
-1
2
1
3
2
3
-1
-2
-3
1
1
1
0
0
-2
-4
-1
-2
-1
-2
0
2
2
5
3
3
4
2
1
0
2
5
2
3
3
3
5
3
3
1
2
2
0
-2
0
0
1
0
2
5
6
6
5
4
6
2
3
3
5
5
4
5
4
2
1
1
-1
-2
0
1
3
2
-1
0
1
0
1
-1
-2
1
1
-2
-1
1
4
6
1
3
4
5
4
3
1
2
-1
0
1
-1
-1
-4
-4
-3
-5
-6
-6
-5
-5
-7
-7
-5
-6
-6
-3
-8
-5
-5
-5
-6
-9
-5
-5
-9
-12
-9
-5
-7
-8
-4
-3
-3
-4
-7
-7
-7
-7
-4
-4
-3
-3
0
1
0
0
0
-2
-3
-4
-6
-4
-2
-3
-2
-2
1
0
1
3
4
3
4
6
4
6
6
6
4
4
6
4
3
2
3
3
0
-2
-1
-1
-3
-3
-5
-3
-1
0
1
0
-3
-1
0
0
0
1
3
2
-1
-2
0
-2
1
0
1
-1
1
-1
-3
-7
-4
-3
-3
-6
-6
-8
-9
-8
-8
-7
-8
-6
-4
-5
-6
-8
-11
-10
-10
-4
-8
-1
-1
4
-1
-4
3
3
5
1
5
11
8
8
4
5
7
1
0
-2
4
2
3
8
11
8
2
3
8
15
11
7
9
10
2
-8
-3
10
12
2
-7
2
8
1
-6
4
13
11
-2
-5
0
1
-4
-8
-2
3
-2
-8
-11
-6
-1
-2
1
5
11
8
2
-1
1
4
3
-2
-4
-3
-7
-7
-8
-7
-5
-3
-4
-3
0
4
8
10
12
12
12
10
6
5
3
3
2
5
7
8
6
5
8
8
5
1
1
4
4
-1
-2
-5
-3
-9
-9
-9
-3
1
0
5
8
6
4
2
7
9
11
12
9
10
8
8
5
5
5
4
3
1
-1
-4
-5
-3
-5
-3
-4
-7
-13
-15
-15
-14
-10
-10
-7
-5
-8
-7
-5
-3
-1
2
3
2
-2
-4
-5
-5
-4
-2
1
-2
-3
-2
-3
-2
-2
-1
-3
-2
-3
-5
-7
-9
-8
-9
-12
-11
-12
-12
-11
-8
-5
-1
0
0
0
3
4
3
3
3
5
2
2
3
6
5
4
4
1
0
-2
-2
0
3
5
2
1
2
1
-2
-3
0
1
-1
0
-1
0
-2
-3
-1
0
2
5
4
4
3
1
1
-1
2
-1
-1
-2
-1
0
0
-1
0
1
1
2
5
5
1
-3
-4
-2
-4
-4
-2
3
4
3
-1
0
0
0
-2
0
2
1
0
-3
-3
-3
-5
-3
-3
-1
-2
-4
-4
-4
-3
-3
-2
3
4
2
0
0
1
-1
-1
1
3
3
1
1
2
3
3
3
5
5
4
1
1
-1
-3
-4
-4
-3
-4
-5
-3
-4
-4
-6
-6
-5
-4
-3
0
2
4
5
3
4
3
5
4
3
4
4
2
1
2
-1
2
3
3
3
4
4
2
3
2
0
0
0
-1
-2
-3
-4
-4
-4
-4
-4
-2
-4
-4
-3
-3
-2
-1
-2
-1
0
1
0
1
1
0
0
-2
-2
0
-1
0
0
4
4
3
3
5
5
4
5
5
3
3
3
0
0
1
1
2
2
3
3
1
1
3
2
2
2
2
1
-1
-2
-2
-4
-5
-3
-3
0
2
1
1
2
2
2
2
3
2
2
-1
-2
0
-1
-1
0
1
-1
-2
-3
-4
-6
-6
-4
-4
-2
-3
1
3
3
1
1
1
-2
-1
-3
-4
-2
-3
-3
-2
-2
0
1
1
1
0
0
0
-1
-1
-1
-1
-1
-1
0
2
1
0
-2
-3
-1
-1
-2
-4
-3
-2
-2
-1
-3
-2
-2
-2
0
1
0
2
4
4
2
2
3
2
1
0
0
0
0
-1
-1
0
1
-1
-1
-2
-1
0
0
3
3
0
0
0
0
-2
-3
-2
-1
-1
1
-1
0
-1
-3
-2
-1
1
-1
-1
-1
1
2
2
2
0
0
1
2
2
3
2
0
1
0
-1
-1
-1
-2
0
2
0
-1
-2
-3
-2
1
0
1
1
2
2
1
1
4
5
3
2
1
0
1
-3
-1
1
-1
-1
0
0
1
3
3
3
3
4
2
2
3
2
1
1
-2
-3
-5
-4
-2
-2
-1
-2
-1
0
-1
1
0
0
0
-1
-2
-3
-4
-4
-3
-5
-5
-3
-1
0
0
0
2
2
3
4
4
4
4
4
3
3
3
0
-3
-2
-3
-2
0
1
0
2
3
3
1
1
1
0
0
-1
-1
-1
-3
-1
0
0
0
1
1
2
2
3
1
3
3
3
4
2
3
3
3
4
4
2
2
1
2
1
1
3
1
1
-1
-2
-2
-2
-2
-2
0
1
0
-2
0
0
0
0
0
-1
0
-1
-1
-2
-2
-1
-2
-1
-2
-3
-3
-2
-2
-3
-1
-1
-1
-2
-2
-2
-2
-2
0
2
1
1
-1
0
-1
-1
-2
-1
-2
0
-2
-4
-4
-3
-3
-1
-1
-1
-1
-1
-1
-1
-1
-1
-3
-1
1
0
0
0
0
0
-1
-1
-4
-3
-4
-4
-4
-3
0
0
1
1
1
3
4
3
2
2
1
1
-1
-1
-3
-3
-4
-3
-4
-5
-4
-3
-1
0
0
1
3
3
3
4
3
3
3
0
-1
0
0
-1
-2
0
1
-1
-1
-1
0
0
0
0
1
2
2
1
1
2
2
2
2
2
2
3
3
4
4
2
1
0
-1
0
0
0
-1
-1
0
-1
1
-1
-1
-1
-1
0
0
0
2
2
2
3
3
5
4
5
6
4
6
4
3
3
2
1
1
-1
-1
1
2
0
-1
-3
-3
-3
-2
0
0
0
2
2
-1
-1
-2
-2
-3
-5
-5
-5
-3
-4
-3
-5
-3
-2
-1
-1
1
2
2
2
3
4
4
4
4
3
3
1
-1
0
1
0
1
1
0
0
0
0
-1
-2
-2
-1
-2
-1
-1
-1
0
0
-1
-3
-1
-1
-2
1
2
3
3
2
2
2
2
1
2
1
3
1
0
0
-1
-3
-3
-3
-2
-3
-2
-1
0
0
1
0
1
0
0
0
-2
-3
-2
-2
-2
-2
-3
-4
-4
-4
-5
-4
-4
-3
-5
-4
-4
-3
-3
-2
-2
-2
-1
-1
-2
-1
-1
-3
-2
-1
-1
-1
-1
0
0
0
-1
-2
-1
1
2
2
3
3
3
5
5
5
4
5
4
2
3
4
4
4
6
4
3
3
1
2
1
0
0
-1
-2
-1
-1
0
-1
0
0
-1
-2
-2
-2
-2
-2
-2
-1
-1
0
-1
-1
1
-1
-3
-3
-1
-2
-3
-3
-3
-2
-2
-1
0
-1
0
-1
-1
-1
-1
0
-1
0
1
1
3
2
2
3
4
4
5
5
5
5
3
4
3
3
3
3
1
0
1
1
0
0
1
1
2
1
2
1
1
1
0
0
1
2
0
0
0
-1
-1
0
-1
1
1
0
1
1
0
1
0
-1
-1
0
-1
0
0
0
0
2
1
-1
-2
-3
-3
-3
-3
-3
-2
-1
1
-1
-1
-1
0
-2
-1
1
2
2
1
2
0
-1
-2
-2
-1
-1
0
0
-1
0
-1
-3
-2
-2
-1
-1
-1
0
1
1
2
1
0
1
3
3
5
4
4
3
3
2
2
2
2
2
2
1
1
0
-1
-2
-1
-2
0
-1
-2
-1
-1
1
0
0
0
0
-2
-1
-1
-1
1
1
0
-1
1
1
0
2
2
1
1
0
0
0
-1
-1
-1
-2
-2
-3
-3
-3
-2
-3
-2
0
0
-2
-3
-3
-4
-3
-3
-3
-1
-1
-1
0
1
0
1
1
-1
-2
-2
-2
-2
-1
-1
0
0
0
-1
0
-2
-1
-1
-1
1
0
1
0
1
2
3
4
5
3
3
1
0
0
0
0
1
2
2
2
2
2
2
1
2
0
0
0
-1
0
1
2
0
0
-1
-1
0
0
1
2
1
-1
-1
-1
-2
-2
-2
-3
-2
-3
-1
-2
-2
-2
-1
-2
-2
-2
-1
1
-2
0
0
0
1
-1
2
2
1
0
1
2
2
-1
-4
-2
-1
-1
-3
-4
0
0
-1
-2
-1
2
1
0
1
2
2
0
-1
1
0
-1
-1
-1
2
1
0
1
-1
0
0
0
1
1
0
0
-1
-1
-1
0
0
-1
-1
1
0
0
-2
-2
-2
-1
-1
-1
-1
-1
0
0
0
1
3
4
3
3
3
4
3
2
1
2
2
1
3
1
1
0
0
1
1
1
0
-1
1
2
1
2
2
2
1
0
0
1
1
2
-1
-1
0
1
0
-3
-2
0
0
-1
0
-2
-2
0
-1
0
-1
0
0
0
-1
0
1
2
2
2
4
3
1
2
0
1
-1
-2
-3
-3
-2
-2
-2
-1
0
0
-1
-1
-1
-2
-2
-1
-2
1
0
-1
-1
-1
-2
-2
-2
-2
-2
-2
-2
-1
1
1
0
1
1
-1
-1
0
0
1
0
0
2
2
0
-1
-1
0
-1
-1
0
0
0
0
0
-1
0
0
0
0
0
-1
-1
-1
0
-1
-1
-2
-2
-1
-2
-1
-1
1
0
-1
-2
-1
-1
-1
0
1
2
0
0
-1
0
0
1
3
3
2
2
3
2
3
2
0
1
1
-1
-3
0
0
0
0
0
0
0
0
0
1
1
-1
1
0
1
-1
-1
-2
-1
-1
-1
-2
-2
-1
0
2
1
1
1
0
1
2
0
-1
1
2
1
1
1
2
1
1
1
1
2
2
1
0
0
-1
-1
-1
0
-1
0
-1
0
1
0
0
0
0
-1
-1
0
1
-1
-1
0
-1
-2
0
1
1
0
0
0
0
0
0
1
1
0
0
1
1
0
1
0
-1
1
-1
0
0
2
2
2
2
2
2
1
1
0
-1
-1
0
1
1
3
2
2
2
1
1
2
0
1
1
0
1
-1
1
1
2
1
0
0
1
0
0
1
0
0
2
1
2
2
3
3
2
2
1
1
2
1
2
1
0
1
0
-1
-1
-1
-2
-1
-1
-2
-3
-4
-3
-3
-2
-1
-1
-1
-1
-2
-2
-2
-1
-1
-1
-1
1
0
-1
-1
-2
-1
0
0
0
1
0
0
0
0
-1
0
-1
-2
-4
-4
-3
-2
-3
-2
-2
-2
-1
-1
-1
-1
-1
-1
-1
0
0
1
3
2
1
1
0
1
0
-1
-1
-1
-1
0
0
1
3
2
3
2
1
2
2
1
2
1
2
1
0
0
0
-2
-1
1
0
0
1
0
1
0
1
1
0
-1
-1
-1
-1
-2
-1
0
1
0
0
-1
-2
-2
-3
-2
-2
-1
-2
-2
-1
-3
-1
-1
-1
0
-1
-2
-1
0
-1
0
-1
-2
-2
-3
-2
-2
0
0
1
2
1
3
1
1
2
0
1
0
1
2
1
2
2
2
1
2
1
1
1
0
1
1
1
0
0
1
2
2
3
0
0
-1
-1
-2
-1
-2
-1
-1
-2
-1
-1
-2
-3
-2
-2
-1
0
1
0
1
1
1
0
-1
0
1
1
2
2
2
2
2
2
2
2
2
1
1
2
2
3
3
0
0
1
-1
-1
-1
0
-1
0
-1
-1
-1
1
-1
0
-2
-1
-1
-1
-1
-2
-2
-2
-1
1
0
0
0
-1
-1
-1
-1
-1
0
1
1
2
2
3
2
1
1
0
1
2
3
3
2
2
0
0
0
1
2
0
1
0
-1
-1
-1
-2
-2
-1
-2
-1
-2
-2
-3
-1
-2
0
0
1
2
1
2
1
2
1
1
1
1
1
1
0
0
-1
-1
-1
0
-1
0
0
-2
-2
-2
-2
-2
-1
-2
0
-1
-1
0
0
0
0
-1
0
1
1
0
1
1
1
0
1
1
1
1
1
1
1
1
0
1
0
1
0
0
0
-1
0
0
0
2
0
1
0
1
1
2
1
1
1
1
2
3
2
0
0
-1
-1
-1
-2
-4
-1
-3
-1
-1
2
2
2
2
0
0
1
1
-1
0
-1
-1
-1
0
1
1
1
1
2
0
1
0
-1
-1
-1
-2
-2
-4
-4
-4
-2
-1
-1
0
0
-1
-2
-2
-1
1
-1
1
0
-1
0
1
0
1
0
1
1
1
0
0
1
2
2
0
1
0
1
2
2
2
2
0
1
-1
0
0
-1
0
0
0
1
1
0
1
0
-1
-2
-3
-1
-1
0
0
-1
-2
-3
-2
-1
-1
-1
-1
0
0
0
1
1
0
0
0
1
-1
-2
-1
-2
-2
-1
-1
0
0
-1
0
0
0
-2
-2
-2
-2
0
-1
-2
0
0
0
0
1
2
2
3
2
0
-1
0
0
0
1
0
-1
0
0
-1
0
1
1
1
2
2
3
1
1
1
1
1
0
1
0
2
2
1
2
0
0
0
-1
1
0
1
1
1
1
0
1
1
0
-1
-1
0
2
1
1
1
0
2
4
2
2
3
3
3
2
1
1
1
0
1
0
1
2
1
1
2
1
2
2
2
3
4
5
3
3
1
2
1
1
1
0
-1
0
1
1
1
0
1
1
1
0
1
1
0
-1
-1
-1
-1
-2
-2
-1
-3
-1
-2
-2
-2
-2
-2
-1
0
-2
-2
-3
-2
-4
-3
-2
-1
-2
-3
-2
-1
-2
0
1
1
0
0
2
2
1
0
-1
-1
-1
-1
-2
-2
-2
-3
-2
-2
-2
-3
-2
-1
-3
-1
-1
0
0
0
-1
-2
0
-1
-1
0
0
-1
-2
0
0
1
1
3
2
1
2
0
0
0
1
0
0
0
0
1
1
1
1
2
2
0
0
1
0
0
0
1
0
1
1
0
0
-2
-2
-3
-2
-3
-3
-3
-2
-2
-2
-2
-1
-3
-3
-2
-3
-4
-3
-3
-3
-2
-2
-3
-2
-2
-2
-1
0
-1
-1
0
0
-2
-1
0
-1
0
1
-1
-1
-1
-1
0
-1
0
-1
1
2
-2
-1
-2
-1
0
0
-2
1
2
2
0
3
1
3
1
2
-1
2
-1
-1
-1
0
0
0
0
1
2
1
2
2
3
3
2
1
2
1
1
0
0
2
1
0
1
-1
0
0
0
0
1
0
-2
-3
-1
0
0
0
0
-1
-1
0
1
1
0
1
1
0
0
1
1
1
0
1
0
1
2
1
0
-1
0
0
-1
-1
0
-1
1
-1
-1
-2
-1
0
0
-1
0
0
-1
0
0
1
3
1
1
1
0
0
0
1
2
3
3
3
3
3
2
1
2
0
0
0
0
0
0
0
1
0
-1
2
2
1
2
2
1
3
2
0
1
1
0
1
3
2
3
2
1
2
2
2
0
1
-1
-1
1
0
0
1
1
1
1
0
1
-2
0
0
0
0
0
0
-1
-1
1
1
-1
0
0
0
1
0
1
1
0
0
1
-1
-2
0
1
1
1
2
1
0
-2
-1
0
0
0
0
-1
0
0
-1
-1
0
0
0
0
-1
-3
-2
-2
-3
-4
-4
-5
-5
-6
-6
-3
-3
-2
-2
-2
-3
-3
-3
-2
-2
-1
-1
-1
-2
-2
-1
0
0
-1
1
2
1
2
1
1
1
1
2
2
2
2
2
1
1
1
3
1
0
1
0
1
2
1
0
0
1
-1
-1
-1
-1
0
2
1
-2
0
1
0
0
0
0
0
0
0
1
1
2
2
0
1
0
0
-1
1
2
1
0
2
2
2
3
3
2
1
2
0
0
-1
0
-2
-2
-3
-2
-3
-3
-2
-3
-2
-3
-1
0
0
-1
1
0
0
0
1
0
1
0
-2
-1
1
1
1
2
3
3
3
1
1
0
-1
-1
-1
1
0
-1
-1
0
1
1
2
1
0
-1
1
2
2
2
1
1
1
1
2
1
-1
-1
0
-1
-1
1
0
1
1
1
1
3
1
0
1
1
2
3
2
2
3
1
-1
0
1
1
0
-2
-2
-3
-3
-3
-3
-3
-3
0
-1
-2
0
0
-2
-4
-4
-3
-4
-3
-3
-2
-2
0
1
1
-1
1
2
-1
-1
-3
0
-1
-2
1
1
-1
0
3
2
-1
2
2
0
-1
0
1
0
-1
1
1
1
1
1
0
-1
-2
0
0
-5
-2
-2
-4
-4
-1
-2
-3
-2
0
0
-2
1
2
1
0
1
0
0
-1
-1
0
-1
0
0
0
1
-1
-1
1
1
0
-2
-1
0
0
1
2
-1
-2
0
2
-1
-2
0
0
-1
1
3
2
1
2
3
4
2
3
4
1
1
2
2
-1
-1
2
2
0
1
3
1
0
4
5
2
2
2
4
2
3
3
2
0
0
0
0
1
0
2
-1
-2
-1
0
0
1
2
0
-3
-1
-1
-1
-1
0
0
-1
-1
1
1
-1
-1
1
0
-3
-4
-1
-4
-5
-3
-2
-3
-2
-1
-1
-3
-1
0
-1
-2
-1
-2
-2
-2
-1
-2
-2
-1
-2
-3
-2
-1
-1
-2
-1
1
2
1
2
1
2
2
0
0
3
2
-1
1
1
-2
-2
0
-2
1
0
0
1
1
1
1
1
1
0
1
1
1
1
0
-1
-1
0
2
3
2
1
1
0
1
1
0
-2
-1
0
-3
-2
-2
-2
-1
-2
-1
0
0
0
0
0
1
1
2
2
1
0
1
0
1
1
2
0
-1
-1
-1
-1
1
2
1
0
1
0
-1
0
0
-2
-2
-1
-2
0
-1
0
-1
1
1
1
0
0
1
2
1
1
2
1
0
2
0
-1
2
3
2
2
0
2
2
2
3
3
2
0
0
0
-1
-1
-2
0
-1
0
0
1
-1
-1
-1
0
0
0
-1
-2
-2
-1
-1
-1
1
0
0
0
-1
0
0
1
1
-1
-1
-2
-2
-1
-2
0
0
-1
-1
-1
0
0
0
1
0
2
2
3
2
2
3
1
2
1
2
-1
-2
-1
-1
0
0
-1
-2
0
-1
-1
1
1
-1
2
2
1
2
3
1
1
1
1
-1
0
1
2
1
0
0
0
-1
-2
1
0
0
0
-1
-2
-2
-2
-2
-4
-5
-4
-3
-3
-2
-1
-1
0
-3
-2
-1
0
0
-1
0
0
0
0
0
1
-1
-1
-1
0
0
-1
-1
-2
-3
-3
-3
-3
-2
-3
-2
-3
-4
-5
-5
-5
-3
-3
-3
-1
-2
-4
-3
-3
-2
-1
-1
-1
0
-1
0
-1
-1
-2
-1
-1
-1
0
1
2
2
1
2
2
-1
-1
-1
1
-1
0
1
0
0
0
1
1
1
1
1
1
0
0
0
-1
1
0
1
1
2
1
0
1
-1
-1
-1
0
-1
0
-1
-1
-2
0
0
-1
0
1
3
3
2
4
4
3
2
1
2
-1
-1
1
-1
-2
0
2
1
2
3
3
2
1
2
2
1
-1
1
0
0
1
1
0
1
2
2
2
2
2
2
3
2
1
1
2
4
4
3
3
3
2
0
1
0
-1
0
1
0
-3
-2
0
0
1
3
3
2
2
2
0
-1
0
1
0
2
1
0
-2
-1
0
1
4
3
5
5
4
3
5
4
2
2
1
0
-2
-2
-2
0
1
2
1
0
-2
-2
0
0
-2
-3
-2
-3
-2
-2
-4
-4
-4
-3
-2
-1
-3
-2
-1
-1
-3
-3
-3
-4
-5
-1
0
-1
1
2
0
-2
-1
-3
-3
-2
-3
-3
-3
-1
-2
-2
0
0
0
2
3
3
2
1
-2
-2
-2
-3
-3
-4
-3
-2
-2
0
1
2
3
2
3
4
3
2
2
3
3
4
3
2
2
2
3
4
2
2
2
3
1
2
1
1
2
2
1
1
2
0
1
1
0
-1
0
-2
-1
-1
1
0
0
0
-1
-2
-2
-1
-1
-1
0
0
1
1
1
2
0
0
-2
-3
-3
-3
-1
-1
-1
0
-1
-1
-1
1
-1
-1
-2
-3
-3
-2
-3
-3
-2
-1
-1
-1
0
-1
-3
-2
-4
-2
-1
-2
-2
-2
-2
-2
-2
-1
-2
-1
-2
-1
-2
-2
-2
-3
-3
-3
-2
0
0
-1
1
0
1
-1
1
2
2
0
0
1
1
0
1
1
1
1
1
1
2
5
4
4
4
4
4
5
5
4
3
3
2
0
0
-1
-1
-1
-1
-1
-2
-2
-1
-1
-1
-1
0
1
0
1
1
1
1
0
0
1
0
1
1
1
1
0
-2
-1
1
1
0
1
-1
-1
-1
-2
-1
-1
-1
-1
-2
-1
-1
-2
-4
-3
-3
-2
-3
-1
-1
-2
-1
0
-1
-1
0
0
0
0
1
3
3
3
2
0
2
3
3
2
4
4
3
2
2
1
1
1
0
0
0
-1
0
-1
-1
0
1
0
1
0
0
1
3
3
1
2
2
1
0
0
1
2
2
3
2
1
2
1
1
0
0
1
-1
-2
-2
-2
-1
-2
-2
-3
-3
-3
-3
-4
-3
-4
-4
-3
-2
-1
0
-1
-1
0
0
-1
-1
-1
0
0
-1
-2
-3
-3
-3
-3
-2
-1
1
1
0
1
1
0
1
0
1
1
1
2
2
1
2
1
1
1
0
2
1
2
2
1
2
1
2
1
2
2
1
1
1
2
2
0
2
2
2
2
3
2
2
1
1
0
0
1
0
1
1
1
-1
1
0
0
1
3
2
0
1
1
2
3
3
2
2
1
0
0
0
0
0
0
-2
-2
-1
-1
-1
-2
-4
-2
-1
-1
-1
0
-1
0
-2
-2
-1
-2
-2
0
-1
-2
-3
-2
-3
-3
-2
-1
-2
-1
0
-1
-1
-1
-1
-1
-1
-1
1
-1
-3
-1
-1
-1
0
-1
0
-1
0
-1
-3
-3
-1
-3
-3
-2
-2
-4
-3
-2
0
-1
1
0
0
1
0
0
-1
-1
0
1
0
1
-1
0
2
1
2
0
1
2
1
1
0
1
0
1
1
1
1
1
1
0
1
2
2
2
2
0
1
1
1
0
1
2
2
2
2
2
3
2
2
1
1
0
-1
0
1
2
1
2
0
0
0
0
0
1
2
1
2
1
0
-1
-1
0
-1
-1
-2
-2
-1
-1
-1
-1
-1
-1
-2
-1
-2
-2
-3
-3
-4
-3
-2
-3
-2
0
0
0
1
1
2
1
1
0
0
1
-1
-1
-1
-1
-2
-2
-1
-2
-1
1
0
1
0
1
3
2
2
1
0
1
1
1
1
0
1
3
2
1
1
1
1
-1
0
-1
-1
-1
-1
-1
0
-1
-2
-2
-3
-3
-3
-1
-2
-2
-3
-3
-3
-3
-1
-1
-1
-1
-1
0
0
0
1
2
3
3
3
1
1
0
2
1
1
2
3
3
3
3
2
2
1
0
0
1
0
0
-1
-1
0
1
0
0
-1
0
-1
-2
-2
-1
-2
-1
-2
-1
0
0
0
-1
-1
0
1
1
2
2
2
3
3
2
2
2
2
1
1
1
2
3
2
3
2
2
3
0
1
0
0
0
0
-1
0
0
0
0
1
0
-1
0
0
1
1
1
-1
-2
-2
-2
-2
-1
0
-1
-2
0
0
0
1
0
-2
-1
-2
-3
-2
-2
0
1
0
0
1
1
0
0
-2
-1
-1
-1
-1
0
-1
-2
-2
-1
-1
-1
-1
0
1
1
1
1
0
0
-1
0
1
1
1
0
0
-2
-3
-1
-2
-1
-3
-3
-2
-1
1
0
-1
-1
0
1
0
1
0
1
1
1
1
1
1
2
1
2
2
2
2
0
1
-1
-1
0
0
1
0
0
1
-1
-1
0
2
1
0
-1
0
0
-1
0
0
2
1
1
1
0
0
1
1
1
1
1
2
1
1
2
2
1
2
1
-1
0
1
2
1
1
1
-1
-1
-1
-3
0
0
2
0
-2
0
0
0
-1
0
0
0
-1
-1
0
-1
0
0
-2
-2
-1
-3
-1
-1
-2
-2
-3
-2
-2
-3
-2
-1
-1
-2
-2
-2
-3
-3
-1
-2
-2
-2
0
1
0
-1
0
-1
0
0
1
2
2
3
3
4
4
4
4
4
4
4
2
2
2
3
3
3
4
2
2
1
0
0
-2
-3
-4
-3
-2
-2
-2
-2
-1
-2
-1
-1
-2
-1
0
-1
-1
0
0
1
1
0
1
0
1
0
1
1
0
0
-1
-1
-1
0
1
0
0
-1
0
1
1
0
2
-1
-2
-2
0
-1
1
1
1
2
1
1
1
3
4
3
3
1
2
1
1
1
-1
-1
-1
-2
-2
-3
-1
0
-2
-2
-1
-1
-2
-2
-3
-3
-2
-1
-1
0
0
0
0
0
0
0
-1
-1
-1
-1
-2
-2
-2
-1
-2
-1
-1
-1
0
-1
-2
-2
-2
-1
1
0
2
2
1
2
3
3
1
1
1
1
1
0
1
1
-1
0
1
0
2
1
1
2
1
2
2
1
1
1
0
0
0
-1
-1
-2
-1
0
0
0
0
-1
-1
-1
-1
-2
-2
-3
-1
-1
0
0
-1
0
-1
-2
-1
-2
-2
-2
-1
0
1
0
0
0
-1
0
0
1
0
0
-1
-1
-1
-1
0
0
2
0
1
0
0
-2
-1
-1
-2
-1
-1
0
-1
1
1
1
2
3
3
1
2
0
-1
-1
-1
-1
-2
-1
-1
-1
-1
0
-1
0
-2
-1
-1
-2
-1
-2
-4
-4
-4
-3
-2
-1
-1
0
-1
1
2
1
0
2
1
1
1
1
1
1
1
0
0
0
0
0
1
1
2
2
0
1
2
2
2
1
1
0
0
0
1
0
0
0
1
-1
-3
-2
-3
-3
-3
-3
-3
-2
-3
-2
-1
0
0
0
1
2
1
0
0
1
1
1
1
1
2
2
3
1
2
2
1
0
0
-1
-1
-2
-3
-1
-1
0
1
1
1
0
-1
-3
-2
-2
-3
-4
-3
-4
-3
-2
-3
-1
-1
1
1
1
0
0
-2
-1
0
-1
1
1
2
0
0
1
1
0
0
0
-1
-1
-3
-2
-3
-2
-1
-1
0
1
0
0
0
-1
1
0
2
1
0
1
1
1
0
1
0
0
0
1
1
1
2
3
2
2
4
2
2
2
3
1
2
1
3
2
4
3
4
3
3
2
2
3
2
4
4
4
3
3
3
2
1
0
0
-1
0
0
2
1
1
-1
0
-1
-2
0
0
1
0
-1
0
-1
-1
-2
-1
-2
0
0
3
3
1
1
1
1
0
1
-1
0
-1
-2
0
0
2
3
4
3
0
3
2
3
2
2
0
-1
0
0
-1
0
0
1
0
0
-1
-1
1
1
0
-1
0
0
0
0
-1
-2
-1
-2
-2
-1
0
-1
-1
-2
-1
-1
-1
0
-1
0
-1
0
-3
-1
-2
-3
-1
0
0
0
1
1
1
1
1
1
2
2
1
1
0
0
-1
-2
-2
-2
-3
-1
0
2
1
1
1
0
-1
-1
0
-1
-2
0
0
-1
0
-1
-1
-1
0
1
2
3
2
1
1
1
0
2
0
0
0
0
0
0
0
-1
-1
-1
-1
-1
-3
-4
-5
-4
-5
-4
-3
-3
-4
-4
-5
-5
-5
-3
-2
-2
-3
-2
-2
-2
-1
-1
-1
-1
0
0
0
-1
-1
0
0
1
1
1
2
1
0
2
2
1
2
2
1
1
0
1
2
1
-1
0
-1
-1
-1
0
0
0
1
0
1
1
0
0
0
1
0
1
1
0
1
-1
-1
-1
-1
-2
-1
-1
0
-1
-1
0
1
1
1
1
0
1
0
1
1
1
2
2
2
2
2
1
1
1
-1
0
1
2
2
1
1
1
1
1
0
0
2
1
1
0
0
0
1
0
1
1
0
0
0
-1
-1
-1
-1
-3
-2
-1
-1
-3
-1
-1
-1
0
-2
0
0
-2
-1
-1
-2
-4
-5
-4
-2
-2
-1
-1
-1
0
0
0
1
1
0
-1
0
-1
-1
0
-2
-2
0
-1
0
0
-1
-1
0
0
0
0
0
0
0
0
0
0
-1
-2
-2
-3
-2
-1
-2
-2
-1
-1
0
-1
-1
1
0
1
2
2
1
2
0
-1
0
0
0
0
0
2
3
2
3
3
0
0
0
0
0
1
0
1
2
2
3
4
4
4
3
4
4
3
4
3
3
3
4
3
3
3
4
3
4
3
3
3
1
2
2
2
2
1
1
2
1
1
1
2
2
1
1
1
1
1
1
2
3
3
3
2
2
3
5
4
4
4
3
2
1
1
1
1
1
1
1
1
1
1
1
1
0
-1
-1
-2
-3
-2
-3
-2
-2
-2
-1
0
-1
-1
0
0
1
1
-1
-2
-1
-1
-1
-2
-2
-2
-3
-3
-3
-3
-3
-5
-4
-4
-4
-5
-5
-4
-3
-3
-4
-1
-1
-1
-1
-1
-2
0
0
-1
-1
0
0
0
0
-1
-1
-2
-3
-3
-4
-3
-2
-3
-3
-2
-3
-4
-3
-3
-2
0
0
-1
0
-3
-2
-2
-2
-1
-2
-2
-1
-2
0
-1
-1
-1
0
1
3
4
4
3
3
2
2
0
-1
1
0
1
1
1
1
3
1
0
-1
-2
-2
-3
-3
-2
-1
-1
0
0
0
0
0
-1
-2
-2
0
-1
0
0
0
1
1
2
2
3
2
2
1
1
1
0
0
0
0
-1
-1
0
1
1
0
0
1
1
2
1
1
1
2
0
0
1
-2
-1
-3
-4
-4
-3
-2
-2
-3
-1
-1
-2
-1
-2
-2
0
2
1
0
-1
-1
0
0
0
1
2
-1
1
-1
-3
-2
-1
0
1
2
2
1
1
1
2
2
2
3
3
3
3
2
3
4
3
2
3
3
3
1
2
3
3
4
5
4
2
3
3
3
3
2
1
1
0
-2
-1
-1
-1
0
0
-1
-1
0
0
-1
-1
-1
-2
-3
-4
-3
-3
-3
-3
-2
-2
-2
0
0
0
0
-1
0
0
1
2
2
1
2
2
3
2
1
1
1
3
2
2
3
3
3
2
2
2
1
1
1
1
1
0
-1
-1
-2
-1
-1
1
1
0
-1
-1
-1
-1
-1
-1
-2
-2
-3
-3
-3
-3
-2
-3
-2
-3
-3
-3
-2
-1
0
-1
-2
-1
-1
-1
-2
-2
-1
-2
-1
-1
0
-1
1
2
3
3
3
3
2
2
2
2
1
0
1
1
0
1
2
3
3
3
3
6
5
5
5
3
1
-2
-2
-2
-1
0
-1
1
1
1
2
3
1
1
1
0
-1
-2
-3
-3
-1
-1
-3
-2
-1
-2
-2
-2
-1
-1
-1
-3
-1
-1
0
0
0
-1
-1
-1
-2
-3
-2
-2
-2
-1
0
0
-1
-2
-3
-2
-2
-2
-2
-2
-4
-3
-2
-1
-1
-1
-2
-3
-1
-1
-1
-1
0
0
0
-1
-1
-1
0
-1
-1
-1
-1
0
-1
-1
-1
-2
-2
0
-1
-1
-2
-3
-2
-2
-1
0
-2
-1
-1
-1
-1
-1
-1
0
0
-1
1
0
0
0
0
0
0
0
0
0
0
1
2
1
1
2
2
1
0
0
0
0
0
1
1
1
2
2
2
3
2
2
3
4
3
4
3
3
2
1
2
3
3
4
2
1
0
0
0
2
1
1
1
0
1
3
2
1
2
1
0
1
0
0
0
0
0
1
0
-2
-1
-1
-1
-2
-1
0
0
0
2
2
2
3
3
3
2
3
3
3
3
3
1
0
1
0
0
1
1
1
1
1
1
1
2
1
2
3
2
2
1
2
3
2
2
1
2
1
1
-1
0
2
1
1
1
0
-2
0
-1
-2
0
-2
-2
-2
-2
-3
-2
-2
-1
-2
-2
-1
-1
0
-1
-1
0
-1
-2
-2
-2
-3
-4
-5
-4
-3
-3
-2
-2
-1
-1
1
0
0
-1
0
0
-1
-2
-1
-2
-2
-3
-1
-2
-1
-1
0
-1
-1
1
-1
0
-1
0
0
1
1
1
1
1
2
1
0
-1
0
3
2
3
3
1
1
-1
0
-1
-2
-3
-2
-1
-2
-2
-2
-1
1
1
1
0
0
0
0
1
1
2
1
2
1
1
1
1
2
2
3
1
1
1
1
1
1
0
1
1
0
0
0
1
2
2
1
-1
0
0
-2
-1
-1
-1
-1
-1
-1
-1
-2
-2
-3
-2
-1
-1
-2
-2
-3
-4
-2
-2
-2
-2
-2
-1
-2
-2
-2
-3
0
2
3
3
3
3
3
3
4
3
4
4
4
3
3
3
3
2
2
2
2
2
1
1
0
1
3
3
4
4
4
2
2
1
1
0
0
-1
-2
-1
0
-1
-2
-1
-2
-2
-1
-3
-3
-4
-4
-4
-4
-3
0
-1
-2
-1
0
1
1
0
-1
0
0
0
-1
-2
-1
-2
-1
-2
0
-1
-1
-2
-1
0
0
1
0
1
1
2
2
1
2
1
2
1
1
2
1
1
0
-1
1
1
2
3
3
1
1
1
0
-2
-2
-3
-2
-1
1
2
2
1
2
3
3
1
-1
-1
-2
-3
-3
-3
-3
-3
-2
-1
-3
-3
-3
-4
-3
-1
-1
0
0
1
1
0
-1
1
0
0
-2
-3
-3
-3
-1
0
1
1
0
0
-1
-1
-1
-2
-1
-3
0
0
2
1
1
2
0
-1
0
0
-1
-1
-1
-1
-1
0
2
0
0
-1
1
0
0
0
0
1
1
1
2
1
0
0
1
1
1
3
2
2
1
0
-1
1
-1
0
1
1
1
2
2
2
1
1
0
0
-1
-1
-1
-1
0
-2
-1
-2
0
1
1
1
1
1
0
-2
0
0
0
1
0
0
0
0
0
-1
-1
-2
-1
0
1
2
1
0
0
-1
-1
0
0
1
1
1
3
2
1
0
-1
-1
0
0
3
1
0
2
1
1
1
1
2
2
1
2
2
1
1
1
1
2
2
2
0
1
0
-1
-2
-3
-3
-3
-2
-2
-3
-3
-3
-4
-3
-3
-4
-4
-3
-3
-3
-2
-3
-4
-5
-3
-3
-1
-3
-2
-2
-1
-1
-1
0
0
1
1
2
2
0
-1
-1
0
1
0
0
-1
-1
-2
-3
-1
-2
-1
-2
-2
-2
-1
-2
-1
-1
-2
1
0
-1
-1
0
0
0
0
1
1
1
1
1
1
0
1
0
1
1
0
2
2
3
2
4
4
4
5
4
6
5
5
3
2
2
2
3
2
2
2
2
3
4
5
6
5
5
3
4
2
2
3
2
2
2
2
2
1
2
1
0
1
1
1
1
1
1
0
1
1
1
0
0
0
1
0
1
1
1
0
-1
0
-1
-2
-2
-2
-3
-3
-2
-3
-3
-2
-2
-2
-2
-3
-3
-3
0
-2
-1
-2
-2
-1
-1
-1
-1
1
-1
-1
-1
-2
0
-2
-1
-1
-2
-2
-1
-1
-1
0
0
-1
-3
-1
0
0
0
-1
-1
-2
-2
-2
-1
-1
-2
-2
0
-2
-2
-1
-1
-2
-1
1
1
1
0
0
0
1
1
1
1
1
1
1
0
0
-1
-1
1
1
2
2
2
1
1
0
1
0
0
0
0
1
-1
-1
-1
1
0
1
2
1
2
2
2
2
1
2
2
1
2
1
3
3
3
2
3
1
2
2
3
2
2
0
0
0
0
-1
0
-1
-1
0
0
0
0
0
-1
0
0
0
1
-1
-2
-2
-2
-2
-3
-4
-3
-3
-3
-3
-3
-3
-4
-4
-3
-3
-3
-2
-1
-3
-3
-4
-3
-2
-1
-1
-2
-1
-2
-1
-2
-1
-1
-1
-1
-1
1
0
0
0
1
1
1
1
0
0
-1
-2
-2
-3
-3
-1
-2
-2
-2
-2
-2
-1
0
-1
1
2
0
0
1
1
1
3
1
1
1
1
2
3
3
2
1
0
1
0
0
-1
-1
-1
-1
-1
-1
-1
-2
-2
-2
0
0
0
-1
0
0
0
1
1
2
2
3
3
2
2
3
4
2
2
2
2
3
3
4
3
1
3
1
3
2
2
2
1
1
1
1
1
2
0
1
1
1
0
0
0
-1
-1
-2
-3
-3
-2
-2
0
0
1
2
0
-1
0
-1
-3
-2
-2
-2
-1
-1
-1
0
-1
-1
1
2
2
1
0
-2
-1
0
1
-1
-3
-3
-2
-3
-3
-3
-1
-1
1
2
2
1
0
-1
0
0
-1
0
-1
1
-1
-1
0
1
1
1
1
1
1
1
0
-2
-1
-1
-2
-2
-2
-2
-1
-1
0
1
1
0
0
0
0
0
0
0
-1
-1
0
-1
-2
-2
0
0
1
2
2
2
1
1
2
2
1
0
0
0
-1
0
1
1
2
3
2
1
1
3
4
5
4
5
3
2
1
-1
-1
0
1
0
0
1
0
1
1
0
1
1
2
2
1
1
1
0
0
0
0
0
0
0
0
0
-1
0
0
0
0
1
1
0
1
1
0
-1
-2
-1
0
0
1
1
1
2
3
3
3
3
3
2
2
1
2
1
0
-2
-1
-1
0
0
0
1
-1
1
1
-1
0
-2
-1
-2
0
0
0
-1
0
0
-1
-1
0
-1
-1
-1
-1
-2
-3
-2
0
0
1
0
-1
-2
-2
-1
-2
-1
-1
0
-2
-2
-1
-2
-2
-1
-1
-2
-1
-2
-2
-3
-2
-2
-3
-4
-4
-3
-2
-1
-1
-2
-1
-1
0
0
1
1
2
2
1
2
1
1
0
0
0
0
1
1
2
0
-2
0
0
1
0
-1
-1
-2
-1
-3
-2
-2
-2
-2
-2
-2
-2
-1
0
0
2
1
0
-1
-1
1
1
2
2
2
2
2
1
0
1
1
0
0
-1
1
2
1
3
3
2
3
3
5
6
6
5
2
2
0
2
1
1
1
1
0
1
1
0
1
2
2
3
2
2
2
0
1
1
1
1
2
0
0
0
0
0
0
0
0
1
0
0
0
-1
-1
0
-1
-1
-2
-1
-2
-1
0
0
0
0
-2
-3
-1
-1
0
0
0
-1
-1
-1
0
0
1
0
-1
0
0
-1
-2
-2
-2
-1
-1
-1
-2
-1
-1
-1
-1
-1
0
-1
-1
-2
-1
-1
-2
-1
0
-1
0
-1
-1
-1
0
-1
-1
-1
0
-2
-1
0
-2
-2
-2
-1
0
-1
-1
-1
0
0
0
0
0
0
0
-1
-1
-1
-1
0
1
-1
1
1
0
3
0
0
0
0
0
-2
-2
-1
-1
-1
-1
0
-1
-1
-1
-1
-1
-1
0
-1
0
-1
-2
-2
-2
-2
-3
-2
-1
-2
-1
-1
0
0
-1
-2
-1
0
-2
-1
-1
-1
-1
0
1
0
-1
-1
0
2
0
1
0
-1
-3
-2
-2
-2
0
0
0
0
2
2
3
4
2
2
3
1
2
2
2
1
2
1
1
1
1
1
0
0
0
-1
-2
-2
-1
-1
-1
1
1
0
2
1
1
1
0
1
1
1
-1
0
0
-1
1
-2
-1
-2
-1
0
2
2
0
1
0
0
-1
-1
-1
-1
-1
-1
-2
-1
-1
0
1
0
0
-1
1
1
0
0
-1
-2
-1
-2
-1
0
0
-1
0
1
0
1
0
0
0
-1
0
1
0
1
0
0
1
1
2
2
3
2
2
3
2
2
2
1
2
1
1
1
3
2
1
2
2
3
3
1
2
1
0
1
1
0
0
1
1
1
0
1
0
-1
0
-1
-1
1
-1
-1
-3
-4
-3
-3
-2
-1
-1
-2
0
-1
0
-1
-3
-2
-3
-2
-2
-3
-2
-2
1
-1
-1
-1
-1
0
-1
0
0
-1
-1
0
0
0
1
1
0
0
-1
-1
-1
-1
0
0
2
2
1
2
1
1
1
0
1
1
1
2
1
2
2
2
0
0
1
1
2
2
1
0
0
0
1
1
1
1
1
1
-1
-1
-1
0
0
0
0
1
2
2
3
4
4
4
3
4
3
4
2
1
1
-1
0
-1
-1
0
1
0
1
1
2
1
1
0
-1
-1
0
1
1
2
2
2
3
3
3
3
3
2
2
1
1
2
2
2
1
0
0
0
0
0
0
1
1
1
1
2
2
0
-1
-1
-1
-2
-1
-2
-2
-2
-4
-4
-3
-3
-3
-1
-1
1
-1
0
0
0
1
-1
-2
-2
-2
-2
-2
-2
-3
-2
-1
-1
0
0
-1
-1
-1
-1
0
1
1
1
2
2
1
0
1
1
1
1
0
0
1
0
-1
-1
-2
-1
-2
-2
-3
-2
-2
-2
-3
-3
-3
-3
-2
-1
-1
-1
0
0
1
1
0
1
-1
-1
-1
0
-1
0
-1
-3
-3
-3
-1
0
0
1
1
0
0
0
0
0
1
0
-1
-1
-1
0
0
3
3
3
4
3
3
3
2
1
0
-1
-1
-1
-1
0
0
-1
0
0
-1
0
0
1
0
0
0
1
-1
-1
-1
-1
-1
-1
-2
-2
-2
-1
-1
1
-1
-1
-1
0
0
1
1
1
2
0
1
1
1
0
1
1
0
1
1
1
0
-1
0
1
1
2
1
0
0
0
-1
0
1
-1
0
0
0
1
-1
0
0
0
0
1
1
2
2
2
1
1
1
1
0
0
0
-1
-1
0
0
-1
-1
-1
-1
-1
0
-1
-2
-2
-1
0
-1
-1
-1
-1
1
1
0
0
0
1
0
-1
-1
0
-1
-1
0
-1
0
1
1
0
2
2
1
-1
0
-1
-1
-2
-1
-1
-1
-1
-1
0
2
2
2
2
2
2
3
2
0
-1
-1
-3
-4
-3
-3
-2
-2
-1
0
-1
0
-1
-1
-1
0
0
0
0
1
2
2
1
0
1
0
-1
-2
-2
-2
-2
-2
-2
-2
-1
-1
0
0
1
0
-1
0
1
0
0
-1
-1
0
0
1
1
1
2
3
3
3
4
3
3
4
4
3
3
3
2
1
2
2
2
1
1
0
1
3
4
4
3
3
3
3
2
2
1
2
1
2
2
3
3
2
1
0
0
-1
-3
-3
-3
-2
-2
-1
-2
-1
0
-1
-1
-2
-2
-1
-3
-3
-3
-3
-2
-2
-1
0
0
2
2
2
1
-1
-1
-3
-2
-2
-2
-2
-2
-2
-1
-3
-2
-2
-4
-1
-1
-1
0
0
-1
-1
-2
-1
-1
0
1
1
-1
-1
1
-1
-1
-2
-2
-2
-1
-2
-1
-1
-1
-2
-2
0
0
1
0
0
-1
-1
0
0
0
0
0
1
1
1
2
2
2
2
2
4
3
3
3
2
2
2
1
1
0
1
-1
-1
-2
-3
-3
-3
-4
-3
-3
-1
-3
-2
-3
-4
-2
-2
-2
-4
-2
-1
-1
1
2
4
2
3
3
3
5
4
3
2
1
1
0
0
0
1
0
0
2
3
3
1
0
-1
1
1
-1
-2
-1
0
1
0
1
2
1
0
1
0
-1
-2
-1
-2
-1
0
0
-1
0
1
0
2
2
1
2
2
1
2
1
0
2
2
1
2
0
0
0
1
0
0
-1
0
0
0
1
1
1
1
1
1
0
0
1
2
3
2
1
0
0
1
3
2
2
0
-1
0
1
0
0
2
0
1
2
1
1
1
0
0
0
0
0
0
-1
-1
0
1
1
1
0
1
2
2
0
0
-1
-2
-3
-2
-3
-3
-3
-3
-3
-2
-2
-2
-1
-1
0
-1
-1
-3
-4
-4
-3
-4
-3
-3
-3
-3
-2
-1
-1
0
0
0
-1
-1
-2
0
-1
0
0
0
0
-1
0
0
1
1
0
1
0
-1
0
0
1
-1
-1
-1
-1
-1
-1
1
0
0
-2
-3
-2
-2
-2
-2
-2
-1
-1
0
0
0
1
1
0
1
1
2
2
0
0
-1
-2
-3
-2
-1
-1
0
0
-1
-2
0
-1
0
1
0
1
1
2
1
2
2
3
3
3
2
3
2
3
2
1
1
1
1
1
0
1
0
1
2
1
0
-1
-1
0
1
0
0
-1
-1
-1
0
1
2
3
4
4
3
2
1
1
0
1
1
0
1
2
3
3
2
3
3
6
5
4
4
5
4
4
5
5
4
3
2
0
-1
-2
0
-1
-1
-1
-3
-2
-3
-3
-2
-2
-2
-4
-4
-4
-5
-4
-3
-3
-3
-1
0
-2
0
-2
-1
-1
-1
0
0
1
1
2
3
1
1
0
-1
0
0
-1
1
1
1
0
1
1
0
-2
-2
0
0
0
-1
-3
-3
-2
-2
-2
-1
-3
-2
-2
-3
-2
-3
-2
-2
-3
-2
-1
-2
-3
-3
-2
0
0
-1
0
1
2
3
1
1
0
0
0
-2
-2
-3
-1
-1
1
1
2
2
4
1
2
2
2
1
0
0
-1
-3
-5
-6
-7
-5
-5
-7
-6
-4
-2
2
3
1
0
0
1
0
1
4
2
4
4
3
3
2
2
5
6
3
2
5
4
1
-1
-4
-8
-5
-5
-4
0
-2
-5
-9
-14
-11
-11
-11
-5
-6
-2
0
-3
-5
-1
-1
-1
4
4
5
3
4
7
12
16
24
28
28
27
28
23
16
15
7
9
5
11
13
9
4
1
-1
-3
3
2
3
5
1
-8
-13
-12
-6
-3
0
1
-5
-5
-9
-8
-7
-7
2
4
0
-4
-8
-8
-12
-18
-12
-8
1
1
1
-2
-8
1
0
-2
-8
-7
-10
-1
0
-4
0
2
2
-1
2
4
12
8
6
-3
0
-1
0
14
10
12
15
22
15
3
4
6
9
16
20
8
7
11
4
-3
-12
-3
4
3
14
11
3
2
-13
-29
-32
-25
-8
-12
-15
-12
-28
-31
-32
-17
-7
4
16
13
4
-1
-14
-17
-2
2
15
9
8
1
-12
-9
-2
13
19
16
9
12
-3
-14
-11
-14
-2
6
-2
-12
-28
-30
-24
-13
-9
0
-8
-9
-29
-43
-43
-31
-18
-19
1
0
-3
4
4
9
8
34
58
119
111
-18
-115
-262
-167
-103
-50
66
247
353
216
-115
-415
-244
-62
78
130
195
318
181
-134
-453
-304
108
339
311
214
218
55
-158
-381
-189
94
263
312
98
-62
-138
-143
-143
-79
94
265
188
-51
-177
-126
-24
-26
-52
21
70
-18
-132
-140
-18
96
-5
-82
-69
-48
-115
-219
-124
-45
-32
-91
-166
-118
-50
-29
-15
28
51
23
-74
-56
8
5
69
71
57
9
10
87
125
176
244
210
133
75
39
103
124
154
215
182
156
57
40
141
169
170
187
214
176
72
-154
-211
-275
-235
-140
-128
-29
46
61
-96
-339
-435
-331
-208
-264
-295
-236
-112
-114
-291
-243
7
176
28
-92
-64
102
134
130
182
397
555
382
173
90
150
164
48
-85
101
269
258
28
-87
11
41
-245
-519
-405
-195
-248
-406
-486
-256
-114
-179
-348
-225
0
91
-50
-199
0
253
280
159
294
564
709
550
423
478
649
628
540
580
334
306
162
-46
20
-34
32
-15
-110
-312
-499
-636
-614
-409
-555
-763
-743
-614
-694
-808
-754
-479
-129
-334
-499
-307
-32
211
178
177
499
814
642
292
356
722
1003
765
401
522
793
519
49
-6
272
568
201
-337
-363
-205
-221
-640
-931
-682
-329
-480
-934
-956
-548
-281
-432
-692
-486
-7
94
-196
-335
30
427
459
150
289
841
1018
854
577
823
1105
1019
736
728
918
451
240
-169
-178
48
-61
-55
-156
-59
-242
-593
-959
-896
-549
-819
-1151
-1120
-829
-754
-933
-979
-547
-90
-353
-516
-385
-17
354
254
167
530
1010
991
592
575
1042
1489
1044
317
507
836
770
179
43
500
887
434
-337
-542
-342
-260
-793
-1440
-1181
-592
-621
-1244
-1295
-605
-51
-343
-906
-667
-143
-19
-336
-566
-78
561
666
322
327
967
1458
1289
733
976
1450
1463
1043
842
1263
944
519
-148
-295
14
-141
-146
-422
-269
-237
-664
-1077
-1111
-652
-829
-1350
-1669
-1469
-1254
-1429
-1375
-896
-169
-132
-400
-465
-59
466
421
234
445
988
1132
696
611
1206
1810
1582
843
675
1074
1016
485
94
351
871
515
-254
-687
-429
-107
-609
-1363
-1452
-964
-845
-1430
-1730
-1096
-321
-380
-925
-1018
-294
61
-229
-679
-366
361
488
197
135
941
1559
1586
1157
1132
1598
1726
1495
1030
1184
983
627
-55
-534
-24
142
200
-211
-58
-79
-611
-1097
-1244
-796
-1040
-1559
-1824
-1746
-1600
-1569
-1305
-907
-364
-269
-466
-586
-260
334
425
234
328
913
997
563
652
1359
1967
1634
1008
946
1210
1163
703
493
557
750
469
-362
-652
-325
45
-413
-1212
-1292
-911
-983
-1550
-1576
-914
-465
-634
-1102
-1036
-455
-88
-207
-581
-325
185
348
38
127
1001
1515
1450
1105
1329
1695
1759
1549
1410
1416
858
565
-59
-282
-40
127
152
-226
-67
-226
-678
-1085
-969
-589
-1107
-1754
-1948
-1752
-1787
-1772
-1394
-867
-413
-444
-628
-557
-135
420
405
109
226
724
745
355
642
1506
1983
1574
1097
1225
1527
1390
893
667
622
693
321
-404
-485
-62
183
-420
-1127
-1027
-711
-891
-1475
-1433
-998
-857
-1101
-1389
-1096
-528
-116
-268
-575
-294
180
298
-40
224
918
1243
1040
916
1372
1643
1803
1686
1752
1473
869
692
37
-83
-100
35
-35
-242
-20
-270
-562
-776
-470
-418
-1297
-1807
-1789
-1685
-1962
-1963
-1488
-992
-687
-742
-721
-338
231
664
364
62
328
739
494
198
816
1649
1776
1260
1086
1460
1760
1554
1067
797
793
658
51
-637
-496
92
120
-635
-1110
-739
-478
-832
-1404
-1301
-888
-935
-1302
-1565
-1051
-426
-179
-429
-580
-49
333
317
59
311
959
1040
803
601
1109
1670
1823
1771
1162
1156
946
481
186
-149
216
165
22
-499
-790
-498
-397
-177
-619
-969
-1080
-1295
-1623
-2019
-1739
-1374
-1021
-1070
-1278
-834
-308
279
396
356
558
803
706
207
287
859
1247
1004
592
796
1211
1470
1194
1041
1163
1252
870
34
-270
-26
84
-388
-1103
-1062
-652
-608
-905
-1067
-697
-431
-590
-1062
-1162
-668
-388
-529
-879
-656
-83
183
32
181
754
1198
1115
983
1141
1626
1782
1122
892
506
610
531
73
132
242
682
49
-412
-448
-141
131
-715
-977
-1111
-1063
-1512
-1854
-1739
-1449
-830
-1038
-1107
-860
-220
254
49
5
274
766
439
80
305
854
1176
798
658
799
1269
1345
1023
922
1026
1276
772
133
-24
233
268
-413
-904
-832
-541
-608
-920
-964
-619
-423
-617
-1014
-890
-471
-329
-569
-915
-579
-169
-46
-76
78
735
968
1043
942
1260
1549
1219
1062
393
500
526
299
194
36
526
166
-47
-275
12
285
-349
-607
-1007
-1018
-1378
-1497
-1577
-1411
-937
-1079
-1081
-996
-333
106
126
24
240
552
260
108
297
749
828
663
437
635
1016
1081
1025
877
1132
1147
696
179
215
502
376
-159
-627
-482
-407
-529
-803
-742
-376
-323
-555
-915
-660
-248
-240
-544
-745
-444
-257
-324
-338
-8
567
753
806
762
1217
1369
1066
950
400
713
457
122
-49
21
457
-143
-199
-348
219
247
-340
-494
-653
-592
-1196
-1352
-1636
-1252
-938
-1216
-1259
-993
-158
71
50
-59
519
772
371
62
201
609
513
281
50
447
837
899
714
749
1146
1220
722
173
287
437
181
-564
-797
-542
-383
-597
-840
-620
-230
-96
-403
-634
-381
-53
-240
-620
-767
-326
-131
-327
-356
21
618
714
762
864
1406
1327
1056
780
317
657
322
100
-264
-22
165
-341
-416
-430
322
172
-321
-542
-532
-587
-1066
-1207
-1524
-1144
-1078
-1323
-1411
-995
-129
175
201
151
779
953
615
348
516
787
529
261
-73
264
594
666
640
639
1083
1172
796
421
475
525
129
-562
-850
-782
-764
-935
-1041
-800
-428
-220
-334
-414
-137
131
-33
-362
-488
-259
-244
-315
-299
50
466
610
870
1023
1549
1299
1289
1001
573
788
197
109
-331
-93
-265
-670
-557
-496
159
-260
-438
-556
-446
-708
-1089
-1210
-1446
-1062
-1275
-1425
-1482
-895
-259
-26
53
217
930
963
802
703
982
1089
777
456
238
554
689
642
591
682
1064
1095
755
578
664
653
183
-453
-739
-718
-883
-1174
-1287
-1106
-770
-680
-612
-526
-113
117
9
-173
-304
-9
-137
-201
-282
39
409
550
859
1176
1607
1391
1536
1133
1051
995
541
363
-108
38
-519
-655
-733
-429
-50
-467
-513
-615
-489
-903
-1029
-1286
-1331
-1198
-1532
-1662
-1643
-1008
-524
-251
-211
233
835
879
833
876
1169
1099
832
471
417
648
669
685
589
721
1031
963
746
691
843
785
250
-260
-501
-511
-809
-1157
-1284
-1198
-1019
-1013
-943
-772
-341
-107
-149
-293
-241
-13
-76
-147
-183
112
270
468
609
1039
1291
1218
1493
1094
1299
1096
915
628
307
302
-400
-473
-717
-365
-325
-635
-686
-647
-571
-916
-871
-1143
-1022
-1106
-1400
-1628
-1545
-1039
-787
-574
-587
-3
456
558
600
878
1203
1158
964
580
661
744
760
651
531
722
898
841
650
772
938
858
395
-57
-179
-255
-585
-952
-1107
-1068
-1033
-1072
-1124
-920
-507
-368
-352
-466
-222
-42
-13
-96
-88
174
306
483
569
848
758
1120
907
902
1054
859
1053
551
690
129
-13
-160
-172
20
-491
-484
-724
-608
-1027
-948
-1019
-998
-856
-1143
-1156
-1269
-788
-667
-500
-601
-318
106
108
177
351
844
854
819
556
678
884
874
775
613
772
833
788
519
569
800
825
412
12
-29
28
-162
-617
-738
-710
-700
-849
-974
-872
-524
-348
-450
-581
-433
-115
-75
-188
-203
138
256
355
331
749
832
810
906
488
896
662
798
506
397
431
-102
-46
-378
82
-88
-290
-546
-573
-619
-919
-819
-1114
-796
-955
-1035
-1247
-1054
-634
-492
-340
-448
53
231
292
219
529
747
688
576
328
587
679
699
502
497
646
744
605
464
617
723
618
148
-34
-41
-10
-300
-677
-733
-670
-634
-810
-804
-560
-270
-263
-392
-363
-96
96
81
-45
44
223
281
346
432
788
651
813
533
489
790
565
670
272
441
49
-222
-347
-317
30
-382
-493
-715
-570
-820
-783
-854
-899
-672
-933
-1012
-1173
-717
-458
-292
-349
-210
241
305
342
397
781
800
691
354
365
612
678
619
424
578
653
663
402
411
597
644
302
-175
-237
-165
-167
-567
-760
-707
-564
-637
-809
-666
-329
-89
-231
-336
-294
33
182
45
66
254
456
494
459
760
792
858
804
391
682
531
596
337
193
189
-214
-248
-491
-98
-200
-412
-670
-720
-789
-924
-828
-1071
-765
-882
-927
-1080
-900
-466
-225
-84
-199
216
402
486
458
693
940
869
689
423
567
702
688
570
480
607
702
498
365
394
568
447
-6
-276
-305
-212
-486
-797
-886
-762
-702
-797
-871
-596
-248
-185
-276
-350
-63
162
250
95
226
446
596
623
735
845
782
1059
557
662
610
600
577
208
234
-254
-180
-477
-249
-222
-488
-618
-802
-820
-1144
-891
-1138
-955
-1012
-1144
-1130
-1088
-625
-446
-124
-238
129
359
399
472
662
985
828
765
471
662
781
740
690
553
692
680
595
389
487
640
518
104
-241
-207
-219
-391
-770
-846
-759
-780
-838
-969
-677
-370
-243
-327
-430
-130
86
221
67
162
424
495
580
568
906
770
963
721
522
823
578
769
316
370
76
-142
-246
-423
-12
-413
-480
-831
-742
-1007
-977
-974
-1123
-819
-1152
-1001
-1191
-785
-546
-273
-211
-207
281
258
465
432
815
846
744
554
507
769
700
729
561
637
654
684
510
485
605
593
342
-150
-215
-195
-237
-630
-812
-760
-738
-775
-923
-765
-489
-278
-315
-392
-276
-13
181
74
72
231
475
528
570
744
652
934
689
551
710
556
781
478
442
84
-52
-101
-257
-17
-395
-476
-704
-725
-978
-938
-907
-986
-786
-1083
-1012
-1045
-714
-512
-294
-206
-141
237
198
336
443
790
804
648
457
516
743
696
678
572
713
676
626
426
480
652
581
327
-162
-141
-128
-197
-572
-731
-619
-655
-748
-1005
-755
-472
-256
-375
-443
-256
-7
190
18
138
254
562
478
557
605
571
909
465
547
520
604
635
407
421
28
56
-164
-110
-75
-320
-467
-628
-755
-1040
-862
-988
-935
-886
-1026
-1004
-981
-606
-441
-191
-214
-30
237
186
316
483
784
649
583
406
496
685
597
668
539
674
636
516
350
470
660
478
150
-229
-136
-161
-270
-602
-654
-577
-672
-729
-981
-653
-385
-244
-375
-427
-142
78
230
49
264
388
573
454
584
657
552
862
353
548
463
552
588
332
398
3
90
-274
-87
-51
-291
-496
-696
-749
-1073
-865
-1080
-863
-865
-994
-986
-991
-598
-398
-108
-202
30
233
252
301
487
766
721
608
381
549
643
687
665
623
696
681
547
371
483
613
526
111
-197
-215
-158
-345
-635
-636
-580
-624
-776
-934
-645
-328
-237
-359
-428
-147
22
171
15
190
416
531
503
563
748
650
935
474
565
610
534
612
285
413
25
31
-241
-146
12
-291
-450
-681
-692
-1011
-870
-1073
-956
-863
-1038
-1032
-1086
-663
-443
-188
-268
-40
231
250
315
434
770
709
632
420
536
680
697
695
572
708
684
602
405
502
673
589
236
-151
-101
-104
-264
-595
-664
-603
-633
-772
-963
-693
-425
-297
-412
-477
-192
30
161
12
161
402
504
509
540
735
644
841
461
467
610
509
649
329
456
139
61
-89
-145
87
-261
-410
-672
-706
-975
-919
-1000
-1031
-851
-1075
-1013
-1066
-697
-442
-230
-198
-114
224
167
282
358
626
657
518
421
463
658
665
700
653
714
722
612
454
510
634
552
239
-117
-125
-117
-265
-556
-588
-540
-583
-728
-895
-675
-434
-315
-430
-433
-249
-48
53
-33
134
316
479
408
533
703
628
869
534
559
674
568
626
396
455
149
6
-143
-173
49
-219
-416
-599
-624
-874
-876
-968
-1026
-821
-1009
-1047
-1087
-781
-496
-318
-279
-203
170
187
242
346
641
669
551
425
400
629
606
662
613
689
718
630
488
466
677
587
310
-88
-83
-98
-237
-501
-609
-470
-583
-667
-888
-688
-455
-334
-394
-503
-249
-124
56
-86
82
317
431
451
405
783
625
766
602
400
701
489
594
370
430
318
17
-47
-256
110
-91
-346
-588
-609
-745
-944
-880
-1095
-778
-931
-1017
-1061
-886
-494
-361
-202
-289
103
209
232
301
555
696
577
490
310
615
592
625
608
604
669
564
482
378
643
624
436
78
-75
-48
-150
-365
-587
-482
-563
-638
-810
-771
-451
-326
-338
-441
-282
-71
25
3
55
279
371
364
410
678
710
651
717
391
607
604
486
495
321
412
33
-101
-281
-58
98
-343
-479
-604
-621
-888
-830
-973
-839
-771
-1014
-976
-1008
-578
-377
-200
-269
-47
286
197
289
460
736
619
477
353
487
647
585
645
593
631
606
493
376
496
686
485
119
-116
-84
-80
-328
-530
-492
-505
-632
-772
-808
-563
-346
-311
-380
-396
-127
57
78
50
273
459
416
418
574
838
634
756
498
484
663
392
555
289
446
151
-82
-243
-280
147
-265
-448
-687
-596
-857
-920
-979
-1020
-722
-1030
-989
-1113
-765
-475
-259
-207
-217
220
213
264
349
681
737
622
440
461
665
583
624
592
660
605
558
420
452
671
600
333
-31
-65
-93
-230
-559
-607
-520
-657
-785
-919
-680
-444
-352
-379
-448
-233
-58
9
6
82
340
372
350
382
757
788
659
727
444
750
600
547
492
416
459
-55
-125
-391
-48
-22
-443
-613
-654
-644
-984
-917
-1076
-830
-821
-1031
-1049
-1011
-595
-406
-216
-308
-32
254
188
266
496
778
706
573
414
612
694
599
663
608
672
587
479
358
510
673
466
170
-110
-52
-85
-340
-577
-542
-525
-700
-854
-897
-605
-442
-427
-458
-419
-183
-33
6
33
254
422
387
379
547
851
714
719
582
536
753
490
555
422
507
312
-83
-179
-247
113
-184
-489
-646
-626
-750
-958
-955
-1032
-740
-926
-1009
-1072
-859
-478
-359
-242
-278
149
219
236
368
631
820
625
549
468
701
647
606
632
594
666
546
457
429
639
633
357
25
-77
-1
-175
-441
-588
-536
-595
-774
-879
-761
-488
-397
-419
-464
-333
-75
6
-15
53
298
341
341
362
702
823
659
754
462
706
634
514
521
398
510
29
-81
-296
-71
57
-374
-529
-643
-560
-899
-881
-1029
-875
-746
-1020
-990
-1033
-601
-448
-280
-336
-137
251
152
285
413
730
660
575
441
527
744
559
641
573
615
602
500
414
489
694
487
195
-37
-12
-53
-280
-545
-581
-524
-698
-829
-863
-635
-425
-419
-469
-437
-180
-39
-8
2
148
328
300
309
409
780
680
654
634
451
774
541
535
428
470
384
-51
-89
-288
79
-92
-452
-556
-547
-620
-876
-795
-961
-682
-815
-965
-997
-906
-493
-428
-264
-337
35
210
128
292
507
715
588
502
421
645
648
554
587
515
607
532
462
414
593
669
379
105
-15
29
-87
-352
-514
-484
-507
-694
-790
-736
-472
-342
-396
-423
-354
-92
-88
-68
-2
198
308
192
310
444
853
622
653
607
494
786
404
518
347
524
291
-164
-129
-261
170
-209
-447
-546
-487
-621
-913
-793
-944
-638
-866
-965
-1028
-802
-438
-447
-276
-344
138
179
116
294
556
719
517
495
416
668
580
516
556
499
573
455
406
347
614
587
272
57
-25
65
-136
-387
-518
-419
-523
-739
-766
-702
-420
-390
-393
-419
-317
-74
-105
-70
-26
229
256
183
303
543
852
565
655
567
582
727
424
512
370
510
152
-188
-196
-184
169
-274
-492
-511
-427
-651
-876
-774
-836
-602
-884
-956
-983
-724
-437
-449
-301
-273
227
198
174
375
640
771
512
499
503
720
554
501
535
518
590
443
393
364
630
521
234
6
-28
92
-195
-443
-520
-411
-559
-750
-772
-643
-380
-412
-394
-378
-230
-21
-52
-17
59
303
297
224
352
631
838
540
630
538
622
684
402
478
379
481
65
-176
-188
-150
94
-374
-501
-506
-440
-719
-874
-784
-796
-609
-904
-930
-914
-601
-449
-425
-278
-189
257
129
180
404
664
674
503
491
517
723
506
472
517
554
556
429
357
389
631
430
184
14
24
13
-293
-509
-517
-426
-615
-742
-764
-566
-372
-421
-389
-366
-187
-90
-98
-137
10
235
181
167
323
632
838
599
641
682
651
692
457
488
430
436
169
-203
-184
-183
13
-284
-496
-431
-428
-627
-891
-723
-754
-665
-837
-943
-890
-737
-506
-504
-302
-214
144
171
116
387
625
761
533
530
533
620
512
398
540
503
560
409
335
353
530
548
258
120
18
46
-228
-459
-510
-447
-516
-753
-719
-644
-416
-415
-376
-360
-275
-60
-148
-57
-38
180
223
140
299
421
805
530
629
677
525
725
413
497
406
481
219
-145
-105
-233
69
-201
-408
-420
-395
-586
-864
-689
-816
-618
-800
-938
-915
-768
-480
-451
-226
-202
148
176
92
339
568
709
579
492
464
592
483
416
511
544
541
453
342
346
568
507
310
98
37
-2
-220
-441
-527
-392
-503
-680
-746
-626
-402
-362
-352
-361
-210
-100
-94
-94
9
222
251
192
222
434
740
651
602
691
581
678
517
431
452
432
308
-132
-213
-249
-110
-136
-460
-450
-461
-567
-840
-777
-735
-708
-699
-919
-921
-839
-568
-472
-312
-184
32
220
103
283
528
766
636
547
533
515
572
413
527
537
555
467
305
336
407
573
334
158
51
17
-153
-409
-467
-462
-427
-667
-724
-699
-513
-368
-383
-325
-318
-120
-132
-148
-8
134
260
190
206
368
632
767
588
695
634
581
601
398
427
403
384
29
-246
-205
-222
-63
-300
-425
-393
-504
-708
-859
-693
-740
-646
-844
-989
-881
-722
-462
-418
-210
-91
131
152
116
459
643
719
523
485
482
481
486
383
538
496
478
330
273
399
524
542
234
98
48
-47
-274
-437
-415
-428
-540
-721
-691
-555
-349
-305
-291
-258
-187
-34
-114
-55
69
223
208
133
289
472
785
620
645
698
535
606
423
473
396
434
177
-233
-213
-267
-96
-195
-380
-395
-406
-579
-828
-634
-618
-581
-666
-850
-850
-729
-499
-419
-215
-105
77
197
111
335
631
718
566
495
464
463
451
349
463
522
465
347
287
353
492
563
319
118
49
-32
-257
-415
-427
-403
-472
-697
-703
-590
-392
-289
-262
-206
-159
-21
-65
-57
75
199
226
109
197
360
648
626
516
697
478
553
451
398
411
357
293
-188
-251
-287
-197
-146
-391
-393
-424
-496
-792
-687
-582
-637
-592
-823
-822
-794
-575
-432
-298
-110
9
206
106
246
544
690
614
454
491
431
453
328
348
480
425
387
244
282
406
536
388
128
66
26
-145
-366
-413
-361
-408
-585
-715
-597
-441
-284
-227
-228
-171
-99
-16
-90
-13
170
231
135
33
256
449
674
585
599
702
482
561
445
450
408
373
147
-321
-301
-326
-207
-222
-386
-363
-440
-562
-747
-543
-534
-568
-571
-766
-762
-727
-488
-379
-205
-79
32
184
90
348
580
666
534
453
440
349
403
262
382
409
360
273
213
347
435
584
350
164
104
27
-136
-325
-323
-343
-407
-617
-683
-548
-346
-199
-201
-197
-175
-54
-73
-78
51
185
191
53
29
190
442
624
558
562
572
409
470
413
398
417
333
45
-349
-333
-323
-216
-179
-345
-350
-484
-605
-687
-495
-469
-515
-557
-748
-746
-668
-461
-314
-137
-28
58
134
120
363
642
654
486
447
360
324
340
239
363
399
303
166
155
267
426
528
286
80
47
-42
-229
-323
-350
-307
-412
-637
-662
-475
-279
-167
-103
-147
-100
-29
-67
-31
93
226
168
62
37
234
515
629
572
619
573
392
471
415
460
445
294
-30
-363
-323
-330
-205
-217
-336
-362
-523
-643
-652
-436
-452
-496
-568
-716
-715
-655
-442
-252
-95
-7
39
105
137
420
644
580
449
425
358
284
301
244
404
398
252
156
192
332
462
517
260
100
79
-50
-241
-316
-296
-315
-488
-711
-669
-462
-297
-185
-150
-172
-123
-62
-53
-3
154
220
153
36
13
270
456
608
522
607
520
317
434
365
468
341
236
-59
-354
-290
-342
-168
-214
-299
-393
-535
-590
-596
-375
-465
-488
-576
-683
-699
-663
-400
-231
-56
-35
2
107
157
474
622
615
485
444
374
271
332
272
408
356
227
141
183
343
427
499
247
84
44
-59
-226
-300
-257
-320
-479
-689
-643
-423
-244
-148
-118
-136
-132
-49
-71
43
141
218
128
19
41
227
458
565
598
576
556
346
435
474
443
378
194
18
-279
-358
-351
-268
-146
-318
-433
-548
-556
-511
-391
-398
-489
-479
-614
-670
-654
-410
-148
-73
-69
-51
109
223
375
590
604
509
442
331
247
312
301
384
369
238
175
193
336
409
512
339
114
68
-4
-143
-265
-275
-297
-414
-627
-673
-471
-267
-155
-130
-165
-128
-42
-52
21
65
163
111
-3
-70
52
338
438
578
505
507
381
347
465
394
382
169
78
-197
-425
-373
-323
-158
-233
-399
-512
-501
-421
-404
-331
-440
-432
-482
-642
-669
-506
-203
-151
-134
-108
-2
207
259
461
566
519
407
317
253
256
337
296
290
204
138
112
222
354
451
402
146
43
63
-21
-168
-228
-214
-280
-501
-631
-513
-289
-151
-159
-192
-153
-51
11
0
50
166
175
61
-54
-12
277
410
479
562
460
514
389
416
491
392
295
65
-14
-289
-418
-324
-259
-159
-272
-455
-486
-364
-341
-360
-344
-432
-419
-560
-706
-657
-395
-172
-181
-184
-113
77
265
307
455
567
482
333
268
238
293
329
232
211
177
138
126
268
405
425
336
133
87
111
31
-149
-199
-225
-342
-517
-602
-406
-196
-109
-183
-182
-91
24
10
2
96
129
88
-89
-90
-2
263
366
414
478
396
494
336
441
441
373
257
19
-24
-281
-318
-287
-216
-186
-348
-445
-437
-274
-314
-317
-312
-366
-369
-535
-576
-524
-300
-209
-242
-221
-103
123
237
313
446
538
416
299
272
249
313
234
168
168
151
132
163
337
398
406
272
139
141
117
12
-160
-190
-252
-377
-551
-543
-320
-193
-170
-212
-136
-38
33
-15
7
147
104
13
-104
-42
56
242
336
361
511
420
476
366
445
479
348
231
5
-1
-229
-325
-292
-229
-154
-293
-370
-331
-194
-250
-314
-272
-334
-362
-499
-543
-494
-331
-256
-305
-218
-73
93
193
264
382
478
370
240
265
285
301
183
158
178
173
155
174
338
402
387
283
154
139
99
-17
-195
-236
-296
-410
-529
-537
-346
-250
-216
-225
-122
-3
1
-21
-5
71
22
-67
-116
-69
41
131
236
299
511
457
459
444
413
497
301
208
-13
12
-162
-341
-307
-243
-148
-240
-291
-280
-175
-195
-316
-296
-359
-358
-499
-546
-522
-431
-301
-328
-219
-82
92
203
260
378
473
417
285
304
328
280
218
136
200
211
204
171
316
440
406
324
222
225
165
66
-138
-228
-248
-368
-497
-553
-422
-299
-248
-223
-145
-27
27
-12
-39
3
2
-85
-189
-136
-97
12
48
203
328
533
506
452
531
460
503
269
192
40
-1
-144
-342
-301
-222
-151
-182
-210
-197
-130
-166
-273
-260
-308
-347
-488
-569
-547
-473
-414
-378
-247
-88
27
137
238
349
474
443
324
329
345
271
201
104
157
172
177
127
227
389
408
351
267
258
209
103
-103
-181
-242
-323
-440
-508
-434
-298
-249
-219
-131
0
44
9
-39
-11
14
-39
-127
-136
-48
8
53
156
315
493
545
434
521
438
464
310
168
141
24
-25
-279
-277
-192
-126
-129
-178
-166
-160
-137
-308
-323
-325
-376
-461
-618
-540
-505
-395
-339
-235
-67
63
111
196
309
414
431
293
245
304
242
177
93
151
228
207
200
197
388
406
316
212
177
140
38
-106
-269
-251
-323
-402
-482
-404
-244
-184
-174
-146
-43
18
-28
-88
-41
-59
-84
-179
-180
-47
29
136
157
349
450
619
521
482
558
412
368
79
87
-35
-68
-208
-391
-278
-250
-164
-190
-139
-152
-138
-211
-351
-321
-369
-393
-526
-577
-492
-451
-311
-268
-47
92
139
276
271
449
434
446
283
269
309
117
154
66
206
205
219
197
256
433
322
292
152
164
45
-95
-234
-340
-302
-424
-470
-487
-371
-223
-207
-163
-114
32
-8
-34
-32
-92
-8
-110
-85
-104
44
110
129
268
384
527
591
591
489
536
343
255
95
29
-65
-209
-255
-373
-309
-258
-159
-124
-110
-115
-152
-189
-302
-259
-338
-433
-527
-553
-528
-415
-316
-167
-2
92
212
233
444
450
501
457
313
271
234
173
112
120
173
180
142
148
267
344
326
213
156
87
-22
-160
-274
-318
-340
-441
-506
-469
-367
-226
-170
-162
-73
12
-9
-40
-29
30
0
-82
-105
-85
37
69
150
274
365
455
475
559
533
498
381
206
154
0
-74
-210
-258
-232
-287
-293
-316
-147
-105
-113
-177
-204
-182
-280
-324
-425
-385
-417
-445
-415
-345
-200
-77
78
149
243
358
378
423
398
401
306
215
210
125
133
89
166
177
167
168
212
275
223
181
70
59
-73
-173
-268
-332
-326
-385
-378
-384
-301
-196
-135
-107
-55
42
24
10
26
64
73
-21
13
25
84
125
164
284
299
374
340
415
397
362
248
111
64
-83
-69
-223
-207
-231
-226
-283
-286
-158
-97
-99
-159
-146
-149
-203
-258
-289
-257
-274
-320
-322
-285
-164
-50
30
127
182
277
297
306
312
333
286
193
139
119
102
38
65
92
119
91
107
147
165
120
64
5
-63
-114
-207
-231
-264
-253
-284
-272
-247
-171
-88
-83
-14
-11
93
31
60
66
60
81
-20
56
30
116
94
129
181
171
251
202
282
212
192
118
6
17
-104
-72
-159
-141
-166
-211
-182
-189
-83
-108
-85
-117
-137
-135
-209
-159
-206
-139
-208
-219
-176
-151
-16
-9
108
131
204
231
215
259
263
289
202
159
105
88
88
45
97
61
70
44
43
84
55
69
10
-13
-69
-120
-143
-168
-160
-182
-152
-165
-122
-59
-45
-16
0
52
53
31
28
42
38
12
-3
0
45
41
84
95
127
155
140
171
141
179
106
99
5
-30
-32
-96
-72
-138
-87
-121
-99
-98
-87
-45
-60
-41
-93
-72
-126
-116
-127
-157
-134
-160
-106
-89
-39
16
52
96
105
141
142
160
136
123
113
60
66
30
44
38
34
57
44
77
70
83
72
60
30
-17
-24
-75
-63
-90
-99
-100
-105
-66
-83
-46
-29
-12
3
-21
0
-26
-28
-39
-35
-22
-24
-9
-10
9
35
59
86
86
107
97
113
98
99
86
63
42
28
32
3
2
-16
4
-22
-31
-33
-38
-33
-67
-71
-94
-105
-124
-136
-135
-139
-100
-111
-81
-80
-35
-20
-21
-9
9
32
9
26
26
60
42
67
84
81
103
83
113
105
94
93
73
64
36
32
19
5
2
-5
-9
-38
-29
-40
-46
-73
-95
-80
-115
-111
-131
-107
-107
-98
-58
-53
-14
-11
32
23
40
48
39
58
-21
12
-24
6
32
39
114
97
151
131
157
138
166
127
67
4
-81
-69
-145
-129
-122
-102
-89
-87
-41
18
48
46
41
-5
-52
-124
-165
-171
-192
-193
-176
-159
-72
16
94
181
215
269
261
211
176
147
99
32
-44
-59
-57
-66
-22
15
80
113
126
132
141
110
70
-4
-85
-138
-219
-234
-268
-236
-197
-154
-116
-46
26
77
97
87
97
55
19
-30
-51
-67
-78
-86
-43
-9
45
114
147
214
200
205
195
144
114
30
-2
-67
-93
-106
-117
-79
-59
-8
-2
38
49
61
53
-1
-11
-63
-108
-152
-170
-156
-153
-114
-79
-23
17
57
103
136
139
123
101
65
35
10
-25
-36
-38
-20
-13
-2
36
71
72
62
63
59
26
-29
-70
-91
-107
-127
-130
-125
-91
-75
-40
-26
0
28
30
34
19
17
5
-8
-20
-10
-5
-8
9
34
59
59
74
86
90
81
57
47
29
18
-3
-15
-34
-38
-28
-37
-20
-16
4
-5
-17
-16
-33
-20
-50
-43
-50
-63
-54
-59
-22
-13
9
11
29
36
40
46
32
38
15
11
-8
-18
-6
-11
-7
-1
-2
6
5
4
-7
-12
-37
-35
-47
-56
-49
-62
-45
-46
-39
-10
-7
14
16
21
16
7
5
-2
-1
0
11
9
26
34
51
72
67
79
83
83
75
67
54
37
21
1
-7
-22
-16
-17
-11
-12
-10
-3
-2
-5
-10
-23
-37
-47
-59
-65
-64
-59
-50
-45
-34
-19
-9
8
16
20
30
24
23
24
11
21
11
20
17
15
23
24
36
36
39
31
34
24
6
3
-16
-10
-30
-35
-43
-48
-45
-47
-39
-39
-31
-30
-34
-37
-35
-25
-23
-16
-14
-11
2
6
19
27
41
46
51
55
59
67
69
67
63
56
56
48
52
50
50
40
30
26
15
1
-8
-10
-15
-23
-27
-36
-32
-23
-29
-27
-26
-22
-26
-22
-29
-21
-17
-17
-14
-12
-2
2
7
5
16
14
16
14
15
17
10
14
5
7
8
12
11
11
10
8
7
-1
10
-7
-2
-24
-32
-39
-49
-42
-51
-41
-54
-46
-54
-44
-36
-40
-34
-46
-39
-43
-37
-36
-30
-23
-16
-4
3
18
22
33
38
37
41
35
31
25
22
19
13
13
12
14
5
9
9
7
14
2
5
-9
-11
-19
-23
-23
-30
-29
-32
-23
-24
-14
-11
-3
-1
2
-3
-2
0
-1
-2
-5
6
8
19
21
28
33
31
34
32
35
30
27
16
11
5
-2
-9
-16
-16
-24
-25
-28
-33
-37
-39
-38
-41
-38
-41
-39
-39
-38
-31
-26
-17
-8
1
11
13
23
30
33
40
39
43
44
45
46
48
45
42
40
37
37
32
27
18
12
5
-4
-4
-11
-15
-14
-16
-21
-24
-22
-24
-19
-20
-13
-13
-19
-20
-25
-20
-20
-16
-8
-5
4
7
13
18
29
31
37
39
38
40
34
31
23
16
11
8
5
2
0
-4
-8
-16
-14
-20
-19
-24
-30
-31
-37
-37
-40
-38
-39
-33
-31
-23
-17
-12
-9
-9
-7
-3
0
4
10
12
16
20
19
24
25
27
28
23
23
22
22
20
18
14
11
5
-1
-5
-9
-15
-21
-23
-27
-30
-31
-28
-29
-27
-25
-25
-21
-21
-16
-13
-9
0
10
22
34
44
51
54
61
66
68
65
64
60
56
45
35
26
21
14
8
2
-2
-9
-15
-18
-18
-26
-29
-34
-36
-37
-35
-32
-32
-28
-26
-23
-17
-13
-3
2
7
9
16
20
22
27
27
35
35
39
41
44
47
48
47
45
43
36
30
20
15
4
-7
-15
-24
-31
-33
-34
-35
-31
-31
-28
-28
-26
-20
-21
-15
-15
-16
-17
-14
-9
-2
4
11
20
21
31
33
38
39
37
38
33
26
20
18
11
8
3
-4
-8
-14
-13
-20
-26
-32
-37
-37
-38
-41
-39
-36
-36
-32
-33
-31
-29
-23
-18
-13
-12
-9
-9
-5
-2
2
5
8
12
16
18
19
23
25
22
23
23
26
26
20
21
14
15
10
6
3
-4
-7
-14
-14
-19
-19
-20
-25
-26
-28
-25
-25
-23
-20
-19
-16
-12
-5
1
4
11
15
19
22
25
28
25
23
23
22
22
18
16
12
11
10
7
8
2
1
-4
-7
-12
-14
-17
-22
-26
-28
-30
-30
-32
-31
-25
-16
-12
-8
-6
-3
0
2
4
5
7
6
9
9
9
10
13
14
14
17
15
15
11
11
8
3
0
-4
-4
-7
-8
-9
-8
-8
-10
-13
-14
-13
-13
-12
-11
-13
-15
-14
-12
-15
-14
-11
-5
1
4
8
12
11
13
14
14
17
17
18
16
13
10
9
8
6
5
-2
-6
-8
-10
-9
-11
-13
-15
-18
-19
-22
-22
-23
-21
-19
-20
-18
-17
-14
-13
-10
-7
-7
-3
0
1
3
7
12
11
12
11
12
14
15
14
13
14
11
8
5
3
-2
-3
-3
-7
-4
-5
-8
-6
-5
-2
1
-1
-3
-6
-6
-9
-10
-9
-8
-5
-4
-3
1
3
7
12
14
15
15
17
14
12
10
11
8
4
3
2
1
0
0
-1
-1
-3
-3
-4
-5
-6
-10
-12
-15
-17
-20
-20
-16
-13
-11
-9
-6
-4
-1
1
4
2
3
3
2
3
5
5
7
8
10
13
14
16
17
16
14
10
8
7
6
5
4
1
0
-1
-1
-1
-1
-2
0
-3
-5
-3
-4
0
-1
-2
-4
-4
-3
-4
1
1
3
1
2
0
1
4
3
5
2
2
1
1
1
1
1
0
0
0
1
2
4
6
5
4
2
-1
-1
-2
-3
-4
-4
-6
-6
-4
-4
-4
-4
-5
-7
-8
-8
-6
-4
-1
2
3
4
4
3
3
4
3
2
1
3
3
3
6
5
6
6
7
4
6
7
7
8
6
3
2
0
1
2
3
1
0
-1
0
-1
-1
-1
0
1
0
-2
-2
-2
1
2
1
0
1
3
0
0
-2
-3
-3
-3
-3
0
1
5
5
6
6
6
9
7
6
4
5
4
4
2
2
2
2
4
3
6
5
6
4
3
2
-1
-1
-1
-1
-5
-5
-6
-7
-7
-6
-5
-5
-6
-6
-4
-4
-1
0
2
2
2
3
2
2
2
4
5
4
5
6
6
4
3
-1
-3
-4
-5
-5
-5
-5
-6
-6
-7
-6
-5
-5
-5
-5
-6
-5
-8
-9
-6
-5
-3
-4
-2
-1
-2
-3
-2
-4
-4
-2
-2
-1
0
-1
-1
-1
2
3
2
2
3
2
1
1
1
3
3
1
-2
-3
-3
-2
0
1
2
2
3
2
3
2
5
4
4
4
3
4
3
4
5
5
4
6
8
8
9
8
7
7
5
5
2
0
0
0
2
2
0
1
0
2
3
2
2
1
-2
-5
-6
-7
-8
-9
-8
-8
-6
-5
-3
1
3
4
4
4
3
3
2
2
2
2
1
1
0
0
1
1
2
3
2
1
0
-2
-4
-5
-7
-8
-11
-11
-10
-8
-8
-6
-6
-6
-6
-6
-6
-4
-5
-6
-6
-6
-5
-5
-2
-1
-1
2
4
6
8
9
11
12
12
12
12
12
10
9
8
5
5
3
2
1
0
-2
-4
-6
-9
-9
-10
-11
-12
-12
-12
-10
-8
-6
-5
-4
-2
-1
1
1
0
0
-1
-1
-1
0
1
2
3
5
6
8
7
9
9
8
9
7
6
4
2
0
-2
-3
-4
-6
-5
-5
-5
-3
-2
-1
-2
-2
-4
-6
-5
-6
-8
-9
-7
-4
-3
-2
2
6
8
11
12
13
12
10
8
6
4
2
1
0
1
1
2
0
0
1
0
-1
-2
-3
-3
-4
-4
-4
-4
-3
-3
-3
-1
-1
0
1
2
2
2
4
3
4
3
4
4
5
5
5
6
5
6
8
7
9
7
6
4
3
2
1
0
1
-1
-3
-2
-2
-3
-2
-3
-4
-5
-5
-6
-6
-6
-6
-7
-6
-7
-7
-5
-3
-1
-1
1
0
2
3
1
1
3
2
2
2
1
1
1
1
2
1
0
0
-1
-2
-3
-2
-2
-3
-3
-3
-5
-5
-5
-6
-6
-7
-5
-6
-3
-2
-2
-2
-2
-2
-2
-4
-2
-4
-1
-1
0
2
0
0
-1
0
0
0
1
0
0
-1
0
-1
0
-1
-3
-2
-3
-4
-5
-5
-3
-4
-2
-1
0
1
2
3
4
4
4
4
5
5
5
5
4
4
5
5
6
7
6
7
7
5
4
4
3
5
3
2
-2
-3
-3
-2
-2
-4
-3
-3
-3
-3
-4
-3
-2
-3
-4
-3
-5
-5
-2
-3
-2
-2
-1
-2
0
0
0
1
0
0
0
1
2
2
2
3
2
2
1
1
1
1
0
0
-1
-3
-4
-5
-5
-5
-6
-7
-6
-6
-5
-5
-4
-3
-3
-3
-2
-1
0
1
1
2
2
1
1
2
3
4
4
4
5
2
2
2
1
0
-1
0
-1
-2
-2
-2
-2
-2
-1
-2
-1
-1
-1
-2
0
-1
-2
-2
-2
-1
-1
1
0
1
2
1
2
3
3
3
4
3
4
4
3
3
4
3
3
3
1
3
1
1
0
0
0
-1
-1
-1
-2
-3
-4
-3
-3
-4
-4
-3
-3
-4
-3
-2
-1
0
0
0
1
0
-2
-2
-2
-4
-3
-2
-1
1
1
3
2
2
0
0
1
1
1
0
0
-3
-3
-3
-2
-1
-3
0
0
0
0
1
1
-2
-1
-1
0
0
-1
-1
0
0
0
0
2
3
2
2
3
1
2
1
1
1
2
3
3
3
4
3
3
3
4
4
4
6
4
5
3
2
2
2
4
3
3
3
3
3
3
2
2
1
1
0
1
2
1
0
-1
2
3
2
2
0
0
-1
-2
-2
-3
-2
-1
-2
0
-1
-1
0
1
2
1
2
1
1
1
0
0
-1
-1
-1
0
-1
-1
-1
-1
1
3
3
3
2
1
1
-1
-1
-2
-3
-2
-3
-1
-3
-4
-2
-1
-2
0
0
-1
-1
-3
-2
-1
-3
-4
-3
-2
-1
0
0
2
0
2
3
3
4
3
2
1
1
-1
0
-1
-2
-1
0
-2
0
0
1
1
1
1
1
0
0
0
-2
-2
-2
-3
-2
-3
-2
-1
-1
-2
-2
-2
0
0
-1
-1
-2
-2
-2
-1
-1
-1
-1
-1
-1
-2
0
0
0
0
1
1
0
1
0
1
0
1
1
-1
0
1
1
1
1
0
-1
-1
-1
-2
0
-1
0
-1
-2
-2
-1
-1
0
1
1
-1
-1
1
0
0
0
0
-1
-2
-2
-1
-1
1
1
1
2
2
1
0
1
1
3
0
1
0
1
2
-1
1
1
1
1
0
0
1
0
-1
-1
-1
0
-1
-1
-2
-2
-2
-2
0
-2
0
-1
1
1
-1
-2
0
1
1
0
1
2
2
2
1
2
0
0
0
1
2
2
2
2
2
1
0
0
0
0
1
1
0
2
0
1
-1
-1
0
-1
0
0
0
1
-2
-2
-1
1
1
1
3
3
2
2
2
4
2
4
4
3
4
3
2
1
1
1
2
3
1
1
0
-2
2
-1
2
1
0
-1
-3
-2
-2
-3
-2
-2
-1
-1
-2
0
-1
0
0
2
1
1
0
1
3
2
1
0
2
2
2
2
2
2
0
-2
-1
-2
-1
-2
-2
-4
-4
-3
-3
-3
-4
-3
-3
-3
-2
-2
-2
-2
-2
-2
-2
-3
-1
-3
-3
-1
-4
-3
-3
0
-1
1
1
0
1
0
1
0
-1
-1
0
0
2
1
2
0
0
-1
-3
-2
-3
-1
-3
-2
-3
-1
-1
0
-1
-2
-1
-2
-2
-2
-3
-3
-3
-3
-3
-2
-2
-1
2
3
3
3
5
5
5
5
3
3
2
2
2
0
1
0
0
1
2
1
1
3
2
1
4
2
1
2
2
3
1
2
3
1
1
2
3
3
3
3
2
2
3
5
4
2
1
2
2
2
1
2
2
1
-1
0
0
0
0
-1
-1
-1
-1
-1
-2
-4
-3
-3
-4
-4
-3
-1
-1
1
-1
1
0
-1
-1
-3
-1
-1
0
-1
0
-1
1
-1
0
0
0
1
0
1
0
-1
-3
-2
-3
-3
-2
-4
-2
-2
0
1
0
2
2
2
2
2
1
2
2
3
3
4
3
3
3
2
4
3
3
1
3
3
3
3
2
2
1
0
-1
-1
-2
-2
-3
-3
-4
-4
-5
-5
-4
-4
-3
-3
-1
1
-1
-2
-3
-3
-2
-1
-2
-2
-2
-2
-3
-3
-3
0
1
1
2
2
0
0
-1
-2
-1
0
-1
-3
-3
-3
-3
-3
-1
0
0
0
1
0
-1
-1
-1
-1
-1
-1
-1
0
1
0
1
0
1
1
1
2
1
2
3
3
3
2
3
3
2
2
1
0
-1
-1
0
-2
-2
-3
-2
-1
-2
-3
-1
-1
-1
-1
-2
-2
-3
-2
-2
-2
-2
-2
-2
-2
-2
-1
1
0
3
2
2
3
2
1
1
0
-1
-1
-1
0
-1
-1
-1
1
0
2
1
0
0
0
0
0
-1
-1
0
1
3
3
4
4
4
5
5
5
6
5
5
4
2
2
1
-1
-1
-2
-1
-3
-2
-2
-2
-1
-1
-1
0
-1
-2
-3
-2
-3
-1
-2
-1
0
1
1
2
1
3
3
3
2
1
1
1
1
0
2
1
2
2
1
1
1
2
1
1
2
2
1
1
1
2
1
1
0
1
1
1
1
0
1
0
1
0
1
2
-1
0
-1
-2
1
-1
1
2
1
0
0
0
-1
-1
-1
-3
-2
-2
-3
-3
-2
-1
-2
-2
-1
-1
0
-1
0
1
0
-1
1
0
-2
-1
-2
-1
-2
-1
-1
-1
-2
-1
-1
0
1
1
0
0
-1
1
0
1
1
2
2
0
0
0
-2
-1
1
-1
0
0
-1
-1
0
-1
-2
-1
-2
-1
-2
-2
-2
-2
-1
-1
-1
-1
-1
0
1
3
3
3
3
3
2
2
3
2
2
2
1
2
1
2
1
1
2
1
0
0
-2
-3
-3
-3
-1
-1
0
-1
-1
0
0
-1
-1
0
1
0
-1
-2
-3
-2
0
0
0
0
0
2
1
1
1
1
1
-1
-1
0
0
-1
0
-1
-2
-2
-2
-2
-1
0
-1
-1
-2
-3
-4
-2
-2
-1
-1
0
1
1
2
1
1
2
0
1
1
1
0
0
2
3
2
2
2
1
3
2
2
-1
0
-1
-2
-1
-1
-1
-3
-1
-2
-2
0
0
1
0
0
-2
-1
-1
-2
-1
-2
-2
-1
-2
0
0
1
1
1
1
1
-1
-1
-2
-2
-2
-3
-3
-3
-2
-1
-1
-1
-2
-2
-2
-3
-4
-3
-3
-4
-2
-2
-1
1
2
3
2
3
1
1
1
0
1
3
2
4
3
3
3
3
2
4
2
3
1
1
1
1
3
1
2
0
1
-1
-2
0
-1
0
-1
-1
0
0
1
1
0
0
0
0
1
2
1
2
1
0
1
-1
1
1
0
-1
0
-1
-1
-2
1
2
3
4
5
6
4
2
1
1
0
0
-1
-1
-1
-2
-1
-1
1
2
2
1
1
1
2
2
2
2
1
2
1
0
0
1
1
1
1
1
0
-1
1
1
0
0
-1
0
0
0
0
1
1
0
-1
0
0
1
1
1
1
2
2
3
2
3
4
5
4
4
3
1
1
1
2
0
-1
-2
-1
-1
-2
-1
-1
-1
-1
0
-2
-3
-2
-2
-2
-2
-2
-3
-2
-2
-2
-1
-1
0
0
2
2
1
1
-1
0
-1
0
-1
-1
-2
-1
-1
-2
-2
-1
0
-1
0
0
0
-1
-2
-3
-4
-4
-2
-2
-3
-1
-2
-1
-2
-1
-2
-2
-2
-2
-1
-2
-1
0
0
1
2
0
2
2
3
0
0
2
0
0
-1
-1
-2
-3
-2
-3
-4
-3
-5
-4
-5
-5
-4
-5
-4
-3
-2
-1
-1
-1
-1
-2
-2
-3
-2
-2
-2
-2
-2
-1
0
0
2
3
2
1
1
0
3
3
2
2
1
0
0
0
0
0
-1
1
1
2
3
3
2
2
2
2
3
1
2
1
1
2
3
4
3
2
2
2
3
3
3
3
4
2
2
2
2
2
3
2
1
2
2
4
3
3
3
2
2
1
2
1
1
1
0
0
1
1
0
0
-1
-2
-2
-2
-1
0
1
0
-2
-2
0
1
2
1
2
1
1
1
1
1
1
-1
-2
-2
-1
1
1
1
1
1
3
2
1
-2
-2
-1
-2
-1
-1
0
-1
1
0
0
0
1
0
1
-1
-1
0
-1
-1
-2
-2
-2
-2
-2
-4
-4
-4
-4
-4
-4
-5
-4
-4
-4
-5
-4
-4
-5
-2
-2
-3
-2
-3
-3
0
0
0
0
-1
-1
-1
-1
0
-1
-1
-2
-2
0
2
2
1
1
1
-1
-1
0
0
-1
-2
0
1
1
0
0
1
1
2
1
1
-1
-1
0
0
-1
-2
0
0
2
1
1
1
2
1
0
2
1
-1
-1
0
1
0
0
1
1
0
0
1
2
2
2
2
2
0
0
-1
-1
-1
0
1
1
0
0
0
1
0
-1
-1
0
-1
0
0
0
0
0
0
-1
0
-1
-1
-1
-1
-1
-1
1
-1
-2
-1
0
-1
1
-1
-1
-1
-1
-1
-2
0
1
0
1
1
2
0
0
-1
2
3
3
1
1
1
0
0
0
-1
0
0
-1
-1
-1
0
0
0
-1
0
1
1
1
1
2
2
2
2
1
2
1
2
1
1
0
-2
-1
-2
-1
-2
-1
0
0
1
2
1
2
2
3
2
2
0
0
0
0
-1
0
0
0
0
0
0
0
1
1
2
1
2
0
0
-1
-1
0
0
0
-1
-1
0
-2
-2
-2
-2
-2
0
0
0
-1
0
0
0
0
-1
0
3
0
1
0
-2
-1
-2
-2
-2
-2
-1
0
0
-1
-1
-1
0
0
-1
-1
-2
-1
-1
0
0
0
2
2
2
4
2
2
1
0
1
-1
0
0
0
1
0
-1
0
0
-1
-1
-1
0
1
-1
0
0
0
1
1
0
0
1
1
2
3
1
3
1
0
0
2
0
1
0
0
0
0
1
1
2
1
1
1
1
1
1
1
0
2
4
4
4
4
1
1
0
1
1
-1
0
-1
-1
0
0
0
0
0
0
1
0
3
3
2
3
2
1
1
1
0
1
1
1
2
2
3
1
0
-2
-4
-2
-1
-1
-1
0
-2
-3
-2
-2
-4
-2
-1
-1
0
0
0
1
0
0
-1
-2
-1
0
1
2
2
1
1
-1
-1
-1
-1
-1
-1
-1
2
2
2
0
-1
-1
-3
-2
-5
-4
-3
-4
-2
-1
-2
0
0
0
0
0
0
0
0
1
0
0
-1
-1
-3
-3
-3
-2
-2
-2
-1
0
-2
-2
-1
0
-2
-2
-1
-2
-2
-1
-2
-3
-2
-3
-2
-3
-3
-1
-1
0
0
1
0
0
-1
1
0
-1
1
1
1
0
0
-2
-2
-1
-1
1
1
3
3
3
1
0
1
0
0
-2
-3
-3
-4
-5
-4
-3
-2
0
0
1
1
1
1
1
1
0
-2
-1
-1
-2
-2
-3
-3
-2
-3
-1
-2
1
-1
-1
0
0
1
1
1
0
0
0
0
2
0
2
1
2
4
3
4
3
2
3
1
2
3
3
2
1
2
1
3
1
0
0
0
2
2
3
3
2
0
1
1
0
0
0
-3
-4
-4
-5
-4
-5
-5
-4
-4
-3
-2
-3
-1
1
0
0
1
1
3
1
0
1
2
3
1
1
2
1
1
1
1
1
2
1
1
-1
1
1
0
1
2
3
3
2
3
4
2
2
3
2
3
2
2
3
2
3
4
3
4
3
1
3
4
3
3
2
2
2
1
2
2
2
2
2
1
0
-1
-2
-3
-3
-1
-1
1
1
1
1
3
2
3
2
1
0
0
1
2
1
0
0
0
0
2
2
1
0
-2
-4
-5
-6
-5
-3
-5
-4
-2
-2
-3
-2
-3
-3
-3
-4
-4
-3
-5
-5
-5
-6
-4
-3
-4
-3
-3
-3
-4
-4
-4
-3
-2
-2
-1
-1
-3
-2
-3
-1
-1
-1
0
0
2
2
4
2
0
0
-1
-2
0
0
0
1
0
1
1
1
1
0
0
0
0
0
-1
1
0
1
1
3
3
2
1
2
1
1
1
0
-2
-2
0
0
1
1
1
1
1
1
1
1
1
3
4
4
4
3
3
4
6
5
5
4
2
3
2
4
4
5
4
3
1
1
1
3
4
3
2
0
1
0
-1
-1
-1
-1
-2
-2
0
0
0
-1
-1
0
0
0
-1
-2
-2
-3
-3
-4
-3
-1
-1
1
1
1
1
-1
0
0
-1
-1
-2
-2
-1
-2
-3
-2
-2
-3
-3
-2
-2
-1
-1
-1
-1
-1
-2
-1
-1
-1
-1
-4
-2
-3
-2
-2
-1
0
0
0
1
0
-1
-2
-1
-1
-1
1
0
0
1
1
3
2
2
1
1
1
1
2
2
2
0
0
-1
-3
-2
-2
-3
-1
0
-1
-1
-1
-2
0
0
0
0
0
1
-1
-1
-2
0
0
-1
1
0
1
0
1
1
2
1
-1
-1
0
0
-1
-1
-2
-1
-1
-2
-2
-1
-1
1
0
1
1
3
2
1
1
0
0
-1
0
1
1
1
2
0
1
2
0
0
-2
-2
-1
-1
-1
-1
0
1
3
3
2
1
2
0
1
2
2
2
1
0
0
-1
0
-2
-1
-1
0
0
0
0
-1
0
-1
-2
-2
-1
-1
-1
0
0
0
0
0
-1
-1
-1
-1
-2
-2
-1
-2
-2
-3
-3
-4
-3
-1
-1
1
2
2
2
2
1
2
3
2
1
1
1
2
2
1
2
3
4
4
3
3
2
3
3
3
1
1
1
1
1
0
-1
0
0
0
1
0
-2
-3
-3
0
-2
-2
-2
-2
-1
-1
0
-1
0
0
0
1
2
1
1
2
1
1
0
1
2
1
0
-2
-2
-2
-1
-1
-3
-3
-2
-1
0
0
0
0
0
-1
0
0
0
0
0
0
-1
-1
-1
0
0
1
1
0
0
-1
0
-1
0
0
-1
-1
0
-1
0
1
1
-1
-2
-4
-4
-5
-5
-3
-2
-1
-3
-2
-3
-2
-2
-2
-2
-3
-1
-2
1
0
1
0
0
0
0
0
0
0
-2
0
0
-1
0
-1
-1
-1
1
1
1
2
3
1
2
4
3
3
4
3
5
4
5
4
5
3
4
4
4
3
4
5
6
6
6
6
7
6
5
4
2
1
0
0
-2
-2
-2
-1
-2
-4
-3
-3
-3
-2
-3
-3
-3
-2
-2
-1
0
1
2
1
1
1
0
2
0
1
1
0
1
1
-1
-1
-1
-1
-2
-2
-1
-1
-2
-3
-2
-2
-2
-2
-2
-2
0
0
3
4
3
3
2
0
1
0
0
1
2
3
4
4
3
4
2
3
2
2
2
2
1
1
2
1
1
1
0
0
0
0
1
1
1
1
-1
-1
-1
-1
-1
-1
-2
0
-1
-1
-1
-2
-2
-1
-3
-3
-3
-2
0
1
1
0
0
0
0
0
1
-1
-1
-1
-3
-3
-2
-3
-1
-1
-1
-2
-4
-2
-2
-3
-2
-1
-1
-2
-2
-2
-1
-2
-1
0
1
2
2
1
0
0
-1
-1
0
0
2
1
0
-1
1
2
3
4
4
2
3
3
3
2
2
2
1
2
2
0
0
1
-1
-1
-1
-1
-1
2
2
2
2
0
2
2
0
1
1
0
1
0
0
1
1
2
3
3
3
2
2
1
2
3
2
2
2
2
1
1
2
2
1
3
1
1
0
0
0
-2
-2
-1
-2
-1
-1
1
1
2
2
1
2
1
1
-1
0
-2
-2
-3
-3
-3
-5
-6
-7
-6
-5
-5
-4
-3
-2
-1
-2
-3
-4
-4
-5
-4
-4
-3
-4
-3
-3
-3
-1
-2
-1
0
0
1
-1
0
0
0
0
0
0
0
2
2
2
2
1
2
0
0
-1
-1
-1
-2
-2
-1
-1
-1
-2
-1
-1
0
-1
1
2
1
2
2
2
3
3
4
6
5
5
3
4
3
3
2
0
-1
-1
-1
0
-1
0
1
0
0
0
1
0
0
1
1
1
2
3
3
1
1
1
1
1
-1
-2
0
-1
0
0
1
0
0
-2
-3
-3
-2
-2
-2
-2
-2
-1
0
0
-1
-1
-1
-3
-2
-2
-2
-4
-3
-3
-4
-4
-2
-1
-2
-2
-2
-2
0
0
-1
-1
0
1
2
2
3
2
1
1
2
2
1
0
-1
-1
-2
-1
0
-2
-1
-2
-2
-4
-2
-2
0
-2
0
-1
-1
2
1
2
1
2
3
3
1
2
1
1
0
-1
0
-1
-1
-2
-2
-1
-1
-1
0
0
2
2
1
2
2
2
2
0
1
2
1
1
1
2
3
2
2
3
3
3
3
4
3
3
2
2
0
1
0
-1
0
0
0
0
-2
-2
-3
-2
-3
-3
-3
-2
-3
-2
-1
-1
0
0
0
0
0
1
1
1
1
1
2
1
2
1
1
0
-1
-2
-3
-2
-1
-1
-1
-2
0
1
0
1
0
0
-1
-1
-1
-2
-2
-1
-2
-2
-2
-2
-1
-1
0
-1
-1
-1
0
2
1
3
3
3
2
3
0
1
1
0
1
2
1
1
-1
0
0
0
2
1
1
1
2
0
1
-1
0
0
0
3
3
3
1
-2
-1
-2
-2
-1
1
1
0
0
0
0
0
0
0
0
3
3
4
3
2
0
-1
1
0
0
0
0
0
-2
-2
-2
-2
-2
-1
-2
-1
-2
-2
-2
-2
-1
-2
-2
-2
-2
-3
-3
-2
-2
-1
-1
-1
1
1
0
-1
-1
0
1
1
0
-1
-1
-1
0
0
0
0
-1
1
1
0
0
-1
-3
-4
-2
-2
-2
-3
-2
-2
-1
-1
0
1
2
2
2
3
1
1
1
0
0
0
1
1
1
1
0
0
0
1
2
2
3
3
3
2
1
1
0
-2
-2
-2
-2
0
2
0
-1
-1
-2
-2
-1
0
0
0
-1
-1
-1
0
1
-1
0
-1
-2
-1
-1
-2
-2
0
1
1
0
-1
0
1
1
1
0
0
0
0
0
1
1
1
1
0
0
1
1
2
1
2
1
1
1
2
3
2
3
3
4
4
3
3
3
2
2
2
1
2
1
1
0
0
0
0
0
0
-2
-1
-2
-1
0
-1
0
0
0
1
0
0
-1
-1
-2
-3
-3
-3
-2
-1
-2
-2
-2
-3
-4
-3
-4
-3
-2
-2
-3
-3
-1
-1
0
-1
-1
-1
-1
0
-1
-1
-1
-1
-1
-2
-2
-1
-1
-1
-1
-2
-1
-2
-4
-4
-4
-2
-3
-1
-1
-1
0
1
1
2
2
2
0
0
0
0
0
1
2
3
4
3
3
4
4
3
3
4
4
3
2
4
2
1
2
3
3
3
3
4
3
2
2
1
2
1
1
1
2
1
1
1
0
0
0
-1
1
-2
0
0
-1
0
-1
0
1
1
0
1
0
0
1
2
2
2
1
2
2
2
0
1
-1
-1
-1
-2
-2
-2
-1
-1
0
-1
-1
0
-1
-1
1
0
2
1
0
1
1
0
-1
0
0
0
0
-1
-1
-3
-3
-1
-2
-1
-2
-3
-2
-1
0
0
0
1
1
1
3
3
4
3
3
3
2
1
2
2
1
2
2
1
2
3
2
2
0
0
0
-1
0
-1
-1
-1
-1
-1
-2
-1
1
0
0
1
0
-1
1
0
0
1
1
1
0
0
0
-1
-1
-1
-1
-1
-1
-1
-1
-2
-2
-2
-3
-2
-3
-2
0
-1
0
1
0
0
-1
0
1
2
1
1
1
0
0
-1
0
0
0
0
0
1
1
0
0
-2
0
0
-1
-1
-1
0
0
-1
0
0
0
0
0
1
0
1
1
1
1
-1
0
-1
-1
-1
-1
-2
-2
-1
-1
-1
-2
-2
-1
-1
-1
-1
0
0
0
0
0
1
1
1
2
1
2
3
3
1
2
2
2
0
0
0
1
0
0
0
1
0
0
0
0
0
1
1
2
1
0
0
-1
-2
-3
-2
-2
-2
-2
-1
0
0
-1
-1
-1
-2
-1
-1
-1
-1
-1
-1
-1
-1
-2
-1
-1
-3
-2
-3
-3
-3
-2
-2
-1
0
1
1
0
-1
-1
-1
-1
-2
-2
-3
-2
-2
-1
-1
-2
-2
-1
-2
-2
0
0
0
0
0
-1
0
0
-1
-1
0
0
0
0
1
0
0
1
2
2
0
-1
-2
-3
-1
-1
-3
-3
-2
-2
-3
-2
-2
-1
-2
-2
-2
0
0
0
1
0
1
1
1
1
2
1
1
2
2
2
2
2
1
2
2
2
2
2
2
0
1
0
1
1
1
0
0
0
0
1
0
2
-1
0
0
0
0
0
0
-2
0
1
0
1
1
1
-1
-2
-2
-1
-2
-1
-1
-1
-1
0
-1
0
0
0
-2
-3
-2
-2
-2
-1
-2
-2
-1
-2
0
1
-1
0
0
-1
-1
-1
-2
-2
-2
-3
-2
-2
-2
0
0
1
2
2
1
1
3
3
2
4
3
3
2
3
2
2
2
1
1
0
2
0
0
0
0
-1
-3
-1
-1
0
-1
-2
-2
-3
-3
-3
-2
-2
0
1
1
0
1
0
1
0
0
1
0
1
1
1
1
1
1
1
2
2
3
2
1
1
3
3
2
2
2
2
2
1
1
2
1
3
3
3
3
4
5
6
6
5
4
4
3
4
4
3
1
1
1
2
2
1
0
1
1
1
2
2
3
2
1
3
2
1
3
3
3
2
1
1
1
1
1
1
1
1
2
0
0
-1
-1
-1
-2
-2
-4
-3
-2
-2
-1
-1
-2
-1
-1
-1
-1
-2
-1
-1
-2
-2
-3
-3
-3
-4
-4
-3
-3
-2
-1
-2
-1
0
2
1
0
0
1
1
-1
-2
-1
-3
-3
-3
-4
-3
-5
-3
-3
-5
-4
-3
-3
-3
-2
-2
-3
-3
-2
-4
-3
-4
-5
-5
-4
-4
-3
-4
-5
-4
-4
-4
-2
-2
-1
-1
-1
-1
0
-1
-2
-1
-1
-1
0
-1
-1
3
2
2
2
2
4
3
2
1
1
1
0
1
1
1
1
1
1
3
2
3
3
2
2
3
3
2
-1
0
0
-2
-2
-1
0
1
0
0
2
3
1
3
3
4
4
4
3
3
3
2
2
2
1
1
1
2
1
2
1
0
0
-1
-1
-1
1
1
2
2
1
0
0
-1
-2
-1
1
0
1
2
2
0
-1
-1
0
-2
-1
-3
-3
-1
-1
-1
1
2
2
0
0
0
0
1
1
0
0
0
1
2
1
1
2
2
1
0
0
1
1
0
-2
-1
1
0
1
0
1
-1
-1
-2
-4
-1
-1
-1
0
0
0
0
0
0
-2
-2
-2
-2
-1
-2
-1
-1
-1
-1
-1
1
0
0
0
0
0
2
3
2
3
3
3
2
1
1
2
0
1
1
-1
1
0
-1
1
1
2
1
0
0
1
0
0
0
2
0
-1
-1
-1
-2
-3
-3
-2
-2
-3
-2
-2
-2
-3
-1
-1
0
1
1
1
2
2
1
1
1
2
2
2
2
2
1
2
1
3
2
1
2
1
0
-1
0
0
0
0
-1
-1
-2
-1
-1
0
1
0
0
0
-1
-2
-2
-2
-1
-1
-1
-1
-1
-1
0
0
0
1
0
0
-2
-2
-2
-2
-3
-2
-2
-3
-2
-3
-1
-1
1
0
1
1
1
2
2
2
1
1
0
1
1
1
0
0
0
0
1
1
1
2
1
0
0
1
0
0
2
2
3
1
2
1
1
3
2
3
2
1
1
1
1
2
1
1
0
1
1
0
0
1
1
2
1
0
0
0
0
-1
-2
-2
-2
-1
-1
-1
-1
-1
-2
-1
-1
0
1
1
0
-1
-2
-3
-2
-2
-3
-2
-2
-1
-1
0
0
-1
-1
0
1
3
2
1
0
0
0
1
1
1
3
2
2
3
3
4
4
4
5
4
4
4
4
2
3
2
2
2
3
3
2
2
2
3
4
4
4
3
3
2
-1
0
-1
-1
-2
-2
-1
0
-1
-1
-3
-2
-1
-1
0
0
1
1
1
1
2
1
1
2
2
2
1
2
0
-1
-1
-1
-1
-2
-1
0
-2
-3
-3
-3
-3
-3
-2
-2
-3
-3
-4
-4
-3
-2
-1
0
-1
1
1
1
1
2
2
1
2
0
0
0
0
0
0
-1
-1
-1
0
-1
0
-1
-1
0
-1
1
1
0
2
2
1
1
0
0
-1
-2
-2
-2
-1
-1
0
-1
-1
0
-1
-1
0
1
0
-1
-1
-1
-1
-1
-2
-2
-3
-4
-4
-4
-5
-3
-3
-4
-3
-2
-2
-2
-3
-2
-3
-3
-3
-3
-3
-3
-1
-1
0
1
1
2
2
2
2
1
0
1
0
0
2
1
2
1
2
1
1
1
2
1
-1
-2
-2
-2
-2
-3
-3
-3
-2
-1
-2
-1
-1
-2
0
-1
0
0
-1
-1
-2
0
-1
0
1
1
1
2
3
3
5
3
2
2
1
2
3
3
1
2
1
2
0
3
3
3
3
2
2
1
1
1
2
2
0
-1
-1
-1
-2
-2
-3
-3
-3
-3
-3
-3
-1
-1
-1
0
1
1
2
2
1
2
3
2
1
2
1
1
1
0
-1
-1
0
1
1
2
2
3
4
3
3
2
3
3
1
1
1
1
2
2
3
3
3
3
3
3
3
2
1
-1
0
0
0
1
3
2
2
1
0
0
0
1
0
0
0
-1
-2
-1
-1
-2
-2
-1
-1
-1
-2
-1
-2
0
1
1
0
0
-1
-2
-2
-2
-2
-3
-3
-3
-4
-2
-2
-3
-2
-2
-4
-2
-4
-3
-3
-2
0
-1
0
-1
-2
0
-1
-1
-1
-1
-1
-1
-2
0
0
0
0
0
1
0
-2
-2
-2
-1
-1
-2
-2
-1
-1
0
-1
-1
-1
-1
0
0
0
0
0
-1
-1
1
0
1
0
0
2
0
2
1
1
0
-1
-1
-1
-1
0
0
-1
-1
-3
-3
-2
-2
-1
-2
-1
-1
-1
0
-1
-1
0
0
0
0
1
0
-1
0
0
1
0
1
-1
-1
0
0
0
1
-1
0
0
0
0
1
0
1
1
1
1
1
1
0
0
0
0
-2
-1
0
0
1
2
3
3
3
2
0
-1
0
0
0
0
1
1
1
1
1
1
1
0
0
1
0
1
1
2
2
2
1
0
0
1
0
1
2
1
0
0
-1
-1
0
1
1
2
3
1
0
2
3
2
2
2
2
2
1
0
1
0
-1
1
1
1
1
-1
-1
-2
-1
-1
-2
-3
-2
-3
-3
-2
-3
-4
-4
-5
-4
-4
-3
-2
-2
-1
-2
-2
-1
-1
0
0
-2
-1
-2
-2
-1
-1
-1
-2
-1
-4
-3
-2
-2
-1
-1
1
1
1
0
-1
0
0
0
0
-2
-2
-1
-3
-2
-1
1
1
-1
0
-1
-2
0
-2
0
-2
0
1
-1
-2
0
1
1
3
2
4
3
2
2
3
2
2
3
2
2
1
1
-1
-2
0
0
-1
-1
-3
-1
-2
-1
0
-1
0
1
2
3
3
2
4
5
4
5
4
5
6
4
3
3
3
3
1
2
2
0
1
0
0
0
-1
0
-2
-1
-1
0
0
-1
0
1
1
1
1
0
0
-1
-1
-1
-1
0
2
2
2
3
2
1
1
0
0
-1
-2
-3
-3
-3
-2
-2
-2
-3
-2
-3
-3
-3
-2
-2
-3
-2
-2
-2
-3
-4
-3
-3
-2
-2
-1
0
-1
0
0
1
0
1
2
1
1
1
1
0
0
1
0
1
1
1
1
1
0
0
0
-1
-2
-2
-1
0
1
0
0
0
1
0
0
0
1
0
1
2
2
3
1
0
0
1
1
2
1
0
2
2
2
2
2
3
3
3
1
1
0
0
0
0
0
-2
-1
-1
-2
-1
-1
0
0
-1
-2
-2
-3
-2
-2
0
-1
-2
-2
-2
-1
-2
-2
-1
1
2
2
3
3
3
3
4
4
3
2
1
0
0
1
3
2
4
2
2
2
0
1
1
1
0
1
1
1
1
1
2
2
2
2
1
1
1
0
-1
-3
-1
-1
-1
-2
-5
-4
-4
-3
-4
-4
-4
-4
-4
-3
-3
-1
-1
1
-1
-2
-2
-2
-2
-2
-2
-3
-2
-1
-2
-1
-1
-1
0
0
1
0
0
0
0
-2
-3
-3
-3
-5
-4
-4
-4
-4
-3
-2
-2
-2
0
0
1
1
2
2
3
2
1
2
0
0
1
2
2
3
3
2
2
1
1
2
2
2
3
1
1
2
2
2
4
4
2
2
2
3
3
5
5
5
5
4
4
4
3
3
1
2
3
3
4
3
3
1
1
2
2
2
1
0
0
-1
-1
1
0
2
1
0
1
0
0
1
0
-1
-1
0
-1
0
-1
-1
1
1
1
1
1
1
0
-1
-1
0
-1
-1
-1
-2
-4
-3
-3
-3
-2
-3
-2
-1
-1
-1
0
-1
0
0
1
1
0
0
-2
-1
-2
-1
-2
-3
-3
-4
-2
-3
-3
-2
-2
-1
-1
0
1
-1
0
1
-1
-1
-2
-1
0
0
0
1
1
1
0
2
1
1
1
1
0
0
1
1
0
0
-1
-2
-3
-3
-2
0
-1
-1
0
1
1
1
0
0
0
-2
-1
-1
-1
-1
-2
-2
-2
-1
-1
0
0
0
0
0
-1
0
0
1
1
0
1
1
1
1
0
-2
-2
-2
-2
-2
-1
-2
-1
0
0
0
0
-2
-2
-2
-2
-3
-3
-3
-3
-3
-2
-1
0
0
0
0
1
1
0
0
-1
0
0
-1
0
0
0
-1
-1
-2
-1
-1
0
1
1
0
0
0
2
3
2
2
1
1
1
0
1
2
2
1
3
4
3
3
2
3
4
5
4
4
3
1
1
2
2
2
2
2
3
2
3
2
3
3
2
3
1
2
2
2
3
2
1
2
2
0
2
0
0
0
-1
-1
0
0
0
-1
-2
-1
-2
-2
-2
-2
-3
-2
-2
-3
-4
-3
-3
-4
-2
-3
-2
-3
-3
-4
-6
-5
-5
-4
-4
-3
-2
-3
-1
-1
-1
-1
-1
-1
0
-1
-1
-2
-2
-2
-2
-2
-1
-1
0
-1
1
0
0
0
0
1
0
0
0
0
0
-1
-1
-2
-2
-2
-3
-3
-1
-1
-1
0
-1
-1
-2
-2
-1
0
0
0
0
1
1
1
2
3
1
2
2
2
3
2
3
1
1
1
0
0
0
-1
0
1
1
2
2
1
1
1
1
1
3
2
2
2
1
0
-1
2
1
1
0
0
-1
0
-1
-1
-1
-2
-2
-3
-3
-2
-1
0
-1
0
-1
0
1
1
0
1
-1
-1
-2
-2
-1
-1
-1
-1
-1
-2
0
-1
1
1
1
2
2
2
1
0
1
1
1
2
2
2
3
3
2
1
1
1
1
0
0
-1
-2
-3
-3
-2
-3
-2
-1
-1
0
0
-1
0
-1
-1
0
0
-1
-1
-1
-1
-1
0
0
0
-1
-1
0
0
-1
-1
-2
0
-2
-2
-2
-2
-3
0
-1
-1
0
-1
-1
0
-1
-2
-1
-1
0
1
1
1
0
2
1
1
2
3
1
2
1
2
3
1
1
-1
1
3
2
2
2
2
1
2
1
1
-1
-3
-3
-3
-3
-3
-2
-2
-1
0
0
1
3
1
1
1
0
0
0
0
0
-1
0
0
-2
0
-1
-2
-2
-3
-3
-3
-4
-5
-5
-3
-3
-3
-3
-2
-2
0
0
1
1
2
1
0
-1
-1
0
0
-1
1
0
0
0
-1
0
-1
0
-3
-4
-2
-3
-3
-3
-4
0
-1
0
1
1
1
1
0
1
0
0
1
0
-1
-1
-1
0
1
1
2
2
1
0
0
1
1
2
3
4
3
4
4
3
3
3
3
2
2
2
1
0
-1
0
1
2
0
3
2
3
3
4
3
3
4
3
3
2
1
2
1
1
1
2
2
1
1
1
1
0
-1
-1
-2
-1
0
1
1
0
0
0
0
-2
-2
-1
0
-1
0
-1
-1
-1
-2
0
0
0
0
0
0
1
-1
0
-1
-1
1
0
0
1
2
2
1
2
2
2
2
3
3
1
1
-2
-3
-2
-1
1
3
4
3
3
3
2
3
2
2
1
1
0
1
0
1
1
0
0
-1
-1
-1
-1
-2
-1
-1
-1
0
-2
-2
-1
-2
-2
-1
-1
-1
0
0
-1
-1
-1
0
-1
-1
-2
-3
-4
-4
-3
-2
-2
-2
-2
-3
-2
-1
-2
-1
-1
-2
-3
-2
-1
-1
0
1
-2
-1
0
1
2
2
2
2
2
1
2
3
2
3
2
2
1
0
2
3
1
0
-1
0
1
0
1
1
0
0
-2
-2
-3
-3
-2
-2
-2
-2
-2
-2
-2
-1
0
1
-1
0
0
0
-2
-2
-2
-3
-1
-1
-1
0
-1
0
-1
-2
-2
-2
-1
1
1
1
1
0
-1
0
0
1
3
3
2
1
0
0
3
2
2
2
1
1
1
0
0
1
1
2
1
0
0
1
1
2
3
3
3
2
1
0
-1
-1
-2
-1
-1
0
-2
-3
-3
-1
-1
1
1
1
1
1
1
1
1
0
0
0
0
0
0
-2
-1
-2
-3
-3
-3
-3
-2
-3
-1
-1
0
0
0
0
-1
-1
-2
-1
-1
-1
-1
-1
0
1
1
1
1
1
1
2
1
1
1
1
0
1
1
0
2
1
2
1
2
3
3
3
3
2
3
3
2
1
0
0
0
-1
0
1
-1
-1
1
2
2
1
0
-1
0
2
1
1
1
1
1
1
2
1
0
0
0
0
1
1
1
1
0
-1
-2
-1
-1
-1
-2
-3
-3
-3
-3
-2
-1
0
0
-2
-3
-2
-2
-3
-3
-3
-3
-2
-4
-3
-3
-3
-3
-3
-2
-1
-2
0
-1
0
0
2
1
1
1
0
0
1
0
1
0
-1
0
0
0
-1
0
-1
0
-1
0
0
0
0
0
0
0
0
1
0
1
0
1
2
1
1
0
1
-1
-1
-1
0
0
1
3
3
3
3
4
3
3
4
3
2
2
2
0
0
-1
0
-1
-1
0
0
1
1
-1
-1
-2
-1
-1
-3
-2
-1
-2
-2
-1
-1
-1
