-11
1
10
10
8
-7
-13
-8
-17
-11
8
19
18
10
-4
-9
4
0
0
-3
2
15
4
-2
1
0
3
-1
-5
-1
6
8
6
-4
-10
1
5
7
23
16
8
8
6
1
-4
5
4
5
12
9
9
0
-10
-11
-5
8
17
22
11
-1
-5
-17
-15
0
6
8
9
-1
-9
-16
-20
-12
-2
-5
-7
3
-2
-5
-3
-4
-1
7
14
10
11
7
-8
-18
-25
-16
-6
2
1
-10
-4
3
6
11
10
7
2
6
4
2
-6
-18
-13
-10
-11
-10
-4
4
6
6
1
2
8
7
12
0
1
3
-8
-8
0
2
-3
-8
-6
-10
-7
4
0
-11
-12
-14
-1
8
-1
-11
-13
1
14
10
5
-1
-12
-14
-11
-12
-7
-7
-6
6
12
6
6
6
-3
-9
-9
7
22
10
-4
-8
-24
-26
-7
9
28
38
11
-5
-29
-47
-26
-22
-2
11
15
11
-11
-15
-8
2
22
46
36
11
-19
-34
-36
-34
2
19
28
25
0
-16
-10
5
13
34
49
38
16
-3
-25
-11
5
-1
8
-2
-4
-1
-7
2
0
5
13
10
-13
-14
-4
-20
-6
-4
-7
2
5
11
-5
4
5
6
25
16
7
7
10
4
4
4
-10
-13
-6
-11
-20
-16
-12
2
18
21
20
4
8
2
-12
-3
11
14
1
-7
-16
-14
-2
16
20
18
20
0
-16
-6
-3
8
9
1
-7
-11
-4
-8
-15
-7
11
22
12
5
16
10
-9
-18
-17
-8
-3
-2
-19
-18
-5
2
12
5
13
8
3
-1
-8
-2
-6
1
-6
-11
-5
-19
-14
3
11
12
1
-3
11
17
12
5
3
-11
-27
-20
-21
-19
-5
-1
5
14
12
0
-11
-1
-2
-18
-13
-6
3
3
3
5
-7
-8
3
19
20
-1
-2
-6
-8
12
9
-3
0
2
8
10
2
-12
1
6
-10
-8
-4
11
17
-4
-14
-15
0
15
12
8
6
2
-7
-7
-6
-6
12
7
-2
-5
-6
-1
3
22
46
39
-12
-33
-15
-9
1
1
-2
6
-4
-3
12
17
17
14
5
1
20
16
-27
-24
-1
-2
-7
-21
-4
17
14
12
-8
-2
5
4
8
-8
-3
14
1
-3
0
0
-15
-18
-12
-15
12
19
12
14
7
10
-9
-27
-30
-25
-12
-13
-14
-12
-4
13
8
9
15
10
16
-6
-29
-33
-31
-19
-13
1
10
3
-3
1
3
4
17
26
15
1
-2
-24
-41
-35
-24
2
13
14
14
4
-1
8
23
17
27
14
-13
-36
-46
-14
1
14
13
-4
7
6
7
9
11
20
12
11
3
-10
-16
-14
-6
-5
13
26
38
38
16
-10
-30
-16
-1
3
8
-2
-19
-24
-32
-16
-9
-1
14
15
20
20
5
-30
-36
-27
-21
16
31
28
24
8
6
0
4
10
7
17
4
-18
-31
-33
-17
2
-4
-6
6
3
0
2
7
11
11
6
-11
-9
-9
-9
-14
-25
-14
2
19
23
20
17
1
1
-13
-5
21
13
-11
-13
-13
-6
11
8
3
0
1
4
-1
-8
7
8
-12
-20
-16
-4
3
6
7
-5
4
14
14
11
-4
-14
-23
-31
-14
4
17
16
13
0
-6
2
-15
-10
16
29
17
-9
-19
-7
12
16
6
1
-6
-6
4
-4
8
22
6
3
-7
-19
-16
-10
-17
-18
-7
5
14
19
18
1
-19
-11
-14
-25
-1
12
14
8
-5
1
8
2
-14
-2
9
6
1
-6
11
21
24
21
14
-3
-16
-11
-13
-4
7
8
19
9
-1
-11
-20
-10
-17
-9
10
4
10
2
4
0
-5
1
6
15
6
13
19
6
7
12
-9
-30
-38
-38
-33
-26
-5
20
21
12
12
-3
-1
13
-2
-18
-19
-14
-16
7
15
-9
3
18
26
35
19
4
1
-2
-2
10
6
-13
-8
1
11
22
24
22
5
-5
-5
-1
9
11
10
5
-3
-10
-18
-21
-6
0
-5
-4
2
0
11
21
11
-1
-6
-1
-4
3
16
-5
-13
-13
-17
-4
-3
3
5
-1
4
10
10
3
-4
-5
-14
-14
-8
-6
7
11
5
-8
-10
-2
5
16
18
6
-11
-19
-15
-1
7
6
4
3
8
0
-13
-9
5
18
20
11
2
-12
-12
-9
-17
-11
-3
-2
2
0
6
3
6
8
-13
7
4
-24
-17
-13
0
3
8
8
7
17
-2
-17
-20
-19
-13
-5
-2
5
15
14
-15
-15
-11
-17
3
-2
-10
-6
-7
-5
-5
-6
-1
1
-5
-20
-8
-2
6
13
13
20
-1
-14
-30
-16
12
7
5
10
15
21
23
18
9
4
-1
-7
-7
-3
-14
-26
-3
7
20
27
7
4
8
6
5
4
-16
-11
0
2
-1
-10
3
-2
-5
-8
2
9
-5
4
10
14
4
-13
-4
-14
-15
-9
-25
-13
9
20
22
22
19
1
7
7
-3
-5
-4
-7
-15
-13
-12
0
-7
3
15
24
33
7
3
-12
-18
-8
-10
-6
-3
-2
-8
0
22
22
12
4
4
11
8
0
4
2
-12
-10
-15
-18
4
12
17
16
13
9
1
8
-5
0
4
0
-4
-1
-5
-2
8
0
0
3
4
-13
-11
1
2
8
3
1
2
-10
-12
3
0
-9
-12
-20
-20
0
17
16
6
12
1
-2
-1
-5
-1
-7
4
1
-9
-14
-14
9
13
9
6
-5
-7
-6
-2
-2
-4
14
20
13
10
-6
-13
-12
-19
-12
-11
-18
-5
9
19
28
19
-2
-22
-13
-1
-5
-15
-23
-10
-19
-28
-11
7
21
35
36
7
-1
6
-17
-15
-3
3
12
-12
-26
-34
-25
-10
6
43
56
61
38
-7
-21
-22
-30
-24
-8
5
19
8
-24
-16
-15
7
27
27
33
16
9
-2
-14
-12
-18
-15
-1
29
27
-10
-21
-27
-18
8
20
31
23
13
13
-3
-18
-24
-6
1
4
4
-19
-26
-26
-19
-7
8
18
6
-1
-6
-13
-9
-7
8
18
7
6
0
-3
-6
-8
-10
-8
8
19
7
-5
8
2
5
15
9
0
-8
-12
-14
-13
-8
-3
1
17
33
16
-7
-11
-12
-17
-24
-15
-9
-3
4
-11
-13
3
13
12
15
24
23
5
-18
-15
-16
-16
2
-4
13
25
23
10
-16
-12
4
11
6
8
12
-5
-12
-14
-14
-1
16
0
-17
-3
-3
8
12
7
4
-1
6
6
-2
-4
-9
-21
-22
-12
3
15
11
15
21
10
6
9
6
-4
-12
-20
-20
-11
-2
0
5
-3
-15
-11
-16
-4
12
13
18
6
-1
-4
-23
-19
-21
-11
4
13
27
5
6
10
-3
2
2
6
-4
1
3
-3
8
6
5
-4
-5
8
6
7
-5
-8
-13
-12
2
-5
12
14
-9
-30
-28
3
1
0
2
-16
-10
-7
-9
-5
-2
0
-8
-11
-3
0
5
8
4
5
11
18
13
-4
-1
0
-3
-7
-6
-5
-18
-6
-7
-13
-11
1
12
17
28
17
7
2
5
13
5
6
2
0
6
11
14
10
12
8
-15
-17
0
2
-12
-14
-8
-3
1
0
10
3
1
1
4
12
6
5
-8
-12
-1
1
-2
-5
-1
-12
-13
2
10
15
9
8
4
3
11
11
11
6
-10
-17
-10
-5
-2
-12
-9
5
11
15
6
3
6
10
6
11
16
7
4
3
7
1
-9
-5
-10
3
18
1
-6
-7
-5
-4
10
12
6
15
2
0
-4
-14
-17
-22
1
2
0
11
-1
-5
-9
-10
-3
10
18
5
-1
5
-8
-8
-1
-5
-4
-9
-9
-11
5
16
12
2
-11
-6
-11
-15
-2
5
12
4
-5
-8
-17
-11
3
3
9
11
12
15
6
5
3
5
10
-1
-2
4
9
17
13
4
-1
10
14
3
6
-1
-13
-20
-20
-6
-2
1
1
-11
-3
18
20
9
6
-4
-8
2
10
11
6
-2
-13
-3
6
3
7
5
-2
-1
-2
-4
6
13
9
-1
-4
4
-5
1
5
-4
-3
-1
-3
-7
0
5
7
12
3
9
7
-15
-14
-14
-14
1
6
12
11
8
-2
0
6
3
-1
-16
-17
-10
-4
-2
-2
-17
-19
-8
-1
15
13
10
7
3
-11
-8
-8
-10
-12
-18
-16
-12
-5
-5
-2
3
-5
1
-2
-10
-4
-2
7
11
10
8
4
8
0
-1
-6
-10
0
-4
0
0
-8
0
-2
1
7
0
4
1
-10
-5
1
0
2
11
5
-8
-14
-15
-15
-5
6
8
12
8
0
-8
-11
-4
9
11
3
-1
3
-5
-16
-16
-11
-7
-3
-2
3
6
4
1
4
8
6
-1
-3
9
7
9
12
9
14
10
4
0
-3
-7
-13
-7
2
13
13
10
12
5
3
4
-6
-5
1
-14
-19
-15
-19
-11
8
13
12
11
-2
-14
-11
-1
6
4
3
-13
-15
-6
-12
-14
-13
-2
-4
4
7
-6
-8
-7
-7
-12
-6
-1
6
7
2
0
-2
6
11
11
12
12
12
1
-6
-10
-1
6
-1
-7
-10
-1
6
6
6
5
8
3
-3
-8
-7
7
7
7
10
6
6
-4
-14
-19
-5
7
5
10
-1
-11
-9
-10
-12
-16
-14
-2
2
0
2
-3
2
12
8
3
1
7
10
9
8
3
1
4
3
1
3
7
5
9
-6
-10
-4
-10
0
3
7
12
6
0
-6
3
6
1
3
0
9
9
-4
3
-5
-18
-12
-10
-4
4
-3
-11
-9
-3
-1
-1
2
-4
-6
-3
-2
-8
-4
0
-1
10
8
0
3
9
12
8
3
-2
-4
7
4
5
12
10
11
2
-4
-10
-13
-9
-6
3
6
9
-1
-9
-2
0
3
12
3
-1
1
0
3
-2
-4
-3
1
-7
-13
4
5
7
7
-2
-3
-9
-3
-7
-16
-4
-7
-5
-1
10
8
-2
3
-2
-3
5
7
-8
-7
-2
-10
-4
-7
0
3
-4
0
-5
-4
-2
5
-1
-3
8
-2
0
5
0
1
11
14
3
4
-4
-15
-9
-8
-7
-10
-12
-3
-3
-6
4
8
5
7
3
6
7
-5
-7
-17
-14
1
3
13
15
17
8
-2
-8
-7
0
13
13
5
5
-3
-7
-3
-4
-4
-2
2
6
9
5
0
5
2
0
5
13
15
1
-4
-12
-16
1
4
6
2
5
12
14
22
17
20
15
4
1
-11
-11
-13
-5
1
2
5
0
-7
-11
-19
-11
9
14
15
2
-3
-1
-7
-6
-5
5
-1
1
0
0
13
4
-1
1
-10
-12
1
0
-8
0
2
8
15
4
-7
-8
-3
-6
-7
2
6
5
5
3
1
-6
-8
-8
-11
-5
6
12
0
-7
-11
-19
-12
6
7
4
7
4
5
7
4
6
7
-1
-1
1
-5
-5
-3
-10
-10
-10
-6
-20
-17
1
5
16
13
5
-9
-8
4
1
-1
-7
5
10
4
4
1
-1
8
10
1
5
10
3
-9
-8
5
1
7
7
-2
3
-2
-4
-2
5
1
-5
3
-6
-16
-4
4
-2
0
-1
-2
-2
-10
-18
-13
-10
1
1
-2
9
18
23
12
15
14
0
6
-3
-10
-10
-4
-2
-1
6
10
14
10
1
-4
2
-8
-2
10
-19
-11
6
3
7
7
-3
-11
-7
-12
-19
-9
8
15
12
-2
-4
-4
-3
8
9
8
5
-6
-11
-3
3
2
-1
-2
-2
-10
-1
12
11
15
5
-12
-9
-5
0
8
-1
-5
-2
2
4
3
7
11
-1
-15
-7
-1
0
1
4
9
17
6
-5
-11
-5
6
3
10
-5
-6
-2
-9
-6
-13
-6
-4
-8
3
-7
2
0
-7
2
-9
-2
-9
-9
-1
-8
-7
-15
3
8
8
8
-10
0
12
7
15
5
0
-1
-14
-3
3
7
7
7
14
-8
-11
0
-1
5
13
12
4
-2
-3
4
6
5
6
3
2
1
2
3
-3
2
0
-2
3
-4
-7
-6
-6
0
-5
-7
-1
2
1
-1
11
11
12
12
-7
-9
-11
-24
-14
-8
1
-6
-6
4
0
-2
-8
-7
-1
0
-3
-5
-10
-3
6
5
9
6
2
-9
-7
8
9
8
8
1
-2
1
-3
-5
-1
-5
-2
5
-4
-18
-27
-11
0
21
27
-4
7
15
9
10
6
5
8
5
2
-7
-11
2
5
6
6
6
11
7
8
-2
-20
-11
-7
1
7
-1
6
-1
1
10
11
11
-8
-13
-10
-13
-16
-19
-16
-4
2
2
7
10
3
9
10
-1
-7
-6
-8
-4
-9
-2
2
-1
9
5
8
12
0
-6
-3
-3
-2
-3
-1
2
12
7
0
2
-4
-5
-2
0
4
2
-2
-6
-12
-10
-1
-4
3
10
0
-8
-7
-7
-4
10
16
18
16
6
-2
-7
-13
-12
5
14
12
11
2
-8
4
-6
-9
-4
-5
-7
-2
1
-5
0
-1
-1
-1
4
7
1
3
-1
-6
-6
0
17
22
17
5
-5
-9
-17
-10
-1
3
2
0
-3
-15
-13
-11
-7
10
10
11
6
-7
-3
-4
-6
-7
-1
2
-8
-8
0
-5
-6
-4
3
8
6
9
3
0
6
6
5
2
5
-5
-2
13
-1
2
7
2
-4
-14
-6
-9
-9
-8
-7
-3
4
14
10
-1
-4
-7
-12
3
11
6
8
2
-10
-7
3
8
6
16
10
-14
-13
-8
-7
4
9
-1
-6
-8
-2
5
11
9
9
2
-13
-12
-8
-7
-6
3
8
4
-1
-13
-20
0
13
6
5
0
-11
-10
-10
-6
11
13
11
7
0
2
6
8
12
18
5
-1
-1
-10
-19
-14
-1
-2
3
18
10
5
8
6
5
0
-5
-10
-2
8
-2
-10
-27
-22
-7
3
15
6
5
12
11
-3
-4
10
13
10
8
-1
-11
4
19
16
16
17
8
-2
3
-9
-22
-12
-22
-22
-9
-5
-1
3
6
-5
-3
-3
0
11
8
14
21
7
-7
-6
1
3
6
14
-4
-12
-5
-12
-5
0
5
16
7
7
1
-7
-6
-8
3
2
15
14
-2
-2
-3
2
-6
-5
-7
-16
-3
-8
-13
-11
-14
-3
-4
-4
4
9
23
15
2
9
12
11
2
-1
1
0
14
2
3
3
-2
5
-12
-19
-11
-4
-5
-9
-5
-14
-12
-8
-6
5
7
14
-4
-8
-6
-9
-7
-14
-10
-10
-13
-3
-2
0
-1
1
12
-10
-6
5
0
14
8
5
5
13
14
-1
9
9
8
11
3
4
-3
-6
-10
-15
1
-1
-1
-2
-10
-9
-26
-23
-16
-33
-36
-32
-31
-26
-19
-6
2
-1
-8
-16
-9
0
13
14
11
8
-8
-4
3
7
19
8
13
19
8
3
-2
5
-1
-6
-2
-3
10
11
2
4
3
6
5
-7
-10
9
15
11
5
13
12
7
12
11
25
26
1
-10
-2
0
-4
14
18
1
6
3
-7
5
9
3
1
2
2
-4
-6
-1
1
-1
3
0
-2
5
3
2
-4
-1
1
-4
5
6
2
-4
-3
4
-11
-2
11
8
12
2
-2
-8
-9
-6
0
14
19
22
11
3
1
-2
12
11
14
14
-5
4
3
0
8
-4
-2
-6
-13
-16
-14
12
13
7
5
4
15
14
8
4
4
5
-4
-10
-4
2
13
5
1
9
-1
-3
-6
-10
-3
-1
-5
-6
-3
-3
-10
-8
-3
-7
-5
-8
-9
-1
3
11
11
0
-1
-1
-2
3
10
12
6
3
0
-6
1
5
1
-4
-3
-6
-7
-11
-12
-8
-7
-16
-17
-5
3
8
3
-7
-10
-5
-10
-9
4
6
7
3
-1
-3
-11
-12
-18
-9
7
5
13
5
-1
4
-2
-5
-4
-6
-6
-2
0
-2
9
15
12
14
7
3
2
-2
-7
-6
0
-5
-5
1
6
9
0
3
2
6
3
-8
-5
-17
-11
-3
-13
-8
1
5
-4
5
12
-1
4
4
2
6
1
-4
-3
-3
-4
-7
-12
-7
-6
-10
0
0
-3
7
-1
-2
-3
0
8
4
11
8
3
15
4
7
9
-1
7
3
4
0
0
6
6
0
4
3
-8
-7
-10
-13
-20
-18
-9
-9
4
9
14
17
9
7
0
4
9
1
6
14
18
9
7
18
28
35
37
34
32
28
29
15
11
17
6
3
2
-1
0
6
3
-4
0
10
9
-6
-10
-12
-18
-14
-4
-9
-24
-15
-12
-14
0
-2
-2
-3
3
3
-13
8
10
-7
0
-9
-17
-8
5
1
-6
-4
-9
0
-1
-8
-5
-9
-7
-7
-15
-10
-9
-6
-11
-17
-7
-3
5
6
0
-4
-3
3
-7
-2
-1
-15
-19
-19
-17
-7
4
-2
-15
-10
2
0
0
9
6
9
14
1
-15
-9
-1
5
4
-3
3
-3
-12
-7
-9
-12
-4
-9
-8
-9
-8
-9
-13
3
3
-2
1
-2
5
1
2
7
-3
-10
-1
4
-7
-12
-9
-14
-11
-3
-3
-4
2
-2
-7
-8
5
-2
-9
5
-6
-4
1
5
5
7
9
5
7
-6
-3
-1
-2
5
3
3
-4
-2
2
-4
2
2
0
10
4
-3
-4
-2
3
-6
-7
0
4
7
-4
0
6
5
6
-3
0
-1
-3
-12
-22
-9
-2
6
13
7
7
13
13
-2
-5
4
-6
-6
-6
-11
-9
-5
-1
-3
4
11
11
16
4
8
-1
-12
-3
-5
1
0
-1
1
6
4
-12
-7
6
9
3
5
-3
-10
-5
-8
-9
3
11
6
8
11
8
6
3
5
7
12
7
-11
-6
-8
-6
0
3
5
8
3
-15
-14
-9
-2
1
-6
-14
-13
-1
8
10
1
3
3
-1
1
2
13
9
-1
5
7
9
17
11
-2
3
8
3
6
12
6
7
2
-6
-3
2
-2
-2
6
5
4
9
0
3
5
-6
-8
-5
4
-4
-7
-9
-5
6
4
3
-7
-6
2
9
13
8
9
5
-3
5
2
-5
0
-3
-8
-15
-11
-6
-10
-4
-1
-7
-6
2
9
9
22
12
-7
-1
-5
-4
-1
-2
0
-6
5
1
2
7
4
7
6
11
2
-1
-12
-23
-10
-12
0
3
-5
-4
-3
4
6
5
5
-3
-9
-10
-12
-17
-14
-13
-4
2
7
8
0
4
4
1
-4
-4
1
-1
6
-2
-8
-2
-2
1
3
10
14
11
6
-3
2
12
8
6
2
5
6
-5
4
4
0
1
-9
-4
3
2
3
6
4
8
10
-1
6
0
0
7
1
0
-6
-6
-13
-11
-2
2
17
14
9
2
-8
-6
-7
-1
-3
-7
2
-2
-1
2
-1
12
15
11
7
-3
-4
-7
-14
-12
-10
-11
0
0
-4
-4
-2
3
0
-5
-10
-11
-6
-4
5
4
6
5
5
2
-3
1
-3
-5
-4
-3
-5
3
3
1
1
-3
-2
-5
0
1
9
10
-2
1
-9
-5
0
-1
3
6
10
3
6
3
3
3
-4
-6
-6
-8
-10
1
0
-3
4
7
5
7
15
8
1
-4
-12
-12
-12
-8
-6
-6
-5
-5
-4
3
10
8
5
8
7
3
-4
-3
1
-1
8
3
4
6
0
-1
-3
-3
0
1
3
0
2
4
-1
0
-7
-3
-4
-9
-2
-7
-4
-2
-4
0
-1
-2
-6
-8
-11
-9
-3
1
6
1
-1
8
11
10
1
2
-5
0
17
15
16
0
-7
9
8
9
-3
-8
5
7
3
0
1
-5
-9
-9
-4
3
8
-3
-7
3
6
9
6
13
15
1
-5
0
-6
-1
-2
-15
-12
-8
-3
-3
2
8
18
17
10
10
2
-4
-5
-11
-15
-9
-3
-6
-8
0
-3
-4
3
8
12
9
6
-3
-3
5
1
0
-4
-5
-9
-13
-2
6
6
1
-6
-7
3
6
5
2
-12
-14
-14
-21
-12
-3
-8
5
9
5
10
9
8
9
17
17
5
-4
-5
-6
-4
7
7
0
-1
-2
3
1
-4
4
10
11
13
2
-8
-8
-9
-8
-11
-5
4
1
-4
-6
-6
-2
3
3
-4
-2
-2
-8
-10
0
4
0
5
1
-4
-6
-6
-5
0
6
9
10
-2
-12
-9
-10
-8
-3
-1
4
5
2
-8
-12
-5
-7
1
2
7
9
-1
-4
-7
1
4
3
2
-5
-4
-1
3
2
1
3
-4
-1
2
-1
-3
-7
-8
1
9
12
8
5
4
-1
0
-3
-2
7
7
-6
-3
0
0
6
4
4
5
7
7
11
8
0
-1
-2
3
8
9
2
-3
0
-6
-8
-1
-6
-1
4
0
-5
-1
7
4
3
3
-4
-5
-4
-12
-12
-7
-3
0
3
7
10
8
4
0
-1
-4
-6
-5
-5
3
8
9
10
10
8
2
6
2
-9
-5
-7
-13
-13
-4
3
0
2
6
1
0
-3
-8
-7
1
-5
-13
-9
-7
0
4
0
3
-1
-5
-10
-10
-5
-9
2
-3
-2
6
3
3
1
2
8
8
9
7
4
4
-4
0
3
-2
-3
-8
-12
-11
1
5
5
11
13
9
2
0
-2
4
6
-8
-7
-10
-14
-13
-13
-10
1
11
8
4
4
0
-1
-3
-3
12
11
12
11
5
4
7
3
8
20
15
8
11
13
10
12
11
2
0
-1
-3
-7
-4
2
3
5
8
9
6
8
15
13
3
-1
2
-13
-12
-9
-10
-3
-2
-3
-1
3
-1
-4
-3
-6
-3
3
0
3
10
3
-3
-2
-3
-4
4
7
0
-3
-5
-15
-16
-4
-6
-1
-3
-11
-8
-14
-16
-11
-8
-1
2
6
3
2
9
7
5
8
4
2
1
-3
-11
-7
5
3
5
1
-3
-4
-10
-5
2
0
0
-4
-5
0
1
-2
-7
-11
-3
7
11
7
5
2
3
2
1
-3
-11
-3
2
0
-14
-38
-11
26
12
-4
-14
-9
15
32
12
-1
-8
-19
-12
-6
-9
-3
10
1
3
3
-15
-12
5
21
18
6
-4
-13
-5
9
17
0
-10
-4
9
8
-16
-2
9
14
29
5
-10
-8
-5
3
10
25
2
-12
-4
-4
-8
-3
15
7
6
11
-1
-7
0
9
17
21
4
-14
-13
-4
1
-1
-3
-7
-6
-9
0
1
3
11
10
7
-11
-7
2
-6
-2
-8
-10
-15
-12
9
5
4
6
-6
-5
0
-2
-10
2
17
7
10
-6
-16
5
3
5
4
-1
4
1
3
0
5
6
-13
-12
-4
6
3
0
-6
-19
-4
0
-10
-3
3
2
-4
-14
-15
-9
-1
2
-5
-5
7
17
11
5
7
1
-2
2
0
-5
-3
-22
-17
4
1
11
13
6
4
-12
-26
-13
12
4
-5
-1
-21
-20
-9
-17
-1
10
6
5
-4
-3
12
10
-2
-10
-12
-17
-14
-11
-9
-2
-5
8
25
13
8
-5
2
9
-4
11
6
0
7
9
3
-4
2
4
7
9
11
11
2
3
-4
-20
3
17
8
2
-6
-14
-14
5
16
24
34
20
-14
-36
-23
-12
3
22
1
-8
-5
-12
-2
6
17
21
4
3
-15
-37
-10
12
12
3
13
8
-2
23
14
1
13
19
10
-2
4
5
8
10
-3
-11
2
3
3
7
-3
-22
-30
-29
-21
10
18
3
-5
-21
-24
-7
17
19
17
9
-23
-16
5
15
41
29
3
-19
-19
-10
-5
27
28
11
4
-17
-32
-14
-6
-18
-16
-11
-11
-11
-2
8
17
7
-3
3
-7
-5
6
12
1
-8
-7
-18
7
40
17
7
5
-29
-26
7
17
20
25
11
-23
-26
-11
-4
20
19
-7
-13
-10
-1
9
8
11
10
-9
-22
-20
-8
3
12
13
-1
3
0
-6
2
2
5
2
0
-1
0
11
21
16
-5
-19
-18
-12
-18
-9
7
12
10
3
-1
-1
1
18
8
-2
-9
-15
1
8
3
0
1
-2
-10
-6
-1
11
19
10
11
4
-18
-18
-8
3
5
6
-3
-11
0
-4
5
14
5
5
-3
-17
-5
9
5
1
0
3
10
11
-1
-21
-16
-4
-9
-8
-5
-11
-9
0
-6
-12
-6
4
9
7
-5
-16
-11
-12
-1
16
8
5
-6
-13
-5
-7
0
11
10
15
12
-5
-9
-1
15
15
14
3
-14
-4
5
1
0
6
-6
-9
1
-10
2
31
19
6
-6
-14
-8
-9
-5
-9
12
20
1
10
9
-3
-2
0
-1
-3
6
-4
-13
-8
-2
21
13
15
6
-4
1
2
5
-3
18
15
-16
-4
-2
-5
11
14
9
-1
-7
-15
-11
16
12
12
10
-7
-10
-22
-2
2
-19
-12
-6
13
16
5
3
-12
-7
1
0
2
-9
-8
-15
-15
0
-9
7
19
6
-1
-4
-7
-12
2
-8
-3
8
-5
0
13
9
8
22
8
-5
4
2
-7
-3
-1
-3
11
4
-5
-4
-3
1
11
14
-6
0
0
-3
1
-9
-13
-15
2
1
-5
-2
-4
6
5
0
4
-7
-5
-5
-11
-9
-12
-2
13
7
0
-3
-10
-8
6
7
5
5
3
-4
-2
0
-1
-4
-11
-9
-14
-10
-2
2
15
13
-2
-9
-10
-15
-10
-2
-2
10
8
-4
1
4
19
17
-3
-5
-9
-4
-11
-17
-16
-6
-2
1
-1
-12
-10
-13
-14
-8
6
15
11
-5
-6
-5
-5
5
2
-5
7
12
4
-10
-16
4
5
0
2
0
9
16
11
-7
-2
2
-4
-4
-9
-6
-2
-2
1
-4
0
5
1
12
5
-1
-3
-1
1
-3
1
-7
-7
-1
-2
6
14
20
15
9
6
-11
-2
5
-4
5
10
4
-3
7
10
8
18
6
-8
-13
-17
-5
-3
-6
10
10
13
15
-5
-10
-10
-12
-17
-15
-8
-6
6
9
0
-2
1
5
3
12
10
1
3
-3
-10
-10
-5
-1
3
8
12
4
0
11
4
5
0
-10
-9
-7
-2
-10
-18
-6
-2
-1
5
6
16
13
7
11
8
0
-11
-9
-7
4
18
17
16
4
-3
-2
-7
-6
6
13
-1
-17
-19
-14
-4
7
9
16
22
-1
-21
-25
-27
-20
-15
-18
-7
8
18
21
14
0
-11
-13
-8
6
16
9
-1
-16
-27
-17
-6
9
21
39
45
25
-2
-25
-32
-25
-16
-1
13
10
5
0
-18
-20
5
17
20
19
15
12
-2
-10
-28
-28
-8
9
26
15
22
19
-3
-3
-4
-2
-2
4
13
-4
-9
-9
-20
-12
2
9
6
7
6
-4
-15
-13
-5
0
3
11
15
6
7
-8
-25
-23
-14
-7
1
9
15
21
11
6
5
0
3
-6
-10
-13
-18
-16
-25
-23
-10
7
25
25
13
-7
-8
4
-4
-12
-11
-14
-12
-2
-8
-18
-8
16
24
22
19
7
9
9
3
-5
1
11
12
-4
-10
-4
-5
4
11
9
5
-7
-11
-9
-8
12
13
15
19
4
6
-3
-7
2
-2
-1
-1
-7
-17
-11
0
-5
-5
-1
-1
-2
4
-6
-11
-8
-7
-5
0
8
5
5
10
0
-5
-11
-12
-5
4
-1
-4
2
-9
-12
-18
-12
-1
14
31
17
8
1
1
11
11
15
11
11
18
8
-9
-5
-6
-12
-3
3
12
13
9
1
-6
6
6
11
17
4
4
-5
-16
-18
-15
-1
7
10
19
14
5
-7
-14
-4
-3
3
3
-7
-1
-4
-17
-4
6
2
0
-6
-4
-1
8
5
-14
-3
-2
-3
6
0
-2
10
13
-3
-18
-14
-1
7
11
16
12
11
16
1
-13
-5
-4
-13
-14
-3
-4
-3
10
-3
-1
-4
-10
3
-2
14
19
7
6
-6
-7
-11
-6
-1
-11
-1
0
0
5
-1
2
-16
-10
-1
-8
15
7
-2
-2
-14
-6
0
2
6
-2
2
0
-3
2
-8
-1
1
7
16
5
14
12
18
29
13
2
-4
-1
7
9
13
8
5
-6
-16
-11
2
9
10
4
-11
-10
-10
-6
2
1
-1
0
-5
-22
-17
-10
-10
7
4
-2
-9
-12
-1
1
12
13
-10
-12
-6
7
16
13
9
12
6
0
-5
-9
-6
7
13
-1
-5
-3
2
9
-7
-6
1
4
11
-4
1
1
-7
9
6
3
4
5
5
-10
-4
-6
-7
-5
-12
0
1
-8
-7
-10
-6
-4
-10
-4
-4
-1
-5
-6
3
3
6
3
-1
4
3
8
2
-1
0
-11
-9
-5
2
-2
-10
-6
-8
1
-3
-4
7
-1
-10
-14
-12
-4
1
4
-4
-7
-2
-3
7
2
-12
-6
-10
-5
-3
-4
13
15
10
2
-4
-10
-11
-1
-3
-3
2
6
0
1
9
3
8
1
-10
-9
-8
-3
-6
4
4
8
14
5
5
11
12
2
-5
-3
3
0
-5
-7
-9
-2
7
17
12
7
6
-4
-2
7
6
4
7
-2
-12
-12
-6
11
17
13
10
2
-2
5
9
5
6
7
1
3
3
-9
-2
1
-13
-11
-7
5
9
4
-6
-16
-7
-6
0
1
-13
-13
-20
-16
-6
0
14
8
-3
-7
-11
-3
4
3
3
4
5
4
7
5
-3
0
1
9
9
10
15
16
18
2
-8
-7
-11
-5
7
-8
-12
-9
-11
-3
-6
-3
-7
-4
-5
-11
-7
-6
6
9
-1
-6
2
13
13
12
-1
-5
3
-1
-1
3
1
-5
-10
-2
-1
3
13
8
21
18
-2
-3
-22
-15
-3
-1
-3
-13
-6
-5
-2
-2
3
6
1
3
-8
-14
-8
-15
-11
1
16
10
4
6
-5
0
10
1
-8
-8
-5
-4
-8
-7
0
1
4
1
4
6
8
11
-3
1
-7
-10
-6
-10
0
0
0
13
5
9
10
8
5
-1
6
5
4
8
0
-6
-4
-1
-8
-8
3
5
7
4
2
-1
3
12
3
0
-1
-8
-2
-5
-5
-7
-10
4
8
8
11
8
16
15
15
20
12
22
19
1
-1
2
6
6
1
4
6
8
4
-5
-11
-8
-3
-3
-5
2
4
-2
-1
5
0
1
5
3
1
8
1
-13
-2
-6
-10
-6
-15
-18
-14
-16
-21
-17
-10
-5
-8
-10
-12
-8
-6
-7
-6
-2
-5
-8
-4
-10
4
11
6
1
-8
-5
0
8
9
0
0
-6
2
7
7
8
2
0
2
11
11
6
14
3
0
5
-13
-16
-8
-1
-1
-3
-1
-11
-10
2
7
13
10
-1
-5
-2
-3
0
3
0
7
3
-9
-1
2
4
8
8
10
6
9
1
-2
6
6
6
5
-5
-9
-4
-3
7
3
-3
-1
-6
-3
-1
0
3
10
11
5
0
-3
-10
-13
-7
-1
4
7
18
15
9
5
-3
5
2
6
8
-9
-9
-8
-17
-4
1
-2
3
-6
-6
-9
-8
-4
-16
-4
5
2
-6
-12
-8
-11
-3
3
4
8
9
3
-2
4
5
2
0
-4
4
2
-5
0
-7
-4
-1
3
0
-2
8
8
8
13
10
6
4
-7
-4
0
4
2
-3
-2
-3
1
-2
-6
5
-5
-5
2
-6
3
-1
-5
-5
-1
12
8
13
6
-3
2
2
9
11
3
-6
-3
-6
-15
-5
-2
4
13
10
8
9
10
-4
-8
-3
-5
-3
-3
-3
4
2
-9
-5
1
-2
-1
2
-5
-10
-11
-9
-2
7
6
3
3
7
5
-3
-6
-4
0
4
1
-1
-6
-10
1
1
-4
-3
0
0
4
4
-7
-11
-9
-15
-16
-6
4
3
2
-1
-4
4
-7
0
3
-4
9
-1
-3
-4
-1
10
-2
4
6
11
19
-1
-7
-8
0
10
-1
-4
-11
-11
-3
-9
0
17
14
9
9
-1
-3
-2
-6
-1
-4
-2
-3
-3
7
11
19
13
0
-2
-7
-7
3
4
9
14
3
-4
-1
6
5
9
10
1
-4
-4
0
3
8
6
1
4
-1
-1
3
9
10
-2
2
1
6
8
2
8
0
1
7
-1
4
-4
-13
-12
-11
-8
-5
-3
0
4
3
3
7
8
0
-7
-9
-4
-2
-4
3
3
-1
5
0
-8
-1
3
1
2
-1
-3
0
-8
-3
-3
-7
-3
-1
3
3
8
6
2
5
3
0
0
-2
-2
-7
-12
-8
-7
-1
2
0
-2
-3
0
3
5
5
5
1
0
-5
-7
-10
-11
-7
-6
3
5
3
12
11
7
2
-5
-6
-9
-5
4
-4
-10
-4
-9
-12
3
22
26
9
-6
-13
-20
-12
-5
2
7
-2
-3
-10
-3
13
7
-5
-6
13
19
0
-27
-40
-28
-13
0
19
30
35
21
-13
-23
-9
-3
-2
-8
-6
-7
-8
-9
-19
-11
11
43
49
31
18
-1
-25
-38
-22
-4
-2
5
7
0
8
17
20
31
33
22
-1
-20
-28
-32
-36
-41
-31
-8
20
33
30
18
21
23
18
3
-14
-22
-37
-40
-38
-29
-14
5
25
40
50
44
37
23
-2
-22
-39
-52
-48
-23
-14
-12
14
31
44
45
52
36
3
-9
-29
-35
-37
-28
-26
-19
3
17
25
26
29
23
15
5
-9
-12
-16
-14
-17
-24
-8
19
33
36
40
28
22
10
-17
-22
-8
15
19
11
2
-7
-5
-10
3
18
15
7
-15
-22
-7
13
22
6
-6
-1
-5
-20
-16
-7
-15
-18
-7
-9
-10
3
14
17
19
19
5
3
2
-16
-37
-45
-27
5
23
24
26
24
13
2
-8
-14
-9
-12
-20
-29
-16
-5
2
13
21
35
34
21
11
-7
-28
-32
-32
-36
-26
-9
9
3
15
25
17
19
12
-5
-22
-24
-21
-35
-27
-7
-5
4
3
8
15
19
20
8
2
-9
-7
-9
-7
1
0
-4
-5
15
23
10
-3
-12
-9
-4
0
-4
-1
9
12
7
-6
-1
12
11
0
-10
-18
-20
-13
-10
-1
-1
-1
0
-4
4
14
10
-4
-8
-2
-2
-3
2
-3
3
13
15
11
8
4
-1
-10
-16
-18
-5
5
1
1
-6
-1
10
17
2
5
0
-12
-7
-12
-3
10
11
11
6
7
4
5
10
2
-2
3
-7
-25
-27
-27
-13
1
22
22
1
7
-8
-8
-3
-5
-4
-9
-6
-13
-20
-30
-20
1
9
9
12
15
8
-1
-15
-19
-6
15
20
-6
-1
7
9
20
12
4
-4
1
-4
-2
12
-1
-12
-12
-19
-10
0
13
22
16
15
11
-6
-9
-11
-1
2
1
12
17
21
9
4
-5
-13
3
-1
1
-6
-14
-10
-13
-3
4
7
17
30
26
5
-1
2
-2
1
10
2
-9
0
14
14
11
-3
-15
-5
9
13
-1
-3
6
4
-5
-18
-26
-12
6
5
-3
-4
-8
-8
0
9
12
5
-1
0
-2
-8
-4
-5
-4
-7
-11
-9
0
16
16
3
-2
10
5
-13
-25
-9
2
3
0
-5
6
4
9
1
-1
19
15
-1
-20
-23
-14
-2
8
-5
-14
-4
2
1
2
11
5
-2
-2
-18
-27
-22
-17
-2
18
26
18
2
-2
-10
-2
12
-1
-11
-9
-14
-22
-11
6
13
27
17
2
-6
-7
-2
2
-2
-14
-11
-14
-11
6
21
23
16
13
13
17
23
19
5
-8
-16
-4
3
5
10
-3
-6
-4
-6
0
2
10
1
-16
-19
-19
0
3
1
2
2
12
7
8
6
-3
-16
-22
-11
-7
7
9
-8
-7
-4
-3
2
12
10
7
9
-10
-17
-2
7
15
21
17
8
8
0
-5
-10
-12
-4
4
9
7
0
-15
-16
1
9
13
17
14
16
16
1
-6
-4
2
1
0
1
-10
-8
-11
-5
9
6
4
6
8
4
1
5
3
5
1
-9
-16
-24
-16
-7
0
3
8
16
15
14
3
-10
-8
-6
-4
1
3
-1
-10
-9
-5
11
22
22
12
-6
-14
-19
-10
-6
-13
-8
-6
-22
-23
-4
6
14
11
0
-7
-2
10
4
-6
-28
-50
-31
-2
16
18
5
-2
4
7
21
28
19
7
1
7
9
12
7
-5
-3
-11
-6
5
2
14
14
7
3
5
7
-10
-8
2
6
5
-5
-6
-17
-20
-12
-16
-11
1
6
6
4
-3
4
4
2
5
3
4
-9
-13
-14
-9
-3
-10
3
10
9
7
1
-10
-12
-14
-23
-12
-1
5
7
12
16
14
8
2
9
6
3
4
-1
-5
-6
6
9
6
2
-3
-1
-6
3
1
-4
-5
-15
-12
0
3
7
6
9
10
4
2
-9
-5
2
-5
-18
-17
-1
11
18
6
0
2
7
4
-2
1
-8
-7
-14
-16
-7
-1
10
17
20
13
4
-5
-13
-9
-3
2
5
0
2
12
12
14
13
11
13
4
-11
-26
-21
-11
-9
0
-7
-10
5
1
-3
3
6
5
1
-3
-10
-14
-14
-14
0
21
24
24
15
-3
-11
-12
-8
-11
-1
9
-1
-7
-5
6
8
17
13
4
11
4
3
-6
-6
6
1
-6
-3
6
4
7
6
-2
-4
-3
-3
-13
-6
-8
5
1
-16
-6
-6
1
-3
1
-10
-14
5
11
13
14
12
2
-6
-17
-4
-7
-7
-1
-7
-7
-14
-4
0
5
5
14
14
5
4
-11
-13
-10
10
2
-1
13
11
15
9
2
-8
-1
9
3
-8
-13
-9
-1
-1
-4
2
6
20
12
4
-1
-12
-3
-4
-1
-4
1
7
-4
-4
-19
-16
-7
-4
9
11
6
4
-7
-21
-17
-8
3
2
3
12
0
0
1
8
15
15
12
-4
-3
-2
0
-1
-9
-2
-3
-7
-2
-7
-11
-4
7
6
-1
-6
-6
0
2
14
7
1
-3
-4
-6
-3
11
3
2
-5
0
2
-3
2
-2
1
2
-2
-10
-4
4
4
2
0
8
6
15
10
3
-2
-10
3
-2
-11
-13
0
-4
11
16
7
7
2
-6
-10
4
-10
2
8
1
8
-6
-2
0
3
-2
8
10
-4
-1
-9
-7
-2
-6
3
-7
3
9
0
3
0
-8
-5
-6
-7
6
16
12
-5
2
-2
-10
4
-4
11
13
1
7
-16
-8
7
6
15
13
16
7
3
3
-19
-7
-6
-26
-18
0
14
16
14
0
-17
-12
-16
-14
6
34
28
10
-6
-24
-23
-5
16
11
10
17
2
-8
-10
-14
-19
-15
-14
-20
-6
13
19
18
20
2
-8
-2
1
14
4
-8
-17
-25
-25
-21
-2
17
30
28
14
3
-11
-20
-8
8
6
20
10
-2
1
-7
1
-3
-8
13
14
11
5
-9
-14
-23
-12
-8
4
25
21
16
-4
-10
-6
-8
-6
6
11
15
17
-14
-9
-7
4
2
-9
3
-3
3
-3
1
-2
-14
-2
-15
-4
16
20
27
18
-15
-37
-33
-29
-4
18
21
16
5
-8
-12
-10
-16
-8
10
9
-1
-9
-7
15
14
16
14
3
10
8
-5
-4
2
-7
-12
-8
-14
-7
1
-9
-12
5
23
20
-4
-22
-27
-20
-32
-16
11
13
30
15
2
7
6
11
11
13
4
1
8
11
16
-3
-4
-16
-25
5
16
19
14
10
7
-13
-9
-26
-23
-11
-16
14
3
-1
-1
-28
-9
-9
5
24
15
29
20
11
15
-8
-3
-4
-14
0
-7
18
27
12
32
15
23
12
-12
-9
-24
-10
-4
6
7
-22
-24
-18
-20
17
45
41
52
14
-23
-41
-47
-39
-55
-22
4
5
33
18
11
4
-12
-6
-20
7
17
14
9
-31
-11
-22
-4
21
10
5
-22
-1
-7
-7
1
-15
-20
-28
-22
-25
5
23
36
22
8
-2
-18
-15
-28
-16
-18
-16
17
21
27
10
-7
-11
-22
-2
22
24
3
-36
-51
-49
-36
8
36
57
61
40
7
-26
-40
-44
-52
-44
-7
24
22
49
35
-4
-12
-6
10
24
49
19
-26
-50
-75
-48
-24
6
35
43
50
40
34
9
-22
-46
-65
-52
-29
20
20
31
10
-6
-17
-18
-5
4
38
21
26
9
-12
-25
-46
-33
-16
27
43
26
17
-6
-33
-39
-43
-33
8
39
50
55
33
11
-15
-19
-26
-15
7
15
28
31
14
-12
-31
-20
-17
-25
2
19
7
0
-33
-52
-56
-39
-14
40
109
133
138
91
25
-37
-85
-117
-98
-26
60
73
57
29
-10
-10
20
71
105
108
51
-55
-137
-176
-197
-145
-80
-22
43
105
157
145
115
54
-6
-67
-102
-71
-38
-3
1
-16
-35
-46
-22
10
84
152
177
147
69
-58
-145
-171
-166
-94
-36
53
82
66
52
-31
-68
-69
-10
62
132
169
64
-42
-131
-190
-170
-71
48
133
180
157
82
4
-66
-120
-118
-63
-13
36
61
31
-26
-85
-137
-143
-54
59
152
214
170
59
-65
-148
-181
-141
-67
38
115
157
132
47
-36
-60
-53
-42
12
33
45
21
-21
-63
-90
-63
-38
-13
35
82
141
156
143
104
33
-40
-134
-168
-131
-63
29
49
64
23
-41
-75
-108
-90
-39
-2
-19
-60
-98
-120
-104
-89
-49
26
95
146
145
110
91
50
43
32
16
42
12
-3
13
50
111
146
164
122
45
-23
-111
-160
-155
-94
-21
16
54
57
-5
-44
-53
-67
0
72
94
77
10
-55
-101
-116
-55
18
92
171
161
121
28
-52
-159
-246
-240
-220
-119
-21
60
93
108
126
69
0
-33
-57
-35
-13
7
35
63
67
60
65
130
237
336
360
287
193
0
-166
-304
-387
-380
-356
-266
-216
-147
-48
-3
32
57
95
110
115
81
-1
-92
-147
-117
-61
14
97
162
188
170
113
106
140
127
63
-79
-221
-276
-291
-278
-217
-112
-25
17
76
139
186
217
195
185
161
99
-2
-90
-131
-140
-154
-172
-137
-73
-54
-38
28
92
106
102
37
-64
-89
-157
-177
-39
101
199
294
368
446
504
538
521
374
152
-35
-272
-601
-770
-702
-621
-498
-287
-169
-20
216
298
137
33
8
-134
-271
-379
-360
-183
31
174
218
313
519
661
645
606
584
398
62
-252
-491
-528
-372
-147
-1
35
70
104
94
-43
-142
-185
-255
-319
-535
-687
-552
-363
-157
34
174
244
285
328
282
253
354
374
264
76
-164
-246
-152
-47
-26
-41
-78
-162
-287
-365
-311
-104
107
96
11
-66
-93
-27
112
316
476
633
845
933
968
1051
822
198
-243
-462
-1057
-1469
-1094
-632
-425
-229
-320
-320
308
660
257
162
574
458
-146
-717
-992
-575
32
112
106
526
892
924
710
303
231
404
47
-604
-765
-656
-574
-209
32
27
231
352
267
254
222
84
3
-107
-465
-700
-649
-507
-271
-120
-147
-165
-52
77
208
431
676
841
733
338
27
-163
-186
-27
-28
-240
-353
-302
-417
-490
-324
-167
30
96
-109
-290
-238
-11
217
281
306
459
540
489
672
1141
1510
1792
1460
83
-845
-961
-1734
-2486
-1821
-966
-665
-276
-517
-766
527
1438
562
346
1149
908
25
-626
-1100
-566
485
394
-71
376
1046
1195
847
199
42
329
-266
-1295
-1460
-1286
-1025
-311
52
-108
254
730
625
625
599
224
191
408
30
-536
-490
-127
23
-244
-478
-432
-367
-387
-483
-609
-465
28
325
312
355
544
600
538
315
-109
-344
-243
-270
-529
-513
-403
-511
-318
111
195
163
406
569
288
-43
-204
-210
97
393
500
762
1158
1394
1467
1696
1419
8
-904
-752
-1703
-3263
-2758
-1364
-658
-19
-212
-709
837
2297
882
-302
526
856
204
-585
-1455
-881
1005
1115
36
439
1766
2037
1044
-236
-643
-206
-570
-1807
-2150
-1657
-1236
-313
590
792
839
776
294
272
840
575
150
490
423
-365
-498
187
946
1049
376
-39
-358
-831
-1076
-1148
-1451
-1259
-240
66
-122
190
265
371
1084
1064
184
81
398
95
-319
-478
-625
-482
118
208
-14
126
325
293
-107
-454
-475
-100
162
194
168
219
577
763
910
1365
1830
2186
1899
60
-1678
-1310
-1378
-2994
-2869
-1235
-409
3
-240
-1323
-141
2078
1038
-377
717
1282
451
-190
-1188
-976
1325
1927
362
-40
1022
1481
956
-488
-1402
-673
-585
-2073
-2506
-1494
-813
177
1123
664
247
687
599
215
414
398
179
729
906
212
31
414
907
829
-108
-919
-1136
-1418
-1700
-1366
-1096
-1134
-487
245
218
413
657
611
597
504
289
56
392
662
235
-48
-15
141
140
-166
-435
-404
-88
-124
-630
-725
-561
-57
364
-33
-423
-447
-116
330
722
1300
2095
2826
3325
3000
725
-1872
-1669
-1032
-2868
-3763
-2273
-1182
-486
-483
-1692
-540
3068
3091
272
388
1453
780
-71
-1221
-1757
335
2100
801
-428
467
1396
1269
144
-1211
-1066
-605
-1650
-2340
-1434
-508
477
1734
1496
336
232
534
604
914
417
-493
200
1134
605
-105
-46
383
568
-258
-1705
-1970
-1279
-1391
-1582
-1118
-600
227
1019
950
545
613
894
684
475
241
-316
-403
-193
-25
-26
-57
-41
-105
-51
-93
-175
-116
62
239
-373
-1164
-697
129
301
-93
-512
-402
-3
586
1216
1940
2642
2976
3028
2663
1416
-1058
-2679
-2107
-2722
-4989
-4375
-1753
-403
610
504
-659
1440
4452
2077
-1160
62
1357
498
-550
-1928
-1948
742
1930
75
-443
1078
1772
1213
-340
-1758
-1154
-630
-2022
-2309
-957
-293
750
2482
2200
694
413
449
395
766
179
-624
322
1321
294
-1007
-939
-266
-34
-1081
-2240
-1740
-470
37
395
1077
1130
1231
1641
796
-616
-814
-598
-669
-384
-473
-907
-357
470
417
189
428
477
284
135
-507
-1121
-713
46
363
112
-226
-68
285
256
-46
-21
15
-63
316
752
753
1031
1953
2834
2906
2484
1239
-1429
-3302
-2936
-3125
-4578
-3580
-750
1009
2076
1141
-774
1305
3915
1079
-1917
-568
503
-248
-857
-1870
-1277
1982
3203
1179
94
852
1088
81
-1745
-2699
-1460
-668
-1595
-1278
170
747
1634
2676
2056
856
269
-467
-658
-186
-805
-1329
-120
910
485
-262
-438
-138
122
-415
-1411
-1252
-116
470
676
970
771
628
779
-20
-1222
-1539
-1486
-1374
-779
-299
-76
548
1069
1037
891
595
-7
-314
-273
-479
-464
-99
-1
85
310
29
-415
-400
-413
-463
-294
-368
-529
168
1143
1525
1572
1890
2517
2649
2330
1916
-298
-3577
-3604
-2247
-3632
-4064
-1316
846
1959
1824
-957
-1053
2916
2298
-2327
-2452
346
1257
1206
379
-773
1159
3813
1950
-1358
-1282
361
426
-1055
-2542
-1913
44
138
-454
381
716
706
1909
1958
399
-404
-786
-930
-9
225
-798
-245
1489
1213
-375
-849
-428
-56
-473
-1434
-1393
-160
769
1026
1286
1052
554
506
31
-977
-1539
-1620
-1319
-603
-132
21
622
1217
1219
1165
945
89
-581
-535
-379
-375
-318
-30
431
533
-101
-781
-748
-513
-597
-504
-239
-148
459
1632
2126
1780
1743
2270
2127
1499
1524
177
-3417
-4282
-1910
-2457
-4350
-2210
644
1583
2121
-224
-2578
1296
4415
202
-2504
562
2374
1786
998
-862
-1002
1800
1741
-1738
-2761
-829
346
-350
-1843
-1812
56
679
64
510
720
203
1089
2049
936
-458
-941
-945
342
1298
-44
-912
518
1062
-611
-1703
-1446
-693
-65
-507
-954
-157
611
1063
1713
1203
-33
121
277
-885
-1539
-1626
-1761
-860
279
376
497
1152
1227
885
689
-215
-1074
-496
304
188
-129
-34
367
591
56
-923
-1195
-953
-791
-235
143
4
468
1531
2029
1700
1268
1597
2173
1664
1362
1343
-1755
-4784
-2735
-1153
-3696
-3490
32
1658
2420
950
-2991
-1227
4463
2658
-2652
-1494
1649
1712
968
-730
-2080
687
3060
206
-2701
-1358
1053
1035
-950
-2056
-639
745
135
64
629
76
501
2213
1955
167
-828
-1233
-491
840
-185
-1818
-294
1561
419
-1201
-1281
-433
437
106
-893
-525
527
910
1641
1667
456
-200
-453
-1233
-1745
-1989
-2418
-1509
223
564
597
1309
1625
1672
1631
555
-940
-853
55
202
-217
-744
-912
-117
62
-850
-1170
-812
-338
225
724
678
635
1342
2323
1983
491
831
2487
2428
1709
220
-3640
-4213
-657
-1361
-4581
-2474
1073
1957
2113
-1212
-4265
705
5054
124
-3266
504
2854
2067
1194
-596
-1005
1891
1925
-1988
-3111
-627
1181
274
-1734
-1951
-20
853
452
624
271
-398
797
2052
1050
-258
-849
-862
321
840
-730
-1213
525
765
-1018
-1598
-603
866
1286
265
-514
-245
358
779
828
22
-598
-491
-683
-1259
-1477
-1388
-885
-19
419
581
926
1052
735
593
505
-108
-468
-108
118
21
-131
-266
-263
-171
-357
-938
-1043
-863
-720
-154
508
831
1077
1995
2704
2027
1243
1610
2307
2590
1177
-3285
-5410
-2178
-1349
-4404
-3117
1091
2598
2749
-266
-4028
34
5233
868
-3565
-45
2919
2042
935
-981
-1281
2199
2680
-1835
-3973
-1418
1048
718
-1185
-1749
-48
880
229
-48
-231
-145
1378
2156
867
-247
-601
-437
524
550
-1058
-809
1321
1072
-904
-1762
-1318
50
1043
-60
-1375
-682
363
692
504
-463
-937
-197
30
-514
-1160
-1327
-248
714
125
-459
557
1603
1488
834
4
-566
-349
125
-142
-967
-1101
-11
991
510
-759
-1147
-542
-279
-298
-111
503
1695
2372
2232
2219
2630
2799
3058
1846
-3760
-7421
-3446
-963
-4170
-3537
967
2953
3772
1624
-3125
-795
4725
801
-4792
-1724
2193
2093
1430
-20
-1078
1169
2277
-1463
-3972
-1895
672
973
-132
-432
537
785
30
-224
-717
-1173
277
1962
1502
188
-665
-448
1431
1772
-783
-1501
762
1339
-747
-2184
-1625
-89
609
-138
-441
46
225
761
873
-448
-1129
-198
606
215
-1052
-1978
-1077
457
335
-108
861
1510
1152
872
435
-319
-361
220
18
-744
-1021
-547
158
-11
-819
-899
-339
17
383
690
868
1451
2343
3078
3298
2447
1728
2639
675
-5808
-6778
-1668
-1837
-4325
-1189
2113
2706
3023
-803
-4139
1299
4500
-1539
-3455
1666
3259
1405
-2
-1829
-1300
1686
636
-3182
-2951
210
1572
628
-489
-179
720
345
-288
-479
-1234
-829
1293
2135
1251
362
-31
990
2219
248
-2393
-1278
649
-474
-2287
-1847
37
1304
725
-320
-256
-268
383
1470
269
-1011
-161
473
-184
-961
-1777
-1582
340
766
-479
-74
1306
1588
1072
339
-434
-828
-539
-355
-1028
-1370
-471
861
1057
-11
-722
-793
-713
-234
187
551
1608
2784
3501
3471
2348
1661
2726
972
-5787
-7769
-2696
-1661
-4025
-1323
2847
3986
3406
-1052
-4581
908
4809
-973
-2830
3112
4985
2051
-53
-1791
-1923
2
-1315
-4669
-3560
274
1933
1193
221
574
970
-334
-1638
-1594
-1305
-20
2603
3578
2216
586
-71
937
1599
-812
-2989
-1209
838
-222
-1872
-1708
-138
963
-148
-1607
-888
136
481
1266
1047
-81
409
1521
816
-1017
-2367
-2180
-400
511
-212
-173
1082
1654
594
-822
-964
-325
-115
-134
-384
-607
438
1675
963
-776
-1552
-1541
-1318
-645
154
1043
2332
3340
3778
3546
2240
1470
2229
-664
-7311
-7108
-1633
-1749
-2910
830
3482
3622
2028
-3625
-5023
2017
3207
-2794
-923
5566
5206
1904
-322
-2493
-1866
-722
-3775
-5485
-1544
1804
1676
1073
871
744
28
-1458
-2172
-1881
-962
1439
3865
4058
2522
550
-260
1275
1477
-1908
-2939
468
1842
-451
-1967
-1502
-493
-380
-2184
-3804
-2147
1073
2444
2456
2681
2555
1604
597
-822
-2698
-2880
-955
598
799
690
487
375
303
-1000
-2705
-2407
-782
211
934
1700
1880
2018
1630
-541
-2746
-2929
-1920
-633
980
2061
2308
2820
3387
3091
2260
1692
1334
-1328
-6097
-6331
-2328
-1893
-2348
1449
4149
3328
827
-4157
-4886
1947
3126
-2433
-4
6848
5673
777
-1314
-1975
-942
-152
-3135
-4458
-199
2638
990
-211
310
-6
-1546
-2792
-2535
-1115
480
2593
4373
3834
1558
-785
-1722
-336
727
-582
-448
2381
2940
387
-1521
-1936
-1745
-2009
-3422
-4081
-2279
770
2509
2426
2323
2321
1139
-535
-1395
-1576
-1053
424
1578
1358
753
169
-796
-1744
-2523
-2804
-1804
-9
1185
1582
2019
1958
650
-808
-1754
-2222
-1606
-198
1095
1950
2337
2505
2267
1369
997
1657
2088
1697
-1027
-5243
-4638
-942
-2438
-3912
941
4199
2079
-1113
-4122
-3007
2969
3458
-1252
959
6574
4639
-904
-2916
-2013
-209
-181
-2775
-2818
1135
2682
246
-1116
-256
-148
-1986
-3479
-2094
467
1548
2217
3081
2409
129
-1734
-1522
455
1497
1030
1766
3152
1972
-964
-2462
-2195
-2076
-2886
-3231
-2146
-152
1533
1636
1027
1214
997
-345
-990
-496
394
1807
2474
1478
490
-33
-1284
-2515
-2399
-1506
-666
408
1371
1233
620
331
-94
-997
-1907
-1907
-870
401
1266
1508
1312
1422
1733
1432
1274
2187
3216
3646
1547
-4303
-6643
-2889
-2284
-4381
-1062
3580
3826
971
-4176
-5585
723
3532
-1189
-240
6400
6128
710
-1843
-1418
111
252
-2901
-3929
784
3486
548
-1304
-103
77
-1899
-3866
-3127
82
2367
2684
2556
1834
-57
-2180
-2883
-885
1679
2091
2573
4222
3370
-124
-2396
-2561
-2346
-2791
-3277
-2338
205
1775
636
-545
290
692
-495
-760
99
881
2163
2721
1359
177
-109
-1036
-1846
-1528
-1210
-924
163
836
330
39
130
-423
-954
-852
-784
-417
497
923
589
-32
-342
136
1090
2180
3307
4037
4581
3208
-2809
-7056
-4230
-2530
-4110
-863
3767
3450
1196
-3309
-6934
-1746
3538
-393
-789
6909
7853
915
-2686
-1985
-435
380
-1841
-3293
1135
4615
1181
-2167
-984
-43
-2158
-4753
-3733
812
3558
2889
2257
1992
-14
-3009
-4277
-1880
1987
3065
2894
4414
4239
416
-2892
-3361
-2742
-2550
-2229
-852
793
1351
528
-1223
-2387
-1953
-1223
-468
1375
3458
4126
3078
1239
-479
-2073
-2850
-2063
-928
124
1305
1361
331
-310
-815
-1509
-1318
-212
692
769
678
845
375
-517
-937
-1136
-795
817
2858
4196
4640
4360
1822
-4102
-7375
-4272
-1954
-2307
964
4984
4202
138
-6155
-8742
-2207
2688
-219
1651
9332
8469
62
-4344
-3321
-793
-14
-1875
-971
4490
5573
-129
-3311
-1515
-1079
-3758
-5365
-2117
3489
4829
2401
1295
881
-1575
-4931
-5485
-881
4610
5040
3569
4391
3277
-1317
-4404
-3967
-1983
-511
-51
470
1139
519
-1435
-3265
-3351
-1922
-773
306
2274
3830
3441
1544
-430
-1551
-1673
-960
39
617
1102
1211
-264
-2187
-2512
-1522
-401
568
1457
1819
1250
260
-688
-1425
-1453
-915
-305
491
1678
2959
3972
3897
3257
1960
-3192
-7381
-3996
-62
-934
1044
5336
4040
-649
-6190
-9657
-4221
3146
1962
1965
8733
8189
-1153
-6273
-4541
-727
1722
723
751
5355
5578
-1548
-5221
-2695
-1023
-2461
-3796
-1370
3984
4891
611
-1079
-83
-1541
-4352
-4477
-193
5008
5265
2844
2792
1962
-1775
-3712
-2246
171
1816
1524
224
-580
-1846
-3757
-4375
-2894
-641
1057
1984
2095
1727
1000
-69
-906
-866
15
1350
2267
1607
567
-107
-1528
-2782
-2381
-1200
15
1428
1828
1043
-93
-1126
-1744
-1656
-696
233
762
880
1148
1853
2556
2856
3422
3471
-1094
-5594
-3452
-697
-1574
274
4265
3578
-102
-5590
-9584
-4236
3072
1535
1369
8392
7421
-2239
-6423
-4208
-415
2345
1138
587
5414
5579
-2305
-5117
-940
680
-1296
-2791
-1307
2847
3352
-1105
-2435
-57
-921
-3984
-3756
379
4385
3756
1020
1198
1382
-1515
-2855
-405
2330
3096
1947
45
-1414
-2529
-4078
-4020
-1335
658
816
689
381
-751
-1400
-866
-276
815
2076
2288
1659
729
-270
-1230
-1525
-1186
-466
411
1013
929
269
-347
-943
-1158
-660
-39
375
591
320
-358
-382
528
1788
2648
3351
4404
1713
-4045
-4674
-1257
-1045
-843
3290
4730
1604
-2512
-7525
-7349
-619
1582
-296
4370
8034
1387
-4535
-3802
-1894
543
2049
901
2799
5529
765
-4284
-2120
-56
-1118
-948
208
1779
3180
1229
-1740
-1631
-1474
-3027
-2959
-300
2649
3079
1265
322
125
-1703
-2521
-33
2336
2999
2843
1714
-530
-2649
-3412
-2972
-1238
500
1138
1189
198
-1548
-2830
-2181
-341
959
1886
2574
2501
622
-1695
-1956
-1126
-475
346
1270
1471
1025
176
-865
-1288
-772
184
372
274
688
407
-775
-1288
-327
970
2149
2993
3466
2461
-2011
-4467
-2038
-409
-597
1792
4354
2599
-845
-5107
-6750
-1759
1959
234
1737
5834
2297
-3948
-4067
-2009
53
2322
1965
2094
4454
1824
-3784
-3221
-218
-581
-925
304
1663
2809
1185
-1983
-1915
-645
-1635
-2110
180
2698
2409
-99
-1261
-565
-1076
-1893
-53
2385
2771
1933
887
95
-1081
-2530
-2490
-809
916
872
786
718
-919
-2375
-2999
-1952
24
1771
2450
2165
1584
-794
-2503
-1797
-606
482
1569
1919
901
-210
-940
-1607
-1310
309
1106
475
444
295
-732
-1327
-474
756
1636
2119
2209
2854
586
-3724
-3188
-100
-70
-23
2710
3100
341
-2610
-5920
-4465
969
1809
350
3444
4067
-2160
-4774
-2598
-1017
1239
2553
1778
3104
3330
-1875
-3998
-188
776
-721
89
1515
1730
655
-1605
-2396
-684
-272
-1010
170
2276
2072
-694
-2353
-1209
-298
-1143
-437
2032
2352
847
61
-192
-949
-1509
-931
102
1431
1678
487
-401
-1119
-1831
-2563
-1774
395
1359
1486
1072
-218
-1779
-2006
-605
517
1716
2304
1290
92
-745
-923
-547
64
934
1448
719
-598
-863
-575
-803
-379
1234
1914
1470
1433
1791
745
-2777
-3585
-518
1052
882
2073
2969
762
-2126
-5103
-5577
-127
3352
1482
1738
3109
-912
-5371
-4097
-792
2085
3110
1874
2409
2804
-1491
-4382
-1006
1756
1119
979
1325
1503
1000
-1729
-3206
-458
1141
-451
136
2078
1272
-1255
-2614
-1715
218
706
191
1315
1920
-172
-1688
-1083
66
678
572
641
846
350
-1179
-1596
-279
74
-243
-307
-60
-140
-757
-541
-302
-200
-78
-8
185
113
254
-57
-338
246
745
832
545
378
354
-27
-441
-198
576
656
98
474
913
353
256
1173
1991
225
-3121
-2899
-23
891
663
2249
2851
442
-2445
-4994
-3454
1609
2787
1146
1782
1396
-2822
-5146
-2518
997
2228
1312
1233
2237
471
-2704
-2268
731
2015
1175
79
796
1789
-96
-2181
-852
956
213
-146
749
531
-633
-2208
-2296
-85
1068
130
169
1170
117
-1315
-1213
-183
1057
964
774
795
-89
-665
-660
-315
266
905
368
-454
-54
-966
-1746
-632
-243
-483
97
589
-286
-932
-573
-428
-145
843
1534
876
144
245
18
-683
-90
1387
845
-206
81
89
-183
412
1530
1660
1821
-30
-3735
-2723
397
895
1010
2413
2118
-597
-2667
-4582
-2971
1612
2613
1445
1557
764
-2851
-4452
-1382
1255
1192
681
1537
1654
-587
-2425
-2010
610
2409
1222
478
1915
1929
-657
-1980
-690
252
226
430
725
339
-1004
-2297
-1661
240
669
28
176
16
-1082
-1358
-677
241
994
1108
720
-26
-687
-390
109
378
1148
1106
-163
-530
-717
-1333
-470
663
-62
-323
268
-672
-1610
-977
-179
54
836
1693
710
-387
-219
-169
-502
-36
1183
1121
350
79
-214
56
525
1094
1918
2011
1289
-2190
-3960
-1037
913
1030
1661
2234
634
-1645
-3416
-4385
-400
3209
1973
891
770
-1429
-4221
-2776
399
1172
1183
1809
1846
176
-2011
-2648
-669
2151
2017
687
1533
2253
335
-1553
-1046
252
853
1105
1202
229
-1402
-2186
-1672
-117
834
531
270
-88
-1210
-2063
-1407
-318
429
1039
931
195
-894
-1013
-157
101
887
1643
973
367
-52
-996
-1137
83
319
-228
504
7
-1691
-1761
-547
-248
-164
1245
1619
362
-339
-427
-865
-434
1103
1707
698
-43
-117
-486
53
1197
1883
2082
2171
26
-3658
-2419
446
1085
1940
2331
746
-1475
-2960
-4659
-2424
2366
2933
1402
468
-1053
-3355
-3437
-700
894
969
1690
2324
302
-2365
-2801
-1157
1552
2336
1201
1164
2068
861
-1756
-1455
718
1534
1815
1852
490
-1795
-2516
-1600
-228
902
632
256
58
-1410
-2594
-1795
-240
945
1486
825
-274
-1286
-1860
-767
389
1195
2023
1540
505
-644
-1619
-1325
884
1995
720
640
67
-1924
-2128
-859
-40
531
1923
1640
-873
-1830
-1304
-1147
-410
1357
1949
697
-469
-777
-1299
-674
1421
2563
2856
2822
-238
-4224
-2431
1070
1322
2247
2935
904
-1043
-2785
-4646
-1762
3140
3380
1252
-56
-1973
-3976
-3256
-334
1226
715
1068
2064
-200
-3244
-3151
-484
2191
2468
993
858
1850
219
-2346
-1115
1740
2407
2152
1805
-179
-2402
-2443
-759
1165
1663
781
269
-261
-2263
-3159
-1654
261
1512
1216
-406
-1152
-1378
-1834
-871
687
1630
1601
734
-15
-927
-1647
-826
1512
2057
901
678
-421
-1611
-1067
-169
120
1034
2161
882
-1452
-1873
-1078
-689
277
1756
1464
97
-439
-728
-1004
23
1219
1778
2752
868
-3383
-3027
99
1142
1415
2368
1732
-58
-1743
-3953
-2156
2431
3550
1745
-187
-1805
-2793
-2866
-1417
754
1018
324
991
-133
-2838
-2897
-253
1900
2181
688
-228
694
480
-1335
-1143
1252
2756
2619
1521
-260
-1426
-1401
-600
860
1550
756
322
172
-1837
-3112
-1639
301
1613
1396
-666
-1958
-1130
-810
-983
-232
802
1354
489
-891
-1399
-949
223
1660
1844
647
197
-636
-1508
-325
490
41
573
1576
423
-1388
-1134
-150
594
974
872
548
-158
-391
-553
-688
319
1362
1304
1266
423
-2933
-3096
569
1748
1344
1665
1024
-400
-1601
-3419
-2324
2586
4257
2311
-232
-2378
-2495
-1565
-640
860
1722
974
439
-1254
-3767
-2851
310
1983
2279
990
-719
-461
-200
-1406
-786
1713
2569
2176
1137
-1343
-2308
-638
797
1280
1598
973
166
-126
-1644
-2588
-719
1207
1639
1117
-740
-2400
-1671
-646
-362
238
671
1082
576
-1081
-1945
-1178
559
1859
1678
-87
-664
-461
-1487
-686
1101
1107
660
530
-505
-1763
-930
774
1293
1471
934
-167
-784
-776
-80
142
622
1628
1479
513
169
-369
-2818
-1630
1615
1425
1221
1216
-271
-1109
-1345
-2987
-1276
3670
3940
1156
-1307
-3021
-1883
-184
112
1112
1863
762
-449
-2278
-3942
-1742
2047
2472
1268
-474
-1544
-496
-240
-1117
-96
2458
2808
1282
-383
-2253
-1881
725
1903
1520
1157
476
-245
-893
-2286
-2111
935
2596
1573
44
-2104
-2915
-1147
-178
-75
938
1271
356
-919
-2139
-2206
-264
2034
2398
555
-1400
-1219
-661
-920
409
1768
1252
829
-204
-2089
-2059
427
2183
1615
955
327
-724
-805
-534
11
575
1286
1502
416
-341
-330
-72
-1314
-1460
769
1375
1133
710
-743
-1374
-846
-1703
-1369
2450
3348
799
-1459
-2610
-1726
194
324
517
1434
613
-833
-1855
-2605
-1290
1945
2459
463
-797
-1127
-325
14
-649
-23
1967
2506
768
-804
-1468
-914
1071
2095
1481
1083
592
-502
-1397
-1906
-1231
993
2386
1013
-847
-1838
-2123
-637
173
-114
715
938
-301
-1488
-1934
-1301
542
2175
1231
-528
-1045
-904
-436
-605
181
1673
1280
398
-738
-1633
-670
1234
1924
686
294
78
-471
-310
-572
1
1098
1388
645
-247
-133
170
773
-205
-2092
-624
1195
1080
443
-567
-852
77
-761
-2544
4
3001
1877
-65
-1890
-2340
156
747
-363
523
1332
184
-756
-1819
-2338
593
2402
714
-418
-772
-409
184
-580
-750
1258
2493
1003
-408
-961
-1215
65
1399
1308
918
653
13
-824
-1237
-1307
250
2209
1334
-538
-1304
-1605
-854
131
-392
226
1269
-85
-1386
-1572
-1315
-160
1570
1176
-298
-516
-937
-859
-726
-477
1267
1550
323
-631
-1421
-917
615
1418
748
517
729
-409
-563
-22
-63
853
1146
379
-109
443
767
454
882
-1214
-2130
619
1408
974
480
-410
-395
-465
-2213
-2255
1842
3408
1306
-579
-2731
-1570
975
-493
-878
1135
1448
90
-1291
-2655
-1505
2302
1786
-868
-744
-239
-22
-291
-1196
-243
2151
2288
198
-690
-653
-422
1078
1450
469
525
680
-175
-1049
-1225
-365
1600
1875
-376
-1620
-1542
-1116
56
65
-453
510
265
-1295
-1746
-1236
-150
1328
1530
-447
-1410
-711
-399
-407
-196
881
1580
521
-939
-1310
-286
1121
1539
861
39
142
6
-695
-261
482
963
1056
-5
-598
82
920
980
901
128
-1996
-1405
500
733
1002
812
-50
-260
-1428
-3037
-1044
2684
2768
627
-1275
-2219
-355
545
-830
261
2134
1248
-849
-2574
-2658
415
2596
530
-807
124
211
-303
-1141
-1160
1275
2801
989
-1093
-1046
-327
495
1199
783
920
1426
438
-1326
-1844
-562
1192
2083
961
-841
-917
-1082
-1457
-605
29
902
1327
-464
-2198
-1678
-530
3
1206
1093
-356
-311
-557
-1268
-762
390
1365
959
-308
-922
-634
76
454
603
346
257
443
-259
-372
734
841
338
34
-328
-78
512
698
640
912
-20
-2074
-1433
326
1116
1458
576
-351
-384
-1363
-2574
-681
2362
2603
813
-1705
-2525
-323
-33
-985
754
1905
691
-965
-2531
-2206
1079
2412
-48
-867
8
-408
-922
-1124
-244
2032
2569
300
-1548
-1126
-297
556
1139
913
1515
1430
-560
-1965
-1507
79
1591
1807
280
-915
-752
-1471
-1670
-93
509
885
801
-1298
-2371
-1189
-27
409
949
470
-673
-559
-871
-1162
215
1140
1159
372
-957
-1021
-172
371
598
1028
975
105
-216
-533
-291
1075
1106
473
312
199
212
202
429
537
868
343
-1648
-1249
495
1159
1225
139
-831
-409
-733
-2034
-661
2410
2391
283
-1875
-2827
-625
490
-348
662
1749
736
-1412
-2800
-1714
1549
2616
198
-793
-329
-794
-952
-583
554
2378
2271
-217
-1839
-776
482
869
1300
1253
1174
558
-1027
-1778
-513
1247
1671
1132
-156
-1169
-1146
-1245
-848
360
959
775
-72
-1625
-2165
-751
471
735
1001
66
-988
-863
-1015
-748
567
1384
710
-507
-1042
-805
74
664
688
827
431
-194
-359
-219
370
1103
900
109
-67
36
61
435
957
648
475
-1
-1668
-1500
394
1402
1307
492
-678
-1009
-1243
-2275
-966
2357
2655
483
-1900
-3156
-1070
540
-6
888
2145
689
-2086
-3150
-1731
1666
3087
641
-860
-528
-910
-1203
-575
1025
2593
2300
-314
-2076
-854
429
865
1231
1297
1238
415
-1075
-1821
-696
923
1166
826
57
-962
-1053
-1153
-997
271
855
501
-332
-1513
-1730
-653
301
477
518
97
-650
-507
-505
-435
877
1208
144
-788
-979
-292
372
644
392
310
170
-490
-302
329
821
978
310
-264
-132
156
218
407
970
782
397
489
-782
-1623
-275
783
992
848
28
-651
-375
-1369
-2260
760
2886
1485
-791
-2724
-1974
252
169
124
1787
1588
-1073
-2956
-2572
248
3000
1705
-725
-739
-712
-1199
-819
721
2376
2377
340
-1840
-1476
182
818
913
1173
1438
821
-670
-1693
-829
1047
1486
818
141
-650
-1022
-1229
-1450
-358
1003
803
-153
-1003
-1575
-1099
-52
127
230
511
-303
-1160
-944
-414
432
1065
339
-718
-682
-290
-115
501
863
795
778
48
-564
-182
342
598
689
355
137
383
416
134
420
935
681
594
94
-1437
-1201
508
998
766
562
-259
-740
-1120
-2352
-1002
2353
2542
333
-1540
-2258
-883
247
-283
669
2118
230
-2653
-2924
-864
1932
2542
477
-781
-736
-1036
-1248
-105
1899
2456
928
-1255
-1926
-445
891
978
1077
1383
832
-476
-1304
-1140
409
1676
902
133
-171
-1016
-1448
-1507
-751
819
1349
448
-986
-1613
-1504
-746
261
706
1111
366
-1150
-1620
-1147
212
1288
1193
424
-300
-508
-733
-214
761
1014
1077
384
-414
-224
140
415
402
324
177
145
347
130
251
764
858
844
742
-417
-1452
-722
349
874
1279
500
-796
-1053
-1908
-2106
776
3175
2187
-254
-2347
-2662
-993
-144
400
1983
1508
-1378
-3227
-2533
94
2317
1713
211
15
-733
-1947
-1418
625
2269
1791
-147
-1278
-816
51
-234
42
1661
2307
1462
-172
-1244
-652
703
1131
570
279
-490
-1464
-1466
-1129
33
831
418
263
-37
-641
-847
-376
118
696
1067
-424
-1832
-1799
-1173
218
704
266
434
644
352
135
848
1220
905
533
-424
-782
-563
-735
-783
-283
353
454
622
694
481
1057
1699
1213
540
96
-809
-1591
-1550
-847
517
1525
480
-884
-957
-1416
-958
1301
2780
2393
303
-2495
-3354
-1613
-458
613
2086
1017
-1426
-2739
-2432
-198
2053
2388
1724
739
-1080
-2529
-1687
332
1835
1837
424
-565
-510
-294
-58
1058
2365
2204
781
-826
-1489
-669
230
170
388
853
-138
-1654
-2046
-1406
81
1082
770
299
-290
-1274
-1678
-1052
26
829
437
-793
-1185
-1036
-808
-6
575
808
779
241
-179
28
554
839
824
269
-420
-147
408
512
574
423
306
304
211
-52
34
739
968
507
-20
112
-91
-1010
-1094
-402
630
1113
446
-141
-232
-829
-1691
-906
1142
2131
996
-1321
-2397
-1712
-883
248
1627
1819
362
-1937
-2773
-1256
1105
2018
1496
558
-970
-1856
-1270
208
1662
2051
1082
-236
-672
-456
-326
359
1260
1180
425
-324
-691
-320
266
362
499
624
22
-745
-1050
-882
-163
70
-199
14
-126
-864
-1222
-979
-441
185
344
-7
-234
-450
-519
-273
199
511
143
-340
-407
-211
31
146
393
624
657
450
-93
-215
54
477
716
444
288
-14
-311
-198
21
555
986
962
698
-333
-1336
-1066
51
857
983
737
240
-628
-1911
-1873
260
2129
2055
430
-1223
-1690
-1617
-1264
277
2074
1856
-283
-2081
-2118
-556
837
1241
1368
883
-449
-1664
-1402
261
1535
1514
558
-241
-462
-624
-361
473
1192
1234
625
10
-133
30
-213
-362
117
224
-153
-586
-612
-346
-505
-623
-379
-18
220
-195
-472
-266
-106
-299
-350
142
30
-282
-401
-488
55
307
51
107
194
244
64
90
454
530
350
-19
0
61
-74
51
11
145
166
-120
-65
148
298
253
254
611
747
3
-712
-613
11
617
592
57
-117
-571
-1747
-1639
168
1824
2044
808
-726
-1359
-1437
-1190
92
1509
1472
49
-1626
-2020
-901
130
633
992
834
42
-715
-547
279
840
784
271
10
32
-90
-197
177
534
213
159
476
667
585
-57
-595
-384
-121
-466
-415
108
-60
-510
-799
-796
-225
88
-47
183
386
-35
-650
-688
-340
62
224
-97
-61
93
-33
-76
6
134
309
493
417
347
500
363
264
249
-64
-173
162
365
207
61
-29
-119
109
223
194
478
432
103
-410
-879
-675
-77
453
752
658
92
-571
-1151
-1370
-621
497
1171
1155
313
-577
-980
-1024
-623
88
447
322
-75
-516
-597
-497
-239
111
242
158
85
407
775
520
-5
-48
197
222
149
118
263
298
-152
-436
141
811
871
518
-130
-506
-545
-650
-382
151
291
-115
-819
-1200
-1057
-514
131
423
398
135
-150
-161
-63
10
49
123
149
-32
-106
-59
8
56
-40
-2
220
454
566
328
132
162
13
-61
41
79
86
38
-192
-287
-78
-26
20
167
226
332
481
476
226
-205
-533
-480
-75
342
539
556
307
-450
-1050
-856
-144
573
951
739
169
-269
-781
-1034
-698
-323
-85
19
-40
-71
-118
-353
-366
-71
30
217
369
451
610
441
19
-96
102
218
178
178
335
476
368
175
256
440
305
-18
-156
-116
-39
-209
-493
-508
-300
-271
-305
-235
-222
-290
-440
-493
-271
88
219
122
-63
-303
-363
-220
-83
177
357
159
1
56
132
343
492
389
196
-5
-133
10
241
220
115
43
-8
-68
-46
77
187
131
-166
-268
-100
133
229
255
359
204
-121
-353
-348
73
410
352
316
326
53
-290
-440
-389
-25
287
213
141
8
-447
-665
-550
-368
-103
93
77
-79
-105
-178
-242
-96
-66
-96
62
272
340
306
175
-7
95
166
19
155
318
197
81
30
54
136
93
-102
-117
-66
-99
-69
-86
-29
-116
-400
-497
-300
109
260
64
-171
-342
-403
-309
-61
231
376
245
-142
-381
-268
-89
70
213
266
230
103
-66
-66
11
87
117
99
23
-22
-17
-43
12
13
-60
-76
-105
-138
-34
77
81
89
122
127
119
80
-78
-70
59
110
213
192
163
11
-235
-331
-304
-138
36
108
69
-8
-44
-203
-371
-329
-254
-158
-87
-38
51
90
18
-154
-181
-78
19
153
276
349
386
355
247
44
-79
-114
-31
169
244
345
390
208
-10
-199
-271
-143
8
32
-36
-21
-82
-188
-133
-179
-207
-209
-281
-213
-21
161
176
54
-98
-177
-194
-207
-77
172
376
358
155
-35
-149
-170
-70
79
235
334
247
42
-38
-48
-172
-222
-144
-9
127
214
247
231
171
-29
-259
-249
-69
180
318
271
204
81
-112
-282
-305
-95
136
241
176
102
57
-147
-345
-403
-336
-144
19
78
44
-80
-187
-267
-284
-184
-45
64
108
66
-7
12
31
-1
11
20
60
175
261
274
260
175
89
21
-51
-23
134
321
309
158
2
-77
-52
-101
-139
-112
-39
7
-83
-211
-270
-189
-151
-195
-116
30
72
-10
-172
-235
-100
9
9
24
-1
-24
19
-30
-51
42
56
37
76
79
59
114
176
136
106
53
48
138
130
139
104
89
106
10
-61
-82
-44
52
143
175
189
133
-53
-169
-190
-130
34
127
80
-6
-163
-309
-281
-182
-103
-21
-10
-33
-34
-86
-142
-106
-87
-128
-163
-147
-3
99
97
39
-23
-27
17
94
156
222
228
125
51
14
23
111
117
145
144
47
-1
-47
53
128
94
33
-62
-74
-89
-111
-112
-95
-37
-38
-59
-90
-134
-143
-107
-63
-45
-19
-38
-72
-49
-35
-36
-19
-48
-53
-60
-37
43
106
173
117
39
-2
-26
20
88
203
244
173
63
-26
-15
50
129
135
131
105
6
-31
42
89
91
77
-1
-29
-38
-71
-69
-8
4
-92
-142
-141
-73
-13
-48
-117
-154
-178
-162
-106
-58
-30
-37
-43
-116
-139
-92
-53
24
36
19
-17
-2
26
-16
37
100
108
133
83
16
42
114
103
93
71
0
1
15
18
67
107
57
-24
-67
-82
-29
50
21
-7
-54
-151
-152
-49
23
15
-15
-136
-191
-120
-106
-13
100
68
8
-59
-82
-12
58
47
40
66
19
15
83
61
84
90
58
68
102
126
92
92
48
-4
6
0
22
40
56
72
42
35
-7
-30
-39
-42
-12
-22
-30
-58
-122
-139
-114
-127
-136
-96
-4
41
20
-11
-78
-103
-136
-134
-49
28
64
-6
-74
-79
-34
54
77
94
113
67
6
-44
2
52
73
102
66
71
41
-20
-5
71
121
94
49
-26
-38
-22
-58
2
52
34
-25
-126
-159
-105
-19
20
38
47
-18
-59
-63
-55
47
80
52
8
-53
-31
1
49
73
59
19
-47
-1
68
128
145
71
57
9
0
19
23
86
65
4
-37
-72
-37
-16
15
18
-14
8
-30
-69
-54
-63
-30
-22
-44
-46
-46
-72
-134
-97
-52
-1
55
23
-10
-31
-78
-88
-42
15
37
15
-11
-18
14
54
53
56
46
0
-6
-5
32
110
123
79
2
-85
-85
-11
79
142
125
50
-58
-108
-85
-13
85
110
47
-55
-149
-167
-105
-12
57
73
25
-87
-154
-162
-94
57
89
42
-11
-86
-89
-61
11
81
142
100
-9
-18
-16
29
67
70
64
60
61
24
32
52
45
50
30
37
56
36
-3
-51
-48
-27
-19
15
17
10
-14
-63
-68
-58
-36
-31
-8
-3
-52
-59
-55
-55
-14
-29
-52
-21
-6
13
-30
-45
-23
-6
37
13
5
1
0
-4
-5
48
64
74
50
20
32
37
21
6
9
22
46
50
58
13
-32
-52
-38
11
14
34
-23
-62
-65
-102
-56
-5
21
-18
-35
-61
-54
14
-8
17
5
-34
-18
-39
-23
8
27
13
2
23
23
40
47
30
44
43
26
26
39
32
25
49
59
69
74
33
15
7
-24
-18
-7
33
16
9
13
-62
-13
-7
-29
10
4
-6
-25
-31
-65
-65
-24
-33
-8
25
19
3
-10
-43
-38
8
-1
-8
-7
-29
-34
-3
-6
1
47
23
15
16
14
3
1
8
-30
-9
4
-7
31
30
26
37
25
27
11
-3
-13
-12
2
-13
-22
-43
-61
-64
-35
-6
35
55
26
2
-46
-49
-31
-6
36
32
34
-3
-20
-25
-28
3
0
21
47
60
28
-17
-15
-28
-5
48
38
38
29
-23
-25
-18
-27
17
32
20
1
-2
-22
-22
6
-9
6
29
-23
-51
-45
-38
-9
32
31
12
-2
-13
-32
-44
-27
-18
15
9
-17
-12
-26
-33
-27
3
14
22
43
19
-1
-3
-8
6
7
23
25
13
15
-4
14
22
23
14
-21
8
17
-3
-6
-12
-18
-12
-6
-1
14
-4
-5
-15
-22
-19
-9
-8
-20
10
18
8
-6
-22
-12
-1
2
-7
-9
-17
-11
-1
-10
13
38
25
4
-4
-9
4
24
10
-3
6
17
-9
-20
-11
5
48
41
13
9
11
12
-25
-19
-2
-10
-10
-10
-10
-4
24
2
-6
12
6
4
-15
-27
-19
-2
-6
-14
-2
-4
-11
1
3
10
33
24
5
-4
-12
-5
1
4
5
-8
-8
-25
-24
-6
15
33
41
32
-1
-15
-34
-28
18
24
25
2
-29
-41
-34
-11
-14
-1
16
23
22
5
-16
-15
-12
-4
-5
13
14
-24
-22
-35
-23
6
25
36
48
62
15
-6
-16
-29
-9
-16
-14
-3
1
-4
-14
2
18
27
27
22
14
-8
-26
-45
-37
-18
-21
-17
-1
13
17
28
15
9
4
-37
-42
-30
-20
14
26
13
-13
-21
-18
-21
-2
6
9
33
30
24
13
-7
-12
-26
-21
-19
0
18
12
17
-7
-23
-18
-11
-10
8
43
28
18
28
2
-15
-35
-40
-14
14
33
25
6
2
-21
-54
-50
-14
24
50
46
19
4
-31
-39
-31
-9
21
28
23
9
6
14
18
15
0
-17
-13
-10
7
20
8
12
3
1
0
3
4
-7
6
-8
2
14
21
29
8
-4
-16
-11
-4
14
21
20
14
10
-11
-24
-15
-24
-10
3
23
21
21
7
-24
-14
-19
-13
-11
-4
1
6
10
-15
-7
-10
-17
-9
-9
0
14
23
12
-6
-19
-9
1
15
17
8
-6
-19
-24
-40
-46
-40
-26
-14
-8
-2
-5
-9
-26
-33
-14
17
31
31
21
3
-3
-8
-6
1
29
48
39
22
0
2
3
14
23
13
16
29
41
34
25
9
-3
11
15
16
27
19
1
-7
-22
-12
-2
-14
-17
-11
-10
-12
4
0
5
9
4
-2
-21
-11
-11
-5
11
7
14
10
-7
-4
1
3
16
17
7
-1
-6
-11
-12
0
-8
2
-2
-13
-7
-17
5
6
-5
1
-5
1
-10
-22
-23
-18
-1
4
18
18
5
-5
-22
-18
1
10
29
39
25
9
-7
-13
-19
-3
4
-8
0
-6
-17
-29
-27
-15
-24
-33
-30
-26
-15
-6
15
6
-4
8
-17
-15
16
29
25
21
14
-32
-24
-14
-9
11
10
8
-8
5
-14
-27
-7
-6
8
7
9
-1
-1
-15
-25
-2
1
15
19
16
2
-11
-14
-14
-4
-3
0
-3
5
7
-2
-4
-11
3
8
7
20
18
10
15
12
-5
-4
-10
-13
-8
-3
-1
5
22
12
2
9
-6
-14
-3
-4
1
15
4
1
2
-4
-7
-13
-2
5
15
19
8
7
-4
-10
-2
5
6
16
22
12
8
3
-4
-8
-4
-6
-2
1
-1
-6
-13
-1
3
3
2
-21
-11
-9
-3
8
8
16
-3
-1
-4
4
18
13
21
11
9
-7
-3
-1
-2
17
12
6
0
-1
-11
-5
3
-1
8
2
9
-5
-12
-7
-2
22
19
24
6
-2
10
-12
-1
10
21
23
17
19
-1
4
1
-13
-12
-5
7
1
-2
-8
-9
-6
-4
-1
-5
4
6
-3
-14
-7
7
10
15
6
7
13
-6
-11
-12
-9
-1
1
-1
-6
5
0
6
3
-8
-5
-3
-7
-9
1
-9
-8
-5
-18
-16
-14
4
15
28
22
9
8
-9
-13
-23
-15
-11
-12
1
-3
17
11
-4
3
-2
5
4
10
-7
0
0
-16
-2
-8
3
3
6
-1
-10
2
-7
6
-2
-7
0
-4
-1
-10
6
9
-1
3
0
-2
8
9
8
8
-2
-2
2
2
-16
-24
-18
-28
-13
-6
-1
0
-5
-2
-2
9
8
-1
-1
-9
-11
-7
-10
-4
0
6
4
-4
-3
-11
9
8
1
17
-3
6
4
3
3
-6
0
-14
-18
-18
-15
-2
15
27
22
1
-5
-4
-7
7
-11
-14
-2
-10
17
-8
-10
-5
-25
8
2
24
9
-24
-5
-4
16
6
11
-3
-9
30
23
3
-1
-28
-19
24
29
30
7
-7
-5
6
27
-5
-9
-11
-12
13
11
-5
-9
-13
19
37
29
14
-14
-8
-33
-11
4
-30
17
23
0
18
8
-8
-6
7
-1
-5
18
0
-24
-10
-16
-19
2
-3
-1
10
9
1
8
19
-15
4
2
-17
15
5
5
5
-5
-10
-11
15
-6
0
10
-16
-3
-10
-23
-6
1
7
0
-3
-11
-25
4
1
-1
13
-9
-3
5
-1
-5
-1
5
-3
7
8
-6
10
3
-6
3
-5
-3
-3
5
4
-8
-3
-9
-13
-6
-1
24
23
-2
-16
-18
8
28
21
9
-2
-7
-9
-8
1
-3
2
3
-4
-6
-4
7
15
28
33
8
-5
3
2
-4
-16
-23
-20
-15
-10
-30
-38
-16
15
51
50
22
7
-5
-3
12
6
1
-16
-41
-59
-60
-20
15
48
69
36
16
11
25
35
16
-8
-49
-56
-41
-42
-27
-26
-24
8
54
84
77
53
15
-22
-11
-15
-31
-51
-81
-62
-48
-16
24
28
38
41
65
74
55
36
-12
-52
-65
-55
-45
-37
-24
-31
-22
12
42
62
62
47
18
-1
2
-13
-31
-36
-38
-34
-33
-20
-9
7
39
46
51
41
21
2
-19
-23
-21
-13
-17
-25
-34
-41
-22
6
31
37
33
33
21
8
3
-8
-1
-1
-21
-30
-39
-26
-18
-10
8
17
32
28
10
2
-8
-5
-7
-10
3
2
0
-6
-7
8
18
20
3
-13
-13
-24
-19
-7
-9
6
12
14
8
18
24
7
0
-5
3
3
-7
-15
-25
-21
0
20
31
32
28
18
2
8
4
-24
-40
-58
-68
-46
0
29
37
53
48
36
45
48
34
2
-40
-86
-85
-57
-45
-29
-27
-4
41
67
78
82
67
23
13
2
-35
-51
-68
-85
-62
-28
3
8
32
52
47
86
83
49
7
-46
-75
-107
-87
-59
-33
9
-4
9
51
75
93
75
47
24
-12
-40
-66
-59
-66
-85
-32
-5
19
36
1
5
12
22
3
-11
21
-4
-8
-3
-8
5
23
58
46
32
13
-33
-57
-81
-70
-39
-14
-15
8
27
42
96
72
47
67
56
28
-16
-49
-122
-139
-110
-75
0
35
79
87
118
132
80
72
30
-23
-62
-125
-171
-125
-66
-68
-26
22
62
140
179
135
82
28
-23
-52
-57
-77
-102
-109
-118
-73
19
89
121
119
95
33
27
52
0
-23
-88
-164
-131
-61
37
103
130
78
35
78
33
58
73
-44
-76
-116
-146
-118
-38
38
26
65
82
109
137
88
42
-45
-100
-165
-156
-87
-77
17
36
59
144
164
152
81
62
-4
-67
-79
-157
-205
-202
-127
-62
24
130
129
176
191
133
145
126
67
-62
-199
-296
-303
-182
-117
-37
45
83
146
189
224
222
179
92
-60
-164
-225
-235
-198
-142
-87
-83
-5
85
145
274
253
179
135
32
-59
-114
-156
-214
-182
-148
-123
-51
-18
83
156
137
151
136
109
72
-12
-80
-140
-152
-122
-90
-55
-51
-14
12
46
122
141
116
91
18
-34
-34
-23
-25
-28
-49
-74
-76
-52
0
29
47
43
40
46
27
28
32
12
-19
-19
-39
-60
-17
-29
-74
-67
-52
20
68
83
97
65
50
44
48
49
-3
-52
-106
-145
-121
-82
-42
-24
-13
7
48
139
165
157
126
65
5
-64
-79
-118
-99
-116
-155
-125
-85
0
79
156
156
136
137
98
90
62
-2
-86
-152
-166
-160
-102
-45
-1
69
113
167
180
122
71
32
1
-40
-75
-118
-190
-208
-161
-87
-15
43
126
149
161
179
114
101
53
-19
-73
-150
-152
-168
-147
-115
-67
42
67
116
121
116
117
57
46
-12
-40
-79
-151
-149
-135
-71
-38
20
91
122
159
122
93
61
36
33
-39
-96
-127
-141
-127
-104
-64
14
94
110
105
89
74
59
54
14
-37
-77
-115
-120
-93
-44
-14
17
50
77
99
77
53
10
-14
-16
-29
-50
-68
-56
-54
-44
1
41
70
72
45
13
-14
-6
-21
-36
-41
-54
-46
-48
-7
39
54
65
23
21
7
-9
8
-15
-16
-41
-42
-27
-12
36
32
40
40
13
18
-11
0
0
-42
-39
-38
-10
-9
-16
-13
-47
-27
-13
23
72
84
92
37
15
-9
-52
-50
-49
-28
-29
-21
-10
-17
25
36
49
78
84
87
61
10
-39
-76
-80
-89
-91
-74
-44
1
46
92
104
98
85
38
6
-5
-26
-24
-32
-70
-91
-87
-41
27
71
89
82
67
58
38
-6
-19
-42
-66
-101
-112
-95
-62
16
33
39
35
27
52
38
43
14
-25
-22
-42
-34
-49
-58
-45
-38
0
20
43
59
60
64
42
38
32
14
8
-29
-62
-65
-66
-51
-32
-5
4
16
53
64
77
60
22
4
-19
-18
-19
-51
-66
-62
-40
-16
15
26
18
40
42
54
58
23
4
-22
-30
-64
-73
-51
-38
-6
1
17
27
52
59
35
42
33
8
-24
-58
-76
-56
-26
-27
-28
-27
2
49
75
57
46
40
20
6
-24
-36
-43
-52
-54
-59
-26
-12
-13
10
38
69
65
41
-1
-10
-5
-18
-29
-31
-12
-9
-8
-16
-1
39
39
39
34
27
10
-16
-26
-38
-23
-9
-23
-26
-21
9
30
32
46
42
32
18
-3
-9
-17
-32
-56
-47
-18
2
-2
-11
16
35
33
33
17
13
16
2
-17
-37
-17
-11
-19
-12
-8
20
20
5
-2
-4
11
5
-13
-31
-27
4
3
-12
-13
-14
-6
-4
-10
-11
-8
4
3
6
7
1
-2
-6
6
27
28
0
-25
-28
-1
23
21
7
-3
13
13
9
7
1
-3
-6
-10
-8
3
6
2
0
3
14
19
5
-21
-27
-16
-4
-4
-6
-3
-7
4
7
7
18
5
4
10
5
18
7
-1
-23
-32
-4
-15
-3
2
6
23
18
29
4
-9
-3
-16
5
1
-13
-34
-55
-19
7
31
34
14
18
15
27
25
9
3
-16
-21
-16
-9
8
1
-9
-12
-15
1
9
9
8
16
27
17
13
4
-5
-3
-13
-20
-23
-18
-3
4
8
4
1
6
17
18
12
8
-2
7
11
-7
-23
-41
-41
-17
13
31
34
21
-11
-15
5
22
35
28
1
-19
-28
-26
-21
-7
3
6
17
20
20
25
10
-7
-7
-3
-1
-3
-4
-17
-4
-4
-16
-2
10
24
27
18
11
0
2
-5
-15
-11
-8
-16
-25
-22
-8
7
13
11
17
28
25
2
-11
-12
-7
-6
-9
-8
-3
3
-4
-3
8
7
8
-1
-15
-18
-18
-10
-9
-4
3
3
13
18
24
17
6
8
1
-3
-17
-30
-33
-26
-12
-2
9
16
25
32
15
2
-2
-15
-21
-18
-22
-16
-17
-22
-24
-12
16
43
50
35
20
-3
-15
-13
-16
-22
-30
-33
-34
-20
5
23
29
23
23
14
11
17
14
6
-16
-38
-47
-35
-17
-5
4
5
20
38
37
26
6
-12
-8
-6
-12
-16
-32
-40
-33
-10
13
33
24
3
2
1
12
5
-13
-12
-18
-16
-15
-19
-15
-7
0
-2
12
18
12
12
-6
-18
-10
-3
5
5
-5
-7
-9
-7
-3
5
2
-1
12
10
3
7
13
9
0
-5
-17
-17
0
6
0
0
1
1
-3
0
-6
3
25
22
16
0
-9
-7
-12
-10
-18
-21
-11
14
17
3
-2
-10
-1
25
27
4
-4
-6
0
6
-5
-4
-6
10
24
-3
-14
-6
-1
-12
6
38
22
8
12
0
-19
-26
-6
19
34
43
11
-21
-21
-11
23
45
43
16
-18
-26
6
38
22
-5
-13
-4
-8
-11
-18
-16
-11
0
31
17
-5
-13
-7
11
15
20
18
14
0
-24
-29
-15
-5
11
25
27
21
6
9
17
20
-7
-39
-28
-32
-28
-13
-11
10
26
39
32
24
23
8
14
8
-10
-12
-28
-38
-34
-27
-14
-9
2
11
17
28
18
16
17
5
0
-13
-18
-19
-15
-14
-14
-4
8
13
11
5
-7
-23
-27
-3
3
3
6
-4
-8
-13
-15
-11
4
15
17
6
-9
-18
-14
-2
8
17
-2
-6
4
3
3
-5
-3
-4
-12
-12
-7
8
10
1
-2
-3
5
1
1
13
7
-8
-13
-12
-1
0
-9
-10
-3
-3
-12
1
14
10
3
-9
-11
-7
2
3
13
24
19
-1
-25
-34
-26
2
15
24
23
-6
-21
-17
1
10
10
12
1
-8
-12
-18
-9
6
6
3
-3
4
8
2
-1
-9
-24
-32
-40
-34
-25
-19
-17
-18
-12
-2
1
14
37
39
36
24
9
7
18
15
2
-5
-7
5
6
14
28
28
15
5
1
-6
-1
12
17
11
7
-12
-23
-15
-7
12
18
18
25
24
8
-11
-25
-15
4
2
-7
-15
9
20
18
13
-3
10
12
15
12
-2
-2
-13
-10
2
0
9
13
12
15
7
1
-8
-8
1
0
3
7
7
-6
-15
-10
-3
6
7
-3
-7
-10
-14
-16
-3
7
10
0
5
7
2
8
1
-1
-17
-29
-24
-18
-9
-5
-13
-12
-2
10
20
15
7
0
0
-1
5
10
5
5
-4
-15
-13
0
3
-1
-6
-8
-9
-5
5
6
4
-4
-15
-7
5
6
3
4
-3
-8
-13
-10
-2
4
-4
-15
-10
-9
-1
7
13
9
-8
-5
-13
-12
-5
-17
-14
-7
3
14
16
-1
-12
-9
-4
6
20
8
-6
-4
-11
-16
-10
-9
-12
0
8
8
9
5
6
3
7
10
7
3
-8
-20
-25
-15
-4
7
6
3
7
-9
-18
-6
1
5
18
20
10
5
0
-15
-16
-3
0
9
12
7
1
1
6
0
-4
-7
-5
-4
-11
-3
5
7
8
-1
-6
-5
5
-3
-17
-9
-3
-5
-6
-7
9
12
7
8
2
5
-4
-8
-14
-17
-5
-7
-6
-1
-5
-9
-6
4
-1
-5
3
5
10
1
-5
-1
-5
2
2
-4
10
16
14
15
12
9
-5
-14
-14
-8
5
1
-11
-12
-4
7
3
5
8
7
11
15
15
9
4
-6
-17
-21
-8
5
7
10
13
14
12
16
15
7
7
-1
-10
-11
-14
-8
-1
10
15
15
20
12
12
5
1
6
2
-10
-25
-15
-10
-12
-1
9
7
11
10
4
-3
-2
5
6
9
11
3
-6
-20
-17
-9
-12
-5
2
-2
-4
4
-1
-3
1
-3
-11
-5
5
7
15
17
4
8
9
4
6
-1
-4
3
14
11
9
6
2
-2
-10
-6
-4
-6
-2
4
16
14
7
0
-4
0
11
15
2
0
-3
-10
-7
-1
4
1
0
4
10
3
0
8
10
6
3
7
6
7
-10
-31
-25
-12
-1
2
5
18
20
15
4
-10
-1
8
3
4
-1
-7
-7
-3
1
6
8
4
-1
-4
-10
-10
-9
-17
-15
-11
-8
0
-1
-4
-5
9
12
8
14
2
2
10
-3
0
9
6
6
9
12
4
-1
-4
-3
1
2
3
-2
-5
-2
0
-1
4
-6
-11
-6
-12
-21
-21
-9
8
9
1
-4
-14
-11
0
0
-11
-18
-18
-14
-2
-2
-17
-11
7
24
29
28
12
-9
-10
-8
-7
2
2
-3
-8
-7
1
8
18
31
31
18
2
-3
-19
-21
-12
-4
1
-6
-11
-19
-13
-1
28
30
16
19
-5
-30
-43
-30
-17
-8
17
11
-9
-13
-13
-16
-6
24
31
11
7
-1
-22
-36
-33
-20
-11
1
10
-1
0
10
6
-2
8
23
18
7
0
-14
-33
-43
-29
-12
5
14
2
6
13
23
20
2
11
3
-12
-19
-17
-7
-16
-7
-8
-17
-5
4
18
17
6
-4
-12
-9
-5
-6
-9
-5
-10
-6
8
24
21
22
24
4
2
-7
-11
-2
-1
-7
-2
18
27
27
13
4
4
11
21
20
24
18
6
-6
-13
0
10
4
-6
-13
-18
-19
-15
0
12
20
17
-6
-24
-31
-13
7
17
19
-3
-11
-5
-2
-3
2
15
8
-3
-6
4
18
23
16
2
-5
-1
-2
-7
-4
-12
-9
-2
4
16
8
-8
-15
-9
2
23
26
9
11
8
-6
-14
-8
-6
-5
10
20
22
12
-3
-16
-12
7
3
8
5
-7
-3
-5
-5
-3
-4
3
10
18
16
3
-14
-29
-34
-21
-10
1
13
5
-2
-1
5
5
8
14
3
0
8
-3
-13
-12
-13
-9
12
27
26
14
2
-3
-9
-8
1
10
9
-1
-6
-11
-7
-3
1
2
-1
-2
-1
0
1
2
-11
-27
-25
-19
-13
-6
8
8
2
-8
-15
-13
-14
-2
13
9
-1
-17
-25
-21
-10
7
4
1
1
-4
4
9
8
1
-9
-25
-30
-21
-14
-7
-11
-11
-3
-1
-1
4
-2
-4
-6
-5
-4
-15
-6
-9
0
17
23
40
35
25
22
13
4
-7
-13
-16
-9
0
-1
-3
1
7
14
14
12
14
8
-1
-5
-4
4
1
-1
-2
1
6
3
4
3
8
6
1
14
19
22
21
16
13
8
1
-11
-5
7
12
11
4
0
-12
-9
-1
7
13
5
-3
-9
-10
-9
-11
-9
-19
-22
-20
-8
5
10
6
3
5
2
8
9
-3
-13
-18
-5
5
16
22
11
13
7
-6
-6
-13
-21
-31
-31
-16
-19
-6
14
12
23
33
22
13
2
-1
-13
-4
-2
-8
3
4
2
-7
-8
3
15
18
20
10
-16
-33
-34
-32
-18
2
8
6
4
-3
-8
1
21
12
4
7
1
-10
-7
1
-4
4
7
4
-5
1
14
-2
-3
5
8
9
7
6
-11
-13
-9
-7
-4
5
3
-3
6
1
4
5
9
14
9
16
7
-4
-19
-25
-9
-9
-1
5
-2
-4
-9
-6
-4
-5
6
11
11
5
-5
-19
-26
-13
6
20
21
7
-6
-25
-24
-13
-9
4
10
6
-2
-8
1
12
16
22
16
3
0
-5
-7
-9
-8
-2
0
-1
2
2
-4
-2
-3
-3
5
9
6
-1
-7
-11
-11
-8
4
14
9
4
-1
4
9
15
3
-17
-27
-33
-17
-8
8
15
6
2
1
4
3
10
17
12
0
-5
1
-3
-4
0
-2
7
15
12
8
10
8
2
2
1
-11
-14
-20
-17
-11
-10
0
6
8
6
8
7
-2
-4
2
1
7
10
-5
-14
-15
-6
6
7
11
-2
-14
-14
-12
-5
4
16
11
-2
-3
-1
-1
-1
7
8
1
5
4
2
3
2
7
-1
-6
-6
-20
-14
-16
-17
-14
-4
12
14
18
8
5
11
10
6
1
-4
-7
-15
-10
-3
7
11
5
7
3
-4
2
0
6
13
11
1
-2
10
9
8
13
15
8
-2
-13
-26
-21
-16
-14
-10
-7
4
8
10
10
7
6
-1
-10
-15
-10
-3
-4
0
9
8
9
3
-4
-8
-9
-1
-4
-6
-4
-11
-14
-14
0
6
9
13
-4
-5
0
-3
-3
0
5
-2
-6
-7
-2
-3
-6
4
-2
-6
-6
-15
-15
-7
2
-1
-5
5
14
9
4
-3
-2
4
6
7
1
2
6
9
8
5
2
0
2
2
2
-4
-4
-8
-9
-1
8
8
11
9
6
7
3
7
7
-4
-9
-7
-8
-3
-2
-6
2
8
10
14
16
9
6
1
-9
-6
-3
1
0
-6
-8
-5
1
10
12
5
-2
-2
-1
6
10
9
13
9
2
5
4
5
4
1
2
-1
1
4
3
5
3
-1
-5
-6
-3
-10
-11
-2
-5
-7
1
5
0
-3
-6
-13
-2
8
8
11
6
1
-9
-13
-8
-6
0
10
9
8
9
8
9
3
-2
3
5
0
-5
-10
-10
-5
-4
-7
-1
4
1
-5
-7
0
9
11
8
0
-9
-13
-14
-5
0
4
2
-5
-6
-1
2
2
-6
-11
-13
-9
-9
-10
-9
-13
-10
-6
4
13
10
4
1
0
3
4
1
-2
-5
-8
-10
-9
-9
2
4
5
12
11
17
12
4
1
-3
-3
-4
1
0
0
-3
-8
-9
-3
5
7
18
21
16
12
3
-5
-7
-1
3
-4
-14
-18
-19
-12
1
11
16
16
14
11
9
6
3
7
2
-6
-12
-15
-7
3
0
-1
11
19
20
11
1
-1
-1
-5
-7
-8
-14
-9
-1
-4
1
11
15
12
7
-2
-9
-6
-7
-15
-17
-12
-11
-3
2
3
9
15
15
14
12
9
5
0
-4
-10
-15
-14
-12
-9
3
6
5
6
9
8
8
5
-3
-6
-6
-6
-6
-9
-11
-11
-9
-3
9
12
11
10
-1
-6
-5
-4
-3
-3
-9
-10
-5
-5
-2
10
11
5
7
3
0
-2
-8
-17
-16
-9
-7
-2
-4
-6
-4
-5
4
9
10
8
0
-4
-12
-11
-2
0
6
2
4
2
-3
0
0
-1
1
0
-1
7
6
5
-3
-9
-8
1
6
10
16
15
9
6
7
-2
-4
-5
-9
-2
-10
-12
-10
-15
-11
-6
-1
5
9
6
7
0
-6
1
-1
1
2
0
-6
-11
-5
0
9
13
13
5
3
5
0
-4
-13
-16
-14
-5
-3
-3
0
-6
1
1
-2
3
5
4
-4
-7
-7
-1
5
2
0
2
0
4
9
10
17
16
2
-5
-5
-7
-9
-4
-12
-8
0
0
11
9
6
2
6
6
-4
-3
-10
-19
-21
-31
-26
-11
-5
-6
-3
-1
9
17
18
1
-17
-24
-21
-1
10
13
9
3
0
-1
14
13
8
11
18
12
4
-6
-26
-17
-5
9
19
21
21
16
8
-12
-14
-19
-17
4
9
12
9
-2
-4
17
44
48
35
13
0
-1
-7
-13
-10
-4
3
11
11
16
18
13
-1
-12
-5
-5
-2
-9
-13
-10
-10
-4
-1
0
8
5
10
13
9
1
-13
-17
-13
-5
2
0
9
12
15
14
-3
-14
-21
-13
-2
15
8
-17
-22
-25
-20
12
37
20
21
15
-3
-6
-6
-1
-14
-12
-13
-18
-14
-8
-1
-11
6
23
25
20
12
8
-6
-11
-2
4
-3
0
-6
-12
4
11
27
27
21
10
-20
-37
-39
-10
10
23
32
4
-24
-33
-20
6
28
33
16
-14
-34
-31
-30
-18
-6
8
11
1
2
8
10
8
9
-2
-6
0
-13
-11
-1
-1
3
10
8
-1
-2
2
-6
-5
1
6
-5
-25
-33
-37
-28
-11
6
1
6
12
5
1
-7
7
10
4
-1
-5
-10
-1
9
0
1
8
-1
-6
3
13
14
16
15
12
3
5
0
-10
-3
-3
-4
-10
-12
-2
-6
-7
-10
0
21
15
7
-12
-15
-1
7
1
-10
1
-4
-3
7
18
22
9
5
-1
4
20
20
8
-6
-10
-15
-12
-1
10
10
0
0
-6
-3
1
-3
-15
-23
-14
-6
-3
-2
2
7
10
21
22
12
2
-4
-3
0
-1
-1
-1
-6
3
0
0
14
20
14
6
2
-7
-6
6
10
5
11
16
8
6
9
9
-1
5
15
11
2
0
-8
-12
-4
-1
7
5
7
-3
-11
-7
1
3
-1
2
-14
-18
-17
-19
-9
-4
12
4
-2
11
12
1
-10
-14
-12
-8
-3
7
14
9
5
-1
-5
-14
-2
8
-7
-4
7
7
-9
-8
-18
-16
9
14
12
4
5
-5
-24
-23
-16
-10
-7
-4
5
9
-3
-12
-23
-27
-14
5
21
23
20
8
-2
-3
9
14
7
2
-17
-26
-17
2
11
5
4
1
-4
-1
5
2
4
-1
0
6
-7
-9
-9
-7
-6
3
9
10
9
-1
-13
-25
-9
7
13
20
16
0
-16
-19
-21
-17
-3
-1
1
7
5
-4
-13
-17
-5
7
10
10
3
1
-1
-4
-10
-6
8
11
14
4
11
7
-2
-7
-4
5
1
-1
-13
-22
-20
-9
4
-3
-11
-7
0
-10
-12
2
9
10
4
-4
-17
-10
8
11
20
21
12
2
-10
-10
-3
11
23
23
10
6
8
0
-6
-8
5
22
26
6
-10
-15
-18
-5
12
20
18
16
10
1
1
7
12
2
-4
-1
3
-6
-6
2
3
9
17
6
-15
-8
11
12
1
-2
-8
-20
-1
1
-7
-5
2
6
-8
-3
-12
-16
-11
-11
-3
0
-4
-10
-12
-8
-4
3
9
17
22
10
-18
-23
-8
2
-4
-18
-17
-19
-21
-10
7
13
16
15
-1
-7
5
7
0
2
3
-3
1
-4
-9
-3
9
16
2
-8
-15
-20
-17
-13
-10
-5
-4
-7
-1
8
8
5
8
2
1
1
3
18
21
8
3
11
8
4
10
3
-7
-2
9
4
12
15
1
-6
-2
-2
-11
-2
4
13
15
11
9
-7
-4
-1
15
8
4
6
-4
-4
-4
7
9
14
19
9
2
-1
-3
-5
-3
-4
-9
-14
-15
-3
-2
3
8
9
10
-3
-5
-12
-8
3
4
-6
-20
-19
-17
-21
-15
-4
5
11
8
6
7
-1
-2
-3
-5
13
18
7
2
-1
1
10
13
8
3
4
5
-1
4
0
1
4
-7
-1
-3
-3
2
2
-3
-11
-9
3
5
11
3
-11
-5
-1
7
6
6
0
0
8
-9
-7
-8
-11
-13
-12
2
-10
-6
7
2
7
8
-2
-11
-6
-1
4
2
-3
-6
0
5
-8
-11
-4
12
15
20
18
8
7
5
-9
-13
-5
-3
6
1
1
-16
-38
-21
-1
16
28
1
-4
13
8
-23
-36
-2
7
16
23
1
-3
-4
14
16
4
-1
-26
-16
5
17
-3
-27
-8
11
12
16
9
14
20
24
19
-12
-30
-30
-12
-1
3
-1
-8
4
24
22
8
19
11
-9
-7
12
-2
-29
-15
-3
-10
-17
-5
-4
4
31
21
2
-1
3
-3
-5
1
-8
-21
-7
0
-14
-5
2
-1
-11
-13
0
0
2
10
10
-7
-20
-13
-5
8
11
0
-10
-21
-23
-15
-6
6
22
13
0
2
15
17
6
-8
-22
-16
-5
-3
-5
-9
-10
-4
-3
5
16
12
5
-3
-8
1
11
17
4
-18
-8
2
-2
0
9
14
6
10
6
-3
-6
-22
-19
-9
5
19
4
0
6
-7
-15
-12
1
5
14
27
11
5
-5
-10
-1
2
14
10
18
26
9
-3
0
16
19
9
4
-12
-26
-24
-13
6
3
0
-7
-10
7
21
28
12
2
-12
-22
-14
-8
-6
-15
-16
-15
-7
15
21
16
6
13
9
-3
10
13
8
11
4
-20
-34
-21
-2
6
10
4
-13
-12
5
7
-1
-3
-2
-9
0
15
-6
-19
-9
-4
4
10
12
1
-7
2
-9
-16
3
19
18
-3
-14
-23
-23
2
15
14
2
-11
-18
-16
3
8
-11
-14
6
17
5
2
11
-8
-5
15
2
-3
-9
-12
-6
2
17
0
-15
-6
-4
-10
5
28
22
6
-1
-12
-19
-17
-13
-10
-2
2
-9
-14
2
12
9
8
12
18
12
2
0
6
1
-5
-11
-4
1
-1
0
-1
15
18
12
-4
-13
1
-1
-9
-5
9
18
13
1
-11
-7
8
10
2
-5
-13
-1
2
-7
-8
-7
-4
-5
4
21
18
3
-3
9
3
-10
-17
-17
-17
-13
11
14
18
17
0
0
4
7
2
4
9
-13
-33
-40
-30
-12
-8
1
4
2
13
28
24
12
10
2
-21
-17
3
0
-7
6
16
8
9
7
0
-1
11
11
-2
-7
-5
-6
-15
-12
-6
-8
-5
3
17
11
-5
-6
-4
4
12
9
-2
0
6
-6
-10
0
7
12
1
-11
-15
-20
-10
3
4
-8
-2
1
-9
2
12
18
17
-1
-8
-7
-1
8
5
1
5
17
11
-10
-2
14
20
3
-10
-6
-17
-23
-19
-16
-3
8
13
3
0
11
14
7
11
22
5
-16
-11
-13
-11
6
5
-10
-10
-4
6
7
4
9
-3
-13
-6
-3
-1
-3
-5
-5
0
8
9
17
15
-2
-6
-1
5
12
7
-5
-15
-17
-8
0
16
22
22
17
-2
-9
-12
-7
0
-9
-7
-10
-7
-3
-8
5
6
10
23
24
16
-4
-12
-16
-9
8
5
-1
-14
-19
-11
-8
3
3
-5
-6
1
-4
-16
5
22
17
12
1
-12
-14
-2
12
15
13
5
-3
-8
0
8
9
14
15
4
0
4
4
2
0
3
6
0
-10
-15
-11
-5
-5
-6
1
0
-16
-23
-18
-2
4
-1
-2
4
8
-3
-11
-10
-2
6
7
4
1
-8
-13
0
1
-8
-1
-1
-4
1
7
6
1
8
11
2
1
0
-9
-12
-6
3
1
-1
-1
-2
2
5
14
5
-2
7
6
-2
-5
2
-4
-8
-4
-7
8
18
18
19
16
11
2
3
-3
2
5
-9
-5
0
-2
-5
-11
-1
5
13
9
-1
-2
-14
-9
4
9
7
-2
-7
0
9
13
13
11
3
1
12
16
12
2
1
0
-3
-3
-14
-2
10
4
-3
-9
-3
1
-6
-10
-8
-6
-6
-1
1
-1
-2
-6
-10
-2
7
7
2
6
5
-13
-14
-3
-1
-4
-4
-4
-7
-9
-5
6
8
10
5
-6
-15
-6
-2
-5
-1
3
1
3
8
4
-2
-13
-8
-1
-4
-7
-7
-3
-2
6
1
-3
14
18
9
3
1
-3
-2
4
-6
-9
-5
-3
-8
-1
14
17
16
-4
-16
-18
-13
-7
-5
0
-3
-2
-12
-7
3
3
17
22
16
3
7
6
0
3
-8
-13
-10
-12
-8
-7
-13
-7
7
20
29
36
34
13
-5
-9
-21
-35
-26
-15
-21
-9
0
-2
7
22
37
30
4
-7
-16
-19
-16
-18
-23
-19
7
9
3
13
8
7
16
18
17
-4
-7
-20
-30
-14
-4
13
13
18
13
1
2
0
-2
-2
-2
-4
-19
-30
-30
-16
4
14
14
14
0
-11
-15
-16
2
8
11
-6
-27
-26
-21
1
18
21
21
6
3
-10
-7
9
10
6
-9
-16
-19
-19
-17
-11
8
22
23
12
-4
-8
-1
0
-11
-23
-28
-20
-6
0
0
11
23
23
24
13
5
5
6
5
-2
-4
0
-11
-15
-6
-10
-7
9
14
14
20
18
0
-4
-1
-3
3
-5
-15
-18
-24
-10
12
17
23
21
18
7
8
6
-13
-1
10
0
-19
-24
-14
-13
2
13
14
18
15
9
6
9
3
-8
-13
-11
-11
-16
-9
1
13
19
14
2
-2
-6
-2
9
10
6
-6
-10
-6
-2
2
2
5
4
2
6
-1
-7
-10
-2
4
2
2
-1
12
17
3
0
-4
-2
-5
-12
-7
-7
2
-8
-17
-8
-2
8
7
-2
-5
-14
-12
-5
5
8
3
-2
-14
-12
-8
-9
3
19
29
22
5
-6
-12
-14
-7
-1
1
2
2
3
4
12
13
11
6
9
3
-10
-21
-22
-21
-17
-3
2
4
13
15
12
9
2
-1
1
-4
-5
-12
-20
-11
2
7
9
13
5
-2
-5
0
8
10
16
15
10
6
10
5
0
3
-2
-11
-7
-3
2
8
10
8
2
-2
3
6
3
-7
-18
-19
-7
-1
-1
0
8
12
-2
-9
-11
-13
-6
2
6
2
-2
-4
-7
-1
2
12
19
11
6
-7
-9
-11
-9
-1
0
6
6
3
8
14
17
13
16
8
0
-1
-10
-11
-6
-4
-7
-4
-4
-7
-1
8
14
12
0
-18
-23
-18
-4
10
12
6
1
-3
-4
-2
5
6
10
8
-5
-5
-5
-5
-2
-2
-6
-4
2
3
10
5
-6
-15
-16
-10
-3
5
5
-1
-3
12
19
17
10
2
-10
-22
-16
-13
-3
7
2
-6
-21
-20
-10
1
13
15
10
-2
-9
-4
5
11
6
4
17
8
6
9
4
-4
-8
-3
-4
11
6
-14
-27
-19
-1
-17
-15
-3
-3
-9
-12
5
16
16
13
7
8
9
13
9
-4
7
10
-2
4
3
-1
1
7
7
4
12
5
-3
-3
-7
-17
-18
-14
-9
-5
3
6
-4
-9
-7
-6
-10
-2
0
-3
-9
-13
-13
-11
5
14
11
14
11
6
2
1
0
3
4
0
-3
-1
-1
-6
-9
-4
10
4
-3
11
7
1
-7
-7
3
8
11
13
13
3
6
10
13
23
19
16
10
4
-1
-10
-8
-6
-2
-4
-4
1
-2
7
6
5
2
-2
-3
-8
-9
-13
-5
1
3
9
5
1
3
-5
-4
0
5
2
1
-3
-7
-2
1
-2
0
3
6
6
5
9
3
3
4
1
-6
-8
-5
1
2
0
-4
-2
-3
0
7
10
7
0
-1
-5
1
5
6
4
-7
-7
-8
-9
-6
8
8
2
0
-8
-10
-16
-13
-10
-13
-4
-3
-5
6
11
10
7
11
12
-4
-6
-19
-12
2
-4
2
-12
-4
9
18
29
20
8
-4
-2
10
-5
-19
-22
-24
-9
8
9
14
1
-11
-2
-2
4
3
-10
-11
-11
-7
-15
-23
-4
-9
-1
6
-5
0
-13
-6
17
12
14
10
-7
-3
-5
-2
-7
-13
15
9
1
-2
-17
0
3
10
20
-5
-5
-11
-6
8
-9
4
-2
-8
25
15
14
18
-3
-5
-2
9
11
8
-2
-23
-24
-15
-13
-8
11
11
-5
13
6
4
12
-3
1
-13
-29
-12
-7
7
5
-5
-5
-16
21
21
7
28
3
2
14
6
15
2
1
12
-8
7
1
-19
12
1
3
13
5
11
8
8
6
8
-22
-23
4
0
-6
-35
-31
3
42
52
22
-9
-44
-21
30
23
-7
-56
-66
-9
20
21
-11
-41
9
53
70
57
3
-26
-59
-38
-6
-52
-45
-11
-9
9
10
13
20
40
49
36
27
-57
-77
-31
-17
-4
-46
-36
-3
18
36
-12
18
29
40
64
15
29
-5
-34
-21
-65
-27
-5
9
60
7
11
12
-20
25
4
4
-2
-21
9
-19
11
-14
-38
18
4
32
21
-2
-4
-38
-2
-7
-13
-8
-31
4
16
21
25
-16
-9
-9
17
34
-17
-12
-24
3
41
14
10
-16
-12
-6
-30
-10
-17
11
36
7
9
2
-8
-5
3
27
28
6
-16
-21
-6
15
11
-14
-17
3
32
41
23
6
-13
-7
-10
-18
-9
5
37
24
5
6
-21
-5
-4
-26
13
27
36
32
-12
-12
-29
-24
-4
-9
7
-14
10
15
11
52
6
-9
-22
-35
-3
-1
-4
-14
-4
4
7
10
-20
-20
-27
-19
20
17
14
-16
-13
-4
-53
-38
-41
-37
11
17
35
20
1
-8
-31
3
17
20
16
-8
17
-6
-11
-3
-25
-1
14
38
35
30
37
12
1
-12
-9
1
-14
-5
-15
9
29
27
34
5
8
-5
-28
-17
-6
9
-13
-21
-7
2
1
-14
-14
-20
12
46
41
19
-14
-27
-38
-16
7
-30
-27
-25
-10
36
28
24
-16
-34
-3
-8
11
9
-10
-2
-39
-29
-8
-19
9
-1
-13
-9
15
41
18
16
7
-15
9
6
5
-5
-23
9
-3
-4
18
5
15
4
3
-18
-19
17
-14
-26
-25
-20
9
0
6
5
0
30
15
19
4
-18
14
-21
-24
-3
-13
8
0
7
17
23
18
-6
23
37
11
-1
-15
-11
-17
-33
-8
0
15
22
0
21
18
11
18
-3
5
-3
-6
-22
-21
-2
-35
-4
6
-18
12
11
23
36
27
8
-31
-30
-23
-8
10
6
3
-20
-29
-16
3
18
1
2
2
6
13
15
9
-17
-3
-12
-20
-1
-8
3
-6
2
15
1
3
-3
1
-2
-1
-5
-7
1
1
6
-1
14
17
5
3
-9
1
1
4
3
-11
3
1
-13
-2
-3
21
14
-20
-3
1
2
18
-3
-11
-4
-7
10
17
4
5
1
-14
-14
-19
-17
1
-4
3
23
37
23
6
6
-1
38
27
-10
11
-16
-16
-1
-25
-9
-7
-2
12
3
7
15
15
-12
-16
-17
-31
-13
-9
-4
3
-6
16
-9
-33
-10
-6
2
-6
-18
-3
14
31
10
-11
6
1
10
17
34
62
29
20
-3
-33
3
-7
-8
-2
-6
38
24
11
9
-16
7
-16
-11
8
-8
33
23
-2
-5
-5
10
-28
-23
8
14
37
0
-22
-19
-18
3
-22
-16
3
25
58
6
14
23
-8
23
-15
-23
-2
-19
5
-6
-23
-16
-13
6
10
23
5
4
11
-5
12
-7
-9
-3
-45
-44
-19
-4
10
9
4
-9
-4
-3
-16
-6
-3
-8
-13
8
28
-9
-9
1
-31
-6
-1
-1
36
-10
-28
6
-11
11
6
-44
-24
9
37
25
-14
-31
-40
-4
-1
-6
9
8
25
33
23
9
1
-4
-21
-24
-32
-55
-51
-46
-42
13
52
39
46
45
25
28
17
-21
-32
-39
-49
-45
-40
-5
10
31
43
24
28
24
23
27
15
-26
-9
18
-28
-13
-32
-49
21
6
0
22
-8
3
54
9
-39
10
6
6
18
-47
-15
5
-43
-12
-8
-18
1
5
16
49
46
18
30
33
30
36
-21
-59
-42
-14
13
28
13
-27
-42
-40
-28
9
28
65
41
-7
31
-8
-33
11
-19
-1
16
-5
10
-26
-37
-30
-24
-6
4
62
36
18
35
-7
2
-5
-12
3
-3
-1
-25
-38
-16
13
14
-1
24
24
0
14
-4
-9
-5
-28
12
15
1
16
-3
-14
-6
-18
-12
4
4
15
25
9
-1
5
0
4
9
-13
12
2
-12
15
-8
7
1
-25
-2
-12
-35
-34
-37
-23
3
31
31
1
14
6
29
41
-4
-27
-64
-54
-28
-15
29
34
2
-20
-26
-21
15
43
29
25
7
-5
10
15
16
15
-25
-18
21
17
24
9
-23
-6
10
-4
8
-4
-11
0
22
49
34
1
-41
-55
-15
11
33
17
-22
-27
-29
-34
-5
11
5
18
11
1
-6
-2
2
-22
-37
-12
12
11
10
-16
-2
-5
-3
25
1
6
-10
2
22
12
11
-23
-16
-12
-5
8
-8
7
-1
-13
-4
4
27
9
-14
-18
-46
-26
21
-3
-9
-22
-27
-9
-17
7
21
16
16
8
16
23
5
-25
-35
-4
6
4
-1
-21
5
7
19
51
0
3
14
-5
6
-17
-17
-22
-20
7
-27
-9
3
-17
24
13
17
38
32
31
-17
-9
17
-6
10
-1
-9
-9
-13
-3
-39
-32
-17
-32
5
16
27
37
16
32
13
12
36
13
-4
-7
-12
-32
-35
-22
-22
-12
17
-2
9
45
11
26
5
-13
2
-18
24
16
8
9
-11
10
-18
-31
-9
7
29
1
-7
-20
-45
4
10
30
41
11
39
16
18
1
-37
-6
-19
1
8
-5
17
-6
-11
-33
-35
2
-4
10
-6
-18
-1
-18
2
-12
-19
24
20
22
-3
-13
-3
-13
15
5
6
20
-11
-5
-19
-17
8
-6
6
-19
-29
13
3
21
10
0
13
-11
-5
-31
-29
-7
-12
16
9
8
26
14
23
16
-11
-2
-23
-11
-3
-37
-5
-24
-10
17
-5
20
-1
15
20
-10
11
-16
-17
-13
-15
17
-3
17
26
-11
9
-17
-23
21
5
27
15
-4
17
-18
-1
-1
-8
26
0
15
10
4
32
-17
1
-2
-25
12
-23
-10
1
-13
22
-20
1
16
-8
25
-6
11
24
-18
1
-26
-9
13
-14
29
4
0
13
-21
11
-8
1
11
-27
27
13
-4
12
-11
9
-2
-7
14
-7
-1
-5
-12
-5
-15
2
7
-1
12
2
-6
-2
-10
-8
-3
-5
-6
-19
-11
-16
-24
11
6
12
9
-4
10
-12
10
13
3
8
-14
6
2
7
17
-5
2
-11
-15
-14
-4
10
1
5
-5
-8
18
14
11
9
3
9
0
-1
-2
-9
-3
-6
0
4
-7
5
12
11
9
0
-2
-5
-3
3
1
9
20
8
0
-12
2
18
10
18
-1
-9
-6
-13
-10
-3
1
3
10
3
8
15
-4
-11
-14
-17
-11
-5
-13
-20
-26
-14
2
8
22
16
7
-4
-1
1
-14
-2
2
2
-1
-23
-22
-18
2
10
-2
12
8
-6
3
-7
-7
2
2
9
0
7
0
-6
4
-15
-11
-4
-9
-1
-5
4
8
-1
3
-6
-16
-14
-2
12
2
-4
-9
-8
-3
-1
10
10
8
7
-1
-6
-7
-6
2
-1
-3
5
8
12
5
3
10
12
7
-9
-6
2
4
5
-2
1
-3
-2
1
-5
-1
2
3
2
3
6
-7
-5
-1
3
3
1
7
2
3
0
-12
-6
-2
6
13
10
12
13
15
12
2
-2
-8
-3
3
-6
-5
2
0
-5
-9
-3
9
3
-7
-6
-4
3
-4
-2
3
0
3
-2
3
9
9
-5
-21
-12
-3
8
18
10
4
5
2
-5
-12
-1
11
-3
-4
-8
-8
0
6
7
6
-3
-5
-7
3
7
3
2
-4
3
10
1
-6
-13
-12
-4
-4
1
7
1
-3
-3
3
9
8
9
4
1
3
4
-3
-1
7
6
-3
-12
-12
-7
0
-11
-13
-3
2
13
7
3
7
6
1
-5
3
13
11
0
-11
-8
-1
-2
-9
-12
-4
-7
-15
-13
-5
10
13
4
-1
-1
2
5
5
8
4
-4
-8
-10
-2
11
13
6
-6
-3
6
6
9
15
12
-1
-9
-13
-8
3
3
-9
-12
3
3
-1
-3
2
13
10
7
0
-6
-3
-13
-8
0
-2
-5
-9
-1
5
11
17
3
-4
2
0
-4
-3
6
5
-4
-6
-17
-18
-9
-14
-13
-13
-5
10
5
-1
-1
2
5
-4
-6
-3
-10
-9
-9
-5
-6
-13
-2
2
11
17
11
13
10
4
-4
-1
13
14
10
-3
-14
-12
-3
0
-16
-23
-11
-4
-6
-13
-15
-10
-9
-8
-7
-1
-1
-7
-9
-15
-8
5
7
7
10
6
2
2
8
8
9
13
2
7
7
3
4
-5
0
7
1
-1
-2
5
11
9
-1
-10
3
8
0
1
2
7
6
-4
-13
-16
-5
-3
-2
6
3
4
9
13
14
9
7
6
5
7
2
2
4
5
-2
-1
9
10
14
10
2
5
3
-3
-7
-12
-5
4
0
6
9
10
13
0
-4
1
7
2
-4
-4
-3
-1
-5
-15
-9
-1
10
5
-4
5
11
22
18
10
11
6
1
-7
-8
-3
1
0
-10
-12
-6
-6
-1
4
4
9
10
2
-6
-10
-10
-5
-2
0
-3
-2
4
1
-2
8
14
14
6
5
6
11
21
17
17
10
8
9
4
3
4
7
3
9
9
-8
-7
2
5
8
0
-6
-3
-2
-2
-6
-2
2
5
6
-3
0
2
0
2
-2
-4
-1
1
2
-1
3
3
-7
-3
3
7
1
-8
-12
-9
-8
-3
3
-2
-7
-6
-7
-8
-11
-16
-12
-12
-15
-12
-2
-2
-5
-7
-10
-3
-2
-3
-3
2
4
-2
-4
-4
-1
-1
-7
-8
-1
7
4
0
10
12
2
-9
-9
-1
2
2
0
-2
0
-5
-6
2
7
11
6
1
0
-3
-4
-3
-1
2
0
-2
-3
-2
-1
-3
-1
1
5
3
-2
2
6
8
-1
-11
-11
3
7
-2
-4
-4
-9
-5
-2
-3
4
14
12
7
-1
-7
-10
-5
3
3
-1
-2
0
2
5
3
-3
-5
-5
-5
-5
-5
-4
-7
-9
-7
-7
-4
4
7
7
9
9
3
-5
-10
-8
0
7
6
-2
-4
-4
-1
-1
1
1
4
11
7
7
-1
-3
2
0
1
-3
-7
-5
-4
-3
-3
-5
-3
-2
1
0
-1
1
1
3
8
-1
-8
-14
-15
-6
-1
3
0
-2
-3
-5
-4
4
4
0
1
-9
-10
-4
-2
-4
-4
-1
5
5
2
-4
-4
6
13
8
-2
-3
-1
0
-1
0
-6
-11
-7
-2
2
4
7
5
0
-2
-6
-6
-4
-2
2
0
