-34
-3
37
-17
-26
30
6
-34
11
22
-27
-5
24
-14
-13
19
-3
-16
12
4
-14
7
6
-11
3
5
-9
0
9
-9
-4
9
-4
-6
7
-1
-6
5
2
-5
3
2
-3
1
3
-3
0
5
-1
-1
2
0
-3
2
2
-2
1
1
-1
0
1
0
1
1
0
2
1
0
3
0
0
0
2
0
-1
4
-1
2
-2
4
-1
-1
6
-1
4
-2
5
-1
-1
2
-1
3
-2
5
-1
1
1
0
1
-3
2
-2
0
-1
-1
1
-2
0
1
-2
-1
0
-1
-3
1
0
-4
3
-1
-3
0
2
-2
-1
5
0
-1
5
2
0
1
3
-2
2
2
-1
1
1
-1
0
2
-3
-3
2
-3
-2
-1
0
-2
-2
1
0
3
-2
3
2
-1
-2
2
5
-5
3
0
3
-6
1
5
-8
2
-1
2
-4
4
2
-2
2
1
5
-4
2
4
-3
1
1
3
0
0
5
-1
0
0
3
1
-5
2
1
-1
-2
1
-1
-7
0
-3
-2
-3
-4
-4
-3
-4
-6
3
-1
-5
-3
3
-2
-8
5
2
-3
0
6
1
-4
5
4
-1
0
4
2
-1
5
5
0
2
2
5
-1
-3
4
3
-5
-1
3
-8
-3
5
-2
-4
4
0
-4
4
-1
-3
3
-3
-6
3
0
-8
4
3
-8
1
5
-5
-3
8
-1
-4
5
-2
-6
-1
2
-8
-1
0
-6
2
-2
-3
-1
0
-1
-1
2
-3
1
1
-1
0
-1
1
-1
0
2
0
0
-1
6
0
0
5
1
0
5
6
-2
-1
6
-6
-7
4
-1
-10
2
4
-10
-2
5
-5
-5
4
-1
-7
4
5
-2
3
9
2
3
7
3
0
4
0
-1
6
1
3
7
1
-3
2
5
-3
0
5
-1
1
4
4
0
-2
5
0
-3
1
2
0
-2
3
-2
-2
-1
1
-5
-9
4
-1
-9
-2
6
-5
-7
7
-1
-11
2
7
-5
-4
9
2
-4
1
1
-4
-1
7
-2
-1
1
1
-1
-1
0
-1
0
-3
-5
-2
-4
-4
-2
0
-1
0
2
-5
-5
-3
-1
-3
-2
2
-1
5
3
0
3
0
0
2
5
-1
0
6
-3
-3
2
1
-4
2
4
-4
3
5
1
1
7
3
-2
3
5
-1
2
5
0
-2
-2
1
-2
-2
-3
3
-2
-4
3
2
-4
-3
2
-2
-4
1
3
-4
-1
3
-3
-3
2
0
-3
-3
1
1
1
2
1
1
-2
-1
-4
-1
-1
-1
-1
-2
-1
-3
1
0
-1
2
1
-2
-4
-1
-3
-2
0
-3
-3
0
1
-2
1
3
4
3
4
2
-1
0
1
1
0
2
6
1
1
3
5
5
5
7
4
3
4
3
1
-1
6
0
-3
1
0
-5
-5
1
-5
-8
-1
-3
-7
-4
-1
-5
-4
-4
2
-4
-1
1
-2
-2
2
4
-1
4
4
1
0
5
5
2
4
6
2
2
6
1
2
5
2
3
5
4
2
4
2
3
3
-1
-4
0
3
0
3
3
-3
1
1
1
0
1
-1
-2
1
-1
-4
-1
-3
-3
0
-1
0
2
0
1
2
-4
-2
0
-6
-5
0
-1
-5
-2
-1
-4
-1
1
-4
-1
1
-3
-4
0
-1
-4
2
3
-6
-3
3
-4
-6
3
0
-6
2
0
-3
1
0
-1
-2
1
0
-3
1
1
2
4
3
4
2
4
6
5
6
6
5
4
8
8
4
7
6
3
5
4
3
1
4
5
2
3
2
0
0
2
-1
0
3
1
0
-1
0
-1
0
1
-1
1
0
-2
1
0
-3
-2
-2
-2
-1
0
-2
-2
0
-3
-3
1
-4
-3
-7
-5
-4
-7
-3
-7
-2
-3
-2
0
2
5
-2
3
0
-4
3
1
-2
2
6
4
3
6
1
2
6
9
0
1
8
1
-2
0
2
-3
-1
4
-2
-1
-1
1
1
-3
-2
-4
-2
-7
-3
-3
-7
-5
-5
-6
-9
-5
-4
-8
-10
-6
-5
-15
-6
-3
-5
2
-1
2
1
1
4
2
0
-3
5
4
-3
3
2
3
4
2
3
2
5
1
1
5
3
4
3
5
2
2
10
1
-2
5
3
2
-1
3
0
1
0
-2
5
-1
4
2
2
1
-9
4
0
-5
-5
4
7
-4
3
8
3
1
1
5
-8
-5
2
-6
-3
-6
2
0
-5
-1
-3
2
-2
-3
6
-1
-2
-3
2
-1
-5
8
1
-3
-2
3
0
-8
2
-7
-4
-5
-8
-2
-5
-4
-7
-7
-7
-11
-10
-10
-4
-7
-10
0
-5
-4
-6
-1
4
-2
-2
2
0
-4
6
5
3
5
3
10
8
8
8
10
5
7
9
2
2
4
7
-4
2
15
3
-30
18
34
-53
-18
49
14
-52
7
47
-10
-38
23
34
-62
-1
52
-30
-38
26
14
-31
-2
11
-7
-1
0
-1
-7
1
6
-10
0
7
-4
-10
4
13
-10
-6
9
11
-9
-14
9
-1
-9
-9
5
3
-10
-2
-1
1
-6
-3
-1
-10
-4
-2
-3
-3
-2
-8
-8
0
-12
-10
-5
-1
-1
1
1
-3
2
0
0
2
-3
-1
-3
1
-5
-4
0
-2
-4
-3
3
3
1
0
5
10
0
-5
7
6
-5
1
11
4
-1
8
16
8
5
16
11
2
9
16
5
10
11
9
18
18
16
12
13
11
10
6
4
1
-5
-2
0
-5
-7
-3
-3
-4
-4
-6
0
2
1
3
3
3
2
0
4
4
1
2
2
-2
1
4
-2
1
0
0
5
4
3
0
-1
0
-1
-10
-10
-4
-8
-10
-8
-12
-4
-2
-4
0
-6
-6
-2
-6
-9
-9
-5
-6
-3
-9
-4
1
-3
2
1
-3
-4
2
3
3
0
-1
10
2
-1
10
4
3
9
8
0
4
5
8
7
2
7
3
-1
9
5
-5
3
4
-2
-1
3
1
-2
-2
6
1
-8
1
4
-5
-7
3
5
4
4
4
8
-1
1
9
-2
-3
2
-1
-3
1
-1
-6
0
-5
-6
-10
-19
-2
-2
-12
-9
-1
-5
-3
5
-1
-5
2
10
5
-3
2
12
5
3
5
-1
-5
-1
2
-7
-9
-4
2
-4
-11
-5
-3
-6
0
-7
-14
-10
-10
-9
-16
-19
-9
-4
-6
1
-2
-10
2
11
2
-6
-2
5
8
1
-1
5
1
3
16
1
-10
4
10
5
-5
1
8
7
5
8
4
0
15
13
-1
-2
4
7
3
-4
-3
-1
3
10
5
-12
3
13
3
-8
-8
-1
3
2
-4
-3
-13
6
32
-4
-28
1
13
9
1
-20
-16
2
18
19
-24
-32
17
11
-12
-9
-23
-26
12
-2
-33
-17
-13
-3
5
-16
-21
2
2
3
1
-15
-3
12
5
6
5
4
16
8
0
1
6
2
2
-1
-7
6
7
0
-4
-2
4
4
1
0
2
3
10
6
1
3
5
12
3
2
3
5
9
5
2
-2
4
2
5
-3
-5
2
2
-2
1
1
-4
3
6
1
-1
2
1
2
5
6
2
1
4
0
2
2
0
0
2
-2
-4
0
-3
-3
-5
-5
-5
-4
-1
-2
-4
-5
-2
-3
-5
-5
-4
-3
-1
0
-1
4
6
3
5
4
3
6
6
4
-1
3
1
0
-2
-4
0
-2
3
2
0
-2
3
5
2
2
1
8
6
3
-3
0
3
1
-2
-1
-4
-2
0
-3
-3
-7
-1
3
2
-5
-1
3
2
3
-2
-2
0
4
2
1
0
-1
2
3
0
2
-2
-1
1
-5
-3
-1
3
1
0
-1
-3
1
2
0
-1
-2
1
0
-1
-2
-1
3
0
2
1
1
5
5
3
-1
1
0
2
4
1
-1
2
2
-3
-2
-4
-5
2
2
0
1
-3
-1
2
-2
-2
0
0
-1
2
2
2
5
2
2
3
1
2
2
0
1
1
1
1
-1
-4
1
2
0
0
-1
-1
0
-2
0
-2
-3
0
1
-2
-2
0
-2
-2
-5
-4
-2
-3
-4
-6
-6
-6
-5
-2
-5
-4
-3
-1
0
-1
-1
-1
2
-1
-1
-1
-2
-2
0
-1
-2
-4
-3
-4
-5
-2
-1
1
3
1
1
-1
0
2
3
2
1
2
1
1
0
0
1
2
4
2
5
5
3
4
4
3
1
1
1
1
2
0
2
-1
0
-1
-1
1
-1
-1
0
1
1
1
1
2
4
5
6
4
2
2
0
3
2
-1
0
0
-4
-4
-2
-3
-1
-2
-2
-3
-3
-2
-1
-1
-5
-2
-2
-3
-1
-2
-1
-3
-1
-1
-2
-2
-3
-2
-4
-3
-1
-1
0
0
2
3
3
1
-1
0
0
2
0
0
0
-1
2
0
-2
-4
-2
-1
0
-1
-2
0
1
-1
-1
-3
-2
-1
-3
-1
-2
-3
-1
0
3
1
0
1
1
-1
0
-2
-2
-2
-2
-2
-2
0
-1
0
0
1
-1
-2
-1
0
0
-2
-1
-2
-2
-1
0
1
0
-1
1
4
4
3
3
4
3
4
3
2
2
3
4
3
2
2
1
3
2
1
0
-1
0
-1
-1
1
0
-2
0
2
-1
-1
0
0
0
-1
-3
-2
-3
-3
0
-1
-1
0
1
-1
2
2
1
2
0
2
2
1
2
1
1
2
2
2
1
0
1
2
0
-1
1
0
2
0
0
1
1
1
0
1
2
2
0
1
1
0
-1
2
2
1
4
3
2
4
4
4
4
3
3
3
4
3
0
1
-1
-1
-3
-2
-2
-2
-2
-4
-4
-2
-1
-1
-1
-1
-1
1
-1
1
1
1
2
3
2
-2
-2
-3
-4
-4
-2
-1
-2
-2
0
2
1
1
0
-1
-2
0
0
0
1
2
2
0
-1
-1
-2
-1
-2
0
1
-1
-2
-4
-4
-4
-4
-2
-2
-2
-1
-2
-1
-1
-3
-2
0
0
-2
-1
0
-1
-1
1
0
-1
1
1
0
2
2
1
2
0
-1
0
-2
-3
-2
-1
-1
-1
0
0
-1
0
1
1
0
0
-1
-1
-2
-2
-4
-5
-3
-2
0
0
1
1
0
-1
-2
-1
-2
-1
-2
-2
-1
-2
-2
-2
-2
-2
-3
-1
-2
0
2
2
1
0
-1
0
1
-1
-1
-1
0
0
0
-1
-1
1
0
0
-1
-1
-2
-2
-3
-4
-4
-4
-3
-2
-2
-1
-1
0
0
1
2
2
2
1
3
4
4
3
4
3
3
4
4
4
5
4
2
2
3
3
2
3
3
3
2
1
1
1
1
1
1
0
0
0
0
0
0
-1
-4
-4
-2
-2
-4
-4
-3
-3
-2
0
-1
-2
0
1
1
0
-1
0
-1
0
1
1
1
1
2
1
2
2
3
4
2
1
2
1
2
1
2
2
3
3
3
2
2
3
2
2
3
3
3
3
5
4
3
3
4
3
3
2
3
1
2
3
3
2
1
1
0
1
1
0
0
-1
-1
0
1
0
-1
1
-1
-1
-1
0
0
-1
-1
-1
-2
-3
-3
-3
-2
-2
-3
-3
-1
-2
-4
-3
-3
-2
-2
-2
-1
-2
0
-1
-1
-2
-1
0
0
0
2
2
2
2
1
1
1
1
-1
-2
-2
-2
-1
-3
-4
-4
-2
-1
-2
-2
-1
-2
-2
-1
-2
-2
-2
-1
-3
-3
-3
-2
-1
-1
-1
-1
-1
-1
-2
1
2
0
1
2
1
1
0
0
1
1
0
0
-1
-1
-1
-3
0
0
-1
0
-1
-1
-2
-1
-1
1
0
0
2
0
1
1
2
2
2
2
1
0
-1
0
2
1
2
1
1
1
2
2
1
1
-1
-1
0
-1
-2
-2
0
-1
-1
-1
-1
-1
0
0
1
-1
-1
-1
-1
0
0
1
1
1
0
2
1
0
0
0
1
1
2
2
1
1
1
0
0
0
0
0
-1
-1
-1
0
-1
-2
-2
-1
-1
0
-1
1
2
3
3
4
4
4
3
3
4
4
4
3
2
1
2
1
0
1
1
2
2
2
0
1
1
0
-1
-1
-2
-1
-1
-2
0
0
0
0
0
1
0
-1
1
1
1
-1
-1
0
-1
-1
-2
-1
-1
-2
-2
-2
-3
-2
-2
-2
-2
-2
-2
-2
-2
-3
-3
-2
-3
-2
-1
-2
-1
-1
-1
-2
-1
-1
-1
-1
-1
0
0
0
2
1
1
1
4
3
2
3
4
4
4
4
3
3
2
4
4
4
3
3
1
3
3
3
3
1
1
-2
-2
-1
-1
0
1
1
0
0
1
1
1
0
1
-2
-1
-2
-2
-1
0
-1
-1
-1
0
1
1
0
1
-1
-1
-1
0
0
-1
-1
-2
-3
-3
-2
-2
-1
-1
-2
-1
-1
0
-1
-1
-1
0
0
1
0
-1
-2
-1
-1
-1
1
1
0
-1
-2
-2
-3
-1
-2
-1
-2
-2
-1
-1
-1
0
0
0
0
-1
-1
0
0
-1
-1
-1
-1
0
1
-1
0
0
1
2
1
1
1
1
2
2
2
1
1
0
1
0
1
0
1
2
3
3
2
3
1
2
2
1
0
-2
-1
-1
0
-1
0
0
-1
0
0
0
0
-2
-3
-2
-2
-1
0
0
0
0
-2
-2
-1
0
-1
-2
-1
0
0
1
0
1
1
2
2
2
2
2
1
1
1
0
0
-1
0
1
0
0
0
0
1
2
1
-1
0
-1
0
1
-1
1
2
1
1
0
1
2
3
2
2
1
1
2
2
2
1
2
1
1
1
1
2
0
-1
0
-1
-2
-2
-3
-2
-3
-1
-1
-3
-3
-4
-2
-3
-3
-3
-3
0
-1
-1
-1
-1
-1
1
0
-1
-2
-3
-2
-2
-2
-2
-3
-3
-1
0
-1
-2
-2
0
0
0
-1
0
0
0
-1
0
0
0
2
1
1
1
1
2
2
2
2
1
0
0
1
1
0
-1
0
1
1
2
2
1
1
1
1
0
-1
-1
-2
-1
0
0
1
-1
-2
1
1
1
1
0
-1
0
-1
-1
-1
0
0
0
1
0
0
-1
0
-1
0
0
1
0
0
0
-1
-1
-2
0
-1
-2
-1
-1
-2
-1
-1
-2
-1
-2
-1
-2
-1
-1
0
-1
-2
0
0
0
-1
0
-2
0
0
0
-1
1
0
-1
2
0
-1
1
1
0
1
0
-1
0
-1
-1
0
0
0
0
-1
0
-1
0
1
2
2
2
2
1
1
1
2
1
2
2
2
1
0
0
1
1
0
0
0
1
1
-1
0
1
0
-2
-2
-2
0
-1
-1
-2
-1
-2
-1
-2
-2
0
0
0
2
2
1
1
0
2
2
2
2
1
2
2
3
2
3
1
1
0
0
1
1
2
2
2
3
2
2
3
4
3
4
2
3
2
0
1
0
1
0
1
1
0
0
-1
0
1
1
1
1
-1
-1
0
-2
-1
-1
0
0
-1
0
0
0
1
0
-1
-2
-2
-2
-1
0
-1
-1
-1
-2
-2
-2
-3
-2
-2
-1
-2
-1
-3
-3
-3
-3
-4
-2
-2
-3
-3
-4
-3
-2
0
-1
-1
0
1
2
1
0
1
0
1
1
2
2
2
3
3
2
3
2
2
2
1
1
1
2
2
2
2
1
-1
0
0
-1
-1
0
-1
-1
0
1
0
0
0
1
0
0
0
0
-1
0
0
0
1
0
1
-2
-1
-1
-2
-2
-1
-1
0
0
0
0
0
-1
-1
-1
0
-1
-1
0
0
0
0
1
1
1
1
2
2
1
1
1
1
2
1
1
1
0
-1
-1
-1
-1
-2
-3
-2
-2
-2
-3
-3
-2
0
-1
0
0
0
0
1
1
1
1
1
1
2
1
0
0
1
0
-1
-1
-2
-3
-1
-1
-1
0
1
0
1
2
2
3
2
1
-1
0
1
0
0
1
0
1
2
2
1
1
1
0
0
0
-1
-1
-2
-1
-1
-1
-2
-2
-4
-3
-2
-2
-2
-1
-1
0
-1
-1
0
1
1
0
-1
0
1
0
1
-1
0
2
2
3
2
3
3
1
1
0
0
0
-1
0
1
0
0
-1
-1
0
0
-1
0
-1
-1
0
-1
0
0
-1
0
1
0
0
-1
-1
0
0
0
0
0
1
0
1
0
0
1
0
-1
0
-1
-1
-2
0
1
1
0
0
-1
-1
0
-1
-1
-1
-1
0
0
0
0
1
0
-2
-1
-2
-3
-1
-2
-1
0
-1
0
0
0
0
2
2
3
3
2
2
2
2
2
3
2
2
1
0
1
0
0
0
1
0
-1
0
0
1
2
1
1
0
1
1
0
0
0
1
1
2
1
-1
-1
0
-1
-2
-1
-2
-3
-3
-3
-2
-3
-3
-4
-2
-3
-2
-1
-1
0
-1
-2
-2
-2
-2
-2
-2
-1
-1
-1
-1
0
0
1
2
1
1
1
1
1
0
1
2
1
1
1
1
0
1
1
1
0
0
0
1
1
0
1
0
3
2
2
3
3
1
1
0
1
1
1
-1
-1
0
-2
-2
0
0
-1
-1
0
0
0
1
1
1
1
1
-1
-1
-1
0
-1
-2
-1
-2
-2
-1
0
0
1
0
0
1
1
0
0
0
0
1
0
-1
-1
-1
-2
-2
-2
-1
-1
-3
-2
-1
-1
-1
0
1
0
-1
-1
0
0
0
0
1
1
0
0
1
1
1
0
1
1
1
1
-1
-2
-1
-2
-1
0
0
-1
-1
-1
-2
-1
-1
-1
-3
-4
-5
-4
-3
-3
-3
-3
-2
-1
0
1
-1
0
1
0
1
1
1
-1
1
0
2
2
1
2
2
2
2
3
3
3
2
1
1
1
2
2
2
2
3
2
1
1
1
1
2
1
1
0
1
1
0
1
1
1
1
0
-1
-2
-2
0
-1
0
-1
-2
-1
-1
-2
-2
-2
-2
-1
0
0
1
-1
-1
-2
0
-2
-1
-1
-3
-2
-1
-1
-1
-2
-1
-1
0
1
0
0
-1
0
1
0
-1
-1
-1
0
0
0
2
3
3
3
4
4
3
2
3
3
2
3
3
4
5
4
2
1
0
0
1
0
-1
-1
0
-1
0
1
1
0
1
0
2
3
2
3
3
3
1
1
0
-1
0
0
0
-1
0
-1
-1
-2
-1
-2
-1
-1
0
-1
-1
-2
-2
-3
-2
-2
-1
-1
0
-1
-1
0
0
0
1
0
0
2
1
1
1
0
1
1
1
2
0
0
2
3
4
2
3
2
2
3
3
4
2
2
1
2
1
0
2
1
1
0
0
-2
-2
-1
-1
-2
-1
-1
-1
-1
-2
-1
-2
-1
0
0
-1
-2
-3
-3
-3
-1
0
-1
-3
-3
-3
-2
-1
-1
0
-1
-1
0
1
0
-1
0
0
1
-1
-1
-2
0
-1
-1
0
-2
-1
0
1
1
3
3
2
2
1
1
1
3
3
1
2
1
0
1
0
-1
1
2
1
1
1
0
1
3
2
2
1
0
-1
-2
-2
-1
-1
-1
-1
0
0
0
0
-1
-1
-1
-1
-1
-1
0
0
-1
-1
-1
-1
0
0
0
1
2
1
1
1
0
0
1
1
0
0
-1
-1
-2
-1
-1
-4
-3
-2
-4
-4
-3
-2
-3
-2
0
1
-1
-3
-2
-2
-1
-2
-1
1
3
2
2
1
-1
-1
-1
-2
-1
-1
-1
-1
-2
-1
-2
-2
-1
-1
-3
-3
-2
-3
-1
1
1
2
2
2
2
0
0
1
0
2
3
2
0
1
0
0
0
0
0
0
1
-1
-2
-2
-2
0
-1
0
0
0
-1
-1
0
0
1
1
2
1
0
1
2
2
4
3
3
3
3
2
3
2
1
1
1
2
2
1
1
1
2
1
0
-1
-1
0
1
3
4
5
5
4
3
1
1
2
2
3
4
3
4
5
4
3
3
2
2
1
2
3
2
0
-1
-2
-2
-2
-2
-3
-3
-1
-2
0
1
0
0
1
1
0
0
-1
1
1
0
0
-1
-2
-2
-4
-3
-2
-2
-2
-2
-2
-2
-1
-3
-3
-3
-3
-4
-3
-1
-1
0
-1
-1
0
-1
1
-1
-1
-1
-1
-2
-2
-1
1
1
2
1
3
2
1
0
0
0
1
1
0
1
-1
-1
-1
0
0
-1
1
0
-1
0
-2
-2
-2
-2
-3
-3
-1
-1
-1
-2
-2
-1
-1
-2
-1
-1
-1
0
-1
-1
0
-1
-2
-3
-1
0
0
0
-1
-1
-1
0
-1
-2
-1
0
0
0
1
-1
0
0
1
2
3
2
2
1
1
1
1
-1
-1
1
0
-1
0
0
-2
0
1
2
2
2
1
0
-1
-2
-1
-1
0
1
0
1
2
1
0
1
0
0
0
0
-1
-1
-2
-3
-2
-1
-1
-2
0
-1
-1
-1
-1
-1
1
-1
0
1
1
0
1
-1
0
-1
-1
0
-1
0
-1
0
1
1
1
1
2
1
2
3
3
2
3
2
2
1
2
1
-2
-1
0
0
0
-1
-2
-3
-2
-1
-1
-1
0
-1
0
1
1
3
2
1
0
2
1
1
0
-1
0
0
1
0
1
0
1
0
-1
-2
-2
0
-2
-2
-1
-1
-1
-3
-3
-2
-1
-1
0
-1
-1
1
2
2
2
1
1
1
1
0
0
1
1
-1
-1
-1
-1
-2
0
1
0
0
1
1
1
0
-1
0
-1
-1
-1
-1
0
1
-1
-1
-2
-2
-2
-3
-2
-2
-1
-1
-1
1
0
0
0
1
0
1
0
0
1
1
0
1
0
-2
-2
-2
-2
-2
-2
-3
-1
-2
0
0
1
1
1
1
0
1
1
2
2
2
2
2
2
2
3
2
3
3
4
4
4
4
4
2
2
2
2
1
0
-1
-1
-2
-2
-1
0
0
1
1
0
1
-1
0
1
0
1
2
1
2
2
3
3
2
1
1
2
2
3
1
2
1
1
0
1
2
3
2
2
1
2
1
1
1
1
1
0
-1
-2
-2
-3
-2
-1
-1
0
-2
-1
-2
-1
-2
-2
-1
-1
1
1
0
0
-1
0
1
2
1
1
2
2
1
1
1
0
-1
-1
-1
0
1
1
1
0
0
-2
-1
0
0
0
0
-1
0
1
0
0
-2
-2
-3
-2
-1
-3
-3
-3
-4
-3
-4
-4
-4
-3
-3
-3
-2
-2
-1
-1
0
0
2
0
0
0
-1
-1
0
2
0
2
2
2
4
1
2
2
1
1
0
1
1
1
2
0
2
1
1
1
1
2
2
1
0
0
-1
0
1
0
0
-1
0
0
0
0
1
1
2
1
0
2
2
1
3
2
2
0
-2
-1
-1
0
1
0
0
-2
-1
0
-1
-1
-1
-1
0
-1
-2
-2
-1
1
1
0
-2
0
-2
-1
0
0
0
0
1
0
1
0
1
0
0
1
0
1
1
2
2
2
1
1
-1
0
-1
-1
0
-1
0
1
-1
-2
-2
-2
-3
-3
-3
-2
-2
-2
-3
-4
-3
-2
-2
-2
-2
-3
-1
-1
-2
-2
-1
0
-1
0
1
0
0
0
-1
-1
1
0
0
1
1
0
-1
-1
-1
-2
-1
-1
-1
-1
-1
-1
-1
-1
0
1
2
1
1
3
3
3
2
2
2
2
1
3
2
2
1
1
0
0
0
0
0
-1
1
0
1
1
0
-1
-1
-1
0
-1
-1
-1
-1
1
1
0
1
1
0
0
1
1
1
0
0
1
2
1
1
-1
0
-1
1
1
0
-1
-2
-3
-2
-3
-2
-1
-1
-1
0
0
-1
0
0
1
0
0
1
1
0
0
1
1
1
2
0
2
2
0
1
1
0
-2
0
0
-1
-1
0
0
0
0
-1
-1
0
-1
0
0
0
0
0
2
3
1
1
3
1
-2
-2
-1
-1
-1
0
0
-1
0
1
1
1
1
1
1
2
1
1
0
0
1
-1
-2
-1
0
-1
-1
0
-1
0
-1
-1
0
-1
0
0
-2
-3
-4
-5
-3
-2
0
-1
0
2
0
0
1
1
0
2
2
1
1
1
1
1
4
2
2
4
3
2
2
2
1
1
1
0
1
0
0
0
0
1
1
2
1
0
0
-1
-1
-2
-1
-1
0
1
0
0
1
1
-2
-1
-1
-1
-1
0
-1
-1
-2
-1
-1
-1
-2
-2
-1
-2
-3
-2
-3
-3
-3
-5
-3
-3
-2
-2
-2
-1
-1
-1
-1
-2
-1
0
-1
1
-1
0
1
0
0
1
1
1
0
0
1
1
0
-1
0
0
-1
1
0
1
2
1
-1
0
1
1
1
0
-1
0
0
1
1
1
1
4
4
4
3
4
4
4
4
3
4
3
2
2
2
1
-1
-1
-1
0
1
1
1
0
-1
0
0
1
0
-1
-2
-1
-1
-2
0
-1
-1
-1
0
0
-1
-1
-1
-1
-1
0
0
-1
-3
-2
-2
-1
0
1
0
1
1
1
2
0
0
0
0
0
0
-1
-1
0
0
0
0
-2
-1
0
-2
-1
1
0
0
-2
-1
-1
0
-1
-3
-2
-1
-2
-1
-1
-2
0
0
0
0
0
0
0
-1
0
0
0
0
0
0
0
1
1
2
2
2
1
3
2
2
1
2
1
1
0
0
0
1
2
1
1
1
2
1
-1
0
2
4
3
4
3
2
4
2
2
1
0
0
-1
-1
-1
0
1
-1
-1
-1
-1
-1
0
0
-1
-1
0
1
1
-2
-1
-1
-1
-1
0
0
0
-1
0
1
2
0
0
1
-1
-1
-2
-3
-4
-3
-2
-2
-1
-3
-2
0
0
-1
-1
-2
-1
-1
-1
0
0
-1
-2
-1
0
0
1
2
2
3
3
3
3
3
3
2
1
2
0
0
0
0
0
-1
-1
0
1
2
1
1
-1
-1
0
-1
-1
0
2
1
0
-1
-1
-2
-2
-2
-2
-1
0
0
0
-1
-1
-2
-1
-1
-2
0
0
0
-1
0
1
-1
0
0
0
0
0
1
1
0
1
0
-1
0
1
2
2
3
2
0
1
1
1
1
1
0
1
0
1
1
-1
-2
0
-1
0
-1
0
1
-1
-2
-1
-1
-2
1
-1
0
-1
-1
0
0
-1
-1
0
-2
-1
0
-2
-2
-2
-1
0
0
0
0
1
0
0
1
2
2
2
3
3
3
3
3
2
0
0
0
0
1
0
0
0
-1
-2
-1
-2
-1
0
1
2
1
1
0
0
0
-2
-1
-2
-3
-4
-2
-3
-3
-2
-1
-1
0
0
-1
-1
-1
-2
-1
-1
0
-1
1
1
1
1
0
0
2
2
1
1
1
0
0
0
0
0
0
0
0
0
0
-1
0
-2
-1
-2
-4
-1
-2
-2
-2
-1
-1
-3
-2
-1
-1
-1
-1
-1
-1
0
0
1
1
1
1
2
1
0
-1
0
1
1
1
1
2
1
1
1
1
1
0
0
2
3
1
1
1
1
0
1
1
0
1
0
0
1
-2
-1
-1
-1
-2
0
0
-1
-1
-1
-1
-1
0
-2
-2
-1
-1
-1
-1
-2
-2
-2
0
0
2
1
0
1
2
3
2
3
2
1
3
4
5
4
4
4
1
0
1
0
-2
-2
0
-2
-2
0
0
0
0
0
2
0
0
0
2
2
0
0
-1
-1
-1
0
0
-1
-1
-2
-2
-1
-1
1
1
1
1
1
1
2
1
2
0
0
-1
-2
-2
-3
-2
-3
-3
-3
-2
-1
-1
0
0
0
1
1
3
2
1
2
0
-1
-1
-1
-1
-2
-1
-1
-2
0
-1
-1
1
-1
1
0
-1
-1
0
0
1
2
1
0
-1
-1
0
-1
0
1
0
0
-1
0
1
1
1
2
1
0
1
1
-1
0
0
0
0
0
0
0
1
-1
-1
-2
-2
-2
0
1
0
0
0
1
1
0
-1
-2
-1
-2
-1
-1
0
0
0
0
0
-1
-1
-2
-2
-2
-2
-1
-1
-1
0
-1
-1
-2
-2
-3
-2
-2
-3
-4
-3
-1
-1
-1
1
1
2
3
2
2
1
1
1
1
1
1
0
1
1
1
1
0
1
1
2
2
1
2
2
3
3
4
3
2
1
0
0
0
-1
0
0
2
1
2
0
0
0
-1
0
-2
0
0
1
2
2
-1
0
0
1
1
0
0
1
0
0
-2
-2
0
1
1
0
0
0
0
1
1
1
0
0
0
0
0
0
1
1
0
-1
-1
-1
1
0
-1
0
0
0
1
1
1
0
0
2
1
0
0
0
1
1
1
2
2
1
2
0
0
0
-1
-1
-1
-1
0
-1
-3
-2
0
-1
0
-1
0
0
0
-1
-1
-2
-2
-1
-1
-2
-2
-2
-1
0
-1
-1
-2
-2
-1
-2
-1
1
2
2
1
1
1
0
0
0
0
0
1
1
1
-1
-1
-1
-1
-1
-1
0
-1
-2
-1
-1
0
1
1
1
2
2
2
2
0
2
2
2
2
1
2
2
1
1
1
1
0
1
-1
-2
-2
0
0
-1
1
0
0
-1
-2
-2
-1
0
0
0
0
0
2
1
0
0
0
1
3
3
2
2
2
1
1
1
0
1
2
1
1
0
-1
-2
-1
0
-1
-1
0
-1
-2
-2
-1
-2
-2
-2
-3
-2
-2
-1
-2
-1
-1
0
1
0
0
0
0
0
-2
-1
-1
0
1
1
1
2
2
1
1
1
-1
0
1
1
2
0
0
0
-1
-1
-2
-2
-2
-1
0
0
-2
-2
-1
-2
-1
-2
-1
-1
0
0
-1
-1
-1
1
0
-1
-3
-4
-3
-2
-2
-2
-2
-2
-2
-1
-1
-2
-1
-2
0
0
0
0
2
3
2
0
-1
0
0
0
-1
0
-1
1
0
1
1
1
1
-1
-2
-1
-2
-2
-2
-1
-1
-1
0
0
0
1
1
1
1
1
-1
-1
1
0
1
1
0
1
2
2
0
-1
0
0
2
2
2
3
2
2
3
3
3
2
1
0
1
1
1
1
0
-1
0
0
1
1
2
2
2
1
0
-1
0
1
2
2
1
1
1
0
1
0
0
-1
1
0
0
-1
0
0
2
2
0
1
2
2
2
1
1
0
0
0
0
-1
-2
-1
-1
-1
-1
0
0
-1
-1
-1
-2
-2
-1
-2
-2
-2
-3
-2
-2
-2
-2
-1
-1
1
-1
0
0
1
0
-2
0
1
1
1
0
-2
-2
-1
0
0
0
-1
-2
-1
-1
-1
-1
-2
-2
-3
-2
-2
-2
-1
-1
0
0
0
-2
-1
-1
-1
-1
-1
-2
-1
-2
-1
0
1
1
3
2
2
5
5
5
4
4
3
2
1
1
1
0
-1
-1
1
1
3
2
2
2
1
0
0
-1
-2
-2
-2
-1
-1
1
1
1
0
-1
1
-1
-1
-2
-2
-2
-2
-2
-2
-2
-1
-1
1
0
0
2
1
0
1
1
2
2
3
1
0
1
0
-1
-2
-1
0
1
3
3
3
2
3
2
1
2
2
1
2
2
2
1
1
0
2
3
3
4
4
4
3
4
2
2
3
3
3
2
0
0
-1
0
1
0
0
0
1
1
1
1
0
0
1
1
0
0
0
-1
-1
-1
-2
-2
-3
-4
-3
-3
-4
-1
0
0
0
-2
-2
-3
-2
-2
-2
-3
-1
-1
0
1
-1
-1
-1
-2
-2
-4
-3
-3
-2
-1
-1
-2
-1
-2
-1
0
-1
1
-1
0
0
-1
-1
-2
-1
-2
-2
0
0
-1
0
0
-1
-1
0
0
1
1
2
2
1
1
0
-1
0
1
1
0
0
1
1
0
1
0
1
0
1
1
0
-1
-1
-1
0
0
-2
0
0
-1
-1
0
-1
0
1
0
1
0
0
0
1
1
1
-1
-1
-1
0
0
-1
-1
0
1
0
0
0
-1
-2
-3
-3
-3
-4
-5
-5
-4
-4
-3
-2
0
1
1
3
3
2
3
3
3
2
2
3
1
2
1
0
0
0
2
2
2
3
3
1
0
-2
-1
-1
0
-1
-1
-1
-1
-1
-2
-2
-3
-2
-3
-1
1
-1
0
-1
0
0
-1
-1
0
0
0
1
2
1
1
0
0
-1
-1
1
1
0
1
1
1
1
0
-1
-1
-1
0
0
-1
-2
-2
-1
-2
-2
-2
-1
-2
-1
0
0
0
0
-1
-2
-1
-2
-1
-1
0
1
2
1
1
0
0
-1
-3
-3
-2
-2
0
0
2
3
3
1
0
2
2
3
3
3
5
5
4
3
3
3
1
1
0
-1
0
0
-1
1
1
1
1
2
2
3
2
1
1
0
1
1
1
2
2
4
3
4
4
3
3
3
2
3
3
3
3
3
2
1
0
-1
0
0
0
0
-2
-3
-2
-2
-3
-2
-3
-3
-2
-2
-2
-2
-1
-1
-1
-1
-1
-1
-2
-2
-1
-1
-2
-2
-2
-2
-2
-2
-2
-2
-2
-1
0
-2
-2
-3
-3
-3
-1
-1
-1
0
0
0
1
1
2
1
2
2
2
3
2
2
1
2
2
1
3
2
3
3
3
4
3
4
4
4
3
2
3
2
0
1
1
0
0
1
1
1
-1
0
-2
-2
-3
-2
-1
-1
-2
-1
-1
-3
-3
-3
-3
-4
-3
-2
-2
-1
-1
-1
-1
-1
-2
-2
-3
-3
-2
-1
-2
-2
-1
-2
-2
-2
-1
0
1
-1
-1
-1
-1
-2
0
0
0
-1
1
3
2
2
1
1
0
0
0
-2
-2
-1
-1
0
-1
-1
-1
-1
0
-1
-1
-1
-1
-2
-1
-2
-3
-2
-2
-3
-2
-1
-1
-1
-1
-1
0
-1
1
2
2
1
1
-1
-1
-1
-1
-2
-1
-1
-1
-1
-2
-2
-1
0
0
0
-1
0
0
0
0
0
1
1
2
3
4
3
3
2
1
1
1
1
2
1
1
0
0
0
0
-1
0
-1
-1
0
0
2
0
0
0
1
1
1
2
2
3
3
1
2
2
3
4
4
1
0
1
0
-1
-1
0
-1
-1
-2
-1
-2
-1
-1
0
0
-1
0
0
-2
-1
-1
0
1
1
-1
0
1
1
1
1
0
2
1
0
1
0
0
0
1
0
1
1
1
1
2
-1
0
0
-1
0
0
0
1
1
2
3
3
1
1
0
1
0
0
-1
-1
0
1
0
0
2
0
2
1
1
1
0
1
2
1
0
1
-1
-1
-2
-2
-1
-1
-2
-2
-2
0
1
1
1
1
2
2
1
2
3
3
2
2
2
2
2
0
1
2
2
2
2
1
2
2
1
0
-1
-1
-1
0
0
-1
-2
-1
-2
-2
-1
0
0
0
0
1
1
-1
0
-1
-2
0
-1
-1
-2
-2
-3
-2
-2
-2
-1
-1
-1
-2
-3
-5
-5
-5
-5
-3
-3
-3
-2
-1
-1
0
0
0
-1
-1
0
-2
-1
-2
-3
-3
-2
-1
-2
-2
-2
-2
0
0
0
3
1
2
2
1
2
2
2
2
1
1
1
2
2
3
2
4
3
1
1
1
1
1
1
0
0
1
1
-1
-1
-2
-1
-1
-1
-2
-1
-1
-2
-1
-2
-2
-3
-2
-1
-2
-1
-1
0
0
1
0
0
1
1
3
2
2
2
1
2
2
1
2
0
0
1
0
-2
-1
-2
-2
-2
-2
-3
-3
-1
-1
1
2
2
1
1
1
1
0
1
0
0
1
1
2
3
3
4
3
3
3
4
3
3
3
0
-1
1
0
1
0
-1
0
-1
-1
-2
-3
-3
-2
-3
-2
-2
-2
-1
-1
0
-1
-1
0
1
2
2
2
1
0
-1
-1
-1
-2
-1
-2
-2
-2
-3
-3
-4
-4
-2
-2
-1
-1
-2
-3
-3
-3
-2
-1
-2
-2
-4
-3
-1
-1
-1
0
1
0
1
1
1
1
1
0
0
-1
0
0
-1
-1
1
1
2
1
1
1
1
0
0
-1
-1
1
1
1
1
0
0
1
2
3
2
2
2
0
1
0
0
1
0
1
0
-1
-1
-1
-1
-1
0
-1
0
-1
1
1
1
1
1
1
1
1
0
1
1
0
1
2
2
3
3
1
-1
1
-1
-1
-2
-2
-1
-2
1
0
0
0
-1
0
-1
-1
-1
-1
-1
-1
-1
-1
-1
-1
0
-1
0
-1
0
-1
0
1
1
0
0
-1
0
0
-1
-1
-1
0
0
2
-1
0
0
0
1
1
1
1
0
0
0
0
-1
-2
-2
0
-2
0
0
1
1
1
0
0
0
0
2
4
3
3
4
4
3
2
4
3
2
3
2
2
2
2
3
3
2
2
1
1
1
1
1
2
2
3
1
0
-1
-1
-1
-2
-3
-4
-3
-3
-3
-2
-3
-3
-4
-4
-4
-4
-3
-2
-1
-2
-1
0
-1
0
1
2
1
1
0
1
2
2
1
1
2
1
1
1
1
0
1
1
1
1
0
1
0
1
0
0
0
1
1
1
0
0
0
0
0
1
0
0
-1
0
0
0
0
-1
-1
-1
0
0
0
1
0
0
1
0
1
-1
0
0
1
1
2
1
1
1
1
1
2
2
2
2
0
0
0
-1
-1
-2
-2
-1
-2
-3
-2
-4
-3
-2
-3
-3
-2
-2
0
-1
-1
0
-1
-2
-2
-2
-1
-1
-2
-2
-2
-1
0
0
3
3
4
4
3
3
3
2
2
1
2
2
1
1
2
2
2
0
-1
0
1
1
2
1
2
2
1
1
2
1
1
0
0
0
0
1
1
2
2
3
3
1
0
0
0
1
1
0
0
-2
-2
-2
-2
-3
-3
-3
-4
-4
-4
-3
-2
-1
0
0
0
0
0
0
-2
0
0
-1
-1
-3
-3
-1
0
1
3
4
3
3
3
3
2
0
0
0
-1
-2
-1
-2
-1
1
0
-1
-1
0
-1
0
-1
-1
-1
-2
-1
0
-2
-1
0
0
1
-1
-1
-2
-1
-2
0
1
0
0
-1
-2
-1
-1
-2
-1
-1
0
1
0
1
-1
0
1
1
-1
-2
-1
-1
-2
-2
-2
-1
-1
-1
0
-1
-1
-1
-1
-2
-2
0
-1
-1
-1
-2
-2
-3
-3
-2
-1
-1
-1
0
0
0
0
0
2
2
0
1
0
-1
0
-1
1
0
0
1
1
-1
0
0
0
1
0
-1
0
1
0
-1
-1
-1
0
0
0
1
1
0
-1
-1
-1
-1
-1
-2
-1
-1
-1
-1
-1
0
0
1
1
0
2
2
2
2
2
3
3
3
4
4
2
2
2
2
2
3
3
3
3
4
4
4
4
4
5
5
2
2
0
0
0
-1
-2
-2
-2
-1
-1
0
-1
-1
-2
-2
-3
-3
-2
-2
-2
-1
-2
0
-1
0
-1
0
0
1
1
1
1
0
0
0
0
-1
-1
-1
0
-1
-1
-1
0
0
1
2
2
1
0
1
0
2
0
1
-1
-1
0
0
0
-1
0
0
2
2
2
1
0
0
-1
-1
-1
-1
-1
-2
-3
-3
-4
-3
-3
-2
-1
0
0
-1
0
-1
0
0
0
0
0
0
0
-2
-1
-1
-1
1
1
-1
0
0
1
0
0
1
2
2
4
3
4
2
4
4
4
3
3
3
3
2
3
2
2
1
1
0
1
2
1
2
1
2
3
1
1
0
1
0
1
0
0
0
0
0
0
0
-1
-2
-2
-1
-2
-1
-2
-1
-1
-3
-3
-3
-2
-2
-1
-2
-2
-1
-1
-1
-1
-2
-1
-2
-2
-2
-2
-1
-2
-1
-1
-2
-2
-2
-1
0
0
-1
-2
-3
-1
-1
-1
0
-1
1
1
-1
-1
-2
0
0
0
1
2
2
2
3
2
2
3
2
3
3
3
3
3
3
3
1
2
3
3
2
2
1
1
1
1
0
1
1
2
1
1
2
2
2
1
0
-1
-1
-1
0
0
-1
-1
0
0
0
0
0
0
1
0
-1
-1
-1
-1
-1
-3
-4
-4
-4
-4
-4
-4
-5
-6
-4
-4
-5
-4
-3
-1
0
0
0
0
-1
-2
-1
0
0
-2
0
-2
-1
-1
0
1
1
2
2
3
1
2
1
0
2
1
0
0
1
2
2
3
3
0
1
3
3
3
4
2
2
1
1
1
1
-1
1
2
1
0
2
2
2
2
0
0
0
1
0
0
-1
-2
-2
-1
-2
-2
-2
-2
-2
-1
-1
-2
0
0
-1
-1
-1
-2
-1
-1
-1
-2
-1
-1
-1
-1
-3
-2
-1
-1
0
-2
-1
0
-2
-2
-1
-1
-1
0
1
3
2
1
1
1
0
-1
0
0
2
1
1
0
0
1
0
-1
0
0
0
0
0
1
1
1
0
0
-1
0
0
-1
0
0
0
-1
-2
-2
-2
-2
-2
-2
-4
-3
-2
-1
-3
-2
-3
-2
-3
-1
-1
-1
0
0
1
-1
-1
0
0
3
2
2
2
2
1
2
1
1
0
-1
-1
0
1
-1
0
0
-1
-1
1
0
1
1
0
0
0
2
2
1
1
1
1
1
1
0
1
1
0
1
1
1
0
0
0
0
1
1
1
1
1
1
2
2
2
2
3
3
2
2
2
3
4
3
3
4
3
3
2
1
1
2
-1
-1
0
-1
-1
1
1
0
0
-2
-1
0
1
1
1
1
0
-1
0
1
0
0
1
1
0
-1
-2
-2
-3
-4
-4
-3
-2
-2
-2
-1
-1
-1
-2
0
0
-1
-1
0
1
1
0
0
1
1
0
2
1
0
0
1
1
0
-1
-1
-2
-2
-1
-1
0
0
0
0
0
1
3
1
0
-1
-2
-2
-1
0
-1
0
-2
-2
-1
0
-1
0
0
-1
-1
-1
0
0
0
-1
-2
-1
0
-1
0
1
1
0
1
1
0
1
1
2
0
1
-1
-1
-1
0
0
0
1
2
2
2
2
3
1
3
3
2
2
3
1
1
1
0
1
2
1
0
1
1
2
1
1
1
3
2
2
1
0
1
1
1
1
0
0
0
0
0
0
-1
0
0
-1
-1
-1
-3
-2
-1
-2
-1
-2
-4
-5
-3
-3
-3
-5
-4
-3
-3
-2
-2
-2
-2
-1
-1
-2
-2
-2
-1
-2
-3
-3
-3
-3
-1
-1
-1
0
1
1
0
0
0
-1
0
-1
-1
-1
0
0
3
2
4
4
2
3
2
4
4
2
1
2
2
2
2
1
0
-1
0
-2
0
0
0
0
1
1
0
1
-1
-1
0
0
0
0
-1
-2
0
0
0
0
-1
-1
0
-1
0
0
0
0
0
-1
0
0
1
0
1
1
1
1
1
2
1
1
2
2
3
2
2
2
2
2
2
2
3
2
1
1
0
0
0
-1
0
0
0
0
0
1
1
1
0
2
1
2
0
1
2
1
1
1
1
0
0
1
0
0
0
-1
1
-1
0
-1
0
0
0
0
-2
-1
-1
-1
0
1
1
1
1
2
1
1
2
1
2
1
0
0
0
0
1
0
0
-1
0
-1
0
-1
-2
-1
-1
-1
-3
-2
-3
0
-1
-1
0
-1
-1
1
-1
-1
-1
0
0
-1
0
-1
-1
-1
1
0
2
0
0
0
-1
0
0
-1
-1
-3
-1
-2
-2
-2
-1
0
0
0
0
0
-1
0
-1
-3
-2
-1
-2
-3
-3
-3
-3
-1
-1
0
0
0
1
0
1
2
2
2
2
1
2
2
1
1
1
2
3
2
3
2
1
0
1
1
1
1
-1
-1
-1
-2
-2
-1
-1
0
1
-1
-2
-2
-1
-1
-2
-2
-2
-1
0
-1
-1
-2
-1
-1
-2
0
-2
-1
-1
-1
-1
0
-1
-1
-2
-3
-3
-1
0
-2
-1
-1
0
1
-1
-2
0
3
2
2
2
-1
-4
-3
-3
-3
-1
1
1
0
0
-2
-2
-2
-2
-3
1
2
1
-1
-2
0
-2
-2
-4
-4
-3
-4
-3
0
2
5
5
3
2
0
-2
-4
-4
-2
-3
-2
2
1
-4
-1
-1
3
8
6
3
2
-3
-5
0
2
-2
-1
2
1
0
-4
-5
-8
-5
-3
-3
-6
-4
-3
-4
2
5
6
5
8
8
7
7
8
7
7
11
12
10
7
9
6
4
8
12
11
7
7
2
1
-1
-3
-5
-4
3
3
3
-1
-3
-5
-2
6
3
-1
2
-2
-5
-3
-1
-7
-2
5
2
0
-3
-6
-6
4
7
12
14
8
-1
0
6
0
4
6
3
5
1
2
3
-3
-6
0
2
6
13
7
8
6
8
6
9
7
1
4
4
3
-4
-5
0
1
-2
-3
3
-7
-7
0
-2
1
5
1
-6
-2
-7
-2
-4
-3
-3
-2
0
4
3
0
7
-4
3
-8
-15
-10
-8
-10
-10
-4
-8
-4
-3
-4
-7
-14
-12
-11
-15
-14
-9
-3
-8
-9
-10
-8
-6
-6
-3
0
2
3
-4
-4
-6
-7
-1
4
3
-5
-3
-3
0
4
9
4
5
9
8
12
5
0
12
11
4
4
6
3
-2
0
8
8
11
4
9
8
16
10
13
17
5
4
-3
26
-93
-88
64
52
-14
41
75
-14
1
15
-17
-83
-48
113
38
-48
46
31
-48
7
50
-21
10
70
15
-4
16
-5
-34
6
11
-34
-2
0
-21
-6
-8
-9
-27
-43
-23
1
-16
2
7
-13
26
12
1
13
-7
-11
-2
-20
-28
-23
-22
-18
-10
7
22
16
36
34
24
33
-26
-92
-128
-101
-23
10
44
96
115
57
40
10
-109
-83
16
40
28
62
24
27
-11
-53
36
-9
-9
79
29
-14
-18
-168
-149
-21
-51
-23
102
37
-1
70
-15
-59
-73
-73
15
20
-42
7
0
-66
46
57
2
98
62
-4
37
12
-47
-42
25
-8
-38
54
18
-19
38
29
-13
-14
-36
-49
-1
-38
11
93
-3
23
98
-86
-16
99
-101
19
79
-56
23
39
-39
4
14
-52
55
-54
-37
63
-81
26
33
-33
36
40
19
17
16
63
45
-4
72
-2
-30
101
23
-65
92
16
-106
65
7
-88
-40
37
-80
-139
-8
-92
-143
30
-5
-81
57
88
50
-66
75
50
-147
34
148
-3
-155
217
102
-238
98
156
-115
81
224
-152
-211
-260
-158
-19
-209
66
212
-101
178
90
-308
62
-45
-153
264
85
-219
244
109
-284
194
79
-36
242
71
13
149
-43
-72
60
-180
-69
-105
-132
100
-97
-122
315
-14
-333
35
127
-343
-159
489
-149
-200
396
28
-217
108
295
-137
191
106
-105
55
-420
26
31
175
14
87
283
-269
31
16
-135
-418
-113
278
-49
-11
120
62
-427
47
316
-299
229
397
-35
-20
285
-88
-166
41
-87
-45
92
184
65
171
-77
107
-284
-359
205
-226
-10
91
-313
-314
224
-84
-124
149
-129
199
185
115
-14
-125
-179
48
146
-67
400
169
79
200
102
-63
-131
277
-97
-98
184
-6
-261
5
104
-526
22
-25
-209
183
-42
176
-134
-338
105
-84
-220
46
153
-204
255
349
3
50
-33
164
-24
190
39
-2
-30
118
20
-159
-56
-142
-42
-202
310
41
-195
17
62
-431
-266
546
-294
-67
346
47
-147
-47
157
-198
-16
325
281
-142
5
231
-416
-5
275
-261
130
147
64
-213
-235
44
-99
-48
159
227
-162
89
44
-197
-9
24
342
19
-66
45
13
35
-1
-137
-252
175
-160
-154
188
-164
-63
100
-4
-62
-38
-100
17
-143
-69
369
11
-51
282
11
-220
150
190
-261
-125
538
-27
-122
152
-77
6
-146
93
-120
-271
-118
238
140
-279
82
-239
-267
28
-145
-78
-72
29
48
169
222
-12
123
-36
72
20
-55
170
173
67
68
64
62
-66
26
-50
-42
82
-43
-33
-120
-125
-319
100
-128
-198
152
-53
200
57
-134
-55
10
94
-123
129
141
-88
99
268
175
-320
139
293
-9
30
75
7
-352
73
130
-190
-112
7
-32
-193
209
50
-329
96
-3
-163
-73
10
-38
-42
132
18
53
-163
8
243
-1
-2
143
-8
-235
183
149
-86
137
142
223
-131
-227
-2
-254
-340
206
303
-225
147
163
-238
-99
-85
-8
-103
192
299
-20
146
-132
-27
-128
-215
61
95
18
71
184
-293
-221
148
-248
-25
192
213
78
-105
48
-233
-124
-120
-10
202
144
355
58
-159
-7
-56
-254
-11
249
-183
278
556
-349
-74
160
-323
-218
139
28
-120
269
144
-105
-109
-167
51
-179
6
56
60
7
-56
216
-334
71
28
-459
16
276
-21
175
248
-120
-206
-13
-195
23
-65
80
7
-228
463
120
25
-295
-406
347
-24
-276
460
414
-344
-4
156
-368
-95
-362
333
262
-815
575
596
-318
-340
55
69
-108
48
-17
309
-244
-1
121
103
16
-337
721
-131
-112
73
-136
504
-494
-10
660
-184
-535
-76
69
246
-73
-374
664
-311
-382
576
-567
237
-41
-308
683
-88
181
-14
-155
-1
144
-50
-192
589
-146
-40
253
134
-61
-469
642
-238
-339
142
82
467
-968
403
659
-513
-290
-209
237
-320
370
-41
1
1
-651
371
-244
-90
217
-40
378
-207
128
186
-294
-171
-250
227
202
87
276
-56
-392
-126
120
-392
75
302
-267
48
148
-134
-253
-140
-108
26
-61
1
264
-296
-42
141
-275
-5
88
183
-11
-12
67
-245
56
-5
-169
143
168
34
-29
90
-8
22
-154
-139
48
-75
195
159
-68
-72
-73
-20
-66
73
135
279
-40
-269
111
-141
-151
48
-30
-5
-102
57
84
-133
-86
8
-94
-31
120
-15
56
-44
-80
52
60
178
83
-68
280
31
-228
349
58
-122
105
-93
125
48
-40
337
122
-307
138
230
-188
-10
-92
-106
88
89
164
150
-99
-146
92
-81
-61
-3
59
99
84
46
10
-66
-20
-17
-131
146
-108
110
62
-67
-83
-99
130
-119
134
-206
39
78
-278
182
61
-31
-290
242
-107
-60
201
-68
132
-65
-92
41
304
-327
147
439
-322
-91
-136
144
44
-375
277
572
-312
-397
451
-375
-529
82
486
129
-397
409
-73
-530
164
460
-159
-407
112
481
-192
-300
562
-233
-350
103
416
-107
-145
115
-58
-22
-246
425
-237
-1
153
-428
127
147
339
-220
-51
74
-104
-505
-144
579
-211
-415
286
376
-178
-5
-21
495
-500
-269
616
383
-194
-178
168
-473
367
-183
133
641
-569
92
280
-299
-207
226
-119
42
-247
-594
941
-724
-388
559
-206
68
-66
100
-266
467
-72
84
-151
240
255
-501
146
78
-197
216
433
-90
-22
-130
367
-179
-154
-144
248
-191
-171
555
-543
-362
-387
282
252
-85
4
183
190
-401
179
84
-437
-334
445
459
228
20
-54
-116
-300
-51
228
435
-514
-269
626
237
-787
64
285
-788
-111
342
429
-349
-350
440
98
-517
96
649
-375
73
63
-259
481
424
-106
-260
372
190
-125
188
-122
-318
-282
417
522
-357
-166
-51
611
-168
-517
152
-268
-337
-52
748
-84
-535
46
391
-182
-503
466
225
-493
137
564
-298
-370
48
34
-386
173
317
-256
136
-15
194
-197
-576
47
-63
-240
-32
496
-189
-90
232
-252
45
-261
217
-60
84
128
63
269
-116
-24
-637
35
271
270
-226
13
209
-233
495
228
-281
-759
71
412
30
284
180
-209
-367
337
301
-187
-184
178
395
-227
205
443
-366
-189
314
139
-135
50
434
105
-235
139
102
117
-21
238
-99
-312
77
56
131
-305
345
-36
-305
335
-58
-172
-120
250
-219
-304
-72
-18
0
-115
472
-49
-545
0
194
-187
-319
85
-118
-364
196
343
-215
-253
-206
-9
47
77
-178
-257
-118
-256
367
-44
201
-160
-342
274
-61
-274
-408
153
11
49
-243
3
336
-298
-124
-194
-239
-111
66
350
225
-292
209
567
-122
-431
-294
-41
349
852
175
230
375
91
-119
-263
338
-187
138
307
438
234
-288
381
-312
-474
-269
277
220
-105
100
100
196
-298
-258
-187
-108
-275
358
585
311
-37
-138
-69
-238
200
71
272
89
294
437
183
96
-394
-294
-175
36
-94
-334
-251
-460
-292
-221
-380
-273
-446
-356
-184
-257
-161
-200
-128
-75
55
-144
-297
-44
-39
131
302
478
259
99
370
475
123
-101
276
299
213
249
141
-163
-140
94
108
79
-71
-226
-71
200
-18
-124
-293
-108
179
314
594
48
-226
-38
174
0
-43
117
-137
240
562
418
-56
-392
-52
117
65
-64
-112
122
268
344
216
82
-88
-53
438
460
588
766
674
301
-416
-897
-1395
-1438
-761
126
921
1151
641
-213
-963
-1461
-1738
-1313
-448
243
643
690
357
-263
-750
-641
-139
289
585
847
839
591
292
168
94
-71
-163
-237
64
222
526
615
343
-9
-519
-933
-1236
-937
-518
57
401
412
199
-219
-311
-483
-186
358
297
374
658
434
143
311
389
356
193
328
402
-28
-334
16
116
-316
-31
-116
-454
-384
-317
-111
92
-217
-323
-26
-273
-328
68
309
324
330
435
569
450
583
774
912
837
283
-595
-1207
-1190
-951
-165
650
1066
795
-120
-920
-1791
-2273
-1702
-753
214
851
737
277
-280
-950
-973
-419
153
715
1000
926
722
484
431
489
359
248
113
11
-16
234
453
606
460
-4
-413
-1048
-1258
-951
-471
104
528
443
84
-481
-656
-466
-363
76
501
691
464
367
314
228
458
591
593
187
-168
-415
-289
-171
-30
169
61
118
-217
-590
-707
-499
-309
56
133
-22
43
35
222
448
574
530
610
536
416
413
355
275
35
-211
-533
-665
-527
-168
343
419
229
-350
-1162
-1715
-1827
-1517
-866
87
516
548
283
-296
-597
-618
-278
384
840
1034
995
829
636
434
375
325
338
218
312
476
378
387
260
-40
-369
-738
-1134
-1164
-656
-136
284
382
224
-73
-441
-670
-543
-244
-99
328
673
673
430
382
485
271
-34
-53
21
-85
-54
26
167
-42
45
193
-301
-513
-541
-404
-69
190
8
12
222
347
484
415
458
465
534
663
827
560
-118
-432
-480
-595
-436
-107
209
476
103
-502
-1086
-1717
-1955
-1548
-822
-103
373
310
29
-395
-883
-881
-471
217
867
1179
1288
1155
780
487
401
366
511
492
494
668
651
610
557
205
-232
-718
-1135
-1095
-706
-242
175
375
154
-228
-564
-792
-686
-439
-254
380
738
503
279
419
174
-14
444
474
250
-223
-78
211
-149
-122
310
290
-226
-81
-130
-377
-131
-62
-7
23
68
134
422
514
373
517
667
662
566
171
-360
-550
-664
-338
112
270
394
327
-234
-995
-1621
-2113
-1830
-1220
-545
317
438
-62
-541
-907
-1263
-1099
-446
322
1103
1388
1385
1116
640
304
201
279
511
642
577
845
917
778
564
116
-278
-789
-1145
-1049
-696
-286
235
412
196
-149
-720
-858
-703
-418
-66
439
748
778
575
165
312
77
330
559
287
130
45
52
5
46
-206
21
13
-294
-366
-579
-467
-124
150
314
189
13
96
367
525
551
791
780
649
314
-422
-792
-812
-427
182
704
867
368
-377
-1161
-1801
-2139
-1850
-1106
-209
364
241
-71
-640
-1171
-1235
-886
-237
535
1024
1166
1206
894
528
426
339
473
629
695
911
985
863
762
524
60
-353
-759
-1015
-947
-616
-135
96
107
21
-330
-656
-737
-689
-375
4
427
742
703
526
262
170
211
177
229
462
360
159
167
62
-201
-257
-27
-89
-449
-366
67
-104
-263
-16
112
0
97
397
361
398
559
760
889
620
102
-345
-418
-426
-278
234
697
810
400
-311
-1015
-1688
-2091
-1821
-1091
-424
58
82
-228
-710
-1328
-1406
-943
-340
487
1084
1204
997
579
253
252
476
719
973
960
945
927
661
501
277
14
-155
-437
-701
-774
-721
-554
-154
-86
-274
-434
-779
-767
-655
-462
22
281
359
464
313
47
105
268
588
599
289
308
381
86
-68
-56
-313
-136
51
24
-141
-403
-479
-269
-15
-169
-104
-99
90
381
422
605
689
616
738
774
113
-335
-262
-156
13
437
734
635
262
-234
-718
-1400
-1828
-1628
-965
-286
83
2
-342
-812
-1326
-1360
-962
-506
64
824
1257
1182
799
291
168
201
409
846
1135
1234
1189
1026
767
411
-20
-282
-435
-577
-497
-395
-319
-131
-271
-445
-643
-855
-797
-620
-344
-22
185
207
370
244
47
5
169
583
705
503
394
490
286
267
228
4
-199
-203
205
137
-148
-241
-222
-254
-301
-168
-80
-84
214
777
912
672
519
477
410
176
-163
-269
-343
-191
321
695
623
207
-194
-775
-1409
-1857
-1830
-1250
-487
242
357
-204
-906
-1490
-1675
-1280
-623
249
1070
1444
1365
845
233
-78
-8
367
956
1248
1310
1380
1153
772
320
-102
-366
-526
-628
-554
-370
-204
-69
-200
-535
-912
-1213
-1171
-882
-526
-46
271
299
360
139
-164
-85
151
386
614
687
625
597
425
365
189
-40
122
234
48
-48
-89
-269
-224
-108
-57
-96
-188
-91
192
499
643
620
642
652
349
-49
-325
-449
-346
18
541
844
719
329
-341
-1244
-1916
-2043
-1578
-733
26
322
3
-705
-1318
-1723
-1737
-1190
-290
757
1468
1468
1054
418
-198
-187
243
780
1380
1706
1781
1688
1145
416
-137
-451
-432
-290
-180
-29
4
-104
-265
-695
-1239
-1550
-1484
-989
-504
-185
87
30
-130
-202
-261
-238
24
476
928
1135
879
616
310
180
277
257
369
544
556
366
189
5
-286
-445
-213
48
-64
-49
324
496
532
692
612
374
194
-117
-457
-546
-366
151
717
875
778
290
-659
-1389
-1822
-1924
-1301
-460
124
378
-169
-1185
-1808
-2122
-1917
-946
92
1000
1582
1216
450
-188
-589
-290
507
1321
1990
2191
1931
1473
828
220
-63
-153
-70
108
125
8
-185
-316
-525
-992
-1339
-1395
-1347
-1033
-589
-309
-95
-146
-401
-487
-579
-491
55
633
1015
1132
975
595
173
149
358
572
696
799
715
325
28
-95
-185
-282
4
131
-27
-90
-189
-43
361
613
632
714
644
79
-585
-743
-463
-28
611
1259
1244
592
-267
-1038
-1629
-1899
-1422
-424
154
247
-83
-1006
-1794
-2125
-1960
-1134
-141
694
1321
1090
239
-422
-674
-294
576
1400
1920
2118
1865
1374
885
407
173
220
420
521
400
125
-206
-454
-765
-1100
-1288
-1311
-1140
-840
-639
-717
-800
-824
-852
-764
-633
-332
159
560
789
742
412
236
394
707
987
1070
913
678
400
227
158
103
214
389
439
120
-373
-647
-679
-395
179
624
754
756
556
182
-377
-1004
-1005
-311
521
1177
1338
988
437
-402
-1277
-1713
-1729
-1098
88
733
518
-278
-1480
-2324
-2414
-2035
-1093
186
1122
1505
1026
-233
-1193
-1199
-441
807
1933
2427
2423
2007
1139
313
-128
-99
507
1201
1382
1052
342
-472
-969
-1275
-1502
-1340
-915
-535
-234
-494
-1199
-1585
-1630
-1469
-907
-296
153
605
659
367
41
-267
-156
601
1339
1662
1571
1048
543
254
85
188
533
785
807
489
-154
-638
-802
-691
-239
281
454
372
246
47
-105
-80
24
-108
-335
-266
49
287
582
956
811
65
-776
-1248
-1513
-1300
-344
530
538
-74
-978
-1947
-2405
-2132
-1156
199
1138
1338
836
-349
-1285
-1211
-300
931
1977
2403
2169
1555
723
135
134
537
1138
1566
1375
668
-67
-628
-880
-923
-1051
-996
-752
-678
-664
-820
-1353
-1662
-1486
-1340
-1175
-688
-126
276
372
221
48
-183
-160
538
1252
1417
1433
1364
969
523
345
451
718
949
1004
604
-179
-649
-451
-139
108
409
392
-133
-563
-674
-592
-228
365
836
847
39
-1076
-1407
-916
-67
790
1164
921
268
-797
-1608
-1737
-1340
-263
892
856
7
-1014
-2018
-2216
-1506
-630
396
1264
1263
697
-196
-1118
-972
139
1153
1912
2091
1673
1290
791
155
159
518
855
1345
1353
788
267
-397
-977
-1047
-1222
-1352
-849
-375
-362
-638
-1364
-1993
-1970
-1757
-1293
-508
15
328
353
-284
-796
-701
-357
511
1560
1757
1469
1191
817
649
684
826
1259
1533
1238
750
191
-185
81
462
422
258
-28
-484
-803
-904
-724
-260
140
360
394
-84
-602
-949
-1413
-1285
-275
436
741
938
588
-175
-962
-1389
-1135
-572
171
1063
941
-32
-806
-1485
-1749
-1085
-323
486
1346
1288
410
-506
-1202
-955
191
1019
1522
1709
1090
406
51
-342
-33
874
1399
1509
1070
73
-463
-590
-604
-125
121
-270
-491
-872
-1553
-1636
-1393
-1134
-525
-228
-594
-956
-1267
-1218
-725
-356
224
902
679
279
340
128
50
718
1430
1723
1658
1384
1126
768
522
682
788
717
916
792
71
-354
-326
-354
-407
-346
-286
-451
-798
-853
-692
-722
-536
-77
107
-31
-632
-1378
-1138
-182
475
856
880
566
180
-411
-714
-399
30
721
1263
646
-249
-789
-1275
-1127
-493
-191
356
897
454
-281
-935
-1387
-783
205
626
1011
1060
575
352
56
-245
378
1083
1261
1290
804
132
-92
-332
-374
14
2
-125
-83
-591
-1182
-1290
-1431
-1210
-525
-431
-610
-595
-864
-1021
-876
-629
7
467
485
718
651
237
465
907
1024
1252
1389
1244
1145
984
874
860
705
689
657
138
-240
-153
-285
-471
-447
-622
-859
-900
-968
-880
-627
-450
-212
-178
-452
-505
-830
-1213
-337
874
1067
1050
924
279
-160
-364
-191
383
750
1063
1081
-62
-1005
-1058
-1158
-891
-118
16
99
331
-330
-1074
-1208
-1016
-100
785
708
726
630
-19
-96
159
342
1253
1786
1321
826
190
-361
-180
-85
-109
248
165
-249
-505
-1102
-1521
-1222
-1060
-841
-452
-752
-1026
-733
-850
-931
-442
36
348
383
253
482
620
646
1163
1428
1148
1128
1159
916
948
1087
973
788
581
255
-129
-442
-283
-45
-290
-508
-476
-815
-1207
-1091
-885
-619
-111
120
-92
-300
-888
-1409
-847
296
887
1060
894
566
96
-489
-458
80
376
827
998
-22
-821
-849
-970
-675
7
82
302
447
-286
-793
-732
-592
292
997
771
760
622
86
185
328
430
1227
1504
886
371
-124
-297
122
28
-182
89
-230
-912
-999
-1094
-1184
-908
-799
-689
-694
-1243
-1216
-605
-573
-319
336
371
262
291
57
208
797
1258
1564
1472
1152
1067
797
526
907
1185
1022
1014
725
-62
-502
-504
-373
-91
-16
-245
-551
-863
-973
-924
-893
-475
14
-148
-375
-764
-1396
-1013
74
351
429
490
80
-347
-625
-684
-235
242
679
804
-118
-880
-723
-754
-634
54
247
449
683
-80
-756
-459
-79
623
1185
834
636
582
83
74
335
502
1200
1499
776
71
-384
-520
-92
18
-98
148
-69
-749
-1013
-1278
-1389
-829
-432
-510
-699
-1058
-1011
-596
-546
-346
142
256
241
229
2
92
669
1148
1321
1251
989
824
749
688
778
932
979
1048
756
124
-132
-105
-129
6
29
-241
-439
-545
-629
-672
-538
-257
-193
-434
-784
-1311
-1237
-314
198
44
32
-87
-496
-722
-616
-297
44
428
666
149
-575
-566
-474
-416
75
324
353
729
483
-273
-340
21
433
842
811
699
682
295
128
396
456
720
1113
694
103
-90
-215
-44
70
-200
-109
-106
-608
-764
-882
-1180
-857
-535
-720
-719
-772
-1002
-851
-678
-537
-120
84
100
187
10
1
530
892
997
1091
913
808
948
959
1037
1150
1043
942
719
306
303
467
298
154
-7
-383
-527
-447
-341
-276
-366
-461
-518
-688
-1024
-1469
-1336
-426
62
-179
-286
-386
-680
-867
-774
-407
-23
334
549
63
-549
-413
-267
-208
257
399
354
778
546
-225
-183
289
653
961
784
588
623
273
96
377
499
831
1114
449
-221
-291
-303
-30
185
-85
-43
-122
-769
-949
-857
-1047
-760
-354
-605
-867
-872
-846
-717
-664
-507
-113
-43
-70
145
10
-100
538
909
701
776
895
781
856
976
962
994
956
937
799
434
410
706
570
229
82
-92
-279
-330
-377
-362
-225
-269
-563
-745
-868
-1227
-1203
-574
-224
-337
-423
-628
-822
-845
-764
-377
-32
39
200
-96
-630
-311
-43
-146
325
554
254
533
499
-92
94
571
726
941
795
592
734
446
226
609
642
655
896
341
-238
-61
21
25
58
-276
-307
-257
-741
-812
-489
-649
-625
-456
-843
-1101
-833
-649
-534
-393
-265
-84
-207
-409
-166
-53
-69
560
947
571
464
568
386
504
817
964
998
921
847
660
293
402
843
675
359
304
25
-266
-159
-91
-131
-161
-194
-295
-611
-806
-763
-1098
-1067
-277
-144
-577
-583
-673
-945
-848
-539
-274
-193
-138
-67
-450
-712
-162
69
-58
301
353
176
531
381
-30
493
976
746
620
620
626
650
448
522
887
785
741
720
-60
-389
128
168
9
53
-193
-417
-657
-952
-860
-671
-580
-340
-583
-1099
-901
-592
-823
-696
-211
-118
-125
-55
-153
-193
-64
213
573
655
626
673
480
347
615
711
712
953
942
575
421
497
576
521
401
346
213
46
42
-45
-229
-79
32
-300
-533
-477
-536
-469
-514
-999
-1028
-441
-321
-626
-800
-745
-581
-589
-565
-395
-470
-301
43
-360
-604
-18
180
67
246
168
283
722
494
220
648
907
854
805
604
558
673
622
732
766
576
734
562
-269
-371
121
30
-148
-124
-403
-735
-837
-852
-828
-706
-492
-395
-650
-919
-766
-591
-603
-315
-16
-83
26
224
35
-3
357
602
694
747
673
561
518
575
721
723
662
740
610
253
225
392
329
305
275
-9
-189
-146
-173
-198
-181
-173
-197
-402
-609
-548
-486
-549
-639
-696
-529
-320
-437
-676
-722
-658
-508
-341
-297
-292
-207
-173
-268
-330
-148
117
247
243
234
352
513
471
363
515
755
793
741
657
532
535
630
611
564
590
528
281
-94
-257
-76
38
-55
-165
-355
-619
-753
-720
-619
-499
-390
-405
-604
-760
-674
-500
-355
-140
53
9
-121
-106
9
132
262
470
612
509
380
375
327
292
518
726
525
345
442
297
78
281
452
298
279
273
-10
-162
33
70
-43
-36
-49
-215
-477
-637
-532
-429
-320
-234
-495
-720
-664
-769
-855
-631
-506
-432
-372
-572
-663
-469
-395
-291
-37
67
185
285
125
198
492
536
669
898
763
690
907
865
730
798
861
855
651
385
383
330
196
225
58
-193
-185
-305
-555
-505
-422
-557
-634
-680
-795
-753
-680
-703
-619
-531
-518
-393
-266
-301
-279
-91
105
190
211
345
451
362
421
592
593
661
759
623
509
629
738
704
625
632
528
122
-56
111
104
77
153
-151
-549
-683
-763
-778
-772
-817
-727
-773
-1005
-1049
-1087
-1179
-978
-761
-749
-539
-385
-555
-491
-253
-104
208
449
476
591
640
627
809
1001
1134
1207
1091
1001
1039
925
866
946
813
635
583
411
235
192
80
-130
-289
-382
-436
-437
-506
-642
-733
-730
-686
-666
-631
-531
-504
-484
-400
-328
-282
-108
55
69
194
382
370
452
654
645
641
564
367
462
702
638
488
330
245
208
55
-64
-122
-301
-295
-252
-544
-663
-541
-710
-868
-795
-770
-652
-501
-654
-785
-587
-426
-443
-330
-150
-55
-78
-151
50
310
261
334
436
198
210
431
377
325
416
415
329
196
232
361
305
194
177
114
75
209
229
25
75
250
93
0
96
58
61
123
84
27
15
66
26
-130
-30
203
90
-150
-148
-128
-133
21
138
101
63
23
-83
-105
33
237
395
213
-237
-270
25
136
174
144
25
-13
-159
-255
-222
-276
-133
6
-308
-473
-387
-520
-516
-339
-384
-272
-40
-319
-559
-232
-15
-102
-12
147
159
70
-1
144
344
355
485
493
37
-68
239
221
202
308
197
64
-102
-238
-61
79
34
-1
-146
-303
-164
-50
-119
58
265
97
15
81
17
130
328
342
330
332
266
214
140
143
321
350
170
136
30
-161
-82
16
-27
9
35
-83
-221
-217
-99
30
131
116
70
-121
-508
-342
173
265
236
143
-196
-323
-324
-264
-81
-51
-94
-166
-473
-633
-465
-439
-440
-305
-338
-379
-275
-416
-505
-163
89
-45
0
212
155
61
154
315
553
631
557
513
190
149
567
516
331
435
273
-28
-126
-55
79
59
-45
-183
-384
-471
-372
-328
-370
-209
-95
-358
-445
-224
-215
-155
59
53
5
102
100
42
125
313
407
327
227
253
249
207
302
338
315
396
335
143
92
175
297
367
351
292
39
-337
-337
70
298
241
78
-243
-536
-558
-414
-361
-378
-274
-308
-677
-882
-757
-674
-576
-433
-417
-421
-375
-456
-457
-190
77
167
308
445
370
308
369
536
813
978
954
854
577
439
583
642
640
633
439
164
-102
-207
-71
-13
-160
-340
-489
-641
-685
-583
-567
-546
-434
-567
-738
-583
-429
-375
-266
-163
-47
16
4
21
69
167
402
550
447
400
501
450
386
545
685
640
542
482
462
464
434
442
441
351
289
7
-391
-175
295
225
-54
-310
-599
-732
-679
-503
-446
-536
-537
-726
-1069
-1028
-773
-673
-658
-562
-466
-475
-427
-377
-336
-34
230
210
343
540
500
463
528
719
1033
1074
915
790
521
511
742
685
620
577
233
-96
-193
-91
21
-83
-293
-565
-735
-713
-681
-561
-510
-580
-583
-705
-716
-417
-334
-341
-219
-159
-21
153
114
63
176
342
488
548
499
449
496
478
413
503
669
631
444
374
386
401
375
315
335
252
156
95
-285
-411
29
89
-159
-320
-559
-663
-657
-581
-481
-612
-652
-585
-826
-911
-695
-622
-610
-529
-467
-411
-319
-212
-123
-11
230
289
265
512
615
496
588
768
871
905
819
779
579
366
598
710
511
430
228
-145
-332
-226
5
-94
-357
-485
-719
-858
-710
-567
-523
-511
-524
-585
-654
-457
-210
-272
-265
-81
-4
73
235
256
161
243
519
559
443
560
573
372
371
601
702
609
493
390
208
252
477
426
274
290
189
28
46
-151
-424
-222
102
-18
-304
-504
-625
-743
-696
-470
-516
-613
-500
-624
-898
-847
-642
-463
-370
-309
-257
-286
-217
-106
-11
213
435
474
575
594
464
500
658
837
937
769
609
583
354
331
504
427
261
88
-115
-360
-498
-282
-175
-434
-540
-624
-748
-757
-655
-467
-471
-489
-327
-345
-341
-81
-12
-29
76
245
293
264
412
500
425
494
569
449
364
425
482
412
411
494
339
131
184
171
32
171
256
63
-11
-11
-59
-36
45
111
-285
-676
-308
49
-18
-64
-290
-569
-635
-503
-286
-410
-464
-244
-441
-709
-537
-379
-299
-224
-227
-181
-153
-24
140
115
191
451
429
388
540
485
405
538
684
695
548
402
345
79
56
338
223
-75
-150
-252
-461
-566
-422
-326
-560
-611
-546
-699
-711
-500
-341
-310
-348
-286
-214
-190
95
333
250
248
344
343
378
497
595
618
571
526
442
368
413
408
297
233
228
204
133
62
79
47
-91
-154
-133
-112
-91
-117
-131
-53
-73
-57
-93
-480
-596
-123
182
103
-62
-263
-424
-510
-310
-71
-185
-169
-51
-361
-539
-317
-148
-13
-2
-76
-140
-175
-3
189
163
292
413
236
214
234
193
337
462
490
479
247
94
32
-111
30
221
147
-83
-424
-575
-479
-450
-294
-189
-373
-552
-659
-656
-521
-330
-40
-7
-251
-254
-142
-82
126
329
407
378
338
369
360
384
525
628
638
549
374
302
311
320
333
303
239
137
-17
-65
-32
-10
32
-43
-166
-177
-199
-193
-95
-10
55
35
28
-126
-482
-329
197
330
204
3
-266
-328
-254
49
180
-90
-88
-43
-352
-346
-123
-108
-26
-66
-132
-163
-164
19
103
-2
136
227
131
217
187
139
253
311
339
349
224
172
44
-97
57
117
41
-96
-363
-465
-405
-420
-342
-335
-456
-557
-667
-616
-516
-383
-140
-186
-405
-319
-148
-41
136
269
290
244
311
425
389
442
605
590
519
545
469
330
318
393
342
182
159
118
-79
-126
-36
-133
-190
-143
-220
-344
-334
-207
-166
-201
-139
-113
-143
-23
-161
-367
-109
239
254
101
-91
-120
-111
-18
254
135
-109
7
-43
-237
-131
-46
-27
-30
-124
-110
-127
-52
115
38
-49
91
122
187
263
148
129
152
219
375
378
257
162
-85
-91
115
138
73
-94
-270
-341
-425
-345
-184
-301
-364
-400
-527
-461
-290
-131
-96
-226
-155
0
12
169
289
247
293
369
464
494
436
490
462
393
477
471
335
298
207
83
30
45
81
-59
-194
-185
-246
-358
-214
-154
-278
-348
-288
-231
-229
-151
-22
-76
-133
71
-15
-261
-86
225
255
154
60
-55
-146
-103
134
36
-144
-24
-50
-268
-242
-135
-154
-125
-139
-103
-162
-117
48
9
-73
92
185
187
233
167
155
169
238
337
290
248
201
17
-75
12
23
13
-69
-199
-342
-431
-295
-229
-335
-381
-384
-457
-401
-255
-136
-149
-158
-81
-58
-15
143
240
259
304
344
358
320
354
415
366
355
424
346
214
157
99
30
-3
45
34
-122
-205
-244
-363
-328
-206
-164
-222
-288
-281
-270
-267
-97
32
-6
38
54
52
-51
-103
104
324
315
249
72
-72
-32
43
210
160
18
18
-34
-145
-76
-14
7
48
-42
-50
-51
43
149
103
61
168
151
174
272
129
86
218
265
178
160
167
48
-198
-89
58
-118
-107
-57
-355
-538
-328
-180
-318
-389
-160
-256
-505
-214
-39
-242
-142
148
82
-49
149
346
166
164
470
397
231
412
465
203
168
388
386
159
153
169
-87
-158
43
14
-162
-162
-176
-324
-374
-209
-147
-294
-217
-121
-235
-214
-19
6
-23
0
107
129
98
255
168
-65
60
309
291
239
125
31
-95
-96
162
84
-101
-8
-50
-265
-205
-109
-73
-87
-149
-94
-182
-164
81
71
-56
44
26
14
90
119
172
114
85
167
72
8
81
-38
-42
56
24
-47
-185
-238
-221
-240
-131
-67
-219
-187
-182
-289
-208
-49
77
62
-34
-20
-18
17
267
324
194
183
186
169
178
250
294
216
157
131
10
-36
67
57
-12
-79
-123
-176
-216
-158
-125
-170
-166
-153
-217
-152
-79
-55
-27
-29
-5
16
43
161
187
143
184
82
0
144
264
270
187
39
-31
-75
13
170
37
-54
-55
-143
-163
-101
-67
-25
-65
-122
-82
-115
1
98
36
46
44
0
92
137
71
127
121
107
64
54
55
-64
-109
8
-28
-162
-72
-154
-328
-309
-146
-147
-245
-181
-140
-294
-261
-3
-26
-107
-4
53
-40
2
220
228
95
160
222
99
144
291
209
63
101
123
18
2
88
5
-154
-117
-56
-126
-145
-99
-167
-235
-169
-77
-116
-129
-52
-48
-100
-21
68
47
51
100
117
82
126
237
184
42
54
126
123
132
135
62
-11
-41
6
-25
-81
5
17
-78
-107
-100
-112
-84
-41
9
-17
-53
11
-26
-88
-6
82
95
83
26
-10
-59
-17
102
72
28
1
-104
-144
-86
-56
-18
-41
-83
-121
-198
-142
-42
-36
-15
-12
-78
-74
-23
22
57
67
103
81
50
93
103
89
134
132
87
77
77
70
38
23
48
35
-9
-21
-55
-78
-51
-56
-61
-68
-64
-58
-78
-76
-52
-42
-14
14
-9
0
11
19
36
46
66
86
81
85
66
13
33
77
83
86
67
34
-9
-21
-14
6
-15
-26
-24
-48
-67
-65
-62
-76
-70
-56
-49
-51
-29
-24
-44
-52
-30
-11
-6
-3
11
5
-10
6
4
1
7
8
11
14
14
22
16
6
4
10
30
42
42
17
4
24
45
48
61
68
48
34
33
55
69
75
67
25
-13
-9
19
21
2
-18
-42
-65
-49
-30
-48
-67
-68
-70
-85
-67
-53
-53
-71
-66
-49
-22
-7
-4
-10
-25
-4
19
30
48
45
16
19
40
51
73
70
55
32
1
14
34
34
33
18
-14
-11
-15
-19
-16
-18
-9
-8
-19
-22
-13
-15
-10
-12
3
25
12
2
-19
-33
-18
12
29
24
-17
-42
-36
-42
-24
-4
-5
-10
-30
-47
-26
1
20
29
19
19
24
21
44
68
79
82
82
74
52
48
63
70
70
59
40
18
-4
-20
-18
-15
-19
-29
-59
-74
-76
-65
-46
-40
-49
-61
-76
-81
-64
-39
-11
6
-10
-31
-36
-18
10
29
40
35
4
-1
12
16
30
43
30
2
-15
-13
3
2
20
12
-25
-31
-17
-15
-9
7
7
-20
-36
-10
-5
-9
20
30
1
-12
-1
8
6
19
22
-17
-35
-14
-18
-31
-12
-14
-40
-51
-40
-26
-33
-18
-2
-24
-26
3
8
16
37
51
42
39
54
62
49
56
72
54
47
50
29
8
5
10
-3
-22
-23
-31
-56
-62
-56
-62
-61
-63
-76
-86
-85
-56
-42
-44
-27
-31
-45
-31
-4
12
12
12
21
12
14
33
34
25
32
32
26
31
39
39
20
18
23
11
12
29
23
12
8
8
14
10
21
22
0
-1
14
7
7
15
8
0
-2
4
7
0
0
1
-16
-20
-4
1
-8
-17
-21
-27
-31
-15
-8
-11
-11
-5
0
1
8
27
34
37
54
61
55
66
68
65
69
76
79
63
52
47
28
14
23
21
-8
-22
-40
-59
-69
-57
-43
-54
-68
-81
-93
-90
-60
-42
-32
-32
-40
-44
-46
-24
10
25
38
33
14
5
20
46
67
77
72
45
20
21
36
51
70
68
44
17
6
9
12
28
43
26
-2
-17
-25
-28
-21
-10
-11
-25
-39
-51
-62
-55
-43
-38
-40
-48
-57
-61
-55
-39
-30
-35
-37
-36
-35
-23
-8
-3
-5
-10
-9
1
18
43
50
35
23
32
42
62
84
77
55
36
34
37
47
58
49
20
-4
-9
-18
-6
0
-13
-35
-54
-54
-47
-41
-38
-40
-58
-50
-37
-32
-18
-11
-5
-3
3
14
20
27
40
51
47
54
60
65
70
78
80
71
65
57
49
54
63
62
54
37
18
9
11
18
19
3
-19
-41
-54
-46
-30
-31
-37
-56
-78
-92
-84
-62
-46
-49
-61
-74
-77
-63
-42
-22
-17
-23
-29
-24
-10
11
27
32
37
30
36
43
56
66
68
62
52
47
47
55
52
50
37
25
23
19
14
13
9
-8
-22
-35
-37
-37
-36
-42
-49
-60
-63
-62
-61
-43
-37
-31
-31
-26
-26
-15
-4
13
24
22
29
31
38
41
52
54
59
58
57
50
48
54
51
50
47
43
31
25
27
24
8
-3
-9
-18
-25
-28
-34
-49
-64
-72
-78
-72
-59
-56
-71
-85
-90
-87
-77
-58
-48
-51
-55
-54
-47
-36
-15
6
5
-3
-1
7
17
30
41
45
42
38
41
41
47
49
45
34
28
27
26
23
18
12
-2
-7
-12
-16
-20
-25
-34
-43
-48
-50
-48
-47
-46
-45
-43
-42
-38
-36
-31
-18
-5
2
4
8
15
22
36
47
53
54
53
50
49
56
65
69
64
57
48
39
36
38
39
32
20
6
-6
-11
-13
-13
-20
-35
-48
-53
-57
-61
-63
-62
-66
-70
-69
-63
-63
-62
-63
-60
-53
-41
-35
-34
-26
-20
-13
-6
8
21
27
35
36
39
40
51
60
63
60
57
52
48
51
46
46
44
35
24
13
6
-1
-6
-10
-15
-27
-41
-52
-55
-54
-53
-51
-55
-55
-58
-57
-53
-44
-35
-29
-22
-23
-15
-11
2
13
25
35
34
41
41
47
53
62
63
61
58
50
46
41
38
31
28
22
12
1
-8
-15
-21
-20
-27
-34
-43
-52
-56
-55
-54
-49
-49
-54
-59
-61
-54
-44
-33
-29
-28
-27
-21
-12
-1
14
20
26
29
34
40
49
59
65
66
67
66
62
62
60
60
55
53
49
38
30
26
22
16
10
2
-6
-14
-20
-24
-25
-26
-31
-37
-42
-42
-42
-38
-36
-36
-38
-34
-31
-28
-22
-14
-9
-7
-4
0
5
12
20
25
24
23
25
30
37
43
41
38
30
24
25
27
28
21
12
3
0
-1
-3
-8
-12
-19
-21
-23
-23
-24
-27
-30
-30
-27
-26
-23
-25
-25
-26
-23
-14
-7
-3
-2
-2
0
7
13
19
24
27
27
29
32
32
35
38
38
38
36
34
29
25
24
22
19
16
10
1
-7
-13
-14
-17
-18
-19
-28
-38
-40
-41
-39
-37
-39
-45
-48
-46
-38
-33
-29
-27
-27
-25
-19
-14
-9
-5
-1
3
6
9
11
12
14
19
17
15
16
15
12
12
12
9
4
3
-2
-7
-9
-11
-14
-19
-22
-24
-28
-29
-28
-28
-28
-28
-25
-24
-24
-20
-17
-16
-8
-4
-1
2
7
12
15
19
26
31
37
39
40
45
52
55
54
54
51
52
55
56
55
52
48
41
39
37
36
29
27
19
13
9
3
0
-4
-9
-13
-17
-23
-27
-30
-33
-32
-32
-30
-31
-30
-30
-31
-28
-23
-21
-18
-15
-16
-13
-9
-3
1
2
3
3
2
5
8
8
10
8
6
4
3
2
-1
-6
-12
-15
-17
-16
-21
-31
-29
-34
-41
-39
-35
-30
-34
-38
-32
-30
-34
-27
-22
-29
-21
-13
-7
-6
-2
3
8
13
24
29
30
35
35
35
39
43
45
47
46
43
38
39
47
46
45
40
33
25
25
25
16
11
5
1
-7
-10
-12
-16
-20
-20
-20
-28
-34
-34
-34
-32
-30
-30
-32
-34
-31
-28
-27
-20
-16
-16
-18
-16
-15
-12
-6
-2
-5
-7
-3
-1
1
5
7
2
-2
-4
-4
-3
0
2
-6
-9
-9
-10
-11
-7
-5
-10
-12
-12
-12
-11
-7
-5
-8
-5
-3
-5
-5
1
4
4
6
10
11
11
16
19
18
20
21
21
24
27
29
28
27
30
29
26
26
25
20
21
20
19
16
13
8
3
1
0
-5
-9
-10
-13
-15
-14
-16
-16
-16
-16
-16
-16
-13
-12
-13
-12
-9
-5
-2
3
4
5
7
8
11
14
15
18
19
18
19
20
21
21
21
20
18
15
11
8
5
1
-1
-5
-6
-7
-7
-11
-13
-15
-18
-17
-18
-20
-22
-22
-22
-21
-18
-18
-17
-19
-16
-15
-15
-11
-10
-10
-8
-4
-2
0
1
3
3
7
12
12
12
12
13
14
15
16
15
14
14
12
9
8
10
9
6
3
1
-1
-2
-5
-6
-7
-9
-10
-11
-11
-9
-8
-9
-7
-7
-6
-4
-1
2
5
7
11
11
15
18
23
25
27
28
27
27
26
27
25
26
23
21
18
16
13
12
8
5
1
-4
-8
-11
-13
-16
-18
-22
-24
-24
-25
-25
-26
-26
-28
-28
-29
-29
-26
-24
-22
-21
-20
-18
-17
-16
-15
-12
-11
-10
-8
-5
-5
-1
0
1
2
3
5
5
5
5
6
4
3
3
4
3
2
0
-2
-2
-3
-4
-5
-6
-9
-9
-9
-11
-11
-10
-9
-9
-7
-6
-5
-4
-1
-2
0
0
2
3
6
7
7
8
9
10
11
10
12
12
11
12
13
14
15
15
12
10
8
7
6
6
7
6
4
5
3
2
3
1
-2
-2
-1
-3
-4
-4
-3
-4
-2
-1
0
-2
-1
-1
-2
0
1
3
2
6
5
2
4
5
6
6
7
5
6
5
5
5
3
3
2
0
-1
-2
-3
-4
-5
-5
-7
-7
-8
-10
-10
-10
-10
-11
-11
-10
-9
-9
-5
-5
-7
-5
-5
-2
0
3
4
3
3
5
5
7
8
13
12
13
14
14
15
15
14
12
11
11
9
7
7
6
3
2
2
1
1
1
1
-2
-4
-3
-5
-7
-8
-7
-5
-4
-2
-2
-3
-4
-3
-2
0
0
0
-1
1
4
5
6
7
7
8
9
7
9
8
6
5
6
4
3
2
1
2
0
-3
-7
-8
-9
-10
-9
-11
-13
-14
-13
-13
-14
-15
-15
-14
-13
-15
-16
-15
-13
-12
-10
-8
-5
-7
-6
-4
-2
2
4
6
6
7
8
9
12
15
16
15
17
15
17
16
17
16
13
12
9
8
6
3
3
1
0
-2
-3
-6
-8
-8
-11
-12
-13
-14
-12
-13
-12
-12
-12
-12
-12
-9
-6
-6
-6
-4
-3
0
1
2
1
3
4
5
6
8
8
8
9
11
12
12
10
10
8
7
7
6
7
4
3
2
2
0
-1
-3
-4
-4
-6
-6
-7
-7
-8
-8
-7
-8
-8
-9
-9
-10
-9
-8
-9
-7
-6
-7
-7
-3
-1
0
1
3
3
4
6
6
7
7
6
8
9
10
10
9
8
7
7
6
4
3
3
3
4
2
0
0
-2
-2
-2
-3
-3
-4
-5
-7
-6
-5
-4
-5
-5
-4
-5
-3
-4
-5
-5
-4
-4
-3
-3
-4
-3
-3
-3
-3
-2
-1
0
0
0
0
-1
-1
1
-1
-1
0
-1
-2
-1
0
1
-1
-1
-2
-1
-1
-1
0
0
0
0
0
-1
-2
0
1
0
1
1
2
2
2
4
5
5
5
6
5
6
7
7
7
7
7
6
6
4
5
4
3
3
1
1
1
0
-2
-1
-1
0
-2
-1
-1
-3
-3
-2
-1
-2
-2
-4
-4
-1
-1
-1
-1
-1
-1
1
1
1
0
0
0
0
1
1
1
2
0
0
-1
-3
-2
-1
1
0
1
0
1
1
0
0
-1
-1
-1
0
0
2
2
3
3
3
2
2
3
2
2
1
2
2
2
1
1
1
1
-1
-1
-2
-2
-2
-2
-1
0
-2
-2
-1
-1
-1
-2
-3
-3
-2
-3
-2
-2
-2
-2
-1
-2
-1
0
0
2
2
1
1
2
2
4
3
3
4
3
3
1
1
2
3
3
3
4
4
3
4
3
2
2
2
2
2
-1
0
-1
-1
-1
0
1
0
-1
-1
-2
-2
-1
0
-1
-1
-1
-1
-1
0
0
-2
-3
-2
-1
0
1
0
-1
-1
-2
-2
-1
-3
-3
-3
-3
-3
-4
-4
-3
-2
-3
-2
-3
-2
-3
-1
-1
-1
-1
-2
-2
-1
-2
-2
-2
1
1
-1
-1
-1
0
0
1
1
3
4
4
4
3
4
3
3
4
5
4
3
3
3
3
3
3
3
2
4
3
3
2
2
2
2
2
2
3
1
0
0
0
0
-1
-1
-1
-1
0
-1
0
-1
0
0
0
-2
-2
-2
-2
-2
-3
-3
-5
-6
-5
-5
-6
-4
-3
-3
-2
-2
-2
-1
-2
-2
-3
-3
-3
-2
-3
-2
-1
0
1
1
1
0
1
1
0
1
1
1
1
1
1
1
1
1
0
0
0
0
-1
-1
-1
-2
-1
0
-1
-1
-2
-2
-2
0
-1
0
0
0
0
-1
-1
-1
-1
-2
0
-1
-1
0
0
2
1
2
1
2
1
2
2
3
2
2
3
0
1
0
0
0
0
0
-1
0
0
1
2
1
1
0
-1
-2
-1
-2
-2
0
-1
-1
1
2
2
2
3
2
-1
-1
0
1
0
1
2
3
1
1
3
2
3
3
2
2
1
0
0
-1
1
1
0
0
-1
-2
-1
-1
1
3
1
-1
-1
0
1
-1
-1
0
-1
-2
-2
-2
-3
-3
-2
-1
-1
-1
-1
0
-3
-1
-1
0
0
0
0
0
1
2
2
1
1
2
2
2
3
3
4
3
1
3
1
0
0
-1
-1
-1
-1
-1
-1
0
-1
0
0
0
2
1
2
2
1
1
2
1
2
1
0
1
1
0
0
1
2
0
-1
0
-1
-1
-1
0
-2
-2
-2
-2
-4
-5
-4
-4
-5
-3
-3
-2
-2
-2
-2
-1
-1
-2
-2
-1
0
0
-1
-2
-3
-1
0
0
-1
-1
0
0
2
1
1
1
0
0
-2
-1
-2
-1
-1
0
1
3
1
1
2
1
2
0
0
0
1
0
0
1
2
1
1
0
0
1
1
0
1
1
0
1
-1
-1
-1
0
1
1
0
-1
0
1
2
1
1
2
2
2
2
2
3
2
3
3
3
1
0
0
1
2
2
3
2
3
3
3
2
1
1
0
1
2
1
1
0
0
1
2
3
2
1
0
0
0
2
2
2
2
0
1
1
-1
-1
-1
0
0
-2
-1
-1
-1
-1
-1
-2
-2
-1
-1
0
0
-1
1
2
2
1
2
3
1
1
0
0
-1
-1
-1
0
0
1
0
-2
-2
-3
-2
-2
-2
-2
-1
-1
-1
-1
0
-1
-1
-2
-3
-3
-3
-1
-1
-1
-1
-1
-1
-1
0
-1
0
0
0
-2
-1
-1
-1
-1
-1
-1
-1
-2
-2
-1
0
-1
-2
-2
-3
-3
-1
-1
-1
0
0
0
0
0
-1
0
2
2
2
2
3
1
1
0
0
0
0
-1
-2
1
-1
0
0
-1
-2
-2
0
0
0
0
1
1
1
0
-1
-2
-2
-1
0
-1
-1
-2
-2
-1
0
-1
0
-1
-4
-3
-1
0
1
2
1
0
1
1
0
0
1
1
0
1
2
2
1
2
2
1
0
-1
-1
0
1
0
0
0
0
-1
-1
-1
-1
-1
-2
-2
-1
0
-2
0
0
1
2
3
4
2
3
2
0
1
-1
0
0
0
0
-2
-1
-1
-2
-1
1
0
1
1
2
1
1
0
0
-1
0
-1
-1
-1
-1
1
1
0
0
0
-1
1
1
2
2
0
1
1
0
1
2
1
1
1
1
1
1
2
0
0
0
-1
-1
-1
1
0
1
0
0
-1
-1
0
0
1
-1
-1
-1
0
-1
-1
-1
-1
-1
-1
0
1
0
-1
0
1
1
0
0
-1
-1
-3
-1
-1
-2
-2
-1
-3
-2
-3
-2
-2
-1
0
-1
0
1
0
0
0
-1
-1
1
-1
-2
-1
-1
-1
-1
-1
0
1
2
1
0
1
0
0
1
-1
0
0
1
2
1
2
2
2
2
2
3
3
4
3
3
3
1
1
2
2
2
2
2
1
2
2
2
2
1
1
0
0
-1
-1
1
0
0
0
0
-1
0
-2
-1
-1
-1
-1
-1
0
-2
-2
-2
-1
-1
-1
-2
-2
-1
0
1
0
1
1
0
-2
-2
-1
-2
-2
-2
-2
-1
-1
-2
-1
-1
1
1
2
2
2
2
3
0
0
0
1
1
1
1
1
2
2
2
1
0
0
0
1
0
0
0
-1
0
-1
0
1
1
1
0
1
1
2
2
3
1
1
1
0
2
2
2
3
3
1
2
1
0
-1
-1
0
0
-1
0
2
1
2
1
1
0
0
0
0
1
1
-1
-1
-2
-1
0
-2
-2
0
0
0
1
2
1
1
2
1
0
0
-1
-1
-3
-2
0
-1
0
-1
-1
0
1
1
-1
-1
-1
-3
-2
-2
-3
-3
-2
-1
-2
-2
-2
-1
-1
-1
0
1
0
-1
0
0
1
0
1
2
2
2
2
2
3
2
2
1
0
0
1
0
1
1
2
2
3
2
3
2
3
3
2
1
1
2
2
2
-1
0
1
0
0
-1
0
-1
-1
-1
-4
-3
-4
-5
-5
-5
-5
-4
-4
-3
-4
-4
-4
-5
-5
-3
-3
-3
-3
-4
-3
-1
-1
1
0
0
0
-1
0
1
3
3
3
1
1
1
0
1
3
3
3
3
2
3
2
2
2
2
1
1
2
1
0
0
-1
0
1
1
2
3
3
3
2
2
2
1
2
1
0
2
0
0
0
0
0
-2
-1
-1
0
0
0
-1
0
0
-2
-1
0
-1
0
-1
-1
-1
0
1
0
0
0
0
1
0
0
-2
-1
-1
0
0
1
1
1
2
2
1
1
1
1
1
1
3
2
1
2
2
1
1
0
1
0
1
1
2
1
0
0
1
1
1
2
2
-1
0
0
0
0
0
-1
-3
-4
-2
-2
-2
-1
-2
-1
-1
0
0
1
1
1
1
-1
-1
-1
-2
-2
-2
-2
-2
0
2
0
0
-2
-2
-2
-2
-2
-2
-2
-2
0
-1
0
-1
0
0
0
1
1
0
0
-1
0
0
0
0
-1
-1
-1
-1
-1
-1
-1
-2
-2
-3
-1
-2
-2
-1
-1
-1
-2
-1
-1
-3
-2
-3
-3
-2
-1
-1
-2
0
0
-1
0
-1
-2
-3
-2
-3
-2
-2
-3
-2
-2
-2
-2
-1
-1
-1
0
0
0
1
0
1
1
0
1
2
2
4
3
2
3
3
3
2
1
2
1
1
2
3
2
2
2
1
2
2
2
2
2
1
1
0
-1
-1
-1
0
1
-1
-1
0
0
1
0
0
1
1
0
1
0
-1
-2
0
1
1
1
0
-1
-1
-1
0
0
0
-2
0
0
0
1
0
0
0
0
1
3
3
2
3
4
4
3
2
2
1
1
1
1
-1
-1
0
1
1
2
2
1
0
0
-1
0
1
1
2
3
1
1
2
2
1
3
2
1
1
1
-1
0
0
1
1
1
1
1
1
0
0
0
-1
-1
-2
-1
-2
-3
-3
-3
-1
-1
-1
0
0
0
0
0
1
-1
0
0
1
1
0
1
0
-1
-1
1
1
1
0
0
-1
0
0
1
0
0
0
-1
-1
-1
-1
-1
-2
-1
-2
-3
-2
-3
-3
-2
-2
-2
-2
-1
-1
0
-1
0
1
1
1
1
1
0
-1
0
1
1
1
0
1
2
2
1
3
2
2
3
3
3
2
2
2
2
1
2
2
2
2
2
1
1
1
2
1
1
1
1
1
1
1
1
1
2
1
2
1
1
1
0
1
0
-2
-2
-2
-2
0
0
1
1
0
0
-2
-1
0
0
-1
0
-1
-3
-2
-3
-3
-3
-4
-3
-4
-4
-4
-4
-3
-3
-2
-3
-3
-1
-1
-2
-2
-2
-2
-2
-2
-2
-3
-3
-3
-3
-4
-5
-5
-3
-1
-1
-1
-2
-2
-2
-3
-2
0
-1
-1
-2
-1
-1
0
0
0
1
0
0
-1
0
0
0
0
-1
-1
1
3
2
3
2
1
2
1
1
1
2
2
3
2
1
1
2
1
2
2
2
2
3
3
3
3
2
1
0
0
0
2
1
0
0
1
1
3
3
2
1
2
3
3
2
2
0
1
2
1
2
2
1
2
0
0
1
0
0
0
0
1
1
-1
0
0
-1
-2
-2
0
-1
0
-1
0
0
-1
-1
-1
-2
-2
-1
-1
0
-1
1
1
0
-1
-1
-1
0
0
-1
-1
-1
-1
-1
-1
-3
-2
-2
-2
-1
-1
-3
-2
-1
-1
0
-1
-1
-1
-1
0
1
1
1
1
0
1
1
2
2
2
2
1
1
1
-1
0
1
1
1
0
1
0
1
1
0
-1
-1
0
-2
-1
-2
-3
-3
-3
-4
-3
-3
-2
0
0
1
1
0
-2
-2
0
0
0
0
0
0
-1
-2
-2
-1
0
-1
-1
-1
0
-1
-1
-1
-1
-1
-2
-1
-1
-3
-3
-3
-2
-2
-1
-2
-2
-2
-3
-3
-2
-1
-3
-2
-1
-1
0
2
3
3
2
2
1
1
1
1
-1
0
3
3
3
3
2
3
3
3
4
3
3
3
3
3
3
3
2
1
1
0
0
1
0
-1
-2
-2
0
0
0
-1
0
0
0
0
0
0
-1
-1
0
-1
-1
0
0
0
0
1
0
1
1
0
0
-1
-2
-2
0
0
-1
-1
-1
-1
-1
-1
-1
0
0
1
1
2
2
2
2
1
0
1
0
-1
-1
-2
-1
1
1
0
0
0
-1
-1
-2
-1
-2
-2
-1
-2
-1
0
0
0
0
0
-1
-1
0
-1
-1
0
0
1
2
1
1
1
2
2
2
2
0
0
0
0
0
0
0
0
0
-1
0
0
0
0
1
-1
0
0
0
0
-1
0
1
1
1
0
1
1
2
1
2
2
2
1
3
3
2
2
2
3
3
3
3
3
3
5
4
4
3
4
3
2
1
2
2
1
2
2
1
1
1
0
-1
-1
-2
-2
-3
-4
-3
-3
-3
-3
-3
-3
-2
-2
-2
-2
-2
-1
-1
0
0
1
1
1
1
0
-1
1
0
1
1
1
2
0
-1
-1
-2
-2
-1
-1
-1
-2
-1
0
-1
0
-1
-1
-1
0
0
1
0
0
2
1
0
0
-1
1
1
-1
1
1
2
1
1
1
2
3
2
1
2
2
0
0
0
-1
-2
-2
-1
-1
-2
-1
-1
0
0
-1
0
-2
-2
-1
-2
-1
-3
-3
-2
-2
-2
-1
-2
-1
-1
1
1
1
-1
-1
-1
0
-1
0
-1
-1
-2
-2
-2
-3
-3
-3
-1
-1
0
-1
-2
-1
-1
-1
-2
0
1
1
1
1
0
1
1
1
0
0
-1
0
1
0
1
0
-1
-2
-1
-2
-1
-1
-2
-2
-3
-4
-3
-3
-2
-1
-1
-1
-1
-2
-1
-1
0
0
1
1
-1
-3
-2
-1
-3
-1
-1
-1
0
1
1
1
1
0
1
1
2
3
1
1
2
3
2
2
1
2
1
1
2
1
2
3
3
4
2
3
3
1
3
1
1
1
1
3
5
5
5
5
4
4
4
5
4
4
3
2
3
2
2
2
1
-1
-1
-1
-1
-1
-1
0
0
0
2
2
0
0
0
0
-1
-1
0
2
1
1
0
1
0
0
0
-1
-2
-2
-2
-1
0
-1
0
-1
-1
-1
0
-1
-1
-1
-1
-1
-1
-2
-2
-2
-2
-2
-2
-2
-1
0
-2
-2
-2
-2
-1
-3
-3
-3
-3
-3
-2
-1
-1
-1
-2
-1
0
-1
0
0
2
2
0
1
-1
-1
-1
0
1
1
1
0
0
1
1
2
3
2
2
1
0
-1
-1
-1
-1
-2
-2
-2
-2
-2
-1
1
1
1
1
-1
-1
-1
-1
1
2
1
1
1
1
2
2
2
3
1
1
-1
0
-1
0
0
1
1
1
1
0
0
0
0
-1
-1
-2
-1
0
-1
0
1
0
1
1
2
2
2
3
3
2
2
2
1
3
2
1
0
0
0
0
0
0
0
0
0
0
-1
1
-1
-1
-2
0
-1
-1
0
2
3
3
3
2
3
1
2
2
1
1
-1
-1
-1
-2
-1
-1
-2
-3
-3
-3
-3
-3
-2
-3
-3
-2
-3
-4
-2
-2
0
0
-1
-1
-1
-1
0
-1
1
0
0
1
0
1
0
0
-1
0
0
0
0
-2
-1
-1
-2
-2
-4
-3
-2
-3
-2
-1
-1
-1
0
-1
-1
1
0
0
1
3
1
1
-1
-1
-2
-1
0
-1
-1
-1
-1
0
0
0
1
0
-1
-1
-1
0
0
1
0
0
-1
-2
-3
-3
-2
-2
-2
-1
-2
0
-1
-1
-1
0
1
1
1
-1
0
1
1
1
1
1
0
1
1
0
1
1
1
1
0
1
1
1
1
0
0
0
-1
-1
0
-1
1
0
0
1
2
2
3
2
3
2
1
0
0
1
-1
-1
-1
-1
0
1
1
0
0
1
2
1
0
0
0
-1
0
-2
-3
-3
-2
-1
-2
-2
-2
-1
-2
-1
-2
0
1
1
-1
-1
1
1
1
1
1
1
0
0
-1
0
1
0
1
0
-1
0
-1
0
-1
-1
-1
0
1
1
0
0
1
2
3
3
4
4
3
4
3
4
4
4
4
4
2
4
2
1
1
2
1
1
2
2
2
1
1
2
1
1
1
-1
-1
-1
0
0
1
1
-1
0
0
0
0
0
0
-1
0
1
0
0
1
2
0
1
2
2
3
4
3
3
3
3
4
2
1
1
0
-1
-2
-1
-1
-2
-1
-1
-1
-2
-2
-2
-3
-5
-5
-5
-5
-5
-5
-4
-5
-6
-7
-6
-6
-6
-6
-6
-5
-6
-5
-4
-4
-4
-4
-3
-3
-3
-3
-3
-2
-2
0
2
1
2
2
4
4
2
2
2
2
2
3
3
3
2
3
2
3
1
1
2
2
1
1
2
2
1
1
1
1
1
0
-2
-1
-2
-1
0
0
0
0
1
0
0
-1
-1
0
-2
-2
-1
0
-1
-1
-1
0
0
-1
1
1
-1
-3
-2
-2
-2
-2
-3
-3
-2
-2
-3
-3
-2
-3
-4
-3
-3
-3
-3
-3
-2
-2
-2
-2
-2
-3
-3
-2
-1
0
-1
0
0
1
1
1
1
2
2
2
2
2
2
3
4
4
4
3
4
5
5
6
5
5
4
3
2
2
1
2
2
2
1
1
3
3
2
1
2
4
3
4
3
4
4
6
4
4
4
4
5
4
5
4
4
4
4
3
2
2
2
2
2
2
0
1
-1
0
-1
-1
0
-1
0
1
0
-1
0
1
0
1
0
2
2
2
1
2
1
1
1
0
-1
0
1
0
0
-1
0
0
1
0
1
-1
-2
-1
-1
0
0
-1
0
-1
0
-1
-1
-2
-2
-3
-3
-3
-2
-1
-1
0
1
0
0
-1
-2
-2
-2
-1
-2
-3
-4
-3
-3
-3
-3
-2
-3
-3
-3
-3
-3
-3
-3
-3
-3
-3
-2
-3
-1
-2
-2
-1
-1
-2
-2
-2
-2
-4
-4
-4
-3
-4
-3
-2
-3
-4
-3
-4
-3
-3
-3
-2
-2
-2
-2
-2
-3
-2
-3
-2
-1
-1
1
1
0
-1
-1
0
-1
-1
0
-1
0
1
1
2
2
2
1
2
2
3
2
1
1
1
3
2
3
1
0
-1
-1
-1
0
1
0
1
0
0
1
0
0
0
-1
-1
0
0
1
1
1
1
2
1
2
1
1
0
0
-1
-1
-2
-1
-1
0
1
1
3
2
2
1
1
0
1
0
-2
0
0
1
0
1
-1
-1
-2
-2
-1
-1
0
0
0
1
-1
-1
-1
0
-1
0
-1
1
2
1
0
0
2
1
1
1
1
1
1
2
2
2
1
1
1
1
3
2
2
2
2
2
1
2
1
1
2
2
2
1
2
1
0
0
0
0
-1
-1
-1
-1
-1
0
-1
-1
-1
-1
0
-1
-1
-1
-1
1
0
-1
-2
-2
-1
0
1
-2
-2
-2
-2
0
2
2
2
1
1
1
0
1
0
1
2
1
1
0
1
-1
-1
-2
-1
-1
-1
-1
0
0
-1
0
0
-1
-1
-1
-2
-2
-1
-1
-2
-1
-1
0
-1
-2
-2
-3
-3
-3
-4
-4
-2
-2
0
-1
-1
0
-1
-1
0
1
1
1
1
1
2
1
0
0
1
1
1
1
1
0
0
1
1
1
0
0
1
0
1
0
-1
-1
0
0
0
1
1
1
2
2
1
2
3
3
4
3
2
2
3
1
1
2
2
0
1
0
1
1
1
1
3
2
1
-1
-1
1
0
0
-2
-3
-2
-2
-1
-1
-1
-2
-2
-2
-3
-2
-3
-3
-1
-2
-1
-1
-1
0
0
0
0
1
1
2
2
2
2
1
1
1
1
2
2
2
2
4
2
1
0
-1
-1
1
1
2
1
1
1
2
4
2
2
2
3
3
2
1
1
2
0
1
0
-1
-2
-1
-2
-2
-2
-2
-4
-3
-2
-3
-3
-3
-3
-2
-3
-4
-3
-2
-2
-1
-1
-1
-1
-2
-2
0
0
1
0
0
0
-1
-1
0
0
1
1
0
-1
0
0
-1
0
0
0
0
-2
-2
-2
0
-2
0
0
-1
-1
-2
-1
-1
-2
-3
-2
-1
-2
-1
-1
-1
-1
0
-1
1
0
0
0
-2
-2
-2
0
0
1
0
0
1
0
0
0
0
1
2
0
0
1
-1
-1
0
-1
-2
-2
-2
-1
-1
0
1
1
1
1
0
0
0
-1
-1
-1
1
0
2
2
2
2
3
2
2
2
1
1
1
1
1
1
1
1
1
0
1
1
1
2
2
1
1
2
2
1
0
0
0
-1
-1
-1
0
1
3
4
3
3
3
1
0
0
0
0
0
0
0
-1
-1
-1
-1
-1
-1
-2
-1
0
-1
-1
-2
-1
-2
-1
-2
-2
-3
-2
-2
-1
-1
0
-1
-2
-1
-1
-2
-1
-1
-2
-2
-1
0
-1
-1
-1
-1
-1
0
-1
-2
-2
-1
0
-1
0
0
0
0
1
0
0
0
-1
1
1
0
0
0
1
1
1
1
2
2
2
1
1
0
2
0
-1
-1
0
0
1
1
0
2
0
2
0
0
1
1
1
1
0
2
2
2
2
2
1
1
1
1
1
2
2
2
2
2
1
1
2
2
3
2
3
1
1
2
2
0
-1
-1
-2
-1
0
1
2
1
2
3
1
1
1
3
1
1
1
1
-1
-1
1
1
1
1
0
-1
0
0
-1
-1
-1
-1
-2
-2
-4
-4
-4
-4
-3
-3
-3
-1
-2
-1
-1
-1
-1
-1
0
1
1
1
0
0
0
0
2
1
3
3
1
1
1
0
0
0
0
-1
-1
0
0
-1
0
0
1
0
1
0
-1
-1
0
0
2
0
-1
0
1
0
-1
-1
0
1
0
1
0
0
1
0
0
-1
1
2
1
0
0
0
1
1
2
1
-1
-1
0
-1
-1
-3
-5
-3
-3
-3
-3
-3
-2
-3
-2
-2
-2
-2
-2
-2
-1
-2
-1
-1
-2
-2
-2
-2
-2
-1
0
-1
0
0
1
1
1
1
2
0
0
0
0
-1
-1
-1
-1
-3
-3
-3
-2
-2
-2
-1
-1
0
-1
-2
-2
-2
-1
0
0
2
1
-1
0
0
1
1
2
2
1
0
1
1
2
1
2
1
1
1
1
1
0
1
0
1
1
1
3
2
2
1
2
1
1
1
3
3
3
3
3
3
2
2
0
1
2
1
0
-1
-1
0
1
1
1
1
-1
0
0
0
0
0
2
1
1
0
0
0
0
0
0
0
-2
0
-3
-1
0
0
1
0
1
1
2
0
1
1
0
1
1
0
-1
0
0
0
0
0
-1
0
2
2
2
2
2
2
1
1
2
3
2
1
1
1
1
3
2
3
2
0
-1
0
1
1
1
0
1
2
1
0
-1
0
0
-1
-1
0
0
0
0
0
0
1
0
-1
-1
0
0
0
0
0
1
-1
-1
-2
0
0
-1
0
-1
-3
-4
-3
-3
-3
-4
-3
-2
-3
-3
-3
-3
-2
-2
-2
-1
-1
-2
-2
-2
-2
-2
-1
-2
-2
-2
-3
-2
-2
-1
-3
-3
-3
-2
-2
-1
-1
-2
0
0
-1
-1
0
1
2
1
0
0
-1
1
1
2
1
1
0
2
0
1
1
1
1
1
0
-1
-2
-2
-2
0
-1
-1
-1
-2
-2
0
-2
-1
-1
-1
0
1
2
1
1
1
-1
-2
0
0
1
1
2
0
0
1
1
1
2
2
2
1
2
1
1
1
0
0
-1
0
0
0
1
1
2
1
2
2
2
2
2
2
1
0
0
0
0
0
0
1
1
-1
-1
0
0
0
0
0
0
2
1
2
2
0
-1
0
-2
-2
0
-1
1
1
1
1
1
2
2
1
1
1
0
0
-1
-2
-1
0
1
1
1
1
0
0
1
0
-1
0
1
1
0
1
0
-1
-1
0
-1
-1
-2
-2
-3
-2
-3
-2
-3
-3
-3
-2
-3
-3
-2
-2
0
-2
-2
-2
-2
-1
-2
-1
-1
0
0
-1
0
0
0
1
0
1
1
0
-1
-1
0
0
-1
1
1
2
2
2
2
2
1
2
0
1
3
0
0
1
1
2
3
2
3
3
2
3
2
2
0
0
1
3
2
3
2
2
1
0
0
0
0
1
2
0
-1
-1
0
-2
-1
0
1
2
2
1
3
3
2
1
1
1
1
0
1
0
1
1
1
0
0
0
-1
-1
-1
-1
-2
-1
0
-1
-2
-1
-2
-1
0
1
0
0
-1
-2
-1
1
1
1
-1
0
-1
-2
-1
-2
-1
-1
0
1
0
0
0
1
-1
-1
0
0
-1
0
1
1
0
0
-1
-1
0
-2
-2
-1
-1
-1
-2
-2
-2
-1
-2
-2
-3
-4
-4
-4
-3
-2
-1
-1
1
1
1
4
3
2
2
2
1
2
1
2
2
2
2
2
2
1
2
1
1
0
-1
-1
-1
-1
-1
-2
-1
-2
-1
-1
-1
0
-2
-2
-2
-1
-1
-1
-1
-1
-1
-1
-1
-1
-1
0
1
1
1
2
1
1
0
1
3
3
4
4
4
2
2
0
1
-1
0
1
0
1
2
2
1
0
1
1
2
0
0
0
1
0
0
1
0
1
1
1
0
-1
0
0
0
0
1
2
0
2
1
2
2
1
1
0
0
1
2
2
2
2
2
2
2
2
1
0
0
0
-1
-2
-2
-3
-3
-3
-3
-2
-3
-2
-3
-3
-3
-3
-3
-4
-3
-3
-3
-3
-1
-4
-3
-3
-5
-3
-3
-3
-3
-2
0
0
-1
-1
-1
-1
-1
0
-1
0
-1
1
0
-1
0
1
2
2
1
2
2
1
1
2
1
1
0
-1
-1
-1
-2
-3
-4
-2
-1
0
0
0
-1
-2
0
0
-1
-2
-2
0
0
0
0
-1
-1
0
1
2
2
3
3
3
1
0
0
0
0
0
1
2
3
2
2
3
2
3
2
0
0
0
0
1
2
2
1
2
2
1
0
1
2
2
3
3
2
3
2
2
3
2
3
2
3
3
2
0
-1
0
0
-1
-2
-1
-3
-3
-3
-3
-2
-2
-2
-2
-1
-1
-2
-2
-2
-1
0
0
1
0
0
-1
-1
-1
1
0
0
0
-2
0
1
-1
-2
-3
-2
-2
-2
-1
0
0
0
0
0
1
1
1
2
3
3
3
4
4
3
4
4
5
4
2
3
2
1
2
2
1
2
0
0
1
0
-1
-2
-2
-3
-2
-2
-2
-3
-3
-3
-2
-2
-2
-2
-1
-1
-1
-2
-2
-2
-3
-2
-3
-4
-3
-3
-3
-3
-3
-3
-3
-3
-2
-3
-1
-2
-1
-2
-1
-1
-1
0
0
0
0
0
0
0
0
-1
-2
-1
-2
-1
-1
-2
0
-1
-1
-2
-2
-2
-2
-2
-2
-2
-2
0
0
0
1
0
1
0
1
1
0
0
1
0
0
1
2
2
1
1
0
-1
0
-1
0
1
2
1
2
0
-2
0
0
0
-1
-1
0
0
-1
0
1
0
0
0
0
0
1
1
1
2
2
1
1
2
1
2
3
4
3
2
3
2
1
2
3
3
2
3
4
5
3
3
1
2
1
2
1
1
1
0
0
1
-1
0
1
-1
-1
-1
0
0
-1
-2
-1
-2
-1
-2
-2
-2
-1
-1
-1
-1
-1
-2
-2
-1
-1
-1
-2
-1
-1
-1
0
1
2
2
2
2
2
1
1
2
3
2
2
3
2
2
2
3
2
2
3
1
0
-1
0
0
2
1
-1
1
1
1
2
2
2
1
0
1
1
1
1
1
0
-1
-1
-2
-1
-2
-2
-1
-3
-2
-2
-3
-3
-3
-2
0
-1
-1
0
0
1
0
1
-1
0
1
1
0
1
0
-1
0
0
-2
-1
-1
-1
-1
0
0
-1
-1
0
-1
-2
-2
0
0
0
-1
0
-1
0
1
1
2
2
2
2
2
3
2
2
4
4
3
3
3
0
0
-1
0
-1
0
0
-1
0
0
1
1
1
3
2
2
1
1
2
2
0
1
2
2
1
-1
0
-1
0
1
1
2
2
2
0
-1
0
0
0
1
0
1
2
0
-1
0
1
-2
-1
0
-1
-1
-1
0
1
0
0
1
0
0
1
0
0
0
-2
-1
-3
-3
-3
-1
0
-1
-2
-1
-1
-2
-3
-2
-3
-3
-2
-3
-2
-3
0
0
-1
-1
0
1
0
1
-1
0
0
0
1
1
2
2
3
2
2
2
1
1
0
0
1
0
0
-1
-2
-2
-3
-2
-2
-1
-2
-1
-2
-1
-1
0
0
0
-1
1
-1
-1
-2
-2
0
-1
0
0
0
0
0
0
-1
-2
-1
-1
-1
-2
-1
0
-1
0
0
0
0
0
0
-2
0
-1
-2
-3
-3
-4
-2
-2
-2
-1
-1
-1
-1
-1
-1
0
-1
0
0
0
0
0
-2
-2
0
-1
0
0
1
1
1
1
1
1
2
1
0
1
2
2
2
2
1
0
1
0
1
1
1
1
2
3
3
2
2
2
1
2
1
0
-1
-1
-1
-3
-2
0
-2
-1
-2
-2
-3
-3
-3
-3
-2
-1
0
0
-2
0
0
0
0
0
0
-2
-2
-1
-1
-1
-1
-1
-1
-1
0
0
0
1
1
0
1
1
-1
-1
-1
-1
-1
0
0
1
1
1
2
1
0
0
1
1
1
1
0
1
1
-1
0
2
1
2
2
3
4
2
3
2
2
1
0
1
2
1
1
1
2
2
1
1
1
0
0
1
-1
0
0
-2
-2
-2
-3
-4
-3
-2
-1
1
-1
0
1
2
2
1
3
2
2
2
1
2
1
1
1
1
1
0
1
2
2
3
1
1
1
0
1
-1
0
-1
-3
-3
-4
-2
-1
-1
-2
1
0
0
0
-2
-1
-1
-1
0
-1
-1
-1
-3
-3
-1
-3
-2
0
-1
1
1
1
0
0
1
1
2
0
0
0
-2
-1
-1
-1
-1
0
1
-1
0
1
1
-1
0
-2
-2
0
0
1
-1
-1
-3
-3
-2
-1
0
1
1
1
3
2
1
1
1
2
3
4
3
1
1
1
0
0
0
1
-1
-1
-2
-2
-2
-4
-4
-4
-5
-3
-3
-4
-5
-3
-3
-2
-2
-1
-1
1
1
0
1
2
2
2
2
2
1
2
2
2
1
2
0
-1
0
1
1
2
1
0
-1
-1
0
-1
1
-1
-1
-1
-1
0
-1
0
2
1
0
1
0
0
0
-1
0
0
0
1
1
0
1
0
0
1
0
-1
-1
0
-1
0
-1
-1
0
0
1
1
3
1
2
1
2
2
2
2
2
2
1
1
0
-1
0
-1
0
-1
1
0
0
1
0
0
-1
0
0
-1
0
0
0
0
0
1
0
1
-2
0
0
0
-1
-1
0
-1
-1
1
-1
-2
-1
1
0
-1
0
0
-1
1
0
-1
1
1
0
-1
-2
-2
-1
0
0
2
1
3
2
2
2
2
1
1
3
2
0
0
-1
0
-1
-2
-1
-2
-1
0
-1
-1
0
0
0
3
2
1
2
1
0
0
-1
0
1
0
0
0
1
1
1
1
-1
0
-2
0
1
1
1
1
2
2
4
4
2
3
3
0
1
0
1
2
1
2
1
1
1
0
0
1
1
1
1
1
1
0
-1
-1
0
0
-1
-2
-1
0
1
-1
0
-2
-3
-2
-2
-2
-2
-2
-3
-2
-2
-2
-2
-2
-3
-3
-4
-3
-3
-1
-2
-2
-2
-2
-2
-2
-3
-2
-2
-1
-1
0
0
0
2
2
1
2
0
0
0
0
1
2
2
1
2
2
1
2
2
2
0
1
1
0
1
1
2
2
1
1
0
-1
0
0
0
-1
1
1
1
2
2
2
3
4
1
1
1
1
1
1
1
1
1
0
0
0
-1
0
0
0
1
1
1
0
1
1
1
-1
-1
-1
-1
-1
-3
-3
-3
-3
-3
-1
0
0
0
1
0
1
1
1
1
0
-1
-1
-1
-2
-1
0
1
2
1
1
1
2
1
1
1
-1
0
-1
-1
0
-1
-2
-1
-1
-1
-1
0
1
1
1
0
0
0
0
0
-2
-2
-1
-1
-1
0
-1
-1
1
0
0
1
0
0
-2
-3
-3
-4
-4
-3
-3
-1
-1
-2
0
0
-1
1
0
1
1
0
-1
2
0
0
0
0
1
1
1
2
1
-1
-1
-1
0
0
0
0
1
-1
-2
-1
1
1
1
1
0
2
2
2
2
2
-1
-1
0
0
-1
-1
2
1
0
2
2
2
1
1
0
0
0
0
0
-1
0
-1
0
0
-1
1
1
0
0
-1
-1
-3
-2
-3
-3
-1
-1
-1
0
0
-2
-2
-2
-2
-4
-4
-5
-5
-4
-2
-2
-2
-2
-2
-1
-2
-1
-1
-1
0
-1
-1
0
0
1
1
1
1
0
-1
-2
0
0
0
2
2
3
3
2
1
1
2
1
0
0
-1
0
-1
0
-1
1
-1
0
1
0
1
1
1
2
0
0
-1
-1
0
-1
-1
0
1
1
0
1
0
1
1
1
2
2
3
3
2
2
2
1
0
0
0
0
-1
-1
0
0
-1
-2
-2
-2
-2
-3
-3
-3
-3
-3
-3
-2
-2
-3
-2
-3
-3
-2
-1
0
1
2
1
1
1
1
1
0
0
1
1
2
0
0
1
1
3
3
2
3
2
2
0
1
1
3
2
1
2
1
1
1
0
0
1
2
2
1
2
1
1
1
0
0
0
-1
-1
-2
-1
1
1
2
1
-1
-2
-1
0
0
-1
0
-1
0
-1
0
0
0
0
-1
-1
0
1
1
2
2
2
2
2
2
1
0
0
1
3
4
4
4
4
3
3
2
2
1
1
0
1
-1
-2
-1
0
0
1
0
0
-1
1
0
-2
0
0
0
-1
-1
-2
-2
-1
-2
-1
-3
-3
-1
-2
-2
-2
-1
0
-1
-2
0
0
0
0
0
1
0
0
0
0
-1
-1
0
0
1
0
0
1
0
0
-1
-2
-1
-2
-2
-3
-3
-1
1
0
-1
-1
-1
0
0
-1
-1
0
-1
0
1
0
2
1
2
2
1
1
0
1
2
2
2
2
2
1
2
2
1
2
2
1
1
1
1
2
2
3
3
3
2
1
1
1
1
0
-1
-2
-1
-3
-2
-3
-3
-2
-2
-2
0
-1
-1
0
-1
-1
-2
-2
-2
-1
-2
-3
-1
-2
-2
-1
-1
-1
-1
0
0
-2
0
0
0
-1
-1
-1
0
-2
-2
-2
-3
-3
-2
-3
-4
-3
-1
-2
-3
-3
-4
-4
-4
-3
-3
-3
-2
-2
-1
-2
-2
-4
-3
-2
-1
-1
0
0
0
2
3
3
4
4
2
2
1
2
3
2
1
2
2
3
2
2
1
1
2
4
4
3
4
5
4
4
4
3
2
3
2
1
2
2
3
3
3
2
2
0
0
1
2
2
2
1
0
0
0
-1
-1
-1
0
-2
-2
-1
-1
-1
0
0
0
0
0
-1
0
2
1
1
1
-1
0
1
-1
-1
-1
0
0
0
-1
-2
-1
-1
0
0
0
-1
-2
-2
-2
-2
-1
-1
0
-1
-2
-2
-2
-1
-1
-2
-1
0
0
0
0
1
1
1
2
1
3
1
2
1
1
1
0
-1
-1
1
-1
-1
-1
0
0
1
0
-1
-1
-2
-1
1
1
-1
0
0
0
-1
-1
-1
-1
-1
-2
-1
-1
0
0
0
0
0
0
0
-1
-2
-1
-2
0
0
-1
-1
-1
0
0
0
1
1
1
1
2
3
2
1
0
-1
-1
0
-1
-1
-1
-1
-2
-2
-1
-1
-2
-2
-2
-1
-1
0
-1
0
1
2
2
1
0
0
1
1
2
2
2
2
1
2
1
2
1
1
2
2
2
2
2
2
1
1
0
-1
-1
0
1
2
1
1
1
-1
-2
-2
-2
-1
-1
0
-1
-2
0
-1
-1
0
0
-1
0
2
1
3
1
1
1
1
1
0
0
1
2
3
3
3
3
4
2
1
-1
-1
-2
-1
-1
0
0
0
1
-2
-1
-1
0
0
-1
1
0
0
-1
-1
0
1
2
1
0
-1
0
0
0
0
-1
0
1
0
1
1
2
1
0
0
1
0
0
0
1
-1
-2
-3
-3
-2
-2
-2
-2
-1
-1
-1
-1
-1
1
0
0
1
0
0
0
-2
-3
-2
-2
-2
-1
-2
-2
-1
-1
0
-1
-1
-2
-1
0
0
0
-1
-2
0
0
-1
-2
-3
-2
-2
-2
-2
-2
-1
-1
0
1
1
1
1
1
1
-1
-1
-3
-3
-4
-2
-3
-2
-3
-3
-2
-1
0
0
0
-2
-1
1
0
1
0
0
-1
0
1
0
2
2
2
1
1
1
1
-1
0
-1
-1
-1
-1
1
0
-1
1
-1
0
0
0
0
0
0
-1
-1
-1
0
1
2
2
2
2
2
3
2
3
2
2
1
1
1
1
1
2
0
0
-1
-2
-3
-3
-2
-2
-1
0
1
0
1
0
1
1
3
1
1
2
2
2
1
1
0
0
0
-1
-1
-1
-2
-1
-1
0
0
1
0
-1
0
0
0
-1
-1
-2
-1
-1
1
1
1
1
2
2
2
-1
-1
0
1
1
0
-1
0
-1
-1
0
0
-1
1
1
1
1
0
0
0
1
1
1
-1
-1
0
0
0
1
2
1
1
1
1
1
3
4
3
3
2
1
1
0
1
-1
-2
-1
-2
-2
-1
1
1
0
1
2
3
2
2
2
2
1
2
2
2
3
1
1
1
1
1
0
0
0
1
0
1
-1
0
-1
-1
0
1
-1
-2
-2
-2
-2
-2
-1
0
0
1
-1
-1
-1
-1
-1
-1
-1
-2
-1
-1
-3
-2
-3
-2
-1
-1
0
1
1
1
1
0
0
0
1
1
2
1
0
1
0
0
0
0
0
-1
0
0
0
0
0
-1
0
0
-1
0
-1
0
0
0
0
1
0
-1
-1
-3
-2
-2
-1
-1
-1
-1
-1
-1
-2
-1
-1
-1
0
1
2
2
3
3
3
3
2
2
2
2
1
0
1
0
0
1
0
2
2
1
1
1
1
1
1
1
1
1
2
2
1
0
1
0
1
1
1
2
1
1
1
0
0
0
-1
-1
-1
-3
-2
-2
-1
0
0
0
-1
-1
-1
0
0
1
1
0
1
1
0
0
0
-1
-2
-3
-3
-4
-2
-4
-3
-3
-3
-2
-4
-3
-3
-2
-3
-2
-2
-3
-3
-3
-3
-3
-3
-4
-2
-3
-3
-4
-3
-2
-3
-3
-2
-1
0
1
2
2
2
0
1
2
1
1
2
2
2
2
2
2
2
1
1
2
2
2
1
1
1
2
1
0
0
1
1
2
2
2
1
1
1
1
0
0
0
-1
0
1
2
0
1
1
1
1
-1
-1
0
-1
-1
-1
-1
-2
0
-1
-1
-1
-1
-2
-1
-1
-1
-1
-2
0
-2
-2
-3
-2
-3
-1
-2
-3
-2
-3
-2
-2
-1
0
-1
0
-1
0
-2
-2
-1
-2
-2
0
-1
-1
-1
-1
1
2
2
3
2
1
2
1
2
1
1
3
4
4
2
3
4
3
3
3
2
1
1
0
0
-1
-1
-1
-2
-2
-1
-2
-1
-1
-1
0
-1
1
0
-1
0
0
0
-1
0
-2
-2
-3
-2
-1
-1
-1
0
0
-1
-1
-3
-1
0
-1
0
1
-1
0
0
2
2
3
2
4
2
2
2
2
3
3
3
2
1
1
1
1
0
0
0
1
1
0
-1
0
-2
-1
-2
-2
-1
-1
-1
-1
0
2
1
0
0
0
-2
0
-1
0
1
0
1
1
0
-1
-2
-2
-2
-2
-3
-1
-1
-2
-3
-1
-2
-3
-1
-2
-2
-3
-3
-3
-3
-2
-1
0
1
1
1
0
-1
-1
0
1
1
1
1
1
1
2
3
2
0
2
0
0
0
-1
-1
0
-1
1
1
1
1
-1
0
-1
0
-3
-2
-1
-1
0
0
0
1
0
0
-1
0
1
2
1
2
1
2
2
2
2
1
0
0
-1
-1
-1
1
0
0
1
1
1
1
2
0
0
0
0
0
1
1
2
2
1
1
1
0
-1
0
-1
0
-1
0
-1
0
0
-1
-1
-1
-1
-1
-1
-1
-1
0
-1
-1
-1
0
0
-2
-1
-1
-2
-3
-3
-3
-4
-3
-2
-2
-2
-2
-2
-1
-1
-1
0
0
0
1
0
0
1
2
2
2
2
2
1
2
1
3
2
2
3
3
3
4
3
4
4
4
2
4
4
4
5
6
5
4
4
4
4
4
4
3
3
3
3
2
1
-1
1
0
0
-1
-1
-1
-1
-2
-2
-2
-3
-2
-1
-2
-1
-1
-2
-1
-2
-2
-1
-1
-1
-1
0
0
1
0
0
0
1
0
1
0
0
-1
-1
0
0
0
-1
-1
-1
0
-1
-1
-1
0
-1
-2
0
-1
0
0
0
-1
-1
-1
0
-3
-2
-2
-2
-2
-2
-3
-4
-3
-4
-4
-3
-3
-2
-1
-1
-1
-1
-1
1
0
0
0
0
1
1
0
-1
-1
0
0
1
0
-1
0
1
1
2
1
0
0
-1
-1
-1
-2
-2
-1
-2
-2
-2
-2
-3
-1
-1
0
0
1
2
2
1
1
1
1
2
1
1
1
0
1
3
3
3
4
4
4
4
3
3
3
2
3
3
2
2
2
1
0
1
0
0
1
0
-1
0
0
0
0
-1
-1
-2
-2
-3
-3
-3
-3
-2
-1
0
0
-1
-1
0
-2
-1
-1
-1
-1
-1
0
0
-1
-1
-2
-1
-1
-1
-2
-2
0
1
-1
-2
-1
0
0
-1
1
0
1
1
1
1
1
2
1
1
0
1
0
0
1
1
1
0
1
1
0
1
-1
0
2
1
1
2
0
0
0
-1
1
-1
0
-1
-1
-1
0
-1
-1
0
0
-1
-1
0
-1
-1
0
0
0
-1
-1
-1
0
-1
0
0
1
2
2
2
1
1
1
-1
-1
-1
0
0
1
0
0
-1
-3
-2
-2
-2
-2
-3
-3
-3
-3
-3
-3
-3
-3
-3
-1
-1
0
-1
-2
-1
-1
-1
-1
-1
-2
0
-1
0
1
1
1
0
1
1
0
2
1
2
0
0
1
2
3
2
1
1
1
3
3
2
1
0
0
-1
0
-1
-1
-2
-2
-2
-2
-3
-2
-2
-1
0
0
0
1
1
1
2
1
1
1
3
2
3
3
5
3
3
3
1
2
2
3
2
3
5
3
4
3
3
1
2
1
1
0
-1
0
1
1
2
0
0
1
2
2
0
0
0
0
0
0
0
1
0
1
0
0
0
-1
1
1
0
2
2
1
1
1
1
1
2
2
1
2
-1
0
0
0
-1
0
0
1
0
-1
-1
-2
-1
-1
-2
-3
-2
-3
-4
-3
-3
-2
-2
-2
-2
-1
0
0
-1
0
1
0
0
-1
-1
-2
-2
-2
-1
-1
-1
-1
0
1
1
1
1
1
1
1
1
2
3
3
3
3
3
3
1
0
0
1
1
-1
-1
-1
-2
0
-1
-1
-2
-1
-1
-2
-2
-2
-1
0
1
1
1
1
0
0
0
1
0
0
1
0
1
0
1
1
0
1
1
2
2
0
-1
0
0
0
-1
0
1
0
0
0
0
0
0
0
-2
-2
-3
-3
-2
-3
-2
-3
-2
-2
-3
-2
-3
-2
-1
-2
-2
-2
-2
-1
-2
-2
-2
-2
-3
-4
-4
-5
-4
-4
-4
-4
-3
-3
-2
-2
-1
0
0
-1
0
-1
-1
0
1
1
2
2
1
3
2
3
3
3
3
1
4
3
4
3
3
4
2
2
1
1
1
2
2
1
2
1
1
0
1
1
0
2
2
0
1
2
3
3
2
0
0
0
2
2
2
2
3
3
2
1
1
0
0
0
1
1
1
0
-1
0
0
2
2
3
2
2
3
4
2
1
1
0
0
-1
-1
-1
0
-1
-1
0
-1
-2
-1
0
0
1
0
1
1
1
1
-1
0
1
-1
0
-1
-2
-3
-2
-1
0
0
0
0
0
0
0
1
0
1
1
2
2
2
3
3
2
3
2
1
1
1
2
2
0
0
1
-1
0
0
0
0
0
0
0
1
1
0
-1
-1
-1
-1
-1
-2
0
0
1
1
1
0
1
1
1
2
2
0
0
0
1
0
1
0
0
-1
-2
-2
-2
-2
-2
-2
-3
-3
-3
-2
-3
-2
-1
-2
-3
-1
-1
0
0
0
-1
-2
-2
-1
-2
-1
0
0
-1
-2
-4
-3
-1
-1
-1
-1
0
0
0
1
1
1
1
1
0
0
-1
0
-1
-2
-3
-2
-3
-3
-4
-4
-3
-2
-3
-3
-2
-2
-1
-1
-1
0
1
0
0
1
0
1
2
0
0
1
1
2
2
2
2
2
1
2
1
1
3
2
2
2
3
3
3
3
4
3
4
3
2
3
3
4
3
4
4
3
3
1
1
0
0
1
1
1
1
0
0
0
1
0
1
1
1
1
0
0
0
1
1
1
1
0
1
0
1
0
0
2
1
1
1
0
-1
-1
0
-1
-2
-3
-3
-4
-4
-4
-3
-2
-1
0
-1
-1
-1
0
0
-1
0
0
-1
-2
-1
-1
-2
-2
-3
-3
-2
-3
-2
-2
0
-1
-2
-2
-2
-3
-3
-2
-2
-2
-2
-3
-3
-4
-2
-2
-2
-2
0
-1
-3
-2
-1
