7
-9
-26
-10
4
8
3
-1
3
3
8
-7
-20
-7
-11
10
8
-12
1
6
-2
-12
-9
-2
14
8
-5
-4
-2
-3
-6
-10
-13
-7
7
19
-3
-28
-24
-10
-1
1
12
25
16
-11
-19
-5
4
6
10
17
15
22
17
-7
-14
-13
-3
20
18
-10
-25
-14
-17
-13
-6
1
6
6
15
20
7
-21
-10
20
17
3
-11
-8
1
13
10
-4
-11
-12
-2
-1
5
11
17
13
0
-11
-4
-2
-8
-16
6
26
4
-10
-15
-10
-9
3
18
18
9
-9
-18
-10
0
0
10
15
15
-8
-27
-33
-40
-27
-8
27
14
-7
-11
-20
-15
8
19
4
3
13
16
-3
-18
-16
-17
3
18
10
10
-1
-14
-2
-5
-10
-3
14
30
21
-9
-15
4
-3
-24
-11
12
6
1
13
3
-2
12
9
12
14
-4
-27
-21
2
-6
1
5
6
16
10
4
-9
-9
3
1
-3
12
19
18
-9
-12
-6
-15
-17
-16
2
19
25
4
-11
-15
-16
-11
15
22
3
-3
-8
-9
-7
2
3
2
10
3
1
-3
-3
2
-6
-7
5
10
1
6
3
-2
2
2
8
6
2
8
11
12
8
-1
2
8
0
1
-2
2
10
3
2
3
-1
-6
-3
1
6
10
8
-10
-13
-6
-8
1
3
2
12
5
-8
-10
-9
-1
8
5
10
3
-5
-20
-7
1
-9
-3
7
14
6
11
-1
-11
-4
1
1
2
2
-11
-22
-18
-1
0
4
0
0
-4
-15
-16
-20
-10
2
-4
-3
6
2
-4
-18
-16
-5
1
-2
-10
0
0
2
6
-3
12
17
9
13
10
3
3
11
16
9
5
6
-3
-7
-7
-7
4
8
19
13
-1
5
6
9
5
4
0
-2
0
-4
-6
-8
-3
-1
-5
-8
-14
-21
-18
0
6
-12
-3
11
5
0
-7
-4
9
18
6
1
13
4
-4
-5
7
20
7
7
11
10
18
10
-7
-2
-3
-5
-14
-10
5
4
6
2
0
1
-10
-11
0
4
-6
-6
-4
-1
-8
-10
1
4
9
-5
-1
12
2
0
-7
-22
-8
5
5
1
-3
1
-2
-5
-10
-8
-4
-2
7
12
10
-3
2
16
7
7
5
5
10
0
1
6
0
-9
-8
-4
0
-5
-15
-5
-4
-18
-12
-3
-3
-8
0
15
4
-1
-5
-6
3
3
-9
-6
-8
-11
3
7
2
-3
-9
-2
8
8
-1
-2
-9
-25
-8
-4
-10
7
-1
6
12
3
-5
-8
3
1
0
-1
-4
-3
-3
-4
1
3
2
3
-2
8
0
-2
3
5
14
3
8
11
3
12
7
5
3
4
7
-7
0
1
-6
0
6
17
8
9
13
4
-1
-14
-16
-6
1
-5
-14
-5
2
2
3
11
14
-6
-11
-1
-3
5
12
4
-9
-7
-2
1
5
-1
-1
2
6
6
1
-5
-4
-2
-3
4
3
-3
-6
4
7
4
8
0
-8
-4
4
-2
8
16
14
11
-4
3
1
-11
-11
-8
-1
2
4
-5
-13
2
0
9
21
7
6
-2
-8
0
-2
-3
2
-1
-8
-5
-1
-2
-4
-2
3
-1
-7
-7
-4
0
-1
-3
5
7
2
6
12
10
4
-4
-8
-1
2
-4
-11
-14
-13
-11
-13
-4
7
14
14
6
1
-6
-1
4
3
8
9
4
5
5
-5
-13
-13
0
7
9
9
7
1
-5
-5
-3
-4
2
1
-1
-3
-2
-4
-10
-5
-2
1
1
-3
-9
-8
2
5
2
-2
2
6
-3
-5
1
-7
-7
0
-7
-4
0
-8
-8
-3
-1
1
7
8
-2
-1
6
5
2
4
0
-5
-2
-2
2
3
-1
-5
-11
-5
4
12
6
1
7
-1
-1
3
0
2
2
0
-5
7
11
-5
-11
-15
-13
-14
-6
2
-1
-2
6
7
2
1
5
11
5
6
1
-9
-1
4
2
-4
-8
2
-2
-5
6
6
7
5
-3
-16
-17
-8
0
-1
-6
-1
-4
-3
9
13
3
10
3
-9
2
9
7
4
6
5
2
7
10
8
11
11
4
2
-1
3
6
-8
-15
0
0
-5
4
3
2
2
-10
-12
-2
9
16
7
-4
-6
-3
-2
0
4
4
-6
-5
-4
-7
1
0
3
4
-1
-3
0
4
0
-10
-15
-8
-8
-6
-7
-13
-12
-13
-10
-4
-3
-1
2
-1
1
6
6
4
2
6
9
3
-2
-3
0
1
-1
4
10
4
1
-2
-6
-5
0
9
5
3
4
5
4
-8
-7
-2
4
14
8
15
6
4
3
-5
3
5
0
-5
-1
4
0
-4
-5
-4
-3
1
-2
-2
0
-5
1
5
4
2
-4
-1
-3
-3
0
-4
3
4
-5
-6
-5
2
3
1
-1
4
8
-4
-6
-2
-4
3
10
2
4
4
-3
-8
-12
-6
1
0
-4
-7
-7
-3
0
2
9
11
10
9
4
0
7
3
-3
0
6
4
1
4
-2
-5
-2
3
-4
-4
2
-1
1
5
6
4
2
3
6
8
12
6
-2
3
3
-5
-12
-13
-7
-9
-6
0
2
3
1
2
7
0
-1
-1
-4
-4
-2
-4
-6
0
3
3
9
9
2
4
5
3
1
4
4
-1
0
-7
-8
0
-1
5
6
-3
-5
-2
-7
-10
0
7
0
4
8
-2
2
2
-4
1
9
7
-3
-11
-7
-11
-5
3
0
6
2
5
4
-7
-1
0
3
10
12
6
-9
-9
-4
-9
-6
0
1
-3
-3
-5
-10
-2
2
1
-2
0
2
-7
-5
-2
0
4
8
11
7
-2
0
-1
-1
0
-1
1
3
6
-1
-3
-3
1
7
0
0
-1
-6
2
-4
-10
-2
3
5
-2
-5
1
-3
-2
2
-3
0
4
7
5
1
2
5
7
6
2
1
-8
-8
-5
-11
-12
-9
-5
-9
-8
-1
-3
-2
4
-1
-2
-4
-4
-2
-7
0
8
8
6
0
3
2
4
10
6
4
11
-2
-9
-3
1
1
0
4
2
-4
-4
-6
-6
-3
-1
-4
-7
-3
-2
-4
-4
2
7
6
1
0
2
0
1
1
-1
1
4
-4
-6
6
7
5
8
1
-2
5
1
-2
-1
6
11
6
5
2
2
-1
-2
0
-4
-5
-3
2
3
3
4
2
-1
-6
-8
-6
-6
0
2
-3
-2
-3
-4
-2
4
4
-2
1
-5
-10
-12
-12
-10
-6
0
-1
-3
2
3
6
12
13
4
0
0
-3
2
12
8
8
11
2
2
5
-1
-7
-4
-2
-3
-2
-4
-6
-3
-3
0
7
11
5
3
-1
-5
-4
3
2
0
0
-1
-3
-6
-6
-8
-6
-3
1
8
4
-1
0
4
0
-1
1
-3
-7
1
1
0
4
3
4
1
3
3
0
3
-1
2
2
-3
7
8
7
5
-2
-7
-5
4
5
9
10
3
0
-3
-7
-6
-1
2
0
-1
4
4
-1
-2
-3
-4
-7
-6
-3
-4
-3
-5
-12
-7
-7
-14
-18
-15
-8
-4
-3
-5
0
1
2
2
-3
-3
-2
0
1
1
-3
-3
-4
-2
4
8
4
0
0
-3
-5
-8
-12
-7
-2
4
3
2
8
10
14
12
6
0
-2
-4
-2
-2
2
5
1
8
12
11
10
12
15
10
2
-1
-3
-3
-4
-6
-5
-4
-6
-1
-1
-4
-2
-4
-6
-5
-5
-7
-4
-1
1
0
-1
8
11
11
11
1
-1
0
-4
-6
-3
-3
3
2
-5
-1
-3
-5
-7
-7
-7
-7
-3
-3
-7
-8
-2
0
0
-4
0
6
-1
-5
-5
-1
4
6
4
3
7
8
8
11
9
3
2
5
7
8
3
0
2
-3
-3
2
4
-1
2
1
-3
-3
-3
-4
4
10
5
7
6
4
-3
-4
1
-1
-1
4
-3
-7
-8
-9
-6
-4
-3
0
8
10
8
6
4
2
3
5
3
-2
-5
-3
-4
-3
-4
4
10
10
7
-1
-4
-8
-8
-8
-7
-7
-4
2
0
-4
-3
-5
-4
7
13
12
6
0
-5
-7
-1
-2
-1
2
1
-2
-7
-7
-5
-11
-13
-9
-3
9
9
5
3
3
5
2
0
7
11
5
6
3
-1
3
8
5
2
1
-1
1
3
-1
-5
-7
-7
-8
-11
-10
-10
-8
-7
-4
-5
-8
-3
1
1
-2
-3
-1
-2
-2
-4
-9
-9
-4
0
7
12
13
12
8
13
13
10
4
-2
-3
-2
2
1
6
3
2
13
14
13
14
10
-3
-14
-12
-11
-3
6
8
5
0
-4
-6
-5
0
0
-1
7
8
5
1
0
-2
-4
0
-3
-4
4
7
5
1
1
2
4
5
5
2
-1
2
-1
0
9
5
1
-3
-7
-3
0
-2
-1
1
-1
1
1
0
3
0
0
-2
-3
-6
-10
-9
-5
-1
-5
-4
-4
-8
-8
-5
-1
-4
2
2
-2
2
-3
-7
1
8
2
3
3
-3
-4
-1
-3
1
4
0
4
1
-2
-1
-3
0
-1
-4
-5
-5
-2
-7
-8
0
0
-2
7
11
8
3
0
-4
-4
-4
2
2
-5
4
5
-5
-2
5
-4
-1
4
-7
-11
-6
-8
-14
0
10
4
3
8
1
0
8
6
2
3
5
1
-4
0
3
6
7
5
8
2
-2
2
-1
-2
5
7
1
-3
-2
-4
-4
2
6
1
-3
0
5
-1
-4
3
7
7
6
3
-3
-6
-7
-3
-5
-7
-13
-14
-13
-16
-11
-13
-10
-2
-4
-10
-12
-12
-11
-9
-1
3
2
3
2
0
-2
1
3
1
4
4
-3
-4
2
3
7
10
6
4
3
5
3
-5
-1
8
2
3
1
-4
-4
-3
2
4
8
16
19
16
15
14
8
-1
-2
7
0
0
12
3
-2
-6
-3
0
6
10
-4
-10
-9
-7
-7
-2
-4
-7
4
9
7
8
8
3
-6
-5
9
6
6
4
-2
0
-5
-5
-3
-3
0
4
5
-2
-8
-11
-11
-7
-4
-4
-1
2
-2
-2
-1
-5
-7
-6
-3
-4
-3
0
1
3
3
-3
0
8
8
4
4
-2
-8
-9
-2
4
8
11
-1
-3
0
-5
0
5
0
-9
-5
-5
-9
4
4
2
0
3
5
0
3
4
5
-2
-7
-5
-6
-1
3
-5
-5
-5
-1
5
4
1
3
5
0
-2
3
2
1
2
-1
3
11
11
2
-9
-4
-1
-2
-4
-2
2
8
4
-2
-3
-2
-2
2
1
-4
-11
-10
2
3
8
8
3
2
-4
0
3
-1
-7
-5
-2
-5
0
-1
-1
-1
-2
3
-3
-1
-1
-5
0
0
-3
-2
4
1
1
4
-2
-4
-1
-2
-3
0
6
13
12
6
-2
-12
-12
-6
3
11
15
10
2
-5
-6
1
10
14
17
15
4
-3
-7
-11
-8
3
5
1
4
3
-5
-10
-6
-1
3
8
6
-3
-3
4
3
-2
-4
-1
-2
3
7
3
-1
8
9
-2
-6
-3
-2
-7
-3
-1
-1
-3
-8
-13
-9
2
0
-2
1
5
4
1
-6
-7
2
5
2
-4
-6
-7
-5
-3
-1
0
-3
0
-5
-3
-1
7
9
8
5
4
5
-5
-2
1
-1
1
-1
4
7
7
12
10
4
4
8
7
-3
-7
-3
-8
-9
-7
-3
-2
-6
-12
-17
-13
-9
-4
3
-3
-8
-4
2
9
6
7
8
3
4
6
10
5
2
1
-3
0
4
10
15
12
8
2
-7
-10
-6
3
-3
-6
-3
-3
-10
-9
-5
-6
0
4
-3
-4
-3
-4
-3
2
1
-1
4
9
9
4
2
0
-1
-5
-4
-4
-3
0
0
0
4
7
5
1
2
-3
-7
-4
4
4
-1
-3
-11
-9
-3
1
3
0
1
-5
-7
0
1
7
11
6
6
8
7
-1
-1
2
0
3
2
0
-6
-5
0
-1
1
3
-1
-2
-4
-6
-3
-6
-8
-12
-13
-10
-8
0
7
7
1
6
10
5
5
4
5
1
1
3
4
2
0
0
6
7
2
3
0
-4
-5
-1
-2
-1
3
3
2
4
0
0
-1
-3
-2
-7
-9
-5
-3
-3
-1
1
4
2
-2
8
8
6
9
4
-1
-3
-3
-4
1
7
6
4
-3
-3
-5
-2
-1
0
7
7
5
-2
-3
1
-3
5
7
5
7
2
-7
-13
-6
-5
-8
-3
-10
-11
-8
-6
-5
-2
3
2
9
13
11
11
10
11
7
4
4
5
1
2
5
4
7
7
3
-1
0
-5
-8
-5
-2
-4
-2
0
-2
-1
3
-4
-7
-6
-8
-11
-5
-2
-4
-1
-1
-6
-8
-2
4
4
5
7
3
-2
-4
-7
-14
-11
-7
-4
-1
-5
0
-1
-4
1
2
4
3
4
7
4
0
8
7
8
9
5
2
2
4
6
3
-3
-3
-1
4
8
8
7
-1
-7
-5
-7
-10
-9
-17
-17
-9
-10
-11
-5
-1
-7
-10
-2
-1
-2
2
3
3
3
3
8
8
6
7
6
5
-4
-4
0
2
6
2
-1
4
7
7
4
5
5
3
4
1
-2
-6
-6
-4
-9
-9
-5
-3
-4
-7
-3
-2
-4
-2
-1
2
3
1
0
-1
-3
-1
3
6
9
8
1
3
4
2
4
3
2
0
1
0
-3
1
4
0
-3
-2
0
-2
2
3
2
0
-2
-4
-5
-1
-2
-7
-5
-5
-8
-6
-3
-1
2
6
7
4
7
9
2
-4
-8
0
5
9
9
1
-1
-4
-4
1
4
2
-3
2
1
0
1
0
2
1
0
-5
-8
-7
-8
-7
-6
-4
0
4
2
-1
-2
-3
-1
-4
-5
0
0
4
-3
-5
-3
-2
6
7
5
-1
-4
-1
-1
0
2
5
0
-6
-3
0
7
9
4
-3
-4
0
1
1
3
1
1
1
6
2
-6
-2
-2
-5
-1
0
0
-2
-1
-3
-2
0
-3
0
3
-2
-4
3
3
3
6
7
5
6
0
-1
5
5
5
6
4
0
1
-1
-3
0
-1
-2
-1
-6
-10
-11
-8
-3
0
6
10
7
2
0
0
-5
-10
-8
-2
-4
-4
-2
2
2
-1
0
-2
-1
0
-2
-3
-1
5
4
4
4
6
4
3
2
-2
5
10
4
3
9
8
3
4
-1
-5
-6
-6
-2
-2
-2
-4
-8
-8
-8
-2
0
2
5
2
4
-1
-2
0
2
3
-5
-7
-2
1
3
7
7
5
3
2
2
4
7
1
2
7
5
4
3
0
1
6
5
2
0
0
3
4
3
1
2
2
4
2
-3
-2
-3
-4
1
3
2
8
0
-8
-10
-13
-12
-9
-8
-6
-4
-6
-7
-4
0
1
3
3
-2
1
6
3
2
7
7
4
2
1
-2
-9
-3
2
4
1
-3
-4
-6
-6
-8
-12
-8
-6
-9
-6
-3
-5
-4
-1
-4
-1
0
3
4
0
3
6
3
-2
-3
1
-3
2
1
-2
1
-1
-5
-5
-4
4
9
2
1
-3
1
-7
-5
1
-2
2
-4
-4
0
5
6
2
9
9
2
1
4
0
-3
4
6
10
10
1
-4
-3
4
6
2
3
-8
-6
-1
-3
1
2
8
12
17
12
9
11
6
-4
-5
4
3
1
1
7
4
-2
-3
-2
4
7
9
1
-4
-12
-18
-13
-12
-10
-11
-8
-5
-6
-5
-10
-10
-5
-5
-6
-1
0
-3
-1
-2
-1
4
10
16
15
16
8
2
2
5
0
0
1
-4
-5
-5
1
2
2
-1
-4
-8
-14
-9
-6
-1
1
0
-3
-5
-1
-3
2
9
4
4
8
9
5
1
-3
-2
3
7
3
-2
1
-4
-8
-7
-1
4
-3
1
0
-2
-2
-6
-4
-1
1
-1
-3
-5
-2
1
1
1
5
12
10
0
-2
-1
0
3
5
4
6
-4
-6
-4
0
7
6
4
-5
-3
-2
-4
-2
-3
-4
-6
-6
-2
-2
1
2
4
4
0
3
5
0
-2
-2
-2
3
6
8
8
6
-2
1
2
-1
1
0
0
2
4
-1
-4
-2
-4
-5
-8
-5
-5
-5
-4
-6
-9
-9
-6
-11
-16
-9
-6
-6
1
2
2
3
7
3
3
8
8
10
6
4
3
0
-2
-4
2
4
-2
-2
-3
-6
-9
-7
-6
-2
2
4
8
4
-1
2
0
-2
-2
0
7
10
10
8
6
8
2
4
9
0
-2
-4
-7
-6
-1
-1
0
0
-5
-7
-1
3
10
14
13
9
6
9
7
4
-1
-5
-8
-6
2
4
5
6
-5
-9
-5
1
4
-1
-2
-4
-4
-3
4
6
1
-1
-4
-5
-9
-8
-4
-2
-4
-4
-8
-7
-3
-4
1
6
8
3
2
8
5
3
4
-6
-14
-14
-9
-8
-2
0
0
-4
-8
-7
-4
-1
-3
-3
-2
-10
-13
-5
7
17
20
14
12
10
6
4
9
12
4
-7
-7
1
-1
0
7
7
2
5
7
6
14
10
-3
-10
-10
-13
-13
-3
1
4
8
3
-2
-4
1
-1
-9
-3
-3
-14
-10
-5
-3
2
2
3
4
1
4
2
7
12
-1
-8
-3
-6
-3
8
8
3
-3
0
6
1
-2
-1
-2
-6
-7
-2
-1
0
3
-4
-3
4
6
5
2
-5
-13
-14
-13
-9
4
15
13
2
-7
-12
-12
-7
0
11
12
3
1
0
2
6
6
7
3
2
-1
1
3
2
-2
-8
-10
-6
-3
-2
5
5
2
1
2
8
6
8
5
-9
-13
-19
-23
-15
3
8
5
13
14
10
9
5
5
0
4
6
7
7
0
1
1
-2
1
4
6
5
3
1
-11
-12
-9
-10
-3
7
13
11
9
1
-9
-5
-2
3
6
-1
-14
-16
-9
0
6
10
15
5
2
4
4
12
8
-1
-11
-11
-4
-1
2
-2
-4
-7
-6
-2
0
6
9
7
1
-9
-11
-6
-5
-8
-1
-2
-6
0
0
8
12
7
2
6
1
-3
5
0
-2
3
6
-1
5
18
15
13
10
8
-5
-14
-18
-20
-16
-12
-9
-5
-2
-1
4
8
13
9
-1
0
-3
-18
-10
-1
-22
-35
-30
-24
-20
-9
-8
-5
-5
-2
6
0
1
-4
-8
-1
13
5
-2
5
1
-2
3
6
0
1
3
4
4
12
11
-4
-2
4
8
7
10
21
27
30
27
19
14
0
-1
13
-1
-18
-24
-26
-10
-5
-10
8
27
27
25
24
22
22
11
-1
-10
-4
0
-5
-3
7
9
4
4
10
17
9
4
-1
-23
-46
-48
-25
0
4
-3
-17
-24
-15
3
15
15
-6
-12
-16
-17
7
15
20
20
15
6
1
16
16
15
15
3
-7
-21
-18
-11
-8
-4
4
6
7
0
2
15
1
-8
-8
-4
3
0
-2
-2
-4
-3
-4
-5
-6
-13
-3
-9
4
4
0
18
11
9
-5
-14
-18
-23
-8
-8
-4
9
-5
-13
-2
5
2
3
14
7
-2
-4
-1
6
-2
2
3
-7
-4
-3
-3
4
17
14
-1
4
-1
-19
-11
-13
-12
-3
1
11
3
-2
7
1
-6
-4
-2
-3
-4
1
6
3
-6
-6
-12
-5
4
6
1
1
0
-1
13
12
17
-1
-4
-3
-12
-3
-5
7
13
5
3
-1
0
8
-2
-4
0
-2
-4
-6
-1
2
-12
-15
-11
-8
3
4
4
7
0
-3
-9
-18
-14
-12
-7
5
23
15
15
18
8
8
4
-3
4
3
-6
-7
-13
-18
-13
-8
-20
-15
-6
-5
14
12
16
24
8
2
7
6
-3
-10
-11
-10
-14
-10
2
14
5
-1
17
21
4
9
14
18
-2
-23
2
-5
-9
3
2
21
25
14
6
1
2
-10
2
8
-4
-10
-1
5
-1
-1
-2
7
-6
-8
13
9
7
-17
-17
-9
-26
-6
0
11
8
-6
-14
-32
-25
11
23
33
-3
-74
-50
-55
-54
-14
-8
23
-10
-24
-5
-22
12
62
55
52
57
6
-29
-35
-30
8
-11
0
54
4
9
24
14
29
30
53
54
-15
-33
9
-7
-30
-26
-22
26
71
92
82
20
22
33
29
13
0
-10
-15
-24
-14
5
4
9
0
25
2
-23
7
-23
-24
-23
-47
-37
-47
-5
15
10
37
-3
-7
3
-4
13
2
8
23
10
0
-12
-7
-1
-1
-20
-20
-1
-8
-24
-11
-2
-4
-16
-37
-22
-28
-28
-16
-8
9
-1
4
8
2
12
-16
-26
-29
-28
-13
-21
-4
11
-2
-28
-2
16
11
22
32
40
11
0
-6
14
25
12
28
2
-38
-25
-26
-14
30
32
44
19
-7
-5
-9
5
-2
-12
7
-14
-28
3
4
14
-6
-30
-3
-4
-22
12
32
24
15
-10
-34
-15
-27
2
8
-21
-1
-13
-5
-1
-22
-8
4
3
-12
15
41
31
54
20
-17
-43
-67
-34
-11
-3
8
15
20
0
5
33
15
-1
25
-3
-27
-6
-23
1
33
5
-3
2
-44
-15
13
-16
10
10
-12
-14
20
6
-4
28
0
-8
23
-8
1
30
-6
-15
13
4
-33
24
11
1
62
-6
-44
10
-40
-60
53
-11
-12
54
-40
-3
23
-26
-1
38
-16
-3
9
-41
4
-10
-40
14
-6
-16
31
54
42
16
28
-18
-7
-18
-33
52
3
10
24
-19
-15
22
34
41
53
-11
-25
-14
-39
-18
17
4
-10
3
-8
-25
-3
-6
-20
23
7
-29
14
13
-20
-27
-5
-9
-27
20
13
24
52
-28
-18
42
-12
-8
45
-7
-4
45
-49
-15
38
-74
-1
59
-29
25
37
-30
24
12
-30
29
-13
-55
-8
-25
-33
-17
20
-2
16
33
-11
26
3
-25
-21
-19
-20
-14
-6
11
24
3
8
-15
-11
10
14
8
8
27
-34
-42
-31
-66
-20
11
-7
22
27
-29
3
37
-24
12
39
-32
14
31
-41
15
41
-30
2
67
-35
31
57
-45
40
23
-61
14
25
-31
14
28
-26
14
27
-10
37
34
20
26
40
20
-16
-5
28
-16
9
34
-46
4
20
-17
39
39
-61
17
37
-81
58
17
-79
64
-11
-54
74
-29
-53
88
-70
-33
77
-94
-2
44
-70
18
6
-57
18
-11
-29
28
-2
-5
47
-42
-43
19
-64
10
17
-8
32
-15
9
4
3
4
-52
-2
-17
-33
25
21
-10
33
3
-74
64
-54
-30
66
-75
0
8
-46
27
18
-6
17
4
-19
-16
18
-30
-15
17
-31
-22
-22
-9
0
-10
47
-10
24
26
-34
57
-4
11
-2
-30
8
-4
32
1
31
35
2
4
0
-44
-35
10
-18
-34
-2
18
-30
24
25
-13
18
18
-27
23
13
-38
52
3
-31
-4
-8
-26
39
40
-8
72
-9
2
-40
-27
18
-29
0
7
-22
-59
85
-105
40
78
-91
67
-57
-14
-38
40
-54
-9
98
-109
40
76
-139
9
34
-143
61
73
-112
-14
130
-162
34
67
-183
130
0
-84
38
53
-86
38
65
-72
113
-16
-36
45
-42
37
-9
36
46
-18
16
-6
19
-3
45
-64
48
34
-88
76
-42
19
70
-5
19
39
10
-16
45
-26
83
-6
3
61
-59
35
-27
-36
42
-61
-27
-2
-60
-19
4
-36
-4
2
-1
-30
49
-35
0
64
-126
96
-70
-72
76
-107
61
-19
-14
43
-49
14
-74
43
-51
-12
66
-138
50
-2
-70
72
41
-54
98
-27
-92
114
-72
-29
90
-61
-19
80
-64
2
93
-33
22
52
-53
52
39
-40
105
-44
71
9
6
55
-85
111
-44
-2
55
-72
57
-23
-33
70
-19
-20
10
26
-74
39
31
-156
220
-137
-1
166
-255
128
-57
-74
123
-35
-55
118
-22
-75
145
-137
9
92
-177
78
37
-197
164
-69
-94
205
-143
13
99
-121
1
115
-150
83
123
-191
141
21
-146
139
20
-83
147
-2
-163
192
-130
-75
222
-155
43
172
-187
23
123
-221
59
48
-166
112
1
-70
18
72
-85
47
99
-121
184
-75
-15
63
-104
84
-39
32
19
57
4
30
94
-84
72
-15
-101
50
-28
-61
19
64
-122
77
41
-188
118
-22
-103
112
13
-112
108
-64
-109
66
-107
57
-52
55
-29
-8
72
-93
63
-32
15
-17
94
-49
-52
114
-148
85
34
-60
71
29
-8
-33
158
-168
41
143
-279
228
-72
-127
126
-61
25
4
161
-226
172
-46
-209
251
-216
133
12
-79
42
-45
60
-22
118
-94
72
23
-155
149
-128
-97
231
-246
128
131
-216
171
-119
-79
51
92
-113
153
34
-181
151
-115
-85
112
-3
-141
181
-115
-107
245
-263
87
84
-136
152
-64
33
31
-23
50
-56
-25
55
-62
31
83
-89
131
-109
-8
80
-94
142
-32
12
-34
91
-101
64
89
-247
303
-156
-11
250
-319
158
41
-118
116
64
-143
57
117
-316
268
-79
-197
340
-284
83
99
-178
146
-68
17
12
49
-48
42
-14
-110
96
-150
78
-53
55
-33
18
95
-143
181
-164
88
-42
-10
-40
-64
67
-235
277
-189
44
217
-305
273
-39
-62
117
-44
-75
23
-60
-99
80
-117
107
-86
-16
169
-181
187
20
-166
168
-31
-185
112
-5
-178
202
-17
-67
144
-8
-93
85
36
-122
104
-32
-118
0
11
-114
57
28
-34
28
13
-63
-18
16
-48
75
-127
146
-89
-48
117
-119
55
111
25
12
187
-203
182
-158
79
-32
-141
295
-386
258
-80
-144
212
-38
-67
186
-79
-8
98
-174
116
-161
74
-61
-49
159
-52
-13
177
-164
56
186
-327
366
-299
89
79
-279
318
-288
101
37
-139
160
-130
163
-45
-93
332
-412
288
49
-338
406
-191
-84
246
-230
111
-36
59
32
-121
404
-482
364
-71
-265
444
-386
133
87
-157
62
62
-163
116
-28
14
-29
113
-42
-118
268
-414
273
-114
-172
285
-272
116
111
-145
105
112
-222
240
-47
-139
162
-119
-90
14
69
-201
172
3
-201
182
-27
-187
233
-110
-120
181
-159
-54
88
-20
-146
294
-217
-14
211
-188
34
121
-42
-143
266
-188
-133
204
-101
-119
296
-88
-217
403
-236
-39
245
-156
-89
220
-149
-92
253
-197
72
61
-83
-51
142
-67
4
97
11
-146
153
-63
-173
323
-243
105
84
-96
43
-63
79
-157
131
-68
-54
74
-168
135
-145
47
69
-76
52
67
-60
-92
231
-269
55
148
-222
11
177
-196
-37
316
-363
141
166
-253
119
152
-208
42
176
-316
155
38
-134
32
187
-268
130
219
-435
443
-128
-65
237
-111
0
-15
115
-249
176
-18
-172
287
-167
117
103
-149
221
-126
119
47
-161
192
-193
70
-79
51
57
-92
308
-224
108
134
-226
111
77
-143
12
201
-246
112
114
-317
300
-22
-249
442
-381
79
114
-302
142
-45
8
-161
358
-333
161
243
-446
487
-198
-109
264
-69
-220
327
-166
-230
368
-343
76
113
-108
-55
49
13
-112
72
-108
39
-131
-4
166
-370
300
24
-365
430
-227
-153
339
-227
35
85
31
-88
139
-72
13
132
-112
201
-190
142
-30
-87
75
-73
-33
20
-22
-176
233
-198
-70
304
-292
82
193
-300
135
103
-157
-47
235
-185
-71
306
-308
132
198
-294
214
2
-126
44
73
-140
-26
296
-464
397
-12
-302
416
-260
26
54
33
-173
237
-88
-223
350
-431
258
-6
-131
192
-29
-2
44
123
-293
296
-115
-185
298
-266
107
14
-59
-9
-47
186
-257
129
78
-259
294
-242
59
20
-131
170
-163
125
28
-47
201
-136
92
36
-107
172
-109
9
-12
17
-44
-31
131
-190
103
78
-311
369
-230
-7
199
-242
168
-44
-15
-67
198
-160
10
258
-369
279
-68
-200
186
-88
-69
71
34
-145
103
27
-261
301
-321
-7
309
-650
714
-422
-39
469
-541
396
-111
130
-253
327
-224
-128
489
-597
440
-181
52
52
-81
179
-282
320
-98
-142
173
14
-227
294
-73
-235
345
-241
58
5
27
-113
57
76
-230
197
10
-115
82
52
-236
244
-89
-120
192
-117
108
-62
211
-126
43
86
-100
-101
129
-62
-198
339
-306
116
12
16
-131
170
-9
-269
395
-352
147
45
-195
267
-140
16
256
-327
352
-96
-114
284
-270
235
-231
307
-269
24
352
-603
619
-226
-335
710
-567
86
427
-594
310
2
-293
56
181
-278
10
426
-686
440
-46
-347
366
-102
-202
170
35
-397
454
-348
41
213
-220
121
15
96
-282
423
-434
138
249
-608
653
-291
-61
255
-67
-246
510
-202
-311
762
-745
335
73
-247
71
122
-186
-72
316
-478
330
-153
-109
63
-150
52
-128
113
-100
-86
79
-71
-57
128
-95
26
161
-57
48
112
-104
119
161
-186
262
4
-145
359
-363
302
-81
-49
356
-391
424
-118
-13
62
-13
27
-269
429
-363
-66
502
-619
287
208
-349
209
59
-7
-238
396
-299
-100
367
-354
131
-27
241
-508
534
-276
-157
428
-658
568
-542
306
-73
-308
477
-491
288
-27
-5
-24
-30
210
-353
221
102
-483
548
-135
-403
505
-156
-228
338
-75
-344
481
-244
-164
306
-207
170
-74
110
-55
-91
312
-317
166
50
-118
48
-41
141
-312
350
-99
-233
450
-327
83
105
-133
-25
103
-110
-89
130
-158
16
14
-63
-96
135
-137
10
230
-325
355
-182
45
171
-269
349
-333
250
-200
-41
321
-503
476
-201
-151
283
-251
-46
180
-152
4
123
-66
29
72
-24
-35
74
35
-97
52
-33
-79
223
-357
272
-100
-188
326
-232
-19
236
-168
-128
363
-408
143
118
-196
69
184
-221
91
363
-619
571
-137
-232
384
-303
36
142
-121
117
51
-55
110
-21
14
-184
277
-455
190
234
-654
622
-166
-260
291
55
-370
343
72
-376
331
-53
-156
-46
281
-363
77
221
-360
213
-73
-3
-139
135
-98
-118
251
-256
190
-44
49
1
-31
123
-212
184
-171
-112
192
-159
-24
47
67
-150
250
-153
20
213
-198
353
-320
245
53
-347
435
-264
-39
211
-90
-164
294
-123
-248
489
-421
31
265
-367
97
146
-310
190
65
-194
126
34
-127
112
128
-272
277
39
-262
367
-78
-128
272
-172
-122
165
-173
70
7
-43
126
-159
166
-27
-103
106
-5
-121
36
109
-274
219
-70
-137
242
-214
127
-22
-46
62
-41
-50
23
70
-201
98
-40
-172
182
-183
29
51
-118
203
-143
-28
191
-189
37
207
-193
33
253
-214
-49
224
-182
-32
256
-214
23
188
-299
44
71
-151
124
31
-118
142
-54
-98
131
20
-96
61
97
-214
241
-60
-72
334
-74
74
99
-28
93
-19
109
15
13
119
-40
16
-7
136
-105
65
5
-236
76
-143
-72
-121
-10
-145
-133
-8
-173
-41
-62
-63
-91
107
-46
-17
84
-46
91
59
163
125
176
209
14
144
95
-67
73
41
-51
81
38
-51
-53
-58
-128
-191
24
-162
-37
-13
-153
58
-143
69
-71
-59
150
-106
47
51
28
48
66
110
6
107
17
-35
47
-4
-1
20
-18
-26
-24
-35
5
-1
-68
48
-111
-35
14
-131
76
-20
-15
2
-54
-77
-92
-41
-69
-82
-23
-51
-102
31
-41
-114
21
-7
-90
134
19
-15
158
-6
73
45
163
55
170
315
55
267
108
11
139
58
-17
91
-7
-51
68
-141
-11
-60
-124
-94
-59
-80
-65
34
-70
11
-48
23
-32
75
71
-12
127
44
72
90
211
54
62
70
-97
75
100
79
84
172
72
39
116
-9
17
99
-8
-52
59
-90
-82
-87
-177
-166
-180
-175
-240
-153
-271
-336
-290
-367
-346
-269
-136
-186
-30
-35
-73
42
-45
3
78
206
239
211
311
255
185
210
80
98
120
143
143
14
8
-125
-207
-179
-260
-310
-99
-104
-204
-38
-76
-69
42
27
-80
113
211
156
411
467
502
573
431
232
121
-73
-161
-85
-26
43
125
39
-194
-378
-602
-582
-528
-437
-252
-216
-63
-64
-245
-158
-146
-45
192
317
535
656
615
505
363
219
74
71
120
167
272
247
146
19
-178
-381
-446
-478
-535
-450
-398
-438
-448
-485
-528
-397
-326
-302
-28
113
258
397
293
282
276
242
415
441
399
391
390
357
248
327
301
306
273
112
82
28
40
87
201
316
197
-242
-573
-485
-526
-362
-82
-36
188
57
-501
-831
-787
-822
-675
-216
-177
116
275
-120
15
27
-143
126
354
605
801
961
870
696
684
231
158
182
-26
161
220
194
66
-321
-499
-633
-947
-1122
-1062
-750
-456
-240
-252
-248
-265
-543
-423
-287
-87
303
418
751
803
501
466
294
310
469
441
478
586
540
215
152
-24
-317
-79
-75
-51
241
82
-35
148
41
-64
-50
-733
-920
-409
-482
-76
398
336
682
433
-771
-926
-537
-723
-315
158
-10
299
112
-524
-202
-142
-317
58
499
868
1092
988
699
592
298
-170
-32
267
442
585
563
388
-194
-801
-1084
-1106
-1052
-1171
-980
-468
-276
-476
-481
-385
-557
-493
-325
-22
446
486
458
714
732
299
148
461
586
693
641
511
711
428
-22
-46
-178
-383
-463
-356
-134
-51
-256
-254
135
270
216
312
547
-114
-661
-309
-353
48
489
348
819
814
-695
-1300
-502
-579
-610
-9
-229
60
203
-949
-746
-129
-543
-255
556
967
1095
1005
802
931
666
-185
-159
449
631
772
720
646
336
-621
-1075
-965
-952
-1157
-1303
-585
9
-385
-610
-436
-459
-590
-532
-257
374
728
505
755
1056
413
-130
182
582
685
519
357
579
495
-105
-497
-474
-503
-767
-622
-124
107
84
-57
202
647
542
294
616
751
-414
-801
-157
-71
388
542
374
1000
441
-1451
-1464
-417
-876
-821
-74
-323
-36
-425
-1495
-652
-301
-807
-28
942
1328
1227
1050
981
874
360
-436
-5
807
774
714
750
811
198
-983
-1172
-1006
-1256
-1349
-1238
-539
43
-518
-846
-505
-658
-882
-447
286
925
991
563
812
1072
146
-298
267
752
864
426
219
510
171
-436
-493
-420
-408
-478
-375
67
175
-221
-350
125
635
702
677
1156
1420
-11
-1101
-282
-138
-96
528
368
940
871
-1379
-1902
-577
-990
-1417
-384
-323
-154
14
-1134
-748
-14
-880
-447
1111
1588
1456
1430
1324
1267
765
-354
-229
815
932
635
682
882
382
-826
-1390
-1197
-1230
-1689
-1795
-843
92
-282
-826
-478
-358
-717
-463
219
927
1238
764
827
1293
578
-325
-82
595
819
403
-71
81
7
-727
-1083
-911
-838
-830
-585
-109
242
-56
-467
3
842
1090
1072
1334
1768
1477
-466
-1419
-139
-60
-190
685
683
949
522
-1742
-2072
-619
-1378
-1786
8
85
61
253
-1134
-711
-130
-1062
-162
1713
2003
1600
1673
1535
1279
532
-736
-292
891
764
572
619
531
62
-1211
-1718
-1367
-1511
-1805
-1733
-740
171
-381
-874
-480
-180
-435
-265
694
1301
1413
1109
1173
1510
771
-75
-42
423
560
94
-206
-147
-352
-1092
-1521
-1137
-963
-961
-670
-264
202
-117
-503
52
734
1257
1562
1943
2232
2134
1007
-1251
-1186
40
-620
-118
857
516
615
-490
-2898
-2447
-1166
-2344
-1416
740
254
553
208
-1308
-349
-307
-1120
788
2609
2278
1907
1810
1365
934
-316
-1289
-54
791
151
197
452
269
-652
-2099
-1945
-1149
-1484
-1745
-1124
52
545
-265
-701
119
294
-312
328
1312
1619
1636
1044
1088
1468
316
-681
-174
241
46
-421
-971
-790
-993
-1872
-1713
-1046
-789
-591
-369
1
394
44
-269
519
1524
1824
1944
2379
2469
2242
895
-1374
-1073
-9
-815
-312
755
355
159
-1091
-3487
-2678
-1147
-2348
-1077
1297
766
819
272
-1033
17
-10
-1009
914
2893
2380
1830
1611
1096
712
-679
-1623
-242
516
-186
-149
299
231
-949
-2328
-1998
-1016
-1040
-1513
-902
713
995
-162
-185
558
414
79
250
1086
1829
1129
489
1234
1399
199
-787
-643
23
-55
-944
-1110
-572
-862
-1597
-1541
-1045
-899
-1040
-587
333
703
378
141
921
1705
1653
1702
2180
2724
2435
1729
672
-1290
-1465
-706
-1263
-449
410
-433
-402
-1137
-3521
-2983
-1369
-2297
-971
1392
969
1114
539
-893
-65
127
-539
1113
3155
2772
1862
1652
1046
311
-1127
-2174
-723
365
-207
-172
415
336
-1020
-2398
-1884
-788
-913
-1377
-602
1056
1391
278
-104
543
475
-302
57
1314
1666
1067
647
1115
1183
-337
-1478
-1033
-166
-199
-895
-711
-255
-669
-1407
-1624
-1185
-1043
-1046
-335
657
998
539
343
916
1560
1602
1526
2069
2595
2352
1940
619
-1917
-2083
-905
-1303
-551
267
-326
15
-1029
-3625
-2836
-1258
-2203
-701
1940
1525
1368
526
-881
369
348
-823
1147
3256
2689
1802
1229
742
92
-1772
-2559
-630
414
-330
-252
551
662
-991
-2705
-2027
-648
-762
-1325
-237
1602
1729
368
-114
553
377
-637
-377
1187
1802
907
298
799
837
-527
-1604
-978
127
59
-558
-475
-100
-578
-1667
-1719
-987
-903
-867
-174
747
1248
628
71
859
1629
1466
1454
1932
2552
2596
1723
784
-1332
-2605
-1179
-1093
-1145
259
110
-205
-294
-2893
-3890
-1310
-1543
-1736
1678
2022
1147
1304
-400
-173
811
-692
24
2903
2939
1482
1062
556
52
-944
-2445
-1333
508
-50
-290
546
900
21
-1870
-2096
-647
-418
-1235
-905
952
1953
813
-185
151
340
-483
-779
453
1439
935
179
363
704
-193
-1515
-1445
-237
255
-297
-377
-27
-324
-1227
-1714
-1277
-907
-746
-262
620
1296
907
390
673
1301
1496
1395
1707
2184
2457
2000
1445
-133
-2765
-2266
-1027
-1545
-539
154
-157
309
-1363
-3996
-2330
-761
-2276
-138
2457
1660
1671
436
-802
651
-101
-1263
1276
3244
2243
1161
751
604
60
-1932
-2439
-178
702
-209
-61
805
833
-964
-2530
-1499
-274
-995
-1656
-278
1765
1678
-90
-502
234
49
-893
-602
1004
1515
715
351
964
977
-541
-1543
-811
330
205
-643
-392
88
-451
-1358
-1553
-1024
-812
-639
-71
802
1319
640
306
1082
1612
1477
1365
1792
2478
2484
1777
1219
-956
-2814
-1401
-1073
-1594
-279
-14
-155
81
-2568
-4001
-1294
-1280
-2058
1227
2453
1692
1610
-113
-259
784
-871
-870
2400
3243
1703
1031
709
507
-591
-2613
-1909
492
268
-624
380
1122
345
-1665
-2590
-1205
-352
-1345
-1464
562
1928
911
-354
-164
254
-140
-885
-426
1578
1734
221
607
1259
243
-942
-1298
-749
220
-84
-827
62
201
-1056
-1659
-1745
-1100
-786
-747
243
1177
1351
837
705
1214
1462
1391
1528
2188
2811
2584
1996
225
-2601
-2539
-1432
-1851
-997
85
201
462
-1099
-3943
-2791
-992
-2554
-931
2251
2005
1689
641
-706
504
167
-1333
902
3703
2841
1227
996
876
198
-1915
-3046
-776
655
-349
-400
629
1083
-429
-2522
-1920
-285
-567
-1598
-537
1555
1614
35
-643
199
385
-561
-693
825
1988
1076
338
1044
1118
-178
-1367
-1240
-234
132
-749
-776
177
-242
-1169
-1573
-1360
-815
-832
-390
788
1637
1505
823
1045
1587
1496
1481
1794
2734
2895
2220
1596
-1051
-3105
-1869
-1881
-2346
-619
-210
-450
-213
-2737
-4252
-1462
-1519
-2347
1122
2135
1452
1742
152
134
1254
-373
-343
2788
3379
1672
1027
812
746
-285
-2537
-1977
98
-185
-797
-103
798
562
-1411
-2400
-1156
-707
-1750
-1754
248
1796
1228
151
166
872
544
-471
203
1508
1031
315
625
851
451
-697
-1500
-759
132
-466
-1112
-612
-304
-618
-1224
-1494
-1018
-769
-555
-86
690
1392
1171
1209
1843
2092
2005
1917
2126
2663
2572
1619
-646
-2766
-2129
-1586
-2430
-1595
-268
-192
-221
-2055
-3895
-1736
-1128
-2650
-7
2098
1425
1367
322
108
1414
164
-657
2068
3408
1941
979
876
1061
434
-1947
-2363
-400
-303
-1115
-765
296
683
-814
-2058
-1130
-267
-1250
-1982
-517
1479
1655
535
248
1170
1094
-442
-562
645
854
499
561
966
983
-113
-1366
-1147
-364
-726
-1348
-1123
-548
-360
-902
-1226
-988
-819
-498
-192
472
1434
1563
1541
1851
2247
2516
1999
1839
2283
2041
1424
-619
-2714
-2025
-1350
-2160
-1520
-492
-612
-427
-1950
-3612
-1611
-1025
-2378
-173
1863
1551
1455
482
235
1493
479
-402
1804
2993
1988
1302
1025
1206
561
-1921
-2381
-822
-588
-1001
-896
24
774
-422
-1799
-1251
-596
-1150
-1709
-917
1098
1813
687
683
1321
579
-49
-284
-335
607
716
278
1108
1314
-105
-1068
-1164
-1130
-982
-1318
-1327
-473
-134
-314
-711
-1106
-782
-419
-283
393
1362
1839
1983
2184
2255
2280
2090
1676
1687
1711
501
-1862
-2481
-1497
-1731
-1682
-829
-480
-107
-781
-3097
-2819
-912
-1868
-1592
712
1396
1589
702
-380
1029
1547
269
1008
2599
2533
1889
970
627
1266
-223
-2215
-1205
-375
-943
-1066
-778
144
292
-1131
-1486
-504
-587
-1631
-1724
-179
1281
1122
717
1104
1117
663
189
-312
166
703
122
401
1298
795
-189
-666
-839
-800
-1215
-1639
-1226
-617
-280
-377
-582
-449
-363
-314
-96
310
854
1276
1872
2543
2662
2663
2481
1708
1304
61
-2171
-2038
-1116
-1626
-1007
105
-191
-185
-1169
-3478
-2492
-1138
-2223
-920
949
960
1263
323
-652
672
867
147
1465
2548
2089
1572
948
923
1203
-321
-1517
-667
-334
-808
-951
-648
255
113
-1228
-1174
-317
-587
-1448
-1449
-188
577
302
406
707
940
814
61
-32
354
60
-54
649
980
840
538
-193
-449
-668
-1624
-1833
-1282
-970
-588
-176
-29
65
-41
-325
-270
-35
204
628
1398
2177
2531
2577
2320
2064
997
-1163
-1713
-980
-1232
-899
203
464
549
-224
-2422
-2664
-1569
-2383
-2116
-308
338
1038
960
-167
396
755
-299
303
1632
1478
1290
1125
934
1586
964
-661
-443
184
-261
-703
-738
-190
257
-542
-1119
-476
-473
-1330
-1625
-1055
-134
154
34
434
888
836
403
21
7
-1
-233
-38
650
965
766
408
196
-50
-772
-1290
-1211
-842
-452
-317
-175
122
288
77
-273
-304
-250
-167
322
982
1615
2088
2264
2115
1308
-272
-1163
-796
-851
-850
-55
566
849
556
-1004
-1828
-1331
-1941
-2256
-1214
-648
5
490
-58
191
598
-134
-136
640
621
615
790
707
1332
1371
388
266
348
54
-21
-175
27
461
-15
-484
-215
-266
-656
-1045
-1151
-580
-289
-538
-142
352
378
499
319
-36
-91
-347
-548
-60
365
501
613
469
397
87
-555
-815
-711
-515
-229
87
218
229
278
118
-62
-214
-527
-389
134
593
1039
1471
1735
1794
959
-594
-774
-314
-805
-658
278
727
1056
478
-1011
-938
-637
-1703
-1680
-982
-837
-141
2
-339
377
318
-577
-85
436
-30
27
291
677
1394
921
320
722
594
149
-39
-94
376
575
71
-7
186
-231
-754
-1025
-868
-333
-346
-449
101
218
22
184
-2
-242
-348
-576
-410
-17
217
421
526
488
394
-12
-492
-428
-315
-334
16
223
236
428
243
-21
39
-232
-510
-324
-30
387
854
1216
1410
1533
912
-356
-502
-239
-627
-465
255
821
1181
491
-810
-775
-474
-1358
-1508
-926
-658
-103
-258
-607
208
230
-587
-262
247
120
-4
-132
242
1092
820
268
677
699
399
225
36
383
579
90
189
600
136
-569
-928
-738
-312
-552
-652
-40
180
59
46
-174
-443
-646
-883
-737
-203
94
368
727
830
662
100
-440
-609
-643
-487
-124
128
233
340
353
184
-93
-302
-386
-316
-33
302
594
1022
1375
1485
1265
170
-619
-424
-607
-740
-59
502
860
854
-271
-899
-446
-808
-1333
-983
-674
-322
-241
-675
-311
268
-102
-270
134
126
-63
-155
5
780
1028
468
504
872
753
366
80
302
622
228
-11
410
429
-169
-805
-807
-309
-343
-711
-535
-207
7
253
78
-247
-324
-660
-802
-356
-98
112
428
612
715
282
-390
-617
-616
-447
-76
96
136
322
362
127
-20
-192
-370
-180
43
262
704
1078
1285
1477
1062
-7
-450
-377
-592
-455
136
503
876
785
-248
-626
-379
-836
-1098
-909
-794
-394
-411
-841
-413
90
16
206
328
122
47
-194
-163
550
756
510
719
871
700
454
185
338
580
213
-31
184
119
-285
-783
-894
-484
-502
-822
-702
-433
-74
317
183
-136
-221
-473
-642
-363
-64
237
559
726
707
415
-33
-364
-402
-257
-163
-186
-90
137
148
-110
-343
-438
-440
-366
-137
270
719
1096
1332
1392
838
-209
-534
-388
-529
-259
409
813
1053
623
-439
-531
-291
-895
-1078
-834
-734
-405
-695
-1109
-398
150
-4
206
406
164
-44
-222
8
697
764
479
747
904
667
447
300
596
736
134
-116
87
-33
-496
-919
-770
-520
-755
-993
-838
-438
-38
225
201
-4
-185
-412
-491
-238
125
484
896
1157
961
406
-47
-236
-267
-149
-50
-93
-59
10
-177
-391
-452
-637
-593
-129
155
492
1094
1299
1288
953
-147
-600
-278
-571
-514
353
831
1185
970
-236
-532
-238
-814
-999
-691
-744
-458
-455
-994
-637
-149
-360
-48
365
159
111
-27
-124
416
618
411
665
882
743
570
334
417
561
169
-45
196
105
-382
-683
-635
-494
-622
-898
-911
-631
-285
-2
149
59
-196
-363
-305
-51
200
434
744
1029
1003
583
113
-107
-233
-335
-245
-112
-37
34
-8
-182
-336
-554
-638
-368
-15
344
715
1068
1322
838
-290
-577
-214
-417
-392
304
964
1325
806
-281
-332
-125
-792
-1046
-763
-657
-467
-572
-797
-280
67
-246
-119
266
142
-83
-199
15
493
414
219
593
820
621
521
606
743
702
272
-57
75
-25
-542
-848
-792
-680
-767
-1047
-978
-519
-223
-13
123
-29
-285
-402
-264
-25
287
599
838
1018
975
654
193
-87
-91
-225
-352
-147
41
48
-18
-116
-274
-495
-577
-315
213
784
1081
1241
879
-201
-639
-380
-401
-184
528
951
1152
855
-352
-752
-177
-421
-623
-195
-209
-300
-640
-1119
-679
-216
-406
-173
402
353
57
-119
-155
241
366
114
461
850
776
623
442
646
659
56
-153
64
-25
-479
-675
-574
-709
-1016
-1185
-1014
-505
-43
171
182
39
-199
-380
-340
-71
395
909
1110
1106
921
322
-166
-274
-299
-224
-44
141
203
62
-184
-384
-551
-586
-372
-122
359
844
944
912
277
-852
-914
-337
-315
143
1032
1411
1466
538
-753
-447
-32
-692
-596
-113
-182
-137
-481
-835
-340
-290
-640
-260
85
-114
-188
-161
200
729
366
52
469
677
601
493
515
674
356
-303
-397
-153
-370
-742
-772
-625
-591
-858
-1024
-719
-281
8
127
-22
-270
-365
-277
-36
228
526
874
1147
970
383
-83
-311
-323
-265
-202
68
237
115
166
241
19
-177
-137
19
474
993
1131
1146
228
-1198
-1235
-837
-930
-365
630
1370
1777
770
-738
-570
-200
-760
-543
-40
45
201
-439
-750
15
-144
-566
126
511
256
97
-55
339
904
445
27
482
569
324
409
552
722
395
-350
-409
-312
-868
-1319
-1233
-817
-495
-668
-791
-396
35
159
113
-61
-295
-474
-405
25
624
1095
1258
1197
931
418
-287
-784
-693
-413
-97
255
238
232
307
56
-112
-14
92
433
1116
1515
1433
444
-1373
-1943
-1248
-1210
-960
246
1190
1705
1076
-820
-1214
-462
-725
-552
256
310
258
-175
-791
-148
355
-109
276
960
660
413
292
321
837
471
-358
-23
293
-16
91
452
778
572
-431
-807
-482
-746
-1276
-1316
-986
-522
-565
-880
-444
104
161
183
124
-67
-94
-137
103
767
985
962
1047
704
158
-405
-913
-858
-604
-401
-63
74
145
265
89
120
470
603
852
1454
1761
1474
23
-1821
-1808
-1090
-1192
-565
740
1402
1511
179
-1562
-1263
-844
-1373
-763
61
151
216
-402
-590
382
356
-61
774
1248
793
550
425
900
1439
414
-503
-24
92
-320
-224
381
954
494
-384
-325
-356
-1342
-2047
-1926
-1181
-661
-717
-252
604
877
618
285
-152
-416
-397
-145
745
1513
1401
908
484
192
-372
-1117
-1133
-522
1
285
264
168
100
-123
-203
107
478
972
1753
2339
1702
-746
-2620
-2044
-1416
-1597
-503
1148
1804
1197
-1102
-2399
-1218
-923
-1314
-126
736
686
327
-817
-667
687
627
410
1201
1418
953
693
763
1372
1104
-371
-573
69
-15
-185
124
694
772
-349
-1235
-1009
-925
-1384
-1686
-1258
-303
-133
-606
-193
459
561
542
268
-197
-262
-89
475
1355
1414
913
449
26
-282
-804
-1173
-766
-111
142
104
-38
-122
-166
-73
417
1087
1590
1984
2452
2204
-185
-2568
-2297
-1467
-1410
-329
1304
2040
1525
-1208
-3312
-2045
-1296
-1712
-231
1226
1493
1118
-496
-805
373
88
-36
1312
1754
1250
917
813
1338
1122
-615
-1225
-311
-98
-267
-41
608
955
-237
-1491
-1293
-1064
-1530
-1812
-1055
205
401
64
293
442
208
103
-68
-279
-107
140
714
1537
1523
856
161
-444
-633
-896
-1201
-822
-133
223
176
127
-76
-304
14
522
1170
1983
2209
2441
1871
-1317
-3323
-2108
-1470
-1311
381
1856
2289
1150
-2511
-3841
-1810
-1585
-1554
487
1512
1470
604
-1128
-714
315
-270
431
2278
2321
1403
926
774
1079
137
-1851
-1691
-203
222
215
692
1248
716
-1088
-2046
-1683
-1420
-1730
-1621
-142
1224
909
154
146
77
-99
-103
-233
-159
257
673
1238
1497
866
124
-407
-683
-653
-691
-763
-325
142
199
250
35
-371
-9
911
1570
2417
2791
2514
1605
-1565
-3745
-2394
-1598
-1636
95
1709
2289
1353
-2586
-4172
-1737
-1256
-1554
670
2151
2001
791
-1262
-883
239
-754
-211
2509
3219
2027
1068
602
682
-598
-3047
-2683
-376
568
637
1443
2251
1213
-1331
-2703
-2027
-1410
-1753
-1501
375
1640
945
-95
-431
-314
-318
-359
-62
736
1167
904
1174
1237
222
-927
-1361
-883
-304
-357
-594
-188
279
-71
-373
-256
-215
400
1441
2019
2740
3086
2698
1780
-1661
-4243
-2609
-1175
-1292
236
2008
2122
778
-3439
-5465
-2523
-1231
-1308
1078
2815
2630
1016
-1638
-1595
-140
-715
-110
2885
4059
2717
1376
688
418
-1104
-3610
-3163
-420
920
944
1471
2267
1191
-1624
-3087
-2249
-1239
-1328
-989
717
2013
1191
-282
-693
-466
-374
-440
75
990
1465
1118
1031
1102
212
-1067
-1626
-950
-84
-112
-380
-149
95
-196
-686
-778
-402
450
1524
2219
2716
3040
2824
2154
-1069
-4318
-3063
-1037
-1035
177
2239
2476
1118
-2857
-5712
-3194
-1044
-1236
804
2962
2641
902
-1734
-2263
-597
-707
-382
2837
4533
2935
1142
398
191
-981
-3398
-3242
-45
1750
1481
1535
2173
1194
-1814
-3604
-2656
-1262
-924
-563
805
2332
1272
-1177
-1613
-1086
-944
-558
427
1470
2193
1652
679
599
-206
-1337
-1462
-594
570
650
-141
-438
-365
-608
-735
-630
-8
916
1681
2256
2456
2473
2103
1861
-509
-4235
-3761
-1091
-400
232
1957
2574
1557
-2124
-5875
-3727
-343
-578
439
3047
3186
1153
-1801
-3044
-1110
-352
-533
2234
4911
3680
1006
-363
-732
-1457
-3653
-4234
-539
2622
2410
1750
2094
1409
-1546
-3812
-2915
-664
28
-216
831
2267
1375
-1079
-1964
-1225
-431
-47
614
1669
2071
960
-440
-432
-483
-1170
-1105
60
1305
1189
-142
-1237
-1170
-723
-507
-104
629
1423
2053
2245
1926
1988
1974
1843
475
-3319
-4337
-1636
-600
-758
864
2109
1486
-1138
-5167
-4464
-416
-25
-35
2620
3515
1579
-1256
-2951
-1521
-289
-523
1691
4834
4246
1238
-404
-771
-1434
-3441
-4577
-1457
2335
2591
1531
1787
1420
-1384
-3780
-3116
-946
309
479
752
2003
1758
-1362
-2884
-1675
-557
61
1140
2218
2449
1465
-502
-910
-724
-1328
-1102
118
1459
1474
13
-1364
-1517
-1009
-537
153
972
1836
2624
2773
2168
1878
1619
1127
-540
-3807
-3587
-415
-27
-462
1107
1752
614
-2415
-5988
-3920
405
421
672
3155
3138
649
-2117
-3317
-1199
141
-316
2225
5505
4154
571
-948
-932
-1429
-3348
-3879
-309
3198
2785
1290
1358
769
-2121
-4139
-2704
-67
781
459
810
1515
699
-2020
-3286
-1765
203
1106
1649
2497
2406
867
-827
-1040
-683
-872
-633
550
1658
1191
-657
-2056
-1907
-1097
-412
322
1046
1780
2309
2394
1892
1468
1575
1587
-367
-3982
-3779
-797
-267
-486
969
1981
957
-2290
-5630
-3316
577
122
291
2798
3151
681
-2136
-2948
-910
196
-221
2159
5193
3919
477
-971
-804
-1414
-3588
-4063
-156
3461
2916
1380
1426
795
-2090
-3997
-2532
51
672
144
576
1345
427
-2408
-3476
-1643
383
1164
1652
2435
2046
534
-1013
-1047
-435
-505
48
1130
1979
1203
-880
-2199
-1922
-914
-365
285
911
1762
2555
2430
1939
1497
1380
1586
-543
-4364
-3378
44
-87
-401
1299
1737
672
-2654
-6115
-2756
1353
133
258
2977
2970
134
-2825
-3404
-822
169
-394
2518
5727
3721
-171
-1512
-1091
-1521
-3737
-3774
533
3865
2676
869
1193
703
-2142
-3694
-1737
877
1084
43
423
1525
297
-2898
-3567
-1444
595
1273
1713
2533
2118
314
-1468
-1243
-487
-457
-5
1135
2139
1084
-1178
-2252
-1585
-437
97
518
1168
1675
1994
1943
1483
1482
1736
1709
-527
-3729
-3173
-465
-155
-794
940
1784
511
-2476
-5484
-2697
1175
400
134
2790
3111
71
-2560
-2888
-858
75
-390
2087
5221
3475
-242
-1213
-694
-1347
-3421
-3321
694
3683
2433
618
1021
437
-2365
-3503
-1569
638
628
-363
67
1275
228
-2648
-3313
-1321
595
1021
1296
2023
1836
193
-1341
-878
-247
-416
-200
1027
1896
683
-1303
-2342
-1656
-552
135
657
1375
2126
2327
2006
1419
1355
1490
913
-2552
-4333
-1303
530
-249
183
1857
1657
-264
-4338
-5401
-519
1406
-197
1028
3217
2084
-1102
-3174
-2268
61
-155
151
3953
5299
1757
-1223
-1121
-604
-1953
-3726
-1832
2596
3750
1413
361
1103
-361
-3226
-2891
40
1390
96
-859
339
1176
-906
-3179
-2291
247
1549
1482
1633
1966
1096
-979
-1530
-355
64
-219
218
1646
1712
-645
-2708
-2477
-895
77
423
1134
1918
1939
1475
1282
1358
1487
1669
459
-2969
-3443
-841
-203
-787
508
1975
1276
-1073
-4829
-3917
647
919
-282
1662
3212
1168
-1913
-3030
-1640
-141
-402
1235
4960
4466
528
-1165
-355
-507
-2554
-3482
-505
3207
2842
566
511
944
-1339
-3402
-1795
732
824
-613
-794
715
745
-1721
-3203
-1561
971
1592
1247
1489
1610
399
-1100
-775
29
-97
-317
590
1938
1150
-1172
-2395
-1479
-197
122
292
853
1537
1750
1587
1297
1434
1614
1436
-796
-3919
-2855
-152
-258
-525
1553
2482
743
-2595
-5341
-2227
1403
393
37
2450
3065
-126
-2868
-2822
-912
-237
-398
2462
5277
2926
-866
-1199
-185
-1266
-3479
-2749
1464
3870
2009
110
879
409
-2601
-3392
-575
1722
397
-1200
-36
1227
-340
-2692
-2526
-351
1501
1514
1092
1446
1182
-406
-1258
-362
145
-331
-183
1253
1816
0
-2039
-2120
-609
70
67
696
1354
1623
1626
1564
1533
1862
1969
378
-2883
-3552
-1236
-169
-846
223
2172
1796
-623
-4617
-4146
161
974
-2
1191
2890
1629
-1785
-3174
-1686
-351
-649
891
4710
4539
605
-1398
-560
-269
-2272
-3327
-328
3424
3233
498
-46
683
-1471
-3722
-2046
1132
1441
-802
-1188
594
573
-1984
-3076
-1152
1100
1815
1552
1318
968
-193
-1506
-894
292
77
-328
613
1951
917
-1733
-2706
-1359
-60
180
491
1046
1482
1351
892
985
1559
1668
1462
-562
-3323
-2341
-367
-530
-664
1060
1933
652
-2059
-4536
-1734
1294
434
194
1956
2558
159
-2245
-2231
-669
-266
-326
2261
4677
2440
-795
-1054
-36
-995
-3019
-2035
1631
3510
1798
-91
296
37
-2425
-2949
-383
1431
361
-1153
-135
1094
-349
-2472
-2213
60
1421
1517
1448
1294
707
-681
-907
64
169
-254
-67
1216
1729
-2
-2077
-1971
-518
29
25
374
1073
1373
1312
1062
1162
1493
1409
381
-2740
-3152
-818
-118
-710
23
1849
1374
-835
-4004
-3417
423
969
98
1257
2530
1191
-1669
-2637
-1410
-395
-474
1014
4288
3997
436
-1209
-348
-281
-2178
-2687
262
3162
2641
471
-98
172
-1607
-3336
-1713
902
1013
-887
-1031
552
152
-1874
-2545
-806
1032
1422
1543
1540
1018
-243
-940
-180
177
-346
-338
861
1874
871
-1187
-1875
-829
-205
-220
325
954
1220
1421
1235
1040
1459
1527
1143
-1434
-3510
-1874
-82
-533
-848
1080
1833
328
-2635
-3991
-896
1194
337
537
2303
2244
-602
-2246
-1668
-840
-614
173
2864
4148
1684
-725
-667
86
-1110
-2682
-863
2220
2971
1243
61
419
-891
-3114
-2702
10
1217
-228
-1020
241
592
-1450
-2739
-1553
425
1170
1405
2094
1599
41
-1103
-419
636
127
-311
652
1965
1334
-794
-1788
-1297
-686
-701
-144
652
654
791
1018
1034
916
1113
1390
1288
-1210
-3445
-2006
-149
-281
-723
906
1853
291
-2670
-3372
-692
670
-16
168
2036
1962
-1068
-2369
-1220
-430
-616
309
2834
3604
1500
-420
-115
449
-1323
-2561
-100
2640
2381
836
648
881
-849
-2944
-2329
-61
674
-936
-1346
406
412
-1608
-2312
-977
202
533
851
1471
1371
172
-564
113
697
-215
-415
944
1984
1343
-223
-751
-412
-463
-808
-261
567
765
853
1033
928
671
630
851
431
-1659
-2587
-1198
186
-225
-518
907
1182
-491
-2741
-2345
-70
797
174
298
1744
1055
-1575
-2063
-750
-397
-618
590
2705
2726
872
-328
241
407
-1544
-2025
625
2417
1576
337
409
371
-1336
-2662
-1710
201
289
-1068
-591
909
106
-1697
-1818
-701
177
394
653
1156
1144
0
-642
105
194
-555
-255
1140
1869
969
-343
-482
-144
-516
-814
-183
587
739
739
817
685
487
318
507
202
-1269
-2028
-884
348
-49
-262
721
903
-368
-1749
-1409
-9
668
-16
-115
1102
532
-1494
-1626
-305
-91
-372
416
1630
1884
917
-213
239
578
-981
-1483
448
1818
1084
242
383
389
-594
-1690
-1343
247
434
-761
-376
821
279
-1213
-1569
-801
87
264
-15
465
960
252
-592
-387
-15
-237
-234
486
1282
1031
64
-254
-82
-185
-618
-509
228
504
178
-9
55
-103
-404
-442
-193
162
267
-3
-20
348
436
218
387
648
593
725
804
391
218
437
73
-493
-443
-433
-645
-382
-159
-292
-428
-537
-746
-594
-229
-498
-604
-97
-19
-257
-218
-292
-295
-16
42
-9
358
505
191
484
1008
841
591
388
45
240
807
687
186
71
14
-134
-371
-715
-760
-357
-133
-206
-22
69
-233
-505
-657
-579
-461
-333
-19
397
543
147
-122
18
117
-24
76
444
214
-129
49
88
170
522
387
258
781
684
-154
-47
453
11
-222
-56
-361
-353
28
-108
-245
-27
-428
-704
-30
85
-381
-197
-52
-343
-253
-149
-309
-158
23
-179
17
371
101
87
492
488
444
596
547
383
356
339
392
397
-161
-440
66
131
-430
-504
-244
-251
-242
-180
-121
-59
-287
-675
-517
-251
-387
-190
217
270
88
-76
-72
54
85
12
316
677
284
-148
162
380
269
421
580
536
595
398
-108
-76
98
-357
-486
-131
-374
-749
-430
-193
-398
-424
-508
-525
-86
5
-321
-117
141
-196
-314
-88
-158
-268
-86
130
418
591
341
350
616
510
394
591
553
289
280
430
514
218
-375
-458
10
-97
-660
-560
-188
-196
-311
-326
-311
-382
-582
-581
-187
3
-96
204
558
291
-149
-237
-57
210
298
270
572
797
220
-382
-4
368
58
251
904
902
451
139
-268
-506
-243
-368
-545
-27
-21
-697
-503
-21
-424
-736
-525
-428
-312
-160
-274
-97
226
-116
-423
-150
-156
-393
-47
470
580
580
347
185
581
655
292
470
694
341
278
597
392
-56
-252
-426
-365
-316
-710
-682
-62
152
-88
-137
-50
-284
-617
-640
-315
-81
-86
212
636
482
29
-47
132
124
79
276
510
612
455
15
-75
316
322
135
616
882
312
39
17
-412
-501
-268
-424
-340
-80
-493
-678
-127
-116
-581
-473
-342
-418
-104
64
-35
145
53
-390
-330
-104
-269
-138
419
563
503
521
378
418
609
379
94
254
305
189
295
151
-291
-337
-229
-409
-465
-420
-416
-119
193
62
-217
-280
-321
-444
-359
-180
-108
18
225
331
154
-67
-73
100
179
152
229
305
286
302
318
108
-17
191
247
252
605
593
158
125
71
-399
-387
-115
-437
-405
75
-129
-432
-140
-67
-231
-108
-232
-402
34
168
-267
-223
-117
-502
-695
-463
-280
-45
278
286
285
421
296
264
558
464
162
259
370
200
87
17
-29
19
-191
-515
-510
-292
-247
-173
127
190
-103
-373
-328
-212
-412
-409
37
326
221
27
-64
-121
-197
-315
-239
115
333
304
459
664
549
71
-207
189
472
290
431
735
402
2
-73
-325
-416
-121
-48
25
430
235
-409
-330
-70
-415
-567
-375
-397
-260
-18
-177
-266
-196
-458
-465
-15
162
98
340
578
492
421
336
299
344
258
165
186
114
-107
-169
-43
-29
-192
-335
-299
-59
-43
-105
138
271
80
-203
-393
-370
-162
-39
4
259
351
-21
-187
-78
-130
-366
-431
-201
-61
-53
129
414
505
388
196
-14
-18
207
172
131
411
406
30
-13
40
-288
-298
-1
-24
3
172
39
-20
118
-26
-265
-258
-394
-503
-212
-110
-325
-345
-284
-417
-414
-277
-200
62
455
520
423
426
385
335
359
332
139
-29
8
29
-90
-167
-160
-231
-283
-104
92
53
142
285
170
128
104
-60
-79
37
-17
-121
-113
-177
-218
-111
-151
-324
-385
-331
-195
-7
150
279
453
532
403
159
-11
17
84
36
171
439
315
130
209
87
-204
-167
-15
28
245
323
74
-9
-3
-319
-597
-516
-455
-450
-259
-100
-131
-177
-265
-399
-362
-221
-106
103
382
458
445
458
389
247
143
100
55
-24
-59
-25
17
25
-67
-154
-117
-34
-78
-94
69
239
260
243
167
-58
-186
-151
-157
-191
-105
1
32
-43
-167
-283
-274
-196
-99
42
211
373
373
265
219
157
-92
-220
-26
104
181
356
380
242
166
10
-224
-148
49
109
281
429
190
-69
-102
-242
-466
-565
-617
-545
-329
-316
-406
-263
-162
-250
-190
5
117
272
456
506
527
456
263
192
193
22
-150
-61
67
69
84
60
-51
-135
-253
-319
-226
-99
-44
67
240
260
96
-104
-236
-283
-268
-238
-158
-89
-70
-94
-114
-120
-194
-224
-54
168
286
390
478
396
225
75
-141
-220
-22
169
255
416
457
224
57
-40
-256
-302
-75
68
83
186
165
-41
-177
-297
-445
-471
-444
-493
-390
-169
-87
-42
30
24
14
105
201
291
378
433
443
421
311
159
85
28
-19
-41
9
50
-15
-59
-66
-125
-221
-251
-219
-131
14
100
127
156
78
-117
-193
-192
-260
-269
-137
-22
3
-39
-110
-148
-146
-110
-9
141
260
350
394
372
274
174
78
20
55
160
270
354
405
326
167
57
-97
-258
-221
-69
12
12
-18
-135
-272
-386
-533
-649
-621
-528
-399
-223
-95
-28
3
-13
-81
-79
-9
119
316
445
465
444
344
172
73
54
-4
-51
-17
26
38
44
-13
-89
-99
-100
-82
-24
65
97
92
98
11
-186
-382
-409
-332
-262
-184
-120
-69
-35
-43
-92
-111
-90
-75
17
190
302
347
361
392
429
336
169
54
78
179
200
255
359
345
189
44
-74
-186
-174
-84
-33
53
101
-34
-241
-381
-481
-539
-473
-368
-269
-128
14
33
-21
-30
-19
24
107
187
298
386
392
329
201
59
-29
-62
-107
-151
-127
-43
21
73
79
1
-76
-115
-122
-64
79
177
169
143
107
-18
-206
-323
-368
-345
-237
-136
-93
-28
3
-90
-147
-102
-68
-31
82
214
297
361
374
305
211
127
26
17
117
171
153
188
246
162
56
-33
-143
-164
-104
-95
-124
-79
-57
-185
-286
-320
-369
-358
-258
-144
-54
36
82
76
63
6
-33
46
160
238
300
354
357
249
105
-2
-61
-115
-147
-86
14
99
86
2
-27
-49
-114
-215
-189
-55
6
46
95
36
-120
-230
-303
-364
-323
-235
-154
-51
17
4
-39
-20
12
24
81
220
367
438
455
430
314
144
47
3
-31
28
118
155
191
217
132
-8
-92
-176
-185
-79
10
-2
-25
-59
-166
-258
-326
-394
-412
-338
-240
-136
-46
-42
-52
-14
0
-18
-14
72
187
274
313
336
334
231
95
9
-41
-43
7
5
27
93
59
-47
-93
-115
-204
-183
-51
-15
27
78
6
-106
-185
-254
-328
-287
-188
-135
-75
3
51
27
-9
-4
35
94
177
290
356
381
361
289
203
143
95
32
49
129
152
102
56
8
-76
-112
-129
-164
-108
-30
-20
-30
-26
-96
-203
-259
-301
-302
-255
-196
-141
-43
22
-14
-36
-55
-70
-24
50
122
202
293
312
266
234
157
55
19
-3
-1
29
59
68
-16
-74
-112
-173
-216
-221
-135
-89
-43
24
-24
-121
-148
-199
-249
-211
-120
-56
3
97
121
76
28
30
22
45
152
230
286
319
337
293
217
186
162
120
81
58
45
35
62
70
-30
-103
-113
-151
-205
-144
-24
-23
-38
-38
-119
-194
-229
-273
-291
-250
-180
-143
-57
12
-13
-2
-11
-15
-12
14
106
211
295
290
251
194
59
-40
-80
-63
-34
30
79
45
47
3
-90
-164
-176
-122
-83
-31
11
2
6
-19
-90
-172
-202
-153
-125
-86
-16
34
60
31
9
-16
-19
22
58
149
232
271
270
238
217
174
114
71
31
40
59
66
81
71
43
3
0
-57
-144
-109
-57
-8
4
-24
-70
-128
-168
-215
-211
-157
-132
-99
-33
27
51
12
-28
-36
-29
4
82
181
227
232
219
146
55
1
-29
-36
-10
28
25
28
9
-51
-90
-137
-156
-169
-130
-69
-61
-41
-78
-111
-128
-187
-187
-150
-94
-41
-10
78
80
78
76
32
58
66
121
184
218
275
243
206
172
117
127
105
86
72
53
53
52
54
6
-42
-54
-98
-171
-175
-100
-85
-109
-109
-131
-183
-232
-251
-258
-217
-133
-121
-92
-11
15
-2
-41
-63
-59
-54
32
136
203
242
231
189
101
39
37
23
66
126
122
125
106
65
-38
-123
-106
-112
-69
-29
1
23
-37
-65
-87
-125
-105
-62
-57
-65
-30
-1
34
82
30
-26
26
99
117
120
128
143
151
145
145
134
133
77
31
31
-7
-48
-67
-46
3
29
-4
-33
-51
-109
-153
-168
-138
-117
-140
-102
-48
-68
-136
-177
-128
-67
-72
-60
15
93
77
57
83
80
85
97
145
182
177
159
115
112
83
19
-18
-27
22
-17
-128
-5
73
-15
-59
-74
-122
-193
-194
-122
-93
-83
-93
-124
-100
-111
-60
-72
-63
64
69
29
61
98
28
-19
53
124
103
85
85
88
149
93
78
137
135
108
31
-8
14
32
46
40
55
40
-36
-46
-65
-93
-74
-65
-42
-54
-104
-101
-104
-85
-63
-63
-60
-75
-45
31
33
22
77
17
-21
-13
10
59
81
121
97
71
83
35
-31
-5
26
33
19
8
28
-37
-55
-11
-47
-71
-104
-89
-68
-84
-23
-51
-19
25
-24
-25
-44
6
8
-16
49
41
31
17
-19
16
-9
1
47
30
47
47
54
42
53
100
73
50
57
36
0
25
41
34
26
-7
-10
-43
-66
-63
-89
-64
-62
-68
-11
-14
-32
-31
-66
-51
-33
-38
-8
-15
19
22
0
32
-14
-15
37
62
103
83
58
28
1
20
0
38
47
9
-1
-25
-46
-37
-16
-9
3
-12
-33
-66
-80
-51
-30
-32
-30
-45
-35
-14
1
23
-1
17
26
-4
13
15
34
18
-19
13
3
17
50
17
9
42
78
80
40
37
-3
-30
1
-27
-16
30
16
-7
-2
-17
-38
-81
-68
-28
-18
2
-12
-25
-10
-43
-49
-47
-36
8
-6
-3
15
26
50
19
1
15
16
18
4
12
20
22
25
5
1
-11
-35
-17
-1
-2
0
-18
-21
-6
-10
-29
-32
-26
-20
-33
-1
-8
-33
-15
-29
-26
-37
-20
8
21
32
-7
-19
24
18
28
59
65
78
41
32
47
48
59
35
32
64
28
-24
-24
5
21
2
-9
-9
13
9
5
7
6
-30
-71
-24
1
6
-19
-32
-10
-38
-67
-40
-7
1
-12
-25
-12
-13
-8
-12
-13
19
-19
-29
12
36
49
9
-6
9
7
1
8
39
15
-20
-10
7
3
-10
-4
15
33
13
4
-4
10
-5
-23
-13
4
1
-31
-11
11
18
-14
-30
0
-20
-19
-5
7
17
-9
-12
-17
-4
12
-13
11
39
14
16
0
8
33
10
13
8
14
20
1
24
20
5
5
-5
-7
4
11
-8
-9
-24
-47
-18
-9
-20
-14
-4
-20
-47
-43
-29
-25
-5
-11
-11
10
6
6
5
7
16
12
3
-6
7
4
3
4
1
9
5
23
21
19
18
14
18
6
8
12
15
16
-9
-22
-20
-16
-24
-21
17
3
-25
-37
-28
3
-4
0
6
-7
-9
1
17
29
22
1
-10
3
5
1
0
11
15
5
22
29
32
34
19
18
25
18
17
7
10
0
-7
9
-11
-11
-16
-23
-21
-20
-13
-29
-11
-7
-19
-23
-33
-20
-16
-16
-9
-9
-5
-11
-5
12
13
29
28
19
18
-3
4
14
22
29
11
11
8
8
9
17
22
-1
-5
-16
-22
-28
-27
-9
-10
-7
-14
-15
-12
-9
-3
9
17
-4
-4
-6
-6
2
-3
-5
-1
2
-7
3
14
23
11
0
2
-5
-1
1
22
25
5
-10
-20
-29
-16
8
13
20
0
-14
-17
-16
-6
-7
3
8
-2
-14
3
12
13
-1
-16
-8
-11
-3
4
13
13
-3
-8
-7
3
8
5
3
14
17
-2
-13
-9
1
-2
0
5
-3
-7
-10
7
3
-8
-10
-12
7
6
12
12
-4
-12
-20
-17
-10
9
18
10
4
-3
-26
-19
0
2
15
9
6
1
2
14
17
21
15
6
0
7
14
11
-5
-7
3
-2
9
8
10
10
4
10
7
13
5
-6
-15
-22
-18
-16
-9
1
-2
-13
-18
-23
-23
-28
-21
-15
-13
-4
-10
-11
-2
12
20
9
8
4
0
-5
-8
-3
3
7
4
3
8
17
21
20
17
14
-4
-12
-2
0
6
7
4
-1
-8
-3
8
13
6
0
-11
-19
-9
-8
-8
-15
-19
-16
-28
-4
28
31
38
22
4
-5
-6
10
12
9
15
10
0
3
14
28
33
20
4
2
-4
4
12
5
3
-6
-13
-9
-8
-6
-2
-6
-13
-22
-23
-18
-8
-7
-12
-16
-16
-11
-3
5
7
7
4
-9
-13
-9
-3
4
7
3
-10
-8
-5
4
19
20
17
10
-8
-16
-12
-10
-7
-3
3
-4
-10
-8
-9
-8
-3
-10
-13
-12
-16
-9
-3
10
10
11
17
13
7
9
10
5
9
-2
-5
10
10
2
-4
6
11
11
9
4
8
6
2
-1
1
1
1
-1
2
3
-4
-10
-9
-5
-5
-8
-6
-6
-1
-1
4
5
3
5
-3
2
1
-5
-3
0
3
1
1
0
3
7
2
2
8
-1
0
3
2
0
-2
4
-1
-5
-8
-6
2
-1
4
3
3
6
-1
-3
-6
-2
-5
-9
-1
7
11
7
6
5
3
2
5
2
0
2
2
-1
1
4
4
4
5
-1
-2
-5
-7
-7
-9
-1
0
2
7
11
8
0
-1
-3
-1
-3
-4
-1
-10
-11
-11
-12
-4
0
6
5
5
5
2
8
10
3
-3
-4
1
-9
-12
-1
-3
-8
-9
-8
-4
3
10
9
7
3
-11
-8
2
6
5
-3
-3
-4
-7
-10
-4
6
3
4
2
-4
-6
-9
-9
-6
-4
1
-1
5
10
3
-2
-4
-3
-1
-1
7
9
1
-4
-4
0
-3
-1
3
6
3
6
0
-8
-5
-9
-9
-1
7
10
10
8
4
1
0
-4
-2
-3
-6
2
3
-4
0
3
1
1
4
7
9
13
7
-6
-5
-5
-4
0
2
-4
-6
0
0
4
6
0
0
3
5
5
1
-3
-1
5
-2
-3
1
-1
-1
7
9
1
1
5
5
11
13
6
1
-3
-6
-7
-3
3
1
-2
-8
-9
-6
-8
-10
-6
-4
-11
-9
-8
-6
1
-2
-5
3
8
3
-3
-5
-4
-1
1
10
12
7
2
-4
-6
-8
-6
-6
-7
-5
-3
-4
3
7
8
7
2
5
-1
2
5
2
2
-4
-3
5
11
11
2
1
5
1
5
3
-6
-10
-10
-6
-7
-1
5
0
-2
-2
-2
4
11
2
-1
4
1
-1
-2
-6
-1
4
1
1
3
4
-1
1
3
5
11
9
2
1
-2
-4
2
10
13
5
-3
-7
-3
-4
-1
0
-1
9
6
0
-2
-2
-7
-9
-4
-6
-8
-7
-1
-1
-5
-10
-12
-9
-6
-4
-1
6
3
4
5
3
10
12
14
12
9
6
-1
-6
-6
-1
5
10
11
8
3
-4
-7
-4
-1
1
1
0
7
10
12
7
2
7
7
6
3
3
-2
-12
-17
-19
-15
-13
-19
-17
-11
-14
-14
-10
-7
3
7
3
7
7
-2
-6
-9
-8
-4
-8
-15
-12
-5
-4
-3
-2
-2
4
12
7
2
5
1
-3
-1
6
3
1
-2
-4
-4
-6
-7
1
5
9
10
-7
-17
-13
-8
-6
-3
-2
-5
1
-3
-10
-3
6
-2
-11
-12
-12
-4
-1
-1
7
8
4
5
2
8
12
10
7
5
9
4
5
13
17
13
0
-4
-6
-10
-8
-8
0
4
-2
2
10
10
9
5
2
2
6
8
5
4
0
10
12
8
12
10
-1
-12
-13
-13
-7
1
0
4
3
-1
0
1
5
4
8
6
-3
-4
-5
-3
-8
-8
-6
-2
5
6
19
29
29
20
15
17
18
16
15
10
8
11
14
10
8
10
4
-2
1
-1
-7
-9
-4
-5
-2
-2
-2
-2
-8
-6
-5
-3
-4
-12
-11
-8
-12
-12
-8
-9
-10
-12
-9
-3
-4
-4
-3
-1
-1
0
-2
-6
-4
-4
-5
0
4
7
5
2
4
-1
-4
0
2
5
3
2
1
-1
-1
-4
-4
-6
-15
-17
-12
-6
-1
-2
-3
-6
-7
-1
3
6
5
4
3
5
5
-4
-8
-7
-2
3
6
5
6
7
1
-4
-3
-1
2
3
7
6
4
1
-2
-4
-2
1
3
5
4
4
0
-5
-11
-9
-4
0
1
-2
-5
-6
-8
-10
-5
1
0
5
8
3
-3
-6
-6
-9
-13
-8
-4
-5
-8
-8
-7
-6
-4
-5
-1
7
12
7
2
2
6
7
5
4
8
6
-1
-6
-3
4
7
11
9
11
6
-4
2
3
2
-1
-5
-3
0
2
4
5
3
-3
-5
-6
-7
-5
-2
2
0
-3
0
0
1
6
5
4
5
2
-7
-10
-5
-3
-3
-3
-3
-5
-4
-5
-4
0
5
5
2
1
5
8
6
5
1
0
-3
-3
-3
0
7
4
0
-9
-15
-10
-3
-5
-6
-1
5
7
6
2
9
11
6
0
-8
-6
-3
-11
-15
-11
-4
-1
4
6
10
17
16
14
14
8
5
3
-1
-2
-2
-5
-6
-4
1
1
-1
3
3
2
0
-3
-1
-4
-10
-10
-1
3
1
0
3
5
0
-6
-8
-5
-2
-2
1
0
0
3
-2
-4
-2
1
3
-3
-2
0
1
0
-3
-4
-5
1
3
1
-1
-2
-5
-10
-6
-1
1
5
5
2
0
-2
-2
-2
2
9
9
1
-4
-3
-1
-1
-2
-3
0
8
8
8
7
7
6
2
4
2
0
1
0
-1
-3
1
2
-2
-3
-1
0
-3
1
8
7
2
-3
-15
-19
-15
-13
-6
-4
4
-4
-10
1
-1
12
13
6
9
9
8
-5
-14
-17
-7
0
1
-1
3
5
1
3
-3
1
7
6
2
-2
2
2
0
1
-1
4
3
3
2
-6
-8
-3
4
-2
3
10
-2
1
4
1
8
4
1
-3
-3
-7
-15
0
9
5
9
4
1
12
12
2
0
0
-3
-5
8
1
-6
3
-3
-4
-2
3
7
5
13
6
-3
2
-3
-6
0
-2
-3
6
2
-2
-5
-9
0
2
1
-3
-9
-4
-10
-10
-3
0
5
5
2
0
-3
-10
-7
-2
-2
7
5
-7
-8
-7
-6
1
7
-1
-6
1
1
2
3
-1
3
-1
-1
-1
-4
-6
-12
-12
-13
-10
3
12
19
15
4
-1
-6
1
3
3
10
4
2
8
-2
-4
3
0
3
0
-8
-9
-10
-10
-12
-5
5
5
18
6
-5
11
11
10
2
-3
3
-2
8
-3
-8
5
-3
16
12
-6
2
-6
-1
1
-8
-8
-15
-1
3
-2
-1
-8
2
-4
4
11
-19
0
11
0
-1
-17
-11
-4
-4
-14
-17
-3
-1
8
13
4
3
5
8
3
10
2
-13
-5
-6
-6
-2
-2
5
8
16
17
5
-4
-3
12
3
-5
1
-5
2
-1
-9
-3
-3
2
-8
-9
6
5
9
-5
-12
-5
-2
11
4
2
7
13
25
6
-9
0
2
8
3
2
1
-1
4
-9
-11
-4
-8
-16
-18
-19
-15
-3
-10
-2
-3
-6
3
2
8
7
3
4
-1
13
16
4
15
6
9
17
5
5
-6
-4
4
-2
-5
-28
-21
-11
-19
-1
-2
6
13
-3
-6
-5
5
14
12
6
2
-3
-9
-2
0
0
12
12
11
0
1
10
2
12
1
-1
0
-16
-7
-1
1
6
2
8
0
-4
5
-10
-8
-1
-3
-2
-5
-2
-15
-9
10
1
3
0
-4
2
-2
-1
-1
-11
-20
-15
4
14
16
12
-7
-10
1
6
1
2
4
-11
-12
-10
-8
4
16
21
10
16
12
-1
2
-1
11
11
1
4
1
10
5
-9
-11
-18
-5
3
4
3
-5
-5
-8
3
10
-4
1
-1
6
-1
-22
-7
-2
-4
-6
-15
-2
6
17
7
-6
5
0
13
18
13
9
-9
-5
-10
-14
4
2
6
5
-2
12
2
-4
-4
-14
-2
-2
0
-1
0
6
0
1
-6
3
12
1
6
-6
-13
-4
0
7
4
-2
-15
-23
-3
12
4
5
-4
-7
5
10
17
3
-11
-2
2
6
5
1
-2
-7
5
-5
-7
9
14
14
4
-4
-17
-19
1
6
5
2
1
-11
-15
5
-5
-7
-4
-15
1
8
5
6
5
18
21
14
1
-4
8
9
3
-8
-15
-3
-6
-9
-8
-11
0
17
20
10
-3
3
6
2
2
-11
-13
-12
1
8
1
9
0
-4
7
6
-3
-3
1
2
-2
4
-4
-10
-2
-2
5
7
-3
-7
3
4
-2
-7
-12
-6
-2
-6
-6
10
15
3
1
2
-1
-3
-3
0
7
11
3
-5
-7
-1
4
7
-1
-13
-13
-12
-4
2
-4
4
15
13
4
1
2
2
-4
-8
-12
-7
9
14
10
4
1
-5
-13
-7
6
16
12
0
-10
-10
-6
-4
1
0
-5
-7
-7
-7
-3
4
5
-1
-6
-9
1
4
0
1
-3
-2
4
4
3
1
-4
-9
4
4
-1
1
-5
-5
0
-1
-12
-10
-8
-7
-4
-2
4
8
11
10
-5
-9
-2
7
17
12
13
13
9
1
-4
0
4
4
0
-7
0
-1
-3
3
8
4
-4
6
1
-9
-9
-21
-16
-8
-3
1
-3
0
0
-3
3
2
8
5
1
9
5
4
-4
-10
-8
-13
-2
4
1
8
4
1
-7
-8
-2
-2
3
-8
-14
-13
-5
9
6
-1
-5
-9
-10
-13
-9
-5
-5
-3
-1
-3
-1
7
3
5
11
21
22
13
13
7
3
6
6
5
-5
-5
-4
-4
2
6
7
6
2
0
-5
-9
-3
6
-1
-2
5
3
6
1
-5
-4
-4
11
10
-1
8
2
-5
-3
-4
4
16
24
17
1
-2
-8
-7
1
1
6
1
-6
-7
-7
8
11
10
11
7
4
-1
-7
-7
-7
-4
-8
-11
3
5
1
-11
-13
-11
-17
-12
-11
-8
-1
-3
0
-2
-4
2
2
4
2
2
-2
-2
2
-2
4
4
-7
-4
1
-2
-4
0
-4
2
10
5
4
-6
-7
-3
3
9
5
5
-2
-4
-2
-4
3
-1
1
5
-1
8
4
2
-1
-9
1
-3
5
10
0
0
2
-3
-5
4
5
-5
2
3
-6
-1
-3
-5
-6
-4
4
2
1
-9
-11
-3
-4
-7
-3
-6
-13
-13
-8
-2
-1
5
8
7
5
9
7
-2
0
1
5
9
11
11
-2
-1
2
-8
-8
-3
-2
-8
-15
-4
-3
-3
7
8
8
9
8
2
8
7
8
12
13
10
-6
-13
-9
5
14
4
6
2
-5
-10
-14
-4
-9
-9
1
3
6
2
3
0
2
8
9
7
14
13
9
1
-5
0
3
9
12
5
1
-4
-9
-15
-8
-3
1
8
4
7
4
-3
-12
-22
-11
-1
2
-1
-5
-4
-11
-13
-8
3
6
11
12
4
5
5
-2
-6
-9
-7
-5
0
7
5
1
-5
-12
-15
-8
-2
-9
-12
-14
-2
1
-5
-4
1
11
19
20
10
9
13
4
-6
-1
0
-4
4
7
7
-2
-9
-5
-9
-2
1
-3
3
-1
-9
-12
-6
0
-2
-2
-1
3
1
-4
-8
-13
-5
6
9
9
13
8
1
3
6
3
-2
5
11
13
10
1
-8
-10
-4
-3
-4
-6
-1
-2
-4
4
4
6
7
4
7
4
-3
-10
-8
-1
6
8
10
14
8
5
1
-3
0
6
10
3
-3
0
-6
1
5
-9
-6
1
1
-1
-1
-8
-11
-6
-8
-9
-5
0
-3
-6
0
1
-2
-8
-11
0
3
-8
-8
-3
6
6
3
0
2
8
0
2
2
-3
-8
-9
-6
-3
1
-4
-3
5
18
13
5
6
9
10
6
4
6
8
11
11
1
-3
-4
-2
-2
-4
-10
-11
-6
-2
4
1
2
1
-6
-5
-1
-5
-7
1
2
2
-3
-6
3
2
-2
-5
-10
-8
1
2
0
1
4
0
-5
-7
-9
-5
-5
-2
5
5
6
-1
-4
0
0
2
3
7
4
4
9
6
5
5
2
-2
0
-1
-6
-7
-5
-4
1
1
-8
-6
-1
-2
-7
-3
2
8
13
11
7
3
1
0
-3
-1
9
7
5
1
-3
-2
-3
1
-7
-4
0
1
3
-6
-10
-10
-5
-4
-5
0
-3
1
7
4
2
-3
-6
-6
-5
2
6
0
-2
-2
-2
2
1
-2
0
-1
0
-2
-5
-1
1
6
5
7
1
-2
2
1
0
1
-5
-8
-9
-3
2
2
3
3
5
6
4
5
2
7
7
5
4
0
4
3
3
1
-7
-5
2
3
4
1
-4
-7
-11
-7
-6
-2
-2
4
7
4
3
2
7
8
9
3
-10
-7
-8
-11
-6
-1
5
8
7
6
9
10
11
6
0
-3
-6
-7
-9
-3
1
4
5
2
0
-3
-8
-12
-5
4
5
2
0
1
1
5
3
8
13
10
7
2
-5
-15
-13
-10
-11
-1
5
6
1
-5
-9
-6
3
3
1
3
-2
2
-2
-4
2
-1
3
1
0
-2
0
-2
-10
-12
-11
-8
-4
3
4
-3
-4
-9
-7
-7
-11
-10
-9
-12
-4
-2
-5
2
9
13
8
-1
-9
-11
0
5
2
5
7
10
12
10
6
2
1
6
6
6
11
7
-1
-5
-3
3
5
2
5
6
7
3
-7
-13
-9
-4
-3
-2
-4
-4
-4
-7
-7
1
7
6
0
-2
0
5
3
1
7
4
5
3
-6
-11
-12
-9
-4
0
-1
2
5
-2
-6
-9
-7
-6
-6
-5
-5
-3
-5
-1
4
4
10
11
7
2
0
0
-2
3
8
10
10
9
10
7
3
-3
-9
-8
-10
-13
-14
-16
-6
-5
-1
5
7
9
4
5
2
4
3
-4
-6
-3
2
9
6
5
5
1
-2
-7
-4
8
12
3
-6
-7
-4
0
5
5
3
2
-2
2
4
5
3
4
4
0
0
-2
1
8
5
4
5
5
8
11
8
6
10
8
7
2
-1
4
0
1
4
1
-2
0
2
3
0
-2
1
4
7
1
-5
-2
-3
-2
-8
-9
-2
-1
0
0
3
5
5
6
5
3
5
5
0
-5
-5
-15
-23
-15
-9
-6
-7
-5
-3
-1
4
5
4
2
0
-1
-2
0
0
-7
-9
-5
-4
2
5
1
-4
-5
-4
0
1
3
2
0
1
-2
2
1
2
7
4
-1
-2
-3
-8
-4
1
-2
0
5
1
-1
-1
-4
-3
-4
-6
-3
3
4
5
7
9
9
6
6
3
-1
-7
-10
-6
-7
-5
-6
-4
4
1
-7
-5
-4
0
4
0
-2
2
2
-10
-6
1
-4
0
5
1
-2
-2
4
3
5
6
4
4
-1
-5
-4
-4
-4
-4
-5
-3
-3
5
13
12
6
-1
2
-1
1
5
-1
-4
-4
0
3
3
4
5
4
-2
-2
1
-1
-3
2
2
4
3
5
6
4
7
6
6
-1
6
9
6
7
3
-1
-1
0
1
1
6
7
6
2
1
-1
-4
-2
-3
0
3
2
-6
-11
-8
-7
-3
-3
-2
2
-2
-6
-6
-3
0
3
4
4
3
0
-4
-4
-4
-2
0
0
-1
-3
-6
-4
-2
-2
-1
1
3
3
5
5
4
-1
-4
-4
-9
-8
-6
-5
-1
-3
-6
-6
-1
6
7
9
5
-2
-5
-7
-6
-2
-7
-4
2
-2
-4
-4
-6
-2
-5
-5
-3
0
1
-5
-7
-4
2
1
1
-1
1
2
0
-1
0
5
6
7
10
8
3
2
1
0
4
6
4
2
2
1
-1
2
3
6
8
9
2
-5
-3
-5
-6
-6
-3
-2
-4
-6
-7
-1
2
4
2
6
6
8
9
6
8
4
-3
-5
-3
-7
-2
5
7
7
7
4
2
-2
-5
-4
-2
-2
-3
-4
-6
-4
-1
-6
-6
-8
-10
-5
-2
-3
0
1
4
5
1
1
6
10
11
7
3
0
3
2
1
2
4
1
-2
-1
0
1
3
4
2
1
0
-2
2
1
1
0
-6
-1
0
4
4
5
6
3
2
2
-2
-5
-6
-3
-6
-11
-10
-11
-9
-4
2
7
10
7
5
0
-5
-9
-12
-12
-9
-4
-3
-2
2
1
3
2
3
-1
-3
-2
-3
-3
-6
-6
-1
5
7
4
1
-1
1
3
2
-2
1
1
-1
-3
-2
0
5
5
-2
-3
-3
-2
-4
-8
-6
-7
-3
-1
4
4
-2
-4
-8
-9
-9
-12
-8
-6
-1
4
3
2
0
3
4
3
1
-1
-1
-4
-2
4
6
4
5
6
7
1
-8
-5
-1
0
-3
-11
-11
6
6
2
8
4
5
9
3
2
1
-3
1
14
16
9
4
0
0
2
3
4
6
4
0
1
0
-4
-1
6
6
5
3
0
6
7
1
-1
1
-1
-4
-4
-6
-8
-3
0
0
2
4
5
5
5
-3
-8
-8
-5
-2
-1
1
1
-3
-3
-4
0
2
7
10
9
5
-1
-3
-3
-1
4
4
2
-2
-4
-5
-8
-3
-2
-1
2
0
-2
-2
-4
-9
-7
-2
1
5
5
0
-1
-7
-5
1
0
-2
1
1
1
-1
1
3
2
4
1
0
1
2
-1
-4
1
1
1
2
4
5
0
-1
-1
-5
-5
-4
-4
-3
0
0
0
4
2
5
6
2
5
4
5
1
0
3
1
3
4
4
2
-5
-3
1
3
-2
-24
-9
12
1
0
-8
-10
2
-1
4
12
7
-2
-1
3
8
5
-9
-13
10
20
3
-2
3
-5
-8
-3
9
9
2
0
0
11
-12
-21
2
0
-5
-5
-12
-4
-1
-14
-6
7
1
0
2
9
17
8
6
0
-8
-15
-20
1
14
10
4
-5
-10
-7
10
18
11
5
-7
-12
-7
-15
-9
12
7
5
6
2
6
-1
3
5
-4
-8
-17
-8
2
2
8
3
0
6
9
13
10
2
-10
2
9
-7
-10
-5
1
-5
-10
-6
2
13
2
-4
5
-5
-8
-4
-1
5
-2
-5
-4
11
8
-16
-6
6
6
12
7
0
-1
-13
-12
-3
-2
3
5
11
18
-8
-29
-24
-11
7
15
14
7
9
2
-10
-5
-16
-12
-1
8
13
8
-2
-2
0
2
9
-3
6
19
1
-2
-11
-11
16
16
12
-12
-26
-9
-1
4
8
14
0
-10
-13
-10
-10
-13
-6
-4
3
2
-4
-4
9
13
5
-2
4
6
-16
-11
1
4
-4
-5
7
17
4
-15
4
12
2
-4
-10
-8
12
4
-12
17
22
8
-12
-21
-3
12
30
41
15
-22
-46
-49
-10
30
34
36
11
-30
-31
-18
15
37
28
11
-14
-33
-35
-10
10
20
11
-20
-16
-7
2
40
41
-3
-34
-66
-40
26
57
53
9
-42
-56
-42
-16
41
55
27
1
-30
-29
7
21
15
17
-18
-38
-7
0
25
41
1
-26
-31
-19
7
15
19
9
-16
-20
-22
-9
27
43
26
8
-4
-18
-6
16
28
17
-4
-19
-7
19
23
-2
-29
-23
-13
-7
-2
14
32
5
-11
-17
-35
-15
-11
1
28
-1
-32
-27
-3
12
13
0
-6
10
10
-5
13
16
-19
-23
-6
2
5
-8
-14
11
17
9
-12
-18
11
-7
-9
3
-3
9
-13
-14
3
-2
9
11
19
17
-12
-21
-14
1
22
11
4
0
-19
-14
-7
7
18
13
22
13
-3
-3
-3
22
25
14
9
-17
-10
-10
-5
14
2
-2
0
3
0
4
-9
8
9
-30
-11
-17
-21
-4
-11
7
7
-9
-8
-8
21
17
-1
0
-5
-8
-8
-4
-11
-5
-3
-15
-1
9
0
13
28
14
-12
-25
-18
5
16
16
26
2
-10
-25
-18
10
16
28
25
25
-7
-25
-26
-21
36
19
14
20
-4
-13
-31
-17
-4
7
5
3
25
5
-17
-16
-23
-10
-13
1
14
16
13
-22
-20
-15
-7
9
15
4
2
1
-13
-10
-6
3
11
13
21
12
7
7
-6
1
5
-9
8
7
5
10
4
-6
-20
1
8
11
15
-8
2
-15
-6
-5
-14
20
-2
12
3
-7
3
-7
28
4
10
-6
-33
-7
-25
-2
4
11
27
0
7
-6
-6
14
-2
-2
-3
-3
14
-10
-8
-7
-14
14
-2
16
16
-2
2
-32
-20
1
-7
15
21
9
8
-26
-26
-20
-16
-3
1
19
-2
-12
-16
-4
6
-11
7
10
2
2
-19
-6
11
2
6
-5
12
12
-9
3
-23
-7
2
7
33
11
3
-18
-20
-11
-3
26
23
24
11
-15
-23
-30
-24
7
26
49
24
-31
-31
-19
6
19
33
35
16
-9
-37
-38
-31
-2
29
44
39
4
-42
-42
-13
12
33
22
23
6
-34
-41
-41
-11
21
39
51
28
10
-25
-57
-24
-7
14
29
20
33
10
-17
-16
-23
1
21
19
30
-4
-22
-27
-36
-1
-2
12
28
14
14
-17
-26
-23
-3
21
15
0
-14
4
8
7
14
10
20
5
-13
-11
-14
-14
-11
-3
12
4
-10
-27
-28
5
15
21
3
-17
-13
-18
5
3
1
19
16
17
-3
-24
-19
5
28
19
7
-3
-15
-14
-11
-3
20
31
32
10
-20
-28
-26
1
26
23
10
-16
-43
-46
-21
3
29
38
12
0
-27
-41
-17
-15
18
34
24
24
-22
-33
-17
-13
23
23
32
22
-10
-7
-38
-36
-4
16
39
31
9
-19
-44
-44
-26
3
30
38
31
-3
-37
-63
-42
13
47
50
28
1
-36
-60
-47
-3
37
50
34
0
-25
-37
-25
4
40
64
49
17
-27
-47
-33
-16
19
35
32
24
7
-10
-23
-12
7
8
21
10
-9
-5
-28
-24
-3
5
27
20
22
15
-9
-4
-17
-9
4
-16
-7
-15
-20
-12
-18
12
15
18
17
-2
1
-4
-7
-13
-16
-9
-16
-16
-11
-5
19
25
18
5
-1
-3
-8
10
10
23
25
-10
-22
-36
-35
-15
8
23
27
23
-7
-25
-23
-20
-2
14
15
16
5
-16
-19
-13
-8
3
30
39
14
-6
-16
-23
-13
-4
9
29
30
11
-10
-16
-7
-6
5
28
26
18
-3
-13
0
-8
-3
6
4
0
-13
-14
-11
2
6
5
17
16
0
-14
-3
-1
-1
11
8
13
4
-10
-17
-17
-3
-1
-1
3
-3
1
5
-5
1
12
7
-1
-11
-12
-7
-2
-4
-2
12
18
10
0
7
7
8
5
-4
-4
-4
-11
-16
-3
2
-7
-2
-5
2
10
0
3
0
-2
3
-5
-4
-8
-13
-5
-5
-5
-5
-13
-7
2
-3
-3
1
8
6
2
5
4
9
5
6
14
4
1
-1
-7
1
6
-1
3
6
0
-1
-2
-5
-6
-9
-6
-7
-1
3
-2
0
-4
2
7
6
13
12
8
-4
-11
-9
-3
5
1
0
-3
-3
6
-3
-5
3
9
12
-2
-9
-12
-8
-2
-7
-4
-2
1
3
-2
1
3
0
5
6
5
8
6
2
-6
-12
0
2
2
3
5
5
-2
-7
-16
-10
6
6
2
3
6
8
1
-4
-2
0
-5
-8
-13
-8
1
7
6
-5
-5
-1
2
6
2
0
1
7
5
-5
-5
-1
-2
-5
-5
2
5
4
6
5
-3
-2
-6
-6
7
10
-1
-2
-4
-12
-2
7
11
11
6
6
-2
-2
-4
-10
-7
-2
1
3
3
0
-3
-6
-5
-3
4
9
5
3
-6
-13
-7
4
11
11
4
0
0
-3
-3
1
7
11
4
-2
-1
-1
-3
-8
-6
-4
-3
-7
-1
2
9
11
6
8
7
4
-2
-8
-10
-10
-7
-6
-9
-9
-5
-6
-1
8
9
6
8
5
3
0
-8
-4
7
7
-3
-3
-3
-7
-5
0
3
5
8
0
-1
-1
-10
-13
-6
2
6
8
4
4
9
3
-7
-10
-8
-4
-1
4
3
-1
5
9
6
8
6
1
3
-3
-9
-6
-1
0
-3
-2
-6
-2
1
-6
-2
-5
-10
-10
-19
-18
-9
-9
-5
8
15
15
12
3
-1
-2
-2
-1
1
11
4
0
0
-1
8
18
20
20
23
11
-7
-16
-15
-5
-5
-9
-7
-3
-4
-7
-5
0
12
13
10
8
1
0
5
3
0
1
2
7
10
3
2
3
1
-7
-8
-3
-1
0
-10
-15
-13
-9
-10
-10
-5
-5
-5
-5
-10
-2
8
4
7
5
-6
-5
3
-2
-3
1
-1
4
11
13
7
0
-2
-5
-9
-7
-5
-1
4
-1
-7
-4
-4
1
3
0
4
2
3
2
-2
0
-2
6
7
3
0
-4
5
8
6
5
-2
-11
-14
-13
-1
6
-1
1
3
4
5
0
-3
7
11
8
6
5
-3
-13
-12
-11
-7
0
-12
-13
4
14
14
7
2
1
2
0
2
7
4
-3
-3
-9
-6
2
1
4
6
1
-8
-8
0
5
9
0
-14
-11
-4
3
7
8
10
3
-1
1
7
11
1
-1
1
1
2
-1
-1
0
1
1
-4
-8
-5
-7
-8
-10
-11
-8
-5
4
6
3
7
6
5
-4
-8
-5
3
12
8
10
7
-3
-5
-9
-6
3
9
11
6
4
5
0
0
0
-2
2
-7
-7
-7
-7
-5
0
5
8
10
4
0
1
-3
-3
-3
-1
1
-1
-4
-1
1
-6
-7
-1
-1
-4
-6
-6
-3
-4
-7
-1
5
5
5
7
4
7
16
6
1
-6
-11
-6
-7
-4
-1
6
7
6
7
0
3
7
3
5
5
3
4
0
0
1
2
7
1
-7
-6
-3
0
4
4
3
3
1
-2
-7
-10
-2
-1
-2
0
1
3
0
3
5
4
4
-3
-8
-9
-8
-7
1
0
-6
-7
0
9
5
0
0
0
10
13
4
-3
-10
-8
-11
-8
3
11
11
7
6
0
-7
-7
-7
-1
4
-1
-4
-3
-8
-8
-3
-3
-3
-6
-7
-6
-6
-4
-1
1
3
-2
1
3
-1
-2
-4
-9
-15
-14
-11
-7
-3
-7
-7
2
9
6
1
0
-4
0
8
5
14
11
9
17
16
14
15
10
5
4
3
-1
0
-1
4
14
7
3
0
-6
-4
2
4
3
1
-2
-7
-8
-5
2
13
16
13
7
4
3
0
-2
-1
-4
-4
-5
-9
-1
-2
-4
0
2
4
4
-3
-4
2
7
2
-1
-2
-2
3
-3
-7
-11
-8
-1
4
0
-7
-4
-4
-3
-4
-6
-4
-2
0
0
3
1
2
5
7
4
3
