5
4
2
1
0
-2
-5
-5
-6
-4
-3
-1
1
4
5
7
7
6
4
1
-1
-4
-6
-6
-7
-6
-6
-4
-2
-1
0
1
0
1
-1
-1
-2
-2
-1
-1
-1
-1
0
-2
-2
-1
-2
0
-1
-1
-3
-3
-4
-4
-5
-5
-5
-5
-4
-4
-2
-1
0
1
3
3
4
3
4
3
2
1
1
0
-1
0
1
3
5
5
4
4
1
0
-2
-4
-5
-4
-4
-4
-2
-1
0
3
5
5
5
4
2
1
0
0
0
-1
-1
-1
0
1
1
1
-1
0
-2
-2
-2
-1
-1
-1
-1
0
0
1
1
1
3
2
2
4
4
4
2
2
3
0
0
0
0
1
1
2
3
4
5
7
6
5
4
1
1
-1
-2
-1
-1
-1
0
0
-1
-1
-2
-1
-1
-1
-1
-1
0
-1
0
0
1
1
0
-2
-2
-4
-5
-5
-5
-4
-3
-3
1
1
1
1
1
3
3
4
3
3
2
1
0
-1
-1
-3
-2
-3
-3
-2
-2
-1
-2
-2
-1
0
1
2
4
3
4
4
4
2
2
1
-2
-5
-5
-7
-8
-6
-5
-3
0
1
3
4
6
5
7
5
3
2
0
-4
-5
-7
-8
-9
-8
-8
-6
-5
-2
2
3
6
7
7
6
6
6
3
0
-3
-5
-7
-8
-8
-8
-7
-4
-3
0
3
6
7
9
8
7
6
3
0
-2
-3
-2
-3
-3
0
-1
1
2
2
4
5
6
7
3
2
0
0
-2
-3
-4
-3
-1
0
1
2
2
3
4
2
2
1
0
-2
-3
-2
-3
-2
-2
0
1
3
5
6
6
4
3
1
0
-3
-5
-6
-7
-7
-5
-4
-3
-1
-2
-1
-1
0
-1
1
0
0
2
2
3
4
3
2
1
1
-1
-2
-4
-4
-5
-4
-4
-3
-1
0
1
2
3
2
4
3
2
0
-2
-5
-6
-8
-8
-9
-7
-3
-1
-1
-1
0
1
3
5
5
4
4
3
2
0
0
-3
-3
-3
-4
-2
0
2
4
6
6
6
6
4
3
2
-1
-2
-2
-2
-1
-1
-2
-1
0
1
2
3
3
4
5
4
4
4
2
0
0
-2
-3
-2
-3
-1
0
1
1
1
2
3
3
3
5
4
4
4
4
4
2
0
-1
-2
-2
-2
-1
-1
-3
-1
-1
0
2
1
3
1
1
-1
0
-1
-2
-2
-2
-4
-3
-4
-3
-3
-2
0
0
-1
-1
-1
-3
-2
-3
-3
-2
0
-1
-2
0
-2
0
1
0
-1
-1
0
0
1
1
0
1
0
0
1
1
0
0
1
1
1
0
0
0
-1
-1
-1
0
0
-1
-2
-1
-1
-1
0
-1
-1
1
0
0
-2
-2
-2
-2
-1
-1
-1
-1
-2
-1
-1
1
0
1
1
1
0
-1
-2
-2
-1
-1
-1
-2
-2
-2
-2
-2
-2
-2
-1
0
0
0
1
1
3
2
1
2
2
1
2
3
5
3
3
3
1
0
-1
-1
-2
-1
-1
-2
-1
-1
-2
-1
-2
-2
-1
0
0
0
-2
-1
-1
-1
-1
-1
-2
-2
-1
1
1
2
2
2
2
1
1
0
-1
1
1
1
0
2
1
0
0
-1
-1
-1
-1
-2
-3
-1
-1
-1
-1
1
0
0
1
1
1
2
1
0
2
0
0
0
-1
-1
-3
-2
-3
-2
-3
-2
-2
-1
0
-1
0
-2
-1
0
-1
-1
-1
0
-1
0
1
1
2
2
3
2
0
0
0
0
0
0
0
1
1
2
2
2
2
1
0
0
0
0
0
-2
-1
-1
-1
-1
0
0
1
2
2
2
1
0
1
1
2
0
0
0
0
1
1
0
1
1
1
0
0
-1
0
0
0
0
0
0
2
2
2
2
2
2
2
1
1
3
0
2
0
1
1
2
2
0
0
0
0
0
0
-2
-1
-1
0
1
0
-1
-1
1
1
1
0
-1
0
1
1
1
0
1
1
2
1
1
2
2
1
1
1
0
1
0
2
2
1
1
2
1
2
2
3
2
2
3
3
2
0
1
0
1
0
2
3
2
2
2
1
1
0
1
0
1
1
1
1
2
1
0
1
1
1
0
0
2
2
1
1
2
0
0
0
-1
-1
-4
-3
-1
-1
0
-1
0
-1
0
1
1
-1
-2
-1
-2
-2
-2
-2
-1
0
-1
0
1
2
3
4
5
5
5
2
-1
-1
0
-1
-1
-1
-1
-1
-1
-1
-2
-1
0
1
0
0
0
-2
-1
-2
-3
-2
-3
-3
-3
-3
-2
-1
-2
-1
1
0
1
2
2
-1
-1
-2
-3
-2
-3
-3
-1
1
0
0
1
0
-1
-1
-2
-1
-2
-2
-1
-1
0
2
2
2
2
0
1
1
0
-1
0
-1
-1
-2
-3
-4
-5
-4
-5
-6
-6
-7
-8
-8
-9
-9
-10
-10
-11
-10
-9
-8
-8
-8
-9
-8
-8
-8
-7
-8
-7
-6
-6
-6
-5
-6
-5
-5
-5
-4
-3
-2
0
0
1
1
1
0
0
2
3
5
5
6
7
8
7
9
7
5
6
4
4
3
3
3
4
4
3
4
6
5
5
5
6
5
4
4
4
4
3
4
3
2
3
2
2
2
1
1
-1
-3
-3
-2
-1
-3
-3
-4
-3
-3
-3
-5
-6
-4
-7
-6
-6
-6
-6
-7
-6
-6
-6
-6
-7
-8
-8
-9
-9
-10
-11
-11
-11
-10
-8
-8
-7
-7
-7
-5
-4
-5
-6
-5
-3
-4
-4
-4
-3
-3
-2
1
3
3
5
5
5
6
6
6
6
7
6
6
7
7
7
7
9
8
7
8
8
8
8
9
9
9
9
9
9
10
9
9
9
10
10
12
11
10
8
8
7
8
6
6
7
7
6
5
6
6
6
6
7
6
6
5
5
4
3
3
4
4
4
5
5
5
4
5
4
3
3
4
4
3
4
4
5
5
6
6
6
6
5
4
3
2
2
1
2
3
2
3
3
2
1
0
-1
-1
-1
-2
-3
-3
-3
-3
-2
-2
-2
-3
-3
-3
-4
-5
-6
-6
-6
-7
-7
-7
-7
-8
-9
-10
-11
-10
-9
-8
-7
-6
-5
-4
-5
-4
-1
0
3
3
5
5
8
11
11
12
12
11
12
13
11
10
11
10
10
9
8
5
1
-1
-4
-10
-14
-19
-26
-33
-42
-51
-57
-62
-66
-69
-73
-77
-80
-81
-83
-85
-85
-85
-84
-81
-79
-78
-75
-70
-67
-63
-58
-54
-51
-47
-43
-40
-34
-30
-25
-19
-16
-11
-9
-6
-2
1
4
7
8
9
10
14
16
17
21
22
24
25
26
27
27
29
30
31
33
33
34
36
36
37
37
36
36
37
37
37
37
37
36
36
36
36
36
36
34
34
32
32
30
28
27
27
27
27
28
27
28
29
27
26
25
26
25
25
26
27
26
28
29
28
29
29
29
29
29
30
31
31
30
30
30
31
31
29
30
31
30
29
28
28
28
28
28
27
26
25
25
23
22
21
21
19
19
21
19
20
18
17
16
15
15
15
14
13
11
9
8
7
7
6
5
2
3
1
0
-1
-2
-3
-5
-4
-3
-2
0
-1
-1
1
2
1
1
1
4
4
4
4
5
2
1
3
4
4
8
8
8
8
8
9
8
8
7
7
6
6
5
4
3
3
3
3
4
4
4
4
4
4
6
5
4
3
2
1
0
-1
-1
-2
-3
-4
-5
-4
-5
-7
-7
-8
-8
-6
-6
-7
-7
-5
-7
-6
-9
-11
-10
-10
-11
-9
-8
-9
-9
-7
-9
-8
-7
-6
-6
-5
-4
-3
-4
-3
-2
-1
-2
-1
-2
-2
-2
-1
-1
0
0
3
3
4
5
5
5
4
5
5
5
4
4
2
2
3
2
2
3
3
4
5
4
4
2
1
2
2
1
0
0
1
1
0
-1
-1
-3
-3
-5
-5
-7
-6
-7
-7
-5
-7
-5
-5
-5
-4
-4
-5
-4
-4
-4
-6
-6
-7
-6
-4
-3
-4
-4
-4
-4
-4
-3
-3
-4
-4
-3
-3
-3
0
-1
1
1
0
0
0
0
-1
-1
-1
-1
0
0
-1
-2
-2
-2
-2
-2
-2
-2
-3
-5
-4
-4
-5
-4
-5
-5
-4
-5
-5
-5
-5
-6
-5
-5
-6
-7
-5
-4
-2
-3
-3
-3
-2
-2
-2
-1
-1
0
-1
0
1
2
2
4
3
4
3
4
3
2
2
2
3
2
1
1
1
3
2
2
2
1
1
-1
-1
-1
-1
0
1
1
1
1
1
2
2
3
3
2
2
2
1
2
2
3
4
5
5
4
3
3
3
2
2
3
3
3
2
2
2
4
3
3
2
1
2
1
0
1
-1
1
0
-1
-2
-1
-2
-2
-2
-2
-4
-4
-4
-5
-6
-5
-5
-4
-3
-4
-3
-3
-3
-2
-2
-2
-2
-2
-2
-2
-2
-2
-2
-1
-1
0
0
-1
3
2
2
2
2
2
1
0
2
1
1
3
3
2
2
2
2
2
2
2
4
4
4
4
5
5
3
0
0
2
1
1
0
-1
-2
-3
-4
-3
-3
-3
-2
-4
-4
-5
-5
-6
-7
-6
-7
-6
-4
-4
-2
-2
-2
-4
-3
-3
-4
-3
-4
-3
-2
0
0
0
0
-1
-1
0
0
-1
-2
-1
-2
0
1
2
1
2
3
2
2
3
2
3
2
2
0
0
2
0
0
1
1
1
2
3
3
3
3
3
3
3
1
2
2
3
3
3
1
1
0
-1
0
1
1
2
1
1
0
-1
-1
-2
-2
-3
-3
-2
-3
-3
-2
-1
-1
0
1
0
0
0
-1
0
-2
-2
-2
-3
-3
-3
-4
-3
-3
-2
-3
-3
-4
-3
-2
-2
-2
-2
-2
-3
-3
-3
-3
-3
-2
-3
-4
-4
-4
-2
-2
-2
-2
-2
-2
-2
-1
-1
0
-2
-1
-2
-3
-3
-2
-2
-2
-2
0
2
3
2
3
1
1
2
1
1
1
1
1
1
2
2
2
2
3
2
0
0
0
1
2
1
1
1
2
2
1
1
1
2
0
1
0
0
1
2
1
2
2
2
1
1
0
0
0
0
-1
-2
-1
-1
-1
0
0
2
1
-1
-1
0
-1
0
0
-1
-2
-2
-2
-3
-1
-1
-1
-1
-1
-1
-1
0
1
0
-1
-1
-2
-1
-1
-1
-1
-1
1
1
1
2
2
1
2
2
2
1
0
0
2
1
3
1
1
0
0
1
0
2
1
1
0
-1
-1
-1
-2
-1
-2
-1
-2
-3
-3
-2
-2
-2
-1
0
0
0
0
2
2
1
0
1
0
0
0
-1
-1
0
-1
-2
-1
0
2
2
2
1
2
2
1
3
2
1
1
1
2
1
2
3
4
2
2
0
0
1
0
1
1
1
2
1
-1
-1
-2
-2
-4
-4
-2
-1
-3
-2
-2
-3
-3
-4
-3
-3
-2
-2
-1
-2
-2
-2
-1
-1
-1
-1
-1
0
0
1
0
1
1
0
0
1
1
1
1
2
1
2
2
1
0
-1
-1
0
0
0
0
1
1
1
0
1
1
-1
-1
1
0
0
1
1
1
0
2
2
1
1
2
1
1
1
1
0
0
0
0
0
-1
-1
-1
-2
-2
-2
-1
-3
-2
-3
-2
-1
-1
-1
0
-2
-1
-1
-2
-1
0
-1
-2
-2
-2
-1
-1
0
0
0
1
0
-1
0
1
0
0
-1
-1
-2
-1
-2
-2
-1
-1
0
1
0
0
1
2
2
2
2
2
2
1
1
1
2
2
2
2
1
2
2
2
2
2
3
2
1
2
2
0
1
1
1
1
0
-2
-1
-1
-1
-2
-4
-3
-2
-2
-1
-1
-1
-1
-1
0
0
-1
0
1
0
-1
-2
-1
-2
-1
-2
-1
0
0
0
0
0
0
-1
0
0
0
1
1
0
0
1
1
0
0
-1
0
-1
-1
0
2
1
0
1
0
0
-1
-1
0
2
2
3
2
2
2
3
3
3
4
5
5
3
3
2
2
2
1
1
1
2
1
3
3
2
1
-2
-1
-2
-1
-1
-1
0
0
-1
-2
-1
-1
-1
-1
0
-2
-1
-1
-2
-2
-1
0
-1
0
1
1
1
2
1
0
-1
0
-1
0
-1
0
0
-1
0
0
0
1
1
1
0
0
0
0
-1
1
1
2
2
2
2
2
3
3
2
3
2
0
0
2
1
1
2
2
0
0
1
0
1
0
2
1
-2
-2
-2
-2
-1
-1
0
-2
-2
-2
-1
-1
-1
0
0
-1
-1
-1
0
-1
1
0
-1
-1
-2
-2
-2
0
0
-3
-3
-2
-2
-1
-1
-1
-1
-2
-1
-1
-2
-3
-3
-2
-2
-2
-2
-2
0
1
1
1
-1
0
0
0
0
-1
-1
0
0
0
1
1
1
1
2
0
0
-1
-1
1
1
1
-1
-1
-2
-1
0
1
1
1
1
2
3
3
3
2
2
2
3
2
2
1
0
0
0
-1
-1
0
-1
-1
-2
-3
-1
-2
-2
-2
-2
-2
-2
-1
-1
-1
0
-1
-1
-2
-2
-2
-2
-3
-3
-2
0
-1
0
0
0
1
2
2
1
3
3
2
1
1
1
1
2
1
0
0
-1
-1
0
1
2
1
1
1
0
-1
-1
-2
-1
0
0
1
0
1
2
1
2
2
1
1
0
1
3
2
0
0
0
0
0
0
-2
-1
-1
-1
-2
-1
-2
-3
-1
-1
-2
-1
-2
-2
0
-1
-2
-2
-2
-2
-2
-4
-4
-4
-4
-4
-3
-3
-2
-3
-3
-1
-2
-2
-2
-1
0
0
0
-1
1
3
1
0
1
0
0
1
0
1
0
0
1
1
1
0
2
2
2
2
1
1
2
2
2
2
1
1
2
2
2
2
2
2
2
2
2
2
3
2
2
2
2
1
2
1
1
0
1
0
-1
-2
-1
-1
0
-1
-4
-4
-5
-4
-5
-4
-3
-2
0
0
1
1
0
-1
0
1
2
1
1
0
2
2
1
2
1
0
-1
1
2
1
1
2
2
1
0
-1
-1
-1
-1
-1
-1
1
1
1
2
1
2
1
1
2
2
1
0
0
1
1
1
1
0
1
0
0
1
-1
-2
-2
-2
-1
-1
-1
-1
-1
1
1
1
2
0
0
1
-1
-1
-1
-1
-2
-2
-1
-1
-2
-1
-1
-1
-1
-2
-4
-6
-4
-4
-4
-3
-3
-3
-1
0
-1
0
0
0
-1
0
1
1
2
3
2
1
1
2
1
1
2
1
0
1
2
1
3
2
1
1
2
1
1
2
2
2
3
1
1
1
3
3
2
2
2
1
1
0
1
1
0
1
0
0
0
1
-1
-1
0
-1
0
0
0
1
1
1
0
0
1
1
1
1
0
-1
0
1
-1
0
-1
0
0
-1
-1
0
-1
1
0
0
-1
-1
-1
-1
1
-1
-1
-1
-1
-1
-2
-2
-3
-2
-1
-1
0
1
0
0
-1
0
-1
-2
-2
-2
-3
-3
-3
-4
-3
-2
0
0
1
0
2
1
0
2
2
2
2
2
1
0
0
-1
-1
-1
0
0
0
-1
0
0
1
2
2
1
3
2
2
1
1
0
1
1
0
2
2
3
3
1
-1
-1
0
-1
-1
-1
-1
-1
-1
0
-1
0
1
-1
-1
-1
-1
0
-1
0
1
1
1
0
0
1
0
2
0
1
1
3
3
4
3
4
4
1
2
1
2
1
1
1
0
-1
-2
-2
-1
0
1
1
0
-1
0
1
0
0
-2
-2
-3
-2
0
-1
0
0
0
0
0
-2
-1
-2
-2
-2
-2
-1
-1
-1
-1
-1
-1
-2
-1
-2
-2
-3
-3
-2
-2
-1
0
0
-1
-2
-1
0
-1
0
0
0
0
-1
0
-1
-1
1
1
1
3
1
0
0
1
0
0
-1
-1
-2
-2
-3
-3
-3
-2
-1
-1
0
0
0
-1
0
0
1
-1
-2
-3
-2
-2
0
2
0
0
1
0
-1
-1
-1
-2
-1
0
0
-1
-1
1
1
2
1
-1
0
0
-1
-1
-1
-2
-1
0
-1
0
-1
-1
0
2
2
1
0
-1
0
0
0
1
1
1
0
0
0
-1
-1
1
-1
0
0
2
1
2
1
0
1
1
2
2
3
3
2
3
2
3
2
4
4
3
5
4
2
3
2
3
3
2
2
2
2
1
1
1
2
1
1
0
2
1
1
1
0
-1
-1
-1
0
0
0
-1
-1
0
1
1
2
2
2
1
1
0
-1
-1
-1
1
0
0
1
1
1
1
1
-1
-1
-2
-1
-2
-2
-2
-2
-2
-3
-2
-2
-1
-1
-1
-1
-2
-3
-4
-3
-1
-2
-2
-1
-1
-1
-2
-3
-1
-1
0
0
0
-2
-3
-2
-1
-1
-1
0
1
1
1
2
0
0
0
-1
-1
-1
-1
0
1
0
0
-2
-3
-2
-3
-1
-1
0
0
1
1
1
0
0
0
0
1
-1
-2
-2
-1
-2
-1
0
0
0
2
2
2
4
2
2
1
2
2
1
3
2
1
1
1
0
-1
0
1
0
2
2
1
4
3
1
0
-1
0
0
2
3
3
2
3
3
2
2
0
1
1
1
1
1
0
1
1
1
0
0
2
1
2
2
1
-1
-1
-2
-1
-2
-3
-2
-2
-2
-2
-3
-2
-3
-3
-2
-1
-3
-1
-1
0
0
0
0
-1
0
0
0
-1
-2
-2
-1
-1
-1
0
0
-1
0
-1
-1
-1
0
-1
-2
-1
-2
-1
-1
1
0
1
1
1
1
2
3
2
2
2
2
2
0
0
-1
-1
-1
-1
-1
-1
-1
-2
-2
-2
-4
-3
-2
-2
-1
0
-1
-1
1
0
2
0
0
0
0
1
2
2
1
1
1
1
0
1
0
1
1
-1
0
-1
-2
-4
-3
-3
-1
-1
-2
-3
-4
-3
-3
-2
-1
0
0
0
-1
-2
0
-1
-1
-1
-2
-1
0
1
2
1
0
-1
-2
-1
-2
-2
-3
-2
-3
-2
-3
-2
-2
0
-1
0
-1
-1
0
1
2
2
1
-1
0
0
1
1
1
2
1
2
3
1
0
2
0
1
0
-1
-1
-2
0
0
0
1
1
1
0
1
0
1
0
1
2
2
1
1
0
1
3
1
2
3
2
2
2
1
0
1
1
-1
0
-1
0
-1
-1
-1
-2
-2
-1
-2
0
0
0
0
-1
0
1
2
2
1
-1
-1
0
-1
0
0
-1
1
0
1
1
0
0
0
-1
0
-2
-2
-3
-3
0
-1
1
0
0
0
-2
-1
-1
-1
1
0
0
0
0
1
1
0
0
-2
0
0
0
0
0
0
0
0
-1
0
1
-1
-1
0
0
-1
-1
-1
-3
-3
-2
-1
-1
-1
0
2
2
1
1
1
1
1
2
3
4
4
5
2
1
1
1
0
0
2
2
3
3
1
2
0
1
1
1
0
0
2
1
1
0
2
2
0
2
1
3
4
5
5
5
5
3
2
1
1
0
0
0
0
-1
-3
-2
-1
0
0
0
0
1
0
1
0
0
-2
-2
-1
0
0
0
0
2
2
2
1
2
1
1
1
1
0
0
0
0
0
1
0
0
1
-1
0
1
1
-1
-1
0
0
1
1
0
-1
0
1
1
0
0
-1
0
0
0
0
-1
-2
-1
0
-1
0
-2
-2
-1
-1
-1
0
0
1
0
0
0
0
0
-2
-2
-1
-2
-2
-2
-1
1
1
-1
0
-1
-1
-1
-2
-2
-1
-1
-1
-3
-2
-3
-2
-2
-2
-2
-2
-3
-3
-1
-1
-1
-1
-2
-1
-1
-1
-1
1
1
0
1
2
2
3
2
1
0
0
-1
-1
-2
-2
-2
-3
-2
-1
-1
-1
-2
-2
-2
-1
-1
0
-2
-2
-2
-1
0
0
0
0
0
-1
-1
0
0
-1
0
0
0
0
-1
-1
0
0
-1
0
0
0
-1
-2
-1
-1
-1
0
1
0
1
1
0
1
2
2
3
3
3
3
4
2
0
1
1
1
2
1
1
0
0
0
1
3
2
2
2
2
1
0
1
2
1
1
1
1
0
0
0
-1
-2
-2
-2
-2
-1
0
-1
-2
-1
-1
-2
-1
-1
-1
-2
-2
-1
-1
0
1
0
0
1
1
0
0
0
0
0
-1
-2
-3
-3
-2
-2
-1
-2
-2
-3
-2
-3
-2
-2
-2
-2
-3
-1
-2
0
0
1
1
1
-1
-1
-1
-1
-1
0
-2
-1
0
0
1
1
1
0
-1
0
-1
-1
-1
-2
-2
-2
-2
-2
-1
-2
-1
-2
-2
-2
-1
-1
-1
0
-1
0
0
-1
0
1
1
1
2
2
3
3
2
2
3
2
3
4
3
6
5
6
6
5
5
5
5
2
2
1
2
1
1
1
1
2
2
1
3
2
2
0
1
1
2
3
3
2
3
3
4
3
3
3
4
4
3
2
0
1
0
-1
-1
-1
-2
-2
-2
-2
-3
-2
-1
0
-1
-1
-1
-3
-3
-3
-2
-3
-1
-3
-2
-2
-1
-1
-1
-1
-1
0
0
0
0
-1
0
-1
-1
-2
-2
-2
-1
-1
-2
-2
-1
0
0
-1
-1
-2
-1
-2
-1
0
1
1
1
1
1
0
-1
0
-1
0
1
0
1
0
-1
0
0
0
0
-1
-1
-1
-1
0
-1
1
0
0
0
-2
-2
-1
-1
1
0
1
0
0
0
0
0
0
0
0
1
1
2
2
2
1
0
2
2
2
1
2
3
2
2
0
-1
-3
-2
-1
-1
-1
0
0
0
-2
-2
-1
0
2
2
2
1
1
1
1
0
0
-1
-1
-1
-1
0
0
0
0
0
0
-1
0
-1
-1
-1
0
0
0
0
-1
0
0
0
0
0
0
-1
-1
-2
0
-1
-2
-2
-3
-3
-4
-2
-2
-3
-2
-1
-1
0
0
0
0
-1
1
0
0
2
2
2
1
1
3
2
4
3
3
4
4
3
2
2
1
2
1
1
1
1
2
3
2
0
0
0
0
0
1
1
0
0
0
1
-1
1
2
2
1
1
0
-1
-1
-1
0
-1
-1
1
0
0
1
2
3
3
3
3
4
3
2
0
0
-1
-3
-2
-3
-2
-2
-1
0
-1
-2
-2
-2
-2
-1
-1
-2
-1
-2
-2
-1
1
1
0
1
1
0
0
1
1
0
0
-1
0
0
0
-2
-1
-2
-2
-1
-1
-2
-1
-2
-2
-2
-1
-1
0
0
0
1
0
0
0
1
0
1
1
1
2
1
2
0
0
-2
-3
-3
-1
-1
0
1
1
1
2
1
0
0
1
2
2
2
2
0
1
2
-1
-1
0
0
0
0
0
1
1
2
2
3
3
3
3
1
1
2
3
3
2
2
2
1
2
1
0
-1
1
1
1
1
1
3
2
2
1
0
1
1
0
0
0
-1
-1
-1
-2
-2
-3
-1
-1
-1
-1
1
0
-1
-2
-1
-1
-2
0
0
-1
-1
-1
-1
-2
0
0
0
0
1
0
-1
-1
0
1
1
1
-1
-1
-1
0
-1
-1
0
0
-2
-1
0
-1
-1
-2
-2
-1
-2
-1
-1
-1
0
0
0
1
2
0
1
0
0
0
-1
-1
-2
-1
-1
-1
1
3
2
2
2
1
1
2
0
0
-1
0
1
1
0
0
0
0
0
-1
-3
-3
-2
-3
-2
0
0
0
1
0
-1
-1
-1
1
1
0
0
1
1
1
0
0
0
-1
-1
0
0
0
0
0
-1
-2
-1
-1
-1
0
0
-1
-1
0
-1
-3
-1
-3
-2
-2
-2
-2
-3
-2
-1
0
1
0
1
-1
0
-1
-1
-1
0
2
1
0
-1
-1
-2
-1
0
-1
-1
-1
-1
-1
-2
-2
-1
1
0
-1
1
1
2
1
1
0
1
0
1
1
1
2
1
0
1
2
3
2
3
3
1
1
1
1
1
2
2
2
3
2
2
0
0
-1
-2
-2
-1
0
-1
-1
-1
-1
-1
-1
-1
-2
-1
-1
-1
-2
-1
-2
-2
0
-2
-1
-1
-1
-1
0
0
0
0
1
1
1
1
2
0
-1
0
1
1
1
1
1
1
1
1
-1
-1
0
0
-2
-2
-3
-3
-2
-2
-2
-1
-1
-1
-1
0
-1
-1
-2
-1
-1
0
1
0
1
0
2
3
3
3
2
3
2
2
1
1
0
2
4
2
2
4
4
3
4
4
5
4
2
2
1
2
2
2
1
3
2
2
2
2
2
2
0
-1
2
1
1
0
-2
-2
-3
-1
-3
0
-1
0
0
-1
0
-1
1
0
-2
-1
-1
-2
-1
-1
0
1
1
1
1
1
1
2
1
1
0
0
0
0
-1
0
-1
-1
-2
-2
-1
-1
-2
-3
-2
-2
-2
-3
-3
-2
-2
-2
-1
-2
-1
-1
-1
0
-1
-2
-2
-3
-2
-2
-2
0
0
0
0
-1
1
1
2
2
2
2
2
1
1
1
1
0
1
0
1
2
3
2
2
2
1
2
0
1
0
1
1
0
1
1
1
1
2
1
2
2
3
2
2
2
1
0
0
1
-1
-1
-1
-1
-2
-2
-3
-4
-4
-3
-3
-3
-4
-4
-3
-3
-2
-2
-2
-3
-2
-3
-2
0
0
0
1
0
1
1
2
0
0
-1
-1
-1
0
1
0
1
-1
0
1
0
1
1
1
1
-2
-2
-2
-1
-2
0
0
0
-1
-1
-2
-1
0
-1
-1
-2
-2
-2
-4
-2
-2
-2
-1
0
0
1
1
1
0
1
0
0
0
0
0
2
1
1
1
1
1
1
0
0
0
0
1
1
2
2
2
2
2
3
2
2
2
2
0
0
0
0
-1
-1
-1
-2
-1
0
1
1
1
0
0
0
-1
-2
-1
-2
-2
-3
-2
-1
0
-1
-1
-1
-1
-2
-2
-1
-2
-2
-3
-3
-1
-2
0
-1
0
1
0
1
0
0
0
-1
0
0
1
0
1
0
2
2
3
3
1
3
4
3
3
2
2
2
2
3
3
3
3
3
2
2
2
3
4
4
2
3
2
1
0
0
1
1
2
0
1
1
2
2
1
2
3
2
1
0
-2
-3
-2
-1
-2
0
-1
0
0
0
0
0
1
0
1
1
1
1
1
0
-1
-1
0
-1
-1
-1
-1
0
-2
-1
-1
-1
-2
-2
-2
-2
-3
-3
-3
-3
-3
-2
-1
-1
-1
-2
-2
-2
-1
0
-1
0
-1
-1
0
0
1
0
-1
-1
-1
-1
-1
1
1
1
0
-1
0
-1
0
0
0
0
0
2
0
-2
-2
-1
-1
-1
-2
-2
-3
-3
-3
-2
-1
0
0
0
1
1
0
0
0
0
1
3
1
1
1
0
-1
0
1
1
0
0
0
0
1
0
1
1
1
-1
-2
-1
-1
-1
-2
-1
-2
-2
-2
-2
-3
-3
-2
-2
-3
-3
-3
-2
-1
-1
-1
-2
0
-1
0
0
0
0
0
0
1
-1
2
3
2
2
1
2
1
0
0
1
0
0
0
1
1
1
2
2
1
1
0
0
0
-1
-1
-2
-2
-1
0
-1
0
-1
1
1
0
2
1
1
2
2
1
2
2
2
2
2
2
1
1
2
1
0
0
0
0
1
1
2
2
3
2
1
0
1
1
1
0
0
2
2
2
1
0
0
0
1
0
1
2
2
2
3
2
2
0
1
2
-1
-2
-2
-2
-2
-2
-1
-2
0
0
0
0
0
-1
-1
1
0
-1
1
1
2
1
2
1
-1
-1
0
-2
-1
-1
0
0
1
1
1
0
-1
0
-1
-2
-2
-1
0
0
0
0
1
1
1
2
2
2
1
1
1
1
0
0
-1
-2
-2
-2
-2
-1
-1
0
-1
0
-1
0
1
1
2
2
1
1
3
2
2
1
0
0
1
1
0
-1
-2
0
-1
-1
-2
-1
-2
-2
-1
-2
-1
0
0
0
0
0
0
0
1
0
2
2
1
2
1
2
3
3
2
2
1
2
2
1
0
0
-1
-1
-1
-1
-2
-1
-1
-1
-2
-1
0
0
-1
-2
-2
-2
0
-1
0
0
0
0
1
2
2
1
1
1
0
0
0
0
0
0
-1
0
0
0
1
1
-1
-2
-2
-2
-1
0
0
1
0
0
-1
-1
-2
-1
-1
0
-1
-2
-1
-1
-1
-1
0
0
1
1
1
0
0
1
0
-1
1
0
0
-1
0
0
0
1
0
-1
0
0
0
0
1
0
-1
-2
-1
-3
-2
-2
-4
-4
-4
-3
-3
-4
-4
-2
-1
0
1
1
0
1
1
0
0
-1
0
-1
0
-2
-1
-1
-1
-1
-1
-1
-2
-1
-2
-1
-1
-1
0
0
1
1
1
1
0
0
-1
-2
-2
-1
-1
1
0
0
0
0
-1
-1
-1
-3
-2
0
0
1
0
0
1
2
1
1
0
1
1
2
2
3
2
2
2
2
1
0
0
0
-1
1
2
3
3
1
1
1
0
1
0
0
1
1
0
1
2
2
2
3
3
4
4
3
2
2
1
0
1
2
3
4
2
2
1
2
2
1
0
0
0
0
1
0
1
0
0
1
0
0
-1
-1
0
-1
0
-1
-1
0
-1
-1
0
0
0
1
1
0
-1
-2
-2
-2
-2
0
-1
0
-1
-1
-1
-1
1
1
2
3
3
2
4
4
1
2
1
2
1
1
1
1
0
1
0
0
0
0
1
2
1
1
0
0
0
1
0
0
-2
-3
-2
-1
0
-1
-2
-1
-1
0
0
1
1
0
-1
-1
-1
-2
0
0
-1
-1
0
-1
-1
-1
-1
0
-2
-2
0
-2
-1
-2
-2
-1
-1
1
-1
-1
0
0
0
0
-1
0
1
1
2
2
1
0
-2
-2
-2
-4
-4
-4
-3
-2
-3
-3
-2
-2
-2
-1
-1
-2
-2
-1
-1
-1
-2
-2
-2
-2
-2
-2
-1
-1
-1
-1
-1
-2
0
0
-1
-1
0
0
0
1
1
1
1
2
0
1
1
2
2
2
2
1
1
-1
0
1
1
1
1
1
1
1
-1
0
0
-1
0
0
-2
1
0
0
-1
0
1
1
2
2
2
0
0
0
0
0
-1
-1
-1
-1
-1
0
-1
-1
-1
0
1
1
1
3
3
2
4
4
3
2
1
2
1
1
-1
1
0
1
0
1
1
1
2
1
0
0
-1
1
2
3
1
2
2
0
1
-1
-1
-1
0
0
1
1
-1
-1
0
0
0
-1
0
-2
0
-1
-2
-3
-2
-2
-3
-3
-2
-2
-1
0
1
0
0
2
1
1
2
1
2
2
3
3
4
3
2
1
1
0
1
1
2
1
1
1
1
1
-1
-1
-1
-1
-1
-1
0
0
1
0
-2
-1
-1
-2
-1
-2
-2
-2
-1
0
-1
-1
-1
-1
-1
-1
0
0
-1
-3
-3
-3
-2
-2
-2
-3
-2
-2
1
0
-1
1
0
1
0
1
2
-1
0
-1
-3
-2
-2
-2
-2
-3
-3
-3
-3
-2
-1
-2
-1
0
1
1
0
1
1
0
1
1
1
1
1
2
2
3
2
3
1
1
3
2
2
4
3
3
2
2
2
1
1
1
2
1
1
0
2
1
-1
0
-1
1
1
0
0
0
1
0
1
-1
0
-1
-1
-2
-2
-2
-2
-2
-3
-2
-1
0
-1
0
-1
-1
0
0
1
1
3
2
0
1
1
2
1
2
1
-1
-2
0
0
0
0
1
1
1
2
2
2
1
1
1
0
-1
-1
-1
0
0
-1
-1
-1
-1
-1
-1
-1
-1
-2
-2
-2
-3
-2
-1
-1
-1
-2
-1
-3
-3
-2
-3
-3
-3
-3
-4
-3
-1
-1
-1
0
0
1
-1
-1
-2
-2
-2
-1
-1
-1
0
0
0
1
1
1
2
3
2
2
1
1
2
2
2
2
2
2
2
1
0
0
0
0
1
1
1
-1
0
0
-1
-2
-2
-2
-1
0
0
0
1
2
1
0
0
0
3
1
1
2
1
2
2
3
4
4
2
3
2
2
2
2
2
1
0
0
2
2
1
1
2
2
3
2
2
1
0
1
1
1
0
1
1
2
1
0
0
0
1
0
0
0
0
1
2
1
2
0
0
1
2
1
1
1
0
-1
-1
-2
-2
-2
-3
-2
0
-1
0
0
-1
-1
-1
-1
-1
-2
-2
-1
-1
-2
-2
-2
-3
-3
-4
-3
-2
-1
0
0
1
0
0
0
0
-1
0
0
0
0
0
0
0
-1
-2
-1
-1
-1
-1
-1
0
-1
-1
-2
-3
-4
-3
-4
-4
-5
-4
-4
-4
-3
-4
-3
-3
-2
-1
-1
-1
0
0
0
1
0
-1
0
-2
-2
-1
0
0
1
1
1
0
1
1
1
0
1
1
0
1
0
0
0
0
-1
0
1
0
1
0
1
0
-1
1
1
1
2
2
2
1
1
2
1
0
1
1
0
-1
-1
0
0
1
0
-1
-1
1
0
0
0
-1
-2
-2
-2
-2
-2
-3
-3
-3
-3
-3
-3
-3
-3
-2
-2
-2
-3
-2
-2
-2
0
-1
0
0
0
0
0
1
2
0
1
2
2
2
2
1
2
2
1
2
0
0
0
-1
0
0
1
1
0
0
1
1
1
3
1
2
2
1
1
0
0
-1
1
1
1
1
2
2
3
3
3
4
4
3
2
2
2
1
1
2
2
0
-1
0
0
0
0
0
0
-1
0
1
1
2
2
2
2
2
1
2
0
1
-1
-1
-2
-1
-2
-2
-3
-3
-2
-1
-1
-2
-1
0
0
-1
-1
-1
-2
-2
-1
-1
-1
-2
0
-1
-1
-1
0
0
-1
0
1
0
-1
-1
0
1
0
0
1
0
0
1
1
-1
0
-1
1
1
0
-1
-2
0
0
-1
0
-1
-2
0
-1
0
1
0
1
0
1
1
1
2
1
1
1
1
2
2
2
2
1
1
2
1
3
2
1
1
1
1
1
0
1
1
0
0
0
-1
-1
0
-1
-1
-1
-1
-1
-1
-3
-2
-2
-1
-2
-2
-1
-2
0
0
2
2
2
3
3
3
2
2
1
0
0
0
0
0
1
0
1
-1
0
0
0
-1
-2
-2
-3
-3
0
-1
-1
-1
-2
-1
0
-1
-1
-1
0
-1
0
0
0
1
0
0
0
1
2
1
0
0
0
-1
-1
-1
-2
-1
-1
-1
-1
-1
-1
-2
-1
-1
-1
-1
-1
-1
-1
0
-2
-1
-1
0
1
1
1
0
-1
1
0
0
1
0
1
1
0
-1
-2
-1
-2
-1
-1
-1
-2
-1
0
-2
-2
-2
-3
-2
-3
-2
-1
0
-1
1
2
1
1
0
1
0
0
0
0
0
1
1
0
1
1
0
1
0
1
0
1
1
1
2
1
0
1
0
0
2
1
2
0
1
1
1
0
-1
0
-1
-1
-1
-2
-2
-1
-1
-1
-1
-1
-1
0
-1
-1
-1
-1
0
0
-1
-1
0
1
1
1
0
0
1
2
1
2
1
2
3
3
2
2
1
1
1
0
1
0
-1
0
0
-1
-1
0
1
1
1
2
0
1
2
3
3
3
3
4
4
3
4
4
4
4
4
3
3
2
1
1
0
0
-1
1
1
0
-1
0
0
0
-1
0
1
0
1
0
-1
0
-1
-1
-3
-1
-2
-2
0
-2
0
0
0
1
1
1
1
-1
0
-1
-1
-1
1
1
1
0
0
-1
-2
-1
-2
-1
0
-1
-1
-2
-1
-2
-1
-1
-1
0
0
0
1
0
1
1
1
0
0
-1
-1
-1
-1
-1
-1
0
0
1
1
1
1
0
0
0
-1
-1
-1
-1
-1
1
0
0
0
0
1
0
-1
-1
0
-1
-1
-1
-2
-2
-2
-3
-3
-3
-2
-3
-1
-1
-1
-1
-1
-1
-1
-1
-1
0
0
1
1
2
1
0
1
1
1
1
0
1
-1
-1
-1
-1
0
0
0
-1
-1
-1
-1
0
-1
1
0
1
0
-1
-1
-1
-2
-3
-3
-1
-1
-1
-2
-1
0
-2
-2
-1
0
0
0
0
0
0
0
0
1
1
1
2
2
2
4
5
4
4
3
3
4
2
3
3
4
3
4
4
5
5
4
4
5
4
3
3
2
1
1
1
0
-1
0
0
0
0
-1
0
-1
-2
-1
-2
-2
-2
-3
-3
-2
-3
-2
-2
-2
-1
-1
0
0
1
1
1
0
-2
-1
-1
-1
-2
-1
-2
-3
-2
-1
-1
0
-1
-1
-1
-2
0
0
0
0
0
1
1
0
2
0
0
1
1
1
0
-1
0
1
0
-1
-2
-1
-2
0
0
-1
-1
-2
-1
-2
0
-1
-1
-1
-1
-1
-1
-2
-1
-2
-1
-1
-1
0
0
1
1
0
0
0
-1
1
0
2
0
1
2
1
1
-1
0
0
0
1
0
1
1
0
1
0
1
1
1
-1
0
0
-1
0
-1
0
-1
0
0
0
-1
0
0
1
1
1
1
1
0
1
1
1
0
1
0
0
1
1
1
2
3
2
2
2
2
1
1
0
1
-1
0
0
0
0
0
1
-1
-1
-1
-1
-1
-1
-1
0
1
1
0
0
0
1
0
-1
-1
-2
-2
-1
-1
-1
-1
0
1
1
0
0
1
0
-1
1
1
0
0
-1
-1
-1
0
1
0
0
1
1
0
-1
-1
0
0
-1
0
1
0
0
-1
-1
-1
-1
0
0
0
-1
-1
-1
-1
0
1
1
1
1
1
1
0
0
0
1
1
0
1
2
2
1
1
0
0
1
1
-1
-1
-3
-3
-2
-2
-3
-4
-3
-4
-4
-3
-4
-4
-4
-3
-3
-1
-1
-1
0
-1
-1
-1
0
0
1
0
0
0
-1
0
1
1
1
2
0
1
0
-1
-1
0
-1
-2
-1
-1
0
1
0
0
0
-2
-2
-1
0
0
-2
0
0
1
1
-1
0
-1
-1
-1
0
-1
-1
-1
0
0
0
1
0
0
0
1
0
1
0
0
0
0
0
0
1
1
-1
-2
-1
0
-1
0
-1
0
0
0
-1
-1
-2
-2
-1
0
0
-1
0
-1
-1
-2
-1
-1
-1
-1
0
0
0
1
1
2
1
3
3
2
4
4
2
2
1
2
0
0
0
-1
0
-1
0
2
1
2
1
1
2
2
3
4
3
3
3
4
3
3
1
3
2
0
1
2
2
2
2
2
1
1
3
2
2
1
2
1
1
1
1
0
0
0
0
1
0
-1
0
-1
0
0
1
0
0
0
0
-1
-1
0
-2
-2
-1
-1
0
-1
-3
-2
-3
-2
-2
-3
-4
-4
-4
-5
-4
-3
-3
-2
-2
-3
-2
-1
0
-1
-1
-1
-1
-3
-1
-1
-1
1
0
0
0
0
1
0
1
0
1
0
1
0
-1
-1
1
0
0
0
2
4
4
4
3
3
2
4
3
3
3
3
3
3
3
2
2
3
3
2
2
2
1
1
0
0
1
0
-1
-1
-1
0
0
0
-1
-1
1
0
0
0
-1
0
0
0
-1
-1
-2
-1
-1
-2
-1
-1
0
1
1
0
-1
-2
-2
-1
0
-2
-2
-3
-2
-2
-1
-1
-1
-2
-1
-1
-1
-1
-1
-1
-1
-1
-2
-2
-2
-1
-2
-1
0
-1
1
2
2
2
4
1
1
0
-1
0
-1
0
-1
-1
-1
-1
-2
-2
-1
-2
-1
-1
0
0
-1
-1
-1
-1
-2
-1
-2
-2
-2
-2
-1
0
1
1
2
1
0
1
0
0
-1
-1
-1
-1
1
2
1
1
1
2
3
2
2
2
2
2
2
0
0
0
-1
-2
0
-1
0
-2
-1
0
1
1
-2
-1
0
0
0
0
0
1
1
1
0
0
0
1
1
2
2
3
2
2
1
1
0
1
1
2
0
1
1
1
-1
-2
-3
-3
-2
-1
1
2
1
1
1
1
0
0
0
-1
-1
-1
-1
-2
-2
-2
-1
-1
-2
-1
-1
-1
-1
-1
-2
0
0
2
0
1
0
-1
-2
-1
-1
-1
0
0
1
1
0
0
-1
0
-1
-1
0
0
0
0
1
1
0
0
0
0
0
0
1
1
1
0
-1
0
-1
-1
-1
-1
0
0
0
1
0
0
0
1
0
2
0
0
1
-1
-1
0
0
0
0
0
-1
1
2
2
1
1
2
0
1
-1
-2
-1
0
1
1
0
0
0
0
-1
0
-1
0
-1
-1
-1
1
1
1
1
-1
0
0
0
0
0
-1
0
1
2
2
1
-1
-2
-2
-2
-1
-2
-2
-1
-2
-2
-2
-3
-2
-2
-2
-2
-1
-1
-3
-2
-1
-2
-1
0
0
1
1
1
1
0
1
2
0
-2
-2
-2
-2
-4
-4
-3
-4
-3
-2
-2
-1
-2
-2
0
0
-1
-1
-2
-2
-1
-3
-2
-2
-2
-2
-3
-2
-1
-2
-1
-1
-1
0
0
1
-1
0
0
-1
0
0
-1
0
-1
-1
-1
1
0
1
0
1
2
1
2
3
3
2
2
2
2
3
3
1
2
1
2
3
2
3
4
3
2
4
4
4
5
3
4
4
3
3
4
3
3
4
3
3
4
3
4
3
2
2
3
3
3
3
2
1
2
2
2
1
1
-1
-3
-1
-1
1
0
1
1
0
1
1
-1
0
0
-1
-1
-2
0
0
-1
0
-1
0
0
0
0
0
1
1
0
0
0
0
0
-1
0
1
0
0
0
-1
-1
1
0
0
-1
-2
-2
-2
-1
0
0
0
0
0
-1
-1
-2
-2
-1
-1
-2
0
-1
-2
-2
-2
1
0
1
0
-1
-2
-2
-3
-3
-2
-1
-2
-2
-1
-1
-1
0
0
0
0
1
2
2
1
0
0
0
0
-1
-1
-1
0
-1
-1
-1
-1
-1
-1
0
0
1
1
0
1
0
-1
-1
-1
-1
0
-1
-2
-1
-1
0
0
0
-1
-1
-2
-2
-2
-2
-2
0
1
0
1
0
0
1
1
0
0
1
0
0
1
0
0
-1
0
-1
-2
-1
-1
-2
-2
-2
-1
-2
-3
-2
-2
-2
-2
-2
-2
0
0
1
0
1
1
1
1
1
1
0
0
1
0
1
2
2
1
2
3
1
1
1
1
0
-1
0
-1
-1
-1
0
-1
-2
-1
-2
-1
-1
-1
-1
-1
-1
0
0
0
1
2
3
3
2
2
1
2
1
1
2
2
2
1
0
0
-1
-1
0
1
2
0
0
1
3
1
1
1
0
0
1
2
2
1
1
1
1
0
2
1
0
0
0
0
0
-1
-1
-1
0
1
0
0
0
0
-1
0
0
-1
0
0
-1
-1
0
0
0
-2
-2
-2
-2
-1
0
-1
-1
0
-1
1
0
-1
-1
-1
-2
-2
-1
-2
-1
-1
-1
0
2
2
3
2
2
1
2
2
1
2
1
0
0
1
1
0
1
1
2
1
2
1
1
1
1
1
1
2
2
1
2
0
1
0
2
1
0
2
2
2
1
1
0
-1
0
-1
-1
1
0
-1
0
0
1
1
1
1
0
0
0
0
0
-1
-1
-2
-2
-2
-1
-1
-1
0
-1
0
-1
-1
-1
-2
-1
-1
-1
-2
-2
-1
0
1
1
2
2
2
1
1
-1
0
0
0
-1
-1
-1
-1
-1
-1
0
0
-2
-1
-1
-1
0
0
1
0
0
-1
1
1
1
1
2
3
2
3
1
2
1
1
1
1
1
1
1
1
2
1
-1
-1
-2
-2
-2
0
1
0
0
1
-1
0
0
0
0
0
-1
0
-1
0
0
0
0
1
1
0
0
1
2
2
0
-1
-2
-1
-1
-1
0
-1
-1
-1
0
0
-2
-1
0
0
0
1
0
0
0
0
0
0
-1
-1
-1
0
0
2
2
2
2
1
2
0
2
1
-1
-1
1
-1
-1
0
0
-1
-1
1
1
-1
0
-1
-1
-1
-2
-1
-1
-1
-2
-2
-1
-1
0
1
1
2
1
1
0
0
1
1
0
-1
1
0
1
1
0
2
1
2
2
2
1
1
0
0
1
0
0
0
1
-1
-1
-2
-2
-3
-1
-1
-1
0
2
2
2
2
1
2
3
2
1
1
-1
-1
0
-1
-1
-1
0
0
-1
0
0
1
0
-1
0
0
-1
0
0
0
0
0
2
2
1
2
2
2
3
2
2
2
3
2
3
2
2
1
-1
0
-1
-1
-1
-2
-2
0
0
1
1
1
1
1
1
0
-2
-2
-1
-1
-2
-2
-2
-1
0
0
0
-1
0
-1
0
1
-1
-1
0
0
0
0
-1
0
0
0
0
0
-1
0
0
0
2
1
0
1
1
0
0
-1
-1
0
0
0
1
1
0
0
0
0
-1
-1
0
-2
-2
-2
-2
-3
-4
-4
-4
-4
-4
-4
-3
-4
-4
-5
-4
-6
-6
-6
-5
-3
-3
-3
-2
0
0
-1
1
0
2
3
3
2
2
2
2
3
3
3
2
2
1
2
2
0
1
0
0
2
0
0
0
1
1
0
1
1
0
0
1
1
0
0
0
0
-1
-2
-1
-3
-2
-3
-3
-4
-3
-3
-2
-3
-1
-1
-2
-1
1
0
0
1
1
1
1
2
1
1
2
3
3
3
2
3
2
2
2
1
0
0
-1
-1
-1
-2
-1
-1
-1
-2
-2
-2
-1
-1
-1
-2
-1
-1
1
3
-1
1
1
4
0
1
3
4
2
-1
9
-5
-8
-4
-2
-5
-9
-8
-15
-14
-14
-13
-14
-4
3
6
-2
1
4
3
0
6
13
6
13
22
23
15
18
17
8
8
13
10
4
-1
0
0
-3
-8
0
-4
-5
-5
-7
-5
-5
0
-8
-9
-2
2
-5
-4
1
-5
-3
1
3
0
-4
-4
-5
-4
-3
0
-5
-7
-2
-2
-4
-5
-2
-2
-3
-4
-6
-7
-8
-7
-5
-4
-1
4
4
5
5
1
3
10
14
10
10
10
11
13
16
16
12
9
9
10
5
1
-1
-3
-3
-3
-3
-6
-8
-7
-7
-6
-3
-2
-1
-1
1
1
0
2
6
9
7
9
9
10
10
10
7
2
0
3
3
2
2
0
-1
-2
0
-3
-4
-5
-6
-12
-10
-12
-10
-8
-7
-5
-4
-3
-4
-1
-1
0
-2
-3
1
1
1
2
1
1
4
3
3
2
1
-1
-1
-1
-3
-5
-6
-7
-6
-6
-7
-7
-4
-6
-8
-10
-12
-7
-7
-6
-5
-3
-2
1
-1
1
4
3
0
0
1
0
-2
-2
-2
-2
2
-2
-1
-3
-3
0
-1
-3
1
0
-2
2
0
2
4
7
8
4
4
7
9
4
5
4
2
3
5
5
3
5
7
4
3
-1
-1
0
-2
-2
-3
-5
-3
-3
-3
-4
0
-5
-7
0
-2
-3
-2
-2
-2
0
0
-1
0
0
-1
-5
-5
0
-3
-4
-1
1
-2
-5
3
0
-5
2
5
0
-3
-1
-2
-2
-7
-1
-3
-7
4
4
-6
0
3
-2
-5
-3
-2
-2
-3
-3
-5
3
3
1
2
3
11
9
11
15
12
2
17
23
14
19
21
16
20
24
21
16
17
22
14
14
15
25
14
11
10
-7
0
6
2
-4
-5
-1
4
0
-3
-3
1
1
2
-6
-2
-9
-19
-5
-7
-4
-8
-13
-4
-14
-11
-9
-12
-9
-20
-12
-12
-25
-23
-13
-20
-19
-10
-14
-15
-13
1
1
-9
-12
-9
-22
-8
-8
-27
-21
-30
-35
-28
-21
-14
-20
-22
-11
-15
-14
-17
-8
-4
-22
-24
-27
-15
-8
-23
-25
-24
-4
-1
-13
-3
0
-2
-14
7
5
-22
-22
-17
-11
-7
3
0
-4
-2
2
-3
-15
3
25
12
12
9
3
21
29
17
8
18
22
16
9
23
28
7
20
20
-1
-22
-10
-16
-40
-19
-4
1
-20
-23
-6
-8
-2
18
37
6
4
48
37
5
20
46
27
1
19
21
-7
8
9
4
-11
-9
11
-4
-14
-10
3
-21
-39
-36
-33
-59
-33
-11
-31
2
0
4
-13
-9
16
-3
5
15
26
12
16
29
26
35
40
35
31
75
63
28
54
85
29
6
51
57
-176
-446
171
173
-361
-3
270
199
-239
57
300
-295
-332
357
294
-510
60
431
-69
-160
104
287
-245
-153
272
-150
-6
202
45
-9
-149
43
22
-43
-32
-26
162
31
-34
156
-48
-242
68
175
-268
-371
72
36
-103
165
232
43
-92
-32
0
-74
-126
-3
116
71
119
89
53
-72
-279
-137
114
-56
-66
91
130
37
-58
139
-107
-216
-15
146
19
-79
178
19
-80
3
134
-112
-282
136
-53
-48
148
68
-1
5
88
-104
-23
-120
-52
67
24
83
-43
53
-20
-38
13
-104
-28
-30
29
85
22
74
16
15
-56
-36
-41
-30
141
20
104
75
-9
74
-86
9
28
25
35
72
40
-140
-64
-58
5
-143
-6
248
-64
-58
187
-82
-208
-23
-4
-47
-35
17
72
-156
-148
229
-157
-1
206
-3
83
194
-13
-112
124
-249
30
32
-18
196
-47
172
-7
-11
55
-106
48
-102
-6
59
-36
-78
-56
-14
-250
38
55
-71
125
-53
-15
54
-13
13
-26
81
34
54
32
92
70
-110
254
34
-207
121
35
-177
88
26
-89
143
-40
-19
5
-133
36
57
-62
27
32
-120
-5
26
-128
-53
-66
104
79
-33
162
71
21
7
70
-86
-91
106
58
48
52
124
-51
-91
47
-24
-155
13
119
-83
21
125
-64
-161
8
19
-59
52
24
64
137
-62
-70
14
-76
-81
117
15
-59
128
3
-90
-16
-77
-23
98
-73
-38
196
-95
-89
144
-133
-171
-26
-48
40
89
-110
72
163
-188
-53
5
-178
-66
247
125
-113
144
-30
-42
130
-134
4
52
-170
50
135
-163
-52
107
-119
63
55
-225
-4
-53
12
249
58
-189
-60
13
-58
-50
-27
-11
-96
97
103
-61
-190
9
32
-192
223
161
-183
-18
146
-75
-76
56
-140
-175
-20
230
160
-286
33
242
-256
27
278
-169
-187
177
132
-4
-44
-91
26
-177
-39
373
56
-255
-54
180
-125
-202
250
69
-411
130
362
-429
-257
382
118
-146
213
236
-244
-161
328
67
-310
88
263
-57
-161
72
191
-17
-95
280
-7
-425
71
305
-128
-225
377
176
-297
-25
79
-235
-202
310
151
-236
-98
185
99
-184
-1
127
-85
-147
187
66
-295
47
230
-138
-326
-131
-13
-80
-95
107
142
-92
207
331
-258
-263
100
0
-171
26
268
46
-40
87
15
-263
-126
294
17
-195
47
205
110
-101
38
15
-174
27
177
-71
-99
208
110
-49
-64
12
127
-25
-34
108
17
53
221
31
-109
11
67
18
-147
-156
62
107
-26
-14
78
-101
-215
-104
19
77
129
162
-7
-146
-148
-69
8
58
54
-32
-20
-4
-43
-51
42
3
2
48
25
29
-46
107
130
-108
-173
-70
-10
0
124
102
71
92
-2
-136
-207
-115
77
222
205
127
19
-194
-247
-118
-70
6
32
57
154
129
-78
-233
-144
-63
-25
28
8
6
184
315
96
-57
-96
-106
-147
-111
-23
-106
89
275
155
-3
-105
-205
-256
-20
124
47
104
203
109
-91
-69
8
-14
-8
-7
55
-10
79
255
30
-234
-75
-25
-253
-48
146
72
126
140
71
-201
-265
-85
-123
50
180
129
55
-18
-15
-35
-153
-80
118
12
32
119
-21
13
69
-4
-118
-216
-129
-61
47
134
120
127
52
-59
-118
-149
-132
27
106
78
83
95
50
-36
-35
-137
-112
-8
22
104
12
-23
2
-67
-107
-48
-142
-178
-57
-13
80
83
74
49
-48
-96
-116
-51
-40
59
192
98
110
133
-10
-65
-59
-154
-79
157
203
172
84
-23
-1
-42
-35
31
-17
80
225
267
94
-105
-25
18
38
-13
-57
35
128
247
160
102
62
-30
-77
-142
-47
34
59
77
47
49
-43
-48
-22
-104
80
141
42
-29
-122
-76
19
161
113
-23
-104
-125
-77
-93
-127
-58
57
92
79
-11
-146
-285
-180
-131
-97
-37
-67
-17
-74
-51
-69
-48
-47
-92
-87
-124
-41
-47
-52
11
-7
-26
-94
-96
-74
-25
-8
-12
99
31
7
-21
-60
-24
-41
-20
-88
-47
-16
-53
62
74
27
67
52
-13
-35
-39
26
192
163
158
163
77
24
60
86
58
30
-48
112
159
229
291
106
43
-6
-24
-65
-6
39
74
94
-34
-70
-104
-56
19
26
23
65
131
22
-35
2
-39
-47
-33
-59
-19
42
100
322
356
305
242
69
23
-128
-169
-33
0
46
98
-41
-167
-229
-365
-362
-312
-269
-167
-115
-145
-181
-198
-209
-251
-223
-86
26
70
150
70
38
125
78
83
112
108
13
129
233
179
135
52
84
-46
-108
-74
-73
-127
-98
23
-234
-236
-185
-198
-59
-47
31
-35
-102
-82
14
-74
-17
100
142
163
188
172
81
18
-64
214
64
82
291
216
180
200
144
-351
-217
-108
-82
151
98
111
-62
-181
-20
-129
-159
31
206
28
11
95
-115
144
122
170
134
-62
139
40
247
414
440
388
195
32
-352
-452
-327
-196
65
246
345
238
49
-247
-395
-345
-398
-263
-111
-120
-19
38
14
6
27
83
78
34
2
27
19
68
138
190
219
225
128
7
-14
-118
-112
-77
26
23
91
-108
-341
-373
-413
-159
-110
16
-37
-22
-48
-162
-50
-163
80
98
7
8
-133
-116
101
317
257
313
96
-75
-156
-340
-126
117
164
278
263
-35
-143
-230
-195
14
-43
31
130
16
-131
-166
-112
-151
-68
118
184
91
4
-9
-41
25
128
181
167
190
198
85
78
147
135
205
175
29
-84
-136
-120
-9
163
220
236
128
-72
-207
-344
-336
-221
-72
-8
-100
-172
-283
-304
-244
-122
19
-13
-3
-42
-103
-114
-115
-33
76
157
58
104
34
-103
-5
-5
-5
37
42
-39
-115
-163
-136
-47
66
158
130
47
3
-89
-130
-115
-139
-7
44
76
52
-50
-35
-22
68
134
127
58
60
61
60
37
11
52
31
77
50
-70
-105
-76
-33
-1
34
87
113
83
110
149
81
97
138
175
228
231
259
217
139
95
31
-33
-28
-13
21
66
122
186
111
-36
-190
-365
-509
-478
-357
-236
-100
-46
-26
-51
-98
-109
-139
-181
-157
-51
-5
49
236
300
298
256
264
187
90
131
164
90
-6
120
75
-80
-144
-74
-24
-200
-169
-111
-120
-78
13
-3
-40
39
-79
-131
-102
-159
57
86
129
147
97
50
61
51
-178
-45
10
-31
5
10
85
-73
-96
42
-23
-138
-116
-92
-103
-60
81
24
122
214
191
291
268
356
433
498
393
192
-17
-253
-293
-252
-67
114
324
343
109
-129
-524
-753
-775
-632
-399
-295
-287
-327
-300
-160
-4
92
172
216
84
-92
-153
-67
257
644
889
883
627
280
-71
-155
22
258
478
504
330
119
-178
-398
-351
-242
-148
-127
-130
-208
-294
-200
-109
-62
-123
-202
-346
-430
-311
-74
195
332
388
322
99
-208
-381
-323
-164
23
278
344
267
185
53
2
-112
-112
-57
-73
13
158
252
367
441
398
407
302
220
215
-19
-264
-428
-427
-266
-168
-83
115
180
0
-357
-796
-1101
-1065
-850
-512
-107
122
123
-89
-334
-477
-353
-135
125
521
714
761
680
484
371
388
369
345
342
291
281
308
334
365
278
-14
-305
-522
-633
-576
-447
-244
-28
21
-113
-334
-567
-613
-466
-269
-57
149
247
215
126
128
146
121
160
205
241
98
100
65
13
119
82
9
-51
-75
-104
-34
-6
242
383
132
245
154
-56
95
230
502
780
646
209
-230
-616
-703
-477
-221
247
616
488
-14
-713
-1280
-1390
-1180
-762
-144
264
308
61
-338
-586
-445
-256
-41
323
541
612
620
600
634
759
770
662
510
228
14
-34
109
437
662
525
155
-272
-664
-892
-879
-638
-213
71
82
-92
-374
-572
-670
-558
-253
34
220
236
220
260
296
334
329
291
222
129
-48
-56
98
197
319
244
80
-104
-366
-474
-315
-111
102
306
249
113
-35
-103
-80
93
380
614
712
552
166
-272
-569
-528
-163
158
438
661
576
78
-505
-1037
-1276
-1067
-789
-345
39
141
-23
-398
-748
-784
-561
-328
-47
259
428
472
433
366
427
517
517
477
443
325
330
389
474
599
547
243
-122
-384
-537
-494
-311
-128
-14
-60
-230
-506
-717
-663
-535
-250
-135
44
1
-170
-225
-104
56
85
412
410
522
206
7
-48
-36
237
313
448
272
270
-63
-179
-112
-209
22
127
40
-56
-62
-102
-38
120
203
190
97
-29
10
40
150
199
131
104
-71
-213
-243
-69
116
181
189
-58
-407
-587
-616
-528
-270
-75
-86
-157
-346
-431
-337
-148
62
222
244
163
85
0
51
282
521
633
618
438
221
42
8
97
248
364
322
217
-19
-264
-378
-299
-188
-87
-44
-160
-280
-390
-495
-419
-215
-56
51
32
-24
-40
0
80
164
224
231
135
3
-5
79
199
346
412
327
175
-50
-196
-214
-110
49
166
203
122
-3
-151
-223
-195
-157
-77
45
136
209
246
216
83
-101
-289
-400
-329
-65
238
471
592
472
221
-146
-442
-515
-432
-224
16
191
148
18
-132
-252
-232
-180
-136
-93
-71
-38
23
106
144
180
111
-31
-142
-234
-186
-18
184
320
367
227
8
-156
-258
-210
-70
54
85
53
-10
-97
-135
-117
-42
92
164
119
50
15
-70
-30
87
145
168
78
-8
-38
-27
-22
-14
20
70
102
23
-47
-84
-88
-16
36
67
25
-45
-101
-159
-111
19
131
241
316
339
287
100
-134
-293
-315
-216
9
209
397
542
468
242
-60
-359
-503
-449
-288
-40
139
128
26
-157
-380
-503
-532
-473
-306
-161
-58
57
119
139
161
114
42
-42
-168
-211
-62
206
479
661
609
330
39
-157
-215
-127
62
292
403
398
204
-44
-256
-333
-234
-124
-44
-15
-24
-109
-124
-96
-89
-69
-77
-141
-193
-253
-293
-223
-41
153
251
216
-3
-173
-265
-226
-65
100
177
127
67
-27
-113
-133
0
162
194
254
238
133
95
200
391
362
187
6
-145
-202
-51
209
451
590
428
98
-225
-514
-615
-438
-151
124
208
2
-254
-445
-605
-559
-371
-270
-189
-94
-84
-99
-34
-15
34
122
121
123
126
63
154
397
541
621
586
329
97
10
-71
-5
189
332
372
301
99
-183
-419
-547
-442
-202
-69
-14
-31
-172
-291
-269
-271
-281
-252
-292
-198
-59
-66
-59
-5
43
129
120
2
-136
-197
-13
220
335
256
44
-77
-70
-73
-76
5
83
156
158
152
153
65
97
345
517
448
256
-51
-299
-293
-63
271
526
636
636
422
1
-411
-715
-729
-411
-43
222
278
-18
-433
-675
-808
-773
-521
-272
-22
181
128
-9
-71
-161
-125
113
277
406
525
507
569
731
719
623
502
217
-19
7
70
171
391
447
306
60
-326
-642
-729
-766
-534
-59
96
20
-147
-446
-742
-849
-700
-265
205
312
283
106
-257
-444
-251
93
339
551
522
407
264
-14
-120
44
110
83
206
222
88
-58
70
276
120
-7
141
168
134
403
621
669
541
-40
-678
-923
-649
33
788
1081
781
127
-670
-1174
-1382
-1308
-692
158
625
576
-198
-1413
-1964
-1606
-772
330
1008
886
603
172
-439
-564
-359
3
884
1611
1606
1329
731
90
202
549
660
760
514
124
190
166
-200
-344
-520
-757
-688
-743
-871
-778
-891
-921
-507
-521
-929
-875
-663
-356
193
384
215
63
-167
-69
406
602
703
891
805
663
575
238
17
195
483
750
714
242
-253
-544
-621
-415
-212
-193
-190
-230
-216
-102
-118
-188
-13
266
554
650
-34
-1012
-1163
-387
667
1366
1217
627
110
-384
-571
-736
-1170
-784
513
1239
969
-213
-1848
-2320
-1402
-350
558
919
391
143
211
-337
-747
-659
-381
689
1784
1644
1120
531
-214
-17
646
730
838
749
248
323
351
-310
-549
-530
-641
-256
-139
-554
-553
-867
-1421
-912
-439
-781
-655
-222
-116
49
47
-120
-161
-277
108
954
908
420
519
389
50
411
671
458
514
734
722
321
-283
-432
-183
-50
143
198
-184
-523
-587
-560
-395
-181
-1
144
322
374
263
279
7
-806
-1106
-170
815
1090
745
258
12
-100
-137
-500
-1204
-1037
400
1429
910
-554
-1988
-2172
-975
187
622
569
193
158
364
-297
-1011
-781
-37
1146
2031
1587
718
107
-459
-139
683
958
1120
964
151
-130
-154
-650
-721
-535
-487
-48
21
-645
-1058
-1613
-1855
-699
116
-312
-439
-314
-374
-178
-232
-284
119
364
921
1529
824
-95
140
393
485
922
1050
815
640
439
214
-155
-503
-234
190
66
-106
-277
-712
-924
-791
-613
-376
-140
-53
-100
-197
-59
133
387
796
425
-702
-774
289
986
1080
672
380
536
458
113
-472
-1285
-701
1099
1427
208
-1086
-2114
-1752
-276
251
68
44
-194
-43
81
-805
-1005
-138
509
1236
1528
593
-16
76
16
562
1206
1097
920
479
-260
-45
277
-157
-238
-74
-69
146
-447
-1466
-1543
-1415
-991
177
169
-874
-946
-367
-198
-531
-665
-48
463
644
1091
754
-478
-465
738
1016
602
934
1161
552
160
337
174
-232
88
670
178
-456
-428
-562
-839
-610
-185
-74
-219
-226
-180
-435
-177
444
723
247
-763
-1217
-231
850
962
681
382
382
520
263
-455
-1264
-825
978
1806
572
-960
-1869
-1690
-320
404
-14
-113
-78
41
299
-391
-1041
-316
410
1017
1471
691
-95
87
24
305
1068
1026
807
497
-243
-28
474
-276
-675
-408
-238
228
8
-1096
-1458
-1349
-1019
2
-47
-1024
-817
-228
-219
-183
-265
-267
101
577
979
724
-181
-138
644
709
587
1004
922
232
124
403
309
45
155
140
-108
-189
-181
-539
-800
-533
-107
-41
-257
-262
-361
-435
83
587
357
420
-165
-1134
-651
630
865
710
401
290
526
205
-238
-608
-1052
-6
1630
950
-696
-1422
-1755
-854
464
193
-303
-160
-181
292
193
-883
-663
267
671
1385
1169
-1
-80
222
204
824
1029
706
668
170
-141
359
-21
-786
-477
-131
50
85
-695
-1306
-1276
-1223
-444
147
-709
-1060
-258
-176
-551
-358
-68
-13
367
938
753
-171
-266
631
852
485
918
1177
347
85
649
428
-5
325
480
-56
-201
-15
-265
-630
-471
-21
-132
-200
16
-133
-605
-193
366
294
438
-378
-1332
-686
731
792
190
-240
-24
521
278
-26
-697
-1191
158
1552
546
-815
-1236
-1396
-200
681
-13
-379
-155
45
635
212
-860
-309
366
611
1290
840
-47
193
295
205
799
791
558
422
-242
-112
503
-221
-787
-380
-185
172
66
-972
-1396
-1150
-809
54
-12
-1025
-862
-129
-175
-351
-185
4
219
570
854
263
-422
176
1028
824
536
924
826
139
157
500
282
308
641
280
-427
-319
-120
-588
-636
-176
10
-252
-295
-150
-471
-669
-156
471
44
474
840
-808
-1437
-110
924
653
487
167
449
590
172
-71
-1191
-992
1181
1650
-77
-756
-1345
-1493
270
664
-321
-361
-98
187
581
-536
-1229
-96
348
976
1423
86
-423
210
31
359
1173
737
479
271
-333
212
387
-656
-533
83
24
307
-231
-1468
-1315
-843
-450
316
-368
-1350
-620
-182
-572
-294
-210
-336
289
876
533
-259
-370
457
942
612
737
983
254
-2
691
515
120
633
535
-208
-187
-72
-518
-591
-157
49
-100
-190
-31
-304
-776
-408
352
124
108
725
-601
-1524
-187
829
410
290
189
259
641
162
-274
-924
-944
1023
1655
-186
-998
-879
-1232
-43
679
-347
-498
174
355
360
-425
-1147
-157
547
860
1280
205
-429
340
451
214
848
811
440
366
34
231
333
-479
-571
126
193
63
-409
-1270
-1099
-418
-188
-115
-625
-1176
-598
-90
-522
-544
-129
-41
296
700
257
-519
-190
791
1027
544
494
767
408
126
442
401
184
729
736
-141
-314
-96
-538
-692
-5
134
-328
-378
-66
-157
-674
-375
169
91
-55
848
342
-1458
-905
614
889
464
330
-117
256
526
131
-589
-1363
148
1796
618
-1087
-1037
-1393
-770
842
182
-836
-358
271
403
-75
-1108
-716
459
831
1390
650
-663
-88
672
363
667
1013
525
453
281
142
375
-192
-661
16
349
185
-80
-1159
-1513
-550
-100
-213
-492
-1211
-993
-171
-291
-738
-538
-248
219
714
454
-444
-701
220
1077
883
328
460
640
378
400
537
140
333
943
483
-102
-68
-354
-674
-269
212
-83
-459
-374
-232
-414
-579
-186
16
-80
110
824
95
-1440
-988
319
1048
904
203
-339
407
577
96
-413
-1150
208
1918
752
-857
-1029
-1511
-638
1160
335
-752
-338
66
386
-30
-1273
-704
689
939
1264
429
-907
-148
561
335
965
1016
255
387
225
-119
248
-222
-582
329
494
126
-62
-1191
-1428
-180
-7
-247
-287
-1158
-1015
18
-285
-834
-669
-111
666
715
17
-351
-350
220
1264
980
22
295
945
454
140
586
400
301
822
770
-78
-562
-266
-61
-181
65
67
-543
-632
-238
-589
-894
-217
277
2
45
471
-87
-132
-225
-890
-376
967
1332
554
-68
-172
385
162
-79
-79
-435
713
1599
45
-1640
-1408
-696
556
1073
-349
-1023
-371
131
52
-626
-969
169
1105
812
485
-556
-1038
230
1245
1112
678
166
177
491
15
-308
15
52
226
542
89
-290
-603
-1198
-749
329
167
-496
-728
-975
-626
-227
-567
-774
-163
477
528
-71
-426
-96
-62
392
1409
877
-328
208
1000
355
41
715
620
275
553
253
-711
-435
513
209
-431
11
51
-1056
-988
59
-304
-742
54
208
-449
-325
172
-202
-124
380
909
516
-725
-563
253
846
991
547
-526
327
1087
215
-442
-1077
-20
1608
776
-967
-1122
-1190
-310
1099
-169
-1267
-441
285
452
-54
-1223
-841
606
846
884
-36
-1037
127
1025
604
408
139
-88
589
354
-315
-2
-10
-134
288
18
-302
-249
-918
-802
268
110
-592
-624
-813
-491
117
-357
-590
-117
172
370
66
-488
-69
381
449
936
502
-256
193
819
350
-278
50
640
435
35
-247
-566
-343
328
122
-580
-555
-33
-239
-623
-306
-366
-520
-193
43
-326
-338
362
597
217
136
127
470
1024
-212
-827
458
1657
1328
108
-772
294
1149
356
-71
-772
-381
1436
823
-1237
-1485
-1064
-243
1286
245
-1524
-1069
77
562
-171
-1462
-751
1163
1128
381
-263
-1094
70
1230
842
512
414
207
610
333
-446
-26
320
315
642
77
-526
-192
-486
-587
335
338
-190
-215
-645
-598
35
-212
-369
104
595
627
5
-527
57
504
463
747
453
-55
357
906
228
-518
214
898
336
80
-88
-575
-169
687
376
-426
-293
294
-71
-656
-268
-94
-127
396
476
-437
-491
373
534
111
258
479
876
908
-625
-1014
285
1632
1486
329
-495
425
685
-66
-205
-754
151
1698
636
-1246
-1560
-1274
-35
1151
-272
-1252
-535
153
134
-936
-1658
-197
1213
581
-53
-650
-929
367
781
356
293
194
336
677
-232
-808
40
544
665
365
-581
-529
100
-324
-373
79
-125
-129
-231
-816
-766
-456
-509
-74
279
159
-394
-951
-605
113
121
59
334
99
-157
-37
-73
-565
-396
692
702
-223
-406
-444
-469
114
410
-111
-450
-9
201
-621
-933
-228
23
-3
211
-291
-813
-259
377
172
-84
378
412
657
244
-1090
-878
569
1633
1057
-255
-639
560
241
-312
-237
-769
628
1611
-256
-1693
-1391
-975
384
943
-777
-1142
-420
-41
-121
-1176
-1280
707
1366
195
-348
-1020
-801
832
890
438
484
228
464
489
-694
-634
647
984
867
151
-1013
-406
230
-293
-145
164
-7
39
-293
-1019
-708
-485
-289
228
119
-106
-596
-812
-248
245
-3
125
446
134
-111
-113
11
-208
198
1003
403
-326
-121
-81
-51
456
477
-95
-198
214
61
-831
-604
218
267
115
-49
-439
-487
136
440
29
139
680
453
555
78
-1125
-575
1068
1737
911
-343
-358
754
95
-286
-186
-482
1017
1452
-723
-1741
-1166
-696
557
629
-883
-785
-193
-41
-352
-1433
-974
1200
1279
-140
-538
-969
-249
1203
743
293
488
515
909
428
-956
-391
1082
1249
859
-256
-1072
40
526
-153
-150
-102
-172
101
-433
-1133
-846
-467
34
227
-317
-545
-734
-533
122
124
-140
294
548
140
-169
-59
297
198
583
966
-21
-365
280
173
-27
310
313
-41
-76
37
-294
-787
-125
311
-218
-298
-285
-311
-299
146
232
55
207
508
88
139
629
-524
-427
824
1300
660
-176
-310
540
441
-254
29
-323
276
975
-553
-1448
-804
-469
96
507
-803
-1174
-234
109
-112
-1009
-961
894
1292
-262
-806
-496
128
1407
1051
111
251
591
877
598
-577
-335
1073
1371
619
-531
-1130
-35
761
-46
-495
-400
-262
-49
-580
-1244
-952
-273
145
42
-608
-658
-469
-248
202
45
-160
380
615
212
-195
-15
555
521
505
684
-53
-258
522
318
-100
200
360
127
-190
-260
-303
-561
-75
298
-317
-455
-92
-88
-419
-161
20
169
535
516
30
-188
558
-4
-535
86
1044
1108
167
-145
-32
104
-113
270
125
-69
633
-211
-1029
-841
-668
-246
495
87
-790
-594
-309
-109
-520
-755
648
1171
61
-660
-408
-26
803
1070
476
509
573
468
362
-270
-223
725
1138
628
-329
-882
-317
434
-22
-510
-421
-209
-135
-667
-1096
-858
-251
96
-125
-587
-554
-272
-260
32
80
-20
347
426
180
-93
-37
492
535
343
434
88
-252
279
293
-130
41
208
135
-235
-291
-159
-318
-269
-16
-292
-383
-76
-241
-301
-219
-9
97
261
345
219
-104
394
754
-536
-534
525
1084
810
59
-298
272
384
-163
118
-172
199
737
-460
-925
-566
-633
-107
575
-356
-791
-161
-117
-164
-687
-571
865
830
-311
-384
-84
232
968
623
90
563
546
394
247
-399
-52
838
842
63
-598
-596
159
359
-477
-550
-201
-39
-236
-863
-970
-461
46
-19
-371
-620
-462
-175
-66
133
-40
75
486
333
37
-165
310
661
470
318
207
38
199
431
56
68
283
142
-38
-174
-90
-160
-259
-68
-87
-395
-307
-31
-193
-251
-150
-23
152
279
244
-15
221
568
583
-373
-500
319
912
885
311
34
177
361
-181
-84
82
130
695
-109
-818
-744
-623
-151
443
-218
-819
-211
-42
-296
-708
-661
627
916
-67
-423
-51
187
539
611
316
526
521
388
376
-256
-289
611
975
439
-312
-544
-82
254
-347
-520
-99
8
-231
-809
-949
-448
-80
-108
-291
-439
-398
-236
-147
-3
33
-12
358
448
-11
-223
191
634
461
305
221
150
298
351
53
-168
147
332
30
-214
-230
-304
-436
-108
-46
-403
-442
-184
-212
-413
-305
-138
156
261
177
-116
50
380
604
156
-525
-19
575
1010
638
73
25
367
151
-59
248
-73
475
374
-677
-641
-502
-409
96
123
-632
-383
-128
-374
-343
-558
157
892
115
-358
19
119
264
619
374
448
717
454
342
-39
-304
468
837
455
-173
-614
-431
-81
-467
-777
-526
-590
-759
-1139
-1437
-1033
-743
-685
-663
-998
-1171
-817
-692
-549
-311
-410
-225
-116
-487
-462
-120
201
320
55
-66
-74
-196
-69
3
-176
-17
133
-70
-388
-521
-355
-249
-239
-53
-148
-492
-390
-234
-361
-209
119
337
261
246
103
63
374
707
886
137
-187
339
908
967
533
173
240
656
99
25
218
254
606
-50
-540
-307
-262
-200
236
50
-425
-69
-59
-168
-107
-100
624
745
57
33
379
419
502
605
606
887
758
406
441
163
249
755
729
425
-39
-184
69
203
-152
-113
146
-190
-327
-557
-454
-5
23
-51
-152
-209
-192
-27
-27
307
608
212
260
254
160
282
437
691
515
371
307
137
76
316
282
71
338
245
-94
-268
-93
32
-201
12
225
-147
-359
-177
-118
-71
87
217
267
306
198
105
159
541
629
606
483
-179
-205
377
972
736
170
110
395
-72
-374
230
235
271
-7
-603
-353
-266
-626
-378
122
-123
-181
-178
-338
-198
-334
133
700
262
-36
185
242
91
280
464
723
647
181
113
30
-118
167
491
467
3
-456
-469
-176
-310
-400
-24
-62
-453
-750
-719
-365
-253
-291
-165
-157
-329
-385
-246
-110
58
40
74
299
218
-138
-259
193
476
267
184
94
-28
8
-20
-145
50
297
173
-163
-351
-229
-123
-86
97
-5
-339
-215
-131
-265
-199
80
248
74
52
-3
79
202
463
450
442
392
-376
-331
309
918
678
122
123
106
-248
-345
228
165
88
66
-457
-445
-537
-689
-204
242
53
-182
-228
-465
-445
-281
274
841
241
-182
59
18
-77
229
716
849
511
21
-47
-89
-226
304
699
531
-104
-675
-528
-187
-230
-205
164
17
-541
-834
-698
-304
-196
-253
-19
-29
-256
-445
-477
-204
187
269
180
189
-30
-197
-133
228
489
379
313
181
-152
-252
-21
115
336
429
64
-366
-307
-113
-82
-54
84
101
-261
-397
-300
-239
-32
138
81
-127
-102
-4
21
135
296
454
276
497
227
-588
-285
549
1012
559
46
-61
38
-323
-354
290
232
188
-147
-651
-452
-518
-643
-54
466
28
-459
-540
-433
-124
-146
304
771
77
-284
-169
-85
217
525
657
631
205
-217
-18
65
42
351
372
304
-80
-653
-577
-177
34
152
112
-370
-642
-580
-528
-192
-72
-17
35
-264
-511
-416
-205
21
294
261
120
-15
-233
-146
124
400
426
277
181
-151
-256
-5
271
280
161
44
-131
-337
-324
5
138
102
-25
-282
-375
-239
-199
-169
159
295
-62
-374
-171
147
237
221
319
335
217
197
382
88
-232
77
521
754
323
-97
-142
-82
-248
-56
345
89
-54
-384
-471
-271
-534
-400
170
280
-303
-473
-344
-247
-41
8
463
381
-220
-127
87
62
135
393
566
386
-77
-109
209
-27
-59
281
301
176
-298
-526
-250
-59
-26
69
-4
-411
-555
-445
-131
67
-60
-95
-251
-371
-276
-174
-27
161
164
20
-85
-199
-66
156
237
175
30
65
122
-24
-25
126
172
121
121
36
-102
-91
40
111
80
118
52
-103
-199
-129
-11
117
168
-1
-118
-90
54
-48
77
265
224
155
116
261
331
352
-220
-271
194
539
500
-27
16
51
-246
-330
155
364
-21
-221
-425
-215
-273
-503
-89
186
1
-348
-361
-216
-226
-127
103
425
77
-215
5
-21
-11
137
427
511
134
-55
43
83
-57
172
364
257
12
-334
-295
-123
26
163
59
-197
-508
-474
-252
-43
3
-149
-228
-334
-306
-230
-113
-22
-16
8
-56
-65
-128
-52
53
82
179
225
188
52
-1
69
156
251
270
163
30
-49
6
96
126
162
115
-24
-164
-195
-148
20
79
-21
-131
-181
-132
-58
40
59
37
-26
14
132
198
165
290
253
-158
-147
180
495
403
125
69
1
-118
-39
240
80
-75
-109
-98
40
-254
-400
-169
49
31
-117
-191
-322
-264
-89
150
216
-63
-50
-19
-122
1
223
356
277
109
56
53
-82
-16
300
306
159
-59
-220
-117
-59
33
11
-127
-170
-237
-291
-213
-60
-86
-191
-213
-157
-134
-206
-164
-68
4
19
-23
-3
4
-24
-25
119
228
142
37
76
107
2
88
262
198
-24
-83
28
74
25
-21
17
-17
-147
-198
-124
27
-13
-181
-165
-46
-74
-147
-21
92
66
-70
-49
136
232
216
261
322
61
-177
-25
332
499
306
115
46
-104
-197
9
163
57
-20
-68
-89
-325
-488
-265
-12
73
-77
-189
-297
-381
-154
114
199
48
-35
36
-48
-102
90
359
299
124
110
136
56
-62
140
276
172
76
-7
-38
-68
-133
-136
-47
-15
-100
-187
-186
-134
-184
-264
-197
-49
-44
-92
-143
-171
-63
15
26
13
84
81
25
79
138
137
94
138
182
121
70
88
81
47
28
34
112
127
-48
-149
-165
-108
-34
-89
-33
-30
-153
-192
-124
1
47
19
-12
52
60
34
115
185
290
280
210
217
132
55
47
232
325
247
113
-75
-125
-148
-84
-31
-52
-59
-138
-276
-425
-359
-189
-71
-43
-105
-207
-350
-306
-47
141
167
54
12
11
-54
-8
217
364
287
139
103
89
38
13
69
178
133
68
-111
-224
-137
-124
-62
-45
-27
-158
-280
-293
-195
-87
-194
-86
-63
-103
-173
-265
-50
100
142
71
6
56
-45
-51
138
284
242
78
-47
-57
-1
42
171
215
104
-61
-209
-100
-38
-63
4
18
-4
-135
-253
-152
-16
45
57
51
45
10
-59
35
188
230
247
215
197
168
111
200
271
241
115
53
109
103
57
0
23
-17
-62
-140
-225
-138
-99
-75
-156
-243
-212
-227
-148
-45
2
-57
-133
-112
-24
48
71
146
125
45
9
30
134
172
151
129
107
34
-37
-39
9
14
-10
-36
-80
-147
-164
-126
-116
-127
-117
-96
-127
-137
-131
-124
-89
-64
6
18
8
-13
-8
32
54
101
108
92
50
43
70
97
105
53
54
40
26
21
-14
-12
-30
-49
-49
-43
-32
-42
-41
-62
-76
-85
-69
-12
32
49
4
-39
-1
54
108
116
128
112
104
107
110
176
188
150
51
28
47
61
87
65
66
2
-93
-105
-91
-100
-57
-40
-65
-107
-220
-226
-142
-80
0
-9
-80
-113
-149
-108
0
83
128
76
-26
-71
-41
27
91
105
106
48
-63
-93
-65
21
79
41
-24
-108
-148
-122
-61
14
39
-11
-76
-95
-77
-57
-33
46
95
47
3
-42
-18
61
65
89
112
65
39
18
23
64
77
92
94
29
-27
-24
10
56
56
20
9
-4
-67
-80
-19
60
56
17
-1
-12
10
17
54
80
66
35
17
56
70
81
75
87
74
9
-22
32
84
53
32
-14
-59
-98
-100
-20
5
-29
-82
-129
-141
-140
-99
-33
-5
-41
-103
-119
-77
-15
19
24
13
-28
-37
-48
-23
32
66
67
-8
-60
-52
-20
17
45
50
5
-48
-82
-48
18
38
22
-7
-35
-59
-67
-12
43
46
20
4
-14
-59
-63
7
82
63
23
-6
-31
-22
-18
8
51
56
8
-39
-49
-31
6
25
36
19
-18
-26
-19
-15
-5
25
23
-8
-27
-26
-9
20
25
20
2
-18
2
11
19
31
0
-3
14
12
20
32
35
24
-1
7
24
29
37
38
24
-8
-21
9
17
4
13
17
18
0
-35
-20
24
42
22
-1
-9
-9
-25
-6
21
15
-10
-32
-38
-39
-37
-20
-3
-6
-31
-52
-33
4
7
-16
-15
3
-6
-22
-2
31
44
24
-11
-14
15
19
27
35
39
28
-9
-14
11
20
3
3
26
25
-3
-30
-14
5
11
15
21
31
-7
-20
13
32
38
18
17
18
25
6
5
32
27
14
-23
-18
-10
-4
17
30
15
-36
-40
-40
1
19
8
14
-13
-26
-45
-30
12
24
23
11
2
-9
-13
5
28
45
31
21
8
-2
5
5
16
17
4
-4
-3
0
2
-11
-23
-23
-26
-29
-33
-25
-24
-30
-47
-64
-55
-29
-14
-11
-4
-5
-30
-32
-6
15
29
30
37
32
16
5
27
47
44
39
27
29
26
4
2
10
-9
-17
-15
-15
-18
-43
-44
-39
-40
-31
-22
-12
-9
-15
-20
-31
-16
12
27
32
26
20
19
30
29
44
51
41
40
17
23
12
-8
5
10
9
-11
-20
-9
-15
-30
-25
-9
-9
-19
-32
-35
-19
-28
-23
-10
-8
-8
-28
-14
-5
0
8
8
24
3
-6
5
11
18
10
13
-4
-11
-21
-23
-9
-19
-15
-21
-33
-43
-45
-42
-37
-31
-36
-27
-29
-37
-32
-14
-5
-1
2
-9
0
9
24
39
37
35
33
28
19
20
29
40
32
11
1
-2
-7
-1
3
5
-3
-20
-26
-17
0
0
10
8
-2
-6
-4
25
49
53
41
38
30
24
37
46
65
52
28
31
17
22
16
12
23
4
-6
-20
-32
-30
-37
-40
-33
-30
-40
-36
-30
-24
-30
-39
-20
-8
-3
-1
-4
0
-4
-1
22
32
33
33
23
17
8
1
16
25
21
16
4
-4
-17
-22
-15
1
3
-15
-31
-43
-49
-43
-22
3
6
-10
-28
-27
-21
-10
11
20
19
9
-9
-9
7
26
37
35
24
8
-2
2
20
21
21
15
1
-17
-34
-26
-9
-5
-8
-11
-19
-28
-32
-27
-6
5
-4
-9
-9
-5
3
14
24
24
22
10
8
14
18
20
17
16
8
-2
-4
-2
6
-9
-18
-24
-33
-31
-29
-13
-13
-25
-41
-38
-30
-31
-15
-3
3
-4
-22
-21
-8
3
1
9
13
4
-8
-18
-3
9
12
14
9
-3
-23
-23
-20
-8
-8
-7
-8
-29
-45
-46
-23
-12
-7
-13
-14
-22
-36
-28
-13
11
15
16
5
-3
-6
1
20
32
34
22
6
-2
2
8
27
31
28
16
0
-4
-3
8
12
20
10
0
-2
-6
11
9
9
10
6
3
-3
7
15
20
23
17
20
16
16
23
27
26
13
12
8
13
16
10
20
9
1
-2
-9
2
5
5
1
-4
-12
-14
-9
-5
6
5
2
1
-5
-4
-2
13
25
21
16
11
12
11
14
26
25
18
7
4
7
8
3
11
13
-1
-10
-7
4
9
4
-1
1
-4
-9
-7
0
5
-1
-6
-11
-13
-15
-11
8
7
0
-10
-15
-15
-19
-13
-5
-2
-10
-21
-25
-26
-18
-13
-9
-7
-15
-24
-28
-21
-14
-16
-11
-14
-16
-22
-23
-17
-9
-2
0
5
8
3
1
3
11
20
22
22
17
13
9
15
25
27
21
10
-3
0
3
2
6
4
-2
-15
-23
-25
-20
-18
-14
-5
-7
-15
-23
-23
-16
-10
-7
-1
1
-8
-12
-10
1
13
16
14
13
1
-4
2
8
13
13
12
10
6
-2
1
5
7
7
2
-2
-6
-5
0
9
9
6
5
7
7
4
7
10
10
8
4
8
8
13
17
16
16
11
6
1
5
11
13
10
8
0
-5
-1
3
5
8
4
-1
-5
-5
4
11
12
7
4
0
1
7
12
16
9
3
1
0
3
4
11
10
5
-3
-5
-5
-3
0
3
1
-6
-16
-18
-12
-9
-9
-12
-14
-18
-22
-24
-15
-10
-13
-14
-16
-14
-12
-9
-1
2
4
2
2
0
2
2
2
9
7
4
0
0
0
0
5
8
10
8
4
4
-1
2
3
5
4
1
-5
-7
-1
2
5
7
4
0
-3
-6
-1
3
4
3
1
-2
-3
-4
-5
1
1
-3
-5
-6
-5
-3
-3
-1
-1
-1
-6
-8
-8
-8
-1
-1
-2
-1
-3
-4
-4
0
1
7
5
3
0
-3
0
4
6
2
1
1
1
2
3
5
6
3
-5
-4
-2
-2
-2
-2
-3
-6
-12
-15
-13
-12
-9
-8
-8
-9
-13
-11
-8
-6
-6
-9
-9
-9
-8
-9
-6
-2
-1
-1
-2
-1
1
5
8
10
11
8
8
5
8
9
11
11
10
8
4
2
7
9
8
5
5
1
-2
-4
-1
2
-3
-5
-9
-10
-8
-7
-3
-3
-5
-10
-7
-6
-4
0
2
4
0
-3
-2
2
6
7
7
6
6
3
4
5
8
8
8
7
4
5
4
7
9
7
6
6
3
1
1
3
4
4
1
0
-1
2
4
4
3
2
1
0
-2
-1
0
1
2
0
0
1
1
2
3
2
2
-1
-1
-2
-1
-1
-1
-2
-4
-4
-5
-4
-1
-3
-4
-5
-6
-4
-4
0
-3
-5
-5
-5
-5
-3
-3
-2
-4
-5
-5
-4
-3
-3
0
2
2
2
1
1
3
2
2
4
3
3
1
0
0
0
1
1
1
0
1
-1
-2
0
-1
0
-1
-2
-1
-4
-4
-2
1
0
0
1
1
3
1
3
3
1
1
-1
1
1
-1
-1
0
2
-2
-2
-3
-3
-2
0
0
-1
-1
-5
-5
-7
-8
-7
-8
-6
-6
-6
-5
-4
-4
-4
-3
-3
-3
-2
-3
-1
-1
0
0
2
4
4
4
5
7
7
6
8
6
6
6
7
8
7
4
4
2
2
2
5
6
4
1
0
1
2
6
6
1
-2
-4
-4
-2
0
0
1
1
-1
-1
-2
-3
-1
2
2
2
1
1
1
2
5
5
3
1
0
0
2
5
5
5
5
5
4
3
5
7
8
7
4
2
2
4
5
6
4
3
2
1
1
0
1
1
0
-1
-2
-3
-3
-1
-1
1
0
-2
-4
-6
-6
-4
-5
-5
-5
-5
-5
-6
-4
-2
-1
-1
-2
-3
-2
-1
1
2
1
1
0
-2
-1
1
-1
0
-1
-2
-2
-2
1
2
2
1
0
-1
-2
-2
-3
-3
-3
-4
-5
-3
-4
-5
-4
-3
-4
-3
-3
-2
-3
-5
-5
-5
-3
0
1
-1
-3
-3
-2
-1
1
1
1
0
-1
-2
-1
1
1
1
1
0
0
0
1
2
1
2
3
0
0
0
1
3
5
4
2
2
1
1
2
3
2
0
-2
-3
-3
-4
-2
-2
-1
-3
-5
-4
-3
-1
0
1
-1
-2
-3
-2
-2
-1
0
0
-1
-1
0
1
2
3
1
1
0
-1
-1
-1
1
1
-1
-2
-2
-2
-1
-2
-1
1
0
-2
-2
-2
-1
2
2
1
-1
-1
-1
0
0
0
1
1
2
3
2
1
0
0
-1
-1
-2
0
-1
-2
0
-3
-2
-2
-1
-1
-1
-2
-2
-2
-1
1
1
1
0
1
1
1
2
3
3
3
4
5
5
6
6
6
6
6
5
4
4
4
4
3
2
2
2
3
4
3
3
3
3
3
3
3
2
3
3
3
3
2
4
5
5
5
5
4
4
3
3
3
2
2
2
3
0
0
-2
-1
-2
-1
0
-1
-1
0
1
1
-1
-2
-3
-2
-4
-3
-1
-2
-4
-3
-3
-1
-1
-2
-2
-2
-3
-3
0
0
0
-1
-3
-3
-4
-4
-3
-2
-2
-4
-6
-5
-5
-6
-4
-2
-4
-6
-7
-5
-5
-3
-3
-2
-3
-4
-4
-4
-3
-2
0
-1
-1
-1
-2
-1
0
1
1
2
1
1
1
0
1
2
3
2
0
1
0
2
3
3
4
3
3
3
3
4
4
4
4
3
2
1
1
3
3
3
3
3
2
2
2
3
2
1
1
0
1
-1
1
1
1
0
1
1
3
3
2
1
3
3
1
0
-1
-1
-2
-1
0
0
2
2
1
-1
0
0
1
0
-1
-2
-3
-2
-2
-3
-3
-1
-1
-1
-1
0
-1
1
1
1
0
-1
-1
-3
-1
-2
0
0
-1
-2
-2
-2
-1
-1
-3
-2
-2
-3
-6
-6
-5
-5
-4
-4
-4
-4
-4
-3
-2
-3
-2
-1
0
-1
0
0
0
0
2
0
2
2
2
3
4
5
5
5
4
3
3
2
2
3
3
2
3
2
2
0
1
2
2
2
2
1
2
0
2
1
1
2
3
2
2
2
2
2
1
1
1
1
2
1
1
-1
-2
-2
-1
0
0
0
0
1
0
2
1
2
3
0
0
1
-1
-1
-1
1
1
0
0
0
0
0
1
3
4
2
3
3
2
2
2
3
2
2
1
2
0
1
1
1
1
0
-1
-1
1
0
1
1
0
0
-1
-2
-2
-1
-1
-1
0
1
0
0
1
0
0
0
0
0
0
0
0
1
0
0
1
1
-1
-1
-1
1
1
0
-1
0
0
1
1
0
1
1
0
0
0
1
1
1
0
0
-2
0
0
-1
-1
-1
-1
0
-1
-3
-4
-3
-3
-3
-3
-3
-2
-1
0
0
-2
-2
-1
-2
-3
-2
-3
-3
-3
-3
-2
-3
-2
-2
-2
-2
-3
-2
-1
0
2
2
1
-1
-2
-3
-4
-1
-1
-1
-3
-3
-2
-3
-2
-2
-1
-1
-1
-1
-2
0
-1
0
2
3
2
1
0
0
1
1
2
2
2
0
1
1
1
0
1
0
0
-1
-1
0
-1
-1
-1
0
1
0
0
-1
-1
-1
0
-1
0
-1
-1
-1
0
1
0
2
2
1
0
0
-1
-1
-1
0
-1
-1
1
1
-1
0
0
-1
0
1
0
0
0
0
0
0
0
-2
-2
-1
-1
0
-1
0
0
1
1
1
0
1
1
1
1
1
0
0
2
2
2
2
2
3
3
3
2
1
4
3
4
4
2
2
2
1
0
1
1
3
2
2
2
2
2
2
0
-1
-1
-2
-1
-2
-2
-2
-3
-3
-1
-1
0
0
0
1
1
1
1
1
1
-1
0
-2
-2
-1
0
0
-1
-1
0
-1
-1
-1
1
-1
-1
-2
-2
-2
-3
-4
-5
-4
-4
-3
-4
-3
-2
-3
-3
-3
-2
0
-2
-2
-1
0
1
1
1
0
0
1
2
2
0
-2
-1
-1
-1
0
-1
-1
1
0
1
1
2
2
1
1
0
0
0
0
0
0
1
0
1
0
1
1
1
2
2
2
2
1
2
2
2
1
1
1
1
1
0
0
0
0
-1
-1
-2
-2
-2
-1
-1
-1
-1
-2
-1
0
0
2
1
1
0
-1
-1
0
0
2
2
1
2
2
2
2
3
5
4
3
3
2
1
1
0
0
0
-1
-1
-2
-1
-2
-2
-3
-2
-1
-1
-2
-1
-1
-2
-2
-1
-3
-3
-4
-3
-2
-2
-1
0
-1
0
-1
0
-1
0
0
0
0
0
1
2
0
0
-1
0
1
2
1
2
2
0
0
0
0
1
0
0
0
-2
-2
-1
-2
-1
-1
0
-2
0
0
0
-2
-3
-2
-3
-1
-3
-2
-2
-2
-2
-2
-2
-2
-1
-2
-2
-3
-3
-2
-2
-3
-1
-1
-1
0
2
1
2
1
1
0
0
1
1
0
1
0
0
-1
-1
0
1
1
0
1
1
0
0
-1
0
0
-1
-1
-2
-1
-1
-1
0
0
0
0
0
1
1
2
1
3
2
4
2
2
3
5
5
5
5
4
3
2
3
3
3
1
3
0
2
1
2
3
3
2
1
1
2
2
2
2
1
1
2
3
3
2
1
1
2
2
2
2
1
1
1
1
2
2
2
2
4
3
2
3
2
2
1
0
1
3
3
4
4
3
2
1
-1
-1
-2
0
-1
-2
-2
-3
-3
-3
-2
-3
-2
-3
-2
-3
-3
-2
-1
-2
-2
-3
-3
-3
-2
-1
-1
-1
-2
-3
-3
-3
-3
-2
-3
-3
-1
0
-1
-2
-2
-2
-2
-1
-1
-1
-1
-1
0
-1
-1
-1
0
-1
0
-1
-1
-1
-1
0
0
0
1
1
1
2
1
0
0
0
0
1
0
0
1
1
1
2
2
2
2
1
0
0
1
2
1
1
2
2
3
3
4
3
4
3
3
4
4
5
4
4
4
5
3
3
3
2
2
2
2
1
0
-1
-1
1
0
0
1
1
2
1
0
-1
-2
-2
-2
-1
-2
-2
-3
-3
-2
-1
-1
-1
-1
-2
-1
0
-2
-3
-2
-2
-1
-1
-1
-1
0
0
0
-1
0
1
0
1
1
0
1
0
0
1
1
1
-1
-1
-2
-1
-1
-2
-2
-2
-2
-1
-1
-2
-2
-3
-2
-3
-3
-3
-1
-2
-2
-3
-3
-3
-3
-2
-2
-1
-2
-2
-1
0
-1
-2
-2
-1
-1
-1
1
0
0
0
1
0
0
0
0
2
2
0
1
0
1
1
1
2
2
1
1
0
1
1
1
1
1
2
2
2
2
2
2
2
2
0
0
0
1
0
-1
-1
-1
1
0
0
0
-1
-1
-1
0
-1
1
1
1
1
0
-1
-1
-1
0
1
1
1
0
-1
0
0
0
-1
-1
-1
-2
-2
-2
-4
-3
-3
-2
-3
-3
-2
-2
-3
-2
-2
-3
-1
-2
-1
-1
0
-1
-1
0
0
0
1
2
1
0
0
0
0
0
0
1
0
-1
0
0
2
1
2
1
2
2
2
3
2
2
3
3
4
3
3
2
1
1
0
1
0
1
0
1
0
-1
-1
0
0
1
0
0
0
0
0
0
-1
0
1
0
-2
-2
-2
-2
-2
-2
0
-1
-2
-2
-1
-1
0
0
0
1
0
-1
-2
-1
0
0
1
1
0
-2
-1
1
0
0
0
0
0
0
1
1
0
0
0
-1
-1
-2
-1
0
0
0
0
-1
0
1
0
1
0
-1
-1
0
0
0
0
1
1
1
1
1
0
1
1
2
0
1
2
1
0
1
1
1
1
0
-2
-1
-1
0
0
1
1
0
1
2
1
1
2
2
2
2
0
0
-1
0
0
0
0
-1
0
0
1
1
1
1
1
1
-1
-1
0
0
0
0
0
-1
-2
-2
-2
-1
0
0
1
-1
0
-1
-1
-1
-2
-2
-3
-3
-1
-2
-1
0
-1
-1
-2
-1
-1
1
2
2
2
0
0
1
1
0
1
1
1
1
0
-1
0
0
0
2
2
2
2
3
2
3
3
1
1
0
1
2
1
0
1
2
3
3
1
0
1
0
0
-1
0
-1
-1
0
0
0
1
1
2
0
-1
-1
-1
-1
-1
-1
-1
-1
0
0
0
0
-1
-1
0
-1
0
1
1
2
1
1
1
1
1
2
2
1
1
3
3
3
3
2
2
2
3
1
0
0
0
0
0
-1
-2
-3
-2
-3
-3
-4
-5
-4
-3
-4
-3
-2
-1
-2
-2
-2
-1
0
0
1
1
0
0
1
0
1
1
1
1
1
2
2
2
1
0
2
1
0
-1
1
1
1
0
1
0
-1
-1
-1
0
0
0
-1
-1
-1
-1
1
1
0
-1
0
0
0
0
0
-1
-1
0
0
-1
-1
-1
0
-1
0
0
1
1
0
-1
0
-1
-1
0
-1
0
-1
0
2
2
2
2
2
-1
0
0
-1
0
0
0
1
1
1
1
-1
0
1
0
-1
0
-1
0
0
0
0
0
-1
0
-1
-1
-2
-1
-2
-3
-2
-2
-1
0
1
0
0
0
-2
-1
0
0
-1
-1
0
1
-1
-1
0
1
0
0
2
2
1
1
1
1
1
1
1
1
0
0
0
-1
-1
-1
-1
-3
-3
-3
-2
-2
-1
-1
-1
-2
0
-1
0
0
-1
0
0
1
1
1
3
3
3
2
1
1
2
3
2
3
3
3
3
3
2
1
1
1
-1
-2
0
1
1
2
1
1
2
1
1
0
-1
1
1
-1
0
0
-1
-1
0
1
0
0
-1
1
1
1
0
1
1
2
3
2
1
1
1
-1
-1
-1
-1
-2
-1
-1
-1
0
2
1
1
0
0
-1
-1
0
1
1
0
0
0
-1
-1
-1
-2
-1
-2
-2
-3
-2
-1
0
1
0
-1
-1
0
-1
0
-1
0
-1
0
0
-1
-1
0
0
-1
-1
-1
-1
0
0
0
0
0
1
-1
0
1
0
0
-1
-1
-2
-1
-1
-2
-2
-3
-3
-1
-2
-2
-2
-2
-3
0
0
0
0
0
0
0
-1
-1
-1
-1
-1
-2
-2
-2
-2
-1
-1
0
1
1
0
1
1
2
2
0
0
1
-1
1
1
0
4
2
1
0
0
0
0
-1
0
0
0
0
-1
-1
-1
-1
0
0
0
0
1
0
0
0
0
1
0
-1
1
2
1
2
1
1
1
-1
-1
-1
0
-1
1
0
0
-1
-1
0
-1
-1
-2
-2
-2
-3
-2
0
0
-1
1
0
-2
-2
-2
-2
-2
-2
-2
-2
-1
-2
-2
-2
-2
-1
-2
-1
-2
-1
-2
-1
-1
0
1
1
1
1
0
0
1
1
-1
-1
0
-1
-1
-1
-3
-3
-2
-1
-1
-1
1
1
2
3
2
4
3
4
2
3
3
3
3
1
3
3
3
4
3
4
3
2
2
1
3
2
1
2
1
1
1
1
0
-1
1
0
0
0
-1
1
0
-1
0
0
-1
-1
-1
-2
-2
0
0
0
-1
0
1
-1
-1
-1
-1
0
0
0
0
-1
1
0
0
1
1
1
-1
-2
-2
-3
-3
-1
-1
0
0
-1
-1
-1
-1
0
1
1
0
0
1
2
2
2
3
1
1
1
0
-1
0
-1
-1
-1
0
0
0
0
-1
0
-1
-1
-3
0
0
-1
0
0
0
0
0
1
0
0
0
0
-1
-1
1
0
0
1
0
1
1
1
1
1
1
1
1
0
0
-1
-2
-1
-2
0
0
-1
-1
0
0
1
1
1
0
1
1
1
1
-1
-1
-2
-1
0
-1
-1
-1
-1
-1
0
-1
0
1
1
0
0
2
1
1
2
3
4
4
3
2
3
3
3
3
1
1
0
1
1
2
2
2
3
2
1
0
-1
-1
-1
-3
-1
-1
0
-1
-1
-1
-1
-1
0
-1
-1
0
1
1
1
1
0
0
1
0
0
0
0
2
4
3
2
3
2
1
1
0
0
1
1
0
0
0
0
-1
-1
-1
-2
-3
-2
-1
-1
0
-2
-2
-1
-1
-2
-1
-1
1
0
-1
-1
-1
-1
-1
0
0
0
-2
-1
-2
-2
-2
-1
0
-2
-2
-2
-2
-2
-2
-2
0
-1
-1
-1
-1
-1
-1
0
1
-1
-2
-1
-2
-1
-1
-1
-2
-2
-2
-3
-1
-2
-1
-2
0
0
1
1
2
2
1
1
0
2
2
2
3
2
3
1
1
2
3
2
2
3
2
2
2
3
3
2
2
2
1
0
-1
0
-1
-1
-2
-2
-2
-1
-1
0
1
-1
-1
-1
-1
-2
0
-1
0
0
1
1
2
2
0
0
-1
0
0
0
-1
-1
-1
-1
-1
-1
-1
-1
-1
-1
0
0
2
1
1
1
0
1
1
-1
0
0
0
1
1
0
-1
0
-2
-1
-2
-1
-2
-3
-3
-3
-2
-3
-1
0
-1
0
-1
-2
-1
-1
-2
0
1
0
-1
-1
-1
0
0
0
0
-1
0
0
-1
-1
0
1
2
1
0
-2
-2
-1
1
1
0
-2
0
0
0
-1
0
0
1
1
0
0
-1
-2
-1
-2
-1
0
-1
-1
-2
-1
-2
-3
-3
-2
-2
-2
-3
-3
-2
-1
0
0
-1
-1
0
0
0
0
-1
1
0
1
1
2
1
1
1
2
1
0
1
0
-1
0
-1
0
0
2
2
2
2
2
2
1
1
1
2
2
2
2
1
2
2
3
3
3
2
2
3
4
4
2
2
1
0
-1
-2
-1
-2
-1
1
2
1
1
1
1
1
0
1
0
-1
-1
0
-2
-2
-1
-1
0
0
-1
0
-1
0
0
0
0
0
0
0
0
1
0
0
-1
-2
-1
0
1
1
1
1
1
1
1
1
1
0
1
0
-1
-2
-1
0
1
0
1
1
0
-1
-1
-1
-1
-2
-1
-1
-2
-1
1
0
1
-1
-1
-1
-1
0
0
1
2
0
1
0
-1
0
1
2
3
1
2
2
0
-1
-1
-1
-2
-2
0
0
0
1
1
0
-1
-1
0
-2
-2
-2
-2
-2
-3
0
0
-2
0
1
1
-1
0
0
0
0
-1
0
-1
0
1
2
1
1
1
1
0
-1
0
0
-1
-2
0
0
-1
0
1
0
1
2
1
2
1
1
1
1
1
-1
1
0
0
-1
0
1
2
2
2
0
0
0
0
0
0
1
2
0
0
0
-1
-2
0
0
-1
-1
0
0
-1
0
0
0
0
1
1
-1
0
0
0
0
1
0
-1
-1
0
-1
0
1
0
0
1
1
1
2
0
1
1
1
1
1
1
1
1
2
1
1
2
1
1
2
1
1
0
1
-1
0
1
0
-1
-1
-2
-4
-3
-2
-3
-2
-3
-3
-2
-1
0
1
1
1
2
1
0
0
1
0
0
0
1
1
1
1
0
0
1
2
2
0
0
-1
1
2
0
-1
0
-1
-1
-1
-2
-1
-2
-1
-1
-1
-1
-1
0
-1
-2
-2
-4
-4
-3
-2
-2
-2
-1
-1
-1
0
1
0
-1
0
0
0
0
1
2
2
2
2
3
2
3
1
1
1
1
1
1
1
1
0
1
1
-1
1
-1
-1
0
1
1
0
1
1
0
-1
-3
-4
-3
-2
-2
-3
-3
-2
-1
0
0
0
1
1
0
0
-1
-2
-2
-1
-1
-1
-1
-3
-1
0
0
0
0
1
0
0
0
0
-1
-1
0
0
-1
0
0
0
2
1
2
2
2
3
3
2
2
1
1
2
0
1
1
2
2
3
3
1
1
0
0
0
1
0
0
1
1
1
0
0
-1
-1
0
1
1
2
1
1
0
1
0
1
1
2
2
2
1
2
2
2
2
1
2
2
2
2
2
1
0
0
2
2
2
2
2
2
2
1
0
1
1
1
1
0
-1
0
0
0
-1
-2
-3
-2
-3
-2
-2
-1
-2
-1
-2
-1
-2
-1
-1
0
0
-1
-1
-2
-2
-2
-2
0
0
0
0
-1
0
0
0
0
1
1
2
2
2
2
1
2
2
0
2
1
1
1
0
-1
0
-1
0
-1
0
1
0
0
0
1
1
0
0
0
-1
-1
-1
-1
-1
-2
-2
-1
-2
-2
-1
-2
-2
-1
0
0
1
0
-1
0
-1
0
0
1
0
1
0
0
0
-1
-2
-1
-2
-2
-1
-1
-1
0
-1
-1
-1
-2
-2
-1
-2
-2
-2
-2
-1
-1
-2
-2
-2
-2
-2
-1
-2
-1
-1
0
1
1
2
2
1
1
2
2
0
0
0
0
0
-1
0
-1
0
0
0
-1
-1
0
1
0
0
-1
0
0
1
1
0
0
2
2
2
2
2
1
1
1
2
2
2
2
1
1
1
0
0
1
1
2
2
1
1
1
1
0
0
1
2
0
0
0
0
1
1
2
2
2
1
0
0
1
-1
0
0
1
0
0
2
0
1
0
0
-1
-1
-1
-2
-1
0
0
1
1
0
0
0
1
-1
-1
0
1
1
1
1
0
0
1
0
0
0
0
0
0
-2
-3
-1
0
-1
-1
-3
-1
-3
-4
-4
-4
-4
-3
-2
-3
-4
-4
-3
-1
-2
-2
-1
-2
-1
0
1
2
1
1
0
-1
-1
-2
-2
-2
-1
-1
0
0
-1
0
0
1
-1
0
0
-2
-2
-1
-1
0
0
0
1
-1
-1
0
1
0
-1
0
0
1
0
-1
-2
-2
-2
0
1
0
0
-1
-2
-2
-2
0
-1
-1
-1
-1
0
0
-1
-1
-1
-2
-1
1
1
1
1
1
2
4
4
4
3
2
3
3
1
1
0
0
0
0
1
1
0
0
1
1
1
1
1
-1
0
0
1
1
0
-1
-2
-1
-1
0
0
0
1
2
2
1
2
3
3
4
4
3
4
4
4
4
3
2
2
1
1
2
2
1
2
1
0
0
0
0
-1
-1
-1
0
-1
0
0
-1
0
1
1
0
0
0
-1
-2
-1
-2
-2
-2
-2
-1
0
0
0
-1
-1
0
0
0
-1
-1
1
0
-1
0
0
-1
-1
-2
-2
-1
-1
-1
-1
-1
0
0
0
-1
-2
-3
-2
-3
-3
-2
-1
-1
0
0
1
2
2
2
2
1
0
0
0
0
1
1
2
2
1
-1
-1
-1
-1
-1
1
0
-2
-1
-1
-3
-1
-1
-2
-2
-1
-1
-1
-1
-1
-1
1
-1
0
0
0
1
1
2
2
2
2
3
2
2
2
0
1
1
0
-1
0
0
1
1
1
2
2
3
1
1
2
3
2
2
2
3
2
2
2
2
3
2
2
2
0
-1
0
2
0
1
0
-1
-1
-1
2
0
-1
-1
-1
-1
-1
0
0
0
1
1
1
-1
1
1
1
1
1
1
0
0
0
-1
-1
0
-1
0
0
1
-1
0
0
-1
0
-2
-1
-1
-1
0
0
0
-1
-1
-2
-2
-2
-3
-3
-3
-4
-3
-3
-3
-2
-2
-3
-3
-3
-3
-1
-2
0
-1
-3
-2
-3
-2
-3
-2
-2
-2
-2
-1
-1
-1
-1
-2
-2
-1
-1
-1
-1
0
0
0
0
0
1
2
1
1
1
0
0
0
0
1
0
0
1
0
1
1
0
0
2
3
2
1
-1
0
1
2
1
1
-1
0
-1
-2
-3
-1
-2
0
-1
0
0
0
0
0
0
0
-1
-2
-2
-3
-2
-1
-2
-1
-1
0
0
0
-1
-1
-2
-1
0
0
0
0
-1
-1
-2
-2
-2
-1
-1
1
0
1
1
0
0
0
0
0
1
1
2
3
2
2
2
2
2
2
0
0
2
1
2
2
3
3
1
3
1
1
1
1
1
1
1
1
1
1
2
2
0
-1
-1
-1
-1
0
0
1
1
1
1
2
1
1
1
1
1
0
-1
-2
-1
-1
1
-1
-1
-1
-2
-1
-1
-1
1
0
1
1
0
0
1
1
1
-1
-1
-1
-1
-2
-3
-2
-1
-1
-2
-2
-1
-1
0
1
2
2
3
4
4
4
5
6
4
4
4
5
4
3
2
2
1
2
2
2
2
1
2
0
-1
0
-1
-1
0
0
1
1
0
0
0
-2
-2
-1
0
-1
-1
0
-1
0
0
2
2
0
1
1
1
0
0
0
0
1
0
-1
0
0
0
0
0
1
1
1
2
2
3
3
3
1
3
0
0
0
-1
-1
-1
-1
-1
-1
-2
-2
-1
-1
-1
-1
-1
-2
-3
-3
-4
-4
-3
-3
-2
-2
-3
-3
-3
-2
-4
-2
-3
-3
-3
-4
-4
-3
-2
-1
-1
-2
-2
-1
-2
-1
-1
-3
-2
-3
-3
-2
-2
-2
-1
-1
-1
0
0
0
2
1
2
2
1
2
1
0
1
0
-1
-2
-1
0
0
-1
-1
-1
0
0
0
1
0
1
2
1
1
1
1
1
-1
-1
-2
-2
-2
-2
-1
-1
-2
-3
-1
-1
-1
0
0
1
0
-1
0
1
1
0
-1
-1
0
0
1
1
0
2
2
2
0
0
0
1
2
4
3
2
2
1
3
5
4
5
5
4
4
3
3
2
1
1
1
1
0
1
1
0
0
1
1
2
1
1
3
2
1
2
1
1
1
0
0
-1
-2
-2
-1
-1
-1
0
-1
-1
0
0
0
1
1
0
0
0
-1
0
0
0
1
0
-1
-2
-1
-2
-3
-1
-2
1
1
1
1
1
1
1
-1
0
0
-1
0
-1
-1
0
-1
-1
-1
0
0
1
1
0
1
2
1
0
-1
-1
-1
-1
0
0
0
-1
0
-2
-2
-1
-1
-1
0
-1
-2
-2
-2
0
0
0
0
1
1
1
1
0
1
1
0
-1
-2
-2
-1
-2
0
-1
-1
-1
0
0
0
0
1
1
2
2
2
2
1
1
1
2
3
3
3
3
3
2
0
0
1
1
0
0
0
1
1
0
2
2
2
2
2
1
2
2
1
2
0
-2
-2
-2
-1
0
0
-1
-2
-3
-2
-2
-3
-3
-2
-3
-3
-3
-3
-3
-2
-1
-3
-2
-3
-1
0
0
1
0
0
1
1
2
0
0
-1
0
0
1
1
0
0
1
2
4
3
2
1
1
2
1
2
0
0
-2
-2
-2
-2
-1
-1
-1
-1
-1
-1
0
2
2
2
1
0
1
2
2
0
0
0
0
-1
-1
0
0
1
0
1
1
0
2
0
0
-1
-1
-2
-3
-2
-1
-1
-2
-1
0
-1
0
0
-1
-1
0
-1
-2
-1
-1
0
1
1
1
1
0
2
1
1
0
-2
0
0
-1
0
1
1
1
0
0
0
-1
0
-1
1
0
1
1
0
-1
0
1
1
1
1
0
1
0
-1
-2
-2
-1
0
1
1
2
2
3
2
2
3
3
3
2
1
1
1
2
3
3
2
2
2
2
2
2
0
0
0
0
0
-1
-1
-2
0
-1
-1
-1
-3
-4
-4
-3
-2
-3
-4
-2
-2
-2
-3
-2
-2
-3
-1
-1
-1
-1
-1
-1
0
-2
-2
-2
-2
-2
-1
0
0
-2
-1
-1
0
-1
-1
0
0
1
1
0
-1
-1
-1
-1
-1
0
0
1
2
1
1
0
0
1
0
1
2
2
3
3
3
1
2
2
1
0
-1
0
-2
-1
-1
0
0
0
2
2
2
0
-2
-2
-1
-1
0
0
0
1
2
3
1
2
2
1
1
0
-1
-1
-1
-1
-1
0
0
1
0
0
1
1
2
1
0
-1
0
0
-1
0
0
1
0
2
1
1
-1
-3
-3
-4
-4
-4
-3
-3
-2
-1
-2
-1
-1
-2
-2
0
0
0
0
-1
-2
-1
0
1
1
1
-1
1
0
1
1
1
0
2
2
2
0
0
1
2
1
1
0
1
1
1
1
0
1
1
1
0
-2
0
1
1
1
1
0
1
0
0
0
0
0
1
1
1
0
2
2
3
4
3
3
2
2
2
0
0
1
0
0
0
-1
-1
-1
-1
0
-1
-1
1
1
1
-1
-1
-1
0
0
-1
-1
-2
-2
-1
-2
-1
0
0
0
1
2
2
2
1
2
1
1
2
0
1
3
2
2
2
2
2
0
-1
-1
-1
0
2
2
0
1
0
0
-1
0
-1
-1
-1
-1
0
-1
-1
-1
0
2
2
1
0
0
1
2
1
0
-1
-1
-1
-1
0
-1
-2
-1
-1
-1
-1
-1
1
1
0
-1
-2
-1
-2
-3
-2
-2
-1
0
0
0
0
2
2
2
1
2
1
1
1
1
0
0
0
-1
-1
-2
-3
-3
-3
-3
-1
-1
-1
-3
-1
1
2
1
1
1
1
2
3
2
3
4
3
4
5
3
1
2
2
2
3
1
2
2
3
3
2
1
1
0
-1
0
-2
-2
-2
-2
-1
-1
-1
-1
-1
-1
-2
-1
-1
0
0
0
0
-1
-3
0
-1
-1
-1
0
0
0
-1
-1
-1
-1
-2
-1
-2
-2
-3
-2
-2
-3
-2
-2
-1
-1
0
0
1
1
-1
0
-1
-1
-1
-3
-3
-3
-2
-1
0
1
-1
-1
-1
-2
-2
0
-1
0
-1
-2
-2
-3
-2
0
0
-1
-1
0
2
0
0
0
0
0
0
-1
-1
1
0
1
0
2
2
1
1
1
1
1
1
1
1
0
0
2
1
2
2
0
-1
1
1
1
1
1
3
2
3
2
3
2
0
0
-1
-1
0
0
0
0
0
1
1
1
1
1
0
-1
0
0
-1
-1
-1
0
-1
0
-1
-2
-2
-2
-2
-1
-1
-2
-2
0
-1
1
1
1
1
1
0
0
0
-1
0
1
0
0
0
0
-1
-1
-2
-2
-2
0
0
0
0
1
0
-1
0
0
0
-1
-1
-1
-2
-1
-1
-1
-1
0
0
0
-2
-3
-3
-2
-3
-4
-2
-2
-2
-1
-1
0
-1
1
0
1
0
2
2
1
1
-1
-1
-2
-1
0
0
0
0
1
1
1
0
-1
-1
0
2
2
1
1
0
0
0
2
0
0
0
-1
-1
0
1
1
0
0
1
1
0
0
0
1
0
0
1
0
-1
-1
-1
-1
-1
0
0
0
0
0
-1
0
0
1
0
-1
0
1
1
1
2
1
1
0
0
1
2
2
2
1
1
1
1
1
1
1
1
2
0
2
0
-1
-1
-1
0
-1
-1
-1
-2
-3
-2
-1
-1
0
1
2
1
1
1
1
0
1
1
1
1
1
1
1
1
2
2
2
2
2
3
0
1
1
0
-1
0
-1
0
0
-1
-1
0
-2
-1
-1
-1
-1
-2
-1
-2
-1
-1
0
-1
1
1
2
2
0
0
1
1
2
1
2
2
2
3
4
4
4
4
4
3
2
1
1
1
2
2
1
2
2
2
2
3
2
2
2
1
2
0
1
-1
0
-1
-1
-1
0
-2
-1
0
-1
-1
0
0
1
0
-1
-1
0
0
0
-1
-2
-3
-2
-2
-2
-2
-2
-2
-2
-3
-2
-1
-1
-1
-2
-2
1
1
1
2
1
0
2
1
1
2
1
1
1
1
0
1
-1
0
0
0
0
-1
0
-2
-1
-1
-2
-1
0
0
0
0
1
1
1
1
0
0
0
1
1
1
0
-1
-1
0
-1
-1
-1
-2
0
2
1
1
1
1
0
0
1
1
1
0
0
-1
1
0
0
0
-1
-1
0
0
0
-1
0
-1
-2
-1
-3
-2
-2
-1
-1
-2
-2
-2
-1
-2
-2
-4
-3
-3
-3
-4
-2
-3
-1
0
1
0
0
0
-1
1
1
1
1
0
0
-2
-1
-1
0
-1
0
0
1
0
1
1
1
0
1
1
1
0
0
0
0
-1
-1
0
-1
-2
-2
-1
0
-1
-2
-2
-1
-2
-2
0
0
-1
-2
-2
0
-2
-1
-1
0
0
0
0
-2
-1
-3
-2
-1
-1
-1
-2
-2
-1
-1
-2
-1
0
0
0
0
0
-1
-1
0
-2
-2
-1
-1
0
0
0
0
0
-1
-1
1
0
1
1
1
0
1
2
1
0
-1
-1
-2
0
1
1
1
1
1
1
1
1
1
0
2
3
1
0
0
0
0
-1
-1
0
1
1
3
4
4
4
3
3
0
1
2
1
1
1
1
2
1
2
2
2
2
2
1
0
-1
-1
0
-2
-1
-1
0
-1
-1
0
0
0
0
0
1
1
1
3
2
1
1
1
1
1
1
1
0
-1
1
0
0
1
-1
-1
-1
0
-1
-1
-1
1
0
0
0
-1
-1
-2
-1
-2
-2
-3
-3
-3
-1
-1
-1
-1
-1
0
0
1
0
1
1
1
1
1
1
2
3
2
1
2
1
2
2
1
1
-1
1
1
1
0
0
0
0
0
0
-2
-1
0
-2
-3
-1
0
-1
0
-2
-2
0
-1
-1
-2
-3
-3
-2
-1
0
0
1
1
1
1
0
-1
0
-1
-1
-1
-2
-1
-2
-1
0
0
0
0
1
1
1
1
1
0
0
1
0
1
1
2
2
1
2
2
2
3
1
2
2
2
2
3
3
1
1
3
3
4
4
3
4
3
3
2
2
1
0
0
0
0
0
0
-1
1
0
0
-1
-2
-1
0
0
-1
-1
-2
-2
-1
-2
-3
-2
-2
-3
-2
-3
-3
-2
-3
-4
-2
-2
0
-2
-1
-2
-2
-2
-3
-2
-2
-3
-3
-3
-3
-5
-4
-4
-3
-3
-4
-3
-4
-4
-3
-3
-3
-2
-1
0
1
1
0
-1
-1
-1
0
0
0
0
-2
-2
-2
-1
-2
0
1
0
0
0
0
-1
1
0
1
-1
-1
0
0
1
1
1
1
1
0
-1
-1
-1
0
0
0
0
0
0
0
-1
0
0
-1
0
1
3
1
2
1
0
0
1
0
2
1
1
2
3
4
4
4
3
2
5
5
3
3
2
3
3
2
3
3
1
2
2
3
2
2
2
2
3
3
4
2
3
2
3
3
3
2
2
1
1
1
1
2
1
2
1
0
0
1
1
1
0
-1
-1
-2
-1
0
-1
0
-2
-1
0
-1
-1
-1
0
0
1
2
1
3
3
2
1
1
1
1
0
-1
-1
-1
-3
-2
-2
-1
-1
-1
0
0
-1
-1
-2
-1
-1
-1
-1
-3
-3
-2
-2
-1
-1
-2
-2
-1
-3
-2
-1
-1
-1
0
-1
0
0
-1
0
0
-2
-3
-2
-2
-2
-1
-2
-2
-1
-1
-2
0
-1
-1
-1
-2
-1
-1
0
-1
-2
-2
-2
-2
0
0
0
-2
-1
-1
0
2
0
-1
0
1
1
1
2
3
4
3
3
3
3
5
4
4
3
3
4
5
4
3
3
2
1
0
1
1
0
0
0
0
0
-2
-1
0
-1
1
1
0
-1
-1
-2
-1
-1
-1
-3
-2
-2
0
0
1
0
1
1
1
0
-1
-1
-1
-1
-1
-1
0
-1
-2
-2
-1
-1
-2
-1
-1
0
-1
-1
-2
-2
-1
-1
0
-1
-2
-1
-1
0
0
0
1
1
2
0
1
2
2
2
1
0
0
0
0
1
1
1
1
0
0
0
-1
1
0
-1
0
-1
-1
-1
0
0
0
1
1
0
-1
1
0
-2
-2
-1
-2
-2
-3
-3
-3
-2
-2
-1
-3
-1
0
-1
-1
0
0
-1
0
0
-2
0
0
-1
-1
-1
-2
-1
-1
-2
0
1
0
1
1
2
2
2
2
2
2
2
2
2
0
1
1
0
3
2
1
1
2
2
1
0
0
0
-1
-1
0
-1
-3
-3
-2
-2
-2
-3
-3
-3
-3
-3
-2
0
0
-1
0
0
-1
-1
-1
-1
0
-1
0
0
0
-1
0
-2
-2
-2
-2
-2
-2
-2
-2
-1
0
0
0
0
-1
-2
0
0
0
1
1
1
1
2
2
2
3
4
3
3
1
1
0
2
1
2
3
3
3
3
3
2
0
1
1
1
1
2
1
0
2
0
0
0
-2
-2
-2
-2
-3
-1
-2
-1
-1
-2
-2
-1
-1
-1
-2
-2
-1
-1
-1
-2
-2
-1
-1
-1
-1
1
-1
-1
0
0
1
1
0
1
1
2
1
0
1
0
2
1
1
2
0
2
1
0
-2
-3
-1
0
-1
-1
0
1
1
3
2
1
2
1
1
-1
0
0
-1
-1
-2
-3
-2
-1
0
0
0
1
-2
-2
-2
-1
-2
-2
-2
-2
-1
-2
-1
-1
-2
-1
-1
-1
-1
-2
-1
0
0
-1
0
0
0
1
1
1
2
2
2
3
3
3
2
2
2
2
1
2
2
3
2
1
1
0
1
1
0
-1
0
1
-1
1
0
1
2
1
1
2
0
1
0
-1
0
-1
-1
-1
-1
-1
-2
-1
-1
-1
-2
0
0
-1
-1
-1
0
0
0
1
0
0
0
-1
-1
-1
-1
-3
-4
-3
-1
-2
-1
-1
-1
0
0
1
0
0
0
0
1
-1
0
1
1
1
1
0
0
1
0
0
0
0
1
0
1
1
1
1
0
2
1
1
0
0
0
0
-1
-1
-1
0
-1
-1
-1
0
-1
0
0
1
1
1
1
1
2
1
1
1
0
-1
-2
-2
-1
-1
-1
0
0
-1
-1
-2
-2
-3
-2
-1
-2
-1
0
0
1
1
2
1
0
0
0
0
0
-1
1
2
1
1
1
2
3
2
1
2
2
1
1
1
2
1
-1
0
0
-1
0
0
1
-1
-1
-1
-1
-1
0
1
2
1
0
0
0
0
-1
-1
0
0
0
0
-1
1
0
0
1
2
2
2
2
1
2
1
2
2
2
1
1
0
0
0
1
3
2
2
2
3
3
2
1
1
1
1
1
1
1
2
3
3
2
1
2
2
1
1
1
1
0
1
0
-1
0
0
0
-1
-1
-2
-1
0
1
1
1
-1
-2
-1
-1
-2
-2
-3
-4
-3
-3
-2
-2
-1
0
0
-1
-3
-4
-3
-3
-3
-3
-4
-3
-3
-2
-3
-2
-2
-2
-1
1
-1
-1
-2
-1
0
-1
-1
-1
-1
-1
-1
0
1
0
1
1
0
1
1
1
1
0
1
1
-1
0
0
-1
0
1
0
0
0
-1
0
-1
-1
0
-2
-2
-2
-1
0
2
2
2
1
1
1
0
0
1
1
1
0
0
0
1
1
0
1
1
1
0
0
-1
-2
-1
-2
-2
-3
-3
-2
-3
-2
-2
-2
-2
-2
-2
-2
-2
-3
-1
-2
-3
-2
-1
0
0
0
-1
2
2
3
2
2
1
1
1
2
2
3
3
1
2
2
2
3
2
2
1
2
2
2
1
0
-1
-1
0
-1
0
0
-1
-1
-2
-2
-3
-2
-2
-1
-1
-1
-2
0
0
0
0
1
2
2
2
2
2
2
2
3
1
1
2
1
2
1
2
2
2
2
2
2
1
1
1
2
2
1
3
2
2
1
2
3
3
2
2
2
1
0
0
0
-1
-1
-1
-2
-2
-1
-1
-1
-1
-1
0
0
-1
1
0
0
-1
0
0
-1
0
0
-1
-2
-2
-1
0
-1
0
1
1
1
1
0
-1
0
0
1
1
1
1
0
0
0
-2
-1
-2
-3
-2
-1
0
1
1
2
0
0
0
-1
0
-1
-1
-1
0
2
1
0
0
-1
0
0
-2
-2
-2
-2
-1
-1
-1
-1
-1
0
0
0
-2
-2
-4
-4
-2
-2
0
0
-1
-1
0
0
0
1
1
0
-1
0
-1
0
0
0
-1
-2
-2
-1
0
0
1
1
1
1
1
1
1
0
-1
1
-1
0
0
0
0
0
1
0
0
0
-1
0
0
0
0
2
0
0
0
0
0
0
1
0
0
-1
0
-1
1
1
1
1
1
1
1
1
0
0
0
1
0
1
1
2
1
1
0
-1
-1
-1
-1
-1
0
-1
0
0
1
2
1
0
1
0
1
0
1
1
0
0
0
-1
-2
-2
-1
-2
-2
-1
0
-1
0
1
-2
-1
-1
-1
-1
-2
-3
-1
-1
-1
0
1
1
1
0
0
0
0
1
0
-1
1
-1
0
1
1
1
1
1
2
1
2
0
0
0
-1
-2
-1
-2
-1
0
-1
0
-2
-1
0
-1
-1
-1
-1
-1
-1
-1
-1
-1
0
-1
0
0
0
1
0
0
0
0
-1
0
0
0
0
0
1
0
-1
-1
-2
-3
-2
-2
-1
-2
-1
0
1
1
0
-1
-1
1
1
1
0
-1
-1
0
0
0
0
0
1
1
1
-1
-1
-1
0
-1
-2
-2
-1
-2
-2
-2
-3
-3
-2
-1
-1
0
0
2
2
2
2
2
2
3
3
2
1
1
1
0
1
1
1
0
0
0
0
1
1
1
2
1
0
0
0
1
1
1
2
1
1
2
1
3
2
2
2
3
3
2
2
1
1
1
1
1
2
3
1
2
2
2
2
1
2
2
2
2
2
3
1
2
1
0
1
0
-1
0
-1
-1
0
1
1
1
1
1
1
0
1
0
-2
-2
-2
-1
-2
-2
0
0
-1
-1
-2
-2
-1
-2
-2
-1
-1
-1
-1
-1
-1
-1
-2
-1
-2
0
-1
-2
-1
-1
0
0
0
0
0
-1
0
-1
0
-1
0
0
-1
-1
-2
-2
-2
-3
-2
-1
-1
-2
-1
-1
0
1
2
2
1
1
1
0
1
1
2
2
1
1
2
2
1
1
1
1
1
2
2
1
1
1
0
1
0
-1
-1
-1
-2
-3
-2
-2
-1
-1
0
-1
-1
0
1
0
1
0
-1
0
-1
1
1
1
0
0
1
2
2
1
2
1
1
0
0
1
1
2
1
3
1
2
1
1
0
-1
-1
0
0
0
1
0
0
0
-1
2
0
1
0
0
0
0
0
0
0
-2
0
0
-2
-2
-1
-2
-2
-3
-3
-4
-3
-2
-2
-2
-3
-2
-1
-3
-3
-3
-2
-1
-1
0
-1
-2
-1
-2
-3
-3
-2
-2
-3
-4
-3
-3
-3
-2
-2
-1
-2
-1
0
0
-1
0
0
0
1
1
1
0
0
1
2
1
2
1
0
-1
-1
0
0
2
1
0
-1
-1
-1
0
0
1
0
0
2
2
2
2
2
2
2
2
2
2
2
2
2
1
1
1
1
0
1
2
2
2
2
3
2
2
1
0
-1
0
0
0
1
2
1
0
1
1
1
1
0
1
2
1
1
1
-1
0
0
-1
-2
-2
0
0
1
1
0
0
0
0
2
3
2
2
1
1
1
0
-1
0
0
-1
0
0
-1
-1
-2
-1
-2
-1
-1
-1
-1
-1
-2
-2
-3
-2
-1
-1
-1
1
1
0
-1
0
0
0
0
-2
-2
-2
-1
0
-1
-1
-1
0
-1
-3
-4
-2
-3
-3
-3
-1
0
1
2
3
3
2
2
3
2
1
0
-1
-1
0
-1
0
0
0
1
1
0
1
0
-1
-1
-2
0
0
1
1
1
0
0
0
1
0
2
2
2
2
1
0
0
0
0
1
0
0
0
0
0
-2
-2
-3
-1
1
0
0
0
1
-1
0
-1
0
1
0
-1
0
0
-1
-1
-2
-2
-3
-1
-1
1
0
0
1
1
1
2
2
2
3
2
2
3
3
2
1
2
0
1
2
1
3
4
4
2
1
1
1
1
1
1
1
2
2
1
1
1
1
2
1
1
1
1
1
0
1
0
0
-1
-1
0
-2
1
-1
-2
-2
-2
-3
-2
-2
-2
-1
-1
-1
-1
-1
-3
-4
-4
-3
-2
-2
-2
-1
-2
-2
-2
-3
-2
-2
-1
0
-2
0
1
0
0
0
0
0
0
1
1
1
0
-1
1
0
0
0
0
0
0
-1
0
0
-1
1
1
0
1
0
1
0
0
0
1
2
2
1
0
0
1
2
1
1
0
1
0
0
0
-1
-1
-1
-1
-1
1
1
-1
0
0
1
0
0
-1
-1
-1
0
0
-1
1
0
0
0
0
0
0
-1
0
0
1
1
0
0
0
0
-1
0
2
1
1
1
1
0
1
2
0
-1
-2
-1
-2
-1
-2
-2
-2
-3
-2
-2
-3
-2
-1
0
0
0
-2
-1
-1
-1
-1
0
-2
-3
-2
-3
-2
-3
-2
-2
-1
-2
0
-1
0
0
0
0
-1
-1
-2
-1
0
1
0
0
1
1
1
0
2
1
1
2
2
2
2
2
1
1
2
2
1
1
1
0
0
0
0
2
3
3
4
3
2
3
2
2
3
2
1
1
1
2
3
3
2
1
0
2
0
-1
-1
-1
-2
-1
-2
-1
-1
0
0
1
1
0
0
1
2
1
2
1
0
1
1
0
0
1
-1
0
-2
-2
-2
-2
-1
-2
-1
-1
-2
-2
-2
-1
-2
1
-1
-1
-1
-2
-2
-1
-1
-2
-1
-2
-1
0
-1
-1
0
-1
-1
-2
-3
-3
-2
-2
-1
0
-1
-1
-1
1
1
-1
0
0
0
0
0
-1
-1
-1
-1
-1
-1
-2
-1
-1
0
0
0
1
1
1
-1
-2
-3
-4
-4
-1
-1
-1
-2
-1
1
1
2
0
1
1
1
2
2
1
2
2
2
1
1
2
1
2
3
2
4
2
2
1
1
2
2
1
1
1
2
0
0
0
0
0
-1
0
-2
-2
-1
-1
-1
-1
-1
0
-1
-3
-1
-2
-2
-2
-3
-3
-2
-2
-1
-2
-2
-2
-3
-3
-4
-3
-2
0
0
-1
1
0
0
0
1
1
0
0
0
0
0
0
2
0
0
1
1
1
2
2
2
3
3
3
4
3
2
2
1
2
1
2
2
2
3
3
3
2
5
3
3
3
2
1
1
1
1
0
0
0
2
2
2
1
1
1
0
1
-1
-1
-1
-1
0
0
-1
-2
-1
0
-1
0
-2
-2
-2
-2
-2
-2
-2
-1
-2
-2
-1
0
-1
0
0
-2
-1
0
0
1
1
1
1
1
1
2
1
2
3
1
0
1
-1
0
-1
-1
-2
-2
-2
-3
-1
0
0
0
1
1
2
2
0
1
0
0
0
-2
-2
-2
-2
-2
-3
-3
-3
-3
-2
-1
0
1
1
-1
-1
-1
-1
0
-1
0
0
-1
-1
0
-1
-2
-2
-2
-1
-2
-2
-2
-2
-1
0
0
-1
1
1
1
1
2
1
1
1
0
0
1
0
1
1
0
1
0
1
1
1
2
2
2
1
1
1
0
0
-1
-1
0
0
0
1
-1
-1
0
2
3
3
2
3
4
2
2
3
2
3
5
4
3
3
4
4
3
3
2
2
2
2
1
0
-1
0
-1
-1
-1
-1
0
-1
0
0
0
0
1
0
0
0
1
0
0
1
1
1
1
2
2
0
-1
-1
0
1
1
0
-2
-1
-1
-1
-1
-1
0
0
-1
0
-1
-1
-2
-2
-2
-3
-2
-3
-3
-3
-3
-3
-3
-3
-1
-1
-1
-1
0
-1
-1
-2
-2
-2
-2
-3
-2
-3
-3
-2
-3
-1
-2
-1
-1
-1
-1
0
0
1
0
0
0
-1
1
0
-1
-1
0
0
-1
-1
0
-1
-1
-1
-1
-1
0
0
0
0
0
0
0
0
0
-1
-1
-1
-1
1
0
0
1
1
1
1
2
2
3
2
1
1
1
1
1
2
1
1
0
1
3
3
3
3
3
2
2
1
1
1
1
0
0
1
1
0
1
0
1
0
0
0
0
1
0
0
1
1
2
2
2
1
1
1
0
0
-1
0
-1
-1
-2
-1
0
-1
-2
-1
-1
-1
-1
-1
-2
-2
-1
-2
-2
-2
-1
-1
-1
-1
-1
-1
-1
0
0
1
1
0
-1
0
-1
-3
-2
-2
-1
-2
-2
-1
1
1
0
0
-1
-1
1
1
1
1
1
1
1
2
2
3
2
2
2
1
1
2
1
2
1
0
1
1
0
1
0
0
0
-1
-1
-1
-2
-2
-2
-1
-1
0
0
-1
0
0
0
0
-1
0
-1
0
1
1
0
0
0
-2
-1
-2
-2
-1
-1
-2
-2
0
1
0
0
0
0
0
1
1
1
1
2
3
3
3
4
1
1
1
0
1
1
0
0
0
0
1
1
1
0
-1
-2
-2
-3
-4
-3
-2
-1
-2
-2
-3
-4
-1
-1
0
0
0
0
2
1
0
2
2
1
2
1
1
0
-2
-3
-1
-3
-2
-1
-1
2
1
1
0
0
-1
-2
-2
-2
-3
-4
1
-4
-1
1
-4
-1
0
-3
-2
0
0
0
1
-1
3
0
-1
6
-1
-2
3
0
1
4
4
5
6
1
7
4
-1
7
3
3
1
0
2
2
-1
2
3
1
4
5
3
2
2
1
0
1
0
0
2
-3
0
6
-3
5
8
-4
1
3
0
2
1
-2
5
-1
-3
3
-8
-5
0
-10
-6
-1
-8
-4
1
-7
-2
2
-4
-3
0
-5
-6
-5
-1
-3
-5
2
-3
-2
-4
1
0
-5
-3
5
-6
-6
1
-8
-10
-4
-4
-6
-2
-2
-3
-1
-2
-3
5
1
-3
7
-2
-3
5
4
0
6
-2
-1
3
-5
3
3
-4
8
3
-7
7
1
-6
12
6
1
7
-1
4
4
-2
5
-1
-7
6
0
-5
4
1
-3
-1
-3
-2
3
-8
1
5
7
-10
3
11
19
-24
4
97
-112
-2
151
-120
-28
159
-100
-8
107
-102
103
-43
-106
235
-149
-120
296
-180
-121
286
-164
-78
206
-130
-20
108
-97
29
31
-53
37
-12
-20
28
-21
0
25
-34
21
21
-47
36
20
-38
27
14
-35
15
12
-29
15
0
-11
10
-16
7
6
-13
14
3
-10
14
-3
-5
12
-14
2
15
-20
3
11
-24
8
4
-14
7
-5
-9
7
-14
-3
10
-19
3
12
-17
1
5
-12
3
-5
-11
3
-8
-10
7
-8
-14
5
-10
-9
5
-4
-10
-1
-3
-8
-4
-1
-3
-5
3
5
-5
4
6
-6
4
3
-3
-1
8
0
3
7
-4
8
-2
-2
8
-9
-4
8
-11
1
14
-21
5
18
-22
9
16
-18
3
10
-15
-1
5
-9
-5
6
-2
-2
8
-7
-4
4
-6
-5
2
-5
-5
2
-5
-1
-3
-3
3
-5
5
2
-3
5
5
-6
2
11
-1
7
8
-1
7
6
3
10
4
3
9
-1
1
6
-3
4
6
-2
3
4
3
4
7
13
-1
5
14
-11
5
12
-10
2
17
-5
11
10
-1
6
-3
0
6
-8
-3
6
-11
0
0
-10
-1
-6
-7
8
0
-6
11
-2
-10
1
-4
-7
1
3
5
2
-3
2
-2
-7
-1
-5
-5
-9
-6
5
-13
-11
7
-15
-15
12
-11
-15
9
-9
-12
5
-5
-7
-4
-4
-2
-12
-2
4
-11
3
7
-14
5
7
-13
12
3
-12
13
-2
-12
9
2
-8
9
5
0
4
5
5
-2
4
3
-2
6
2
1
5
-3
-5
-5
-8
-9
-7
-2
-6
-8
-3
-4
-7
-4
-3
-10
-7
-1
-4
-4
3
2
-2
-1
4
-1
-6
4
4
-13
18
7
-24
25
5
-17
22
-2
-6
18
-12
13
19
-35
31
14
-38
32
11
