-4
-6
-8
-8
0
3
4
-1
-2
-4
-7
-2
-4
-4
2
4
3
-3
-3
0
-1
0
2
2
3
2
-2
-5
-4
-3
0
-2
-3
-7
-8
-1
1
6
3
-5
-7
-9
-3
3
3
4
4
4
3
2
4
8
6
0
-3
-7
-4
-7
-5
6
10
12
9
4
1
-2
-1
-3
-3
2
1
1
3
4
2
0
-1
-1
3
6
4
-4
-8
-4
-2
-7
-7
1
7
12
6
2
2
0
-4
-5
-8
-4
2
1
0
0
2
6
3
3
-2
-1
-1
-2
-1
1
3
2
0
-1
-4
-2
-4
-6
-4
-10
-9
0
0
-6
-6
-6
-3
1
2
3
3
0
0
-1
-2
2
2
5
2
4
3
-2
-2
-2
-3
1
3
-3
-2
-1
0
6
7
7
6
7
7
2
3
4
0
-4
-2
0
1
3
-1
-2
-2
2
2
3
3
-1
1
0
-4
-2
0
1
3
0
-4
-3
-3
-3
-6
-6
-3
-5
-8
-4
4
8
7
5
2
0
-2
-10
-10
-4
1
8
4
-1
3
2
3
-1
0
-1
0
2
-1
2
2
2
0
1
7
6
7
4
-1
-1
-1
0
-3
-4
-1
0
-2
-7
-13
-9
-5
3
5
3
3
4
4
3
2
-1
-2
-5
-1
2
0
-2
-3
-4
-1
4
4
-1
-2
-1
-2
-2
-3
1
3
4
3
2
1
-5
-3
-2
-1
-4
0
5
-1
2
0
-2
4
3
6
4
-2
-4
-7
-4
-1
2
9
6
1
-6
-9
-7
-2
3
2
5
10
5
0
-2
1
-2
-7
-7
-6
-4
-4
-6
-4
-7
-5
2
3
5
2
0
-1
-4
-4
0
4
2
-3
-4
-3
-1
2
4
3
3
3
4
4
7
9
6
4
2
2
2
-4
-6
-5
-1
4
5
3
-1
1
4
1
-1
-5
-6
-4
-5
1
0
7
5
7
11
8
11
7
5
-1
-1
3
-1
-9
-11
-12
-9
-2
-2
-2
0
1
3
4
1
1
1
-1
0
1
10
6
0
0
-3
-2
-3
0
5
5
3
-5
-8
-9
-8
-4
-3
-3
-1
-5
-6
-2
-1
-1
2
3
1
4
7
3
6
9
11
9
10
8
6
5
1
2
6
2
-5
-10
-9
-8
-5
-2
-1
0
-3
-2
0
-2
-4
-1
-2
-5
-6
-10
-11
-6
-3
-1
-1
0
0
-2
-3
3
5
4
2
4
6
2
2
2
1
3
11
8
4
4
1
-3
-7
-8
-6
-8
-10
-4
0
-3
4
12
15
21
20
14
11
4
-1
2
6
5
4
4
-1
-5
-2
-4
-3
-2
-3
-1
-3
-5
-8
-5
-6
-7
-7
-2
3
7
10
9
7
5
-1
-2
-4
-2
-2
-3
-4
-7
-6
-7
-7
-8
-6
-5
-3
1
-1
-1
-3
-7
-1
5
8
-1
-8
-5
-3
-2
0
3
1
0
5
1
1
4
1
3
2
1
1
3
-2
-6
-7
-1
4
2
3
2
1
3
0
1
2
-5
-7
-13
-14
-11
-6
-2
4
6
8
8
11
12
9
7
1
2
2
0
2
3
1
-5
-2
2
3
2
-4
-5
-7
-2
1
-7
-3
-1
-2
0
-2
2
1
1
4
5
7
8
5
-2
-5
-6
-6
-3
-6
-5
-1
-1
-4
-8
-6
-1
3
9
9
6
0
-2
-4
-5
-3
1
-1
0
0
0
4
5
4
8
10
4
0
-8
-11
-10
-9
-2
-1
2
6
0
1
0
-5
-4
-5
-3
0
-1
-5
-4
-3
2
1
1
9
8
7
6
-1
-3
-2
-1
2
2
1
2
2
-4
-11
-12
-5
1
2
5
3
4
1
-3
-1
1
-1
2
2
-1
2
2
1
-7
-9
-6
-2
5
1
4
5
0
-3
-2
4
2
-3
-8
-12
-11
-7
-3
-1
0
-1
0
1
-4
-2
1
2
3
1
0
3
3
3
0
1
10
13
17
15
8
5
4
7
4
2
5
6
5
5
5
3
6
3
1
1
-2
-7
-8
-7
-6
-9
-12
-9
-2
4
8
8
4
-1
-5
-8
-2
2
1
2
-1
-6
-9
-9
-4
-1
-1
3
4
-2
-10
-9
-1
2
7
5
0
2
-2
-5
-6
-3
1
6
10
3
2
1
-4
-2
4
6
8
5
0
-5
-2
2
-3
-4
-7
-4
-2
0
-1
-2
2
7
7
8
11
5
-3
-5
-7
-9
0
7
12
10
3
-4
-7
-10
-7
-7
-4
2
5
4
-1
-4
-4
-5
0
2
6
9
1
-2
-3
5
5
-2
-4
-2
1
0
2
2
-2
-4
-4
-1
6
4
3
4
-2
-4
-2
9
10
8
0
-9
-8
-9
-6
4
2
-4
-6
-1
5
10
9
-5
-5
-1
0
-2
0
4
4
5
6
3
-1
-8
-8
-2
-6
-4
-2
-4
-2
-6
-2
6
3
-3
-5
-5
-5
-10
-5
-3
-1
4
2
5
3
-2
-4
1
2
4
6
0
-4
-1
1
8
17
15
0
-2
4
0
-8
-7
-6
-7
-2
2
9
8
9
13
13
8
8
9
2
-4
-12
-15
-9
-9
-2
5
13
9
-4
-2
9
9
11
11
-7
-16
-16
-19
-5
5
-1
-8
-6
2
0
0
2
-6
-2
3
4
14
10
-5
-12
-11
-6
3
6
-6
-13
-22
-27
-21
-12
1
10
10
2
-4
3
3
2
4
-4
-6
-11
-16
-12
1
7
3
9
9
4
0
5
14
5
0
-11
-15
6
6
7
6
-2
7
9
3
7
5
1
7
8
9
1
8
11
-7
-12
-13
-10
-4
-2
-4
-2
-4
-7
-8
-10
0
6
-1
-4
3
10
10
11
14
18
18
8
2
-3
-4
-11
-14
-18
-19
-7
-2
-3
-5
0
3
17
23
22
28
10
-2
6
7
4
4
2
-3
-9
-6
-2
1
7
0
-4
-3
-4
-4
-5
0
-1
-1
-3
-9
-5
-2
-2
0
-4
1
1
-3
-1
-7
-1
1
-3
-1
-3
2
2
4
3
-3
-7
-8
-6
3
14
3
-1
3
0
-3
1
10
3
-4
-1
4
4
-7
0
3
2
5
3
5
-1
-11
-11
4
15
8
-5
-5
4
-4
-9
-3
3
8
3
2
7
5
-7
-11
-5
-4
-1
6
7
0
-5
-8
-2
1
5
9
1
7
1
-10
-6
-8
-10
-6
3
7
0
-3
-1
-8
-9
-4
1
7
12
15
9
-4
-10
-6
-3
0
-1
2
6
4
-4
-16
-4
9
12
6
7
7
2
5
-3
-6
-3
-7
-8
-3
5
0
-7
-2
2
3
11
12
1
1
6
-2
-8
-4
4
10
2
1
4
10
4
-2
5
6
4
-5
-4
8
0
-9
-12
-5
2
7
18
27
20
6
-7
-11
-2
-1
-4
-9
-1
-1
-18
-15
-14
-8
4
-4
-3
-7
-6
-7
-9
-8
-7
5
12
22
23
9
-3
-5
-11
-12
-1
6
7
2
-2
-11
-12
-6
-7
0
6
18
12
6
-4
-16
-14
-6
5
0
5
-2
-14
-20
-13
4
11
13
8
3
-2
-4
-1
1
1
-10
-13
-14
-3
8
11
12
6
0
-1
3
4
11
7
1
4
0
7
12
-4
-5
-2
-7
2
-3
2
6
8
12
-5
-12
-12
-9
0
9
18
6
-7
-20
-30
-22
-4
10
18
20
6
-5
-9
-11
-11
-7
7
12
16
7
1
-11
-21
0
-2
1
11
-2
-1
-4
-11
-16
-16
0
11
14
15
9
-6
-16
-13
-11
6
17
20
18
1
-6
-13
-1
6
0
13
18
10
-5
-13
-8
-4
-1
5
20
26
20
9
-3
-9
-5
-2
-2
5
7
7
1
-7
-11
1
14
12
11
13
11
-4
-8
-14
-15
-9
-9
1
6
6
0
-11
-7
-8
-5
7
10
6
-2
-3
6
1
-4
-17
-17
-7
-4
13
17
12
4
-8
-9
-13
-10
-12
-4
11
12
1
0
-1
-22
-23
-10
7
23
27
5
-13
-13
-17
-13
2
2
3
10
12
9
-8
-2
3
-11
-12
3
15
8
2
-4
-15
-12
0
9
12
19
7
-3
-7
-6
-7
2
12
10
15
12
5
-7
-14
-20
-26
-12
-1
7
5
-2
-8
-13
-17
-18
-10
6
23
22
9
-4
-12
-18
-15
2
8
4
3
5
3
-2
-7
-7
5
16
12
5
-3
-20
-28
-28
-14
7
17
21
14
2
-5
-5
-4
7
19
21
16
-3
-11
-8
-8
-4
3
18
27
22
8
2
-6
-11
-8
-9
-3
6
10
-1
-4
-6
-12
-6
4
8
5
-1
-7
-2
-8
-6
-2
1
1
-4
2
4
-1
-1
3
6
12
8
10
17
3
2
6
2
-6
-8
-8
6
6
-7
-9
-8
-3
0
4
14
9
7
4
7
8
-1
-3
-9
-11
-15
-9
-8
-8
6
6
3
6
-1
-12
-13
-1
4
6
12
7
-1
-3
-9
-16
-13
-6
6
16
8
-3
-8
-6
-13
-13
-3
6
14
13
0
-3
4
0
-3
-3
6
2
-9
-10
-10
-2
-4
-1
-3
-7
4
9
5
-3
-2
1
-1
-2
-2
7
11
9
5
-6
0
1
-4
4
14
7
-2
-5
-8
-8
-8
-4
8
8
3
2
-5
-1
0
7
9
0
1
-2
-13
-15
-12
-4
13
17
13
11
7
2
3
4
3
-1
0
0
-1
-4
-10
-12
-8
2
2
5
6
-6
-9
-12
-12
2
5
0
6
3
-3
0
5
5
-1
-1
1
7
4
-3
-9
-16
-15
-16
-7
4
6
3
-5
-3
-4
-9
0
16
24
16
8
7
-3
-9
1
5
1
1
-5
-6
-5
-2
-8
-3
1
1
7
9
6
1
-2
-4
-6
-9
-3
2
2
-4
-3
4
4
7
2
-3
-3
-4
-5
-5
2
6
5
7
4
1
3
7
6
5
2
5
1
-2
-5
-5
0
-8
-2
7
9
8
6
0
3
9
5
8
8
-2
-10
0
3
1
3
-1
-3
-5
-3
-3
0
2
-5
-9
-11
-6
-1
-7
0
5
2
-2
0
11
3
4
13
1
-5
-8
-13
-13
-3
6
11
9
8
5
-2
-3
-6
-14
-14
-10
-4
-7
-6
6
5
-4
2
11
16
9
1
-7
-13
-10
-5
4
5
6
1
-2
3
-3
-4
-3
-1
6
9
11
11
4
-11
-16
-11
-1
1
0
-5
-11
-10
-2
4
0
-6
-8
1
5
4
9
2
-2
-6
2
7
6
4
-5
-5
2
7
6
5
2
-1
-4
-5
-7
-8
-7
-4
9
8
6
0
-6
-3
4
0
1
0
-7
-7
-2
-3
-4
-1
0
3
9
12
10
13
5
-9
-12
-13
-11
-2
2
1
-4
-5
0
0
0
-1
-4
-5
2
1
4
7
7
7
3
2
-1
0
8
11
10
8
4
-3
-13
-12
-6
1
6
5
10
11
10
7
1
2
0
-3
-10
-14
-10
-11
-9
-6
-8
-3
2
1
2
4
11
12
6
5
-4
-7
-7
-7
-2
-3
-4
-5
0
8
11
5
0
1
-2
-5
-10
-10
-1
5
5
3
2
-3
-9
-11
-9
-1
-1
-9
-5
-2
3
-3
-10
-14
-11
-5
-1
5
5
2
1
0
2
-2
-2
-4
-9
-6
-6
-6
0
4
1
0
8
12
5
8
10
9
7
7
0
-11
-9
-11
-11
-5
5
10
6
5
2
0
0
-6
-7
-4
2
4
4
1
-1
6
6
8
16
16
7
0
-8
-10
-10
-8
1
5
8
10
9
8
7
11
13
13
14
9
3
4
9
5
3
1
0
-2
-4
-5
-3
-5
-6
-5
-3
0
2
5
2
1
5
3
-1
2
5
-1
-1
-1
-1
-8
-9
-8
-5
2
8
9
6
8
15
13
9
10
6
8
0
-8
-15
-11
-5
-9
-3
-5
-5
0
-7
-11
-9
-4
7
11
-5
-11
-12
-16
-16
-11
2
-1
-5
-5
-2
6
8
6
0
7
11
2
-1
-6
-7
2
11
8
1
-3
-3
6
4
1
6
3
-1
-12
-13
3
2
-5
-5
-3
-6
-13
-9
-5
3
4
7
10
0
3
2
9
8
5
5
5
8
-5
0
8
7
4
-1
2
3
2
1
1
0
-1
-8
-7
-2
-4
-1
2
5
6
-4
-5
-1
-5
-4
-9
-11
-2
8
12
8
6
4
-1
-9
-6
-6
-2
0
-7
-5
-2
-1
-2
0
3
-1
-5
-8
-16
-8
-3
3
9
4
5
2
7
7
1
3
2
-1
-4
-9
-9
-7
-6
-4
-6
-5
5
4
2
1
2
8
8
2
0
6
7
9
4
5
4
6
2
-7
-2
-3
-3
9
10
3
1
3
-1
1
3
0
-1
-4
-8
-6
-6
-5
-2
2
5
8
11
4
0
-7
-5
4
6
2
-4
-5
1
2
1
0
5
9
3
-7
-7
-8
-15
-10
-5
-4
-4
-4
-5
-8
1
8
6
4
0
2
-2
-3
5
7
8
7
5
0
-2
-8
-11
-7
-3
-2
-5
1
6
3
-3
-2
-2
-7
-8
-4
-3
-1
0
3
0
-3
-3
-1
7
13
5
-5
-4
-2
-2
-2
-1
3
0
0
0
-2
1
2
2
0
-5
-4
-7
-3
-2
-2
5
9
9
8
6
10
9
4
1
0
-1
-4
4
3
-5
-1
4
6
2
0
2
-1
-3
-5
-4
0
-2
1
0
0
1
0
2
0
0
-8
-9
-2
5
7
7
3
-1
0
0
-2
4
-3
-8
-1
7
10
6
5
2
-2
-7
-4
-3
-6
-10
-6
1
0
-3
-5
-4
-2
0
7
4
7
14
15
13
9
14
13
1
0
1
3
5
4
5
6
6
-3
-1
-1
-3
-5
-3
3
-3
-2
-1
-1
-3
-12
-9
-3
-1
4
-3
2
4
-3
0
-6
-9
-9
-6
-5
-3
0
0
1
2
7
4
2
3
-2
-6
-2
-2
-2
0
-4
-11
-13
-13
-10
-7
-2
1
-1
1
-3
-3
1
-3
-6
-4
3
6
6
5
7
2
-2
-6
-6
4
8
8
4
5
5
0
-2
0
5
4
3
1
1
2
0
2
5
4
4
-1
-1
-1
-7
-10
1
10
9
-5
-8
-2
-1
-7
-11
-5
2
4
1
-3
-1
0
-2
2
6
-1
-3
2
6
7
3
5
3
0
-5
-5
2
0
-3
-3
0
-1
-5
-4
1
-2
-4
-3
-1
1
-4
-7
-4
0
-5
-9
-6
3
5
5
9
2
-8
-12
-15
-8
-1
11
5
-1
5
3
7
4
0
-4
-3
-3
-4
-6
-6
-1
-2
-3
-5
3
1
-3
0
-3
-2
-7
-6
-4
-3
4
5
1
-2
-4
-5
2
4
0
7
10
13
15
13
13
9
6
4
2
-4
-9
-6
-1
-1
0
7
5
5
13
11
3
0
2
5
2
-2
-6
-5
-2
-4
2
0
1
0
-9
-9
-2
4
1
1
1
-4
-10
-3
-3
-4
-3
-6
-7
-8
-4
2
5
3
7
13
6
4
-4
-10
-5
-1
1
-2
-1
-2
-5
-5
-8
-7
0
6
9
6
7
5
-1
1
6
10
5
3
7
14
13
-1
0
2
-5
-9
-8
-6
2
4
2
-4
-1
3
-1
-6
-5
7
4
2
4
4
9
-1
0
11
7
6
3
-2
-12
-16
-9
-5
0
1
4
6
7
10
5
7
5
-9
-8
-3
2
-2
-6
-3
-4
3
4
0
-1
-1
6
10
1
-8
-10
-14
-7
3
6
2
-6
-9
-5
4
12
11
6
6
3
0
8
4
5
9
9
14
5
-1
-5
-10
-11
-11
-12
-11
2
8
7
2
-6
-5
-4
-2
-3
-2
-1
5
5
-1
0
5
8
6
10
14
11
11
2
-11
-11
-9
-5
1
2
4
3
-7
-3
5
14
15
11
4
-6
-10
-16
-14
-9
-3
4
3
3
3
4
2
-3
-3
-3
-10
-17
-18
-17
-11
-11
-12
-6
3
8
4
0
-6
-8
-4
0
2
-2
5
8
9
6
4
11
12
9
4
0
-2
-3
-9
-10
-6
-4
-5
-5
-4
-1
-7
-14
-15
-16
-14
-7
0
2
7
7
2
1
-2
1
2
8
15
13
8
0
1
-1
-7
-4
3
0
-3
-1
-2
-6
-8
-10
-11
-11
-8
-1
-9
-11
-2
0
4
10
7
4
10
16
6
6
4
1
1
2
4
9
14
5
5
4
-3
0
1
-3
-5
-6
-5
-6
1
4
-2
-1
-1
3
9
8
8
13
9
3
4
-1
-7
-8
-7
-6
0
0
3
2
2
1
-1
-2
-2
2
-2
-9
-10
-5
-4
1
7
10
11
7
5
2
2
0
1
2
-8
-10
-9
-9
-6
-4
-7
-7
-4
1
8
6
3
-4
-10
-13
-17
-10
-8
1
8
9
10
1
2
6
5
6
-2
-8
-8
-8
-6
0
2
2
2
4
0
-1
-2
-4
2
11
12
7
2
3
1
-4
-6
-5
-8
-8
-10
-11
-4
2
8
5
-3
-3
-5
-9
-4
-6
-11
-5
-5
-1
2
1
3
-3
0
6
13
10
6
5
-4
0
-3
-1
-2
-4
5
3
5
12
13
8
2
4
5
8
11
10
4
3
5
5
8
11
7
1
1
7
8
11
6
5
2
1
-5
-5
0
-5
0
3
9
13
12
11
3
4
5
1
7
6
5
4
-1
-4
-4
-7
-15
-9
-4
-5
-7
-10
-8
-4
-4
0
-4
-1
-2
-2
-2
-6
-3
-1
2
0
-3
-8
-11
-10
-6
-9
-11
-5
-7
-4
3
3
1
-1
1
-3
2
2
7
8
3
5
5
1
-10
-9
-6
-3
2
0
3
4
-4
-6
-4
-4
-1
2
8
11
10
12
4
2
1
-3
-9
-7
-6
-13
-7
-3
1
3
-2
4
3
-4
-2
1
1
-5
0
-2
-9
-2
3
-2
-9
-10
-8
1
17
12
3
-2
-10
-12
-13
-2
-1
-4
2
4
6
0
2
3
-4
-3
-2
-1
-3
-7
-3
-1
6
12
5
-1
7
11
7
3
-2
-6
-1
1
2
1
2
2
0
4
5
-1
2
3
4
7
6
2
-3
-4
-2
0
3
2
5
5
2
-4
-8
0
4
1
0
-4
-5
2
-1
1
-5
-5
-6
-11
-6
1
8
2
-7
-8
-1
-1
-2
4
8
8
9
3
-3
-5
-2
-2
5
14
8
6
2
-5
-2
-1
3
2
2
-1
-7
-6
-2
0
1
4
5
4
3
0
-10
-7
-6
-7
2
4
5
3
1
-3
-8
-2
1
4
3
-1
-3
-9
-11
-13
-8
-3
1
7
7
4
-3
-3
-5
-10
-7
-7
3
6
3
3
1
4
6
3
3
8
2
-9
-5
-4
-7
2
0
6
10
4
-4
-4
0
1
5
4
4
10
6
-4
-12
-14
-10
1
7
6
4
12
9
5
11
8
4
2
1
-9
-13
-19
-13
-3
2
3
4
9
0
-7
-6
-3
5
5
2
2
9
6
-9
-12
-7
-6
4
11
4
3
-2
-11
-11
-7
2
6
4
-7
-22
-20
-13
-5
5
13
17
13
3
-6
-1
4
4
4
-8
-14
-13
-11
-12
-6
12
20
23
20
8
11
9
8
5
1
6
4
-6
-5
-2
-1
10
7
2
16
-1
-10
-5
-13
-12
4
6
-5
6
7
-2
13
12
2
10
4
-5
1
5
6
4
8
1
-11
-13
-11
-12
-2
5
-10
-5
-1
-9
-3
5
-1
6
9
0
5
1
4
4
-5
-1
-5
-2
0
-5
-5
-4
-7
-4
6
-5
2
3
-7
-1
2
5
1
7
2
0
-2
-4
-2
-5
14
4
8
9
-3
0
3
3
-7
11
7
2
2
-13
-20
-8
-9
-17
13
8
-6
9
-3
-9
15
6
-4
16
-5
-16
1
-10
-19
9
-7
-14
20
-17
-7
6
-23
-2
11
-5
2
30
-20
4
16
-31
28
15
-13
24
10
-29
9
10
-51
27
0
-39
33
-1
-22
24
12
-38
32
2
-31
45
-10
-9
36
6
-19
25
1
-26
30
-13
-14
20
-1
-3
9
11
-5
13
1
7
2
-16
15
-11
-7
4
-15
-2
1
-7
-15
20
-11
-4
29
-25
10
12
-22
-13
10
-18
-23
26
-43
8
24
-19
21
22
-1
15
34
-38
7
1
-67
1
-15
-30
-3
15
-24
-5
19
-9
26
4
18
-1
-7
-1
-38
-18
-2
4
1
32
15
3
31
4
-4
19
4
-4
4
-9
-11
-1
-6
-9
14
-3
-7
8
-7
-5
3
-8
5
8
15
17
-7
0
-17
-1
-19
10
-1
-17
18
-29
2
-6
-7
14
18
-2
11
20
-25
26
-1
-43
31
8
-40
42
12
-10
37
23
-23
4
21
-37
14
15
9
-10
40
-20
-40
70
-26
0
34
-3
-37
31
-13
-62
52
-14
-23
37
3
-55
27
-12
-46
41
-10
-11
25
18
-84
53
-26
-48
97
-44
26
33
2
-65
55
-3
-40
75
-35
18
-22
6
-9
-19
17
-16
-43
36
-36
-42
85
-26
-9
67
-6
0
73
-20
-5
53
-1
-48
35
3
-25
41
-3
-26
-14
23
-77
8
-18
-62
52
-43
26
-3
0
17
-9
-26
6
-32
-39
63
-114
67
-11
-37
34
-24
-21
16
37
-76
68
-79
16
40
-61
69
-39
39
-6
19
-10
-9
46
-51
0
-21
1
-35
38
10
-30
84
-54
-19
33
-22
-9
48
6
18
1
0
-20
-22
59
-69
56
64
-36
17
12
-49
9
22
-71
94
-34
25
18
-66
64
-65
-4
18
-5
-30
99
-42
3
96
-132
69
18
-62
8
29
-64
-23
97
-90
21
42
-45
-38
55
-27
-83
102
-86
-21
34
-7
-23
15
28
-35
56
2
18
-21
70
-3
-50
100
-57
22
9
-24
-25
14
-7
-29
88
-56
36
-35
-11
-17
12
21
0
64
-39
16
-27
-4
-24
23
-30
-3
30
-58
46
-26
-8
25
25
5
49
34
-85
101
-74
-27
104
-110
70
-34
8
-77
46
-14
-48
133
-170
106
-47
-39
8
-23
-48
-9
30
-100
79
-16
-28
24
47
-76
63
13
-59
72
-10
-32
59
15
-2
48
-51
36
-110
91
-104
56
33
-55
67
-110
67
-114
119
-114
88
23
-125
149
-114
0
94
-14
-16
125
-78
-48
71
-78
-42
87
-23
-78
164
-92
-35
100
-6
-42
113
39
-122
206
-60
-113
162
-76
-66
73
-13
-136
155
-94
-60
113
-114
51
-26
95
-94
78
48
-133
147
-113
57
15
-6
30
-52
58
-24
-19
93
-49
-14
71
-97
5
33
-40
-53
100
-42
-43
135
-149
37
33
-96
41
-7
-12
2
-33
-3
9
-23
14
-25
33
-8
120
-89
67
49
-106
48
-12
-18
-3
117
-91
-40
148
-209
85
34
-124
80
-30
-36
-98
92
-144
-44
95
-204
87
6
-22
6
12
-65
29
79
-61
49
89
-68
95
41
-100
211
-103
81
12
-35
58
-8
53
-117
200
-179
107
47
-160
154
-119
48
-35
-4
-23
-31
39
-50
56
-65
95
-67
33
68
-85
144
-34
-11
53
-40
-93
128
-95
-73
138
-141
25
165
-178
150
92
-193
165
-104
-96
94
-40
-171
157
-122
-115
196
-199
52
101
-108
4
162
-227
103
58
-217
213
-146
-1
43
31
-110
134
38
-185
301
-262
79
58
-98
36
-2
-1
-79
211
-237
251
-56
-43
136
-87
29
-34
129
-225
203
-53
-79
141
-45
-52
67
20
-145
194
-211
118
6
-95
123
-124
121
-141
175
-184
72
114
-210
174
-64
68
-100
155
-75
-58
208
-188
73
86
-102
4
91
-104
48
74
-79
57
39
-73
64
14
-51
65
-2
-76
74
-58
-61
98
-95
15
6
-44
-47
43
-75
-24
122
-210
132
-44
-62
94
1
-37
3
117
-212
91
49
-129
49
106
-119
53
55
-119
31
-46
103
-141
101
10
-40
-13
52
-72
-83
148
-134
0
67
-11
-82
97
-143
139
-86
-15
237
-264
248
33
-147
97
64
-158
22
121
-189
43
41
-38
-19
31
91
-160
124
60
-131
113
21
-108
38
-23
18
-41
-15
129
-186
75
93
-110
-6
154
-104
-60
270
-240
66
51
-125
86
-59
49
-5
-42
47
34
-108
81
36
-101
63
75
-105
-37
193
-210
32
131
-186
41
46
-57
48
-12
58
35
-102
212
-83
-36
133
-98
7
-28
31
-64
-48
81
-42
-72
87
34
-173
187
-77
-64
27
37
-82
-10
92
-80
74
-89
141
-123
0
137
-58
-7
100
-43
-156
147
-52
-81
26
144
-149
107
33
-47
8
91
23
-153
302
-224
29
143
-151
-13
127
-82
-123
317
-335
98
180
-272
207
-37
-39
83
-26
18
-44
63
3
-92
78
53
-118
77
87
-169
108
153
-244
95
192
-339
216
51
-195
165
-81
0
-79
132
-203
128
62
-211
316
-306
124
2
-152
44
-45
14
-103
120
-154
94
-13
-73
129
-94
63
2
-2
5
50
-61
29
20
-42
-32
77
-200
167
-117
-87
177
-149
23
51
23
-107
159
4
-188
330
-229
4
129
-209
63
-27
70
-169
200
-65
-204
353
-341
181
-16
-20
31
-123
280
-372
292
-53
-136
192
-42
-87
23
110
-191
13
184
-331
211
73
-317
307
-99
-59
86
131
-168
116
125
-297
281
-151
9
150
-89
97
-15
155
-200
192
-79
-176
345
-347
161
-18
-70
-18
17
-18
-174
352
-362
230
50
-187
152
-129
21
-153
162
-183
72
-6
35
-159
179
25
-290
422
-341
176
35
-60
-20
153
-41
-196
555
-571
327
97
-306
124
52
10
-359
584
-317
-167
608
-407
-109
435
-229
-311
591
-337
-149
467
-313
-108
416
-298
-114
325
-231
-16
143
6
-221
301
-185
-35
75
-9
-4
-60
190
-246
174
-154
97
-225
274
-215
-153
520
-608
405
-26
-54
-116
435
-430
33
464
-767
593
-342
75
-22
77
-134
117
58
-227
359
-407
412
-363
347
-209
59
119
-128
141
-101
220
-487
560
-407
32
122
-51
-95
105
54
-303
455
-390
204
4
-87
1
130
-74
-193
338
-364
91
151
-267
152
37
-98
-31
94
-86
22
46
-5
42
-106
128
-66
-69
261
-268
178
37
-141
107
-42
9
-193
323
-320
71
305
-358
146
121
-173
79
157
-178
14
219
-255
-12
342
-542
405
-7
-349
478
-298
57
53
43
-216
269
-102
-143
292
-314
273
-232
208
-184
128
24
-101
163
-149
211
-335
494
-443
260
94
-340
406
-199
-35
114
97
-370
482
-264
-194
438
-343
-99
308
-170
-180
301
-195
-38
133
-16
-222
199
82
-308
191
17
-272
183
-89
-102
277
-150
24
136
-160
41
-42
5
72
-178
188
-138
-93
111
-100
-91
188
5
-257
482
-401
160
85
-273
285
-191
-63
268
-112
-146
334
-184
-42
186
56
-210
231
109
-401
275
-21
-249
53
223
-372
137
207
-444
287
-141
59
-73
26
151
-168
-31
174
6
-408
645
-393
-202
689
-474
-89
588
-391
-223
621
-567
73
398
-396
69
370
-521
283
201
-479
561
-212
-89
195
-12
-238
316
-156
-179
518
-637
445
-88
-205
392
-326
73
28
96
-344
381
-184
-125
365
-399
241
-76
-11
-59
141
-27
-122
289
-293
95
72
-136
99
28
-72
55
-9
-62
148
-282
181
-17
-276
260
-92
-225
344
-245
-172
469
-415
192
64
17
-189
158
75
-369
431
-84
-232
214
253
-547
342
249
-684
613
-117
-249
326
-27
-170
135
19
-255
291
-274
163
-55
-164
272
-295
50
150
-105
-68
287
-227
49
268
-409
117
206
-410
298
-47
-233
345
-278
11
173
-111
-166
315
-335
137
123
-309
286
-179
59
49
-103
102
-28
-104
192
-170
29
132
-218
185
-19
-217
279
-75
-133
190
20
-225
192
189
-529
443
-68
-486
560
-232
-246
434
-152
-271
438
-94
-320
835
-630
186
509
-785
628
-228
-249
343
30
-580
739
-401
-279
636
-601
142
207
-88
-230
533
-269
-186
483
-333
-32
194
46
-353
507
-119
-232
444
-269
-2
42
-32
-35
-90
-29
194
-349
-44
392
-709
366
30
-302
133
328
-418
171
308
-623
630
-452
286
-168
196
10
-126
314
-442
593
-424
173
181
-176
108
136
-199
-309
541
-575
-31
450
-366
-163
562
-364
-150
567
-476
138
158
-162
-53
138
-41
-153
336
-180
-20
137
-189
76
104
-187
206
-110
-59
110
-121
78
2
173
-226
233
101
-323
456
-343
182
-52
-48
168
-397
527
-470
100
61
-103
199
-315
422
-339
-15
252
-369
212
-128
84
-124
19
157
-419
413
-137
-109
175
49
-157
43
258
-556
483
-173
-307
466
-298
-48
180
-72
-181
270
-204
-62
242
-196
-20
91
2
-267
274
-170
-123
330
-19
-129
387
-41
-268
680
-501
150
363
-422
63
319
-434
64
277
-577
495
-219
-110
315
-259
124
36
-183
66
197
-391
157
180
-569
307
96
-482
328
77
-436
483
-120
-329
501
-274
-133
330
-111
-75
391
-318
84
337
-417
335
43
-81
185
-12
-80
138
-74
-316
507
-682
401
13
-515
584
-337
12
141
81
-274
287
-52
-232
361
-235
311
-166
68
221
-255
60
87
-56
-146
433
-229
-101
205
-288
-84
59
150
-275
117
258
-500
152
148
-322
0
294
-221
-175
488
-422
-141
123
-231
-275
107
-138
-443
340
-197
-199
310
-17
-51
252
-89
-61
345
-274
190
172
-160
264
-41
-60
135
-156
-58
155
-114
212
90
-95
196
-121
-125
119
-80
8
93
-11
-64
-36
12
-271
135
-16
-214
346
-176
-120
121
-43
-182
156
-41
-214
343
-344
-10
126
-157
-123
83
-105
-185
233
-240
63
47
-144
71
89
77
-57
264
9
26
160
-125
230
-67
65
138
-102
137
-92
131
30
127
-22
103
231
-2
164
-20
178
-169
166
66
58
131
-34
21
-103
78
-76
203
140
87
24
88
1
-101
63
-89
-39
17
-121
-288
-74
-191
-307
-88
-147
-196
-102
-187
-53
1
-72
-50
-35
9
-25
-99
43
113
-59
54
-71
86
30
-221
150
28
-29
16
-79
111
101
15
195
249
11
126
-17
-46
212
-80
-46
138
-22
-168
-17
-82
-101
-14
-119
76
150
-13
-119
81
-55
-100
-14
-86
123
54
-33
98
203
83
116
169
136
124
66
-27
25
-105
-117
27
-28
35
66
244
140
57
37
-87
116
-49
-64
33
14
189
-55
-112
-61
1
-29
102
193
50
111
-113
0
30
-49
39
98
46
3
131
-4
80
48
-180
26
191
-82
2
158
-41
51
18
-139
-125
-189
-269
-200
-105
-80
81
72
-173
-392
-478
-296
-231
-69
-10
89
164
-125
-219
-257
-185
-134
-149
96
152
154
266
47
85
-35
-310
-12
91
183
431
464
272
70
-200
-321
-351
-227
-162
-76
115
70
63
-10
-143
-121
-99
-197
-63
170
52
54
162
-59
28
155
199
285
232
252
314
371
347
387
469
434
251
-208
-360
-236
-321
-137
90
185
411
-51
-800
-827
-808
-707
-242
-62
-131
134
129
-195
-46
-82
-231
-30
209
279
429
613
346
251
-65
-398
-44
70
200
449
362
189
54
-214
-524
-425
-311
-418
-193
-2
-78
-107
-197
-315
-342
-318
-312
-191
72
299
414
323
140
-27
-25
84
139
367
452
282
240
182
61
134
44
-48
117
303
481
439
571
341
-659
-1026
-614
-482
7
486
338
692
281
-1105
-1166
-480
-723
-581
71
112
509
454
-545
-380
2
-630
-362
554
761
976
1035
503
392
187
-674
-462
287
265
376
815
638
22
-355
-833
-905
-537
-840
-621
349
375
35
18
-369
-802
-705
-680
-377
418
569
578
690
235
-138
-187
-141
90
339
424
490
497
240
-152
-206
-197
-255
21
287
701
827
556
285
-612
-1217
-897
-649
63
748
590
901
843
-828
-1464
-573
-627
-604
177
164
469
623
-557
-707
-154
-510
-531
397
828
920
1089
447
206
284
-590
-817
185
602
379
606
837
259
-360
-753
-982
-703
-770
-905
-136
543
302
51
-44
-328
-382
-483
-337
444
872
852
888
697
220
-107
-103
-3
210
385
330
567
620
-79
-368
-323
-412
-287
-236
95
816
768
340
715
61
-1712
-1462
-463
-392
416
996
864
1372
326
-2055
-1643
-358
-1076
-433
935
489
683
247
-1603
-1154
-161
-1029
-430
1403
1210
927
1131
178
-78
-169
-1078
-487
1030
854
492
1301
838
-636
-1082
-1349
-1292
-566
-692
-582
803
804
-373
-365
-463
-985
-660
-322
108
952
1066
635
752
563
-527
-665
155
427
624
759
437
491
25
-937
-843
-425
-484
-374
188
681
849
685
475
816
-106
-2052
-1351
58
-110
631
1257
1061
1433
-250
-2799
-1477
-50
-1148
-132
1419
916
699
-375
-2144
-1322
-490
-1420
-167
2205
1852
1164
1158
210
-277
-726
-1602
-419
1422
1211
878
1543
1055
-623
-1657
-2094
-1613
-757
-871
-250
1436
1173
-399
-674
-811
-1418
-1039
-227
884
2038
1473
690
890
311
-946
-931
68
781
1230
957
286
187
-426
-1368
-1207
-539
-219
-116
80
541
647
49
12
653
931
513
-960
-1396
-6
108
-118
1052
1463
1156
498
-1728
-2285
-538
-781
-1118
957
1341
146
-203
-1483
-1996
-476
-506
-649
1521
2245
1082
1031
627
-521
-561
-755
-632
1051
1614
777
1055
1228
-287
-1537
-1727
-1451
-627
-500
-586
739
1379
176
-672
-747
-1242
-1296
-326
648
1561
1827
962
624
690
-429
-1220
-141
870
1040
1014
327
-229
-503
-1212
-1410
-760
-381
-305
89
318
320
67
-284
265
959
1189
892
-714
-1331
-254
-168
-115
997
1202
1193
984
-1544
-2596
-557
-591
-1043
902
1163
205
-73
-1450
-1943
-425
-437
-756
1446
2355
913
836
744
-155
-215
-820
-880
906
1444
426
619
1130
19
-1385
-1709
-1305
-652
-826
-1104
277
1172
17
-798
-546
-729
-1107
-501
634
1565
1714
822
668
1008
-219
-1253
-256
829
811
618
217
-6
9
-984
-1426
-480
-273
-712
-499
199
472
186
171
711
1398
1344
987
474
-1127
-1382
-209
-105
625
1536
1011
932
51
-2878
-3015
-617
-538
-114
1499
924
219
-418
-2197
-1848
-288
-585
281
2850
2518
838
698
33
-312
-184
-1234
-445
1700
1317
186
566
683
-650
-1888
-1949
-902
-112
-1124
-982
1168
1020
-681
-839
-488
-734
-569
62
907
2138
1803
470
848
889
-761
-1262
-37
625
583
494
-53
-174
-394
-1517
-1490
-324
-230
-691
-153
701
542
-171
-295
600
1653
1318
865
1636
186
-2109
-804
370
-182
388
627
655
965
-1743
-3978
-1229
160
-1423
236
1842
697
143
-1125
-2106
-366
264
-511
1756
3809
1930
446
500
134
-432
-1431
-1451
676
1772
301
-158
719
-186
-2028
-2528
-1451
-152
-486
-1159
249
1744
325
-1397
-611
115
-547
-438
930
2085
1978
811
468
1172
572
-961
-867
663
1098
-10
-651
-302
-195
-1187
-1790
-958
-362
-430
-346
265
878
215
-752
-261
1126
1726
1448
1638
2491
955
-2633
-2271
160
-383
-453
716
983
1208
-1157
-4610
-2347
577
-1296
-773
2068
1748
697
-355
-1867
-675
772
-468
870
4261
2917
303
434
381
-189
-1218
-2349
-636
1625
301
-851
660
568
-1787
-3182
-2327
-314
11
-1238
88
2914
1773
-1320
-1513
-274
-183
-328
747
2231
2482
920
-714
-92
338
-1415
-1523
883
1992
1011
-382
-1073
-738
-1024
-2114
-1381
367
620
48
260
834
235
-954
-1047
12
1183
1445
1247
2298
3061
1676
414
-1500
-3533
-1843
-171
-368
1092
1851
688
-26
-2466
-4869
-2106
34
-1229
1192
3936
2257
546
-801
-1997
-776
134
-260
2048
4449
2505
257
36
-602
-1759
-2729
-2242
528
1816
-38
-390
1290
552
-2244
-3460
-1982
69
-92
-905
1229
3477
1673
-843
-590
207
-693
-1536
121
2458
2286
188
-477
625
-179
-2344
-2044
142
1489
1082
-34
110
496
-1167
-2668
-1647
-111
158
38
725
1556
1034
-666
-1243
227
908
-55
293
1998
2658
1917
1040
1175
800
-2477
-4079
-888
709
-196
426
1022
755
-606
-4251
-4770
-812
73
-448
2534
4021
2256
436
-1628
-2205
-498
-327
-21
3296
4340
1475
-102
-259
-1082
-2092
-2845
-1659
1086
1494
29
488
1374
-395
-2836
-3042
-1174
116
-650
-350
2441
3219
722
-883
-498
-260
-1167
-1216
1104
2492
1339
353
328
335
-776
-2594
-1982
438
987
414
625
783
158
-1397
-2253
-1288
-744
-605
348
1306
1997
1027
-907
-741
335
237
-154
624
2207
2530
1801
1458
1394
1018
-1502
-4057
-2147
166
-745
-402
1174
955
22
-2384
-4731
-2099
714
-385
822
3629
2937
703
-1209
-2058
-871
-116
-187
2128
4540
2591
-280
-587
-654
-1441
-2475
-2461
13
1762
649
-21
1005
621
-1926
-3242
-1580
538
384
-466
1127
2966
1436
-1019
-1405
-443
89
-239
582
2183
1573
-255
-967
-759
-537
-1296
-1731
40
1529
687
-287
-416
-527
-672
-1070
-1031
-233
-74
-261
114
826
1116
178
-449
274
747
465
371
828
1387
1619
1522
1227
940
981
-361
-2913
-2301
-198
-761
-785
626
791
572
-1329
-4462
-2452
1208
-126
-77
3139
3198
1190
-610
-1980
-1126
132
-261
1083
3959
3015
-191
-1142
-616
-646
-2032
-2946
-581
2120
1163
-383
443
1021
-689
-2776
-2031
506
650
-1035
-190
2521
2090
-715
-1681
-432
535
-778
-1051
1220
1575
107
-467
-188
269
-449
-1809
-785
1328
1039
-153
-307
61
194
-742
-1324
-599
-125
-220
-143
495
1107
360
-870
-247
898
532
-14
339
1540
2296
1669
1181
1371
858
-1761
-3563
-1793
-365
-677
-168
655
942
161
-2934
-4551
-1256
829
-237
1227
2966
2408
1265
-1161
-2195
-452
-99
-185
2427
4044
2126
59
-635
-693
-1032
-2438
-2441
300
1797
538
23
1038
925
-1229
-2919
-1644
285
-413
-1372
499
2448
1230
-789
-873
275
654
-366
-231
1225
1220
144
-326
226
619
-539
-1441
-411
478
74
-448
-333
456
389
-908
-1218
-761
-939
-999
-360
783
1564
901
-75
346
727
-182
-579
586
1917
2290
2188
1843
1315
362
-2485
-3822
-1260
-229
-644
703
1346
790
-673
-3924
-4179
-620
14
-413
2234
3548
2391
712
-1436
-1632
-303
-568
118
3087
3625
1404
-61
-511
-641
-1405
-2756
-1891
683
886
-243
362
1125
80
-2090
-2676
-772
133
-1091
-767
1722
2584
1112
-92
53
218
-777
-1070
261
1190
919
362
410
557
-423
-1788
-1529
-320
96
122
151
385
473
-354
-1260
-1432
-974
-639
-190
936
1573
1227
371
-66
436
241
-656
-23
1496
2035
2355
2332
1364
364
-2054
-3905
-1952
-752
-1419
99
1582
1034
97
-2640
-4515
-1653
-1
-562
1971
3763
2548
1286
-591
-1619
-753
-890
-412
2533
3539
1662
463
-119
-663
-1218
-2604
-2466
-202
540
-44
745
1696
825
-1192
-2229
-1177
-172
-1030
-1105
1177
2548
1566
413
-25
-277
-914
-1304
-177
1022
950
656
775
925
183
-1357
-1828
-815
29
303
468
523
649
273
-832
-1357
-1205
-1172
-765
308
1448
1625
677
-96
26
-60
-783
-564
656
1829
2680
2572
1960
900
-1995
-3853
-2210
-1018
-1049
316
1398
1369
675
-2283
-4164
-2157
-1019
-890
1504
3117
2479
1308
-470
-1090
-358
-1041
-952
1764
3031
1898
976
374
60
-537
-2194
-2123
-109
201
-293
694
1763
1298
-603
-2024
-1378
-647
-1625
-1806
252
1837
1464
670
492
189
-794
-1267
-432
540
751
740
1076
1471
1087
-368
-1346
-905
-392
-342
-101
467
786
301
-389
-657
-1039
-1463
-1087
-59
906
1136
552
80
88
-8
-130
324
1129
1900
2480
2622
1519
-1397
-3036
-1655
-888
-1033
75
909
914
-37
-2480
-2977
-1411
-1716
-1555
1141
2572
2004
791
-932
-973
229
-273
-267
1820
2617
1575
706
403
409
-384
-1796
-1276
261
66
-555
117
1078
808
-822
-1722
-919
-737
-1741
-1432
360
1184
604
132
288
244
-420
-688
0
751
998
905
880
1111
752
-308
-567
-132
-124
-101
-63
-285
-165
-298
-840
-701
-426
-731
-724
31
511
201
-14
104
-88
-227
346
1221
1871
2079
2070
1877
-130
-2517
-1969
-710
-727
-36
1152
1633
954
-1709
-3393
-1882
-1294
-2073
-508
1664
1936
1153
-272
-1114
-448
-365
-635
879
2220
1590
795
728
978
686
-801
-1421
-134
310
-484
-194
796
987
3
-1279
-1221
-749
-1761
-2481
-942
827
999
578
488
527
0
-787
-693
-103
277
767
1321
1644
1502
768
63
-105
-120
-370
-642
-501
2
153
-146
-440
-669
-815
-833
-677
-300
39
-68
-320
52
622
697
867
1336
1672
1898
907
-1142
-1355
-400
-503
-80
984
1226
1342
267
-2101
-2071
-926
-1819
-1689
281
1065
813
29
-1006
-658
-163
-745
-263
1044
1168
851
703
689
1049
563
-413
77
757
39
-348
357
817
552
-155
-599
-540
-1116
-2044
-1691
-462
101
-78
-11
359
238
-280
-426
-300
-75
394
668
887
1362
1326
801
683
553
-139
-650
-678
-505
-231
-93
-14
104
-10
-460
-844
-832
-768
-779
-544
28
554
728
936
1250
1452
1291
64
-1115
-767
-339
-467
134
948
1282
1254
-1
-1313
-880
-753
-1549
-964
148
366
285
-369
-804
-131
-74
-542
8
364
28
184
367
538
988
703
309
656
477
-283
-369
101
517
429
23
193
340
-580
-1439
-1283
-969
-785
-345
170
394
207
-75
-125
-290
-624
-597
-211
422
1048
1141
1041
1132
810
-104
-783
-896
-681
-292
46
400
799
600
-205
-684
-767
-969
-1133
-829
-17
737
1086
1234
1208
1092
415
-941
-1346
-640
-472
-307
686
1319
1382
874
-581
-1115
-499
-760
-1002
-268
231
399
211
-563
-692
-294
-526
-365
490
624
364
294
22
55
227
-81
52
580
481
286
463
468
347
149
-98
84
-5
-663
-647
-171
-263
-396
-311
-429
-430
-197
-45
30
-76
-322
-380
-238
-13
202
446
813
1084
916
281
-311
-541
-559
-334
6
299
600
681
447
145
-222
-701
-999
-893
-498
-37
455
986
1234
1318
1255
100
-1239
-1181
-888
-832
-21
861
1339
1425
276
-832
-575
-678
-1370
-1047
-119
615
886
313
-187
-71
-376
-797
-562
-309
-80
252
194
338
757
308
-176
242
267
-182
0
368
546
596
373
414
348
-517
-1049
-691
-397
-248
-67
-46
90
159
-167
-374
-344
-538
-706
-541
-280
54
417
633
737
741
425
-174
-470
-353
-148
176
468
636
657
330
-65
-244
-380
-521
-564
-466
-213
162
551
809
975
1227
877
-430
-1181
-890
-683
-550
-27
700
1406
1169
-252
-807
-380
-822
-1292
-717
-22
441
394
-227
-158
293
-114
-563
-402
-270
-259
-255
-72
615
944
420
272
517
120
-326
-184
161
468
482
407
689
509
-407
-751
-439
-391
-477
-412
-246
-40
-29
-40
40
-130
-423
-564
-543
-240
93
246
648
1041
753
120
-356
-616
-559
-301
82
600
877
714
373
39
-362
-713
-739
-520
-229
156
582
909
1079
1077
848
27
-1029
-1217
-800
-460
44
663
1136
1178
176
-886
-751
-629
-1040
-730
48
512
584
-44
-590
-298
-230
-522
-321
-24
59
17
-225
-86
379
215
125
733
770
254
212
335
294
201
42
161
352
-53
-486
-247
66
-71
-365
-489
-479
-522
-509
-221
66
53
-106
-190
-91
-37
-116
137
690
845
484
-13
-411
-515
-454
-420
-101
436
582
420
285
154
-53
-359
-569
-379
-8
195
516
966
1171
1274
954
-356
-1360
-1092
-749
-612
68
880
1388
1280
14
-979
-767
-905
-1284
-677
128
494
524
-22
-368
-67
-152
-491
-284
48
156
97
-68
97
308
46
26
317
197
6
154
410
656
577
219
223
183
-405
-740
-421
-98
-93
-118
-40
-141
-471
-545
-310
-180
-117
-109
-158
37
229
173
336
635
481
-9
-359
-440
-391
-314
-98
289
470
281
8
-158
-144
-104
-156
-113
51
167
208
450
804
1034
1181
603
-702
-1234
-920
-878
-566
314
1012
1491
1112
-238
-680
-403
-874
-1000
-276
209
457
255
-376
-216
171
-195
-370
-129
-143
-119
-105
-164
220
400
72
206
392
-26
-126
206
390
514
464
330
386
4
-628
-533
-160
-177
-191
-116
-186
-326
-437
-320
-126
-210
-379
-367
-295
-195
-26
329
903
1163
751
118
-299
-575
-717
-525
-25
488
620
430
259
24
-390
-661
-589
-324
5
344
670
926
1062
1178
997
-105
-1224
-1159
-698
-489
6
725
1298
1311
159
-918
-749
-634
-986
-685
5
445
393
-361
-785
-361
-236
-459
-298
-31
136
160
-62
8
325
217
159
431
256
-25
136
328
426
346
143
330
340
-347
-662
-423
-361
-344
-292
-232
-96
-168
-199
47
17
-223
-259
-332
-261
92
338
607
957
931
484
-16
-378
-565
-542
-290
140
550
665
423
69
-255
-566
-803
-764
-344
200
682
1061
1190
1227
1048
-87
-1344
-1293
-796
-609
4
901
1643
1732
314
-1153
-973
-749
-1278
-1013
-75
617
759
-66
-762
-414
-357
-668
-327
45
91
211
152
211
597
407
113
343
165
-249
-64
266
367
297
81
197
246
-490
-939
-469
-152
-148
-140
-207
-146
-113
-109
151
221
-120
-323
-312
-228
28
236
572
1200
1268
545
-229
-714
-903
-744
-371
84
522
625
401
119
-277
-786
-1085
-943
-427
222
823
1225
1383
1495
1114
-257
-1335
-1180
-805
-426
475
1345
1962
1749
51
-1076
-758
-1013
-1598
-1030
-120
499
622
-220
-622
-80
-224
-610
-303
-186
-228
-11
95
466
880
540
323
469
63
-357
-124
270
533
482
257
339
75
-797
-1032
-487
-291
-426
-353
-107
-26
-73
72
230
138
-55
-133
-64
200
407
469
767
1067
784
41
-617
-834
-646
-439
-297
0
343
347
73
-160
-386
-716
-966
-719
-65
512
993
1466
1793
1499
169
-1104
-1163
-867
-685
215
1306
1825
1713
323
-1148
-1085
-904
-1402
-1132
-256
317
486
-119
-648
-213
-67
-399
-230
-142
-312
-34
243
497
920
734
381
502
213
-328
-166
333
609
493
169
125
-98
-948
-1353
-906
-486
-319
-233
-139
100
196
82
-25
-191
-340
-244
19
383
783
1055
1257
1211
685
-105
-776
-1012
-859
-656
-372
82
346
230
-11
-268
-590
-892
-863
-328
474
1171
1543
1811
1875
505
-1340
-1367
-772
-901
-249
1190
1973
2006
586
-1409
-1412
-941
-1588
-1171
154
594
623
80
-891
-604
-176
-551
-149
521
225
50
243
449
834
409
-289
19
-21
-751
-484
392
729
707
296
-65
-161
-1009
-1767
-1049
-156
-125
-25
280
187
19
-25
-132
-351
-384
-60
380
876
1221
1204
1077
966
363
-549
-987
-913
-599
-230
31
170
182
-211
-728
-806
-706
-644
-472
196
1185
1785
1764
1766
1562
-350
-2006
-1359
-645
-689
421
1906
2234
1515
-860
-2595
-1614
-987
-1317
-100
1270
1181
693
-601
-1752
-1043
-502
-520
552
1340
884
699
762
766
722
-212
-806
-261
-361
-711
161
1012
947
411
-432
-678
-713
-1625
-1750
-281
717
583
414
276
-38
-313
-419
-380
-381
-142
477
1071
1418
1363
745
311
204
-335
-970
-1006
-499
54
213
52
-58
-287
-753
-883
-715
-485
-279
32
980
1975
1966
1624
1693
10
-2544
-2281
-775
-452
300
1820
2622
2382
-265
-3483
-2877
-1185
-1402
-497
1532
1945
1397
102
-1662
-1466
-802
-1089
-30
1605
1637
1199
1116
1007
801
-496
-1820
-1178
-528
-611
440
1721
1588
551
-834
-1593
-1333
-2045
-2587
-649
1318
1380
1047
747
-141
-718
-824
-903
-456
341
998
1618
2212
1829
345
-753
-1018
-1204
-1259
-770
-74
596
886
330
-284
-661
-1321
-1447
-708
-57
440
1159
1903
2418
2364
1796
933
-1447
-3375
-1992
-254
-97
819
2294
2568
1422
-2143
-4641
-2621
-908
-1094
778
2927
2263
624
-1202
-2337
-1382
-775
-654
1242
2901
2439
1521
812
269
-361
-1987
-2543
-852
46
121
1454
2427
1449
-580
-2274
-2379
-1797
-2147
-1409
1061
2151
1532
841
-85
-1043
-1191
-965
-473
522
1457
1888
2122
2066
902
-662
-1152
-1035
-1084
-803
-206
216
510
220
-556
-912
-1118
-1332
-898
83
888
1362
1732
2068
2210
1772
1000
-1034
-3327
-2535
-138
551
814
1833
2133
1199
-2059
-5156
-3354
-505
-443
738
2977
2549
675
-1205
-2708
-1814
-525
-434
1273
3339
2791
1523
871
103
-615
-2026
-3009
-1123
812
891
1511
2244
1222
-843
-2544
-2717
-1474
-1210
-1114
828
1961
1003
62
-571
-1263
-1108
-516
-22
842
1455
1505
1597
1614
809
-646
-1257
-857
-476
-279
52
416
466
-110
-935
-1079
-935
-1095
-824
174
1093
1545
1661
1933
2268
1947
192
-2695
-3328
-1293
51
516
1818
2596
1805
-205
-3867
-4719
-1686
-334
-219
1997
3342
1740
-328
-2165
-2368
-883
-681
-136
2351
3328
2001
1056
438
-360
-1198
-2516
-2204
122
1194
1225
2051
2031
31
-2301
-3004
-1807
-856
-909
317
2066
1664
152
-805
-1506
-1544
-741
38
767
1613
1852
1346
992
519
-564
-1370
-988
-156
212
320
337
203
-291
-1206
-1477
-920
-555
-343
245
797
1060
1075
903
1481
2043
1726
664
-1981
-3343
-1140
540
273
1182
2080
1332
-300
-3905
-4837
-950
870
200
1905
3151
1153
-739
-2172
-2435
-537
121
192
2228
3132
1442
264
-24
-355
-862
-2197
-1824
820
1641
900
1370
1597
-191
-2448
-3029
-1443
-2
-347
102
1681
1725
170
-1484
-1903
-1183
-427
0
726
1545
1868
1607
763
177
-659
-1463
-745
429
674
253
-51
-205
-614
-1408
-1689
-883
-236
53
332
277
311
629
980
1706
2360
1912
1082
-1242
-3585
-1863
691
362
661
2143
1634
104
-3070
-5242
-2016
1011
431
1349
3128
1699
-322
-1664
-2642
-1119
46
-355
1624
3723
2073
124
-79
-280
-852
-2173
-2459
251
2186
1456
1230
1521
179
-2116
-3249
-1962
197
-63
-494
1586
2456
385
-1421
-1751
-1676
-868
153
770
1594
2130
1550
540
146
-496
-1421
-813
691
1169
643
3
-498
-811
-1314
-1670
-888
28
78
60
460
291
72
537
1352
2219
2330
1896
-224
-3027
-2733
-366
368
423
1592
1958
1365
-1366
-5182
-3446
483
419
282
2442
2626
590
-1146
-2644
-1826
-349
-710
460
3085
2846
911
176
-139
-461
-1651
-2853
-668
2193
1811
1084
1489
731
-1392
-3075
-2500
-115
554
-448
633
2031
659
-1115
-1770
-1716
-829
69
358
1116
2089
1475
549
394
-167
-1105
-1017
472
1301
925
122
-527
-742
-1293
-1827
-1230
12
283
236
591
419
-175
-142
626
1707
2106
1834
1334
-1577
-3493
-1323
484
144
933
2133
1484
231
-3508
-4941
-828
917
-28
1593
3112
1389
-438
-2172
-2931
-823
-317
-485
2320
3774
1699
120
-81
-394
-1046
-2481
-1906
1475
2403
1071
1290
1364
-414
-2488
-2911
-1087
535
-231
-265
1736
1661
-738
-1950
-1735
-1412
-417
606
1145
2144
2355
962
-2
-11
-1065
-1654
-87
1337
1360
562
-279
-1026
-1444
-1886
-1855
-284
718
677
776
761
-19
-475
85
861
1879
2194
1948
-177
-3063
-2551
-354
16
1
1481
2129
1435
-1492
-4765
-2294
988
87
309
2805
2698
252
-1585
-2582
-1311
-377
-1107
803
3451
2440
211
-146
91
-390
-1908
-2439
392
2568
1388
774
1574
650
-1890
-3117
-1682
428
187
-775
460
1451
16
-1949
-2119
-1025
-382
330
973
1550
1902
1208
225
155
153
-1029
-619
1153
1425
523
-394
-798
-1124
-1367
-1536
-765
561
635
346
358
135
-344
-183
893
1992
2290
2121
1293
-2327
-4161
-1623
-4
-225
964
2283
1852
501
-3658
-4630
-187
828
-372
1863
3491
1436
-772
-2463
-2717
-840
-970
-822
2713
3845
1346
-132
-8
-117
-1143
-2597
-1346
2301
2610
764
1183
1430
-741
-2967
-2766
-416
993
-202
-448
1541
1296
-1801
-2818
-1566
-772
88
1046
1697
2262
1963
125
-689
-38
-800
-983
747
1892
1302
-65
-1059
-1623
-1556
-1622
-1231
680
1476
842
311
-275
-848
-895
-37
1142
2717
3103
2826
732
-3779
-3908
-1098
-573
-307
1742
2943
2316
-511
-5127
-3351
752
-458
-306
3187
3596
904
-938
-2527
-2219
-1110
-1984
0
3763
3081
728
393
641
-374
-2467
-3222
-62
3173
1891
883
2132
1293
-1770
-3668
-2345
286
298
-1064
477
2155
89
-2241
-2271
-1286
-333
414
916
1934
2543
1071
-186
104
-141
-1236
-716
852
1320
692
-591
-1143
-869
-1058
-1435
-257
1269
1017
222
-312
-714
-918
-344
654
2138
3010
2760
1711
-2402
-4536
-2241
-213
-78
980
2787
2607
748
-3964
-4966
-452
543
-445
1855
3618
1714
-761
-2415
-2851
-1284
-1475
-1289
2722
4189
1601
175
609
340
-1483
-3134
-1520
2426
3089
1143
1379
1833
-451
-3456
-3334
-668
509
-828
-745
1631
1227
-1428
-2310
-1452
-338
366
814
1588
2442
1612
-155
-226
73
-838
-1123
404
1598
1045
-159
-1195
-1110
-898
-1572
-878
737
1177
480
-147
-342
-483
-77
487
1977
3105
2588
301
-3423
-3519
-1356
-390
517
2075
2738
1904
-334
-4517
-3799
160
101
115
2451
2915
729
-1519
-2840
-2429
-1034
-1453
-179
3477
3391
1071
78
0
-389
-1673
-2286
-186
2863
2813
1196
1329
1094
-1374
-3593
-2493
55
103
-879
103
1283
259
-1795
-2444
-1375
-33
650
1073
2105
2376
995
-349
-302
-83
-939
-750
900
1752
886
-684
-1029
-490
-737
-1210
-607
579
734
-79
-397
35
612
663
1287
2465
2568
286
-3673
-3870
-1228
-385
12
1947
3064
1853
-445
-3900
-3604
-134
535
545
2325
2851
699
-1721
-2926
-2381
-1050
-934
328
3260
3216
1235
92
-467
-886
-1729
-1856
111
2529
2644
1558
1301
590
-1506
-3417
-2701
-135
538
-712
-277
996
196
-1165
-1783
-1419
-75
927
1045
1392
1801
1018
139
6
-111
-596
-784
237
1244
888
-498
-1145
-589
-466
-508
-173
306
426
-223
-575
-28
626
894
1600
2531
2442
-347
-4193
-3727
-1060
-111
715
2285
2859
1738
-998
-4065
-2983
-91
250
1085
2859
2460
405
-1863
-2853
-1841
-1058
-1114
730
3351
2655
753
-3
-475
-1134
-1910
-1342
1007
2861
2432
1541
1468
455
-2038
-3376
-1920
-261
-292
-530
261
925
-75
-1442
-1509
-841
-494
206
1415
1778
1256
316
-200
-9
-242
-850
-459
909
1332
423
-262
-361
-435
-596
-464
-5
102
-336
-614
-179
658
952
1160
2040
2650
1448
-2582
-4487
-2103
-421
-33
1348
2823
2414
136
-3058
-3702
-1109
217
378
1949
3016
1682
-1115
-2836
-2368
-1279
-1064
-332
2244
3268
1555
26
-535
-800
-1799
-2265
-67
2543
2725
1562
1257
1291
-336
-2810
-2859
-522
513
-631
-633
766
655
-1100
-1785
-886
-257
28
509
1359
1753
761
-488
-335
376
-91
-542
332
1381
1094
-344
-944
-378
-314
-576
-60
729
535
-484
-838
-394
204
546
1236
2448
2770
1029
-2711
-4027
-2137
-935
-16
1693
2753
2138
168
-2516
-3133
-1340
-113
466
1530
2119
1153
-887
-2148
-1816
-1186
-880
293
1998
2329
1448
369
-329
-743
-1614
-1814
136
2151
2288
1679
1306
925
-483
-2365
-2324
-462
255
-868
-897
376
147
-1118
-1327
-625
-96
201
589
1121
1238
392
-415
-146
350
39
-86
753
1225
543
-522
-805
-486
-538
-535
139
795
585
-258
-774
-324
239
251
933
2266
2643
735
-2545
-3439
-1876
-869
-398
1094
2671
2051
-243
-2089
-2323
-1184
46
317
932
2236
1354
-1137
-1366
-606
-1053
-851
432
1429
1618
851
-151
17
66
-1462
-1750
379
1737
1517
1146
1195
1131
-258
-2005
-1757
-225
-204
-1208
-701
512
191
-862
-976
-551
-306
-171
77
780
1222
558
29
435
485
-322
-568
328
1015
527
-283
-232
53
-431
-758
-278
295
386
-27
-239
245
608
291
589
1750
1911
-102
-2554
-2612
-974
-351
-148
1136
2035
1189
-713
-2112
-1932
-588
245
176
1018
1904
440
-1152
-711
-226
-642
-543
257
1044
1295
314
-475
316
185
-1249
-1064
431
1115
954
805
1043
1131
-10
-1476
-996
175
-432
-1217
-444
246
-250
-714
-509
-255
-201
-391
-424
347
650
-66
49
978
957
125
-111
357
502
124
-154
-56
43
-298
-508
-201
21
-149
-297
-61
165
46
-99
198
790
971
598
117
-388
-862
-573
182
334
347
494
251
-106
-496
-906
-338
531
30
-406
456
623
-175
-42
439
324
149
-398
-996
-378
152
-670
-593
559
327
-368
-167
-98
-160
90
152
332
662
239
-187
292
413
-273
-584
-434
-99
285
165
100
480
282
-489
-636
-377
-271
34
525
884
764
81
-414
-252
-152
-388
-375
-175
-36
185
103
-152
-85
-238
-500
-268
125
334
554
708
690
495
-275
-720
-237
-78
102
732
480
-145
19
-249
-919
-300
93
-501
157
828
-37
-126
503
20
-211
157
-608
-924
157
159
-379
90
136
-433
-304
-159
-511
-236
208
77
303
633
217
-6
245
132
-107
-265
-349
92
619
536
392
294
-246
-589
-316
-179
-160
223
537
598
423
-95
-577
-610
-441
-345
-213
-37
113
176
32
-109
-226
-582
-606
-74
431
750
810
838
710
-19
-469
-340
-293
57
758
799
416
365
-260
-1094
-457
43
-595
-162
685
165
-96
369
-29
-312
137
-268
-677
99
216
-317
126
278
-494
-615
-246
-253
7
324
158
360
627
142
1
333
46
-226
-143
-287
-257
120
228
304
405
-71
-433
-240
-196
-213
-31
225
500
463
167
38
-125
-493
-481
-134
-127
-136
113
147
42
-33
-343
-580
-358
-21
341
752
844
676
347
-194
-331
-223
-355
78
851
600
130
249
-334
-942
-319
-138
-582
63
419
-175
119
358
-389
-364
63
-416
-404
272
112
-78
242
-65
-538
-476
-479
-326
323
570
425
603
508
48
70
198
-16
-85
-51
-178
-67
58
-154
-45
207
-155
-437
-196
-170
-314
-135
227
407
374
263
152
21
-219
-389
-361
-180
35
110
230
365
144
-318
-518
-307
16
247
552
892
933
600
-45
-439
-381
-484
-406
278
605
335
236
-52
-719
-667
-290
-507
-210
557
320
-79
244
-8
-581
-437
-440
-569
19
371
83
271
484
-83
-482
-279
-189
-29
429
490
424
513
157
-138
160
240
-117
-235
-121
-22
120
12
-176
59
63
-372
-401
-180
-185
-90
233
455
506
334
-29
-200
-176
-144
-223
-282
-5
253
154
114
201
-112
-474
-332
-154
1
412
694
766
854
444
-535
-751
-260
-299
-181
473
550
210
74
-385
-862
-406
-84
-388
129
770
236
-168
96
-139
-456
-314
-498
-428
253
204
-136
270
293
-381
-439
-73
-87
42
313
356
483
399
-101
-139
273
120
-286
-210
-45
-39
70
85
107
280
4
-417
-323
-175
-251
-91
403
631
470
220
-173
-414
-355
-375
-393
-183
113
248
209
135
-32
-286
-387
-240
-47
203
567
739
638
468
-35
-726
-673
-182
-30
309
756
479
89
-13
-595
-873
-194
-16
-149
514
631
-152
-240
16
-296
-434
-402
-557
-191
251
22
-8
283
-16
-428
-279
-121
-31
250
346
343
446
205
-168
43
327
45
-188
-89
-43
39
161
139
138
36
-256
-330
-229
-182
-1
316
510
538
334
-72
-319
-409
-433
-249
-161
-101
176
247
118
114
-28
-241
-191
-53
87
340
491
434
425
407
-11
-471
-345
-18
54
157
381
292
38
-49
-327
-549
-144
82
-150
91
358
-20
-154
94
-88
-375
-301
-408
-490
-107
-24
-161
122
227
-110
-195
-36
-5
88
259
271
355
456
205
37
123
-39
-337
-388
-176
154
337
224
144
151
-116
-461
-428
-249
-104
183
400
407
320
64
-280
-371
-276
-272
-295
-81
241
244
23
-36
-22
-130
-227
-118
3
119
375
448
373
420
288
-228
-469
-188
-109
-117
302
451
154
95
-78
-505
-321
99
-95
-87
358
223
-107
53
-9
-323
-348
-527
-625
-120
122
-14
269
459
0
-327
-203
-152
-84
161
265
458
709
441
55
14
-62
-326
-442
-173
161
226
201
230
204
-87
-397
-376
-226
-64
199
276
210
216
22
-352
-455
-355
-344
-204
91
243
229
236
159
-76
-208
-231
-206
-69
105
279
406
403
340
260
15
-293
-254
-25
-17
34
346
384
75
-44
-157
-400
-175
50
-147
77
425
80
-227
-51
-148
-466
-471
-449
-348
93
270
102
266
304
-142
-291
-186
-158
48
306
372
418
447
123
-184
-129
-228
-388
-174
102
133
200
231
2
-103
-110
-270
-240
59
198
196
311
316
78
-169
-375
-452
-320
-147
17
205
352
327
129
-94
-190
-174
-145
-99
132
386
336
314
358
170
102
77
-196
-225
22
14
-73
191
296
2
-7
2
-295
-201
23
-66
72
263
36
-183
-136
-251
-530
-487
-279
-117
192
278
101
157
125
-229
-410
-233
-26
53
218
368
365
330
130
-139
-174
-92
-88
-44
146
187
-13
-85
-35
-192
-267
-80
-5
17
145
156
51
76
51
-182
-204
-70
-126
-87
62
64
84
77
-49
-102
-88
-98
-81
24
54
49
122
47
8
213
230
112
176
94
-113
-66
-3
-60
108
270
77
-30
33
-199
-281
42
-9
-210
-15
-15
-196
-63
-6
-136
-46
-8
-199
-147
83
46
63
253
106
-115
-42
-13
-25
173
201
68
155
109
-91
-43
32
-52
-102
-95
-130
-164
-83
27
108
159
86
-39
-90
-40
67
94
106
195
171
27
6
-5
-116
-86
5
-31
-4
69
-22
-46
80
70
-35
-2
84
-18
-40
84
42
101
206
-8
-149
-23
-75
-154
39
202
135
105
81
-170
-206
-80
-223
-214
65
77
-55
5
-27
-217
-255
-239
-253
-87
66
58
128
183
42
-88
-63
12
54
66
122
189
161
38
6
68
20
-39
-29
-52
38
127
22
5
70
-77
-203
-118
-54
-36
58
100
41
34
-24
-152
-108
2
-42
-64
-2
6
-6
62
85
27
55
83
0
-15
45
38
9
52
88
31
58
95
-74
-138
-22
-56
-67
120
188
33
-20
-55
-256
-223
-19
-60
-33
180
123
-53
-29
-59
-189
-135
-28
-57
29
150
79
52
105
21
-72
-39
3
52
149
170
129
109
-15
-143
-109
-60
-20
23
38
58
11
-68
-95
-87
-86
-112
-103
-32
30
29
-8
-8
21
-39
-100
-28
8
-3
49
85
47
37
11
-13
76
117
64
41
84
52
-36
-46
-24
25
83
67
65
23
-91
-111
-43
2
67
81
-8
-56
-77
-151
-179
-98
-54
-76
-16
51
3
2
42
-6
-58
-44
-41
11
104
109
107
146
123
26
-22
-10
0
9
4
45
120
118
44
32
45
-1
-30
-76
-100
-20
-9
-63
-23
42
26
-69
-111
-90
-123
-129
-87
-45
20
25
29
62
64
16
-79
-76
8
67
105
125
136
88
21
-41
-92
-82
-69
-23
91
201
187
123
104
2
-106
-76
-86
-123
24
151
159
110
12
-121
-186
-125
-137
-144
50
101
36
81
80
-89
-338
-264
27
82
8
-67
-25
141
122
6
25
36
-10
-64
35
243
218
79
14
97
160
-14
-196
-129
-5
17
-34
-44
-3
-67
-150
-92
-54
-113
-89
-23
66
71
-48
-64
-10
-26
-40
-5
17
16
-32
-21
82
144
27
-59
-4
43
5
-38
-4
10
42
72
80
176
169
53
3
-64
-50
-26
-76
-2
79
41
29
23
-48
-103
-92
-59
-39
21
76
6
-43
-29
-83
-126
-77
-97
-100
6
21
14
47
41
37
33
42
37
73
105
29
0
69
60
16
43
41
-9
-78
-109
-136
-84
19
30
61
53
-42
-142
-139
-83
-86
-43
63
110
99
90
92
59
0
-68
-125
-80
9
32
59
76
46
-15
-76
-56
28
76
75
94
87
67
51
62
99
31
-54
-91
-101
-16
93
112
119
89
-5
-119
-137
-79
-74
-15
60
28
-20
-26
-35
-36
-37
-66
-123
-145
-68
11
43
95
62
-45
-98
-102
-52
28
61
81
108
53
4
0
-19
6
9
-46
-55
-56
-5
61
75
75
10
-57
-63
-69
-68
8
35
66
89
26
22
10
-47
-57
-69
-60
-20
1
33
40
32
28
-6
-22
2
-3
-4
26
26
26
29
27
52
42
43
16
-60
-27
7
4
66
80
24
-1
-37
-61
-72
-85
-49
-19
34
78
40
14
1
-82
-87
-79
-97
-29
-7
44
113
66
27
-33
-84
-49
-63
-48
31
57
89
49
-37
-22
-60
-93
-24
-1
15
37
21
8
24
31
-21
-73
-30
-7
-51
2
59
32
13
-31
-53
9
22
-11
-27
14
0
-24
31
74
73
49
27
4
-4
-40
-46
34
94
108
53
-23
-11
-9
13
46
42
55
41
-9
1
-4
-20
27
3
-21
-1
-49
-47
-22
-11
31
-15
-19
-17
-52
-12
-30
-49
-24
-32
-16
-3
-33
-38
-10
-10
-4
-9
-13
-2
1
40
37
5
-18
-39
-10
42
36
16
25
23
-1
-10
-1
10
11
6
10
-1
8
8
-15
15
12
-13
-19
-30
-19
-13
-17
13
21
5
4
-13
1
12
-13
-5
5
7
22
9
16
36
9
23
31
4
14
2
7
30
12
19
31
41
32
-11
-39
-14
-2
-1
2
-2
15
-4
-12
-7
-16
-5
-8
-36
-26
-16
-20
-5
8
-8
-29
-50
-65
-41
-3
24
55
50
18
-9
-24
-43
-39
-14
16
32
35
25
-15
-10
-1
-15
-12
-10
1
12
23
35
16
1
5
-12
-7
17
22
29
16
-13
-17
-7
-14
-5
8
11
10
-7
1
11
18
26
0
10
13
3
14
13
16
20
12
-5
-5
-11
-12
0
21
27
7
-14
-18
-7
-11
-21
1
15
8
-3
-7
-6
-14
-17
-32
-39
-28
-27
-28
-16
11
7
-5
-7
-7
-10
-11
-2
5
12
6
-7
0
-19
-34
-18
-25
-19
-2
1
12
15
5
2
-7
-7
-3
-12
5
13
7
20
9
10
17
-2
3
15
16
16
-6
-9
-4
12
31
15
2
-1
-3
-3
3
16
19
27
22
-6
-22
-14
14
25
24
22
4
13
22
6
-3
-7
-13
-13
-3
0
6
5
-1
1
-16
-36
-46
-30
-25
-19
5
5
7
-5
-6
-11
-16
-8
-26
-22
-8
-1
5
-3
-2
-8
-8
0
7
25
36
29
13
-7
-17
-17
-13
-4
4
10
10
-4
-14
-8
0
8
4
2
-5
-18
-16
0
10
7
-2
-5
1
-2
-10
-14
-4
0
2
5
17
22
7
7
0
-4
-3
0
10
19
25
14
-1
0
1
4
0
-3
12
12
7
6
-1
-11
-13
-7
-4
-5
-10
-8
0
-11
-13
-1
-9
-8
1
-6
-6
-15
-21
-12
-6
5
8
12
19
10
-6
-9
-2
4
8
7
12
15
12
3
-3
1
6
3
5
9
0
-1
-2
2
12
11
6
-2
-8
-3
-5
-11
-18
-7
-3
-4
1
2
7
10
7
-3
-3
3
6
11
12
7
2
-9
-15
-7
-6
6
15
8
8
5
3
8
9
10
-3
-14
-8
-9
-3
-1
2
11
-4
-4
-6
-9
0
2
5
0
-3
-7
-11
-6
-4
-6
-10
-11
-3
2
9
6
0
7
-1
-10
-3
-1
-1
-5
5
7
8
6
0
-1
-4
-6
-8
2
6
0
-11
-16
-20
-6
1
2
16
8
-1
-3
-2
-1
5
10
10
6
-2
-13
-17
-7
-3
7
15
7
0
1
0
-6
-7
-10
-2
12
16
11
6
1
-2
-4
1
-1
-3
-3
-16
-13
-4
-2
-3
2
10
7
2
3
-4
-7
-3
-1
2
13
16
19
21
13
-3
-14
-13
-8
0
10
6
4
5
-4
-8
3
4
1
-2
-7
-9
-15
-7
3
10
14
1
-7
1
1
8
11
6
6
3
-2
-6
-2
-8
-17
-14
-3
1
7
11
9
13
8
1
-4
-6
-5
-3
3
-1
-12
-14
-8
-3
3
11
15
4
-3
-8
-7
-4
-1
3
8
11
3
-6
-9
-4
0
1
-1
1
0
-7
0
5
6
6
3
1
-3
-1
-4
3
5
2
-1
-6
-9
-1
2
-1
-6
-7
0
12
13
6
0
-3
-6
-5
-3
-1
4
13
15
4
-5
-3
-8
-8
-4
-3
1
5
7
5
-1
0
-1
-1
6
8
9
9
8
5
-2
-6
-8
-11
2
10
3
2
-4
-8
-6
-9
-11
-8
-5
-2
-5
-6
-4
-7
-9
-8
-6
3
9
7
11
7
0
0
6
10
11
13
10
1
-4
0
-4
-6
-5
-6
-4
-5
-4
-1
4
8
0
-8
-6
-6
-2
-4
-10
-6
-8
-7
-2
-3
-3
4
8
9
19
19
11
1
-4
-2
-4
-3
-2
5
11
7
-4
-9
-10
-10
-1
3
2
4
1
0
3
1
0
2
3
-4
-7
-11
-17
-14
-7
-7
-12
-5
-2
-8
-1
3
6
9
5
8
10
-1
-5
-8
-9
-6
-2
-10
-11
-2
6
7
2
-1
6
12
13
11
6
11
3
-1
9
5
5
3
-2
-3
1
7
6
6
3
-5
-4
2
-1
-3
-1
2
4
4
6
3
6
2
0
2
0
5
-2
-12
-11
-10
-8
-6
4
5
2
-1
-7
-10
-10
-8
-1
2
10
5
-6
-13
-16
-14
-13
-6
7
15
12
4
-3
-8
-6
-4
-4
-3
-2
-2
1
0
-3
-7
-9
-3
-3
-2
9
13
11
3
-1
0
1
5
6
3
1
-3
-12
-9
1
6
5
4
4
5
3
1
4
4
6
5
5
9
7
2
-3
-3
-1
-1
2
3
6
14
14
7
0
-6
0
3
0
1
-3
-8
-12
-13
-3
5
5
3
0
-2
-7
-14
-10
-10
-7
5
10
12
10
9
4
4
5
8
9
10
9
3
-3
-7
-7
-4
0
1
0
0
3
1
0
3
6
7
-2
-10
-16
-14
-7
-5
1
5
3
0
-2
-1
3
2
1
-1
-3
0
3
1
3
6
8
8
8
6
0
-1
3
4
2
0
-4
-3
1
-2
3
7
3
1
0
0
3
5
3
1
1
-3
-4
-6
-11
-6
0
5
9
9
2
-7
-9
-12
-13
-12
-7
-5
-4
-4
-3
3
3
6
3
-5
-4
-3
0
-1
-4
-4
-6
-7
-4
-6
-1
5
2
3
7
10
0
-6
-2
-5
-4
-6
-11
-9
-3
0
-1
3
3
-1
-1
5
7
11
9
-1
-4
-5
-6
1
3
3
8
7
-1
-5
-3
-2
-2
-6
-4
0
-1
-4
-4
-1
-2
1
-2
-7
-1
5
3
-2
-3
-1
-1
2
2
3
2
6
12
11
13
4
-5
-1
-6
-1
6
9
9
8
12
7
1
-5
-10
-7
-11
-8
-1
3
2
3
4
-2
-9
-6
-4
-3
1
-1
-6
0
7
11
8
6
2
2
0
-1
-3
-4
-4
-5
-2
-3
0
6
6
3
3
2
4
9
10
8
4
-3
-4
-5
-3
-2
-3
-1
4
5
0
-2
-6
-5
0
-1
-5
-1
4
2
4
5
6
5
-3
-2
-5
-3
-3
-8
-6
-1
0
7
8
9
11
8
5
0
-5
-6
-5
-5
-10
-8
-3
3
0
1
1
-9
-9
-1
3
2
-6
-8
-1
3
2
3
5
9
12
4
-6
-7
-3
-3
1
7
3
-2
4
5
-1
0
8
6
9
7
0
-3
-10
-6
-3
-4
-4
4
4
4
7
3
-6
-6
1
-1
-2
1
-7
-8
0
19
7
-18
-9
0
4
4
1
-1
1
2
2
10
10
1
-4
0
15
29
5
-20
-16
-2
-2
3
9
12
3
-13
-12
-7
-3
-14
-3
17
4
-3
-9
-5
1
-8
-15
-1
13
0
-2
-11
-10
-4
-8
2
10
12
1
-2
6
1
-2
-6
-7
-8
-9
-4
-1
1
-3
-4
-1
-1
3
6
1
-6
-7
-8
-11
-9
-10
0
8
6
1
4
6
4
5
0
-4
-3
-6
-7
-1
-1
-3
-2
-5
-12
-6
4
7
11
4
-5
-7
-5
-4
-1
2
3
3
5
1
-10
-8
-4
0
4
7
2
-1
3
1
-1
-1
5
7
3
4
3
6
3
1
2
-7
1
11
6
4
0
-8
-6
8
19
20
11
-1
-5
-5
-1
1
4
2
5
6
-5
-11
-6
0
6
9
1
-7
-3
-2
-12
-18
-12
1
8
2
3
7
3
0
-1
-2
0
-10
-18
-13
7
12
0
2
6
5
4
5
7
13
10
6
2
-7
-13
-16
-13
-7
6
17
18
15
10
-4
-9
-2
-3
-2
-4
-8
-14
-16
-11
-3
4
11
18
17
16
12
8
5
-3
-3
2
10
3
-1
2
-1
-1
0
2
2
-3
-4
3
2
-8
-15
-14
-7
-4
2
8
9
11
6
-5
-6
3
12
10
9
7
-3
-13
-10
-1
4
10
2
-7
-5
6
10
5
-1
-5
-10
-6
8
15
12
1
-19
-21
-9
-2
6
12
4
-1
-5
-10
-1
2
3
2
0
1
3
1
-1
-7
-10
-7
-3
6
18
18
7
2
-6
-14
-10
4
12
7
2
3
2
3
-6
-9
-4
7
14
6
-3
-4
-4
-10
-9
-2
4
7
3
4
7
2
-2
0
-5
-3
3
7
8
-4
-9
-6
0
1
-2
-5
-4
4
5
8
1
-7
-4
-14
-12
-9
-2
10
8
1
-13
-11
-4
0
1
2
2
4
0
-18
-19
-14
-11
-7
-2
-4
-4
-2
-6
-3
3
5
9
12
16
9
-3
-10
-12
-9
-5
6
13
10
8
0
-13
-12
-6
2
4
1
1
3
-3
-8
-12
-12
-4
5
6
6
12
13
7
-5
-10
-7
3
11
10
7
-4
-1
1
-5
-3
2
11
11
7
3
-4
-5
-8
-8
-9
-3
7
-2
5
1
1
5
4
3
-1
-4
-11
-5
0
2
3
2
9
4
2
2
-3
-1
-4
-6
-4
2
7
14
12
1
-8
-8
2
4
1
-3
-6
-3
-5
-5
-1
3
5
3
1
-2
-3
-3
-8
-8
-4
1
2
5
10
3
-3
0
0
-2
2
9
12
4
-7
-7
1
1
-8
-7
-4
6
5
5
10
6
4
-3
-9
-7
-2
5
8
10
5
-7
-7
0
0
-8
-8
-3
3
-1
-5
-2
-7
-1
-3
-5
-3
-1
3
4
5
-4
-12
-8
-1
7
12
19
17
8
2
-3
0
8
4
-2
-2
-4
-3
1
1
1
3
8
3
0
-2
-3
-1
3
0
-6
1
4
2
1
3
8
2
5
5
-2
-3
-7
-9
-8
-7
-8
-8
-1
7
13
10
1
-7
-4
-1
-6
-6
-7
-5
-8
-10
-5
6
9
3
3
4
2
3
2
-1
-8
-8
0
-4
-1
8
8
3
-5
-7
-6
3
15
14
9
4
-3
-6
-7
-4
-5
-8
-6
-3
-3
-2
4
1
-6
-7
-8
0
8
11
8
6
4
-1
-8
0
13
10
5
-1
-5
-1
5
9
12
14
9
5
4
1
-2
-1
-2
-2
3
4
3
1
-5
-11
-11
-10
-1
5
9
7
-3
-9
-9
-3
-1
4
2
-3
-3
-2
1
5
10
3
-4
-1
1
1
-5
-4
-7
-10
-8
0
6
5
7
6
-3
-9
-3
5
-1
-3
0
1
0
-3
-7
-10
-8
-5
1
6
4
2
-2
-4
-1
0
1
-5
-5
-3
0
1
-1
-5
-4
-3
1
5
1
3
9
9
6
3
1
-3
-3
-4
-10
-5
-3
2
2
-2
1
-3
-6
0
4
5
4
4
3
-2
3
7
3
-1
1
3
-1
-4
-5
-4
-1
-1
-8
-9
-10
-11
-7
-7
-5
-3
6
12
9
10
7
7
5
2
0
2
3
-1
-3
-4
2
8
12
13
5
1
-2
-3
-4
-7
-4
-1
-3
0
-3
-7
-4
0
3
2
2
0
1
10
10
11
7
2
4
4
0
-1
3
-2
-8
-6
-1
-2
-8
-10
-10
-7
-3
1
1
1
-1
-7
-14
-10
-2
-4
-3
0
1
-5
-2
1
-3
3
11
5
-4
-5
-2
-2
2
-7
-9
1
-2
-5
-5
6
10
7
-6
-11
5
7
7
3
5
14
13
2
-4
-1
-3
-3
-2
4
10
10
6
2
0
-2
3
5
2
-1
4
4
1
0
-5
-1
4
4
4
1
-2
-1
-5
-8
-3
-2
-6
-7
-6
1
7
8
-1
-7
-5
-1
3
2
-1
-6
-7
-7
-12
-13
-7
-1
2
7
11
10
9
8
1
-6
-7
-4
-1
3
4
2
-2
-5
4
8
9
8
3
0
0
1
0
-2
1
7
4
-5
0
-4
-8
-4
-1
3
1
1
-1
-1
-1
-1
1
7
9
2
-1
-4
-2
0
-3
1
4
4
3
4
3
-4
-7
-6
1
0
0
-1
-1
-2
-5
-4
-2
4
10
5
1
3
5
1
0
0
4
6
3
0
2
5
3
3
2
2
3
2
4
-1
-4
-4
-6
-4
-2
-3
-1
0
1
0
-3
-5
-6
-7
-3
-1
-1
-5
-6
-7
-5
-1
4
7
6
5
4
3
-1
-1
0
5
9
9
8
5
-3
-4
-4
-6
-3
1
2
2
2
2
-1
2
4
1
1
2
-1
-4
-10
-9
-2
-1
5
5
4
1
-4
-7
-9
-7
-5
0
0
1
1
4
7
5
1
2
2
-2
-2
-7
-4
2
-3
-3
-3
-1
0
-5
-2
6
8
10
11
7
3
1
2
0
4
3
-5
-5
-5
-8
-7
-9
-2
1
-4
-11
-12
-11
-13
-13
-8
-4
1
-3
-12
-8
0
-3
-2
1
3
8
10
5
7
5
8
12
10
8
0
-7
-4
-2
0
-7
-11
-4
-3
-5
-1
-1
6
9
7
6
1
2
4
7
5
2
5
1
-3
-4
-5
-2
3
0
1
5
10
4
-3
-3
-5
-4
-3
-10
-7
2
-4
-6
-1
-5
-2
3
4
3
2
-3
-10
-6
-4
-3
3
10
7
-2
-1
-8
0
10
9
5
-1
-2
-3
0
3
-1
-3
1
4
5
4
4
7
7
3
1
4
-1
-5
-3
-9
-8
-2
3
4
12
10
5
2
0
1
3
3
2
2
0
-1
1
2
1
1
-1
-1
6
11
6
6
5
-4
-6
-3
0
4
-1
-1
-2
-2
-5
-13
-17
-10
5
1
-12
-3
4
1
-2
-8
-7
-5
2
10
4
-4
-11
-16
-12
-4
11
9
-4
-1
-4
-17
-12
-6
2
8
9
14
3
-13
-15
1
12
11
9
7
-3
-12
-18
-18
0
10
7
10
12
7
9
7
6
5
4
7
8
7
1
-4
-5
-9
-6
3
10
9
0
-2
-4
-2
1
-1
8
11
-1
-1
1
-4
-5
-7
-1
4
-7
-10
-6
7
10
-2
-10
-16
-11
3
3
-11
-8
0
-10
-15
-6
0
8
12
5
0
-7
-1
-2
1
14
18
12
-10
-8
-4
5
19
17
17
8
0
-9
-21
-6
1
4
10
2
4
6
0
1
0
-1
7
6
-4
-13
-18
-13
-9
-14
-9
2
9
7
9
9
12
14
11
11
3
-1
-10
-18
-11
-7
-5
1
5
-1
6
7
0
7
8
3
-1
2
7
3
2
4
9
12
12
10
1
-2
-1
-5
-8
-3
6
8
5
4
-1
-1
2
-8
-9
-12
-12
0
-4
-7
-4
-8
-10
-1
10
11
8
3
-3
-7
-3
4
3
-1
-5
-9
-11
-10
2
7
9
13
0
-5
-1
-1
-1
-3
-1
7
5
8
10
13
14
0
-8
-10
-1
-1
-4
-2
-5
-1
-2
-4
-5
-2
6
7
4
6
2
-3
-6
-8
-3
5
6
4
6
-2
-5
2
-2
-1
4
1
-3
-4
-13
-15
-9
-8
0
1
3
5
4
-2
-11
-12
-11
-9
1
9
2
-5
-9
-5
3
-1
-4
3
-4
-7
-2
-2
-1
-1
7
7
4
4
-2
-2
-2
1
5
-1
-5
0
0
-9
-5
4
5
4
2
6
-1
-4
2
0
4
7
-7
-9
-2
-3
-3
1
12
11
1
-8
-11
2
4
2
5
-4
-2
4
-2
-3
2
4
4
2
-1
-3
-3
2
7
9
12
7
1
-7
-11
-16
-16
-11
-9
-5
1
1
4
2
-1
9
8
2
-1
-6
-10
-18
-11
-5
-3
2
-3
-4
1
4
6
4
-3
-3
1
0
4
2
6
11
13
16
16
12
10
3
0
3
4
6
8
5
-3
-4
4
8
6
3
-6
-9
-8
-10
-6
3
6
9
6
0
-1
2
0
0
2
0
-4
0
-3
-1
7
5
4
3
3
0
-3
-4
0
-1
-9
-6
-7
-6
6
8
11
8
3
-1
-11
-12
-15
-15
-4
-6
-7
-2
-3
-6
-8
4
9
6
6
-4
-5
-4
-5
-5
-3
-1
1
4
-1
-3
2
4
13
20
12
3
-7
-17
-10
0
4
1
0
2
4
3
1
4
0
-5
-2
-3
-2
6
4
2
-4
-1
-1
-8
-3
-7
0
5
0
-4
-6
0
2
10
7
0
2
0
3
0
-3
-2
-6
-2
-1
-2
1
-1
-2
2
5
7
7
7
5
0
-2
-2
-4
-5
-2
-1
1
3
2
0
6
7
7
2
-3
-10
-8
-6
-7
-6
3
10
4
-7
-16
-18
-6
-3
-5
-4
2
5
3
3
7
10
5
1
0
-1
-2
-1
-3
-5
-3
-3
2
3
2
6
6
7
5
-1
1
10
16
8
7
9
10
13
4
-2
-9
-12
-5
-9
0
4
4
8
-1
5
7
4
4
2
-1
-10
-14
-14
-8
0
2
6
1
-5
-10
-9
2
9
4
-1
-4
-5
-10
-10
-3
2
8
5
-5
-9
-4
-3
-6
1
10
9
3
1
-4
-7
-4
-3
0
3
1
0
-3
-8
-8
-6
-4
-1
2
1
4
6
5
5
3
6
8
2
-6
-9
-11
-12
-9
2
10
12
7
-8
-4
0
5
9
2
-1
-3
-3
-3
1
10
7
5
7
8
9
3
-1
-5
-2
4
5
8
9
9
5
-1
-6
-9
-13
-8
-2
3
4
-3
-10
-13
-4
2
-5
-7
-13
-18
-10
-10
-11
-8
-7
-5
-5
-6
-7
-3
-4
-2
1
8
15
11
1
-4
0
9
11
12
13
5
3
0
2
9
10
6
7
9
5
1
-4
-5
0
-2
-1
-4
-9
-4
-3
-2
-3
5
11
10
1
-4
1
0
0
5
11
6
0
3
-6
-10
0
1
6
7
5
4
0
-2
-3
3
11
4
2
2
-4
-1
-2
1
6
2
-1
-6
-6
-9
-8
0
-5
-1
5
7
13
7
5
4
3
-4
-6
1
1
-2
1
2
0
0
0
9
12
14
9
-5
-10
-13
-14
-9
-3
1
2
2
1
3
4
3
-1
0
-1
-3
-7
-17
-19
-16
-12
-6
-2
0
3
5
2
-5
-3
6
10
6
-2
-11
-6
2
2
2
4
11
11
6
0
-5
-13
-13
-6
-4
0
1
5
1
0
8
2
0
-1
-2
-3
-5
-7
-8
-9
-7
-5
0
6
8
6
1
0
9
13
11
5
-2
1
11
14
14
11
6
6
8
6
5
10
9
2
-1
-1
3
7
8
2
-4
-5
-4
-12
-13
-7
1
7
2
3
1
2
5
2
3
4
3
7
5
-2
-12
-14
-9
-4
-8
-14
-10
-4
-6
-7
-9
-8
-1
5
1
-2
2
1
-8
-11
-6
3
4
0
-1
4
8
11
7
6
2
-4
-4
-15
-13
-4
-6
-3
1
-3
-2
3
1
-6
-5
1
1
3
1
0
-1
-6
-7
1
11
12
7
0
-6
-10
-9
-13
-11
-2
4
2
-1
0
-1
4
9
6
1
-4
-11
-12
-7
0
6
8
9
4
-1
-7
-6
-7
-5
2
3
-4
-6
