5
6
4
4
-2
-3
1
1
3
-1
-1
0
6
11
13
19
19
21
21
18
15
12
9
3
2
2
1
1
1
-2
-2
-2
-6
-5
-7
-7
-8
-5
-2
-2
3
0
0
2
1
-1
3
5
-1
-4
-4
-3
-5
-7
-6
-7
-9
-12
-13
-12
-10
-6
-2
1
3
7
9
6
2
-5
-12
-8
-2
-1
2
4
3
0
-1
1
7
5
5
8
7
5
6
6
3
2
-1
-5
-5
-4
-3
-2
3
3
2
3
4
5
4
3
4
6
5
7
8
6
4
3
0
-1
-1
-3
-7
-8
-14
-17
-17
-11
-10
-10
-9
-10
-6
-2
4
8
7
10
6
2
-1
-5
-6
-9
-5
-7
-5
-3
-5
-7
-6
-6
-5
2
7
7
5
3
0
-7
-9
-5
-3
-1
1
2
3
3
4
3
3
7
6
7
10
13
15
13
14
17
16
14
14
10
4
-2
-6
-10
-13
-12
-12
-7
-8
-5
0
2
2
0
-1
0
1
1
-2
-1
-2
-6
-9
-11
-9
-8
-5
-1
-2
-4
-1
-4
-6
-3
-6
-8
-1
0
-6
-14
-17
-13
-8
-7
-7
-4
0
5
8
8
8
4
2
0
1
3
7
12
17
20
21
20
12
11
10
10
11
9
2
-6
-4
-4
-3
-3
-4
-7
-8
-7
-8
-6
-6
-7
-10
-8
-8
-9
-5
-3
1
3
2
5
10
11
4
1
2
4
2
2
3
2
3
5
6
8
11
9
6
1
-3
-7
-9
-8
-9
-10
-10
-8
-5
-7
-4
0
3
2
3
6
6
0
-3
-3
-2
0
2
3
4
3
1
-3
-4
-2
1
4
8
11
12
9
8
11
8
6
3
0
3
2
-1
-5
-3
-3
-4
-6
-3
0
4
11
4
-4
-10
-14
-5
3
5
2
-1
-1
-2
-1
2
4
7
7
2
-1
-7
-10
-9
-14
-11
-4
0
6
10
14
16
10
0
-6
-7
-9
-10
-7
-5
-7
-9
-10
-5
0
0
3
9
9
2
-9
-17
-21
-17
-13
-10
-1
4
3
3
3
2
0
0
1
1
0
-1
0
-5
-6
-4
1
8
12
12
10
11
7
3
1
-3
2
4
3
-1
-2
-1
4
1
0
5
3
1
-3
-8
-12
-15
-13
-7
2
8
13
12
10
12
12
10
10
5
1
-1
0
-1
0
3
6
6
6
10
12
9
4
-3
-5
-6
-5
-1
-7
-8
-11
-9
-3
0
1
-2
1
1
0
-3
-8
-4
-5
-8
-10
-5
0
5
7
8
8
2
-2
-4
1
2
-6
-15
-21
-20
-11
-3
4
8
10
7
5
4
-4
-1
4
4
3
-4
-5
-13
-14
-11
-5
0
1
3
-3
8
11
5
1
5
14
18
19
19
17
14
5
-3
-9
-7
-6
-1
2
-8
-12
-11
-8
-3
-2
1
5
5
-1
-3
0
1
-3
-9
-5
-4
-6
-4
-5
-2
1
-1
0
0
-2
-4
-3
-4
-6
0
8
14
18
14
7
7
6
7
4
3
2
-2
-5
-4
-1
4
7
11
12
-2
-5
-6
-15
-19
-19
-12
-4
2
4
4
6
-4
-8
-2
4
7
9
0
-10
-13
-12
-2
4
11
14
12
10
0
-5
-6
-7
-10
-13
-8
0
3
3
0
-2
-8
-11
-10
-11
-8
-12
-18
-22
-16
-9
-7
-3
-1
-5
-4
3
2
-2
-3
-7
-2
8
15
17
12
3
2
1
5
9
6
4
-2
-9
-10
-5
2
3
3
4
3
1
3
4
-2
0
5
9
11
7
3
2
0
0
4
5
5
2
-5
-14
-14
-11
-13
-10
-2
-2
-1
0
0
4
7
9
8
3
3
3
-2
-1
8
12
14
15
13
17
15
14
13
12
13
6
-4
-12
-9
-4
-1
8
13
11
8
6
2
1
3
2
1
4
2
-3
0
-5
-4
6
11
15
13
11
9
2
2
0
-1
4
7
10
10
11
8
1
-2
-2
3
11
9
7
3
-6
-4
1
0
-4
-7
-10
-8
-5
0
3
10
10
5
-2
-8
-14
-14
-16
-14
-14
-12
-4
-5
-8
-15
-16
-10
-7
-5
-7
-12
-13
-16
-24
-23
-19
-9
-6
-6
0
2
2
2
-3
-9
-5
3
7
10
7
2
-1
1
3
5
8
11
8
2
-2
-7
-5
-2
1
2
-2
0
4
4
4
2
-2
-2
-3
0
3
6
0
-7
-8
-4
4
7
3
0
-3
-5
-2
-5
-8
-7
-12
-11
-4
2
11
11
9
5
0
0
2
14
14
8
-6
-15
-13
-8
1
1
-1
1
6
5
4
8
9
8
5
4
2
2
7
7
4
4
1
3
9
8
9
2
-3
-3
-6
-1
4
7
5
2
-1
-1
3
1
2
3
0
-11
-16
-13
-8
-7
-4
-3
-6
-7
-10
-10
-5
4
8
10
4
3
2
-4
-4
-3
-2
-1
0
-2
-5
-7
-8
-10
-7
3
9
11
12
13
8
-1
-5
-5
-4
-1
2
1
0
-3
-7
-8
-10
-1
11
13
13
8
0
-3
1
3
7
10
9
4
5
6
0
-2
-4
-10
-6
3
5
4
4
5
2
5
8
8
7
6
5
6
2
-3
-9
-8
-8
-2
2
1
2
-1
-5
-9
-12
-13
-13
-14
-16
-19
-19
-18
-14
-9
-7
-5
-2
2
6
5
0
-4
-2
-3
-6
-6
-4
2
8
12
11
11
7
6
8
12
8
3
-2
-7
-6
-2
5
12
18
18
12
7
3
-3
-1
3
4
0
-6
-7
-7
-4
-2
-2
2
7
7
5
5
7
4
2
-3
-4
-5
-5
-3
-6
-7
-9
-6
-6
-2
0
-2
-4
-7
-6
-8
-6
-4
0
5
0
-2
-3
-1
3
5
2
-7
-8
-4
-1
-2
-5
-5
-5
-3
-1
5
9
10
7
8
11
15
16
12
14
13
14
11
6
5
2
4
8
13
10
4
5
8
8
8
6
1
-1
-4
-9
-6
-7
-11
-13
-13
-8
-6
-7
-10
-10
-9
-11
-7
-1
0
-1
-1
-1
-1
-1
-4
-9
-14
-12
-12
-8
-1
4
7
2
1
1
-1
3
3
5
5
0
-2
-5
-4
4
6
4
0
1
-2
-6
-6
-3
0
-1
3
5
2
1
-3
-5
-3
-2
-1
-5
-11
-15
-20
-28
-23
-19
-12
2
5
15
18
19
14
8
13
18
20
20
20
18
13
7
6
8
10
7
2
-1
-4
-7
-4
2
4
1
-3
-7
-10
-13
-13
-13
-12
-11
-14
-14
-16
-12
-11
-11
-4
-2
-2
-5
-6
0
-1
-7
-7
-6
-5
-2
-2
-1
-1
-3
1
6
13
16
14
6
2
6
8
11
17
20
19
13
7
5
7
7
7
8
3
-1
-2
0
-2
-3
0
-3
-6
-7
-6
-6
-5
-3
2
6
6
1
-1
-6
-12
-13
-9
-4
-5
-7
-6
-4
-4
-2
1
5
4
4
4
2
2
-1
-6
-4
0
5
9
4
-3
-6
-3
-2
0
-2
-5
-4
-5
0
1
-1
0
-1
-5
-2
0
3
5
4
1
-2
-2
-5
-3
0
2
9
13
16
15
11
8
12
12
5
3
5
5
1
1
-1
-3
-1
4
3
1
-1
-4
-5
-11
-12
-10
-12
-8
-9
-8
-4
1
3
1
-1
0
-1
-2
2
5
8
8
11
9
8
7
5
5
2
1
-1
-4
-6
-13
-15
-15
-10
-2
2
4
3
-1
-2
-3
-3
1
7
7
3
0
-4
-8
-9
-5
-2
3
6
4
6
1
-2
-3
-1
4
6
7
9
12
14
11
8
3
0
-1
-2
1
-2
-6
-10
-6
2
7
9
10
10
9
8
9
8
7
3
-2
-1
1
1
0
1
6
6
6
4
-1
-3
-5
-13
-20
-20
-15
-10
-10
-7
-3
-2
-2
-5
-7
-9
-8
-9
-11
-8
-10
-9
-6
-4
0
2
0
5
11
10
7
0
-4
-8
-7
-6
-3
1
6
5
0
1
5
7
11
11
11
7
1
0
-3
-1
0
1
0
0
3
4
0
-3
-3
-6
-6
-6
-7
-9
-10
-11
-10
-6
-2
0
2
0
0
-1
-3
-1
-3
-3
-3
-3
1
1
3
1
2
4
6
7
7
5
2
2
4
4
5
2
1
1
3
4
1
1
0
2
5
5
4
0
0
0
-1
1
0
1
-1
0
1
0
1
1
1
1
0
-1
0
3
2
-2
-5
-4
0
6
1
-1
-1
-2
1
-3
-2
-3
-7
-2
-2
-2
-4
-4
0
4
9
10
4
-3
-2
1
0
-3
-8
-7
-3
1
3
-2
-2
0
6
8
0
2
-1
-2
-3
-6
-2
-1
4
3
3
3
1
3
3
5
1
-1
-1
0
0
-1
4
3
1
4
9
5
0
2
2
-1
0
1
0
-3
-7
-7
1
1
2
-1
1
3
3
6
2
-3
-4
-7
-8
-5
-5
-4
0
1
2
3
2
-2
0
-1
-3
-1
-1
0
1
0
0
-1
2
2
-1
-1
-1
2
2
-2
-6
-6
0
-1
-2
1
0
2
1
1
2
-2
-1
0
-1
-4
-8
-4
-3
0
2
2
2
-1
-2
-3
-3
-1
0
-2
0
3
4
5
2
-1
0
1
4
6
5
4
3
5
4
0
0
1
2
4
4
0
-4
-3
-2
-2
-6
-8
-3
-3
-6
-2
1
1
3
-1
-1
-1
-1
2
5
9
11
7
1
-1
4
2
2
2
0
2
3
-1
-3
4
13
8
1
-3
-7
-2
-2
3
5
4
0
-4
-3
1
5
2
0
-2
-9
-12
-17
-16
-13
-13
-8
-9
-6
0
2
2
-4
-10
-10
-11
-9
-6
-13
-15
-12
-11
-1
6
4
0
0
3
6
8
6
5
1
0
4
9
16
14
10
8
1
-3
-4
-3
-4
-5
-3
1
4
7
2
1
7
6
10
9
11
12
2
-1
-5
-4
-6
0
8
4
2
-3
1
4
4
2
-7
-9
-9
-11
-4
10
13
6
6
9
9
12
14
10
2
-1
-1
-3
8
8
-2
-1
-3
-1
6
5
6
4
5
-2
-4
4
-9
-11
-1
-4
-9
-10
-4
-4
-3
-11
-20
-14
-7
7
11
-3
-11
-17
-3
6
-1
-6
-9
-4
-2
-7
-6
2
4
-1
-2
-3
-1
-1
-3
-10
-13
0
6
1
4
9
10
1
-8
-9
-3
-3
-2
-1
-1
-2
-6
-10
-12
-2
5
2
2
7
12
9
2
-5
-8
7
13
13
14
10
8
2
8
14
0
5
9
3
-3
-13
-12
-8
-3
1
5
3
0
5
3
7
8
6
6
-1
-11
-7
-2
1
2
-1
0
9
17
19
10
0
-9
-13
-6
1
2
-1
-9
-10
-8
0
15
12
2
-4
1
1
0
3
-2
1
4
-3
-9
-5
1
3
0
-1
-10
-14
-7
-4
-3
-6
0
7
9
14
9
-5
-13
-8
-8
-6
0
-10
-10
-8
-4
7
4
1
0
3
3
0
3
3
0
-5
-3
3
0
3
3
-1
0
8
15
15
13
6
7
4
-1
5
10
10
5
-3
-4
-4
-4
-13
-12
0
-2
-7
-14
-18
-13
-7
3
4
1
10
10
8
4
1
3
-2
3
7
-6
-9
-6
-5
-10
-5
2
2
2
-1
-2
4
5
7
6
-2
-3
-1
5
3
1
-1
-5
2
-4
-7
-2
-4
0
-4
-3
-8
-12
-1
-2
2
7
3
4
2
3
6
4
-1
-9
-5
-1
-4
-1
2
6
4
1
-4
3
7
5
3
-4
-3
1
5
10
4
0
0
3
7
5
1
1
2
2
2
4
4
5
14
16
15
5
1
5
3
4
-2
-6
-3
-4
-2
-10
-13
-9
-5
-1
-1
-8
-13
-13
-11
-9
-4
0
-1
-2
3
4
2
6
6
10
9
-1
3
15
14
15
13
8
8
7
3
1
-1
-2
-1
-3
-4
1
-1
1
6
4
8
7
4
7
6
8
-2
-4
-2
-6
-1
-3
-9
-6
1
0
-10
-13
-11
-1
2
-6
-9
-9
-11
-16
-17
-7
-1
-1
-3
-1
1
-2
0
2
3
2
0
-4
-4
-2
0
1
1
1
-1
-5
-1
4
0
-4
-5
-4
-1
0
-3
-4
-2
-1
-1
1
6
6
8
5
-1
-3
-4
3
2
-4
-5
-6
-1
0
-4
-5
-2
5
2
1
2
-1
2
1
1
-2
-1
-1
-6
-6
-7
-4
-6
-7
-5
-6
-3
1
-3
-8
-4
3
2
0
0
-2
4
11
9
8
11
19
20
17
15
14
18
16
11
1
-3
0
-7
-10
-13
-9
-1
0
-1
0
-1
-2
-3
-2
-3
-7
-11
-8
-4
-6
-2
-1
4
9
8
6
1
-3
0
0
0
0
2
1
1
5
8
0
-5
-4
0
1
-1
0
-5
-5
-1
0
-3
-6
-1
-3
0
7
7
3
-4
-2
-5
-5
-2
-5
-10
-8
-7
-11
-13
-12
-13
-9
-4
-5
-4
2
5
-1
-6
-3
3
5
2
-3
-6
-6
-7
-4
-4
-7
-8
-3
-2
-4
-3
1
1
-1
0
-1
4
6
-2
-4
-1
3
4
3
10
17
15
9
8
8
6
9
7
5
1
-1
-2
-4
-3
-4
-3
2
8
8
7
2
1
-1
-2
3
-1
-1
-2
-4
-5
-2
5
8
7
3
2
1
2
-1
-5
-3
2
4
2
-3
1
3
-1
-2
-2
1
3
3
2
2
7
7
5
8
11
13
11
4
-6
-12
-12
-10
-11
-12
-14
-12
-15
-16
-17
-16
-10
-8
-6
-4
-8
-10
-3
3
5
5
7
11
14
19
11
8
4
2
4
1
5
5
3
-2
-3
1
1
0
-1
-5
-6
-6
-6
-10
-10
-12
-12
-8
-3
0
2
2
0
-1
7
11
7
7
3
1
-3
-8
-5
-7
-9
-5
0
4
2
7
8
4
5
4
8
11
11
12
8
2
0
4
9
12
9
3
-2
-11
-16
-15
-13
-14
-9
-6
-7
-6
-2
1
2
3
1
2
3
0
-3
-3
-7
-8
-3
1
8
16
17
13
10
7
7
5
2
-1
-3
-1
0
5
7
0
2
7
5
2
1
2
1
-5
-8
-4
4
5
2
-3
-1
-2
-3
-4
-9
-9
-6
-8
-10
-12
-6
-2
0
5
11
11
4
3
6
10
13
17
16
9
4
2
2
3
5
8
3
-5
-8
-14
-16
-5
0
-4
-12
-11
-3
2
-4
-29
-18
6
11
7
-8
-8
-2
4
7
13
10
3
-2
8
18
15
1
-11
-1
10
9
7
5
-5
-7
-9
-9
7
9
17
9
11
9
0
15
6
-2
-9
-14
-3
-2
-10
-8
3
8
8
5
6
8
4
-2
-4
-7
-16
-16
-11
-5
-1
9
10
5
5
7
8
10
10
3
-3
-3
-8
-7
-2
-2
4
2
1
-4
-4
3
-2
2
-3
-9
-7
3
12
10
9
1
-4
-1
-2
-4
1
1
-3
-9
-13
-3
-4
-6
-8
-9
-9
-12
-6
-4
-7
-5
-15
-17
-3
7
4
-3
-4
-6
9
17
12
6
-8
-6
-1
-4
-8
-5
4
3
9
9
5
9
7
9
0
-9
-9
-6
10
16
6
-16
-21
5
20
25
13
-8
-9
-5
-7
-4
-2
-5
-8
-8
-3
-3
-5
7
15
17
17
1
-1
6
3
5
1
5
11
9
9
7
3
-4
-3
-2
-17
-12
-12
-9
10
4
-7
-6
0
8
9
-1
-4
-1
-2
-4
7
10
0
4
1
-4
6
13
6
-1
2
-2
-6
-11
-13
-15
-16
-4
-5
-4
-1
-1
-4
-8
9
1
-5
-1
-11
-4
4
8
4
1
4
3
4
-1
-3
3
-2
-4
-1
-10
-13
-3
-3
1
-2
-6
-6
-13
-13
-2
4
-1
-8
-7
-6
1
12
13
5
-7
-13
-8
16
21
3
-2
-5
-3
3
3
6
0
-8
-10
-12
-13
-12
-11
-16
-9
0
1
13
10
7
12
11
12
6
6
3
-3
4
7
5
8
6
10
19
19
7
1
-3
-4
6
16
10
-5
-5
-7
-3
9
8
8
11
8
2
0
9
5
-4
4
9
4
2
3
1
0
-4
-14
-17
-2
-6
-7
-5
-13
-15
-24
-26
-12
-3
-5
-4
-5
0
3
4
2
-3
1
3
-2
10
11
4
0
-1
5
4
10
3
2
5
0
2
-1
0
-6
-4
-3
-3
3
3
7
9
6
8
3
3
3
4
-1
-12
-9
-3
5
4
6
12
4
7
6
-2
10
16
10
-4
-8
-5
1
10
4
1
5
3
0
-3
-7
-3
-7
-13
-6
-5
-4
-5
-5
-2
-5
-4
-8
-15
-11
2
10
-5
-12
-2
-8
-2
6
6
6
-2
2
-1
6
18
1
-8
-9
-7
-2
1
7
0
-3
0
1
15
18
9
-2
-3
-9
-12
0
4
4
8
3
1
2
6
10
10
8
0
-5
2
3
-1
0
-3
2
9
6
-2
-9
-7
-3
0
4
1
-9
-10
-7
-1
-1
3
4
1
-4
-10
-6
-5
0
7
-3
-5
-11
-12
-8
-10
-2
-5
-4
0
-10
-3
5
6
1
-8
-3
-1
0
6
9
7
-1
3
4
1
11
14
11
10
10
6
9
12
5
-5
-12
-10
-2
5
3
1
-4
-9
1
8
12
15
3
-2
2
-1
-3
-2
1
0
3
5
-6
-7
-4
-1
5
5
1
-9
-4
-7
-10
-1
-6
-12
-13
-9
-7
1
5
-2
-9
-11
-15
-14
-3
7
6
9
0
-6
-3
1
6
-1
-4
-7
-10
-1
4
10
10
7
-1
-6
1
3
5
0
-6
-6
-9
-6
-3
-5
1
6
3
-6
-3
4
8
9
0
-8
-15
-16
-7
-1
7
10
6
-2
-6
-10
-9
6
10
3
0
-3
-3
-1
3
2
6
10
-2
-6
-3
1
0
-3
2
-4
-2
0
-9
-5
6
4
-1
-4
-5
3
11
15
7
3
0
-4
0
7
13
9
1
-5
-2
0
4
9
16
17
6
4
4
2
5
10
3
-6
-1
-5
-3
7
5
3
4
0
2
3
0
3
7
2
-2
-10
-8
5
6
7
-2
-4
-2
-7
-4
-2
-1
-14
-20
-24
-25
-9
-6
-2
-3
-7
-9
-12
-8
-5
2
-3
-6
-5
-9
-1
7
9
4
-1
-6
-8
-1
5
0
-6
-2
0
2
7
4
5
12
14
5
2
7
5
6
6
2
-5
-6
-4
1
6
5
-1
-7
-7
-2
3
8
4
8
14
8
5
5
7
5
1
3
4
8
9
9
14
9
8
4
4
4
-8
-8
-4
-1
-4
-10
-4
-8
-8
0
-5
-8
-4
1
-2
-4
-4
-9
-7
-5
-3
-1
-1
3
4
2
0
2
-4
-4
-3
1
1
-4
-4
-5
-4
4
13
12
13
9
4
9
7
-2
-4
-5
-3
-1
1
4
10
9
0
-8
-10
-5
4
8
9
13
11
0
-4
-8
-3
1
-1
-2
-8
-7
-10
-9
-1
2
-3
-6
-10
-13
-10
-9
-13
-12
-6
-5
1
7
5
10
19
15
9
11
8
2
3
7
-1
1
2
-5
1
7
4
-1
2
10
9
10
5
1
2
1
1
-5
-9
-5
-10
-9
-2
-6
-3
-7
-8
-6
-1
4
2
5
5
-3
-1
-5
-2
0
2
4
-2
-2
-4
-7
-1
-7
-7
-2
1
14
14
8
0
-8
-3
0
5
12
12
5
1
1
8
8
8
11
2
-9
-9
-9
-9
-1
-8
-16
-17
-17
-12
-9
3
4
5
3
-5
-1
-5
-3
-1
-1
5
0
-5
2
7
6
4
3
-1
-5
-5
-6
-4
-1
-4
-6
-8
-12
-6
0
4
8
2
-2
-4
0
9
9
11
12
1
-1
-4
-6
7
4
5
11
5
5
7
1
3
5
5
1
1
3
-2
-2
-9
-13
-11
-12
-13
-7
-7
-7
1
4
-1
-5
-4
-3
-3
-1
-5
-2
2
-1
1
-3
-5
-7
-8
0
-4
1
3
4
10
9
12
11
12
12
-1
-2
0
0
5
8
10
7
7
3
-4
-6
-8
-9
-4
2
-1
-9
-14
-6
-8
-9
-8
-9
-4
-7
-5
-7
-5
0
-7
-5
-2
7
13
9
6
4
5
4
7
11
10
11
7
0
0
2
-1
-1
-1
-1
-1
1
2
3
9
13
11
4
-3
-8
-2
0
-2
-1
-2
-2
-9
0
3
2
7
4
6
5
2
3
0
1
-2
-1
-1
-5
-3
-4
-6
-7
-8
-9
-9
0
4
2
2
-2
-1
1
4
7
3
2
-2
1
3
0
3
-3
-9
-7
-3
2
7
7
6
7
8
6
3
4
8
4
-3
-5
-6
-4
2
5
5
2
1
0
-1
-3
-5
1
0
-7
-10
-15
-11
-3
-2
-3
-11
-17
-16
-18
-14
-17
-17
-16
-19
-10
-4
-5
0
-2
-1
2
4
4
4
1
-5
-4
-1
4
7
13
16
13
10
4
-4
-12
-8
-1
2
3
9
16
15
14
15
12
13
11
5
0
-3
-4
-4
0
4
5
8
7
8
11
11
8
6
4
1
-6
-11
-11
-12
-9
-7
-2
2
0
7
5
-1
-4
-1
5
6
8
3
-2
-6
-5
-4
-7
3
6
4
2
-3
2
7
8
4
5
4
2
8
6
3
1
1
-2
-4
-2
-7
-3
-3
-9
-8
-12
-10
-6
-6
-2
-1
-2
-6
-7
4
6
8
5
0
1
1
-3
-4
4
12
10
3
-2
-4
5
12
12
14
6
4
5
1
1
1
2
1
0
1
-2
-2
-2
-2
0
0
1
1
1
1
-3
-8
-10
-13
-7
-5
-9
-7
-2
1
1
9
11
9
4
7
8
8
8
-1
-8
-11
-9
-11
-11
-7
-3
0
3
6
8
8
9
7
1
1
-8
-15
-11
-11
-6
-6
-7
-8
-5
6
6
3
-2
-7
-5
-2
-3
-2
-1
-3
-4
-4
-4
-4
2
11
12
16
20
17
17
7
3
0
-3
0
0
4
4
6
6
2
4
3
7
13
11
9
4
-5
-10
-9
-5
-4
-12
-16
-6
2
1
2
1
3
2
1
-4
-5
-9
-18
-19
-15
-16
-12
-13
-18
-18
-11
-10
-13
-11
-7
-11
-7
-1
0
5
3
6
3
4
3
-2
2
0
2
10
17
20
16
18
17
19
16
10
5
-5
-7
-14
-8
-6
-7
-4
-1
8
6
-1
-5
-5
-1
0
-1
-6
-15
-17
-19
-9
1
4
12
20
25
20
13
10
11
9
10
13
23
25
17
17
17
18
18
19
23
25
19
8
-1
-14
-15
-13
-14
-11
-12
-12
-13
-15
-9
-1
5
5
-1
-5
-8
-9
-16
-13
-6
-3
1
-1
-6
-8
-12
-4
2
2
5
-1
-7
-2
2
2
-2
5
15
1
3
3
7
6
-11
-10
-23
-22
-18
-18
-11
-8
-13
-13
7
21
21
13
11
13
10
4
-12
-21
-16
-14
-11
-2
5
7
11
24
19
12
11
8
4
-8
-11
-11
-12
-11
-10
-5
3
5
2
11
11
8
-1
-15
-14
-14
-21
-21
-14
-9
-4
2
3
-1
-2
5
2
-3
-6
-8
-12
-15
-15
-21
-18
-13
-12
-2
3
2
1
10
14
6
3
6
5
2
-1
-6
-6
-8
-10
0
13
21
22
17
18
20
19
9
13
12
10
12
-1
-7
-6
-4
-6
-13
-10
-6
-5
3
13
10
-3
-6
-6
-7
-2
6
8
6
3
2
-1
-2
1
5
2
3
11
5
5
4
0
0
4
15
16
11
9
8
8
11
5
-8
-4
-7
-11
-6
-4
-11
-17
-13
-7
5
4
-2
-9
-18
-18
-20
-10
-2
-3
-4
-6
-12
-6
3
9
14
10
5
8
9
5
4
2
6
9
2
5
5
0
-7
-12
-10
-11
-18
-18
-18
-26
-30
-29
-18
-14
-8
18
26
26
20
11
8
8
8
5
7
7
7
3
-1
7
13
9
4
5
4
8
5
0
-1
-2
0
2
3
2
-6
-11
-12
-14
-5
-3
-8
-7
-3
-3
-4
-5
-4
-6
1
10
6
2
1
-7
-8
-4
-1
1
5
9
8
9
8
7
14
14
5
-8
-11
-10
-10
-6
2
9
7
2
0
4
11
11
6
6
7
3
-1
-8
-5
-1
-1
0
5
12
8
0
-8
-12
-13
-4
10
3
-4
-13
-21
-11
0
5
5
2
4
10
12
7
12
6
-6
-12
-6
3
2
5
-3
-9
-1
4
3
6
7
3
1
0
-3
-6
-8
-13
-19
-12
-3
-6
-8
-4
-4
-1
3
3
8
8
3
-2
0
-3
-4
-1
-3
2
4
2
2
1
-2
-9
-9
-5
-7
2
7
2
2
6
0
-2
3
5
0
-2
-4
-11
-2
7
3
6
2
-1
5
13
19
23
17
8
3
-2
0
1
3
6
1
-5
-1
-4
0
10
10
14
11
0
-5
-3
-5
-9
-7
-4
0
0
-2
1
6
-3
-2
-2
-1
-4
-9
-12
-13
-6
1
6
10
14
14
10
11
9
3
-2
-2
-8
-12
-9
-10
-3
0
4
10
9
3
-3
-2
-3
-6
-3
-1
-5
-12
-15
-17
-16
-12
-14
-18
-20
-14
-9
-6
1
9
10
9
12
7
2
-3
-8
-13
-14
-8
-3
-1
-1
3
4
1
1
6
7
10
5
3
-5
-8
0
6
4
1
-3
-7
-9
-8
-6
0
4
7
2
-1
6
9
14
11
5
-1
-1
-4
-7
-5
-2
6
10
9
14
16
21
20
8
1
0
0
3
3
5
9
4
-6
-12
-9
-3
5
7
2
-4
-20
-29
-25
-13
1
5
4
1
0
1
7
6
6
9
6
0
2
4
-2
-2
0
-4
-9
-9
-6
-8
-2
-1
4
12
8
5
2
-2
-6
-6
-2
-3
-3
-1
0
3
1
1
8
14
13
3
-4
-6
-6
-12
-7
2
6
7
2
5
4
6
4
-3
-3
-5
-5
-12
-12
-6
-7
-10
-8
-4
1
7
6
4
3
4
2
-4
-5
-8
-14
-19
-19
-12
-7
-7
4
10
16
19
17
13
10
6
5
4
1
0
1
-2
1
4
3
5
8
7
3
-2
-2
-4
-3
-3
-7
-10
-11
-11
-7
-8
-10
-4
2
6
9
7
1
-3
-5
-4
-1
1
-2
-3
-3
-4
-3
1
8
12
6
-1
-10
-10
1
8
14
16
10
2
3
5
11
11
10
3
-2
-1
-5
-8
-15
-16
-12
-6
-1
-2
2
8
4
2
10
12
9
7
7
5
5
9
12
8
7
5
6
5
4
5
7
9
9
8
9
9
0
-5
-6
3
2
-6
-4
-6
-7
-8
-10
-9
-8
0
0
0
9
9
3
1
2
-2
0
2
4
1
-5
-5
-4
2
4
1
5
7
11
7
0
-4
-3
-9
-14
-15
-10
-9
-13
-17
-19
-15
-12
-16
-17
-11
-7
-3
-5
-2
0
0
5
4
10
16
17
13
3
4
10
3
1
0
4
9
8
3
2
8
5
0
4
10
13
15
10
4
0
1
-3
-4
1
-2
-5
-7
-1
1
-4
-6
-8
-13
-14
-14
-10
-3
1
0
-5
-10
-16
-13
-11
-11
-13
-14
-12
-5
-1
1
2
2
6
12
22
23
16
15
17
14
5
3
3
-4
-7
-7
-9
-8
-4
-9
-13
-6
-4
-6
-5
-4
-5
-4
-4
-3
-4
-1
4
5
1
0
3
2
1
4
8
8
12
8
4
2
-1
0
3
5
1
3
3
5
6
-1
-5
-3
1
2
0
0
-3
-4
-2
0
3
7
4
1
0
-3
-8
-12
-13
-15
-13
-18
-20
-20
-16
-11
-2
7
12
18
15
14
9
4
1
5
11
12
15
11
7
3
0
4
3
0
5
3
-5
-7
-7
-5
-1
-1
0
0
-1
-1
0
1
8
10
8
8
4
1
4
7
5
5
6
5
3
2
2
-2
-4
-6
-5
-3
-4
-12
-16
-16
-19
-11
-4
3
10
9
8
6
3
8
10
12
10
2
0
-1
-2
-8
-14
-17
-18
-18
-18
-18
-15
-13
-10
-6
-6
0
2
0
1
-1
1
-2
0
4
7
5
0
4
5
9
10
4
2
2
2
-1
-3
-1
-7
-11
-9
-7
-8
-6
-3
-6
-2
5
4
2
3
3
-1
-7
-5
4
5
6
8
15
17
16
16
9
2
6
2
-1
0
-1
-8
-3
2
0
-2
-12
-3
2
10
14
9
7
7
10
4
-1
-2
-8
-4
-4
-3
-7
-13
-3
6
13
13
8
3
1
0
-9
-12
-15
-13
-7
-6
-5
-11
-11
-8
-3
1
2
-2
0
3
-1
1
-1
0
0
-2
2
2
2
2
1
3
5
7
6
5
2
0
0
0
0
0
0
3
7
4
5
4
2
0
-5
-8
-11
-7
-2
-3
-6
-5
-1
1
-2
-5
-6
-2
0
-2
-4
-3
-1
-1
1
6
9
6
7
8
4
6
10
4
-4
-5
-3
0
1
1
-4
-3
0
0
-1
-1
2
1
-3
-5
-5
-4
1
-3
-1
3
6
9
6
6
8
7
9
10
5
3
-3
0
3
0
4
1
-2
1
-2
-6
-10
-10
0
1
-6
-14
-16
-10
-4
-4
-9
-7
-5
-4
-10
-8
-7
-3
-1
-3
9
6
7
8
1
6
5
5
8
3
9
1
-1
3
4
5
0
-6
-3
5
4
14
12
7
10
2
5
9
5
-1
-5
-3
-7
-13
-17
-27
-19
-14
-13
-5
-3
-3
-9
-3
0
-2
5
6
3
2
0
2
7
13
18
17
16
14
4
1
5
2
1
4
-1
-6
-9
-14
-6
-6
-6
-9
-6
1
-3
3
2
2
12
10
10
10
5
2
-1
0
7
9
14
13
9
8
12
13
3
0
1
4
6
2
0
-3
-4
4
8
11
13
4
2
5
5
11
11
10
9
-2
-3
-3
-10
-6
-10
-7
-2
-9
-6
-4
-11
-10
-7
-4
-4
-9
-10
-11
-5
-4
-6
-3
-3
-3
-1
2
7
3
-4
-9
-13
-7
-4
-9
-7
-11
-15
-8
-8
-12
-13
-11
-14
-10
-1
-1
-4
-6
-5
-2
7
6
2
2
-5
1
2
5
6
4
11
12
16
12
6
-1
-9
-9
-4
-2
-1
0
-5
-5
-1
2
2
-2
-1
2
4
1
-6
-10
-9
-4
2
0
5
8
14
17
14
12
6
6
6
4
5
4
4
2
-2
-6
-4
-1
-3
-1
-2
-4
-2
-7
-11
-12
-5
2
6
11
10
9
0
-8
0
0
0
-3
-5
-3
-6
1
0
-7
-7
-9
-2
-2
1
-3
-9
1
3
8
12
11
17
20
23
19
12
9
5
3
-1
-5
1
3
-1
-2
-4
-6
-4
-1
-4
-6
-9
-9
-11
-12
-6
-7
-7
-4
-1
-3
-3
3
5
7
9
15
10
5
16
11
9
9
0
-1
-4
-6
-2
-8
-16
-13
-17
-16
-9
-4
1
0
5
4
4
5
1
-3
0
2
3
10
10
6
5
3
6
7
7
14
12
3
-2
-4
-7
1
1
3
8
3
6
6
5
8
6
0
-2
1
-4
-4
-1
0
0
7
14
-1
-3
1
-5
-3
-2
-9
-13
-5
1
-1
-9
-11
-6
-7
-3
-3
-11
-11
-9
1
9
6
4
5
7
11
8
1
2
1
2
-1
-5
0
-3
-7
0
1
-6
-7
-11
-11
-17
-19
-16
-15
-13
-7
-6
-1
7
4
4
7
6
8
4
1
0
-3
-1
0
2
9
6
5
7
1
1
-3
-4
-3
-6
-7
-6
-3
-2
3
-1
-2
-3
-8
-4
-3
2
6
1
2
9
5
4
4
1
-1
-8
-10
-8
-10
-7
-3
-3
4
9
5
11
10
7
3
-5
0
4
5
0
-1
-6
-8
-2
-1
-5
-3
8
2
-2
1
-6
-12
-7
-8
-9
-2
-4
-3
1
5
10
7
8
5
4
7
2
0
4
3
7
7
-2
4
14
14
6
5
8
5
-2
-3
1
1
0
-3
-11
-5
-4
-8
-7
-5
0
5
5
6
6
-1
-1
0
-2
3
-3
-3
5
7
7
2
1
4
2
4
7
0
-1
1
-2
3
0
0
1
1
10
7
1
1
-3
-2
0
0
0
1
-1
1
1
-4
-8
-2
-5
-11
-6
-5
0
-2
2
3
-2
7
1
0
2
-6
-3
5
3
4
4
2
4
5
0
6
9
6
5
-7
-14
-18
-13
-8
-14
-10
-11
-7
0
2
7
9
9
4
0
4
4
6
4
5
10
10
14
13
8
8
4
1
-5
-13
-17
-26
-26
-28
-29
-29
-26
-16
-11
-8
-3
-3
-5
-2
-2
-5
1
13
13
15
14
12
11
10
10
4
1
-1
-4
-8
-6
-8
-11
-10
-7
0
5
13
14
10
4
2
2
4
5
6
11
13
14
18
20
16
13
11
7
5
1
-6
-9
-14
-15
-15
-14
-11
-8
-7
-8
-4
-1
0
7
11
11
11
14
16
13
9
12
15
14
14
11
9
10
11
7
2
1
-4
-10
-16
-18
-23
-19
-12
-12
-17
-18
-20
-19
-16
-11
-6
-4
4
5
-1
1
1
3
8
7
9
10
2
-5
-8
-7
-3
-2
-3
-7
-8
-8
-9
-11
-6
-2
-1
1
1
12
17
13
10
5
4
-1
0
6
10
12
12
7
-1
-6
-10
-12
-9
-5
-7
-9
-6
-10
-14
-15
-10
-1
6
7
7
9
10
9
11
17
21
23
20
12
4
4
-1
-1
1
2
2
-4
-9
-13
-11
-14
-19
-16
-18
-18
-14
-5
-1
-3
1
7
10
7
7
11
9
3
-4
-4
-6
-3
2
-2
0
-3
-4
-7
-8
-6
-10
-9
-4
-9
-10
-7
-9
-1
1
8
17
23
25
21
24
17
8
5
2
0
6
7
1
-1
-6
-10
-9
-8
-1
1
1
-3
-7
-6
-6
0
0
0
8
12
16
16
12
9
8
7
6
5
8
4
-2
-2
-9
-9
-6
-4
-3
-9
-11
-10
-8
-7
-10
-7
3
4
6
10
10
15
16
17
15
12
6
2
2
5
2
-5
-6
-8
-9
-8
-9
-7
-9
-10
-7
-6
-8
-4
0
-1
1
-3
-5
-4
-1
3
2
0
5
8
12
12
6
-1
-9
-9
-3
2
3
2
5
6
0
-7
-4
2
2
4
0
-7
-6
-10
-8
-3
-6
2
10
6
0
-6
-5
-7
-8
-1
-3
-2
-1
-6
-8
-11
-16
-7
-1
4
4
4
3
0
3
9
1
-1
0
-4
-4
-3
1
2
10
16
8
5
5
5
7
4
2
-4
-7
1
-1
-2
5
4
11
16
15
7
-6
-11
-11
-7
6
9
8
4
-6
-7
-1
4
12
8
-4
-7
-6
-3
-3
-4
2
2
-2
2
1
1
-9
-11
-8
-6
1
0
4
-1
-4
-9
-12
-11
-11
-6
-5
-4
-6
-8
-8
-12
-4
1
12
15
10
12
12
3
-7
-8
-11
-11
-8
-3
0
6
8
5
2
4
5
10
13
11
8
7
-5
-10
-5
-6
-6
1
8
8
14
16
6
5
-3
-5
2
7
1
-5
-8
-6
-7
-11
-9
0
2
-3
-4
1
7
-1
-9
-11
-6
3
8
1
-3
-9
-14
-9
4
17
18
19
17
12
11
9
5
-5
-12
-9
-10
-14
-14
-21
-24
-16
-6
5
8
3
-3
-4
-2
1
2
-10
-11
-5
4
5
3
10
4
-2
-6
-4
1
4
4
-7
-11
-12
-9
-10
-8
1
7
9
1
1
0
-8
-4
7
16
18
23
13
0
5
6
10
11
10
-1
-16
-11
-3
-7
-13
-11
-8
-6
0
6
8
0
-8
-12
-11
-4
1
5
3
1
8
16
13
11
11
5
-1
7
9
2
-3
-8
-12
-12
0
11
4
10
11
-1
-8
-11
-5
-4
-6
3
8
3
-4
-8
-21
-13
1
5
13
7
6
2
-4
5
3
-8
-8
-9
-14
-11
-10
-2
-7
-12
-1
-6
-4
6
-2
-5
1
2
5
7
11
12
7
0
-1
-2
-5
1
-6
-15
-13
-4
3
11
13
6
6
6
8
1
4
10
9
4
-6
-12
-5
1
14
25
29
23
14
4
-2
4
5
8
7
15
7
-5
-3
-18
-22
-20
-26
-16
-7
-1
1
-1
-4
6
18
28
34
32
31
13
6
3
3
-4
7
16
7
10
11
4
-17
-37
-40
-34
-23
-9
-14
-13
-12
-16
-7
-4
4
14
-1
-3
16
15
11
3
-7
-9
-2
13
13
5
-3
-14
-27
-22
-13
-10
2
7
1
-3
-17
-18
-19
-15
-10
3
13
15
21
13
8
6
15
25
25
29
30
9
-4
-2
3
14
14
7
14
22
20
11
-2
-7
-4
7
18
21
11
10
-7
-25
-10
-1
11
16
11
4
-6
-11
-11
-18
-16
-23
-25
-25
-22
-23
-21
-22
-31
-25
-17
-8
-2
4
3
11
19
18
18
19
20
8
-1
-7
-22
-31
-28
-22
-17
-9
-5
-13
-16
-16
-15
-6
1
-8
-11
-18
-23
-15
-10
-1
10
20
30
38
45
49
38
31
31
20
20
23
10
-9
-18
-17
-14
-10
0
-5
-12
-11
-9
-8
-3
-4
-8
-8
-15
-9
-2
9
10
11
17
25
37
26
21
15
5
4
-10
-10
-11
-26
-31
-35
-26
-14
-10
-13
-16
-23
-30
-27
-17
-10
-10
-2
6
12
18
17
9
4
0
5
15
23
28
22
8
6
6
2
2
-5
-9
-12
-23
-25
-21
-15
-10
-5
-3
5
19
18
13
12
13
8
-3
15
21
17
19
16
15
11
8
11
16
12
8
4
-3
-21
-23
-12
-9
5
3
-3
-4
-1
-10
-13
-1
6
11
10
11
-1
-11
-25
-40
-44
-35
-21
-18
-19
-31
-34
-24
-22
-26
-21
-7
-3
-3
-1
0
2
11
11
9
28
22
15
15
6
5
4
8
13
23
30
39
32
13
-8
-8
-4
0
3
12
16
5
14
15
21
46
52
41
42
43
33
12
11
14
1
-2
-19
-29
-25
-20
-24
-29
-28
-43
-52
-61
-59
-36
-13
-18
-16
-11
-8
-19
-42
-49
-40
-11
20
19
33
83
85
42
12
8
15
21
19
7
19
29
8
-8
-2
5
7
3
-4
-11
-33
-43
-5
15
56
85
66
36
5
3
19
24
46
86
93
90
56
14
-9
6
22
14
19
38
14
-50
-91
-106
-80
-35
19
14
-29
-35
-43
-63
-84
-63
-22
-21
-45
-62
-54
-42
-58
-90
-83
-40
13
23
12
14
10
-7
-19
-4
12
34
58
47
3
-20
15
19
-22
-34
-5
15
-7
-33
-61
-79
-79
-112
-118
-94
-50
-39
-52
-63
-88
-77
-48
-6
26
54
104
116
102
60
43
91
135
128
109
125
106
68
18
-24
16
47
0
-29
-2
-6
-38
-80
-112
-118
-94
-71
-79
-81
-59
-32
-18
-15
9
41
50
30
20
38
28
5
-7
-34
-25
19
45
20
-6
-39
-63
-58
-157
-208
-127
-123
-180
-154
-156
-177
-115
-123
-132
-33
41
15
-23
-39
-4
76
165
259
205
130
207
238
186
226
321
335
330
305
238
241
351
415
397
348
351
82
-348
-244
180
203
39
32
-69
-232
-420
-693
-442
130
247
-85
-478
-733
-481
-182
-244
-111
129
152
196
-8
-457
-228
329
400
348
358
302
329
164
-97
92
286
262
305
43
-394
-432
-368
-350
-15
38
-240
-311
-352
-550
-521
-424
-317
-52
-25
-165
-216
-221
-95
217
339
323
371
349
284
209
107
174
335
380
298
212
153
187
225
243
132
-16
70
151
58
45
93
122
133
-329
-789
-245
503
329
32
-105
-291
-288
-530
-859
-87
621
345
-204
-678
-905
-292
10
-187
167
392
268
341
-126
-599
177
807
626
639
471
166
205
-104
-271
408
698
416
405
-72
-670
-599
-421
-216
257
-63
-725
-663
-666
-906
-768
-464
-141
185
-116
-467
-481
-338
62
443
438
421
527
411
137
153
325
512
674
504
85
-7
55
-2
147
306
278
88
-81
-345
-420
-185
-3
303
470
392
186
158
57
-380
-461
120
906
758
59
-331
-333
-334
-530
-517
131
882
414
-727
-1437
-1294
-597
-184
-196
-181
-54
-162
-206
-521
-659
217
1045
946
522
275
137
292
182
151
731
970
639
342
-157
-616
-394
-128
186
474
-127
-994
-993
-888
-872
-454
-189
-134
7
-329
-843
-630
-260
15
503
488
164
132
213
289
386
499
754
849
537
201
93
23
219
586
389
70
10
-163
-364
-156
131
308
510
550
247
-43
91
-119
-761
-412
569
923
293
-227
-379
-384
-608
-923
-459
581
776
-168
-1221
-1642
-816
-42
-23
69
298
207
208
-83
-716
-305
803
1123
957
614
417
530
410
-33
440
1106
907
595
-10
-808
-887
-568
-367
240
131
-918
-1309
-1246
-1223
-950
-722
-635
-255
-273
-920
-889
-465
-199
472
745
337
216
330
329
358
331
650
1019
880
383
-14
-154
-28
440
445
171
205
80
-301
-325
-169
35
436
557
407
135
38
-275
-849
-419
764
1357
657
95
-232
-489
-837
-979
-124
1307
1416
8
-1250
-1836
-1145
-136
10
63
420
294
-48
-387
-1054
-498
1044
1407
1038
709
267
196
300
-121
429
1402
1215
747
161
-896
-1172
-618
-89
513
318
-979
-1597
-1332
-1225
-933
-642
-504
-118
-283
-1077
-1058
-509
-98
667
914
321
103
385
395
285
371
742
1224
1132
418
-231
-235
193
681
588
184
98
-143
-286
-215
67
174
453
685
463
37
-39
-186
-1076
-699
676
1350
598
102
-114
-505
-928
-1510
-643
1305
1710
-140
-1808
-2256
-1206
127
150
283
654
438
-80
-509
-1417
-932
1079
1612
1185
648
226
326
613
-3
419
1639
1483
912
185
-1040
-1371
-642
-130
707
588
-979
-1679
-1407
-1428
-1315
-749
-573
-53
-73
-1348
-1485
-619
-132
554
912
454
270
286
304
189
353
820
1432
1382
453
35
-40
129
752
886
317
150
34
-414
-522
-99
198
444
714
656
130
-97
36
-931
-1457
-102
1511
1052
-201
-543
-637
-748
-1311
-1323
747
2262
1008
-1247
-2617
-2173
-138
330
-48
406
508
-182
-313
-1092
-1436
698
2225
1716
1026
506
280
788
247
9
1580
1845
901
402
-767
-1611
-910
-378
295
1096
-359
-1926
-1595
-1382
-1668
-991
-613
-374
70
-993
-1957
-1006
-141
326
1008
787
336
382
211
104
301
727
1493
1794
649
-261
-91
-69
341
1008
693
132
55
-341
-861
-439
147
261
643
583
211
-300
-41
-270
-1657
-1156
962
2141
758
-524
-703
-415
-740
-1499
-544
1763
2205
83
-2282
-2946
-1011
754
338
201
436
147
-121
-527
-1689
-684
1734
2097
1245
315
-66
555
893
-46
807
2097
1565
807
-125
-1412
-1267
-359
110
1227
832
-1396
-1862
-1180
-1482
-1451
-850
-543
17
-435
-1982
-2015
-687
5
543
637
283
455
334
-60
21
445
1185
2013
1545
100
-185
295
294
664
825
334
155
-23
-497
-704
-109
270
472
713
606
289
-188
265
-222
-1885
-1316
1143
2084
563
-642
-950
-626
-739
-1450
-365
2046
2149
-179
-2505
-2996
-702
988
297
161
574
113
-126
-613
-1830
-362
2073
1840
900
174
-104
596
626
-404
989
2396
1553
774
-375
-1689
-1179
-248
14
1186
520
-1612
-1768
-1168
-1470
-1297
-774
-566
407
-299
-1863
-1536
-378
108
515
367
60
773
696
-4
-199
199
1182
1971
1033
-324
-116
381
483
643
471
182
391
179
-586
-561
-7
464
715
635
317
123
204
721
-68
-2151
-1447
1438
2447
630
-578
-876
-547
-619
-1739
-593
2506
2742
-191
-2949
-3485
-1004
1019
157
-61
625
258
-106
-878
-2371
-557
2477
2062
937
450
97
629
589
-621
863
2672
1876
894
-362
-1874
-1272
-151
224
1289
575
-1824
-1914
-1306
-1861
-1343
-474
-425
20
-575
-2295
-1776
-185
175
500
453
63
155
131
48
92
489
1266
1862
935
-405
-169
381
466
1042
863
-38
43
157
-588
-796
6
382
463
691
126
-316
20
994
472
-2096
-1578
1343
2682
663
-432
-540
-491
-356
-1768
-1364
2037
3211
236
-2846
-3490
-1014
1165
-40
-549
465
291
-208
-621
-2474
-1065
2510
2054
533
310
286
653
764
-786
553
2857
2039
999
-92
-1761
-1276
179
114
1114
899
-1647
-1869
-1106
-1777
-1523
-262
-455
-121
-902
-2825
-1942
-36
172
361
678
184
297
63
-160
358
1049
1541
1673
701
-473
83
539
416
1230
1388
295
9
35
-524
-528
336
491
275
582
117
-338
41
1214
-157
-2434
-1044
1811
2321
15
-755
-490
-159
-1066
-2297
-252
3011
3013
-457
-3417
-3206
362
1171
-590
-328
577
368
-55
-1600
-2838
469
2827
1475
363
-40
412
1233
70
-1183
1486
2670
1504
758
-1075
-2231
-824
-2
314
1569
-24
-1938
-1255
-1256
-2084
-952
-168
-64
367
-1614
-2900
-984
469
146
321
320
264
594
83
-217
554
1435
1938
1587
-194
-522
738
761
513
1183
903
-55
71
-462
-953
-204
766
418
469
633
36
-74
407
759
-1584
-1984
374
2612
1346
-710
-767
-377
-610
-1775
-1182
1806
3349
1180
-2787
-4259
-1876
1284
396
-501
71
276
-229
-1101
-2600
-1327
2530
2613
859
-210
-5
985
974
-707
120
2646
2187
1193
-146
-1949
-1482
246
643
1319
1163
-1407
-1754
-1093
-1457
-1578
-390
-130
83
-976
-3246
-2303
-11
671
80
-178
-336
321
346
-486
26
1410
2252
2129
506
-1050
-22
1114
785
760
939
473
9
-447
-991
-519
758
865
724
357
309
307
365
288
-1933
-2211
73
2537
1556
-694
-1180
-640
-580
-2369
-1704
2195
3799
1047
-2466
-4179
-2237
1535
875
-221
444
665
-205
-986
-2706
-1493
2913
2608
413
-351
-442
514
1244
-624
-73
2906
2069
728
-154
-1991
-1653
456
620
1123
1032
-1747
-2118
-914
-1392
-1494
-81
45
217
-883
-3412
-2393
545
1181
718
177
-458
471
735
-261
26
1483
2391
1958
315
-1240
-151
1284
1013
828
809
399
23
-352
-1027
-270
1077
968
524
161
345
76
451
-390
-2574
-1438
942
2553
1308
-353
-1386
-951
-1114
-2542
-115
3462
3085
-403
-3156
-4302
-962
1607
-165
141
921
4
-711
-1506
-3086
377
3580
1601
844
275
-288
744
906
-972
1829
3651
1324
370
-1106
-2627
-681
1189
579
1707
202
-2561
-1840
-1106
-1546
-370
566
-183
33
-2051
-3592
-1078
1140
822
713
109
-415
467
-87
-561
629
2247
2402
1157
-574
-925
607
1206
774
838
777
109
-407
-1151
-1310
278
1172
721
6
314
303
497
827
-1815
-2618
58
2388
1975
299
-910
-1007
-413
-2242
-2138
2187
3974
1331
-2177
-4667
-3150
1571
903
-757
521
682
-170
-433
-2726
-2051
3071
2587
174
280
-100
451
1237
-852
-457
3591
2623
746
-100
-2265
-1782
1014
977
911
1375
-1637
-2416
-1353
-1514
-926
640
108
-287
-1031
-3738
-2694
496
1116
425
3
-619
-48
424
-362
-130
1364
2618
1938
-38
-1236
-17
1202
920
677
562
185
-12
-438
-1349
-554
1129
1257
239
-83
309
317
1039
-141
-2735
-1644
1308
2490
794
-575
-1149
-392
-1319
-2989
-203
3605
2737
-549
-3624
-4491
-160
2223
-281
-216
873
260
-53
-1647
-3026
1388
3818
686
-228
-42
363
1696
380
-1601
2139
3907
1480
464
-1408
-2232
346
1104
248
1308
-228
-2494
-1716
-1813
-1694
242
384
-656
-578
-2897
-3240
46
1428
734
465
-498
-593
751
30
-383
1069
2076
1686
141
-1461
-543
1437
1279
468
281
92
222
-119
-1246
-876
1132
1267
218
-379
15
683
1297
419
-2663
-2283
807
2800
1382
-290
-668
-284
-660
-2892
-1465
3310
4114
745
-3202
-4932
-1717
2327
410
-807
498
483
-167
-1344
-3581
-573
4102
1919
-457
-304
-7
1497
1280
-1313
581
3866
2217
681
-1095
-2984
-713
1607
616
639
329
-2014
-1636
-1443
-1870
-109
1092
-105
-974
-2870
-3737
-397
1894
1098
300
-317
-740
371
290
-338
897
2169
1920
256
-1416
-779
1520
1980
997
666
390
232
171
-961
-1064
1026
1783
840
-330
-221
200
1186
-256
-3073
-1306
1520
2635
920
-767
-1164
7
-1110
-3482
-164
3809
2786
-742
-3894
-4648
-266
1864
-597
-167
525
-135
-618
-2163
-3067
1826
4135
616
-311
-489
2
1441
444
-1083
2340
3523
1229
418
-1838
-2524
395
1692
648
972
-681
-2280
-1308
-1661
-1432
367
965
-113
-1363
-3785
-3165
427
1598
672
-80
-708
-499
284
-469
12
1821
2722
1633
-633
-1369
76
1682
1569
958
781
689
376
-558
-1270
-113
1673
1938
716
74
38
369
-222
-2424
-1433
1496
2714
816
-745
-1636
-855
-403
-2711
-1101
3275
2603
-1047
-3442
-4412
-949
2062
-598
-730
904
-27
-758
-1456
-2914
1279
4400
566
-590
56
-13
1357
851
-1206
1932
3723
984
546
-799
-2279
27
1134
300
1195
43
-2058
-1355
-1889
-2188
65
861
-432
-956
-3040
-3294
35
1065
434
382
-129
-426
-33
-307
-55
1735
2482
1229
-108
-530
546
1651
885
651
1485
867
199
-334
-223
475
1549
1409
727
828
594
339
-2285
-2580
813
2652
1517
-199
-1062
-1777
-842
-2157
-2207
2429
3738
246
-3535
-4685
-2517
2012
347
-1226
684
328
-1028
-1386
-2417
-397
4934
2409
-1269
-359
223
1126
1405
-627
554
4298
1941
-71
-647
-1710
351
1958
-26
-316
735
-1445
-1652
-1589
-2227
-765
599
-672
-1591
-2193
-3071
-573
710
-468
-545
148
223
-47
-415
-295
1362
2310
1376
-276
-717
532
1858
1377
302
1079
1366
659
-681
-358
1012
2168
2130
749
49
475
1043
-2336
-2838
793
2671
1652
-348
-1726
-2009
-609
-2393
-2438
2233
3385
201
-3887
-5571
-2447
2344
-346
-1462
957
34
-1409
-1901
-2785
336
5428
2096
-857
87
218
1498
1282
-518
1779
5126
1841
-63
-759
-1928
501
2002
507
245
258
-2103
-1801
-1789
-1938
-42
455
-1238
-2175
-3048
-3566
-31
1260
-465
-1079
-609
-446
-145
191
248
1766
2405
1199
-438
-505
1160
2398
1365
420
1547
1624
287
-378
74
1016
2547
2301
769
73
721
-462
-3224
-1222
2135
2762
233
-1546
-2156
-1470
-1380
-2823
-297
3031
1871
-2242
-5044
-4137
726
1867
-1606
-466
987
-743
-2043
-2451
-1730
3138
4147
-602
-829
794
1529
1758
305
111
3956
3709
-28
-260
-702
-401
1695
1233
-182
658
-307
-2031
-1624
-1802
-885
371
-596
-2198
-2564
-3243
-1797
814
76
-1222
-855
-303
-471
-398
-254
793
2014
1297
-502
-717
1165
2517
1691
231
686
1720
1458
81
-200
805
2176
2142
868
282
995
1615
-2047
-3299
508
3315
1870
-849
-2113
-2311
-641
-2171
-2431
1797
2829
-414
-3912
-5209
-2291
2681
9
-2145
308
122
-1344
-1606
-2444
70
4607
1080
-1661
178
1084
1974
1476
-485
1470
4887
1652
-89
-42
-829
1133
2042
178
26
818
-1292
-1422
-1441
-1722
-20
-159
-1806
-2149
-2662
-2867
-178
235
-1569
-1440
-609
-502
-2
9
-215
1319
1683
342
-505
103
1970
2629
991
202
1358
1595
645
352
705
2244
3086
1603
206
479
1869
-515
-2882
-634
2597
2325
-757
-2041
-2037
-402
-1493
-3082
326
3035
586
-3735
-5541
-3298
2012
848
-2414
-403
593
-1092
-2069
-2386
-213
4763
2478
-2125
-771
1045
2087
1825
-18
875
4686
2411
-532
221
147
1153
2008
410
-270
920
-770
-1897
-1458
-1513
-290
93
-1563
-2658
-2815
-3112
-789
497
-1124
-1726
-1021
-716
-633
-284
-85
1163
1773
93
-1191
-164
1952
2503
780
3
1650
2520
989
77
664
2171
2870
1739
573
1042
2603
-278
-3462
-948
2836
3182
-155
-2098
-2303
-454
-1327
-2906
230
2888
694
-3655
-5582
-3645
1405
462
-2808
-621
547
-1128
-2226
-2232
-307
3890
2208
-1600
-73
1394
1604
899
-39
1135
4359
2265
-678
224
518
1299
1856
766
183
997
-373
-1588
-1232
-1203
3
-252
-1854
-2410
-2357
-2522
-841
-111
-1860
-2035
-982
-888
-881
-300
-112
676
856
-391
-895
148
1911
2241
608
-102
1244
1946
1172
733
1360
2306
2514
1619
827
1195
2691
901
-2897
-918
2678
2833
251
-1305
-1815
-394
-618
-3071
-454
2868
936
-2858
-5319
-3985
1087
1047
-3334
-1429
525
-1064
-1968
-2437
-947
3518
2744
-1963
-702
1423
1800
1454
-61
623
3937
2710
-792
44
626
1332
1989
625
29
982
391
-1180
-1117
-1177
-122
-196
-1741
-2031
-2088
-2422
-1153
-224
-1492
-1799
-1095
-770
-681
-412
-309
323
956
-5
-780
-106
1745
2582
913
-157
873
2012
1415
496
959
2154
2869
1760
852
1038
2695
1048
-2609
-716
2735
3114
345
-1589
-2246
-408
-770
-2748
108
2431
290
-3523
-5394
-3484
1476
419
-3558
-1295
66
-1433
-2414
-2398
-263
3581
1598
-2343
-279
1636
1955
1099
61
1419
4257
2320
-726
373
1120
1907
1720
270
8
959
182
-1106
-912
-824
-105
-940
-2173
-2055
-1914
-2070
-1199
-1050
-2308
-1935
-1199
-1025
-509
-353
-441
233
278
-676
-440
609
1901
2164
257
-220
1204
1885
1081
1072
1653
2286
2482
933
1034
1976
2840
264
-2367
-140
2768
2602
-478
-1451
-1609
-301
-1396
-2986
447
2494
-137
-4193
-4752
-2597
1509
-438
-3739
-1023
146
-1564
-2670
-1964
171
3452
832
-2493
286
2058
1873
761
531
2043
4358
1805
-681
777
1791
2415
1432
275
336
1201
108
-1039
-1002
-542
11
-1610
-2345
-1888
-1609
-1706
-1386
-1822
-2230
-1252
-1531
-1285
-490
-559
-502
167
-315
-692
-30
580
1801
2026
627
661
1742
1795
1344
1721
1887
2630
2246
898
1148
2126
1770
-1033
-1159
1197
3293
1473
-1094
-1440
-1016
-553
-2141
-1157
1713
1244
-2581
-5364
-3790
-318
1324
-2484
-2626
-305
-847
-2467
-2600
-528
2217
2256
-2058
-1696
1504
2150
1292
442
1587
3618
3007
-245
250
2109
2643
2053
532
350
977
687
-635
-672
-400
-498
-1550
-2348
-1671
-1145
-1761
-2210
-2136
-2362
-1984
-1580
-1303
-683
-841
-1246
-639
156
64
-62
379
1227
1653
983
555
1625
2436
1649
1295
1724
2690
2861
1766
1379
2308
2435
-656
-1391
852
2940
1895
-961
-1983
-904
-142
-2626
-2074
1855
1703
-1862
-5290
-4686
-964
1452
-2343
-3272
81
-335
-2629
-3243
-1190
2252
3005
-1810
-2315
1700
2127
835
-172
1305
3892
3602
-563
-644
2167
2967
2140
454
471
1304
950
-782
-628
276
433
-1382
-3047
-1724
-716
-1415
-2380
-2602
-2646
-1868
-1940
-2087
-874
-656
-1367
-1333
-675
-152
188
-8
607
1529
1147
850
1625
2122
1963
1767
2049
2982
3225
2360
1766
2376
2141
-291
-728
1480
3116
1684
-798
-1920
-747
-133
-2684
-1996
1487
864
-2648
-5110
-4765
-1037
1226
-2618
-3008
-143
-922
-2797
-2565
-588
2610
2465
-2467
-2188
1918
2348
947
280
1641
4080
3180
-767
-94
2915
3491
2159
321
518
1478
586
-1156
-777
165
677
-1334
-3551
-2123
-613
-1500
-2514
-2508
-2820
-1729
-1642
-2770
-1736
-785
-1438
-1417
-658
-529
536
680
389
1204
1605
1728
2364
2155
1341
2179
2953
3075
2908
2443
2202
2577
483
-956
1242
2772
2529
593
-1967
-2068
414
-1604
-3278
911
1831
-1260
-3974
-5119
-3132
1600
-537
-3990
-966
-607
-2805
-2947
-1754
947
3412
-753
-3829
325
2342
1488
599
833
2649
3780
930
-1049
1492
3462
3043
1146
722
1656
1283
-122
-1223
-200
1366
706
-2392
-3029
-1849
-1696
-1397
-2237
-2925
-1694
-1345
-2744
-2639
-1589
-1440
-780
-1231
-1648
-435
465
221
404
1136
1511
2753
2357
1394
2017
2894
3414
3330
2875
2320
3007
885
-858
1329
2964
2722
785
-1514
-2265
509
-733
-3052
134
1006
-1666
-3949
-4987
-3617
642
-652
-3986
-1409
-844
-2832
-3087
-1698
835
2927
-319
-3446
90
2114
1407
825
1443
2991
3314
851
-116
2316
3541
2798
1065
1234
2208
1353
-595
-1013
228
1347
583
-2152
-2243
-1401
-1853
-2174
-1649
-1699
-1834
-2104
-3470
-2470
-1079
-1301
-1831
-1386
-1255
-769
105
-145
645
1061
815
1022
2003
2410
2399
2852
2579
3122
3068
2977
1163
155
2115
3593
3115
939
-541
-1708
111
-370
-2278
669
1644
-1689
-4670
-4214
-2714
568
-923
-4576
-1738
-729
-2986
-3476
-1414
465
1705
-963
-3703
397
2500
988
112
1401
3117
3058
417
-346
2989
4325
2878
612
598
2062
1622
70
-112
1522
1736
-203
-2825
-1995
405
-601
-2438
-2497
-1736
-1241
-2255
-4027
-2630
-199
-991
-2490
-2461
-1301
-434
-405
-478
881
1798
174
-452
1029
2947
3496
2813
2265
2537
2967
1016
313
2554
4706
3647
449
-409
-285
1083
-20
-1578
700
1775
-991
-4816
-4409
-1839
560
-890
-4132
-2320
-1214
-3219
-4489
-1725
1209
1124
-1993
-4405
-664
2355
1374
-39
1160
2997
2278
-79
-194
3209
4646
2880
448
595
2149
1713
565
607
2082
1692
-265
-2474
-1909
307
170
-1401
-2437
-2360
-2312
-2650
-3068
-1863
-524
-1411
-2508
-2798
-1561
-391
-51
-266
-99
376
48
187
1129
2189
2477
2418
2200
1988
780
858
2613
4106
3631
1290
137
351
1566
-78
-791
1855
1734
-943
-4010
-3442
-1320
539
-1581
-3544
-907
-1374
-3523
-3949
-1523
874
731
-2274
-3618
139
1155
-348
-697
1540
3129
1732
-441
-168
3061
3834
2184
565
1294
2410
1176
161
710
2386
1794
-512
-1918
-593
820
-252
-1512
-2015
-1052
-755
-2166
-3053
-1842
-734
-1454
-1996
-2039
-853
-287
-1056
-1059
257
1248
685
785
1016
1626
2192
640
-85
2031
3718
2944
1199
559
772
2111
1389
-227
1028
1774
172
-1934
-2007
-866
286
-720
-3216
-1645
-743
-2393
-3149
-1826
-3
-240
-1873
-3247
-1044
804
-281
-901
296
1926
1213
-219
131
2331
2952
1761
806
944
2225
1948
943
981
1727
1233
86
-347
-170
671
502
-790
-1397
-1187
-1218
-1479
-1483
-1362
-1143
-1311
-1840
-2168
-1454
-693
-510
-669
-794
-623
-160
393
1155
1698
1874
892
-280
849
2772
3611
1942
644
502
1280
1402
-141
933
2256
1416
-1305
-2447
-1038
138
618
-2049
-1989
-985
-2112
-2940
-2385
-384
-354
-1487
-2931
-1608
643
-190
-1348
-947
1090
1313
-12
-452
1255
2701
1743
551
314
1992
2583
1364
749
1945
2245
335
-545
-47
1283
1333
-545
-1814
-884
200
-1057
-1940
-1437
-755
-1102
-1853
-1965
-911
70
-938
-2092
-995
345
-7
-89
101
980
1781
1140
-418
-522
1899
3009
2608
991
468
924
1684
1152
-363
1885
2497
110
-1987
-1763
-179
811
-102
-3099
-1384
-212
-2246
-2827
-1127
338
-786
-2219
-3164
-571
1190
-576
-1522
-413
1337
539
-749
-120
1986
2305
889
116
591
2250
2064
770
851
2055
1212
-17
137
442
1464
1154
-464
-1097
-324
-316
-1197
-841
-645
-735
-1124
-1530
-1547
-715
-270
-904
-1054
-724
-695
-541
256
754
898
877
-448
-1235
456
2338
2799
1342
-172
-349
1110
1682
-42
606
2079
1450
-602
-1793
-935
352
1097
-1252
-1359
-121
-1442
-2583
-2101
37
288
-901
-2549
-2154
176
-49
-778
-393
732
485
-772
-765
727
1796
1256
236
-139
873
1400
777
419
1413
1327
-46
47
254
708
1067
71
-841
-146
583
-523
-799
-518
-433
-453
-821
-861
-221
318
-478
-1085
-479
104
-138
-30
537
669
922
-379
-1482
84
2127
2323
574
-378
-637
719
1257
-459
489
1567
860
-1138
-1976
-489
745
1256
-1236
-1390
-130
-926
-1421
-1106
663
526
-984
-2088
-1234
711
395
-379
-489
468
461
-730
-454
922
1534
736
-55
-351
486
1082
531
261
740
553
-384
-240
11
404
695
136
-682
-614
-15
-308
-216
-45
-119
-414
-546
-370
-202
440
275
-198
53
93
79
284
946
1108
1132
341
-1374
-275
1428
2264
1109
-511
-651
-15
1209
-510
-598
1276
836
-616
-2544
-1377
63
845
-649
-2141
-351
-774
-1499
-1376
116
915
-697
-1581
-1278
706
869
-273
-458
541
1200
-91
-371
847
1552
887
245
-136
121
822
360
182
770
446
-916
-862
54
309
497
-254
-1013
-857
-256
-412
-655
-108
-59
-450
-724
-361
-198
469
400
-248
158
669
471
36
1218
1369
1338
393
-1191
297
1887
2499
641
-178
-34
88
713
-842
376
1577
483
-1449
-2701
-930
89
439
-1265
-1598
-622
-1717
-1780
-1263
175
340
-1164
-1687
-839
526
-14
-288
285
919
874
-153
183
1335
1604
820
419
451
645
824
490
691
893
322
-521
-518
125
59
-11
-387
-731
-723
-629
-624
-956
-495
-274
-753
-621
-417
-362
90
246
-308
-110
581
505
250
946
1066
1164
918
-488
222
1813
2748
1365
-212
-367
178
1536
133
-167
1054
898
-496
-2407
-1466
17
950
-630
-1926
-948
-1310
-1501
-1487
-528
301
-667
-1778
-1563
13
202
-155
-34
174
366
-236
-121
1001
1541
827
325
423
427
852
727
813
1108
583
-469
-616
324
522
163
-335
-561
-695
-737
-709
-765
-220
-61
-766
-1207
-696
-241
-128
-12
-376
-173
257
95
-122
667
1386
1147
683
-469
-161
1442
2361
1610
288
-163
59
958
386
-98
954
1178
-51
-1614
-1715
-419
821
-224
-1473
-1171
-1088
-1461
-1349
-579
-5
-299
-1395
-1391
-194
95
-68
51
287
226
-265
-265
848
1513
781
261
289
282
477
739
885
832
302
-330
-401
285
602
199
-26
-206
-502
-487
-34
57
-154
-267
-589
-736
-395
-139
14
220
-141
-493
-176
307
372
370
662
651
611
-4
-850
-30
1499
1861
672
-551
-641
335
992
-81
-119
1032
754
-625
-1721
-1033
546
768
-806
-1540
-624
-602
-976
-616
-98
134
-770
-1378
-520
371
132
-285
140
346
24
-441
-19
1343
1050
-115
-264
412
675
359
272
422
655
-27
-810
-266
754
681
-130
-424
-369
-202
-184
-74
181
335
-24
-770
-503
270
515
241
13
-134
-184
32
-81
106
574
587
229
52
-317
-557
390
1382
1268
-32
-1186
-703
763
902
-405
-294
472
313
-856
-1723
-438
1174
701
-1158
-1312
-488
-347
-484
-494
338
233
-965
-1338
-234
678
212
-122
43
382
46
-504
244
1077
724
-317
-536
72
485
269
25
391
286
-526
-814
-171
456
267
-226
-471
-317
-234
-248
-21
420
481
-268
-626
-89
560
679
362
139
175
324
227
188
667
914
696
243
123
344
31
-22
464
981
657
-537
-964
-134
906
237
-758
-260
392
153
-1001
-1363
-106
960
107
-1138
-697
-39
-194
-451
-135
501
186
-775
-727
349
732
-68
-452
154
713
41
-687
86
788
295
-477
-542
19
267
-228
-547
46
113
-617
-805
-249
276
53
-377
-420
-181
-179
-251
84
251
100
-309
-369
237
467
246
139
229
147
98
203
321
532
323
80
80
246
482
495
47
-301
3
466
765
475
-375
-444
195
201
-73
166
312
126
-360
-803
-398
385
389
-249
-443
-238
-195
-299
-222
273
475
46
-373
-313
89
348
276
109
324
275
-105
-117
91
351
400
72
-294
-258
-161
-148
43
-53
-322
-378
-333
-238
-169
-349
-458
-166
11
-71
-236
-198
1
54
-33
-2
241
306
164
42
80
240
227
162
233
271
120
-16
28
99
176
70
16
70
-42
-158
-179
-34
172
171
-69
-231
-94
32
127
219
135
47
-10
-128
-32
159
196
89
-19
-30
36
-7
-152
-20
162
147
91
-47
-73
50
79
70
215
266
-33
-152
-83
102
310
38
-257
-298
-141
-76
-34
-112
-362
-276
-241
-218
-198
-205
-140
-135
-167
-216
-150
-105
-180
-319
-255
87
243
35
-87
35
123
157
60
42
193
167
29
97
253
144
-49
-92
95
260
135
-69
-26
131
50
-107
-62
87
170
88
-58
7
129
56
-5
-14
29
105
16
-84
-39
50
92
78
55
-63
-70
5
72
237
257
76
-104
-5
227
321
270
91
19
76
105
60
55
94
-33
-176
-130
-126
-162
-203
-273
-221
-185
-261
-292
-257
-232
-283
-288
-189
-108
-173
-335
-276
-98
-29
-10
-129
-209
-117
27
72
97
86
31
104
200
155
91
106
154
143
1
-37
4
69
107
30
-52
-90
-81
-154
-97
84
41
-27
-74
-111
-50
22
24
12
129
136
62
143
215
268
233
193
293
393
360
157
153
313
390
298
150
206
240
138
18
12
151
212
51
-160
-190
-123
-94
-141
-164
-145
-201
-299
-333
-259
-199
-162
-161
-229
-204
-135
-92
-61
6
68
72
12
-3
76
137
138
128
125
106
93
11
-27
92
127
38
-61
-111
-160
-172
-167
-188
-107
-192
-300
-327
-306
-217
-165
-151
-176
-146
-129
-130
-44
57
139
168
116
161
250
265
246
220
303
367
291
211
221
301
304
194
36
30
97
19
-37
-24
-58
-84
-133
-139
-52
-79
-195
-240
-122
-46
-88
-168
-226
-168
-108
-99
-89
-29
-3
-53
-77
-6
83
106
96
48
43
105
88
80
141
94
73
143
135
102
124
84
3
5
4
-62
-36
-38
-149
-177
-117
-137
-202
-202
-223
-239
-216
-230
-235
-146
-81
-108
-112
-106
-78
3
57
125
153
105
80
103
183
265
247
154
157
202
211
269
271
255
237
132
46
49
89
51
-73
-158
-129
-98
-184
-285
-278
-177
-131
-184
-210
-158
-103
-115
-131
-69
-3
-28
-76
-15
88
79
40
43
96
185
176
76
63
128
125
116
135
115
59
-43
-50
3
3
-34
-85
-66
-56
-84
-169
-152
-26
-59
-177
-221
-121
-32
-120
-226
-174
-28
41
-47
-155
-87
46
25
-52
-6
55
17
-36
-10
90
130
49
-6
69
211
217
119
120
189
202
143
88
63
98
22
-78
-49
-15
2
-95
-195
-103
3
-21
-128
-158
-147
-126
-105
-150
-68
6
-75
-81
24
90
51
7
15
126
159
76
106
188
210
84
-21
29
132
142
40
-1
8
-49
-145
-165
-88
-6
-32
-95
-65
-13
-2
-17
27
85
61
-26
-78
22
107
37
-49
-58
-32
-8
5
11
88
131
36
-17
29
68
46
-29
-37
39
44
3
10
18
21
-13
-52
-18
63
71
32
50
29
-4
-23
-6
36
-7
-104
-126
-35
17
-6
-41
-77
-93
-54
-32
1
57
-12
-109
-77
-4
26
-28
-36
21
74
61
-8
22
104
127
98
47
33
21
-73
-121
-26
34
-46
-123
-139
-44
70
40
-34
-43
-64
-96
-60
-21
1
38
-23
-50
18
38
62
95
104
86
80
74
80
93
81
38
37
50
37
77
28
-57
-65
-79
-88
-52
-47
-86
-91
-80
-75
-83
-92
-75
-50
-39
-51
-75
-62
-22
-11
-86
-138
-68
17
41
31
25
-18
-19
30
11
32
86
79
62
66
32
44
95
105
95
71
66
59
32
-11
11
58
5
-48
-67
-49
-35
-69
-110
-79
-47
-73
-102
-99
-16
-6
-53
-31
11
41
47
31
43
91
113
78
64
56
36
59
95
116
72
24
25
49
54
37
50
64
40
-12
-31
37
100
47
-52
-84
-54
10
22
-12
-45
-49
-67
-107
-119
-123
-97
-79
-67
-92
-125
-82
-33
0
44
46
22
33
38
35
75
89
93
74
56
54
43
85
121
113
58
-9
-45
-22
21
17
-8
-59
-88
-108
-129
-98
-62
-26
-12
-38
-69
-77
-63
4
90
104
33
-13
7
76
144
99
15
9
21
26
64
87
94
99
38
-21
-1
17
27
52
21
3
40
51
26
26
22
31
37
5
-24
-25
-8
-29
-73
-66
-38
-32
-27
-40
-51
-73
-91
-67
-32
-19
1
-8
-62
-43
-8
1
59
62
8
10
54
83
76
72
29
-8
-6
-5
5
21
-13
-68
-84
-99
-92
-82
-82
-103
-109
-93
-91
-78
-73
-89
-70
-32
-23
-16
41
72
37
58
82
96
138
130
102
89
65
33
36
52
53
35
5
15
44
60
42
30
10
-19
-8
-7
-40
-68
-53
-40
-43
-33
-24
22
67
79
70
101
137
107
50
12
47
51
-18
-53
-38
-34
-60
-97
-104
-68
-62
-107
-119
-57
-9
-41
-84
-102
-93
-82
-96
-100
-96
-81
-62
-36
-14
-3
27
14
-5
21
9
0
20
9
-40
-61
-27
16
38
45
27
44
78
51
59
96
104
67
6
4
34
57
53
25
39
58
37
38
52
46
36
18
5
4
21
30
15
37
26
-3
12
31
36
21
19
9
15
29
22
-1
-33
-37
-14
-8
-26
-65
-80
-78
-81
-95
-114
-88
-63
-90
-125
-88
-66
-90
-93
-91
-54
-30
-37
-39
-26
2
3
2
14
25
22
13
36
52
42
21
19
34
68
84
82
75
36
16
20
34
46
56
24
-16
-20
-12
-3
9
21
12
0
15
21
30
49
45
13
-8
-6
6
16
32
45
44
37
36
48
57
89
114
119
117
83
59
36
25
16
-7
-5
-13
-28
-54
-71
-53
-51
-74
-84
-84
-86
-77
-94
-88
-58
-48
-74
-104
-61
-29
-25
-31
-33
2
24
13
-6
15
40
30
2
-1
43
49
36
28
18
34
0
-16
0
3
-2
-7
5
9
2
-9
-18
1
19
19
6
7
-7
-25
11
44
54
41
7
4
26
46
41
31
24
15
10
8
33
64
74
52
26
29
34
41
42
26
25
12
-29
-50
-40
-32
-16
-31
-71
-76
-69
-65
-61
-68
-67
-72
-79
-58
-38
-21
-9
-13
-14
-1
16
25
35
47
37
25
38
44
41
44
39
34
14
-4
-19
-16
-8
-38
-51
-52
-46
-46
-61
-59
-67
-39
-28
-47
-18
-8
-12
-15
-16
-8
15
34
30
21
17
35
48
50
53
46
43
46
43
48
45
25
6
-1
1
15
19
4
-11
-14
-17
-9
3
12
9
-4
-2
-16
-13
-2
-15
-14
-21
-32
-27
-36
-35
-35
-31
-24
-24
-38
-33
-23
-12
12
10
13
23
18
25
25
31
41
33
21
9
13
15
24
18
2
-8
-15
-5
-16
-21
-21
-32
-20
-14
-14
-15
-4
-5
-13
-19
-17
-1
-4
3
13
16
27
27
31
38
33
33
31
16
13
11
-1
3
1
-10
-8
-8
-19
-22
-18
-13
-2
-9
-13
2
-1
-16
-10
2
14
21
12
13
28
42
36
17
14
15
12
4
3
15
14
-2
-8
-3
7
17
19
18
20
15
2
-5
-10
-9
-10
-1
-5
-21
-26
-23
-17
-16
-22
-31
-18
-13
-22
-17
-29
-30
-28
-26
-16
-20
-21
-22
-17
-10
-12
-4
10
23
26
26
29
26
20
17
17
26
24
17
7
-2
-7
-12
-16
-9
0
-1
-13
-22
-24
-13
-1
7
5
5
-6
-17
-7
5
13
7
-6
-6
-3
-2
3
4
-4
-10
-12
-11
-6
3
1
-3
-6
-6
-5
1
8
16
18
12
15
17
19
17
14
13
13
15
4
3
12
4
0
-8
-8
0
4
5
0
-1
-7
-19
-22
-16
-10
-6
-4
0
7
8
0
0
0
8
23
20
9
4
-2
-3
3
7
5
7
9
12
11
6
5
-1
-9
-13
-15
-19
-19
-19
-23
-23
-25
-22
-19
-18
-5
-1
-5
-10
-19
-14
-8
-5
-6
-9
-6
-7
-9
-1
3
4
2
-4
6
11
7
15
23
16
14
20
19
15
12
6
5
9
7
-4
-10
-6
-6
-2
-9
-13
-16
-14
-12
-17
-11
-4
-4
-2
0
9
14
17
27
36
40
31
23
23
28
26
19
25
23
16
11
10
14
19
3
-7
-6
-15
-25
-26
-29
-33
-48
-61
-61
-47
-37
-39
-31
-17
-18
-23
-11
-7
-1
8
13
11
8
3
2
7
5
1
6
7
12
11
6
13
16
13
10
14
20
21
17
7
8
12
13
6
10
18
6
-1
-6
-10
-18
-18
-12
-7
-4
-3
0
4
9
10
6
12
18
14
15
24
27
22
14
13
16
16
12
6
1
-3
-3
-4
-13
-22
-31
-38
-41
-37
-28
-25
-20
-23
-30
-27
-19
-23
-22
-10
-2
-2
1
4
12
23
23
21
28
37
37
35
37
31
25
23
15
11
12
8
0
4
0
-2
-6
-9
-8
-10
-6
-2
-9
-16
-20
-24
-27
-30
-26
-18
-19
-16
-14
-15
-11
-6
-4
-2
1
-3
0
4
9
10
3
8
16
18
10
8
18
23
18
16
14
11
15
16
14
17
13
3
-1
-1
-2
-4
-8
-12
-15
-21
-24
-29
-27
-22
-24
-22
-20
-19
-18
-14
-11
-11
-3
5
11
14
11
10
12
20
16
19
22
20
21
19
14
12
17
4
-6
-2
-3
1
6
0
-5
1
4
-2
-5
-8
-8
-3
-2
0
4
4
3
0
-2
6
16
12
9
2
-1
3
1
3
1
3
2
-6
-5
-3
7
8
2
-1
1
3
-2
-3
-3
-3
-6
-11
-14
-10
-13
-22
-24
-24
-18
-13
-9
-11
-11
-11
-12
-10
-5
6
8
4
1
5
7
7
10
9
12
15
21
24
21
18
11
13
5
6
9
7
13
11
7
4
6
-1
-7
2
7
1
-5
-5
0
-2
-3
3
-3
0
9
11
9
3
-1
1
2
2
-1
-3
-8
-4
-1
-7
-1
-5
-11
-5
2
14
5
-2
-1
-4
3
-1
-1
0
-7
-7
-13
-10
-10
-6
1
-11
-8
-20
-37
5
27
7
-1
12
7
-11
8
-5
-3
29
5
-13
-10
-11
-11
2
7
-2
-2
1
-12
-8
-15
-19
2
-20
-1
-4
-25
-10
-13
2
-9
3
-10
-23
12
-10
-13
-6
-10
8
19
19
6
1
11
9
13
11
1
17
15
5
0
-11
-6
7
12
5
3
6
0
-8
-4
-6
1
3
1
0
-13
-10
-12
-10
-3
-2
-1
-10
-4
-6
-7
4
4
9
7
5
4
-1
8
13
12
14
5
3
7
6
2
-2
4
4
5
8
-4
-7
-7
-4
5
2
3
-3
-13
-12
-3
1
-3
0
0
-3
-2
-6
-7
10
11
-1
-8
-6
6
8
4
3
2
-1
3
7
2
-4
-6
-2
4
15
5
-6
-13
-11
8
6
8
2
0
4
4
9
-1
-3
3
-5
-4
-4
-2
5
-4
-2
-2
-2
4
-1
2
-5
-3
-3
-7
-2
-13
-12
-8
2
8
-2
-13
-9
3
13
11
6
-5
-12
7
13
9
-4
-14
1
2
12
6
-2
-3
-7
8
6
9
12
-7
-7
0
2
-6
-15
-3
-9
-4
-1
-11
10
7
7
6
0
8
-1
9
5
-3
1
-4
11
6
-11
-3
8
22
9
-7
-6
-6
15
10
-2
-5
-22
-4
5
10
5
-15
-13
-15
10
9
-3
-3
-22
-3
10
7
9
-1
-1
-8
-2
4
-8
9
4
9
14
-2
17
9
9
13
0
5
-3
2
-9
-19
-1
1
15
5
-19
-15
-7
25
18
3
0
-15
-2
-5
9
2
-25
-4
-8
10
16
3
1
-19
2
14
17
22
-3
-8
-10
0
21
4
4
-2
-22
-12
-3
7
-12
-15
-7
-14
14
6
-19
-27
-24
1
5
8
2
-12
-12
0
19
3
-10
0
-1
0
-1
6
0
-11
-2
-7
0
4
-12
-2
1
6
-4
-12
-1
-8
-5
-9
3
22
-5
-4
-7
-19
-1
11
14
-5
-8
-2
6
23
5
-8
-1
18
45
27
5
-11
-10
9
4
8
-9
-19
-12
-4
21
0
5
15
8
26
1
3
3
-7
0
-7
9
6
-6
2
-2
4
0
-17
0
-7
-7
-10
-17
-2
-24
-29
-29
-19
15
7
-11
-27
-19
-4
17
33
13
-6
-7
3
28
21
-7
-10
-8
14
21
23
17
0
-3
-2
7
6
-2
-4
-22
-23
-18
-20
-2
-3
-13
-4
-15
-10
-7
1
7
1
6
-13
-3
13
1
5
14
20
2
-12
5
5
28
22
-18
-18
-19
-9
9
17
0
-9
3
-4
25
17
-14
-1
-9
-6
-4
2
6
1
-1
-4
-2
-3
-1
14
9
10
9
-2
0
1
14
9
-5
0
3
10
20
27
11
9
23
13
8
-2
0
-13
-17
-3
1
-6
-3
-5
-14
7
10
-10
-5
20
17
11
7
-14
-9
-6
-8
6
5
-3
-13
-15
2
19
25
6
-12
-13
-14
1
-2
-23
-27
-44
-21
1
6
8
-23
-20
-1
10
16
9
-9
-21
-5
1
4
12
2
-7
-10
-8
-2
4
3
10
1
-1
2
-5
-3
6
14
8
-6
-17
-15
-8
0
9
10
-7
-18
2
12
13
14
-12
-21
-5
-3
3
5
-4
-1
-8
-11
-5
3
5
0
4
-12
2
19
-1
7
-4
-15
-2
6
22
14
10
11
3
3
-5
14
16
6
2
-9
-6
-1
-2
-3
3
-1
-7
-3
9
9
7
9
-2
2
4
0
0
3
-8
-15
3
5
0
-3
-19
-19
0
-1
2
10
5
10
14
-1
-19
-20
-24
-12
5
-8
-15
-20
-19
-2
1
12
12
-12
-14
-1
6
5
-5
-12
-14
-9
-2
3
2
-11
-9
3
8
21
13
0
5
-6
0
15
9
12
10
4
8
8
17
15
9
-1
-2
10
2
6
-8
-23
-7
-4
-1
1
-6
-6
-7
-7
-2
-1
-5
-7
1
-3
-14
-19
-20
-5
7
3
3
8
20
19
0
4
9
6
4
13
15
8
6
-7
-15
-8
-6
-3
4
7
6
6
10
12
-1
3
-1
-6
3
-3
-3
-6
-6
1
4
2
-5
-5
0
0
15
15
5
15
1
-2
8
4
4
-5
-8
-2
7
22
11
4
9
14
23
21
19
21
12
13
1
-4
7
3
0
-10
-15
-6
-10
-8
-3
0
7
1
2
-9
-20
-10
-16
-4
-3
-19
-14
-19
-2
10
9
17
-2
5
10
6
11
-10
-16
-17
-22
-6
-9
-17
-18
-18
-2
4
15
4
-19
-13
-8
-8
-4
-5
-4
-9
-6
3
-7
-8
-1
5
3
-1
7
-3
-12
-8
-8
-12
-15
-19
-21
-17
-5
-3
-22
-19
-16
-19
-6
4
11
6
0
9
9
10
16
7
-8
-9
8
9
5
9
3
3
4
-3
4
7
10
14
12
18
9
0
0
6
21
15
-2
-9
-3
7
5
9
7
3
5
8
8
8
0
-20
-31
-19
-6
-1
3
0
-2
-3
-3
6
16
13
17
16
12
11
1
3
2
6
23
16
18
14
8
11
10
15
3
-6
-8
-9
-2
-11
-9
-15
-19
-1
1
2
-11
-23
-12
-1
11
10
7
8
2
8
10
7
9
-3
-3
0
6
9
5
4
4
3
-5
0
2
-3
-11
-17
-19
-11
-4
-4
1
9
12
15
12
5
1
-8
-8
6
6
3
-4
-4
2
-11
-23
-19
-12
-5
2
-5
-15
-22
-20
-15
-10
-5
-10
-11
-3
0
1
-4
-10
-6
7
12
15
17
13
4
1
4
11
25
14
6
-1
-7
3
-3
1
5
5
18
18
3
-10
-14
-3
-5
-6
4
2
-8
-16
-6
3
6
10
3
2
0
-5
-14
-20
-10
-6
-11
-9
-7
-8
-4
-3
-10
-4
0
3
17
6
-1
2
-5
11
11
1
3
4
11
10
9
17
9
3
-1
-1
-1
-3
6
-2
-7
-7
-3
-6
-12
-6
-12
-10
-2
-5
1
-1
-1
8
9
10
5
4
2
0
0
-9
-7
2
0
-3
0
-2
-8
-5
5
13
19
17
4
9
9
6
8
-1
1
17
3
-1
7
6
13
-1
-3
1
-8
-13
-8
-10
-2
0
-15
-11
-10
-5
-3
-15
-9
-2
1
9
-6
-12
-8
-13
0
6
-8
-3
3
-10
-7
11
16
8
-9
-5
-2
-1
8
5
5
6
-5
-1
-2
10
16
-7
-3
5
11
19
1
-5
0
-5
-6
3
10
0
1
-1
8
45
7
-38
-12
-13
32
30
-14
5
-18
-24
4
-2
14
21
-9
-3
15
17
14
-4
11
22
-5
22
11
-10
18
-4
-1
28
0
4
25
3
-7
-2
5
11
-16
-38
-12
6
13
2
-8
10
-3
-16
-4
-19
-2
2
-18
-6
-9
-24
-20
-16
-17
-7
15
17
13
3
-11
8
-1
7
2
-14
1
-4
9
27
7
0
15
20
19
19
11
11
3
-8
-13
-18
-4
-11
-22
-3
-1
-25
-6
-13
-11
16
0
-2
6
3
16
8
19
24
7
7
9
21
22
27
16
13
-1
-17
3
1
0
0
-9
-1
-3
-1
-13
-39
-5
8
-11
3
-2
-20
-12
-1
-7
-9
7
-11
-26
2
13
20
15
4
9
7
-14
-16
-4
-1
-4
5
2
-22
-14
-10
-18
2
-3
-16
-4
-13
-14
-16
-18
17
0
-18
12
-1
-10
-2
-1
6
-3
-11
-3
-2
-5
-9
-9
-2
0
-5
-8
-4
2
-3
3
9
16
-5
-9
-6
-20
-12
-3
-11
-5
-3
-2
14
4
-18
-6
-3
4
13
-5
2
3
-12
-1
11
9
-2
-17
-12
-8
2
12
14
12
12
4
4
9
8
22
8
-7
2
-7
8
12
4
14
11
6
-11
-9
13
4
-10
-2
-13
-6
-10
-20
2
-7
-3
-2
-6
11
-3
7
2
-11
9
-6
3
22
-9
-2
1
-4
19
4
16
15
-2
6
11
5
11
7
-9
2
-16
-12
9
-4
13
3
3
4
13
14
-17
10
-4
-16
6
-20
-5
8
5
-7
-22
7
-12
-6
0
-8
4
-5
2
-2
-3
11
-7
11
10
-11
5
1
-10
17
4
-1
15
2
8
-2
-1
2
-19
-4
-12
-21
-7
-6
1
-13
14
-4
-5
5
-12
2
-2
6
-6
-20
-4
-4
-10
-16
7
-2
4
13
-16
17
8
11
23
3
13
0
-1
0
-10
10
-2
-4
-4
-12
-8
12
7
1
3
-3
-2
-18
-3
14
-4
8
5
-5
7
24
9
10
15
-13
10
8
-5
19
2
6
15
-9
10
8
-1
7
-5
2
20
-16
-11
9
-13
6
15
-6
-4
-9
-5
-3
-4
5
0
0
-9
-5
-3
7
14
-9
0
-12
-13
11
-16
8
9
-15
0
-12
2
-8
-16
-2
-14
5
-4
-7
0
-7
17
3
7
10
-6
2
0
1
-5
2
6
-8
2
-16
5
5
-16
14
5
2
11
2
2
2
-2
-9
3
-8
-5
-1
-16
11
4
9
15
-15
-3
3
1
11
-7
-11
-7
-15
-17
-9
0
4
13
-1
-8
3
-9
-3
2
-6
14
-9
-10
4
-18
8
3
8
21
1
8
-1
-6
0
-6
3
4
2
4
-6
-2
6
-3
-6
7
-1
-2
5
-6
1
-3
-1
4
-20
-5
-9
-20
-1
-6
6
17
6
-1
-1
-1
-7
11
4
-6
22
-11
-16
6
-14
15
11
2
22
-4
2
17
-1
11
13
-6
-3
-7
-18
-7
-7
-5
0
-11
-5
8
6
14
12
-2
2
-3
1
1
-1
2
8
10
0
0
-2
-5
11
11
7
7
1
-8
-18
-11
-4
12
23
10
4
-5
-7
4
6
15
17
0
-10
-11
-10
-3
13
7
2
3
-11
-4
-4
-5
7
-9
-1
5
-10
3
-5
-14
-5
0
2
2
-1
2
3
-6
1
17
8
9
-3
-14
11
12
14
24
1
7
1
-14
9
11
8
13
6
-1
-7
-5
-3
-8
-4
0
-9
-10
-10
-14
2
9
10
10
-1
1
-9
-9
0
0
-1
-17
-9
-3
-6
8
-8
-7
1
-7
3
2
4
2
2
-8
-15
-1
-12
-5
-3
-5
7
8
10
13
13
-5
-9
-9
-15
4
-9
-5
14
-8
1
-2
-10
13
16
13
20
6
-3
-4
-16
-17
-5
-4
-5
0
-5
-10
0
1
9
11
-1
7
2
-5
-3
-19
-16
-6
-12
-9
-2
-12
-4
2
-15
4
1
-5
14
-4
6
7
-13
7
-6
0
9
-4
2
4
9
3
-7
-1
1
4
10
5
0
3
-2
-4
4
2
7
7
5
8
7
14
15
17
12
-1
9
6
16
24
13
19
1
0
10
-3
19
23
1
13
-4
-17
-8
-12
1
7
-10
-6
-5
-13
2
-7
-17
4
-4
-5
4
-11
4
3
-12
3
-5
-2
8
-8
-4
0
-7
-6
-8
-6
0
-6
-8
-6
-10
-6
0
-9
-16
-6
-16
-12
-11
-15
-6
-15
-14
-11
-15
-9
-9
-9
-4
8
10
5
0
0
8
7
15
11
6
11
1
-6
-6
-2
3
-1
-3
-2
-6
-9
-4
1
6
10
12
13
10
12
12
8
5
4
-4
-8
-7
-6
-5
1
4
13
12
9
14
7
7
5
-4
-5
-2
-3
-7
-4
-3
-3
1
-5
3
2
0
10
-6
-3
4
-6
2
2
-1
1
-11
-10
-4
-5
6
8
-5
-1
5
6
13
7
5
11
0
0
1
-2
7
0
-5
-6
-9
-11
-8
-3
-1
7
1
1
7
1
4
1
-2
7
-2
-3
3
-5
0
-5
-10
3
-1
-3
2
-3
3
1
-7
7
3
1
13
-1
-4
-3
-7
5
7
0
-2
-3
3
0
-8
-1
-3
-7
5
2
3
4
-9
0
4
-2
-1
-13
-15
-13
-14
-7
0
-1
-3
-8
-12
-9
-9
-2
4
3
4
1
1
0
-7
-5
-2
0
2
2
5
8
17
9
6
13
5
7
1
-4
3
0
0
5
-3
-1
7
3
10
4
-5
-5
-15
-7
-2
-5
2
-10
-10
7
4
6
12
12
16
13
7
5
-1
-4
-6
-13
-8
-7
-2
5
6
9
6
10
13
10
6
9
14
12
9
-2
-10
-9
-11
-8
-8
-7
-6
-8
-3
-5
-7
-1
-2
2
3
-1
-1
-2
-1
-4
-4
-1
-5
-6
-8
-9
-6
-8
1
7
12
14
6
0
1
0
-2
-2
-9
-5
-2
-9
-5
-7
-10
-2
7
20
17
16
18
12
10
10
3
4
14
16
15
10
-2
-3
-4
1
6
3
-2
-1
-3
-11
-13
-9
0
3
6
10
10
5
-1
-7
-2
2
-3
-5
-4
-3
1
4
8
12
18
16
9
2
-3
-4
-10
-9
-6
-14
-6
-7
-12
-7
-14
-10
-8
-12
-10
-12
-10
-10
-11
-6
-3
-2
5
6
6
12
12
3
0
1
0
1
0
7
10
11
16
14
12
13
9
9
2
3
-6
-12
-9
-8
-2
0
-1
-1
1
0
2
4
8
8
5
2
0
-6
-14
-15
-16
-15
-17
-13
-17
-16
-11
-9
-1
-2
-2
-5
-9
-6
-10
-3
0
-1
3
2
-4
-2
-3
1
5
-1
6
0
-12
-13
-13
-6
0
1
4
3
0
1
-2
-6
1
-5
-12
-16
-21
-16
-10
-3
3
2
8
11
12
11
5
5
5
3
2
2
2
5
4
8
7
5
6
1
-1
-2
-8
-6
4
12
15
15
15
8
4
2
-6
-10
-6
-10
-7
-5
-6
3
5
2
2
5
12
14
11
6
2
-1
0
1
1
-2
-3
-5
-7
-2
4
3
4
7
8
11
11
12
9
4
1
-4
-2
4
3
-1
-1
-3
-4
-2
0
-1
-3
2
2
1
-1
-7
0
7
3
3
1
2
8
3
4
6
7
2
-5
4
10
8
8
6
3
8
11
5
-1
-4
-3
-5
-6
-8
-10
-9
-12
-16
-8
-4
-6
-3
-7
-4
5
14
14
8
5
-3
-6
-10
-12
-6
4
4
-4
-10
-5
-6
-4
2
5
14
9
0
4
4
-2
-9
-3
7
12
14
4
-2
1
-2
0
4
3
0
2
-1
-8
-7
-2
-1
-2
-4
1
2
4
3
-3
3
-1
-3
-6
-6
-4
-14
-17
-16
-8
-9
-12
-3
2
5
2
2
-1
-2
1
2
0
-3
-6
-10
-8
-5
-10
-13
-11
-11
-7
-3
-5
-2
-4
-2
5
4
2
5
5
2
1
0
-3
-3
-1
0
1
10
18
16
12
17
13
9
12
7
3
-1
-5
-7
-9
-10
-14
-10
-10
-6
0
0
-4
-6
-2
2
3
2
2
4
10
12
6
-2
0
0
-2
6
4
-1
-7
-10
-7
1
2
-5
-7
-8
-5
-7
-8
0
4
2
0
-2
0
5
2
0
2
2
6
7
3
4
4
3
6
3
4
9
3
-5
-4
4
3
-2
3
1
-2
-6
-10
-2
6
7
11
12
10
2
-8
-6
1
6
7
7
8
3
1
-2
3
6
4
4
-3
-8
-10
-7
-4
1
8
10
4
-1
-6
-7
-8
-2
7
6
3
3
-4
-3
-1
-3
-10
-12
-9
-5
-1
-1
-5
-2
0
-1
4
6
5
4
1
-3
-4
-4
-4
-6
-1
8
14
19
14
7
0
0
5
5
4
3
-3
-2
-4
-9
-6
6
13
9
5
2
5
7
4
-3
-8
-11
-7
-5
-6
-6
-5
-1
4
7
8
11
8
1
-3
-3
-5
-8
-5
-5
-5
-5
-4
-1
3
0
-3
-4
-6
-2
-2
1
-3
-12
-14
-14
-9
-5
-4
1
4
2
1
-3
2
3
2
6
4
5
5
-1
-4
-8
-5
-1
-1
1
0
-1
-1
-2
-5
-3
-1
-1
-1
2
3
4
6
7
6
10
9
6
1
7
17
17
10
3
0
0
4
4
1
-1
-4
-8
-12
-8
-6
-4
1
8
12
9
9
2
-2
-8
-13
-9
-7
-3
-1
1
4
2
4
0
-2
0
-6
-13
-21
-20
-14
-6
0
-5
-9
-13
-10
-7
-5
-6
-6
0
2
6
2
-3
-7
-3
1
2
9
13
8
3
0
-4
-2
1
4
3
2
-1
-4
1
4
4
7
5
9
8
5
5
7
3
0
0
7
14
12
8
3
3
1
1
-1
-5
-1
-6
-6
-3
-6
-4
-3
-5
-3
-4
-4
-6
-7
-1
4
6
5
1
4
11
12
9
8
3
3
4
5
3
3
1
-9
-13
-10
-4
2
4
3
3
6
8
2
0
-1
-3
-6
-5
-4
-4
0
4
1
-1
3
3
2
2
4
1
0
1
3
7
3
-2
-7
-3
-4
-9
-8
-7
-2
-7
-7
-8
-9
-4
4
8
3
-1
-2
0
1
-2
1
3
4
6
6
3
-1
-3
-4
-1
6
4
-3
-4
-9
-7
-4
-1
7
1
-2
-2
0
4
3
3
3
3
7
5
7
8
1
-4
3
9
9
11
8
6
3
4
6
1
-2
-1
-5
-5
-8
-9
-5
-4
-1
-2
-1
-1
-4
-2
4
8
3
-1
-4
-4
0
1
-2
-1
0
-2
-5
-6
0
0
-4
-4
-5
-7
-4
0
-1
0
-3
-6
-3
-2
-6
-6
-1
3
0
-1
2
1
-1
-3
-2
-1
4
4
2
5
4
0
-2
2
0
-1
0
-3
-2
-1
-6
-6
-5
-7
-10
-7
-6
-7
-5
0
2
5
8
9
9
9
4
-2
-1
3
5
4
2
5
8
10
6
2
2
-2
1
4
7
10
4
-3
-3
-2
-1
0
-5
-7
-11
-10
-10
-13
-9
-11
-8
-2
-1
-1
-1
1
0
-1
-5
-4
1
-1
-1
2
4
3
3
6
13
16
12
10
8
8
6
3
4
5
6
7
3
4
10
10
7
3
4
4
-2
-6
-4
-2
-5
-6
-6
-8
-3
2
3
8
11
10
8
5
-1
-5
-8
-10
-9
-5
-4
0
2
-2
0
2
7
7
5
4
-3
-5
-5
-8
-9
-6
-4
-4
-5
-11
-14
-15
-11
-9
-3
-1
-1
3
1
0
5
12
10
11
6
-1
-2
-5
-7
-7
-1
6
3
4
2
3
3
5
3
-4
-4
-7
-9
-10
-9
-4
1
1
1
1
-3
-3
0
-3
-3
1
4
3
0
2
1
2
7
8
8
6
1
3
0
-1
-2
-3
-2
-3
1
0
2
8
7
7
7
2
-6
-9
-7
-9
-4
2
5
14
16
10
4
-2
-9
-7
-5
-4
-6
-9
-14
-14
-9
-3
1
2
4
4
6
9
7
5
0
-3
1
2
3
1
-1
-3
-1
1
1
-1
0
0
0
-2
-4
-2
1
-2
-1
0
-1
3
8
5
0
2
1
0
0
-1
-2
2
1
-2
2
1
3
4
6
7
3
3
-1
-3
-3
-5
-6
-6
-5
-8
-4
-2
-6
-7
-3
-1
-4
-2
2
-2
1
3
6
9
12
8
-2
-3
-4
-3
-2
1
4
-2
-6
-8
-3
0
-2
2
3
2
6
9
8
6
7
-4
-8
-4
-6
-2
-1
1
0
-4
-6
-8
-2
4
2
-1
-3
-2
-3
-8
-5
-2
-3
-1
-2
2
2
-1
-1
0
3
4
6
8
6
3
5
9
14
15
12
5
2
2
-1
-5
-5
-6
-6
-10
-12
-11
-6
-1
-1
4
1
0
2
-2
2
6
4
3
0
-2
1
0
-4
-8
-11
-14
-10
-4
-5
-7
-6
-3
-2
-2
-1
0
6
11
7
4
7
9
11
10
5
0
0
4
3
3
4
7
14
14
8
2
-3
-7
-10
-8
-1
1
2
0
1
3
2
-1
-2
-1
0
1
2
3
-3
-7
-15
-18
-15
-12
-9
-7
-6
-4
-3
-2
2
2
5
2
3
3
-5
-7
-10
-11
-8
-6
0
1
3
4
2
0
2
3
3
6
4
1
5
6
7
10
9
7
10
13
14
12
8
7
8
5
3
3
0
-1
-5
-7
-12
-8
-3
0
7
8
3
-3
-7
-6
-8
-5
4
7
4
-1
-1
-3
2
7
13
13
11
6
0
-4
-9
-4
2
5
4
0
1
5
3
-1
-3
-4
-6
-10
-10
-8
-6
-10
-8
-7
-5
-5
-4
-4
-4
-9
-7
-6
-5
0
0
5
5
3
1
1
4
7
8
7
0
-1
0
2
-4
-8
-7
-4
-2
-1
0
-1
-2
-5
-5
-6
-4
-9
-9
-4
0
3
4
2
-1
1
6
5
2
0
-4
-10
-11
-9
-2
7
14
10
9
9
4
3
3
1
1
3
1
-2
-5
-5
-1
-2
2
4
3
0
-1
-2
-5
-5
-6
-6
-4
-1
-1
-3
-2
-1
-2
1
7
8
10
14
16
17
18
13
9
8
9
12
8
3
4
2
3
3
3
5
6
4
-2
-4
-3
-7
-7
-5
-6
-8
-7
2
1
-1
0
1
1
-2
-2
-1
-2
-1
-4
-7
-6
-2
-4
-3
4
9
8
8
11
8
1
-4
-13
-18
-16
-10
-8
-7
-7
-6
-4
4
5
4
8
9
5
-1
-4
-4
-3
-3
-2
-1
-3
-7
-5
1
0
-2
-2
-1
0
0
1
-6
-10
-9
-10
-12
-7
-3
-1
0
-2
2
-1
-4
0
-2
-2
1
1
-4
-7
-5
-4
-1
0
3
3
8
14
21
18
7
1
-3
-2
-2
-17
-11
8
8
0
-18
-11
3
12
11
9
13
12
2
-5
-12
-9
-2
5
7
1
-5
-16
-22
-4
2
-4
9
12
13
3
-6
-11
-21
-5
13
6
1
-10
-16
-5
-4
2
6
16
27
24
16
12
11
6
1
4
4
-3
-2
-8
-15
-5
5
13
14
17
22
23
19
0
-12
-24
-28
-22
-13
-4
-13
-15
-19
-10
4
2
8
13
4
-9
-21
-20
-15
-9
-3
-6
1
10
17
20
18
21
18
8
6
-1
-5
-10
-10
-7
-12
-14
-9
-6
-8
-2
6
6
8
1
-6
-5
-4
-5
-1
2
1
-4
-4
-3
5
14
17
18
17
20
22
21
15
7
-3
-10
-11
-12
-7
-9
-13
-14
-11
-10
1
14
12
9
9
4
-10
-17
-18
-16
-12
-7
-4
-4
0
3
5
7
7
8
19
20
14
3
-10
-12
-14
-11
-9
-7
-8
-7
-1
-2
-1
-4
-5
3
4
1
-2
-6
-11
-17
-21
-12
-3
3
5
5
4
2
3
8
16
24
24
15
2
-9
-9
-9
-11
-10
-8
-4
1
0
-6
-3
1
6
9
8
12
10
0
-9
-15
-15
-6
-4
-6
4
9
9
7
9
12
13
16
16
12
10
6
-13
-23
-12
-5
5
10
4
-4
5
10
4
9
14
15
17
11
6
-4
-12
3
-7
-21
-22
-13
6
6
3
-19
-12
13
3
-1
-4
-8
-5
-6
-10
0
7
-11
-13
-3
0
11
20
32
46
53
25
20
12
-20
2
-17
-35
-29
-54
-47
-23
-11
9
44
83
80
38
28
36
9
-20
-61
-103
-100
-95
-105
-93
-35
21
39
73
97
97
104
72
15
-23
-55
-74
-87
-69
-42
-32
-4
-2
8
45
64
82
87
79
48
-2
-36
-59
-47
-33
-45
-42
-41
-40
-18
-5
7
33
53
62
37
3
-1
-15
-23
-34
-50
-20
-13
-29
-24
-11
15
27
30
37
33
32
16
-13
-17
-12
-33
-44
-21
-17
-9
15
19
23
41
35
6
-10
-12
-17
-27
-31
-36
-43
-2
24
12
35
43
26
41
27
10
25
32
23
-2
-13
-4
-6
1
-6
-20
-7
7
-2
-19
3
12
8
15
9
10
17
0
-29
-40
-22
-9
-10
-12
3
10
19
23
1
2
9
0
-4
-6
-7
-2
0
-8
0
12
-10
-38
-26
-18
-24
-9
6
18
36
41
37
29
17
10
2
-5
-9
-23
-45
-42
-15
-20
-7
16
20
32
39
38
18
6
-3
-33
-64
-69
-38
-19
2
6
-14
6
43
58
35
28
40
34
-8
-38
-24
-20
-3
2
-28
-19
30
49
29
10
-10
-15
8
13
-10
-33
-21
4
9
-18
-24
5
7
-14
-31
-9
38
59
23
-7
-13
13
41
16
11
25
15
3
-34
-41
-19
-12
0
-17
-33
-16
9
13
-10
-4
2
-12
-8
-11
1
-8
-29
-50
-68
-17
10
-20
-20
8
18
36
42
22
33
38
2
-29
-39
-16
-1
-2
-9
-7
18
28
41
25
4
22
6
-39
-34
-5
-6
-12
-7
-32
-21
20
13
14
27
13
20
26
4
-4
5
3
-23
-37
-40
-12
47
31
-6
-13
-11
16
-3
-13
7
0
-5
-31
-35
-12
9
16
4
19
36
38
45
47
31
-10
-43
-38
-22
-2
14
19
12
9
14
34
45
29
25
-5
-51
-73
-83
-60
-15
12
42
59
64
46
22
1
-1
-6
-21
-12
-35
-45
-28
-20
3
15
4
-6
6
19
-10
-23
4
35
27
-15
-52
-46
-9
0
-20
-33
-2
27
13
-3
16
56
70
41
-1
-27
-33
-42
-54
-66
-79
-42
-12
-8
18
35
50
74
75
59
34
26
10
-47
-68
-53
-28
-17
-18
-22
-3
26
29
38
59
66
63
25
-31
-52
-41
-39
-48
-58
-48
-30
-12
5
18
56
81
68
49
20
10
10
-36
-75
-85
-77
-73
-71
-52
-8
48
69
68
65
60
58
42
-2
-27
-28
-47
-59
-68
-85
-49
8
36
64
94
98
84
59
12
-11
-7
-25
-53
-72
-73
-52
-32
-11
20
66
93
87
73
60
39
31
14
-43
-64
-61
-78
-70
-61
-63
-17
41
40
30
42
54
44
23
10
-9
-22
-20
-31
-48
-30
-19
-16
16
32
43
56
59
48
25
13
5
-3
-25
-38
-48
-56
-53
-55
-56
-24
6
10
17
19
7
0
26
41
22
7
-13
-34
-43
-42
-46
-33
-5
-6
-13
6
39
45
33
40
26
13
3
-21
-32
-40
-37
-40
-35
19
52
61
67
54
43
28
18
1
-15
-22
-41
-57
-46
-26
-8
13
23
21
18
27
22
9
-2
-2
-13
-26
-17
-15
-21
-11
13
17
14
14
-13
-12
15
6
-6
-1
16
14
4
8
12
17
9
-25
-52
-45
-37
-48
-48
-36
-12
13
18
31
54
65
65
54
9
-20
-27
-45
-64
-58
-40
-17
16
33
42
67
88
71
44
12
-19
-21
-24
-46
-58
-49
-19
-2
-5
13
52
76
68
13
-37
-26
-3
-33
-57
-31
-19
-9
-17
-21
18
54
43
13
5
3
-4
-13
-18
-9
-4
-16
-30
-25
-1
17
25
30
32
42
49
20
-19
-26
-29
-32
-25
-32
-44
-18
5
-8
-10
10
19
16
15
15
18
15
-3
-19
-15
2
14
4
-5
-3
-7
-6
-11
-19
-15
-2
6
15
29
22
19
28
16
-9
-25
-14
-4
-8
-12
-20
3
25
25
10
7
25
24
13
-2
-14
1
4
-16
-28
-28
-9
9
-5
-22
-13
11
20
7
-8
-9
3
5
-15
-21
7
22
6
-9
0
15
18
5
-24
-26
-4
-7
-19
-21
-8
6
9
-2
-15
-8
5
8
-9
-11
3
15
18
2
-7
14
22
5
-12
-13
1
1
-18
-39
-19
16
27
27
26
39
50
34
-1
-14
0
-4
-40
-70
-60
-29
-23
-26
-14
19
56
57
48
42
36
8
-36
-51
-39
-15
-15
-26
-25
-9
15
15
6
13
29
29
4
-20
-24
-16
-20
-35
-30
-7
21
34
36
34
40
42
15
-7
-23
-22
-30
-43
-28
-16
3
16
21
28
30
29
19
8
12
2
-18
-27
-29
-22
-12
-11
-14
-6
3
4
-10
-13
6
23
10
-12
-9
12
30
26
14
19
30
25
4
-22
-20
-6
-17
-38
-27
4
5
-1
3
2
-2
-5
-4
-1
9
21
6
-11
-11
2
5
-3
1
1
-4
-5
-13
-19
-15
7
8
-1
9
18
28
26
18
19
18
8
-18
-38
-46
-37
-27
-27
-17
14
35
34
31
28
43
43
13
-19
-31
-29
-24
-34
-35
-8
29
40
37
40
42
34
16
-4
-13
-4
-10
-41
-59
-39
-8
13
16
26
39
53
38
1
-20
-35
-44
-52
-60
-54
-34
-21
-18
-7
12
31
36
14
0
1
1
-2
-12
-9
-4
-7
-8
-17
-18
-10
-6
5
16
21
19
13
8
2
-4
0
-3
-10
-19
-19
-14
-10
-1
0
5
9
5
-5
-2
6
7
1
-3
-11
-11
-3
-4
6
18
18
17
18
17
17
8
-4
4
3
7
9
0
4
17
17
11
15
19
31
30
11
-2
-7
-6
-9
-17
-23
-25
-21
-10
-6
-4
3
9
11
17
23
21
18
6
-8
-13
-10
-13
-17
-10
-3
4
6
8
15
22
19
4
-2
-6
-9
-21
-37
-37
-29
-24
-19
-10
11
27
23
19
22
27
18
-11
-27
-26
-19
-17
-12
-2
9
21
30
31
32
38
24
6
0
-8
-19
-31
-32
-22
-7
8
11
13
21
29
32
22
10
9
4
-18
-31
-23
-18
-13
-9
-2
-1
-5
1
2
6
12
-1
-14
-17
-11
-11
-16
-22
-20
-9
6
11
-1
1
9
6
0
-9
-11
0
-2
-9
-6
12
30
27
15
-2
4
14
4
-12
-11
-1
-6
-14
-23
-23
-5
-1
0
5
21
19
1
-2
-4
4
11
9
2
3
2
-10
-6
3
0
3
0
-8
-9
-5
5
-2
-3
-6
-6
3
7
4
-4
-1
1
1
-7
-17
-12
-9
-14
-15
-12
-4
3
4
12
16
24
27
16
8
2
0
1
-8
-12
-9
-4
0
4
4
7
11
10
9
11
11
12
4
-2
8
12
12
14
24
27
19
13
7
12
15
6
-10
-18
-13
-6
-7
-10
-15
-13
-6
9
17
16
26
15
6
-3
-7
-1
-11
-16
-18
-18
-13
-10
-10
-13
-9
-10
-10
-9
-11
-5
-1
0
1
-4
-2
-7
-10
-11
-21
-19
-17
-22
-24
-29
-24
-6
11
15
15
22
22
15
5
4
-2
-5
-3
-11
-20
-16
-16
-9
8
15
11
9
10
11
7
3
4
7
9
4
4
3
2
4
3
4
17
26
20
10
10
20
21
17
9
8
3
-5
-15
-26
-22
-14
-13
-7
1
5
4
-2
-3
-3
-8
-16
-22
-26
-23
-11
-5
-6
-1
5
9
14
17
24
21
12
7
-6
-20
-20
-27
-37
-27
-23
-17
-6
1
5
9
10
8
6
4
-3
-9
-13
-17
-16
-9
-9
-3
4
14
20
19
20
14
9
6
2
4
3
-3
-3
-3
-2
6
9
9
8
0
6
12
10
9
7
13
12
11
12
10
13
7
-3
-10
-7
-2
0
-2
-3
1
8
7
4
0
3
6
-1
-1
0
-8
-12
-9
-9
-9
-12
-14
-1
3
-4
-7
-11
-3
3
-3
4
6
9
10
-4
-13
-12
-4
0
7
13
14
12
5
1
-5
-12
-4
-2
-7
-10
-14
-8
-7
-13
-5
2
11
19
16
11
8
1
-5
-7
-9
-6
-9
-10
-7
-10
-3
9
21
28
25
19
15
4
0
-2
2
2
-3
-5
-7
-12
-14
-15
-17
-5
3
-3
-5
-4
1
1
-5
-3
-4
-5
-8
-10
-7
-7
-2
5
8
13
16
9
2
3
-1
-1
4
2
-1
-3
-4
-4
-6
-4
2
1
7
7
7
17
15
11
3
2
-2
-9
-15
-11
-9
-16
-9
1
16
30
25
19
18
14
10
4
-3
-6
-12
-14
-16
-13
-4
4
8
9
10
14
19
12
3
-7
-11
-12
-18
-23
-23
-14
-3
0
-4
-1
6
7
12
13
10
13
14
4
-5
-8
-9
-12
-19
-12
0
3
6
1
1
3
5
2
0
1
-4
-10
-14
-18
-13
-7
0
2
5
9
6
9
3
-4
3
4
1
-1
-2
-4
-4
1
5
8
9
5
-1
-7
-10
-13
-20
-16
-6
3
9
8
5
11
8
2
2
1
3
-2
-11
-18
-18
-12
-13
-10
-2
1
6
2
-6
-6
-9
-12
-11
-6
-3
-4
-4
0
5
7
9
8
8
13
16
15
9
6
4
5
2
-5
-7
-9
-2
1
-2
-1
3
7
7
-1
-3
-2
-6
-3
-9
-11
-9
-8
-7
-7
-4
-2
0
4
13
10
8
7
1
-2
-5
-2
4
5
4
1
-1
-2
-3
-4
0
4
11
8
4
3
-6
-18
-12
-3
2
4
8
7
9
9
10
16
15
14
4
3
3
0
2
-1
2
12
11
7
6
10
9
4
9
15
14
13
11
5
3
4
2
2
1
-1
3
4
0
-2
-4
-3
2
-3
-3
-3
-8
-4
-5
-8
-5
-5
-5
-6
-4
-4
-8
-7
-5
-2
1
-3
-8
-14
-14
-11
-11
-12
-16
-19
-18
-22
-21
-19
-16
-8
-2
-3
-2
-3
-7
-14
-13
-9
-4
6
17
16
8
3
-1
2
5
0
-2
-4
-2
-3
-8
-9
-9
-4
-1
2
1
3
7
14
11
4
1
0
-6
-8
-8
-4
3
3
-2
1
8
10
4
-1
-1
3
8
3
-3
-3
-3
-4
-8
-5
5
12
10
7
5
4
5
0
-6
-2
4
-2
-5
-3
-1
6
9
7
9
15
26
28
24
18
11
3
2
3
2
5
7
9
8
10
13
12
6
-3
-2
-2
0
1
-2
4
7
6
2
-3
0
0
1
0
-4
1
4
3
0
-6
-6
-5
-6
-7
-8
-9
-12
-11
-17
-22
-21
-14
-9
-6
-2
-5
-7
-6
-9
-11
-15
