2
4
5
4
5
3
1
0
-1
-1
-2
0
2
3
1
1
-3
-2
0
3
3
1
1
-3
-5
-7
-6
-8
-3
3
5
7
6
4
1
-1
-2
-2
0
3
3
2
2
2
1
-3
-3
-5
-2
3
5
4
2
4
3
1
-1
-1
-1
1
4
0
0
3
2
5
4
5
5
6
6
3
-1
-2
0
1
0
1
-2
-2
-4
-2
-3
-3
0
-2
-4
-2
0
-1
-1
-1
1
1
3
8
5
6
5
0
-4
-2
2
3
0
-2
1
-1
-1
-5
-9
-9
-6
-5
-3
-3
-3
-4
-3
0
-1
-3
-3
0
5
10
13
10
10
8
9
9
7
6
1
0
-2
-1
-2
-8
-4
-5
-1
-2
-3
-6
-7
-2
-2
0
1
-1
-3
-2
-1
-1
0
-1
4
4
5
4
1
0
-3
0
0
1
-1
-3
-1
1
4
-1
-1
-3
-3
-1
-3
-2
-4
1
-1
-3
-2
-1
0
-2
1
0
0
1
3
5
4
4
0
-1
-1
0
1
2
-3
0
-2
-1
2
0
0
-4
-4
-6
-8
-9
-4
0
-1
0
0
2
2
-1
-5
-5
-2
0
6
4
3
-1
-1
0
-1
2
-3
2
1
6
6
-2
-5
-8
-3
-2
1
-3
-3
-2
-4
1
-2
-4
-1
3
3
1
4
1
2
5
7
7
6
5
3
1
4
3
0
-3
-2
1
1
-1
-2
-7
-8
-5
-6
-6
-3
-3
-2
-1
2
2
-1
-5
0
1
7
9
6
3
2
5
8
11
9
7
5
5
2
3
2
-3
-4
-7
-6
-6
-8
-8
-8
-9
-5
-1
-4
1
-5
-1
2
1
5
3
3
2
5
6
5
4
1
-2
-5
-2
-1
1
3
0
-1
-3
-6
-4
-6
-6
-5
-2
1
0
0
-1
0
-2
-3
-1
1
2
-2
0
-2
-1
-1
1
4
0
2
4
4
6
2
2
0
1
2
4
5
3
2
-2
-5
-3
-1
-1
1
0
0
1
2
1
-2
-2
-2
-3
-1
0
0
1
1
2
3
0
0
-1
0
3
6
1
-1
0
-6
-4
-1
-2
2
5
7
5
3
-2
-3
0
0
0
1
0
1
0
-2
-2
1
-1
0
0
0
2
1
-1
-4
-7
-7
-4
-5
1
1
0
1
0
3
1
3
4
1
5
4
2
-1
-2
-3
-1
2
3
4
1
0
1
0
-2
-1
-1
-1
-2
-1
-4
-8
-6
-5
-3
0
2
3
5
3
3
1
0
5
4
3
4
2
1
0
-1
-2
-4
-4
-4
-3
-4
1
-2
-3
0
1
4
4
5
2
-1
-2
0
-2
-1
1
4
5
4
4
-1
0
2
3
3
3
4
0
2
2
3
4
1
-2
-5
-1
3
-1
-5
-5
-4
-1
1
1
-3
-3
0
1
1
0
-1
-4
-4
0
0
-2
-4
-6
-6
-5
-2
0
-1
1
-2
-2
-1
-2
-1
0
4
4
2
5
4
0
-2
2
2
5
5
-1
0
0
2
-1
0
1
-1
-2
-5
-2
-2
-1
-1
-1
1
-2
1
1
-3
-3
-1
2
3
5
2
1
3
-2
-2
-4
1
6
7
5
2
-2
-5
-4
-2
-3
-1
2
4
4
0
1
-2
-1
0
4
6
6
2
-1
0
0
-4
-6
-8
-6
-5
-3
-5
-7
-7
-8
-5
-3
-3
-4
-3
-1
3
7
7
10
10
11
10
7
8
3
-1
-1
2
4
4
5
5
3
-3
-4
-3
-3
-3
-4
-2
-4
-5
-5
-5
-4
0
1
0
1
1
-1
1
5
7
5
3
4
3
0
0
0
4
1
1
1
-1
-4
-7
-3
-4
-6
-9
-6
-7
-7
-3
-6
-4
-1
-2
0
2
5
6
7
9
10
8
4
6
6
6
2
1
2
-1
-3
-5
0
2
-1
-3
-6
-8
-9
-8
-3
-1
-2
-3
-3
-2
-2
0
1
3
4
7
9
9
7
3
1
-2
-2
-7
-5
0
2
-2
-6
-7
-9
-12
-12
-5
-5
-3
-2
-4
-2
-1
-2
0
4
6
7
8
8
10
7
5
7
8
5
3
6
2
-2
-5
-7
-6
-5
-4
-2
-3
-4
-4
-6
-5
-4
-2
1
8
13
13
6
4
4
4
6
9
12
9
8
5
2
-2
-9
-12
-10
-7
-6
-8
-8
-6
-8
-14
-12
-9
-8
-8
-7
-1
2
5
5
7
6
4
3
8
13
11
8
10
12
9
5
2
0
-2
-5
-3
-2
-2
-8
-11
-12
-10
-10
-11
-6
-4
-3
-5
-1
4
4
4
8
11
11
14
15
16
11
7
6
8
9
4
2
0
0
-6
-13
-16
-16
-16
-19
-13
-9
-11
-14
-15
-10
-7
-4
3
14
20
18
10
8
9
6
4
8
14
14
12
10
4
-6
-14
-16
-12
-6
-7
-10
-7
-10
-14
-19
-17
-12
-13
-10
0
10
12
9
7
11
14
17
20
22
22
18
11
12
10
5
0
-1
2
-2
-8
-10
-10
-11
-14
-13
-9
-6
-4
-4
-4
-3
-2
2
5
11
14
11
13
15
12
2
3
7
6
3
5
6
2
-3
-7
-8
-5
-7
-12
-14
-11
-11
-12
-11
-8
-4
-7
-1
5
6
7
12
18
14
11
13
17
15
10
6
3
4
2
-4
-6
-7
-11
-18
-22
-18
-19
-21
-20
-15
-15
-14
-11
-5
1
3
3
9
17
17
12
12
16
19
14
10
11
10
5
-2
-2
-3
-6
-9
-11
-10
-15
-20
-18
-16
-19
-18
-20
-17
-12
-12
-9
-3
0
1
2
7
14
18
19
19
19
16
13
12
10
10
8
4
3
-1
-10
-20
-22
-20
-20
-20
-21
-19
-19
-16
-10
-4
-2
2
9
15
19
16
18
18
19
18
14
19
19
17
8
5
5
0
-7
-10
-8
-13
-22
-22
-21
-20
-20
-22
-22
-18
-14
-12
-9
0
7
12
19
26
30
28
28
31
31
27
23
19
14
9
-1
-4
-5
-11
-20
-29
-30
-26
-30
-31
-26
-19
-18
-19
-10
0
7
7
12
21
29
30
27
30
29
23
19
17
21
19
9
-1
-4
-8
-20
-29
-31
-32
-35
-40
-31
-29
-31
-31
-27
-15
-6
0
5
13
22
27
28
34
48
47
36
36
41
36
21
12
9
4
-5
-9
-13
-16
-25
-39
-47
-38
-32
-38
-41
-31
-19
-15
-8
4
8
11
17
28
35
35
33
28
28
26
21
11
13
14
-1
-13
-12
-12
-25
-36
-34
-32
-36
-37
-31
-24
-21
-18
-17
-4
15
18
15
23
39
43
39
46
52
46
36
34
32
29
16
-3
-15
-19
-20
-29
-34
-32
-34
-45
-46
-41
-39
-40
-36
-25
-14
-1
10
19
28
33
36
39
46
50
44
34
33
32
21
14
13
8
-6
-19
-19
-27
-36
-47
-52
-46
-41
-40
-41
-35
-23
-20
-15
6
31
34
32
44
52
52
49
50
53
53
48
37
30
29
19
-5
-24
-24
-27
-46
-56
-54
-54
-59
-55
-54
-54
-49
-46
-39
-26
-5
6
10
24
43
47
39
42
52
48
47
49
41
33
24
10
-7
-14
-16
-24
-37
-37
-41
-52
-54
-45
-41
-41
-32
-25
-20
-9
6
15
19
34
46
59
67
68
62
48
45
39
29
18
14
9
-5
-13
-21
-36
-51
-60
-69
-69
-57
-51
-58
-51
-39
-31
-28
-17
3
18
35
43
47
51
54
52
38
41
48
45
44
48
41
14
-6
-22
-38
-48
-56
-60
-64
-55
-43
-51
-48
-36
-26
-20
-5
14
13
14
19
27
32
50
67
72
79
80
71
48
31
16
-5
-22
-20
-26
-36
-44
-53
-63
-66
-51
-51
-53
-50
-43
-39
-33
-20
-8
7
29
52
63
70
78
74
58
53
44
30
22
21
15
1
-5
-15
-29
-33
-37
-55
-74
-78
-73
-73
-62
-47
-37
-22
4
26
31
40
45
39
37
44
45
43
53
64
59
57
56
40
16
0
-7
-29
-50
-57
-60
-71
-66
-57
-67
-62
-34
-16
-7
6
12
7
4
17
26
23
41
69
79
86
93
79
54
37
22
-4
-29
-29
-31
-42
-41
-43
-56
-66
-61
-62
-71
-66
-54
-47
-34
-10
5
10
25
48
58
61
72
75
68
63
60
48
35
33
21
8
1
-2
-21
-41
-49
-62
-76
-81
-83
-86
-88
-82
-68
-45
-19
5
19
29
37
42
34
32
44
49
60
77
92
94
86
67
37
10
-6
-20
-30
-32
-36
-46
-54
-56
-65
-75
-72
-61
-50
-31
-11
-2
0
4
8
12
23
32
43
56
73
83
79
65
51
27
3
-13
-17
-22
-26
-28
-28
-30
-36
-45
-60
-69
-73
-72
-59
-44
-28
-7
10
23
35
41
42
45
50
54
54
56
62
58
46
37
21
3
-9
-13
-20
-29
-29
-36
-45
-52
-56
-71
-78
-62
-41
-30
-15
6
15
13
20
31
30
26
40
50
53
62
69
60
46
39
21
0
-14
-21
-36
-54
-48
-42
-49
-56
-53
-57
-60
-50
-34
-24
-12
1
3
6
18
31
30
35
57
70
70
75
79
65
38
21
6
-11
-12
-12
-19
-21
-14
-20
-39
-49
-56
-69
-80
-68
-44
-29
-11
5
10
17
31
39
34
46
59
65
68
77
74
58
41
24
14
8
3
-7
-23
-33
-46
-60
-63
-67
-77
-74
-57
-37
-18
-6
-1
2
-1
4
3
5
20
35
41
51
71
78
69
60
48
27
8
-1
-9
-23
-29
-37
-45
-51
-46
-47
-60
-59
-56
-53
-53
-43
-30
-29
-16
6
21
37
57
70
71
78
79
66
53
45
35
19
11
9
0
-11
-20
-29
-50
-70
-76
-85
-97
-93
-78
-65
-49
-28
-13
0
13
23
32
36
42
47
45
56
67
67
64
69
70
55
44
33
15
-10
-39
-62
-80
-78
-74
-75
-60
-36
-29
-32
-27
-17
-22
-28
-16
3
19
41
63
73
86
95
91
76
70
60
34
23
18
-4
-32
-39
-43
-55
-71
-78
-79
-69
-55
-45
-48
-44
-32
-36
-34
-7
21
38
58
86
106
103
87
74
64
38
19
6
1
12
19
13
-1
-13
-34
-71
-95
-103
-105
-106
-103
-75
-51
-37
-20
2
22
32
36
35
53
79
94
98
109
113
97
71
58
49
38
18
-2
-16
-33
-52
-80
-99
-109
-116
-130
-119
-93
-74
-57
-37
-10
1
12
23
35
43
56
80
101
132
153
150
134
109
80
30
-1
-8
-19
-29
-35
-27
-33
-51
-76
-92
-106
-121
-124
-133
-121
-88
-56
-31
-3
27
40
49
69
88
92
87
95
104
99
83
61
41
26
19
5
-5
-7
-18
-39
-61
-76
-89
-103
-107
-104
-88
-63
-32
-5
13
26
28
27
28
40
44
48
63
73
79
86
85
67
45
19
0
-23
-49
-65
-74
-82
-70
-61
-67
-69
-62
-60
-67
-56
-48
-30
-5
12
21
35
64
80
91
100
97
83
66
67
60
39
16
-8
-38
-56
-54
-52
-69
-69
-68
-75
-73
-73
-82
-101
-91
-66
-36
-12
13
42
56
75
79
78
79
83
76
67
63
62
59
48
38
24
-7
-28
-35
-55
-68
-72
-75
-76
-65
-56
-56
-57
-44
-33
-30
-13
5
23
40
60
79
84
85
79
70
62
61
62
50
33
14
-14
-47
-63
-71
-81
-86
-87
-85
-74
-69
-72
-78
-80
-73
-59
-43
-19
16
44
66
83
100
110
114
109
96
86
83
81
77
65
54
33
11
-4
-26
-47
-60
-76
-81
-84
-88
-81
-81
-78
-67
-52
-35
-17
-5
5
19
28
42
46
50
57
48
48
50
46
41
39
31
19
12
1
-21
-47
-59
-59
-56
-51
-34
-22
-18
-13
-9
-17
-19
-7
-3
1
19
40
59
73
79
63
42
38
36
31
22
16
9
0
-6
-15
-23
-31
-39
-56
-64
-49
-34
-18
-11
-5
-2
-5
-3
-6
-3
9
18
29
38
42
45
33
19
8
-7
-19
-22
-23
-13
-7
-13
-8
-23
-44
-39
-46
-37
-25
-17
-8
4
23
30
33
33
38
27
15
24
39
48
48
54
35
15
17
5
-9
-14
-19
-25
-22
-17
-10
-18
-25
-21
-34
-47
-39
-27
-19
-10
1
7
16
22
17
10
5
8
11
9
11
11
1
-3
-10
-28
-31
-29
-26
-24
-21
-14
-10
-15
-18
-22
-24
-8
2
11
18
31
42
38
39
43
32
26
29
24
23
24
25
18
2
-12
-15
-29
-40
-47
-62
-60
-50
-37
-31
-33
-27
-31
-32
-22
-7
1
14
21
27
36
38
43
42
38
40
35
27
29
23
15
7
7
2
-12
-13
-17
-24
-24
-24
-24
-22
-21
-26
-32
-33
-24
-16
-15
-5
2
14
21
31
34
24
17
14
11
10
17
23
28
24
19
10
-3
-13
-23
-35
-36
-31
-21
-10
-6
-4
-8
-8
-10
-14
-16
-15
-4
10
22
30
34
25
17
15
8
4
3
1
4
6
5
2
-1
1
-1
-2
-4
-3
-1
-5
-9
-12
-11
-8
-6
-3
0
0
4
7
9
9
13
18
18
18
11
8
8
12
7
3
1
-1
-7
-18
-20
-26
-21
-17
-16
-14
-8
-7
-3
-2
2
4
0
6
13
15
17
24
27
28
30
24
17
12
7
0
-3
-2
-7
-6
-6
-7
-2
-7
-8
-9
-11
-14
-19
-21
-20
-19
-13
-13
-16
-8
-2
1
6
6
6
11
14
14
14
13
13
16
18
20
21
19
13
6
-1
-8
-12
-15
-12
-6
-6
-9
-11
-14
-19
-19
-20
-23
-19
-15
-6
-1
-5
-3
-3
-6
-10
-4
-1
2
8
15
20
17
16
13
7
10
14
14
17
19
19
16
1
-8
-13
-22
-24
-18
-16
-6
-4
-3
-3
-6
-5
-5
-10
-9
-7
-9
-3
2
8
13
14
15
12
7
8
9
9
13
11
12
11
4
2
-4
-12
-13
-13
-10
-1
3
1
-6
-10
-21
-36
-40
-36
-27
-13
3
15
26
31
27
16
2
-4
-7
-10
0
11
22
28
27
14
1
-5
-12
-22
-23
-18
-15
-9
0
2
-3
-7
-7
-6
-9
-4
5
8
15
15
13
17
14
12
9
8
6
8
6
5
8
10
9
-4
-19
-27
-31
-26
-21
-10
-5
0
3
-5
-11
-19
-24
-25
-21
-8
9
22
29
33
33
34
24
9
4
0
-4
-4
-6
-4
8
14
10
-1
-14
-17
-22
-26
-25
-22
-14
-4
-1
1
5
8
3
-6
-9
-10
-8
-1
2
-1
4
11
10
3
1
0
-5
-5
-3
-2
-3
2
7
5
-1
-5
-8
-7
-8
-4
0
7
13
18
15
9
6
4
3
-3
-1
10
18
23
23
13
1
-8
-22
-38
-46
-45
-31
-17
-12
-5
2
6
0
-12
-23
-20
-13
1
15
29
41
51
55
45
35
25
17
10
11
13
13
14
11
6
-4
-21
-28
-32
-37
-37
-34
-28
-22
-15
-19
-23
-28
-26
-19
-9
5
22
40
54
60
53
44
35
29
18
14
20
29
32
31
23
9
-3
-21
-45
-59
-63
-54
-44
-29
-17
-16
-16
-23
-25
-28
-21
-9
1
15
26
38
41
46
45
36
31
28
28
30
31
27
21
12
-4
-18
-31
-40
-45
-41
-37
-26
-17
-18
-19
-28
-31
-31
-26
-23
-17
-2
12
32
43
44
39
35
29
21
11
7
6
12
16
14
10
5
-5
-19
-28
-31
-33
-30
-26
-24
-24
-19
-13
-10
-5
0
7
12
17
25
25
25
26
21
15
11
7
10
8
4
-3
-9
-13
-19
-23
-29
-33
-36
-34
-29
-25
-21
-15
-9
-6
1
8
9
15
20
18
22
24
27
30
32
32
32
32
26
19
12
2
-6
-18
-27
-34
-37
-34
-31
-25
-22
-18
-17
-16
-15
-17
-13
-7
-3
5
15
28
35
40
42
35
31
26
26
26
27
27
21
16
7
2
-8
-18
-29
-33
-37
-40
-36
-31
-24
-23
-26
-25
-22
-21
-17
-7
6
19
28
32
34
35
38
37
33
32
30
30
29
25
17
6
-7
-17
-26
-34
-38
-42
-38
-31
-26
-21
-17
-11
-9
-10
-9
-5
0
6
15
23
31
37
43
46
43
40
34
22
12
2
-5
-10
-10
-15
-19
-26
-30
-31
-32
-32
-32
-31
-25
-22
-22
-17
-10
-1
6
10
14
20
27
36
38
35
34
28
23
19
13
4
1
-1
-7
-14
-21
-26
-28
-31
-34
-34
-32
-30
-25
-20
-14
-7
-2
3
9
9
11
13
14
16
16
20
22
25
23
20
15
11
5
-3
-11
-16
-16
-16
-18
-16
-12
-11
-11
-11
-11
-11
-9
-5
-4
-6
-2
0
0
5
8
10
12
10
7
8
8
9
9
7
2
-1
-4
-5
-7
-4
-4
-5
-2
2
6
6
6
4
2
2
2
2
4
7
11
11
7
4
3
2
-1
-3
-9
-10
-13
-13
-15
-16
-12
-10
-8
-8
-8
-5
-7
-4
-2
-1
-2
1
4
7
9
10
13
12
12
12
10
10
15
10
7
2
-3
-5
-4
-5
-10
-11
-12
-10
-10
-9
-9
-13
-12
-13
-14
-12
-6
-1
5
12
14
19
21
20
18
16
16
12
10
12
12
14
14
14
7
1
-6
-11
-16
-22
-20
-21
-19
-15
-14
-14
-18
-15
-13
-13
-13
-12
-5
2
9
15
16
17
17
19
16
13
11
12
12
9
9
9
7
6
3
-2
-11
-15
-18
-17
-17
-17
-12
-10
-11
-11
-8
-9
-7
-3
-4
0
1
5
9
16
15
13
9
7
7
6
8
8
6
3
-1
-4
-6
-7
-6
-7
-7
-7
-5
-4
-3
-4
-6
-4
-3
-1
1
4
7
12
16
16
13
11
6
1
-1
-2
0
2
2
1
2
5
3
-1
-5
-8
-14
-17
-16
-12
-9
-6
0
0
3
4
5
8
13
14
14
12
9
7
4
-1
2
4
3
1
1
-2
-6
-8
-10
-10
-13
-14
-13
-9
-7
-5
-3
-1
-2
1
0
2
2
2
3
6
9
11
14
13
11
6
2
-3
-5
-4
-4
-2
0
0
-1
-2
-5
-6
-8
-11
-12
-12
-12
-9
-6
0
4
8
9
9
10
6
6
6
6
7
9
8
6
5
6
3
1
-2
-4
-6
-7
-6
-7
-7
-7
-4
-7
-6
-4
-2
0
2
6
8
6
4
2
2
1
0
0
0
2
1
-1
-3
-4
-6
-6
-4
-4
-3
-3
-2
-2
-2
-2
-4
-2
-1
-2
-3
-1
2
4
7
8
11
10
7
8
8
4
0
-5
-7
-7
-8
-7
-2
0
0
-2
-3
-3
-6
-7
-8
-7
-4
-1
2
2
6
7
10
9
6
7
8
10
9
12
10
8
4
0
-2
-6
-4
-4
0
3
4
5
2
0
-4
-8
-12
-13
-15
-14
-10
-6
-1
1
1
1
-2
1
-1
-2
-1
1
2
3
6
7
7
8
6
6
5
5
4
4
4
4
3
1
-1
-4
-4
-4
-7
-9
-6
-5
-2
-1
0
-2
-3
-3
-5
-6
-5
-3
0
3
3
6
8
8
6
4
5
4
4
2
1
3
3
0
-4
-7
-11
-13
-14
-12
-8
-5
-2
-2
-3
-1
2
2
2
2
5
5
5
4
3
5
4
5
3
4
4
3
1
-2
-3
-8
-8
-9
-8
-6
-4
-1
0
0
0
-2
-2
-3
-2
0
1
2
7
10
9
8
7
4
4
3
1
-1
-2
-2
-4
-6
-6
-7
-7
-8
-7
-9
-8
-7
-5
-3
2
4
5
8
7
8
8
10
12
13
13
10
4
0
0
0
-1
-2
-5
-7
-10
-10
-10
-9
-7
-9
-8
-6
-6
-5
-4
-4
-3
-1
0
1
4
6
9
8
8
6
6
7
7
7
6
7
7
6
4
2
-2
-5
-6
-6
-7
-5
-2
-1
-2
-1
-1
-4
-3
0
0
0
0
1
3
6
4
4
3
2
1
2
0
-3
-4
-4
-4
-3
-4
-1
-1
1
1
0
-1
-2
-2
-4
-2
-4
0
1
2
3
3
2
1
1
1
2
2
4
2
3
1
0
-1
-2
-3
-4
-4
-5
-6
-9
-9
-7
-6
-5
-3
-3
0
3
3
3
3
4
3
5
5
3
5
6
8
8
9
8
5
3
0
-1
-3
-2
-2
-2
-3
-4
-5
-5
-5
-5
-5
-4
-3
-1
-1
-1
-1
0
0
2
4
8
9
7
9
9
7
7
6
4
3
3
4
1
3
3
3
1
-1
-4
-6
-6
-7
-5
-3
-2
-2
-1
-1
-2
-5
-3
-1
1
2
1
1
1
0
-1
0
-3
-2
-1
-2
1
2
5
7
8
9
7
4
2
2
1
0
0
1
0
0
-1
-2
-1
-1
-1
-2
-4
-6
-6
-5
-3
-4
-4
-4
-4
-5
-5
-5
-1
0
0
2
0
1
0
1
1
2
4
2
4
4
5
4
1
-1
0
-1
-2
0
1
1
3
2
-1
-3
-5
-6
-6
-6
-6
-2
0
2
2
1
1
-1
-3
-5
-6
-4
-2
-3
-1
0
0
1
0
0
2
3
4
5
4
2
2
2
3
2
1
2
2
1
-2
-1
-1
-2
-2
-4
-5
-5
-5
-5
-4
-3
-2
-1
-2
-2
-2
-3
-1
1
3
5
6
7
8
7
5
5
4
4
4
4
4
3
-1
-3
-3
-5
-8
-8
-8
-9
-7
-8
-6
-2
-1
2
3
3
2
2
4
4
4
4
4
4
3
2
2
0
-2
-2
-3
-1
-1
-2
-2
-1
0
-3
-2
-1
-2
2
2
-1
-1
-2
-2
-3
-3
-2
1
1
3
4
4
5
4
2
0
0
-1
0
1
2
0
1
0
-2
-4
-7
-9
-8
-7
-5
-1
0
2
4
4
4
2
2
1
0
1
2
3
4
5
3
2
-1
-1
-1
-2
-2
-2
-2
-2
0
1
0
-1
-2
-3
-2
-1
0
2
1
1
0
-1
-2
-1
-1
0
1
1
0
-1
-4
-3
-3
-2
-2
-2
-2
-4
-3
-3
-3
-3
-2
-3
-1
0
-1
1
3
3
3
4
5
5
5
5
6
4
2
-1
-1
-1
0
1
1
2
1
1
0
2
1
1
1
0
2
-1
-1
-1
-1
1
2
1
2
4
4
0
0
-1
-1
0
-1
-1
0
2
2
1
1
1
0
-3
-2
-2
-2
-1
-2
-1
0
1
2
4
3
4
4
1
0
0
1
0
-1
-2
0
0
1
0
0
0
-1
2
1
2
3
2
1
-1
1
3
1
1
2
2
1
0
-2
-2
-1
0
0
-1
0
1
1
1
2
1
-1
-3
-2
-1
-1
-1
0
-1
1
2
3
2
0
0
-1
0
0
0
1
0
0
2
1
1
1
1
-1
-2
-2
-3
-3
-3
-2
-1
1
0
0
1
1
2
3
2
1
-1
-1
-1
0
1
2
-1
0
0
-1
-1
-1
-2
-3
-3
-2
0
-1
-1
1
0
-1
-3
-3
-3
-3
-2
-1
-2
0
0
0
-1
0
1
0
0
0
-1
0
0
1
3
4
2
1
1
1
-1
-2
-2
-1
1
2
1
1
0
0
1
1
2
1
-1
-1
-1
-1
1
-2
-1
-1
-1
0
-1
0
1
2
1
1
1
1
1
1
1
0
-1
-1
-1
-2
-2
-3
-4
-3
-3
-4
-3
-1
-1
2
3
3
3
2
3
4
5
2
1
-2
-2
-1
-1
1
1
0
-1
-1
-1
-3
-3
-5
-5
-6
-4
-3
-1
1
0
2
1
1
1
1
3
5
6
8
7
6
5
5
3
4
3
2
1
0
-1
-3
-3
-2
-4
-4
-5
-3
-4
-3
-1
0
2
3
2
2
3
4
3
4
4
3
4
4
4
5
3
3
3
3
2
2
1
0
0
-1
-2
-2
-4
-5
-5
-6
-6
-7
-5
-3
-2
-1
1
2
2
5
6
5
6
4
4
4
2
2
0
-1
-2
-3
-1
0
-1
-1
-3
-2
-3
-2
-5
-6
-5
-6
-4
-4
-3
-3
-4
-4
-3
-5
-5
-4
-3
-1
1
3
2
2
2
2
0
1
2
3
4
3
3
2
0
-3
-4
-4
-5
-5
-4
-4
-2
-2
1
-2
-3
-3
-2
-1
1
0
0
1
0
0
-1
-1
-2
-2
-1
-1
-2
-1
-2
-3
-1
-1
0
-1
-1
2
4
4
2
2
0
0
-1
-2
-2
0
0
1
1
2
3
1
0
0
0
-1
0
1
0
1
-2
-2
-3
-5
-6
-7
-6
-4
-2
-1
0
2
3
3
4
2
3
1
0
1
0
-1
-1
-1
-1
-2
-3
-3
-2
-2
-4
-6
-4
-3
-3
0
1
2
2
0
0
0
-1
0
1
2
4
3
3
2
4
5
5
6
4
3
1
1
1
2
1
1
-1
-1
-1
-1
-2
-4
-5
-5
-5
-2
-2
-1
1
2
1
2
2
2
2
2
2
1
3
4
4
2
2
1
0
0
-2
-2
0
0
-1
-1
0
0
-2
-3
-2
-2
-3
-3
-3
-1
0
0
0
0
1
1
1
3
5
6
5
4
3
2
1
0
0
0
0
0
1
2
2
1
-3
-6
-5
-4
-3
-1
1
2
5
4
4
2
1
1
0
1
2
1
-2
-2
-2
-4
-5
-4
-2
0
-1
-2
-1
-1
-1
-2
-2
-3
-1
-1
0
0
-1
-2
-1
2
3
2
3
4
4
4
4
4
2
1
0
1
0
-1
-1
-3
-2
-2
-2
-1
0
2
0
0
0
3
2
0
0
-1
1
2
6
8
8
9
8
7
6
3
-1
-1
-2
-3
-2
0
1
0
-2
-2
-2
-3
-2
-1
2
4
4
4
3
3
3
3
2
0
0
-2
-1
-1
-1
-1
1
0
0
0
-2
-2
-3
-4
-4
-3
-3
-2
-1
2
2
3
3
0
-2
-4
-5
-4
-5
-3
-2
1
4
3
2
2
3
1
1
0
1
2
1
0
0
0
1
0
-1
-1
0
0
1
1
2
1
1
2
1
0
-2
-4
-2
-2
-2
-3
-4
-4
-3
-3
-1
1
2
1
1
-1
-3
-6
-6
-3
-1
1
1
3
4
4
4
2
1
-1
0
1
2
2
3
4
5
3
1
1
-1
1
0
-1
-3
-4
-4
-4
-3
-3
-3
-4
-1
0
-1
-2
-4
-3
-3
-3
-4
-4
-3
-1
0
1
1
1
1
1
0
2
2
2
1
0
0
-1
0
0
0
1
0
-1
-1
0
0
1
0
-1
0
0
1
2
2
1
2
-1
-1
-2
-2
-3
-5
-4
-2
-2
0
1
0
1
0
1
2
1
2
3
4
3
5
4
3
0
1
1
1
0
-1
0
0
0
0
0
0
-1
-1
1
2
1
0
2
2
2
3
4
4
5
4
1
0
0
-2
-1
-1
-2
-2
-2
-3
-2
-1
1
1
1
1
-1
-2
-2
-3
-4
-3
-3
-4
-1
-1
1
2
3
3
4
2
2
2
2
1
1
1
0
-1
-1
-1
0
1
1
0
0
1
2
1
3
1
0
2
3
3
4
2
2
3
2
-1
-1
-2
-2
-2
-3
-1
-1
0
-1
-1
-1
-3
-3
-3
-2
-2
-2
-1
-1
-1
-1
1
0
2
2
2
2
0
0
1
0
0
0
1
1
1
4
0
-2
-4
-2
-2
-4
-2
-1
-1
1
0
0
-3
-5
-4
-3
-2
0
1
2
2
1
1
0
-1
-2
-1
0
3
3
3
5
3
3
3
2
0
-1
1
3
3
4
3
2
1
1
0
0
1
1
2
1
0
-2
-1
-4
-1
-1
-3
-2
-3
-2
-1
-2
-2
0
-2
-1
2
4
4
3
4
4
5
4
4
3
3
4
2
2
1
0
0
-2
0
1
0
-3
-1
0
0
1
-1
-1
-2
0
0
-1
-1
-1
-2
-2
-1
-2
-2
-2
-2
-1
0
0
0
0
-1
-1
-1
0
0
0
2
2
1
0
-1
0
1
1
0
2
1
0
-1
-2
-2
-1
-2
-1
-1
1
2
0
0
-1
0
-2
-2
-2
-5
-2
-1
-3
-4
-4
-5
-5
-6
-4
-4
-3
-3
-2
-3
0
0
-2
0
-1
-2
-1
1
0
2
2
2
1
-1
-1
1
-2
-4
-1
-3
-6
-6
-6
-8
-6
-6
-2
-2
-2
3
0
1
3
1
-1
1
0
4
3
1
5
2
2
6
4
4
5
1
3
-1
-2
0
-5
-4
-3
-4
-4
-2
-2
1
0
3
6
0
5
7
4
6
8
10
7
2
5
6
4
3
0
-1
-2
0
-1
-7
-9
-5
-9
-2
-9
-3
6
-1
2
2
-3
-3
4
3
4
-1
4
7
-9
4
9
-5
3
7
0
4
1
8
2
-3
8
1
-5
8
3
-6
4
3
6
-3
0
2
-4
-1
4
-5
-4
-1
1
8
-8
-4
-1
-4
-6
10
7
2
7
3
-9
-13
1
-2
-4
-1
16
2
-2
24
3
-13
16
0
-18
7
0
-4
0
1
7
-9
-14
11
-18
-16
9
-14
0
4
0
-1
0
-6
3
1
-3
4
1
3
-2
7
-4
-7
7
-1
-5
2
-1
3
-3
3
13
-15
3
16
-12
3
13
-11
-1
13
-8
-1
9
-5
6
2
5
8
6
1
0
-2
-10
11
-7
-2
15
-13
-10
4
-18
5
13
-20
-2
0
-15
-7
8
-5
3
5
9
1
-8
23
2
-10
17
8
-16
15
7
-6
-1
8
-2
-4
-2
0
4
-19
0
-17
-17
1
-6
-8
9
-15
-10
23
-7
-7
22
0
-2
22
9
5
-13
10
13
-9
12
4
-17
10
-2
-10
5
-16
11
14
-10
-1
-22
-14
17
-19
0
3
-18
23
12
-10
9
-1
11
17
-17
14
0
-11
33
5
-1
0
-16
35
-13
-22
16
-44
-21
25
-1
-8
-20
1
40
-33
8
29
-49
17
37
-20
9
-18
1
37
-36
3
24
-43
-15
30
-24
-22
-14
-6
1
-38
16
8
-6
15
41
-9
-40
32
6
-14
14
13
-19
10
24
-11
-22
31
8
18
2
-4
5
-10
18
-19
-35
-6
32
-11
8
-11
-39
19
-5
-7
29
2
7
38
-16
-13
-4
5
49
23
-2
8
8
18
23
-12
9
-20
-12
29
-7
-38
-31
14
8
-20
4
-3
-27
4
40
-8
-25
-9
12
20
19
-23
-21
-15
15
37
-2
12
5
5
16
16
-48
-2
-6
-13
11
-31
-42
18
-21
-7
1
-42
-6
3
26
11
-21
8
23
0
4
14
-4
12
39
-9
5
2
-3
30
-7
-21
-30
-11
23
-2
-21
-17
5
-13
15
31
-57
17
38
-7
6
-12
-8
-3
42
29
1
1
24
-5
13
2
-13
-25
32
23
-10
-13
-1
25
-19
30
19
-42
-8
20
-21
-9
-30
8
18
20
13
18
-16
-26
56
4
-29
7
-6
24
10
-26
-16
-7
4
-24
-3
-33
-6
11
3
1
-65
-6
16
13
-2
4
16
-30
7
38
-22
-7
21
21
20
-15
-1
13
45
9
7
-30
-33
17
2
-1
-24
-13
18
-6
-17
-17
17
10
-10
15
-18
-20
22
36
32
-25
-41
54
1
22
28
-33
14
47
8
14
-47
-9
58
-18
-9
-10
-62
32
47
-88
-21
-15
-27
37
-7
25
-30
-67
52
-44
-54
18
78
14
-6
-5
9
-22
-4
75
-4
-37
66
-22
-36
38
-62
29
-8
-41
35
-15
-72
8
-3
-30
-14
-1
-3
7
-7
21
-1
-36
-9
30
7
15
-10
-27
-51
22
23
-35
20
-45
57
37
-2
-47
0
35
18
-20
-27
-49
-14
31
-12
-27
-35
39
7
25
7
-32
-32
2
55
-22
-19
38
-10
2
30
18
-54
40
78
-47
-21
42
-37
-22
-27
13
4
-12
61
2
3
16
-4
-36
1
22
18
22
5
-76
-4
22
-2
-10
11
65
9
-10
30
-36
-66
32
49
-24
-38
-31
3
39
-11
-2
-14
-1
3
21
-33
-34
8
6
12
-5
10
28
11
5
18
-113
44
62
-53
17
2
-52
26
54
-54
-61
-57
146
-15
-24
-2
-46
43
50
25
-72
-28
47
55
8
18
-33
45
12
-5
14
5
-28
23
37
-106
-20
51
6
-18
-20
-48
-22
-14
37
-45
-38
22
34
-1
-52
-27
-15
54
2
-10
2
-57
-14
64
33
-24
-26
78
-42
4
34
-35
-25
-5
19
-5
10
-25
-12
-9
-3
5
64
-24
12
31
-31
6
21
-37
3
83
-98
69
43
-85
40
16
2
21
-59
-7
85
-17
40
9
-128
55
41
-9
150
-149
29
37
-142
25
-44
-77
83
82
-23
72
-85
-16
90
60
34
-60
-10
121
14
-75
-42
-29
27
13
85
24
-56
44
11
-61
-54
0
57
38
31
-50
-18
-56
-6
62
24
42
-1
-5
-27
-3
-46
7
51
-4
-34
20
105
15
-131
-42
27
9
5
96
-38
-32
66
-52
-115
-16
136
113
5
-94
-5
-26
38
69
-3
-74
51
91
-39
-46
21
37
25
-40
40
-26
-64
73
-32
-34
-11
67
-9
20
-13
-21
78
-2
-26
52
-19
83
20
-101
-102
-25
77
37
152
-34
-80
-79
-14
8
5
11
-78
-44
30
70
-63
-4
45
43
-3
-53
25
-92
47
35
-135
33
-78
49
22
-14
-14
25
7
-31
18
9
99
-80
13
35
27
-83
-18
-1
17
-14
-23
12
-54
75
-97
67
46
-85
117
-69
-90
5
19
-1
-73
-53
20
66
-75
19
-47
-86
88
1
29
4
-49
41
-48
-9
-38
-105
133
15
-78
65
37
-15
-100
4
24
-47
-25
79
-63
-72
99
38
-124
-32
54
37
21
-25
-34
-182
41
-34
-5
-17
-29
36
-17
63
56
-52
-51
118
-21
5
-31
-116
58
144
87
43
-32
-123
-18
-25
44
113
-71
-40
61
-8
-151
-71
4
-2
32
28
-32
-29
59
109
75
-57
-113
55
2
91
32
-60
51
68
-40
-44
86
2
62
-64
-28
-50
82
63
-126
-67
132
-116
50
129
-144
33
179
108
-177
-113
57
78
0
222
-56
-252
139
0
-56
-5
-34
110
16
-61
-6
-56
81
96
-180
-37
-71
-91
57
91
43
-32
152
-5
-77
-235
-136
237
96
106
59
-27
-220
108
45
-145
39
-51
222
-56
-38
101
-20
-72
163
-3
-132
82
-54
-57
127
93
-60
94
-22
-55
21
-2
-61
-3
-18
-64
70
-37
-53
123
-36
-86
63
1
-40
-64
19
37
-107
-18
82
-85
-107
106
46
-119
27
135
-56
14
69
-130
32
-69
-93
-20
18
135
8
-20
128
71
-63
37
-145
-120
134
71
35
-93
-83
130
-34
-138
-44
-42
28
140
46
-68
-198
26
78
-124
-5
-6
-50
-37
27
95
78
-46
253
72
-223
149
-135
-232
179
3
67
106
-32
280
-20
-222
70
-93
-118
93
-82
-184
-1
122
91
0
-41
70
103
-44
-9
-71
-25
43
153
4
-130
61
81
106
-14
45
34
-2
53
30
-81
-57
-1
12
-33
-96
7
-48
37
52
15
-15
-8
14
3
58
-69
49
-29
21
69
-30
74
61
-70
-13
43
-185
159
44
-28
21
-18
66
43
58
10
-5
30
21
-21
-112
-133
-42
4
51
-38
-18
-51
126
-70
65
100
-77
69
49
-8
-92
35
67
38
-60
28
38
-146
41
16
-123
58
2
-49
-15
-71
-37
-35
-40
99
65
141
121
-64
-68
-62
7
-38
-58
42
26
-24
40
-46
-144
-43
68
-9
63
8
-2
-40
-22
-8
-101
4
-15
40
-28
-18
-77
-15
135
68
-55
-31
48
4
56
68
2
69
144
33
15
-1
-9
36
15
52
60
2
8
-82
-77
-33
-74
-78
-72
-68
16
-35
26
-18
-73
71
15
-56
13
-27
-11
25
-141
-69
-71
14
28
27
6
-52
-23
0
82
-36
60
44
10
38
-55
80
-23
16
188
33
-11
-25
-26
-21
37
-10
8
-27
-82
49
-87
-104
52
71
4
27
18
-63
-40
-27
-1
-2
-7
-13
7
-83
-37
46
-38
59
62
14
7
-19
17
-6
72
67
80
94
42
60
7
-1
10
26
20
0
2
-36
-11
64
-14
8
30
-9
50
-23
-72
-35
-88
-88
-54
-46
-41
-62
-4
-57
-157
-100
21
11
70
35
98
53
-35
69
-84
-118
84
63
6
87
-63
41
66
-31
56
-2
-54
67
39
-29
-57
-11
69
115
155
158
77
44
55
-9
-34
-83
-52
-114
-128
-103
-174
-155
-60
-49
-68
-63
-13
25
-12
-3
-14
-39
18
70
13
-3
90
123
106
75
76
105
17
46
103
-43
-39
14
-16
-75
-48
-27
14
-15
33
60
-84
-62
-39
-92
-160
-99
-116
-145
-92
-100
-95
-145
-95
-92
-41
-23
47
136
96
194
210
269
345
350
359
301
221
200
111
45
-8
-84
-125
-197
-202
-222
-264
-194
-120
-61
-76
-42
-64
-59
-66
-96
-92
-81
-39
-17
9
18
96
146
184
159
173
167
138
110
49
24
-16
-8
-48
-56
-27
-72
-40
-15
-58
-58
-55
-47
-75
-42
-58
-61
-65
-24
47
52
78
62
92
33
-17
-12
-70
-110
-162
-206
-158
-262
-223
-101
-131
-86
11
7
24
171
155
299
421
428
497
358
303
287
231
113
23
-30
-124
-174
-324
-416
-454
-282
-172
-227
-241
-174
-72
-48
-78
-105
-127
-132
-103
-231
-311
-142
21
132
180
262
455
522
513
479
353
250
233
36
-148
-199
-209
-187
-284
-262
-197
-193
-132
14
12
-36
7
-61
-130
-167
-66
-84
-113
-5
113
128
17
90
146
186
112
21
-73
-210
-183
-212
-328
-331
-218
-111
-117
-106
-6
125
152
225
345
379
517
531
434
384
351
344
240
82
24
35
-58
-246
-453
-433
-234
-280
-393
-394
-280
-139
-74
-182
-216
-93
23
-40
-299
-340
-182
-70
-54
-85
-1
224
427
484
496
513
611
637
425
253
167
93
-129
-331
-393
-415
-468
-473
-394
-315
-96
108
107
25
92
222
54
-204
-225
-79
-85
-104
-8
-1
104
200
211
78
12
93
55
-173
-357
-291
-277
-317
-242
-93
77
166
276
380
474
635
667
485
346
427
432
252
80
69
139
105
-59
-359
-519
-340
-211
-407
-665
-606
-461
-403
-407
-459
-315
-86
76
-36
-210
-96
106
196
95
71
216
337
345
324
435
496
606
614
450
435
433
342
59
-147
-218
-335
-587
-786
-732
-624
-449
-340
-274
-50
323
452
309
166
151
108
-96
-220
-238
-123
84
234
182
146
264
301
154
-83
-128
-188
-374
-542
-529
-386
-220
-19
168
398
692
1026
899
630
602
591
403
64
-106
-155
-107
-139
-261
-500
-491
-95
-166
-488
-611
-506
-432
-519
-584
-536
-291
-55
123
-31
-138
174
347
311
211
261
367
352
270
320
451
481
591
484
321
329
398
268
-21
-148
-166
-280
-614
-781
-775
-736
-625
-528
-443
-299
5
276
379
323
341
351
136
-69
-119
-72
-68
-57
86
195
177
164
189
144
100
0
-199
-406
-540
-397
-286
-310
-139
277
642
878
844
734
730
667
540
162
-143
-171
-106
-242
-484
-679
-621
-174
-168
-400
-496
-474
-366
-385
-506
-589
-355
-87
60
-73
-96
241
420
475
414
366
410
451
371
297
395
461
544
420
211
216
255
160
-75
-198
-235
-319
-556
-735
-775
-761
-644
-583
-587
-458
-176
58
156
187
329
502
446
270
227
221
152
87
73
129
115
165
217
93
7
25
-110
-403
-506
-432
-346
-383
-319
18
362
696
882
780
727
787
782
472
77
-71
-10
-103
-405
-640
-844
-507
-158
-332
-546
-581
-385
-305
-428
-630
-509
-200
19
20
-217
-10
344
526
543
423
466
582
555
346
362
451
509
459
227
118
130
165
-41
-243
-265
-221
-309
-605
-742
-700
-561
-488
-565
-603
-431
-188
-37
79
109
277
554
540
402
387
413
351
233
200
170
5
-38
-27
-167
-275
-262
-361
-497
-493
-352
-206
-276
-145
285
618
854
882
789
786
789
662
328
-34
-132
29
-125
-509
-837
-948
-512
-310
-525
-650
-570
-364
-267
-386
-585
-407
-72
101
-32
-238
82
429
555
601
570
635
733
674
457
452
544
570
451
165
44
56
-44
-321
-469
-473
-467
-541
-716
-767
-658
-455
-318
-331
-367
-192
10
8
27
99
247
442
431
386
440
423
400
427
401
258
129
8
-151
-325
-386
-386
-585
-678
-552
-363
-265
-197
69
467
892
1213
1113
824
788
819
617
224
-88
-129
-63
-242
-539
-981
-1064
-457
-273
-635
-739
-538
-316
-238
-411
-538
-351
-51
188
3
-256
116
509
567
543
544
751
888
745
589
619
624
610
472
73
-100
-39
-116
-446
-661
-591
-550
-689
-867
-820
-688
-483
-248
-259
-360
-168
123
109
1
59
310
430
321
401
478
348
363
459
359
139
78
32
-221
-480
-437
-432
-757
-827
-547
-311
-247
-74
363
726
1052
1371
1153
788
755
815
545
-16
-275
-160
-136
-448
-712
-1070
-916
-292
-344
-685
-786
-536
-227
-299
-584
-537
-187
56
173
-138
-227
275
574
668
553
532
827
954
716
585
696
675
618
342
-55
-180
-170
-326
-659
-826
-731
-583
-725
-899
-761
-504
-263
-93
-174
-209
68
291
264
97
146
452
494
334
382
427
354
395
418
222
-4
-58
-102
-428
-673
-576
-608
-868
-862
-483
-231
-132
190
668
992
1364
1442
1085
848
797
770
333
-237
-349
-167
-308
-623
-1012
-1182
-510
-168
-469
-652
-696
-380
-134
-420
-713
-501
-90
177
5
-376
6
489
678
765
576
682
999
979
672
596
691
730
548
40
-248
-263
-305
-533
-817
-888
-726
-630
-843
-915
-716
-361
11
-10
-211
-30
299
339
247
146
299
538
471
405
337
249
381
437
249
26
-87
-134
-320
-638
-707
-621
-805
-872
-631
-340
-88
204
660
1030
1424
1550
1205
943
811
743
442
-46
-348
-268
-222
-507
-1007
-1323
-592
-89
-463
-628
-706
-544
-201
-299
-656
-620
-171
275
172
-403
-103
522
678
788
634
635
958
1042
792
632
638
735
656
79
-356
-325
-316
-584
-855
-909
-776
-697
-829
-890
-782
-477
-13
52
-283
-118
362
424
298
257
371
526
463
437
340
104
256
440
163
-134
-182
-162
-367
-707
-702
-619
-822
-900
-622
-384
-174
197
671
1017
1440
1732
1404
994
814
770
452
-143
-447
-391
-437
-632
-1040
-1445
-782
-116
-429
-664
-747
-554
-161
-308
-685
-653
-250
248
210
-404
-170
513
772
952
745
632
976
1072
801
633
644
726
644
89
-403
-446
-401
-588
-895
-1022
-832
-649
-803
-864
-725
-419
70
169
-219
-199
301
457
333
203
331
538
502
536
424
155
308
552
289
-133
-261
-216
-425
-822
-814
-634
-808
-810
-492
-210
19
423
959
1261
1579
1739
1468
1009
714
669
399
-196
-552
-475
-537
-739
-1166
-1411
-663
-164
-398
-502
-663
-555
-139
-271
-664
-662
-260
233
85
-458
-74
519
763
1062
879
710
1043
1205
962
713
609
691
550
-53
-486
-545
-558
-702
-893
-1007
-845
-639
-677
-709
-660
-346
231
257
-189
-106
301
407
336
215
268
421
466
592
396
77
358
601
287
-102
-245
-233
-426
-819
-811
-759
-1007
-878
-526
-311
-35
453
957
1274
1642
1868
1553
1013
801
733
331
-276
-591
-604
-692
-801
-1240
-1566
-823
-232
-450
-637
-774
-573
-153
-277
-583
-569
-253
292
178
-446
-139
464
781
1059
855
749
1141
1267
1030
794
684
785
674
76
-458
-614
-609
-712
-982
-1161
-986
-780
-842
-859
-751
-436
170
314
-90
-74
324
478
375
247
309
368
335
470
272
-126
138
477
208
-157
-243
-186
-420
-788
-625
-561
-859
-679
-291
-169
59
640
1248
1571
1584
1542
1443
939
582
468
7
-521
-618
-538
-770
-1241
-1510
-893
-274
-556
-633
-520
-670
-407
-151
-459
-663
-385
181
332
-291
-276
561
780
906
1125
891
877
1085
1039
823
580
609
755
234
-428
-473
-444
-698
-916
-970
-912
-796
-794
-764
-714
-596
-33
382
-7
-222
272
480
266
247
412
383
219
444
556
9
-72
539
415
-180
-213
-102
-394
-775
-598
-359
-766
-818
-184
12
12
650
1342
1612
1594
1435
1422
954
383
362
-4
-674
-774
-591
-814
-1372
-1682
-876
-134
-623
-734
-438
-604
-412
-41
-294
-605
-319
405
583
-186
-232
730
1000
979
1180
973
805
970
1018
764
408
345
535
105
-674
-755
-556
-788
-1082
-1050
-944
-854
-893
-873
-740
-612
-45
517
120
-252
395
738
392
355
551
477
234
374
563
38
-193
443
394
-329
-347
-101
-390
-734
-533
-242
-586
-753
-162
108
24
561
1393
1676
1281
1028
1286
962
332
243
7
-481
-565
-351
-609
-1592
-1792
-459
7
-908
-985
-640
-661
-498
-298
-383
-622
-228
791
749
-220
110
1143
1262
1118
1126
1046
902
769
769
596
218
259
427
-106
-784
-658
-321
-655
-1124
-1051
-800
-821
-1022
-939
-711
-547
158
675
71
-205
547
834
474
379
513
412
124
277
375
-231
-214
449
198
-403
-317
-123
-442
-713
-367
-132
-538
-545
52
223
287
909
1694
1600
784
805
1118
549
-25
-140
-326
-568
-612
-480
-1085
-2136
-1237
283
-325
-1178
-883
-530
-337
-367
-356
-289
-374
407
1217
346
-215
871
1534
1402
1130
998
1141
865
498
519
273
-55
92
-95
-854
-1161
-698
-457
-953
-1271
-822
-405
-732
-965
-632
-443
-120
558
387
-275
87
795
754
392
420
601
343
183
379
-15
-372
209
333
-344
-551
-229
-311
-744
-563
-23
-173
-398
76
327
368
910
1715
1698
738
606
1038
590
-127
-369
-419
-414
-491
-587
-1070
-2032
-1352
241
-147
-1135
-1018
-610
-308
-476
-605
-299
-236
341
1199
593
-57
928
1699
1697
1413
1124
1306
1085
541
401
252
-68
-119
-374
-1082
-1386
-1033
-742
-1056
-1351
-1081
-532
-592
-963
-735
-286
159
675
449
-76
278
719
738
648
539
521
547
513
460
-24
-285
291
208
-464
-417
-263
-682
-848
-463
-132
-273
-245
348
344
306
1152
1906
1292
430
704
856
191
-372
-431
-487
-388
-230
-382
-1297
-1919
-639
408
-596
-1259
-906
-666
-503
-719
-714
-413
-161
671
1243
325
174
1484
1878
1695
1446
1371
1478
1003
525
506
146
-191
-67
-575
-1339
-1421
-1002
-951
-1404
-1564
-1074
-583
-754
-898
-575
-117
429
826
467
156
575
928
942
665
363
384
516
435
219
-152
-137
217
-45
-429
-372
-409
-725
-697
-473
-372
-392
-169
219
235
601
1359
1772
1037
419
796
807
198
-255
-491
-575
-295
-342
-585
-1455
-1724
-193
252
-915
-1184
-878
-727
-516
-879
-788
-450
-231
781
1072
161
639
1817
1856
1761
1497
1532
1633
1000
568
577
138
-157
-169
-899
-1484
-1459
-1174
-1297
-1836
-1880
-1224
-765
-1008
-969
-451
36
583
894
524
420
823
1120
1171
717
345
539
605
355
160
-138
-45
65
-295
-352
-261
-586
-733
-461
-407
-327
-256
-14
208
331
947
1736
1363
347
457
723
397
-104
-432
-564
-389
-126
-193
-903
-1696
-607
678
-137
-1065
-950
-807
-557
-735
-1153
-788
-577
91
909
267
68
1482
2010
1867
1763
1475
1798
1589
902
794
585
44
58
-419
-1359
-1454
-1236
-1236
-1646
-2089
-1825
-1081
-1025
-1175
-774
-226
362
792
636
358
591
889
1109
888
429
401
606
515
256
56
109
348
-3
-295
-174
-288
-580
-545
-354
-275
-251
-48
226
176
546
1487
1756
685
131
547
512
-12
-477
-670
-644
-271
-59
-530
-1657
-1338
482
526
-797
-1097
-833
-548
-460
-969
-974
-671
-154
775
528
-301
704
2000
1986
1808
1465
1590
1886
1263
799
762
368
268
103
-979
-1553
-1297
-1133
-1412
-2078
-2222
-1469
-1141
-1481
-1315
-768
-65
655
595
266
566
1027
1280
1221
793
594
745
845
552
-26
-92
408
173
-528
-407
-160
-545
-765
-402
-150
-244
4
496
371
344
1348
1933
657
-302
221
401
-291
-922
-1028
-844
-558
-178
-417
-1509
-1199
738
1043
-290
-868
-599
-113
-267
-1049
-1111
-762
-301
460
337
-360
389
1695
2069
1764
1195
1557
2070
1374
668
713
555
298
54
-721
-1336
-1300
-1066
-1164
-1926
-2305
-1414
-886
-1411
-1447
-725
49
558
384
272
612
829
1110
1197
683
338
645
893
480
-185
27
646
192
-496
-282
-91
-565
-686
-262
-188
-346
100
650
388
354
1546
2051
544
-321
256
328
-405
-1036
-1179
-940
-648
-354
-581
-1742
-1269
827
941
-383
-864
-603
65
-44
-917
-882
-517
-64
761
424
-384
489
1700
2025
1651
896
1288
1817
1086
540
543
382
322
76
-744
-1266
-1233
-932
-949
-1803
-2142
-1277
-871
-1354
-1471
-854
-26
394
225
155
439
705
1057
1192
707
380
783
1113
586
-82
176
636
78
-573
-272
-140
-703
-697
-154
-94
-169
305
842
570
700
1996
1940
267
-290
279
143
-693
-1371
-1300
-959
-842
-504
-1104
-1937
-550
1109
602
-477
-827
-312
354
-258
-939
-646
-246
458
835
-15
-48
1150
1959
2136
1422
822
1479
1659
706
192
225
247
158
-527
-1217
-1350
-1181
-926
-1223
-2024
-1857
-833
-755
-1271
-1171
-311
493
431
27
203
557
770
1005
745
183
252
859
866
92
-218
639
891
-164
-544
-73
-196
-612
-473
-338
-448
-197
567
752
206
963
2364
1505
-50
56
441
95
-622
-1197
-1201
-1013
-666
-542
-1707
-1999
6
969
-39
-909
-973
-167
315
-468
-863
-510
29
955
863
-116
328
1652
2282
2079
1084
884
1697
1408
479
176
113
205
129
-709
-1337
-1295
-958
-710
-1388
-2116
-1406
-571
-938
-1313
-961
-145
520
357
-32
139
519
916
1054
466
63
520
990
667
-83
-62
729
673
-305
-471
-128
-358
-478
-284
-375
-409
122
803
673
387
1592
2388
956
-140
218
301
-222
-911
-1256
-1081
-932
-528
-817
-2102
-1365
676
709
-390
-1103
-969
2
-18
-844
-823
-517
360
1319
574
-39
997
2058
2573
2065
920
1213
1796
1077
348
10
-110
108
-347
-1256
-1597
-1535
-1058
-886
-1758
-2068
-997
-481
-906
-969
-433
397
691
306
178
291
431
904
875
64
-104
599
896
245
-295
303
889
218
-322
-111
-245
-473
-175
-62
-404
-331
469
955
385
755
2134
1600
201
93
314
2
-635
-1065
-901
-959
-831
-453
-1532
-1995
-186
705
-103
-934
-1289
-510
-36
-758
-868
-613
-159
1066
1163
186
583
1704
2504
2600
1425
1019
1707
1477
665
214
-83
-52
-122
-811
-1440
-1755
-1522
-974
-1406
-2247
-1617
-678
-871
-1079
-620
89
563
586
458
428
315
754
1202
412
-223
343
832
365
-252
-57
534
304
-224
-63
-248
-641
-227
144
-177
-292
351
987
754
683
1679
1614
424
59
150
-189
-777
-1027
-829
-842
-873
-540
-1120
-1470
-246
517
76
-607
-1038
-682
-395
-932
-1024
-802
-386
626
815
324
726
1539
2330
2699
1813
1301
1661
1513
948
393
29
88
-50
-675
-1132
-1595
-1615
-1105
-1369
-2045
-1743
-1001
-985
-1134
-759
-7
446
453
528
543
347
638
1066
484
-188
191
730
361
-249
-25
523
294
-111
87
-112
-526
-168
286
-19
-299
370
1085
793
748
1637
1419
341
50
114
-258
-898
-1088
-784
-855
-903
-497
-1091
-1376
-98
515
-11
-665
-1044
-672
-525
-1151
-1126
-863
-497
552
728
265
796
1606
2323
2701
1873
1428
1773
1477
958
516
46
36
-84
-675
-1016
-1435
-1542
-995
-1264
-1979
-1582
-922
-1032
-1146
-786
-71
320
219
403
528
223
580
1097
446
-177
293
806
370
-255
50
547
103
-263
35
-251
-702
-182
367
44
-230
513
1308
911
874
1822
1438
290
125
116
-414
-1061
-1166
-767
-946
-1068
-472
-997
-1282
134
682
70
-461
-877
-575
-505
-1294
-1146
-795
-678
278
571
143
733
1510
2163
2670
1872
1421
1842
1420
828
598
182
20
-180
-681
-922
-1386
-1604
-985
-1138
-1899
-1510
-871
-1024
-1132
-697
7
240
39
362
565
184
487
997
445
-136
244
735
354
-290
78
652
109
-294
91
-153
-653
-243
357
171
-167
460
1278
1015
1008
1774
1325
289
131
100
-446
-1219
-1315
-772
-856
-1055
-749
-1117
-959
291
575
56
-459
-812
-421
-488
-1361
-1246
-822
-467
282
256
136
949
1627
2232
2582
1820
1516
1850
1389
797
458
133
49
-302
-818
-929
-1282
-1520
-997
-1088
-1674
-1315
-796
-947
-1022
-584
91
232
-63
268
522
106
350
825
289
-138
336
764
297
-283
227
764
72
-332
103
-203
-720
-301
180
-82
-280
468
1232
888
1023
2018
1458
247
291
394
-294
-1119
-1267
-782
-878
-1116
-721
-1181
-1219
333
809
-2
-583
-806
-336
-310
-1276
-1223
-771
-608
221
358
-35
694
1559
2179
2538
1740
1413
1913
1424
786
608
207
11
-273
-820
-903
-1201
-1517
-944
-1055
-1715
-1230
-717
-1010
-1072
-534
177
184
-252
210
484
-22
307
739
80
-301
260
729
188
-424
303
821
-33
-289
208
-132
-558
-162
305
57
-238
597
1376
889
1182
2098
1260
128
141
197
-392
-1340
-1451
-782
-1001
-1238
-917
-1373
-975
541
747
34
-614
-799
-159
-429
-1457
-1186
-735
-467
234
76
-27
948
1685
2305
2526
1613
1505
1942
1283
714
511
194
102
-451
-1090
-974
-1211
-1416
-876
-1148
-1627
-968
-625
-953
-914
-344
426
355
-203
203
502
136
480
663
-72
-188
427
663
121
-281
415
775
-46
-262
74
-346
-549
-69
99
-164
-129
621
1131
877
1414
2153
1216
236
261
143
-400
-1122
-1335
-968
-1069
-1120
-941
-1559
-1066
667
845
61
-466
-644
-138
-309
-1196
-1052
-739
-470
271
75
-190
753
1640
2283
2389
1612
1582
1892
1307
874
610
153
27
-423
-1093
-1212
-1360
-1373
-1004
-1287
-1618
-985
-623
-888
-853
-286
416
356
-82
166
346
171
567
626
-129
-246
363
613
98
-285
364
706
-29
-243
41
-343
-572
-113
71
-236
-209
574
1099
786
1239
2361
1696
350
333
417
-161
-881
-1294
-1211
-1194
-1082
-679
-1478
-1905
52
1203
326
-508
-768
-282
7
-812
-1112
-854
-847
121
606
-279
-41
1270
2221
2433
1735
1325
1813
1618
1027
857
313
-41
-47
-564
-1165
-1391
-1307
-926
-1051
-1751
-1381
-575
-818
-1065
-620
71
453
190
1
248
197
329
792
198
-507
-44
583
384
-342
-168
647
401
-253
4
-37
-528
-285
183
70
-284
147
1089
1004
840
1949
2116
786
165
295
72
-595
-1261
-1186
-1003
-1179
-758
-1021
-1870
-662
909
694
-184
-888
-663
6
-598
-1215
-857
-865
-154
644
28
-38
905
1899
2553
2081
1240
1519
1694
1109
756
286
-15
34
-445
-948
-1205
-1278
-952
-795
-1368
-1605
-886
-651
-962
-930
-314
335
207
-77
85
225
318
736
591
-196
-129
506
649
35
-293
387
616
-14
-225
-72
-393
-463
-75
-52
-350
-198
688
1080
789
1324
2319
1691
429
233
288
-98
-809
-1276
-1284
-1200
-943
-680
-1497
-1807
12
1129
370
-630
-997
-397
-12
-711
-1196
-1021
-727
304
689
-282
-34
1315
2374
2539
1633
1109
1665
1796
1027
601
158
-31
156
-435
-1131
-1374
-1141
-689
-911
-1676
-1551
-592
-698
-1114
-811
-152
401
170
4
74
120
478
900
325
-464
122
792
497
-171
-114
624
482
-117
-145
-205
-529
-285
104
-301
-486
184
959
901
667
1613
2378
1360
280
243
222
-250
-796
-1287
-1432
-1132
-673
-512
-1579
-1643
343
1204
233
-882
-1020
-342
-149
-824
-1269
-1147
-796
427
710
-372
69
1521
2644
2457
1394
1234
1817
1720
890
597
142
27
255
-488
-1089
-1291
-845
-347
-943
-1760
-1343
-347
-793
-1214
-855
-207
304
-64
-161
-150
-144
463
817
132
-539
267
937
492
-178
-66
725
449
-74
-140
-286
-493
-286
48
-354
-498
225
866
673
567
1556
2457
1533
285
250
434
-9
-715
-1287
-1454
-1036
-492
-491
-1543
-1882
243
1483
306
-926
-1203
-281
64
-835
-1597
-1275
-681
251
733
-499
-253
1453
2556
2505
1258
1163
1961
1813
921
491
311
135
324
-478
-1137
-1147
-866
-281
-1031
-1733
-1209
-455
-718
-1444
-1192
-249
429
-76
-437
-284
-34
703
745
146
-234
192
1073
760
-235
-175
717
747
16
-357
-350
-243
-389
-335
-261
-401
41
684
636
478
1220
2284
1985
446
-16
493
378
-656
-1433
-1354
-938
-323
-317
-1207
-1941
-521
1452
878
-783
-1417
-538
174
-711
-1678
-1585
-805
-44
503
-145
-600
833
2183
2640
1750
1005
1747
1982
1176
491
407
350
219
-332
-886
-881
-904
-553
-621
-1477
-1360
-535
-461
-1203
-1505
-514
583
105
-852
-606
-1
434
651
356
1
139
869
1292
340
-395
640
1273
386
-458
-448
-179
-402
-619
-380
-377
-626
-115
455
234
486
1411
2057
1644
423
533
859
127
-604
-948
-802
-619
-408
-504
-971
-1459
-478
1145
383
-928
-1048
-575
-77
-980
-1626
-1159
-854
-432
243
82
-410
739
1993
2546
2108
1176
1844
2011
1173
987
672
168
-65
-314
-754
-913
-1135
-1007
-470
-1226
-1391
-654
-784
-1127
-1149
-562
138
-187
-1018
-660
25
105
400
380
225
584
929
1291
961
141
493
1268
627
-361
-391
-316
-419
-597
-566
-584
-973
-834
-35
157
-89
484
1222
1536
1475
1021
839
491
180
205
-146
-660
-796
-400
-220
-698
-1340
-766
316
43
-564
-986
-1089
-572
-848
-1309
-1289
-1103
-400
392
255
-152
780
1970
2669
2311
1394
1884
2273
1541
914
395
-68
-116
-279
-1003
-1343
-1339
-1033
-481
-1085
-1460
-696
-487
-825
-999
-875
-335
-248
-914
-732
-128
-98
313
636
516
859
1224
1460
1276
468
577
1270
710
-348
-518
-372
-439
-710
-898
-792
-960
-853
-249
-248
-378
220
1057
1425
1476
1213
1080
900
426
373
-8
-655
-680
-465
-357
-653
-1365
-1256
-8
308
-323
-710
-1103
-663
-477
-1221
-1305
-1004
-591
296
520
6
654
1781
2519
2903
2017
1611
2184
1541
675
231
-438
-676
-625
-1322
-1779
-1416
-1284
-702
-525
-1071
-679
-239
-726
-1034
-972
-643
-204
-635
-1077
-356
157
371
935
1017
1169
1584
1600
1342
837
474
800
717
-295
-966
-841
-752
-871
-1000
-1044
-849
-837
-666
-498
-405
97
727
1291
1569
1690
1373
1151
768
286
297
-265
-732
-625
-581
-517
-763
-1280
-755
414
287
-251
-816
-1378
-510
-592
-1452
-1194
-848
-175
634
542
439
1520
2305
2929
3083
1670
1344
1641
866
67
-639
-1047
-893
-1028
-1698
-1544
-1017
-871
-180
-245
-701
-467
-539
-857
-983
-1119
-854
-314
-684
-740
155
736
1188
1553
1526
1784
1930
1510
1151
639
168
151
-258
-921
-1217
-1115
-833
-733
-808
-783
-605
-788
-696
-466
-276
133
602
899
1067
1712
1755
1257
826
382
611
270
-688
-812
-620
-291
-274
-906
-1353
-439
260
123
-362
-1548
-1039
-244
-889
-1138
-1100
-537
735
1109
623
1008
1768
2259
2905
1870
736
875
544
167
-582
-1331
-1068
-575
-968
-1328
-911
-704
-189
47
-575
-730
-634
-826
-1046
-1241
-1185
-382
19
-260
172
897
1417
1809
1781
1486
1514
1414
926
263
-415
-414
-248
-606
-1040
-1040
-611
-301
-237
-386
-660
-560
-613
-810
-871
-617
-228
273
638
786
1712
1802
1205
962
581
816
413
-783
-1028
-610
-293
-371
-1020
-1493
-198
727
361
-204
-1314
-756
179
-540
-1222
-1278
-592
610
976
277
422
1415
2065
2541
1470
324
611
651
288
-590
-1289
-1170
-509
-616
-1138
-905
-680
-70
121
-571
-643
-356
-556
-758
-922
-790
97
344
-17
380
878
1197
1431
1004
787
1064
1034
693
4
-582
-236
191
-164
-620
-640
-203
140
-174
-678
-976
-873
-728
-913
-1136
-997
-263
358
724
1007
1683
2135
1778
1229
464
395
279
-526
-868
-740
-240
185
-284
-852
-110
844
898
349
-955
-1276
-513
-888
-1442
-1791
-1607
-132
934
613
452
1103
1934
2746
2120
629
193
86
-21
-519
-1586
-1688
-793
-260
-481
-621
-421
415
1005
292
-375
-422
-561
-756
-1062
-1345
-740
-20
94
225
391
825
1565
1564
1094
887
752
688
302
-463
-608
-194
-24
-17
-406
-624
-130
56
-227
-755
-1273
-1184
-1106
-1338
-1400
-890
-109
628
1109
1536
2313
2461
2006
1302
567
517
122
-755
-1027
-841
-184
160
-393
-800
49
744
802
3
-1577
-1539
-999
-1368
-1753
-2065
-1430
368
1250
904
926
1268
2106
2904
1648
264
-90
-277
-115
-698
-1678
-1268
-168
247
360
113
-29
779
947
67
-615
-1178
-1363
-1292
-1732
-1784
-887
-227
230
712
684
1234
1852
1758
1467
969
546
504
72
-682
-634
-376
-17
124
-371
-308
-86
-136
-368
-980
-1452
-1435
-1390
-1471
-1128
-476
422
1291
1701
2257
2919
2756
2056
951
183
-52
-545
-1363
-1589
-1052
-195
349
-146
-490
332
1005
973
-217
-1879
-2067
-1782
-2028
-2253
-2369
-1608
411
1540
1639
1769
1829
2592
3231
1900
476
-344
-830
-502
-897
-1616
-1027
148
919
1253
726
302
729
353
-567
-1274
-2196
-2483
-2398
-2447
-1768
-642
207
1279
2006
1952
2186
2074
1650
1363
474
-258
-404
-806
-1027
-854
-591
167
672
513
301
128
-174
-541
-1140
-1584
-1712
-1691
-1467
-997
-200
707
1417
2056
2588
2968
3058
2070
954
-95
-917
-1133
-1616
-1980
-1172
-211
721
1121
337
174
675
458
-133
-1450
-2950
-2991
-2945
-2824
-2120
-1391
101
2014
2968
3274
3074
2420
2376
2278
1158
-129
-1311
-1697
-1075
-784
-501
296
1275
1892
1853
942
-158
-742
-1615
-2310
-2671
-3251
-3283
-2570
-1634
-244
1133
1997
2839
3101
2398
1491
374
-274
-345
-869
-1268
-1186
-749
101
703
1006
1524
1747
1284
507
-581
-1472
-1805
-1953
-1813
-1633
-1448
-874
-4
950
1505
1714
1888
1939
1707
1266
801
216
-192
-767
-1071
-768
-310
127
619
1040
1361
963
-257
-1165
-1437
-1652
-1989
-2522
-2837
-2315
-1965
-1370
-113
1077
2170
2767
2599
2346
1857
934
418
286
114
123
-175
-230
527
966
1134
1335
1265
977
107
-1233
-2227
-2593
-2772
-2613
-2117
-1660
-939
-218
374
997
1257
1221
1153
773
-13
-774
-1173
-921
-176
370
877
1468
1784
1851
1528
1117
880
328
-517
-1295
-1629
-1560
-1396
-1145
-665
3
401
291
-15
-204
-205
-241
-192
-218
123
718
1230
1652
1496
1133
771
559
150
-452
-861
-711
-402
-355
-817
-1186
-697
-172
-271
-684
-1082
-1127
-1039
-1575
-1760
-1058
-62
1079
1550
1607
2107
2323
2040
1556
907
526
461
-41
-435
-456
-452
35
547
589
590
327
-292
-901
-1589
-2160
-2101
-1812
-1619
-1297
-1096
-764
-65
271
592
1003
1080
1012
583
12
-23
263
433
828
1149
1438
1654
1178
704
553
255
27
-401
-885
-1035
-1194
-1210
-1054
-833
-524
-262
-219
-273
-405
-503
-251
121
577
1106
1554
2056
1908
1231
403
-236
-454
-702
-968
-761
-220
152
87
-518
-647
-241
-261
-665
-1235
-1510
-1280
-1242
-1480
-1099
-80
1226
2288
2335
2075
1801
1380
839
91
-440
-363
140
409
405
325
370
851
1100
817
159
-707
-1347
-1956
-2658
-3010
-2389
-1197
-88
567
548
596
702
474
166
-200
-350
-258
-267
-354
-227
357
1166
1883
2283
2249
1905
1159
277
-558
-1176
-1427
-1349
-934
-563
-272
-83
14
134
68
-129
-399
-650
-862
-895
-727
-340
186
822
1479
1981
2151
1547
572
-582
-1477
-1934
-2037
-1645
-529
800
1609
1731
1022
359
-26
-705
-1326
-1812
-1944
-1452
-1038
-889
-511
300
1478
2645
2720
2026
1198
309
-422
-1316
-1996
-1710
-435
1017
1948
1982
1628
1476
1054
227
-806
-1627
-1666
-1416
-1448
-1654
-1482
-660
435
1196
1022
513
-17
-624
-1240
-1984
-2282
-1692
-340
1034
1783
2090
2169
2256
1963
1111
34
-764
-876
-855
-848
-825
-434
520
1448
1827
1585
1092
580
-167
-1220
-2266
-2859
-2654
-1790
-725
196
954
1488
1889
1935
1491
838
39
-523
-1034
-1485
-1745
-1511
-681
710
1914
2337
2176
1360
439
-566
-1807
-2684
-2901
-2353
-1262
-323
292
778
1295
1521
1372
578
-307
-651
-616
-346
-328
-287
178
1053
1941
2177
1940
1553
1275
750
-222
-1293
-2119
-2042
-1466
-850
-292
106
622
992
864
-37
-1138
-1846
-1942
-1537
-1320
-1075
-522
357
1303
1551
1287
996
912
993
734
146
-324
-125
354
653
582
304
384
559
423
-131
-945
-1346
-1285
-1066
-982
-942
-512
201
753
703
431
265
324
504
419
276
410
613
744
620
248
20
4
9
26
66
-14
-92
-308
-693
-1037
-1458
-1684
-1605
-1345
-780
-183
302
717
914
828
642
393
48
30
250
636
1050
1191
1195
1086
941
716
315
0
-130
-192
-262
-380
-568
-719
-728
-827
-753
-567
-435
-227
-104
-80
-224
-480
-649
-624
-464
-313
-90
193
602
927
966
855
619
438
268
-34
-292
-383
-312
-215
-113
-35
-35
-16
11
7
-66
-147
-172
-96
70
105
53
71
111
214
268
300
397
545
664
582
442
260
47
-197
-461
-702
-894
-922
-837
-589
-295
-17
239
405
376
78
-310
-574
-697
-731
-608
-369
45
641
1088
1284
1267
1086
844
474
0
-393
-559
-581
-433
-156
72
292
372
414
335
56
-334
-669
-816
-838
-754
-625
-326
56
359
527
537
424
220
-28
-253
-366
-364
-283
-74
198
381
402
310
195
46
-201
-489
-694
-734
-624
-445
-227
39
331
514
548
472
349
220
3
-134
-126
-30
114
257
463
631
672
571
366
168
-44
-210
-350
-387
-245
-93
62
47
-77
-242
-460
-583
-600
-467
-304
-61
227
425
506
321
81
-113
-317
-501
-639
-568
-264
151
449
604
685
616
456
186
-145
-374
-506
-445
-273
-58
178
415
627
715
633
316
-1
-170
-283
-346
-305
-141
79
261
243
113
43
-21
-122
-308
-466
-477
-407
-290
-224
-171
-112
-117
-131
-177
-222
-217
-96
108
261
343
365
397
350
230
104
6
35
104
188
300
424
536
485
216
-129
-391
-627
-837
-810
-564
-212
117
435
726
896
945
804
536
292
143
67
-11
-142
-352
-528
-506
-404
-349
-288
-183
-42
108
-27
-473
-928
-1173
-1228
-1167
-928
-464
251
950
1304
1249
975
536
8
-390
-545
-392
58
667
1155
1362
1364
1131
642
152
-302
-720
-837
-665
-433
-214
-40
49
35
-106
-388
-705
-803
-749
-717
-640
-477
-325
-188
-85
7
141
327
478
451
367
245
44
-112
-99
-20
128
359
476
479
422
323
180
30
-66
-126
-75
86
156
101
97
152
162
106
-27
-129
-95
-4
-24
-214
-335
-311
-293
-199
-87
29
308
489
523
473
52
-443
-746
-901
-778
-476
-80
363
530
585
454
-106
-423
-542
-763
-600
-283
-59
251
475
707
737
500
408
169
-128
13
19
-22
235
331
411
559
485
427
245
-49
-150
-300
-372
-419
-612
-541
-395
-434
-265
-77
-5
57
-215
-562
-703
-897
-903
-652
-338
37
266
528
802
817
814
709
367
258
308
164
202
387
468
470
511
580
387
90
-13
-294
-676
-749
-685
-551
-262
-51
-42
-125
-212
-261
-422
-542
-410
-290
-226
-77
96
315
470
546
611
577
538
596
483
442
236
-280
-587
-647
-383
-177
-106
139
247
-1
-244
-552
-637
-550
-761
-834
-493
-128
217
373
539
997
1056
809
496
227
430
436
-18
-129
132
478
630
475
429
594
304
-323
-821
-973
-819
-992
-1120
-845
-705
-442
-75
-19
-5
-125
-203
-133
-282
-336
-96
179
475
692
691
884
1126
1016
653
180
11
141
21
-31
33
22
152
100
-146
-326
-304
-219
-472
-780
-683
-453
-409
-472
-469
-367
-192
-30
-12
52
178
261
208
82
102
222
264
303
340
408
497
601
735
885
542
-228
-597
-692
-537
-600
-615
-145
69
-87
-250
-423
-205
28
-195
-416
-430
-153
166
145
155
502
754
810
387
-48
216
337
-33
-406
-329
208
404
345
351
333
192
-156
-537
-737
-756
-786
-684
-649
-686
-542
-197
133
81
-3
214
344
279
130
103
325
454
511
466
469
660
715
518
181
-112
-65
-12
-310
-540
-535
-357
-297
-485
-374
-52
173
173
-20
-82
-33
-28
-135
-201
-117
99
290
290
280
276
286
248
40
-32
-56
-96
-60
-25
31
182
333
419
376
235
-72
-400
-599
-668
-640
-575
-220
98
124
91
107
84
24
-35
-50
25
105
162
169
178
334
512
510
373
207
75
-16
-225
-432
-469
-370
-257
-185
-91
10
98
47
-55
-107
-231
-312
-278
-212
-153
-160
9
206
201
125
91
179
186
120
65
23
48
68
60
73
189
245
165
65
-48
-114
-181
-289
-341
-361
-210
-47
-48
3
100
190
224
229
267
235
199
166
104
80
40
57
27
-70
-87
-68
-89
-131
-303
-357
-284
-255
-140
-102
-37
136
203
205
271
204
193
193
127
186
174
256
413
292
239
239
95
25
-110
-184
-200
-289
-286
-327
-383
-262
-105
-4
-26
-147
-184
-156
-198
-184
-143
-40
100
41
53
136
195
244
189
118
86
38
34
23
-4
58
88
36
-34
-102
-30
-9
-100
-87
-127
-116
-106
-125
-40
-43
-57
7
38
78
77
86
178
176
79
11
31
61
50
-18
-32
25
-8
16
0
-81
-79
-141
-152
-100
-145
-122
-76
-65
-18
-64
-52
10
10
45
42
18
101
92
71
166
230
243
153
10
24
38
-55
-81
-120
0
139
73
86
106
122
106
-92
-184
-200
-252
-229
-254
-189
-51
23
70
137
146
131
50
-110
-130
-246
-244
-136
-63
147
195
215
314
220
203
113
-31
-30
-137
-193
-152
-101
8
27
1
94
145
143
110
6
-19
-44
-157
-202
-239
-181
-112
-95
-34
8
64
48
-5
-36
-49
-61
-117
-139
-119
38
191
253
273
231
198
101
23
-5
-60
-96
-113
-47
-37
-35
-39
-22
64
21
-35
-118
-128
-80
-116
-104
-52
4
126
132
188
243
241
163
75
72
13
52
16
60
111
66
22
-68
-71
-50
-56
-107
-131
-98
-138
-171
-164
-99
70
71
33
-5
-79
-38
-52
-98
-89
-41
-16
-7
9
61
164
163
203
256
174
151
90
55
9
-87
-117
-103
-68
-68
-39
-33
-22
-55
-148
-174
-188
-190
-163
-157
-92
-30
51
110
154
245
255
214
42
-40
-29
-70
-37
-52
32
129
122
104
35
27
-23
-40
-9
-16
-7
-98
-115
-104
-120
-92
-51
13
20
19
13
33
71
62
62
39
104
164
174
187
115
158
200
162
141
77
57
78
2
-100
-186
-207
-201
-210
-221
-204
-120
-53
-14
-11
-21
-52
-37
0
24
61
70
94
73
23
-3
10
51
45
51
12
13
57
98
142
124
48
-43
-93
-129
-127
-117
-123
-85
-68
-80
-82
-115
-112
-125
-166
-195
-203
-132
-44
61
142
135
119
110
98
27
-13
-31
-26
-9
-30
14
64
101
125
112
62
8
-41
-69
-54
-57
-53
-40
9
69
62
46
75
92
83
77
44
14
-18
-4
4
17
31
15
10
10
18
36
1
-27
-6
3
-31
-105
-139
-119
-84
-92
-95
-112
-123
-111
-83
-40
9
42
55
45
31
22
19
29
34
36
22
38
59
88
111
95
99
77
99
129
76
-2
-82
-147
-176
-144
-91
-48
-28
-39
-57
-70
-82
-84
-84
-33
20
13
17
33
50
53
54
52
62
86
105
86
-11
-68
-84
-91
-88
-81
-60
-14
14
13
5
-11
-13
-30
-48
-28
-3
30
76
69
58
68
92
107
124
110
68
25
-25
-35
-3
64
78
30
-16
-58
-73
-78
-59
1
18
-10
-76
-136
-116
-68
-30
-2
-6
-45
-50
-20
31
107
130
181
195
171
134
29
-26
-39
-33
-41
-52
-21
10
20
-6
-52
-90
-68
7
27
64
52
19
-2
-62
-71
-51
-9
28
32
4
-10
12
7
-34
-69
-93
-81
-75
-63
-44
23
68
57
27
-37
-49
-52
-47
-19
17
44
42
19
2
28
75
102
122
111
102
106
95
85
65
32
5
-23
-24
-6
3
-16
-59
-88
-127
-124
-97
-69
-39
-30
-54
-79
-81
-64
-20
28
26
15
14
32
57
47
71
70
40
35
15
9
26
47
33
-8
-20
-10
29
49
71
71
24
-8
-23
-7
22
28
21
-43
-56
-52
-17
50
64
80
52
25
25
22
7
3
6
-13
-7
-19
-47
-29
-14
-21
-55
-100
-118
-121
-90
-64
-36
5
29
75
73
67
66
46
32
-1
-1
9
21
28
33
34
35
48
32
4
-32
-51
-32
-28
-25
-25
-36
-18
-37
-81
-108
-102
-89
-83
-79
-94
-82
-63
-33
-4
-12
-17
4
26
55
64
84
101
102
94
65
31
21
51
93
101
91
67
16
-3
-10
-19
-43
-50
-60
-76
-51
-35
-22
-16
-31
-43
-57
-75
-80
-33
31
58
55
37
23
7
-12
-12
-25
-12
14
26
55
47
13
-29
-52
-43
-35
11
52
67
49
-8
-25
-57
-70
-46
-16
39
76
75
30
-1
10
16
14
10
25
24
20
27
22
56
79
72
59
30
6
-45
-78
-85
-74
-47
-30
-24
-20
-14
-26
-38
-68
-95
-97
-84
-67
-24
1
10
18
22
11
4
31
42
61
61
58
50
58
68
30
-3
-17
-27
3
26
62
76
42
-6
-50
-59
-64
-32
-13
13
31
4
-30
-60
-54
-30
-13
-8
-21
-26
-21
-3
24
39
46
32
-3
-33
-41
-39
-23
2
8
11
9
0
-3
12
51
78
85
70
43
9
-10
-2
-6
0
4
19
21
-15
-38
-51
-71
-81
-65
-39
2
18
13
20
12
-20
-65
-98
-86
-35
15
40
38
33
6
-25
-35
-36
11
59
70
56
26
-11
-18
-13
-10
29
66
83
84
59
38
11
-21
-45
-65
-74
-78
-61
-19
26
70
77
36
-10
-63
-91
-78
-23
4
29
15
-29
-41
-30
19
64
85
67
35
-20
-63
-72
-68
-39
-9
0
3
4
21
37
62
77
54
25
-20
-58
-71
-49
-4
35
72
53
13
-4
-5
17
27
19
0
-18
-35
-35
-13
19
53
66
43
8
-15
-28
-20
-20
-29
-36
-41
-26
-17
-1
4
3
-10
-41
-46
-54
-30
7
29
26
12
2
3
-4
-28
-48
-34
1
29
29
40
61
65
68
33
-10
-26
-31
-23
0
3
25
43
41
18
-2
-9
-21
-17
-16
-24
-10
-12
-14
-30
-61
-70
-69
-60
-43
5
39
63
52
14
-20
-56
-61
-50
-16
23
35
26
39
50
83
97
82
47
-1
-16
-39
-30
-27
2
30
39
43
25
20
0
-21
-41
-49
-35
-23
-3
7
0
-10
-38
-59
-66
-45
-6
23
37
19
-6
-24
-41
-36
-22
6
24
17
24
48
83
81
60
15
-6
3
7
14
12
24
21
6
-19
-40
-22
15
44
42
12
-18
-44
-46
-44
-33
-11
1
-1
-9
-7
3
36
46
43
44
20
3
-21
-60
-51
-37
-18
-2
0
21
42
51
36
22
9
10
16
4
6
1
-10
-5
1
6
1
-1
-6
0
1
8
6
-1
-4
-3
-10
-23
-29
-26
-16
-1
23
20
18
11
-12
-13
-27
-24
-17
-26
-25
-19
-11
-11
-8
-10
18
24
12
-8
-23
2
28
36
22
-6
-20
-19
-29
-22
-21
-4
26
32
23
10
-1
-11
-8
-10
5
2
0
27
25
31
13
-5
-9
-14
-21
-18
-11
-8
4
0
12
27
23
23
8
-6
-20
-27
-18
-8
4
14
14
19
14
-4
-10
-15
-8
-6
-3
-6
-2
0
-10
-12
-26
-21
-8
4
28
35
46
39
10
-29
-58
-58
-44
-15
13
33
29
10
-15
-50
-61
-58
-25
26
62
82
85
76
54
28
-5
-28
-24
-5
7
22
31
27
22
6
-9
-3
5
-3
-8
-27
-35
-36
-33
-23
-13
7
18
19
-1
-21
-26
-23
-11
-9
-7
-5
0
6
2
3
0
13
27
39
41
27
10
-10
-24
-41
-46
-35
-7
17
25
31
16
-9
-32
-41
-38
-19
3
10
16
12
11
19
16
21
27
26
23
8
-20
-37
-34
-29
-11
3
9
21
17
9
-2
-18
-29
-39
-39
-32
-18
7
31
42
36
10
-18
-43
-52
-34
-10
12
32
41
36
19
-6
-22
-17
5
26
32
17
-5
-24
-23
-9
1
6
7
10
0
-18
-30
-28
-22
-14
-9
-12
2
10
9
8
-1
-16
-31
-40
-30
-14
7
22
18
6
-16
-32
-34
-8
26
75
93
77
38
-15
-41
-43
-14
22
41
38
18
-5
-25
-26
-18
-10
-3
0
2
0
-8
-23
-29
-24
-15
-3
11
10
21
24
14
5
-11
-11
1
23
43
58
50
24
0
-30
-44
-33
-9
25
43
42
27
0
-22
-37
-43
-35
-26
-21
-18
-7
-1
1
4
5
15
12
5
-3
0
9
15
18
8
0
2
12
12
16
19
12
7
-9
-31
-43
-44
-37
-21
-14
-7
5
8
12
8
1
-10
-21
-25
-23
-17
-1
19
33
44
37
15
-8
-14
-10
6
18
15
13
5
-2
-4
-8
1
6
2
-13
-33
-41
-31
-11
3
13
5
-4
-15
-28
-16
1
13
24
18
4
-8
-13
-6
1
8
5
3
4
5
11
14
12
2
1
-5
-3
11
20
28
20
2
-16
-23
-23
-10
1
17
20
14
2
-12
-12
-6
5
7
2
-9
-9
-8
-4
5
11
15
14
-1
-11
-14
-14
2
6
6
3
-7
-4
-3
-2
5
8
6
5
0
-10
-2
1
4
4
-8
-14
-19
-13
-4
0
10
13
23
24
16
1
-6
-6
-5
4
5
10
15
16
14
6
1
-4
-3
-11
-18
-22
-16
-2
6
15
9
4
-5
-9
-12
-9
-3
1
11
16
18
13
14
8
7
2
-4
-8
-8
-8
-5
-2
-4
1
1
7
10
6
1
-6
-10
-9
-4
-1
-1
0
-15
-24
-29
-29
-17
-3
12
22
25
19
8
-5
-14
-14
-10
6
21
31
32
23
8
-13
-25
-27
-17
-1
17
21
13
1
-16
-23
-22
-14
1
18
30
27
14
-6
-22
-25
-22
-10
-4
-2
-5
-7
-4
1
7
10
10
9
3
-3
-9
-13
-6
6
18
22
15
6
-6
-7
-10
-8
-8
-5
-3
-3
-1
-6
-1
-2
-5
-3
-5
-5
2
13
15
14
2
-10
-20
-23
-14
-1
14
25
28
20
8
-3
-13
-15
-13
-1
10
20
19
13
0
-13
-16
-15
-12
-12
-7
-5
-2
-2
-8
-13
-14
-8
3
8
13
19
17
11
4
-6
-6
-4
6
13
21
17
8
-6
-16
-15
-11
4
10
12
8
-1
-5
-9
-7
-6
-4
-4
-6
-6
-7
-2
-1
2
6
1
2
-1
3
8
12
10
5
5
3
8
11
15
16
9
2
-8
-16
-14
-7
5
15
18
10
-4
-14
-20
-23
-21
-15
-6
7
15
19
16
10
4
0
-4
-11
-7
1
12
24
24
14
0
-11
-13
-8
-6
-6
-8
-11
-13
-12
-12
-4
1
2
-2
-6
-14
-15
-11
-9
0
5
7
4
0
-1
2
11
12
15
12
13
17
16
17
7
0
-10
-13
-7
0
8
8
6
-4
-17
-23
-24
-20
-14
-11
-13
-11
-6
0
3
7
5
6
5
2
2
6
10
14
20
12
16
19
20
19
9
-1
-12
-12
-8
1
7
2
-5
-17
-24
-25
-18
-10
-1
3
-3
-5
-9
-11
-6
0
3
5
6
2
10
14
14
12
2
-4
-6
-4
4
10
11
2
-8
-18
-19
-10
0
9
11
7
-2
-11
-21
-18
-8
4
10
8
4
0
0
-3
-7
-10
-10
-3
4
11
15
14
7
-2
-5
-9
-9
-6
2
11
10
2
-7
-14
-18
-14
-9
0
7
11
7
1
-6
-8
-7
0
7
11
9
1
-3
-8
-10
-5
-6
-6
-7
-1
5
9
9
2
-4
-10
-8
-3
7
16
21
19
10
0
-12
-18
-15
-7
4
15
14
5
-1
-8
-10
-7
-3
1
1
2
1
-1
-2
1
2
2
1
-3
-3
-4
1
8
9
9
3
-1
0
1
6
9
7
3
0
-2
2
2
0
-1
-4
-5
-4
-2
2
4
4
-1
-5
-4
-2
1
6
5
4
2
0
1
5
7
4
2
-2
-3
-3
-2
0
3
5
4
2
1
-2
-3
-1
-3
-2
-1
-1
-2
1
3
7
7
4
1
-5
-7
-5
0
4
9
10
5
1
-4
-9
-10
-8
-5
0
3
2
1
1
-2
-3
-8
-11
-7
-1
3
7
8
4
-3
-7
-9
-5
3
7
13
10
8
7
8
12
5
-3
-8
-6
-2
5
10
6
2
-7
-11
-11
-6
-1
6
9
6
3
2
-1
0
1
2
2
1
3
0
2
5
4
1
-6
-10
-14
-8
0
4
5
3
-1
-8
-11
-9
-5
-2
3
6
3
-3
-5
-6
-3
2
5
4
3
1
-1
3
5
5
1
-2
-5
-4
0
1
4
2
-1
-2
-8
-9
-5
-1
2
1
-1
-4
-3
1
6
9
7
4
0
-2
-2
0
4
6
8
5
1
-3
-8
-6
-3
2
3
2
2
0
-4
-5
-3
1
3
4
2
-1
-1
-2
-5
-7
-9
-8
-8
-1
4
6
7
4
1
-5
-8
-5
-4
0
4
8
7
2
-1
-5
-3
-2
1
3
4
4
3
2
-1
-1
0
2
0
-1
-2
-5
-8
-9
-7
-6
-1
1
4
5
5
2
-1
-5
-7
-6
-2
0
3
5
-1
-5
-7
-4
1
7
8
5
0
-4
-4
-1
3
4
6
4
2
0
-2
0
-2
-4
-6
-9
-7
-6
-1
2
6
4
-1
-3
-5
-3
2
8
11
6
-1
-5
-7
-7
-4
1
4
6
9
5
3
-1
-3
-5
-1
2
3
6
4
3
2
1
2
1
-2
-3
-2
-2
-1
0
1
1
0
2
0
-2
-2
-3
-3
-6
-4
1
3
2
3
3
3
2
0
1
1
0
0
-1
1
4
5
4
1
-2
-4
-4
-3
-4
-3
0
1
1
-2
-3
-4
-1
0
2
3
2
4
2
4
6
5
4
1
-1
2
2
3
5
5
4
0
-2
-3
-2
0
4
4
0
-1
-2
-2
0
1
2
0
-3
-4
-7
-7
-4
4
8
6
4
0
-2
-1
3
3
6
6
6
3
2
4
3
1
0
-4
-7
-6
-3
0
3
1
-2
-6
-6
-6
-5
-3
0
3
1
-3
-7
-7
-8
-2
-1
-3
-4
-7
-3
-1
0
3
3
0
3
3
3
5
7
7
5
3
2
1
0
-1
0
-1
0
-1
-3
0
0
-1
-3
-5
-9
-8
-7
-5
-1
1
2
0
-2
-1
-1
0
3
4
4
4
4
2
0
2
2
4
5
3
0
-1
-2
0
0
-3
-4
-7
-9
-9
-9
-5
-2
-1
-3
-7
-8
-9
-5
2
7
7
9
7
6
6
5
5
6
10
10
6
4
2
0
-1
-1
-4
-5
-7
-6
-3
-3
-4
-2
-5
-5
-5
-2
4
7
9
5
4
1
3
3
4
5
2
3
2
3
4
2
4
3
5
3
2
-1
-5
-4
-2
0
1
0
-2
1
-1
-3
-3
-5
-6
-3
-2
0
4
5
4
0
-3
-3
-3
0
0
2
1
3
2
2
0
2
1
-1
-1
-3
-2
-3
-5
-5
-5
-5
-5
-2
-3
-1
0
-1
-3
-3
-2
-3
0
0
1
-2
-4
-5
-4
-2
1
1
-1
-2
-5
-6
-5
-4
-3
-2
-2
-2
-1
1
2
0
-2
-3
-5
-2
1
1
0
1
2
2
6
6
4
5
1
-1
-2
-1
2
6
5
3
-1
-5
-8
-6
-3
-3
-2
2
1
1
5
4
5
7
5
5
4
4
8
9
8
8
4
-3
-3
-3
-3
2
3
6
5
4
2
1
-1
-3
-2
-2
-1
-1
-1
-1
-3
-5
-4
-5
-5
-1
2
0
-1
3
2
6
6
7
6
4
3
0
2
0
0
0
-2
-2
1
4
2
2
-2
-3
-1
-4
-1
3
0
0
-2
-4
-4
0
0
5
7
8
9
7
5
6
5
6
6
4
4
2
2
2
1
-1
1
-1
-3
-3
-2
-2
-4
-6
-5
-3
0
-2
-2
-2
-4
-2
-2
-2
0
0
2
3
6
8
7
2
1
0
-1
1
2
1
0
-2
-2
-2
-5
-6
-7
-6
-8
-3
-4
-2
0
-2
-2
-1
1
1
0
-1
-1
-1
-1
2
5
7
10
7
4
2
-1
-2
-1
-1
-1
-4
-2
0
-4
-4
-3
-2
-1
-2
-1
-2
-1
4
5
0
-1
-4
-3
-1
3
3
5
3
3
2
1
3
2
3
0
-1
-2
1
1
1
-1
-2
-2
-3
-4
-5
-5
-2
-2
0
-2
-1
-2
-1
0
-1
-2
-1
0
-1
1
2
3
3
-1
0
-2
-1
-2
-1
-1
-1
-1
-2
-2
-2
-3
-3
-3
-7
-7
-7
-7
-5
-5
-5
-3
-3
-4
-2
-2
0
-1
0
3
4
3
2
2
2
6
8
8
6
6
6
2
2
-2
-1
1
3
2
-2
-3
-7
-7
-7
-5
-4
-8
-5
-4
-4
0
4
5
5
4
3
3
2
4
3
1
0
1
2
1
1
4
3
2
-1
-3
-3
0
3
1
-2
-8
-10
-6
-2
2
3
0
-2
-3
-3
-2
-3
0
0
1
2
2
5
6
7
4
2
2
2
4
5
6
3
1
1
-1
0
0
0
-2
-1
-1
-2
-3
-1
-1
-3
-2
-2
-1
1
2
1
3
2
0
-1
-2
-2
0
0
-2
-1
-2
-2
-1
0
-1
0
1
4
4
2
1
0
-1
-3
-2
-4
-6
-4
0
1
2
2
-1
0
1
1
3
2
1
1
-1
-1
-2
0
0
0
-2
-2
1
2
3
1
0
-3
-4
-4
-3
2
7
8
5
2
-2
-2
1
3
-1
-3
-4
-3
0
0
1
3
5
0
-2
-5
-7
-2
0
4
3
0
-2
0
1
3
5
3
2
-1
-1
-1
-1
-2
-4
-5
-5
-3
-3
-2
-1
-1
1
0
-2
-5
-5
-3
-2
0
3
4
6
10
10
6
4
2
2
5
4
0
-4
-5
0
4
5
4
-1
-4
-4
-3
-2
-2
-4
-9
-11
-6
1
4
7
5
2
-1
0
1
5
7
9
8
5
2
1
2
2
3
0
-4
-6
-6
0
6
8
4
-7
-14
-14
-3
8
11
6
-3
-8
-6
1
7
9
8
3
-2
-5
-2
6
11
12
10
4
-3
-3
1
5
3
-2
-8
-12
-9
-4
3
3
-1
-7
-13
-9
-1
5
6
6
1
-4
-4
-2
3
8
7
2
-6
-8
-6
1
7
6
-2
-11
-15
-9
-2
2
1
-4
-6
-6
0
8
14
11
3
-5
-8
-1
9
16
12
5
0
-7
-5
-1
3
4
3
-1
-7
-10
-8
-3
0
3
0
-5
-6
-5
-4
-2
0
-1
0
2
5
4
4
2
0
-2
-2
1
6
8
7
4
-3
-8
-6
-2
1
3
2
-3
-9
-13
-11
-8
-4
-2
-2
-1
-2
0
1
2
4
5
3
4
6
8
8
4
1
0
1
2
7
10
9
6
0
-4
-5
-3
3
4
3
-1
-4
-10
-12
-7
-1
1
-2
-6
-8
-4
-2
0
-1
-1
-2
0
1
0
2
3
3
-2
-4
-4
4
11
9
6
-3
-7
-7
-3
-2
-1
-4
-7
-9
-8
-5
-2
2
3
3
1
-4
-6
-1
3
3
5
2
4
7
9
10
8
2
-1
1
2
5
6
3
0
-1
-3
-2
0
-1
-2
-2
-5
-8
-10
-12
-8
-3
-1
2
1
-2
-2
1
6
7
7
4
2
2
3
3
1
2
1
1
2
2
2
-2
-5
-8
-6
-6
-6
-4
-3
-2
-1
-2
-4
-6
-3
1
2
1
-4
-6
-3
3
5
6
5
5
6
8
8
7
3
-2
-4
-2
0
3
2
-1
-2
-4
-2
-3
-5
-6
-6
-6
-4
-4
-3
-3
-2
2
4
3
-1
-2
0
5
7
8
5
0
1
3
7
8
5
1
-1
3
5
6
4
-1
-6
-11
-11
-8
-4
-3
-1
-2
-1
-1
0
2
4
5
5
3
2
4
2
3
3
0
1
2
4
7
9
7
2
-6
-8
-4
4
9
11
8
3
2
5
4
6
6
2
-2
-6
-6
-4
-3
1
4
4
2
-1
-4
-3
2
5
4
-3
-7
-5
0
6
7
4
-3
-5
-1
3
5
3
-1
-4
-8
-9
-7
-5
-1
1
-2
-4
-6
-4
-2
0
1
-1
-1
-4
-3
-1
0
4
4
2
-1
-1
4
8
11
5
-3
-7
-5
1
6
5
1
-3
-3
0
-2
-5
-8
-9
-10
-6
-8
-10
-11
-7
-2
1
2
-2
-4
-1
4
10
10
6
1
-2
0
3
4
2
-1
-2
-2
0
1
1
-1
-5
-10
-11
-11
-4
0
0
-5
-11
-12
-9
-1
5
7
4
1
2
2
6
8
12
13
10
8
7
6
7
8
5
2
-4
-6
-3
0
-2
-5
-7
-9
-8
-7
-6
-2
1
0
-2
-5
-5
-3
5
10
11
9
5
3
5
9
9
9
4
2
2
1
1
-2
-3
-2
0
1
0
-3
-6
-6
-8
-8
-7
-4
-2
-3
-3
-5
-7
-5
-3
3
5
6
7
5
4
2
3
4
5
7
9
7
3
3
1
1
1
-1
-3
-2
-1
-2
-2
-4
-6
-5
-2
-1
-1
-3
-5
-3
-3
-3
-2
0
2
5
7
7
8
8
8
7
6
3
6
5
4
2
1
-1
-4
-5
-8
-10
-7
-4
-2
-4
-9
-11
-9
-4
-1
-1
-1
0
3
5
6
4
3
3
5
8
6
4
2
0
1
2
4
6
6
2
2
-1
-4
-7
-9
-11
-10
-10
-9
-8
-9
-9
-7
-5
-1
0
3
5
5
4
2
1
3
7
10
10
9
5
3
3
2
3
3
2
-2
-4
-7
