1
0
-3
-9
-11
-10
-11
-7
-8
-6
-3
-8
-6
-7
-8
-5
-9
-8
-2
0
8
8
9
12
15
13
13
10
6
3
6
5
-1
0
-7
-11
-9
-11
-9
-6
-1
2
-1
-4
-7
-7
-11
-11
-10
-11
-16
-19
-20
-16
-9
-2
-1
0
1
0
0
2
4
11
13
7
4
8
11
8
5
7
9
8
7
5
5
4
6
10
6
1
-4
-2
2
5
4
3
2
1
-1
-7
-8
-7
-5
-1
0
-3
-5
-4
-3
0
-1
-3
-5
-4
-1
4
4
0
2
0
2
2
6
8
5
4
3
4
1
-2
-2
-6
-7
-6
-3
-4
-2
1
4
1
1
0
3
2
-1
4
11
14
13
12
9
10
11
6
9
5
2
0
-4
-3
-8
-6
-10
-11
-9
-8
-6
-6
-3
-3
0
4
5
5
6
2
-4
-3
-6
-5
3
3
5
6
7
6
1
0
0
3
2
-8
-7
-8
-13
-12
-16
-18
-10
-4
-3
-5
-9
-12
-10
-3
0
6
11
10
8
5
1
2
0
4
3
1
2
-2
-8
-9
-2
5
7
8
9
8
6
0
-7
-5
-3
-2
4
5
4
6
4
-1
-1
-1
0
3
6
7
1
-3
-8
-4
8
11
7
1
-6
-13
-12
-13
-10
-4
-2
-3
-2
-1
-2
-7
-11
-8
-8
-6
-2
-2
-3
-4
-4
-2
3
6
6
13
15
13
7
5
2
-3
-3
1
4
5
6
4
-2
-5
0
2
3
-1
-5
-10
-12
-11
-4
6
1
-1
2
-1
4
7
6
9
18
14
9
2
-5
-4
-8
-8
-5
4
0
-5
-1
-2
-1
2
4
8
10
7
2
-3
-6
-5
-4
-5
0
1
-3
-4
-5
-5
-1
2
0
1
-4
-11
-10
-1
2
10
10
8
6
1
3
4
10
9
4
-2
-6
-2
-3
-4
-6
-3
2
-2
-3
4
2
-10
-11
-10
-4
4
2
2
-2
-7
-5
-4
-2
3
13
12
7
6
3
-4
-2
-1
2
9
6
2
-3
-10
-12
-13
-14
-14
-6
0
-2
-4
-5
-10
-16
-16
-12
-4
-3
3
4
-1
-2
-1
5
13
20
21
19
12
3
-1
4
9
11
14
16
12
4
-2
-9
-14
-4
4
9
10
2
-13
-23
-22
-14
-1
5
7
5
0
0
2
2
5
7
12
6
2
3
0
-4
-5
3
9
9
7
1
-3
2
2
2
4
3
-1
-7
-8
-9
-6
-1
3
4
8
9
2
-5
-7
-8
-5
1
8
7
4
0
-5
-10
-11
-7
1
1
-1
-6
-11
-9
-10
-11
-8
0
5
4
1
0
0
3
7
13
11
9
4
-1
-4
-2
7
4
1
-2
-4
-1
-1
-3
-5
-2
5
8
16
16
6
-5
-13
-14
-15
-13
-5
-1
-2
-6
-10
-11
-10
-5
-1
0
4
4
5
-3
-11
-12
-11
-3
2
10
12
8
4
1
5
0
2
3
-1
-1
-2
-5
-8
-3
-1
3
4
5
-2
-6
-9
-11
-6
-2
4
10
8
-1
-3
3
9
11
9
7
3
-2
-2
-4
-1
2
8
5
2
-1
-4
0
6
7
5
9
11
8
-1
-4
1
6
8
5
5
6
1
-3
-7
-2
4
-1
-3
-1
0
-1
-4
-6
-5
-3
-2
-6
1
7
7
8
4
3
2
0
5
9
8
0
-7
-4
-3
-4
-4
-6
-4
-2
-6
-8
-4
-2
-2
-3
1
5
-4
-8
-4
0
3
6
4
2
1
-6
-11
-11
-10
-19
-17
-7
0
2
3
8
5
6
14
17
19
14
2
-9
-15
-9
-1
8
12
11
9
3
-2
-8
-3
8
14
9
6
0
-8
-10
-9
-2
5
18
19
15
8
-4
-11
-13
-11
-11
-6
-1
0
-1
-12
-15
-16
-11
-6
2
10
4
-1
-7
-14
-12
-10
-5
0
2
2
-1
-4
-5
0
4
8
14
16
13
6
-1
-9
-9
-3
1
2
1
-3
-2
0
2
-2
2
4
0
-4
-8
-7
-7
-2
4
8
9
4
-3
-7
-9
-4
4
12
13
7
0
0
-2
2
3
0
2
1
0
-3
-12
-15
-13
-3
14
16
12
3
-10
-16
-14
-10
-3
2
1
-6
-5
-7
-5
5
12
14
9
3
-1
-11
-11
-8
-10
-9
-9
-1
-3
-3
-4
-7
-1
5
5
-1
-3
-7
-8
-9
-4
11
13
10
7
8
6
0
1
2
6
6
3
1
0
1
4
4
11
9
11
12
8
1
0
-3
-10
-6
0
3
5
4
-2
-8
-5
-2
-2
2
2
2
2
-3
-9
-11
-17
-18
-7
8
14
17
12
3
-2
1
-7
-11
-6
-2
7
1
2
2
-5
-1
6
9
12
14
13
6
-1
-2
-5
-1
4
3
6
4
6
8
0
1
6
9
7
7
9
1
-4
-5
-4
-3
7
8
3
2
-1
-2
-2
2
-2
-3
-6
-5
4
6
6
5
12
14
18
15
4
-3
1
0
-14
1
2
10
5
0
5
-12
0
8
8
13
-3
-7
-7
-3
-2
0
10
2
-1
-12
-18
-10
-4
-13
-24
-3
3
-9
-16
-19
-14
-17
0
0
6
12
-10
-23
-14
4
1
7
19
11
-2
-2
0
-1
13
12
1
2
-1
-11
-15
0
2
-6
9
18
8
0
-3
-6
-7
-8
1
-2
11
9
-14
-12
-11
-5
3
-2
-2
1
6
6
-6
-10
-3
-9
1
12
5
3
-9
-7
-1
10
16
6
7
2
-10
-17
-21
-24
-21
-9
2
14
17
11
11
5
-6
-5
-7
6
6
0
7
-3
-9
-12
-9
6
5
4
2
5
6
0
-3
-1
4
-1
1
5
9
0
-14
-7
1
6
8
9
20
16
15
10
-5
-11
-9
-4
-4
6
7
-3
-2
6
8
10
12
10
6
-4
-3
-2
-7
-2
5
11
-9
-14
-11
-6
18
10
-1
-8
-4
5
2
12
14
6
-9
-19
-13
-7
4
3
-5
2
3
-13
-12
5
6
6
0
-10
-9
-11
-3
3
-11
-19
-15
-5
-4
11
22
22
12
-6
-15
-8
16
10
4
13
12
-1
-24
-11
2
10
11
-2
6
4
-2
-13
-15
4
6
0
0
-2
2
5
0
-3
-3
0
-3
-4
-3
10
16
5
-15
-14
-3
-5
6
5
1
0
-6
-21
-36
-21
-5
-2
-3
-7
-3
-6
-12
-14
-5
7
14
12
8
9
0
-3
6
3
-13
-18
-13
-10
8
13
-2
-13
-14
-6
4
28
31
8
-5
-13
-13
-3
13
21
19
4
-11
-7
6
8
17
23
7
-3
-11
-17
-4
15
4
-1
-1
-16
-21
-8
4
-3
-12
-8
-9
-24
-15
9
2
-4
-7
-14
-5
14
14
4
8
1
-10
0
10
18
23
13
10
8
-4
-7
12
19
16
14
5
-6
-8
-1
-10
-5
4
-9
-17
-10
1
6
16
29
16
-9
-15
-6
5
23
15
10
3
-9
-5
-2
1
-2
-6
2
9
4
-3
-6
2
-2
-5
7
2
-1
4
7
14
13
10
2
5
-1
-16
-8
2
1
-20
-21
-10
-5
5
9
1
-11
-5
-4
-3
8
10
-5
-16
-18
-8
-2
-5
-2
4
2
-12
-5
8
5
8
0
-7
11
21
12
7
12
5
-6
3
13
7
11
23
23
8
-9
-17
-23
-17
-11
-4
2
1
1
-4
-12
-13
-4
6
13
19
0
-7
-14
-11
-16
-15
15
-10
-9
4
2
3
-13
0
-5
-1
10
8
21
1
-7
-3
-15
6
11
6
14
-6
-8
-12
-5
19
9
5
-4
-10
-9
-11
-2
-5
-7
-8
-10
-19
-6
1
1
6
-6
-5
-5
-12
-4
1
3
12
-3
-6
1
8
9
1
5
8
7
5
0
6
7
1
-5
-12
-5
6
8
7
9
-5
-10
-12
-7
9
16
9
-4
-5
2
-3
3
7
3
7
-4
-5
-3
5
7
-7
-5
-6
-4
-10
-9
4
8
8
0
0
1
3
12
7
2
-1
2
3
-3
-1
2
11
14
5
-2
-1
-6
-4
4
3
7
5
-1
1
12
11
-3
-4
-11
-16
-2
7
-1
-9
-17
-23
-18
-9
3
19
16
0
-15
-9
1
-3
2
-2
-6
-7
-11
-6
0
6
-3
-4
-1
8
13
13
13
-5
-8
-2
2
13
5
-6
-5
4
5
1
2
-3
4
2
5
12
7
2
-8
-11
-11
1
10
9
8
-5
-12
-9
2
7
9
6
-8
-11
-4
5
6
1
0
-3
-1
0
6
6
2
-2
-7
-4
2
3
8
8
-7
-5
-2
1
8
6
9
2
-4
-3
-8
-5
1
5
6
-4
0
-1
0
0
-3
5
5
8
4
-1
3
-2
-6
-10
-6
-4
-8
-8
1
10
8
2
-3
2
3
9
6
-1
0
-4
-3
0
9
7
5
3
-5
-9
-17
-7
-1
-3
-2
-6
-2
-5
-4
-3
-1
6
5
3
-3
2
7
7
11
8
7
5
-8
-5
6
8
-3
-6
-2
-4
-5
-5
5
10
0
-5
4
17
10
-4
-10
-12
-4
-6
-5
0
-1
-1
-5
-13
-10
0
5
2
-5
-4
-5
2
-2
-3
5
5
7
4
4
-1
-10
-5
1
1
-4
-7
-1
6
5
8
8
6
5
2
2
7
10
-7
-10
4
6
1
-2
-4
-3
2
0
-4
-5
-1
-2
-5
-3
-2
-7
-7
-3
10
12
7
6
-2
-5
-5
-10
-7
-6
-1
5
5
11
13
12
14
8
1
0
7
16
11
8
6
2
0
1
0
-6
-3
9
12
9
3
-2
-3
-4
-5
0
-1
-9
-19
-17
-11
-5
-6
-9
-6
-2
3
2
0
-7
-10
-8
-5
4
2
0
3
6
1
1
0
-3
-1
1
0
-4
-3
-4
-4
-6
1
2
-9
-8
-3
-4
-5
-1
-2
-7
-5
-9
-8
-3
5
2
-4
1
-3
-5
-7
-9
-8
-5
-4
-3
2
1
-6
-5
2
6
1
-2
1
2
-5
-3
-7
-4
6
-1
-6
-10
-6
-6
-7
3
6
12
3
-4
5
14
16
12
6
3
4
-1
-5
1
7
2
1
5
3
2
4
3
-1
1
2
-6
-7
-4
-5
-2
2
8
2
-7
-6
-6
-1
0
-2
-5
-7
-7
-10
-6
-2
3
7
10
4
-5
-5
-2
0
0
-2
3
1
3
1
6
14
6
3
-3
-3
5
8
5
2
2
1
5
13
12
9
4
2
-2
4
3
0
3
-6
-15
-12
-7
-2
1
5
0
-5
-9
-8
-4
0
3
0
-3
-7
-2
2
5
11
10
8
9
8
5
8
13
8
0
-7
-7
-5
-2
-5
-7
-11
-16
-10
-3
2
6
7
3
0
3
6
7
9
6
0
1
3
-1
0
1
4
0
-11
-12
-3
6
8
4
3
0
0
-6
-4
4
6
2
-2
5
4
5
4
4
0
0
2
1
7
8
5
2
-6
-6
2
0
-2
1
-2
-2
-6
-5
-5
3
11
0
-6
-4
-4
1
0
-5
-1
-5
-8
-6
-3
0
0
0
0
4
9
8
7
4
3
5
7
8
-2
-1
3
-1
-8
-8
-2
-3
0
3
3
4
6
3
-1
-1
2
1
-5
-11
-5
-3
-6
-1
3
3
0
0
-1
1
3
-5
-1
5
6
2
0
-1
-1
1
-1
2
1
3
1
-4
-6
-8
-6
-6
-6
-8
-4
-2
-4
-4
0
4
2
4
-2
-8
-5
-4
-5
-6
-2
-4
-3
-5
-8
-6
-7
0
2
0
2
8
8
5
5
8
4
-1
-1
-4
-1
-3
-5
-3
-2
-1
-3
-3
-3
3
4
2
5
5
5
0
-3
-4
-4
-4
-5
-6
-5
-2
4
2
-3
2
0
0
2
4
3
3
4
7
11
9
5
2
6
6
9
8
0
1
-3
-3
3
4
1
-2
-1
-3
0
8
10
6
-2
-2
2
8
7
2
-1
-1
3
-6
-8
0
4
0
-1
0
-1
0
-1
-1
1
1
-3
-1
-5
-1
3
7
9
0
-1
2
4
-1
-2
-2
-10
-12
-9
-9
-3
4
4
10
8
1
1
-6
-10
-11
-10
-9
-6
-7
-10
-6
-6
-7
-6
2
2
1
1
-1
-2
-4
-6
1
10
7
3
0
-2
2
2
-1
-3
4
8
4
-1
5
7
7
9
8
8
5
4
3
1
4
1
-3
-6
-6
-8
-7
-6
-5
-6
-6
0
-4
-4
-2
1
2
0
-2
-3
-3
-4
-10
-7
-3
-1
3
1
3
5
3
1
-3
-2
-4
-5
-4
-7
-5
1
4
6
3
-2
-8
-5
1
0
-3
2
5
-1
0
5
7
12
12
11
9
7
3
-4
-5
-7
-5
0
6
8
3
1
0
-1
-1
2
4
2
-5
-2
0
2
5
4
3
2
0
4
6
6
3
-4
-5
-2
-2
2
5
0
-7
-10
-9
-5
-2
3
3
1
0
1
2
2
-2
-5
-3
-1
2
6
2
4
2
-1
0
2
1
3
6
3
3
5
5
1
1
4
4
5
6
2
-2
-6
-9
-7
-3
-1
1
-1
2
6
2
-5
-12
-9
-3
3
3
-1
0
4
2
3
0
3
8
9
7
0
-5
-1
7
9
10
8
4
-5
-8
-2
-2
-3
-6
-5
2
4
-1
-1
-1
-2
-4
-5
-8
-4
-1
-9
-10
-5
0
3
2
-1
-8
-2
0
-5
-1
-2
-4
-5
-7
-5
-2
-4
-3
-4
-4
2
1
0
-2
-2
3
0
-3
-5
-4
-1
-2
1
3
2
0
-6
-6
2
6
6
4
7
7
1
-4
-3
-2
-3
-4
-3
1
2
-1
-5
-6
-8
-7
-6
-2
2
4
1
-4
-4
-4
-2
1
0
-3
0
2
-1
-2
-5
-6
0
6
8
7
6
7
9
7
5
4
5
6
5
0
-1
6
7
3
4
9
8
7
3
-1
0
-4
-4
-1
-1
5
6
2
3
2
0
1
5
4
-1
2
3
-3
-5
-4
-2
1
3
3
5
8
9
3
4
5
7
3
3
2
2
0
-1
2
1
1
-4
-8
-6
-3
2
-3
-6
-8
-8
-4
-5
-3
-4
-1
-2
-3
1
1
-1
-1
0
0
-3
-4
-4
-7
-8
-4
2
6
9
6
6
4
4
6
4
3
3
5
3
7
5
-1
-1
-1
-1
-3
-4
-6
-4
-3
-5
-3
-1
-3
-4
-1
0
0
1
-1
1
7
3
0
-3
-1
-1
-3
-1
0
3
1
-4
-4
-2
-2
-7
-4
-4
-8
-8
-5
-2
-4
-4
-5
-9
-6
-8
-6
-5
-2
-2
-9
-7
-7
-6
0
5
9
7
7
6
3
0
0
5
8
6
12
12
7
5
2
-1
-1
1
3
3
3
0
-7
-10
-9
-5
-3
-2
1
3
1
-1
-6
-6
1
3
-2
-3
1
1
6
8
4
6
8
7
2
1
2
-5
-6
-3
-5
-1
1
1
2
1
3
2
2
1
0
-5
-3
-1
2
7
7
6
2
4
7
6
10
6
-2
-6
-3
1
0
-1
-2
6
12
9
7
6
5
1
-3
-2
1
-1
-3
-6
-11
-9
-11
-10
-3
1
3
-4
-10
-10
-6
-9
-10
-1
2
6
8
8
3
-7
-6
-4
-3
0
1
0
5
3
-3
-2
2
5
0
2
2
1
-3
-7
-3
2
3
8
7
7
5
3
-1
-4
-4
-5
-5
-3
2
0
-1
-2
-1
-4
-5
-2
0
-1
-3
-2
-5
-3
1
2
3
6
7
4
1
-2
-1
-1
-4
-4
-2
1
7
11
11
9
7
3
-1
0
3
4
3
2
0
1
-1
-2
-6
-5
-4
-2
0
-3
-3
0
-3
-8
-7
-6
-2
2
4
3
2
0
-6
-4
-2
0
3
4
2
3
6
4
6
5
4
1
-2
2
-2
0
2
-1
2
6
8
10
9
7
7
4
-2
-6
-5
-2
-1
-2
1
1
2
4
4
3
7
6
3
-2
-1
-1
-3
-1
-3
0
2
-2
-7
-3
5
3
-2
-1
2
1
-6
-11
-10
-2
4
5
3
-1
-1
-1
0
-2
-6
-5
-4
-4
-2
-3
-9
-12
-10
-6
1
5
5
-1
2
3
-1
-3
-3
0
1
-3
-4
-2
-1
-2
-4
-5
-5
-5
0
3
4
6
10
9
6
3
-1
0
-2
-2
-1
6
10
6
2
0
0
3
3
-2
-2
1
4
1
-1
-1
-3
-6
-3
4
6
5
3
1
-3
-3
-2
-7
-2
7
7
7
8
6
1
-2
-2
-1
-3
0
-2
-10
-15
-18
-15
-7
-3
1
0
-5
-9
-5
0
2
3
-5
-6
1
4
7
4
3
5
6
7
5
4
4
4
2
3
1
-2
-3
-2
0
0
1
2
4
7
8
1
-4
-8
-12
-16
-11
-5
-2
-1
-1
-2
-3
-2
-7
-6
1
8
6
5
6
4
-1
-4
-2
2
6
6
1
1
2
0
-2
-5
-6
-8
-3
0
6
5
-1
-2
-4
-5
-8
-6
-4
-5
-3
0
3
4
0
-1
3
5
5
4
2
4
6
7
7
3
1
-4
-8
-8
-5
-3
-4
-2
5
6
0
4
2
-2
2
4
7
8
8
7
3
6
2
-3
0
1
2
3
-1
-1
2
1
0
2
-1
-2
-6
-10
-8
-2
-1
-3
-2
0
4
5
6
6
8
13
10
5
1
1
1
-5
-3
-1
0
-2
-1
3
1
1
6
4
3
2
-2
-2
6
8
0
2
0
-3
-4
-4
-4
3
6
7
9
9
7
5
1
2
1
-4
-6
-6
-2
3
1
-2
-3
-5
-6
-2
-2
-8
-6
-5
-10
-10
-7
-12
-15
-9
-8
-5
-2
-5
-10
-8
-3
-3
0
2
-4
-6
-3
4
2
7
5
-2
3
-1
-9
-9
-6
-7
-5
0
2
4
8
7
-2
2
7
6
-1
1
2
3
4
-2
-7
-4
2
-1
5
14
13
7
1
0
1
0
-1
-1
-2
0
3
3
-1
-3
-5
-1
2
3
6
2
0
2
0
-3
-3
-4
-8
-5
-4
-2
3
0
-2
-2
2
7
3
-3
-5
-1
3
-2
5
7
5
7
5
10
13
11
4
-5
-6
-5
-4
-8
-2
2
4
3
4
2
5
6
-1
-6
-10
-9
-4
-3
-6
-5
-10
-5
-4
-3
0
2
1
1
-2
-7
-2
0
-1
2
3
1
3
9
5
0
-1
-4
-10
-10
-4
-1
1
1
1
3
1
-3
-6
0
-2
-3
0
2
7
-2
-5
-5
-5
-4
-5
2
6
3
3
-2
-1
-1
5
9
11
12
8
6
3
2
3
8
5
4
-1
-8
-8
-5
-1
2
0
1
1
0
-8
-9
-1
4
9
9
4
4
1
-1
-1
4
4
-1
-4
-4
-7
-9
-1
3
5
-1
-3
0
-6
-6
-9
-4
2
5
5
7
3
2
7
9
3
-3
-6
-5
-2
-5
-3
-3
-5
-7
-9
-5
1
4
0
-5
-6
-8
-10
-8
-7
-3
3
8
11
9
11
15
9
5
3
-5
-3
4
4
0
4
6
0
2
5
-1
-1
-1
2
5
4
8
6
-1
-3
0
1
5
10
8
0
5
8
-1
-1
0
-2
-1
3
2
-3
-2
-1
-4
-6
-3
1
-2
-3
-1
-6
-12
-9
-4
-8
-2
12
16
10
5
8
7
7
11
10
12
8
-3
-8
-6
-4
-6
-1
5
12
10
7
5
1
-7
-6
0
-4
2
-2
-10
-9
-6
-4
-4
3
6
0
-6
-3
3
-2
-6
0
-1
-5
-3
-5
-2
5
7
4
2
3
6
4
-4
-5
-2
-1
-2
-1
-2
-10
-10
-7
-8
-8
-3
-4
0
-5
-4
3
2
6
-1
-4
-2
-6
-4
-2
2
-2
-7
-1
5
7
7
3
2
2
7
9
5
1
1
-1
-10
-7
-8
-10
-6
-3
-2
1
2
-2
-9
-11
-7
-6
-6
-3
0
-1
0
4
2
4
7
4
1
0
1
1
0
-3
-1
-5
-5
1
1
-2
-3
-10
-14
-5
-1
-4
-5
-1
3
1
2
2
4
4
7
6
1
1
4
5
2
6
7
8
9
8
4
-3
-4
-3
-3
-2
3
8
8
3
2
1
-9
-4
-3
0
3
1
-4
-8
-5
-3
2
5
3
7
15
8
3
1
0
5
4
6
8
3
1
0
1
-2
-6
-5
-2
1
-1
1
4
5
12
16
16
12
4
1
1
3
5
2
0
0
-2
-4
0
4
3
-1
-5
-6
-5
0
1
0
2
4
3
0
-3
-3
0
1
4
5
2
-2
-5
-2
2
5
6
3
6
7
2
1
-3
-8
-15
-14
-12
-12
-12
-13
-9
-8
-3
0
-1
0
2
3
5
5
1
-5
-7
-6
-5
-1
2
2
1
1
4
1
-1
-2
-1
-1
-4
-4
-6
-7
-6
-6
-4
0
4
0
-2
0
3
4
5
6
11
9
9
3
0
2
1
1
-3
-3
-2
-2
-6
-10
-7
-6
0
3
3
-1
1
1
-6
-1
1
5
9
10
12
10
5
1
-2
0
0
1
-2
-4
-1
-2
-1
0
1
1
-4
-11
-10
-6
0
2
2
1
0
0
-1
-4
-5
-3
-5
-4
-1
-1
-1
-2
-6
-6
-7
-7
-2
1
3
1
0
-2
-5
-8
-7
-2
0
2
5
4
5
9
10
10
3
2
-1
-6
-3
-1
2
2
-1
-1
-1
-1
-3
-1
-3
-6
-5
-3
-4
-6
-6
-11
-13
-15
-15
-11
-5
2
3
1
3
6
11
15
17
16
11
7
-3
-6
-1
3
8
8
10
7
6
6
6
5
3
1
-1
1
0
-2
-3
-4
-4
0
5
13
17
15
10
9
4
-2
0
4
2
-1
1
-1
-5
-3
2
-2
0
3
-1
-1
-1
1
0
-2
1
-2
-2
0
2
1
-1
-1
0
-1
2
5
3
-1
-5
-3
-4
-3
1
-2
-7
-4
-1
-2
-1
3
3
0
-2
-4
-1
2
5
4
3
0
-4
-2
-2
-4
-7
-10
-13
-15
-8
-5
-2
1
3
5
6
6
6
2
2
1
-3
-3
-7
-10
-12
-6
-3
-4
-5
-5
-1
0
-4
-10
-12
-5
-1
-2
-3
3
8
4
3
4
4
4
2
1
-1
1
2
1
-1
-2
1
8
5
-1
-2
-4
-2
-4
-3
-5
-4
-1
-3
1
5
10
9
6
7
5
3
-1
-3
-4
-5
-5
-4
2
6
8
6
5
4
3
4
4
1
0
-5
-5
-5
-5
-1
2
5
1
6
10
7
6
6
6
3
-1
-6
-12
-13
-14
-9
-4
-1
4
4
2
1
-2
-7
-8
-7
-9
-9
-9
-5
-1
3
7
7
9
12
15
14
9
9
5
1
2
-1
-6
-8
-8
-8
-6
-5
-4
0
2
3
4
2
0
2
5
4
4
6
2
-2
-3
-6
-7
-5
-1
-1
1
9
10
9
10
12
15
8
2
-4
-8
-5
-6
-8
-5
-4
-4
0
1
2
1
0
-2
-7
-10
-12
-13
-11
-8
-4
0
1
2
5
8
8
10
6
0
-3
-5
-8
-10
-9
1
11
11
9
4
2
5
3
2
3
-3
-7
-13
-13
-10
-2
2
-1
-1
0
-1
-2
-4
-4
2
5
3
2
3
2
4
2
3
7
3
-4
-7
-9
-15
-12
-5
0
4
6
3
1
1
6
7
9
11
9
1
-5
-3
-3
1
6
8
9
4
-1
-1
4
4
3
1
1
3
3
-3
-8
-3
1
4
5
4
1
-2
-7
-11
-9
-3
-1
1
-1
0
2
1
3
1
2
5
8
10
6
7
8
9
7
5
3
0
-3
-5
-6
-7
-1
2
1
8
7
2
0
-2
-4
-3
-7
-14
-17
-11
-10
-10
-7
-6
-3
-1
-1
0
3
5
5
8
4
2
-2
-2
0
-1
0
-2
-1
3
6
8
9
10
13
11
10
9
8
4
-1
-10
-15
-12
-12
-14
-16
-16
-9
-1
8
14
16
18
13
7
-2
-11
-15
-16
-16
-14
-9
-5
4
10
17
18
19
15
8
2
-7
-12
-17
-19
-17
-16
-11
-7
-5
-5
2
12
15
12
4
1
-4
-7
-6
-6
1
-1
-1
4
6
10
10
10
6
3
0
-2
-2
-2
2
2
4
7
8
10
7
7
4
-6
-13
-17
-14
-8
-8
-8
-5
-1
-1
4
6
15
20
10
-1
-7
-7
-4
-4
-5
-7
-1
1
-4
-3
1
15
22
20
9
4
5
0
-3
-4
5
4
5
6
8
13
11
9
-2
-6
-10
-22
-22
-20
-13
-8
-5
-6
-9
-15
-23
-22
-22
-21
-14
-10
-16
-18
-13
-16
-22
-22
-22
-14
-8
-2
-9
-14
-7
-4
2
6
23
38
36
28
17
19
25
32
38
38
36
34
31
30
42
59
66
60
37
13
-4
-6
-1
-2
4
8
1
-8
-16
-8
11
17
14
2
-1
-3
-9
-11
-10
-1
-1
-21
-35
-28
-21
-12
-5
-4
-1
-5
-29
-47
-43
-35
-23
-28
-37
-36
-44
-58
-70
-67
-39
-11
-10
-31
-41
-42
-55
-72
-76
-45
9
30
21
21
22
11
-5
-14
7
48
57
28
-17
-43
-55
-53
-21
24
69
84
49
2
-24
-18
7
46
90
122
119
80
25
14
38
69
84
87
79
41
-1
-35
-30
21
76
87
75
47
18
-7
-42
-64
-71
-64
-74
-120
-146
-149
-140
-138
-150
-147
-122
-93
-98
-116
-108
-75
-44
-25
-16
3
31
51
56
60
76
87
99
92
73
78
88
88
76
56
53
66
70
58
39
21
4
-11
-16
-2
11
15
2
-17
-15
4
22
49
72
80
73
56
61
81
112
132
156
185
183
142
64
-16
-28
23
60
52
24
-21
-78
-137
-189
-164
-61
7
-43
-174
-257
-234
-162
-117
-82
-29
12
-1
-65
-98
-43
77
142
102
45
22
26
25
-1
12
113
181
117
-8
-108
-137
-75
-32
-34
-7
-14
-107
-214
-265
-223
-68
64
55
-33
-143
-205
-184
-110
-7
113
180
158
84
18
-19
20
140
242
286
249
163
67
-1
-24
21
156
288
311
198
0
-208
-253
-74
134
197
140
19
-100
-233
-356
-287
50
290
161
-121
-307
-291
-168
-100
-60
106
230
108
-107
-251
-187
90
267
226
163
113
16
-81
-190
-153
158
302
51
-222
-340
-306
-161
-35
-15
9
-73
-319
-372
-252
-82
65
88
-4
-20
-39
-87
34
145
181
200
147
72
80
82
-1
-11
85
154
131
14
-63
30
121
123
87
46
45
48
-7
6
247
416
299
-114
-439
-284
104
304
254
127
-33
-184
-463
-552
-25
543
472
35
-326
-471
-287
-104
-48
178
407
312
14
-304
-400
-59
248
295
319
255
76
-58
-281
-401
-3
399
390
130
-203
-442
-391
-289
-217
-80
-114
-169
-259
-441
-519
-270
-27
53
66
-69
-28
168
189
-12
-26
196
424
442
190
35
76
197
194
114
151
258
212
-39
-152
-33
153
209
89
-46
-30
60
67
34
29
151
271
261
291
323
8
-351
-249
95
340
406
232
-86
-315
-626
-862
-399
407
623
107
-631
-879
-542
-288
-180
152
432
362
24
-480
-616
-52
484
489
351
279
205
88
-259
-466
-55
470
554
269
-201
-481
-425
-358
-229
128
172
-159
-299
-484
-590
-311
52
165
127
-113
-439
-189
210
271
210
216
285
361
217
14
191
382
368
245
-2
-110
68
115
-130
-139
92
135
-20
-210
-294
-100
187
283
153
-15
-24
15
50
271
622
452
-160
-399
-132
164
298
337
202
11
-452
-1017
-800
240
788
246
-534
-847
-605
-406
-442
-188
343
484
80
-500
-740
-252
440
513
293
324
460
387
-34
-425
-114
734
1020
585
-4
-311
-327
-420
-437
7
466
254
-320
-795
-1003
-711
-138
234
223
-28
-355
-485
-278
-12
215
445
609
469
86
-199
-63
271
416
361
249
118
-5
-111
-258
-212
83
299
116
-229
-377
-344
-132
88
184
190
155
34
-50
66
374
825
545
-328
-534
-20
361
440
444
215
44
-484
-1234
-776
576
989
248
-557
-979
-700
-466
-548
-39
628
511
55
-471
-785
-81
681
592
500
605
503
395
-57
-603
-25
905
963
537
-70
-564
-516
-536
-584
164
600
41
-524
-973
-1312
-831
-73
215
326
-17
-623
-605
-246
-60
254
566
613
496
18
-335
6
412
495
506
385
178
143
-82
-383
-192
225
305
49
-285
-462
-310
-89
81
164
180
213
135
-58
35
577
1002
597
-418
-683
18
574
594
466
245
44
-543
-1547
-1043
709
1225
160
-889
-1379
-1016
-506
-551
-60
771
654
-41
-661
-1004
-165
861
596
372
607
505
430
87
-635
-39
1232
1191
572
20
-554
-536
-511
-718
152
889
166
-607
-979
-1500
-988
53
280
323
51
-757
-958
-472
-228
220
814
839
599
33
-496
-91
573
628
708
546
84
-21
-179
-520
-162
488
441
59
-426
-652
-449
-88
92
206
327
299
181
-171
-219
450
1141
737
-430
-674
41
578
486
303
126
234
-316
-1728
-1296
748
1370
209
-923
-1522
-916
-283
-609
-159
861
669
16
-618
-1154
-116
1124
640
331
697
637
738
309
-745
-26
1389
1188
596
25
-609
-408
-477
-936
124
954
65
-721
-1109
-1427
-800
-69
-56
146
-62
-806
-704
-359
-154
385
522
394
527
331
-53
237
475
345
456
393
33
28
12
-305
-219
82
159
9
-298
-497
-351
-79
137
195
127
112
132
-16
102
629
1095
936
-466
-1198
-257
832
876
661
247
-154
-481
-1825
-2041
465
2057
802
-993
-2056
-1644
-351
-510
-450
931
1136
76
-778
-1662
-759
1562
1383
356
723
786
599
517
-760
-401
1785
1895
702
18
-877
-797
-169
-838
-233
1277
410
-1029
-1413
-1884
-1247
266
314
133
14
-1033
-1193
-273
4
413
993
511
218
88
-395
124
1029
780
418
216
-233
-41
228
-203
-182
307
141
-191
-476
-755
-306
243
172
40
67
72
165
53
13
657
1371
1338
16
-1512
-1014
657
1299
948
557
101
-245
-1485
-2663
-555
2298
2045
-225
-2111
-2551
-975
-313
-619
719
1730
636
-560
-1766
-1822
836
2096
867
603
734
442
603
-371
-927
1417
2663
1349
282
-761
-1115
-206
-580
-750
1121
1017
-837
-1579
-2053
-1843
-82
550
328
275
-948
-1792
-973
-293
201
1217
893
336
189
-721
-496
996
1361
951
607
-233
-517
-2
11
-64
519
539
87
-507
-1118
-573
284
410
255
-51
-351
-113
107
-254
434
1413
1468
1033
-905
-1990
-398
1508
1530
1193
518
-411
-753
-2333
-2650
932
3262
1516
-1038
-3080
-2985
-659
-359
-312
1576
1707
-102
-1222
-2633
-1518
2281
2399
788
892
401
-48
347
-1052
-412
2847
2771
788
-224
-1538
-1134
189
-685
-23
1868
405
-1496
-1887
-2522
-1399
824
757
518
96
-1804
-1908
-798
-404
865
1753
747
245
-407
-1606
-376
1580
1511
1287
598
-787
-725
-231
-382
198
899
657
-94
-1272
-1606
-234
652
484
550
-68
-363
119
-109
-239
1274
2057
1499
330
-2133
-2152
397
1897
1672
1551
358
-547
-1371
-3579
-1897
2879
3735
954
-1625
-3746
-2556
-267
-729
492
2714
1509
-644
-2202
-3480
-243
3287
1844
938
1149
36
-66
-277
-1700
1130
4012
2106
207
-824
-1903
-647
44
-801
1292
2060
-542
-2005
-2569
-2853
-509
1135
556
612
-443
-2189
-2036
-1003
-185
1437
1790
865
243
-1237
-1571
126
1326
1571
1537
280
-756
-526
-366
-319
652
1340
588
-541
-1597
-1304
-25
850
800
275
-269
-371
-450
-741
130
1801
2098
1406
326
-2302
-2497
163
2015
1847
1687
606
-813
-1888
-3909
-2237
2945
4384
1605
-1843
-4460
-3016
-258
-888
329
3157
1917
-935
-2730
-3940
-338
4187
2490
750
914
117
-9
-395
-1893
1483
4946
2518
-24
-1170
-2151
-489
357
-976
1220
2607
-348
-2445
-3055
-3007
-270
1518
481
298
-866
-2367
-1627
-1053
-387
1360
1626
483
220
-1097
-1269
906
1449
659
827
333
-117
231
-463
-615
461
1289
632
-580
-1409
-621
356
-39
-104
423
325
39
-465
-1179
-11
1928
1971
686
701
-485
-2213
-1099
1109
2169
1993
1159
-699
-1357
-2479
-3081
769
4085
3003
-408
-3666
-4364
-943
-195
-727
2027
3055
101
-2375
-3863
-2487
3235
4106
739
289
667
159
8
-1587
-540
4429
4200
290
-1050
-1553
-955
524
-868
-697
2640
1432
-2110
-3270
-3269
-1485
1315
748
-312
-200
-1643
-2028
-1021
-903
604
2079
753
-135
-439
-1016
195
1866
805
50
743
417
411
229
-563
34
1298
804
-450
-1054
-493
608
26
-974
-227
851
78
-667
-1254
-734
1359
2228
903
400
1202
-1174
-2481
-749
1870
2906
2304
119
-1553
-1804
-3092
-1670
2649
4345
1991
-1872
-5061
-3572
-137
-603
506
3259
2044
-1527
-3483
-3935
277
4771
2376
172
850
701
-107
-965
-1848
2241
5592
2127
-1013
-1066
-1150
-127
-33
-1318
1524
3274
-552
-3560
-3548
-2236
600
1483
-259
-376
-854
-2576
-2163
-1028
280
2004
1299
-618
-830
-866
-251
1566
1660
390
461
105
-35
717
304
144
968
852
-483
-1190
-760
487
532
-593
-810
154
315
-215
-863
-952
972
1796
1101
154
1161
501
-2562
-2257
771
3154
2397
1125
-1064
-1615
-2029
-3223
-183
4399
4230
-434
-4239
-5188
-1172
534
-414
1987
3642
73
-3399
-4067
-2278
3669
4693
138
-501
1148
367
-824
-1579
62
5238
4553
-665
-1666
-635
-258
269
-860
-280
3391
1635
-3212
-4133
-2359
-338
1462
292
-900
-312
-1610
-2713
-1457
234
1556
1767
-359
-1358
-848
-346
1061
1844
829
-60
-67
-106
694
941
331
446
737
-165
-1204
-712
665
1087
-246
-1130
-557
516
330
-571
-1157
424
1796
1131
-9
751
1350
-2041
-2885
-42
3081
2737
1166
-1064
-1545
-1229
-3197
-1067
3943
4793
363
-4075
-5596
-1466
1375
-528
1130
3383
636
-3107
-4151
-2803
3487
5618
203
-1199
894
1013
-294
-1496
-664
4964
5086
-665
-2194
-687
6
357
-1062
-1062
3147
2167
-2994
-4369
-2450
-184
1585
216
-1425
-479
-1341
-2688
-1722
-121
1368
1640
-368
-1321
-393
91
1170
1657
429
-328
50
31
725
1066
219
286
758
-86
-1132
-549
849
1200
-306
-1232
-458
667
366
-630
-1070
528
2009
1248
-94
820
1283
-2111
-2750
319
3490
2940
892
-1475
-1556
-1346
-3172
-650
4259
4515
-99
-4603
-5662
-874
1708
-545
1189
3154
235
-3286
-4331
-2275
4208
5248
-469
-1221
964
1219
-215
-1526
-75
5601
4645
-1273
-2093
-417
265
187
-1247
-551
3460
1618
-3434
-4415
-2123
262
1318
-421
-1498
-366
-1326
-2420
-1516
320
1483
963
-954
-1277
-69
486
1366
1173
265
-128
-74
248
1208
1146
189
253
328
-461
-1228
-368
930
977
-464
-1093
-161
395
-2
-914
-654
1063
1985
831
-159
1093
-148
-2916
-1732
1845
3855
2390
-262
-2144
-1095
-1877
-2925
1626
5301
3078
-2198
-6017
-4655
1456
1425
-657
1936
2237
-1649
-3894
-3942
252
6370
3130
-2168
-659
1126
728
-334
-1381
1936
6382
2048
-2435
-943
371
678
-10
-1492
861
3643
-569
-4199
-3397
-866
1186
801
-1725
-1554
-576
-2063
-2076
-524
1564
1547
-680
-2178
-1119
732
1773
1995
564
-40
-399
-968
507
2362
1801
604
-261
-1057
-1056
-708
681
1662
690
-841
-1161
-787
-267
378
-321
161
1454
1127
222
447
1368
-1364
-3137
-544
3255
3212
779
-1129
-2092
-1111
-2268
-1944
3115
5592
1119
-4489
-6202
-2320
2880
600
-779
1901
1119
-2925
-3965
-2264
2865
6357
467
-3135
28
2031
710
-447
-444
3547
5183
-313
-2340
357
1325
646
-617
-1381
1584
2455
-2147
-4106
-2032
415
978
-474
-2196
-1132
-676
-2092
-1829
127
1537
431
-1323
-2008
-414
1208
1705
739
145
517
-146
-414
739
1537
1165
615
-265
-764
-766
-223
729
653
-71
-374
-128
-593
-595
-171
-11
1080
1261
493
383
1668
-595
-3770
-1564
2527
4073
1715
-865
-1890
-770
-2339
-3116
2318
5958
3020
-3253
-6765
-3975
2722
1718
-678
1987
1744
-2451
-4539
-3098
2114
6900
1822
-3191
-591
1410
834
-23
-12
3087
5257
-234
-3101
63
1376
713
-174
-867
885
2072
-2087
-3814
-1601
496
852
-336
-2067
-1651
-744
-1978
-1457
738
1227
-153
-1696
-2343
-626
1584
2005
865
-185
-508
-865
163
1453
1851
1372
239
-603
-1059
-678
504
1715
1068
-438
-850
-21
-80
-188
-371
-13
1389
1126
104
-3
1800
-300
-3814
-2044
2346
4477
1873
-1356
-2691
-762
-1757
-2991
2173
5850
2815
-3433
-6760
-3836
3228
2149
-905
1519
1307
-2890
-4362
-2197
2519
6570
923
-4099
-395
1858
603
-163
427
3219
4702
-1020
-3175
1244
2302
508
-423
-406
1222
1518
-2920
-3569
-145
1316
252
-1184
-2042
-1189
-860
-2532
-1312
944
1040
-772
-1891
-1477
77
1300
1116
630
112
-51
-241
386
1620
1522
512
206
54
-468
-276
425
1020
601
-541
-562
676
353
-766
-667
377
1569
1835
300
456
559
-2792
-2858
585
3908
3297
319
-3217
-2047
-852
-3025
571
5706
3736
-1863
-5685
-5814
968
3586
-312
951
2093
-2402
-5002
-3035
1233
6852
3633
-4005
-2080
1448
352
-362
1072
2919
4891
104
-4370
-455
2954
1461
-167
-323
789
1601
-2179
-4045
-706
2351
1272
-1287
-2415
-1658
-882
-2107
-1790
653
1780
-374
-2561
-2081
-249
1094
1284
635
-76
466
-477
-902
1176
1838
673
383
19
-481
271
423
535
804
-93
-663
528
146
-559
194
417
951
1745
424
102
-48
-3037
-2002
1675
3632
2453
-655
-3393
-1555
-806
-2589
1943
5442
2057
-2845
-5705
-4184
2495
3215
-720
1253
1083
-3396
-4402
-1921
2307
6233
1533
-4265
-1009
1109
-68
135
1938
3631
3781
-1456
-3548
1102
2869
857
-80
367
1029
354
-2954
-2649
940
2203
20
-1880
-1888
-1174
-1284
-1954
-631
848
267
-1891
-2249
-632
570
695
326
-45
-190
55
-433
576
1793
641
-753
-163
334
262
643
502
626
374
-707
-408
1029
597
-487
-26
717
1623
1360
353
310
-1663
-2672
-416
2744
3872
1366
-2573
-3138
-808
-1711
-482
4472
4002
-623
-4815
-5723
-830
3901
867
-82
1740
-1194
-4300
-3257
322
4708
4222
-2552
-2748
1249
567
-708
770
3030
3879
930
-3260
-796
2946
1823
-52
123
978
690
-1423
-2788
-138
1961
851
-1779
-2202
-942
-602
-1380
-1357
29
267
-1173
-2333
-1086
707
763
-21
-514
-685
129
321
106
1226
1186
-344
-487
172
290
855
935
222
-18
-245
-326
1076
1150
-263
-15
295
393
1301
1220
1018
474
-3082
-3164
988
3723
2499
-414
-2845
-1797
-798
-3108
547
5554
2684
-2834
-5408
-3708
1798
2791
-1364
655
2139
-2335
-4406
-1638
2395
4707
846
-3975
-34
2299
-638
-1433
1764
3885
2742
-1514
-2766
1669
2771
154
-574
1319
1687
-645
-2927
-1287
2063
1826
-905
-2489
-1048
-226
-1225
-1519
192
374
-1362
-2273
-1556
789
1242
-359
-1403
-467
-129
163
869
1234
1159
-453
-1615
-269
1310
774
568
476
-319
-460
-310
549
1808
1090
-774
-232
552
822
1306
1278
1400
-984
-3266
-1272
3002
3913
939
-2114
-2541
-405
-1528
-2019
3232
4647
-320
-4886
-5060
-581
3929
360
-1782
1388
193
-3795
-3047
901
4099
2956
-3211
-3082
2479
2081
-1081
-176
2792
3239
406
-2828
-279
3470
1727
-968
-66
1769
616
-1750
-2386
683
2361
571
-2170
-1863
-447
-1039
-1421
-197
845
-438
-2026
-2463
-572
1298
444
-792
-777
-937
-826
629
1361
1547
558
-1395
-1275
392
782
641
1240
86
-1001
-520
312
1408
1464
-312
-389
906
788
1075
1419
1551
-584
-3386
-1755
2439
4323
1614
-1698
-3006
-974
-860
-2058
2424
4925
315
-4628
-5029
-1710
3514
1802
-1716
734
300
-3977
-3472
980
3687
3043
-2203
-3697
1414
2024
-883
-153
2859
2749
56
-2465
-192
3213
1611
-949
-150
1808
672
-1545
-1474
1282
1842
-200
-1780
-1347
272
-519
-1912
-480
745
-966
-2032
-1320
-97
936
93
-1342
-751
-102
-937
367
1480
597
-147
-950
-898
736
1492
642
619
-127
-1344
-464
1209
1373
972
26
-490
440
702
1455
2092
2000
-675
-3756
-1620
2237
3990
1659
-1165
-2537
-1261
-887
-1909
2206
4833
522
-4451
-4600
-1772
2687
1959
-1919
-201
184
-3274
-3265
907
3055
2036
-1931
-3806
857
2420
-44
-423
1828
1811
-143
-1465
487
3286
1702
-894
-875
1205
898
-677
-349
1571
1355
-873
-1777
-1187
742
574
-1092
-867
-364
-1639
-1912
-349
322
796
33
-1504
-1650
-650
-293
1185
1774
-165
-1072
-989
-713
224
1315
1289
778
-313
-1504
-396
1844
1598
314
173
331
469
291
947
2145
2203
-468
-3831
-1447
2505
3261
1230
-845
-2020
-1221
-1032
-1922
2137
4949
157
-4523
-4355
-1614
2011
2055
-1340
-484
-436
-3779
-2813
1804
3407
1189
-2404
-3931
340
2408
644
503
1905
785
-1518
-1273
1724
3974
1915
-728
-904
340
286
-557
897
2566
1141
-1659
-1906
-1017
503
924
-406
-227
-329
-2555
-2416
320
600
200
-134
-1313
-1647
-631
-219
955
1919
-351
-1800
-464
114
392
1319
1298
287
-835
-1647
-191
2363
2023
-312
-391
369
173
293
1332
2301
1834
15
-3298
-2099
2020
3446
1802
-179
-1875
-2385
-791
-1053
608
4134
1680
-3280
-4391
-2180
789
3033
136
-1279
-445
-2616
-3287
536
3519
1697
-1401
-3606
-1262
1940
1353
546
1377
985
-1440
-1558
1128
3765
2520
-475
-1234
-231
584
-115
888
2476
1673
-1433
-2018
-916
400
953
42
-338
-796
-1845
-2426
-248
971
144
-649
-1269
-1366
-1132
-14
1196
1344
-332
-1770
-1290
56
637
543
1081
592
-1086
-1949
-19
2175
2098
561
-703
-115
425
120
719
2624
2212
110
-1429
-2620
-275
2549
2812
933
-914
-2619
-1828
319
-72
1558
2696
-455
-3775
-3331
-784
2245
2442
-1380
-1840
-1429
-2549
-1416
1864
2800
-174
-3048
-3378
365
2266
1326
361
605
-317
-1917
-392
2799
3800
915
-1130
-1163
182
823
766
1903
2124
-272
-2565
-1011
825
1662
614
-683
-1008
-1493
-2101
-1131
1350
936
-654
-1806
-1798
-936
-70
523
919
320
-1690
-1731
-241
778
773
754
293
-446
-875
-709
1161
1891
857
-498
-50
590
662
778
1423
2066
856
-56
-1753
-1191
1427
2864
2108
54
-1843
-2268
343
386
153
2093
1063
-2085
-3580
-1959
550
2800
121
-2343
-1563
-1671
-1661
443
2550
852
-1967
-3345
-1264
1658
1715
693
286
157
-1439
-1074
1829
3733
1769
-759
-1034
-359
729
573
1498
2374
952
-2031
-1646
748
1421
877
-143
-569
-912
-1562
-1664
443
1481
-379
-1721
-1557
-1083
-638
489
757
214
-870
-1817
-980
553
550
81
622
50
-1149
-1050
645
1378
1089
-17
-396
524
866
503
1368
2355
863
-460
-1706
-906
1534
2821
1917
-181
-1617
-1922
105
581
849
1836
435
-1933
-3161
-1657
667
2693
195
-1892
-1868
-2090
-1253
504
1702
258
-1787
-3031
-1150
1255
1482
753
-270
-712
-1302
-330
1821
2896
1036
-900
-873
-242
1044
1512
2120
1995
426
-1619
-1411
149
1624
1787
358
-736
-1748
-1951
-414
1326
621
-270
-920
-2051
-1345
-94
175
708
336
-1945
-2033
-220
222
622
1128
-10
-1362
-932
-357
697
1877
492
-1116
-314
754
772
1444
1874
934
-193
-1737
-778
2107
3490
1242
-1285
-1105
-230
573
-62
893
2102
309
-2166
-2685
-635
1054
1387
-333
-1003
-1610
-2741
-1445
1115
1714
-734
-2206
-2325
-872
382
655
924
245
-1599
-2568
28
2525
2316
324
-516
-376
-279
438
1582
2613
1468
-381
-882
537
1211
777
640
667
-34
-1274
-823
818
1143
-530
-1265
-774
-325
-363
-396
-150
-233
-1094
-1667
-235
781
-168
-962
-537
-435
-488
-131
-117
121
-7
-421
-56
1125
1161
672
910
-141
-640
618
2321
1878
351
-657
-408
734
429
348
1564
1595
-642
-2084
-734
974
1331
-358
-1431
-1172
-1124
-957
-97
727
-406
-2085
-2158
-502
402
84
-145
-613
-1078
-1213
-271
1129
1353
-139
-974
-83
362
765
1154
1173
590
-273
-460
816
1768
1170
758
371
-518
-723
335
1369
1299
-25
-1433
-1235
-360
-36
318
528
-251
-1517
-1564
-440
460
453
38
-508
-739
-757
-418
690
1263
509
-1120
-1738
-335
1379
2117
944
-605
-1068
66
877
587
1343
1427
76
-1483
-1376
-78
1450
1447
-296
-658
-709
-990
-361
975
886
-398
-1102
-1336
-525
119
468
325
-259
-1239
-1253
163
1201
903
-148
-408
-492
-502
-14
899
1030
172
-766
-961
-118
380
477
612
419
-544
-871
32
736
759
-27
-452
-114
256
-89
-26
343
62
-329
-338
-49
225
213
-201
-45
508
480
252
355
-769
-979
665
1692
937
-652
-1114
-379
1002
285
-572
740
824
-831
-1891
-545
662
878
-452
-1217
-591
-565
-521
92
926
3
-1374
-1127
251
801
552
625
1
-555
-732
178
1529
1699
207
-708
-26
-54
313
1050
1128
54
-899
-987
45
885
237
-12
-166
-959
-1389
-360
880
764
-403
-1460
-1159
-257
236
320
469
-69
-1064
-1048
-182
690
707
535
0
-348
-174
216
943
1306
1131
-163
-973
55
1508
2143
871
-751
-863
698
1182
8
402
1074
170
-1298
-1525
-336
942
737
-917
-1342
-1050
-1117
-622
302
346
-941
-1585
-1284
-472
57
331
68
-636
-923
-369
874
1470
599
-357
92
540
456
837
1216
782
-31
-209
371
1029
550
-70
178
202
-333
-513
122
480
-149
-1105
-988
-80
104
-528
-830
-644
-529
-514
-315
52
-164
-631
-775
-255
529
811
397
163
-106
-1059
-202
1871
2629
1070
-845
-1216
210
1755
1001
518
1055
344
-1184
-1191
508
1446
1019
-662
-1558
-1140
-501
192
540
343
-1085
-1846
-985
172
389
298
104
-889
-1389
-611
801
1266
390
-979
-1129
-173
261
822
1209
641
-673
-915
196
1334
1322
432
-144
-364
-421
-197
679
1137
480
-780
-1234
-378
611
823
283
-538
-941
-717
-267
222
343
-126
-732
-962
-560
189
732
501
226
-360
-1263
-640
1076
1940
741
-843
-1147
237
1305
362
58
926
784
-664
-1167
205
1448
1271
-302
-1004
-786
-410
84
552
510
-600
-1387
-1068
41
283
237
107
-644
-1035
-464
746
907
95
-842
-574
250
244
358
610
346
-569
-598
333
1046
498
-314
-253
-19
-167
-322
316
731
148
-923
-968
33
622
329
-234
-337
-282
-112
106
383
297
-50
-168
-215
165
586
756
355
4
-686
-1050
156
1389
1414
-96
-1248
-980
542
1082
22
54
540
152
-1029
-978
363
1145
404
-1075
-1130
-533
34
107
235
144
-673
-1049
-494
526
681
590
-63
-955
-886
191
1254
1087
169
-634
-332
146
325
780
1140
462
-771
-747
387
1063
382
-213
-242
-337
-512
-408
233
580
-88
-1145
-975
-59
290
56
-245
-522
-680
-503
-223
71
116
-138
-404
-357
20
386
674
607
248
-293
-361
417
1409
1724
475
-897
-760
653
1390
573
21
345
380
-502
-935
-51
930
644
-752
-1281
-695
-96
19
4
-135
-820
-1146
-756
-12
295
229
-145
-760
-839
-225
720
828
0
-723
-286
537
422
339
590
425
-253
-319
567
1170
614
-313
-251
228
119
-183
179
673
188
-885
-992
4
543
132
-440
-527
-378
-280
-174
7
65
-258
-556
-430
-87
48
121
92
-92
-434
-653
-158
644
1160
644
-448
-708
214
1193
998
265
95
524
502
-238
-415
422
1133
517
-643
-918
-191
457
305
-28
-370
-763
-818
-349
273
391
-94
-750
-845
-379
190
570
348
-397
-713
-231
245
309
153
176
101
-240
-321
152
722
572
42
-102
107
123
79
420
670
139
-606
-394
457
624
27
-394
-277
-106
-160
-93
185
234
-285
-618
-255
153
26
-147
-16
-30
-252
-545
-380
247
615
383
-253
-612
-334
403
755
410
6
69
228
-165
-468
14
808
697
-313
-926
-435
421
569
210
-63
-290
-409
-120
472
670
125
-467
-450
-75
77
163
306
106
-371
-646
-288
267
284
-57
-195
-132
-290
-448
-237
171
235
-61
-264
-334
-216
-35
142
220
43
-215
-229
79
248
238
164
-3
-149
-52
221
307
193
-24
-156
-110
-17
6
66
201
216
83
-60
-210
-313
7
493
592
180
-382
-517
-98
378
327
62
18
38
-153
-363
-214
253
441
-41
-563
-590
-137
222
230
40
-246
-458
-367
156
593
501
18
-309
-155
258
519
448
196
-77
-210
-64
232
362
245
-48
-246
-210
-65
81
37
-50
-130
-273
-331
-208
-30
9
-172
-376
-301
-47
49
-111
-264
-228
-101
-11
-26
15
83
-16
-109
-99
3
136
202
154
66
-23
-82
54
249
295
169
21
15
178
292
169
85
52
-33
-69
3
112
103
-21
-144
-107
41
36
-103
-117
20
69
-85
-202
-105
66
75
-45
-95
36
198
208
140
39
9
59
176
287
255
106
-19
-33
37
174
216
126
41
2
-84
-109
3
149
117
-195
-448
-323
-51
-41
-238
-345
-235
-119
-142
-107
-2
-4
-211
-313
-171
7
4
-81
16
34
-110
-172
-9
236
306
185
28
14
55
104
228
298
210
33
-42
90
250
331
277
85
-95
-137
-20
48
23
4
1
-65
-180
-167
7
130
-3
-181
-119
48
32
-67
-48
-48
-111
-141
-50
143
182
-22
-189
-92
115
221
212
139
30
-70
-37
135
242
128
-91
-196
-131
6
59
-34
-161
-204
-186
-127
-70
-63
-107
-190
-219
-170
-87
-59
-104
-169
-166
-125
-136
-169
-139
-80
-106
-134
-66
57
126
65
18
87
171
186
166
155
154
129
49
50
126
170
144
47
0
-21
-5
97
210
201
70
-30
-26
95
224
186
29
-56
-45
-22
17
59
28
-62
-149
-143
-7
126
73
-105
-159
-71
2
9
-7
16
-13
-149
-180
-9
174
185
5
-158
-153
-53
42
48
-18
-140
-224
-164
-23
55
14
-59
-95
-85
19
129
135
55
-23
-42
-45
6
49
32
-4
-29
3
30
9
-29
-40
-17
-2
-36
-68
-39
7
33
49
80
53
-38
-111
-23
148
190
103
19
39
68
72
86
137
188
181
127
81
121
159
118
81
107
146
121
47
-7
-6
-17
-33
-6
-1
-37
-94
-123
-119
-114
-113
-107
-25
-10
-117
-216
-179
-65
-30
-76
-107
-99
-122
-115
-46
20
24
-46
-76
-27
44
63
50
90
136
68
-14
-19
47
135
126
31
-52
-34
47
94
62
-6
-72
-135
-136
-40
50
31
-42
-86
-35
29
12
-27
-23
27
41
38
34
28
15
-24
12
100
123
81
48
56
55
25
5
10
12
10
-25
-45
-34
-40
-43
-37
-22
10
47
33
-33
-85
-53
5
6
-33
-78
-67
-19
28
65
50
-25
-106
-94
-29
5
6
-3
7
-24
-83
-83
5
92
100
39
4
28
38
39
39
51
51
26
5
13
62
124
131
56
-26
-56
-12
56
78
14
-76
-102
-60
13
67
46
-24
-58
-35
14
15
-21
-49
-71
-48
-30
-25
-7
19
44
44
31
21
8
23
24
-11
-55
-71
-61
-37
-29
-41
-61
-61
-31
2
13
-16
-60
-67
-29
6
13
5
-8
-25
-21
31
83
82
31
-4
18
39
7
-18
17
55
29
-12
-33
-26
-5
3
1
-5
-17
-31
-34
-13
-17
-42
-42
-32
-40
-61
-75
-75
-46
-18
1
26
62
76
47
23
34
54
44
13
22
70
90
56
29
28
29
0
-23
9
53
40
-44
-105
-94
-62
-29
6
21
-18
-84
-111
-56
3
2
-18
-31
-54
-81
-69
-20
16
-15
-79
-92
-46
15
40
21
7
-3
12
61
107
112
71
18
-2
6
27
55
63
39
-15
-49
-40
0
42
40
-11
-47
-30
6
30
34
23
-16
-66
-76
-33
24
22
-39
-95
-94
-45
-3
11
1
-11
-22
-41
-37
8
45
20
-30
-49
-31
10
33
35
26
2
-51
-63
-2
60
63
16
-15
-24
-23
-27
-19
-16
-25
-39
-40
-5
39
37
-9
-24
-7
29
69
71
41
9
-18
-28
3
49
71
46
-3
-31
-11
12
30
59
40
-6
-32
-17
7
19
5
-45
-47
-4
20
12
2
1
-2
-11
-23
-3
41
50
23
-1
4
31
22
17
49
54
39
23
26
48
57
42
27
19
-11
-27
5
43
56
31
3
7
5
-8
-6
3
9
4
-1
-2
-3
-15
-29
-30
-11
18
18
-23
-27
-13
-23
-29
-23
-3
8
12
7
-2
-8
-10
7
9
-4
-14
-13
4
-6
-49
-65
-28
-8
-36
-59
-52
-35
-45
-67
-60
-47
-63
-85
-77
-33
-13
-38
-47
-23
-2
-4
9
47
59
45
20
21
35
47
62
68
63
60
62
75
94
97
88
65
55
49
34
18
17
8
0
6
-6
-19
-18
-9
-13
-23
-18
-16
-28
-31
-13
-4
-10
-8
9
13
15
0
-5
8
15
14
18
22
18
10
6
14
32
38
20
1
-15
-24
-14
7
-2
-26
-49
-55
-47
-34
-33
-50
-57
-66
-70
-51
-14
8
-19
-45
-37
-16
-5
-8
-5
-6
-13
-27
-24
-4
4
10
13
14
12
13
12
28
42
32
31
44
54
42
17
7
11
15
18
25
31
24
-6
-30
-24
-3
13
10
2
-2
1
-4
-16
-6
-1
9
13
6
-4
0
10
18
26
41
43
31
23
11
2
4
21
16
-12
-18
-11
-4
-11
-26
-19
-20
-21
-16
-17
-23
-36
-39
-31
-16
-19
-42
-27
-5
-12
-20
-14
-13
-16
0
21
27
0
-28
-26
-7
3
2
7
8
-6
-9
7
24
14
-15
-26
-2
23
17
13
19
17
2
5
19
24
9
-14
-15
-12
-5
-2
10
3
-28
-40
-32
-16
-19
-28
-26
-20
-22
-29
-25
-9
-2
-15
-29
-25
-17
-15
-14
-13
-4
-13
-22
-13
4
14
15
19
23
22
12
18
39
47
38
27
31
25
22
22
27
28
18
9
13
32
34
19
9
5
7
10
16
26
16
-7
-20
-17
-11
-7
-4
-7
-19
-34
-36
-32
-21
-22
-22
-24
-26
-11
-2
19
29
20
13
8
8
-2
-8
0
1
8
10
2
7
18
24
17
18
4
-7
2
-4
-8
-10
-12
-10
-19
-24
-13
3
-4
-23
-30
-24
-6
10
5
7
1
-11
-11
-3
-2
3
5
-5
-5
-5
1
23
39
34
14
9
22
25
21
18
14
13
6
13
19
16
19
5
-8
1
8
14
15
15
7
-7
-16
-12
-13
-29
-41
-43
-34
-37
-29
-10
0
1
-8
-10
-7
-13
-15
-17
-14
-19
-29
-19
-3
5
8
-1
-2
2
-1
5
12
0
-4
-4
2
11
17
15
9
6
1
2
11
13
8
-5
-10
-3
0
7
9
4
3
3
-1
-1
0
-2
-8
-10
-11
-14
-5
2
6
1
-12
-13
-8
5
15
16
9
3
-2
2
8
14
15
-1
-16
-16
11
30
37
33
25
16
8
11
20
13
-5
-17
-20
-18
-4
10
14
11
5
-1
-3
0
2
0
3
-2
-11
-11
-8
-1
9
8
-5
1
6
5
13
18
21
16
6
-2
8
19
14
2
5
11
13
8
3
13
14
4
-9
-10
-2
0
-5
-13
-21
-18
-17
-18
-15
-11
-13
-18
-22
-19
-11
-7
-4
-9
-13
-11
-8
-5
-5
-11
-13
-17
-8
3
0
-4
0
-4
1
6
12
13
10
5
-8
-4
-1
2
7
8
5
5
9
12
6
-2
-5
-7
0
7
6
6
-4
-8
-3
3
11
13
15
8
1
-3
-3
1
6
3
-2
-4
-4
-7
-18
-22
-10
10
16
-5
-14
-3
-3
-1
-2
-5
-2
1
-3
-1
10
4
-9
-13
-11
-7
-5
-5
-3
1
-5
-8
-2
4
8
8
7
-1
-15
-23
-18
-1
5
5
2
4
7
2
9
13
19
14
9
13
11
11
1
-2
-2
-7
-2
2
9
14
7
-2
-6
-10
-4
3
-1
-10
-12
-7
-8
0
1
5
2
-5
-2
9
20
22
9
-4
0
1
0
-4
-2
0
-3
-12
-16
-16
-12
-6
-5
0
-1
-15
-18
-4
4
11
-2
-11
-12
-22
-17
-11
5
21
-7
-12
-12
-5
13
1
0
-3
8
16
9
18
8
-3
-4
-7
2
7
8
4
0
-8
-2
6
9
16
8
5
-2
-6
-3
-5
4
-1
2
8
-1
8
-1
-2
6
2
1
-6
-11
-12
-13
-6
-3
1
12
7
9
17
1
-1
-7
0
6
-8
6
-7
-5
6
3
11
14
14
5
6
6
-1
5
2
4
-3
-3
3
1
8
1
1
11
-7
3
-20
-36
-2
-30
-12
-8
3
2
-15
9
-24
9
19
-13
8
-8
-8
-17
-20
5
-6
25
-13
-34
12
4
26
-9
-29
16
24
30
-54
-15
49
24
31
-40
-8
15
6
12
-37
25
8
8
9
-15
27
12
21
33
-32
-13
0
21
18
18
2
2
1
-5
-32
15
16
-10
41
-16
-16
-8
-27
-4
-3
52
-27
-3
-2
-60
-4
-1
42
-21
9
-4
-42
31
-17
14
23
8
2
-38
20
-33
-17
30
17
31
5
-13
-29
29
-3
-29
38
10
31
-43
-20
6
-6
37
-28
2
14
-8
15
-24
-14
45
-20
0
29
-47
31
-27
9
0
-17
44
-53
21
-9
-11
39
-26
2
15
-2
1
11
-9
14
2
2
-24
11
40
-18
0
-16
3
9
7
-4
-13
16
-14
9
-22
-4
4
-11
13
-23
-3
13
3
-25
-26
-10
2
2
-8
-22
-16
34
-16
-21
-1
-13
-14
-9
-13
-17
6
19
-12
-20
-12
-6
8
10
-3
5
0
17
3
-21
5
34
17
3
-14
-1
10
17
9
-11
55
17
-1
-1
-33
2
14
31
-6
-1
12
-36
4
-5
1
14
29
16
-7
6
-16
-3
-1
12
-16
5
6
-20
10
-26
1
16
6
-9
-26
5
-33
16
24
4
22
6
8
-29
-15
-4
1
33
2
-15
-20
11
5
-32
1
4
2
1
-9
-1
14
28
-18
-14
17
-6
-12
3
6
-7
6
-9
-12
3
26
12
8
21
6
16
4
2
2
15
29
0
2
-14
-10
11
-1
8
-4
-5
-9
-13
23
22
9
8
0
15
9
10
-12
-5
20
18
9
-2
-15
-16
16
8
4
0
-5
-6
-26
-19
-18
-4
-3
-16
-16
-8
8
13
11
-11
-12
-1
5
1
-22
-22
1
10
13
-4
-11
2
-12
-6
-10
-4
5
-4
-4
-7
-8
-15
-20
-26
-11
6
17
30
20
23
-2
-9
-10
-2
27
8
5
-29
-29
-12
-17
4
1
5
4
-4
-8
-21
-10
-11
10
17
-13
-12
-24
-13
13
17
25
3
11
8
-1
19
9
21
18
1
18
13
3
-4
-20
3
9
1
-3
-17
-18
-16
6
17
4
3
-12
-23
-16
-4
0
11
14
2
-2
9
5
-4
16
3
7
-6
-18
-11
-16
-1
1
11
18
1
9
5
5
2
-8
-7
-4
1
2
-3
5
3
0
-10
-11
-6
-25
-15
-24
-5
6
-6
-4
-7
5
1
-18
-17
-18
-18
-3
-19
-7
-6
-16
-3
-9
-3
5
8
5
-9
-3
8
0
11
19
11
18
0
-10
-3
10
24
14
10
13
12
2
5
4
4
12
6
8
5
2
1
-3
-4
-3
-8
-2
2
-5
-6
-8
2
6
11
17
13
16
22
3
-9
-8
-6
8
9
1
-3
0
1
-4
-5
-3
-9
-3
6
2
1
-5
-5
3
-2
5
-2
-7
3
-3
-1
4
0
2
-3
-2
17
22
21
14
4
0
2
2
0
1
7
7
-5
1
1
5
12
1
7
12
15
9
-11
-15
-13
-11
-7
-19
-18
-23
-20
-9
-2
8
1
-1
-8
4
13
9
6
6
-1
-10
-11
-8
-1
2
1
-13
-8
-1
-2
0
-17
-21
-18
-11
-13
-18
-15
-20
-18
-23
-24
-19
-8
4
4
0
-9
-7
-7
10
7
9
20
10
4
-1
12
19
21
14
6
1
3
7
-1
5
7
5
4
-3
-4
-10
-8
3
8
6
-5
-3
5
4
-1
-6
-10
-1
5
13
23
23
10
2
0
13
18
14
10
3
4
-4
-3
0
-4
-3
4
9
12
10
13
0
-4
-7
-6
-6
-2
-2
-9
-15
-16
-16
-16
-8
-8
-11
-7
-4
3
5
3
7
-4
-5
-11
1
12
13
15
2
-9
-14
-12
-5
4
18
21
17
7
-12
-8
5
7
3
-2
-6
-14
-24
-13
1
1
12
17
28
26
9
-8
-8
9
14
23
14
9
4
-4
-5
-8
3
7
3
5
0
-9
-20
-31
-36
-24
-12
-4
-4
-1
-2
-2
10
9
16
14
10
16
16
21
8
8
9
11
17
15
14
9
11
12
8
8
10
13
8
-3
-2
-14
-20
-26
-25
-9
-6
5
0
-7
-4
-5
-1
-2
8
13
8
3
4
7
13
10
-8
-10
-6
1
-6
-14
-8
0
-4
-8
-11
-14
-7
-4
-2
-2
-2
-4
-10
-17
-17
-9
-3
-10
-10
-7
-8
-1
-2
-4
2
3
1
-4
-4
-7
-10
-17
-9
6
14
12
4
1
5
5
-6
-10
0
1
1
-7
-5
-1
2
4
-3
-2
1
2
0
-2
13
19
19
9
0
0
4
7
3
6
6
1
-4
-4
-2
-1
-4
-10
-8
1
11
4
0
1
3
4
7
11
11
17
11
7
4
7
2
0
2
0
5
8
4
-8
-10
-5
-7
-9
-17
-16
-14
-14
-17
-6
1
0
-2
3
11
7
6
0
-4
0
7
7
12
17
16
6
-1
5
-3
-3
-2
-11
-11
-11
-11
-12
-9
-6
-4
-3
-5
-9
-14
-14
-10
4
5
-2
-2
-8
-10
-7
6
16
22
21
13
7
12
9
3
4
5
3
5
10
7
2
1
1
-3
-7
-7
-7
-7
-15
-14
-11
-11
-5
-10
-9
-6
-3
5
3
3
3
-1
2
5
15
12
3
1
-5
-2
-4
-7
0
8
9
3
-2
-2
-3
-7
-3
3
2
-3
-5
-6
-6
2
7
-4
-9
-6
-2
2
3
5
4
6
6
-6
-9
3
2
-2
-6
-6
-7
-5
0
-1
2
3
-1
-7
-2
5
9
9
-3
-5
-4
-2
6
11
13
12
17
19
20
15
15
8
-2
1
5
1
3
7
5
1
4
1
-5
5
2
-10
-15
-13
-7
-7
-5
-6
-5
-3
-4
6
13
19
15
7
1
4
8
7
2
5
6
-1
3
2
-2
-5
-8
-10
-16
-7
3
7
9
6
-2
-8
-9
-7
-5
0
-1
-1
0
0
-5
-7
-3
3
6
3
3
2
-7
-13
-14
-7
-1
5
7
6
-1
-2
0
-5
-1
-1
-5
1
6
6
-1
2
3
5
12
19
19
16
12
8
7
0
0
-4
-10
-14
-15
-13
-12
-7
-8
-11
-8
-2
1
-1
1
-2
-7
-1
-1
-1
-7
-7
-9
-9
-4
-4
-7
-9
-4
3
4
1
0
-1
-3
-1
0
0
2
0
-2
0
4
7
10
12
10
5
1
1
5
10
4
1
-1
-8
-8
-11
-7
-8
-7
-3
-2
-6
-9
-5
1
-4
-9
-6
-6
-4
-3
-3
0
4
9
11
4
1
0
5
6
13
12
5
-3
-2
1
5
9
7
3
4
11
13
9
8
8
7
0
-7
-7
-8
-4
-4
-6
-5
-4
-6
-13
-8
1
8
9
4
0
-11
-14
-10
-7
-8
-7
0
5
4
4
1
3
4
8
10
8
9
8
3
-6
-1
-2
-3
0
3
3
2
7
7
6
6
1
0
-3
-3
1
1
0
1
-1
-2
0
1
-2
-1
4
5
0
-5
-2
4
7
7
6
5
3
-1
-5
-1
-2
0
-2
-7
-3
-7
-2
2
1
1
-5
-1
-3
-4
3
0
-4
-4
-4
-4
-2
0
-3
-5
-6
-9
-11
-9
-5
-2
2
-1
1
2
-1
0
2
3
4
11
13
9
5
-1
-1
-1
-4
-3
-4
0
5
7
5
1
0
-6
-2
1
1
2
2
0
-8
-9
-8
-5
-4
-3
-3
0
4
2
1
5
4
2
2
-3
4
8
1
-2
-2
-1
-2
1
5
4
0
-2
-1
-2
0
4
4
8
4
1
0
0
5
2
0
-2
-4
-7
-9
-5
-2
-7
-7
-5
-11
-7
-3
-3
-1
-2
2
3
7
11
9
7
2
-4
-7
-7
-3
0
0
2
3
3
1
2
3
8
8
4
-2
-7
-7
-12
-11
-9
-6
0
5
8
6
4
0
-2
-2
-4
-5
0
3
4
6
11
6
3
1
5
12
16
15
10
6
-2
-8
-6
0
4
2
2
-1
-4
-7
-14
-14
-11
-7
-3
-2
1
-1
-3
-9
-3
5
4
-1
-7
-4
-3
0
0
-2
-1
-2
-1
-1
0
1
4
5
4
1
-1
7
13
11
7
2
6
9
10
8
6
5
7
6
1
2
3
1
0
-3
-3
-6
-5
-2
-1
1
1
-2
-4
-7
-9
-11
-12
-7
-4
-3
2
7
9
9
9
6
3
5
6
4
1
-6
-8
-6
-6
-2
1
1
0
-5
-8
-10
-10
-6
-1
0
-4
-4
-7
-5
-4
-5
-7
-7
-7
-2
2
-2
-2
0
0
-3
-2
0
0
-1
-3
-3
2
6
4
-3
-7
-10
-10
-7
-4
-5
-2
0
-4
-4
-1
5
7
6
5
4
-1
-7
-4
2
3
6
8
3
3
2
0
4
1
-3
2
10
13
9
9
7
3
5
8
12
11
8
4
-5
-7
-6
-3
5
5
3
1
5
8
9
5
-1
-3
-1
2
4
3
2
4
-2
-6
-5
-2
2
-1
-6
-5
-7
-4
-2
-3
2
2
3
-3
-7
-4
-3
-5
-8
-7
-4
-1
1
2
2
2
5
4
-2
-3
-5
-6
-4
2
3
5
3
-5
-3
1
3
0
-4
-7
-10
-11
-8
-5
-1
4
1
-4
-4
-4
-1
1
6
7
8
8
8
9
3
-1
1
1
1
-6
-11
-11
-9
-5
-1
4
5
1
-3
-7
-7
-2
0
1
3
8
13
12
9
6
4
4
6
-1
-3
5
7
3
-2
-2
0
3
2
-5
-7
-4
-5
-9
-7
6
11
7
5
5
7
6
6
4
2
3
1
-3
-3
-1
1
4
5
6
3
-4
-6
-6
2
5
8
8
3
-2
-7
-6
-3
2
4
1
1
-4
-10
-11
-8
-3
0
2
4
5
5
-1
-3
-1
-4
-2
-1
-1
2
1
-1
-1
2
5
3
0
0
-2
-3
-4
0
1
2
1
1
-1
-5
1
0
-6
-8
-5
-1
-2
-2
-2
-6
-5
-3
-2
1
3
3
3
7
10
11
10
10
7
3
0
-1
-1
-3
0
-1
-1
-1
-3
1
3
-1
4
-2
-5
0
1
1
-1
-2
-8
-7
-7
-3
-2
-5
-5
-3
-1
0
0
-1
4
9
11
2
-1
-4
-6
-11
-14
-15
-14
-11
-5
2
4
8
7
-1
-2
0
2
-2
-5
-6
-5
1
0
-2
-2
5
5
4
6
8
9
3
-2
-5
-7
-4
-5
-4
-3
-1
3
-1
-7
-2
2
2
2
3
4
5
3
2
3
5
1
-5
-8
0
0
-4
-3
-5
0
4
16
15
9
7
2
1
1
3
0
-6
-6
-3
-4
-8
-7
-4
5
6
1
-1
1
5
4
4
7
8
7
7
3
4
5
7
7
5
7
4
3
4
0
-4
-5
-8
-14
-18
-12
-6
-5
-6
-4
-6
-8
-7
-1
5
8
1
-7
-8
-6
-2
-1
6
9
9
8
5
4
0
-6
-1
3
8
10
1
-2
-3
-3
-5
-5
-6
-9
-10
-9
-5
-6
-1
2
-3
-3
-2
-3
-6
-6
-8
-4
-2
-2
-3
-6
-7
-16
-7
-2
4
10
10
9
6
1
-1
1
5
6
4
5
2
-3
-2
2
1
1
5
8
5
8
6
0
-4
0
4
5
9
12
9
3
-1
1
4
3
1
-1
4
0
-3
-1
3
5
2
1
0
0
4
5
0
-4
-5
1
3
1
-8
-10
-10
-11
-9
-8
-2
0
1
0
-2
-3
0
3
5
4
1
-1
3
6
1
4
5
9
13
10
10
9
9
13
13
12
6
-2
-3
5
9
13
7
3
1
-3
-3
-5
-2
-1
-1
-5
-4
4
14
19
15
12
4
1
-1
-6
-5
-3
3
4
2
9
8
0
-2
-2
1
2
0
-4
-9
-13
-9
-5
-5
-9
-8
-3
-4
-3
-4
-8
-7
-5
-7
-9
-7
-7
-9
-9
-7
-6
-3
0
-2
1
2
1
4
3
1
1
1
-5
-7
-5
-3
-2
1
-1
-2
-3
-1
-3
-8
-8
-6
0
3
2
1
-2
-8
-13
-16
-14
-10
-6
-1
0
-4
-3
0
4
7
9
11
13
7
2
-1
-1
0
1
5
8
7
4
4
2
1
7
7
8
6
2
-4
-6
-10
-10
-5
-1
0
-2
-5
-7
-3
-1
1
4
3
4
3
1
0
3
2
-1
0
-2
-3
0
1
-2
-7
-7
-4
-3
-2
-3
-4
2
1
-4
-6
-2
1
-1
4
2
-1
3
3
5
12
16
14
11
9
9
5
-1
-3
-2
1
4
0
-1
-5
-8
-7
-7
-3
-4
-13
-21
-22
-16
-6
-2
-1
6
5
6
11
14
16
14
6
4
4
0
-2
-3
0
4
5
2
0
3
5
5
2
4
5
3
2
-2
-3
-6
-6
-5
-3
-1
-1
-1
1
4
5
5
3
2
-2
-1
-3
-3
-5
-7
-1
2
0
-1
3
1
-1
-2
-3
0
-4
-5
-3
4
8
2
-3
-1
1
-4
-6
-2
3
8
6
3
3
4
2
-1
-4
-4
-2
-1
-1
2
4
2
4
6
4
3
5
5
4
1
3
1
-1
0
0
-3
-5
-7
-8
0
3
5
3
1
-1
-2
-2
-6
-9
-13
-13
-7
-4
-1
3
3
5
4
7
7
10
8
7
5
3
5
5
6
2
-3
-5
-6
-4
-4
-12
-12
-13
-13
-14
-12
-10
-10
-6
-2
2
4
6
4
2
2
-2
-4
-3
-1
-2
-1
-1
0
7
10
11
9
8
10
10
12
10
5
2
-2
-4
-2
1
2
1
-1
-2
-3
-5
-8
-7
-5
-2
-3
0
0
0
-1
-2
1
5
5
3
2
0
1
2
6
10
11
9
6
3
-2
-5
-6
-7
-10
-9
-7
-5
-6
-9
-9
-11
-12
-9
-6
-3
-1
-3
-4
-5
-7
-4
-4
-3
-4
-8
-3
1
3
5
5
2
2
-1
-5
-5
-4
-3
-4
-3
-2
-4
-5
-6
-5
-1
2
3
2
0
0
-2
2
5
1
2
4
6
5
-2
-3
-3
-5
1
6
10
16
15
13
8
5
4
6
3
1
-1
1
8
7
7
5
6
5
3
1
6
4
0
2
1
2
0
1
1
4
7
4
0
0
-2
-4
2
6
7
7
4
-1
-7
-10
-10
-11
-8
-6
-4
-8
-9
-10
-9
-2
1
2
-1
-1
-4
-6
-3
0
2
6
8
7
3
0
-2
-6
-5
-2
-3
3
6
1
1
1
-2
3
5
3
0
-4
-8
-10
-4
0
1
6
6
1
3
4
5
5
2
0
0
3
2
2
7
11
11
6
5
8
6
0
-6
-4
-1
1
4
3
-1
-5
-7
-7
-4
-5
-7
-9
-10
-6
-1
3
4
1
1
2
3
3
0
2
8
8
10
11
9
10
6
5
7
6
1
-4
-6
-6
-7
-3
-3
0
2
-1
-5
-7
-5
-5
-5
-6
-3
1
1
2
4
7
7
2
2
0
-1
-4
-4
3
4
6
4
-1
-1
-3
0
5
0
-4
-7
-11
-11
-10
-5
-2
-4
-5
-2
1
3
2
4
4
4
1
-4
-4
-1
0
-3
-4
-6
-4
-1
-1
-1
-1
-2
-2
-5
-6
-9
-11
-9
-8
-2
2
1
0
-2
-5
-2
2
1
2
0
-5
-5
-5
-7
-11
-11
-5
2
9
14
11
2
-2
-3
3
6
4
5
6
4
2
5
8
5
5
2
2
5
-1
-8
-8
-6
-1
2
8
12
8
3
-1
-3
-3
-4
-1
-3
-3
1
1
-1
-6
-8
1
10
14
16
8
2
0
-5
-3
0
1
-2
-5
-3
-2
-1
2
0
0
4
5
4
5
3
0
-2
-3
1
3
5
7
5
4
-1
-4
-5
-4
0
0
2
-3
-9
-12
-13
-11
-4
5
4
6
5
3
-1
-3
-4
-3
4
6
6
7
3
-3
-4
-3
0
3
-2
-3
-7
-12
-7
4
9
8
7
1
-7
0
1
-1
-8
-4
-1
-3
0
-2
-1
7
13
19
23
20
17
10
2
-4
-4
1
4
7
6
3
4
6
4
0
-2
0
2
-1
0
2
-3
-6
-3
-3
-8
-6
-2
-2
1
6
2
-3
-1
-2
-6
-3
3
2
2
-1
-1
0
2
4
7
11
-1
-13
-12
-8
3
1
-11
-12
-9
-8
-9
-2
1
-3
-4
-8
-7
-2
-7
-11
-8
-3
3
8
4
4
2
-3
-3
-6
-10
-1
7
7
4
4
8
10
8
0
-1
3
3
6
2
-9
-13
-9
-3
8
15
13
-3
-12
-8
-5
0
0
-2
2
2
5
11
1
-7
-5
6
19
20
-9
-39
-29
2
16
5
-2
-15
-6
4
3
14
4
-2
-6
-4
12
10
-7
-18
-2
9
-4
-16
-9
-3
-9
-4
-5
-6
5
12
16
0
1
12
2
12
-6
-18
-4
-7
9
8
-3
3
1
-4
-1
11
16
2
-1
5
-8
-4
-1
-7
4
5
-2
9
6
3
11
5
8
6
-4
-9
-11
7
12
2
1
-17
-12
13
12
2
-1
-8
-23
-19
-21
-29
-8
-4
-11
-8
2
0
-12
-8
-8
-8
0
-7
-17
-3
-11
-5
17
7
11
2
-3
16
4
-2
5
-3
-3
3
9
20
12
9
9
2
18
1
-26
-8
-5
6
1
-13
1
4
4
5
5
11
5
13
12
0
8
7
-6
3
15
-5
-12
4
1
1
9
8
4
6
10
-1
-3
2
3
6
8
-6
-20
-3
15
25
25
0
-1
-2
-10
18
23
3
-28
-30
11
14
7
11
-18
-11
9
4
17
12
4
-2
-11
12
21
1
-5
-3
18
25
-9
-5
-16
-25
-2
-15
-8
-13
-7
24
-8
-3
17
0
13
-5
-15
-8
-21
-11
-1
-6
6
12
3
5
13
18
5
-9
8
-1
-7
-5
-24
-13
1
6
9
-1
4
5
-6
-1
0
-7
-11
-5
2
-6
-6
-4
-3
7
4
-2
-10
-3
11
-4
-3
4
-6
8
14
12
19
-5
-4
15
5
1
-13
2
19
-5
8
-6
-21
16
3
15
18
-9
2
-4
-15
-10
-17
-14
-4
7
12
-20
-17
10
-4
5
12
11
7
-2
15
-1
-27
-11
-8
9
13
-10
-8
-28
-20
11
-9
-10
8
-17
-11
24
16
-27
-26
10
-6
-19
14
-4
-12
9
-7
-1
21
16
-1
-10
-8
1
-6
-18
4
16
-7
-6
15
12
-1
-3
-5
-6
-6
10
15
-7
-11
-25
-37
-3
26
29
2
-5
7
-27
-5
30
-8
-2
6
-6
4
-6
-2
8
2
15
8
8
8
-25
19
42
3
7
-6
-2
18
-1
-4
-7
-2
1
-24
-10
17
23
8
0
22
18
20
28
21
25
17
12
0
9
21
-2
2
7
16
11
-23
3
4
-13
14
5
-21
-20
2
3
-12
-18
-19
-13
-21
1
7
-25
-16
-2
2
5
-2
-16
-27
-6
6
-6
-6
-7
0
8
-11
-12
11
-5
14
40
2
-2
-4
-12
12
-1
-2
-9
-9
3
-26
-2
3
-12
1
-16
3
23
-5
-15
-19
-4
-4
-1
5
-26
-1
13
-14
-3
13
28
12
5
0
-6
7
-3
-26
-34
-19
-24
-25
3
-2
-19
-28
-17
12
25
47
34
-5
-18
-18
-2
11
22
6
-40
-20
-14
-20
3
0
16
-4
1
28
4
-2
13
24
12
21
14
-6
18
16
14
8
2
10
-30
-6
35
25
11
-47
-9
37
18
52
8
-24
-8
-17
7
9
10
-12
-34
-13
2
34
25
19
10
-18
-3
-18
-10
-7
-2
-3
-41
1
10
-6
10
-3
7
6
-20
-1
14
-2
-9
-7
3
0
-18
-22
-20
-3
-2
-16
-20
2
5
-3
17
5
2
-9
-26
12
5
-19
-10
-1
9
-5
4
6
6
24
3
-11
-18
-3
13
0
17
12
-2
-8
-1
17
-3
4
-17
-25
4
-9
-10
-19
13
27
0
-3
-22
-10
-7
4
26
10
20
8
-8
13
13
7
9
26
19
-15
-14
-8
8
7
-14
-12
-3
6
1
10
19
5
-8
-5
-1
-7
-7
-16
-9
10
-17
-26
0
4
-1
6
8
-1
2
-1
-6
23
35
9
-17
-4
-1
8
18
2
4
1
-11
-20
-13
-9
-9
-3
-12
-8
9
-1
-4
10
4
-10
1
-5
-7
14
19
13
2
7
7
1
23
11
-3
1
-2
-5
-21
-13
-8
0
4
-9
-10
-25
-15
3
-4
6
6
3
-8
-3
2
-13
-4
1
1
-1
-2
5
13
17
9
11
21
18
13
4
3
-1
-9
-7
-3
-4
-6
-2
-4
-7
-9
-14
-7
-12
-11
-4
-17
-11
-17
-24
-11
-5
2
4
8
18
17
10
5
4
3
11
10
-7
-7
2
1
-9
1
8
-10
-5
8
-2
-2
-4
-7
7
8
7
-2
-8
4
0
0
1
-4
4
4
6
21
18
0
-8
-2
4
3
1
-4
2
6
-9
-28
-11
10
-4
-4
-7
-17
-10
2
-6
-5
4
-8
-10
-2
4
18
7
6
11
-1
8
7
9
9
3
11
-11
-16
2
-4
-6
-1
-12
-16
-14
-11
0
6
6
18
10
4
10
0
15
15
1
10
0
6
9
-7
5
15
7
0
11
23
12
-3
-10
-17
-13
-2
3
-2
6
4
-8
4
9
9
12
5
10
1
-13
-8
-6
5
7
3
2
-11
-8
-6
-8
-1
-5
-12
-11
-6
-10
-14
-12
2
2
-2
6
-6
-3
7
-7
-7
-8
-3
-2
2
12
4
12
9
0
3
-4
-4
-3
-3
-2
-12
1
3
-1
7
1
-2
-6
-3
13
15
16
3
-12
-3
8
9
14
16
9
-1
3
10
19
29
15
9
-4
-21
-2
12
14
19
10
1
-15
-12
-1
5
18
4
-6
-9
-12
-11
-5
9
-1
-6
-9
-15
-9
-4
3
-3
-3
-7
-11
-3
-8
-5
2
2
-9
-16
-2
-2
7
12
-6
-4
-3
-8
2
3
2
2
-6
-8
-10
-9
-13
-10
1
-5
-7
-17
-19
-10
0
11
3
-2
6
0
10
19
19
13
1
-1
1
11
19
18
16
0
-4
-8
-4
7
2
-1
-11
-19
-15
-11
0
5
1
2
-2
-10
-14
-3
-4
5
12
-5
3
3
-4
6
1
6
-1
-7
5
2
13
9
-2
-6
-15
-1
1
-1
5
-1
-4
-9
-4
-3
-1
11
2
-7
0
-1
3
9
4
3
-2
4
8
3
3
3
-7
-6
2
-4
3
4
-2
-1
-6
-5
-3
-1
1
4
3
-4
-3
1
-2
2
6
5
-1
0
0
-5
1
-2
-10
-10
-16
-16
-12
-4
0
-9
-9
-9
-21
-22
-15
-11
2
2
-1
3
4
9
10
6
-1
-5
-6
1
4
6
7
3
0
2
-1
-1
6
9
12
14
6
7
15
18
23
25
20
13
8
8
8
11
12
6
3
4
4
5
5
10
4
-11
-12
-11
-10
-4
-2
-5
-10
-6
1
4
12
13
3
-4
-6
-9
0
8
4
-2
1
0
-5
-2
-2
-6
-2
-7
-16
-11
-1
1
-3
0
-1
1
0
-4
1
1
-2
-3
-5
-2
2
6
13
19
13
2
-2
1
1
0
2
1
-4
-7
-11
-15
-14
-13
-12
-10
-9
-8
-10
-12
-2
2
7
8
0
5
6
6
6
-2
1
1
-1
1
4
10
7
3
2
2
3
6
3
11
11
1
-3
-6
-3
-4
-3
2
4
-1
-2
1
2
3
4
-2
-8
-6
-2
2
6
4
-3
-7
-2
2
4
7
6
5
6
6
6
2
2
1
-3
2
2
-8
-12
-11
-7
-4
-7
-5
-3
-2
0
-2
-6
-2
5
6
2
0
-3
-3
-4
-7
-2
2
10
7
1
-3
-6
1
0
1
6
8
9
7
5
6
2
4
4
-5
-3
-1
-1
1
-4
-4
-5
1
1
2
8
14
14
8
2
0
0
-3
-5
-11
-12
-6
-9
-12
-12
-13
-11
-5
-4
-2
0
-6
-7
-11
-13
-9
-7
-4
-2
2
2
0
2
-1
-7
1
3
3
7
8
8
3
1
2
3
8
8
1
-5
-6
-8
-6
-5
-5
-8
-11
-6
-2
-4
0
-1
-10
-15
-8
-6
-5
-3
0
3
3
8
11
13
16
18
12
10
12
10
11
9
5
4
1
1
0
1
2
2
3
-1
-1
7
2
2
4
-5
-6
0
-3
-3
-4
0
6
7
8
5
1
-2
-7
-6
-1
2
2
-1
-1
1
3
1
-1
4
6
0
-8
-11
-10
-6
-8
-12
-3
5
2
0
1
-3
-2
-5
-13
-6
1
-2
-3
-6
-9
-6
3
5
5
7
5
4
0
-3
3
3
0
1
3
6
0
-7
-9
-7
-2
1
4
4
2
-1
-4
-2
2
4
2
1
-6
-7
-7
-13
-7
-3
-6
0
8
7
11
18
15
11
7
6
4
8
16
16
13
10
4
6
6
4
1
-3
0
-2
-7
-4
-5
-8
-6
-1
-1
1
-5
-7
-4
-7
-8
-8
-4
-1
7
9
1
0
1
-2
-2
1
1
1
0
-3
-1
-3
1
2
-3
-5
-6
-11
-5
2
3
2
0
-2
-1
2
5
5
3
1
-2
-2
0
1
2
2
1
1
5
5
8
8
2
-6
-7
-4
2
9
8
6
-5
-11
-3
4
6
8
13
8
5
6
3
1
3
-1
-8
-8
-10
-15
-14
-14
-11
-11
-5
0
-2
-8
-5
-2
-6
-5
-3
0
5
9
11
7
3
1
1
1
-2
-1
-1
-2
2
-4
-11
-6
-5
-2
4
5
1
-1
-5
-9
-4
-6
-3
1
6
8
6
7
5
7
12
13
15
12
8
7
3
4
4
6
8
6
1
-7
-7
-2
-7
-7
-2
5
-2
-14
-10
-7
0
4
8
6
-1
-2
-3
3
6
3
-1
-9
-6
0
3
4
4
6
5
7
3
-1
1
2
6
2
-5
-9
-9
-11
-6
-4
-5
1
1
1
-6
-7
-8
-9
-4
1
-1
-3
-4
-6
-6
-7
-6
-1
5
9
7
6
5
-1
-5
-4
-5
-2
1
-3
-8
-13
-11
-8
-2
