-3
-5
0
3
13
18
20
27
27
23
17
4
9
5
3
6
-2
-7
2
5
-8
-6
7
0
-2
4
-4
-5
-17
-14
-10
-23
-20
-15
-20
-21
-12
-10
-12
3
14
19
27
14
-14
-12
-15
-18
0
0
-6
-10
-4
15
18
22
14
18
25
11
-1
-14
-11
0
10
14
11
11
8
12
16
11
16
14
3
7
16
6
-12
-15
-12
-4
0
-7
-8
-6
-6
-13
-11
-3
1
14
4
-7
-9
-11
0
9
7
-7
-8
-6
-3
7
-1
-3
2
-5
-4
-5
-1
3
-4
-9
-12
-20
-19
-9
0
2
-4
5
2
2
13
19
16
23
25
15
13
7
-2
-10
2
10
4
13
7
5
11
8
7
1
-1
-4
0
7
1
3
-9
-19
-9
-1
10
8
-1
-10
-10
-5
-9
1
0
-12
-10
-8
-1
3
7
10
4
7
6
0
4
3
1
1
3
4
1
-4
-10
-16
-19
-22
-18
-15
-6
5
3
2
2
-1
-5
-3
2
-4
-8
-11
-11
-9
-8
4
7
10
12
5
6
1
-1
-1
8
12
-4
2
0
0
7
3
-1
-6
-4
-9
-9
-2
-3
-3
-3
-6
-8
2
4
0
1
-7
0
3
4
10
6
0
-1
10
11
11
15
7
2
0
-3
-12
-5
-2
-5
-2
-11
-8
-1
7
10
9
1
-11
-17
-10
-4
-6
3
-3
-11
-5
-6
-14
-14
-10
-5
3
7
-3
-5
5
8
5
-2
-6
-10
-7
0
-9
-7
2
0
9
16
12
5
5
9
5
8
6
6
11
19
16
14
16
10
7
-1
-7
-9
-8
-8
-10
-15
-12
-4
1
3
-4
-7
-9
0
7
5
11
4
2
5
6
3
-6
-2
-8
-3
0
1
4
-7
-1
3
4
0
-13
-11
-8
-10
-12
1
7
10
4
-13
-13
-8
-12
-16
-9
-1
-12
-10
-6
-11
-6
-5
-10
-9
-2
3
1
-1
-3
-7
-8
-4
-5
-3
-1
-8
-7
-11
-17
-15
-6
4
8
8
2
0
-1
-2
-3
1
15
10
3
-1
4
10
5
11
16
16
13
4
-5
-1
13
3
-10
-16
-4
5
0
-2
-7
-8
-7
-9
1
18
21
2
-15
-21
-11
0
-1
2
5
11
7
-6
3
6
13
16
-1
-11
-7
-3
-5
6
15
15
19
7
6
9
4
-2
-14
-4
3
14
28
18
12
8
-3
1
4
3
10
9
3
-9
-8
4
14
21
14
10
0
-18
-17
-18
-16
-2
-2
-9
-8
10
9
1
16
9
7
-1
-14
-16
-22
-10
-7
-5
1
7
19
8
3
5
-5
-19
-13
-1
3
13
2
-5
0
7
13
3
5
3
-2
-7
-10
3
6
5
7
8
9
4
1
-12
-14
-6
-3
2
2
6
7
8
-3
-7
4
6
12
16
17
1
-8
-11
-21
-15
-1
2
-5
-8
5
7
11
11
16
12
-7
-9
-1
3
7
15
7
12
20
11
9
7
8
6
-4
1
4
4
-8
-12
-5
-19
-22
-14
-13
-7
5
-7
-20
-13
-7
-3
-1
-7
-11
-18
-16
-10
-4
-5
-7
-4
-5
-9
-1
3
3
11
9
-6
-3
-10
-3
9
8
0
-7
2
1
11
11
-9
-6
-6
-7
-10
-7
-2
-6
-7
-13
-12
-11
-7
-3
-7
-4
-6
-3
-1
-4
0
-3
-8
-3
2
0
-5
-12
-12
-12
-8
10
12
13
19
18
5
3
15
7
6
13
9
1
-6
2
5
5
7
6
3
0
8
-2
2
15
8
8
0
1
4
4
6
6
8
7
5
3
3
2
3
3
0
-6
-11
-13
-10
6
3
7
6
-9
2
3
1
2
-2
-5
-4
5
4
6
15
6
-1
-4
-9
-7
-5
0
2
0
-4
-1
8
-2
-12
-13
-18
-6
11
4
2
6
0
-1
-7
-6
-7
-3
9
9
19
18
0
-1
-4
-4
0
-2
-2
2
9
15
8
1
-8
-9
-1
1
2
2
5
1
0
-6
-14
4
11
3
-3
-1
6
9
15
10
7
16
5
-8
-10
-6
12
10
1
14
1
-7
-10
-10
-1
-13
-7
-2
-9
3
-8
-12
-8
-8
-4
-18
-4
9
0
3
-7
3
13
0
9
-4
-4
-2
-9
4
6
14
12
2
2
1
10
6
4
4
-5
-2
-7
-5
-1
8
17
7
0
-3
-5
-4
3
4
11
4
-7
-8
-13
-3
-12
-17
-8
-10
-1
-2
-10
-15
-10
-1
-17
-12
0
1
2
2
4
1
5
7
2
-3
-3
5
13
14
15
26
19
12
18
5
3
8
8
6
-3
3
0
-11
-12
-15
-1
-4
-8
0
-11
-11
-3
8
3
6
2
-20
-24
-28
-19
-17
-12
6
11
18
17
17
4
-11
-3
-5
-9
-2
1
-12
-19
-2
3
1
3
4
7
7
-5
2
-3
-9
3
-15
-10
-5
-9
3
3
14
7
-1
0
3
8
-1
-4
2
5
0
-5
-6
-2
-6
-5
-3
-4
-6
-3
-5
-18
-6
-5
-7
5
14
19
5
-3
-3
2
0
-1
8
9
1
-16
-27
-22
-10
2
1
-7
-6
-5
-14
-24
-11
-8
-11
6
-8
-31
-32
-22
-16
-23
-7
-1
-8
-3
-13
-16
-7
5
9
14
16
10
12
26
44
53
46
40
39
32
29
21
19
29
29
29
17
12
11
11
11
8
1
3
5
2
-1
4
8
0
2
7
1
-4
-5
-1
0
4
7
-1
1
-1
1
1
-2
6
5
-3
0
2
-7
-3
2
-8
-3
-1
-3
-7
-14
-12
-7
-5
-4
-11
-6
-5
-5
5
2
0
2
-2
-8
1
1
-14
-16
-8
7
19
21
13
-1
5
5
4
10
-6
-1
9
-3
-8
-12
0
23
23
19
8
3
1
-11
-16
-20
-12
-13
-10
11
13
8
4
1
2
2
0
-11
-16
-11
-12
-11
-8
-6
-3
-5
2
9
8
3
-6
-14
-14
0
7
-1
4
-2
-8
-10
-2
7
1
7
4
-12
-12
-16
-8
-4
2
17
16
11
3
-4
-11
-6
3
-1
-12
-16
-9
-4
-5
-1
1
6
12
8
-5
-14
-10
-3
0
0
-3
-14
-16
-6
-2
-5
-7
1
3
-5
-6
1
-11
-10
4
2
9
8
4
-3
-12
-3
12
11
8
4
0
-1
1
2
1
4
9
7
3
2
-9
-20
-7
-6
-10
-5
-6
-13
-21
-15
-10
-9
-6
-11
-10
-17
-16
-6
-11
-5
5
9
0
-11
-8
-3
7
11
1
-8
-10
-7
-2
0
8
3
-8
-8
-9
2
15
17
19
28
25
22
13
0
4
8
7
10
11
9
5
4
2
0
-7
1
6
0
0
0
2
2
4
0
-9
-10
-7
-1
3
12
15
12
8
8
11
4
5
13
13
6
4
0
4
15
10
4
-5
-9
-1
1
5
8
6
-1
-2
-5
-11
-6
-9
-4
6
1
-2
2
2
7
10
5
3
4
0
-4
-2
3
0
-2
-2
-4
-6
-10
-6
14
15
0
-8
-14
-10
0
9
12
10
-1
-10
-11
-10
-3
-7
-9
-7
-6
-4
-9
-2
8
7
4
3
-1
-6
-7
-6
4
12
5
2
-2
-5
6
3
-3
-5
-5
-7
-12
-10
-6
0
0
11
17
9
4
6
7
3
9
7
-2
-4
3
-1
7
14
6
5
4
4
-3
-19
-20
-22
-25
-19
-12
-8
-1
5
8
8
11
4
1
3
-3
2
8
5
3
4
0
-7
12
26
22
28
19
6
0
1
6
5
-1
-2
-3
1
8
2
-1
-6
-7
-2
-2
0
-2
-8
-6
4
2
-3
2
-1
-5
-2
-4
-8
-12
-4
1
-3
7
1
-1
3
-1
3
1
-2
2
9
13
11
6
-2
-12
-10
-6
-2
-1
-6
-9
-9
-17
-19
-10
-15
-10
-7
-2
8
1
-4
-13
-10
-10
-14
-9
-7
4
3
-3
1
8
7
8
1
-13
-12
-6
1
3
4
3
-4
1
5
-2
-8
-7
-7
-10
-20
-23
-18
-9
5
20
16
16
16
11
5
6
6
7
14
5
4
1
1
6
7
17
16
14
3
-5
5
1
-4
-2
-6
0
8
-5
-6
2
5
10
19
12
4
2
-9
-15
-8
-5
4
9
10
5
-4
0
-1
0
7
-1
-5
-5
-13
-9
-12
-10
-8
-4
7
6
6
-2
-7
4
5
6
3
0
1
4
7
-2
1
-1
-2
5
-6
4
16
23
19
5
2
-6
-7
-6
-6
-5
-7
-12
-22
-16
-16
-17
-16
-15
-1
9
14
13
1
-4
-3
-8
-16
-17
-17
-12
-7
-5
-2
0
5
10
9
0
-6
-8
-5
4
-1
-6
-6
2
6
3
11
12
14
12
0
-10
-14
-15
-11
-11
-6
-9
-9
2
7
18
14
12
7
0
-1
-8
-11
-9
0
6
10
6
10
10
3
11
10
8
13
16
7
3
-9
-10
-13
-12
-1
-5
2
4
-4
0
5
9
7
-2
-10
-12
-18
-17
-10
-11
1
11
10
7
2
-2
0
3
-5
-5
-6
-6
-8
-13
-16
-19
-6
6
8
3
4
3
3
14
12
16
16
11
5
-2
1
-2
1
-3
-7
0
-4
0
0
3
9
10
5
-12
-12
-7
-8
-10
-11
0
10
10
10
10
7
7
4
8
9
5
0
-5
-4
1
5
12
7
6
7
2
-5
-9
-7
-9
-7
-8
-10
-11
-9
-2
-8
-4
0
4
7
5
7
7
4
-6
1
2
-1
2
-4
-1
5
11
5
1
0
-5
0
-3
7
1
-8
-7
-13
-20
-24
-19
-16
-7
-3
-8
-6
-4
0
-1
4
11
14
19
9
-4
-10
-15
-6
2
4
8
5
1
6
9
9
7
8
9
15
15
5
-4
-8
0
4
6
7
-2
-6
-8
-1
-2
7
12
2
11
4
-5
-7
-13
-7
-7
-3
3
1
4
3
1
4
-1
-3
-1
3
10
8
2
3
8
10
6
6
6
8
7
-1
-6
-4
-1
-4
-2
9
6
10
8
3
6
1
6
-3
-13
-9
-9
-2
3
4
-6
-11
-9
-15
-13
-10
-7
-8
-14
-11
-8
-2
7
5
-1
-10
-11
-10
-17
-14
-4
0
-4
4
-2
-7
0
3
3
6
8
4
6
10
8
1
3
6
2
-1
3
3
3
0
-6
-1
2
7
19
16
7
3
-1
7
4
7
9
-2
-11
-10
-9
-7
1
2
9
11
6
7
5
1
-1
-7
-6
3
7
10
10
7
2
1
4
-4
-1
4
-1
-3
0
-6
-7
1
0
1
3
-8
-11
-8
-5
2
0
0
-6
-2
-3
-4
5
1
4
-1
2
-2
-2
5
4
2
1
0
2
8
5
0
1
-2
-7
-3
1
3
4
3
10
7
5
9
5
-1
0
8
7
6
6
-8
-12
-9
-13
-7
-1
-1
-6
-6
1
4
1
1
-1
-1
-2
-3
1
-2
4
7
-1
3
9
6
3
0
5
3
10
14
8
15
17
11
14
11
13
11
2
6
-6
-13
-16
-17
-12
-9
-1
0
-3
-4
-11
-11
-12
-3
-2
-4
4
-1
-2
-9
-16
-6
-3
1
-1
-3
-2
8
17
15
15
13
6
-2
1
0
1
4
-2
-2
-6
-10
-2
-2
0
7
4
2
-3
-7
-7
2
1
-2
9
12
12
4
2
-4
-13
-6
-7
-9
-5
-10
-14
-14
-14
-2
-3
-4
3
0
-2
-3
1
1
3
7
-3
3
-4
-9
0
-5
0
-2
1
2
2
12
12
13
17
13
8
6
1
0
0
-5
-5
-6
-2
-2
3
6
-1
-5
-5
-12
-12
-9
-6
-4
3
-1
-2
3
-2
-6
-6
-14
-13
-15
-21
-14
-6
0
5
-1
-1
-6
2
7
-1
-4
-5
-7
-1
10
16
16
17
14
7
7
3
-2
-3
-6
-11
-11
-6
-5
-6
-6
-6
-1
4
-3
-2
0
-8
-7
-7
-5
-8
-7
-8
-12
-1
6
1
-8
-7
-1
3
5
7
3
-1
-2
-2
3
9
13
12
6
10
4
-4
-2
3
5
8
12
11
12
6
2
3
5
9
9
9
-2
-12
-16
-21
-13
-1
-1
-4
-3
-9
-15
-15
-12
-5
-5
1
2
1
0
1
-1
-2
4
2
4
-1
-6
-2
-4
-4
-6
-9
-7
-9
-1
5
2
1
-3
-6
-6
-5
-3
-2
2
2
3
4
0
2
6
7
13
16
18
11
7
9
10
12
8
9
8
3
-1
1
3
3
6
11
9
5
5
3
4
5
7
6
12
5
3
3
-7
3
11
5
0
6
7
5
10
4
4
2
-2
-4
-13
-11
-8
-8
-9
-8
-7
-11
-7
-3
-3
-5
-3
0
0
0
1
-7
-9
-5
-3
3
5
7
6
2
4
1
2
6
4
6
2
-3
-7
-6
-1
-5
-5
-5
1
4
1
1
1
2
1
-7
-10
-9
-5
-3
-2
1
4
3
3
0
-2
4
-2
-1
1
4
5
0
2
3
5
5
7
9
5
-2
-9
-8
-9
-9
-2
-5
-9
-9
-6
-8
-7
-5
-2
3
7
11
3
-1
4
5
5
-1
-11
-15
-15
-2
2
-1
5
7
6
1
2
9
8
11
15
12
6
2
5
7
2
2
-7
-5
2
2
-1
-4
-3
-3
0
3
1
-2
-7
-9
-8
-5
-11
-15
-9
-9
-7
-10
-8
-9
-7
3
4
6
4
-1
-1
-3
4
-1
-8
0
1
3
4
9
12
10
19
23
18
16
8
0
-5
-2
8
10
15
18
7
1
7
11
10
5
-3
-11
-11
-11
-8
-8
-1
2
4
7
8
4
2
8
8
5
4
0
-1
4
2
-3
3
2
4
7
4
0
-10
-14
-17
-11
-1
-9
-8
-9
-3
-1
-10
-12
-15
-9
-6
-6
-4
-9
-12
-11
-11
-7
-2
3
3
-2
-7
-14
-15
-11
-6
2
-4
-2
3
-4
-4
-4
-4
-4
-3
-2
-12
-9
-10
-16
-5
3
11
20
15
8
5
7
8
17
25
16
13
10
-1
2
-2
-2
1
-5
3
11
20
12
5
3
-3
3
4
13
11
3
-4
-8
-10
-3
7
-9
-6
1
-5
-4
-8
-1
2
-6
-6
-12
1
13
1
4
1
4
-9
-14
4
-13
-18
-9
-4
-1
-1
4
-16
-8
8
6
8
14
11
-2
0
1
-2
4
2
-2
-14
-16
0
-4
1
15
5
-15
-27
-13
-6
-10
10
5
-2
8
2
-1
-3
3
-2
-13
-13
-13
-7
0
8
9
6
13
6
3
5
3
0
-3
-7
-7
-4
5
15
13
6
4
-8
-5
9
11
13
15
8
-2
-7
-4
-1
3
9
7
0
6
5
7
12
11
15
8
3
2
-6
-7
0
4
4
11
7
-4
2
12
4
-2
-11
-5
-3
-10
-4
-10
-7
-3
-5
-5
-1
5
-6
-11
-15
-3
-3
-10
-3
-15
-20
-9
-14
-14
-9
-5
1
3
11
11
13
9
5
4
3
8
4
-8
-12
-6
0
-2
-1
-1
-7
-1
-7
-14
-5
6
7
0
-1
-9
-13
-9
-8
7
12
10
-1
-14
-9
4
14
11
10
14
-2
-4
-1
7
23
14
8
-4
-9
4
2
9
10
0
1
1
8
9
8
7
0
-1
6
6
6
0
-4
-11
-21
-10
0
7
9
-3
-9
-4
-5
-5
-5
-3
-3
-5
-7
-5
1
4
5
3
6
5
6
6
0
6
8
-1
-9
-7
7
10
12
6
-2
5
-1
1
6
21
20
2
2
0
-2
4
8
7
1
1
0
2
11
6
7
-2
-4
-4
-9
0
-5
-1
3
-10
-6
-12
-11
0
-4
0
3
11
5
1
-2
0
9
-7
-11
-6
-1
1
-9
-2
4
3
2
7
0
-10
-5
0
3
0
-6
-3
-7
-10
-7
-5
17
-18
-43
-12
-6
12
-2
-1
-1
-7
-1
-11
-4
-2
4
12
9
7
2
10
12
10
21
13
5
-2
-3
3
-7
-3
7
7
-3
-6
-3
-11
-3
0
0
0
-6
-1
-3
-5
3
-9
-19
-13
-10
-9
-4
6
10
11
8
9
7
10
17
16
9
2
9
2
-1
2
2
5
-4
-3
-8
-10
-4
-14
-11
-8
-9
-6
-11
-4
-4
-9
-4
1
2
0
5
-1
-2
-3
-16
-20
-14
0
1
-2
5
5
-3
-7
-1
-3
-5
3
2
-1
12
12
4
1
-3
-2
-10
-9
-3
1
5
8
11
-2
2
5
-11
-13
-9
-2
0
0
-3
-5
-3
-3
2
4
7
7
-3
-4
-1
0
5
4
8
13
4
5
3
2
7
8
5
-1
4
-1
6
14
13
14
3
6
3
3
8
5
7
1
4
4
-1
-2
-8
-3
-3
-3
1
-4
-2
-1
-6
-6
-3
3
7
4
7
-1
-11
-10
-7
-2
-3
0
6
4
8
12
7
6
3
8
3
-1
-3
-13
-16
-14
-4
-6
1
1
-12
-13
-13
-8
-6
-9
-8
-6
-13
-23
-20
-16
-10
-4
-8
-4
1
-7
-11
-5
9
15
10
12
2
-2
-3
-6
0
11
21
10
1
4
6
6
2
1
0
0
0
-2
-2
3
8
2
-5
-2
3
3
-2
5
7
7
11
3
-3
-1
4
5
1
9
16
6
1
2
7
5
8
8
4
6
6
7
13
13
12
3
1
12
10
4
8
13
4
-2
2
-1
-6
-5
-7
-11
-11
-6
-7
-9
-8
-5
-10
-13
-11
-18
-18
-13
-16
-27
-26
-16
-15
-10
-8
5
15
12
15
11
6
8
12
7
4
5
4
6
5
2
6
4
-9
-10
-10
9
17
13
10
5
13
7
4
-1
1
4
-5
-4
-4
-1
5
6
9
4
10
4
3
9
3
9
14
16
14
13
18
7
-1
6
3
0
-1
-7
-16
-11
3
-3
-8
-1
1
-1
-4
1
-3
-6
-1
-8
-13
-12
-10
-3
-3
2
1
3
8
4
7
5
3
7
1
1
3
-1
-6
-4
3
4
4
2
-2
-4
-4
1
-5
-6
-2
-6
-10
-17
-13
-11
-7
-7
-16
-10
-4
-8
-9
-10
-3
-5
-6
-5
0
11
4
1
-1
-4
2
4
6
9
9
7
-2
-4
-3
-1
7
0
-4
-5
-6
-6
-11
-6
-2
-3
-2
-7
1
2
-8
-6
-9
-10
-14
-13
-12
-10
0
-3
-1
1
-2
-2
-4
-8
-7
1
6
2
2
0
0
6
-2
-4
0
-5
-3
-12
-8
1
4
5
1
11
17
20
11
1
10
10
8
6
2
5
0
0
3
0
5
12
9
8
9
7
6
1
7
5
1
2
3
2
-4
-5
-4
-6
-1
0
-1
-1
3
7
6
11
10
0
-4
2
-3
-10
-2
-2
-4
-3
2
8
11
10
3
1
4
4
0
-1
6
13
10
8
8
3
4
6
-5
-5
-3
3
10
6
3
-1
-5
-7
-14
-15
-14
-11
-3
-2
-2
-2
-7
-10
-6
-4
-6
-9
-12
-10
-5
-2
-6
-11
-10
-7
3
1
-6
-1
0
6
5
2
5
2
0
-8
-7
-2
-3
-1
-5
-4
-4
6
15
4
10
13
0
1
5
5
6
2
-8
-12
-5
-3
-7
-9
-10
-6
-10
-11
-7
-6
-5
-9
-10
-11
-14
-6
-3
-5
7
2
-5
2
13
15
19
9
7
14
8
11
13
13
17
19
10
5
8
5
5
6
3
3
2
-1
-4
-6
3
5
5
5
-1
-8
-9
-5
-2
0
-5
-4
1
-8
-3
2
-3
-5
-4
0
-1
5
12
4
5
7
3
3
-3
-4
-6
-3
7
8
8
2
5
4
-5
3
-2
-3
4
1
-2
-6
-1
-5
-3
8
-4
-1
3
0
6
-6
-11
-10
-11
1
0
-3
2
-1
-1
4
8
10
-4
-20
-27
-32
-30
-28
-19
-6
-2
5
11
13
13
12
13
8
4
-5
-13
-13
-12
-16
-15
-9
2
1
-4
-1
0
-4
0
0
-3
-4
-1
2
3
4
0
3
17
22
10
-3
6
9
8
14
4
11
10
3
-2
-17
-11
5
3
6
8
-3
-6
1
1
0
9
8
4
9
12
13
7
13
29
36
44
33
17
21
23
17
11
14
23
12
5
-1
-9
-5
3
12
8
12
18
8
2
7
6
-10
-10
-1
-14
-15
-13
-31
-30
-10
-5
-10
-11
5
1
-11
-13
-18
-15
-3
0
-8
-12
-10
-8
-2
8
15
20
23
24
19
8
15
20
6
6
8
-10
-16
-24
-38
-25
2
6
2
-6
-8
-9
-26
-24
-22
-12
-4
-10
-8
-14
-14
-10
-12
1
19
12
-3
-1
-7
-8
2
4
4
6
6
1
-6
-8
-3
8
2
-5
-5
-19
-19
-8
-16
-20
-13
-17
-20
-14
-17
1
17
4
-6
-19
-34
-37
-24
-16
-12
1
-3
-6
4
7
11
16
11
0
1
12
4
-1
-6
-9
13
22
19
22
19
17
12
4
-2
-4
12
8
-2
-8
-15
0
5
-1
5
11
14
10
1
-6
-3
5
2
-9
-6
-6
-4
-5
-3
1
3
8
0
5
9
-2
4
3
-1
1
10
8
13
15
1
-2
-4
0
-4
-6
-4
-9
-3
-2
-1
2
6
4
-10
-3
-9
-9
-2
-5
0
15
7
-9
-11
-16
-9
4
18
32
28
25
16
0
1
3
7
-3
-7
-3
-2
0
7
16
11
11
4
-14
-22
-10
-5
-9
5
-4
-10
-2
2
-1
-13
-26
-18
-14
-7
13
7
1
10
5
4
3
2
2
7
12
15
18
14
4
-14
-13
-5
-14
-6
4
8
18
13
16
10
-1
-2
-15
-15
-2
1
-8
-7
2
4
10
21
20
12
7
0
-3
-2
1
3
11
10
-2
2
1
-7
-4
-4
-14
-1
8
-1
-14
-14
-21
-25
-15
-9
0
5
5
-8
-19
-12
-9
-11
-10
-13
-14
-12
-3
1
8
17
12
5
5
-1
0
-5
-10
8
3
-2
3
3
8
1
-9
-18
-6
14
9
13
17
13
17
12
2
-6
-4
-4
-3
2
-1
-2
6
-3
-3
1
1
13
13
17
19
12
12
2
1
-5
-16
-22
-21
-5
3
5
3
-2
3
14
12
8
-4
-12
-15
-24
-22
-15
-12
-16
-16
-7
-6
2
5
-3
-3
-1
4
6
-5
-3
-4
-2
8
4
11
6
6
10
0
8
4
-1
3
4
3
-10
-8
2
-6
-6
-1
-7
3
7
14
12
5
1
-12
-8
-3
2
10
4
2
2
5
4
7
8
7
4
2
-1
-3
0
1
6
-1
1
8
7
13
15
10
0
-9
-9
-12
-8
4
8
5
10
9
5
2
2
2
6
2
5
3
-7
0
-4
-8
-7
-3
-3
2
16
7
5
8
4
1
5
2
-9
-11
-16
-11
-5
-1
2
-6
-6
-4
-1
-1
6
19
10
8
6
5
10
7
0
-12
-8
-10
-4
1
-4
4
0
-1
2
-3
-5
-8
-13
-11
-4
0
6
13
11
7
7
-1
4
3
-5
-7
-10
-7
-3
-9
-5
-6
-7
2
4
20
11
-5
-12
-13
-7
-15
-5
0
-3
-6
-10
-6
1
5
3
-1
-4
2
-3
-3
-1
-13
-9
-4
1
5
-1
-4
-10
-14
-11
-8
0
3
9
7
4
1
3
8
10
8
-1
-10
0
8
4
7
12
14
3
-4
-5
-6
12
23
19
1
-6
-11
-13
2
-1
-2
3
8
3
-6
9
7
3
9
6
-2
-9
-6
-9
-5
-3
0
6
-8
2
14
12
16
17
16
9
7
2
0
8
11
11
7
3
7
5
3
4
-5
-3
0
-6
-14
-11
-6
-5
8
9
2
4
6
3
4
14
6
-2
-2
-13
-13
-1
-3
-6
-6
-7
-2
1
8
7
0
-8
-12
-6
-11
-4
0
-7
-8
-3
2
0
9
10
0
6
7
3
-3
-6
-8
-11
-7
-5
0
3
3
6
-1
-2
8
13
13
7
-2
-8
-9
-16
-15
-14
-16
-14
-5
-8
-11
-9
-12
-8
3
2
-10
-6
-8
-17
-20
-19
-10
0
5
11
4
0
9
6
0
8
8
-3
-9
-12
-9
0
6
9
-1
-2
1
-2
3
5
9
12
10
5
3
6
7
6
1
0
2
0
4
11
5
7
6
2
4
-3
-10
-9
-11
-5
6
10
16
10
-1
-1
3
6
3
-2
-5
-8
-6
-7
-14
0
3
5
2
-5
2
-2
8
4
-3
0
-7
-5
-5
2
4
6
8
-4
-4
4
8
7
2
-1
-9
-10
-8
-7
0
6
4
1
12
21
19
10
5
7
-1
-5
-6
-16
-13
2
-6
-10
-4
2
4
9
15
13
13
5
-7
-12
-4
1
1
-3
-5
2
-2
-8
0
2
3
0
-8
-11
-6
4
-5
-7
-6
-11
-5
-4
-5
2
7
3
3
-4
-3
3
-1
-10
-5
9
2
1
2
-3
-1
-2
0
0
4
3
-8
-3
-1
-1
-3
2
14
13
13
7
10
0
-9
-5
-7
2
5
-2
-3
-3
0
9
7
8
25
13
5
1
-9
-7
-3
-9
-15
-14
-8
1
4
13
19
15
8
1
-6
-15
-13
-13
-18
-14
-15
-5
-3
-6
4
1
5
16
13
14
6
0
-5
-12
-12
-11
-3
-1
-3
-4
-6
6
10
12
12
5
5
-10
-15
-13
-9
-1
-5
-5
-2
3
3
5
2
-3
-1
0
3
-3
1
-1
-8
-1
-5
-4
7
9
3
3
7
-1
-2
-1
-8
-2
4
5
2
1
-4
-7
-3
-4
-7
-11
-8
-3
-7
0
4
0
7
4
2
0
5
7
3
2
-2
1
1
-4
-6
-10
-7
0
7
9
5
6
7
-1
-5
-6
-9
-5
0
-6
-2
7
7
9
9
10
8
-2
-5
0
-3
2
0
-7
-8
-8
0
5
1
0
1
-1
2
3
-11
-9
-7
-10
-7
-14
-16
-14
-3
5
5
10
7
9
10
-1
-8
-11
-4
-5
3
12
6
3
2
0
5
7
1
3
5
0
-5
-7
1
11
14
9
7
15
13
10
4
-2
0
-5
-5
-2
-5
-3
1
2
7
15
17
13
4
2
7
3
5
7
-2
-3
-3
-1
1
5
7
7
6
4
1
-8
-5
0
-3
-6
-6
-5
-10
-13
-9
0
6
7
4
-8
-8
-6
-7
-5
0
3
-2
-14
-14
-10
-13
-3
-2
-3
2
0
-7
-10
-4
-2
-7
-4
-8
-15
-12
-3
6
8
11
12
13
12
10
7
5
10
3
-2
-7
-11
-8
-6
-9
-3
4
6
14
12
9
5
-2
-5
-4
-8
-14
-18
-19
-16
-5
0
9
14
5
11
14
8
2
0
7
8
5
2
2
9
13
7
3
4
7
9
3
3
2
0
-1
-12
-14
-6
-2
0
-1
-1
0
4
9
5
7
4
6
5
-11
-10
-9
-11
0
6
10
15
12
4
-3
2
7
0
0
-7
-15
-16
-5
1
-9
-9
-7
-3
-6
-8
-4
-4
-2
-1
-1
0
4
13
17
18
21
14
12
13
3
4
4
-1
4
3
6
0
-13
-6
-6
8
7
-2
1
-4
1
-4
-13
-13
-8
-3
-7
-10
-6
-4
4
5
-1
4
7
7
7
-1
-8
-9
-7
-17
-17
-9
-14
-11
-16
-18
-9
-5
3
9
13
12
4
4
8
-2
-1
-3
-10
-4
-2
-4
-1
8
11
8
5
12
18
14
11
6
2
5
11
8
-1
-3
-2
-10
-12
-13
-16
-12
-7
-4
2
15
29
26
19
17
13
-4
-13
-19
-29
-22
-17
-21
-13
-9
-10
-3
3
13
23
20
18
15
8
3
-13
-19
-21
-23
-15
-15
-20
-13
-8
-7
6
12
14
18
7
6
3
2
-1
-18
-22
-18
-17
-15
-11
-9
-10
-8
1
1
6
12
5
4
5
3
5
0
-1
-2
-1
-2
-6
-14
-17
-10
-7
-4
-6
-5
7
1
-1
4
2
8
7
3
6
14
12
8
15
11
15
13
11
17
10
5
4
2
5
10
11
3
-3
-11
-17
-15
-12
-4
0
-2
-6
-6
4
10
16
21
18
17
9
-2
10
19
11
12
7
2
2
4
4
4
4
8
6
-14
-17
-6
-14
-19
-8
-8
-6
9
6
4
11
6
1
3
1
4
5
3
3
4
9
16
20
21
13
12
13
9
2
-10
-13
-15
-11
-5
-2
-1
-4
-11
-11
-6
-4
-2
-2
-6
-1
-6
-12
-3
-4
-7
-5
-3
0
1
-2
0
6
7
8
3
-4
-3
1
3
1
7
-1
-9
-8
-12
-15
-17
-11
-5
0
4
3
1
-1
-5
-6
-8
-7
-4
-4
-3
-7
-7
-2
3
12
11
17
20
14
13
15
13
4
-1
-9
-15
-9
-17
-18
-16
-14
-18
-21
-6
-1
6
14
10
14
15
5
-4
-8
-7
-6
-8
-8
-7
-5
-1
1
8
17
26
22
18
19
12
7
-1
1
2
-4
-5
-13
-10
-10
-8
-10
-14
-7
-6
-1
-6
-2
-2
-8
-5
-8
-2
0
5
11
4
6
-1
2
3
2
1
-7
-6
-7
-3
2
-2
0
0
-5
-4
-5
-5
-2
-3
0
1
-5
-10
-8
-5
-2
5
1
3
0
1
11
12
13
10
7
4
-1
0
-5
-3
-1
-4
-6
-5
-2
5
7
0
0
-2
-9
-20
-14
-11
-12
-5
-1
4
7
8
7
13
13
5
8
3
-1
-1
-2
-3
-2
1
3
9
16
19
20
15
8
2
-6
-7
-9
-10
-2
-4
-4
3
-2
3
8
12
13
4
-5
-2
9
11
2
-1
-3
-2
2
-2
2
7
5
2
-2
-1
5
8
5
-4
-9
-4
4
0
-2
-7
-14
-15
-18
-15
-6
-4
5
8
3
3
-1
3
8
3
-1
-6
-8
-14
-6
2
2
5
0
2
4
5
5
1
1
1
3
-7
-7
6
12
14
15
11
8
9
-1
-3
-3
-7
-12
-22
-19
-15
-8
3
5
2
-2
-6
-4
7
13
15
12
-2
-5
-7
-6
-2
4
10
7
4
4
8
6
-2
-12
-17
-17
-15
-7
-7
-10
-7
-2
0
-2
4
6
12
20
18
11
9
6
5
8
8
9
12
9
-3
2
9
4
3
-3
-11
-12
-9
-8
3
13
9
0
-1
4
6
9
3
-3
-6
-13
-29
-29
-19
-15
-4
-2
5
16
9
-1
10
8
0
3
2
-2
-4
-6
-13
-8
-2
0
4
-1
6
-7
-18
-11
-11
-13
-14
-14
-8
-2
-3
-2
-4
-3
-3
-3
-4
-2
-1
-1
-1
0
2
2
0
1
4
1
1
-1
-5
-11
-10
-2
0
0
2
9
4
4
6
6
12
9
7
0
-3
1
1
0
3
9
4
1
-1
-8
-11
-5
-2
-2
3
-3
-5
-14
-13
-2
-1
4
3
6
4
5
5
-8
-2
1
-5
-2
0
0
0
2
4
2
5
10
9
11
10
0
-2
-7
-10
-10
-4
-4
-1
3
12
16
6
6
-2
-9
-13
-15
-7
-10
-11
-10
-4
12
11
6
8
9
4
-5
-13
-17
-10
-10
-10
-4
-4
3
10
15
14
16
12
10
3
-10
-10
-11
-11
-11
-8
-10
3
13
13
19
17
19
14
9
0
-4
-1
-1
-4
-8
-6
7
18
14
7
5
5
3
-2
-5
-9
-15
-17
-10
2
17
23
23
15
13
11
3
-5
-14
-18
-24
-26
-15
3
9
12
15
21
24
22
14
5
4
4
4
-9
-9
-8
-11
-4
-4
5
4
11
18
8
5
3
7
5
-1
-4
1
0
0
3
6
9
11
13
6
6
2
-7
-8
-4
-7
-13
-8
-8
-1
0
-2
9
12
14
-1
-9
-4
0
5
-6
-2
4
-3
-5
-9
3
0
0
4
0
-3
-10
-15
-15
-7
-15
-26
-15
-4
4
8
8
7
1
-1
1
4
8
-4
-12
-13
-15
-8
-6
-5
2
3
0
9
8
4
3
0
4
3
0
-5
-10
-3
0
2
3
12
7
-3
2
-6
-4
0
-1
-7
-7
2
0
3
2
-5
-6
-9
-6
-4
0
-1
-1
5
-4
-3
-5
-6
1
1
2
-3
-5
-8
-15
-9
-7
2
11
8
-14
-20
-5
-1
0
-6
-9
-8
-3
-8
-4
-5
-5
-3
-6
-7
-7
-3
0
3
8
4
-2
-5
-6
2
2
3
5
6
8
6
6
-3
5
4
-5
-1
-7
-5
-7
-5
-2
6
5
-2
-1
-3
2
4
3
-2
3
-5
-11
-9
-7
6
8
15
16
15
17
10
10
9
5
0
-1
-3
-4
-3
-6
-6
-2
1
0
-3
-4
2
6
5
7
8
5
5
8
12
11
10
6
4
4
4
4
8
13
11
7
5
2
4
1
-5
-2
-4
-3
4
3
-5
-1
7
12
17
20
12
5
2
-1
-6
-6
-4
-3
-3
-1
-5
-5
4
5
11
8
2
6
10
13
13
11
7
6
9
14
15
19
18
14
10
4
2
-1
3
4
2
3
5
4
6
9
9
1
-7
-8
-14
-14
-11
-13
-13
-10
-13
-14
-4
2
11
10
0
-1
-9
-7
-7
-4
4
4
4
1
-1
-5
-9
-8
-7
-3
4
4
-5
-4
-11
-10
-4
-6
2
-5
-11
-7
-5
-6
-5
-2
-6
-6
-9
-7
-3
-1
2
3
1
-4
-3
-4
3
16
13
14
21
17
14
9
6
-3
0
3
0
11
12
10
9
1
0
1
-4
-3
-4
-5
-6
-7
-4
-5
-5
-4
1
7
3
2
1
-5
-7
-16
-32
-34
-30
-23
-8
6
17
27
31
18
0
-1
3
10
10
6
1
-2
-6
-15
-18
-16
-8
-2
-7
-7
-6
-5
-8
-9
-11
-15
-15
-15
-13
-1
8
5
4
-4
-12
-16
-21
-14
-12
-5
-5
-11
-13
-20
-11
-8
-7
-6
-14
-16
-24
-29
-25
-10
6
3
5
4
7
15
23
28
23
16
5
-9
-27
-30
-32
-32
-18
-38
-56
-39
-17
4
29
42
41
45
40
30
28
21
13
12
8
3
12
33
45
46
25
-15
-53
-88
-124
-146
-135
-110
-97
-97
-98
-73
-36
-14
-3
-12
-23
-25
-44
-62
-51
-20
1
4
-10
-28
-18
21
59
89
128
148
127
109
109
101
107
110
80
34
-4
-30
-20
9
34
73
102
107
96
71
82
111
137
141
106
73
48
39
49
78
146
213
244
234
209
206
209
198
136
45
-61
-181
-271
-330
-328
-274
-230
-216
-218
-230
-230
-204
-163
-126
-106
-112
-153
-191
-185
-129
-29
87
174
224
254
247
226
225
216
182
108
4
-113
-186
-166
-128
-73
10
59
15
-68
-135
-188
-190
-170
-169
-179
-187
-187
-196
-188
-130
-63
-21
-11
5
32
94
188
232
239
217
143
31
-66
-97
-85
-35
16
31
49
80
130
176
237
329
390
418
427
406
408
422
313
91
-136
-320
-496
-631
-640
-548
-390
-266
-243
-224
-141
-17
20
-2
-11
-33
-95
-222
-277
-188
-16
151
271
353
432
505
499
453
427
353
202
-5
-213
-317
-319
-323
-325
-261
-248
-301
-288
-267
-270
-215
-144
-138
-146
-178
-237
-200
-102
-50
-64
-106
-134
-108
-36
56
229
405
486
491
392
240
136
99
37
-32
-5
14
31
98
184
344
480
485
463
478
457
494
630
655
625
561
180
-377
-650
-751
-914
-885
-687
-541
-375
-327
-470
-374
-18
83
-38
-89
-169
-242
-287
-418
-339
136
529
580
561
608
747
884
727
409
293
202
-108
-433
-547
-391
-81
17
-189
-379
-465
-606
-697
-619
-496
-344
-166
-141
-259
-262
-31
219
279
209
106
-37
-189
-202
-114
88
394
514
364
198
119
39
47
112
147
129
26
-71
-57
102
349
642
727
591
555
554
518
640
875
1021
909
246
-710
-1127
-1181
-1506
-1529
-978
-531
-202
-130
-629
-620
209
409
-147
-265
-86
-185
-372
-632
-562
240
958
956
849
966
1160
1249
835
218
79
-36
-667
-1096
-1031
-743
-283
43
-34
-238
-389
-620
-735
-705
-702
-489
-114
-13
-71
5
117
308
507
381
65
-52
-61
-131
-98
120
391
509
412
195
-31
-167
-135
-106
-268
-346
-222
-95
48
376
822
1193
1357
1292
1173
1039
946
1066
1152
983
927
690
-457
-1496
-1478
-1524
-1978
-1764
-1172
-832
-372
-418
-994
-464
559
240
-399
-203
-10
24
-13
-372
-120
902
1251
847
697
806
967
910
193
-461
-412
-608
-1240
-1391
-1131
-668
38
379
224
156
19
-258
-319
-433
-628
-492
-227
-133
-51
73
287
613
611
244
35
-36
-33
77
129
156
318
343
62
-159
-270
-363
-344
-279
-365
-464
-351
-162
34
365
751
1003
1077
1030
983
938
881
897
1010
1054
962
888
529
-632
-1693
-1707
-1770
-2408
-2273
-1412
-824
-279
-155
-554
79
1274
988
217
485
796
539
87
-437
-164
916
1184
664
607
800
843
698
-104
-793
-538
-535
-1215
-1331
-828
-324
292
639
458
220
-91
-454
-483
-556
-861
-691
-335
-397
-388
-146
18
336
609
350
18
67
118
11
97
347
496
441
219
-73
-377
-530
-498
-479
-486
-449
-369
-171
181
613
1042
1353
1433
1422
1418
1337
1334
1505
1705
1707
1486
1280
924
-342
-1901
-2115
-1852
-2609
-2892
-1850
-953
-299
31
-583
-224
1504
1489
58
117
860
765
317
-389
-543
693
1457
718
212
454
598
403
-422
-1292
-991
-559
-1148
-1458
-896
-319
273
786
649
286
60
-182
-194
-179
-483
-506
-194
-332
-659
-656
-528
-307
-63
-156
-374
-245
-3
96
295
597
744
643
396
72
-358
-780
-970
-970
-1015
-1013
-778
-485
-210
256
669
661
606
828
1012
1015
1100
1296
1467
1545
1504
1463
1418
1336
1390
693
-1471
-2902
-2408
-2495
-3477
-2887
-1323
-212
544
-59
-896
823
2506
1156
-14
724
1102
798
25
-1004
-181
1658
1355
40
-84
188
287
-78
-1234
-1462
-491
-638
-1435
-998
-99
569
1279
1290
619
113
-500
-905
-516
-418
-801
-547
-83
-190
-480
-677
-604
-204
-298
-973
-1120
-642
-22
649
1142
1445
1706
1542
862
175
-543
-1125
-1116
-1068
-1403
-1450
-1004
-558
-116
471
881
855
776
950
981
774
947
1366
1472
1558
1656
1567
1787
2129
1983
1501
-185
-2949
-3715
-2768
-3490
-4160
-2221
-238
601
867
-307
-391
2386
3006
292
-373
1070
1323
755
-286
-946
765
2255
790
-780
-579
-85
131
-469
-1679
-1225
46
-422
-977
-102
621
1014
1522
1037
-74
-702
-1131
-1036
-440
-485
-586
85
370
66
-55
-403
-688
-359
-671
-1686
-1548
-469
245
1073
2018
2183
1987
1748
791
-500
-1205
-1652
-1973
-1822
-1610
-1538
-1125
-348
318
697
848
841
737
682
764
878
1083
1407
1560
1476
1476
1443
1367
1614
1795
1632
990
-1317
-3990
-3792
-2662
-3624
-3678
-1191
732
1491
977
-1048
-248
3346
2970
-175
64
1796
1853
1118
-411
-1061
1019
1907
-404
-1852
-1214
-407
-42
-755
-1682
-738
264
-585
-889
-10
407
1005
1733
1126
-59
-794
-1243
-965
-439
-755
-808
75
569
416
267
96
-190
-654
-1365
-1936
-1778
-691
811
1867
2335
2436
1948
1187
604
-334
-1538
-2057
-2051
-2041
-1822
-1489
-1209
-517
471
792
433
336
777
1132
1091
1201
1596
1636
1305
977
601
447
874
1430
1493
1349
1519
978
-1739
-4021
-3092
-2389
-3777
-3369
-900
846
1938
912
-1343
946
4667
2457
-742
642
2131
1563
351
-1705
-1852
925
1309
-1201
-1837
-579
399
302
-1308
-2039
-270
476
-645
-449
575
885
1608
2102
1080
-194
-1194
-1797
-1313
-1070
-1595
-934
483
881
874
692
250
607
440
-1583
-2405
-1205
-811
-265
1672
2395
1884
2072
1462
-391
-1436
-2147
-3046
-2708
-1938
-1983
-1489
-259
269
379
892
1087
676
681
1116
1087
929
1404
1721
1309
941
585
48
151
691
981
1446
2178
2257
205
-3169
-3746
-2125
-3101
-4128
-1526
830
1738
1998
-600
-1099
4010
4804
-521
-1187
1883
1775
278
-1324
-2413
219
2549
117
-1796
-509
422
489
-378
-2096
-1161
1084
140
-923
584
1108
815
1687
1364
-455
-1665
-2327
-1879
-547
-618
-844
847
2226
1878
1147
395
230
827
-139
-2604
-2866
-939
15
383
1417
1939
1620
1280
166
-1860
-2942
-2899
-2791
-2384
-1502
-724
95
1242
1788
1341
1000
1022
600
189
306
303
512
1261
1425
744
12
-468
-377
55
230
864
1987
2933
3411
641
-4032
-3696
-1349
-3686
-4659
-1065
793
2091
3041
-740
-1037
5397
4796
-1799
-1492
1481
805
5
-1545
-2665
870
2897
-374
-1692
-213
48
156
-755
-2471
-735
1374
-91
-344
1306
1069
1163
2093
847
-880
-1810
-2653
-1470
326
-291
-256
1814
2384
1374
347
-719
-585
-73
-1604
-3044
-2163
-612
531
1129
976
1167
1552
483
-1111
-2130
-3089
-2953
-1560
-842
-435
785
1633
1740
1786
1182
73
-219
-46
-360
-567
-158
562
1182
1246
639
-279
-835
-568
-130
51
939
2412
3451
4614
3761
-1771
-5220
-2496
-2393
-5818
-4081
98
1930
3708
1729
-2621
1186
6192
784
-4270
-1244
984
439
-159
-1887
-725
3660
3184
-735
-1205
-134
174
-86
-1788
-1729
1175
1387
-240
847
1450
273
711
992
-579
-1928
-2878
-2413
258
1292
439
1340
2443
1651
403
-1136
-2234
-1424
-1245
-2505
-1857
-158
521
1598
2240
1194
553
277
-976
-1683
-2048
-2950
-1940
331
603
343
1208
1436
982
794
32
-979
-845
-189
-222
-383
196
974
1090
657
2
-782
-952
-185
417
918
2502
4128
4658
5147
3174
-3133
-5863
-2857
-3862
-6799
-3022
1661
2789
3606
709
-2489
2489
5026
-1920
-4293
391
1905
1328
796
-776
1263
4591
1821
-2101
-1657
-706
-636
-780
-1720
-597
1935
1230
-23
748
-124
-1301
-39
143
-1389
-2052
-2135
-442
2571
2288
394
1215
1949
371
-1545
-3019
-2849
-934
-731
-1730
-551
860
1057
1766
1381
-455
-629
-75
-994
-1694
-1775
-1935
-615
969
492
-39
640
788
370
272
-204
-954
-757
-10
59
-142
458
1244
1137
386
-525
-1311
-1241
-277
558
1321
2799
4224
4819
5161
3143
-3229
-6956
-4036
-3582
-6463
-3247
2199
3242
3751
1763
-2729
100
4450
-657
-4449
144
3047
2481
2067
312
528
3145
1240
-2846
-2785
-1276
-526
284
-137
158
2146
1452
-744
-773
-1461
-2602
-887
507
-290
-660
-667
442
2840
2107
-572
-89
913
-570
-2043
-2577
-1917
120
391
-940
-287
764
484
813
504
-1224
-1210
-26
-540
-1348
-1136
-909
-185
754
278
-419
233
865
527
223
97
-372
-494
57
243
-17
441
1224
902
-265
-1101
-1396
-1194
-257
956
1838
2942
4464
4982
4445
2651
-2754
-7175
-4556
-2613
-5394
-2865
3278
3953
3237
1598
-3383
-1973
3418
-490
-4947
297
4512
3307
2389
833
189
2446
1233
-3005
-3094
-787
328
1055
583
156
1363
434
-2165
-2367
-2505
-2879
-250
1933
1183
554
280
710
2444
1420
-1500
-850
906
-36
-1251
-1442
-659
1082
709
-1305
-1250
-702
-862
-31
-202
-1433
-247
924
-414
-1119
-1043
-1464
-490
719
10
-55
1261
1400
529
108
-439
-1285
-1092
-237
1
191
1067
1663
1098
-83
-1304
-2003
-1357
140
1233
2301
4329
5781
5490
4695
790
-6238
-7064
-2907
-4510
-5676
911
4966
4051
3072
-1799
-4714
1045
1903
-4472
-2275
4787
5097
3222
1941
31
1144
2014
-1786
-3659
-1189
266
701
958
97
204
42
-2639
-3769
-2735
-3013
-1442
2519
3168
1391
358
-98
1051
1565
-1129
-1794
1235
2053
379
-459
-521
51
-33
-2287
-3771
-2628
-1191
-321
560
982
1061
1169
581
-814
-2205
-2472
-1021
684
1124
1115
1648
1933
1089
-417
-1671
-2135
-1655
-907
-342
625
1889
2183
1424
222
-1321
-2312
-1862
-353
1413
3158
5010
6159
5636
4422
1211
-5707
-8733
-4544
-3666
-5352
56
5392
4655
3410
-1155
-6364
-1670
2329
-3177
-2342
6196
7162
3504
1998
-219
-486
819
-2105
-4059
-620
1449
853
1165
1039
228
-1137
-4010
-4908
-2806
-1963
-744
3189
4923
3068
605
-1318
-730
864
-843
-1822
1788
3846
1723
-16
-579
-1102
-1611
-3882
-5762
-3249
-340
-91
1341
3261
2242
286
-1122
-2967
-3545
-2267
-739
1492
3773
3470
1474
544
-290
-2452
-3744
-2803
-1270
90
1596
2554
2717
2291
823
-1168
-2480
-2731
-1660
593
2883
4571
5790
5883
4819
3425
-771
-7321
-7868
-3153
-3186
-3864
2085
6187
4194
605
-4946
-6488
-218
929
-3228
2010
9938
7234
1161
-1206
-1743
-560
-872
-3631
-1607
3847
3815
570
237
882
-449
-3985
-7032
-5111
-948
102
1153
4446
5284
2161
-2149
-4383
-2177
406
-304
724
4956
5495
1552
-1352
-2214
-2809
-3721
-4394
-3601
-1035
1329
1594
1219
1566
804
-1613
-3304
-3196
-1923
-91
1807
3415
4019
2671
1
-2112
-2942
-2886
-2374
-1184
649
2081
2402
1775
701
-317
-1283
-2009
-1805
-842
507
2172
3353
3961
4511
4063
2918
2459
-708
-6596
-6461
-1768
-2317
-3108
2018
4622
2313
-709
-5798
-6640
608
2484
-1424
3304
10227
6459
-793
-3300
-2186
553
667
-1643
731
5620
4288
-840
-2403
-940
-1077
-4439
-6755
-3447
1344
2090
1701
2890
2998
376
-3711
-5203
-1436
2378
2178
2826
5363
4337
-53
-3257
-3820
-2857
-2643
-3396
-1646
1662
1786
40
0
85
-1341
-2607
-2929
-1925
877
2914
2500
2041
2159
313
-2615
-3073
-1610
-561
450
1479
1193
399
148
-571
-1428
-992
44
250
398
816
949
1141
1288
1465
2286
2898
2967
3675
1567
-4435
-5444
-1429
-2416
-4158
811
4334
2414
-771
-5682
-6552
-114
1473
-2181
2540
9493
5924
-1111
-3388
-1797
1115
842
-1509
1144
5512
3500
-1322
-2585
-839
-170
-3395
-6180
-2651
1936
1349
81
1164
1322
-967
-4489
-5242
-575
3638
3166
3425
5271
3579
-455
-3247
-3515
-1613
-664
-1236
-242
1072
-179
-2041
-2520
-2014
-853
-529
-899
336
1950
1598
492
118
6
-209
-500
-599
-24
901
879
-236
-1240
-1095
-478
-466
54
1097
1184
821
465
-438
-1148
-556
628
1622
3023
4060
4105
4078
2355
-3080
-6192
-2795
-953
-2636
434
4887
3528
-44
-4918
-8746
-3873
1875
-628
712
8790
8595
676
-3847
-3390
53
1899
-413
981
6993
6586
257
-2879
-2330
-1244
-2471
-5898
-4337
2353
3640
-316
-875
454
-1004
-4196
-5650
-1930
4200
5361
3552
4206
3746
45
-3146
-3792
-1716
866
938
474
1400
472
-2307
-3431
-3220
-2640
-1282
-469
-50
1340
1640
-3
-886
-575
-731
-567
893
1852
1423
946
230
-1630
-2642
-1509
-335
337
1489
1910
870
-38
-594
-1591
-1645
-236
1340
2369
3156
3666
3589
3181
-90
-5048
-4394
-344
-691
-950
3470
4637
935
-3071
-8223
-8096
-152
2433
-108
5049
9779
3376
-4208
-6022
-3596
1507
2885
901
4815
9171
3695
-3214
-3776
-2055
-794
-1804
-3919
-380
4861
1862
-3449
-3014
-1757
-3380
-5212
-3928
1822
6467
4485
1477
1680
197
-3058
-3620
-1429
2027
4363
2995
537
-101
-1817
-4686
-4728
-2504
-862
-2
349
103
-270
-1007
-1833
-1662
-542
693
1753
2308
2023
1264
217
-875
-1429
-1066
182
1335
1749
1296
401
-430
-1187
-1264
-853
-115
1199
2229
1993
1624
2137
2337
2675
1401
-2678
-2975
549
185
-1240
1770
3518
1181
-1635
-5868
-6510
201
2504
-1388
1351
6013
1612
-4205
-4488
-1815
2766
4789
1707
2413
6426
2673
-4034
-3776
109
1800
299
-1979
-531
2431
-312
-4889
-3926
-1059
-976
-2525
-2158
1672
4195
1240
-1709
-561
-196
-1740
-1189
1238
3467
4110
1873
-90
-818
-2638
-3218
-1836
-805
-16
1108
108
-2197
-2296
-2680
-2760
-801
730
1784
3077
3082
766
-871
-670
-837
-859
35
1519
2133
1198
49
-697
-1210
-1055
-341
-78
371
1693
2052
699
595
1895
2047
1963
1007
-2021
-2537
-23
-58
-931
1835
3027
615
-1190
-4447
-6145
-928
2241
-1327
-8
4952
1883
-3792
-3624
-796
2234
3550
1420
1635
5051
3000
-2360
-1967
1438
1757
-398
-2084
-1130
760
-914
-3721
-2554
-188
-635
-2128
-1693
716
1966
-121
-1416
222
684
-472
52
1555
1998
1637
457
-431
17
-228
-1139
-739
-54
-495
-1367
-1684
-1875
-1640
-880
-515
-76
396
597
608
480
192
-144
291
634
214
267
934
1059
2
-458
-214
-717
-825
-265
-149
265
1439
1378
582
1136
2086
1974
1913
1383
-1518
-2831
-499
644
15
1660
3211
1045
-1699
-4467
-5970
-1792
2150
521
1129
4749
1872
-4316
-4333
-960
1529
3147
3084
3548
5268
2593
-2709
-2336
1101
972
-568
-288
1115
1371
-1323
-3861
-2372
-463
-1643
-2395
-529
1578
1411
-1194
-2322
-29
725
-1095
-423
2368
2885
1142
-269
-832
-190
285
-1056
-938
1138
797
-1897
-2730
-1673
-1466
-1195
-248
325
553
338
-785
-1569
-743
448
650
827
1303
828
-269
-977
-1079
-642
-129
182
267
201
155
-125
-162
112
1028
1935
2300
2582
2499
2580
412
-3376
-2393
1307
1183
4
2480
2976
-1164
-4350
-5822
-4191
686
2066
195
2328
3656
-2283
-6655
-3032
1645
3166
2963
2900
4560
4097
-1291
-4084
-178
2650
675
-768
733
2202
405
-3536
-3936
-634
280
-1766
-1880
733
1828
-641
-3435
-2178
1071
737
-711
1104
3097
1619
-1050
-1609
-669
-257
-273
-489
90
1090
8
-2046
-2622
-1240
-527
-767
221
1072
699
-247
-1066
-1326
-766
710
1051
672
1034
582
-752
-1529
-896
314
749
551
513
447
-214
-499
227
780
1643
2712
2682
2067
2166
1915
-1432
-3295
-9
2075
660
777
2179
579
-2583
-4957
-5685
-1195
3144
1163
-20
2540
646
-5140
-5157
-2
3393
3949
2660
2241
3456
1206
-3445
-2774
1854
2750
516
-25
1315
1644
-1180
-4099
-2467
507
-280
-2108
-1072
955
456
-2410
-3196
-189
1766
308
-13
1857
1620
-953
-2150
-1405
315
1200
131
-191
795
268
-2025
-2564
-684
349
483
433
61
-178
-678
-1191
-1230
239
1617
955
-62
-482
-852
-1400
-1491
-450
882
1421
662
-225
-328
-371
-207
532
1560
2567
2610
2218
1940
1800
1329
-1598
-2619
616
2499
1091
715
1805
191
-2853
-5083
-4950
63
3270
944
-197
1345
-979
-5650
-4347
1016
4147
3864
1934
1811
2722
-123
-3810
-1367
3487
3423
1004
533
1555
1192
-2019
-4058
-1294
1417
-146
-1902
-820
239
-1152
-3563
-3158
403
1723
-33
-176
1125
283
-1877
-1753
99
1340
1408
557
-32
-12
-423
-1707
-1477
600
1357
402
-262
-186
-544
-1084
-687
29
717
956
328
-911
-1450
-825
-972
-992
364
1203
549
-410
-662
-698
-541
375
1353
1910
2320
2406
1987
1534
1901
1124
-1763
-1389
1766
2012
626
1278
1285
-781
-2501
-4663
-3926
1212
2530
-521
-578
277
-2988
-5273
-2063
1705
3168
2596
983
1118
1464
-1307
-2749
1212
4454
2781
1125
1306
1188
-50
-1986
-1956
556
1621
-190
-1459
-1065
-1271
-2719
-3501
-1587
999
723
-689
-326
-316
-1755
-1843
-539
737
1843
1788
598
-151
-366
-1318
-1489
482
1612
978
540
109
-1046
-1704
-933
-215
383
1167
508
-726
-1267
-1333
-933
-461
577
1138
485
-174
-724
-992
-948
-222
875
1402
1648
1515
1697
1674
1402
2122
531
-1495
413
2367
1701
1285
1619
390
-872
-2153
-4441
-1807
2393
895
-1419
-821
-1853
-4696
-3815
-560
975
1782
1245
246
646
227
-1705
-473
3721
4203
1918
1638
1863
693
-719
-1033
265
1482
828
-593
-1152
-1621
-2461
-2823
-1558
733
886
-717
-1064
-902
-1827
-2344
-699
645
521
1115
944
0
-169
-577
-1203
-437
1511
766
-453
985
730
-1021
-1170
25
352
58
752
-147
-991
-319
-365
-395
289
1261
382
-1051
-323
-150
-931
-803
486
1541
1302
1067
1123
1364
1732
1131
-916
-998
1800
2636
1305
1768
2063
305
-582
-1654
-2881
145
2638
483
-985
-474
-2471
-4498
-2159
578
560
546
902
524
-155
-1267
-1973
489
3915
3432
1312
1592
1940
413
-625
80
1403
1793
823
-309
-998
-1840
-2770
-2366
-268
866
-214
-1499
-1370
-1577
-2514
-2018
-629
402
769
262
-53
-388
-647
-859
-970
436
1272
404
-92
441
232
-789
-345
310
410
968
149
-910
-622
-42
48
-18
859
1215
-142
-1028
-616
-246
-405
37
768
623
756
698
405
948
1712
797
-1743
-891
1774
1484
936
1710
1534
647
2
-1844
-2029
1563
2166
-357
-636
-940
-3127
-3595
-968
491
-195
-256
177
92
-1012
-2291
-1525
1468
3396
1977
554
1176
1010
-547
-672
1081
2052
1618
885
-130
-1262
-2146
-2462
-1196
892
994
-629
-1188
-1088
-2129
-2546
-1317
314
644
-41
364
-222
-1072
-350
-446
-530
398
760
-752
-1012
583
-181
-194
1070
537
-165
-171
126
-820
-823
1205
1128
187
507
645
-328
-983
243
548
132
945
808
42
365
949
799
654
1547
-86
-2474
-400
1718
1366
1433
1539
460
-155
-385
-2301
-873
3119
2488
-50
-862
-1924
-3246
-2383
117
654
147
303
498
-385
-1978
-2200
-454
1909
2687
1079
316
1000
269
-1236
-585
1529
2199
1678
1006
-352
-1612
-2011
-1408
188
1526
1030
-364
-875
-1426
-2468
-2254
-671
417
441
79
-409
-886
-809
-352
-108
499
1089
302
-547
-295
-589
-1044
323
1446
462
-212
-250
-961
-1111
-111
681
798
1013
778
-395
-1000
-432
124
210
1017
1537
649
254
541
522
800
1212
1472
566
-1533
-1322
505
964
1051
1227
474
112
-76
-2037
-1664
2027
2572
862
63
-1457
-2802
-1982
-287
390
347
396
753
383
-1435
-2278
-646
1735
2569
1065
-137
678
589
-1020
-732
1094
1776
1670
1265
-235
-1639
-1784
-1437
-293
1095
633
-529
-718
-1244
-2416
-2242
-865
135
520
222
-545
-834
-870
-653
-104
312
784
417
-373
-287
-439
-755
73
1313
592
-606
-426
-1129
-1431
-91
541
492
607
578
-399
-1151
-374
422
792
1126
1057
509
-13
307
456
583
1317
1570
1371
-396
-1939
-405
1144
1064
909
633
-50
-385
-1392
-2480
241
2853
1622
481
-806
-2611
-2271
-735
321
664
502
256
207
-1086
-2801
-1737
1034
2552
2011
234
-43
795
101
-717
488
1930
1904
1658
701
-1203
-1799
-1215
-191
1072
1023
-341
-833
-846
-1962
-2594
-1472
-46
586
437
-541
-1329
-1164
-679
27
450
574
606
27
-401
-472
-749
-243
1268
1469
-41
-673
-792
-1307
-440
837
555
177
616
100
-1277
-1027
367
1055
1063
1020
498
-362
-119
643
905
1332
1609
1623
791
-1565
-2049
-38
1217
1433
1369
571
-144
-525
-2082
-1908
1512
2792
1587
169
-1924
-2816
-1699
-441
483
1067
687
174
-367
-2205
-2768
-416
1888
2293
912
-434
-28
258
-560
-362
1262
2046
1970
1543
-350
-1876
-1275
-163
802
1188
262
-601
-709
-1451
-2667
-2234
-473
600
739
-295
-1727
-1722
-1086
-348
430
449
507
312
-518
-1298
-1311
-107
1173
1721
757
-507
-741
-1340
-966
341
484
539
710
304
-761
-1172
-193
719
1201
1091
493
-68
-294
210
591
921
1781
1620
1294
310
-2205
-1990
721
1802
1404
1115
280
-677
-999
-2111
-1287
2273
3086
1434
-668
-2716
-2419
-893
164
1070
1468
795
86
-942
-2840
-1919
1305
2511
2216
794
-879
-598
-56
-494
52
1721
2221
1680
709
-1363
-2065
-406
866
1356
1086
78
-632
-1058
-1985
-2510
-1157
319
773
503
-1254
-2440
-1537
-526
143
430
353
434
108
-939
-1515
-554
823
1744
1677
-77
-982
-839
-1166
-289
765
599
499
652
-152
-1530
-1081
544
1331
1359
743
72
-264
-156
432
699
1217
1641
1237
943
-754
-2567
-1091
1293
1902
1329
459
-167
-148
-1075
-2650
-428
2899
2704
941
-1729
-3149
-1602
-338
208
1256
1429
474
-150
-1898
-3462
-1027
1981
2388
1539
-324
-1419
-598
-214
-504
626
2154
2289
1671
-208
-2155
-1320
438
1100
1314
705
-424
-664
-1064
-2514
-2159
-78
764
884
-230
-2484
-2539
-952
-275
-93
324
550
284
-662
-1789
-1363
283
1464
2018
812
-962
-966
-934
-811
425
1000
767
811
357
-1228
-1638
-78
1056
1307
1021
344
-241
-373
130
565
1041
1737
1582
1029
375
-1502
-2167
60
1844
1653
1081
448
-78
-501
-1931
-2366
581
3085
2576
384
-2240
-2514
-883
-425
149
1433
1449
690
-604
-3064
-3126
358
2444
1996
862
-780
-1158
-373
-569
-348
1422
2416
1897
614
-1430
-2071
-329
944
1151
1068
209
-466
-643
-1774
-2534
-1232
91
544
358
-1448
-2628
-1468
-618
-571
140
605
282
-186
-1058
-1804
-768
1026
1879
1425
-31
-611
-549
-666
-25
740
940
1135
936
-415
-1281
-217
823
1060
1126
547
-69
-222
29
483
838
1492
1579
1098
605
-1023
-1831
-134
1558
1652
1184
704
-89
-598
-1642
-2345
170
2774
2586
579
-2111
-2573
-1088
-675
-367
1112
1769
792
-836
-3100
-3044
484
2518
2007
1105
-364
-1240
-968
-978
-353
1788
2836
1966
438
-1497
-1985
-402
856
1127
1144
683
-115
-864
-1952
-2117
-571
294
332
115
-1270
-2070
-1323
-686
-653
-140
530
268
-363
-1141
-1599
-590
843
1446
773
-306
-299
-290
-804
-463
509
1040
1036
579
-487
-1007
-154
558
570
661
505
140
-100
-263
78
887
1460
1312
798
388
-696
-1538
-511
882
1398
1383
853
34
-708
-1523
-2020
-346
2217
2609
1010
-1368
-2376
-1375
-964
-629
956
2063
1534
-223
-2528
-2928
-97
2090
1918
1362
344
-500
-745
-1335
-860
1380
2824
2181
552
-1246
-1821
-571
441
749
1144
1046
387
-797
-2175
-2047
-533
416
452
160
-868
-1686
-1326
-1042
-811
-66
461
356
-318
-1126
-1479
-855
406
1048
691
78
-129
-427
-868
-511
258
807
1096
762
-134
-631
-284
77
277
604
626
352
30
-253
-133
460
1134
1214
929
641
-514
-1426
-652
495
1051
1242
1025
313
-487
-1550
-2083
-334
1906
2294
1073
-920
-1877
-1514
-1335
-695
957
2103
1724
-100
-2481
-2851
-583
1141
1458
1409
775
161
-413
-1281
-853
1249
2564
2005
618
-829
-1236
-482
72
467
1032
1101
446
-695
-1818
-1763
-499
232
54
-181
-623
-1067
-1094
-987
-715
-174
203
119
-264
-687
-834
-442
63
376
449
300
351
274
-293
-535
-154
371
720
638
288
154
175
1
-135
9
409
705
378
-203
-271
164
645
917
891
881
438
-671
-903
-131
627
1189
1221
689
109
-697
-1722
-1296
579
1743
1568
265
-1040
-1264
-1400
-1336
-149
1262
1800
970
-1078
-2361
-1297
227
669
1070
1155
721
84
-1093
-1443
-23
1498
1677
867
-173
-680
-440
-292
-228
320
705
483
-85
-1044
-1452
-726
-221
-357
-396
-519
-668
-571
-748
-995
-741
-441
-340
-140
-153
-328
-156
-104
-299
-264
-103
391
773
372
-24
-6
38
95
345
518
754
1059
516
-247
-251
10
418
554
303
299
425
417
258
221
469
835
540
-446
-547
89
503
897
834
396
195
-446
-1298
-856
516
1315
1205
191
-887
-1115
-1337
-1324
-250
998
1453
753
-798
-1580
-905
-232
44
662
1051
863
199
-774
-846
45
676
749
495
19
-234
-172
-247
-231
33
127
-72
-493
-841
-734
-377
-330
-599
-774
-718
-478
-375
-378
-194
-177
-474
-568
-323
-67
108
235
165
-42
-86
13
195
378
366
283
175
29
-16
41
259
545
587
215
-144
-127
11
133
184
197
330
431
335
153
100
411
839
593
12
-60
145
360
519
560
676
760
176
-853
-1008
-217
638
952
436
-111
-381
-918
-1380
-1101
-82
688
472
-389
-1009
-859
-643
-505
-76
301
554
377
-233
-485
-191
290
448
225
-92
-192
49
95
-9
-8
-39
-94
-361
-680
-551
-217
-195
-390
-463
-452
-490
-389
-218
-118
-112
-239
-270
-147
34
184
242
236
157
70
73
339
631
613
439
347
299
221
211
280
426
482
334
54
-84
72
285
313
143
73
48
-98
-44
227
568
909
774
162
-296
-355
-133
237
775
1178
1173
541
-647
-1271
-896
-56
671
876
701
343
-336
-1230
-1503
-722
250
551
304
-50
-321
-480
-618
-634
-274
351
517
199
95
281
376
175
-99
-318
-243
43
88
113
200
238
-4
-466
-694
-570
-213
1
-61
-240
-489
-655
-639
-457
-353
-349
-233
-123
-58
-35
-86
-80
38
11
-254
-269
69
325
311
62
-107
-15
126
145
185
356
398
191
-72
-248
-107
203
211
157
241
182
-25
-41
166
360
696
865
650
363
94
-37
-47
161
554
772
762
526
67
-366
-375
-132
23
228
328
57
-223
-366
-494
-537
-426
-168
-46
-152
-242
-211
-164
-77
17
-84
-154
-1
8
-67
64
206
276
244
92
-39
-148
-135
-23
51
113
137
38
-198
-386
-450
-492
-471
-286
-76
1
-111
-379
-631
-709
-586
-418
-286
-162
-83
-97
-250
-403
-369
-235
-82
101
185
132
112
116
15
-46
18
28
55
198
299
303
274
256
200
92
144
282
294
272
344
371
265
235
238
312
548
562
335
230
196
200
266
406
574
578
369
-27
-336
-384
-172
181
373
370
205
-178
-562
-715
-537
-158
149
194
-14
-165
-278
-387
-377
-273
-72
77
82
17
25
128
98
5
-103
-210
-107
41
136
218
214
86
-128
-256
-309
-275
-161
-160
-171
-201
-278
-313
-376
-446
-541
-567
-472
-350
-166
-32
21
7
-138
-282
-203
28
193
280
258
110
17
-18
-55
66
261
269
197
79
-29
45
151
145
127
130
69
20
16
49
256
470
433
311
229
138
133
185
205
329
433
369
258
186
176
233
282
191
109
77
-16
-102
-219
-212
-26
-1
-188
-354
-406
-351
-294
-333
-246
-11
72
-43
-172
-234
-147
22
73
96
168
149
78
63
81
161
238
194
54
-45
-87
-137
-168
-138
-149
-264
-467
-643
-663
-571
-378
-301
-360
-414
-461
-504
-540
-479
-340
-178
-71
-85
-90
-46
21
119
152
182
274
306
284
253
218
210
263
321
316
336
339
268
208
127
146
271
325
381
373
313
248
212
198
219
345
397
380
367
310
320
384
381
294
163
131
175
179
227
277
237
51
-197
-336
-351
-207
-73
-18
53
-76
-316
-509
-613
-496
-308
-159
-75
20
-10
-125
-150
-201
-213
-92
53
109
151
193
148
64
-8
-137
-225
-171
-98
-74
-85
-84
-142
-301
-407
-492
-524
-447
-340
-281
-243
-218
-289
-367
-406
-411
-302
-148
-24
79
95
21
8
43
63
135
220
260
312
292
194
157
170
196
280
359
336
291
227
166
172
174
218
306
321
296
243
151
92
105
161
215
280
282
213
131
44
37
84
123
172
194
174
147
66
-54
-90
-46
-23
-7
2
-8
-8
-21
-72
-128
-145
-163
-168
-169
-198
-170
-129
-145
-144
-150
-157
-154
-176
-193
-219
-250
-257
-217
-195
-210
-215
-290
-343
-278
-241
-208
-126
-92
-139
-221
-298
-346
-264
-135
-58
32
27
-32
-74
-136
-107
16
154
217
197
148
61
15
13
67
153
192
254
247
192
195
180
200
235
230
208
241
297
224
160
121
57
80
142
179
220
217
166
130
73
21
60
128
153
192
148
47
41
-26
-102
-30
68
100
157
178
70
-9
-80
-139
-53
29
68
107
70
-41
-150
-174
-161
-87
7
8
-12
-83
-193
-264
-276
-234
-196
-135
-150
-241
-288
-311
-341
-325
-262
-210
-187
-204
-236
-244
-197
-161
-156
-124
-104
-97
-92
-84
-57
0
29
17
29
30
43
99
128
140
161
166
125
107
135
145
195
234
216
182
155
120
107
137
179
216
213
194
155
107
74
76
72
83
130
135
145
150
118
87
69
19
-5
48
86
118
155
129
61
6
-50
-91
-61
-7
56
142
142
66
-16
-99
-146
-108
-13
75
145
144
55
-81
-196
-253
-218
-115
-14
45
13
-93
-222
-296
-287
-225
-147
-100
-108
-168
-243
-279
-253
-210
-177
-127
-107
-101
-76
-69
-72
-59
-43
-91
-125
-80
-43
7
75
76
30
-9
-55
-62
3
104
164
154
115
51
-26
-66
-36
61
129
162
146
76
47
38
52
88
110
134
136
124
102
106
118
94
99
83
66
109
130
126
140
136
66
6
-13
-9
46
98
100
74
18
-51
-58
-18
36
111
159
137
43
-51
-101
-82
-22
28
83
92
22
-74
-156
-173
-122
-63
-45
-54
-76
-140
-189
-197
-182
-142
-109
-95
-113
-136
-145
-147
-139
-118
-97
-93
-86
-83
-109
-104
-65
-19
20
34
27
-4
-33
-45
-34
-2
39
60
30
-27
-31
-8
15
56
76
58
32
0
-37
-21
48
98
118
91
16
-23
-7
10
57
115
124
116
77
24
11
23
36
52
75
78
102
118
135
120
62
47
34
30
52
109
139
120
89
0
-30
2
28
77
121
114
68
11
-70
-108
-82
-46
18
59
15
-49
-86
-125
-130
-70
-40
-23
-13
-59
-101
-108
-114
-120
-82
-58
-59
-45
-47
-46
-62
-86
-93
-83
-55
-29
-5
-3
-33
-59
-88
-85
-37
25
55
54
32
-17
-63
-62
-31
17
68
93
67
4
-33
-48
-16
36
77
99
74
40
-19
-48
-11
31
64
78
62
25
-2
3
19
43
67
40
9
-5
-14
23
71
112
102
43
-6
-51
-39
9
79
125
107
64
-5
-57
-55
-15
55
113
117
55
-34
-90
-108
-86
-34
8
24
-1
-57
-106
-112
-79
-41
-3
8
-3
-34
-70
-86
-68
-14
17
17
-10
-46
-61
-47
-10
27
47
36
0
-37
-61
-49
0
36
49
42
-10
-60
-85
-78
1
85
111
96
55
-19
-66
-53
-12
61
121
96
31
-29
-80
-77
3
101
141
131
66
-35
-89
-72
-16
56
127
122
53
-25
-95
-92
-31
41
100
117
79
-7
-57
-71
-36
48
85
88
68
22
-30
-31
6
28
56
57
26
-3
-17
-33
-23
-14
-22
-16
-28
-28
-34
-32
-48
-55
-35
-40
-25
-25
-26
-31
-43
-35
-36
-25
-4
-5
-19
-12
-8
-15
-6
13
13
10
10
-16
-22
-4
4
34
54
35
11
-13
-30
-32
-11
5
18
27
-3
-44
-74
-74
-55
-15
15
26
14
-13
-27
-40
-38
-21
-3
26
28
8
6
-9
-21
-17
-4
24
41
53
39
26
16
-11
-8
13
26
40
40
23
4
-2
-11
-12
19
35
48
52
22
-12
-28
-40
-36
-8
12
19
22
-1
-30
-25
-27
-28
-8
5
11
14
0
-20
-22
-25
-25
-14
0
5
-3
-8
-19
-28
-23
-18
-2
9
9
-11
-29
-34
-37
-19
-1
12
17
7
-10
-23
-21
-10
1
12
17
0
-1
6
-14
-8
6
7
17
21
9
1
10
6
3
16
3
2
-2
-10
10
18
22
12
3
8
11
23
29
35
30
21
20
13
22
45
57
48
31
17
6
3
0
6
12
14
8
2
-6
-12
-7
-6
-4
1
1
-8
-20
-27
-27
-16
-7
3
1
-15
-14
-13
-9
1
10
14
12
6
-18
-29
-24
-18
-7
9
6
-6
-11
-19
-19
-12
-4
-7
-5
-1
-8
-4
0
-6
-8
1
-1
-18
-21
-14
-3
-2
-12
-9
-5
-13
-16
-8
-4
16
25
11
8
5
6
-2
-9
-10
-5
9
5
-5
-4
3
4
4
6
13
27
24
12
7
7
4
13
20
18
24
13
2
8
12
15
18
18
9
-2
-7
-11
-5
-4
-2
-13
-20
-24
-26
-9
2
8
12
10
-1
-13
-10
-15
-12
-3
-6
-11
-11
-5
3
4
8
11
8
12
2
-8
-7
-7
-2
-2
0
-3
-7
-7
-16
-10
1
1
-2
-8
-11
-12
-6
-1
-1
4
5
-2
-8
-8
3
12
14
7
-2
-5
-18
-17
-10
0
1
-7
-7
-6
-2
-2
3
7
13
17
2
-9
-15
-14
-9
4
13
13
11
1
0
3
5
9
12
9
3
0
-3
-6
-5
0
10
10
5
2
1
1
-3
-6
3
9
1
-2
-3
-6
0
5
7
9
8
0
0
2
-1
2
7
4
2
-3
-7
2
9
5
-1
0
-5
-3
-4
-5
3
5
10
6
-1
0
-3
-19
-20
-15
-22
-13
-6
-11
-12
-1
1
-11
-5
1
6
3
-2
-4
-6
-4
-6
-10
-6
3
3
2
2
8
7
-7
-7
-7
-2
5
3
7
2
5
-6
-21
-16
-17
-5
4
9
7
-2
-4
-3
-8
-8
-6
-5
0
-6
-5
-6
-6
-1
6
10
14
22
18
11
11
2
-4
1
7
14
20
20
12
2
0
0
3
0
-9
-17
-14
-8
-11
-8
1
5
11
15
6
5
5
3
-4
-10
-9
-12
-7
-9
-4
-1
8
8
0
3
3
8
7
2
2
4
3
6
11
6
11
15
11
6
8
10
10
14
7
4
7
5
6
1
-5
-3
-3
-3
5
5
3
-2
-5
-6
-2
13
15
6
-6
-11
-18
-24
-15
0
3
-1
-3
-6
-2
5
5
7
12
8
1
-7
-14
-7
0
7
4
-8
-9
-7
-7
-7
-7
-4
-4
-4
-7
-15
-6
-3
-7
-6
-2
4
7
10
12
14
7
-2
-6
-6
0
4
4
0
5
9
10
10
4
8
11
3
2
1
0
4
4
-4
-8
-1
-7
-9
-3
-3
0
5
-1
-7
-4
2
1
-2
-1
-2
4
5
2
-4
-9
-7
-12
-6
3
6
1
-4
-8
-20
-11
-6
-2
6
-1
-3
-4
-10
-11
-5
-1
-2
-3
-9
-15
-15
-10
3
8
6
3
-5
-10
-8
-2
0
-2
-2
-6
-3
0
3
9
14
18
8
1
4
2
2
4
11
16
10
8
-2
-5
5
12
11
12
10
6
-3
-8
-1
3
13
20
18
13
9
13
8
5
7
0
-4
0
-4
0
8
6
4
3
6
4
-4
-6
-9
-4
-7
-11
-9
-10
-8
-6
-4
-2
-3
-9
-10
-12
-12
1
0
1
2
-13
-14
-17
-18
-7
3
7
10
12
1
-2
0
-2
2
2
1
-4
1
2
2
-4
-6
1
0
1
-2
-2
-3
-6
-4
-16
-10
-3
-6
-9
-10
-10
-22
-19
-25
-23
-12
-9
-3
1
2
-7
1
7
0
5
9
12
8
0
-1
4
22
16
10
1
-9
-7
-17
-16
-7
11
13
3
-3
-12
-1
5
4
0
7
9
-2
1
3
11
11
13
6
-5
-5
-3
-1
6
11
4
-1
-15
-19
-14
-2
17
9
8
9
-6
-4
-4
-4
8
15
9
3
1
1
0
10
18
21
26
17
3
1
-13
-11
1
3
8
6
-3
-7
-1
0
6
5
6
2
-3
7
-3
2
0
-6
0
-4
-1
0
-2
-4
-8
-3
1
9
12
3
0
-3
-3
-2
-3
2
1
-1
-4
-10
-7
-6
-3
-1
8
10
-3
-8
-14
-14
-11
-1
5
4
16
9
2
1
-2
1
5
4
2
3
2
-10
-9
-9
-11
0
-2
5
11
10
11
4
7
5
2
2
-6
-1
-4
0
5
5
9
5
1
4
11
7
8
9
6
7
10
1
-6
0
-3
-7
-13
-21
-24
-15
-9
-4
6
0
-3
-4
-4
0
-5
4
8
17
25
10
10
3
-4
-5
-12
-8
-7
-4
4
-3
-5
-4
-10
-8
-4
-5
-3
1
4
5
3
4
6
9
7
2
2
8
8
7
15
3
2
-2
-6
0
-10
-5
-11
-15
-1
1
4
5
-8
-5
-12
-4
4
-4
7
2
-2
-3
1
8
6
6
-3
-4
0
8
20
8
12
6
-3
3
-6
6
9
4
2
-4
-1
-10
-10
-9
-8
6
4
-1
-1
5
9
8
4
1
3
14
19
10
11
4
1
0
-10
-14
-12
-8
-8
0
3
-8
-16
-9
-1
0
3
-6
-2
7
6
8
-1
-5
-2
0
5
1
-1
-13
-13
-10
-18
-20
-23
-19
-24
-26
-15
-17
-1
2
1
4
2
1
-4
-5
-8
-3
-8
-8
-10
-8
-8
-6
0
-13
-2
-7
-3
-5
0
17
4
8
-9
-16
-15
-4
0
-11
8
-10
-9
-9
-18
-14
-10
1
-12
-8
-22
-34
-29
-30
-13
-1
5
-2
2
9
7
12
19
29
35
41
32
11
21
26
17
36
37
32
30
29
28
34
40
21
24
22
19
18
4
12
9
16
13
7
9
7
11
-1
3
1
0
8
6
17
8
-7
-16
-20
-7
-1
1
-6
-13
-3
-3
4
14
14
11
0
-3
-12
-9
-9
-12
-5
-13
-13
-4
-7
-7
-7
-3
-3
-9
-9
-19
-18
-7
-15
-15
-10
-12
-2
-2
-6
-5
-13
-6
-9
-7
-6
-9
4
-4
-5
-21
-23
-4
-6
7
-11
-7
2
-4
10
-7
-6
-7
-5
8
-3
5
-1
-1
3
-3
1
3
7
1
4
9
9
8
2
0
-4
7
11
10
13
0
0
0
3
6
2
1
2
7
7
3
-4
-6
-4
0
2
3
5
-6
-6
-6
-10
-7
-6
0
1
-7
-11
-12
-5
2
2
-2
-3
-10
-8
-8
-16
-8
-7
-8
-10
-4
2
8
4
1
-3
2
7
3
6
0
5
1
1
3
-1
2
3
2
8
12
7
10
13
11
2
7
8
4
9
7
2
2
4
1
1
3
10
9
5
10
7
6
4
-3
-13
-11
-6
-8
-12
-10
-2
5
10
9
8
17
4
2
5
6
13
8
14
4
4
8
3
1
-2
-6
-3
2
-6
-6
-3
4
1
0
-7
-17
-7
-7
-1
-2
-3
-2
-14
-7
-18
-17
-13
-15
-9
-14
-5
-7
-11
-11
-10
-6
-15
-8
-5
-9
-6
-6
-11
-6
-7
-11
-12
-19
-11
-5
-5
-3
0
12
5
13
13
11
14
12
9
-6
-1
-3
-7
-4
-4
-6
-8
-7
-4
8
14
24
20
16
13
4
9
0
2
5
-5
2
-2
7
0
-9
-7
-12
-2
-3
-6
-26
-19
-23
-27
-18
-28
-13
2
19
4
-11
-4
-10
-2
0
-12
-5
3
0
4
9
11
10
11
7
7
18
10
10
11
6
13
1
-2
3
8
11
12
18
10
9
0
-6
0
4
10
5
-5
-4
4
-1
1
13
9
13
10
0
8
3
-2
12
7
23
35
38
26
13
33
20
14
18
7
6
3
10
9
9
15
5
14
4
8
13
-4
9
6
4
10
-1
-5
-6
4
-7
-4
-8
-11
0
-15
-17
-9
-17
-5
2
-1
6
5
6
4
3
2
-1
-11
-2
-7
-19
4
-1
1
10
1
1
14
9
-10
-8
-12
-3
3
5
-1
-3
-4
-26
-9
-7
-4
10
-10
-14
-16
-8
-10
-19
-12
-27
-3
4
8
12
4
-7
-26
-16
-24
0
2
-10
-4
-16
-6
-1
3
-10
-2
3
-4
5
-11
-7
-8
-14
-11
-13
-8
6
7
0
-2
-9
-15
-15
-19
-15
-24
-21
-9
-13
-2
0
9
4
-3
14
6
-4
-5
-9
-9
-3
-1
-5
-11
-1
4
7
26
16
16
17
8
20
1
-2
9
-11
-4
-4
-7
8
11
20
11
18
25
9
2
3
-8
-5
4
-15
-11
-8
2
8
10
8
2
10
8
16
14
3
6
8
-9
-4
-1
-2
6
-3
1
1
5
-1
-18
-13
-8
-7
2
-5
7
4
-14
-11
-12
4
-3
-3
0
1
-3
-12
-8
-17
4
-1
-1
11
-10
-4
-7
-5
-4
-7
3
-4
-5
3
6
9
13
13
6
14
12
2
3
-5
-1
-2
-13
-16
-11
-12
0
8
6
9
5
10
-5
1
-6
-18
0
-5
1
-4
0
4
7
21
13
17
12
10
5
-9
-5
-7
7
3
-11
8
2
-1
11
15
9
10
8
-3
3
1
-5
-11
-9
-1
0
3
-6
-5
-10
-11
-1
-5
-2
-2
-8
-9
-10
-8
2
-1
5
6
-4
8
-4
-13
5
-7
-2
3
2
1
3
6
1
15
19
17
10
-6
-11
-16
1
13
5
4
1
-1
3
-6
-4
5
-6
5
-5
-7
0
-9
-8
-8
9
18
23
21
12
22
13
14
7
-3
10
4
1
-8
-14
-13
-8
-6
-7
-12
-14
-16
-11
-10
-8
0
-4
-7
-20
-44
-26
-16
-4
2
-10
-15
-22
-9
-8
-3
14
5
8
14
12
4
7
4
-8
4
2
5
4
-2
1
-1
3
6
-1
5
17
1
-10
-4
-11
-8
5
-5
-9
5
3
6
10
2
11
9
8
9
5
16
4
-1
0
-13
-6
-11
-2
-7
-7
-1
-7
8
2
-1
1
2
8
-4
-5
-3
-6
0
1
5
9
14
18
14
9
6
11
-2
1
5
0
3
3
-12
-17
-2
0
-3
0
-7
-2
1
1
3
-3
-2
-3
-14
-11
-1
-5
1
1
-11
-3
-3
-3
10
8
3
-3
7
2
12
16
-3
7
7
0
-1
-5
4
-2
-4
1
-1
10
1
2
9
7
13
10
16
7
3
-1
-13
-5
-10
-3
8
6
19
3
-2
11
0
11
2
-2
-6
-18
-7
-15
-9
1
1
-9
-6
8
-6
12
9
-19
-3
-19
-27
7
1
-1
19
5
8
22
12
10
9
-13
-4
8
-3
6
-4
-8
8
4
4
4
-6
-11
-9
-11
-8
4
7
14
17
8
13
15
12
-1
-14
-8
-9
-12
-1
-4
-7
10
-3
-12
-1
-13
-6
-3
-9
7
-11
-21
-2
-13
-10
4
0
1
6
16
21
23
19
-1
-11
-10
1
-3
-1
-6
-20
-10
-16
-22
-3
-3
-18
1
-4
-3
13
-5
2
4
-8
-2
12
7
8
-2
-15
-4
-10
0
7
-1
5
1
-1
2
2
-5
-3
2
-11
-9
-25
-23
-29
-43
-13
-16
-13
10
-6
-7
1
-14
-5
-1
-10
-8
-8
-13
-14
-3
-2
13
18
14
24
13
11
13
2
8
0
-9
-7
-10
-1
3
3
16
8
5
16
11
12
2
-10
-10
-7
-3
-2
-5
1
12
15
12
17
21
14
25
20
7
3
-6
6
8
1
-13
-20
-13
-12
-10
-25
-20
-2
0
24
16
3
1
-5
13
15
5
-8
-18
-16
-9
-1
-2
5
14
-7
1
-8
-15
16
-9
-7
-10
-38
-4
-11
9
14
-14
-7
-22
-5
-3
10
17
-17
-8
-9
1
7
-8
4
-7
2
6
5
16
16
25
9
0
16
5
13
16
1
0
-16
-20
-13
-12
10
14
12
-3
-11
8
-2
15
17
11
10
1
-14
-21
9
-3
10
29
18
17
3
-8
1
5
16
11
-6
-3
-20
-27
-16
-19
-10
5
9
28
6
-9
-3
-5
14
20
15
15
9
32
26
-4
0
5
55
68
41
17
-37
-2
29
35
37
-8
-10
-6
28
13
-26
-10
-34
8
38
1
-11
-66
-40
26
34
45
-16
-40
-7
8
44
-1
-35
-41
-28
25
20
10
-35
-57
0
25
58
51
-5
-16
-31
1
9
13
29
-1
-15
-47
-46
24
49
49
5
-70
-54
-4
90
118
-15
-113
-103
33
168
105
-33
-193
-160
61
169
188
17
-145
-153
-22
184
112
-42
-123
-87
63
92
8
-107
-109
10
91
98
21
-77
-71
9
48
42
-27
-35
5
29
-1
-72
-54
-34
43
77
23
-2
-68
-21
14
-6
-20
-59
23
69
47
-8
-67
-27
8
49
50
19
7
-44
-33
-2
-20
-31
-37
-15
65
67
-20
-99
-86
6
63
73
6
-87
-60
-2
14
-2
-47
-2
28
37
26
-41
-56
-32
13
33
23
10
-3
-13
14
16
-37
-32
11
57
43
-22
-42
-62
-15
27
24
21
-6
19
26
-8
-14
-29
-6
52
45
3
-37
-8
13
20
37
-33
-51
-1
28
69
31
-40
-51
-23
58
70
-25
-59
-57
8
70
43
8
-60
-37
-16
20
67
-2
-8
-38
-42
-12
-30
18
17
24
13
-38
-22
-34
6
80
71
9
-64
-51
11
66
54
-62
-102
-28
17
38
-3
-70
-59
-15
40
40
53
0
-53
-8
16
17
9
-23
-18
31
50
-26
-55
-46
-13
84
70
15
-11
-31
-3
14
15
-18
-39
-36
-32
13
36
8
4
6
3
57
61
40
-3
-15
-20
-21
9
-27
-7
7
-6
17
2
9
10
13
44
14
-8
-30
-27
22
13
-6
-22
-15
35
15
0
-1
-10
27
8
11
-1
-25
10
-31
0
17
-16
-5
-37
-18
-12
4
-11
-42
-31
-26
15
8
-25
-17
-25
-10
-6
12
4
-23
9
6
-13
-12
-8
6
18
11
7
-13
-1
18
40
24
-1
34
-29
-36
22
-19
-12
0
-8
-10
-6
-1
-41
3
22
-36
9
7
-7
22
-4
-14
10
44
7
1
20
-16
4
31
0
30
31
-1
9
15
20
-11
-9
-13
1
56
16
2
14
13
19
33
-19
-39
-9
-35
-7
-16
-29
-18
-18
12
1
-20
-6
-16
-12
-2
0
11
16
17
12
11
13
-13
-64
-48
18
15
16
9
-43
23
39
5
33
-13
-18
-3
-19
3
5
9
-23
-42
-26
-41
4
15
-24
-20
-31
-34
-25
24
30
-6
-18
-52
2
39
54
66
32
15
1
21
53
36
16
-22
-40
29
40
31
10
-38
-11
22
61
48
-5
-44
-51
1
27
28
4
-9
-13
-1
19
-10
-10
3
-29
-2
5
-32
18
31
4
30
-36
-27
0
-10
36
-30
-29
-3
-30
12
8
30
23
1
23
-15
-31
-13
-19
-23
-18
-16
-16
-23
8
3
-14
-19
-45
-22
-3
9
14
-21
-12
4
44
25
16
25
-22
19
-7
-21
-7
-37
-3
-8
12
7
-1
23
-20
-14
-26
-20
-10
-2
-12
-48
5
-23
-40
24
-16
25
37
2
35
-7
-6
29
-23
34
29
1
48
-11
32
11
22
47
2
16
-11
17
-16
-30
-7
-33
22
20
24
9
-34
-18
-24
7
13
2
-4
-39
8
1
10
31
-17
9
0
10
22
21
16
-4
-7
-3
17
23
-9
-20
-1
23
25
-5
14
-3
6
30
-39
-12
-8
-26
25
-12
-9
7
16
41
29
-9
-36
-1
18
26
24
-22
-21
-1
20
29
-18
-6
-21
-15
34
-21
-40
-12
-20
5
-6
14
4
-16
23
-5
-9
-18
-21
22
18
26
18
-36
-52
-27
-14
-3
15
5
-9
-2
-22
-44
3
43
29
13
6
-16
-9
34
11
18
37
-4
-13
-22
4
29
12
1
-45
-36
15
31
2
0
-5
-23
11
-8
-25
5
-31
-17
-2
-21
-1
-8
11
4
-2
24
7
24
14
-13
1
-19
-3
-5
-3
-16
-42
3
-19
0
53
4
-11
-14
-28
-15
41
25
-15
-5
-28
0
26
14
20
-3
9
19
-6
24
-18
-15
2
-17
13
-4
18
14
8
15
-23
9
-14
-1
39
-34
-6
-19
-25
15
-26
-13
-21
-17
-16
-28
5
-6
3
-2
-6
22
-15
-9
-1
3
34
-9
-2
-13
-17
30
-18
11
16
-13
8
-33
-5
0
33
50
-4
0
-35
-12
18
-13
8
-15
-11
-9
-21
-5
-11
28
-7
-26
5
-9
18
27
11
22
12
3
-2
-7
1
7
26
22
8
21
20
17
32
30
14
14
-10
-5
9
7
18
-10
0
22
1
15
-22
-31
-9
-21
3
-10
-13
0
-9
9
7
1
-1
-16
-5
-14
6
-6
-30
7
-6
7
9
-6
28
9
5
-13
-24
13
1
35
16
-6
32
-15
8
6
-18
18
-18
-11
-17
-21
-6
-20
1
-12
11
18
-6
17
-16
-14
-6
-21
2
-22
-8
23
-1
22
4
16
31
5
30
-27
-6
12
-12
12
-13
11
7
-20
11
-11
-6
0
-12
5
-32
3
-4
-14
15
-21
4
-13
4
7
-18
37
2
5
22
-14
19
-14
-14
11
-18
-6
-17
-5
6
-4
16
-2
2
10
-6
9
-5
4
0
-1
8
-14
-2
-7
-6
-5
-19
-4
-13
-11
-8
-8
5
-7
15
19
9
10
-14
1
3
8
16
7
16
11
15
9
15
5
-9
13
2
3
9
-11
15
15
-7
19
5
16
4
-14
13
-15
2
9
-13
14
5
5
-5
2
12
-7
33
11
16
31
-9
0
-20
-2
9
-10
2
-13
-11
-8
-13
-5
-14
-2
7
0
-2
-4
-6
-7
-9
-22
-13
1
1
-4
-9
-1
-5
4
3
-7
6
-10
-20
-6
-17
-17
3
-2
-3
7
0
-5
-15
-30
-19
3
16
11
-7
-16
-8
18
17
8
18
11
8
9
-1
-10
3
19
6
-1
-4
-14
-1
13
7
6
6
-6
-11
-16
-12
-8
6
-5
-8
9
-20
-21
-20
-10
17
3
21
-2
-6
10
-16
8
0
-6
2
-4
6
-10
-5
-12
-14
2
-12
8
3
-9
-13
0
25
7
24
17
-3
22
-1
8
-8
-13
9
-23
14
-15
-31
3
-13
30
21
11
25
-9
12
-4
8
32
-4
22
-15
-16
5
-18
11
-4
18
11
-4
27
-27
-18
-3
-21
21
11
11
3
-17
-3
-32
1
18
6
31
-18
-12
-14
-14
47
20
34
11
-9
18
-18
17
5
-5
14
-9
20
3
3
6
-19
11
4
12
18
-7
15
-1
5
8
-18
6
-7
-1
17
-24
-3
-2
-13
11
-14
4
-11
-28
-5
-27
5
-7
-7
5
-27
4
-12
-9
13
12
22
-11
-8
-3
9
21
-8
-18
-15
-6
-3
-6
-16
-14
-6
-13
-2
-11
-14
-7
-19
-1
-12
-11
0
-18
-5
-23
-15
0
-28
18
15
8
15
2
25
10
20
28
-1
33
19
5
9
-22
12
2
8
21
-20
3
-12
-9
9
-9
21
-3
-5
-8
-20
-2
-15
0
-9
-12
10
-6
4
5
-1
11
1
-4
-13
-4
-7
-4
-1
-16
-7
5
19
19
-3
11
-6
7
16
-8
0
-20
-3
7
-6
4
-17
8
13
2
13
-29
-13
-6
-11
17
-11
-14
-8
-15
26
4
5
6
-13
9
-8
5
-5
-6
19
-2
0
6
19
34
12
13
9
-1
18
5
-1
5
-7
1
-16
5
16
-3
24
3
4
7
-20
-7
-1
15
16
-5
2
-13
-6
3
-10
7
-7
-14
-8
-11
7
-6
8
3
-16
15
12
15
21
17
22
3
0
-15
-15
-1
-8
0
-19
-17
-14
-17
-15
-23
-14
-10
-3
-7
-21
-9
-11
-4
2
4
17
-7
2
-3
-23
11
-4
-11
-6
-16
1
-9
5
2
-5
13
-7
-3
-2
2
20
-3
3
1
4
4
-12
-2
-1
3
6
0
1
0
-1
-1
-2
6
7
1
0
2
1
0
4
4
7
4
-5
-4
-7
3
10
-2
-4
-5
-6
5
9
10
-4
-2
10
9
12
13
4
-3
0
8
10
16
16
7
8
4
10
6
0
12
1
2
4
-4
11
2
3
6
-4
5
-2
2
3
2
7
-9
3
-2
-9
-5
-17
4
-4
-2
-3
-22
-10
-15
-1
11
6
2
-16
-7
0
2
10
0
12
11
1
-5
-18
-5
-1
-2
-1
-7
0
0
3
-6
-14
0
0
-4
-7
-9
5
-1
-3
-2
-3
7
0
0
3
7
13
1
6
2
-6
4
-4
2
3
-6
6
-1
13
12
1
16
-1
5
9
7
6
-3
5
-4
-4
7
-1
3
-5
-4
7
-2
-2
-5
-5
-9
-9
2
-7
0
-1
-4
5
-11
-4
-14
-19
-11
-14
1
-3
1
-8
-10
10
6
16
3
-7
-1
-19
-4
-8
-13
4
-12
-1
-6
-15
11
-4
2
-1
-17
-14
-26
-14
-15
-6
5
-6
13
3
-6
7
-6
6
14
12
8
0
13
13
11
13
0
2
12
16
26
15
8
10
1
6
3
0
5
1
-1
-2
-10
-1
1
-6
-2
10
15
12
19
25
7
3
6
-1
4
-4
-7
6
14
4
-1
0
-4
1
4
0
-1
5
-8
-16
-9
-18
-5
-3
-15
-2
-7
4
11
6
7
-3
5
1
0
4
-12
-5
-10
-12
-6
-2
-3
-10
-5
-7
1
0
-5
7
4
-11
-9
-14
-6
8
7
3
3
8
2
2
12
4
-2
4
-8
-8
5
4
6
14
18
11
8
10
-3
3
14
1
4
-5
-13
-6
-6
2
3
3
11
13
13
2
-1
5
-5
-2
-6
-9
-7
-16
4
9
20
38
14
10
-1
-7
8
-6
-3
-5
-22
-25
-15
-8
-9
5
-5
-22
-3
0
-7
-8
-16
-15
-15
4
8
-2
-2
-5
-11
-15
-10
-4
-2
-1
-11
-5
-18
-9
4
5
38
16
-17
-24
-25
-2
-5
3
4
-3
16
19
29
33
41
25
9
1
-15
-31
-40
-46
-46
-16
4
17
34
35
48
52
51
40
5
-11
-34
-33
-35
-35
-32
-25
-7
-7
22
26
23
18
1
14
25
12
-18
-19
-4
-7
3
11
-3
5
17
10
2
5
9
-2
-14
-8
-12
4
10
-3
7
-1
13
14
2
1
-17
-11
-35
-30
-9
-27
-8
-17
-24
-20
-9
20
30
42
47
29
24
9
-6
-9
-34
-36
-33
-30
-7
1
16
24
33
27
11
24
7
0
-13
-47
-47
-43
-15
2
13
5
-15
-8
-23
-22
-27
-32
-36
-25
-28
-12
6
0
16
30
32
28
20
-10
-24
-11
-22
-30
-12
-7
6
13
6
6
7
14
7
4
10
0
-4
-8
-8
-10
-9
-13
-11
-17
-15
0
-2
-2
15
24
21
9
3
3
10
27
27
21
6
1
8
12
9
5
1
1
14
22
15
12
8
11
20
24
13
-8
-16
-14
-8
10
26
31
28
7
-8
-4
8
5
1
0
-4
3
1
-6
-3
11
13
11
-5
-16
-19
-16
-15
-7
14
14
13
10
6
22
30
18
-1
-9
-21
-25
-15
-4
16
19
3
-6
-3
-11
-8
-7
-5
4
1
-7
-23
-14
-7
-10
-5
-8
-1
2
7
0
2
9
2
3
-3
-9
-7
-16
-12
-8
-2
10
9
17
28
30
20
9
-14
-18
-17
-11
0
-15
-23
-30
-25
-9
4
13
8
9
19
24
14
15
-1
-26
-12
-17
-15
4
7
6
12
21
19
28
31
8
-8
-32
-28
-13
5
10
14
16
-14
-5
0
-1
22
19
4
-8
-20
-32
-32
-3
19
25
27
9
4
2
8
8
1
-10
-24
-15
-19
2
-12
-20
-4
8
34
39
21
-3
-5
-11
-9
12
15
-4
0
-10
-16
-5
2
7
8
7
1
-4
-2
-22
-13
14
13
10
-3
-17
-5
-16
-18
-12
-19
2
16
4
-12
-15
-11
-14
-6
5
-1
-3
-7
-14
-2
11
19
25
6
-4
-10
-5
-2
-1
9
-13
-6
-2
-10
23
31
29
28
7
-11
-19
-11
-7
1
-5
-27
-25
-17
-13
9
27
29
20
10
-1
-3
2
12
21
-1
-17
-24
-27
0
22
28
13
-6
-11
-16
-19
-9
-6
-4
-7
-15
-16
-4
13
17
12
-2
-7
-9
-14
19
26
7
-2
-19
-9
-3
4
0
-3
-10
-22
-19
13
19
6
10
16
7
-2
-14
-17
-2
0
-8
-11
-15
-9
10
11
1
-3
-8
-6
1
6
6
1
4
0
4
15
25
29
16
3
-12
-17
1
3
0
2
0
8
10
24
29
36
40
28
18
8
10
6
1
2
-3
2
1
6
14
7
16
15
11
16
9
-10
-14
-10
-11
-5
-3
-16
-2
2
0
-1
-7
3
1
-8
-13
-21
-22
-21
-19
-13
-8
4
3
0
3
2
0
-4
-7
-13
-10
-7
-22
-19
-23
-23
-2
7
16
17
15
0
-4
12
-4
2
-8
-22
-5
-23
-18
-13
-16
-10
-14
8
7
10
21
-3
-2
-18
-18
-14
-26
-3
-14
-7
-2
-1
10
7
27
17
-2
12
14
16
13
12
20
26
29
20
10
5
1
2
-9
1
7
0
-3
-10
-9
-13
-8
-8
-18
-14
-6
5
4
5
7
-5
0
-7
-7
2
-1
0
-15
-14
-7
-8
-4
0
0
-7
-6
-6
-5
-1
-2
0
0
8
-1
-13
-8
-12
-8
0
3
0
-2
1
-3
3
5
2
-1
-5
-5
-10
-13
-5
-2
-5
-2
1
3
-2
-10
-7
-13
-11
-9
-5
-2
-2
4
4
9
6
4
1
0
23
17
15
23
9
9
14
20
12
-3
4
-6
-14
0
14
15
7
9
-7
-12
-3
-1
-3
1
1
-10
-12
-7
3
4
9
15
14
5
4
-3
-6
0
-9
-2
-8
-11
1
3
12
12
6
-6
-2
2
-14
-4
-3
-11
-12
-16
-2
-4
2
15
7
8
5
0
-4
-1
3
4
-2
-1
10
-8
-8
1
-1
0
-1
2
-2
2
5
-4
0
3
-1
-2
-8
6
10
7
11
2
7
1
2
4
-5
5
-4
1
7
-8
-10
-16
-16
-25
-28
-21
-29
-26
-18
-5
5
-1
2
-4
-2
5
6
-3
-26
-19
-16
-16
12
6
22
29
24
25
-2
15
24
22
19
-10
-1
-12
-19
11
10
23
20
10
16
8
22
10
7
16
5
3
-16
-14
-7
-9
-1
0
2
-5
-10
-9
-11
-8
-7
-17
-16
-8
-7
-7
3
-2
2
10
13
11
2
2
-8
-15
-13
-18
-6
5
5
-1
1
16
13
16
21
12
14
0
-9
-13
-27
-11
-18
-2
10
-1
13
-2
1
11
4
5
-5
-10
-14
-10
-7
0
9
0
5
12
8
6
10
9
3
-2
-5
-15
-9
1
5
10
6
1
7
7
1
11
3
-7
-3
1
-11
-13
-12
-14
-11
-11
-5
2
2
7
5
3
8
5
11
8
6
6
2
-4
-4
5
-4
2
-5
-23
-8
3
17
24
10
9
6
4
-1
-13
-5
-10
-9
1
-9
-3
1
6
2
2
16
9
17
17
5
4
-9
-13
-12
-10
-4
-8
-4
-12
-12
2
8
5
1
2
-6
-5
8
5
-3
5
0
-13
-5
-1
-1
1
3
4
-1
1
-2
-9
-8
-2
-2
-4
-11
-1
2
-8
2
-3
-18
-14
-14
-16
-6
4
-2
2
8
6
10
10
10
17
30
30
15
6
3
-4
3
9
14
19
23
34
22
28
33
24
24
16
10
5
-11
-7
-16
-14
-9
-12
-10
-16
-10
-4
-4
-12
-14
-11
-10
5
0
-8
-14
-23
-21
-5
10
10
7
0
-5
-1
-4
-6
-5
-9
-6
-2
-10
-8
-3
-9
-12
-8
-4
7
5
-2
-3
-11
-3
-10
-8
4
3
8
5
-6
-6
-1
0
-3
-24
-16
0
-1
3
-6
1
0
2
6
3
20
19
24
7
-5
8
-1
0
4
-3
5
6
-7
6
13
15
20
2
-2
-4
-9
-11
-8
-9
-12
-15
-19
-4
4
6
16
10
13
3
-6
5
2
3
-10
-22
-7
6
14
13
7
13
1
-1
-4
-7
9
6
8
1
-5
14
6
3
-2
-5
2
-3
-10
-15
-4
-3
-8
-4
0
3
0
-4
6
3
2
1
-13
-11
-8
-8
-4
-3
8
10
17
21
9
0
-6
-12
-15
-15
-14
-4
8
16
13
7
9
1
-4
-9
-3
1
0
-5
-11
-8
-7
7
8
8
16
9
5
-9
-14
-19
-14
-5
-14
-8
-7
3
8
2
6
1
5
1
-13
-2
14
34
22
4
-5
-14
-15
-16
-14
-12
8
9
-1
1
0
-5
2
11
5
7
1
-10
-8
-7
6
7
1
-4
-6
0
-1
11
2
-3
5
-13
-16
-18
-9
-3
-1
-1
-5
0
0
8
-1
6
5
-5
-11
-28
-9
5
8
11
3
18
14
13
16
-7
-6
-5
-14
-6
-6
-5
4
-6
-1
4
6
24
11
16
-2
-18
-9
-26
-1
-4
6
16
3
21
11
25
28
7
20
4
-5
-5
-27
-16
-12
-12
2
-18
1
14
2
19
0
0
3
-8
-14
-26
-9
-18
-13
5
2
20
7
7
5
-10
10
2
-7
-8
-8
-8
-4
0
6
7
5
8
-9
-16
-4
0
-13
-13
-21
-14
2
-4
8
12
13
25
15
5
10
15
5
3
-10
-17
-13
-10
-11
-27
-10
7
7
10
14
14
7
10
-5
-7
-7
-12
0
-2
0
11
5
7
0
-4
4
3
9
12
14
9
2
2
-6
0
7
10
10
-6
-8
-3
-5
0
10
7
15
18
11
11
7
10
11
8
14
-5
-20
-4
-13
-3
-3
2
14
3
17
2
-2
4
-4
6
-8
-6
-1
-13
-5
-15
4
-8
-17
-4
-9
2
3
1
-1
-9
-4
-17
-20
-11
-9
-11
-19
-3
-10
-21
-10
-4
-6
-9
-5
-16
-19
0
5
0
1
0
6
2
5
11
-5
7
4
4
11
1
5
1
9
13
-2
-9
-9
7
11
11
10
0
6
2
-8
-5
-14
-8
-6
-10
5
-2
11
11
5
10
-7
0
2
-3
7
-6
15
11
-1
11
-9
0
0
-1
3
-6
8
3
7
8
1
10
7
11
13
9
0
-3
-13
-16
-2
-10
2
1
-3
5
-8
5
4
9
5
3
15
-17
-14
-10
-12
2
-5
-1
-7
3
19
1
7
-2
-2
5
-2
13
-4
-9
-1
-15
-2
4
-10
0
12
9
9
8
1
-5
11
1
-3
8
-3
-8
1
7
13
12
20
17
7
14
3
-2
9
-3
5
8
-4
3
-4
-5
-21
-11
2
-8
10
2
3
11
-9
-5
-11
5
17
-15
3
-3
-24
-29
-39
-22
-13
-3
3
-13
16
19
-20
3
-13
2
7
-16
2
-18
-7
-4
-10
13
-3
13
-4
8
25
0
13
-2
3
-2
-5
-1
-15
3
13
6
6
0
-7
-17
-27
-18
-12
-10
10
-16
-13
11
16
27
0
11
11
-6
5
-17
3
10
-6
5
-20
15
16
-3
8
-20
-2
2
0
6
-8
28
15
-3
15
-15
4
24
0
7
11
27
12
-8
14
0
4
23
2
7
-4
-7
6
-7
7
0
3
1
-2
11
-8
-1
-7
-17
-2
3
-8
-14
9
-7
-32
-14
-10
-12
4
2
-1
15
-5
4
-4
-1
14
-26
-5
-10
-3
7
-14
14
-14
-15
-2
-16
10
-8
-8
-10
-17
-4
-6
6
12
10
23
10
-10
-5
-25
1
8
-13
8
-21
2
18
-6
-5
-32
15
-7
17
31
-21
16
-1
8
2
-7
9
-26
-17
-4
4
7
-6
-22
-3
4
-1
8
-17
5
15
20
1
-11
13
-28
13
24
-16
4
-32
4
2
-5
22
11
44
17
17
-9
-7
12
-16
20
33
23
-7
-16
-23
-13
28
5
-8
-2
14
-8
-7
18
27
7
16
22
-45
-26
-12
16
12
-15
-2
-5
16
27
-7
-1
40
-15
-27
15
-5
10
8
26
-7
-20
3
-26
22
33
22
1
-9
-5
-56
-8
15
13
-3
-2
-8
-12
20
16
58
12
1
-2
-53
-4
3
19
5
-1
-10
-22
17
8
24
6
-26
-33
-38
-32
0
21
-13
3
-2
5
1
16
69
-33
-31
-21
-49
19
15
30
-4
25
38
-24
32
24
14
-2
-2
-10
-63
2
-10
-53
-14
-8
-24
-27
2
32
13
18
33
-28
-36
-26
-44
-50
-15
21
-25
15
50
-17
2
-1
28
29
1
17
-43
-27
-11
-5
23
21
37
-7
4
13
-10
17
0
11
-2
-37
-47
-40
-16
34
53
32
18
-37
5
22
32
33
-12
-22
-38
-21
-23
10
42
-3
-7
-32
-11
32
23
8
-25
-37
-53
-33
-18
-6
14
-1
-24
-14
21
31
74
44
-12
-29
-41
