-3
-10
-11
-7
-7
-7
-3
2
7
2
1
3
-1
3
3
5
2
1
1
-3
1
2
3
-1
-4
-4
-8
-4
-4
-8
-7
-3
1
2
1
0
1
5
5
6
4
4
-1
-6
-3
-3
-3
0
-1
-4
-6
-9
-6
-3
-5
-2
0
3
4
1
-1
1
5
6
3
2
-1
1
5
9
13
12
12
12
3
1
1
-3
-4
-3
1
-4
-1
1
-2
3
7
1
2
-3
-10
-6
-5
-3
-4
-4
-5
-2
-1
1
11
7
6
7
7
4
0
2
-1
-6
-3
-2
0
8
10
6
3
3
3
2
3
1
4
-2
-10
-10
-11
-6
-2
0
3
1
-1
-1
-4
-1
-3
-2
0
-1
10
8
7
6
3
1
-5
-5
-9
-9
-6
-11
-7
1
6
9
8
8
5
-2
2
-2
-5
-1
2
0
-1
6
2
2
7
1
0
6
6
3
-1
-6
-4
-5
-5
2
4
-3
-3
0
0
2
-2
1
-1
1
5
-3
-7
-2
-2
-2
-2
0
4
2
0
-2
2
4
1
-2
-4
0
2
-2
-3
3
6
1
1
-3
-5
2
0
-1
1
1
4
-1
-5
-7
-6
-3
-2
-2
-2
0
-2
-9
-9
-2
5
0
2
4
2
0
-2
-2
-3
-2
-1
-5
-8
-5
-3
0
-4
-6
-5
-1
0
0
1
-2
4
4
1
7
4
3
-5
-4
-4
-6
-1
-3
-5
-4
1
-2
0
7
6
4
-2
-4
1
0
1
2
3
-1
-4
-3
-3
-3
1
-4
-7
-2
0
-3
-4
-1
-1
2
2
5
7
5
2
5
6
2
6
10
4
-2
-2
-6
-7
-3
-5
-4
-1
-1
1
2
4
9
8
7
7
5
8
6
6
9
7
12
7
-2
-4
-4
-3
-5
-3
-7
-10
-11
-8
-4
-1
5
-2
-5
-6
-5
-9
-4
1
2
10
4
4
-3
-3
0
-10
-3
-7
-4
1
-6
-1
-2
-2
0
7
6
-2
1
-7
-11
-3
3
10
12
9
8
1
1
0
-5
3
2
-2
-2
-10
-2
-7
-3
7
4
12
11
7
1
0
-7
-16
-6
-9
-2
-2
-11
0
-6
1
0
-2
6
-9
5
-6
-15
6
-3
11
14
5
11
11
9
-7
6
-6
-12
6
-12
-9
-6
-6
1
-1
5
0
1
16
2
18
7
1
12
-8
10
0
7
4
-8
5
-8
2
6
-2
0
-13
-9
-9
-12
-6
-17
-3
-4
-3
2
-4
5
1
8
1
-6
1
-7
6
11
4
15
10
13
9
10
16
3
9
10
10
10
1
-1
4
-10
0
0
-4
10
-12
5
-6
0
11
-12
15
-5
-3
14
2
14
-1
9
5
-2
10
-10
13
0
14
-1
-8
3
-14
3
-12
-5
-7
-1
-15
11
-30
23
-16
-2
29
-67
80
-75
10
-1
-54
41
-43
34
-49
32
6
-19
49
-25
11
1
-11
7
-3
4
4
5
13
-3
20
-7
1
15
-16
15
2
0
17
-4
23
-13
-3
16
-19
29
-23
10
3
-13
3
-39
8
-9
3
18
-10
11
-9
1
-5
-8
17
-18
23
0
-3
9
-19
17
-17
2
-6
-9
4
-18
3
-12
0
-6
1
-11
-3
-3
-18
2
-6
3
-10
-1
-8
-5
10
-8
1
-15
-4
-7
-16
10
-19
11
0
-3
9
0
14
1
13
3
24
-8
9
-7
12
17
-19
28
-32
6
-23
4
0
-7
27
-30
37
-8
-5
4
-23
17
-22
5
12
-5
14
-30
5
1
-9
13
-11
0
14
0
5
9
2
9
-20
6
-6
-3
4
-11
-8
-7
4
-16
15
0
13
9
-10
4
-11
-4
-1
5
-6
17
-14
15
-6
-8
30
-3
13
-2
12
-16
7
0
-6
29
7
18
0
2
-2
-7
2
2
-11
4
-4
-4
8
-3
8
1
-5
-17
-3
-22
-2
9
-17
6
-9
-13
13
-1
17
6
-4
6
-23
-1
-5
-13
5
-1
-5
-4
-7
2
-6
12
6
-2
5
-8
8
-8
18
8
-1
21
-3
0
12
16
19
13
3
7
-16
-6
5
-6
-1
5
-11
-10
-13
-10
12
-1
13
-6
-9
8
-3
-11
-9
6
-7
14
7
-1
0
-10
14
-2
4
5
-13
-4
-7
3
-2
0
2
6
-6
-15
-2
-16
2
0
-7
-4
-9
7
-4
-18
-12
-16
-5
4
-10
1
2
6
11
-3
7
5
-1
7
5
18
14
10
15
7
16
13
-3
3
4
12
7
6
15
-10
-7
-3
-4
12
1
0
-4
-10
3
-12
-4
-6
-5
-5
-14
-10
-13
0
2
-5
-1
16
3
15
-1
-10
0
-4
1
-21
12
-3
4
8
-23
1
-7
9
10
14
16
-8
4
0
0
2
1
2
8
23
3
6
8
1
14
-7
-5
-15
-16
-8
-11
-2
-2
2
-1
11
3
0
-3
-9
-15
-10
-11
-21
-18
-24
-15
-8
-6
4
0
11
4
-7
4
-11
-8
9
4
13
11
3
4
2
5
4
7
4
17
8
6
5
-5
0
-4
0
1
14
11
-6
-11
-7
6
5
3
-7
-2
8
6
4
4
-1
-8
-11
-8
6
4
5
2
-5
2
2
-7
4
-2
-9
-1
-8
-12
-4
-3
-3
0
-6
-13
-4
-15
-18
-11
-14
-12
-1
5
0
8
4
0
5
6
10
11
0
-4
-13
-13
0
4
9
10
14
19
14
6
13
17
3
6
3
5
-5
-14
-4
-8
7
23
16
6
-11
-18
-9
6
3
-8
-18
-20
0
-2
-6
2
-8
-11
-3
6
14
2
-9
-12
-9
-7
-7
-7
-6
-1
-17
-7
9
7
10
-4
-3
0
-2
1
1
6
0
-9
-10
-5
18
3
3
8
-39
-12
25
10
1
18
6
8
28
-11
11
27
-17
-9
-4
-9
2
0
4
9
-13
-17
-2
4
-5
-10
0
3
-4
-6
-4
2
8
-9
-10
0
4
13
6
-1
4
5
8
5
-6
0
-3
-9
-2
7
3
8
7
6
5
-7
-6
-1
-5
-10
-3
6
11
15
8
0
5
10
3
-1
-3
-4
-8
-17
-22
-7
1
0
14
9
7
3
5
8
7
5
-6
0
4
4
3
-3
-1
-14
-6
4
2
10
2
-12
-11
-13
-7
1
-9
3
10
1
0
1
4
4
11
5
12
7
3
4
-2
18
9
1
-9
-15
4
2
3
9
1
-4
0
-2
6
7
7
9
13
14
14
6
0
8
3
12
11
1
3
-13
-4
-3
-2
-1
-9
-5
-7
-9
-9
-7
-10
-11
-11
-11
-4
-2
3
8
1
-3
-4
3
6
-4
-4
-4
-9
0
-1
1
9
5
5
-5
0
3
3
2
3
12
-1
2
2
1
10
8
10
6
6
7
2
4
5
3
-3
-6
-5
-1
-1
0
-3
-8
-5
-7
-9
-4
1
-2
-9
-5
-2
-2
-8
-20
-14
-5
2
0
-6
-4
-1
-5
-8
2
7
4
0
-4
-4
-5
-2
1
4
8
3
11
11
3
1
3
6
4
1
-5
-7
-7
-4
1
-2
-7
-8
-2
-2
-4
0
-5
-5
-4
-9
-4
-4
2
2
-9
-3
1
0
2
2
0
-2
-5
-8
-8
-5
-3
-1
2
6
4
3
2
-3
-2
-2
-11
-6
-8
-11
-1
-1
1
4
9
7
3
4
1
5
-3
-11
-6
4
11
8
6
10
10
9
5
4
0
1
7
7
7
3
0
0
6
14
18
13
12
12
5
4
-2
-11
-8
-4
-5
-7
0
-1
-7
-2
2
5
9
7
0
6
6
1
8
6
8
2
-1
2
-1
2
-3
-8
-9
-13
-9
-3
1
7
2
1
-3
-6
4
9
13
11
9
8
10
10
8
12
9
2
2
7
8
3
5
0
-7
-5
-7
-3
-1
0
1
1
-6
-3
-4
-3
-3
-13
-9
-1
2
-1
-3
0
1
-5
-4
-4
5
10
5
1
5
2
-1
5
0
1
-5
-16
-12
-17
-13
-13
-9
1
-5
-3
-8
-11
1
-1
-15
-17
-7
-5
-4
-5
3
5
1
1
-6
-3
6
7
12
16
10
5
-3
-1
12
9
13
12
5
6
-3
5
13
9
4
-6
-3
-8
-13
-10
-11
-3
-1
-8
-11
-11
-12
-5
1
7
7
0
4
1
-3
4
6
4
-1
-5
0
5
1
0
3
0
8
5
2
6
4
1
-1
-8
-7
-11
-12
-16
-13
-9
-11
-9
-9
-10
-10
-1
-8
-9
-3
-6
-8
-8
-4
-3
-3
5
3
1
8
14
22
18
9
7
6
5
14
9
1
5
10
12
9
5
-2
-3
-7
-7
-3
-2
-9
-23
-14
-14
-10
-3
-11
-8
-6
-4
3
-1
9
3
8
13
1
8
11
16
16
8
4
-3
-8
0
10
16
7
1
2
-8
-3
3
0
6
5
-8
-7
-7
-9
-3
1
6
6
4
1
-2
7
4
-3
5
12
4
0
-2
-5
-7
-7
-4
-10
-2
4
2
8
10
8
6
1
0
-1
0
-1
-3
-2
3
3
3
1
-2
0
-7
-8
-10
-16
-11
-7
-7
5
0
-6
-6
-8
-3
-5
-3
0
0
7
1
2
2
-4
2
1
8
11
6
4
-5
-4
-3
-4
1
-2
-2
0
1
0
-5
4
3
7
8
5
7
2
-3
-5
-6
-4
-1
-6
-3
6
-2
-7
-2
2
6
3
2
-4
-2
-2
-7
-8
-1
-3
-5
-2
-3
-3
-6
-7
-10
-3
3
9
14
7
2
-4
-2
5
4
5
1
-10
-15
-12
-9
2
-1
-6
1
3
1
3
5
5
6
10
3
4
7
3
-1
2
8
6
0
2
8
9
6
14
17
13
10
8
7
8
9
11
10
13
11
5
1
3
5
-2
2
2
-6
-5
0
-3
-8
-8
-6
-5
-7
-5
2
2
-5
-4
-8
-11
-4
-12
-14
-10
-10
-7
-5
-9
-6
-2
-4
-7
-10
-10
-16
-13
-3
-11
-11
-2
-3
1
6
4
7
12
10
11
7
-5
1
4
9
16
10
14
9
11
7
-1
5
8
1
-2
3
-5
-4
1
9
11
6
2
1
-5
-4
1
1
1
-3
-4
-1
-12
-11
-6
-12
-6
0
-3
3
4
0
0
-2
0
-2
-9
-5
-4
-7
-5
-6
1
3
-4
-2
-4
4
5
3
2
-2
1
1
3
3
2
-1
-2
-1
-3
-11
6
5
3
6
-1
3
9
12
0
6
10
0
10
15
13
6
2
-6
-4
-2
-3
-5
-10
-10
-7
-7
-1
5
-2
-1
-1
-4
1
2
1
-1
-9
-11
-12
-18
-10
-5
-5
2
-1
-4
-4
-1
7
3
3
6
-1
5
5
3
2
-7
-6
-1
-3
4
7
1
2
1
-5
-7
-3
-2
-4
-4
-8
-8
4
11
3
0
3
-7
-5
-3
-6
2
4
4
4
5
0
-5
-3
-2
-1
0
-1
-2
6
7
-1
-2
-4
-4
0
-3
-3
-4
-1
5
1
6
5
5
13
12
3
3
3
1
-1
-1
4
2
0
-1
-1
1
0
2
2
3
3
3
1
-3
-1
6
10
9
5
0
0
-5
-7
-1
-3
-4
-3
1
2
1
3
-2
2
6
3
3
5
-2
-5
-8
-2
0
-2
0
-4
4
8
5
-4
-12
-9
-9
0
1
-1
1
-5
3
2
3
4
0
2
3
1
0
-1
0
3
-3
-7
0
9
7
10
11
8
5
2
-2
-6
-5
-5
-8
-6
2
-1
3
1
-6
-3
-10
-12
-6
-2
-1
0
-7
-10
-5
-5
-1
9
10
7
12
5
-7
-5
-4
-3
-3
2
-3
-6
1
1
5
5
4
0
-6
0
2
-7
-15
-19
-11
-8
-11
1
5
8
15
13
7
7
7
10
8
6
4
-5
-2
4
1
-5
-1
1
-1
-2
-2
0
2
7
3
3
1
-4
-3
0
0
0
11
6
7
9
2
3
6
1
-4
-1
1
-2
-3
-4
-1
3
3
-5
-3
5
-1
-5
-4
-6
-4
-3
-2
-4
-2
-1
-11
-7
2
0
-1
0
1
7
14
13
13
4
-1
-1
-4
-2
-2
-5
-5
-1
-4
-3
0
0
0
3
2
2
6
3
5
-1
-5
-12
-12
-12
-11
-9
-10
-5
0
9
7
7
8
-1
1
4
5
1
-7
-7
-4
0
4
4
1
8
11
5
3
5
9
8
6
7
0
1
9
2
7
12
9
9
5
-1
2
6
8
7
1
-1
-4
-12
-10
-8
-6
-8
-2
4
0
-6
-5
1
8
8
3
0
2
3
-1
0
1
1
3
-3
-3
-3
0
8
0
2
4
-7
-7
-7
-7
2
3
0
0
1
3
1
0
2
0
3
1
-2
-2
-3
-2
-6
-3
1
2
1
-3
-4
-3
-2
-2
-5
-1
1
-8
-9
-10
-6
-2
1
-7
-8
-2
-6
-6
-5
-4
-3
-3
-3
-3
0
2
1
-3
-6
-5
2
3
3
1
-5
-10
-5
4
4
12
7
4
2
-5
-3
-8
-3
1
1
3
-1
-5
-7
-3
-4
-3
-2
-2
-3
0
-2
-5
-2
2
-3
-8
-3
-4
-6
4
6
4
2
1
7
9
7
2
4
9
5
3
2
1
-2
-4
0
5
8
4
3
3
-3
3
-1
-8
-7
-5
-1
-1
-4
-10
-12
-4
-2
-5
-8
-7
-9
-11
-3
1
2
-2
-7
-2
7
13
16
11
13
9
1
2
0
3
6
7
6
10
13
13
17
15
15
13
9
10
6
4
4
-4
-2
-2
-8
-1
1
5
8
6
11
5
3
2
-5
-6
-7
-7
-7
-8
-9
-4
0
0
2
1
-2
-3
-4
-2
0
1
0
-3
-3
-5
-9
-4
-3
-1
1
-6
-8
-2
-6
-9
-7
-4
-3
0
-2
-4
-6
-7
-4
-7
-3
4
7
5
-1
-4
-1
-1
-2
-1
1
1
1
-2
-2
-7
-5
1
1
2
-2
0
3
3
5
6
3
-1
-7
-4
-3
-1
-2
0
-3
0
10
7
7
2
-3
-4
-3
1
5
1
2
-2
-3
-3
-5
3
3
9
6
3
1
-6
3
0
-3
1
3
5
1
-1
-3
-10
-3
-2
-5
5
6
2
0
-2
-6
0
2
2
9
3
0
-2
-5
-3
-1
2
5
4
6
5
5
10
6
3
-2
-6
-5
0
1
-3
-3
-8
-6
-1
-2
3
1
-3
-5
-2
1
-3
-6
-8
-9
-4
-2
-4
-3
-2
-5
-4
-3
2
6
1
-1
-4
-3
2
6
8
7
4
6
10
6
3
-2
-2
-3
-6
-5
-4
-2
-1
-3
-2
-2
-1
-1
0
-1
-6
-5
-5
1
5
1
3
-4
-5
0
0
-2
-3
0
-2
-3
-2
-3
-1
2
1
4
6
8
6
4
8
8
9
5
4
0
-6
-6
-4
3
1
6
11
7
11
6
4
8
7
4
-4
-6
-4
-5
-6
-2
-1
-5
0
3
5
9
4
2
-3
-1
-1
-7
-9
-1
3
7
5
7
6
1
4
-3
-1
-5
-6
-5
-6
6
3
3
6
-3
-1
3
8
2
-4
-1
0
0
3
7
5
6
5
-4
4
8
2
1
-5
-4
-2
0
-2
-2
-2
0
4
5
2
0
3
0
-7
-2
-1
1
5
1
-9
-8
-4
-1
2
3
7
-2
-4
-3
-6
-2
0
3
1
-4
-3
-7
-8
-10
-8
-5
-5
1
2
3
7
4
0
-2
1
-6
-7
-1
-2
5
1
-1
7
10
8
9
4
1
-7
-10
-4
-1
7
4
-7
-3
-4
-3
1
0
1
2
-7
-8
-7
-3
7
4
5
2
-5
1
3
4
3
-1
4
7
5
0
-5
-2
-1
-7
-7
-7
-9
-3
0
-3
1
-1
-5
-2
-2
-5
-8
-7
-2
-5
-2
2
-1
-5
-8
-6
3
9
7
7
7
5
5
-2
-1
1
-4
0
-5
-3
1
-2
3
0
3
-1
-4
-1
-1
2
0
-3
-3
-6
-4
4
5
2
1
4
-1
-6
1
2
0
2
0
-2
-4
2
6
2
0
-1
-4
-2
1
-4
-4
5
6
3
2
-2
-1
0
-2
-4
-5
0
-2
-2
1
8
6
4
8
4
4
2
2
4
3
0
-1
-6
-7
-1
1
4
1
0
1
-1
-1
2
-3
-7
-2
-8
-11
-5
-4
-1
-5
-4
-1
-1
1
-8
-18
-11
-7
-12
-5
-4
-2
-1
0
3
5
5
5
7
6
7
8
10
13
16
11
6
3
3
2
-4
-2
-1
-4
-4
-3
-3
-1
-7
-6
-5
-4
0
-3
8
3
-1
6
0
5
8
2
3
0
-9
-6
-3
-4
-2
-4
-4
1
1
4
-1
-6
0
1
-3
-3
1
0
2
4
-1
1
2
0
-3
1
3
6
9
4
2
3
2
3
3
3
6
5
4
2
-3
-2
-4
-9
-14
-14
-9
-10
-8
-6
0
0
4
6
0
3
2
2
2
1
3
0
-3
4
9
6
1
7
6
1
2
3
2
4
4
2
3
6
7
4
5
3
0
-6
-5
2
4
3
-2
-2
1
2
-2
1
-1
-5
-2
3
4
3
3
4
7
6
3
0
3
6
6
3
0
-1
-2
1
8
9
6
7
-1
0
5
6
9
8
3
3
5
7
5
2
0
2
-2
-11
-10
-7
-6
-7
-5
0
-3
-4
-3
-7
-4
-4
-1
-1
-5
-2
2
4
3
4
-2
-5
-1
-10
-10
-11
-11
-6
-3
3
7
6
0
2
8
14
15
6
5
3
-1
-3
-5
-5
-5
-3
-3
-7
-7
0
4
3
0
-6
-7
-7
-5
0
-1
-1
2
-1
4
6
4
3
-6
-3
2
-1
-1
-3
-7
-9
-8
-5
-2
4
3
7
5
6
3
3
9
7
7
6
0
-1
0
2
2
4
8
9
6
-4
-8
-3
-4
-2
-3
-2
-1
-1
1
-3
-5
-4
-8
-7
-2
-2
-2
-1
-4
-4
-1
3
2
-5
-5
-2
-2
-5
-2
-4
-6
-8
-6
1
3
3
2
1
1
4
2
0
2
0
-3
-4
-1
-5
-4
-3
-5
-4
3
1
6
5
-1
5
4
1
1
-1
-2
-5
-10
-10
-12
-12
-8
-9
-5
-1
2
-1
-1
0
1
2
0
3
1
-2
1
3
7
11
13
8
6
10
13
8
6
4
1
3
5
1
-6
-5
-7
-8
-3
4
4
5
-1
-10
-9
-8
-7
-8
1
0
2
4
2
-1
-2
1
4
9
3
-1
-3
-2
-5
-4
0
2
4
-4
-2
-4
3
2
1
3
-1
0
0
0
0
2
-1
-2
6
5
7
7
2
1
-2
4
10
10
10
4
0
-2
3
7
6
4
4
9
6
6
6
3
-4
-8
-7
-6
-2
0
-5
-5
-3
-8
-5
-2
1
4
1
-2
1
1
-5
-7
-11
-6
-2
3
5
5
10
7
1
-1
-4
-3
-2
0
0
-1
-5
-5
-2
-6
-3
-1
-2
1
2
0
2
0
-5
-5
-7
-7
-7
-11
-12
-10
-1
7
11
14
13
4
2
2
-6
-2
3
-1
0
-2
-3
-12
-10
1
6
12
8
3
3
4
-2
-4
-5
-6
-7
-8
-5
-2
2
1
5
2
3
5
6
6
1
0
-4
-5
-2
-2
-1
6
5
2
-1
-3
-2
-1
2
7
12
10
7
-5
-8
-4
5
7
-3
-4
-10
-16
-11
-9
-9
-9
-3
4
-1
-2
1
3
3
8
8
0
-3
-6
-5
-5
-7
-3
-3
-1
4
2
0
-4
-8
-5
0
5
6
6
4
2
2
-2
3
5
6
8
4
0
-3
-2
-3
-4
1
1
1
6
4
8
5
1
2
1
2
5
2
-2
1
-1
-4
-2
2
2
4
7
5
2
-1
-1
-2
-1
-4
-6
-3
-1
-2
5
7
5
5
3
3
2
1
-1
0
2
9
7
6
9
8
7
5
7
-1
-3
0
0
-2
-3
-2
-9
-11
-8
-6
0
-6
-6
-1
-10
-9
-3
1
4
9
9
2
-4
-8
-6
-3
5
7
3
0
-2
-1
-4
-1
4
3
2
-1
-5
-4
-2
-1
5
3
3
2
0
-5
-3
-3
-4
-3
0
-1
0
3
3
3
-3
-5
-3
2
3
0
0
-1
-2
-2
-3
-2
2
5
2
0
-1
3
4
-1
3
-2
-4
0
-3
-3
-2
2
1
-5
-6
-4
-3
3
2
2
5
3
3
4
2
-2
-6
-10
-11
-9
-2
8
12
8
6
4
-1
3
5
3
0
0
2
4
3
0
7
11
9
1
-5
-4
-3
-5
-9
-6
0
-2
-6
-7
-7
-5
0
-2
-2
2
5
1
0
3
1
2
7
11
10
9
4
-4
-3
-3
-4
-1
3
-1
-1
-3
-1
-1
2
4
0
-1
-4
0
-1
-7
-6
-2
2
2
1
1
-1
-3
-4
-5
-5
0
2
-4
-3
-1
-4
-4
-2
2
-1
-4
-6
-2
2
6
4
-2
1
5
7
7
4
0
0
7
7
4
1
1
3
2
3
5
4
0
4
7
3
3
2
1
-2
-2
-4
-4
-6
-7
-1
3
2
-2
-1
4
10
8
3
-3
-3
-5
-3
-3
-6
-5
-6
-4
-4
-7
-7
-8
-6
-2
1
7
1
-10
-10
-9
-5
-2
3
6
2
2
2
-1
-1
-1
-1
1
3
-4
-3
2
3
7
5
10
9
5
3
-1
4
3
2
4
2
-3
0
-3
-1
7
4
1
4
2
0
-1
-3
-4
-6
-8
-10
-10
-6
-7
-8
-7
-7
-7
-6
-4
-5
-7
-6
-5
0
-2
1
1
-2
0
1
2
6
9
9
3
3
6
4
3
1
2
1
2
8
6
4
4
4
6
14
10
7
4
2
0
-2
5
4
-1
-3
-6
-4
1
1
2
4
0
-3
-7
-5
1
4
2
1
1
3
2
-1
1
-1
-3
-5
-7
-10
-10
-5
-4
0
1
-2
-3
-1
0
-4
-5
0
2
-1
-4
-4
-6
-10
-8
-6
1
5
5
0
-1
-2
-2
2
1
-2
-1
-3
-4
-1
1
-1
-2
-3
-4
0
4
7
3
3
3
0
1
1
0
-1
-2
4
5
1
4
2
1
-1
3
5
2
5
5
4
2
2
1
-2
1
2
3
9
10
8
6
7
8
5
3
-2
-4
-5
-3
-3
-4
-2
2
3
1
2
5
7
3
0
-3
-1
0
0
-1
-5
-3
-3
3
3
-2
-2
-2
2
4
0
-2
-3
0
-2
-4
-5
-5
-2
3
2
-1
-3
-4
-1
0
-2
-4
-6
-8
-8
-5
-3
-1
-3
0
3
4
7
7
4
6
5
5
6
-1
-5
-3
1
2
2
5
6
-1
-1
-2
-11
-5
-2
-3
-2
0
-1
-5
-1
1
-3
-4
-3
2
3
-1
-2
0
-6
-6
-6
-4
-2
-3
0
-3
-3
1
3
4
5
2
3
3
-1
-4
-5
-4
-3
-6
-7
-3
3
5
0
-3
-3
-4
-2
-1
1
-1
-5
-5
-4
-6
-7
-4
-2
-2
0
0
2
8
6
5
-1
-5
-6
-4
-6
-6
0
-3
0
4
6
0
-5
2
-1
-6
-1
-2
-2
-5
-3
2
1
2
0
-3
0
-2
-2
-2
1
4
-1
-2
3
3
8
11
7
7
6
3
5
6
4
6
7
8
5
4
2
4
10
9
9
9
5
3
6
5
3
6
7
6
3
-2
1
0
0
-2
-4
2
-1
-3
-3
-2
0
0
0
0
0
-1
-1
0
2
-3
-10
-5
-2
-4
-1
-8
-6
-7
-11
-1
0
-3
-1
-1
4
-1
-3
2
3
6
4
-1
1
-7
-9
-7
-3
0
0
-1
-3
1
-4
-6
-2
-2
6
8
3
1
-5
-7
-5
-2
1
-3
0
3
-3
-5
-2
-1
-1
0
-5
-4
2
1
7
3
5
10
3
2
0
-4
-5
-12
-16
-10
-8
6
12
8
13
5
1
0
-5
-4
-1
2
5
6
6
2
1
4
3
6
4
1
1
-2
-4
-1
5
8
9
10
0
-2
1
-1
-2
-5
-1
-3
-5
-8
-11
-12
-8
-1
-6
-6
-3
-3
5
5
6
5
1
-2
-8
-5
0
-1
-9
-5
-2
0
2
2
5
4
8
10
0
0
3
3
0
1
4
1
5
0
0
3
4
5
-5
-8
-11
-13
-12
-14
-12
-10
-7
-6
-3
3
0
0
5
6
12
10
9
9
6
1
-1
5
6
8
3
-3
0
1
4
4
2
2
1
-4
-9
-10
-7
4
5
0
-5
-7
5
4
-1
2
4
3
1
3
6
7
2
4
1
1
7
6
13
14
8
6
0
1
2
3
-2
-8
-6
-5
-5
-7
-7
-5
-2
4
0
-2
-4
-8
-5
-6
-2
4
4
7
2
3
4
2
2
2
3
4
7
7
8
8
6
9
10
4
5
-3
-3
3
7
10
3
1
1
0
-5
-7
-3
-3
-5
-2
-1
-6
-9
-11
-14
-8
-3
0
1
0
-3
-2
-1
-2
-6
-7
-5
-3
5
2
5
6
5
10
11
10
3
1
0
5
6
6
9
3
-1
0
-2
-7
-7
-5
2
-4
-3
-4
-5
0
-2
-8
-9
-6
-9
-9
-6
0
-2
-5
-2
0
2
3
1
1
1
-1
0
-3
-4
1
-2
0
3
-6
-2
4
8
7
3
6
-2
-4
2
1
2
-5
-1
5
4
-1
-5
1
-2
-2
-7
-2
6
8
3
-3
2
5
4
-4
-3
-4
-3
-3
-6
-8
-5
1
7
11
9
10
5
-1
-8
-5
2
8
5
1
-1
-1
-4
-12
-11
-7
-7
-2
-4
-9
0
3
3
5
5
6
5
4
0
0
4
4
2
-1
-5
-2
0
0
-5
-10
-4
2
1
-5
-3
-5
-5
-3
0
0
-6
-5
1
-2
-5
-6
-7
-5
-6
-7
-6
-7
-11
-8
-3
-1
2
4
2
0
2
5
1
2
8
1
4
0
-6
-2
1
5
7
6
6
3
-4
-6
-6
-1
6
5
4
3
5
1
-2
1
1
2
2
7
0
-4
-6
-6
-1
1
5
5
4
6
2
1
2
6
7
6
6
8
8
3
0
-1
-7
-2
2
-4
-4
-3
-4
-1
-1
-3
-4
-12
-8
-4
-6
-1
-2
-3
4
2
-2
0
-8
-9
-7
-7
-5
-4
-1
2
5
6
4
3
4
2
3
3
-2
-2
1
4
5
1
2
5
6
10
11
8
2
-2
3
3
7
8
7
5
2
-3
-6
-7
-1
0
4
9
6
5
6
4
4
3
-1
-2
-1
1
3
9
7
5
3
0
-2
-2
0
-2
-5
-1
-4
-4
-8
-11
-3
-5
-5
-9
-9
-7
-2
-1
-2
-4
-12
-9
-6
-4
4
2
-2
-1
-1
3
4
0
-4
-3
2
2
2
-2
-2
-3
-4
-1
-1
1
3
2
3
-1
-2
-8
-14
-7
-7
-7
-6
-2
2
2
4
6
8
8
6
3
-2
2
4
-3
-2
4
9
13
7
9
10
6
4
2
3
5
3
5
0
1
4
-3
-6
-2
2
0
-1
-1
-7
-6
-5
-5
-1
5
5
6
6
-2
-5
-6
-8
-1
1
-4
-2
-5
-3
-3
-5
2
10
6
3
0
-2
0
-4
-2
-3
-4
3
3
2
5
-3
-3
1
-3
-6
-6
-2
-5
-5
-8
-5
6
6
14
8
3
6
2
1
-3
-2
0
-3
4
0
-6
-4
2
5
10
13
5
0
1
-3
-2
-2
-1
-1
-4
0
3
3
3
8
11
10
7
1
4
9
4
6
5
-1
-1
-3
-1
-6
-10
-10
-7
-2
2
10
4
7
6
-5
4
6
10
13
0
-6
-5
8
3
-2
3
-2
-5
-10
-7
-7
-4
4
1
3
1
-5
1
5
3
3
2
9
3
6
-1
-2
8
0
3
-3
5
7
-3
2
-12
-10
-9
-13
-8
-4
0
0
6
-1
-5
-2
-4
-7
-2
-4
-9
-5
-10
-12
-7
-10
-10
-8
-2
-8
-9
1
-9
-2
1
-7
-6
-7
-10
-14
-2
-1
2
17
4
10
11
3
2
7
1
1
23
10
4
7
-7
-4
3
2
5
11
6
4
11
0
5
-1
7
19
14
18
10
3
0
10
-4
-2
0
-11
3
-5
-11
-8
-10
-15
-8
-7
-13
-4
-6
1
-2
-6
-11
-11
1
11
16
11
18
8
-1
13
-9
-17
-8
-11
3
-4
-2
4
7
5
9
11
-2
17
14
8
7
0
-7
-6
-7
-19
3
4
5
8
-3
15
10
-6
11
-4
-22
-5
-15
-12
9
-4
-6
1
-6
10
20
11
-1
1
-3
-10
17
-12
-19
-9
-34
1
-4
-5
21
9
3
7
5
-2
11
6
1
15
-15
-30
-4
-19
0
21
-17
8
12
-23
5
-9
-10
-7
-6
-9
-11
-5
-40
-13
-1
-7
25
-7
-9
0
-23
11
10
1
15
6
-18
-5
3
-16
19
3
-21
31
-18
-7
4
-21
16
-5
12
-17
8
-4
-18
24
-42
5
1
-14
15
-27
-7
-4
7
12
0
30
-18
12
3
-23
22
-23
1
5
-27
14
-19
-14
18
-23
24
-6
19
28
-8
50
-17
16
9
-30
33
-40
37
17
-7
52
-62
37
38
-18
48
-30
-17
9
-13
-6
-11
16
-13
8
34
-33
23
30
-59
66
-35
-16
51
-48
26
-11
-6
-33
29
17
-26
75
-34
8
44
-50
29
1
-9
-1
10
-48
20
18
-53
45
-14
31
-3
0
-1
4
61
-55
59
-16
-13
34
-67
34
-6
21
1
54
26
29
-10
-41
56
-81
45
-35
-34
87
-81
27
16
-20
7
-34
26
-24
36
-10
-29
50
-50
15
-14
-25
60
-20
-1
23
42
-48
15
8
-72
81
-41
-12
58
-18
-9
-5
2
-7
1
1
-61
72
-53
-11
74
-120
104
-64
-10
-1
-26
10
-15
59
-33
38
-72
70
-43
8
34
-40
50
-24
20
-44
14
73
-66
12
43
-93
70
-58
-33
28
-87
49
-51
8
57
-14
8
42
18
15
-50
18
-18
2
72
-34
30
-10
49
-107
66
-1
-9
16
-24
45
-86
64
-98
4
-14
-22
-5
-55
9
-32
-8
16
-8
-5
27
-42
74
-68
23
69
-90
125
-45
6
90
-62
57
-5
12
57
-64
93
-33
-3
75
-79
76
-14
-2
14
10
2
32
-26
-11
34
-49
40
-29
3
19
2
8
-40
5
-4
-47
36
-31
32
-11
-8
29
-80
68
-92
13
20
1
15
-38
-8
-5
-14
-39
43
-61
41
-24
-74
63
-66
10
0
1
-5
-12
51
-93
55
-5
-67
74
-17
-68
79
-18
-41
65
-26
15
-53
66
-26
-42
144
-158
81
4
-107
74
-37
35
-67
88
-72
-47
152
-193
110
58
-159
152
-61
12
-49
32
-31
-81
208
-217
166
60
-107
155
-95
52
-67
66
-54
-12
71
-118
50
-63
-30
36
-49
-3
13
-38
18
-3
-70
22
-51
-9
17
-21
91
7
24
27
12
0
41
60
-54
87
37
-93
113
-112
97
-53
35
35
-38
146
-170
239
-202
41
116
-264
320
-203
134
7
-72
133
-106
94
-96
97
-51
6
79
-167
76
21
-80
85
39
-47
47
-1
-67
4
17
-71
-1
50
-125
49
-1
-142
118
-109
-29
117
-121
139
-95
59
19
-155
285
-279
137
92
-256
261
-144
0
66
-45
29
18
31
1
16
-12
35
-113
160
-145
56
84
-161
230
-175
156
-94
47
0
-52
65
-133
139
-220
165
-65
-85
106
-127
73
-98
163
-180
98
81
-189
195
-100
8
1
71
-89
49
35
-122
72
-58
18
-56
98
-54
14
13
-10
-114
105
-58
-117
172
-199
135
-105
24
-28
-38
76
-103
54
-20
-24
21
7
-33
43
-39
83
-59
100
-20
7
107
-94
114
-102
109
-81
51
72
-166
173
-145
154
-129
61
98
-223
269
-143
-61
183
-136
-10
47
13
-73
31
183
-267
281
-53
-176
255
-71
7
59
102
-146
110
74
-188
190
33
-140
123
-18
-52
5
53
-83
2
84
-61
-48
110
-58
-43
73
-29
-98
83
-39
-74
65
5
-71
-9
101
-164
140
-21
-144
215
-196
35
119
-200
197
-89
47
-35
79
-45
-16
160
-246
181
-3
-199
264
-255
66
98
-187
167
-188
180
-222
62
102
-416
492
-446
149
237
-504
542
-381
48
219
-436
474
-304
122
81
-235
318
-308
230
-150
-33
118
-221
96
13
-196
175
-31
-135
251
-177
87
15
-17
28
-39
88
-91
82
-2
5
1
154
-176
167
-64
-54
214
-228
294
-239
170
17
-211
241
-168
0
103
-167
68
-70
53
-52
-59
156
-141
43
93
-141
70
110
-190
181
-8
-141
246
-263
192
-42
-187
379
-473
326
-45
-301
516
-563
400
-163
-164
373
-462
395
-194
-14
227
-294
266
-201
-45
255
-389
359
-199
-40
268
-404
432
-298
71
190
-302
284
-180
62
-32
6
124
-198
300
-145
13
187
-236
237
-118
48
55
-167
227
-248
234
-142
57
116
-292
394
-378
206
7
-196
276
-373
376
-296
88
172
-368
420
-401
250
-31
-148
303
-304
264
-161
57
-5
-154
270
-328
251
-242
88
-27
-188
245
-346
259
-208
91
-22
-94
208
-253
230
-120
31
46
-53
128
-224
297
-198
131
57
-91
217
-232
276
-160
51
121
-197
273
-187
92
25
-98
166
-183
225
-201
62
176
-276
226
-30
-30
7
120
-218
150
-85
-85
207
-354
447
-392
211
68
-260
308
-232
216
-183
57
51
-143
68
-52
-59
72
-23
-8
13
40
15
-107
50
-43
11
-98
73
-102
-40
131
-181
121
-4
-38
68
-99
160
-126
-40
144
-303
169
-181
67
-47
-90
248
-378
244
-79
-8
88
-79
85
-44
11
34
120
-179
210
-8
-262
334
-167
-55
132
-49
-20
4
114
-149
181
-95
29
38
-106
199
-237
128
9
-240
254
-180
18
104
-138
80
-38
63
-83
80
32
-82
56
1
-40
46
39
-17
6
-15
21
-117
66
-66
-26
126
-156
127
-66
-100
208
-157
44
169
-242
292
-123
30
160
-279
280
-207
78
100
-209
238
-151
-31
152
-179
171
-32
39
25
-120
261
-241
66
104
-165
71
12
-75
-43
17
-28
56
-126
212
-116
-33
169
-226
173
-100
134
-21
-12
82
-75
42
-14
-6
35
41
-78
127
-106
-6
20
-79
53
-43
137
-191
132
-4
-137
124
-121
54
-36
22
52
-120
99
106
-354
334
-187
-66
181
-231
374
-447
411
-117
-132
436
-336
238
-133
177
-31
-211
353
-365
101
35
-141
115
-131
300
-258
154
93
-166
181
-105
95
-121
31
142
-240
209
-79
-36
141
-168
157
-158
103
16
-137
187
-211
206
-168
123
-94
-95
191
-323
307
-355
201
-7
-210
223
-210
94
7
63
-98
75
0
32
-157
61
65
-216
180
-99
44
-131
198
-118
-184
249
-144
-32
53
49
-16
-110
113
22
-309
424
-157
-167
460
-318
216
-200
212
-84
-208
498
-564
264
-31
-177
105
-312
416
-333
76
219
-255
76
40
95
-306
336
-12
-286
245
-86
-74
-13
94
16
-239
458
-227
-19
287
-266
279
-265
139
68
-294
375
-254
16
130
-228
142
-136
-8
145
-253
230
-172
-40
202
-247
263
-61
6
129
-95
79
-45
-2
97
-98
8
148
-179
154
13
-49
95
-170
185
-161
-22
280
-307
225
-42
-106
62
-145
213
-237
133
99
-247
254
-16
-189
177
-129
60
-167
87
63
-165
160
-1
-49
-27
237
-235
-50
255
-267
192
-169
134
-68
-126
388
-396
45
264
-264
75
112
-31
60
-38
212
-274
106
113
-295
181
-81
-35
139
-231
199
-114
-97
244
-213
71
34
44
-56
-30
139
-40
-150
190
-61
-75
123
-65
-21
116
-78
-62
54
-56
155
-222
110
8
-175
208
-232
63
6
-66
59
-166
45
122
-188
95
61
-184
142
-35
36
-113
142
30
-132
175
-28
-109
120
-33
-102
121
-188
189
-169
94
101
-257
282
-135
57
6
-113
300
-333
145
115
-408
454
-289
190
-66
-68
402
-572
458
-293
-87
258
-351
203
-119
150
17
-47
108
43
-109
170
-146
60
75
-150
128
-47
-75
10
111
-111
-3
33
75
-207
168
59
-492
529
-255
-161
277
-257
134
-235
206
-41
-356
724
-457
114
254
-278
314
-365
473
-232
-103
428
-498
338
-85
-18
133
-99
247
-67
-18
34
126
-254
180
-46
-143
337
-349
356
-295
63
232
-465
482
-324
181
-2
-107
247
-273
184
-32
17
-11
66
-43
-158
321
-304
60
109
-168
261
-470
572
-468
29
473
-712
565
-214
-171
186
-256
133
-198
47
223
-483
523
-133
-344
621
-542
309
-54
-74
184
-386
493
-412
66
202
-224
93
-134
254
-383
212
98
-349
315
-216
338
-418
313
129
-428
520
-375
272
-117
79
93
-404
369
-42
-225
81
67
-26
-170
164
-141
-22
112
40
-297
342
24
-322
401
-354
180
-3
-138
271
-357
454
-159
-155
450
-504
487
-356
83
282
-620
715
-570
127
119
-331
603
-727
667
-272
-180
426
-471
320
-373
467
-267
-196
642
-559
251
88
-156
-6
0
288
-402
307
-58
-196
159
-97
-50
-51
142
-221
9
83
-196
108
-16
14
-47
39
-24
-78
226
-235
142
-128
146
-164
-39
149
-251
161
-156
193
-144
127
306
-484
432
-107
53
12
-136
517
-766
540
52
-529
620
-406
398
-319
57
471
-849
604
-122
-248
184
-171
357
-659
617
-38
-593
826
-489
159
-146
265
-56
-349
581
-509
266
-146
163
-150
-149
417
-390
87
134
47
-325
335
-54
-209
98
33
169
-502
505
-273
-221
369
-409
337
-328
194
242
-586
689
-269
-36
355
-451
551
-416
180
97
-337
496
-428
356
-330
224
53
-364
387
-252
223
-299
329
-342
164
178
-468
436
-345
293
-122
-54
201
-182
307
-198
57
105
-31
71
-146
141
27
-109
138
22
-185
205
-65
-240
352
-386
237
-135
3
105
-384
411
-469
294
-90
29
-18
-168
373
-538
422
-320
188
53
-216
513
-622
493
-65
-283
439
-369
439
-415
141
338
-854
841
-432
29
201
-211
282
-470
491
-331
-90
233
-188
-110
31
-102
-91
58
-217
231
-267
120
162
-339
323
-168
119
-182
253
-42
-241
343
-263
131
-203
309
-204
-88
621
-629
360
-3
33
-50
-228
602
-765
544
-63
-351
426
-402
490
-560
324
181
-450
439
-351
301
-182
-41
369
-569
449
-128
-56
138
-177
559
-642
461
82
-253
305
-125
177
-332
412
-149
-295
353
-100
-18
-261
399
-383
57
254
-481
288
-328
362
-291
-280
753
-810
442
-57
-180
331
-506
693
-481
91
486
-584
326
68
-25
-50
55
120
-171
-43
215
-274
-153
489
-443
-20
156
-148
37
-191
257
-294
-16
216
-333
-40
172
-58
-223
222
-15
-146
195
-68
168
-150
329
-16
-173
490
-302
313
-350
347
-70
-449
653
-433
105
61
8
-172
-119
443
-681
319
31
-296
173
-227
200
-422
227
50
-446
477
-194
-62
222
35
-28
-44
298
-252
103
144
-231
212
-11
57
-127
175
-113
-162
345
-489
279
112
-467
347
-169
82
-193
45
258
-490
543
-289
-48
452
-377
333
-156
264
2
-214
432
-147
289
86
-196
447
-121
-63
80
-86
179
-143
77
-199
105
13
-245
63
35
-62
-38
-109
-120
211
-275
-6
60
-46
-10
-86
164
-271
284
-75
-285
296
-84
-108
14
121
-113
103
61
-194
280
-13
-54
139
19
60
-18
127
-121
73
100
-264
247
-21
-86
81
37
0
-113
40
60
-175
151
10
-128
6
-62
30
-323
176
84
-321
285
-120
-51
-109
14
231
-429
496
-47
-337
385
-252
112
-174
371
-236
-208
436
-590
182
-68
-52
-69
-49
120
-395
212
-119
-173
12
-110
60
-294
167
-31
-90
261
-40
148
-83
249
5
-49
323
-182
262
85
-72
144
19
61
-20
102
-100
-81
86
-188
-48
-16
4
-200
0
145
-284
207
-107
-34
46
-74
86
-141
419
-91
53
275
-116
263
85
-8
185
111
68
22
95
-29
6
72
-145
-155
163
-207
-325
292
-470
-165
59
-338
7
-60
18
-410
281
-70
-273
338
-167
-59
14
114
-94
184
287
-214
227
-7
-135
127
-53
59
191
160
-40
159
164
-108
174
-5
-192
94
75
-134
-51
127
-144
-135
131
-111
-16
74
-44
-103
-31
95
-157
73
31
-59
126
-38
107
3
56
21
-75
63
-6
106
-19
45
90
-11
84
-15
-30
74
30
123
-121
-3
147
-183
142
-102
-74
-7
-201
44
-189
-7
-55
-5
13
29
274
-171
61
345
-43
42
391
151
176
231
-166
-216
-30
149
-22
316
465
25
-127
-293
-461
-381
-158
-15
9
33
-222
-619
-555
-541
-499
-174
3
205
-12
-171
-216
-238
-20
87
185
320
528
266
199
314
143
185
232
385
375
354
427
-103
99
-207
-482
-38
-222
107
-245
-96
-233
-536
-246
-595
56
68
43
76
-142
-11
-75
111
226
393
596
190
-86
86
33
105
487
692
430
424
-23
-521
-310
-157
-92
128
396
-89
-366
-548
-770
-648
-340
-289
-93
169
-121
-291
-323
-311
-265
-173
-139
108
370
324
237
342
255
86
153
230
246
426
386
229
207
-2
-186
-242
-173
-113
-137
-122
-12
-134
-207
-226
-314
-205
-275
-344
-215
-30
-9
35
3
30
-3
162
215
549
739
650
889
238
-251
-275
-167
117
512
975
662
607
131
-900
-845
-465
-259
92
516
316
-143
-388
-969
-1153
-532
-440
-209
452
327
-107
-210
-471
-526
-240
-101
126
774
839
307
269
188
-131
-21
37
128
797
726
128
126
114
-397
-413
-63
-25
197
48
-347
-213
-133
-627
-476
121
61
-63
-40
-218
-171
-2
-432
-288
406
318
400
681
829
643
-253
-721
-632
30
242
488
1018
827
343
-658
-1510
-683
37
51
562
792
54
-715
-1042
-1284
-760
-53
-117
341
971
150
-588
-380
-446
-304
88
149
599
1231
603
-231
137
60
-455
-99
353
668
1067
401
-319
-87
-136
-642
-353
170
128
23
-246
-483
-269
-362
-608
-176
315
118
-202
68
54
-13
-50
-306
114
639
503
580
828
937
326
-848
-759
-121
256
527
870
823
457
-419
-1808
-1769
-323
-32
-47
872
448
-744
-1355
-1437
-1336
-83
270
33
1066
1111
-360
-868
-385
-337
-51
369
564
1425
1679
144
-354
192
-200
-290
337
774
1199
915
-565
-965
-344
-743
-1111
-144
234
-83
-242
-807
-887
-283
-468
-607
508
642
-88
-169
-4
69
296
166
157
926
1260
555
738
1160
1042
816
-564
-818
36
447
24
702
1160
240
-477
-1604
-2461
-920
232
-269
515
1007
-767
-1905
-1655
-1811
-875
610
281
772
1715
121
-1225
-432
-79
52
898
1156
1579
2304
1050
-712
28
174
-539
122
938
1112
1165
-35
-1470
-863
-552
-1381
-765
328
40
-462
-939
-1443
-958
-582
-978
-92
947
247
-421
-35
-33
161
560
303
794
1471
733
245
972
1454
1035
1229
1078
-463
-589
-265
-209
529
1328
450
-178
-376
-2163
-3191
-1169
197
-247
477
168
-1322
-1732
-2011
-2298
-512
1016
192
569
1562
314
-745
-226
-37
596
1233
860
1527
2645
1340
-398
171
354
120
368
563
971
1312
-468
-1951
-791
-296
-1326
-1010
-259
-437
-598
-1385
-1824
-752
-276
-1238
-615
774
244
-633
-421
-19
512
763
301
888
1849
1110
21
611
1344
1451
1508
1464
1663
289
-1794
-1675
211
792
490
532
231
-337
-1814
-3771
-2432
700
441
-587
537
43
-1641
-2235
-2187
-1362
959
792
6
1976
2054
-744
-1136
163
468
1295
1612
1698
3073
2629
-728
-1013
553
-104
-346
615
937
1257
612
-2155
-2290
-158
-1040
-2232
-425
411
-473
-901
-1715
-1768
-592
-711
-1240
742
1697
125
-645
-279
-80
388
577
906
2309
2335
219
-464
491
863
873
1479
1909
2083
1868
-1351
-3126
-1056
303
-217
661
1532
359
-519
-2213
-4621
-2625
704
-212
-83
2230
676
-2241
-2395
-2392
-1857
1014
918
482
3184
2678
-1205
-1457
-28
-253
800
1616
1555
3150
3095
-850
-1509
203
-474
-921
48
526
1508
1161
-2336
-2757
-212
-1091
-2659
-550
723
54
-316
-1742
-1883
108
-216
-1611
688
2381
407
-852
-138
280
824
544
157
1750
2495
458
-522
462
438
85
416
1054
1872
1986
539
-420
-1975
-2779
-1786
121
1171
1824
1051
-629
-1095
-2843
-4647
-1405
2187
1438
1276
1764
-438
-2234
-2314
-2979
-840
2794
1574
843
3256
1653
-2291
-2184
-669
218
2091
1664
1125
3129
2038
-2658
-2826
-221
485
736
566
407
1692
47
-4143
-2896
738
-119
-1402
287
954
370
-1003
-2997
-1562
1634
614
-1029
1414
2643
41
-1832
-1227
502
1656
645
-15
1722
1753
-710
-1639
-185
874
657
-52
374
1733
1491
-348
166
983
-2436
-3604
-782
1888
1865
1510
-188
-589
-95
-3580
-5223
827
4535
992
483
1564
-808
-3018
-3023
-3037
875
3914
818
376
3290
327
-4348
-2915
-199
1554
2692
1128
978
3425
651
-4660
-2817
1150
1562
921
748
1349
2048
-1789
-5646
-1985
2414
753
-714
1218
1459
-179
-2811
-3899
-454
2761
828
-223
2393
2189
-1600
-3181
-1364
1203
1857
178
18
1921
964
-2298
-2586
9
1263
552
-222
336
1635
1047
-722
36
2760
248
-4225
-2218
2588
2344
399
294
218
794
-780
-5220
-2677
4524
2988
-1809
738
1721
-2431
-3911
-2683
-1196
2858
2370
-1489
1069
3449
-2271
-5168
-774
1940
2196
1210
-85
1724
3233
-1845
-4255
496
3032
959
-99
584
2166
1686
-3268
-4511
970
2816
-1008
-1173
1350
865
-1659
-3637
-2709
1346
2158
-1131
-496
2551
942
-2989
-2899
123
2240
1142
-963
364
2175
-65
-2604
-1024
1467
1717
265
-279
795
1601
38
-785
1342
3650
1393
-3886
-3235
1546
2295
-611
19
1459
1070
-695
-4238
-4111
2007
3190
-1905
-50
3255
-680
-4413
-2851
-1844
416
2050
-740
144
4170
463
-5093
-1996
1901
1585
1004
784
1849
3917
711
-3956
-1357
2419
1114
-407
535
1990
2561
-879
-4404
-1371
1940
-543
-2302
511
1512
-512
-2768
-3178
-403
1576
-805
-1612
1953
2684
-1011
-2873
-806
1327
1280
-489
40
2260
1594
-1279
-1364
803
1474
509
-234
336
1258
812
-209
803
2702
2519
-2130
-4595
-977
2172
635
-134
1132
471
-273
-2108
-4946
-1838
3531
1213
-1356
2115
1248
-3505
-3734
-1908
-1231
2094
2191
-65
2234
2907
-2886
-4487
176
2020
1933
1834
1500
2266
2405
-2028
-3615
102
2153
791
121
918
1904
1115
-2918
-4167
-505
893
-1366
-1055
1110
819
-1359
-3173
-2604
146
913
-829
159
2790
1737
-1728
-2399
152
2070
1009
-363
933
2032
634
-1083
-683
851
1560
509
-558
237
1251
392
-131
1224
2931
886
-4141
-3874
903
2287
-412
-374
647
908
-191
-3943
-4660
1613
4113
-536
-238
2332
-573
-3882
-2744
-1564
1099
3109
709
396
3408
658
-4696
-2652
1976
2969
1696
475
1134
2838
228
-4016
-2145
2018
2079
-236
-465
1232
1954
-1472
-4843
-2272
1846
595
-1694
-62
1393
-186
-2819
-3121
-566
1771
352
-761
1655
2959
-359
-3038
-983
2179
2186
-257
-249
1630
1456
-979
-1775
-210
1437
982
-516
-428
650
502
-516
297
2414
2501
-2325
-5154
-1303
2452
959
-302
696
877
874
-1790
-5411
-1745
4464
2152
-967
1842
1084
-2986
-3274
-1890
-815
2525
2104
-188
1825
2263
-3029
-4550
-163
2427
2374
1088
581
1705
1369
-2735
-3435
391
2674
1290
-307
134
1691
554
-3315
-3373
405
1833
-313
-778
362
416
-1272
-2887
-1743
997
1173
-477
664
2418
1013
-1949
-1964
625
2295
835
-910
376
1353
-76
-1427
-847
472
1498
417
-841
-445
496
41
281
1828
2689
1229
-3427
-4284
-277
2300
596
691
1409
1123
468
-2892
-5295
-336
4371
1238
-12
1840
-260
-3458
-2908
-2275
-522
2770
1729
178
1908
771
-3847
-3380
682
2610
2152
1031
721
1519
396
-2833
-2098
1291
2799
1095
-363
269
1604
-317
-3640
-2268
1583
1729
-650
-686
-77
-628
-1875
-2509
-1128
1542
1284
-519
301
1486
-584
-2548
-835
1818
2172
484
-484
115
514
-378
-953
-208
1552
1796
138
-1162
-332
571
412
1074
2414
2761
-1094
-4623
-2757
1307
1712
734
1020
1091
1235
-1313
-5604
-3724
3200
3509
322
961
609
-2330
-3421
-2831
-1912
1918
3069
938
1009
1692
-1966
-4233
-1432
1906
2830
1824
1067
1394
1329
-1560
-2802
-504
2433
2178
26
-407
1176
813
-2744
-3608
-323
1919
477
-924
-738
-446
-1152
-2281
-1900
525
1814
287
17
1045
192
-1991
-1316
1342
2542
1446
-282
-393
337
142
-722
-433
938
2167
737
-1368
-1666
-333
318
864
1957
2573
1704
-2585
-4932
-2063
1481
1305
1263
1493
1155
483
-2867
-6091
-1941
4077
3076
1143
1206
-612
-2874
-2996
-2890
-853
3279
3140
1219
1470
401
-3307
-3771
-600
2456
3203
1892
814
874
-58
-2472
-2378
304
2937
2161
-4
-339
682
-898
-3543
-2297
1074
1980
476
-644
-815
-818
-1562
-2334
-1437
1334
1917
413
390
509
-1168
-1962
2
1802
2185
1324
-246
-606
16
-341
-674
310
1748
1856
-54
-1890
-1546
80
754
1661
2455
2390
-339
-4211
-4198
-469
2010
1666
1659
1388
1058
-1087
-5074
-4854
1660
4913
2606
1046
-158
-2084
-3233
-3251
-2378
1651
4013
2312
803
322
-2022
-3910
-2244
1328
3565
2864
1153
343
-71
-1798
-2659
-1062
2076
3313
1387
-222
85
-95
-2580
-3135
-321
2199
1653
-223
-1102
-1268
-1454
-1866
-1716
160
2324
1597
147
-256
-919
-1896
-440
1941
2282
1387
-32
-1013
-969
-578
-468
406
1696
2317
593
-1784
-2442
-717
902
1618
2454
2652
1514
-2578
-4999
-2893
845
2361
2531
1843
1108
212
-3422
-6309
-2153
4075
4687
2567
454
-1947
-3219
-3513
-3237
-365
3593
3682
1733
219
-1432
-3408
-3387
-564
3219
4085
2027
378
-474
-1272
-2056
-1469
568
3427
3099
410
-805
-674
-1740
-2523
-822
1586
2421
758
-1464
-2312
-1859
-1492
-1197
-203
1564
1759
47
-1040
-1378
-1536
-390
1750
2157
1371
317
-865
-1136
-400
339
1033
1746
1997
1129
-1197
-2264
-1234
720
1777
2797
2393
1235
-230
-3536
-4516
-1493
2006
2726
2737
968
-612
-1614
-4264
-5247
-56
4934
4342
1664
-1371
-3365
-3457
-3006
-2090
1718
4587
3511
831
-1577
-3085
-3144
-1490
1557
4464
3920
1287
-619
-1642
-1775
-965
146
2042
3933
2234
-685
-1878
-1777
-1665
-834
609
1863
1623
-688
-2589
-2881
-2072
-923
102
526
1255
802
-1073
-2141
-1805
-744
1335
2772
1641
161
-635
-1126
-984
4
1164
2160
2165
1014
-530
-1907
-1758
67
1715
2166
2363
1218
-222
-457
-2132
-3540
-1265
2069
2545
1805
323
-1342
-1436
-2506
-4191
-1110
4052
4565
1475
-1677
-3482
-3094
-2284
-1587
1207
4339
3658
567
-2249
-3357
-2566
-699
1636
3885
3751
914
-1467
-2089
-1411
-228
697
1927
3412
2253
-837
-2401
-1700
-671
217
1065
1471
1045
-776
-2272
-2285
-1474
-311
508
513
465
145
-1192
-2007
-1249
-102
1155
1919
755
-755
-969
-846
-641
373
1437
1775
1473
344
-1026
-1359
-848
498
1632
1848
1397
469
-488
-536
195
-629
-1016
163
1189
1025
391
-800
-964
222
-905
-2696
-831
2074
1944
249
-1270
-1942
-1301
-1300
-1209
762
2681
1700
-351
-1947
-2079
-980
-2
979
2543
2213
-95
-1278
-1152
-304
571
1060
1524
2440
1246
-1134
-1805
-836
346
1310
1086
288
79
-590
-1587
-1652
-822
207
736
221
-478
-963
-1404
-1188
-330
310
784
624
-468
-854
-542
-557
-210
826
1281
1112
603
-477
-840
-193
526
932
1341
938
331
-92
-377
-30
912
1250
110
-439
-447
-322
-334
143
372
884
741
-1142
-2635
-1480
533
1231
880
-120
-867
-1044
-1551
-1595
11
1617
1588
702
-567
-1484
-1542
-914
466
2117
2161
665
-425
-861
-642
-110
472
1405
2476
1518
-513
-1400
-989
-342
488
917
938
808
-326
-1673
-1873
-819
219
575
226
-102
-423
-1209
-1573
-900
19
574
580
-215
-623
-438
-707
-676
477
1289
918
288
-163
-184
139
268
431
1064
1121
361
-347
-458
-12
675
1072
1126
551
-738
-1437
-1039
-26
741
925
422
202
-527
-2089
-2338
-420
1503
1876
1123
-279
-1133
-1673
-1990
-1048
1100
2275
1672
106
-1329
-1695
-1534
-646
1383
2805
1963
129
-1406
-1911
-1064
105
1195
2433
2212
-23
-1946
-2119
-1032
515
1520
1548
1216
167
-1541
-2401
-1604
269
1663
1621
543
-539
-1498
-1867
-1231
-15
1120
1425
536
-758
-1317
-1367
-867
392
1533
1502
440
-766
-1049
-643
-153
532
1183
1230
500
-375
-985
-752
165
813
934
929
486
-400
-927
-741
113
846
850
466
192
-356
-1004
-1052
-252
840
1294
864
-93
-809
-1085
-1100
-465
502
990
615
-175
-778
-929
-834
-525
303
1166
1052
126
-726
-1018
-635
-7
353
776
1051
594
-309
-762
-486
162
656
637
506
397
-163
-784
-711
-52
606
746
132
-479
-562
-536
-526
-249
129
179
-174
-508
-551
-357
-142
61
426
422
37
-377
-504
-110
451
561
314
281
190
-116
-349
-112
472
802
595
247
61
-101
-288
-215
162
609
690
217
-269
-326
-258
-303
-89
320
380
85
-211
-342
-297
-225
-157
54
354
244
-317
-682
-475
-137
39
74
81
126
46
-287
-484
-281
112
337
402
393
209
-169
-465
-245
299
580
552
419
203
-93
-444
-667
-385
271
506
174
-133
-372
-608
-617
-272
199
502
431
90
-206
-369
-438
-393
-60
444
610
193
-338
-529
-411
-164
93
316
478
447
118
-212
-304
-278
-71
312
556
501
241
-135
-363
-251
-105
42
334
541
447
108
-280
-412
-272
-74
198
489
501
173
-238
-553
-574
-285
57
271
284
104
-225
-537
-628
-350
90
406
573
434
-18
-382
-399
-152
155
424
540
426
181
-87
-328
-377
32
489
511
259
12
-274
-511
-474
-270
-70
98
118
-85
-272
-315
-353
-287
-12
228
245
64
-195
-391
-307
-177
-95
131
334
261
77
-6
-99
-155
32
253
343
290
87
-133
-116
27
87
164
227
221
111
-17
-185
-250
-127
50
165
207
111
-36
-109
-126
-110
-61
34
35
-49
-68
-90
-158
-117
84
184
146
112
50
2
17
77
111
264
396
219
57
50
-11
-138
-122
48
164
145
-1
-173
-192
-169
-193
-161
-77
-34
-48
-89
-147
-145
-145
-153
-132
-76
-92
-160
-104
27
82
10
-85
-51
27
20
15
87
182
246
196
109
16
-1
36
116
222
209
153
56
5
-14
-11
5
8
29
16
-14
-47
-68
-103
-119
-98
-138
-177
-75
-54
-72
-44
-49
-171
-196
-35
52
129
143
87
48
77
84
78
157
218
196
144
71
50
26
-16
132
295
273
114
-47
-157
-162
-127
-70
19
67
-2
-196
-360
-353
-202
-61
84
191
119
-151
-369
-330
-130
65
139
159
171
0
-212
-240
-118
55
217
291
215
38
-113
-136
34
212
262
235
152
63
-82
-183
-208
-91
31
70
30
-29
-108
-198
-176
-128
-92
-67
27
37
-45
-110
-139
-142
-47
39
15
35
56
17
-48
-68
-54
-21
48
89
128
140
128
72
-10
-59
25
149
228
214
112
-77
-208
-193
-76
66
142
169
103
-14
-168
-269
-184
50
207
148
-29
-109
-139
-126
-89
44
206
209
89
-105
-192
-172
-105
69
236
268
139
-77
-147
-56
50
160
236
267
134
-75
-210
-208
-40
133
243
204
104
-95
-276
-268
-198
-94
45
124
73
-42
-219
-328
-235
-1
132
87
-2
-142
-255
-292
-222
-94
39
128
108
32
-30
-64
-77
-24
160
284
208
95
22
-25
-52
-36
81
192
147
-22
-174
-187
-135
-26
25
98
237
171
-73
-221
-189
-89
79
206
231
164
-10
-204
-211
-86
46
123
165
146
31
-134
-202
-44
201
341
283
155
16
-75
-109
-75
33
118
164
113
-20
-108
-174
-192
-105
39
149
191
105
-2
-9
-85
-160
-110
25
78
15
-46
-76
-111
-165
-191
-100
96
156
40
-57
-36
-18
-66
-72
65
184
142
9
-91
-153
-206
-186
-37
158
243
141
-17
-91
-102
-150
-143
28
192
168
-7
-126
-173
-153
-78
45
183
220
75
-103
-108
-16
-12
-14
94
184
100
-76
-161
-91
41
131
129
96
69
-11
-59
-36
27
82
119
125
91
-4
-98
-135
-75
43
127
111
64
-13
-111
-166
-109
51
157
147
47
-47
-109
-145
-152
-79
90
204
138
-71
-192
-185
-126
-36
66
147
150
48
-108
-178
-138
-77
10
108
132
55
-130
-210
-82
65
105
95
118
49
-113
-235
-216
-58
80
117
109
98
34
-117
-193
-118
5
63
40
31
53
40
-31
-77
-16
58
32
-8
-1
18
10
-6
1
12
5
-18
-1
43
21
-42
-44
9
83
116
105
98
104
52
-33
-35
44
89
78
33
-8
-31
-54
-80
-67
32
87
55
-16
-62
-78
-75
-70
-71
-49
-1
-3
-58
-116
-120
-47
22
48
44
22
-6
-18
-26
-40
-52
-1
82
101
74
-18
-101
-99
-31
33
80
147
149
80
2
-37
-15
45
80
63
29
-10
-84
-135
-92
-15
10
-10
-60
-106
-125
-127
-100
-52
4
30
27
23
3
-29
-35
28
120
144
99
72
72
79
88
108
141
127
89
25
-14
-8
16
62
104
123
62
-18
-72
-77
-54
-17
8
-5
-40
-81
-98
-107
-114
-97
-69
-20
11
-18
-64
-62
-15
11
0
-26
-49
-40
-10
1
9
24
58
73
67
70
38
7
14
34
61
64
56
28
-11
-27
-41
-56
-57
-34
-7
-19
-57
-78
-63
-61
-77
-84
-79
-58
-47
-37
-40
-26
-41
-65
-28
32
67
16
17
87
116
111
86
78
74
47
0
0
49
78
61
59
62
24
-10
-18
1
37
32
-29
-61
-81
-121
-126
-100
-54
-36
-37
-45
-86
-92
-71
-46
16
42
4
-39
-17
26
31
36
34
50
73
66
64
85
102
112
131
118
89
71
71
51
29
26
3
-10
-3
10
-5
-42
-41
-60
-74
-55
-69
-88
-75
-66
-54
-52
-79
-92
-88
-60
6
40
30
0
-14
5
-1
46
74
50
87
65
11
28
48
59
87
98
66
48
42
19
32
65
30
2
9
-8
-19
-35
-70
-72
-36
-27
-25
-15
-56
-106
-113
-85
-54
-21
-4
-13
-17
-35
-39
-16
12
34
25
22
25
23
59
92
95
94
65
35
25
-13
-32
-41
13
62
35
1
-41
-66
-56
-13
6
0
-9
-46
-73
-67
-47
-50
-41
4
3
-23
-43
-76
-46
15
34
36
23
5
-12
-30
-40
-31
-7
15
16
19
10
-20
-31
-19
-6
32
41
11
-16
-40
-53
-61
-53
-22
5
-3
-3
-6
-28
-49
-42
-1
11
7
-7
-32
-28
-21
-28
-19
19
48
50
37
28
26
28
52
64
69
52
33
23
32
59
64
41
28
24
15
1
-7
-10
3
26
18
-5
-21
-46
-67
-41
-22
-20
-25
-46
-50
-48
-58
-59
-20
26
50
34
-4
-12
9
19
17
40
67
62
51
41
29
35
45
62
61
61
37
2
-9
-3
1
-18
-34
-27
-26
-36
-49
-42
-19
-12
-24
-46
-57
-59
-59
-50
-35
-20
-14
-18
-28
-24
-3
2
0
14
38
38
18
12
9
15
30
30
9
-3
0
-7
4
17
18
24
40
46
9
-18
-13
-6
18
32
28
12
-16
-37
-32
11
40
36
20
1
-5
-13
-17
-9
9
12
-15
-38
-35
-15
17
42
53
47
15
-15
-30
-24
18
55
55
43
9
-28
-42
-29
-15
2
51
38
-7
-25
-53
-40
21
44
20
-7
-16
-31
-38
-35
-17
16
26
6
-31
-57
-59
-26
7
5
12
-3
-46
-39
-12
2
12
8
-16
-28
-17
-25
-25
12
34
44
37
26
6
-1
12
25
48
52
48
58
44
9
-2
3
23
44
44
28
10
7
-27
-43
-20
-4
8
20
2
-39
-51
-45
-39
-5
20
5
-3
-3
-7
-8
-4
5
10
21
8
-18
-15
-12
-5
23
36
22
8
-10
-37
-31
7
18
8
16
-1
-27
-23
-41
-66
-35
3
-6
-13
-25
-53
-56
-40
-29
-30
-23
-26
-32
-46
-54
-53
-41
-23
3
13
-11
-10
15
22
29
44
18
-12
-18
-13
28
76
109
121
107
59
-42
-115
-84
8
121
183
173
111
10
-106
-177
-129
-18
119
193
129
22
-109
-189
-177
-96
30
119
141
66
-43
-98
-138
-95
-18
31
63
60
27
-7
-13
16
51
74
43
-20
-70
-91
-58
12
102
159
139
76
-48
-201
-238
-175
-29
169
281
243
97
-97
-295
-382
-281
-68
177
368
361
174
-83
-314
-407
-316
-83
179
354
389
264
39
-175
-304
-293
-151
58
240
314
241
88
-63
-181
-239
-195
-79
36
154
190
131
35
-86
-187
-230
-189
-125
-22
85
106
93
42
-52
-124
-131
-104
-51
34
83
103
105
41
-36
-73
-62
-13
46
91
96
69
19
-56
-85
-74
-27
42
63
57
28
4
-21
-52
-40
-14
13
41
33
4
-18
-43
-51
-55
-40
-8
31
70
54
29
14
-8
-31
-20
-13
23
78
88
97
71
49
7
-17
-3
13
43
84
118
85
41
-53
-88
-123
-141
-58
-14
51
70
20
-37
-80
-99
-157
-144
-66
-54
16
66
48
56
-31
-66
-72
-46
-2
38
151
152
160
135
9
-41
-70
-82
-35
64
189
175
193
113
-51
-103
-212
-185
-28
150
274
251
161
-55
-257
-325
-327
-161
73
180
231
218
-7
-226
-290
-312
-230
-10
136
202
288
185
6
-152
-249
-213
-127
70
235
349
383
263
57
-147
-251
-247
-105
51
291
447
315
145
-50
-314
-410
-287
-86
38
303
382
117
19
-158
-457
-396
-180
-47
58
268
345
139
90
-89
-475
-389
-193
-115
193
369
375
253
76
-194
-457
-323
-93
128
315
285
248
26
-262
-197
-235
-75
162
63
73
3
-36
-61
-57
160
-20
-120
-50
-309
-119
39
27
220
153
64
-256
-123
-179
-220
312
0
103
273
-12
-7
-85
37
-19
22
158
-190
37
287
28
80
81
-37
-69
31
-117
-132
146
103
-55
-75
63
-58
93
45
-259
19
-125
-276
-21
170
198
215
256
-282
-245
-79
-484
55
293
285
265
306
30
-402
-94
-353
-208
132
119
249
256
249
98
-278
-339
-437
-256
148
109
506
306
92
-118
-654
-401
-145
185
348
386
439
-11
-316
-294
-544
-80
299
190
535
77
84
-158
-410
-273
-150
57
126
378
149
-71
-23
-147
-391
199
156
80
526
119
-93
-18
-302
-92
19
122
197
64
217
-302
-55
23
-207
403
-31
89
31
-131
-211
-159
214
-199
44
239
-128
-79
-67
-237
-112
105
-28
-161
98
57
-72
-250
14
-67
-183
372
-247
80
79
-218
-19
-130
253
-344
174
278
-343
330
-144
-191
306
-11
0
-138
411
33
-153
443
-391
0
217
-151
-41
297
175
27
203
-108
-123
77
86
-148
348
38
-254
138
-300
-75
185
-3
106
129
-192
-239
-360
-35
28
181
190
96
75
-328
-188
-229
-103
253
263
1
237
-179
-235
-33
-209
212
62
280
117
-228
227
-381
68
374
-227
346
-60
-64
37
-66
87
-197
413
-218
-133
139
-404
155
-10
118
-112
169
-102
-379
339
-385
120
167
-112
324
-158
-87
-88
138
-270
94
225
-300
458
71
-268
138
232
-490
122
333
-434
253
-91
-3
-194
280
114
-347
686
-472
-175
39
-307
-9
113
236
-80
295
-54
-477
158
-315
-53
209
190
77
-8
388
-769
357
-241
-297
442
-216
183
-43
246
-328
54
228
-461
259
-78
-190
136
245
-59
-22
441
-593
-127
106
-359
80
355
99
-231
633
-592
-241
312
-221
223
66
400
-452
278
-66
-366
269
36
280
-127
189
-202
-187
91
15
-72
407
-163
88
-208
-430
328
-512
475
262
42
149
-84
-264
-226
-96
142
80
214
497
-443
-2
-193
-310
-192
498
-83
212
381
-283
0
-394
79
-398
308
271
-208
633
-225
-97
180
-365
75
-58
80
-55
50
265
-336
118
167
-417
246
60
-320
178
93
-190
35
264
-123
-34
160
-159
-291
170
-32
-160
508
71
-208
133
-198
-403
114
193
-245
517
55
-469
396
-512
-11
136
295
25
63
304
-843
511
-323
-208
680
-273
248
-57
-15
-204
-154
299
-365
292
190
-425
155
9
-348
85
-4
-89
172
-170
362
-401
237
106
-751
852
-745
477
138
-67
352
-550
644
-912
498
-129
-309
776
-374
301
-254
157
-364
-162
440
-491
603
-49
-135
145
-304
239
-636
591
-127
-158
621
-592
538
-643
256
69
-434
962
-746
505
-150
-363
437
-514
427
42
-95
255
-308
111
-241
21
325
-386
237
-1
-224
60
-84
29
132
41
437
-617
129
92
-715
448
-160
161
68
-3
158
-647
247
36
-282
413
147
-136
324
-213
-91
-147
36
173
32
333
-166
190
-325
-68
-154
220
-211
411
277
-529
435
-745
35
-103
137
187
-325
788
-502
-137
158
-659
346
-20
89
219
-140
430
-322
-16
-151
-9
99
-54
534
-157
302
-16
-51
-221
105
-23
-146
577
23
34
108
-148
-232
56
-159
-127
366
50
-124
155
-242
-158
-75
21
-147
26
413
-418
126
27
-346
107
-70
203
-238
430
48
-276
398
-333
75
4
-16
79
-161
346
-226
109
103
-180
-5
-18
89
-320
412
-204
-13
253
-339
143
-195
106
-214
39
210
-372
550
-288
-26
179
-262
128
-215
297
-377
531
50
-408
748
-558
124
151
-225
269
-98
350
-186
-102
275
-656
275
152
-439
493
-117
-24
-28
-154
-21
-401
407
-147
-171
561
-351
-174
328
-370
62
-70
124
-84
-36
312
-390
180
-70
64
-195
189
19
-144
293
-240
246
-127
40
178
-202
-88
309
-372
149
325
-385
243
-65
37
-451
409
-98
-225
506
-290
207
-290
418
-487
92
358
-577
609
-381
231
-92
-318
425
-441
403
-279
87
209
-623
731
-529
92
274
-244
114
-165
310
-443
422
-55
-129
189
-218
271
-299
153
49
76
191
-323
373
-471
43
344
-434
303
14
58
-265
98
140
-459
483
-250
228
-136
34
156
-394
347
-163
102
-260
360
-29
-441
531
-154
-185
200
207
-555
180
388
-626
341
209
-199
15
276
-358
-195
333
-253
49
242
95
-281
364
-195
-349
369
-433
272
-26
45
-3
-277
349
-471
85
119
-286
473
-433
322
-165
-245
473
-629
462
-170
-95
271
-330
428
-394
279
-60
-180
394
-440
307
-115
44
74
-168
447
-498
207
169
-408
322
-98
177
-306
385
-165
-280
626
-332
93
12
192
-405
192
417
-691
559
179
-483
419
-180
64
-166
132
397
-844
776
-48
-552
620
-441
253
-386
414
-113
-487
735
-536
95
-40
146
-185
-251
465
-443
65
80
82
-230
-15
467
-570
179
162
-129
-114
153
281
-546
385
56
-146
3
173
226
-566
605
-110
-187
154
123
-147
-100
499
-485
306
-208
170
-66
-278
440
-427
275
-75
-125
225
-284
82
81
-76
-59
133
166
-388
399
51
-503
473
-185
-110
-85
248
-39
-408
781
-641
-13
443
-397
20
323
-144
-129
240
-33
-449
501
-243
-188
489
-439
285
-397
275
-337
-125
423
-534
472
-229
-57
152
-216
-64
93
24
-118
77
276
-234
-92
534
-687
201
321
-327
-74
358
14
-529
511
-105
-493
665
-265
-130
476
-382
197
-216
269
-381
183
137
-420
506
-311
114
-157
154
-65
-363
507
-305
-64
343
-105
-98
109
27
-328
251
-5
-315
415
-362
205
-235
10
39
-35
162
-347
583
-535
165
124
-218
176
111
-72
-203
432
-351
35
100
122
-2
-125
455
-514
279
164
-496
420
-134
25
6
6
59
-250
272
-409
248
-19
-307
497
-358
198
-160
96
-100
-229
606
-629
356
173
-296
63
-12
197
-357
456
-32
-60
174
118
-254
61
31
-163
218
-231
439
-273
148
148
-193
58
-28
207
-259
236
64
-190
169
113
-204
-43
167
-46
-234
466
-120
-311
612
-455
-27
154
10
-239
277
46
-414
513
-478
259
-277
138
107
-406
667
-541
186
67
-334
276
-138
120
-113
245
-239
62
138
-509
580
-496
316
-72
-113
339
-655
633
-587
171
68
-285
476
-573
547
-243
-157
308
-224
-176
311
-2
-311
425
-101
-197
88
164
-249
-77
436
-406
102
290
-222
108
-141
242
-249
-120
428
-253
-5
248
-19
-345
274
21
-310
332
-98
55
-239
234
-101
-285
376
-147
-106
87
147
-312
201
264
-438
266
109
-386
298
40
-167
152
37
-68
-86
109
6
-121
340
-394
397
-274
27
259
-501
445
-180
-39
-15
297
-509
266
200
-625
403
-102
-15
-200
438
-225
-432
835
-753
165
319
-356
312
-264
371
-493
227
310
-586
570
-260
-15
12
126
-233
94
255
-477
485
-152
-171
215
-48
-170
97
197
-271
164
144
-159
-254
570
-460
-168
855
-923
479
136
-345
321
-260
553
-693
346
246
-807
872
-350
-156
251
-165
55
-400
570
-406
-166
714
-738
305
131
-153
-92
95
196
-490
385
-18
-183
181
-25
-20
-268
471
-248
-86
416
-418
269
-107
-19
102
-147
70
-98
147
-171
195
-72
-127
105
-57
-46
-33
347
-452
203
105
-308
368
-152
10
57
-176
229
-179
145
78
-181
189
-110
37
-20
162
-229
165
53
-307
278
-149
123
-179
202
-126
-352
649
-658
297
92
-262
268
-194
136
-94
-43
182
-190
57
167
-261
185
-136
63
-49
-78
202
-243
126
66
-97
75
19
13
-79
89
-55
-53
92
-250
190
-185
27
87
-198
275
-390
375
-124
-131
543
-454
305
-202
238
-399
239
186
-533
631
-357
59
33
-63
110
-209
168
62
-346
499
-405
62
222
-458
483
-408
390
-308
122
64
-560
652
-557
397
121
-342
510
-498
204
98
-201
285
-114
-15
-239
298
-82
-186
546
-392
85
62
-148
136
-108
315
-249
-10
138
-196
31
227
-14
-83
282
-373
130
95
-153
270
-57
53
-242
176
-134
-263
541
-370
69
194
-195
15
-30
249
-298
196
-15
-216
170
-114
112
-106
-17
103
-178
54
106
-107
161
-107
74
4
-74
79
48
-37
-53
211
-278
113
166
-194
6
172
-133
-59
149
-82
-27
-33
98
-65
-125
305
-181
29
38
101
-200
52
256
-480
476
-222
67
-10
-112
168
-321
404
-282
12
114
-181
52
-30
-85
-17
76
-60
27
-81
83
-201
226
-122
4
164
-133
31
24
-37
-39
252
-157
94
78
-177
27
179
-211
58
74
-130
-107
207
-195
-26
172
-313
205
-324
285
-225
66
192
-233
214
-255
91
-4
-122
192
-70
-94
218
-119
13
-27
16
-25
-149
230
-136
-30
155
-211
218
-195
82
113
-416
461
-319
30
89
1
119
-212
392
-452
354
-103
83
116
-174
277
-293
173
-113
42
129
-98
50
86
-310
283
2
-279
279
-55
-229
217
-42
-71
116
-14
-21
-206
325
-347
206
96
-204
207
-246
216
-246
238
-61
-37
97
-85
-73
-73
190
-256
347
-176
6
121
-183
73
-52
-3
83
-168
262
-162
-10
357
-399
248
-142
72
3
-70
335
-453
264
65
-372
388
-121
9
169
-219
181
-227
88
85
-191
295
-231
127
19
-218
256
44
-163
224
-28
-163
84
58
-89
-194
425
-439
148
143
-197
119
-28
70
-197
204
-100
-94
198
-210
142
-41
-112
90
-122
124
-258
332
-129
-167
418
-451
184
-73
107
-190
113
150
-434
363
-188
28
29
140
-121
-64
157
-174
135
-42
74
-118
113
42
-152
295
-241
110
-103
-118
145
-269
369
-334
217
-25
-264
296
-300
226
-49
158
-75
10
230
-401
395
-85
-158
309
-260
163
-198
197
-57
-301
635
-585
321
102
-360
393
-361
289
-305
135
154
-445
588
-367
61
123
-130
28
-42
169
-289
233
5
-191
244
-6
-195
222
-3
-154
234
12
-79
-16
225
-286
-9
305
-299
43
241
-251
-94
287
-280
48
49
17
-141
61
227
-457
400
-108
-249
371
-283
229
-198
39
224
-548
536
-184
-74
321
-240
182
-329
245
41
-456
611
-331
-152
317
-238
89
-97
183
-195
-74
284
-340
263
21
-206
140
-241
37
-22
-13
-38
117
-80
-109
61
-65
66
-32
168
-129
4
110
-84
-116
127
-85
-73
108
15
5
8
147
-109
27
51
18
-29
231
-75
-30
117
-216
139
-83
-78
189
-145
51
67
-121
56
-29
111
-212
54
226
-504
478
-241
-160
361
-354
300
-213
159
-27
-155
254
-224
-33
197
-140
-44
144
-50
-220
247
-66
-305
318
-97
-73
73
239
-201
-40
387
-443
105
171
-114
65
-54
252
-433
278
-39
-269
271
-158
158
-119
93
-53
-53
144
-209
167
-33
-150
279
-255
172
39
-20
148
-193
274
-227
75
151
-227
271
-179
52
-16
-33
53
-26
76
-65
34
-1
41
-110
79
-82
-103
170
-181
84
69
-68
203
-215
197
-62
-37
154
-198
296
-232
137
96
-224
93
32
-101
-30
155
-77
20
89
30
-75
-50
130
-82
-76
102
149
-295
95
243
-520
220
140
-200
113
100
61
-385
290
19
-318
357
-114
33
-83
61
-14
-371
381
-163
-159
202
-195
41
-130
71
-74
-88
121
-155
168
-131
113
41
-171
248
-167
67
-34
29
95
-234
199
-12
-191
141
-36
-39
101
74
-42
-31
91
-34
-135
54
166
-260
96
137
-154
46
121
39
-275
259
62
-340
196
185
-308
106
276
-288
-98
310
-160
-202
354
-219
-75
146
16
-74
23
132
-71
22
29
60
-84
135
17
-177
77
8
-109
126
-49
28
-18
-86
111
-179
155
-103
101
-104
34
9
-177
193
-140
102
-24
-22
-24
-15
-28
-8
4
-43
9
125
-153
20
201
-228
233
-76
-51
42
-102
57
-161
136
-90
62
69
-183
241
-141
-82
231
-204
99
9
-34
-2
-91
193
-253
136
15
-45
120
-126
198
-165
74
89
-113
219
-209
232
-101
-124
343
-291
235
-3
-62
93
-209
309
-190
-41
386
-411
178
-90
-140
167
-195
326
-185
29
63
-176
15
-90
135
-95
18
93
-180
15
37
-103
124
64
-16
101
-132
30
40
-157
191
-30
-23
115
-51
65
-45
55
25
-82
5
26
-50
-31
120
-199
11
-29
-70
-68
75
42
-158
225
-152
-50
120
-154
93
-28
83
-41
-73
161
-231
185
-11
-53
230
-224
184
-135
-13
78
-68
78
-176
183
-204
-20
216
-180
96
70
-80
13
2
27
-64
110
26
-64
67
-62
73
-61
54
82
-62
19
73
-132
36
47
-142
98
-34
71
-16
-24
144
-214
108
-23
-141
211
-178
33
13
-70
-25
-44
71
-123
108
22
-72
45
41
-61
-60
189
-85
-57
163
-101
-21
177
-52
-89
105
-31
-100
50
43
-29
33
57
-69
-17
105
-104
43
42
-52
-43
48
-74
-15
44
-75
-2
-26
124
-113
122
40
-130
76
-59
-19
-62
125
-109
38
70
-156
144
-56
-47
111
-48
26
86
-31
14
-13
39
-29
7
54
7
6
0
-14
11
-125
93
-57
-134
213
-189
66
-16
34
-45
-39
150
-242
130
30
-96
12
90
-47
-119
215
-152
-12
112
-39
7
-22
155
-248
78
153
-335
246
-18
-92
112
-9
18
-59
88
-83
22
113
-53
86
-86
-16
-19
-107
78
-86
63
31
-46
21
-51
-47
35
-52
73
-18
-14
70
-139
68
-17
-81
56
43
39
-21
127
0
-130
149
-59
-123
146
2
-109
55
60
-123
-91
254
-206
7
212
-180
25
68
-26
-122
32
13
-120
33
-6
-79
81
-96
67
-48
-65
132
-130
42
15
36
-64
5
88
-118
62
50
-29
28
82
53
-8
56
80
-139
14
105
-159
103
47
-63
48
-11
-7
-18
61
32
88
10
41
60
-162
64
-2
-101
109
31
4
-23
30
-63
-119
79
9
-94
114
30
-68
1
-27
-36
-123
155
-141
-73
130
-110
-3
25
-32
-93
99
-2
6
100
-35
67
-56
-29
51
-63
92
33
-23
-31
72
-92
-35
138
-177
154
14
13
95
-65
71
-138
67
-53
-7
122
-111
89
-16
-106
148
-146
101
17
-114
206
-208
101
-65
-47
67
-78
104
-105
95
8
-84
91
-45
-33
8
-7
-44
26
0
-23
14
-17
-49
-31
4
-30
62
-25
39
-44
4
37
-131
102
-52
-18
95
-31
22
-24
-5
-57
42
-19
18
29
-16
29
-26
-43
34
28
-29
74
13
-5
20
16
-13
-31
25
-98
12
9
1
44
12
-35
12
15
-59
121
-75
-15
50
-68
9
9
-35
2
38
-9
-10
80
26
15
65
-57
4
14
13
12
6
34
-49
3
33
-130
96
33
-85
105
-36
-24
-65
35
-76
-45
154
-118
65
123
-70
-26
12
-30
-20
88
33
-29
68
6
-95
-1
46
-83
69
58
-86
70
-32
-51
-2
23
-22
-40
91
-40
-20
61
-29
-58
32
23
-96
94
-3
-97
63
-24
-22
-12
51
-39
-17
67
-121
81
-19
-26
45
-37
42
-41
-8
-52
-25
72
-72
15
45
-53
52
11
-41
26
23
-63
94
17
-19
51
-74
51
-47
22
57
-9
64
15
-55
11
-17
-57
68
-48
25
-12
-5
-33
-14
-3
-29
22
-68
34
-28
8
50
-13
-14
26
-32
49
9
33
30
-67
56
-127
14
9
-47
116
-38
6
7
-48
7
5
-11
9
-8
-27
-2
-2
-16
13
40
-58
25
4
-67
51
-33
-47
20
-50
-1
-28
26
9
-24
29
-10
27
8
41
-29
21
0
-39
63
-6
62
1
33
10
-28
22
-3
-4
10
-14
6
-1
-1
17
-7
31
-10
18
-1
-9
15
-6
29
28
-31
-6
-36
-51
21
-10
43
17
-23
-26
-38
-56
-16
-15
-26
61
6
24
35
-19
20
1
-2
23
24
20
25
18
-17
-9
24
-25
12
33
-12
20
26
-6
-29
26
-37
-14
-5
6
9
1
37
-69
-15
7
-29
18
-5
14
-14
3
-6
-38
15
-8
-5
-23
40
-19
-10
25
-17
15
-11
6
-16
20
11
-12
14
3
-6
-5
18
8
11
20
0
0
21
16
-9
1
-2
-28
13
-11
-14
1
-15
1
-25
19
-23
4
25
-31
37
-7
-9
29
-36
36
4
7
22
-16
-3
-22
19
-4
47
7
-8
18
-43
-9
-6
-21
8
-11
-8
35
9
18
-11
-10
-7
-9
-8
11
3
10
28
-42
23
-4
-37
50
12
51
45
11
-1
-22
2
7
20
22
20
-3
-30
-18
-45
-30
-14
-10
-5
5
20
-1
16
-29
-30
-11
-31
31
-15
4
26
-57
-10
-40
-11
20
19
20
12
20
-27
-22
-27
-15
5
-7
12
4
17
-4
-8
-19
-6
-7
13
18
7
21
-14
15
-28
-17
9
-27
32
-22
0
22
-24
0
-6
-13
0
25
21
-17
-17
-41
-28
-13
-17
30
0
43
3
-15
-13
-36
19
-3
34
16
0
8
-29
-24
-41
-5
20
-16
18
-3
-2
3
6
-18
-1
11
1
14
3
-2
-28
18
-21
13
18
-5
36
-3
19
-16
6
16
-26
10
-4
-13
-15
-13
-37
-12
-11
4
-10
7
12
9
16
8
-3
4
19
8
19
-18
3
-18
-11
9
9
31
15
14
-4
-9
8
1
-1
2
-14
12
-9
1
16
1
29
38
16
12
17
-10
13
-11
9
-1
1
1
-3
9
-11
15
11
7
10
2
3
11
9
6
-37
-8
0
-8
9
-8
-17
-5
4
3
-5
13
0
-5
6
7
20
-16
3
-22
-12
8
-31
-4
-9
-12
-2
7
7
1
29
2
-10
10
-12
-23
5
-3
-3
22
19
8
-18
-33
-14
-43
-3
-4
-23
7
-38
-3
-18
-11
23
6
18
15
14
-9
-9
-4
-19
-14
-3
14
-17
23
-6
-15
23
-1
49
16
43
36
-9
17
-15
13
-6
11
14
-6
27
4
17
-12
15
6
-15
13
-18
10
-23
2
-10
-12
6
-2
21
-11
17
-18
-15
-8
-19
11
-18
37
0
-1
5
-20
42
-25
25
-21
-31
-12
-60
-6
-44
-9
-15
-27
4
-6
6
-28
-1
6
7
5
1
0
11
5
-18
5
-27
7
8
-6
13
-5
8
22
1
-7
-9
-7
-6
-22
-7
-6
-24
-5
-14
5
19
-4
26
15
15
27
-23
-5
-6
7
34
-9
23
-30
-8
34
31
35
13
27
-5
30
14
4
6
4
0
-17
25
-23
4
6
8
31
14
44
10
38
32
4
16
2
-2
7
4
-35
-30
-35
-32
-1
5
18
-3
11
16
11
30
30
-9
-21
-27
-17
18
-3
-28
-48
-28
16
36
22
-6
-35
-3
11
-16
17
-32
-37
-4
-21
5
-43
-58
-6
19
42
-12
-33
4
-40
61
18
-64
-37
-87
39
12
20
1
-76
41
5
33
-1
-46
-3
-23
41
1
-21
-22
-69
-33
-12
5
-9
-36
4
10
36
32
41
43
36
49
-2
14
-24
-25
10
-26
2
-9
-22
27
-1
-2
42
3
0
-4
16
24
6
32
-18
-10
24
-22
15
-16
3
32
-6
15
-24
3
1
-13
10
-3
1
-9
-31
-33
0
47
73
53
2
-41
-11
11
40
37
-19
25
0
42
34
19
37
-47
28
3
6
26
-40
-5
-41
-13
33
-20
-11
-38
-46
-1
-33
32
-23
16
41
-51
4
-21
26
36
22
11
-24
-25
-19
3
13
39
-15
7
20
-17
-3
-27
36
44
-2
-5
-14
-6
-1
-10
57
-2
-72
-28
27
148
-48
-161
-31
25
117
70
-58
-106
-77
20
-2
-36
-21
-125
-2
152
82
34
-106
-44
97
116
76
-28
-55
-40
-16
51
40
-131
-131
5
157
140
-48
-67
-15
74
104
16
-17
20
-29
-29
8
16
7
-69
-8
61
29
5
3
14
-18
-9
41
-5
-60
-62
-42
-3
-5
-44
6
50
51
-13
-72
-36
7
7
-28
-39
-26
5
-19
3
-43
-50
49
30
58
16
-49
-12
-15
50
35
-7
6
-57
10
47
13
-16
-80
9
55
44
36
-40
-8
14
24
29
-5
-29
-13
18
23
-29
-53
-10
16
49
39
-4
5
15
-28
-31
-4
3
14
-12
-46
-42
-20
15
19
36
1
-28
11
10
0
-16
-23
-3
7
2
-14
-21
-19
-10
7
12
2
-2
-4
4
19
-3
-10
21
-4
3
21
-1
-18
-47
-35
5
6
23
-14
-1
41
7
13
-19
9
27
-40
-22
-30
-56
-11
-11
11
12
-2
3
-37
9
7
17
53
6
11
3
1
20
-12
-32
-22
21
56
33
13
-19
-24
5
-8
12
23
-9
-2
-11
-42
-41
-22
-9
-5
39
49
44
49
12
-27
-30
-18
0
22
9
20
20
-25
-29
-15
-12
31
59
62
11
-37
-35
-18
5
-29
-46
-33
-23
21
20
-14
9
-12
-1
44
54
48
-2
-17
-27
-36
-15
-1
-13
-18
-36
-24
9
15
25
13
22
40
14
12
6
-1
16
-5
10
9
-3
-1
-21
-23
-8
10
16
-3
7
6
-20
-4
10
-16
-34
-7
10
4
-2
-25
-26
-9
-5
-5
2
13
-8
20
31
6
7
-20
3
41
25
4
-20
-30
-16
-3
-7
1
5
-2
-3
17
12
-24
-18
23
22
-5
-17
-26
19
12
-15
-1
-14
15
24
9
39
2
7
6
-23
8
-18
-12
15
12
11
-11
-2
24
10
8
-6
-17
-19
-37
-8
-10
-18
-17
-20
1
9
4
0
-1
13
5
-14
-5
-3
8
2
-18
-7
-23
-13
27
27
18
-9
-12
1
-6
-14
-20
-13
9
20
1
-6
5
4
8
25
28
27
38
38
13
-20
-19
-15
-4
16
8
-8
-18
-21
-17
-19
-8
4
-3
-11
-11
-23
-20
3
9
6
9
9
14
15
5
-3
0
3
8
6
-5
-8
1
-10
-22
-15
-13
0
15
-2
-9
-7
-6
10
3
-4
-13
3
0
-13
-1
-3
-7
-11
-3
3
8
8
-9
-8
-13
-26
-22
0
22
20
9
6
-12
-5
21
23
35
8
-11
1
0
6
-20
-29
-25
-11
20
11
1
-13
-25
2
11
8
9
-6
1
3
-5
-2
-9
-1
-1
7
29
21
18
16
16
12
-5
-11
-16
-15
0
9
6
12
15
5
0
5
16
25
14
-1
-12
-7
-9
-18
-1
-8
-1
0
-19
-8
-2
14
8
-15
-6
-10
-22
-6
-12
-5
8
5
13
-4
2
17
20
14
1
-3
-7
12
11
16
9
-4
10
13
19
2
-4
9
13
16
1
-12
-9
5
5
-8
0
1
8
27
15
2
0
-9
2
-6
-14
-8
-5
-1
-12
-15
-13
-13
2
8
4
9
3
0
-8
-14
0
-12
-14
-14
-12
-1
-1
11
7
9
10
10
7
13
24
13
3
0
6
4
18
19
11
20
13
14
2
-2
-6
-21
-12
-14
-12
0
-2
-9
-14
-19
-7
-11
-14
-18
-17
-17
-28
-23
-23
-14
-10
4
17
16
9
-2
-3
0
2
6
10
-10
-16
-8
1
14
11
15
5
14
26
-3
-3
-11
-9
1
-6
-11
-24
-12
4
4
1
-4
10
20
12
13
6
5
-7
-11
-5
-3
8
5
3
13
12
6
-2
-5
-7
-2
-7
-9
3
-8
-11
-8
-7
-8
0
7
10
13
-10
4
5
-4
7
-4
21
19
8
1
-26
-9
-4
3
10
-5
4
10
15
16
-7
-4
7
7
4
-5
-6
-7
-1
-5
-9
-3
-5
0
5
0
0
-9
-15
-8
-2
-4
1
5
3
-3
-14
-3
0
9
16
4
-1
-7
-15
-9
3
5
13
6
2
-5
-3
13
5
3
4
-4
-14
-2
1
-5
-8
-24
-10
-6
6
5
2
3
-8
-9
-9
1
-4
-2
2
5
12
0
6
11
14
21
6
-5
1
-12
-7
4
4
2
-4
1
-10
-7
7
0
-1
3
-7
-2
0
0
7
9
9
11
14
27
14
16
12
13
23
12
4
-19
-13
-12
-14
-8
-12
-2
-9
-4
6
-9
-11
-7
-3
-5
3
-1
-14
-5
-14
-5
9
7
16
-5
-1
8
-6
-4
-15
-5
-6
-12
-10
-13
-1
0
-4
-6
9
14
9
12
1
-3
-7
-11
-7
-6
-9
-9
-15
-10
4
-2
3
1
0
7
0
1
-9
-19
-12
-2
4
-1
-11
-14
-15
-1
4
7
3
-2
-3
-2
1
-4
-1
3
-2
-2
-6
-12
0
2
7
10
10
8
0
6
5
4
1
4
2
-9
9
3
1
-1
1
13
4
24
24
20
19
5
0
-3
5
10
15
3
-4
1
8
11
2
0
-9
-7
7
-16
-20
-16
-17
-14
-17
-5
-8
2
5
-21
-7
4
0
1
2
-2
-5
-10
-6
-4
-11
2
0
1
12
4
11
8
6
10
4
13
14
2
3
10
16
21
14
11
11
11
20
0
-6
2
-10
11
4
-2
1
-5
11
7
16
20
9
13
-3
-12
5
1
2
21
4
9
18
19
19
11
11
-1
-8
-15
-26
-23
-19
-13
-9
-16
-15
-7
-5
-7
-6
-18
-15
-17
-5
2
1
19
-7
5
16
5
21
4
14
4
1
16
-10
8
13
2
12
7
-1
-13
-4
10
13
3
-11
-12
-18
-5
-1
2
1
-8
4
10
13
18
9
-1
-3
-1
-5
-8
-11
-12
-6
-10
3
8
4
7
5
2
3
13
14
7
2
5
11
2
6
2
14
13
10
14
6
5
-2
-11
-8
3
-11
-13
-22
-18
-4
-16
4
2
9
6
2
7
-10
-11
-12
-17
-12
-11
-11
-10
-3
-1
-11
-7
1
5
3
5
-4
-16
-23
-38
-18
-17
-16
-15
-18
2
2
-4
-1
-9
-5
-2
-8
-2
-7
-3
-4
-5
12
8
6
5
5
0
-7
-6
-4
-5
3
6
2
2
8
5
2
2
2
6
2
3
-12
3
6
-3
-9
-10
-2
8
16
7
6
1
4
8
1
4
-3
-10
-16
-18
-4
-5
-2
9
-9
-2
-2
-4
8
15
21
5
8
1
-8
8
-6
-13
4
6
4
3
-1
1
1
-12
-2
-7
-2
6
-11
3
-8
0
8
-13
5
-4
-5
5
-9
1
-3
1
8
-14
-5
-4
0
8
1
8
1
4
1
1
7
3
-1
3
4
-3
-9
-7
-10
-2
19
9
-10
-16
-1
28
19
-10
-7
6
11
7
1
4
8
9
-4
-3
7
1
4
5
13
15
-4
-16
-15
-2
0
-8
4
-1
-8
5
2
5
-12
-10
13
6
9
-6
-6
15
2
-2
1
12
9
-8
0
5
7
-7
-22
3
10
-4
-6
-5
7
1
-8
3
-8
0
5
2
14
-1
5
2
-8
4
-5
-3
-6
-7
10
-5
2
-5
-4
7
0
3
-2
-4
-9
-3
2
-3
9
3
2
4
-1
6
-11
-8
5
-12
-4
0
-5
2
-9
-4
7
3
-5
-3
-5
3
11
8
15
13
4
-2
-2
8
6
8
2
7
8
-2
4
-5
9
11
-1
7
-8
-12
6
4
2
3
6
9
4
4
-5
-9
10
15
1
6
5
1
9
0
5
-7
-16
-1
-8
-3
-4
-14
-6
-12
-3
6
-3
9
-2
-8
11
6
9
0
3
5
-5
11
-8
-11
2
-10
7
0
-2
0
-2
13
-8
-12
-9
-8
3
6
7
3
-9
-9
2
7
7
2
-4
-1
-2
-7
-1
-10
-11
-10
-11
7
-2
-10
-1
2
11
9
11
6
-6
-2
-4
0
3
-14
-16
-10
3
6
6
10
-10
-8
3
-7
3
-6
-7
-6
-13
-2
-2
-2
9
10
0
-6
0
6
4
10
9
-2
-7
-20
-2
13
7
3
-6
-4
2
3
5
1
5
-3
-5
-7
-9
3
0
4
3
-8
-8
-2
11
8
9
4
-3
-2
-14
-2
4
0
-2
-14
-11
-2
7
14
7
9
10
-7
-5
-4
3
7
-11
-6
9
7
6
10
3
2
7
12
7
-8
-3
-4
-10
3
1
-4
4
1
-2
0
8
13
2
3
5
0
2
6
5
7
2
4
5
1
9
5
-3
-2
-2
-10
-10
1
0
2
-4
-3
1
-1
1
5
5
6
-4
-6
-7
-1
6
2
2
1
-4
-4
9
16
4
-3
-1
-3
-9
-11
-3
-1
2
-1
-6
0
3
-2
3
6
4
7
-4
-3
10
7
-2
-7
-8
-6
-3
2
-3
-7
-17
-10
-1
3
9
-5
-6
-13
-23
-11
-11
-2
4
-2
10
4
3
14
-1
2
7
-2
-1
-6
-2
1
0
-1
1
5
4
6
15
-2
-10
0
-4
9
4
-3
-12
-20
-13
-19
-3
-5
-3
10
1
-3
-10
1
-3
-11
-11
-17
-1
-9
-13
-7
-11
0
2
6
11
-2
-3
-3
-5
7
5
1
9
-5
-9
2
0
11
10
7
15
5
10
6
5
9
-3
6
8
7
7
9
19
7
12
7
-5
9
10
10
4
-1
-2
-5
9
5
4
13
-3
-3
-4
-8
4
5
-6
-11
-14
-17
-9
9
3
-6
-1
-8
-6
-7
3
8
9
10
-5
-1
-6
-11
2
8
0
-8
-10
-10
-3
1
-2
-7
1
5
-5
-6
9
4
4
0
-7
-2
-3
9
10
0
-3
1
-1
1
15
7
6
9
6
0
-5
4
-2
-5
-1
-12
-26
-21
-4
5
13
12
2
2
0
6
2
-2
9
2
7
1
-2
11
10
6
-3
-6
3
11
3
4
8
3
5
3
-10
-14
-11
-4
-4
-3
6
-5
-7
3
0
1
4
-2
-5
-5
-7
1
1
-3
-2
-9
-2
2
0
4
2
1
-2
-11
-4
-1
-4
4
3
-7
-5
-3
-1
7
5
-9
-6
4
0
-1
-6
-2
0
-5
-3
-10
2
5
-9
-7
-11
-2
1
-12
-2
4
10
9
2
0
-4
3
2
-9
-6
-2
-4
-1
8
11
14
8
1
-2
4
7
4
9
10
7
5
0
-2
0
-1
2
4
4
3
4
7
4
3
10
1
-13
-9
-3
1
11
7
-2
-3
-6
-4
-8
-9
-6
-7
-2
1
3
-5
-2
3
0
10
14
10
3
0
-6
-6
-7
-9
-3
-5
2
-2
-2
2
3
6
2
5
8
6
8
-6
-11
-7
-10
-4
-4
-2
0
-4
0
-1
-3
-7
-14
-3
3
5
4
0
-1
-2
-4
-6
-1
6
3
4
12
8
1
2
-1
6
11
9
4
-6
-4
-11
-9
-1
-8
-8
2
3
0
-1
-4
-1
2
-1
2
6
6
4
-3
-9
-7
2
-1
-5
3
1
-3
2
-5
-9
-6
-4
-5
-7
-5
0
-1
-3
4
-4
-8
-2
1
11
9
9
5
-5
-2
-1
7
7
1
-6
-9
-7
-18
-16
-11
-5
8
5
2
4
0
3
4
0
0
-2
-2
-6
-10
-3
5
5
6
4
7
3
1
4
5
7
0
-5
-2
-1
3
8
7
7
5
5
4
-7
-2
2
5
7
5
0
-5
0
-3
-6
-5
-5
-6
-5
4
5
-3
-8
-5
-1
4
4
-1
5
8
4
0
-5
-7
-6
-5
-6
-10
-4
-2
-1
3
2
5
4
2
4
5
5
-3
-11
-7
-5
9
12
10
9
9
2
-4
2
1
3
4
-4
-10
-7
-1
0
7
13
9
9
12
8
0
-1
0
-5
-3
1
-1
3
5
2
6
1
-1
2
-1
0
4
2
3
-3
-5
-7
-6
-7
-6
5
5
4
-2
-7
-9
-10
-4
2
3
-8
-11
-11
-11
-3
7
0
-7
10
11
-3
-2
0
-3
4
2
-4
-6
-4
5
-2
0
2
-6
-4
0
5
9
10
10
8
0
2
5
1
0
6
11
3
4
10
2
-3
0
-3
-1
3
-3
-2
1
5
7
1
-4
-7
-1
-2
-1
6
-1
-2
-5
-8
-1
-4
-4
-2
5
8
1
-2
-11
-16
-10
-4
0
8
11
8
3
-3
-3
-3
4
7
4
6
3
8
3
0
-5
-6
2
5
6
-5
-8
-6
-12
-12
-9
-2
4
2
-3
-4
-3
-8
-6
2
1
3
1
-4
-1
-5
-9
-1
2
7
9
10
15
11
1
2
1
-1
8
8
10
2
-3
-3
-9
-5
-4
1
2
-6
-3
-5
-6
-2
0
2
0
0
1
2
9
9
3
3
1
5
11
21
22
10
3
-2
4
6
7
5
2
-1
-5
-3
-9
-6
-3
-7
-2
-3
1
-3
-13
-7
-5
-4
3
6
4
5
5
5
7
6
-1
-3
-3
-1
7
8
9
8
10
9
2
0
-3
-6
-1
2
5
4
1
-4
-7
-11
-12
-15
-14
-7
-2
-3
-8
-5
-6
-2
-1
-1
4
5
2
-2
-2
-5
-5
-2
0
0
-2
-2
-3
-3
4
6
2
-5
-8
-6
-14
-10
1
1
2
-1
-4
-3
-1
-1
1
0
-1
-4
-4
-5
-2
6
-3
0
6
5
4
5
4
-3
1
-1
-7
-4
-2
3
14
13
8
6
0
-2
3
9
7
7
-2
-8
-1
-3
-3
-8
-7
-2
3
3
-4
-3
2
3
3
8
6
7
6
3
0
-4
3
5
5
3
2
-5
-10
-5
1
0
-1
0
-6
-8
-5
-7
-6
-7
-9
-9
-1
3
2
-4
-2
-1
-1
4
6
0
-1
7
3
6
3
-4
-9
-3
5
4
0
-3
3
3
1
3
-2
2
1
-5
-4
-2
2
3
-2
-5
-6
-4
-3
-2
-1
-3
0
0
0
-6
-12
-10
-12
-7
1
2
4
-1
-4
0
2
4
7
8
5
3
1
-4
1
5
9
5
3
0
-5
-3
-3
-2
5
-1
-7
-3
-6
-6
-5
-8
-6
-11
-5
-6
-7
-1
-1
5
1
-6
-10
-5
4
9
10
11
6
1
-2
1
5
5
11
10
11
9
3
-2
-3
-3
3
5
1
4
2
5
8
9
14
9
3
-11
-10
-6
-3
-1
-3
-2
6
8
-1
-9
-6
0
-1
-1
-1
2
6
0
0
0
3
13
9
6
10
11
6
4
7
-4
-4
-1
1
3
2
-1
-1
-4
-6
1
3
3
0
-8
-19
-16
-9
-6
-4
1
1
-6
-7
-7
0
1
6
7
9
4
1
-1
-3
3
-3
1
6
6
6
2
1
1
4
1
0
-1
-7
-9
-7
-8
-3
-3
-5
-3
0
5
6
-1
-5
-9
-10
-9
-4
2
6
7
7
4
4
3
6
4
6
1
-8
-7
-5
3
5
-3
-9
-5
-3
0
-2
-1
6
1
-1
0
-1
1
2
9
8
6
0
1
2
-1
-3
-5
-3
-1
1
-4
-12
-11
-10
-7
-6
-10
-10
-10
-5
-5
0
5
2
-5
-9
-6
-5
-1
0
-1
5
9
17
11
9
5
0
-1
-8
-10
-16
-7
-6
-12
-1
3
9
8
7
7
8
13
13
19
16
15
12
1
0
-2
0
3
3
11
7
9
6
-2
7
11
11
7
2
-4
-7
-6
-9
-8
-5
-6
-5
-9
-4
-2
5
0
-5
3
-1
3
8
4
1
1
-2
-3
-2
1
6
5
5
7
4
-1
-4
-4
2
3
2
10
1
-1
3
2
5
-10
-7
0
-3
1
-2
-5
-6
-3
-1
-4
-1
4
5
0
-6
-5
-1
0
-2
-3
-3
1
3
-4
-5
7
9
10
9
2
0
-2
1
-1
2
3
-2
-1
-4
-7
-6
5
3
-6
-6
-10
-5
-8
-7
-4
0
1
-5
-7
-3
1
1
-2
-6
0
7
13
9
4
0
-4
3
8
9
12
8
1
-6
-12
-5
0
3
3
-4
2
-2
3
2
-11
-1
-9
-11
-10
-8
1
-3
0
0
-2
5
4
3
2
-1
2
6
4
3
6
-1
-4
-2
-7
-8
-10
-5
2
3
-9
-14
-14
-11
1
9
10
2
1
2
1
4
1
5
1
3
0
-3
1
-1
7
1
5
16
3
3
9
3
11
6
2
9
1
2
-6
-12
-5
-1
2
3
-1
0
3
1
-2
0
-3
-2
2
3
-2
0
-2
1
7
2
2
-2
1
4
-9
-4
-2
-4
0
-6
-3
0
-5
5
4
-1
-1
-6
-11
-10
-9
-9
-3
-7
-2
4
-5
-1
1
-3
6
9
7
14
7
10
-1
-4
6
-3
-1
2
4
4
1
2
0
6
10
8
-3
-6
-1
-10
-9
-8
-4
-4
-3
-11
-14
2
2
5
2
5
8
8
8
6
5
11
7
-2
-3
-1
6
0
-4
-4
-7
0
6
8
4
-1
-5
-3
-6
-8
-3
-10
-10
-11
-7
-1
2
1
3
4
2
4
6
5
3
-6
-4
5
6
6
5
3
3
-2
-6
-6
-7
3
3
0
5
7
-1
-10
-5
0
1
1
-7
-10
-6
-6
1
7
5
7
2
-3
4
12
3
2
4
0
-3
-7
-3
-9
-9
0
2
5
12
7
-1
1
0
-2
2
-2
-5
-7
-3
1
-6
-6
-11
-3
-2
1
9
8
14
5
3
-6
-7
-2
-4
-1
-1
-2
-8
-1
5
1
2
14
12
3
3
2
9
6
10
5
2
10
1
1
-7
2
2
-5
1
11
12
1
7
1
2
5
0
-4
-2
6
0
-3
2
5
5
-3
-4
0
-7
-4
-2
-11
-12
-1
-3
-11
-2
-6
-16
-6
-1
7
0
-3
-10
-10
-3
-11
-12
-6
-11
-4
8
-2
3
6
6
14
6
-1
-6
-4
3
6
11
7
0
0
-5
-3
6
-1
-2
-3
3
-3
-10
-4
-9
-3
-1
4
2
-2
6
-2
-4
2
5
5
-1
-2
-3
-5
1
8
5
4
0
-3
-7
-5
-3
-2
-4
-11
-5
-1
0
-4
-5
3
11
7
1
2
-4
0
-2
-10
-6
-5
1
-3
-6
-6
-8
3
11
2
6
4
-2
-3
-2
-3
3
8
-1
0
4
4
5
3
0
7
5
-5
-4
-1
1
1
2
3
-4
-1
1
2
5
6
-5
-5
4
5
1
6
5
-4
1
4
-2
-10
-5
-1
3
5
4
6
0
4
9
-3
4
7
1
3
4
1
3
3
4
0
0
3
1
1
-5
-8
-6
-1
1
3
2
5
1
1
8
5
-3
-11
-8
-4
-4
7
4
-4
1
-1
-2
-3
-2
-1
-1
0
6
-3
-10
-6
1
7
6
14
11
10
6
3
8
4
5
5
0
-5
-9
-11
-11
-8
-7
5
3
-5
2
2
-4
3
5
7
11
8
0
2
8
1
3
1
-4
2
4
-3
-1
2
5
3
-3
4
8
7
9
0
-3
-7
-10
-7
-8
-5
-10
-13
-15
-18
-8
1
-1
5
8
1
10
10
10
11
9
7
1
12
6
0
5
-4
-7
-4
-4
1
-1
-6
-8
-3
3
10
8
0
-2
-2
0
-2
-1
-8
-17
-5
-3
-8
-11
-13
-5
-4
-6
-2
-2
-1
8
3
1
5
7
9
0
1
3
-8
-5
-3
-9
5
3
4
11
8
7
6
7
4
1
4
-1
-11
-5
-9
-12
1
-3
-2
5
-4
6
3
-2
7
4
7
1
-1
-5
-1
5
-1
4
-5
1
4
-2
8
-4
4
4
1
1
-12
4
-2
-5
-7
-3
-3
3
14
3
7
3
0
2
-6
1
-4
-17
-14
-15
-5
0
-2
3
-4
4
9
6
4
4
0
-6
10
-1
2
10
1
-1
-7
-3
-3
1
5
-7
-6
2
4
-1
-9
-5
3
8
-5
-8
-8
-12
2
1
-5
5
-2
3
-2
-7
1
-5
-2
-7
-11
0
9
-2
-3
0
3
5
3
5
-1
-1
8
9
5
1
5
3
4
7
5
4
6
9
5
-4
3
-3
-9
-3
-8
-3
-7
-10
-3
-15
-8
0
-3
-4
-11
2
3
-6
3
9
1
-4
-3
-9
7
5
2
-1
-2
6
-1
7
10
9
9
3
7
8
-2
-1
6
-3
-7
-5
-7
2
4
-5
7
11
4
6
-2
4
-4
-7
4
-4
4
9
7
8
-9
-14
-7
1
7
-5
-10
-4
-1
-3
-3
-3
4
6
-4
4
-3
-10
0
-2
-7
-5
-2
-6
0
3
-2
-2
6
9
3
8
6
-4
-2
2
1
3
2
-1
-3
-4
-3
-2
-4
-9
-6
-5
0
8
12
6
-6
-4
1
9
17
7
0
1
5
-3
-3
-2
-6
-3
-6
4
