-6
-3
-4
-2
-1
4
10
9
5
0
-8
-6
1
-4
-4
2
1
-2
-3
1
3
6
5
2
3
-4
-5
-3
-4
2
4
-8
-11
4
8
6
6
10
-1
-16
-6
20
2
-31
-19
8
14
12
0
-4
8
-3
-12
5
15
-1
-8
-7
-14
-6
-2
-1
3
-2
2
4
-7
-3
4
-4
-16
-9
1
4
7
-3
-15
-6
12
20
-1
-13
0
5
9
7
-14
-15
4
10
5
-2
-1
11
11
17
12
-10
-25
-20
11
25
2
-22
-16
15
25
2
-12
0
11
1
-12
-15
-5
8
7
1
9
6
-12
-5
15
13
-11
-37
-28
4
4
-7
4
10
0
-21
-16
32
40
-18
-30
-5
-4
-3
-6
-18
-12
-9
-14
14
38
11
-21
-27
-11
31
32
-24
-42
-4
22
14
-3
-1
28
22
-10
-8
18
24
2
-8
-16
-27
-18
10
25
18
9
0
4
14
-2
-7
11
1
-14
-3
6
9
3
-14
-16
4
-1
-20
-9
21
23
4
-9
0
17
8
-12
-16
-3
-8
-27
-9
21
15
-19
-33
0
29
19
-4
-21
-47
-28
61
70
-52
-101
-39
38
88
38
-45
-53
-17
28
33
5
-16
-21
-15
-12
5
5
-3
20
20
-4
4
-31
-29
31
58
12
-60
-58
16
58
27
-28
-42
-3
44
46
10
-12
-26
-30
-2
20
17
16
10
1
-5
-18
10
35
3
-10
4
-13
-38
-11
24
19
12
2
-3
-5
-12
-7
4
22
20
-9
-21
6
19
30
27
-9
-33
-19
1
24
28
-6
-34
-38
3
16
3
4
19
27
-2
-16
3
13
-1
-28
-30
-3
9
10
-19
-28
-10
-4
11
38
56
28
5
-20
-31
-6
7
-18
-36
-13
2
17
30
18
13
9
10
21
6
-3
-26
-38
-28
-39
-23
4
31
53
31
6
-5
-34
-44
-5
31
15
-4
4
3
4
-3
-13
-11
10
16
3
-1
-21
-49
-53
-43
-27
7
46
51
9
-22
-23
2
16
1
-21
-16
12
32
32
23
-1
-38
-30
-14
14
63
91
39
-18
-50
-67
-30
27
33
13
13
-19
-56
-45
114
205
11
-171
-91
7
49
68
-83
-79
143
129
-23
-56
-48
-4
87
8
-156
-123
43
104
84
-39
-95
-19
-41
38
67
32
87
54
-64
-78
-69
-134
-78
61
74
75
77
47
160
142
-43
-129
-161
-136
58
108
1
17
-6
0
65
8
-75
-60
29
43
-36
-50
-21
107
144
-15
-84
-79
46
96
32
1
-60
-44
-34
-49
-61
-20
24
74
71
71
-18
-36
16
-1
-17
-45
-71
-104
8
-12
-33
75
94
58
43
-37
-131
-57
-5
31
21
-46
-66
-21
48
72
121
33
-51
10
18
-50
-21
-26
-41
-24
-67
-67
8
132
139
101
11
-78
-103
-104
-99
-28
96
162
116
3
-67
-100
-29
-12
-35
-38
20
87
40
23
28
45
60
-2
-60
-42
-31
-50
-67
-88
-54
-6
53
177
166
-5
-112
-132
-91
-6
50
86
118
131
-7
-150
-188
-128
3
74
94
81
46
-8
-17
-30
-38
-70
-65
-2
87
114
-3
-97
-65
7
67
151
130
87
83
-84
-240
-197
-127
-18
119
126
102
91
41
-22
-1
11
-32
-35
-50
-41
11
39
24
-15
-79
-34
42
2
-11
36
92
72
-45
-65
-40
36
109
35
-40
-47
-60
-38
50
81
68
79
9
-50
-86
-173
-124
69
106
90
105
11
-30
16
0
-71
-64
-2
38
69
39
-59
-79
-45
-12
30
13
21
45
36
44
-55
-146
-79
19
77
50
51
58
-48
-114
-152
-130
-35
60
99
76
72
64
33
25
-16
-75
-136
-133
-63
-15
61
47
10
55
20
-41
11
71
54
-14
-61
-49
-56
-52
-29
38
71
23
-12
-24
32
145
93
-31
-71
-174
-147
-20
-2
48
103
87
39
7
-30
-106
-28
52
24
39
62
38
18
-27
-42
-78
-144
-70
-8
50
173
183
39
33
54
-70
-101
-26
-98
-123
-25
-54
-20
108
125
102
119
38
-78
-108
-112
-103
-71
-59
55
175
81
26
92
42
-8
-2
-50
-36
34
-29
-153
-100
-36
-10
12
53
81
109
204
116
-37
-61
-87
-130
-92
-1
41
47
37
-11
-20
47
61
42
17
-26
-65
-95
-88
-60
-12
34
99
117
66
-34
-54
-42
-46
-18
-59
-58
1
15
-4
29
59
77
112
115
29
-45
-71
-112
-125
-76
17
43
-13
-25
82
165
122
37
30
-25
-141
-190
-152
-22
123
103
25
60
25
3
24
4
-23
-1
-11
-61
-47
-14
6
-13
-59
-59
13
6
30
109
90
114
94
-103
-144
-53
-69
-34
2
-7
62
113
69
9
-2
-8
-17
-19
-109
-129
-33
64
64
44
69
62
47
34
9
-19
-60
-56
-75
-103
-51
25
44
68
97
12
-49
-30
-37
-56
21
47
30
45
4
-42
-81
-32
99
57
-22
12
-34
-66
-26
6
-27
26
97
-46
-75
38
10
-38
8
3
-29
12
86
33
-8
43
-4
-80
-53
-1
-51
-5
41
-35
-18
51
69
22
-37
-56
-75
6
80
43
21
-22
-47
-51
-13
40
46
33
-20
-91
-37
52
98
104
5
-34
-54
-101
-101
-43
34
34
56
112
92
38
-2
-28
1
-37
-83
-81
-66
38
47
-2
-7
-24
-15
7
32
88
129
123
-1
-79
-91
-173
-149
-65
10
75
110
60
39
112
61
22
29
-66
-91
22
2
-72
-38
-39
-37
41
34
20
110
101
5
-51
-65
-48
33
10
-40
1
23
9
-32
-76
-33
87
105
50
46
-4
-132
-153
-94
3
73
62
30
34
31
-6
-46
-83
-17
70
79
25
52
52
-47
-77
-80
-71
29
43
-33
-18
39
62
-18
-49
-9
13
40
31
-21
-35
2
45
-6
-23
-6
-44
-3
-16
-83
-74
18
139
124
53
30
-12
-39
-81
-118
-25
33
15
11
32
48
65
32
-51
-35
-47
-115
-30
91
61
63
96
20
15
-25
-131
-110
-24
1
-21
19
47
60
38
-4
8
23
14
0
-32
-12
-47
-44
36
23
2
-12
-26
-34
-21
-28
-20
53
83
30
35
40
-30
-82
-69
-53
15
47
19
26
40
42
-5
-27
-29
-26
42
6
-42
13
2
-14
15
35
19
-25
-12
-17
20
58
-24
-9
16
-20
-45
-40
14
41
24
-30
-34
19
44
28
10
20
-2
-37
-18
-41
-94
-43
4
23
89
93
15
-1
-26
-94
-77
-25
31
55
90
74
-7
-30
-58
-63
-58
-49
-13
16
55
81
66
61
38
45
-8
-148
-190
-134
7
135
153
34
-10
44
-13
-74
-54
-18
39
42
-38
-47
5
40
-34
-111
-61
47
131
89
-29
-64
-2
52
10
-60
-78
-57
22
8
-62
-26
13
66
100
42
21
42
49
32
-18
-82
-118
-45
-5
-49
-12
8
46
131
101
49
28
-31
-39
-50
-83
-33
6
55
65
-17
-79
-70
9
46
38
20
29
70
58
-12
-102
-108
-34
30
28
-25
-23
39
74
50
-30
-29
-15
-5
28
2
-25
-40
-21
-1
4
-1
-19
5
60
80
28
-27
-9
22
20
-5
-27
-33
-10
9
-12
-39
-25
-9
21
70
63
57
56
10
-52
-102
-84
-14
33
15
-25
-17
25
62
57
-14
-61
30
102
52
-12
-51
-28
-21
-63
-102
-58
74
109
67
37
25
45
28
-76
-123
-83
-19
16
10
-7
13
74
55
-21
-45
-12
25
25
-11
-30
14
52
-10
-59
-45
-71
-33
27
26
43
35
-4
-16
27
24
-36
-32
-25
-9
32
-10
-60
-30
14
38
14
-26
-26
17
59
36
-20
-29
8
22
0
-18
-4
34
51
10
-32
-25
-12
-35
-63
-73
-14
108
102
24
8
2
-8
-4
-43
-78
-35
21
44
43
10
-39
-28
-10
-18
17
38
32
43
10
-44
-50
-14
1
-25
-25
-7
22
41
34
7
11
1
-47
-37
-8
-14
-24
-28
-35
-24
4
24
32
53
34
-5
-11
-18
-29
-28
8
27
21
2
-14
0
21
19
-20
-36
-6
11
20
2
-13
22
9
0
12
16
27
5
-30
-47
-11
12
-5
6
21
37
52
10
-39
-31
-22
-13
13
5
18
43
13
14
8
-12
-6
-18
-57
-64
-15
41
50
16
-8
-5
21
27
8
-7
-32
-36
-31
-36
8
43
34
17
12
-1
-13
-27
-33
-22
-1
43
31
13
6
-13
-1
15
-12
-39
-33
-5
14
-4
-23
1
37
39
25
4
12
33
27
-34
-69
-57
-40
0
14
-3
25
76
73
41
-14
-43
-18
-8
-2
-2
-17
-29
-28
-18
-10
15
27
10
26
34
35
30
2
-26
-33
-19
-15
-15
-12
7
3
6
6
-7
4
6
9
8
11
19
5
-13
-22
-13
8
9
-1
0
0
-7
-23
-15
9
36
34
15
9
8
-1
-7
-19
-25
-9
6
15
12
11
19
26
1
-28
-40
-29
8
21
23
1
-11
7
1
-8
-13
-11
29
38
25
-3
-42
-25
-16
-1
8
0
12
9
21
8
-41
-28
-9
2
17
1
11
30
24
-10
-36
-27
-16
11
16
-14
-9
17
-3
-13
-8
-21
13
30
13
4
4
13
16
37
8
-26
-27
-22
-13
-19
8
2
15
42
9
4
-2
-9
-12
-29
-24
-12
0
16
2
0
-2
1
19
-7
-15
-2
-8
-8
-10
0
5
19
38
10
0
-1
-16
-14
-6
-12
2
28
30
18
-2
-28
-13
-7
-21
1
4
-5
11
7
-13
5
10
1
-8
1
-3
-14
5
5
18
14
5
8
2
-15
-29
-21
-19
7
29
9
1
-1
-24
-30
-16
8
11
-1
-9
-10
14
9
-14
1
16
15
10
-3
-15
-28
-23
-9
-5
22
15
13
21
-13
1
-8
-30
-4
-1
6
14
16
7
0
0
-1
-10
6
17
5
20
-10
-12
8
-18
-4
-8
1
13
2
-1
-15
13
3
17
53
23
5
-13
-28
-33
-19
-13
-4
22
32
9
11
-1
0
35
-7
-13
-8
-7
-3
-5
-4
-35
-19
6
1
10
-5
-19
25
36
16
-15
-34
-21
-7
16
-10
-14
17
18
-6
-43
-54
-20
4
17
21
6
-7
-12
-9
3
-1
-14
-19
9
33
34
1
-26
5
11
-17
-56
-26
17
40
38
-16
-30
5
23
12
-25
2
34
13
18
-3
-17
-4
0
2
-2
14
28
-7
7
19
7
8
4
17
-6
-22
-6
-3
23
42
14
-15
-9
7
-27
-36
-1
3
17
16
18
5
1
14
0
12
13
-10
-16
-19
-1
2
-5
7
-1
1
10
2
11
5
-5
-15
-19
-7
-8
-2
16
11
12
-1
-35
-7
21
7
-18
-23
11
33
17
-20
-30
3
18
-2
-10
-4
1
-3
-22
-19
-4
12
11
-3
-4
3
-9
-8
4
7
-9
-15
-1
5
9
-1
-17
-7
4
4
8
1
9
21
4
-24
-19
-6
9
11
8
-11
-16
-6
-9
-11
-2
17
23
11
-2
-5
-5
14
13
-9
-22
-2
19
0
-7
-2
11
32
21
-11
-29
2
17
2
-9
-9
-2
10
-1
-13
-18
-8
13
14
9
10
4
0
8
-16
-28
-17
-8
2
11
12
9
19
12
-13
-18
-23
-5
8
6
5
0
-3
1
14
2
-20
-8
15
15
1
-19
-18
-2
11
17
-3
4
11
-8
-8
-12
-16
-19
1
5
-6
11
5
1
8
-8
-14
-4
14
6
-18
-5
7
14
6
-2
6
-12
-5
-5
-14
2
22
11
-7
-8
4
5
8
-8
-24
-2
14
18
14
5
-8
1
14
4
-3
-8
-1
17
21
-11
-27
-11
11
17
2
-14
-8
1
-2
-8
-21
-5
23
29
8
-10
-14
-1
10
16
-5
-14
11
12
6
-10
-10
12
17
5
-14
-20
-10
9
4
-24
-15
14
12
9
-6
-10
11
12
-4
-13
-14
-7
2
0
-5
-9
-2
-2
7
-3
-6
5
17
24
-1
-20
-6
-5
0
-5
-19
-8
1
10
-1
-11
2
14
16
11
8
8
1
-1
-15
-9
-5
-8
10
10
6
-4
-10
4
20
17
-5
-21
-13
10
17
-18
-33
-8
15
22
-8
-18
13
34
24
-10
-29
-11
11
10
-16
-27
-4
25
27
5
-22
-22
10
27
4
-8
-2
0
13
1
-14
-3
19
16
-2
-13
-19
-4
9
0
0
-4
2
21
15
0
-19
-20
-2
12
5
-10
-11
0
10
10
-17
-16
3
4
10
0
0
11
13
1
-19
-10
7
10
1
-7
-9
-2
4
5
-10
0
6
-1
10
4
6
4
3
-5
-9
9
8
-4
-6
-9
3
12
-1
-2
2
8
4
-1
-6
-14
4
-1
-4
-2
-1
10
17
15
-10
-14
-7
-15
5
6
-12
6
2
0
0
-1
5
4
13
-5
-23
-14
-12
2
2
-5
4
-1
5
6
0
5
-1
4
5
-11
-1
4
6
0
-7
-1
0
12
6
-7
-1
0
1
2
-2
1
7
4
-2
-2
-1
-7
11
9
-9
-2
-2
-3
-2
-2
-16
-12
17
21
5
9
-8
-11
10
0
-15
-14
-6
-4
6
9
-2
11
11
-6
-5
1
3
16
9
-15
-14
5
4
0
4
3
12
22
3
-10
-2
-2
-8
-8
-10
-6
13
9
-13
-10
3
14
16
-2
-12
2
10
-5
-14
-5
-3
1
7
-2
-3
3
7
3
-6
-9
-11
6
9
-11
-14
-11
-2
9
7
-2
-6
2
10
8
0
-10
-3
10
2
-8
-12
-8
5
14
7
-6
-8
4
8
-1
-15
-21
-1
16
7
-10
-14
2
13
6
-8
-13
-10
3
7
-2
-8
-2
7
9
6
-10
-11
3
6
2
-7
-4
6
6
3
-1
-3
10
18
9
-4
-1
3
5
5
-12
-20
-2
11
10
5
-8
-4
3
3
-4
-7
4
11
9
-3
-5
-1
2
3
-2
-3
0
5
6
2
2
2
0
2
2
8
8
-7
-9
-4
1
1
-2
2
3
4
5
-2
1
-4
-8
-9
-6
8
8
6
-4
0
9
7
3
-10
-7
4
4
-1
-4
0
5
2
-4
-11
-9
8
3
-12
-12
1
6
3
0
-4
-2
6
3
0
0
-4
-5
-6
-6
-3
1
5
3
6
6
5
5
-1
-3
-3
-10
-9
-1
4
1
-6
-2
4
10
7
-1
2
5
10
4
-11
-14
-3
7
5
-1
2
2
5
4
2
-2
-1
1
-3
1
3
-4
-4
2
3
2
-7
-8
-7
-1
3
-2
1
5
6
7
-1
-8
-4
4
9
1
-4
-2
0
4
-1
0
3
2
7
3
-5
-9
-7
-2
-6
-5
0
10
15
7
0
-5
-2
1
-3
-4
-8
-5
6
5
0
-3
-2
4
5
6
4
0
2
5
2
0
-4
-1
0
4
2
-7
-5
-1
1
4
-7
-11
3
7
3
2
1
-1
-2
-2
-7
-6
-1
0
2
-3
-7
-1
4
1
-4
-7
0
3
3
-1
-4
-3
-1
2
0
-3
-2
4
11
8
-1
-1
3
7
3
-5
-3
-6
-7
-6
-3
1
5
6
6
8
7
5
5
0
-6
-7
-2
3
0
-3
0
4
7
1
-7
-6
4
10
1
-9
-4
0
2
0
-9
-5
1
-1
0
-6
-9
-2
8
9
1
-3
-4
-2
1
3
3
1
-4
-3
0
-4
-6
-3
2
1
-3
-4
0
7
8
1
-4
-5
-4
-2
-4
0
2
2
1
-4
-4
1
6
12
6
0
3
4
-1
-5
-6
-8
0
7
4
-1
0
1
4
6
3
0
-2
2
7
0
-6
-7
3
9
1
-8
-13
5
14
1
-7
-7
-4
-1
0
-8
-9
4
6
0
3
2
5
10
6
2
-4
-4
-4
-4
-1
-7
-10
0
9
8
1
-1
-6
-5
5
4
0
-1
-1
4
2
0
-3
2
8
12
6
-4
-4
-4
-4
-3
-4
-3
1
9
7
-2
-2
1
5
3
-2
-5
-7
-5
-4
1
7
5
5
-2
-4
1
0
1
-4
-5
-3
-4
-7
-7
9
13
-3
-9
-11
-3
2
5
7
6
5
3
-6
-8
-2
4
4
4
3
0
0
-1
-4
1
1
-1
-2
0
4
8
7
4
3
-2
-4
4
4
-3
-5
-6
-4
-1
-4
-2
3
6
3
3
4
4
2
-5
-8
-1
5
2
-1
-2
-1
1
2
4
3
0
-9
-8
-3
4
6
3
-1
-6
-5
-4
-7
-1
8
8
0
1
3
-1
4
6
1
-1
-1
-4
0
7
6
-1
-2
0
-3
1
2
2
3
7
1
-5
-6
-4
1
2
6
3
-6
-6
-3
-3
2
7
9
6
2
-4
-7
6
10
7
9
1
-4
-7
-10
-1
6
6
5
0
0
-4
-6
-4
1
4
1
-8
-10
-4
-2
-1
-1
-3
-5
-4
-3
-3
-3
0
1
1
-5
-5
-7
-4
1
4
3
-2
-8
-5
6
6
0
-5
-3
1
0
-2
-6
-3
0
-5
-8
-9
-6
2
7
6
-3
-4
-4
-4
2
4
7
9
1
-2
0
-2
0
0
1
-2
1
4
3
-1
-3
-1
0
1
7
7
2
0
1
3
3
7
4
1
5
3
-1
1
-2
-8
-9
-1
4
5
5
0
-7
-2
2
1
2
0
-1
3
2
-3
-8
0
5
2
-2
-3
1
2
-1
-2
2
0
0
-1
2
7
4
2
2
2
-2
-5
-5
-2
3
-1
-4
1
-2
-7
-6
-6
3
11
8
0
0
2
-7
-10
-8
-5
2
1
0
-2
-3
0
1
-2
1
2
3
2
-2
-5
-2
6
4
1
-6
-7
3
1
-2
-3
1
6
6
0
-2
3
7
5
-2
-2
1
4
3
1
0
-1
0
0
-1
1
3
2
4
-1
-4
-1
-2
-6
-10
-6
1
1
2
-1
1
1
-4
-2
0
-2
1
1
0
2
0
1
0
-1
-2
0
1
0
2
1
-2
-2
-2
4
7
2
-3
-5
-3
1
-1
-4
-3
1
9
8
0
-3
1
2
-4
-5
-1
4
5
2
-4
0
6
5
3
2
-1
2
4
-2
1
4
4
1
0
-1
-1
2
0
-2
0
0
-7
-3
-1
-2
0
-4
-6
-2
0
-1
-4
-2
1
0
-2
4
9
8
2
-1
-5
-6
-1
3
-2
-4
-2
0
-4
-1
1
-3
0
-1
-6
-1
4
3
-2
2
6
3
6
2
1
4
3
-3
-8
-1
3
-3
-2
-3
-6
-5
-3
0
-2
0
0
-1
2
4
4
1
1
3
3
2
-2
-5
-3
1
-1
-1
2
2
0
2
4
6
8
5
4
1
-2
-1
0
-2
-5
-3
-1
-1
-2
-2
-2
2
0
-2
-3
-4
-1
1
-1
1
2
-2
1
3
7
3
0
-2
-2
1
3
2
-2
0
1
-1
0
0
-1
-3
-6
-8
-7
-2
1
3
7
9
1
-1
-1
-2
-1
0
-2
-2
0
0
1
6
6
-1
-5
-3
1
3
0
-4
-3
1
1
0
-3
-2
2
4
3
2
2
0
1
0
-1
1
7
8
4
4
6
5
-2
-4
-4
-4
-1
1
2
3
7
4
-1
-2
-1
-1
0
-1
-2
1
4
2
-4
-8
-6
-2
1
2
1
2
6
5
7
4
0
-3
-2
-1
-1
0
3
5
5
-1
-10
-6
-3
-4
-5
-4
-3
-1
4
6
7
8
3
0
-4
-7
-10
-10
-4
1
0
0
2
0
-1
-2
-4
-1
1
4
3
5
4
-1
1
1
-4
-3
0
2
7
6
-1
-2
-2
-4
-4
-2
2
1
1
1
0
3
3
-4
-4
-2
3
1
-1
1
1
1
-2
-4
-2
0
2
4
5
5
-7
-9
-3
1
4
0
-2
-2
-1
-4
-6
-2
2
0
-6
-5
-2
2
6
6
8
10
4
-2
-1
-3
-4
2
5
2
2
0
-1
1
3
4
4
5
5
-2
-9
-11
-6
-2
0
2
2
4
7
3
5
7
4
4
0
-1
-1
2
2
-2
-1
0
5
1
-1
1
-2
-3
-1
-1
-1
0
2
-1
-2
3
4
2
2
-1
-9
-5
1
5
7
6
-1
-2
2
4
2
0
4
6
3
-1
0
-1
-1
-2
-5
-3
-1
-4
-3
-5
-5
0
4
6
7
7
3
0
-2
-4
-2
3
4
2
-2
-7
-8
-5
-4
-1
-4
-5
-1
3
0
-2
-1
-1
1
1
-3
-3
-3
-5
-1
1
0
1
1
-3
-6
-5
2
5
6
1
-3
-4
-6
1
6
7
6
2
1
2
1
1
-4
-3
-1
-4
-3
-5
-6
-2
1
7
4
3
7
5
5
6
2
1
-3
-5
-6
-7
-7
-6
-2
0
0
0
0
7
5
-3
0
2
1
-1
-1
0
3
0
-4
-5
0
1
-3
-5
-8
-7
-6
-2
4
2
6
5
1
-4
-7
-10
-9
-5
-3
-2
2
5
4
5
3
0
-2
-4
-7
-12
-13
-7
1
1
1
-1
2
3
1
1
-1
-1
0
-1
-1
1
1
-4
-5
-8
-6
0
4
5
4
3
3
1
-1
-3
-7
-4
-3
-4
-2
4
2
1
1
3
4
0
-4
-7
-7
-5
-2
1
2
3
5
10
12
6
0
1
4
0
-3
-4
-4
5
4
-1
-1
1
5
9
8
5
6
4
0
-3
0
5
7
1
-4
-3
1
4
-1
-6
-3
4
6
4
1
-4
-5
-4
0
6
9
6
-4
-4
-1
1
4
1
-2
-3
-4
2
8
4
1
-1
-4
-5
-5
6
16
13
-3
-13
-11
-1
11
11
3
-1
-6
-7
-3
1
5
-2
-3
-6
-1
10
10
4
-4
-5
-7
-2
1
-5
-1
1
-2
-3
-3
1
4
3
4
2
-1
0
1
0
-1
-3
-3
-1
5
4
-4
-3
-1
7
11
6
0
-4
2
6
0
-5
-9
-4
-1
-2
1
6
7
2
-4
-2
5
7
-2
-11
-5
5
6
0
-4
-3
0
2
3
5
7
2
-9
-10
-3
3
-1
-8
-7
-1
0
0
-6
-4
6
6
6
4
2
0
-6
-5
0
1
4
4
3
5
2
-5
-7
-5
-5
-7
-4
-4
3
8
3
-2
-7
-6
2
4
-1
-3
-4
-3
1
3
10
12
2
-10
-10
-4
2
2
1
0
-6
-6
-6
-1
3
2
4
2
0
-6
-4
-2
-5
-1
0
-1
0
-3
-2
6
9
5
2
-1
-6
-7
-4
4
8
5
1
-5
-6
0
4
5
6
8
5
-2
-7
-2
5
6
-4
-13
-4
10
9
8
6
1
-6
-7
-4
0
1
3
0
2
5
4
3
0
0
1
-1
-2
1
4
6
0
-11
-12
-3
3
2
0
-1
-2
-3
0
1
1
-1
-3
1
4
4
0
-3
-5
-2
7
5
-2
-4
-3
-7
-3
6
8
5
-1
-8
-3
3
7
7
4
2
-3
-9
-6
1
-1
-6
-6
0
1
1
3
4
6
3
-2
-2
2
-2
-2
4
3
-2
-4
-5
-5
-1
0
-2
-1
1
-4
-8
-5
1
4
3
2
3
8
10
4
1
-2
-5
-4
-5
-3
1
5
3
4
6
5
3
-1
-5
-3
-2
-3
-1
-2
-2
-1
0
4
8
4
-3
1
3
6
5
5
2
-5
-5
2
6
9
3
-4
-3
-1
2
4
2
-2
-5
-1
1
2
7
5
1
5
4
-2
2
4
2
0
-1
-8
-8
-5
-4
-1
3
-2
-2
1
-1
-2
-4
-2
-4
-3
-4
-8
-4
3
3
-5
-6
-3
4
2
0
-2
-4
-4
-3
3
4
1
-1
-5
0
3
1
-5
-9
-4
-1
1
2
2
-1
-1
-1
-2
-2
5
7
3
-2
-2
-3
0
3
1
2
2
4
7
2
-2
-2
1
2
2
3
0
-3
-5
0
9
9
7
2
-2
1
-3
-8
-8
-4
1
4
3
3
2
-1
-1
2
6
5
4
-1
-5
-6
-4
-2
-5
-4
-5
-3
-1
2
8
9
2
-2
-8
-9
-6
-2
-1
-3
-3
-6
-5
0
5
6
0
-1
-1
-1
0
1
-1
-2
-5
-7
1
8
9
2
-4
-4
2
3
0
-2
-2
-4
-6
-4
-6
-5
-2
0
4
11
14
8
-1
-5
-5
-6
-5
-4
-1
2
1
0
0
2
-1
-1
3
1
-2
-1
-1
-1
2
-2
-3
3
3
1
5
1
-3
0
3
3
5
6
-1
-1
1
9
9
0
0
-2
-6
-6
-2
4
5
-3
-9
-5
2
7
4
3
3
-1
-3
-3
-2
-1
-2
-4
-6
-2
1
3
7
7
-1
-3
0
4
4
-2
-6
-3
-4
-4
1
3
1
-5
-5
2
3
-4
-2
1
3
1
-2
1
2
3
0
-5
-5
-2
0
1
1
-1
-1
0
0
-2
-4
-4
-1
4
3
3
3
-1
0
3
7
8
2
-1
-2
-1
1
2
0
0
4
5
1
2
2
0
-2
-1
0
2
-1
-3
0
1
3
-1
-5
-2
-1
-1
-4
-7
-7
-3
3
2
4
8
7
3
1
1
2
5
2
-3
-6
-5
-2
-1
-1
0
-1
-1
-2
-3
-3
-1
6
2
-1
2
9
6
-4
-5
-1
0
-2
-5
0
4
5
4
3
2
-1
-4
-3
-3
-2
0
-1
4
7
4
0
-1
-6
-5
-1
3
6
5
1
-3
-5
-4
-4
-3
-3
1
6
5
6
2
-3
-7
-3
5
6
4
0
-1
0
-2
-3
-4
0
5
6
4
-1
-5
-8
-3
0
6
5
1
0
3
0
-1
-1
2
3
0
-2
-3
0
1
1
5
6
4
0
0
4
1
-3
-6
-1
2
1
1
-3
-5
-4
-4
1
4
3
0
-2
-1
1
2
0
-1
0
-1
0
0
1
1
-1
-2
2
5
5
2
-1
1
-2
-7
-7
-4
-1
0
-2
-2
2
4
2
2
4
0
-4
-1
4
6
3
-2
-3
-1
-2
-4
0
1
3
1
-1
2
3
-1
-3
-3
-2
1
0
-5
-3
-1
0
4
3
3
1
2
-3
-6
-5
-4
-2
2
5
5
7
6
3
-1
-2
-2
-2
-1
1
-1
-4
-6
-5
-2
2
1
-2
-1
2
5
6
2
-4
-5
-2
-3
-2
0
0
-4
-3
-6
-2
3
4
2
-2
-4
-1
3
3
1
1
2
1
2
2
1
1
-1
-4
-7
-8
-4
-1
-3
-2
-2
1
7
4
2
1
-1
-4
-4
2
4
1
-2
-5
-6
-1
1
-1
-1
-3
-2
-2
-3
-3
-2
0
-1
-4
2
3
-1
-1
2
5
4
2
3
3
2
1
0
-2
-2
0
-3
-2
-1
0
4
3
3
4
3
1
2
3
1
1
0
0
1
1
3
-3
-7
1
2
7
9
5
0
-2
-5
-7
-7
-5
-3
2
2
-2
2
4
2
1
0
0
0
-2
2
3
2
-2
-8
-8
-5
-1
2
4
1
-1
-1
1
2
1
2
4
4
5
5
0
-3
-3
-4
-2
2
4
1
1
4
4
-1
-1
-5
-5
-3
-2
-3
-4
-1
2
4
4
5
2
0
-2
-4
-4
-1
1
-1
0
2
3
2
-1
-1
1
0
-2
-2
-3
-5
-4
-5
-2
2
1
2
2
0
0
2
0
-4
-4
0
1
1
2
6
7
4
-3
-5
-6
-7
-5
0
2
4
2
1
0
1
2
-1
-1
-2
-2
0
-4
-5
-2
1
4
6
4
1
1
2
0
2
2
2
3
1
1
0
-1
-2
-3
-2
1
1
2
-1
-2
-2
-2
0
0
2
3
4
3
3
5
3
-2
-5
-1
0
0
-2
-5
-3
0
3
5
3
2
1
-1
-2
0
0
-2
0
3
5
5
4
1
-4
-6
-4
-1
4
5
2
1
0
0
0
-2
-2
-2
-1
0
2
3
0
-3
-5
-4
1
0
-4
-5
-2
1
4
4
2
7
7
3
-1
-2
-3
-7
-3
2
-2
-7
-10
-10
-8
-5
-3
-2
1
4
3
-1
1
2
1
2
0
1
-1
-2
0
-2
-1
3
3
2
1
-1
1
2
3
3
2
-2
-1
1
2
5
4
4
3
2
0
1
1
3
5
3
2
3
3
5
2
-1
-2
-1
0
2
3
4
2
0
-1
-2
-2
0
1
2
6
6
3
-1
-6
-6
-3
-1
-1
-3
-3
-3
0
0
-1
-2
-5
-4
1
3
4
5
5
2
0
-3
-4
0
3
2
0
-3
-7
-7
-8
-10
-4
0
2
3
7
8
2
-1
0
3
4
4
3
-1
-4
-2
-1
1
6
7
4
1
-1
-3
-5
-3
-2
0
2
1
-1
2
4
-1
-4
-1
1
0
2
2
-2
-2
0
-2
-5
-3
-2
1
1
1
1
2
3
5
3
0
-1
0
3
1
1
-1
-2
1
0
-2
0
-2
-4
-4
0
2
2
2
1
3
3
-1
-1
-2
-2
-1
0
3
5
5
3
0
-1
-3
-3
-2
-5
-5
-3
-4
0
3
6
5
7
8
6
7
4
0
-3
-4
-3
-4
-2
-3
-1
0
-1
-2
-2
-1
1
-1
-1
0
0
0
0
-3
-2
-2
-4
-3
0
4
3
2
3
1
0
-2
-3
-3
-2
0
-1
-1
0
2
2
1
1
2
4
1
-4
-8
-8
-6
-4
2
4
1
0
-2
1
2
1
0
2
2
-1
-2
-1
-3
-2
0
1
-2
-3
-2
-2
-2
0
2
5
6
3
0
-2
-4
-5
-4
-4
-2
-1
-2
-2
-1
2
2
4
2
1
1
-2
-3
-2
1
0
0
1
-1
2
5
-1
-2
0
0
-2
-1
1
2
0
-2
-1
0
-1
-4
-2
2
2
3
3
3
1
-1
-2
-1
0
2
1
1
2
-1
-1
2
5
4
2
-1
-1
-3
-3
-1
-3
-3
-2
0
-2
0
0
-2
-4
-4
-3
-1
3
2
3
2
1
-1
0
2
0
-2
-2
0
3
3
1
-1
-3
1
1
-2
1
1
0
-1
-3
-6
-3
1
1
0
1
4
3
4
4
3
2
0
-1
-1
-1
-1
-2
-1
0
0
1
0
0
0
-1
-3
-8
-7
-3
-2
0
0
-2
-1
0
-1
-1
1
2
3
4
2
-3
-2
3
4
-1
1
4
2
2
-1
-3
-1
2
1
3
2
3
-1
-6
-4
-2
1
-1
1
2
2
0
-2
-4
0
3
3
6
2
-2
-2
-1
-2
-6
-4
4
3
-3
-4
-4
0
0
1
0
3
4
4
6
2
-2
-4
-1
3
6
4
1
-2
-3
-3
-5
-6
-1
4
0
-7
-10
-6
3
8
7
3
2
4
2
-3
-3
-2
0
0
-4
-4
1
4
3
1
-1
-1
-5
-4
-1
4
4
-1
-6
-6
-4
0
4
6
6
3
5
3
2
-1
-1
0
2
-1
0
3
2
-2
-3
0
2
4
2
0
0
-1
-1
-4
-3
-1
4
5
4
1
-2
-6
-9
-9
-2
4
8
8
2
0
-4
-5
-3
-5
-2
5
1
-9
-11
2
12
13
8
0
-4
-4
0
2
-2
-9
-12
-11
-6
-1
0
5
8
5
2
-5
-5
4
11
9
0
-1
-3
-4
6
6
1
-5
-5
0
-3
0
3
3
8
5
1
0
-1
4
8
-1
-7
-9
-4
2
3
7
6
0
-3
-4
3
7
5
6
1
2
1
-4
-6
-4
3
6
1
-4
-5
-6
-3
-8
-1
7
2
0
-1
2
6
8
1
-5
4
9
16
11
1
-2
-4
-4
0
8
12
7
1
-4
0
0
-4
0
2
5
2
1
1
7
7
-5
-9
-2
3
3
-2
1
2
2
-3
-11
-6
-1
-1
-6
-4
0
-6
-1
-1
1
4
2
1
-10
-4
2
4
9
4
-4
-10
-14
-4
3
5
1
2
6
-1
0
0
4
6
-1
-11
-16
-6
-4
1
5
4
-5
-14
-8
0
9
3
2
-7
-14
-6
-11
-2
8
9
12
1
0
-5
-6
0
-6
-7
-2
5
1
4
5
6
6
-1
1
-5
-1
0
0
9
2
6
-3
-8
11
9
10
-2
-1
7
0
3
3
3
4
3
-3
-5
-3
2
3
-4
0
-5
-9
-5
-6
3
-6
-10
-7
-6
5
-2
8
11
0
2
-8
-7
0
-3
-3
-6
-2
-9
-9
5
12
11
-8
-10
-11
-6
-1
6
8
-7
-4
-16
-6
0
1
2
-11
-5
-7
-9
-1
3
13
-2
-1
3
0
-1
-6
11
9
-1
3
3
15
-1
-1
9
11
-5
-9
4
5
10
-6
5
11
-8
0
7
3
14
7
-4
-15
-8
4
13
6
-1
0
-9
-13
-1
5
-3
5
-1
-9
-7
-13
9
10
-7
-5
-5
7
-7
-13
-9
8
5
-8
-6
1
2
-9
0
10
18
5
-2
-1
-7
-19
-6
-19
23
12
7
13
-8
51
-23
-34
5
-7
-32
-14
35
-3
9
21
16
-1
6
-7
17
-29
-7
14
-15
24
23
8
-26
34
0
-15
17
27
15
3
-2
-10
12
-36
-2
25
-1
9
3
-4
5
-5
6
6
-13
-2
-16
44
10
6
12
-17
21
-18
-13
14
23
-15
-19
-3
4
9
-25
0
29
-9
-25
-11
-1
6
-18
4
6
-13
-17
-10
6
5
0
-9
45
-5
3
-56
19
37
-88
50
-37
60
8
-91
77
41
-78
6
-21
26
47
-120
43
-12
11
11
-105
78
11
-49
6
-19
133
-32
-92
66
-20
23
-53
-41
115
-19
-31
24
31
31
-23
-47
18
5
-15
-11
9
58
-21
-17
-17
25
27
-30
18
26
-26
-13
-18
-6
0
-13
33
19
0
-33
-14
39
-10
-6
-10
-6
17
-22
-24
13
-1
19
-34
4
-12
17
-9
-27
37
-6
47
-72
126
-76
-7
34
-93
122
-106
62
81
-67
18
-45
-23
34
-54
2
1
85
-13
-110
18
-2
-57
-21
16
-22
50
-99
-8
13
-77
59
-59
26
39
-19
-34
-55
39
3
29
60
22
22
-6
-7
43
35
-3
25
24
8
10
-8
-7
13
21
15
-21
13
35
8
-9
-14
6
-6
4
9
-4
10
-8
-28
1
-9
-2
-10
-19
-7
-14
-14
0
-12
3
3
-11
22
23
-20
-8
71
-57
69
-73
9
82
-60
-6
21
-52
17
19
-80
126
-38
-3
-97
68
-53
-44
61
-97
99
-18
-100
41
24
45
-40
-49
62
13
-85
14
132
18
18
26
-6
64
54
-14
9
66
30
-44
17
10
34
-5
-4
34
-11
21
-9
17
-10
-1
-32
-25
24
-12
30
-10
0
-16
-48
-1
-4
8
-24
-39
-32
-19
-42
-29
-2
33
25
20
9
-19
-8
-20
124
-145
89
127
-222
113
-73
-21
-32
-126
161
-111
-33
62
-111
-11
8
-133
68
-41
-59
4
-11
-91
-68
12
-103
-53
116
-30
-105
120
-120
-67
-6
-65
48
-20
-23
113
-55
-26
69
-74
31
63
-2
21
51
59
5
14
64
-16
35
41
1
45
19
-29
44
57
-16
20
37
47
24
19
40
-4
9
-19
-38
16
14
-10
-8
3
-1
7
22
-32
23
-8
42
-76
44
-62
69
-56
-78
103
-172
76
-68
87
-143
138
-54
28
-26
63
-39
-105
210
-74
20
-14
78
-58
-151
193
-138
-91
155
-130
76
-56
-8
77
-101
85
7
25
49
-22
113
-16
7
30
-20
6
48
32
21
65
-25
19
-7
24
-36
58
59
-37
39
-40
-6
62
-24
26
54
11
17
13
-4
14
30
9
29
-18
23
33
31
-16
-6
42
-19
-17
-20
5
-20
-26
35
-26
-31
7
3
54
35
-7
6
21
-6
-57
-40
141
-57
-8
-107
11
110
-163
104
-46
90
-89
-155
186
-138
3
35
-183
131
-27
-149
143
-41
35
-99
-22
51
-88
49
-107
88
93
-151
6
97
-14
61
-59
21
117
-125
98
-13
-17
35
15
34
-53
46
12
-25
22
19
-48
56
5
-51
-4
-10
23
-18
-3
-20
30
8
-36
-13
3
28
-58
-18
49
3
-17
-12
15
-10
-25
-52
70
56
-13
-86
36
62
-73
-54
102
-8
-78
106
-146
203
-139
-42
97
-10
25
-150
-45
157
-74
-68
-106
26
74
-197
-8
41
84
-87
-72
45
141
-220
8
167
-178
77
-23
15
24
-48
107
-69
-7
44
-17
48
-64
43
-23
-75
54
-31
-13
36
-91
28
38
8
-5
-28
45
45
-30
-30
-49
71
148
-29
-9
-81
21
85
-33
0
-73
55
43
-31
23
-36
3
29
-13
-22
-143
23
156
12
-67
-18
-9
52
18
-70
10
62
120
-28
-124
39
106
-196
96
-113
93
23
-80
78
-181
209
-89
-171
68
-75
73
-63
-109
140
-164
97
62
-161
88
-45
70
180
-314
28
52
78
142
-263
79
9
-39
184
-163
22
97
32
25
-178
139
121
-8
28
-173
3
218
-22
-5
49
61
71
-111
-62
20
108
121
-112
55
44
-68
49
18
52
-3
30
-16
-82
15
10
12
62
23
-44
-84
7
49
10
-60
15
41
-10
-19
-83
127
-106
102
33
-172
73
77
-44
-149
63
-59
12
21
-91
-71
203
-121
-182
129
42
-130
83
78
-148
-120
182
-115
95
31
-132
223
-157
4
150
-19
1
45
-47
223
-107
-32
183
38
46
-23
-51
58
152
20
5
-102
140
-103
-23
64
5
159
-112
10
-38
-118
76
17
14
158
-21
-80
-42
-80
142
12
-30
57
-42
-115
-47
27
-4
80
13
-48
-115
-94
43
60
98
29
-9
-12
-42
-94
-46
62
149
-135
25
-96
-121
200
-83
92
-106
65
38
-175
-119
57
43
113
-67
-189
-1
45
119
-239
33
228
-175
-106
-17
-276
361
-21
-191
-53
95
200
-343
186
-90
242
2
-246
-33
45
286
-87
-87
-19
29
60
-49
-33
112
27
113
-153
-135
142
101
21
-49
16
-15
-42
-76
26
9
80
63
-135
25
-35
-7
-10
-49
31
-85
19
-22
-13
19
-22
15
-9
-19
8
62
29
57
17
-1
2
9
9
25
42
-92
-14
41
-21
66
9
-110
66
-17
-21
-59
31
34
-19
16
-98
-162
-97
147
34
-100
-5
-119
25
115
-246
-113
184
158
-150
-199
228
-49
25
27
-57
192
-52
49
-76
-10
229
50
-94
-3
12
24
-92
-43
186
-44
137
-62
-127
50
86
6
-3
-3
-62
7
-80
7
65
116
-48
-75
-36
-75
26
-28
-12
48
38
-28
-41
-45
55
40
14
-35
-87
100
16
3
-21
14
72
11
-66
0
116
41
-22
11
-64
20
56
-35
17
-123
152
-64
-169
47
31
-25
-87
-1
-126
-10
-61
26
-24
-173
68
-138
28
40
-220
145
-50
151
16
-286
320
-32
-4
-15
-28
201
-98
117
140
-155
4
94
-34
61
-36
150
123
-89
92
24
-41
19
-50
16
-70
-35
76
-110
82
47
-17
-12
-25
78
6
-68
-1
10
72
-25
-106
49
65
34
-124
-19
97
40
-41
-2
74
69
14
-38
-5
-9
58
51
50
-28
-45
51
92
-62
-33
98
165
-183
-132
240
-139
-112
23
6
-46
-65
23
-80
-73
170
-275
14
170
-237
-42
13
119
-44
14
-140
103
115
-167
-25
43
272
-98
-131
24
171
200
-300
78
223
-227
105
-21
7
367
-139
-59
43
52
-5
-107
35
72
-87
-99
21
13
65
8
62
-69
-138
93
-104
-24
148
0
21
-66
-15
-10
-57
50
0
15
-62
-62
135
121
14
-21
20
120
-9
-85
135
110
-20
-72
-111
-17
32
122
42
-207
-42
-80
-29
94
-182
40
70
-90
-306
-230
149
133
-141
-33
108
-200
-50
-17
-61
168
-24
-6
-106
39
-19
-58
196
-38
42
-112
303
-21
55
17
44
171
-364
16
261
70
161
46
20
74
-100
-53
-24
62
-20
-88
38
-101
-59
103
77
13
29
-138
-75
23
31
153
-209
-164
-2
-9
83
61
87
101
5
-273
-73
243
302
33
-176
72
-9
-154
-60
117
174
-5
-50
38
19
113
-59
-239
-87
-83
-186
37
256
40
72
-81
-164
-160
-54
-6
-57
-1
-114
-229
-143
-126
187
-14
101
54
-53
18
-108
187
-178
220
-155
-62
5
-5
114
263
215
-143
-157
-103
230
-79
274
243
-7
-118
-112
-17
-1
200
123
-128
-44
172
-162
148
67
-95
-159
-198
3
19
25
20
200
0
-222
-233
52
253
125
-50
-166
28
-130
-183
122
282
234
47
-138
-147
-96
-78
119
172
-31
-210
-65
130
108
43
197
110
-179
-219
-249
129
137
-121
-57
-186
-3
22
-62
77
-9
54
-141
-281
141
97
-8
-138
-216
-103
116
32
41
322
170
-65
-440
64
207
-110
110
287
95
-175
-333
47
281
-83
182
87
141
-57
-225
34
228
-51
-237
-128
116
48
94
298
13
-121
-147
-258
79
75
-53
211
48
-263
-149
82
326
64
-198
-42
74
-48
-199
168
344
24
-185
-137
60
166
59
124
202
-6
-222
-86
221
331
69
-90
-66
-77
-261
-175
170
257
73
-130
-192
-129
-90
-79
59
76
-49
-161
-55
151
53
-272
-206
0
66
12
53
226
180
-109
-307
-181
166
91
11
224
52
35
-99
-249
236
172
-175
27
194
178
34
-46
117
278
-292
-471
-60
173
5
194
344
83
-340
-445
-49
299
141
130
423
225
-306
-487
-187
219
14
-274
70
272
-62
-244
144
291
-88
-388
-76
299
174
-200
-178
168
-79
-367
-14
435
389
66
-292
-33
91
-280
-143
233
190
-188
-367
-190
67
7
-95
-48
141
5
-108
-49
-16
61
-72
-157
13
120
-13
-68
133
-79
-198
60
287
318
93
5
-110
69
-30
-249
143
367
15
-206
-123
28
63
176
253
10
-311
-133
35
-21
275
514
219
-390
-489
-179
87
117
-61
187
315
-261
-518
-56
398
135
-310
-67
388
105
-428
-202
228
-23
-448
-193
476
408
-162
-288
210
179
-262
-29
466
375
-197
-385
-103
49
-68
-35
122
243
158
-225
-452
-61
54
-148
6
265
119
-199
-283
-175
-31
87
133
171
320
-1
-280
-271
33
126
-97
19
380
154
-209
-123
-93
-37
-15
168
302
189
14
-67
-53
202
22
-344
-272
79
227
-19
237
443
43
-534
-517
23
519
87
-229
245
168
-576
-570
70
450
-43
-380
71
450
-6
-570
-142
289
-122
-416
154
681
332
-507
-335
344
153
-325
98
562
187
-330
-399
62
262
-6
-113
210
392
-18
-400
-223
-1
-103
-256
51
292
37
-203
-119
12
2
7
-35
76
71
-264
-293
66
230
71
-68
190
178
59
-271
-10
152
52
-134
-164
476
150
-6
50
331
174
-610
-525
279
399
-25
-104
312
182
-492
-642
56
692
125
-472
-55
308
-318
-613
-32
476
149
-448
-48
459
-43
-587
-246
373
63
-240
116
393
-26
-630
-225
472
325
-50
296
542
40
-486
-311
192
156
-72
2
253
69
-355
-358
-59
209
181
87
198
97
-271
-386
-87
85
29
72
160
49
-62
-122
-142
-41
153
312
207
226
-12
-167
-146
-171
-5
168
-16
11
95
100
168
152
219
-439
-296
282
222
110
131
171
-105
-637
-293
412
574
-140
-396
213
105
-464
-383
123
345
-163
-408
291
388
-536
-732
139
453
-111
-204
384
434
-362
-735
26
669
173
-259
102
217
-130
-287
-15
349
136
-178
137
245
69
-132
-310
-110
-3
76
137
146
-11
-351
-178
21
-146
-77
62
271
211
-162
-237
-88
39
62
87
136
186
72
-13
-251
-80
64
77
208
147
154
119
67
83
-121
-555
-52
513
216
-95
91
169
-372
-695
-129
609
437
-469
-364
364
2
-557
-308
329
369
-389
-412
272
189
-550
-480
387
509
-40
16
494
151
-552
-460
351
474
-185
-53
484
110
-395
-207
14
268
220
74
204
-58
-183
-204
-58
203
102
38
-107
-234
-213
-218
162
198
-71
98
36
-129
-62
-82
-86
-74
132
177
-31
19
73
-5
-29
-62
53
206
98
0
62
228
188
124
-230
-473
102
381
48
-85
48
66
-291
-479
28
538
238
-410
-169
258
-225
-711
-233
505
263
-475
-203
446
37
-653
-226
638
367
-373
-153
339
58
-553
-248
527
337
-281
134
597
-57
-614
-240
195
282
181
187
193
-164
-449
-320
122
335
68
76
60
-238
-386
-180
179
68
-65
168
226
-42
-210
-169
-31
33
218
184
-55
8
-71
-80
33
27
137
234
80
99
145
285
121
-704
-410
380
388
49
137
328
-55
-778
-597
283
764
-36
-507
140
137
-567
-724
-63
588
194
-262
172
240
-514
-786
0
632
205
-128
207
234
-354
-601
152
695
243
-197
352
400
-348
-357
16
214
192
58
235
128
-233
-274
-193
189
157
67
224
-65
-351
-400
-93
221
-21
39
160
-176
-308
-196
-11
49
109
275
52
-218
-100
4
10
70
145
160
81
-114
-135
49
220
297
-336
-544
235
497
95
-100
27
195
-350
-479
145
546
-13
-735
-120
396
-191
-507
1
525
55
-580
-72
392
-142
-676
-89
638
87
-453
166
557
-110
-680
9
767
239
-333
282
493
-258
-547
-30
437
305
-12
95
197
-169
-418
0
491
99
-154
56
-32
-347
-429
-17
204
-106
-92
78
60
-114
-179
8
-19
-25
118
179
95
-96
-130
2
-51
-92
122
350
87
37
243
270
186
-435
-408
377
380
71
12
206
125
-451
-406
47
389
19
-407
199
382
-370
-626
-145
363
0
-421
107
374
-243
-666
-62
502
-15
-427
162
464
-73
-418
43
491
48
-385
279
567
-224
-384
124
338
71
-117
226
210
-216
-140
129
287
-35
-102
197
-68
-384
-341
55
252
-162
-103
205
75
-182
-202
126
88
-57
145
59
-66
-158
-115
66
15
-114
94
367
213
49
154
284
-490
-586
339
524
116
-40
159
175
-435
-499
183
631
9
-649
28
379
-376
-813
-256
595
218
-454
133
468
-334
-855
-123
616
152
-450
22
360
-137
-561
61
804
287
-369
122
459
-138
-428
-30
359
176
-101
133
190
-185
-371
40
442
121
-40
223
108
-377
-571
-97
267
-53
-71
210
103
-256
-327
-28
104
-19
83
138
51
-199
-179
145
77
-115
-44
242
200
50
79
321
159
-644
-412
432
469
129
183
204
-110
-604
-297
328
463
-238
-394
309
152
-579
-491
232
472
-176
-360
333
299
-513
-643
160
473
-171
-289
332
257
-390
-406
448
689
-86
-381
387
347
-352
-246
224
396
-42
-214
196
79
-202
-134
223
330
-57
3
221
-105
-427
-328
177
126
-345
-14
303
18
-301
-221
96
108
5
81
106
14
-161
-180
60
-79
-134
262
364
92
-77
274
-131
-526
22
372
230
14
108
159
-329
-619
-96
548
291
-435
-49
409
-185
-785
-405
447
327
-371
-87
377
-94
-682
-266
471
202
-311
84
415
-118
-709
-223
608
323
-298
173
649
-108
-533
-96
250
290
139
190
109
-308
-306
-46
214
154
27
221
64
-312
-458
-136
267
-71
-178
183
135
-171
-244
-52
51
-8
153
119
-159
-188
-89
101
70
-113
36
339
224
-149
-104
413
-19
-633
71
510
296
-55
29
270
-127
-595
-227
479
346
-520
-290
396
58
-554
-397
383
407
-359
-208
252
-116
-653
-416
387
343
-258
-65
449
164
-535
-354
617
642
-201
-157
405
44
-437
-205
169
387
203
81
99
-120
-155
-104
188
264
5
147
149
-150
-410
-297
116
1
-195
128
120
-121
-228
-149
74
89
169
103
-82
-32
-99
-61
35
-149
-167
165
303
215
94
384
9
-659
-65
310
298
172
178
243
-109
-543
-248
375
413
-442
-331
368
115
-495
-525
211
390
-232
-197
353
109
-591
-580
162
234
-262
-67
413
204
-458
-438
365
396
-208
-50
471
103
-507
-268
201
264
113
81
285
23
-297
-25
161
79
-28
145
222
-171
-420
-181
98
6
-178
164
282
-79
-191
-120
4
11
8
90
-42
-136
-113
-73
-69
-133
23
337
315
134
169
260
-397
-645
140
478
227
101
212
213
-445
-664
68
650
211
-338
170
354
-312
-770
-344
417
281
-247
107
315
-246
-697
-243
380
99
-192
217
395
-162
-602
-57
500
133
-180
271
485
-250
-455
35
255
234
110
181
109
-274
-175
86
135
30
22
258
11
-354
-344
-86
159
-84
-43
302
40
-365
-338
-91
48
50
260
215
-91
-117
-165
-104
-18
-55
233
396
256
124
253
-90
-653
-101
448
327
175
236
196
-267
-717
-157
592
397
-333
-58
427
-117
-727
-529
159
305
-213
-11
452
-24
-702
-460
189
77
-218
151
502
16
-567
-319
309
228
-166
136
610
4
-530
-122
117
163
167
291
250
-256
-251
40
50
21
58
309
174
-295
-274
-73
-24
-172
-215
247
186
-160
-160
-22
5
-122
42
292
6
-218
-40
-95
-171
-206
49
372
212
24
162
334
-382
-599
309
508
73
52
319
181
-483
-649
95
607
32
-365
284
393
-464
-719
-145
430
137
-270
209
351
-337
-721
-127
354
-45
-196
405
409
-301
-593
-48
362
-43
-145
475
646
-173
-580
-74
121
120
292
493
224
-350
-237
-11
-177
-16
307
392
16
-401
-219
-39
-90
-198
12
419
114
-245
-104
-92
-161
-160
185
247
-112
-121
115
0
-222
-213
158
386
206
37
247
261
-652
-525
404
437
63
100
328
86
-553
-520
227
580
-71
-311
347
223
-536
-632
-116
307
-52
-186
336
297
-373
-626
-33
259
-112
-61
418
246
-411
-543
130
421
-140
-207
514
475
-245
-310
64
163
63
148
336
98
-215
-85
62
-73
-88
259
314
-95
-295
-147
20
-68
-277
31
333
15
-316
-207
-12
-96
-103
166
146
-114
-114
-3
-14
-198
-146
225
288
11
-41
226
343
-442
-483
403
491
93
27
228
143
-438
-508
173
516
50
-276
292
280
-438
-666
-164
343
8
-291
194
302
-293
-575
-90
288
-80
-172
320
306
-287
-525
11
334
-66
-161
364
570
-115
-472
36
167
7
133
318
226
-186
-133
102
-149
-24
268
269
38
-248
-170
-11
-5
-121
-18
319
102
-265
-147
-30
-135
-104
145
194
-26
-41
54
-129
-256
-123
167
296
168
45
322
-111
-695
-124
387
273
119
280
344
-158
-644
-234
329
257
-324
66
459
-114
-571
-416
75
226
-86
69
335
-49
-508
-386
124
58
-157
273
426
-123
-514
-240
251
113
-180
179
497
54
-304
-131
40
41
154
303
174
-73
-73
90
-72
-230
153
449
84
-207
-106
-3
-95
-154
-15
216
130
-62
-119
-144
-148
-74
101
163
-9
-46
80
-37
-246
-197
55
208
156
127
238
314
-216
-723
-20
383
201
236
363
243
-241
-594
-226
252
213
-147
91
329
-144
-482
-365
8
125
-118
44
289
-20
-404
-322
0
-42
-112
205
302
-73
-348
-214
151
73
-116
164
463
80
-322
-56
22
84
266
247
219
-48
-116
55
-173
-110
173
327
126
-229
-130
-124
-146
-54
-58
199
177
-64
-146
-181
-134
-105
57
102
-24
16
14
-175
-217
-81
131
161
184
162
272
9
-729
-228
357
187
103
317
421
-95
-717
-389
189
316
-88
28
479
14
-490
-404
-145
84
-62
75
419
78
-310
-291
-48
-91
-229
138
469
85
-337
-211
222
106
-230
97
463
241
-208
-211
69
10
68
304
224
-41
-143
95
-63
-336
176
458
89
-198
-216
-51
-146
-212
3
187
214
12
-163
-189
-203
-86
92
124
47
-47
17
-86
-280
-161
145
214
185
95
192
182
-553
-460
262
315
162
287
416
115
-591
-571
29
356
-26
-54
514
202
-476
-579
-248
57
-32
-3
413
231
-292
-410
-154
-48
-187
-4
418
293
-224
-382
49
143
-184
-38
461
349
-121
-152
64
-2
-30
288
321
6
-144
142
96
-234
43
398
166
-246
-293
54
154
-95
-143
105
202
-84
-262
-178
-154
-70
19
97
100
-54
-52
-111
-196
-201
-16
296
332
112
47
132
-462
-586
170
348
137
276
360
159
-446
-632
-19
356
92
-51
454
304
-392
-554
-331
0
87
2
346
347
-161
-410
-232
-81
-173
-28
400
333
-182
-396
5
220
-163
-131
449
539
-125
-254
-43
-115
-77
156
316
223
20
62
-21
-230
-54
217
268
17
-190
-138
-129
-59
-82
-4
206
142
-8
-216
-273
-160
-11
91
80
-17
83
6
-130
-228
-154
184
334
242
167
193
-427
-517
126
173
66
366
508
310
-354
-651
-154
198
17
-31
425
307
-210
-404
-409
-149
-27
-115
273
378
-57
-257
-211
-175
-199
-9
414
303
-121
-352
-48
266
-137
-272
305
556
171
-272
-171
-39
-33
264
240
65
-5
40
-3
-330
-24
388
120
52
-49
-204
-234
-250
-44
55
109
183
39
-102
-256
-147
-23
-34
153
132
-23
-139
-249
-162
89
236
322
315
391
-256
-599
-8
56
20
273
442
366
-180
-627
-272
182
83
-92
450
410
-176
-340
-507
-284
-19
-112
219
414
73
-187
-248
-243
-336
-112
314
352
63
-222
-145
48
-126
-108
369
458
-9
-85
71
-100
-100
153
291
179
-24
57
43
-312
-169
330
275
-74
27
87
-183
-305
-209
-1
232
65
-74
-45
-159
-223
-138
-74
78
163
47
-17
-205
-305
-110
126
299
239
245
292
-475
-521
85
49
165
442
520
261
-439
-593
-157
133
-25
43
643
344
-267
-450
-526
-167
-17
-103
336
341
-90
-268
-274
-274
-278
49
430
293
-65
-257
-91
62
-196
12
534
413
-60
-239
-98
-160
-122
323
487
260
-9
0
-110
-557
-119
549
257
0
27
-27
-215
-370
-178
26
203
192
-70
-118
-181
-191
-94
-63
106
168
96
30
-172
-219
-72
122
221
261
343
-244
-357
161
-66
-107
300
493
322
-283
-554
-173
170
-70
-252
400
447
-153
-375
-352
-5
-48
-276
206
351
-121
-309
-168
-88
-249
-117
302
379
36
-300
-42
167
-199
-197
421
585
-7
-188
-43
-159
-24
158
279
290
76
160
-61
-444
-122
259
251
63
-43
3
-37
-149
-337
-168
237
125
-64
-25
-77
-141
-103
-89
-20
10
42
45
-172
-137
90
172
244
189
306
-147
-629
-21
110
41
403
491
463
-126
-698
-371
83
97
-145
329
574
-34
-424
-543
-239
26
-193
74
354
117
-193
-328
-174
-161
-205
115
385
70
-311
-107
145
-107
-156
296
589
270
-88
-183
-56
-9
-48
276
420
165
69
-134
-374
-226
250
385
57
32
0
-155
-266
-335
-102
191
190
49
-129
-222
-194
-159
-130
10
183
140
-1
-194
-235
-91
158
332
324
417
-202
-578
-38
-111
-28
480
624
573
-68
-666
-382
23
2
-94
452
495
-134
-385
-507
-200
-23
-251
157
389
40
-116
-133
-117
-313
-277
149
274
44
-224
-37
203
-228
-295
381
655
285
-111
-130
-93
-133
-49
209
449
339
77
-135
-432
-218
227
241
218
239
34
-196
-354
-429
-261
160
275
109
8
-132
-269
-265
-181
29
165
139
9
-170
-158
-114
52
283
186
294
148
-508
-93
147
-132
186
591
468
70
-419
-315
-24
-43
-285
173
576
28
-273
-350
-329
-37
-244
-137
449
206
-159
-265
-223
-256
-311
96
522
293
-139
-228
72
-34
-310
180
684
283
-73
-38
-228
-20
279
222
204
166
69
-34
-249
-169
138
349
143
-64
9
-116
-225
-212
-259
18
189
12
-18
-79
-181
-244
-222
-92
-35
111
223
-18
-127
-143
30
312
278
443
-122
-549
47
-69
-139
411
623
551
-81
-659
-359
152
72
-233
357
470
-157
-403
-489
-108
100
-255
69
325
-57
-253
-203
-84
-312
-315
295
491
84
-305
-116
259
-150
-310
416
719
222
-232
-112
-8
-99
170
345
343
248
10
-87
-422
-270
314
270
133
-64
-131
-14
-265
-353
-160
157
306
-106
-240
-118
-224
-348
-257
92
211
92
39
-211
-126
112
110
339
580
-8
-566
35
30
-354
177
701
565
146
-512
-364
237
64
-516
17
554
48
-424
-489
-251
-38
-328
-149
384
164
-165
-181
-152
-312
-385
-58
389
230
-166
-129
256
78
-319
161
746
209
-24
216
-23
56
103
76
208
101
168
111
-182
-14
184
271
32
-152
-32
-129
-198
-272
-297
71
143
33
69
-239
-249
-208
-282
-39
48
101
158
-163
-132
-4
242
394
287
258
-558
-422
309
-32
35
627
630
385
-402
-698
-97
381
-151
-347
459
458
-307
-619
-485
-38
-182
-434
228
417
-28
-294
-203
-157
-332
-201
300
317
-8
-185
150
224
-198
-76
656
601
-167
-170
122
94
200
251
239
76
-161
-4
-154
-166
242
251
109
-108
-360
-283
-215
-248
-230
47
286
20
-158
-210
-278
-274
-241
-86
92
28
64
67
-131
69
325
349
610
-127
-648
78
105
-70
197
662
716
-58
-551
-350
73
148
-422
99
585
-10
-450
-437
-36
108
-417
-211
387
163
-372
-412
92
-93
-467
21
469
301
-136
-110
423
81
-411
121
655
231
-250
-124
330
449
26
39
354
129
-174
-214
-141
-34
71
225
34
-210
-172
-180
-189
-314
-346
178
270
-87
-158
-117
-87
-375
-402
54
164
81
8
-7
126
-4
238
441
475
-27
-514
-51
107
-79
209
611
821
147
-686
-375
141
186
-319
-42
591
161
-616
-724
-70
208
-342
-149
361
231
-293
-573
-19
59
-434
-96
435
361
-189
-370
364
364
-285
-171
435
446
-126
-279
284
469
23
-165
171
333
5
-184
-44
132
24
-97
6
-60
-197
-177
-227
-174
-116
36
174
-10
-259
-247
-200
-185
-41
76
94
120
78
7
83
174
266
513
171
-587
-247
215
224
242
396
658
322
-529
-683
-124
351
-23
-185
365
315
-251
-641
-351
240
-26
-389
79
404
7
-611
-403
160
26
-133
153
475
323
-310
-325
106
74
48
212
457
379
-182
-283
184
449
196
-163
29
224
-89
-307
-168
148
238
-79
-181
-119
-135
-259
-413
-301
-31
128
102
-53
-136
-155
-360
-267
56
236
254
106
-36
-52
-45
86
344
587
148
-489
-262
87
190
229
404
703
375
-545
-878
-282
327
281
101
225
144
-328
-687
-479
65
141
-45
-10
94
2
-341
-378
-81
-15
17
132
238
323
48
-90
-6
-70
-102
34
297
437
229
16
-22
3
90
47
-60
22
130
96
-22
-130
0
63
-117
-210
-179
-116
-109
-191
-116
77
101
82
-110
-99
-157
-229
-26
40
127
193
175
-41
-91
-54
76
378
394
324
43
-288
-297
-143
116
222
326
462
147
-264
-570
-394
116
110
15
157
152
-17
-309
-394
-138
3
-53
-78
89
249
13
-215
-107
-21
30
-51
-70
69
121
83
41
10
17
10
23
87
92
68
-38
-4
54
-116
-179
-79
34
31
-84
-67
87
101
-38
-214
-283
-119
23
-33
-70
-1
45
35
11
24
50
109
42
-174
-37
33
89
233
85
58
31
2
-38
-50
219
440
221
-179
-390
-281
-122
24
291
473
372
5
-442
-517
-239
-18
78
166
232
56
-178
-313
-299
-81
85
66
26
62
123
104
-19
-145
-156
-121
-77
98
260
372
352
52
-196
-250
-218
-86
94
241
239
107
-51
-167
-135
-26
-14
5
40
-50
-73
-51
43
-9
-103
-50
-86
-73
-122
3
178
112
35
-62
-13
89
6
-77
-6
54
-8
61
85
43
18
-59
-38
30
89
252
242
65
-206
-348
-294
-131
161
268
299
233
-24
-297
-332
-203
40
183
136
71
-23
-25
-91
-177
-55
52
0
-32
10
59
88
12
-70
-134
-198
-170
-3
170
169
128
83
-106
-275
-312
-146
145
212
168
173
108
-110
-233
-146
33
186
187
105
51
60
-3
-101
-114
-46
-9
-26
51
102
157
177
55
-81
-166
-69
21
-108
-73
39
1
-65
-80
57
65
-54
-121
-75
40
19
151
389
176
-286
-517
-365
-92
151
415
627
524
21
-535
-527
-196
-51
90
308
447
301
-95
-298
-168
-140
-216
-187
76
249
140
68
-28
-163
-217
-247
-173
33
143
165
122
-7
-119
-181
-86
39
116
238
227
151
31
-79
-105
-16
60
97
84
72
108
-29
51
118
25
33
-39
-126
-146
-173
-46
83
74
106
70
-23
-134
-198
-144
-95
-25
34
84
45
-118
-93
-91
16
106
320
527
255
-254
-536
-379
-141
130
478
758
635
78
-524
-559
-327
-109
101
265
353
111
-236
-337
-221
-154
-141
-101
8
58
-21
18
90
-29
-234
-306
-174
12
157
262
339
259
47
-104
-96
48
139
197
144
126
187
94
46
76
96
78
-84
-186
-45
24
-16
-52
-28
89
-157
-365
-358
-216
-22
-58
36
236
154
-92
-216
-368
-201
-83
25
236
138
28
-91
53
242
273
488
523
144
-376
-714
-431
44
339
604
732
435
-204
-785
-746
-331
-91
31
191
162
-75
-417
-419
-185
-139
-162
-164
45
39
-156
-66
52
-50
-181
-93
245
375
242
178
271
335
155
21
139
202
119
-12
57
273
329
206
81
42
-122
-271
-319
-219
-84
-20
-30
-71
-132
-237
-391
-429
-288
-52
132
144
123
89
-92
-238
-223
-10
216
166
-1
26
201
325
445
653
776
225
-541
-843
-537
-118
195
587
1055
836
-70
-899
-839
-479
-586
-494
88
508
270
-377
-458
-75
-233
-532
-348
192
278
-104
-150
167
244
30
-34
325
425
100
56
236
349
283
196
449
526
166
-152
-178
85
18
-138
50
244
134
-260
-538
-346
-164
-257
-339
-306
-98
-201
-389
-291
45
314
168
-20
-26
-100
-221
-192
3
222
105
106
354
602
713
677
847
504
-454
-1057
-877
-349
57
369
1024
1097
362
-567
-809
-516
-701
-904
-414
139
86
-316
-218
364
181
-402
-527
-147
-66
-515
-366
419
578
275
130
432
576
49
-64
392
528
226
35
396
601
155
-65
203
404
133
-348
-272
-8
-249
-490
-388
-37
97
-258
-494
-443
-392
-401
-377
-126
221
247
124
-32
-152
-106
-125
-139
-19
24
38
206
439
655
765
895
1084
586
-312
-868
-825
-460
-424
-64
867
1201
618
-251
-442
-224
-764
-1188
-744
-135
-135
-642
-398
501
484
44
-64
145
-71
-899
-812
72
359
345
524
1012
946
41
-40
417
397
-87
-187
529
717
-17
-132
286
446
-22
-501
-98
126
-290
-630
-514
-176
-265
-552
-350
-234
-314
-417
-404
-169
-50
109
332
262
60
-77
-56
2
-27
-13
99
247
373
412
649
877
1080
920
31
-529
-747
-719
-698
-437
468
1214
776
30
-351
-258
-735
-1357
-953
-300
-248
-634
-541
245
398
68
299
574
270
-614
-917
-328
-123
-111
529
1265
1301
525
269
596
342
-216
-201
334
381
-341
-524
173
460
254
111
284
233
-496
-1021
-867
-715
-502
-241
-26
18
-248
-322
-223
-336
-256
66
399
341
6
-8
140
98
68
212
372
303
123
193
336
570
914
1332
859
-187
-637
-758
-960
-852
-287
876
1091
200
-302
-187
-403
-1051
-1070
-366
-145
-696
-988
-388
327
155
415
987
855
122
-625
-603
-293
-461
-141
731
1103
691
241
616
836
431
218
522
605
-107
-974
-824
-274
-220
-55
446
669
311
-361
-768
-815
-867
-574
-241
-209
-336
-390
-231
-153
-174
296
773
749
321
-37
-111
-133
-170
19
347
420
214
209
228
212
617
1024
1344
654
-443
-658
-849
-1307
-892
-64
841
913
124
-327
-104
-414
-1200
-841
-256
-526
-867
-1077
-548
443
393
764
1407
1002
146
-457
-592
-395
-367
-50
571
932
496
118
620
791
564
509
557
508
-51
-1023
-1024
-486
-414
-268
279
405
200
-76
-416
-614
-625
-424
-395
-535
-502
-321
-201
-85
66
402
572
693
544
147
107
147
9
-47
-16
66
0
33
276
373
766
1118
1235
686
-423
-668
-708
-1399
-1257
-244
499
614
235
30
97
-114
-754
-707
-227
-578
-973
-1023
-815
-3
357
667
1361
1296
611
79
-203
-419
-628
-358
93
393
266
148
735
1032
756
718
736
533
-101
-880
-964
-716
-629
-610
-235
90
66
134
163
-22
-91
-80
-235
-680
-916
-608
-417
-374
-60
495
803
760
673
467
222
41
-107
-222
-222
-167
-54
58
288
460
721
1088
1335
1111
-4
-572
-609
-1328
-1733
-854
7
342
230
132
245
234
-257
-495
-170
-465
-1003
-1117
-1139
-527
222
541
1170
1446
940
423
144
-81
-315
-318
-193
-130
-110
-181
203
824
986
1018
1044
803
408
-238
-808
-854
-764
-939
-882
-404
-61
107
331
415
279
159
22
-398
-872
-862
-630
-558
-500
-17
546
659
734
859
707
414
177
-86
-401
-513
-357
-281
-140
202
613
1028
1227
1387
803
-148
-330
-777
-1684
-1373
-548
-123
16
79
261
446
278
-105
-104
-168
-671
-986
-1257
-1153
-254
197
579
1280
1343
910
551
252
36
-243
-373
-351
-321
-425
-301
406
892
947
1052
964
624
154
-541
-801
-617
-702
-977
-818
-460
-302
-96
257
457
417
378
107
-488
-855
-753
-608
-587
-314
220
460
550
797
808
687
588
354
-105
-451
-474
-458
-472
-153
336
704
900
1217
1406
492
-223
-116
-733
-1514
-1080
-461
-285
-320
-154
203
425
217
36
209
-44
-657
-984
-1238
-919
-230
-64
411
1086
1020
637
527
567
333
-30
-129
-147
-351
-656
-430
290
496
521
914
1050
826
305
-262
-386
-598
-1065
-1144
-830
-561
-378
10
359
334
389
511
175
-328
-470
-427
-609
-760
-425
-69
78
452
783
771
722
727
512
37
-295
-382
-502
-495
-233
154
534
874
1300
960
124
84
-109
-1049
-1185
-625
-434
-592
-539
-170
153
220
242
507
423
-257
-635
-879
-1129
-676
-269
-39
503
775
591
528
734
777
463
332
289
-14
-491
-709
-179
248
213
528
919
916
617
70
-131
-168
-609
-962
-845
-735
-748
-439
12
73
153
483
495
95
-230
-163
-233
-670
-669
-333
-230
-23
432
685
752
855
890
525
70
-165
-315
-462
-509
-251
126
389
890
1128
406
187
437
-280
-1011
-715
-391
-587
-851
-585
-151
-3
35
358
590
149
-261
-361
-789
-757
-288
-202
32
372
342
277
483
778
708
495
499
345
-173
-712
-579
-4
48
40
458
700
664
393
120
78
-79
-537
-827
-858
-855
-707
-374
-124
-78
126
462
362
36
124
206
-154
-515
-493
-413
-370
11
465
609
632
804
788
308
-66
-60
-131
-335
-289
-52
147
473
955
644
102
339
181
-720
-906
-455
-310
-645
-700
-278
-49
-150
-39
348
232
-227
-290
-463
-656
-287
-43
75
265
293
181
173
474
730
575
502
533
196
-427
-657
-135
137
-70
151
579
641
463
230
203
85
-320
-688
-868
-878
-745
-487
-237
-96
29
228
306
178
57
117
47
-330
-534
-487
-371
-111
235
465
621
716
730
495
188
85
-28
-175
-275
-234
-15
216
663
858
260
108
285
-346
-902
-601
-235
-301
-577
-489
-191
-107
-182
38
333
36
-290
-354
-601
-469
-97
0
254
409
255
144
300
592
573
447
509
394
-58
-534
-353
225
238
161
464
599
416
114
-82
-73
-147
-466
-697
-668
-640
-587
-328
-113
-74
60
271
224
28
63
105
-146
-429
-480
-450
-348
-21
390
598
621
713
676
359
41
-13
-32
-181
-263
-94
127
411
763
473
105
264
-5
-715
-742
-385
-309
-610
-718
-330
-93
-261
-133
361
294
-212
-302
-337
-421
-203
-65
117
295
174
56
135
438
685
565
500
483
177
-351
-514
8
294
91
209
494
467
209
10
79
80
-214
-527
-680
-671
-610
-506
-336
-177
-39
97
203
229
254
266
104
-149
-299
-413
-399
-142
160
362
421
486
635
539
250
150
145
-19
-229
-227
-45
232
608
524
102
180
124
-503
-658
-295
-124
-311
-565
-442
-189
-257
-311
80
305
-117
-360
-291
-382
-249
-14
150
324
232
57
70
309
629
591
456
467
280
-159
-525
-217
350
284
167
417
518
277
-15
57
78
-206
-416
-573
-696
-674
-544
-351
-249
-110
33
99
223
236
214
132
-87
-192
-351
-476
-210
161
310
361
434
521
460
321
209
149
80
-78
-143
-63
97
477
647
168
-68
19
-385
-768
-448
-133
-179
-361
-369
-259
-235
-305
-100
222
4
-377
-368
-381
-381
-103
81
303
438
272
120
280
581
613
436
420
346
28
-360
-364
172
352
85
154
355
280
67
18
162
60
-294
-550
-676
-740
-686
-425
-199
-184
-77
116
149
105
188
290
137
-104
-216
-381
-446
-181
139
327
358
432
553
405
168
210
252
113
1
12
62
240
548
301
-121
-34
-141
-625
-612
-236
-87
-313
-500
-347
-224
-295
-196
225
279
-207
-363
-292
-422
-294
-36
166
323
245
87
109
377
656
521
384
409
232
-146
-417
-122
247
124
56
266
328
238
140
250
204
-185
-445
-612
-777
-732
-491
-259
-234
-172
-10
28
145
317
395
336
81
-135
-330
-491
-255
96
259
326
363
423
392
296
306
325
225
32
-96
-26
80
354
540
133
-72
-11
-394
-692
-379
-99
-128
-339
-376
-281
-232
-220
-48
239
63
-329
-405
-454
-429
-92
125
290
410
314
141
231
578
624
401
368
309
-16
-355
-331
111
263
72
117
268
233
44
30
144
-23
-300
-457
-616
-653
-550
-378
-264
-269
-186
-64
37
198
355
423
231
-33
-192
-401
-405
-96
145
274
344
408
469
367
256
245
235
122
-31
-47
19
141
425
310
-151
-108
-99
-539
-652
-329
-147
-267
-416
-317
-141
-82
-75
107
217
-73
-291
-261
-314
-183
23
41
110
169
84
81
373
685
621
440
382
192
-116
-319
-169
159
98
-60
104
261
205
148
254
236
-42
-296
-484
-618
-588
-489
-369
-314
-281
-161
33
164
273
405
363
120
-62
-209
-318
-179
29
116
167
174
224
323
296
263
347
294
50
-39
26
56
257
484
175
-137
-78
-275
-637
-496
-197
-104
-227
-318
-188
-37
-103
-102
127
80
-283
-442
-393
-302
-79
60
152
281
268
145
231
552
705
510
318
200
-32
-300
-378
-49
215
16
-76
129
201
72
79
307
248
-112
-327
-431
-561
-601
-467
-292
-300
-290
-77
70
124
262
403
251
-9
-92
-182
-261
-91
128
189
181
181
250
257
244
310
315
171
5
-61
-64
29
323
465
82
-153
-100
-372
-667
-411
-46
-25
-228
-265
-125
-53
-92
17
217
105
-243
-401
-375
-257
-46
27
119
261
231
100
242
599
677
419
242
151
-64
-319
-308
67
208
-33
-101
65
153
118
163
340
243
-146
-401
-487
-554
-530
-373
-251
-293
-277
-96
60
189
379
470
266
-7
-120
-190
-224
-63
158
206
138
158
239
232
219
326
333
76
-137
-82
23
118
362
479
90
-173
-161
-473
-646
-288
36
-37
-317
-321
-146
-119
-122
48
253
75
-333
-418
-327
-160
-8
-26
94
231
136
30
241
675
739
414
230
138
-50
-272
-250
86
127
-125
-143
14
69
52
187
365
165
-137
-267
-424
-509
-426
-308
-320
-418
-282
-71
17
163
324
382
230
11
-85
-146
-145
-27
83
108
60
120
241
257
287
322
219
57
-39
-49
-18
151
436
358
-81
-221
-234
-537
-622
-219
91
-39
-268
-179
-42
-99
-105
94
164
-71
-345
-385
-283
-134
-16
10
118
187
90
56
325
667
606
300
242
219
-46
-264
-69
256
127
-154
-79
52
-11
-16
163
263
85
-163
-302
-392
-436
-382
-293
-309
-344
-189
-12
40
167
347
340
133
-54
-83
-73
-64
-7
88
147
99
123
230
218
257
307
166
25
7
15
12
191
441
267
-144
-227
-251
-525
-606
-254
30
-119
-306
-156
2
-72
-96
103
172
-100
-347
-365
-272
-123
-21
23
140
217
156
170
383
609
507
276
219
159
-60
-232
-37
172
-3
-197
-23
170
109
42
212
249
-70
-297
-309
-354
-466
-400
-248
-298
-408
-273
-80
7
152
353
368
172
59
13
-107
-127
40
169
94
25
158
195
86
136
229
124
59
118
148
146
383
551
150
-211
-168
-303
-636
-538
-141
-56
-299
-280
-64
-25
-94
40
251
102
-232
-359
-363
-312
-136
5
116
250
278
135
170
501
603
348
199
240
109
-174
-199
80
201
-31
-155
33
120
-12
22
239
180
-127
-280
-327
-398
-406
-287
-196
-264
-316
-221
-156
-116
77
276
259
143
108
83
13
26
136
164
87
46
97
90
67
140
147
67
107
156
144
219
445
364
-119
-270
-217
-461
-598
-295
-17
-141
-338
-180
2
-44
-33
145
190
-69
-336
-362
-295
-155
-21
11
101
181
97
30
255
592
547
287
267
273
61
-119
33
268
122
-164
-140
5
-15
-27
126
188
-2
-201
-299
-377
-354
-235
-197
-260
-272
-211
-167
-115
50
209
192
102
69
64
60
120
218
228
143
36
-18
-2
55
114
115
61
65
115
141
236
471
531
162
-155
-171
-320
-575
-454
-183
-177
-350
-340
-157
-54
-29
105
206
31
-265
-374
-317
-238
-89
15
64
164
209
136
222
512
579
291
118
172
99
-61
8
324
354
-37
-243
-61
-32
-178
-60
177
41
-238
-251
-208
-275
-234
-69
-108
-302
-333
-216
-194
-147
81
207
56
-37
83
123
94
216
330
226
86
76
54
5
70
168
98
15
108
222
222
320
508
282
-136
-196
-179
-440
-517
-240
-136
-374
-426
-193
-84
-61
74
200
66
-171
-232
-204
-173
-13
107
59
26
84
79
100
378
600
410
191
241
227
31
31
308
338
-14
-172
-53
-113
-229
-86
58
-64
-211
-196
-223
-236
-138
-101
-193
-267
-258
-241
-227
-91
101
98
-2
42
132
104
116
236
263
165
100
63
23
64
99
19
-44
45
162
163
234
451
504
213
-64
-104
-206
-441
-430
-265
-301
-489
-485
-272
-119
-10
122
210
114
-115
-254
-219
-117
23
95
53
33
64
69
124
368
548
375
172
205
216
120
150
350
383
24
-238
-132
-103
-217
-111
78
-69
-301
-234
-127
-179
-92
27
-101
-308
-354
-277
-226
-167
16
95
-14
-45
95
173
170
283
348
181
46
39
5
17
90
127
38
24
120
175
242
399
454
198
-97
-163
-230
-411
-354
-151
-226
-520
-529
-310
-218
-140
95
227
44
-217
-270
-174
-93
-2
67
73
17
-44
-14
151
381
473
328
200
212
176
109
216
372
276
7
-123
-135
-175
-176
-92
-25
-106
-205
-183
-127
-112
-72
-65
-178
-298
-314
-281
-238
-111
-20
-17
-9
40
119
237
359
393
312
174
50
-30
-20
40
89
60
15
62
122
172
340
552
472
140
-61
-134
-312
-440
-329
-249
-397
-581
-515
-294
-128
2
191
266
94
-137
-172
-81
4
37
12
7
4
-36
17
263
480
456
328
304
302
236
238
356
374
132
-116
-183
-211
-265
-202
-100
-131
-259
-301
-235
-142
-25
49
-2
-147
-276
-322
-314
-240
-109
-50
-69
-71
8
130
263
378
405
311
164
32
-5
45
85
67
4
-38
-19
34
160
397
539
343
41
-65
-156
-331
-317
-151
-159
-405
-588
-502
-296
-153
-19
152
191
-17
-205
-146
36
142
122
54
12
-65
-144
-13
299
479
380
271
265
247
205
280
416
398
147
-143
-254
-291
-318
-246
-121
-102
-198
-248
-193
-92
14
68
23
-90
-222
-312
-316
-266
-176
-114
-96
-46
60
183
287
375
366
258
144
68
46
84
96
41
-33
-64
-17
82
258
436
449
225
-3
-91
-183
-289
-228
-159
-274
-496
-580
-477
-329
-166
5
110
79
-63
-135
-31
104
189
170
111
47
-28
-34
112
333
402
296
225
241
212
216
300
380
241
-48
-197
-207
-213
-193
-132
-109
-213
-322
-297
-208
-86
16
23
-50
-143
-222
-238
-195
-134
-115
-134
-139
-91
44
205
302
310
238
144
73
46
114
201
162
8
-106
-97
-43
78
340
554
464
152
-64
-153
-260
-281
-152
-101
-252
-480
-565
-487
-320
-115
50
143
132
7
-70
-12
112
176
104
30
-1
-16
26
136
272
304
206
154
214
313
387
410
371
184
-98
-252
-220
-128
-70
-69
-118
-215
-301
-294
-193
-32
52
-15
-122
-184
-201
-185
-140
-72
-31
-81
-149
-100
55
170
234
264
222
156
132
133
168
211
138
-30
-123
-64
38
152
317
404
235
-36
-140
-124
-164
-156
-77
-141
-407
-585
-510
-342
-191
-7
125
83
-69
-143
-82
19
120
171
124
14
-56
-44
39
181
315
312
238
245
288
280
260
288
244
48
-148
-185
-150
-143
-173
-164
-140
-169
-170
-86
6
39
-10
-107
-192
-195
-128
-78
-61
-52
-82
-123
-78
72
219
271
257
192
92
16
19
127
220
181
78
-19
-54
7
141
306
411
321
72
-127
-206
-248
-238
-159
-135
-239
-392
-432
-327
-173
-54
31
68
10
-89
-103
-33
61
118
87
28
6
12
48
156
280
287
215
205
227
229
210
201
179
37
-133
-162
-145
-179
-181
-123
-124
-194
-171
-78
-54
-66
-56
-76
-161
-224
-188
-151
-180
-178
-136
-98
-49
61
173
222
217
176
120
91
90
91
88
43
-35
-99
-86
21
162
284
363
343
184
-4
-89
-129
-193
-215
-206
-279
-402
-429
-337
-205
-76
37
97
82
8
-56
-61
-26
10
15
1
22
58
75
140
253
303
257
244
276
235
160
147
132
21
-101
-88
-49
-87
-101
-55
-64
-130
-132
-98
-111
-128
-97
-109
-159
-159
-93
-68
-81
-58
-37
-58
-40
55
126
144
159
157
95
40
68
108
105
93
88
36
-19
19
120
191
253
288
194
33
-58
-99
-165
-184
-154
-193
-328
-393
-343
-252
-161
-46
55
64
11
-33
-40
-7
41
53
28
21
47
66
111
211
302
296
257
257
237
172
135
132
58
-61
-98
-74
-74
-74
-40
-30
-72
-100
-79
-74
-86
-83
-98
-179
-236
-198
-128
-83
-39
6
-10
-39
-3
60
94
125
135
74
4
0
40
77
124
164
122
40
33
83
119
178
234
190
23
-97
-124
-165
-197
-152
-130
-211
-304
-297
-246
-182
-72
11
13
-32
-65
-61
-26
48
111
105
68
65
78
92
163
273
299
217
163
158
105
51
73
95
13
-69
-53
-36
-58
-38
2
-35
-103
-107
-88
-104
-109
-96
-145
-224
-225
-144
-79
-32
29
43
-4
-18
33
86
120
160
148
44
-40
-33
8
69
142
179
146
85
66
73
92
136
157
77
-64
-152
-187
-231
-213
-141
-115
-153
-175
-156
-129
-93
-36
1
-9
-54
-99
-95
-52
-9
36
74
107
128
143
187
240
242
192
155
117
39
-12
-13
-18
-42
-44
-38
-40
-20
18
31
10
-3
-13
-51
-91
-115
-143
-179
-193
-169
-137
-100
-36
19
19
9
31
57
64
77
83
43
-38
-86
-73
-41
1
63
111
107
91
109
124
137
170
172
93
-39
-127
-166
-197
-194
-145
-119
-139
-153
-133
-90
-40
13
54
49
10
-32
-41
-21
22
66
78
88
105
103
107
138
148
118
78
56
30
-2
5
19
15
8
20
37
43
64
77
51
9
-28
-56
-88
-115
-122
-142
-169
-176
-162
-123
-55
15
44
47
54
59
50
50
61
49
8
-28
-45
-50
-30
28
87
111
128
157
174
166
157
145
86
-7
-79
-128
-163
-169
-158
-153
-145
-113
-63
-15
30
61
61
37
-1
-30
-44
-37
-13
-11
-26
-19
13
39
82
147
179
158
121
83
38
11
5
-1
-25
-39
-36
-41
-35
3
46
59
42
26
5
-43
-86
-109
-127
-152
-155
-141
-125
-98
-54
-22
11
54
87
94
84
66
24
-32
-59
-61
-59
-48
-26
-8
5
36
90
140
167
178
167
112
36
-14
-57
-92
-110
-116
-129
-145
-138
-101
-49
-5
35
54
50
33
18
4
1
7
14
3
-9
5
32
61
91
122
124
111
84
61
38
21
24
20
-2
-20
-16
-8
9
24
32
37
24
-2
-27
-49
-68
-89
-110
-129
-133
-125
-101
-64
-26
1
14
16
25
28
19
12
4
-15
-31
-39
-37
-32
-12
32
76
102
118
124
102
73
50
30
-7
-37
-59
-87
-113
-117
-96
-76
-49
-4
27
38
37
31
17
8
2
-5
-20
-35
-34
-20
2
26
55
71
71
72
65
53
51
42
22
-8
-34
-38
-32
-24
-6
16
21
16
17
9
-10
-23
-36
-59
-89
-105
-104
-97
-81
-50
-23
4
32
56
67
62
54
43
18
-21
-45
-59
-68
-65
-48
-23
3
32
70
97
100
91
73
59
38
4
-29
-59
-82
-95
-101
-92
-69
-38
-17
-7
6
8
4
12
23
17
2
-10
-9
-11
-12
12
38
50
58
57
56
49
44
49
41
21
2
-13
-23
-16
2
18
24
32
27
9
-6
-10
-13
-21
-40
-64
-89
-94
-79
-49
-21
-5
7
16
16
18
26
27
24
17
-5
-32
-39
-32
-23
-11
17
44
54
57
66
75
76
72
61
41
13
-15
-32
-42
-46
-38
-30
-22
-6
6
5
3
8
7
-2
-10
-12
-17
-27
-28
-24
-17
-9
4
19
29
36
39
37
31
29
18
-1
-11
-15
-17
-22
-15
0
12
17
18
17
13
4
-3
-10
-21
-27
-32
-45
-50
-42
-38
-30
-17
-7
-1
10
23
30
29
18
4
-4
-10
-15
-10
-6
-2
1
5
12
26
40
50
46
33
26
20
13
5
1
-6
-19
-25
-24
-18
-7
8
18
18
15
7
-4
-7
-9
-7
-6
-9
-14
-13
-10
-2
2
3
8
13
12
3
-2
-4
-12
-21
-17
-10
-5
5
14
19
16
13
10
6
1
-2
-8
-17
-26
-32
-33
-31
-20
-4
5
13
18
16
9
8
9
2
-7
-17
-28
-35
-34
-27
-14
-2
14
31
40
50
57
55
43
36
27
12
-1
-10
-22
-30
-32
-27
-15
-3
7
22
36
38
33
25
11
-6
-22
-35
-43
-48
-47
-37
-24
-13
-3
8
19
24
28
31
25
18
4
-5
-11
-13
-13
-10
3
13
15
13
15
21
26
20
16
16
3
-14
-28
-32
-30
-29
-25
-23
-19
-12
-8
-7
-4
-2
-1
-11
-16
-15
-21
-23
-17
-16
-14
-8
4
12
17
29
32
25
19
14
9
3
2
-3
-14
-11
-7
0
6
13
20
19
16
11
4
-1
-7
-12
-17
-21
-19
-16
-10
-6
-2
3
6
12
13
10
7
2
-4
-9
-10
-7
-2
1
3
10
16
15
12
10
9
3
-1
-6
-8
-14
-23
-25
-22
-20
-16
-13
-8
-3
-1
3
4
6
4
2
0
5
7
8
11
12
12
10
11
16
20
24
21
20
16
18
14
9
3
-3
-4
-7
-7
-6
-7
-5
-7
-7
-5
-11
-16
-17
-19
-23
-23
-18
-17
-19
-18
-10
-7
0
7
5
-3
-5
-6
-9
-6
-3
-1
4
6
3
5
7
10
9
9
4
0
-6
-15
-21
-23
-25
-22
-19
-13
-3
-3
-1
5
7
7
5
7
8
7
5
5
3
4
8
12
15
22
30
32
33
30
30
30
29
30
23
13
9
8
-5
-13
-12
-15
-15
-10
-8
-6
-5
-5
-5
-5
-7
-12
-13
-14
-17
-21
-22
-15
-10
-4
2
8
12
21
23
17
16
12
4
-1
-4
-10
-10
-11
-12
-13
-11
-10
-6
-1
-3
-7
-12
-18
-27
-31
-30
-27
-29
-24
-16
-13
-8
-5
-2
5
11
14
17
17
17
14
10
9
14
18
21
29
34
36
37
37
33
30
28
21
17
14
12
7
-3
-14
-17
-15
-12
-14
-16
-19
-20
-15
-14
-12
-11
-11
-7
-9
-12
-10
-10
-9
-4
-1
3
3
7
9
11
14
16
15
12
10
8
6
7
6
4
2
-3
-7
-9
-10
-8
-8
-8
-11
-14
-18
-18
-17
-15
-12
-10
-6
-7
-4
-1
-2
-5
-5
-1
2
6
9
11
13
14
12
12
14
13
15
16
16
14
8
3
0
-1
-5
-9
-8
-9
-9
-10
-15
-12
-13
-11
-9
-8
-7
-8
-12
-14
-9
-7
-6
-5
-3
-2
3
4
5
8
9
9
10
9
6
5
5
4
3
2
3
4
0
-3
-4
-7
-8
-9
-8
-6
-5
-7
-6
-6
-5
-5
-6
-8
-5
-2
3
5
6
7
6
6
5
3
2
9
13
18
21
21
17
13
14
13
10
8
5
2
-3
-12
-15
-17
-16
-14
-11
-7
-7
-6
-7
-13
-19
-19
-16
-13
-8
-4
-4
-3
0
-3
-4
2
7
6
9
11
12
13
17
19
17
12
7
5
3
2
3
4
6
7
7
2
-6
-8
-1
-1
-4
-5
-9
-11
-13
-17
-17
-11
-7
-7
-8
-5
-6
-6
-5
-2
3
2
1
4
7
11
12
13
10
8
8
8
5
5
2
-1
2
2
3
5
4
4
3
-2
-2
0
1
-1
-5
-4
-3
-4
-8
-9
-6
-5
-8
-5
-2
-3
2
3
4
8
9
6
2
-2
0
7
7
5
4
3
1
2
4
-1
1
5
6
7
7
3
-1
-7
-6
-3
-3
2
6
8
5
-1
-5
-4
0
1
-3
-2
-3
-3
-4
-8
-6
-4
-3
-3
-4
-4
-3
-3
0
-4
-5
-4
-5
-5
-4
-2
-2
0
0
-1
-1
0
1
3
4
3
4
4
6
7
7
6
4
-1
-2
-8
-10
-4
1
6
6
5
3
-2
-6
-7
-7
-7
-5
-4
-4
-5
-5
-4
-2
1
2
1
0
4
8
9
9
9
7
4
4
4
4
10
12
7
5
3
1
-2
-2
3
5
5
7
6
3
-1
-1
-1
-1
0
-1
-5
-4
-3
-3
-4
-4
-4
-6
-8
-9
-10
-6
-5
-5
-2
-2
-2
-2
-1
1
2
4
6
6
9
5
1
3
2
2
2
2
6
5
1
-1
1
1
2
2
2
1
2
-1
-4
-6
-3
2
1
1
1
0
-3
-3
-2
0
1
-1
-1
0
1
3
5
5
5
1
-4
-5
-5
-3
1
2
5
5
5
3
1
0
1
0
1
0
0
-1
2
5
4
4
1
-1
-2
-3
-5
-4
-1
2
4
4
2
-3
-3
-6
-8
-5
-8
-9
-9
-8
-6
-3
-3
-1
1
3
-1
-4
-6
-5
-4
-6
-4
1
3
2
0
1
4
6
4
2
-1
0
1
1
1
1
3
1
-1
1
3
7
8
4
-1
-3
-5
-3
-1
3
5
4
4
1
-2
-2
0
2
3
2
-1
-1
-2
1
-1
-1
2
1
3
-1
-5
-5
-4
-4
-3
-1
2
5
9
6
6
4
0
0
1
0
-1
-3
-2
-3
-3
-3
-2
0
2
0
-3
0
-1
1
2
1
0
-2
0
-3
-2
0
1
3
3
1
2
-1
-2
0
0
2
2
2
-1
-3
-1
-2
-1
5
4
0
-3
-6
-8
-7
-7
-3
0
3
4
2
1
-3
-4
-1
-1
-1
1
1
1
-1
0
3
-1
-4
-2
0
2
4
5
2
2
4
4
1
-1
-2
-4
-3
1
3
3
1
-1
-3
-7
-6
-6
-3
-1
-1
0
1
3
2
-1
-2
3
3
0
-2
-5
-5
-4
-2
-1
1
2
0
-1
0
1
2
2
-1
-2
-1
-2
-1
0
1
3
2
3
3
1
-2
-3
-4
-4
-4
-1
4
5
1
-1
-2
-1
-2
0
2
4
6
4
0
0
1
2
4
3
4
5
2
1
-1
-2
-3
-5
-8
-8
-5
0
5
5
2
-1
-4
-3
-2
-5
-3
1
5
4
4
3
3
2
-1
1
0
0
3
3
0
-3
-4
-2
1
3
5
5
3
0
-3
-7
-9
-5
-7
-8
-5
-1
-2
-4
-2
-1
0
2
5
4
2
1
1
-3
-7
-5
-4
0
2
0
0
0
1
-4
-3
0
2
4
-1
-3
-4
-2
1
3
6
4
1
2
1
2
4
2
-3
-4
-3
-1
1
2
5
5
1
0
0
1
0
2
1
5
8
4
1
0
-4
-5
-4
-1
4
4
0
-1
4
6
6
7
6
8
5
2
2
1
1
1
1
1
0
-1
-1
-1
0
5
5
0
-2
-4
-2
2
4
4
4
5
2
0
-1
-3
-2
-2
-2
2
3
4
1
-1
0
0
-1
-2
-4
-1
-2
-1
-3
-2
-3
-4
-3
-6
-2
-1
-3
-3
-6
-8
-3
-1
-2
1
2
5
3
1
1
1
-1
-1
-2
0
4
4
3
2
0
-4
-4
0
4
3
4
6
4
2
3
2
-2
-3
-6
-6
-1
0
2
4
4
-2
-5
-4
-2
-1
0
1
1
3
2
1
2
1
-3
-5
-3
-3
0
3
1
4
3
7
6
-1
1
0
-3
-2
-4
-2
1
0
2
3
4
3
-1
-3
-4
0
0
2
4
4
4
5
1
-2
-5
-9
-8
-7
-5
-2
2
2
6
6
5
3
1
1
-3
0
1
3
3
3
1
-1
-2
-6
-8
-8
-8
-6
1
4
3
2
2
3
2
2
1
0
-3
-2
-4
-7
-2
1
4
3
1
1
1
-1
1
5
5
4
-1
1
-3
-2
-1
1
1
2
2
0
-1
-1
-3
-4
0
0
1
4
4
3
0
1
0
0
1
1
2
0
-1
-2
-2
-4
-2
-2
0
4
4
1
2
3
4
1
1
2
-1
-2
-3
-1
3
7
2
-2
-4
-7
-4
-3
-3
1
4
5
2
-1
-1
-4
-4
-3
0
3
2
2
-1
0
2
3
3
-1
-3
-6
-3
-1
-4
-4
-2
-1
-1
2
0
-2
-3
-2
-5
-4
-2
-4
-6
-4
1
5
3
0
0
-2
0
-1
-1
-1
-4
-3
-6
-5
-6
-1
2
3
3
4
7
2
0
-1
0
-1
-1
-4
-7
-8
-6
-3
0
4
2
3
4
5
6
3
-1
1
3
1
-2
-1
-2
-1
4
4
4
4
4
3
0
-3
-5
-2
-1
-3
-4
-3
-1
2
2
1
2
4
4
0
-1
2
1
-3
-3
-2
-1
-2
-1
1
2
1
-1
-2
-1
-1
2
2
2
4
4
2
0
-3
-2
-1
-4
-5
-3
0
2
6
4
2
2
2
-2
-3
-4
-4
-6
-5
0
1
3
1
-1
-1
-2
0
2
4
4
3
2
-2
-2
0
1
1
0
2
4
1
0
-2
-2
-1
0
0
1
1
3
2
0
-3
-2
0
-1
-1
0
2
1
-3
-5
-3
0
2
2
4
4
1
1
-1
-1
1
3
1
1
1
4
2
1
1
1
3
0
-1
0
1
-1
1
-1
-3
-2
0
-3
-1
5
5
6
3
2
-1
-3
-3
-4
-1
0
0
-2
-1
4
7
5
3
2
0
1
1
2
1
0
1
1
-1
-3
0
0
-1
-1
0
1
3
0
0
3
2
0
2
3
0
0
0
-4
-7
-5
-4
-1
-2
-1
0
0
-1
-1
0
2
3
1
1
2
3
3
-1
-2
-4
-3
-1
2
5
6
6
5
0
-4
-6
-6
-4
-3
-2
-3
-2
2
4
2
1
-2
-3
-3
2
2
1
0
0
0
-2
-2
1
2
1
1
-1
-1
-2
0
1
-2
-1
1
3
3
3
0
-3
-4
-4
-4
-2
0
3
2
1
2
1
1
0
1
3
-1
-1
-1
1
2
3
2
-3
-3
-2
-3
-3
-5
-7
-8
-8
-6
-5
-4
1
2
1
-2
-3
-2
0
-1
-3
-3
0
-1
0
1
-1
2
1
2
0
-1
-3
-3
0
-1
-2
-4
-5
-1
2
0
2
4
2
0
2
3
5
5
3
3
2
2
-1
3
5
4
6
5
4
2
3
1
1
-1
-2
-3
-2
1
4
2
2
2
4
4
-1
-3
-2
0
0
2
5
6
6
3
1
1
-3
1
3
4
4
4
3
2
4
1
-2
-1
0
-1
-1
-3
-2
2
4
4
3
3
-1
-5
-5
-3
-1
0
-1
1
0
-2
-4
-6
-3
-2
-2
1
5
5
2
-1
-5
-5
-6
-6
-3
0
0
3
-2
-3
0
-1
1
2
3
0
-3
-5
-4
-4
-5
-1
2
0
1
-1
-1
1
0
-1
-1
-2
-1
0
-3
-4
-1
1
0
-2
1
3
5
4
3
1
1
1
4
4
3
3
0
-2
-3
-3
1
2
1
2
4
3
3
1
1
1
-1
-3
-4
-3
-4
-4
-2
-2
-1
3
4
2
1
-2
-2
-3
-2
-4
-2
-1
1
3
4
0
0
-1
-2
2
4
4
0
-2
-4
-4
-4
-3
-2
0
2
5
3
0
-2
-2
-4
-5
-4
-7
-6
-3
-1
1
2
2
3
3
4
5
4
4
4
4
2
0
-2
-4
-6
-5
-3
-1
-2
-3
-4
-7
-4
0
1
3
7
6
1
-1
-1
2
2
0
-2
-2
0
1
1
2
2
2
-2
-4
-4
-2
0
1
2
1
0
-1
-1
1
2
4
2
0
-4
-3
0
1
2
2
1
0
-1
1
2
3
2
4
5
3
4
3
0
0
-1
-1
2
2
3
4
3
1
2
4
6
9
4
-1
-4
-4
-1
1
1
3
4
2
1
-1
-1
-3
-4
-2
3
5
2
-2
-4
-3
-4
-3
-2
-1
0
2
2
1
2
3
0
-1
-1
-2
-4
-3
-4
-2
0
-1
1
1
1
-2
-2
-3
-2
-1
0
1
-2
-3
-4
-4
-2
-2
0
1
3
2
1
2
0
-4
-4
-4
-3
-1
0
-1
0
1
2
2
-1
-2
-1
-1
1
3
1
-1
-2
-2
0
2
2
4
6
4
3
3
0
1
-1
-2
-1
-3
-3
-3
-2
-2
0
-1
2
3
2
3
0
1
3
1
-1
2
1
-1
-3
-2
-2
-1
2
3
5
3
-1
-2
-2
-2
0
-2
-3
-2
-4
-5
-4
0
4
7
5
4
0
-1
-3
-3
-4
-2
-2
-2
2
1
0
-1
1
1
0
1
2
4
3
1
-3
-2
-1
0
1
3
2
-1
-3
-5
-3
0
2
3
4
2
3
-1
-4
-7
-4
1
0
-4
-5
-3
-1
-2
-2
0
-2
-2
-2
-1
1
2
1
-2
-2
-2
-2
-1
1
2
3
2
3
3
0
-4
-3
0
3
4
5
5
5
2
0
-1
-3
-2
-2
-2
-4
-2
-1
3
4
6
8
4
2
0
-2
-5
-5
-1
2
2
4
5
2
-1
-5
-6
-5
-2
1
3
2
2
1
-3
-7
-5
-2
0
1
2
3
2
-2
-3
-2
0
-1
0
0
0
-1
-1
-2
0
3
2
3
2
2
2
0
-3
-3
-1
4
3
1
0
1
1
-3
-4
-4
1
3
3
6
10
9
4
-1
-3
-2
-2
-2
3
6
6
3
0
0
-3
-6
-4
-1
2
1
-2
-4
-2
-1
0
-3
2
4
-1
-2
-2
-1
1
3
2
-1
-2
-1
-3
-5
-3
-3
0
3
6
4
4
1
1
-1
-3
1
4
1
0
0
-1
0
1
0
0
1
-1
0
-2
-9
-11
-11
-7
-1
0
1
0
-1
2
1
-3
-4
-5
-2
0
4
6
5
3
2
-3
-4
2
5
4
2
0
-2
-3
-3
-4
-1
1
1
4
5
3
2
1
-4
-3
-5
-5
-3
-2
-1
3
4
1
0
-2
-2
-1
0
0
0
0
0
-1
-3
-4
-5
0
1
1
0
0
0
-2
-2
-1
-1
-1
1
3
3
3
4
2
-3
-5
-3
-2
1
3
1
0
0
2
4
5
3
1
4
5
4
2
-1
-3
-3
-2
0
1
1
5
5
1
1
-1
-1
-1
-3
-2
0
5
7
8
7
4
5
4
1
0
-4
-4
-4
-7
-2
0
2
3
5
3
2
0
-1
-5
-6
-2
-2
-1
2
4
1
0
1
1
0
1
-1
-2
0
-3
-2
0
2
2
0
-1
-2
-1
3
3
1
-2
-4
-7
-6
-7
-7
-6
0
1
-2
-2
-1
1
1
0
3
4
2
-2
-5
-3
-5
-5
-5
-2
1
0
2
-1
-2
-2
-5
-1
4
5
1
-2
-2
0
0
1
4
2
2
2
0
1
1
-1
-1
1
2
2
0
-1
2
2
4
7
11
9
9
6
-1
-6
-5
1
0
0
1
3
2
1
1
2
4
6
8
8
6
2
-5
-5
-4
-2
-2
-1
1
0
-1
2
3
2
2
0
0
2
0
1
3
-2
-2
-2
-3
-2
-4
-3
-2
1
3
3
2
1
0
-1
-2
-4
-3
0
1
-1
-1
-5
-10
-7
-3
-1
3
4
2
1
-2
-2
-4
-4
-3
-2
-4
-4
-2
-4
-5
-4
-2
1
-1
-3
-1
-3
1
4
2
3
1
2
2
2
1
2
-1
-1
0
0
-3
-3
-4
-4
-1
-1
1
1
-1
2
6
4
5
4
-1
-5
-3
1
1
0
-4
-4
-3
-1
-4
-4
-4
-5
-2
-2
-1
1
3
3
2
3
-1
-1
-1
-3
-4
-5
-4
-5
-7
-5
-3
-2
3
6
6
4
2
0
3
4
2
1
0
-2
-2
-2
2
3
2
6
8
5
4
4
2
0
-2
-2
-3
1
0
-2
0
5
6
2
2
5
2
0
1
1
0
-2
-8
-5
0
0
-2
-2
3
3
1
-2
1
1
2
2
3
5
1
-2
0
-1
-2
-2
-1
2
4
6
7
0
-3
-6
-2
3
5
3
1
-1
-2
-3
-2
-1
-2
0
-1
0
2
0
0
2
4
3
2
0
0
-1
-2
1
1
-2
-4
-5
-3
-2
-1
-3
0
-1
-4
-4
-3
1
4
4
4
7
6
5
8
4
-1
-2
1
1
1
-3
-7
-8
-6
-4
-3
1
3
5
4
0
-4
-2
-3
-3
-2
-1
1
2
3
5
7
8
7
4
2
-1
-1
-3
-4
-5
0
5
4
2
1
1
2
1
-2
-1
1
0
3
2
1
-2
1
2
0
1
-2
-1
3
2
1
1
1
-1
1
5
2
3
2
-1
-4
-5
-6
-4
1
2
3
3
3
0
-4
-8
-10
-12
-10
-7
-5
-4
-4
-1
4
5
4
5
3
3
4
2
-1
1
-3
-5
-4
1
4
3
2
0
0
3
3
1
4
2
3
1
-2
-1
-5
-5
-4
-5
-5
-3
0
4
1
2
1
1
1
3
3
1
1
4
5
2
0
0
0
-1
0
1
2
4
2
-3
-6
-5
-6
-7
-2
1
3
4
3
2
0
-2
-2
-3
-2
-2
-5
-1
1
0
-4
-3
0
2
4
2
0
-2
-1
1
-1
-2
-2
-5
-5
-4
-4
-1
2
2
2
3
3
0
0
2
4
6
7
7
8
4
0
-4
-7
-6
-3
-1
3
5
4
1
-2
-2
-2
0
1
0
2
2
0
-1
-1
0
2
4
4
3
4
4
2
-2
-4
-3
0
1
-2
-1
1
4
5
6
7
6
2
1
1
3
2
-2
-5
-2
-1
-2
-2
-2
2
1
0
0
0
1
-2
-2
1
1
1
1
0
1
1
1
-2
-5
-4
-2
0
0
1
1
1
0
1
3
2
3
-2
-2
-2
-3
-3
-1
0
-1
-1
-4
0
-1
-4
-5
-3
-4
-3
-4
-5
-5
-3
0
1
5
5
3
3
0
-2
-3
-1
3
4
2
0
0
-1
-2
-2
0
-1
4
5
3
3
2
-1
-3
-2
-5
-3
-3
-2
-1
1
3
4
5
3
0
0
-2
-3
-5
-3
-2
-1
0
1
3
2
1
2
1
1
3
-1
-4
-7
-3
-1
2
3
3
0
-2
-2
-2
-3
-2
-1
-2
-4
-1
-1
-1
1
3
1
2
1
0
-1
-4
-2
0
1
2
5
2
1
-1
-1
-1
-1
0
-4
-6
-6
-2
0
0
0
2
1
1
0
-4
-6
-4
-2
1
2
1
1
2
1
-1
1
3
3
3
-2
-3
-5
-4
-2
-2
-3
-2
0
-2
-3
-4
-3
-3
-2
-1
-1
3
2
-1
-1
0
1
-1
-1
-1
2
5
2
-2
-3
0
2
2
1
1
2
-1
-1
0
3
5
5
4
2
0
2
-1
-1
-2
-2
2
2
-3
-4
-1
4
4
2
1
-1
-2
-1
1
1
1
1
1
1
1
3
1
1
0
3
4
2
1
-2
-2
-5
-4
-2
-2
-1
-1
1
3
1
-1
-4
-6
-5
-6
-5
-5
-3
1
4
4
2
-2
0
2
2
1
-2
-2
1
2
0
1
3
2
4
5
2
-1
-4
-6
-2
-1
-1
0
-2
1
6
6
6
2
-3
-5
-4
-3
-1
2
6
8
5
2
2
2
-3
-6
-5
-4
0
0
1
3
6
5
3
6
4
2
2
-1
-5
-4
1
2
3
4
5
7
6
2
-2
-3
-4
-4
-2
-1
0
2
2
0
2
0
-1
0
-4
-3
-2
-2
-2
-2
-4
-5
-5
-3
0
3
1
1
5
3
5
4
0
2
2
0
-1
-4
-6
-6
-3
-1
3
4
4
3
0
-1
-3
0
-1
-1
-1
1
0
-1
-1
0
1
-2
3
5
2
1
-2
-1
-3
-2
0
-2
1
1
1
3
1
1
0
-1
-2
-3
-2
1
-1
2
1
0
1
2
0
0
0
1
0
-1
-1
-3
-1
-1
0
1
0
1
2
-1
2
5
6
8
4
0
-5
-7
-6
-1
0
6
5
4
4
-1
-4
-5
-5
-1
0
3
2
2
2
-4
-4
-2
2
4
4
3
-1
-5
-2
0
0
0
0
-1
0
-2
-4
-3
-1
3
2
-1
-1
1
-1
-3
-1
2
4
3
-1
-4
-2
-2
-3
-4
-4
-1
1
4
6
7
6
5
7
4
-2
-4
-3
2
1
-2
0
-1
0
1
1
0
0
-1
-1
-2
-2
-1
0
2
3
4
4
2
4
3
-2
-4
-2
4
5
3
-2
-7
-8
-5
-2
-1
-1
2
2
1
0
-2
-3
0
-1
-1
0
2
1
-1
0
1
-1
1
1
-4
-6
-6
-3
0
2
2
2
3
4
4
3
4
4
0
0
4
5
3
3
7
6
5
2
1
-2
-2
0
-1
-3
1
2
3
2
2
1
-2
-1
-1
2
3
1
-3
-4
-3
1
2
1
2
3
3
-1
-1
1
3
-1
-1
1
2
3
1
-2
1
3
0
-1
-3
1
2
1
-1
-2
-1
-1
-3
-3
3
8
5
-1
-4
-5
-4
1
3
5
5
4
-1
-1
-1
-1
-5
-3
2
4
4
1
-1
-7
-7
-3
2
1
2
2
-2
-2
-3
-4
-1
4
4
4
2
2
1
-1
-2
-2
-4
-6
-4
-4
-2
-3
-3
-2
-1
-1
-1
-1
-4
-4
-6
-6
-4
-1
1
4
8
5
4
3
1
-1
-1
0
-2
-2
0
2
0
-2
-3
1
3
1
-5
-3
-2
0
-2
-5
-5
-5
-2
2
5
5
3
-1
-1
-1
-1
-1
1
2
3
2
1
0
0
-1
-1
0
1
1
0
-3
-1
1
-3
-5
-3
-1
0
0
-3
-1
-1
-2
-5
-2
2
5
4
1
-2
-1
-2
1
3
4
4
1
1
-1
-3
0
0
0
-1
-1
1
5
1
0
-1
-2
-3
-4
-2
-1
-1
0
-3
-4
-2
-1
1
2
2
2
-3
-3
-2
-1
-1
4
4
1
0
0
1
-4
-5
-4
0
2
2
3
3
3
2
4
1
0
-2
-1
-3
-2
1
1
3
1
-1
0
2
2
-1
-1
-2
-1
-1
-2
0
-2
-1
1
-1
-1
1
3
2
1
0
-2
-5
-1
1
4
7
5
4
5
7
6
-2
-2
-2
-3
-3
-4
-4
0
4
5
2
0
1
4
5
3
3
3
-1
-2
-2
-3
-1
-2
-2
-2
-3
0
0
-3
2
3
1
1
3
3
2
1
-2
-4
-3
0
1
0
0
1
0
3
0
-1
-1
-2
1
-2
-3
-4
-6
-7
-4
0
3
3
3
5
2
0
-4
-5
-3
0
1
1
1
1
2
1
-4
-2
0
1
0
1
3
1
1
1
0
-4
-2
-3
-1
0
-1
0
1
3
5
1
-1
-3
-5
-4
-2
1
-1
0
-2
-5
-5
-1
1
2
1
0
0
2
1
-1
-5
-4
-3
-1
1
6
6
6
3
0
0
-5
-6
-2
0
3
3
1
-1
-2
-2
-5
-7
-4
-1
0
-5
-3
-2
-5
-3
-3
-1
2
4
7
5
3
3
4
2
0
2
3
4
5
2
2
1
-1
-2
-3
-2
-1
0
2
3
0
0
0
1
1
0
1
0
1
4
5
4
0
-1
-2
-3
-3
-2
1
4
3
5
7
8
5
0
-3
-3
-5
-7
-6
-3
3
7
8
5
3
2
0
-3
0
1
0
-2
-3
-2
-1
0
-1
2
2
2
2
1
1
1
0
1
4
4
4
4
4
0
-3
-2
0
0
0
0
0
-1
1
1
2
3
1
2
3
4
5
3
2
0
-3
-4
-4
3
7
6
6
2
0
-1
-3
-5
-5
-5
-1
1
1
2
5
6
3
2
-1
-2
-3
-4
-4
-4
-4
-4
-2
2
2
-3
-4
-1
2
4
4
1
0
-1
-1
-2
-3
-2
0
1
2
-1
1
1
0
-1
-1
1
0
-1
-4
-4
-3
-4
-4
-2
0
1
-1
-1
3
5
3
0
-3
-3
-3
-2
-2
-2
1
2
0
2
-1
-5
-8
-7
-3
-1
2
0
-2
-1
1
4
3
2
2
2
1
-2
-3
-2
1
2
0
-3
-3
-2
-1
-2
-2
-2
-3
-5
-4
-1
0
2
2
4
4
0
1
0
0
3
1
-2
-3
-1
3
3
2
-1
-2
0
-1
-2
-4
-4
-1
-1
1
2
3
2
-1
0
0
-1
-3
-1
-1
-2
-2
0
0
2
4
5
2
2
-1
-3
-2
-1
-2
-2
1
2
0
-2
2
1
0
-2
-1
0
1
2
3
3
1
0
1
1
-1
-1
2
3
2
3
2
0
-2
-3
0
2
4
0
-5
-3
0
1
0
-3
-4
-2
0
-1
-2
0
2
0
-1
-1
1
5
3
1
1
-1
1
1
-2
-4
-5
-6
-6
-2
0
2
3
2
2
1
0
2
2
0
-1
0
0
1
-1
-5
-5
-2
1
1
1
2
0
-1
-1
0
1
2
3
2
1
-3
-3
0
-2
-1
0
0
1
3
5
1
1
-2
-4
-3
0
1
3
5
4
6
4
1
2
-3
-5
-4
-3
1
4
6
1
0
1
-1
0
-3
-2
-1
1
1
-2
-1
-1
0
3
2
0
0
1
-1
-1
0
0
0
-1
-2
-3
0
2
1
3
2
-2
-3
-4
-4
-2
-3
-2
1
5
5
4
4
1
0
-3
-3
-1
-1
-1
0
2
1
1
0
0
0
-2
-4
-4
-5
-6
-4
-1
2
2
4
0
-1
0
-2
-3
-4
-4
-3
-2
0
3
5
3
0
0
1
-2
-1
0
1
1
1
3
3
-1
-6
-5
-4
-1
1
2
-1
-1
-1
-3
-4
-1
1
-2
0
2
5
4
1
2
3
3
3
1
0
-1
-4
-4
-1
5
4
-1
-2
-1
-1
-2
-1
1
0
-2
-2
-1
1
1
-1
-1
1
0
1
3
2
0
-3
-1
2
4
2
0
-1
-3
-1
0
-1
0
1
-4
-4
0
0
1
1
3
3
6
4
-1
-1
1
1
1
0
1
1
-1
-1
0
2
2
0
-2
-4
-1
0
-4
-4
-3
1
3
1
2
3
4
1
-1
1
3
0
-1
-3
-2
0
1
4
4
3
3
0
-1
-1
1
2
1
1
1
0
1
1
3
3
0
-1
-1
1
1
0
4
4
4
1
-4
-3
-4
-3
1
3
2
2
2
4
3
0
-1
0
0
3
3
1
-3
-4
-5
-3
-5
-3
0
1
3
3
2
-1
-1
0
1
-2
-2
-4
-4
-2
-2
-1
-1
5
4
4
4
3
1
-1
-1
1
2
-2
-3
-3
-2
-2
-1
3
4
7
7
4
2
-1
-1
0
0
0
2
2
-4
-7
-5
-5
-1
4
7
2
-1
-6
-5
-2
1
3
2
2
2
0
-2
-3
-3
-1
-3
-1
-1
0
-3
-4
-1
2
7
7
5
5
4
0
1
1
0
0
-2
-1
0
0
3
5
1
1
1
-4
-7
-5
-1
1
4
2
-1
-2
-2
1
-1
-2
-2
-1
-2
-2
-5
-6
-1
3
6
8
8
5
-1
-4
-3
-2
-1
-3
-4
-6
-7
-7
-5
-4
-5
-1
4
6
1
-1
0
-2
0
1
-1
-2
0
2
0
0
-1
0
1
2
5
7
5
0
1
-2
0
1
-3
-4
-1
2
2
2
2
2
0
-2
-2
-1
1
1
-1
0
1
0
2
0
-1
1
1
2
3
1
-1
3
6
3
1
-1
-2
-6
-6
-5
-1
0
2
4
6
6
2
-2
-6
-4
-2
-2
0
4
1
0
-1
-3
1
2
0
2
5
7
5
-1
-4
-6
-8
-8
-4
-1
0
5
4
1
0
-3
-3
-2
-3
-2
-1
0
2
3
2
3
3
2
3
0
-4
-5
-2
-3
-7
-5
-3
-4
-3
3
5
0
-4
-7
-6
-1
0
-1
1
3
1
-3
-5
-4
-2
-1
3
5
4
3
1
-2
-3
0
-1
1
1
0
-2
0
2
-1
-2
-3
-2
-1
0
2
3
2
1
1
2
3
4
2
2
1
2
0
-2
-2
-4
-4
0
-1
2
3
3
1
-4
-1
-2
-2
2
3
0
2
3
3
2
-1
-1
-3
1
1
0
2
1
-1
-1
0
2
4
5
6
6
4
3
5
1
-5
-4
-4
-6
-1
-1
0
4
2
2
4
7
6
3
3
4
5
3
-1
-1
-4
-5
-6
-4
-2
-1
2
3
2
3
0
0
-3
-1
4
3
3
1
2
-1
-3
-3
-3
-4
-1
1
-1
0
-1
-1
-2
-2
-2
-1
0
0
0
0
1
3
4
4
2
1
1
-4
-7
-10
-7
-1
4
4
5
7
5
3
-1
-4
-3
-3
-1
1
2
1
-3
-3
-2
-1
-1
-1
0
1
-3
-5
-2
-1
-1
0
2
1
2
4
0
1
-4
-7
-5
-5
-2
2
2
4
4
2
2
0
-2
-1
3
4
5
3
1
-1
-4
-4
-3
-3
-3
-2
0
1
1
1
-1
-4
-4
-2
1
2
3
2
1
0
0
-3
-7
-10
-9
-5
-2
0
2
3
3
2
2
0
-1
-3
-2
-1
0
3
4
3
2
2
0
-2
-3
-5
-2
-2
-1
1
1
3
2
-2
-4
-5
-3
0
-1
0
2
4
4
3
2
3
2
-1
-4
0
0
2
1
1
2
1
0
1
-1
-2
-4
-5
-2
-1
0
1
2
2
5
5
3
5
4
0
0
1
3
4
3
0
-2
-7
-9
-6
-1
3
6
6
3
1
-2
0
2
2
3
2
1
-1
-2
-2
-1
0
1
3
3
2
1
-2
-2
-2
-1
-1
2
2
3
3
1
3
3
0
-1
0
2
2
-3
-3
-3
-2
-2
-1
1
1
3
4
3
2
2
0
1
-1
-4
-6
-4
0
1
4
4
1
0
-1
-4
-3
-2
-1
-2
-4
-1
-1
1
0
0
0
2
1
0
0
-2
-4
-4
-3
-1
0
-1
-1
-3
-3
-6
-6
-2
-2
-1
2
1
-1
1
-2
-1
-1
0
0
-1
-3
-4
-3
-4
-2
2
6
4
5
7
6
2
-1
-1
-2
0
-1
-1
-2
-1
-2
-1
1
3
4
5
4
1
-3
-3
1
2
0
0
1
1
1
2
3
3
2
0
-1
-3
-3
-1
0
0
2
1
-2
-4
-4
-2
3
6
7
7
3
-2
-2
-4
-2
-1
-2
0
3
1
0
-1
-3
-2
-3
-3
-1
2
2
1
2
4
3
-1
-2
-2
-4
-4
-5
-1
3
3
1
2
6
4
-2
-3
-1
-3
-4
-5
-5
-2
1
1
0
1
5
6
4
3
0
-1
-2
-3
-2
-1
2
1
2
3
4
5
3
2
1
-1
2
0
0
0
0
-1
-2
-1
1
2
0
-2
-3
-4
-3
1
1
0
-1
-2
-2
-2
-1
-2
-1
1
2
3
3
2
2
-2
-2
0
3
2
-3
-3
-3
-4
-5
-5
-1
2
3
1
0
1
2
2
1
-2
-2
-2
-4
-4
-4
-2
-1
1
4
3
1
4
3
2
1
1
4
5
3
0
-2
-3
-5
-6
-5
-2
0
3
1
3
3
2
-2
-4
-4
-4
-1
0
1
1
4
4
2
1
3
1
0
1
0
0
1
1
1
4
6
6
7
4
1
0
0
0
2
2
2
1
0
-3
-6
-5
-2
-2
-1
1
1
1
0
-1
1
2
1
0
-1
-4
-5
-9
-10
-6
-6
-2
2
7
8
5
6
7
5
-1
-3
-4
-3
-2
-2
-2
-1
1
3
6
6
5
5
1
0
1
-1
-2
-2
-2
-2
-2
-2
2
4
5
5
4
1
-4
-4
-2
-3
-3
-4
-7
-4
0
4
5
5
4
2
1
-4
-8
-6
-7
-9
-6
-4
0
1
7
12
11
11
6
0
-5
-3
-3
-5
-3
1
-1
0
1
0
1
4
2
3
3
2
0
-3
-4
-2
1
2
3
4
5
3
-2
-3
-3
-2
-1
2
0
-2
0
3
2
1
1
0
-2
-3
-5
-3
0
2
2
-2
1
-1
-3
-7
-4
2
3
2
1
0
1
0
-1
2
1
2
3
0
-3
-3
-1
-4
-4
-4
0
-1
-2
-3
-5
0
3
3
4
1
0
-1
-5
-7
-5
-2
2
3
1
3
5
4
2
2
1
1
-3
-3
0
1
-1
-2
-1
1
1
-1
-3
-5
-5
-5
-5
-5
-2
0
1
2
1
-1
-3
-2
-4
-3
-3
-3
-3
-2
-1
0
-1
-3
-2
-4
0
4
2
3
3
4
0
-5
-3
0
0
2
4
5
4
1
1
-1
-1
-1
-3
-2
-4
-2
-2
0
1
4
5
4
3
2
2
-2
-4
-2
0
-1
0
1
3
5
4
2
-1
1
2
0
0
1
2
4
2
1
1
3
6
5
5
3
1
0
2
3
2
-1
-3
-2
-2
-1
2
5
7
6
2
-1
-1
-3
-4
-4
-4
-3
-1
0
1
3
1
2
4
3
1
-2
-1
0
0
1
2
4
6
3
-1
-3
-3
-1
-1
0
1
0
2
4
0
0
0
-4
-1
0
0
-2
-2
-1
0
4
5
3
2
0
-2
-2
-2
-1
-1
-2
-3
-5
-5
-3
-2
-3
-4
-5
-1
2
1
0
-1
0
-1
2
1
4
3
3
3
2
-1
-4
-3
-3
-3
-2
3
5
6
3
0
2
2
4
3
-1
1
-5
-8
-4
-3
0
4
5
7
6
1
-2
-2
-2
-4
-1
-1
1
7
8
4
1
-1
-1
-2
-3
-2
-1
0
0
-1
0
0
-3
-4
-3
-4
0
1
2
2
0
-2
-4
-2
1
6
7
4
4
3
-1
-3
-4
-2
2
5
8
7
5
0
-4
-3
-2
0
-3
-5
-2
0
1
4
7
6
5
-1
-6
-4
-8
-6
-2
-2
-2
-1
2
7
9
6
2
2
2
1
0
-1
-3
-4
-4
-6
-8
-4
-3
-2
-3
-3
-4
-5
-5
-4
-5
-3
-3
0
-2
-2
0
1
1
1
0
1
2
1
2
0
0
0
-2
0
0
0
-1
-3
-3
-1
0
-1
-1
1
2
1
2
-1
0
-2
-6
-8
-5
-1
0
1
1
-1
0
4
4
1
2
0
0
-2
-3
-1
2
0
-4
-5
-5
-4
-3
-1
3
2
-1
0
-2
-1
0
-1
-1
-1
5
4
6
5
4
6
2
-2
-5
-5
-4
0
-1
2
3
2
1
1
1
2
3
2
5
3
-1
-4
-4
-1
0
1
1
0
-1
-3
-4
-3
2
2
-1
-1
0
1
1
1
2
1
2
4
-2
-4
-5
-5
-7
-3
0
3
4
2
0
-3
-6
-5
-3
0
0
3
4
3
3
1
1
-1
1
1
-4
-5
-1
-5
-5
-4
-3
0
-1
1
5
5
3
1
-2
-5
-5
-4
-3
-1
0
-1
0
4
4
2
4
6
3
0
2
2
-1
-3
-3
-1
-1
-2
-3
-1
-2
-1
2
5
7
8
9
7
1
-2
-2
0
1
0
0
5
6
3
3
3
4
5
3
2
0
-1
-2
-1
-1
3
5
5
4
1
-4
-4
-1
0
3
4
5
6
1
-5
-8
-7
-2
2
4
4
2
1
1
1
0
-3
-2
-6
-4
-1
-2
-3
1
1
0
2
2
1
1
0
-2
-1
0
2
2
3
3
0
0
2
3
4
7
6
3
2
3
4
3
4
3
-1
-3
-4
-2
-3
-2
0
0
2
3
2
4
4
4
2
1
1
2
5
1
-3
-2
-1
-3
-2
-3
-2
0
-1
-1
1
1
0
0
-3
-7
-10
-9
-9
-5
-2
-2
1
3
2
1
3
3
4
5
3
-2
-5
-8
-8
-6
-3
2
2
2
-2
-5
-6
-3
1
5
6
4
1
-6
-8
-9
-9
-6
1
5
4
4
1
-2
-3
-3
0
1
0
-1
0
-1
0
0
-1
-1
-2
-4
-5
1
1
-1
3
4
1
1
-2
-3
-4
-2
0
0
0
-1
-1
1
3
6
7
6
2
2
0
-3
-2
-1
-3
-3
-3
1
7
7
4
2
2
4
2
1
-1
-5
-1
-1
0
3
1
2
1
-2
-1
-3
1
3
3
2
2
2
1
0
-2
-1
-1
2
3
3
2
0
-1
1
0
2
1
0
-4
-3
1
2
4
5
0
-1
3
4
3
1
3
2
-2
-4
-6
-8
-7
-5
-1
-1
-4
-2
-1
2
1
-1
0
1
2
1
1
1
-1
-1
-1
-2
2
2
1
5
4
0
-2
-3
-3
-1
-2
2
3
0
-1
-3
-2
-1
-2
-2
-1
2
2
-1
0
2
0
-2
-3
-5
-6
-6
-6
-5
-5
-3
-2
-3
-3
-3
-1
-1
-2
-1
-3
-3
-3
-5
-5
-2
-1
-1
-1
1
0
-3
-4
-4
-2
0
3
4
4
1
0
0
4
5
5
3
1
-2
1
2
0
2
2
-1
-1
-1
-2
-1
1
4
2
3
1
-4
-4
-3
-1
-1
3
3
2
1
1
2
2
5
5
5
4
2
-1
-1
-1
-2
2
2
3
4
1
-3
-1
-1
1
2
-1
0
1
2
6
4
2
2
2
0
-3
-3
-4
-2
-1
0
2
1
0
-1
0
5
3
1
0
-1
-3
-2
-1
2
5
6
4
3
4
3
-1
-4
-1
0
2
4
3
2
-1
-4
0
5
7
7
3
-2
-4
-2
-3
-1
-1
-2
-4
-3
-3
-1
-3
-3
1
1
0
-1
0
1
0
1
2
4
2
-1
-2
-3
-5
-6
-5
-1
-1
-1
1
0
0
3
5
1
0
3
7
4
1
-1
-1
-3
-3
-1
0
0
-1
1
0
-1
-4
-3
-2
1
2
3
4
7
6
-1
-4
-4
-3
-1
-4
-5
-3
0
-1
-2
0
3
1
1
2
1
-4
-6
-2
-2
-2
-3
-3
1
3
-2
1
2
0
2
2
0
-1
-1
-3
-3
-2
0
-2
-4
-6
-4
-4
-1
0
0
0
1
3
2
2
2
4
4
1
1
-1
-2
0
-1
-1
0
-2
-4
-3
0
2
3
3
2
3
0
-1
0
-2
-2
-2
-2
2
4
4
2
-1
0
0
-1
1
0
0
0
3
6
7
6
-3
-8
-5
-4
-3
-6
-8
-5
-5
-4
0
1
3
4
3
3
8
7
0
-3
-2
1
0
0
1
1
1
1
3
2
1
0
0
0
0
-4
-8
-8
-3
-2
-1
-1
-1
0
0
-2
-3
4
6
6
5
2
4
4
2
2
1
3
4
2
-1
-1
-1
-4
-5
-4
-1
2
-2
-6
-4
-2
1
3
1
-4
-4
-4
-4
-4
-1
-2
0
0
3
5
4
5
3
3
6
6
2
-3
-4
-7
-5
-2
-2
2
3
2
3
0
-2
-4
-4
-1
1
4
2
-2
-5
-2
1
2
3
5
2
-2
-1
-2
-1
2
3
5
4
5
4
3
2
2
0
-1
-1
0
-1
-2
-2
-1
4
2
-2
-3
-2
-4
-2
0
3
2
2
3
3
5
5
3
2
0
1
-3
-5
-5
-4
-2
0
5
5
3
2
-1
-5
-7
-7
-2
-1
-2
-1
2
1
1
1
-1
0
0
0
0
-1
-3
-2
-2
1
4
5
3
3
3
3
0
-2
0
3
0
2
4
-2
2
5
2
-1
0
-1
-2
-1
2
3
3
2
2
4
0
-1
-3
-6
-6
-6
-8
-7
-5
-2
2
4
0
-3
-1
0
1
0
1
0
-2
-2
-3
-3
0
1
2
3
3
3
0
-3
-3
0
2
3
4
3
4
4
0
-2
0
-2
0
-2
-3
1
0
-1
1
2
-1
0
0
-1
-2
1
3
0
1
2
-3
-5
-5
-3
-7
-3
2
1
-2
-3
-3
-1
1
1
-2
-1
3
6
2
-1
1
-2
-1
-1
-2
3
7
3
-3
-4
0
0
-1
1
2
2
2
-2
-5
-5
-3
-3
-7
-2
3
5
5
3
3
3
1
0
1
1
0
-3
-2
-1
-3
3
2
0
1
4
3
1
-2
-3
0
3
2
0
-1
-2
-3
-4
-1
3
6
7
7
3
-1
-3
-1
-3
-5
-4
-3
0
1
0
0
-1
1
3
1
1
2
0
-2
-4
-4
-3
0
-1
-3
-3
-1
-2
0
-1
1
1
-3
-3
-2
0
4
2
0
2
0
0
2
4
4
1
1
2
0
-2
-2
-2
-3
-5
-6
-4
-3
-2
-3
-2
3
3
0
1
-2
0
3
3
0
-1
1
0
0
2
3
3
5
4
3
3
2
0
0
3
1
-1
1
0
-1
-2
-2
-2
2
1
3
7
8
3
1
2
0
0
4
3
-1
-3
-4
-4
-3
0
3
3
4
3
0
-4
-4
-5
-5
-2
1
2
3
6
5
0
-3
-1
0
-1
-1
-1
-1
0
-3
-5
-2
-1
-2
-1
3
3
0
3
1
-1
-3
-4
-6
-7
-4
-3
-2
2
8
7
3
1
1
0
1
4
0
1
1
-3
-5
-4
-2
-1
-3
-2
0
1
3
2
0
1
3
1
2
2
0
-1
-2
-6
-6
-3
-1
4
4
1
0
4
4
5
7
3
-1
-1
1
3
4
5
3
4
5
3
1
2
0
-1
0
-2
-1
5
4
-1
-2
-4
-5
-1
-1
2
3
2
0
1
-1
-3
-2
-1
-1
0
0
-3
-1
-2
-5
-3
-2
-4
-4
-3
0
0
0
3
4
3
1
2
2
4
2
2
1
3
3
-3
-3
-2
0
0
-2
-1
0
1
0
-4
-4
0
2
4
4
1
1
2
2
3
4
5
2
1
2
-2
-1
1
-2
0
2
-2
-1
1
2
-1
-2
0
1
4
2
1
4
3
3
2
-3
-3
0
-3
-4
-3
-5
-6
-4
-2
0
3
2
0
-2
-1
-1
-3
-3
1
2
-2
-1
-1
-1
-3
0
1
3
2
2
0
-4
-6
-5
-3
0
4
5
3
2
0
-4
-6
-4
-3
2
7
8
7
3
-2
-5
-2
0
3
4
4
2
1
0
0
-1
-3
-3
-3
-5
-3
1
1
2
2
1
1
-4
-9
-6
-3
2
6
5
1
-3
-4
-8
-5
-4
-4
0
7
8
7
3
0
-3
-6
-6
-2
0
-2
-3
-1
1
0
-4
-6
-2
-2
0
0
-1
-1
1
1
1
3
3
3
-1
-3
-4
-2
-2
0
1
1
1
0
1
1
1
2
3
4
5
3
1
-2
-4
-2
-3
-3
-2
0
0
-3
-1
-2
-2
0
-1
0
0
-4
0
0
1
1
5
5
3
-1
-3
-4
-1
1
-3
-1
1
-1
-1
1
2
-1
1
2
0
1
2
0
0
2
5
5
2
-1
-4
-4
-3
-2
-3
-3
-1
2
4
4
3
2
3
2
0
2
3
1
-1
-3
-4
-3
-4
-4
-5
-4
-2
-3
3
3
1
-2
-5
-5
-2
-1
1
-1
3
6
3
3
4
2
-1
-6
-7
-8
-8
-3
0
0
2
7
5
2
2
2
-2
-2
-3
-5
-2
4
4
1
0
0
0
0
0
1
3
2
1
0
0
0
5
5
1
-1
1
2
2
1
0
-1
-1
3
1
1
2
0
0
-3
-1
-3
-2
-1
3
5
3
4
4
0
-1
0
1
1
0
1
1
0
2
0
-1
-3
0
0
-2
-3
-6
-8
-5
-1
0
4
5
2
-2
-6
-5
-2
1
5
4
3
1
-3
-3
-1
-1
-2
0
3
4
2
3
1
0
-3
-1
-1
0
2
2
4
4
2
-3
-3
-2
-1
1
3
3
2
3
3
3
1
0
-2
-4
-4
-1
4
7
6
6
7
4
1
-1
0
2
0
-1
-1
2
0
1
5
2
-2
-3
-4
-4
-2
0
0
0
0
3
4
2
4
4
-1
-4
-3
-1
1
0
1
0
0
-1
2
5
6
5
5
3
-1
-3
-3
0
-2
0
1
2
5
3
-2
-4
-8
-4
-5
-4
0
1
2
2
0
-1
1
3
3
1
1
1
-3
-6
-4
-4
-3
2
3
4
3
5
2
2
1
-1
-2
0
0
3
3
2
-1
-5
-1
1
0
-2
0
-3
-2
-2
-1
-1
-3
0
1
0
3
3
2
2
0
-2
-5
-3
-1
-2
-5
-3
-3
-4
-3
2
1
2
-1
-3
-3
-3
-2
-1
1
1
1
0
0
1
2
2
-2
-4
-5
-2
1
5
5
1
3
2
-4
-6
-5
-2
1
3
3
2
-2
-2
-3
0
3
4
4
1
-3
-6
-10
-8
-5
-5
-3
3
7
4
1
0
-1
-1
0
-1
-1
-5
-6
-4
-3
-3
1
7
6
5
6
4
0
-3
-5
-6
-4
-2
-3
-2
-2
-3
-2
-1
2
3
4
1
2
4
1
-2
-2
-6
-6
1
2
2
4
4
2
1
3
2
0
3
3
2
3
2
2
-1
2
0
-1
-2
-2
0
0
-1
1
2
-1
-1
1
2
-1
-3
-2
-2
-2
2
5
5
3
2
3
1
1
1
1
1
1
-2
-6
-3
-1
-2
-1
-3
0
2
2
1
-1
-3
-3
-4
-4
-4
-4
-3
0
4
2
1
3
2
0
0
1
1
-3
-7
-8
-8
-5
-5
-3
-1
-1
-1
4
8
6
2
-3
-3
-4
-1
-2
-2
0
-1
-1
-1
-2
-1
-1
1
0
1
3
-1
-1
-1
-2
0
0
1
1
1
0
-1
0
0
3
4
1
0
-1
0
3
2
2
3
3
2
2
0
-2
-2
-2
1
2
4
2
0
-2
-1
-2
-3
-1
-1
-3
-2
3
2
0
0
-1
-4
-2
0
0
-1
-5
-4
-4
-2
0
-1
0
3
3
4
4
2
1
1
1
0
-1
