-10
-15
-14
-17
-13
-7
-6
0
1
0
5
5
7
7
4
0
0
2
5
3
-5
-8
-4
-7
-5
0
1
-2
-2
-6
-8
-4
-3
-4
5
10
9
14
13
10
12
11
8
3
3
7
4
3
3
0
-4
-4
-6
-8
-1
2
-1
2
6
2
-3
-3
-4
-4
3
-1
-10
-13
-15
-16
-13
-8
-7
-5
0
5
7
7
6
2
-1
-2
-4
-10
-6
-11
-15
-14
-9
0
6
5
6
3
0
3
4
3
3
3
4
7
10
11
16
19
16
12
7
0
2
2
-2
-4
-4
-7
-4
-2
-3
3
5
5
3
3
3
2
1
-4
-6
-9
-10
-9
-7
-2
4
8
4
5
4
1
-3
-7
-2
1
2
-3
0
0
1
-1
-4
-3
-2
3
2
4
5
7
7
5
10
9
5
0
-7
-4
-3
0
-2
-7
-2
-2
-3
-2
-1
3
7
8
7
1
2
1
0
3
6
7
4
-1
0
2
7
7
5
6
7
6
5
7
6
2
-3
-6
-7
-9
-12
-10
-12
-6
-3
-4
-4
-6
-5
-8
-10
-7
-9
-10
-9
-4
-2
-2
-3
-4
-10
-12
-7
-3
2
6
10
7
7
5
4
7
8
5
5
2
1
2
5
8
3
0
4
9
11
9
3
-2
-3
2
5
4
2
-3
1
3
2
0
-1
0
0
-2
-1
-4
-8
-7
-6
3
12
12
10
10
6
4
0
-3
-1
-1
-2
-5
-6
-5
-3
-2
0
4
8
11
9
1
-3
-6
-11
-12
-10
-11
-9
-5
-4
-6
-3
0
5
8
11
13
9
2
-6
-12
-11
-15
-18
-20
-16
-10
-10
-7
-6
-9
-4
-1
-3
-1
-3
-8
-7
-6
-5
-1
-1
-1
7
15
21
17
13
14
15
12
9
3
-1
-2
-3
-1
0
4
1
-2
-1
-1
-4
-4
-5
-6
-4
-5
-9
-16
-15
-9
-2
1
1
0
3
5
4
2
-4
-7
-9
-10
-9
-6
-4
2
2
3
5
2
-1
2
6
12
13
13
11
5
3
0
-2
-5
-7
-2
2
5
5
4
2
4
9
7
4
2
-1
-2
-4
-4
-4
1
4
4
6
7
8
8
8
8
10
7
3
0
-3
-5
-9
-10
-10
-7
-3
2
8
8
4
3
1
-3
-2
-2
-5
-5
-5
-2
-6
-5
-3
-3
-1
-1
0
0
-3
-6
-10
-14
-15
-14
-11
-11
-12
-11
-6
0
7
10
9
7
4
-1
-2
5
9
11
15
16
12
7
-1
-4
1
8
14
15
21
17
13
7
5
9
9
12
12
8
7
-1
-9
-15
-18
-15
-8
3
12
13
7
3
-4
-6
-8
-8
-8
-10
-7
-8
-12
-15
-17
-14
-10
-7
-3
-4
-5
-3
1
4
2
1
2
-1
-2
-2
0
4
7
9
11
6
-2
-8
-10
-9
-8
-4
-2
-3
-2
-1
-2
0
7
11
11
7
2
2
1
1
0
-1
3
3
2
5
8
6
4
7
12
15
11
6
0
-3
-4
-4
3
9
10
13
8
4
5
4
5
6
4
-2
-8
-8
-11
-11
-9
-5
-5
-7
-9
-10
-13
-19
-22
-20
-13
-8
-12
-11
-7
-2
-1
2
7
5
5
-1
-7
-10
-11
-9
-10
-2
11
13
9
5
2
2
-1
-2
-1
-4
-2
-4
-6
-3
-1
7
11
10
11
9
5
3
0
2
4
8
11
7
5
2
1
1
1
11
11
9
9
5
5
4
2
1
4
11
16
12
8
7
2
-2
-9
-8
-2
0
-1
-2
-5
-10
-10
-7
-9
-14
-13
-11
-6
-3
-4
-5
-6
-7
-5
4
10
11
9
9
7
8
10
0
-1
0
1
1
1
1
3
9
10
5
2
0
-2
-4
-7
-10
-8
-2
4
5
6
11
8
6
3
1
6
5
4
4
5
6
4
2
-3
-5
-1
4
8
8
1
-8
-12
-11
-9
-6
1
4
3
0
-4
-3
-4
-2
2
2
-1
-3
-2
1
1
-1
-2
-5
-9
-9
-6
-4
0
-1
-1
-1
-1
-2
-2
-3
-5
-4
-10
-5
3
6
3
-3
-4
-7
-1
-1
-11
-9
-9
-6
-3
-1
0
0
-3
-5
-4
1
9
11
2
0
-1
-2
-3
-5
-5
1
3
-3
-2
5
8
6
4
3
3
9
17
14
4
-6
-8
0
3
2
-4
-5
-5
-6
-3
3
7
4
4
0
-2
-3
-7
-6
-10
-9
-9
-10
-3
-1
3
11
11
1
-5
-3
-6
-7
-9
-8
-1
0
-5
-7
1
10
18
21
15
11
2
-3
-6
-6
-3
-8
-12
-13
-16
-8
3
10
11
7
7
9
5
-3
-2
-1
-8
-9
-5
4
10
7
12
11
11
11
7
1
-5
-7
-6
-6
-10
-3
0
-1
4
4
8
9
6
0
-1
-5
-16
-17
-17
-10
-3
0
2
-3
-6
-5
-4
-1
1
1
2
-7
-3
-2
-5
2
4
7
7
4
5
4
3
-6
-6
0
-1
0
3
8
17
18
17
18
14
9
3
-1
0
-1
0
0
3
9
10
6
4
3
-2
-2
1
1
-1
-3
-4
-7
-11
-10
-13
-7
-5
-11
-11
-6
-5
2
4
-2
-6
-4
-6
-4
3
4
11
10
-1
-2
2
-1
-3
3
10
10
6
2
-1
1
-4
-9
-6
-8
-11
-10
-8
-8
-6
-4
-7
-7
-8
-5
-2
-2
-2
3
6
9
8
3
8
6
11
9
4
8
16
23
25
24
12
-2
-15
-20
-9
4
5
0
-4
-5
0
0
1
3
0
2
1
-2
-5
-10
-8
-5
-7
-10
-15
-13
-8
-3
6
10
9
-1
-4
-3
6
11
7
4
-1
-7
-7
-2
-2
4
5
-8
-12
-12
-10
-1
6
8
4
3
-1
-3
-4
-2
-1
-7
-4
3
7
7
0
2
3
1
2
1
4
8
1
-3
-3
-8
-11
-8
2
8
11
7
1
-2
2
6
3
5
4
-8
-13
-10
2
9
5
0
-1
5
10
15
15
9
2
-1
-12
-9
-6
-6
-2
2
4
-2
-2
0
5
6
2
1
-2
-6
-10
-11
-10
-7
-2
-5
-9
-3
5
8
6
-3
-8
-10
-9
-4
4
7
1
-3
-8
-7
-2
-3
-5
-3
-2
-14
-18
-13
0
10
11
7
0
5
3
3
12
9
6
4
3
4
4
9
16
11
3
0
5
11
8
6
4
-1
-7
-15
-17
-14
-10
-8
-9
-7
-6
-7
-11
-11
-15
-13
-6
1
3
3
4
6
7
3
5
7
10
7
1
1
2
-3
-7
-7
-4
-1
-1
-4
-2
-4
-1
2
2
9
11
10
6
3
7
5
6
7
2
-4
-10
-9
-7
-11
-12
-3
2
11
6
0
3
6
5
5
7
8
5
1
0
0
5
8
3
-2
4
0
1
5
2
-1
1
0
-3
0
2
4
4
-1
-7
-12
-8
-2
-8
-8
1
4
4
5
4
3
10
11
7
1
-7
-11
-9
-7
-1
2
3
2
-4
-12
-10
-10
-8
-6
-3
-3
-3
-4
-1
2
-4
-4
3
7
10
5
2
4
8
6
2
8
12
9
1
-1
0
3
7
12
13
12
10
2
-1
-8
-4
1
1
-2
-4
-5
-7
-7
-7
-5
-6
0
5
2
-1
1
4
5
6
-2
-7
-9
-4
1
-2
-3
-5
0
0
2
11
17
15
10
11
3
-4
-4
-7
-7
-3
-5
-10
-9
-14
-14
-5
-1
4
8
0
-6
-12
-9
-5
-3
2
2
2
1
3
0
2
6
9
8
0
2
9
18
15
6
8
8
10
5
0
0
-1
-2
-5
-6
-2
-5
-10
-11
-12
-10
-4
-2
-4
-3
-4
-4
-3
-1
6
10
10
7
-1
-6
-6
-5
-8
-7
-5
0
4
2
0
-1
5
12
14
17
11
4
0
0
2
-5
-5
-5
-14
-9
-6
-4
-7
-14
-9
-8
-5
0
-1
-2
1
-1
-5
-3
-2
3
1
-3
-5
-5
-5
-2
1
3
8
13
18
19
14
8
8
7
6
3
-5
-5
-8
-8
-5
-6
-5
-7
-5
-1
2
3
0
-7
-4
-1
0
7
7
5
0
-6
-8
-6
-4
-3
0
4
3
2
0
-1
4
3
-1
0
0
1
-1
-5
-2
-3
0
2
3
4
-6
-16
-16
-12
-11
-7
-6
-5
-2
-6
-11
-10
-4
4
5
9
12
7
3
0
2
3
3
4
8
10
5
5
12
15
12
11
7
8
4
-8
-12
-12
-6
-4
-3
-5
-9
-10
-9
-2
2
1
3
7
5
5
3
5
4
1
2
2
6
7
4
5
8
9
7
8
10
7
5
5
7
6
4
-7
-16
-13
-16
-21
-21
-17
-12
-6
-8
-13
-15
-15
-13
-11
-3
5
7
6
3
-1
6
6
0
2
8
11
6
11
9
11
15
13
14
9
5
2
1
5
1
-1
-2
-9
-12
-9
-7
-5
-5
-5
-4
-6
-7
-8
-6
-5
-3
1
6
10
9
5
7
8
3
6
8
8
3
-7
-5
2
2
-3
-4
-8
-2
5
8
15
8
0
0
8
22
12
6
5
-4
-2
-5
-6
-3
3
5
0
6
5
4
0
-1
3
3
5
0
-1
0
-5
-11
-6
1
0
-5
-9
-7
-1
-2
3
7
2
1
2
2
0
-10
-9
-5
-5
-7
-12
-6
-2
-4
-3
-4
2
4
2
5
-4
-3
-1
-1
2
2
9
8
7
9
11
4
-1
-2
-6
-3
-2
-4
-9
-10
-7
-5
-1
0
-1
2
-6
-8
-4
-8
-8
-9
-13
-12
-6
-1
1
5
6
7
9
12
9
3
4
4
4
6
5
5
2
-1
-2
-6
-5
-1
-6
-8
-3
-4
-8
-6
-6
-5
3
2
-2
-3
-8
-12
-8
-3
-3
-3
-2
0
4
4
4
5
5
3
-5
-9
-7
-9
-4
1
0
-2
-6
-3
6
9
10
6
6
6
2
0
-6
-8
-2
-2
3
8
7
9
12
10
12
12
9
3
4
4
0
1
2
4
2
1
3
8
11
12
11
3
2
2
-5
-9
-13
-10
-6
-4
-5
-6
-4
-1
-2
0
6
9
9
5
3
5
5
6
7
7
16
16
8
5
1
5
9
9
5
-1
2
4
1
-6
-8
-6
-9
-12
-16
-16
-10
-3
-3
-5
-4
-5
-4
-4
1
7
6
-1
-10
-11
-11
-13
-13
-15
-10
-9
-9
-8
-7
-3
-2
1
6
6
10
14
11
5
3
4
-1
1
4
8
7
3
1
2
4
2
2
1
-1
-2
-9
-12
-9
-3
-3
-5
-1
0
6
8
6
9
3
2
-3
-9
-5
-2
-2
-1
-3
1
5
3
-3
-8
-2
-6
-8
-4
-6
-3
-2
-9
-9
-5
-7
-2
2
6
8
5
7
3
-1
1
3
3
-2
0
-5
-8
-9
-13
-6
-2
3
-5
-9
-4
-8
-3
-2
-2
3
2
0
-2
1
0
1
0
-4
-4
-9
-6
3
10
15
8
4
-1
-5
-2
-6
-6
0
1
3
1
1
6
13
16
20
25
15
6
-3
-4
-2
-5
-11
-10
-8
-3
1
-3
-4
-5
-2
-2
-9
-17
-17
-12
-9
-7
-6
-3
-2
0
-1
1
8
7
10
9
5
11
15
15
13
10
6
4
5
6
4
6
6
0
4
4
4
8
10
4
-4
1
-1
-7
-8
-8
-6
-6
-7
-6
-7
-5
-2
1
5
5
3
5
6
13
7
-2
-4
-8
3
5
3
5
6
7
5
5
5
8
14
10
4
3
-3
-6
-8
-6
-5
1
6
6
7
3
-3
-4
2
0
-2
-2
-2
-1
-7
-12
-4
2
6
6
6
5
0
3
5
11
15
13
6
-2
-7
-11
-11
-5
-2
-3
-3
-3
-1
0
1
1
2
-2
-6
-5
-3
-4
-9
-7
-2
-6
-4
-6
-5
3
6
7
4
6
7
11
10
5
5
8
12
4
2
3
-2
1
7
1
-1
-3
-4
-6
-11
-8
-13
-15
-7
-9
-10
-10
-12
-13
-8
-3
-3
-1
3
5
0
-3
-3
5
5
6
10
7
10
3
2
2
1
2
-2
-1
1
1
4
-1
0
-1
-3
-2
-2
-3
-1
-4
-6
0
6
9
11
0
2
1
-5
1
1
1
-1
-6
-3
1
5
5
-3
1
5
3
10
14
9
7
2
2
10
14
13
11
11
12
14
14
11
8
5
2
-4
-7
-9
-15
-17
-12
-14
-9
-5
-9
-4
-6
-7
0
3
4
0
1
5
1
2
5
4
1
-4
-4
-4
0
0
-7
-7
-8
-9
-6
-3
-2
-9
-10
-7
-7
-9
-17
-23
-20
-11
-6
-1
5
1
1
-3
-3
5
3
10
8
-3
-7
-4
8
9
9
13
6
3
0
-11
-12
-5
-2
3
3
4
-3
-5
2
13
21
22
16
8
2
-3
-10
-8
-5
-6
-2
0
-5
-5
-1
-3
-3
-10
-14
-8
-8
-8
-5
-9
-12
-13
-10
-9
-6
-1
-2
-4
-3
-6
-6
-3
2
2
6
3
-5
-2
-8
1
0
0
8
5
5
-5
-9
-6
-4
1
6
15
20
13
6
4
5
6
2
-2
2
15
18
9
-1
-6
-6
-4
-3
9
21
27
16
1
-4
-3
-4
-3
2
7
9
0
-10
-18
-21
-14
-6
1
8
5
-5
-8
-15
-12
-4
-4
2
5
7
5
0
0
-6
1
7
4
6
2
-8
-8
-6
-9
-6
1
-2
5
8
8
7
-1
2
-1
-2
-5
-6
-3
0
2
-4
-4
1
2
5
4
9
3
3
0
-1
6
1
3
2
-6
-12
-3
-1
-6
-2
-1
-1
-1
2
4
7
11
10
4
0
8
11
-1
-1
-2
-10
-7
-14
-13
-1
1
-1
-12
-10
-3
-4
3
-5
-6
2
-1
6
11
12
13
7
0
-3
2
13
12
5
10
10
5
-2
-8
-11
-7
5
9
1
0
-8
-17
-17
-13
-8
-9
-2
7
5
7
6
4
6
5
7
3
6
8
1
-7
-1
4
8
8
8
10
8
5
-5
2
4
-3
6
3
3
0
-5
-4
-8
-8
-8
-6
-2
-2
1
-3
-8
-11
-7
-1
0
4
-1
-4
-1
8
12
8
10
5
10
7
1
-2
-4
-5
-5
1
-1
2
4
1
1
-2
1
3
2
4
-1
-3
0
-1
5
6
2
-4
-3
1
-5
-3
-8
-10
-2
2
1
-4
-2
-7
-3
8
11
2
-9
-11
-10
-7
-9
-1
12
10
3
2
-1
1
7
12
15
12
7
-3
-1
1
-3
-9
-11
-4
-10
-10
-5
-3
-3
-9
-3
-4
-5
3
7
10
7
-2
-10
-7
1
3
10
5
-3
-8
-12
-9
-7
-3
3
11
16
13
6
-4
-5
-3
5
4
2
6
4
0
-1
1
2
-1
4
10
4
4
-1
-4
-1
2
-2
-6
0
-3
-1
2
-3
-3
-8
-6
-7
0
8
7
8
7
8
4
-1
-3
1
5
-3
-7
-11
-11
-7
-8
-11
-6
1
-1
-4
-8
-8
-10
-10
-8
-2
6
12
9
8
3
-6
-2
-3
1
6
3
4
-2
0
2
4
9
15
16
18
18
4
-7
-13
-10
-3
5
11
7
2
-3
-9
-4
1
4
5
5
-2
-12
-13
-15
-15
-3
-2
2
9
8
5
-6
-16
-9
-3
6
9
4
-2
-5
-1
-7
3
7
6
5
-1
-1
0
5
3
-4
-7
-5
-4
-6
-10
-4
-2
-5
-2
-1
8
6
-6
-10
-8
1
1
-11
-5
6
6
2
0
4
2
2
7
8
7
1
-4
-1
2
13
15
2
5
0
-6
9
11
3
-3
-7
-8
-4
-6
-1
6
9
8
5
4
-2
-6
-8
-8
-6
1
1
-6
-9
4
4
-4
-2
-7
-6
-1
5
6
9
5
-5
-5
2
8
2
2
1
-9
-9
-9
-8
-1
-2
-1
-5
-4
6
1
-1
3
8
8
9
5
1
10
8
-3
-7
-5
3
9
7
-2
-9
-10
-16
-12
-2
10
10
6
3
-2
-3
-2
3
4
10
13
2
6
7
3
5
1
6
14
13
5
-3
-7
-2
6
16
17
12
1
-4
-15
-21
-16
-14
-11
-8
-9
-7
-4
-12
-14
-5
-3
-2
-2
-5
-4
-7
-6
-5
-4
4
-3
-1
12
-1
3
3
-7
2
2
-2
-6
-6
-2
2
3
-5
-2
6
9
4
3
3
-2
-4
-6
-3
5
8
7
9
2
4
5
-2
4
6
10
6
0
-5
-4
0
-2
-2
-3
1
7
1
-2
4
1
4
2
-5
-3
1
9
0
-3
1
2
6
10
11
4
2
-5
1
5
2
5
-5
-3
-1
-3
-4
-5
-1
-5
-8
-10
-5
-7
-15
-7
2
11
9
3
-5
-4
0
-2
-1
1
-1
-9
-12
0
1
3
8
5
2
4
3
-2
-9
-13
-12
-7
0
6
9
14
12
5
4
2
8
9
1
6
10
1
4
5
6
11
9
12
11
9
17
8
-1
-4
-7
-21
-27
-22
-24
-9
-5
-1
-3
-7
-5
-14
-11
-8
4
5
-1
-8
-6
3
4
10
10
11
13
5
8
12
14
16
3
-1
-5
-8
-10
-5
1
10
11
0
1
-8
-9
-5
-2
-1
-5
-9
-3
5
4
8
8
4
4
0
0
-3
-1
4
-4
-3
-3
-3
3
6
6
1
-2
-11
-15
-8
-8
-6
-4
-4
-4
-10
-13
-12
-5
0
8
10
4
4
-2
-8
-12
-8
-2
-2
2
5
8
5
1
2
-3
-7
-1
-6
-2
4
9
1
-5
0
-2
0
-6
-4
-7
-4
0
-9
-5
-6
-3
2
-4
2
2
3
1
3
8
7
3
-3
-6
-5
-4
-2
-1
5
6
6
8
9
16
10
9
3
-1
10
16
14
6
14
14
8
9
1
-2
-2
2
4
2
8
2
-9
-13
-13
-5
-2
0
-5
-7
-4
-9
-2
1
3
3
-10
-6
-7
-9
-2
-4
-5
-3
-2
1
4
-1
-5
-8
-6
7
9
10
10
-3
-3
-7
-7
5
7
12
11
11
8
4
6
5
3
-4
-2
0
2
5
5
8
7
0
-1
0
5
7
8
4
1
-6
-7
0
5
8
4
0
-7
-11
-4
0
3
10
12
0
-12
-13
-18
-20
-13
-13
-7
-1
-1
-1
-6
-8
-12
-10
-6
-4
-3
2
1
-2
0
-3
0
0
-3
-1
-1
4
6
0
0
-5
-9
-7
-3
4
8
2
-4
3
8
5
2
-2
-6
-4
0
-3
-2
1
-10
-8
-2
3
8
5
3
5
11
10
3
6
2
-5
-6
-8
-3
1
2
4
5
3
4
5
4
2
-4
-13
-15
-19
-18
-15
-10
-4
-4
-1
0
-1
-1
-6
-9
-2
-1
1
-2
1
8
8
7
4
3
5
5
-1
-1
-2
-10
-13
-18
-7
0
1
0
-1
0
2
4
6
5
4
6
3
4
8
6
7
6
1
0
-1
-4
-1
1
-2
1
1
1
6
11
6
9
10
3
2
-3
-2
2
3
5
-6
-8
-5
-4
-2
-1
2
13
19
9
0
0
-2
-3
-2
1
-3
-3
-8
-7
3
6
6
5
5
5
13
7
-1
-1
-13
-4
0
1
6
-2
-9
-16
-15
-17
-14
-7
-4
-1
1
-7
-11
-8
-16
-5
7
0
4
6
5
4
9
7
3
11
7
9
12
12
12
7
9
11
6
10
13
9
11
10
5
0
-5
-2
-8
-8
-3
-9
-8
-5
-4
-1
-2
-6
-15
-10
-5
-5
1
2
4
2
1
3
-5
-3
0
-2
6
4
-3
0
-3
1
5
4
9
9
7
7
3
3
-2
-1
2
0
3
-4
-5
-2
-2
-3
1
9
6
10
9
6
8
-3
-1
-2
-5
-4
-6
-6
-10
-4
-3
-4
-3
-7
-6
-3
0
4
0
-7
-1
4
5
4
3
1
-1
-3
-7
1
8
3
5
3
1
0
4
5
-1
-8
-8
-8
-8
-3
-3
-2
0
-6
-11
-11
-12
-17
-14
-11
-12
-11
-10
-11
-3
3
4
8
6
4
2
3
4
-6
-14
-15
-12
-10
-5
1
4
7
15
11
6
11
14
16
16
10
6
9
11
7
6
4
3
4
-1
5
13
13
14
8
0
-6
-4
-2
-5
-4
-2
-2
-2
-1
-6
-9
1
-1
-2
-6
-6
-3
-5
-2
2
6
14
15
11
5
-4
-4
2
8
4
6
6
6
3
3
3
6
11
5
2
5
1
-1
-3
-4
-3
-2
-1
-1
0
-9
-11
-13
-12
-9
-12
-9
-13
-16
-9
-1
5
6
8
0
-3
-4
-4
0
4
4
2
2
-1
5
5
7
9
9
10
7
0
-3
-3
0
4
1
-5
-8
-10
-10
-7
-4
-4
-4
-4
-6
-2
0
-6
-8
-6
-8
-7
-6
-8
-5
0
3
4
9
12
9
13
13
8
9
-2
-3
-4
-10
-12
-14
-8
-7
-5
0
3
5
5
12
14
9
7
2
-4
-4
2
-2
-3
1
1
3
11
14
18
14
9
6
3
1
4
1
0
-4
-8
-7
-5
-1
3
3
1
-1
-4
-4
-2
2
7
8
4
3
-1
-1
6
5
6
6
6
8
5
4
4
1
-2
-4
-6
-4
-11
-14
-14
-14
-10
-8
-7
-6
-4
-5
-12
-12
-11
-10
-9
-8
-7
-7
-7
-10
-13
-9
-11
-10
-11
-8
-8
-5
5
10
12
17
19
18
18
13
5
-1
-3
-3
-5
-4
0
3
4
7
5
-2
-6
-12
-7
-3
-4
-6
-13
-15
-13
-9
-7
-7
-7
-3
0
-2
-2
-4
-2
4
10
12
9
12
14
15
15
20
25
21
13
2
-4
-8
-9
-10
-12
-7
-3
-3
-3
-1
1
8
15
11
9
5
-3
-7
-12
-18
-18
-12
-6
2
5
8
10
7
8
9
8
0
-4
-6
-3
2
5
7
12
17
21
21
16
9
4
2
7
7
5
1
-1
4
2
9
10
8
5
-1
1
-1
-4
-6
-9
-7
-7
-5
-1
0
-2
2
0
-4
-6
-6
-2
0
3
2
3
1
-6
-12
-14
-10
-8
0
5
12
10
6
2
-1
-2
-1
-1
0
3
-2
0
0
0
-1
-6
-1
0
3
0
-1
-3
-8
-8
-5
-2
-8
-9
-13
-16
-13
-6
-3
-5
-4
-11
-8
-5
2
10
11
5
-2
-4
-3
2
5
7
10
9
5
5
5
3
8
9
11
9
-2
-7
-11
-15
-13
-8
-4
-2
0
3
5
8
10
8
12
14
15
11
2
-2
-8
-15
-15
-17
-13
-6
-2
1
3
7
3
0
2
4
6
4
-1
-5
-6
-7
-5
-1
-2
-3
-1
2
8
11
9
9
9
2
-4
-6
-13
-16
-13
-12
-15
-8
-6
-3
4
8
13
11
8
5
6
5
8
1
-8
-8
-9
-9
-7
-1
-1
-1
-1
-3
-8
-7
-5
-9
-1
3
6
9
10
8
8
15
20
19
15
10
10
7
5
2
6
3
2
1
1
3
-1
-2
-9
-5
-3
-5
-13
-16
-13
-14
-12
-8
-4
-3
-2
1
-1
-2
3
3
0
-3
-3
-2
-3
1
4
0
1
-2
-1
-7
-10
-8
-12
-10
-5
-1
1
5
9
3
2
2
5
0
-5
-10
-15
-13
-11
-7
-3
3
7
11
15
15
12
5
4
2
-3
-8
-7
-7
-12
-11
-9
-3
5
3
0
3
7
10
11
10
7
7
7
8
7
7
4
2
0
1
5
6
7
4
0
3
4
3
-2
-10
-7
-6
0
3
-1
-7
-15
-20
-22
-14
-9
-2
-2
-6
-6
-7
-2
-2
-2
3
6
7
5
1
3
6
7
6
9
13
11
10
9
5
6
10
7
3
2
3
-1
-4
-6
-10
-6
0
2
-2
-4
-9
-18
-17
-9
-4
-8
-12
-9
-8
-3
0
2
8
13
16
13
10
3
-3
-1
1
4
4
2
2
-1
-6
-10
-6
-1
0
1
2
2
4
5
4
5
3
4
4
2
0
0
-1
2
5
9
5
5
7
8
13
6
5
9
11
12
9
6
5
1
-1
0
-3
-3
-4
-7
-7
-2
2
8
7
6
5
3
0
-2
-1
3
8
8
5
1
1
-1
-1
-2
-2
3
4
-2
-6
-8
-5
-7
-7
-2
-6
-5
-5
-8
-15
-18
-19
-22
-22
-20
-13
-8
-3
-2
2
5
3
1
1
-2
-2
0
0
-1
-1
1
-2
-1
1
-2
-1
1
-1
-3
-1
-5
-9
-7
-1
5
3
-2
-4
-2
-8
-10
-12
-13
-14
-15
-12
-6
2
2
1
5
15
21
21
21
18
13
2
-5
-8
-6
-1
-1
3
7
4
6
9
11
10
8
9
7
3
-4
-4
-1
5
5
2
6
5
2
3
3
4
3
3
0
-1
-2
-5
-8
-4
9
15
18
18
15
6
-1
-4
-11
-15
-14
-18
-21
-17
-11
-9
-6
-5
-1
5
3
3
0
0
4
4
0
-4
-5
0
2
2
5
8
12
8
6
6
4
3
-4
-7
-3
1
6
5
3
0
-5
-6
-2
-1
-4
-4
2
6
5
5
3
6
10
8
8
7
3
2
5
6
7
6
4
5
5
6
7
6
1
-5
-8
-10
-6
0
2
-4
-7
-9
-9
-5
-7
-7
-10
-13
-10
-6
-5
-3
1
4
3
2
4
3
3
3
5
6
4
2
3
5
3
-2
-9
-13
-8
-5
-4
-1
-1
-5
-9
-9
-8
-7
-4
-1
-1
1
1
-3
-7
-7
-2
3
4
1
-2
-1
2
4
5
0
-4
-1
0
3
-4
-5
0
0
3
4
2
-3
-5
-5
-3
-2
-5
-7
-6
-4
-1
4
6
9
8
3
2
8
8
6
4
5
3
1
-1
-1
3
4
6
6
6
8
4
0
-2
0
2
3
0
-4
-3
-2
1
-2
-4
-6
-8
-7
-11
-14
-14
-8
0
8
14
12
5
2
0
-4
-3
4
6
6
4
3
1
-1
-5
-9
-7
-2
-2
-5
-9
-12
-8
0
5
6
5
2
0
-1
-1
-2
-3
-4
-4
1
6
10
13
17
19
21
16
8
0
-7
-6
-4
-2
2
2
3
-1
-2
-2
-3
5
9
9
8
3
-6
-9
-8
-6
-3
4
6
1
2
-2
-7
-6
-6
0
-4
-5
-6
-4
-1
-2
1
4
5
3
-1
-3
0
-2
-7
-10
-10
-9
-8
-4
2
3
1
-1
-2
-1
-2
-3
0
0
-2
-4
-6
-3
-1
2
3
0
-4
-2
0
4
7
5
6
6
4
-3
-4
-1
-1
1
2
2
1
-2
-4
-4
3
3
3
4
6
7
3
3
3
2
-4
-5
1
1
3
0
0
2
1
1
-3
-6
-4
2
2
1
3
0
-3
-8
-9
-5
-3
-4
-9
-13
-7
-2
-4
-9
-10
-5
-1
5
13
15
16
16
6
0
1
-1
-5
-11
-12
-8
-1
0
0
4
6
5
2
-1
-4
-1
-1
-1
-5
-4
0
-2
-1
1
8
12
16
19
22
23
12
7
4
0
1
1
-3
-7
-8
-5
-2
0
3
4
6
5
2
0
0
2
-1
-6
-15
-17
-13
-8
-1
5
9
6
5
0
0
3
5
10
11
11
9
11
9
5
6
3
1
4
4
-1
-5
-7
-5
-5
-5
-1
2
0
-6
-10
-11
-10
-12
-13
-10
-4
1
2
1
-2
2
6
5
3
3
0
2
-4
-6
-2
1
1
-3
-9
-14
-10
-10
-8
-3
1
7
3
0
0
-1
-5
-9
-9
-7
0
5
3
-2
-5
-2
1
3
5
7
4
2
-3
-5
2
10
8
2
4
4
0
2
2
-2
-2
-3
-7
-11
-8
-10
-11
-6
-2
4
5
3
4
2
7
5
-1
1
2
0
-4
-1
2
4
7
6
1
-1
-5
-9
-8
-8
-1
3
4
4
6
3
-1
-4
-2
2
2
-1
-5
-11
-10
-5
-3
2
8
15
12
5
0
0
5
4
3
4
0
-8
-11
-9
-4
2
4
2
-5
-11
-13
-15
-14
-15
-18
-20
-18
-10
-8
-10
-6
-3
-3
-3
0
7
8
8
6
3
10
14
12
10
14
16
14
12
9
8
3
0
2
3
2
4
6
5
4
2
-2
-6
-7
-4
-3
-3
-2
-2
-3
-4
-3
2
1
-1
2
5
5
-1
-7
-5
0
3
2
0
2
-3
-12
-13
-12
-12
-6
-7
-7
-5
0
1
-9
-12
-5
-6
-2
6
5
-1
4
3
-3
0
8
12
18
26
28
23
15
11
9
10
11
6
5
2
2
-4
-7
1
6
8
4
-1
-2
-5
-7
-11
-13
-10
-6
-3
-3
-1
3
8
9
9
3
1
9
4
1
2
8
14
15
13
14
15
9
1
0
1
0
-4
-9
-11
-9
-8
-13
-14
-10
-3
3
2
-2
-7
-10
-12
-14
-15
-15
-13
-8
-4
6
10
12
12
11
11
14
10
10
11
4
-3
-9
-3
-1
-1
3
2
2
2
1
4
3
2
1
1
-1
-3
0
-2
-4
-5
-4
-1
2
3
4
3
2
-3
-2
0
3
8
11
5
0
0
-3
-4
-8
-4
-2
-1
0
-7
-9
-8
-8
-5
2
1
1
-2
-3
-5
-6
-3
-8
-6
-3
-3
4
7
10
11
12
11
12
11
8
1
-2
-1
-4
-6
-7
-8
-9
-5
-1
-3
-7
-6
-6
-7
-8
-4
0
0
1
-1
-3
-3
-2
-1
0
4
8
5
4
7
3
1
2
0
-1
-1
1
4
4
4
0
0
-3
-5
-6
-6
-8
-7
-5
-8
-9
-11
-11
-11
-7
-11
-8
0
3
1
0
2
0
-4
1
7
6
6
6
0
-4
-2
-1
-4
-2
2
0
-1
5
7
5
4
1
-2
-3
1
1
1
0
-1
0
1
5
10
9
5
1
0
1
4
8
7
6
4
2
-2
-2
2
2
-5
-11
-8
-8
-5
-2
-2
-3
-8
-6
0
1
4
6
3
2
1
5
6
4
3
3
10
10
13
14
10
5
-1
-2
0
3
4
8
7
7
3
-1
-4
-8
-8
-8
-7
-6
-5
-6
-6
-8
-6
-6
-7
-4
-1
-1
2
4
-2
-6
-4
-2
1
2
-2
2
6
6
9
9
8
8
7
3
-1
-1
-3
-5
-3
0
4
2
1
-5
-6
-4
-4
-1
-2
0
1
4
0
-2
-1
-7
-7
-11
-5
2
6
2
-3
-2
-1
2
3
2
-1
0
-2
-1
0
-5
1
1
0
1
-2
-2
-2
-3
-4
-6
-9
-12
-12
-13
-12
-10
-8
-7
-3
-1
-5
-5
-10
-11
-9
-10
-10
-9
-11
-10
-6
0
1
1
0
-1
3
5
7
11
5
3
5
8
11
10
10
11
9
6
5
2
4
5
2
-2
-1
-1
1
4
5
7
12
12
10
8
5
4
1
3
4
2
6
3
5
4
5
4
2
6
2
4
7
6
4
3
7
5
2
-3
-6
-3
-1
2
-2
-8
-6
1
1
-3
-2
1
8
4
2
3
1
1
-1
-3
-1
2
-2
-8
-10
-10
-14
-8
-4
-2
0
3
4
1
4
4
4
4
-1
-6
-4
1
4
2
-2
-2
-4
-5
0
0
3
1
-3
-4
-3
-3
-2
5
6
4
2
-2
-6
-5
-3
-3
-2
-4
-7
-8
-4
-3
0
6
7
6
5
5
6
7
5
-3
-5
-2
0
1
1
0
1
0
1
0
3
11
16
11
5
1
-1
4
-1
-8
-7
-4
-1
-1
-2
-3
-4
-1
2
1
-1
-4
-3
-1
-2
-4
-6
-8
-10
-7
-7
-7
-9
-5
-1
2
8
11
12
13
16
17
10
9
8
12
14
12
14
12
10
10
5
2
-1
-5
-4
-6
-8
-12
-19
-17
-16
-15
-12
-7
-5
-8
-10
-8
-6
-6
-7
-4
1
2
0
-1
-4
-2
0
0
5
6
10
4
3
4
-2
0
-4
-7
-7
-4
-4
-2
1
2
-1
-2
2
1
4
4
3
4
2
2
-2
-7
-7
-6
-10
-9
-5
-3
-2
-3
-3
-2
-3
-4
1
10
10
8
9
3
-1
-2
-1
3
6
7
7
10
7
2
0
-2
-2
2
0
-2
-2
2
1
3
5
6
8
10
9
7
2
-1
-1
-3
-4
-4
-2
2
13
10
2
-5
-11
-14
-14
-13
-13
-15
-21
-21
-13
-8
-2
1
-3
-5
-9
-10
-9
-5
-2
-1
2
5
3
3
8
11
18
15
12
12
12
14
19
17
11
3
-3
-2
0
-3
-4
-4
-8
-10
-10
-4
7
9
12
11
7
4
3
1
2
5
7
7
4
6
6
4
9
18
21
18
15
8
1
-7
-15
-18
-12
-4
-2
-4
-4
-2
-4
-3
-5
0
0
-10
-16
-19
-22
-21
-14
-10
-7
-12
-12
-13
-19
-18
-15
-6
0
3
0
-3
2
4
7
8
6
10
7
2
-1
2
5
2
2
4
5
5
5
4
4
1
1
-1
-1
4
0
5
6
10
15
17
22
21
20
16
12
12
10
8
9
11
12
5
-1
-7
-10
-5
-1
6
7
-2
-9
-13
-12
-13
-11
-9
-10
-7
-10
-9
-9
-15
-11
-14
-11
-5
-3
-3
-7
-11
-12
-9
-7
-1
3
7
7
5
2
-2
-3
-3
-2
1
5
1
1
0
-3
-1
1
6
5
7
9
5
0
-6
-12
-12
-10
-6
-1
0
2
-2
-5
-1
3
6
9
8
9
9
6
3
7
10
12
13
14
17
15
6
0
3
4
1
1
-9
-9
-3
4
11
11
13
14
9
6
-2
-3
-3
-2
-3
-9
-9
-6
-3
0
0
-2
1
2
4
6
11
11
7
4
0
-2
-3
-4
-5
-2
1
6
8
8
7
5
1
-4
-8
-10
-4
2
-1
-3
-7
-10
-6
1
0
-4
-8
-15
-16
-18
-22
-29
-35
-34
-28
-9
5
3
0
-2
-4
-4
-4
-5
-2
0
1
5
12
13
12
10
9
7
6
1
-3
-1
-1
-2
1
2
4
5
8
7
4
3
1
4
3
2
3
4
5
0
2
6
3
4
7
12
13
9
7
5
4
3
1
1
0
-1
-2
-3
-4
-4
-1
2
2
6
7
7
6
2
-1
0
1
-4
-3
-3
-6
-5
-4
-5
-8
-10
-10
-8
-3
0
-1
1
4
2
0
2
2
0
-3
0
-3
-1
-3
-5
-4
-3
-1
-4
-4
-6
-12
-14
-15
-14
-10
-6
-3
-3
0
5
6
7
6
3
8
9
7
2
3
2
-2
-2
2
7
8
8
12
13
10
7
3
-1
0
-2
-7
-10
-11
-11
-10
-6
-4
-1
1
2
2
1
0
-1
4
3
4
6
2
-2
-5
-2
-1
-1
5
2
-2
-4
-8
-8
-6
-5
-1
0
0
1
2
9
9
6
5
5
8
6
4
8
9
9
6
6
10
12
11
9
4
1
0
-5
-9
-10
-7
-4
-4
-2
-2
-3
-6
-9
-13
-9
-4
-3
-6
-7
-6
-5
-4
2
5
6
3
5
4
4
6
7
7
3
0
-7
-11
-13
-10
-5
-8
-8
-4
-4
-2
-2
0
1
0
1
-1
-8
-9
-8
-6
2
5
6
6
2
-1
-8
-6
4
7
12
16
15
12
8
2
-6
-9
-3
0
2
-1
-6
-4
-5
-4
-1
1
4
3
1
-1
-5
-8
-7
-3
3
7
5
0
-1
1
0
1
4
4
8
9
5
3
4
-2
-3
-4
-4
-4
-2
-2
-8
-8
-3
-2
0
0
2
8
4
0
0
-1
2
0
2
8
6
-1
-2
-3
-4
-4
-6
-5
-5
-5
-14
-16
-10
-2
0
0
0
-3
-6
-10
-10
-11
-9
-6
-9
-7
-4
-4
-6
-4
3
4
7
12
15
13
8
10
4
3
11
14
14
17
14
10
9
5
3
3
7
11
12
13
13
10
6
4
3
-2
-4
-4
-4
-5
-9
-9
-8
-5
-1
0
5
7
1
-5
-9
-8
-3
-1
2
5
4
-1
-10
-11
-8
-7
-4
5
10
10
2
-6
-4
0
2
5
7
3
-1
-2
-5
-9
-9
-2
0
3
2
1
-1
-8
-7
-6
-8
-2
2
4
1
4
7
4
9
11
8
13
16
14
5
-3
0
7
5
6
3
-4
-8
-12
-11
-8
-4
-4
-6
-8
-10
-11
-9
-8
-5
5
8
6
8
6
2
4
13
16
11
10
5
-7
-10
-3
-7
-6
-6
-6
-11
-9
-7
-9
-5
0
4
0
0
-1
-7
-9
-3
0
1
-1
1
1
-5
-7
-11
-8
-3
-3
4
6
8
3
-1
2
3
8
8
10
12
7
1
1
0
-4
-6
2
10
15
12
3
-5
-7
-4
-1
-2
3
6
7
3
-1
1
-3
0
6
9
5
-2
-2
-1
-1
4
6
6
7
6
1
-2
-2
-8
-11
-5
-4
-9
-8
-10
-13
-7
-4
-1
-3
-2
1
0
-2
3
4
1
5
2
3
7
7
6
8
8
5
4
5
1
-6
-6
-5
-3
1
4
10
10
6
5
1
-4
-3
-4
0
5
1
-3
-3
-4
-5
-5
-2
-4
-4
1
3
5
1
-4
-5
-7
-3
-2
0
5
2
-6
-11
0
1
1
-1
-4
1
6
1
1
6
13
9
1
-2
-3
-1
0
0
-3
2
8
6
5
6
4
-1
-2
-10
-18
-17
-12
-10
-5
-5
-10
-13
-6
-2
-2
3
7
3
-2
-4
-4
-2
1
5
3
1
8
6
7
9
11
8
4
0
0
-3
-1
4
5
7
5
7
5
3
-2
-5
-3
-2
-2
-3
-8
-12
-8
-8
-5
4
11
14
11
2
-3
-5
-2
3
4
0
2
4
-4
-12
-11
-8
-7
-3
-2
-6
-8
-11
-15
-12
-4
-1
4
2
-2
-1
-3
-3
-6
-7
-10
-8
-1
-2
-1
-3
-6
-2
-2
4
8
9
5
5
5
2
5
7
5
0
-2
2
0
-3
-5
-6
-10
-7
2
3
3
5
5
9
10
14
16
9
7
4
6
7
1
-2
-4
-6
-4
2
6
7
4
1
-7
-1
6
4
5
4
0
1
1
0
2
3
3
2
1
1
-2
-2
-2
-2
0
-1
0
1
0
0
-1
-3
-3
-3
-2
-3
-4
-5
-5
-4
-7
-6
-7
-3
4
1
-2
2
3
5
3
-1
-7
-7
-7
-5
-2
0
-1
-1
-2
-2
-8
-10
-9
-3
3
0
-1
-3
-2
2
2
-1
-2
-2
-6
-11
-9
-9
-3
6
5
3
8
8
4
0
4
6
7
7
6
6
6
7
6
4
3
5
8
8
7
8
4
-1
-2
-4
-1
0
2
-3
-2
2
-7
-15
-15
-15
-17
-16
-13
-12
-14
-13
-13
-7
3
2
3
-1
-4
-3
1
7
9
7
10
9
9
7
6
5
9
7
5
7
5
4
-1
-7
-7
-6
-13
-12
-8
-2
3
0
-1
-4
-3
-3
-2
-3
-7
-11
-15
-10
0
9
15
20
25
21
21
15
11
13
8
7
8
2
2
1
-1
0
1
-1
3
3
-4
-2
-4
-3
0
-1
0
0
-2
-4
-6
-2
-1
1
5
4
7
10
13
16
13
8
7
6
-1
-3
-2
-1
-2
-2
-4
-5
-6
-10
-5
-1
4
3
0
-2
-3
-5
-8
-4
2
4
6
7
3
2
-1
-3
-5
-6
-9
-9
-6
-4
4
7
7
7
6
1
1
-1
0
-2
-4
-1
-2
-3
-4
-11
-12
-9
-2
0
1
3
3
6
9
6
7
9
8
9
6
5
3
3
1
0
2
2
-3
-5
-4
-7
-2
2
1
-1
-2
0
-4
-3
-3
-11
-8
-8
-10
-8
-9
-9
-10
-7
-2
-4
-10
-5
-3
0
-3
-4
-4
-3
-2
0
2
3
5
3
3
5
3
2
-2
-4
-1
4
7
10
12
7
11
11
4
4
6
2
-2
-3
-8
-11
-10
-10
-9
-6
-8
-8
-9
-7
-4
-3
-2
-3
2
1
2
1
-2
3
7
11
13
14
10
10
13
11
11
11
10
9
11
11
1
-6
-5
-6
-5
-2
1
3
3
-3
-11
-14
-12
-12
-13
-9
-5
-4
-3
-3
1
2
3
4
3
-1
-1
3
6
5
6
10
7
6
4
2
-1
-3
-5
-9
-8
-5
-4
-2
-4
-2
-2
-3
2
3
3
-2
1
3
-2
-6
-5
0
3
1
-7
-8
-3
-1
0
1
4
3
1
-3
-2
-1
-2
-1
-2
1
2
0
1
-3
-3
0
-3
-1
1
-4
-9
-14
-16
-15
-11
-5
-3
0
2
6
9
8
4
2
4
4
1
1
0
1
3
3
8
15
12
5
1
4
6
6
3
-2
-8
-9
-11
-11
-6
-1
-4
-1
-3
-4
2
1
4
8
11
8
6
6
4
4
1
3
4
6
7
5
9
10
5
4
6
6
3
1
-4
-7
-7
-3
0
3
6
6
6
6
0
-5
-4
-4
-7
-7
-5
-4
-5
-6
-3
3
9
9
4
3
0
-3
-3
-2
-2
-3
-4
-10
-11
-3
2
3
5
7
8
4
-2
-7
-9
-4
-4
-5
-4
-1
-3
-4
-4
-4
0
2
8
4
0
0
3
1
-2
1
0
5
8
7
8
6
4
3
-1
0
-2
-5
-9
-12
-7
-6
-3
-2
-1
1
3
6
3
4
5
2
-2
-6
-7
-8
-7
-4
-5
-6
-7
-3
0
5
8
7
7
4
2
-2
-3
-5
-4
-5
-10
-11
-7
-7
-9
-7
0
6
4
7
4
4
3
0
3
2
0
-3
2
9
10
9
6
6
3
1
3
4
2
2
1
0
-1
3
7
6
9
8
6
4
4
2
0
0
-7
-10
-11
-9
-1
0
1
2
1
1
-1
-3
4
3
2
3
1
0
1
0
-5
-4
-3
1
3
2
5
5
2
0
6
8
7
1
-6
-10
-13
-14
-11
-8
-3
-4
-5
-3
-1
0
0
3
6
0
-4
-7
-9
-6
-5
-2
1
4
2
1
-3
-6
-3
-3
-3
-2
-7
-9
-8
-2
3
8
13
12
9
3
-3
-5
-8
-8
-6
-4
-3
-3
-2
4
9
13
17
13
13
11
3
-1
-4
-4
-2
-4
-6
0
3
7
10
11
14
13
10
1
-4
2
-3
-6
-7
-2
1
0
1
1
6
12
8
4
7
0
-6
-4
-7
-5
-7
-6
-3
4
9
9
10
8
4
2
-2
-7
-10
-12
-16
-13
-8
-11
-12
-17
-18
-8
-3
2
5
1
-1
-7
-12
-7
-3
0
-2
-9
-8
-1
0
8
9
6
8
10
5
2
5
6
5
1
2
5
1
-1
-5
-8
-2
4
1
-1
8
4
4
6
3
0
-7
-8
-5
-1
2
4
4
5
7
7
9
7
5
8
13
15
17
11
6
2
-2
-1
-2
0
0
-5
-13
-10
-10
-13
-10
-7
-5
-7
-9
-7
-3
1
4
5
3
4
4
3
1
2
1
1
1
-3
-3
-6
-9
-2
2
5
6
1
-6
-7
-4
0
-1
-4
-4
-3
-4
-1
4
5
6
6
1
2
2
-3
-5
1
2
-1
3
3
7
8
8
7
2
-1
-4
-3
2
3
4
3
5
8
8
14
9
6
7
-1
-1
2
-1
-6
-6
-8
-11
-11
-20
-15
-9
-1
2
-3
-4
-7
-4
-1
-2
0
-1
-3
-7
-9
-13
-7
-6
-10
-5
3
3
5
7
4
3
2
2
0
3
2
0
-4
-6
-8
-9
-5
0
5
5
7
6
1
1
-3
-4
-5
-7
-3
-4
-2
4
2
1
5
4
4
10
13
9
10
10
9
8
9
11
12
9
11
14
9
5
3
-1
-7
-9
-9
-11
-12
-13
-15
-14
-10
-7
-4
-7
-9
-9
-13
-18
-18
-15
-10
-5
-4
-5
-3
-5
-3
0
2
6
9
5
3
0
-9
-5
1
1
3
6
4
8
10
5
6
5
7
8
13
15
13
16
19
16
10
2
4
6
-1
-6
-7
-9
-9
-11
-14
-9
0
1
1
5
6
10
14
16
23
31
36
46
54
49
47
42
33
26
19
10
1
-5
-14
-22
-25
-34
-38
-36
-33
-39
-38
-29
-28
-32
-36
-30
-31
-31
-30
-28
-22
-23
-27
-29
-27
-28
-30
-32
-30
-26
-26
-28
-23
-16
-14
-17
-23
-22
-13
0
13
25
29
35
39
46
60
67
76
79
82
78
71
65
59
51
47
44
41
36
28
14
-1
-8
-13
-14
-11
-13
-17
-22
-22
-19
-8
4
23
36
36
33
31
23
26
27
12
-1
-9
-19
-27
-31
-34
-35
-45
-65
-81
-89
-99
-110
-116
-117
-110
-104
-98
-87
-74
-57
-45
-31
-11
15
40
56
66
71
78
74
65
67
63
50
45
30
4
-16
-38
-67
-75
-78
-86
-81
-87
-103
-102
-100
-98
-78
-72
-71
-51
-40
-19
9
42
76
110
136
154
176
184
196
208
210
215
220
216
198
184
159
142
130
113
95
70
35
-10
-59
-97
-116
-137
-150
-159
-166
-174
-186
-197
-202
-194
-184
-163
-135
-122
-114
-106
-94
-77
-50
-26
-8
20
43
51
71
97
109
132
132
119
107
99
99
104
105
83
65
36
-2
-38
-77
-101
-104
-112
-130
-116
-105
-98
-98
-115
-116
-76
-43
-23
13
38
58
88
103
108
152
193
214
254
284
311
343
325
256
214
171
143
135
64
-25
-50
-132
-235
-255
-298
-325
-323
-402
-464
-419
-392
-374
-314
-308
-276
-176
-147
-104
14
55
80
155
169
249
376
360
343
341
242
204
234
203
194
162
30
-9
-23
-141
-225
-266
-285
-236
-280
-426
-449
-429
-446
-397
-348
-286
-145
-105
-124
-38
76
181
270
267
260
334
365
353
358
325
318
310
257
220
224
191
155
178
183
202
251
231
196
193
142
182
320
299
108
-40
-76
49
177
103
-13
-67
-205
-381
-434
-319
-45
51
-278
-606
-632
-500
-292
-170
-126
8
70
-97
-174
-41
205
487
535
384
391
409
247
160
167
219
362
335
38
-229
-426
-519
-439
-355
-369
-447
-615
-762
-743
-672
-507
-187
-99
-251
-396
-429
-206
148
300
347
442
448
388
343
326
446
620
555
368
241
119
89
54
-49
-65
-9
-53
-64
-16
-71
-27
130
236
267
313
293
323
244
-115
-199
142
573
752
508
97
-66
-177
-536
-476
45
370
171
-548
-1204
-1106
-704
-592
-392
-151
-34
-107
-508
-728
-293
296
564
752
703
506
411
236
241
636
926
885
710
189
-366
-505
-511
-312
10
-106
-479
-732
-967
-1061
-866
-622
-277
-48
-325
-639
-583
-291
52
233
208
358
538
408
339
484
690
861
717
315
75
43
36
41
4
-61
-105
-231
-361
-344
-157
49
182
71
-73
-5
213
491
665
706
345
-139
-71
469
972
1021
784
415
72
-448
-890
-404
436
609
-84
-977
-1345
-1029
-822
-853
-466
14
118
-253
-782
-732
-4
481
654
831
762
661
490
62
31
673
1097
1095
627
-157
-491
-466
-366
-128
15
-243
-625
-1058
-1443
-1304
-939
-640
-394
-494
-818
-745
-430
-141
135
193
324
498
381
193
304
531
723
767
539
429
435
257
64
75
97
77
-79
-397
-518
-512
-320
-110
-64
-123
-38
89
182
542
868
955
466
-169
-67
567
1099
1030
705
391
158
-470
-925
-101
839
795
-269
-1378
-1513
-927
-840
-861
-367
-26
-55
-590
-1232
-855
186
559
610
686
560
643
449
63
324
998
1335
1322
630
-385
-526
-452
-390
0
21
-254
-405
-886
-1440
-1348
-949
-547
-307
-772
-1203
-875
-422
-170
-1
84
499
851
500
209
486
853
1065
825
386
327
388
163
25
173
284
355
99
-305
-338
-215
-72
96
-7
-237
-60
112
215
636
931
939
174
-564
-224
742
1343
1141
598
59
-201
-819
-1090
116
1151
744
-510
-1532
-1451
-609
-571
-566
30
205
-140
-794
-1385
-797
409
704
816
851
464
422
241
-85
468
1365
1531
1295
414
-675
-634
-346
-173
147
-34
-557
-832
-1400
-1789
-1379
-898
-493
-414
-1045
-1302
-652
-241
-159
-47
36
414
614
158
-16
515
1001
1088
797
470
546
573
297
219
310
339
133
-275
-530
-398
-99
180
109
-154
-274
-201
-19
330
669
966
1004
-294
-899
7
1044
1570
1140
166
-92
-111
-1216
-1010
786
1294
555
-1209
-2569
-1749
-662
-1080
-555
187
-57
-181
-1138
-1832
-369
922
794
1251
970
371
756
252
-159
1027
1808
1706
1449
-151
-1092
-278
-145
65
494
-189
-722
-824
-1661
-1792
-946
-540
-213
-402
-1487
-1437
-556
-345
-84
32
108
761
644
-156
160
942
1207
1237
768
371
608
537
160
352
493
388
149
-448
-546
-239
21
308
259
-101
-136
75
143
407
687
996
351
-933
-521
658
1441
1423
507
-307
-134
-723
-1611
150
1573
1153
-357
-2360
-2491
-748
-706
-929
263
219
-33
-408
-1820
-1268
755
849
880
1251
108
309
596
-342
397
1818
1779
1803
774
-1233
-684
191
115
686
379
-872
-893
-1307
-1980
-1040
-298
-169
-119
-1292
-2129
-1068
-386
-133
98
-245
44
428
-277
-440
612
1046
1111
978
280
370
694
400
379
642
456
316
10
-485
-195
55
264
679
272
-178
132
280
429
843
1027
95
-1110
-856
138
1329
1395
421
-191
-353
-999
-1728
-125
1720
1697
-155
-2472
-2640
-810
-467
-727
153
333
153
-429
-1957
-1503
625
1020
989
1136
266
604
857
-174
240
1817
2270
2216
970
-1236
-784
299
313
721
493
-554
-869
-1703
-2618
-1537
-396
-52
-344
-1639
-2407
-1357
-482
-366
-142
-206
138
309
-433
-533
627
1210
1160
1000
398
497
751
424
395
744
782
373
-88
-511
-318
-24
34
373
206
-53
140
244
318
728
1267
306
-1192
-710
341
1486
1635
623
-118
-94
-849
-1845
-136
1871
1914
157
-2580
-3077
-903
-478
-901
-48
-163
-195
-491
-2184
-1857
593
978
758
1037
-1
575
1065
-262
1
1818
2350
2506
1300
-1231
-776
410
261
781
625
-421
-552
-1574
-2698
-1568
-285
190
-95
-1535
-2365
-1318
-740
-634
-71
-21
407
365
-701
-712
604
1216
1367
934
329
511
551
280
200
650
831
622
-149
-664
-163
140
379
455
257
274
544
339
244
620
958
76
-1304
-624
745
1638
1267
153
-529
-285
-795
-1632
403
1962
1390
-633
-2920
-2860
-435
10
-645
141
-257
-496
-575
-2027
-1328
1234
1180
633
891
-163
662
1229
-201
347
2247
2424
2206
823
-1465
-317
886
380
685
464
-658
-645
-1364
-2575
-1171
-139
-370
-754
-1972
-2246
-999
-544
-766
-378
-156
336
458
-525
-512
681
1025
909
885
202
431
788
364
204
563
783
492
-69
-680
-212
207
288
286
-95
114
583
600
290
611
1053
-265
-1605
-651
795
1884
1574
40
-694
-478
-1137
-1615
837
2361
1624
-615
-3452
-3055
-289
23
-417
323
-415
-830
-981
-2416
-1127
1692
1445
666
600
-395
806
1370
-232
474
2481
2470
2008
495
-1569
-17
1286
560
817
620
-422
-514
-1674
-2454
-939
-149
-478
-1342
-2253
-2144
-653
-399
-838
-474
-489
76
88
-593
-56
867
683
615
366
208
748
785
471
262
446
491
392
-87
-404
80
182
303
183
-277
-86
749
599
516
903
956
-221
-1872
-813
843
2232
1798
252
-770
-720
-1200
-1765
893
2730
2010
-745
-3728
-3492
-523
319
-330
426
-370
-963
-1313
-2636
-1348
1907
1875
544
404
-544
788
1485
35
731
2842
2824
1887
280
-1645
12
1445
813
907
681
-390
-765
-1519
-2286
-547
241
-442
-1427
-2637
-2232
-853
-377
-768
-788
-799
-215
-87
-633
121
1002
765
401
208
-53
780
992
588
501
579
647
319
-215
-466
353
704
638
505
-253
-88
834
953
946
1264
1331
-617
-2212
-780
1042
2570
2121
-26
-1134
-1162
-1796
-1829
1416
2855
1835
-1145
-4517
-3666
-194
225
72
1024
-416
-996
-1512
-2997
-893
2536
1761
638
479
-711
868
1021
-555
1106
3254
2585
1503
-339
-2039
379
1425
594
1004
538
-907
-1251
-2202
-2222
256
331
-880
-1868
-3070
-2153
-315
-101
-294
-208
-800
-665
-468
-634
631
1631
866
334
37
-290
755
1088
659
827
726
316
-5
-422
-405
498
850
453
157
-400
-40
776
960
1166
1454
1448
-822
-2571
-741
1369
2827
2302
68
-1331
-1135
-1946
-2119
1791
3424
1952
-1186
-4822
-4029
86
410
25
1328
-355
-1460
-1865
-3450
-976
3054
1761
230
362
-842
697
1177
-365
1530
4011
2637
1130
-487
-2040
654
1856
664
1107
650
-1058
-1434
-2227
-1989
576
744
-1080
-2290
-3070
-2468
-391
-148
-431
-167
-930
-1111
-1199
-644
913
1887
1141
235
-225
-272
701
1223
1051
1055
1050
404
-134
-511
-52
964
1085
689
-17
-514
211
781
676
1047
1309
1137
-1542
-2998
-654
1684
2867
1757
-415
-1554
-1113
-2220
-1938
2357
3648
1702
-2207
-5257
-3560
712
495
175
1294
-617
-1606
-2418
-3437
-66
3730
1473
-79
-66
-887
932
795
-361
2062
4148
2131
507
-1012
-1617
1453
1851
578
1095
474
-1311
-1642
-2328
-1275
1346
538
-1712
-2641
-3055
-1918
-67
-140
-215
-225
-1128
-1452
-1185
-113
1415
1805
589
-199
-328
-73
935
1325
1019
1042
794
-64
-413
-417
364
1141
881
315
-203
-204
595
933
1133
1290
1591
-121
-3012
-1690
824
2730
2480
477
-1201
-1250
-1620
-2694
645
3729
2860
-478
-4597
-5049
-1005
937
-134
1087
494
-1430
-2254
-3257
-1513
3065
3163
-130
-246
-774
176
1317
193
1079
3876
3071
404
-472
-1325
670
2424
949
690
955
-629
-1892
-2160
-1718
861
1374
-1185
-2880
-3007
-2592
-951
71
-64
258
-679
-1721
-1757
-525
1295
2134
1264
-66
-571
-438
426
1363
1515
1270
996
137
-434
-229
393
1256
1103
453
-290
-504
242
743
1354
1496
1642
491
-2814
-2274
497
2834
3081
1057
-901
-1464
-1586
-3051
-304
3651
3391
315
-4206
-5582
-2010
811
-69
1045
926
-1314
-2603
-3818
-2070
2654
3898
452
-403
-784
-251
1135
451
1291
3788
3401
299
-837
-1261
341
2185
1181
787
1001
-305
-2212
-2451
-1670
831
1613
-655
-3086
-3455
-2651
-1648
202
595
424
-748
-2331
-2607
-1061
1699
2399
1596
174
-1083
-993
300
1197
1944
1807
737
-133
-917
-554
544
1551
1187
365
-127
-648
289
840
1356
1831
1652
498
-3016
-2836
161
2984
3423
1219
-998
-1893
-1812
-2993
-583
3942
3893
675
-4077
-5844
-2289
1094
217
1270
1526
-1070
-2653
-4121
-2515
2498
4140
684
-396
-748
-800
407
-124
1054
3996
3454
-83
-1334
-1449
300
2347
1308
1125
1312
-347
-2402
-2472
-1197
1532
2115
-506
-2893
-3390
-2673
-1697
121
971
955
-603
-2598
-2910
-1232
1645
2429
1660
412
-804
-1230
-107
1071
2014
2228
871
-341
-865
-456
720
1768
1411
481
-163
-746
155
1128
1617
2168
1972
126
-3340
-2630
419
3193
3480
806
-1358
-2164
-2386
-3189
-35
4199
3622
65
-4812
-5673
-1747
1067
-3
1368
1599
-1183
-2758
-3966
-1640
3337
4019
168
-142
-150
-492
350
-54
1860
4869
3374
-689
-1387
-1156
380
2083
864
991
1127
-1034
-3233
-2767
-831
1727
1713
-1332
-3402
-3214
-2761
-1689
484
958
749
-996
-2931
-2739
-239
2541
2447
1478
81
-1140
-956
284
1206
2183
2047
544
-611
-976
-104
1063
1903
1139
298
-290
-461
161
823
1805
1962
1867
-1141
-3857
-1627
1392
3523
2687
342
-1698
-1971
-2917
-2902
2120
4648
2635
-1796
-5676
-4679
-5
714
-2
1933
628
-1807
-3334
-3579
250
4307
2335
-679
152
-206
129
181
232
3086
4890
1677
-1336
-1075
-518
1298
1463
672
1279
635
-2099
-3484
-2275
182
2035
432
-2452
-3511
-2884
-2450
-945
912
1162
238
-2108
-3247
-2025
1131
2740
1909
829
-421
-1134
-436
893
1831
2518
1666
-114
-868
-567
465
1691
1783
470
99
-491
-379
576
1153
1767
2076
1085
-3024
-3156
-290
2312
3777
1598
-983
-1773
-2175
-3659
-984
3779
3849
1108
-4238
-6268
-2346
1198
62
1086
1602
-1078
-2361
-3883
-2075
3117
4328
171
-739
-148
-230
930
67
1475
4604
3670
-467
-1566
-870
428
2089
763
781
1286
-573
-3082
-2995
-937
1770
2082
-962
-3536
-3354
-2519
-1717
438
1303
783
-1042
-3224
-3195
-385
2845
2580
1294
-158
-1517
-1077
687
1593
2569
2168
114
-1061
-1107
235
1561
2419
1035
-13
-535
-399
441
1186
2163
2016
1779
-2196
-3890
-1154
1731
3830
1868
-489
-1983
-1939
-3734
-2249
3181
4161
1786
-3455
-6536
-3733
1192
445
646
2065
-821
-2560
-3738
-2683
2341
4925
903
-995
-37
-528
640
481
1375
4355
4209
-41
-1617
-852
176
2226
1460
960
1239
-558
-3114
-3085
-954
1551
2280
-741
-3585
-3793
-2974
-1980
288
1472
867
-870
-3324
-3578
-908
2413
2724
1627
231
-1539
-1505
195
1569
2897
2967
560
-942
-985
-36
1475
2439
1584
558
-240
-459
232
1060
2157
2151
1329
-2385
-3567
-1293
1482
3704
1501
-552
-1566
-2265
-3720
-1752
3042
3897
1810
-3736
-6130
-3270
595
271
947
2006
-874
-2645
-3744
-1930
2629
4385
933
-612
147
-524
165
521
2038
4449
3655
-408
-1551
-632
-117
1621
1377
1283
1150
-1150
-3716
-3076
-593
1483
1843
-1016
-3354
-3726
-3477
-2077
490
1763
1116
-1121
-3330
-3138
-544
2120
2556
1998
518
-1256
-1461
-49
1851
3060
2728
664
-818
-830
88
1413
2342
1641
541
-294
-394
396
1544
2012
2047
688
-3145
-2753
-517
1885
3078
706
-1284
-1224
-2092
-4140
-581
3052
2365
371
-4426
-5684
-1455
604
-994
1569
1540
-1588
-2414
-3579
-863
3740
3106
-210
638
485
-270
256
335
3031
4903
2344
-766
-537
-128
392
1124
936
1937
996
-1808
-3575
-2377
-210
1260
482
-1784
-2857
-3718
-3601
-1989
311
1324
408
-1919
-2985
-1803
94
1806
2152
1860
550
-990
-971
565
2248
2768
2082
726
-136
17
618
1585
2276
1758
525
322
498
734
1397
1570
1548
-1242
-2616
-963
778
2650
973
-1670
-1509
-708
-2756
-2158
1797
1821
842
-2823
-5322
-2230
958
-936
-677
1332
-829
-1385
-2366
-1918
2285
3037
-494
-410
1468
675
925
103
1283
4144
3111
-15
-167
1062
856
925
47
1004
1672
-356
-2531
-2435
-666
343
-54
-1482
-2305
-2649
-3204
-2895
-1021
583
-173
-1738
-2431
-1852
-272
1141
998
1089
1081
-478
-619
914
1789
2361
1847
632
473
1085
1163
1634
1792
1381
677
422
1466
1637
1741
1365
723
-1961
-1651
356
798
2582
361
-3024
-2316
-1046
-3073
-880
2526
-223
-700
-3677
-5785
-1401
1666
-1221
-396
628
-2897
-1844
-1378
-651
3209
2797
-1497
-237
1624
571
2028
1390
2088
4047
2132
-457
595
1586
1145
1666
448
992
1094
-936
-2102
-1203
-45
-19
-969
-2890
-3061
-2549
-2664
-1817
-572
-412
-1750
-2755
-2409
-1020
764
1463
503
344
214
-787
291
1932
2228
2130
1524
251
687
1748
1667
1953
2254
1240
259
1125
1618
1868
2104
1435
-1246
-2803
-378
452
2149
1955
-1928
-3084
-1338
-2612
-2942
2354
1686
-553
-2344
-5787
-3661
1212
-183
-1860
1034
-1670
-3240
-1876
-1625
1938
3799
-38
-1584
1637
796
777
1631
1828
3882
3370
-11
-188
1971
1434
1348
1047
869
1404
-353
-2259
-1638
308
564
-611
-2105
-3388
-2761
-2500
-2330
-484
-128
-1544
-3150
-3310
-1863
332
1740
570
88
41
-899
-290
2170
2484
2062
1499
-73
640
1928
2248
1934
2175
1838
831
1651
2081
2055
1844
1747
-599
-2332
-84
754
1641
1347
-1451
-3284
-1155
-1821
-3310
1304
1498
-1074
-2430
-5137
-4250
516
-85
-2330
478
-1256
-3342
-1862
-1155
1265
3140
62
-1572
1837
1217
601
1582
2095
3753
2995
126
263
2603
1917
1490
1256
1267
1541
-639
-2053
-1140
647
401
-923
-2423
-2986
-2466
-2880
-2323
-539
-526
-2112
-3360
-3205
-1527
45
418
48
57
-292
-1083
-118
1983
2435
1962
1115
235
1236
2206
2460
2413
2242
1455
860
2005
2877
2807
2001
1391
-1253
-2131
419
1433
2386
1085
-2332
-3360
-997
-2059
-2732
1623
843
-1442
-3393
-5641
-3307
1277
-816
-2413
229
-1936
-3101
-1774
-928
1862
2765
-975
-1439
2035
1342
894
1393
2270
3992
2653
-45
898
2922
1926
1114
742
1696
1756
-759
-1764
-460
935
269
-1808
-3464
-2342
-1583
-2880
-1850
-910
-1776
-2943
-3791
-2972
-264
865
-772
-1112
-271
-494
-565
652
1866
2449
1663
80
499
2172
2851
2368
1670
1933
1742
1471
2424
3012
2734
2331
598
-2272
-647
1969
1709
1910
21
-3199
-2351
-917
-3049
-955
1991
-1264
-2817
-4453
-5023
-1163
978
-2073
-1583
-419
-3147
-2450
-660
705
2328
918
-1950
-179
2081
1314
1630
2020
2914
2872
963
657
2513
2985
1767
1092
1032
1997
661
-1053
-747
485
663
-559
-2263
-3000
-1660
-2288
-2469
-1099
-1423
-2371
-3038
-3379
-2057
286
-190
-1309
-583
-654
-980
165
952
1221
1765
681
383
2033
2509
2279
1838
1420
1750
2024
2182
2859
2920
2046
1644
-972
-1678
1659
2629
2142
734
-2224
-3192
-493
-1554
-2480
1720
468
-2665
-3973
-5115
-2927
1018
-1014
-3004
-541
-2389
-3763
-1645
141
1804
1703
-1542
-1883
1564
1251
1027
1890
2451
2485
908
15
2254
4029
2580
1378
682
1649
1773
7
52
1027
808
-374
-2176
-2846
-751
-610
-2219
-1790
-2047
-2930
-2641
-2882
-2283
311
-428
-2925
-2236
-1093
-656
608
748
284
772
69
-518
1781
3491
2898
1712
988
1285
2295
3332
3469
3641
2739
1843
-359
-1569
1677
3414
3114
1015
-1759
-3154
-632
-370
-2383
1077
1061
-2556
-4569
-5140
-3393
630
94
-3568
-1652
-2116
-4176
-2379
219
1585
1180
-1410
-3039
660
1797
979
1895
2835
2290
658
229
2011
4511
3389
1548
1030
1407
1484
309
930
1925
1317
-621
-2590
-2860
-818
-415
-1828
-1380
-2107
-3583
-3105
-2879
-2230
77
-584
-3111
-2310
-1523
-1614
132
644
-90
227
-52
-648
1782
3229
2312
1716
1355
1842
2500
3182
3382
3734
3075
2268
625
-1059
1815
3117
2638
1312
-945
-2830
-936
-56
-2355
805
995
-2711
-4074
-4482
-3516
-243
-30
-3789
-2161
-2180
-4297
-2555
-177
914
517
-1228
-2842
254
1573
775
1517
2543
2209
495
528
2069
4096
3315
1408
1063
1728
1990
689
1325
1825
1239
-920
-2621
-1435
88
441
-1718
-2532
-2781
-2839
-2397
-2531
-1414
-822
-2108
-3812
-2844
-1526
-342
430
-557
-488
-545
-510
412
2538
2915
1764
971
624
2047
3089
3269
3158
3632
2573
2251
444
-251
2907
3414
2962
682
-1502
-2125
107
-403
-1460
1520
-294
-2948
-4349
-4061
-1822
891
-1207
-4073
-2047
-3114
-3533
-1674
114
764
-543
-2667
-2426
901
1092
841
1449
2338
1510
-200
624
2929
4398
2736
1377
1267
2203
1823
767
2061
2185
595
-1510
-1645
-227
1115
-219
-2533
-1951
-2193
-2768
-2209
-1579
-1383
-1476
-2932
-3652
-1554
-720
-1181
-943
-660
-843
-205
301
918
2013
1547
676
1247
2296
2459
2663
2674
2871
3115
2251
490
784
2687
3428
2954
644
-1030
-617
347
-588
-351
1650
-253
-2476
-4127
-3707
-937
702
-1838
-3567
-2382
-3412
-2832
-1039
-107
-282
-1834
-3272
-1797
1365
827
451
986
1095
569
137
1219
3030
3294
1458
812
1591
2316
1753
807
1164
1989
903
-188
-426
-199
35
-469
-1000
-1460
-1321
-1685
-1902
-1541
-1433
-2080
-2449
-1683
-1561
-1154
-1175
-1378
-971
-382
-563
-545
763
989
1057
1057
782
1340
2394
2657
2404
2877
1422
-83
1335
2708
3842
2575
249
-830
568
1024
-731
590
1469
7
-2073
-3458
-2448
-163
212
-2389
-2187
-2041
-3214
-2847
-1179
393
-276
-1913
-3090
-1141
325
-30
281
1074
934
-310
-62
1426
2636
1893
642
802
1351
1402
900
1511
2158
1267
-274
-475
372
660
-38
-421
-387
-897
-1644
-1893
-1243
-495
-722
-1752
-1809
-1249
-1203
-1052
-474
-196
-624
-916
-659
148
1132
965
831
1024
1072
1131
1690
2364
982
585
1310
2388
2733
1249
47
42
1405
83
-372
1408
1204
-317
-2436
-2241
-856
818
-782
-2223
-1304
-1836
-2147
-1462
-121
-293
-1333
-2218
-1428
566
259
-495
-425
425
392
121
657
1377
1111
408
635
968
1434
921
395
1043
1226
-11
-531
309
296
158
52
-427
-615
-531
-1006
-899
-180
-727
-1288
-1206
-718
-679
-494
-360
-487
-574
-511
90
557
1020
698
568
1133
1332
498
-75
1439
2319
2359
975
-89
389
1350
985
-607
892
1310
-51
-1402
-1786
-659
469
180
-2059
-1335
-1095
-1781
-1011
70
120
-1273
-1772
-1692
398
1030
78
-182
88
87
-285
923
1924
1650
59
-421
271
1127
1505
549
688
763
-73
-821
-229
523
313
-136
-870
-1220
-1210
-790
-535
-328
-572
-1398
-1597
-1118
-389
-276
-42
-125
-682
-574
124
376
520
1111
908
1259
1466
1044
-86
319
1616
2230
2631
840
-249
228
1453
667
-150
1337
884
-199
-1949
-2061
-774
664
-448
-2495
-1574
-1915
-2059
-1200
-138
-585
-1722
-2038
-1548
506
267
-363
-20
636
306
-88
1323
2086
1806
497
537
1269
1714
1400
860
1345
949
-25
-406
495
843
26
-471
-790
-936
-1222
-895
-498
-452
-1157
-2247
-2058
-1070
-533
-594
-491
-857
-1184
-895
-343
519
810
736
403
627
842
1358
1337
261
1222
2024
2340
1466
362
123
1527
1806
-642
401
1429
495
-626
-1533
-1052
263
265
-2186
-1366
-725
-1824
-1676
-1147
-863
-1489
-1879
-1850
-123
218
-650
-579
-141
209
-395
363
1723
1634
361
234
1152
1573
1975
1172
1218
1597
705
11
1015
1699
671
103
-385
-553
-401
-583
-447
-177
-592
-1904
-2124
-1177
-425
-729
-1087
-1087
-1276
-1170
-724
-174
210
281
-208
-105
858
1167
-134
12
1547
2130
1831
699
-18
887
2267
620
-362
1637
1488
293
-801
-955
52
1376
-174
-1849
-941
-1385
-1572
-774
-147
-864
-1782
-1906
-1264
63
-379
-670
-615
-209
-456
-679
626
1218
368
-502
230
739
1093
1280
981
1262
871
-39
221
1634
1455
304
246
244
185
-14
50
393
408
-577
-1410
-661
266
24
-872
-1035
-809
-955
-823
-436
-123
-164
-440
-427
127
992
185
-1249
-58
1450
1810
835
-144
-234
1060
1503
-503
268
1891
1246
-232
-1048
-597
469
1090
-710
-908
-325
-1107
-1201
-413
105
-891
-1395
-1184
-215
-91
-845
-747
-355
243
-494
-543
658
883
-187
-387
498
553
941
528
316
831
434
-367
163
1093
332
8
201
204
212
37
80
316
360
-505
-858
-239
402
259
-335
-493
-546
-470
50
42
-99
212
112
-81
109
440
-727
-595
616
1085
1382
-87
-1044
-440
1390
715
-788
523
924
472
-1222
-1568
-278
1371
862
-1472
-1236
-842
-536
-356
123
-171
-1247
-1215
-976
192
284
-61
-394
-238
-214
-602
507
1188
568
-544
-191
302
445
919
627
519
274
-120
-121
1042
1208
-42
-108
129
59
-52
72
-23
-20
-235
-714
-312
356
489
-122
-313
-245
-274
118
581
284
-263
39
239
413
867
335
-813
-69
1024
1320
725
-354
-736
327
1293
-370
-748
734
941
-290
-1629
-1311
-114
1063
-358
-1582
-1015
-780
-720
-414
128
-662
-1205
-791
-94
356
-14
-132
-255
101
-15
160
1390
1329
-165
-740
439
708
776
845
576
438
-72
-483
159
1339
610
-622
-348
29
-168
-336
-20
-40
-149
-633
-927
-240
515
324
-369
-372
-381
-414
219
651
271
187
366
315
531
976
418
-389
267
938
1454
795
-496
-845
534
1306
-553
-746
406
712
-518
-1797
-1344
30
871
-1017
-1919
-1116
-686
-748
-574
-124
-872
-1129
-891
-158
137
-165
-191
-56
238
-259
104
1396
1432
-8
-443
611
975
959
658
556
548
108
-339
234
1183
443
-461
-128
199
58
-26
214
261
-47
-577
-677
-6
452
167
-231
-303
-408
-399
299
745
256
-85
-51
292
564
770
187
-370
181
665
1044
584
-246
-425
624
951
-552
-590
576
977
-122
-1436
-1220
78
761
-588
-1361
-891
-679
-596
-444
-235
-738
-1149
-863
-165
-69
-430
-209
-42
-152
-564
-399
731
847
-296
-786
66
516
322
251
246
237
-91
-297
201
722
83
-408
11
153
-206
-348
333
792
255
-535
-536
166
611
484
155
183
-35
-265
62
610
440
51
169
333
566
567
462
-17
-199
242
861
1156
174
-582
-211
864
555
-544
8
801
579
-872
-1310
-271
875
428
-1208
-1298
-767
-450
-385
-174
-273
-1032
-1004
-459
10
-281
-445
-68
240
-280
-935
-82
938
527
-584
-296
576
599
61
-153
545
625
-22
-314
351
658
166
59
390
249
-638
-471
551
850
-211
-1105
-657
270
483
-241
-243
143
-178
-527
-59
674
507
1
-282
101
525
535
613
206
-152
-33
851
1663
967
-223
-407
633
698
-20
340
898
682
-792
-1625
-571
880
598
-913
-1231
-947
-747
-683
-315
-113
-685
-1120
-936
-274
-300
-397
-67
241
-211
-908
-216
943
937
-105
-256
418
577
298
262
865
894
-30
-549
175
905
534
183
154
-137
-588
-341
579
771
-135
-1052
-803
72
194
-219
-143
48
-495
-811
-162
478
396
-181
-405
-63
335
436
709
893
8
-629
108
1543
1669
313
-594
-118
867
481
-1
460
907
315
-1026
-1014
51
855
293
-692
-1095
-1131
-713
-348
15
-270
-1063
-1259
-724
-237
-299
-201
-48
-255
-841
-989
-105
644
370
-325
-570
-248
107
346
679
730
104
-469
-141
560
777
384
88
75
-41
-221
93
785
729
-20
-544
-357
252
397
131
-93
-265
-476
-507
-68
266
83
-265
-365
-125
11
86
323
573
123
-631
-368
746
1549
928
-113
-354
389
976
641
595
728
675
-70
-672
-218
585
846
183
-504
-893
-665
-143
207
210
-545
-1167
-921
-251
-138
-388
-419
-250
-295
-726
-614
91
472
-23
-502
-281
44
-23
-188
149
370
148
-133
-124
221
335
141
197
452
108
-241
89
483
422
61
-117
-2
109
-83
-72
335
233
-375
-630
-265
112
77
-144
-325
-396
-400
-226
173
457
127
-566
-510
144
713
806
386
-146
-224
352
611
707
701
575
432
-103
-346
96
1011
1120
181
-732
-790
-108
262
265
-55
-495
-785
-752
-331
1
-63
-423
-485
-442
-549
-478
-55
203
-78
-421
-449
-177
-16
42
208
369
87
-435
-356
245
602
430
126
-47
14
125
235
461
462
131
-161
-53
236
376
249
104
-97
-295
-248
-104
-15
-128
-256
-388
-385
-281
-272
24
188
66
-284
-556
-195
453
977
639
-100
-402
-29
740
966
659
333
261
207
20
165
545
709
311
-317
-550
-354
23
232
180
-156
-679
-817
-369
94
115
-232
-429
-345
-330
-343
-61
265
87
-428
-521
-106
280
198
-132
-106
-7
-96
-184
-76
134
102
-46
-45
53
-2
-111
33
255
200
-69
-198
-9
145
-32
-137
-62
-39
-62
-215
-199
-45
-34
-179
-267
-168
-211
-186
-65
24
-1
-81
-52
-88
5
180
424
633
480
15
-123
386
840
848
494
155
61
131
236
360
530
428
81
-313
-342
-32
250
293
-36
-354
-449
-316
-149
-89
-50
-114
-241
-342
-335
-169
-15
-26
-85
-165
-305
-316
-181
-19
10
-67
-191
-175
-71
-117
-29
167
141
-134
-287
-120
159
322
204
-64
-199
-123
40
247
276
33
-225
-234
-30
-69
-135
-11
75
-25
-327
-348
-92
129
81
-138
-83
116
58
-84
-29
204
390
425
334
118
105
316
455
524
452
305
244
193
113
117
361
429
142
-163
-214
-82
89
198
27
-231
-398
-367
-89
102
3
-238
-337
-290
-246
-129
8
16
-103
-231
-150
-27
-45
-80
-22
75
-36
-171
-205
-123
39
74
-15
-171
-254
-209
9
112
-74
-210
-170
-19
23
-72
-131
-99
-110
-197
-250
-185
-144
-181
-179
-159
-224
-217
-32
27
-22
-103
-127
82
189
176
110
153
167
116
289
516
632
418
159
168
307
452
459
458
412
232
27
41
226
347
336
183
-11
-104
-115
-21
118
117
-116
-324
-241
-58
44
-14
-151
-199
-136
-49
-20
-105
-165
-162
-151
-141
-185
-204
-168
-161
-192
-148
-62
-85
-208
-254
-171
-64
-23
-76
-160
-176
-158
-140
-67
-65
-162
-235
-210
-178
-110
-81
-164
-253
-362
-392
-227
-37
-95
-240
-201
-86
6
25
36
130
203
128
89
281
479
419
173
85
284
545
640
534
379
267
268
400
539
513
344
178
91
86
109
165
212
140
-43
-187
-136
-7
7
-87
-161
-218
-289
-260
-116
39
-7
-209
-316
-204
-21
42
-14
-101
-155
-186
-139
-19
79
40
-90
-167
-114
6
48
25
-42
-145
-181
-113
-104
-162
-123
-71
-87
-220
-357
-311
-128
-36
-113
-189
-254
-282
-217
-103
37
83
-17
-129
-96
29
121
198
250
180
59
49
169
335
386
292
185
145
198
287
410
492
346
119
35
128
271
278
147
34
-21
-11
38
45
39
-10
-40
-37
-80
-135
-111
-10
50
9
-64
-63
10
85
108
98
107
82
40
56
69
49
9
0
-36
-89
-113
-91
-41
-66
-146
-228
-249
-254
-252
-240
-248
-249
-271
-291
-241
-207
-183
-122
-73
-91
-162
-161
-74
7
6
-49
-59
-4
28
41
68
89
77
38
52
60
69
56
34
76
64
18
13
34
40
15
14
39
63
26
-19
-7
57
110
63
6
0
35
70
108
144
115
87
74
68
81
132
172
133
46
-9
17
100
155
95
45
35
14
-23
-41
-10
5
-5
-55
-77
-27
-23
-42
-64
-81
-82
-71
-72
-94
-99
-124
-145
-106
-61
-73
-80
-76
-105
-90
-12
46
17
-55
-88
-45
18
15
8
30
38
4
-15
40
103
98
27
-19
10
2
-44
-65
-46
5
9
-43
-81
-81
-48
-29
-26
-37
-47
-73
-117
-101
-44
6
37
-6
-42
-22
17
52
59
76
68
55
69
82
102
99
73
69
85
101
84
16
-16
11
51
53
14
-17
-20
-7
-12
3
24
12
-17
-61
-80
-38
33
66
11
-86
-116
-56
20
13
-47
-61
-48
-46
-71
-45
7
17
-13
-67
-56
-19
-1
10
8
-8
-39
-48
-11
44
73
30
-25
-20
4
35
51
31
22
21
14
25
38
39
24
9
51
69
46
21
6
50
96
72
7
18
78
86
73
58
46
34
30
22
41
58
44
55
58
59
41
26
57
66
29
10
46
89
70
18
19
64
72
41
19
12
4
-35
-82
-75
-45
-46
-45
-27
-8
-39
-60
-20
4
-32
-87
-82
-22
33
20
-13
9
30
17
20
48
52
32
16
15
28
21
8
-1
1
1
3
20
32
10
-58
-72
-25
6
-4
-32
-43
-24
-3
-18
-23
-4
-13
-20
-15
-4
5
-3
-14
-24
-17
-14
-1
19
-4
-18
-8
9
15
-6
-16
1
17
3
-27
-58
-63
-47
-23
-12
-28
-53
-72
-75
-54
-26
-42
-76
-105
-94
-44
-8
-6
-18
-27
-42
-37
-7
34
22
-43
-65
-47
12
38
-7
-25
8
32
27
52
73
64
25
-13
1
25
29
17
24
35
20
15
19
44
56
31
10
-2
8
5
9
27
5
-30
-36
-7
25
29
19
-22
-33
-10
-6
8
23
29
-14
-36
-32
-37
-16
-17
-29
-30
-32
-30
-33
-25
-18
-30
-39
-32
-37
-56
-73
-82
-64
-30
-24
-35
-9
6
-25
-8
60
67
68
53
26
29
11
2
27
71
69
22
16
38
40
30
24
42
54
59
54
49
51
34
20
15
24
16
16
29
24
45
63
68
61
40
33
16
-8
-4
-13
-5
-4
-29
4
47
69
65
38
12
-13
4
17
-17
-60
-93
-69
-52
-63
-79
-83
-53
-68
-113
-112
-75
-64
-83
-102
-99
-93
-94
-94
-61
-6
-13
-58
-48
-7
13
19
19
20
33
26
-5
15
45
45
40
35
45
56
74
49
23
33
25
47
63
35
12
-8
18
34
27
33
12
30
50
55
61
54
55
31
30
41
63
88
71
65
40
27
28
34
51
51
35
1
-18
3
21
32
22
-14
-14
-23
-20
-8
-10
-20
-54
-72
-73
-71
-56
-51
-61
-70
-78
-89
-85
-60
-68
-74
-62
-51
-41
-31
-18
-11
-14
-25
-34
-21
-5
2
-4
-15
-23
-49
-34
-20
-13
-14
-30
-33
-30
-19
-16
0
27
17
-9
-12
18
36
32
13
3
20
47
84
64
50
39
37
33
22
59
70
79
63
0
-15
0
39
51
6
-11
-15
7
0
-6
-1
6
35
-7
-24
-31
-7
13
-18
-22
-38
-36
-41
-37
-33
-28
2
4
7
8
19
13
17
38
34
-3
5
28
9
34
17
38
46
32
40
10
66
55
22
28
7
39
18
-16
-11
-15
-34
-40
-27
-29
-11
-20
-28
-7
-41
-39
-31
-18
8
-29
-20
-9
-10
17
-2
16
11
16
4
-16
32
21
12
5
-13
-20
12
20
-34
-11
-5
-6
1
-29
-21
-26
-22
-19
-21
-16
-19
-44
-41
-27
-25
3
-37
-38
-42
-63
-8
-30
-38
-46
-66
-26
-46
-14
1
-22
3
-27
9
21
34
56
40
40
14
41
54
56
71
53
49
20
7
-11
-29
4
-23
-24
-20
-13
22
-5
4
9
1
2
-17
-6
15
-5
7
-4
-12
14
1
21
25
29
23
15
67
51
30
20
25
21
-2
16
-2
5
7
-14
-7
-21
-27
-25
-26
-20
-32
-27
-33
-34
-24
-32
-12
-3
-5
1
23
23
14
28
41
26
3
19
24
36
39
3
10
19
34
41
45
63
24
9
9
6
7
-13
-32
-36
-22
-40
-43
-41
-50
-48
-60
-60
-64
-58
-33
-32
-20
-26
-13
19
43
48
33
50
51
59
47
31
65
55
50
56
57
72
61
36
15
14
7
-12
-22
-22
-52
-65
-54
-73
-66
-79
-96
-90
-99
-90
-86
-68
-70
-84
-68
-63
-35
-20
-9
19
16
6
2
13
24
23
27
29
69
71
67
86
79
105
86
82
96
71
67
39
42
49
34
23
-14
-29
-38
-44
-26
-22
-50
-58
-60
-69
-75
-83
-71
-54
-51
-59
-54
-37
-35
-36
-16
5
12
11
5
12
28
27
40
49
62
71
76
79
80
86
80
79
64
35
37
35
34
43
19
19
6
-22
-23
-45
-42
-43
-63
-60
-80
-76
-73
-71
-44
-64
-65
-45
-45
-40
-49
-31
-31
-27
-17
-12
41
52
39
57
64
70
79
67
49
32
26
1
17
43
30
37
24
22
27
19
28
9
-14
-52
-56
-50
-62
-32
-52
-37
-29
-46
-19
-27
-2
11
-9
-3
3
6
2
-7
0
17
33
51
46
29
39
28
21
35
32
28
20
13
-2
-4
-12
-15
-4
-10
-19
-27
-38
-53
-62
-59
-59
-33
-22
-18
-11
-14
18
2
8
20
10
24
5
12
6
15
22
12
14
8
26
23
21
7
-8
-1
-22
-21
-24
-24
-7
-15
-18
-20
-20
-6
-12
-15
-5
-15
-16
-13
-3
10
6
-4
1
22
42
42
35
47
40
47
38
28
32
20
32
34
33
29
20
21
12
18
-9
-14
-11
-18
-17
-13
-10
-8
0
-7
-5
-9
-12
-14
-17
-16
-29
-35
-35
-32
-19
-15
9
13
11
18
15
19
12
6
-2
-4
-2
-20
-26
-16
-9
3
6
18
28
28
20
2
4
-5
-13
-19
-22
-17
-24
-18
-14
-10
-2
8
11
-5
-6
-10
-32
-36
-40
-32
-19
-19
-5
3
17
29
32
21
3
8
-6
-3
8
-4
-6
-6
-6
6
12
15
3
-4
-6
-30
-37
-42
-37
-30
-16
1
2
2
-10
0
-6
-15
-15
-27
-16
-23
-19
-13
-10
3
-4
2
14
24
29
18
5
10
5
-8
-9
-11
-1
8
5
2
1
11
16
11
21
23
15
0
-14
-19
-4
8
-2
7
14
18
16
2
5
10
25
14
15
16
12
27
17
14
24
30
48
39
33
27
20
19
-6
-5
-7
-12
0
-15
-15
-12
-9
-12
-10
-1
-19
-25
-48
-44
-35
-23
-5
-14
-1
-4
9
22
20
28
19
30
13
10
8
8
15
1
1
-3
13
26
15
20
19
23
24
13
18
1
8
9
-1
6
-4
13
16
-2
-5
-11
-8
-5
-17
-29
-46
-35
-26
-46
-45
-34
-27
-10
-3
-7
-5
-1
-2
-11
-11
1
12
24
16
15
23
15
19
28
18
26
36
19
5
2
6
7
-2
-6
-13
-9
0
-16
-34
-31
-16
-13
-21
-25
-24
-27
-16
-12
-12
-9
-11
-6
-15
-12
1
4
4
9
2
5
5
7
16
11
34
32
24
31
7
22
19
13
22
-1
-2
-17
-25
-22
-18
2
6
5
-5
-5
-11
-18
-20
-22
-12
-2
0
-13
-10
-14
-25
-18
5
17
15
3
-11
-6
-9
2
-13
-3
12
10
22
16
-18
-45
-11
42
49
8
-21
-34
-15
-13
-35
-18
24
40
-9
-35
-13
2
26
3
-35
-26
-17
-5
1
-15
13
32
29
22
-8
-8
8
32
56
5
0
16
-33
12
-1
3
60
14
16
-27
-25
21
-6
18
-31
-10
43
1
18
-20
-41
9
2
18
-17
-63
-49
-52
-10
11
-6
0
11
1
-10
-9
27
14
1
13
-32
6
30
2
26
6
-6
18
2
21
-3
-23
6
-9
17
-18
-18
9
-36
14
-5
-20
20
-37
-17
-4
1
11
-22
15
8
-10
6
10
20
18
-18
-13
22
17
22
-18
-24
18
1
16
7
-9
16
-12
1
-3
-10
49
2
-5
-15
-20
38
-12
-4
-11
-2
26
-14
7
-11
-19
8
-7
7
17
-2
-12
-9
-10
-12
5
32
19
-17
-16
-8
-1
13
2
9
8
-9
-6
-17
-9
2
-8
12
8
2
5
-21
-8
-8
2
32
9
5
-19
-16
6
-12
16
19
20
15
-18
-4
10
19
0
-4
23
7
-9
-20
-10
10
11
6
-12
8
4
-24
-13
-6
15
13
-2
-5
-19
-4
-4
-6
11
3
3
-4
-15
-8
0
11
5
1
1
1
-4
-10
-2
-1
13
4
-1
8
-6
0
-5
1
21
3
4
-5
-13
-2
-12
7
13
0
6
-18
-7
0
-2
14
-1
5
0
-1
12
-5
-4
-4
-3
14
8
10
3
-9
-2
-2
9
14
0
-5
-8
-9
5
15
12
5
3
6
4
3
10
-1
7
8
-11
4
-11
-12
-9
-19
12
0
3
-1
-26
-7
-20
-12
-1
-18
-7
-24
-26
-17
-26
-4
0
5
5
-5
1
2
6
10
4
9
14
5
11
6
6
9
13
12
9
13
18
10
2
2
-1
6
-7
-14
-7
-16
-7
-13
-14
3
0
0
-5
-13
-13
-20
-3
4
4
14
14
14
11
4
-3
0
1
5
12
6
9
7
3
8
17
12
14
9
-3
-8
-13
1
1
-3
-14
-23
-7
-10
-15
-1
-5
4
-4
-11
13
-2
1
3
-13
6
4
2
10
4
9
8
-1
7
1
3
8
-3
-7
1
-1
1
5
0
13
2
-7
-15
-5
12
3
6
-13
-11
10
-4
5
3
4
3
-11
9
-8
-3
8
-12
-1
-4
12
22
4
6
-12
-9
-8
-18
-4
-4
-6
-6
-13
-4
10
8
1
8
-3
-6
-9
-16
-4
-13
-3
-1
-10
-12
-16
-4
-14
-9
-2
0
11
-3
-4
11
4
11
-3
-10
-2
-7
-6
-16
-5
0
3
11
3
12
10
1
-1
-10
-20
-10
-4
-5
5
-14
-7
-1
6
22
9
21
37
17
31
20
13
17
-5
11
2
8
8
-12
7
3
17
26
15
14
1
4
-2
-5
-5
-18
-17
-18
-24
-22
-34
-29
-12
1
12
22
13
18
21
7
14
-3
-3
-2
-15
8
-11
-8
4
-23
-9
-22
-13
-5
-22
-2
-9
-10
9
11
20
19
8
14
8
-2
11
-10
-14
-11
-10
-8
-17
-6
-12
-14
-3
-4
3
16
13
25
13
6
16
5
23
6
2
8
-13
-1
-14
-10
12
1
2
-1
-2
-1
-3
5
7
5
7
5
0
-1
-2
-4
-8
-4
5
-5
0
12
3
5
0
4
-5
-8
5
-9
-9
-13
-20
-16
-24
-12
-15
-23
-8
-13
-1
-1
-10
1
-1
3
8
2
9
14
7
15
11
15
20
5
19
2
-8
4
-20
-4
-5
-1
8
-13
2
3
-1
6
-4
-2
9
8
7
8
6
8
8
-2
6
-4
-9
1
-5
6
2
-3
1
-2
15
4
6
12
-3
11
8
11
3
-4
3
-6
-3
-5
-2
-3
-4
-3
-3
3
6
2
-6
-9
-4
-6
-5
-12
-17
-12
-14
-11
-7
-8
0
5
9
11
10
18
13
11
13
9
5
-3
6
-3
-5
-5
-19
-12
-18
-27
-18
-10
-1
-3
-12
-7
-13
-12
-2
2
12
5
3
9
10
19
18
22
21
14
14
12
15
14
6
3
-8
-11
-6
0
5
5
2
-1
-1
-9
-8
-6
-2
-3
-10
-4
1
8
6
5
15
12
6
7
-10
-12
-12
-16
-8
-5
-2
-7
-7
6
12
4
-3
-2
-2
6
1
-10
-2
0
4
7
6
2
-3
2
-8
-8
-2
-10
-8
-3
3
5
8
11
-6
0
-2
-2
4
-4
2
-2
-6
1
2
5
2
6
10
16
16
12
6
-5
2
-10
-16
-8
-8
10
6
1
8
3
11
2
0
2
1
-2
-15
-18
-14
-8
-5
-2
9
0
6
10
-4
4
4
7
4
3
13
3
4
4
4
8
1
5
-2
-11
-11
-15
-10
-11
-8
-6
-11
-7
-8
-8
-6
-7
-2
-1
9
9
0
-4
-5
-6
-6
-15
-14
-11
-3
8
8
17
21
21
16
10
8
4
5
0
-7
-17
-21
-22
-22
-13
-11
-11
-7
-12
2
9
7
13
11
15
17
13
10
8
10
3
0
-3
-7
-7
-13
-11
-10
-12
-6
-5
0
9
13
17
18
20
16
11
6
0
-4
-10
-13
-9
-14
-5
-3
-6
1
5
9
9
6
4
2
1
-2
-2
-10
-11
-12
-7
-3
-2
-1
-4
-5
-7
-11
-10
-4
4
7
4
5
4
7
8
5
4
1
-4
-8
-15
-20
-22
-22
-15
-5
2
8
10
12
11
13
23
25
30
21
10
4
1
3
-5
-7
-9
-11
-7
-15
-8
-13
-16
-5
-2
6
12
13
12
11
10
4
-2
-7
-7
-9
-4
0
-2
-1
-5
-1
3
-1
3
4
4
10
8
4
8
8
11
12
6
5
4
8
8
-1
-4
-4
-2
-4
-3
-4
-7
-8
-5
1
-3
-5
-7
-9
-6
-8
-13
-9
-3
-2
-1
4
6
8
8
5
10
10
9
8
1
9
9
6
9
4
-1
0
-3
-1
0
0
-4
-9
-12
-8
-8
-6
-7
-7
2
1
3
3
0
0
-4
-5
-11
-10
-9
-10
-10
-4
4
7
14
10
11
8
1
-1
-5
-2
-1
-1
0
-2
-2
-2
-5
-4
-6
-7
-4
-5
2
4
4
5
1
4
3
4
2
-2
-6
-5
-7
-14
-20
-12
-4
0
5
13
19
20
18
17
13
9
11
11
2
1
-5
-9
-7
-6
-4
-9
-8
-10
-15
-8
-7
-5
-6
-8
-2
0
1
2
3
4
7
8
5
7
10
10
7
7
6
-1
6
10
9
0
-4
2
5
3
4
4
3
0
-4
-10
-12
-7
-11
-10
-11
-9
-7
-6
-1
0
1
5
8
9
12
9
5
3
3
5
4
-4
-5
-3
-5
-5
-9
-4
4
4
4
5
10
12
10
12
15
15
14
8
3
0
-1
-3
-6
-7
-4
-10
-12
-15
-19
-17
-15
-9
-9
-8
-6
-11
-11
-8
-4
0
0
-1
-5
-5
-2
-4
-3
-1
2
7
7
5
3
-1
-7
-9
-5
-2
-4
-3
3
3
4
2
0
2
2
-1
-3
-4
-8
-11
-12
-11
-8
-9
-7
-4
1
8
9
8
5
3
0
-5
-7
-4
-5
-3
1
-1
-4
1
6
3
2
0
0
4
6
6
5
4
1
-5
-10
-9
-3
1
0
2
3
5
1
1
3
6
10
9
8
8
11
9
8
14
13
13
12
7
11
10
6
0
0
4
2
5
5
6
8
6
5
4
8
7
0
-4
-4
0
6
3
1
1
1
-1
0
-2
-3
-1
-5
-5
-3
-2
0
2
3
3
2
-5
-9
-9
-6
-2
-2
-5
-9
-10
-8
-7
-4
-4
-7
-9
-6
-9
-7
-9
-11
-9
-12
-9
-9
-5
-1
2
7
6
8
8
5
8
9
12
13
12
9
6
9
13
10
3
3
2
0
-3
-6
-3
1
2
0
-5
-1
-4
-4
-4
-4
-6
-10
-7
-7
-5
-5
-7
-10
-11
-8
-7
-4
-3
-3
-1
-2
-1
-2
3
6
8
8
8
11
7
3
1
-5
-8
-8
-9
-3
3
2
3
6
2
-2
-1
1
2
3
-2
-7
-9
-6
-8
-4
-3
-7
-5
-1
1
2
3
5
3
0
2
3
3
0
-3
-1
-1
1
3
5
4
0
-8
-12
-7
-8
-7
-2
-1
3
7
7
2
2
0
-3
1
5
6
6
2
6
6
4
4
5
9
6
7
6
5
8
6
4
3
6
3
5
5
3
4
4
2
0
-3
-8
-8
-11
-12
-7
-4
-2
-4
-4
1
-2
-3
0
-2
-1
-4
-6
0
8
11
11
12
12
10
9
7
9
8
8
5
3
0
-3
-3
1
-1
-11
-13
-6
-3
0
-1
-2
0
-3
-2
-7
-8
-6
-12
-9
-5
-2
1
0
-2
-4
-2
-3
-4
-2
1
-1
-7
-12
-13
-13
-9
-7
-5
4
4
2
5
4
5
9
5
3
1
1
-1
0
1
3
9
10
12
11
7
5
3
1
1
5
3
3
8
7
0
-2
2
3
3
-3
-9
-7
-2
2
-1
-3
1
3
5
5
3
-1
-5
-8
-5
0
4
3
3
-4
-8
-6
4
7
11
11
8
11
7
0
-3
-4
-10
-14
-17
-15
-11
-8
-7
-3
1
3
-1
-5
-8
-8
-9
-9
-9
-12
-15
-12
-12
-10
-11
-6
1
0
2
5
6
8
4
-1
1
7
7
5
4
4
3
8
7
8
8
7
3
0
-5
-9
-5
-6
-4
1
0
-4
-6
-5
0
2
4
7
9
6
0
-4
-8
0
5
-2
1
6
9
10
18
14
10
14
9
3
-1
-3
-3
-3
-7
-6
-8
-9
-7
-9
-9
-7
-2
-7
-9
-8
-8
-5
-5
-8
-8
-1
-3
-10
-9
-6
-2
0
3
2
5
9
8
6
3
-2
-7
-6
-4
-1
3
2
2
1
1
-1
-3
-3
-3
1
1
4
3
2
1
-1
-2
-2
-1
-4
-5
-2
-1
3
1
-5
-2
0
-3
1
6
6
4
4
7
7
5
1
3
0
-4
-5
2
8
6
4
3
5
1
-2
-4
-6
-5
-2
0
-3
-3
2
1
-1
-1
0
4
3
3
4
1
2
4
3
9
9
7
7
5
7
7
9
8
10
12
11
9
6
2
-1
-7
-10
-8
-4
-5
-5
-10
-11
-10
-11
-4
-1
1
0
-9
-12
-10
-5
-2
3
8
6
-2
-1
0
0
9
14
11
9
13
14
11
8
6
4
4
6
6
6
5
3
2
-1
2
0
-2
0
-3
-7
-8
-2
0
-4
-7
-7
-1
5
5
2
0
2
1
1
-2
-1
0
0
1
-3
-9
-13
-10
-3
1
1
4
0
-8
-12
-15
-14
-12
-10
-2
4
2
-1
-1
-5
-5
-3
-5
-3
-3
-8
-12
-8
-1
0
4
9
12
12
14
8
2
0
3
4
3
5
3
-2
-4
1
6
12
16
12
6
1
-4
-3
-6
-6
-5
-7
-9
-11
-7
-3
-2
-5
-15
-14
-6
-7
-7
-3
-3
-11
-8
-2
3
4
-1
4
7
10
11
7
5
1
2
3
0
0
3
0
2
3
2
4
5
4
-2
0
0
0
3
6
6
8
9
16
13
4
10
11
12
16
9
5
3
4
9
-2
-6
-8
-10
-7
-11
-4
-7
-8
-10
-12
-5
-10
-3
-6
-9
-6
-9
-2
-2
4
2
-2
5
5
0
2
14
5
-3
0
-10
-9
-13
-9
-5
-2
2
-8
-3
-2
-5
3
3
4
1
-3
-3
-5
3
-2
-9
-7
-6
-5
-4
6
8
9
13
8
8
13
7
-4
-8
-1
3
5
4
1
4
2
3
0
-5
-2
-2
-1
-6
-12
-8
-8
-7
-9
-3
2
5
10
7
8
5
2
2
9
9
7
5
4
5
3
1
4
7
2
0
-8
-9
-5
-5
-4
-13
-16
-5
-1
2
-4
-9
-5
5
13
17
15
13
10
0
0
2
5
8
6
7
3
-2
-5
-6
-8
-1
4
3
2
0
2
3
2
2
0
5
12
11
11
16
13
0
-4
-6
2
5
6
11
2
3
8
8
10
-3
-6
-7
-7
0
-2
-5
-12
-5
-7
-10
-5
-6
-4
-18
-22
-19
-22
-13
-3
-9
-7
-2
-6
-3
0
-6
-10
-6
-9
-1
0
-1
5
5
13
9
12
10
2
13
7
2
7
-1
-5
-5
-1
-10
-7
-3
-12
10
5
-1
7
-3
-1
-1
6
11
12
5
3
5
-1
4
3
-2
4
-1
-3
-5
-4
-1
-7
4
7
-2
-4
-4
-6
-9
-13
-5
-8
-1
-3
-14
-13
-17
-2
-4
-2
-3
-13
-12
-8
10
12
6
15
6
-1
-2
1
-4
-6
5
7
8
8
8
6
2
13
14
19
26
27
20
4
16
8
-4
2
4
3
-3
4
5
-5
2
-3
-7
-5
5
6
1
2
0
-7
-4
-2
-5
-9
-5
0
-8
-7
3
0
-8
0
0
-9
-9
-6
-2
1
8
4
-1
-1
11
14
3
7
6
-6
-2
0
-1
-1
4
-1
-12
-10
-3
-1
-12
-7
-14
-20
-10
-1
0
-7
-3
0
-12
-12
-11
-7
-4
5
11
3
11
7
1
-8
-3
11
6
5
2
-2
2
3
5
0
2
2
6
7
5
11
-5
-9
-5
-14
-9
-1
0
-4
-3
5
7
2
7
12
4
1
-3
-9
0
1
-5
4
-2
7
11
-6
4
2
-3
-1
3
5
-6
-7
-8
-8
-5
-4
-4
-8
-7
-2
3
3
-3
-5
1
1
1
-3
4
9
5
11
12
2
3
10
8
-3
-1
3
1
2
9
12
8
8
6
-2
-2
0
-4
-14
-15
0
-3
-4
1
-10
-13
-12
0
-3
-11
1
-4
-17
-17
-13
-15
-13
-5
-6
-15
-5
4
-2
1
11
6
-1
5
17
5
3
7
-5
-9
-1
14
6
-9
7
6
-5
5
0
-3
3
13
14
-2
4
10
-1
-6
5
3
-7
1
7
-1
-7
2
9
-6
-1
6
4
-2
4
13
-4
3
10
-3
-1
6
5
-13
-6
7
-1
3
0
4
2
-3
-1
-2
-9
-2
-3
-19
-18
-10
-9
-10
-11
-8
-18
-12
2
-15
-7
-3
-13
2
-13
-6
14
6
10
-10
-16
19
41
21
-4
0
8
20
28
14
4
9
5
1
4
8
5
-6
-2
17
5
-14
-19
-17
-12
-15
-15
-13
-15
-12
-26
-20
-21
-32
-5
-2
1
7
-5
8
22
11
11
5
11
23
29
37
24
17
18
2
3
4
21
26
8
-5
-14
-14
-3
2
-3
10
25
12
-3
-8
3
6
18
27
0
-6
0
0
6
-5
12
21
10
16
0
3
5
-4
-5
-24
-17
-17
-25
-12
4
6
-16
-22
-22
-14
3
-10
-14
-16
-19
-20
-24
-4
12
11
9
1
-1
6
10
1
-2
10
11
11
11
4
0
5
19
10
10
18
10
10
6
-3
-9
6
12
-5
-7
-9
-16
-14
-15
-11
-4
-11
0
5
-3
3
2
2
11
8
-6
-5
-3
-2
11
1
-5
10
15
11
17
13
1
6
8
-6
-11
0
-5
-4
3
-3
3
8
2
-9
-5
7
0
-17
-19
-10
2
11
7
-3
-4
-8
-15
-6
5
1
-5
-14
-15
-14
-4
-7
-25
-19
-6
4
11
5
-3
3
10
1
1
16
10
6
0
-10
-3
7
18
11
2
1
-22
3
14
-50
-32
-4
-6
10
-4
-45
-16
35
37
23
39
30
-5
-13
-27
-10
11
8
27
17
-4
-4
-15
8
85
92
45
76
30
-90
-88
-60
-88
-36
-5
-10
28
38
-56
-50
68
55
20
43
2
-52
-35
-116
-189
-116
-68
-30
58
101
110
122
75
-15
-47
-31
-9
11
12
6
23
8
-12
-21
6
14
9
52
-1
-68
-58
-63
-43
-16
46
70
83
117
44
-31
-58
-59
-41
-9
91
76
27
72
7
-90
-107
-62
-30
33
76
-9
7
43
-18
-17
34
85
56
80
50
-88
-75
-101
-179
-98
-40
-72
-34
48
59
52
83
50
51
97
61
29
7
-12
-49
-112
-127
-129
-67
0
67
104
54
70
101
110
108
59
7
28
26
-27
-36
-23
50
69
17
-30
-57
-20
-18
-60
-51
-10
8
43
16
-9
45
-20
-92
-118
-93
-8
28
55
62
66
70
62
40
-3
-36
-36
-44
-66
-25
5
50
75
30
-12
-42
-45
-27
9
12
29
48
-8
-47
-54
-35
-26
-34
-48
-53
18
59
63
71
24
0
7
-67
-91
-51
-91
-84
-33
-78
-72
47
96
65
91
51
-45
-42
-17
-15
47
93
59
28
19
-1
2
-41
-67
-22
14
109
158
79
12
27
39
3
14
-45
-28
92
7
-75
-82
-93
-46
-12
-68
-72
58
132
52
-24
-42
-29
29
61
43
20
59
61
-39
-102
-46
-34
-36
0
-75
-74
-12
-26
-30
-16
7
9
18
-14
-29
24
30
-13
-35
-14
-12
32
36
-20
17
7
-29
-67
-17
57
81
103
26
28
13
-13
31
3
18
35
21
43
49
20
-1
-10
-88
-85
61
56
-38
6
2
-27
28
13
-46
85
128
-43
-15
-8
-90
-46
-37
-73
-75
-10
7
24
51
-25
-17
2
22
-12
-100
-54
-40
-46
-54
-92
-62
10
45
32
42
32
25
-7
-23
-30
-63
-7
-11
19
48
5
29
5
10
-6
20
71
-4
-23
-43
-57
-89
-87
-17
22
87
37
27
96
46
38
-23
-76
-59
-27
10
4
14
-32
44
99
37
28
21
69
51
10
-35
-47
38
-21
-58
-41
-29
50
65
-40
-67
54
59
-35
-51
-12
41
89
55
-37
47
118
24
-32
-79
-11
71
32
-39
-114
-102
-48
-26
-53
-80
9
48
3
2
-43
24
114
45
13
44
18
21
84
-3
-48
15
7
-15
0
9
-36
-8
-6
-70
8
33
-39
-23
6
-13
-33
-46
-36
16
80
83
-3
-52
14
81
48
-18
-95
-112
21
36
-80
-14
65
57
57
1
-34
-4
46
-38
-179
-123
-46
9
56
-14
-26
41
70
-13
-74
-19
-28
-3
9
-22
2
21
-8
-83
-57
-12
-2
14
-12
3
15
2
-12
-45
6
93
128
65
-37
-39
-26
28
37
-38
-27
-8
23
-7
-41
36
35
28
32
-16
-8
31
41
-11
-59
-18
-16
-29
14
8
43
85
41
18
23
16
-7
-3
2
14
50
29
29
19
-12
1
19
8
-17
13
27
8
-8
-65
-66
17
15
-36
-6
26
-2
-7
2
-30
1
55
36
0
4
-3
-36
-12
-23
-12
23
42
66
56
54
24
-30
-26
-29
-70
-49
31
60
41
18
7
-7
7
-25
-27
68
18
-57
-73
-93
-48
-20
-11
-9
-16
6
-9
15
-19
-61
14
16
-3
45
16
11
55
-3
-68
-9
59
53
63
19
-40
9
35
-14
-49
-46
-5
9
-14
-69
-69
-26
-60
-32
39
24
43
33
-17
0
6
-16
0
35
10
-13
4
-10
-22
-16
-6
46
79
24
-10
9
8
10
-27
-53
2
60
18
-11
41
37
23
-30
-105
-27
75
36
-38
-56
-78
-32
-3
-61
-18
35
40
50
27
27
71
58
-37
-28
17
-7
7
14
-19
15
80
34
-1
35
44
39
25
-23
-60
9
-15
-89
-75
-66
4
15
4
31
39
47
-4
1
-28
-68
-8
-3
27
42
6
16
13
36
21
22
19
-60
-28
9
-31
-34
-31
-51
-48
-45
-25
18
-13
-65
-40
-6
28
0
-24
66
54
-43
-89
-65
18
39
3
-32
14
76
66
51
-24
-5
68
30
-27
-52
-6
57
47
-4
-24
40
109
49
-21
15
20
-18
-62
-56
-3
15
3
-54
-17
62
66
45
-3
-33
-31
-2
-56
-87
-10
26
46
44
5
20
47
37
2
-33
29
28
-8
8
11
59
0
-65
-74
-80
-18
-20
-42
-53
8
29
-27
-15
-18
-25
12
-17
-92
-49
7
28
25
-7
25
38
37
-3
-45
2
35
14
-44
-45
-16
1
-1
-12
30
55
37
2
-7
2
7
18
-8
-20
17
28
10
8
-3
19
38
52
26
30
44
-28
-11
-12
-16
-21
-64
-4
12
-10
-40
-39
26
39
30
20
31
73
57
-10
-47
-42
-10
-1
-48
-61
-22
-7
25
29
-12
17
65
35
-17
7
25
34
48
-9
1
53
64
23
-67
-63
30
50
-11
-22
40
33
-26
-28
-44
9
62
-9
-35
10
62
49
28
13
20
34
14
-21
-49
-28
-5
10
-34
-31
18
-9
2
6
-19
8
9
-31
-46
-8
9
-13
-26
-47
-36
-7
-72
-87
-43
-13
15
-10
-26
15
73
28
1
30
10
11
-1
-54
-92
-44
-35
-57
-40
-38
10
35
28
8
22
60
43
6
-23
5
19
20
10
1
36
33
26
21
-14
-33
-27
1
6
8
24
31
22
5
4
-5
-16
8
26
23
14
1
-13
-10
-4
-2
-12
-4
10
-25
-21
20
18
-16
-21
-23
-31
-17
-36
-47
-34
-43
-49
-52
-29
-4
13
14
-7
2
16
15
20
10
-7
18
46
25
-6
6
45
26
-4
-18
-20
3
-5
-44
-56
-4
38
30
19
27
55
63
41
15
1
18
47
13
-38
-33
-3
11
-6
-19
-5
28
20
-27
-37
9
38
19
-3
-18
4
21
-3
-33
-25
5
-2
-31
-34
-30
-15
9
-2
-16
14
39
8
-21
-13
6
21
3
-43
-36
25
31
-20
-56
-32
-3
-11
-42
-50
5
36
21
-14
-3
37
39
16
-31
-24
6
13
-6
-39
-11
7
0
-20
-43
-11
6
10
-13
-29
19
32
12
1
-2
27
42
17
-6
1
29
34
12
-17
-17
20
13
3
2
-17
10
27
25
12
22
33
22
22
-3
-32
-40
-28
-21
-23
-16
-5
15
13
6
7
-4
-1
11
-4
-20
5
13
-6
-3
-2
0
7
-8
-29
-15
3
1
-7
-7
12
51
48
3
10
29
29
5
-27
-28
-6
4
-32
-58
-12
29
5
-17
-19
11
38
3
-27
-31
5
30
-4
-24
-33
2
25
-14
-28
-13
18
33
7
-11
-6
11
19
-11
-27
-2
24
23
0
-1
5
18
19
-12
-17
0
2
-3
-13
-9
-2
6
-1
-9
3
4
0
-14
1
29
28
14
-13
-15
20
30
-1
-14
0
11
22
15
1
9
21
7
-18
-22
-14
0
4
4
-6
-7
13
20
6
1
5
-2
0
-12
-31
-14
-5
-1
4
2
-1
-2
9
12
14
8
-4
1
-10
-8
3
7
28
23
8
12
20
16
5
4
6
12
15
-3
-10
-8
-7
-10
-19
-22
-9
-1
-9
-14
-25
-24
-5
1
-5
-2
1
-10
-6
-11
-25
-18
-12
-5
-1
0
-2
-2
0
2
-1
-2
7
7
-6
0
3
-7
4
-6
-14
-5
0
2
-2
0
-3
1
11
9
19
21
18
20
9
-4
-12
-16
-8
-2
-1
-15
-12
-1
-5
-4
-16
-17
0
-2
-7
-12
-7
-1
6
10
-3
7
17
16
11
-1
-2
-2
7
6
-6
1
3
-3
-6
-4
4
14
23
20
13
21
13
9
8
-2
1
-1
-8
-13
-13
-5
-4
0
-2
-4
5
19
22
13
11
11
13
7
-2
-4
5
6
-9
-27
-19
3
5
-2
-9
-8
-4
-4
-9
-12
4
2
-1
-1
-8
-5
-5
-3
-7
-13
-7
1
8
11
8
7
13
21
17
7
6
16
22
19
8
-3
6
4
0
-12
-18
-2
-1
-7
-10
-6
6
13
11
-2
-9
-12
-12
-8
-15
-16
-2
-4
-16
-22
-24
-16
-7
-7
-10
-11
0
3
-2
4
11
16
23
24
13
9
6
9
4
-7
3
6
5
2
-6
-8
-4
8
7
4
13
9
-3
-5
-8
-12
-12
-2
5
1
6
1
-4
-7
-6
-4
-4
0
-1
-7
-11
-8
1
8
12
0
-4
-1
-9
-13
-15
-3
-2
-3
-7
-13
3
8
1
0
13
31
21
6
-5
-6
10
10
-3
-7
-4
0
0
-3
-7
0
4
-3
-11
-6
9
18
11
-8
-6
4
3
-3
-13
-11
6
6
-12
-15
-1
15
18
8
-8
-8
-3
-7
-2
-1
0
5
-1
-8
-8
0
2
-1
-1
-5
-1
7
6
4
3
5
1
-6
-12
-8
3
0
-5
-4
0
3
1
-2
2
8
10
9
0
-4
-7
-11
-11
-13
-6
8
5
1
-3
-6
1
2
0
0
4
8
0
-9
-20
-15
-4
0
-1
1
1
3
5
3
2
4
0
-6
-7
-15
-14
-11
-18
-21
-17
-7
-5
-1
4
3
11
13
14
11
7
6
-1
-2
-3
1
4
2
5
12
14
13
8
2
3
9
4
-1
0
-2
0
-3
-10
-6
1
-2
-1
-4
-10
-3
0
-6
-1
7
6
1
0
-3
-3
0
-5
-6
1
5
9
9
9
7
4
9
7
4
14
14
6
2
3
1
3
2
-5
-3
3
6
1
0
5
9
11
8
5
0
-3
-7
-12
-12
-9
0
4
4
3
-7
-4
-2
-1
1
-2
1
5
9
8
4
2
2
9
7
5
6
8
8
6
6
-4
-9
-10
-16
-13
-13
-10
-5
-1
3
1
5
13
11
11
10
6
1
0
-1
-7
-5
-1
-3
-2
-2
-3
-1
2
2
4
6
3
-4
-6
-6
-7
-10
-14
-8
-8
-10
-7
-9
-11
-7
-7
-4
-4
-4
-1
6
9
9
11
5
4
-5
-9
-2
1
-2
-3
-5
-3
-3
-4
-3
-1
3
1
1
1
0
0
-9
-5
1
-2
3
3
-1
-2
-2
-10
-10
-2
0
-1
1
3
5
6
10
9
7
4
1
1
-4
-5
-8
-11
-8
-2
-2
-7
-4
-6
-5
8
10
-1
-5
3
9
13
5
-7
-1
3
2
1
1
5
9
6
6
7
7
2
-1
6
8
9
8
5
1
-6
-5
0
5
9
7
-4
-11
-7
-1
-3
-5
1
2
-2
-3
-4
-2
9
12
5
5
7
3
-5
-10
-10
-1
7
1
-4
-7
-6
-5
-5
-6
0
9
7
2
-2
-5
-9
-7
-6
-5
-5
-3
-2
-6
0
2
2
2
0
4
4
0
-3
-9
-5
-3
0
-1
2
8
7
8
9
4
6
3
-8
-12
-17
-18
-11
-2
1
0
1
-1
0
2
7
12
11
7
-2
-3
-3
-3
-3
1
2
-4
-3
-5
-3
-2
-7
-6
-4
-5
1
7
0
-3
-1
-3
-4
-5
-6
-4
-2
-1
0
3
7
11
10
4
4
-1
-2
-1
-8
-17
-18
-10
-8
-13
-12
-7
2
14
23
24
21
15
7
5
4
8
6
-3
-1
0
3
6
8
12
11
15
17
14
11
9
12
13
8
3
1
-2
-9
-10
-17
-16
-6
-3
-5
-5
-1
4
5
3
2
2
2
2
-4
-9
-10
-12
-15
-9
0
6
3
-3
-5
-5
1
3
3
1
4
2
-4
-6
-4
-2
3
2
-6
-9
-2
9
13
15
13
10
10
3
-2
7
7
5
1
-1
4
8
7
-1
-1
3
2
-4
-5
-7
-8
-3
-6
-8
-5
-3
-4
1
4
1
2
1
-1
-2
-4
-6
-8
-10
-15
-12
-10
-3
9
10
9
7
-4
-7
-6
-10
-11
-10
-4
5
8
8
6
3
3
10
16
18
15
7
-3
-5
-1
-4
-8
-11
-8
-8
-13
-9
-5
-2
-1
-2
6
8
8
5
-5
-4
-3
-9
-8
-8
-7
-10
-13
-10
-7
-5
0
5
12
13
11
5
4
4
0
-5
-4
-4
-12
-10
-7
-6
-1
1
2
5
10
12
10
13
12
5
2
0
-1
-4
-6
-4
1
5
4
5
8
7
10
8
7
8
5
2
2
6
9
8
8
10
13
15
16
19
18
11
7
-3
-6
0
3
1
-2
-3
-3
0
3
1
-6
-7
-9
-7
-5
-6
-2
-7
-7
-8
-12
-9
-6
-7
-8
0
4
1
-1
-6
-6
-5
-2
-6
-3
0
-1
0
-3
-4
-1
5
7
8
3
1
-2
-1
0
-4
-4
1
0
-2
-2
-1
-1
0
-1
0
-2
-7
-10
-7
-8
-10
-8
-5
-8
-9
0
8
8
3
-1
-7
-7
-6
-10
-6
0
4
1
-4
-1
2
3
3
7
10
6
4
1
0
2
1
2
-2
-1
0
-1
6
5
0
-9
-8
-6
-8
-7
-8
-13
-11
-3
2
3
5
12
12
6
1
0
3
3
-2
-7
-5
-4
-5
-6
-6
-1
2
3
3
6
10
14
21
18
4
3
3
7
10
6
-1
-8
-12
-6
7
12
9
5
7
14
19
8
-8
-12
-8
-2
-2
-6
-6
-4
-2
2
2
-2
-5
-7
-9
-15
-16
-13
-10
-7
-9
-7
4
7
-3
-10
-13
-9
-5
-7
-1
3
2
-1
0
0
3
9
14
16
17
17
7
-2
-12
-16
-10
-5
-5
1
-2
-3
-2
-2
8
8
8
5
5
9
3
2
-4
-4
4
1
0
-2
-3
-3
-5
-5
0
4
3
-2
-4
-1
1
0
4
1
-1
4
2
-7
-8
-4
1
2
5
10
10
7
3
3
5
7
12
8
2
1
-3
-3
-6
-6
-5
-5
-7
-12
-10
-12
-10
-5
-2
5
10
4
-1
-4
-3
1
1
9
12
9
9
5
2
4
7
3
-2
-2
-3
1
5
4
7
10
7
2
1
0
-2
0
1
0
-2
-4
-2
0
-2
-6
-5
-5
-2
-1
-1
-1
1
3
0
0
-1
0
-1
-3
-2
-4
-7
-10
-8
0
1
-3
-6
-5
-4
-3
0
-4
-5
-2
-2
-3
-6
-6
-12
-17
-13
-10
-5
-4
-6
-4
-5
-6
-2
0
1
-3
-1
2
9
18
13
3
3
5
3
2
2
1
0
3
6
5
7
11
10
5
4
-2
-7
-5
2
2
2
-1
-1
1
4
14
15
9
0
-4
-4
3
8
3
-1
-2
5
5
7
7
-2
-4
-4
0
1
-1
-4
-15
-22
-19
-12
-5
0
-1
-2
-8
-8
-8
-2
6
12
12
5
3
2
-3
-12
-14
-11
-11
-6
4
7
4
8
5
1
12
20
22
20
10
2
-3
-5
-5
-4
-1
4
5
5
0
1
-1
-7
-10
-10
-14
-16
-15
-8
0
4
3
1
-5
-8
-2
3
5
0
5
8
3
-2
-4
0
5
7
6
6
10
2
-2
-5
-3
-3
-8
-5
-3
-1
-2
-3
-3
2
5
3
6
7
9
9
-3
-4
-3
3
8
17
20
14
11
3
-4
-6
-4
-3
-3
-3
-3
1
3
3
10
14
14
12
7
6
4
-5
-18
-17
-13
-6
1
5
5
-3
-3
-5
-4
-5
-5
0
2
2
2
1
-1
2
4
2
5
0
-5
-8
-6
-5
-3
1
-6
-6
0
4
5
6
3
-4
-5
-1
4
7
12
18
13
11
12
11
7
0
-3
-7
-9
-7
-8
-7
-7
0
2
1
7
7
5
4
0
-8
-10
-8
-11
-7
-6
-4
-3
-4
-5
-5
-5
-3
-4
0
0
-4
-6
-8
-10
-9
-5
-8
-8
-5
-2
0
4
6
4
5
3
-5
1
5
5
2
-1
-1
-5
-5
-2
-1
2
5
3
1
0
-1
-4
-5
-3
-1
-3
-7
-11
-10
-4
3
12
12
13
8
3
1
1
4
2
1
-3
-3
-5
-4
-1
-3
0
1
-2
-5
-11
-12
-6
-4
-10
-8
-5
-4
-2
-4
-2
1
3
2
3
9
11
7
3
-1
-2
1
7
8
9
4
-1
2
5
4
2
4
5
6
7
4
0
-2
-4
-3
0
4
0
-4
-1
-4
-7
-9
-11
-16
-10
-1
0
5
8
6
6
10
13
7
1
3
5
11
15
15
12
10
6
5
5
6
7
0
-2
2
1
1
-1
3
-4
-9
-10
-16
-12
-7
-6
-9
-8
-7
-9
-7
-5
-2
-1
5
7
8
5
-1
1
7
5
5
8
12
7
4
2
-3
2
-2
-4
0
-2
0
-3
-1
0
1
-3
-14
-8
-3
1
1
2
8
5
5
4
4
6
6
3
6
7
5
5
7
9
10
6
9
13
12
5
-2
-3
-1
-3
-4
2
3
3
5
2
0
-1
0
-1
-1
-6
-11
-3
2
-1
-5
-13
-18
-13
-10
-9
-9
-10
-10
-5
2
0
-3
1
1
-4
-5
-3
2
2
2
-3
-7
-3
-4
-2
1
7
7
5
2
-1
-3
-1
3
6
7
10
8
0
-8
-10
-7
-2
3
0
3
4
3
-2
-6
-1
4
6
3
1
0
-4
-1
-2
-3
0
-3
-3
-2
2
2
3
2
2
-1
-4
-2
-5
-4
-1
-3
-4
-4
-2
1
2
-1
-2
0
2
3
-1
-2
4
10
13
11
7
8
8
6
0
-3
-4
1
4
3
1
-1
0
-4
-3
0
-3
-2
3
6
6
2
1
-3
-6
-1
-2
-2
2
0
-3
-6
-12
-10
-11
-8
-4
-3
-1
0
0
0
3
3
1
-2
-2
-5
-5
0
3
11
10
9
7
2
1
-1
-1
-2
-3
-5
-6
-5
-11
-12
-10
-9
-11
-7
-5
-4
-2
-7
-7
-5
-1
2
4
5
3
0
-2
0
3
7
8
5
-2
-4
1
2
4
5
6
12
18
12
10
14
13
11
10
10
9
5
4
2
-2
-5
-10
-10
-11
-6
-4
-4
1
5
5
2
-1
-3
2
2
6
6
3
0
-2
-6
-9
-7
-3
2
2
0
2
6
7
5
5
-1
-6
-9
-8
-1
0
-4
-5
-4
-1
2
4
3
2
1
3
1
-3
-9
-10
-6
-4
-6
-10
-9
-5
-4
-5
-2
0
-1
-2
-7
-7
-7
-9
-4
-1
3
2
-3
-5
-4
-6
-5
0
6
14
12
8
5
4
7
7
6
6
1
0
4
6
4
2
5
4
5
9
4
2
-2
-5
-1
-2
-5
-5
-6
-4
-6
-5
2
4
6
5
6
8
3
-4
-7
-7
-2
3
2
2
4
3
5
3
4
7
8
5
-2
-3
-6
-8
-3
-3
-7
-10
-8
-8
-5
0
3
0
-2
-1
-1
4
7
9
5
4
0
-6
-8
-11
-9
-4
1
5
7
8
11
9
6
5
3
2
4
4
1
-3
-5
-6
-8
-8
-3
0
0
4
3
3
2
-1
-3
-1
4
7
6
7
6
4
5
0
-3
0
-1
-3
-5
-6
-9
-11
-9
-7
-6
-8
-13
-9
-12
-9
-9
-10
-2
-2
-8
-5
-3
0
-1
-1
0
-4
0
1
-3
-4
-3
-2
1
1
-3
-3
2
5
-1
1
3
5
6
0
0
-1
-1
-3
-2
4
6
6
6
7
16
20
14
12
8
7
5
1
5
5
-2
-4
2
8
10
8
3
-1
0
0
-1
0
-1
-6
-8
-9
-5
-2
2
7
7
4
3
-3
-4
-2
0
1
-4
-5
-3
-1
-1
-2
0
-2
-4
-3
0
2
1
2
0
-1
2
1
-5
-8
-7
-7
-3
-1
2
2
-1
-1
-4
-4
-3
-1
-2
2
2
0
-4
-4
-5
-4
1
0
4
6
5
2
-6
-5
-4
-2
-1
-2
-1
-4
-4
0
6
10
6
2
3
3
2
-1
1
-2
-6
-7
-8
-8
-9
-10
-9
-10
-11
-8
-3
1
-2
-5
-3
-1
-7
-10
-3
4
8
10
12
11
11
11
7
-2
1
4
0
4
8
10
10
7
7
9
13
10
4
3
2
-2
0
-3
-3
2
1
1
3
7
13
16
16
11
11
13
8
3
4
0
0
-5
-8
-5
2
3
0
3
1
0
0
0
-2
3
4
-2
-4
-5
-4
-7
-6
-5
-3
-4
-4
-6
-9
-10
-15
-18
-12
-4
0
-1
0
-2
-4
-10
-8
-1
2
9
9
7
9
6
-1
-1
1
3
1
0
1
1
-3
-5
-6
-4
0
0
-5
-10
-8
-5
-5
-5
-7
-5
1
5
4
4
4
6
7
8
4
0
3
2
-2
0
1
1
-3
-5
-5
0
2
2
6
3
1
5
8
8
11
8
1
1
-1
-5
-7
-6
-6
-10
-7
-9
-11
-10
-9
-6
-4
-4
-4
-8
-8
-10
-10
-5
-1
-3
-5
-1
3
4
2
1
4
8
8
5
2
-5
-4
-3
2
10
10
4
4
4
-1
-3
-1
-5
-6
-8
-10
-6
2
10
12
15
17
19
21
15
11
7
1
0
4
6
5
6
0
1
6
4
7
6
4
-2
-3
-1
-3
0
3
7
10
7
6
5
4
2
-1
-3
-6
-9
-9
-11
-8
-3
-5
-2
5
6
5
5
4
3
-2
-5
-6
-5
-5
-9
-7
-6
-1
2
1
-1
4
7
3
1
-8
