-10
-6
-7
-3
-4
-1
0
6
7
9
10
0
-4
-6
-7
-11
-7
-7
-10
-6
-5
-3
6
10
5
2
-3
-2
2
-1
-5
0
5
2
-1
0
5
11
11
4
-2
-2
-2
-1
-2
0
-4
-4
2
3
-1
-3
3
7
4
-3
-3
-2
-2
0
-2
-2
2
-5
-7
-4
6
8
1
-1
0
2
0
-6
-5
1
3
5
7
2
1
2
0
-3
0
4
-2
-3
-9
-14
-17
-14
-3
2
5
10
15
12
3
4
9
11
12
12
1
-7
-3
0
-1
-1
2
-1
-4
-3
-2
-5
-6
-4
2
8
2
2
2
-1
-1
-3
-3
5
6
2
-1
5
3
1
2
1
0
7
5
-3
4
5
5
2
6
6
5
6
1
-1
5
2
-4
-5
-3
-1
-3
-6
-6
3
4
-3
-10
-10
-8
-3
-2
-3
4
7
5
-1
-2
4
5
-1
-4
-1
2
5
6
6
2
-5
-9
-13
-12
-9
-8
-9
-5
-3
-7
-1
2
1
3
4
7
-3
-3
-4
-3
3
0
-6
-12
-11
-11
-11
-2
7
13
12
13
13
7
3
-5
-7
-1
-1
-3
-2
-4
-3
-4
-1
2
2
4
7
8
-2
-15
-17
-13
-7
-3
-7
-12
-8
2
-2
-3
-4
-2
8
4
-3
-2
2
0
-1
-1
-1
6
3
2
2
-1
-7
-13
-10
-2
7
13
9
8
10
2
3
3
2
1
-2
1
3
6
12
7
0
1
0
-3
-2
0
1
0
4
3
0
6
13
12
12
10
9
8
7
4
1
-7
-10
-7
-11
0
5
-2
0
3
2
2
1
-5
-5
-10
-12
-4
-4
-4
0
6
9
6
9
9
6
11
6
-7
-10
-10
-7
-6
-4
9
8
3
3
5
2
1
0
1
4
2
4
-3
-7
-5
-7
3
7
4
6
-1
-3
-8
-8
-8
-8
-6
-5
-6
-10
-7
-2
1
3
1
0
3
2
4
1
-4
0
-7
-8
-5
-4
-2
4
5
3
-2
-4
2
3
-1
0
-3
-3
5
1
-3
-2
-4
-8
-3
-3
-3
2
0
-1
-1
0
2
3
5
6
3
2
4
3
0
3
4
1
4
6
6
-3
-10
-10
-12
-9
1
1
4
9
5
0
-2
-1
-8
-8
-2
1
4
-2
0
1
-2
-1
1
2
-2
-1
5
7
3
3
1
0
3
3
5
6
7
3
1
0
-5
-3
1
4
1
-2
-5
-12
-5
-4
-1
8
9
4
3
3
-2
-3
-6
-9
-6
-6
-1
-4
0
0
-7
0
1
-1
4
3
3
2
-1
0
-6
-6
-2
2
11
8
4
5
7
5
1
0
6
9
5
7
7
1
-4
-3
2
2
3
2
-6
-6
-9
-9
0
2
4
-3
-6
1
5
4
-1
0
3
-2
4
7
1
1
6
8
7
6
2
-1
-2
-4
-4
0
3
2
-3
0
0
-3
-7
-6
-5
-16
-18
-13
-8
-2
0
6
8
6
5
0
4
6
6
2
5
3
-1
-3
-12
-8
-2
1
5
4
-3
0
1
-3
-2
2
0
-1
0
-5
-5
-4
-5
-13
-10
3
-2
-3
-2
-4
-1
2
-3
-6
-1
3
3
6
5
-1
-1
-1
-7
-6
-6
1
4
-1
-7
-1
1
3
8
1
7
9
2
5
3
7
13
9
7
-3
-6
-8
-11
-8
-4
-3
2
4
-2
-6
-10
-16
-17
-13
-10
2
7
9
7
6
13
14
13
10
4
-2
2
8
7
3
3
6
4
6
7
4
9
12
0
-6
-3
-5
-3
-3
0
-2
0
2
0
5
-2
0
5
1
-2
1
0
-6
-7
-7
-3
-2
-1
-1
2
-1
-2
0
-1
6
1
-1
-2
-8
2
3
-2
-2
-6
-1
1
3
3
0
1
-1
4
2
0
-4
-11
-8
-1
-1
-2
-2
-3
4
5
7
-3
-4
-1
0
11
11
2
3
4
8
10
8
8
2
1
7
-7
-1
0
-6
1
-5
5
-3
-5
4
-3
2
-4
-8
1
1
2
-2
-10
-5
5
-3
4
7
4
1
-2
4
2
13
5
-5
-9
-15
-1
10
7
0
-6
9
4
3
1
-8
1
2
3
-4
-1
-2
-10
-11
1
19
-3
-3
3
-6
3
-11
-13
4
-1
-5
-1
-1
-10
-12
2
8
3
-7
-14
-7
5
4
-3
-4
4
0
-6
5
6
2
-1
-7
4
2
6
5
-2
4
-7
-4
1
-14
-4
5
-8
-1
0
1
3
-2
0
-6
-5
8
-2
-2
-2
-4
6
-6
-14
-1
3
9
7
6
16
9
8
-1
-6
3
-5
0
-1
-8
-2
5
-2
-9
-13
-11
-4
-1
8
0
3
8
2
4
3
6
0
-1
1
-5
-5
2
4
6
3
2
12
0
-4
1
0
12
-2
-1
-3
-7
-2
-3
-3
-1
11
3
-5
4
-2
-5
-8
-4
-3
-11
-4
-5
-4
0
-2
-4
-16
-20
-4
12
14
0
-15
-1
22
16
13
6
-13
-4
-2
-1
3
-2
-7
-5
0
8
9
3
2
12
3
-11
-11
-8
-1
2
8
-10
-20
2
7
1
6
6
3
-1
-5
-11
-7
-1
-8
-13
6
16
6
-1
0
11
14
0
-5
1
0
7
5
0
0
-10
-9
-1
1
14
15
10
25
6
-13
0
6
5
5
3
-6
-3
-2
3
8
9
3
4
11
6
8
7
-8
-5
-3
-4
7
10
10
4
-10
-13
0
4
0
3
-6
-3
6
-3
-10
-10
-5
-7
-7
-6
-12
1
3
-14
-2
8
2
0
-7
-2
3
7
0
-1
11
12
5
8
-7
-2
17
6
-1
4
1
1
4
-6
-16
-17
-11
-8
-13
-1
-4
-9
-3
-10
-13
-4
-3
-4
3
3
5
5
-3
-10
0
2
-4
2
1
-3
-7
1
-2
-5
5
3
-1
12
3
-11
5
2
-5
-3
4
5
3
1
-2
-3
11
1
-2
13
15
9
5
-3
3
17
3
-2
2
-3
-7
7
4
-1
3
11
6
-5
3
10
13
11
-12
-14
1
-5
4
7
2
-7
-11
-9
2
9
3
5
-9
-11
-11
-12
0
-8
-4
4
-2
-3
0
-2
-2
0
-7
-3
7
-2
-3
-3
-2
-8
-12
6
3
-4
-9
-18
5
19
11
18
5
-7
6
5
-2
-3
8
7
-5
-1
2
-5
4
7
-6
5
11
-5
2
7
10
10
-2
-3
2
10
9
7
5
2
6
4
0
-5
3
1
-14
-5
-5
-3
-2
-11
-3
-10
-12
2
0
-3
-1
-7
-9
-6
-6
2
3
2
11
1
-6
11
-1
1
10
-1
0
-1
-2
2
4
4
1
-3
0
6
2
-4
-3
-3
6
0
-1
7
2
-2
3
11
8
15
15
6
-6
1
6
3
6
-2
-8
-6
-7
-1
5
-4
0
-5
-8
4
-3
-12
-6
1
4
4
4
-1
-3
-6
5
11
-1
-1
-3
2
3
-1
4
3
1
0
-7
-20
-18
-4
5
2
-7
-10
-16
-2
-2
-13
-8
4
3
-6
-4
0
6
12
7
0
0
-7
-1
9
-4
-7
-2
-3
-3
0
-4
-2
3
0
-4
-2
7
-4
0
8
-2
3
8
4
6
13
6
0
7
-1
2
16
3
-7
-10
2
6
-3
0
-9
-17
-7
-9
-1
4
3
-5
-17
-10
-4
1
-2
-5
-7
-15
-16
-5
11
16
23
5
-16
-4
-6
-7
1
3
2
2
9
2
3
6
2
5
5
5
-5
-9
-14
-13
-1
9
11
7
2
6
5
-6
1
10
16
8
-6
1
2
-9
-3
-9
2
21
6
-1
4
13
3
-13
-1
12
20
17
4
-8
-12
-11
-5
-8
-5
12
16
4
8
12
5
-3
-6
-12
-11
5
5
-7
1
6
-18
-8
4
3
4
-12
-10
-10
-6
2
-2
-4
5
5
-9
-13
-5
0
-5
-7
6
6
-6
-6
-11
-11
-2
7
5
11
13
8
6
7
5
-4
3
2
-7
13
25
5
-1
-3
-8
3
14
10
10
7
-5
-13
-16
-8
1
0
-3
-4
-2
2
5
-2
-3
-2
2
4
0
4
11
7
-5
-7
-1
1
11
12
-8
-9
-2
-4
-2
3
6
-1
-3
-3
1
16
13
-2
-5
-3
-4
-8
-1
11
0
-9
-19
-11
5
8
6
-10
-15
-3
-2
-4
-1
-7
-13
-2
3
6
12
8
-3
-6
-6
6
23
13
-1
-8
-7
2
7
6
11
14
8
-2
-6
-5
-4
-1
1
-1
0
0
-3
1
-9
-10
2
-11
-10
0
0
-2
-1
4
1
-2
6
2
-2
10
14
4
3
13
5
3
7
-3
-6
-5
-6
1
-1
-5
-5
-4
1
-7
-11
-5
-4
0
-12
-17
-4
-10
-13
-13
-8
-2
-1
-3
-3
-9
-4
2
5
11
8
5
13
3
-6
-4
-13
-7
-1
-7
2
5
6
4
1
5
-1
-5
-7
0
8
0
-3
-3
-1
2
7
10
3
4
1
-2
9
5
2
3
-5
-5
5
1
3
6
3
9
6
-4
-8
-7
-1
-3
-7
-7
-12
-14
-12
-11
7
15
13
10
5
2
3
13
6
3
3
-6
-9
-3
-1
-5
-7
4
6
-6
5
9
1
2
-6
-1
4
9
17
8
4
9
1
5
2
-5
-2
-7
0
-3
-5
-1
-5
3
7
7
10
8
1
-8
-7
-6
-6
-4
-8
-7
-7
-14
-14
-2
0
-8
-10
-5
-3
2
1
5
6
9
10
4
8
9
8
7
2
-2
-1
3
7
7
14
16
11
0
-8
-6
-2
3
2
0
-10
-11
-8
-13
-7
-8
-10
0
-1
-1
-6
-9
-6
-10
-6
0
7
14
10
-3
-4
4
-1
-1
2
6
8
-9
-9
-6
-11
-2
-1
-5
-2
5
5
-6
-6
3
4
5
0
1
0
7
5
0
5
3
1
-1
3
8
3
4
2
2
4
7
3
-2
2
-3
6
8
7
11
8
13
9
1
-4
-4
-6
-4
4
0
-2
1
5
2
6
9
4
5
-2
-5
-5
-3
-1
-2
4
4
-2
-1
-3
-8
-7
-11
-11
-7
-9
-6
-9
-4
1
-6
4
1
-4
-6
-6
1
-3
-2
2
4
3
3
6
0
7
9
7
12
14
16
8
1
10
9
7
14
13
9
8
5
3
-3
1
4
-8
-6
-4
-11
-2
5
3
-2
-8
-9
2
2
-8
-7
-5
2
3
-6
-9
-9
2
0
-4
-2
-1
-1
-2
0
-1
-3
-12
-9
-5
-9
-4
-2
-4
0
1
4
2
3
13
3
-4
-4
-8
-8
-8
-13
-15
-4
-3
-5
-3
-3
6
4
0
0
-1
2
-5
-4
1
-1
1
2
-1
3
-2
-4
0
4
6
9
11
11
7
-2
-9
-7
-2
2
-5
-3
-2
-7
2
5
4
8
4
1
7
-1
-4
-2
-3
-4
-5
-6
-5
-8
-6
-1
1
5
-2
-11
-11
-9
-2
1
5
10
9
3
-2
-1
0
-2
-2
-5
-5
-2
-2
-2
-2
-2
0
0
7
7
3
7
6
7
7
1
-3
-5
-3
-7
-6
-7
-2
7
5
5
2
-2
-2
0
3
-7
-7
2
5
3
6
9
8
8
3
9
16
5
0
-2
-4
4
4
0
5
10
15
8
7
7
-3
1
0
0
1
-4
-10
-11
-5
3
-2
-5
3
0
-5
-11
-14
-10
-4
-6
-7
1
5
-2
-10
-11
-6
-1
-1
-3
1
7
8
0
-8
-7
-3
4
1
-1
4
6
-1
-1
-3
-4
5
10
12
11
7
4
0
1
3
-1
1
3
-3
-8
-3
-7
-14
-8
-10
-2
5
8
8
3
6
6
10
5
2
-2
0
2
0
0
-3
0
3
2
2
-1
1
-1
-1
0
6
8
-2
-6
1
3
0
2
1
1
3
4
2
-3
-3
-2
-8
-11
-8
-4
-4
0
2
-7
-10
-10
-2
2
6
9
1
4
1
-7
-11
-11
-9
-7
-2
1
6
6
9
12
12
12
10
8
3
0
1
2
-1
-4
-2
-6
-4
1
1
1
-6
-5
3
2
2
3
1
3
-2
-6
-7
-3
5
8
7
3
-3
-10
-6
-7
-1
-1
-10
-9
-3
-1
-2
-4
-11
-13
-15
-10
3
10
15
9
1
2
0
2
2
0
0
-5
-8
-8
-4
6
9
8
10
5
0
2
7
10
12
12
7
-1
-7
-9
-8
-6
-5
-9
-7
2
4
5
4
3
4
1
-1
-2
0
-4
-5
-1
-5
0
0
1
4
-1
0
2
4
5
4
3
9
9
8
6
6
7
4
5
2
1
2
4
1
-3
-3
-4
-2
-6
-12
-9
-7
-1
2
-1
-1
0
2
7
12
15
10
8
4
-4
-6
-2
-1
-4
-6
-5
2
6
5
2
0
0
3
2
-1
2
-1
-8
-6
-7
-8
-10
-7
-2
1
-3
-3
2
4
4
-8
-9
-3
1
1
-1
2
1
-2
-5
-10
-1
5
2
-6
-7
-1
-3
-4
-2
3
13
5
-13
-16
-5
1
0
5
3
-2
-4
-5
-5
-1
4
5
-1
0
10
10
1
-9
-8
1
4
1
2
1
0
-1
-4
0
2
3
3
1
0
-2
-5
-3
-3
-1
3
3
3
5
1
-3
-10
-11
6
11
5
-5
-9
3
-1
3
9
-2
3
1
-4
-6
-3
-1
-7
1
8
1
-1
0
4
8
11
10
0
-3
-5
-1
0
-5
1
5
3
-5
-9
-5
1
7
15
10
3
-4
-14
-7
-1
0
4
-1
-3
-3
-9
-1
6
6
9
13
10
3
-8
-3
0
-3
4
-2
-10
-6
-3
-3
-1
0
1
9
11
5
-3
-3
0
-4
-11
-12
-9
-3
0
2
-3
-4
8
8
6
5
5
3
-4
1
-3
-4
-6
-10
-3
-3
-1
10
12
9
4
-1
-5
-7
1
-2
-4
3
-1
-5
-8
-2
3
4
9
7
2
-3
-4
-3
-3
0
2
1
4
0
-7
-11
-5
-2
-1
7
5
8
6
-4
-4
-3
-5
-3
-1
-3
1
4
-1
-2
-8
-2
3
-1
5
2
-1
-1
-7
2
9
6
5
-1
-4
-3
2
-4
-5
4
0
9
6
2
0
-1
7
2
1
-4
-16
-7
2
-2
3
1
-1
1
3
5
0
2
1
-1
7
2
4
6
-2
-5
-8
-9
4
23
16
-3
-12
-20
-15
-3
7
9
-5
-5
-4
-13
-7
1
3
7
2
-3
-4
-5
0
10
12
7
3
-6
-8
-6
-4
-4
7
18
7
-6
-1
-1
7
13
6
-3
-8
2
-3
-5
-1
6
9
-3
-9
-5
2
4
-3
-6
-6
-7
-14
-19
-18
-3
1
2
16
14
6
-4
-19
-3
8
9
16
8
2
2
6
0
-2
12
7
3
8
14
24
12
7
-1
-17
-3
-1
-3
-2
-8
-7
-3
4
0
-4
-3
-8
-1
4
8
3
-10
-15
-18
-3
13
14
8
0
-10
1
0
-5
8
12
8
6
0
-4
9
8
-1
12
5
9
8
0
6
2
9
5
13
11
-5
-4
-9
1
3
0
-5
-22
-5
1
6
19
13
4
-8
-6
-13
-11
4
0
-5
-9
-14
-10
-3
5
8
3
2
4
2
4
14
9
3
-9
-15
-8
-20
-14
-2
-5
-10
-9
-4
2
2
-6
1
4
2
7
3
-9
-9
-1
2
-5
-3
-3
-7
4
9
9
6
-1
4
-2
-7
-2
4
-2
-3
2
0
4
5
10
14
3
2
8
-2
-14
-12
-15
-19
-9
-7
-8
-5
-6
-9
0
14
12
4
10
8
-2
1
-1
3
10
-5
-18
-18
-5
2
1
-2
-2
-1
-10
-14
-2
14
18
9
7
4
-4
-1
1
-8
0
13
9
8
0
-10
-5
1
2
8
5
1
-3
-4
-7
-15
-5
3
-3
0
2
-9
-12
1
3
-2
3
-2
-6
-11
-10
-2
-2
7
2
-4
4
2
0
5
8
9
9
1
6
2
-5
-2
-4
5
9
4
7
5
5
6
6
5
1
7
6
-2
-4
-9
-2
-3
-7
-5
-2
10
7
-6
-3
-3
-4
-11
-18
-10
-4
4
-1
-3
-2
-3
5
-1
-8
-8
-4
8
15
13
-2
-1
7
-1
-6
-13
-3
4
6
4
-4
2
8
2
-3
-7
1
10
6
4
1
2
-4
-1
-1
1
12
8
9
13
9
11
5
1
3
1
-3
-5
1
-1
-8
3
11
0
-2
-2
-6
1
-2
-2
-2
-5
1
4
-8
-6
-7
-11
-9
-11
3
9
3
-1
-13
-13
1
4
-9
-8
1
-1
-4
-6
-7
-2
4
2
-5
3
3
-5
-2
-2
-2
3
4
1
1
1
2
-3
6
9
-1
-6
-14
-8
5
13
13
8
5
-6
-5
-4
-6
5
14
5
-2
-4
9
12
5
1
-7
-7
-6
-1
10
7
9
7
3
8
1
1
3
8
7
-3
2
-2
2
5
-11
-11
-2
2
3
5
4
-3
3
1
-4
5
7
0
-4
-2
-1
1
0
-5
1
3
-4
-8
-13
-4
-2
-2
-3
-4
10
7
8
9
-1
6
2
-2
1
-6
-10
-6
1
0
0
10
6
4
0
-4
5
3
-1
-1
0
-1
2
6
7
3
-11
-19
-5
9
11
1
0
6
-3
-3
-3
0
4
2
-5
-16
-8
0
-2
-1
-3
-2
1
-1
3
-3
-3
5
0
-8
-13
-7
-3
-4
-3
-5
-2
-1
-3
2
8
7
7
7
-1
-13
-13
-12
-4
0
0
-6
-9
-6
-6
-3
6
13
8
9
10
11
15
17
10
6
4
0
3
-2
-3
3
-1
-6
-2
-1
2
2
-5
-2
-7
-7
-4
-3
2
-9
-15
-23
-21
-4
1
7
11
6
0
-10
-6
-5
0
1
1
5
-1
-3
-2
7
15
14
16
14
11
9
-7
-16
-10
-10
-11
-8
3
4
11
15
8
6
9
14
4
-9
-9
-8
-6
-6
-5
-5
-7
-1
-2
-3
3
1
2
0
-3
-2
-5
0
7
5
-3
-8
-1
4
9
10
1
0
1
-2
-10
-15
-11
-9
-8
-10
-7
4
7
4
-1
-3
-5
-11
-12
-5
1
5
2
4
7
13
15
9
8
9
11
12
8
7
1
-1
-2
-2
1
-3
5
9
-1
2
3
-2
-2
-1
-5
-6
-11
-17
-13
-5
-3
-8
-1
3
2
6
9
15
17
9
-1
-11
-5
-1
2
-1
-7
3
-1
-6
0
6
12
10
7
7
2
5
8
4
8
10
6
-2
-2
0
-2
0
5
4
4
5
-1
-3
-4
-2
3
1
-3
-4
-9
-5
3
1
5
8
2
0
6
7
9
1
-10
-17
-13
1
2
0
-5
-6
-6
-2
-1
-1
5
0
1
-2
-14
-10
-3
-5
-6
1
3
-1
-2
0
-4
2
0
-4
-4
-2
1
2
4
-1
0
3
-2
0
-4
-2
-1
-2
-2
-5
1
5
2
-2
-4
-1
2
3
3
4
0
-9
-2
3
-1
2
2
-2
2
-1
1
2
5
1
-10
-2
-3
3
8
-1
6
5
4
3
-1
4
8
10
3
3
5
1
3
2
-2
0
2
6
3
-1
-1
0
-1
-4
-1
0
-1
-3
-5
-1
3
0
-2
-5
-8
-2
-5
-4
11
8
5
-3
-4
-1
1
6
5
7
1
-1
0
-3
3
-1
2
1
-7
-6
-8
3
5
1
3
-5
-3
-7
-1
4
1
4
0
4
3
2
-2
-6
-4
-8
0
1
3
10
1
-7
-7
-6
-6
-2
5
8
4
15
8
-9
-2
-1
-4
-3
4
-11
-18
-8
-9
-1
8
5
1
4
-2
-9
0
6
-6
-12
-9
-9
-5
-5
2
0
11
13
-2
-10
-6
-2
-11
-11
-10
-6
-3
-8
7
6
-5
-5
-5
-1
9
18
-1
-14
-1
-11
-13
5
13
-2
5
11
-8
9
13
-7
-6
11
1
-7
12
-10
-16
8
-7
-14
14
9
-15
14
15
-23
10
16
-22
-8
12
-16
0
33
-14
-14
41
9
-17
35
21
-26
16
30
-23
4
44
-19
-35
28
10
-20
27
36
-16
-8
28
-13
-33
21
10
-29
6
20
-9
-20
8
4
-34
7
26
-22
-24
24
22
-34
13
35
-40
-12
48
-12
-64
26
26
-68
2
62
-45
-35
70
-7
-70
54
45
-79
-3
71
-50
-34
86
-18
-77
43
18
-65
32
49
-66
-7
52
-38
-24
49
-5
-38
43
21
-23
23
-2
-29
11
7
-19
21
5
-7
41
-7
-34
26
35
-33
20
28
-84
-1
61
-30
-7
57
-19
-41
54
-6
-48
41
10
-25
15
7
-27
19
-1
-52
38
16
-28
46
11
-62
34
48
-67
21
70
-61
-41
54
-27
-41
72
-6
-56
37
-26
-64
28
-2
-48
28
8
-62
39
55
-38
11
47
-44
-18
94
2
-59
29
23
-58
-4
55
-25
-30
2
-3
-69
7
99
-41
-50
26
-4
-77
15
94
-49
-8
90
-45
-125
50
26
-109
24
110
-31
-73
142
24
-131
106
96
-98
14
147
-54
-146
124
53
-118
109
51
-150
-34
156
-20
-81
131
-10
-126
24
41
-94
27
92
-105
-51
92
58
-64
27
54
-33
12
-4
-30
-45
74
32
-60
6
40
13
-89
35
-9
-48
83
26
-34
-90
74
33
-9
65
-75
-84
9
68
-87
-22
130
-92
-96
96
35
-53
98
69
-170
31
87
-131
38
134
-50
-24
21
-87
-10
114
11
43
86
-103
-51
118
-29
-33
218
-47
-138
79
-58
-120
120
125
-215
-51
139
-118
-32
38
-140
-63
130
-65
-174
-12
-10
50
161
-6
-202
-76
-40
41
267
76
-160
1
-61
2
51
39
26
17
35
-106
-28
18
-107
113
236
-54
-70
-23
44
43
79
-128
-194
246
152
-361
-135
124
79
182
42
-141
-147
114
1
2
67
-95
-4
-52
-46
61
186
-127
-183
129
-45
44
164
109
-86
-68
-73
-29
66
1
8
19
-133
-55
131
45
66
5
-60
52
218
-141
-205
189
26
-15
-136
-195
105
122
-44
-129
145
-74
-47
194
-81
-139
23
125
-88
56
108
-262
11
23
-113
135
192
-135
-93
148
-170
28
203
-65
26
78
-147
-193
186
62
-36
123
-99
-150
40
12
0
-66
-4
39
56
-52
-78
67
41
87
33
-52
-166
41
130
58
48
4
-23
-22
138
-30
35
57
-83
26
-137
-87
87
87
-34
3
-138
-86
-45
-114
146
67
10
-57
33
-61
-210
250
-2
-144
201
75
-213
-25
221
-75
107
173
-227
-28
5
-109
96
168
-122
-105
184
-262
-28
220
-70
47
109
-76
-114
77
-24
17
141
-102
-54
-97
-65
-25
207
27
-80
108
-110
-140
57
64
-76
85
82
-191
-42
210
-112
-95
197
-61
-137
78
-20
-63
94
120
-42
-135
-11
5
-1
12
113
-32
-91
72
51
-4
0
90
-202
32
115
-186
10
36
76
-15
144
51
-301
-7
78
-52
104
85
-113
-87
-47
-66
65
121
170
-147
-135
56
-103
-15
64
226
-110
-196
183
-176
10
245
-34
-142
-3
198
-169
-5
313
-118
-93
155
-36
-188
121
187
-134
76
160
-341
-247
454
23
-99
198
37
-273
-58
284
-193
137
236
-172
-186
47
64
-276
370
142
-279
-105
31
-14
-27
323
-5
-202
94
101
-133
29
166
-114
32
102
-76
-210
92
140
-143
255
-83
-336
205
94
-203
48
172
-275
71
232
-313
-104
267
-277
-74
461
-152
-188
87
-82
-108
322
55
-356
178
105
-324
37
321
-333
-55
424
-405
-109
339
58
-207
222
-61
-328
355
42
-277
89
247
-218
82
64
-238
220
145
-92
62
114
-221
47
142
-104
4
36
-53
-266
95
197
-234
62
256
-234
129
73
-121
125
-46
44
-228
28
90
-104
129
-114
-34
-19
148
-17
-50
130
-54
-44
91
-71
-277
129
0
-50
19
139
-166
-79
307
-193
106
127
-10
-40
-76
5
-101
-71
67
22
136
-218
79
-86
-142
446
-200
41
26
-39
-65
72
123
-87
99
-55
-32
-147
210
-74
46
158
-275
44
131
-57
0
146
-96
-88
127
-12
-255
182
-40
-333
91
110
-222
128
168
-262
44
243
-153
-251
232
42
-184
228
-101
-51
-57
-15
62
-82
325
-138
-202
195
30
-178
151
34
-73
131
-322
68
92
-69
80
-240
201
76
68
10
-8
316
-461
133
250
-500
250
17
-272
-33
398
-246
-217
512
-350
-65
532
-365
50
287
-197
-195
207
-173
-23
284
-267
-4
70
-259
10
414
-210
42
444
-512
73
308
-305
-79
481
-360
-303
447
-156
-237
421
127
-412
469
-73
-228
337
-19
-184
6
39
-327
237
125
-465
242
118
-389
333
50
-369
206
227
-560
217
320
-584
365
125
-125
-3
239
-193
-114
620
-362
134
295
-349
42
2
-206
-16
217
-263
86
-29
-457
350
36
-215
300
-147
-216
129
33
-13
223
39
-192
-5
181
-244
269
-39
-4
89
-250
28
-44
204
-183
63
20
-293
128
-182
99
-272
356
-388
-132
386
-242
-82
205
132
-241
435
-25
-203
144
24
3
-80
305
-197
-91
176
-201
181
-66
92
55
-156
103
-43
26
-52
155
-1
-137
261
-201
87
134
-5
-8
45
-70
0
-33
-2
-36
-1
-10
-236
213
-16
-240
438
-384
104
258
-367
279
-47
56
42
76
-74
-83
202
-223
197
131
-97
164
-134
3
-246
162
-71
-164
203
-315
49
-260
79
19
-72
112
-94
157
-196
136
96
-153
275
113
-364
275
12
-377
401
-202
-117
222
-13
-72
283
-169
-16
135
-74
-217
165
-11
-349
531
-301
-8
52
-3
60
-305
638
-454
86
192
-74
-327
365
25
-372
549
-127
-284
194
168
-380
355
263
-535
373
-37
-315
182
168
-177
-58
372
-446
-26
393
-351
-55
288
-208
-155
207
-1
-203
168
-1
-293
147
86
-147
-14
239
-249
-31
266
-218
64
106
216
-164
67
198
-233
33
156
-237
22
17
-57
-69
189
-179
-42
174
-69
-28
148
-19
-204
351
-130
-167
179
31
-241
94
312
-557
428
79
-348
337
-23
-206
112
5
-92
-74
121
-96
-257
68
41
-147
-14
100
78
-517
460
-62
-241
355
-128
45
-149
73
238
-271
269
92
-312
190
91
-245
172
27
-144
65
-19
-166
19
50
-164
73
144
-313
259
66
-359
494
-238
22
190
-15
-262
329
79
-270
247
45
-312
35
217
-322
402
-349
252
-54
-306
289
-279
176
-162
136
-108
-84
150
-69
-86
282
-126
101
138
-84
191
-118
338
-381
254
26
-471
537
-199
-295
502
-345
28
84
-195
216
-134
49
44
-136
-61
81
-209
62
193
-177
275
-150
113
47
-165
108
-6
-283
430
-486
153
442
-657
490
37
-250
207
144
-243
268
109
-254
135
76
-170
3
266
-261
142
65
-178
-1
234
-196
-137
439
-601
301
-52
-238
421
-469
314
-13
-314
331
-183
-14
38
-153
222
-484
355
-11
-417
564
-413
99
107
-282
343
-222
-133
355
-280
-148
260
-124
-178
286
-183
87
-256
288
-31
-441
712
-391
-221
731
-670
64
411
-377
133
-198
388
-516
-43
673
-704
278
519
-739
388
-51
2
54
-193
540
-381
-207
413
-248
-216
263
164
-313
-14
509
-554
85
416
-321
-14
59
211
-516
326
147
-507
524
-107
-224
273
-183
224
-272
310
31
-571
718
-480
-262
748
-624
105
336
-285
-7
122
123
-334
292
174
-450
378
-16
-211
191
-11
-35
-102
131
-47
60
-51
86
184
-439
427
-129
-173
239
-93
95
-346
405
53
-620
878
-400
-295
706
-571
209
-122
369
-273
-172
828
-1178
758
157
-767
870
-503
330
-372
96
338
-796
839
-376
-225
617
-767
675
-497
164
311
-578
544
-305
21
199
-375
346
-95
-365
686
-597
220
19
-190
344
-300
170
8
-142
154
-209
236
-146
-47
327
-507
394
-108
-215
289
-172
92
-60
108
-314
287
-193
-146
285
-280
302
-175
76
-97
-148
290
-532
505
-290
-205
620
-754
601
-338
-31
420
-691
812
-294
-148
386
-304
148
-319
380
-154
-297
480
-256
-393
660
-429
183
-257
217
-73
-355
623
-222
-244
437
-274
-28
-65
376
-220
-47
426
-419
209
43
50
-185
263
162
-621
714
-472
-188
624
-719
469
-160
-26
64
-183
395
-414
239
144
-377
207
-67
67
-362
476
-122
-467
754
-643
275
-122
188
-97
-382
754
-756
305
214
-558
522
-461
453
-242
-214
750
-885
584
63
-498
671
-618
420
-271
-27
459
-1005
1218
-866
102
666
-993
930
-547
230
18
-337
680
-1118
965
-285
-596
860
-480
47
-102
569
-383
-602
1597
-1176
-108
1353
-1160
125
596
-195
-539
652
74
-815
829
-384
145
-122
130
365
-818
943
-429
-384
842
-705
167
277
-341
158
-162
323
-606
543
83
-816
1229
-824
-33
666
-673
413
-234
370
-375
-130
841
-1126
707
131
-829
844
-676
413
-336
179
299
-838
1106
-768
-141
964
-1125
676
-58
-370
485
-509
603
-612
286
166
-400
308
-194
321
-337
64
426
-798
557
-120
-231
158
-66
264
-751
820
-190
-726
1183
-1024
582
-155
-176
673
-1073
1102
-731
-234
768
-1098
899
-401
-183
754
-1022
954
-563
238
182
-392
838
-1034
779
-27
-789
969
-695
306
-20
-22
469
-757
764
-251
-293
506
-235
49
56
-75
144
-275
41
173
-18
-328
489
-48
-256
485
-170
-212
360
-285
219
-252
148
31
-324
505
-619
335
166
-593
670
-403
-100
328
-414
418
-581
155
287
-737
684
-431
136
9
-160
512
-768
727
-241
-134
369
-465
451
-239
92
241
-666
676
-158
-646
922
-296
-740
1140
-378
-780
1034
-385
-458
500
112
-515
242
422
-837
534
207
-822
903
-269
-513
950
-601
-19
290
-31
-286
-14
675
-1160
789
83
-697
722
-327
93
-34
171
-34
-250
556
-583
336
123
-604
972
-897
250
534
-715
446
-88
108
-465
539
146
-853
824
-281
-296
292
12
-58
-262
497
-209
-427
596
-325
11
124
-2
-20
-428
725
-477
-63
551
-692
420
-84
-204
393
-584
680
-276
-365
760
-888
627
-285
41
144
-428
630
-557
103
276
-471
261
28
-229
61
210
-325
19
438
-700
503
-6
-446
596
-572
325
-84
-99
444
-589
742
-423
-68
751
-1112
949
-349
-156
419
-358
372
-575
554
-275
-386
747
-683
171
151
-174
162
-326
549
-409
-53
510
-696
233
232
-449
74
217
-287
96
128
-40
25
208
-64
-265
370
-302
-17
370
-451
330
-128
-136
129
-84
98
-51
121
77
-100
-24
230
-341
150
232
-469
382
95
-334
559
-398
219
214
-410
576
-579
314
111
-586
845
-764
49
746
-1091
894
-155
-247
317
-357
606
-858
561
260
-915
1037
-515
-263
641
-542
374
-121
7
33
-89
329
-434
306
146
-577
642
-282
-302
532
-334
53
-90
139
-189
-284
671
-844
255
160
-505
328
-144
-14
-124
68
83
-283
352
-171
-107
326
-329
242
132
-278
415
-114
-253
423
-351
117
164
-347
310
-6
-303
395
-224
-32
254
-192
127
-92
57
124
-462
378
0
-442
588
-445
215
-74
-72
318
-559
632
-267
-182
548
-561
241
125
-291
208
152
-250
37
276
-358
165
161
-142
-3
112
-93
-153
159
-128
-74
112
-116
16
-82
-182
111
-73
-237
320
-164
-183
424
-413
101
54
-140
94
-63
103
-75
140
78
-204
279
-102
-70
276
-43
-137
229
-24
-252
353
-192
-143
209
-71
-126
46
183
-334
245
-28
-119
101
-87
72
-227
252
-31
-227
238
-96
23
-60
80
-11
-141
256
-81
-205
229
48
-150
48
113
-161
-108
432
-329
-40
318
-276
61
45
-11
-219
178
81
-332
351
-118
-81
221
-38
-189
176
172
-388
354
14
-234
423
-85
46
-3
282
-224
0
338
-309
153
121
-28
-68
175
26
-328
447
-295
19
302
-409
169
-20
-253
-28
166
-195
-56
150
-308
-160
139
-179
-204
248
-20
-194
242
-187
-2
-23
-23
181
-283
258
103
-333
391
-9
-36
169
122
-50
3
75
-6
-116
30
236
-501
240
-58
-257
199
-208
129
-212
76
178
-184
81
-32
-34
-42
154
2
-45
183
-73
107
46
42
185
-14
87
121
50
-90
31
154
-113
90
-69
-152
-79
-176
-141
-189
-33
46
-186
-154
-30
-210
-171
-18
-155
86
28
-102
225
-174
179
14
-217
222
-28
100
165
275
118
22
267
-94
202
29
-32
236
17
223
-195
7
11
-137
124
-131
199
-41
-27
-150
-61
113
-281
113
127
-189
-69
-10
-269
35
390
90
223
438
-281
-315
-185
-135
202
331
281
109
-16
-280
-281
-190
-167
129
201
104
-80
-110
-297
-296
-58
-149
-81
259
64
-78
33
-233
-224
-82
-186
-251
316
64
-146
347
-74
-334
-56
-76
-221
268
287
-348
270
117
-286
244
-58
-55
133
183
186
26
402
-42
-28
275
-473
104
478
108
690
407
-312
-287
-163
-305
-23
797
358
304
428
-717
-921
-271
-290
153
616
281
42
-171
-427
-842
-440
-166
24
660
401
185
154
-327
-573
-266
-150
-86
589
685
277
258
-166
-674
-370
42
80
693
554
75
82
-544
-765
-416
-70
147
397
341
-171
-318
-381
-624
-394
339
149
342
354
-285
-15
-313
-140
244
412
513
392
209
-91
201
210
257
526
-45
-392
-252
-108
-11
342
500
286
254
-482
-1192
-612
-200
202
420
287
-174
-465
-764
-1029
-365
88
120
570
451
-78
-249
-392
-238
18
169
202
471
653
448
170
-23
-162
-223
-38
211
338
515
71
-283
-161
-588
-566
-135
97
237
5
-358
-490
-467
-456
-300
-81
251
282
-20
58
55
-144
128
221
319
599
393
333
357
471
346
415
693
-29
-186
55
49
449
439
199
213
146
-807
-1666
-791
49
336
705
37
-579
-743
-1361
-1251
-365
238
283
409
198
-457
-554
-518
-199
486
534
269
754
1024
537
100
39
-147
-6
306
396
649
694
-73
-385
-221
-463
-648
-326
34
53
-181
-821
-886
-492
-491
-720
-443
-63
-20
46
-93
-139
-68
-52
9
499
804
516
508
576
492
644
746
1221
1496
259
-751
-387
246
427
1026
872
599
378
-1448
-2561
-1202
174
428
585
258
-775
-1309
-1813
-1804
-591
215
93
522
770
-33
-716
-735
-331
326
517
343
1221
1919
1155
158
-177
-293
102
769
1084
1307
1088
-18
-769
-599
-702
-820
-16
612
153
-540
-1315
-1495
-853
-701
-838
-315
198
-174
-597
-543
-666
-446
43
483
1091
1303
668
110
181
40
45
664
1705
2276
2051
1076
-695
-1289
-721
-78
733
1703
1222
456
-201
-1971
-3165
-1810
-203
656
1356
490
-1225
-1540
-2211
-2648
-1337
-6
549
1228
1229
-96
-959
-1082
-1031
79
1077
1256
1861
2236
1294
-6
-403
-395
385
1215
1289
1413
1184
-34
-926
-814
-821
-795
-43
220
-217
-539
-1218
-1954
-1478
-1030
-1111
-409
320
-228
-751
-677
-962
-737
-74
485
1203
1574
839
299
244
196
344
1029
1564
1939
2168
1551
1110
-227
-1664
-1106
508
1235
1756
1315
191
-213
-1921
-4342
-2667
497
1445
1513
664
-1415
-2542
-3157
-3237
-1292
1277
1646
1290
1272
-379
-1997
-1889
-966
850
2201
1902
2109
2591
1297
-617
-1019
-377
764
1832
2008
1921
1379
-951
-2544
-1793
-940
-347
618
1040
389
-770
-2222
-3397
-2144
-243
-12
701
1399
-188
-1918
-1860
-1345
-720
649
1586
1754
1717
198
-1202
-515
604
1391
1637
1601
1713
1329
528
184
1469
1021
-1574
-990
393
657
1133
627
-326
100
-948
-4341
-3530
926
1733
1064
953
-1517
-3045
-2911
-3040
-1256
1850
1938
733
1217
292
-2213
-2237
-694
1276
2845
2045
1186
2135
1583
-834
-1406
-75
1049
2058
2121
1559
1254
-272
-2344
-2101
-588
-388
-259
626
504
-852
-1819
-2888
-2537
-696
-206
-102
1193
897
-1125
-1811
-1231
-846
-45
1001
1140
1535
1127
-714
-780
669
1236
1366
1407
1054
968
689
370
1128
2275
1731
-1174
-2213
-880
4
581
1240
835
331
-612
-3197
-4372
-1165
1525
1520
1315
-205
-2663
-2973
-2642
-1869
274
1703
1170
1182
1141
-975
-2263
-1229
306
1782
2261
1444
1588
1876
115
-1557
-790
525
1690
2469
1777
642
-295
-1694
-1945
-129
496
-290
163
86
-1111
-1678
-1951
-2029
-706
567
-429
-466
877
-295
-1635
-574
-351
-579
552
1471
932
465
-147
-905
164
1510
1346
931
831
747
373
-39
1156
2602
2860
1369
-2080
-3127
-1379
282
1121
1720
1285
-96
-1275
-3363
-4564
-1155
2101
2035
1327
-292
-2420
-2602
-2313
-2172
-349
1543
1403
1533
1191
-1186
-2391
-1321
307
1798
2488
1862
1893
1927
34
-1803
-1051
785
2090
2482
1471
115
-492
-1429
-1547
6
1040
-60
-687
-219
-1733
-2585
-1813
-1657
-529
889
276
-1002
-525
-476
-1378
-156
969
-69
338
1057
340
-603
-1001
-57
1401
2355
1752
314
-299
-115
278
276
882
2893
3199
2116
149
-3511
-3638
-511
1802
2126
1992
582
-808
-1439
-4286
-4986
-244
3343
2816
1254
-1298
-3152
-3138
-3073
-2293
723
2752
2150
1833
471
-2357
-3064
-1416
917
3006
3527
2293
1758
908
-1352
-2394
-640
1813
3184
2627
979
-304
-1199
-2084
-1704
171
1219
543
-459
-941
-2240
-2451
-1666
-1349
-4
1097
-12
-996
-956
-1439
-1316
474
1083
185
881
856
-379
-851
-649
650
2184
2477
1574
212
-480
-668
-311
479
1953
3573
3142
1624
-1507
-4721
-3478
43
2069
2282
1578
-159
-1066
-2704
-5909
-4342
1714
4342
2821
556
-2291
-3494
-3124
-2927
-1342
2335
3705
2679
1574
-947
-3411
-3009
-207
2778
4284
3567
1782
1051
-259
-2277
-2047
654
3175
3476
1843
-194
-1566
-2269
-2441
-1214
1025
1786
519
-1144
-1951
-2857
-2899
-1616
-586
1114
1710
-9
-1395
-1984
-1925
-372
1698
2036
1437
1307
-67
-1510
-1328
-523
1381
3387
2970
954
-1080
-1846
-1295
41
1349
2932
3849
2647
924
-3249
-5750
-2821
1348
3054
3021
1468
-785
-1432
-3712
-6605
-2773
3843
5158
2733
-489
-3798
-4157
-3118
-2496
-130
3901
4172
2223
523
-2363
-3886
-2043
1446
3905
4711
2911
815
-34
-1153
-2621
-1656
1541
3760
3200
850
-1455
-2529
-2532
-1978
-102
1901
1686
-428
-1966
-2623
-3202
-2263
-727
497
2142
1542
-1128
-2319
-1824
-785
1179
2744
1595
619
572
-1035
-1793
-873
796
2875
3566
2104
-628
-2167
-1672
-585
873
2132
3441
3153
1413
-1144
-5385
-5137
-555
3100
3743
2657
-43
-1816
-2235
-5218
-5665
750
6016
4864
1386
-2556
-4631
-3451
-2362
-1527
1740
4771
3367
888
-1432
-3654
-3516
-486
2967
4611
4111
1420
-659
-1300
-1891
-2105
52
3357
4448
2290
-899
-3028
-3027
-1727
-207
1782
2583
867
-1768
-3302
-3534
-2697
-652
671
1622
2317
34
-2832
-2948
-1356
611
2793
2782
682
198
-368
-2214
-1997
197
2264
3703
3057
379
-2120
-2429
-1283
518
2114
3218
3574
2178
360
-3682
-6313
-2952
2402
4600
3396
842
-1871
-2136
-3456
-6379
-3073
4622
6869
3152
-1688
-5310
-4656
-2495
-1377
404
4203
4910
1988
-930
-3319
-4032
-1762
2164
4616
4866
2574
-473
-1655
-1400
-1480
-572
2157
4374
3445
-211
-3133
-3648
-2164
-332
1262
2351
1476
-1064
-3410
-4135
-2954
-645
934
1457
1902
757
-2580
-3747
-1900
725
3205
3865
1243
-819
-642
-1644
-2438
-214
2747
3855
3232
698
-2449
-3216
-1347
561
1984
3549
3885
2275
401
-2928
-6694
-4284
1881
5100
4232
1428
-2256
-2879
-2798
-5782
-4267
3738
8245
4865
-1388
-6368
-6029
-2356
-690
209
3355
5034
2390
-1336
-4138
-4455
-1732
2311
5061
5218
2444
-1213
-2473
-1795
-851
-259
1890
4513
4428
324
-3963
-4755
-2198
895
2403
2558
1603
-848
-3882
-5297
-3635
-386
2129
2444
1496
158
-2776
-4526
-2575
942
4239
5036
1627
-1805
-1722
-1709
-2197
-237
3074
4442
3673
463
-3197
-3716
-1387
949
2341
3543
3496
1871
-103
-1551
-5030
-5225
103
4882
5388
2305
-2354
-4231
-1682
-2852
-5310
-90
7247
7178
885
-5833
-7855
-2836
856
714
1572
4085
3250
-514
-3963
-4698
-2002
1684
4450
5004
3096
-776
-3003
-2411
-299
1022
1570
3081
4231
1808
-3318
-5597
-3366
1117
3813
3162
1223
-817
-3282
-5130
-4128
-716
2798
3264
1230
-670
-2676
-4582
-3289
715
4389
5511
2316
-2508
-2969
-919
-969
-631
2105
4306
3655
318
-3439
-4140
-1293
1586
2418
2499
2561
1962
203
-893
-3086
-5087
-1550
3936
5515
2251
-2023
-4030
-1397
-711
-4603
-3064
4814
8411
2958
-5081
-8463
-3530
1856
1457
154
2287
3703
915
-3187
-4956
-2102
1825
3901
4277
2927
-444
-2884
-2350
-267
1680
1535
1636
3152
2618
-2061
-5610
-3934
889
4211
3187
393
-1005
-2117
-4061
-4408
-1334
2656
3735
1457
-1268
-2703
-3805
-3282
25
4000
5480
2713
-2241
-3658
-1064
-138
-364
1542
3800
3341
396
-3235
-3811
-734
1989
1997
1444
1492
1182
330
-312
-273
-2253
-2952
55
3340
3119
127
-2552
-2136
951
-1293
-5244
-1272
6339
6492
-553
-6772
-6274
422
2898
-102
-774
2573
3250
-118
-3895
-3693
327
2924
3151
2452
948
-1284
-1948
-938
1023
1844
750
1259
3215
1537
-3099
-4613
-1663
2841
4039
1014
-1455
-1254
-2061
-3724
-2971
-26
2877
2504
-349
-2184
-2445
-2856
-1867
1523
4305
3600
-247
-3534
-2219
565
385
195
1886
3239
1980
-1299
-3481
-1562
1706
2324
969
222
465
849
372
-6
656
-1042
-2348
-666
1459
1717
422
-1271
-953
1059
-1937
-5356
-1322
5074
5340
-84
-5235
-4711
769
1402
-1635
-1048
2816
3636
229
-3867
-3635
508
2454
2163
1894
1107
-252
-1139
-1222
376
1554
727
1255
2764
1092
-2626
-3782
-1232
2605
3461
475
-1401
-1196
-1576
-2820
-2500
15
2444
1936
-838
-2261
-2529
-2373
-574
2189
3474
2213
-895
-2847
-1022
695
69
334
2380
2828
590
-2208
-2750
109
2602
1932
163
-76
771
712
41
113
1417
648
-1783
-2008
-712
1308
1664
417
-603
217
-1637
-4834
-2446
3008
5186
1777
-3089
-4835
-1495
10
-1645
-631
3073
4413
778
-3945
-4715
-391
2629
2530
2179
1643
195
-1549
-2072
-270
2304
2183
1592
2051
923
-2328
-3631
-1525
2512
4234
1381
-1540
-1633
-1448
-2720
-2598
-349
2284
2453
-357
-2871
-3185
-2335
-593
1978
3138
1947
-877
-2807
-1730
119
263
749
2694
2758
104
-2706
-2759
367
3255
2456
252
-198
290
113
-321
194
1962
2729
-404
-3327
-2943
95
2317
2141
256
-153
-402
-3655
-4613
-515
4251
4815
792
-4155
-4325
-1433
-1618
-1158
2110
4623
2668
-2088
-5585
-3179
1511
2737
2687
2724
1189
-1508
-2900
-1794
1870
3648
2166
1444
1351
-1135
-3380
-2463
1190
4568
3309
-762
-2087
-1487
-2213
-2521
-779
1838
3031
606
-2794
-3563
-2595
-1394
1047
3032
2407
-300
-2875
-3016
-812
434
830
2538
3254
623
-2792
-3431
-582
3011
3365
1330
-41
-260
-933
-1454
-221
2208
3696
2758
-1040
-4346
-3487
-247
2608
3159
1879
-7
-643
-2958
-5079
-2420
3092
5872
3340
-2305
-5632
-3298
-1346
-476
2018
4370
3348
-647
-5038
-5149
-406
2641
3487
3729
1475
-2032
-3594
-2697
737
3854
3003
1708
1549
-913
-3735
-2976
543
4304
4392
294
-2255
-1639
-2206
-2486
-685
1827
3220
1418
-2458
-3946
-2585
-1340
935
2929
2412
-58
-2672
-3504
-1406
628
1050
2152
2403
188
-2603
-3239
-731
3079
3825
1590
-14
-821
-1300
-1199
30
1945
3391
2098
-191
-1746
-3040
-2119
310
2632
2833
1350
-1442
-1858
-1570
-2658
-1887
1384
3896
2849
-1270
-4679
-2818
-29
30
660
2239
2689
659
-3091
-4735
-1124
2181
2460
2402
1328
-737
-2081
-2613
-1012
2458
3244
1932
1481
-287
-2799
-2859
-720
2573
4068
1572
-1579
-1600
-1957
-2202
-746
1482
3030
2067
-1548
-3602
-2194
-830
644
1949
1613
-201
-2059
-2848
-1301
840
993
1121
1308
11
-1890
-2106
-227
2524
3128
692
-952
-792
-389
-261
520
1471
1934
966
-970
-1437
-532
639
864
529
61
-432
-606
-503
-12
219
303
-419
-1158
-954
-104
771
895
169
-625
-614
-961
-897
132
1186
1469
273
-1704
-1960
-358
610
1088
1293
537
-285
-1095
-1513
-414
1294
1643
1435
480
-1198
-1814
-951
646
2039
1820
143
-561
-873
-1307
-750
630
1802
1929
303
-1719
-1864
-1135
-346
803
1362
743
-365
-1586
-1867
-758
244
928
1502
826
-685
-1590
-1268
79
1137
1090
752
503
-395
-1150
-821
349
1376
1222
232
-259
-159
-257
-118
330
489
114
-376
-316
161
470
232
208
49
-540
-885
-269
926
1352
339
-850
-808
-470
-534
-314
582
1317
733
-1067
-2142
-1255
95
828
1036
774
111
-776
-1500
-1149
216
1275
1639
1211
-78
-1399
-1522
-435
1063
1798
1295
384
-242
-909
-1327
-682
583
1395
1033
-225
-1180
-1103
-617
-66
416
409
-28
-335
-547
-634
-436
-49
344
356
-74
-515
-265
200
255
-21
-69
213
352
138
94
394
484
191
-55
72
436
563
267
56
138
48
-217
-65
286
511
387
-66
-378
-430
-442
-305
143
436
295
-228
-736
-776
-482
-176
153
431
267
-153
-682
-797
-316
218
419
418
232
-87
-225
-171
180
607
564
262
225
326
308
264
297
339
240
-233
-460
-69
350
314
-66
-404
-414
-373
-479
-249
289
357
-137
-689
-829
-564
-224
-9
214
305
-64
-569
-715
-328
195
505
526
510
257
-247
-445
-109
400
634
583
359
271
126
-144
-63
306
439
260
-6
-73
60
19
-128
-154
4
16
-93
-141
-68
-74
-286
-436
-365
-252
-205
-22
215
193
-283
-788
-665
-128
263
325
253
245
93
-380
-647
-170
595
914
678
89
-263
-201
-94
81
438
661
514
97
-387
-546
-313
74
324
310
60
-282
-556
-605
-337
-9
172
176
-48
-304
-393
-375
-259
20
132
-15
-125
-185
-116
88
214
276
320
183
-42
-24
158
297
328
240
186
186
95
74
161
261
183
-42
-160
-44
188
228
168
29
-203
-419
-432
-258
12
209
143
-25
-233
-524
-630
-307
168
443
286
-149
-330
-263
-205
-109
130
376
441
168
-227
-321
-119
164
349
356
236
106
-53
-216
-187
-4
176
231
122
-94
-223
-253
-217
-71
-30
-73
-106
-130
-132
-111
-134
-159
-50
24
-81
-207
-181
11
138
150
126
147
86
-87
-141
25
238
272
221
195
173
12
-180
-175
62
265
235
164
155
116
-94
-302
-221
82
231
105
-61
-159
-218
-314
-281
-65
145
184
60
-17
-92
-151
-171
-34
190
305
217
15
-71
0
123
141
165
225
258
208
119
-22
-82
19
44
7
25
4
-26
-30
-138
-261
-251
-149
8
152
150
29
-78
-125
-152
-175
-129
74
303
241
-180
-521
-397
-9
216
250
235
115
-123
-291
-241
-58
231
380
289
155
-38
-280
-365
-200
37
268
329
188
-28
-232
-355
-239
24
82
-36
-101
-124
-189
-209
-163
-49
41
15
-32
-65
-137
-142
-66
27
49
-29
-67
15
127
79
-2
41
196
245
154
72
94
123
94
79
18
-40
-41
-39
-40
-2
39
62
33
-20
-65
-48
2
-54
-118
-96
-26
13
40
19
-6
-37
-119
-93
39
167
172
93
30
-18
-74
-120
-9
218
343
245
-9
-132
-90
-19
39
108
167
150
76
-62
-143
-133
-72
35
131
135
64
19
-10
-46
-96
-113
-6
143
167
41
-137
-240
-260
-190
-58
74
175
167
28
-124
-203
-154
33
184
218
111
-3
-48
-79
-100
-49
61
162
174
77
-61
-129
-175
-148
9
103
149
168
14
-174
-199
-128
-35
61
85
43
28
9
-60
-60
31
103
100
75
96
118
51
-79
-103
29
193
229
106
-30
-89
-126
-145
-103
-19
44
40
-48
-127
-154
-114
9
115
90
-16
-57
-8
19
1
53
151
207
130
-49
-157
-154
-118
-49
85
161
138
58
-73
-164
-137
-18
137
211
101
-80
-173
-101
-2
15
-37
-15
3
-61
-97
-91
-49
35
79
23
-31
-44
-19
-2
-15
-75
-90
-32
18
32
17
38
38
-52
-165
-163
-101
-72
-77
-92
-58
-45
-103
-130
-45
44
76
47
-8
8
44
20
26
97
143
121
33
-9
4
32
70
100
90
61
49
21
37
79
116
151
168
137
60
-16
-49
9
85
90
43
-4
-43
-96
-155
-172
-83
22
14
-66
-143
-153
-104
-95
-155
-161
-82
-31
-42
-45
-40
-27
-29
3
67
97
97
52
21
-15
-41
8
157
289
260
137
19
-11
39
76
113
197
222
88
-50
-113
-90
-4
25
10
-1
-49
-144
-185
-161
-84
-18
-4
5
-42
-120
-170
-122
-8
74
90
53
19
1
4
38
110
168
178
118
45
19
6
3
42
82
84
55
-7
-38
-44
-74
-73
-41
-32
-58
-103
-145
-134
-110
-139
-161
-126
-60
-51
-96
-112
-77
-39
-8
15
31
27
12
20
19
40
61
31
20
49
64
60
30
1
38
107
117
96
80
49
49
51
24
11
21
25
13
-53
-102
-101
-121
-136
-107
-77
-77
-47
-58
-108
-115
-85
-20
26
28
30
53
26
-22
0
52
100
128
100
83
114
151
155
143
138
101
64
92
107
85
37
1
6
-3
-33
-62
-90
-93
-105
-138
-170
-198
-202
-175
-142
-114
-87
-51
-41
-55
-84
-118
-97
-35
30
77
68
34
6
58
125
129
133
123
113
138
130
83
75
112
120
67
25
17
33
49
38
-5
-57
-106
-116
-76
-58
-79
-111
-120
-93
-96
-143
-140
-76
-37
-65
-81
-41
-2
6
-12
-29
18
59
68
108
162
163
117
90
94
129
155
143
113
59
-1
-48
-56
-5
44
47
8
-50
-101
-128
-128
-91
-63
-49
-69
-117
-132
-123
-98
-65
-36
4
6
-32
-47
-14
36
72
72
61
76
64
21
18
50
98
107
78
62
44
20
19
67
68
43
20
4
-23
-61
-94
-92
-42
-8
-60
-143
-150
-98
-56
-68
-70
-44
-50
-83
-102
-57
13
76
76
19
0
7
14
20
50
102
167
169
104
41
33
74
94
81
48
64
71
30
-5
-22
-4
-3
-29
-52
-53
-41
-47
-65
-75
-76
-85
-82
-69
-57
-59
-71
-68
-54
-55
-61
-47
-25
-3
25
39
28
25
28
47
81
80
80
110
121
79
28
8
35
69
58
29
28
37
4
-30
-5
30
28
-5
-32
-37
-34
-41
-56
-53
-44
-60
-45
-12
-10
-19
-16
-29
-28
-18
-9
19
38
36
52
86
74
33
3
31
92
128
111
98
87
35
-28
-52
0
69
72
18
-26
-58
-97
-99
-48
14
41
-10
-74
-101
-101
-101
-94
-39
14
7
-51
-88
-82
-63
-38
-2
19
36
52
24
-8
3
27
63
86
60
23
21
31
40
40
17
22
40
33
20
22
15
-8
-26
-42
-40
-28
-5
29
32
-9
-51
-43
-4
52
74
48
10
-26
-56
-73
-42
27
86
81
29
-38
-84
-72
-18
31
52
39
11
-16
-64
-117
-94
-15
43
52
27
-10
-30
-39
-52
-26
25
48
28
-7
-56
-75
-61
-31
36
83
60
29
7
-21
-32
-40
-16
25
17
-29
-71
-75
-46
-8
20
21
9
-25
-65
-85
-70
-33
16
67
67
22
-33
-45
-14
35
63
69
70
39
5
-3
25
64
81
85
68
41
24
10
23
40
34
29
37
44
30
11
-19
-30
-14
-9
-12
-18
-27
-33
-27
-29
-52
-59
-40
-18
-9
-33
-59
-48
-26
-11
6
20
26
28
29
14
0
7
19
57
79
51
12
-2
7
4
4
31
63
63
17
-39
-59
-42
-16
-2
6
4
-23
-69
-98
-71
-8
29
29
9
-26
-51
-51
-29
22
51
34
-2
-21
-28
-24
7
31
62
78
49
6
-9
9
46
59
40
25
-5
-31
-49
-61
-46
-11
6
-26
-75
-113
-116
-75
-32
-29
-38
-39
-48
-57
-73
-62
-6
42
49
35
36
45
40
25
28
59
100
115
103
87
82
69
47
49
71
87
66
39
29
10
-27
-43
-23
3
13
-16
-52
-73
-83
-102
-113
-92
-68
-56
-52
-59
-81
-98
-95
-70
-30
7
29
36
29
-5
-24
-8
18
52
82
81
57
41
24
9
21
44
49
49
37
13
-8
-33
-35
-11
5
12
-1
-31
-50
-53
-38
-13
7
10
-7
-33
-50
-49
-21
11
28
34
27
16
2
7
24
45
57
51
48
32
11
10
18
21
33
17
-26
-32
-25
-26
-30
-39
-26
-11
-17
-39
-61
-60
-40
-29
-35
-43
-34
-25
-28
-23
-14
1
30
34
28
38
46
45
44
48
50
64
58
38
46
46
43
53
47
31
14
1
-13
-7
0
-16
-12
5
2
-13
-34
-51
-50
-37
-31
-31
-19
-14
-27
-40
-48
-35
-23
3
20
12
10
11
7
6
10
3
-9
2
13
20
23
18
23
34
36
22
10
-2
-8
-9
-2
13
11
0
-8
-18
-20
-30
-45
-49
-34
-19
-20
-21
-21
-27
-25
-36
-39
-16
-1
18
20
20
14
15
39
48
54
48
36
-4
-7
18
29
67
88
86
47
2
-41
-73
-40
-3
15
22
6
-18
-39
-54
-66
-57
-39
-28
-19
-10
-1
-16
-53
-64
-57
-33
-27
-6
19
31
32
10
0
1
-4
5
19
31
38
40
46
41
37
25
-11
-19
-16
-13
0
12
21
-6
-22
-17
-35
-47
-56
-46
-25
-21
-36
-44
-33
-21
-10
-4
-7
-24
-54
-61
-33
5
65
91
81
63
8
-45
-55
-13
35
85
129
130
120
82
26
-4
-8
15
31
44
53
47
27
-7
-33
-41
-55
-57
-36
-17
6
0
-28
-35
-56
-77
-80
-71
-40
1
43
38
41
20
-9
-15
-34
-25
6
29
60
69
56
32
14
2
-12
-2
12
30
34
7
4
0
-11
-3
-20
-28
-36
-34
-50
-61
-23
-21
-3
-14
-35
-40
-76
-69
-35
-15
16
42
52
29
10
-14
-34
-15
14
31
60
72
69
41
23
22
10
18
30
34
45
36
30
16
-7
-1
-19
-15
-25
-20
0
-6
3
-11
-14
-17
-40
-31
-19
0
27
33
50
20
10
-6
-24
-5
-5
30
70
68
60
19
-4
-12
-27
-19
-21
-7
-1
-20
-29
-30
-5
-18
-19
-18
-48
-37
-47
-36
-22
-42
9
1
-21
-6
-18
0
3
15
20
16
40
11
15
46
27
26
13
14
36
22
28
30
37
39
4
12
3
20
13
-24
2
-13
10
11
-21
-13
-47
-41
-42
-47
-28
-42
3
-1
-25
-30
-67
-32
-20
-11
31
17
27
10
0
6
16
45
28
19
23
-13
14
14
22
68
35
18
-20
-54
-58
-47
14
3
27
33
-58
-72
-101
-83
-71
-27
58
15
44
14
-78
-95
-78
-52
-13
58
93
38
-2
-4
-14
-18
61
106
49
104
59
-119
-48
-79
-27
74
70
129
34
20
-73
-196
-105
-63
108
192
149
179
-36
-145
-187
-230
-50
102
215
180
124
25
-192
-259
-137
-93
11
172
142
77
48
-61
-309
-115
44
-144
188
111
-32
180
-20
-51
-100
-96
-113
-130
63
-32
153
227
1
83
-52
-307
-119
-33
-115
200
275
121
232
0
-316
-197
-220
2
190
270
456
159
110
-206
-397
-241
-189
251
219
317
439
-98
-143
-217
-490
-149
44
232
270
185
231
-323
-188
-234
-464
119
113
189
282
115
-27
-297
-151
-269
-86
264
35
377
100
-133
6
-348
-125
104
155
133
293
74
-236
80
-343
-87
205
59
239
20
-104
-174
-202
-202
2
269
206
221
48
-233
-292
-3
-321
3
443
-29
316
45
-282
-162
-145
-71
-105
379
132
68
214
-273
-55
-132
-127
236
-79
328
51
-136
115
-191
60
51
-9
202
-97
18
-34
-76
178
-200
232
-171
-331
394
-508
142
179
-106
191
-148
143
-373
19
270
-445
312
158
-131
141
161
-116
-207
315
-143
-127
448
-245
140
308
-314
58
121
-308
3
273
-332
85
231
-331
-16
170
-400
27
162
-186
45
-110
150
-229
86
164
-453
454
-24
-267
296
-398
204
-10
134
199
-96
513
-541
315
-87
-483
734
-349
253
294
-188
-23
-97
13
-331
157
245
-242
133
299
-699
203
74
-587
418
-137
-78
22
85
4
-418
309
-338
-110
203
-153
-34
201
82
-262
198
-336
55
208
-380
597
-236
195
92
-439
475
-600
444
113
-392
798
-315
-78
268
-376
128
-162
94
108
-270
542
-409
177
86
-342
427
-534
487
209
-418
793
-459
56
16
-288
176
-253
570
-159
88
179
-217
-66
-107
149
-200
94
296
-243
0
-7
-144
-217
159
-139
57
129
-103
291
-547
251
-220
-257
346
-143
296
-96
99
46
-561
362
-286
-74
629
-337
408
-66
-232
13
-428
273
-2
248
325
-125
124
-550
82
-201
-189
682
-162
284
252
-556
30
-227
-229
274
-173
520
-56
-56
-15
-505
84
-276
199
133
-146
565
-444
111
131
-592
473
-144
152
191
-156
156
-334
122
-18
-142
425
-29
159
-6
-240
3
-271
173
-142
153
111
-143
32
-145
-208
-50
197
-258
272
39
-290
106
-113
41
-131
310
68
-249
504
-359
-88
297
-163
126
231
-195
124
-21
5
-83
243
113
-168
598
-349
-198
594
-739
338
244
-187
290
-136
238
-437
104
-15
-475
390
-30
-72
215
-182
-76
-344
124
-209
-95
404
-103
-96
472
-563
-98
337
-604
450
141
-344
611
-321
-154
331
-557
275
176
-11
242
-147
392
-615
95
469
-951
777
190
-597
615
-264
-107
-221
273
46
-438
900
-563
-9
218
-567
499
-426
263
289
-472
386
-151
-242
86
91
-74
73
119
16
-39
-146
133
-193
-17
189
-36
211
-154
178
-111
-405
537
-569
194
263
-323
304
-260
3
-65
4
-21
208
-47
-13
271
-300
-107
290
-347
252
154
-236
176
-222
127
-107
103
158
-132
232
-155
-82
103
-269
234
99
-214
214
-135
-185
-11
-85
-61
39
37
155
-155
8
59
-324
114
64
-79
48
34
164
-354
173
16
-300
200
115
63
-152
395
-113
-303
460
-206
-134
515
-335
287
-62
-204
376
-241
138
199
-130
71
56
64
-368
153
55
-248
126
208
-227
-61
107
-184
-116
50
134
-160
73
153
-264
-144
193
-241
-63
298
-185
6
82
-86
35
-138
323
-203
-158
654
-725
548
121
-414
688
-559
357
3
-414
657
-539
193
217
-326
379
-547
390
-92
-469
888
-724
167
330
-487
211
-289
358
-482
267
258
-511
413
18
-263
150
10
-48
-134
318
-125
-132
216
-136
7
-28
155
-119
38
215
-143
-115
161
16
-186
147
-53
-179
161
57
-242
18
259
-379
271
61
-293
269
-210
147
-203
61
128
-261
247
-241
108
-269
71
197
-453
458
2
-285
334
-124
-172
134
-134
102
-114
57
284
-445
362
-137
-192
324
-421
591
-435
379
200
-434
692
-611
341
19
-330
606
-590
479
-223
-80
325
-703
809
-682
106
490
-785
741
-378
-4
290
-607
454
-470
28
323
-560
512
-166
-200
287
-362
18
183
-179
215
-146
258
-85
-226
536
-568
306
206
-459
668
-387
158
204
-424
425
-244
11
49
-83
332
-361
434
-157
-195
280
-417
279
-159
85
312
-493
491
-268
-333
475
-631
489
-5
-212
402
-293
-97
64
-276
-95
269
-196
221
-33
180
4
-336
383
-299
-55
304
-221
221
-265
416
-251
-259
603
-432
62
260
31
-323
381
-13
-335
270
-141
52
-243
223
167
-504
525
-84
-307
276
-53
-137
-18
115
-94
-110
119
-113
-22
-8
146
-87
56
78
71
-26
-149
422
-620
306
216
-702
745
-441
-53
444
-433
392
-114
63
187
-255
183
-41
-211
323
-351
61
182
-376
277
-71
-191
301
-44
-45
144
-92
-153
109
-111
-65
56
-180
209
-270
198
-111
-219
497
-660
478
48
-444
643
-416
146
-50
-107
222
-459
460
-221
-172
321
-328
278
-274
146
337
-557
461
89
-482
445
4
-298
91
235
-74
-242
560
-242
-313
554
-317
-120
338
-117
-72
65
83
-209
-46
247
-252
-22
353
-401
353
-61
-108
216
-211
193
-184
98
-128
-92
221
-327
265
-119
-30
112
-205
289
-382
252
136
-456
417
-264
53
-71
150
59
-367
623
-261
-157
547
-423
-82
438
-269
-122
164
122
-308
185
459
-830
583
145
-637
652
-459
283
-333
253
179
-689
884
-819
353
173
-603
848
-666
257
187
-542
470
-455
271
150
-526
803
-537
26
348
-446
135
-35
170
-146
-159
584
-647
112
672
-1105
772
15
-554
540
-174
29
-261
551
-353
-112
466
-297
-53
140
213
-469
315
193
-630
553
-303
-91
182
-99
130
-118
266
-279
205
23
-129
96
235
-252
-141
470
-561
-12
534
-659
310
218
-192
7
105
27
-196
247
99
-313
320
-95
-296
296
-195
-110
349
-354
131
91
-351
289
-213
76
137
-309
469
-375
65
307
-466
386
-133
-3
18
18
60
-223
223
-88
-244
330
-290
102
62
-48
-13
3
-20
-33
-108
180
-48
-197
476
-355
-56
266
-229
-201
411
-332
32
265
-274
81
-19
-27
-111
240
-211
31
376
-592
415
-21
-272
215
13
-138
-49
214
-226
-60
328
-393
161
67
-24
-21
35
119
-316
333
-245
-127
305
-253
57
62
-45
71
-226
338
-251
-78
354
-341
180
2
-132
42
-112
236
-234
37
328
-385
313
-223
-87
216
-322
229
28
-141
19
180
-187
-103
248
-195
-14
201
5
-115
240
30
-272
287
-90
-94
273
-238
141
77
-228
258
-148
31
-114
227
-123
-41
296
-255
89
89
-77
-72
182
-25
-13
-4
21
-71
-151
147
-72
-82
35
128
-189
59
151
-160
127
-37
-2
43
-385
388
-234
-246
562
-571
245
-83
166
-169
-160
587
-665
402
28
-211
119
23
125
-285
234
150
-478
510
-146
-199
429
-374
214
-148
64
147
-261
499
-344
140
83
-138
190
-232
264
-105
-77
212
-218
134
-49
-9
93
-177
140
18
-234
183
-3
-66
-92
232
-256
-60
284
-300
166
48
-36
88
-257
466
-401
-106
608
-716
381
133
-249
146
16
134
-342
339
-50
-298
321
-108
-124
150
-94
-91
62
-47
-70
15
79
-168
111
128
-349
369
-292
40
71
-145
116
-150
187
-169
135
-8
-96
197
-173
71
75
-91
37
-61
40
-128
118
-16
-114
204
-37
-49
31
126
-113
56
256
-263
174
97
-96
-104
121
24
-306
423
-154
-256
409
-264
-72
280
-269
283
-194
105
113
-350
340
-217
48
80
-152
210
-333
158
43
-410
336
-50
-156
269
-120
77
-156
237
-131
-199
428
-275
-128
311
-182
-153
206
-97
-136
63
220
-245
24
424
-631
367
-33
-271
303
-278
231
-216
60
121
-249
137
22
-59
-136
323
-261
12
375
-427
296
-115
93
-66
47
165
-183
224
-221
171
-96
-71
288
-265
185
42
-263
277
-154
-130
303
-338
50
175
-292
108
205
-375
193
65
-261
216
-25
-65
6
-8
72
-369
349
-206
-86
234
-272
182
-118
56
84
-161
155
-14
-131
225
-126
64
-50
51
28
-241
440
-352
117
300
-356
313
-44
-161
275
-142
67
10
101
-42
-107
190
-165
16
140
-161
38
124
-140
-62
139
-278
65
-33
-211
252
-304
200
-70
-242
280
-225
45
49
31
-66
21
125
-179
20
209
-218
119
286
-292
241
153
-314
354
-86
-102
306
-216
129
-22
32
-17
-65
233
-401
297
-159
-269
372
-403
121
-31
-276
143
-387
117
-51
-294
277
-217
-87
132
15
-262
194
110
-324
412
-49
-53
291
-127
281
-193
227
162
-315
386
-72
-1
42
14
113
-282
345
-102
-180
323
-316
36
136
-204
214
-141
16
104
-295
218
-87
-82
185
-81
11
26
65
-82
91
113
-215
260
-101
22
139
7
27
-32
153
-350
276
-37
-295
539
-365
4
305
-411
178
59
-53
-141
280
-138
-222
382
-265
-57
149
-153
-39
-130
147
-234
9
150
-181
46
-37
87
-180
60
317
-489
370
133
-463
477
-54
-209
277
48
-231
314
-47
-84
190
-69
69
-110
294
-235
155
255
-525
598
-313
-205
461
-448
183
-28
-90
13
-163
227
-228
-35
218
-176
-80
139
-58
-312
295
24
-335
346
-20
-381
220
173
-525
412
94
-423
380
-43
-216
228
-17
-71
153
-41
-3
97
-157
198
-186
-27
125
-215
112
-68
10
-18
-95
146
-166
127
59
-234
273
-196
86
-19
-207
293
-271
122
-1
-101
113
-179
130
-147
68
152
-145
176
80
-158
166
-52
3
73
44
-8
40
35
-104
126
-142
238
-97
-54
336
-396
122
251
-479
258
127
-363
82
178
-438
-102
399
-620
129
324
-754
525
-27
-197
323
-89
13
-60
288
-436
340
33
-311
472
-284
160
78
-1
77
-40
221
-217
304
-46
-109
315
-274
161
85
-133
169
19
-68
-31
147
-171
-19
166
-151
-138
272
-363
-5
151
-205
-42
21
-42
-170
164
-135
-94
168
-161
149
-100
86
23
-220
365
-396
122
192
-251
193
-10
-5
-115
120
166
-427
367
132
-534
564
22
-509
383
83
-411
132
426
-540
75
561
-735
171
383
-600
203
155
-280
-40
249
-177
-209
456
-314
-135
471
-323
-103
535
-303
-76
477
-334
-142
305
-195
-171
284
-25
-166
228
94
-364
240
89
-281
215
-32
-2
-33
42
107
-312
250
42
-361
292
4
-165
260
-45
-33
-55
88
-115
-11
207
-169
69
-26
-9
-125
73
-41
-1
117
-111
39
-11
-36
-58
88
-85
-79
281
-295
65
274
-359
198
57
-147
-24
81
28
-347
418
-196
-143
391
-302
176
-94
176
-30
-185
422
-383
0
284
-335
105
107
-186
79
69
-50
19
3
-18
4
-126
149
-177
54
47
-232
201
-98
-101
202
-135
14
43
7
-61
-10
174
-222
53
144
-114
32
207
-106
33
77
18
-40
32
-3
-27
-67
100
65
-98
68
121
-87
-56
156
-187
-135
123
-59
-195
166
84
-102
93
122
-151
3
133
-28
-90
140
46
-179
137
28
-83
85
52
-50
46
29
-50
101
-143
121
120
-317
238
-41
-202
156
-13
-16
-126
292
-211
-155
397
-369
53
188
-178
47
-44
37
-95
-38
130
-119
-24
95
-2
-102
48
159
-180
41
193
-244
4
253
-302
45
157
-162
-93
215
-118
-153
353
-239
47
116
-129
43
22
13
34
-41
37
88
-174
197
-7
-157
185
12
-172
121
74
-282
221
29
-241
271
-74
-98
92
-26
-47
4
35
21
-69
52
-22
-87
-14
83
-128
76
10
29
-22
-95
166
-229
76
101
-182
99
18
-67
-80
41
46
-272
265
-98
-160
199
-74
-148
48
142
-267
111
216
-289
130
112
-95
-101
187
-63
-198
277
-118
-45
88
52
-58
-34
195
-111
-75
118
74
-186
147
178
-319
213
49
-184
99
36
21
-136
113
-62
-82
44
-30
72
-165
134
33
-157
115
111
-153
9
197
-223
-6
126
-143
-28
197
-81
43
58
-55
33
-32
36
-42
56
-43
44
-12
-84
79
14
-14
-20
150
-163
130
68
-192
180
-169
49
-31
-38
158
-203
161
69
-151
106
-7
-20
48
-5
11
-106
70
12
-84
56
-65
3
-171
76
84
-147
166
-60
-130
159
29
-70
147
-47
-12
13
1
84
-79
-28
30
-132
-30
82
-36
-7
0
4
-53
29
103
-146
63
-11
-17
14
-65
92
-195
56
44
-129
176
30
18
-21
11
13
-78
-5
89
-171
29
22
-141
105
-28
35
5
-14
64
25
-22
44
28
-83
9
16
-30
-38
137
44
-62
142
-74
-68
120
-3
-52
59
10
-9
-65
95
-144
14
67
-126
137
-73
12
-31
-63
-10
-1
5
-11
32
-11
-23
50
-44
47
-6
-62
95
-174
38
119
-190
149
-25
-82
155
-96
59
-38
45
58
-85
167
-56
97
65
-126
60
-59
6
-7
20
-5
-46
51
-85
20
9
-111
10
-33
43
21
50
-31
-65
52
-141
118
27
-12
86
-63
-17
-22
49
97
91
-17
-79
-34
118
84
-84
79
-18
-70
74
50
24
73
-83
-287
5
107
-31
89
-50
-199
97
-25
-61
109
-44
-87
72
26
-33
77
-48
-34
23
-102
-6
237
58
-126
122
-129
-121
232
-140
-59
224
-36
-159
122
63
-165
175
7
-207
230
1
-100
229
-46
-132
94
-42
-25
99
-12
-64
59
-37
-138
-21
-13
0
37
-7
-79
-40
55
-93
-86
38
-55
-37
67
-15
-32
63
-15
-111
29
84
-22
78
33
-89
65
3
-15
-13
-28
14
-11
52
-6
-36
-2
4
9
10
23
10
18
49
-96
-51
10
-35
21
53
-128
1
115
-59
68
21
-34
27
35
-7
-7
-4
-15
-53
-45
60
-61
-18
-21
-58
-10
1
31
-51
63
42
-69
22
32
9
-10
108
-21
-28
99
-74
-8
118
-4
48
50
4
21
10
-62
-52
2
-61
29
5
-14
12
-6
-46
32
80
-58
38
23
-40
-2
-32
-13
-48
2
-18
-75
51
10
-29
36
-15
3
-10
47
49
-14
47
-64
-17
68
15
-18
-4
48
-25
37
70
18
42
22
-64
22
65
21
37
0
-4
-11
30
15
4
62
-26
-53
31
-24
10
47
-26
-30
-26
-9
2
4
62
12
-14
22
-61
11
36
10
-3
-29
-8
-38
-2
25
-26
0
-2
-50
-9
52
28
-25
11
-40
-30
22
18
21
21
-31
-45
-29
5
-1
3
-4
-11
-28
12
14
20
49
-57
23
-10
-42
42
-13
-13
-10
-13
5
-41
36
-5
-71
51
-7
-53
28
29
0
-4
-27
-43
-41
-26
6
-5
-8
-19
-9
16
32
38
-26
15
33
-5
-24
9
21
-35
-6
-10
-26
45
43
-6
27
41
-5
-19
8
-3
17
-20
-20
-5
4
18
-29
-38
-32
8
10
7
33
4
-26
4
-11
-30
6
-21
-30
8
-10
20
3
6
9
-13
36
-8
30
6
-34
-7
-47
-33
-17
24
31
-19
-13
-24
-6
4
-6
12
-10
-27
-29
-35
-3
47
11
23
33
12
18
19
11
15
15
-18
2
14
15
10
-7
13
45
-1
-8
1
-12
10
-21
-9
-21
-15
16
-43
-49
3
-28
-16
-21
-30
-36
-25
15
-31
-4
-13
-25
23
-5
18
53
20
1
22
55
46
54
18
-12
18
26
52
41
50
30
-16
-1
5
-4
5
-38
-50
-18
-36
-19
-11
-24
-21
-24
-23
10
25
13
16
-20
-6
9
-13
29
29
9
39
25
8
28
13
-3
10
-2
-4
-14
-8
12
25
45
16
-4
1
-14
3
-4
-21
-4
-43
-40
-41
-45
-14
-17
-13
-31
-18
0
-4
12
22
24
33
29
18
11
4
20
20
4
-4
26
16
9
11
-12
3
-14
-31
-1
19
2
-1
-22
-20
-3
-7
8
1
-7
7
-13
-9
10
-5
-11
-25
-17
9
10
4
-9
-21
-22
-13
2
20
25
30
4
-15
5
4
15
4
-17
5
7
7
-2
-11
-4
2
16
30
15
4
-26
-28
-23
-19
29
8
-2
6
-38
-24
1
-6
26
8
-19
-21
-16
-18
-5
4
-22
6
-1
-27
-2
-3
5
0
-3
14
11
7
-14
-13
-5
-15
-9
-23
-27
-15
-14
3
-7
-11
14
19
16
27
20
21
26
10
-14
-9
16
10
21
26
-8
-2
6
-3
20
13
10
-5
-37
-53
-41
-28
-32
-13
-15
-17
-10
-25
5
17
7
2
-21
-2
-1
-2
22
17
21
21
25
26
26
28
10
8
18
11
6
1
3
-3
-1
14
-7
-2
8
-2
-13
-7
-3
-6
-3
-2
-1
1
6
-14
-20
-17
-21
-19
6
2
-3
12
8
9
16
7
3
-3
-14
5
11
13
14
-5
-8
3
4
-2
4
5
-25
-39
-30
-25
-2
0
4
-2
-15
18
16
1
15
5
11
15
13
6
7
10
-15
11
9
-14
0
-22
-22
-4
-10
17
27
18
13
-1
-4
-8
9
27
4
23
21
5
20
13
6
21
22
17
14
1
3
-1
-13
-9
-14
-3
12
4
9
4
-4
2
-2
5
12
5
9
6
7
2
-3
-6
0
14
-1
1
1
-1
5
-5
-1
0
-8
-1
-2
-10
-11
-13
-4
-5
-8
3
-2
-3
-2
-7
2
10
7
-3
0
9
16
-1
-22
-14
-18
-19
-7
-3
19
10
-5
-6
-14
8
7
-14
1
-7
-9
-6
-20
-9
-3
-10
-8
-7
-8
-2
-9
-15
-9
3
-4
-2
6
10
15
0
-12
-10
-8
14
18
16
28
6
10
1
2
9
-6
5
-3
-11
-20
-23
-19
-16
2
0
7
7
12
10
3
6
-15
-11
2
-6
-6
-3
-1
3
-2
2
-1
5
0
-1
3
-9
4
5
-7
11
-2
-7
9
9
12
2
-10
-5
-7
1
-2
-3
0
-8
-16
-16
-8
-6
6
-3
-9
2
-6
1
0
1
12
0
10
7
5
6
-9
-2
-2
5
7
-1
4
9
8
5
1
11
12
10
22
16
12
9
-8
-4
-7
-5
-11
-23
-25
-26
-12
-7
-1
6
7
14
9
5
15
20
20
17
14
5
6
5
2
2
-4
-1
-2
4
8
8
4
-6
0
-1
-2
-8
-12
-11
-23
-17
-18
-13
-13
-16
-8
-10
-3
0
-1
0
4
3
-6
-7
-8
-1
2
3
5
4
11
3
5
0
1
12
8
13
11
1
-1
-3
-1
-6
-1
1
-8
0
-3
-8
-2
-8
-9
-4
-20
-8
7
-9
-5
-14
-9
-5
-12
2
-1
-5
-1
-8
-6
4
5
4
13
22
22
8
12
23
8
8
-6
5
12
-3
-12
-18
-5
-2
-1
-9
-22
-20
-16
-3
-2
-1
11
1
-2
4
1
-2
-2
-5
-2
-8
-9
3
-7
5
3
11
17
8
24
8
5
14
9
24
9
0
5
2
-3
-15
-15
-9
-1
-12
-21
-18
-17
-7
-9
-6
8
-1
7
9
8
14
4
11
9
5
12
-4
1
4
-9
12
3
16
27
8
20
5
-1
2
-6
11
-3
-7
3
-9
4
6
1
8
1
-4
1
0
-3
-2
-12
-5
-9
-8
1
-9
2
-1
-6
7
0
8
7
-9
-9
-17
-8
2
-11
-1
-8
-7
6
1
7
-2
-3
9
1
-5
0
1
-1
0
4
4
9
14
8
-4
0
3
-3
-2
-9
-7
-4
-9
8
2
1
9
1
-7
-9
-2
2
2
4
2
0
-5
-10
-8
-10
5
12
3
10
-4
-3
-1
-2
1
-10
4
-3
-12
-4
-9
-9
-7
-4
-4
7
7
-4
-2
-1
9
6
0
-3
1
11
0
-4
-6
-8
4
6
2
3
5
6
-9
-13
-8
3
13
16
7
-1
-2
8
1
-2
-3
-1
1
-8
-11
-9
4
0
2
7
3
19
10
4
9
8
14
4
3
9
4
0
-6
1
8
2
-4
-4
0
3
-1
-12
-14
-4
-8
-3
5
1
4
2
-3
0
-8
2
2
-2
-7
-12
0
-8
-7
4
5
8
11
5
-2
3
-1
8
11
0
-3
-8
3
9
4
6
13
17
10
-2
-14
-11
-3
-7
-1
-7
-12
-5
-9
-12
-6
-4
4
3
4
19
13
19
10
3
9
5
9
4
5
-4
-2
8
4
14
11
13
11
4
10
-3
0
-6
-7
-6
-9
-4
-12
-15
-13
-11
-7
-12
-10
-14
-21
-12
-17
-20
-18
-18
-12
-2
9
10
8
8
11
-2
-4
2
2
-2
3
3
0
8
1
3
2
12
7
-2
5
0
4
6
-3
0
-1
3
4
11
7
7
7
0
5
6
1
-9
-7
-1
-5
2
5
3
-12
-12
-9
-11
8
12
7
9
6
0
-9
-18
-10
2
0
5
1
2
13
7
-2
-3
-8
5
2
-8
2
-9
-8
0
-7
-4
0
1
3
-3
-2
3
-4
3
11
-2
-5
-6
-2
3
-1
-2
-3
-9
2
1
-4
-5
-1
6
0
5
6
2
3
10
4
0
7
2
-8
-5
3
-6
-12
-8
-1
-5
-13
-6
-1
2
6
7
0
-1
1
0
3
5
8
6
2
5
3
-4
0
5
0
-3
2
12
1
-3
-6
-3
-1
-3
-5
-5
-2
2
10
5
-2
3
3
12
15
2
12
-4
-4
-2
-19
0
-2
0
6
-10
-8
-9
-12
-1
4
-7
-2
13
2
10
-4
-8
7
-6
1
-1
-8
6
-6
-1
10
1
7
2
-1
-2
-3
0
2
10
9
1
-2
-3
-5
-13
-6
-2
-2
0
-3
5
2
4
7
-10
-9
-4
-9
-5
-4
-7
-2
1
4
1
-3
2
4
-1
-6
-9
-10
0
2
-1
0
-2
0
-1
-5
11
10
8
5
-3
5
-2
13
19
6
8
3
8
7
10
11
4
4
3
1
-3
8
9
2
-1
-6
-3
-1
-2
3
-3
0
-2
-10
-5
-9
0
-1
-4
-4
-4
-9
-14
-9
-8
-6
-11
-11
-9
-4
1
2
6
4
2
3
-1
-2
5
4
0
-5
0
-1
3
-1
-8
2
9
10
8
0
-2
2
-2
-9
-6
-7
-1
9
1
1
0
5
14
5
12
8
6
12
-1
1
2
7
9
9
6
1
10
6
4
4
-3
4
-3
0
-4
-12
-2
-14
-16
-5
-12
-8
-6
-10
-6
4
7
10
9
6
10
1
-1
-4
-11
1
0
-2
0
-7
-6
-5
-8
-5
-5
-4
1
-2
-5
2
5
4
-2
-4
2
1
-3
-4
-7
-9
0
2
-8
-1
-5
-2
0
-2
0
-1
1
-2
0
-1
1
1
-5
6
10
4
1
-7
-3
-6
0
2
-1
6
-2
8
14
9
16
4
-2
5
-4
-14
-22
-16
-13
-1
3
1
11
5
3
4
2
8
5
-1
-2
-1
-5
-10
-6
-13
-6
6
5
-2
-10
-8
-6
3
9
7
5
-2
-6
-5
-2
9
10
14
9
7
4
-6
-4
0
5
13
10
0
6
-3
-7
-8
-10
6
6
10
8
1
6
3
13
8
3
15
10
5
-2
-8
-10
-6
1
-2
0
3
6
5
-7
-3
0
0
7
0
-7
-16
-16
-14
-7
7
3
1
-1
-1
-1
2
2
0
6
6
4
2
-6
-5
-5
-11
-1
4
1
2
4
5
6
0
-5
-6
-4
-4
-1
-3
-3
-4
-11
-8
-9
-5
6
8
4
1
-4
-7
-6
-3
8
8
-1
-1
-1
6
8
2
7
2
1
6
-3
2
4
-2
-8
-12
-6
-2
-1
4
6
-2
-5
-5
-5
3
-4
0
0
-5
4
-4
-4
4
3
-2
-2
3
1
6
5
1
1
-3
-1
-3
0
12
10
10
-3
-11
-5
-14
-9
-2
6
16
10
3
-8
-9
-3
-2
3
6
4
0
-6
-6
-9
-9
-8
-7
-1
-6
9
13
4
-1
-5
-8
-6
-4
-3
2
-2
-5
-3
-7
-7
-2
0
-3
-8
-7
-6
6
13
11
4
6
4
0
7
7
10
5
-1
-3
-7
-4
1
2
2
6
-1
-1
2
0
13
8
1
6
6
7
14
11
1
1
8
6
3
-3
-9
-13
-12
-5
-4
1
5
4
-2
-8
-7
-7
1
5
7
1
-6
-5
-10
-10
-13
-11
0
-3
-2
6
1
1
1
-2
1
4
7
9
9
5
4
-1
-5
-1
3
8
6
2
-3
-9
-9
-5
-4
-7
-7
-6
-1
-6
-11
-10
-12
-5
2
-3
-3
9
11
11
12
11
5
5
8
9
9
7
7
5
2
4
2
2
-2
2
11
7
10
3
-2
4
5
8
8
8
13
5
1
-4
-4
1
7
5
-1
-6
-10
-1
2
-6
-14
-17
-15
-8
-9
-10
0
1
3
8
6
-1
-5
-4
-8
-10
-6
1
4
3
3
-3
-2
-1
-2
3
7
4
-2
-3
0
6
6
6
6
5
-2
-7
-4
0
4
6
1
-3
-5
-10
-7
0
-1
-2
-3
-9
-10
-7
-3
1
4
7
4
1
2
6
9
12
9
3
1
1
0
-5
0
10
9
7
5
0
1
0
-4
4
6
1
-8
-16
-15
-15
-9
-3
0
0
-3
-1
-3
-3
2
3
1
-9
-8
-5
-1
2
-2
2
3
-8
-13
-12
-6
8
7
-2
-1
-3
-3
0
3
4
-2
2
-1
-5
1
-2
-4
-5
3
10
20
20
16
9
-9
-7
0
4
7
7
7
-8
-15
-5
2
0
2
6
-3
-2
-7
-7
-7
-8
-5
-10
-2
4
4
1
2
1
3
8
-8
-7
-4
-3
-4
-9
-3
1
1
3
2
10
11
5
3
7
8
6
4
0
0
-3
-1
0
-4
-2
-4
-4
-6
-1
15
12
2
6
-3
-11
-2
3
-3
3
-19
-72
-53
13
50
61
37
22
28
25
14
4
7
2
-1
5
1
0
0
-2
-2
8
15
15
13
3
-2
-5
-14
-13
-4
-3
-2
-7
-7
-7
-13
-6
0
-2
6
13
5
-2
-8
-2
4
1
3
1
-8
-5
0
2
0
-6
-7
-3
-3
3
7
6
2
-3
-2
1
3
8
4
-1
-2
-2
0
1
0
-4
-9
-6
-4
-5
-2
-1
-4
-6
-6
-8
-6
-2
-1
-7
-12
-6
-1
-3
-1
6
8
0
-3
-1
-1
-4
-4
-4
-5
-5
-9
-17
-13
-7
-3
5
1
-2
-1
-8
-9
0
-5
-12
-2
-5
-5
3
4
2
7
15
16
13
6
2
-3
-3
2
4
7
8
11
8
6
10
13
12
6
10
3
1
2
1
3
-7
-13
-5
-1
1
5
7
6
-2
-8
-9
-4
-2
-5
-2
3
2
5
4
-4
-5
-3
1
4
1
0
4
2
2
1
-2
-3
1
-1
4
11
4
3
-1
0
7
5
0
2
5
0
-5
-2
2
-5
-7
-9
-13
-4
5
3
3
4
-2
-3
-5
0
1
2
8
1
-10
-9
-6
0
2
-5
-4
-2
-5
1
6
7
3
-4
-8
-8
-4
