-4
11
17
-2
-9
-13
-9
2
7
9
9
12
4
1
-3
-10
1
-2
-7
1
10
13
10
7
-5
-3
12
15
12
6
5
-1
-7
-8
-2
-3
3
6
-9
-2
8
8
2
-5
-5
0
8
9
8
4
6
6
1
-1
-5
-3
-5
-2
10
16
12
12
9
-9
-16
-13
-9
-5
1
-4
-17
-8
1
1
-2
-3
-2
-2
0
3
-4
1
3
1
2
-2
6
2
-1
-5
-13
-7
-17
-14
-14
-3
13
14
16
3
6
1
-2
3
-1
-2
-11
-10
-8
-11
-5
-7
-14
-14
-11
-4
6
4
2
1
-5
-9
4
28
26
7
1
6
0
-12
-8
-2
-4
5
13
9
-2
-7
-14
-10
9
10
8
4
1
-3
-9
-1
7
5
1
5
12
8
-5
-4
1
1
-10
-6
6
6
3
0
-13
-12
2
0
-1
5
3
3
7
2
3
-2
-9
-3
-5
-1
-6
-5
5
-4
-10
0
8
8
9
1
-3
-8
-8
2
9
15
10
3
2
0
-6
-16
-11
-7
-1
7
4
-2
-13
-4
-3
1
6
4
5
4
6
-3
-8
-4
-10
-6
-6
-2
-2
-4
6
1
-2
-1
0
14
6
0
5
10
16
14
16
6
-5
-6
-4
4
3
0
-9
-3
4
-7
-6
-1
-1
-4
-2
7
11
11
0
-6
-8
-11
-7
-1
2
3
3
-6
-9
-4
-1
4
8
9
-5
-6
5
4
-3
-5
2
1
5
7
-10
-17
-12
0
8
8
7
-2
-2
2
-3
-2
10
17
8
0
-8
1
3
-1
8
7
-1
-2
-2
-9
-9
3
3
-11
-11
-12
-10
-3
-6
-3
-1
8
14
-1
-3
-3
3
2
4
6
5
8
3
-5
-2
4
-2
-8
-5
-3
-12
-9
1
5
9
5
1
-5
4
4
-6
9
13
4
-8
-11
-5
7
11
3
-3
0
0
-2
7
11
11
2
-11
-3
8
14
15
11
1
-12
-7
6
2
12
6
-10
-9
-10
-3
-6
-2
-2
-11
-5
-10
-4
2
0
12
3
-3
-14
-8
1
-6
7
7
10
6
-14
-10
-12
0
-8
-24
1
9
1
-14
-17
-15
-5
14
7
8
8
5
7
-5
6
14
7
10
-6
-6
8
8
9
1
-3
-2
6
5
-7
7
-2
-11
1
1
3
1
15
16
-7
-12
-8
-3
5
6
0
-6
2
3
0
-8
-12
2
3
-2
5
8
5
-3
-5
-5
0
5
-7
-6
5
18
7
-3
8
1
-5
9
0
-3
10
6
-1
-6
2
-10
-4
10
-5
7
1
-1
4
-8
0
-8
-5
9
3
7
9
4
-10
-7
0
3
9
-1
-7
-1
-3
-5
-2
0
4
0
-9
-8
-8
-9
-13
-6
1
2
2
-1
5
7
2
-6
-5
-2
-11
-7
-7
-7
0
1
-2
-2
3
-1
-4
-3
2
5
-3
-10
4
-1
-16
-12
-10
1
-3
-4
3
6
8
-5
-3
5
0
3
3
0
-5
-10
-11
1
8
-2
1
8
5
4
0
-3
-1
7
10
2
3
1
-6
-6
-12
-2
1
-2
11
17
19
6
0
5
-8
-10
-9
-3
6
14
11
-14
-15
-5
0
9
18
25
16
-1
-7
-9
-10
-9
-1
7
2
-5
-9
-11
-7
3
15
15
17
7
-9
-4
7
0
-7
0
17
15
-6
-32
-30
-8
14
29
22
15
4
-4
-8
-3
10
18
2
-2
3
-11
-12
-15
-5
5
2
4
-7
-8
-1
0
-2
1
0
-3
-1
-8
-8
-7
-5
2
5
5
-2
5
12
9
7
-7
-5
8
5
-9
-1
10
-10
-8
-3
-6
-1
-8
-15
0
20
16
14
12
-6
-9
-3
-1
10
7
-1
-1
-5
-11
-2
21
17
14
10
-8
-3
6
0
-16
-11
1
-6
8
11
18
12
1
-3
-18
-11
-1
10
11
-3
-10
-5
4
6
5
2
-4
4
-1
-3
-1
4
6
-4
-10
-12
-11
-6
6
9
0
4
9
10
3
2
12
0
-16
-5
8
3
8
0
-11
-9
-11
-11
-13
-11
1
3
-3
-3
8
12
10
14
13
-9
-20
-11
0
17
14
-1
-9
-2
6
-1
7
11
18
15
-2
-3
-6
-3
0
-1
4
-7
-4
1
1
8
5
5
-6
-5
-12
-23
-13
-7
0
4
0
-4
6
11
-5
-2
-4
-5
5
0
-3
-11
-4
-6
-10
15
18
12
7
0
-2
1
5
2
-7
-6
5
11
-5
-16
-13
-11
2
20
13
1
-7
-2
4
-7
2
6
-6
-15
-21
-10
-9
0
5
1
6
-3
-5
-12
-4
13
12
15
9
3
2
-4
-6
-9
3
15
9
3
-6
-8
-9
-2
7
2
-3
-9
-7
-4
-7
1
0
-2
-3
-3
7
1
4
7
8
14
2
-13
-11
-3
-5
-12
-11
-3
10
10
12
10
4
15
13
3
4
1
-10
-8
-9
-9
-7
-16
-3
1
3
4
0
10
3
-12
-5
-3
-1
6
-2
-5
-2
-7
-3
-1
-1
13
19
19
8
-6
-1
-1
-11
-6
-1
-1
8
-1
-11
0
2
-4
-8
-9
-11
-9
-9
3
10
3
4
-8
-8
-5
-3
12
13
12
9
8
4
-6
2
0
1
5
5
4
1
6
4
3
-3
-4
-3
-7
9
12
15
19
10
5
8
8
-1
-5
-4
2
-5
-8
-11
-4
6
1
-1
-5
-5
6
7
-3
-5
-4
0
-3
-7
-9
-7
4
4
-6
-8
3
20
15
-3
-13
-10
-11
-4
-6
-7
5
2
3
-8
-9
3
6
7
-1
-7
-1
-3
-1
-4
-4
6
4
1
7
10
6
6
9
5
-2
3
-1
-4
-2
-11
-7
9
8
0
-3
5
8
-2
-2
1
-2
-2
-1
-1
-9
-4
4
10
3
7
13
6
2
-1
-3
-6
-1
-5
-8
7
8
4
-6
-1
-3
-13
1
-4
-6
-10
-6
-1
-1
-2
-5
-3
-8
-5
-4
-5
2
5
4
-11
-14
-4
-8
-4
9
1
1
11
-2
2
3
4
-7
-9
3
-3
3
5
13
13
9
7
-4
0
1
2
4
-3
-2
-7
-1
3
3
1
-2
2
3
3
5
-1
-10
-8
-3
3
-2
-2
2
6
0
5
14
-5
1
2
-12
-1
-8
-9
5
-4
-3
-2
-2
9
4
-1
-7
-2
-3
-8
-7
-9
-11
-9
0
2
7
8
-4
-4
-4
-3
-2
11
19
8
5
5
2
2
5
6
9
12
-2
-13
-7
-4
4
-2
0
-2
-2
-1
2
4
-1
7
5
5
8
2
3
-2
-3
3
-2
9
10
-7
-8
-6
-7
4
-4
-1
-1
-11
-6
-3
1
-1
3
3
8
0
-9
3
1
7
5
-3
11
1
-6
-9
-7
7
2
0
11
5
6
0
-14
-2
0
-12
-8
-3
3
10
-5
-15
-9
-11
6
5
1
5
-3
-9
-11
-7
4
13
8
7
11
5
6
3
-2
-3
-5
-2
-11
-5
0
-7
3
7
3
-1
4
2
-1
-1
-5
-4
-7
-9
-7
-2
3
1
-5
-1
-2
-3
-3
-13
-13
-7
-3
-1
-1
-2
6
13
12
5
-5
-7
4
1
-6
-7
-8
6
6
8
2
-10
3
6
12
12
6
9
-5
-3
-2
-8
-2
-3
-4
-5
-4
3
10
6
12
13
-1
-5
-7
1
-2
-3
4
4
7
-3
-8
0
-1
-2
-4
0
1
9
8
2
4
4
-3
-5
-3
-7
-2
1
8
2
-5
-5
-7
4
5
-5
3
10
2
2
-5
-10
0
0
0
-4
-6
-9
-3
5
8
1
5
6
-2
-5
-9
0
11
11
6
2
-6
-12
-3
4
7
7
-3
-8
-9
0
2
1
7
-1
-4
-4
-6
-5
2
0
-12
-7
-15
-17
-6
-10
-5
-8
-3
1
8
7
-3
-2
-2
0
-6
4
11
6
9
5
0
-2
-2
5
10
9
9
-4
-7
-4
-7
0
2
0
-3
-4
0
-1
6
12
0
-4
2
6
10
4
0
4
-5
-11
-6
0
10
10
11
3
-7
7
6
-1
8
5
-6
-2
-4
-5
4
0
0
-3
-7
-3
-1
5
2
-1
4
-5
-6
-6
-6
4
14
8
3
-5
-15
-1
0
-3
6
-1
6
7
1
10
5
3
-3
-12
2
4
-2
7
-3
-12
1
2
2
13
18
11
11
7
1
-5
2
18
11
11
7
-6
-1
6
8
7
4
0
-11
-2
2
-4
-9
-16
-5
-6
-6
5
5
7
0
-3
0
-7
0
5
-1
6
-3
-21
-6
1
-2
4
-7
4
17
6
11
8
-7
-2
-4
-9
-5
-8
-11
-17
-20
-8
-15
-15
1
-4
3
11
15
8
9
17
5
-2
-5
-5
-9
-4
8
-5
-7
-4
-4
1
-6
-7
-6
1
7
2
4
-3
-1
-1
-8
-9
-4
5
-2
9
5
-3
5
3
5
5
6
3
-1
0
-3
1
5
-1
1
1
1
11
14
12
5
8
16
4
1
-9
-7
4
-2
-3
2
10
6
5
0
-5
-7
-1
6
-2
-6
-7
-1
10
-5
-14
0
-11
-1
-3
-2
8
0
1
-6
4
16
4
-6
-16
-10
-5
2
5
-5
-8
-10
-5
3
2
8
13
7
5
2
4
2
11
6
-9
2
2
-5
-3
-8
0
0
2
1
0
7
-2
-3
-5
-18
-13
-9
-4
6
6
4
7
7
-1
5
11
3
1
0
-8
-6
-9
-4
4
-4
-5
-15
-6
4
1
14
7
-8
-3
-6
-13
-3
2
2
8
7
0
3
4
10
12
4
11
5
6
3
0
6
-7
-2
0
-7
0
0
-7
-16
-5
4
0
3
-3
-5
-2
-2
-4
-4
-2
-8
-4
-3
-7
5
10
11
15
-1
-7
-5
4
10
4
-7
-15
-10
-11
-12
-8
-5
-2
-4
-6
-6
-4
8
10
8
4
2
10
1
-1
3
-6
-14
-16
-7
-9
0
10
16
19
9
8
1
-3
3
4
3
-2
-10
-16
-9
7
10
4
11
9
0
6
4
-1
0
-2
-5
3
2
4
0
-9
-2
2
7
6
10
7
-2
-3
-1
-2
-3
-6
-11
-3
7
-3
-6
-13
-10
2
1
6
5
-2
-2
-10
-12
-8
-11
-6
-4
-17
-10
1
-2
-2
5
7
7
5
3
-3
4
13
-8
-11
-8
-5
7
4
6
12
17
8
11
15
2
1
-4
-5
-13
-5
6
4
4
1
-1
1
3
13
13
1
-1
-13
-17
-1
11
8
2
8
-3
-14
4
5
3
12
3
-4
-15
-22
-14
-10
-2
-3
-6
-6
-4
-2
3
8
4
0
-4
-3
6
3
6
6
10
5
2
9
1
1
7
2
-1
6
2
-2
5
-8
-14
-3
0
-2
7
5
-5
-4
-14
-15
-10
-1
3
2
6
2
1
7
11
8
1
3
4
7
12
8
6
-3
-8
-5
-9
5
19
5
2
-2
-5
0
4
3
2
-6
-2
-4
-11
-1
0
-4
-4
-9
-5
0
-1
0
3
-2
-7
-1
3
1
-3
2
3
-2
4
0
-4
1
0
-10
-2
-1
-4
4
0
2
-6
-10
-1
3
11
1
-7
-11
-20
0
7
6
2
5
7
-3
12
4
6
17
4
-5
-5
-2
7
13
12
11
7
3
-1
-8
1
0
1
6
-8
-6
-4
-7
-8
-8
-4
-4
5
-5
-12
-4
-6
-7
-7
0
4
14
17
4
-8
-12
-5
-5
4
6
-2
2
-7
-12
-6
-2
5
13
8
1
-2
-4
-5
-7
-1
6
2
-2
-4
2
4
-1
-7
-4
3
-4
1
7
8
-1
-7
-9
-25
-18
2
14
15
13
10
-9
-13
-3
-9
-9
0
2
6
2
-6
-14
-13
-9
0
25
30
26
17
-7
-26
-18
-1
9
16
16
5
-15
-20
-5
0
-2
9
20
22
23
10
-18
-32
-28
-10
5
27
27
14
-3
-18
-16
-16
-3
17
21
19
12
-4
-18
-22
-18
-6
9
11
15
8
-9
-17
-18
-5
3
7
8
9
3
-2
-10
-18
-9
11
17
7
0
4
-4
-9
-7
-6
11
13
2
2
-8
-14
0
0
4
15
13
-2
-12
-10
-10
-9
-3
5
20
17
-1
-7
-17
-8
6
1
1
10
12
-8
-24
-21
-9
-2
11
10
10
20
4
-11
-11
-5
11
12
7
3
-10
-17
-13
-5
11
17
15
7
-5
-2
-5
-3
-4
-8
6
5
-3
-6
-11
-7
-5
1
11
10
9
-3
-12
-10
-4
-8
-16
5
10
1
0
-3
1
1
6
9
-2
-4
6
9
7
2
8
2
1
4
-6
-14
-2
11
2
2
7
-2
-5
-2
3
7
8
9
8
1
-12
-17
-7
-6
-6
9
3
-3
3
5
1
-4
0
2
-5
1
7
-7
-15
-6
-2
0
10
10
3
-4
-4
2
-7
-5
7
0
2
3
-3
-4
-5
-8
5
13
22
23
-3
-14
-16
-8
0
3
14
19
15
-10
-28
-22
-6
6
15
14
6
5
7
-7
-31
-10
8
15
16
4
-5
-15
-16
-18
-8
9
22
24
1
-3
2
-5
-2
3
2
3
-5
-10
-16
-16
10
15
5
2
4
0
-7
-3
-1
0
1
-8
-18
-3
-1
-5
7
12
4
-17
-16
-2
19
26
12
5
-11
-10
-5
-13
-3
18
25
16
0
-7
-12
-14
-7
-13
6
13
4
-14
-23
-12
5
7
3
13
-1
-3
6
-2
-1
2
-5
-16
-10
2
4
10
15
6
8
-1
-17
-8
18
36
19
3
-9
-18
-19
-15
-6
1
9
0
-21
-34
-19
7
10
12
15
15
5
-13
-39
-37
-5
15
17
19
6
-6
3
-10
-9
-1
7
10
-3
-7
-10
-8
-16
-6
0
6
12
1
6
17
17
4
-4
-3
-7
-4
-1
11
14
12
8
-9
-8
-8
4
24
41
16
-14
-12
-27
-35
-12
6
28
29
0
-5
-14
-15
-16
-3
4
5
33
18
9
7
-10
-11
-7
14
25
9
6
4
-3
3
9
-4
-7
14
28
12
4
-20
-19
-11
-14
-8
-12
14
14
4
-4
-5
-6
-15
5
22
15
6
2
-17
-14
-6
-10
-3
21
31
19
12
-7
-21
-25
-29
-16
3
17
14
17
-7
-22
-5
-15
-14
0
21
28
15
-1
-22
-31
-28
-11
4
15
29
28
-12
-39
-22
-13
3
9
18
13
-8
-5
-23
-29
-6
3
-4
-6
5
5
-6
-6
-2
-1
5
7
-2
2
1
-2
16
7
-8
-3
-10
-22
-12
6
28
35
12
-2
-8
-6
-11
-23
11
38
22
20
-1
-15
-14
-18
-5
11
22
26
11
-16
-43
-60
-43
-7
18
35
36
16
-8
-32
-41
-27
3
31
38
28
16
-13
-39
-33
-3
17
34
41
35
12
-4
-3
-22
-13
5
0
1
5
0
6
29
27
18
7
-10
-3
5
-2
-5
-7
-12
-12
-12
-9
-4
5
11
6
8
18
10
-10
-15
-28
-22
3
9
13
7
2
-1
-4
-4
10
11
13
11
2
7
-14
-22
-14
-10
-11
-21
-6
16
9
-2
-8
-11
1
8
11
16
16
18
1
-20
-28
-20
3
21
29
14
-3
-5
-21
-17
3
11
10
-3
-12
-24
-39
-22
-3
6
18
1
-7
-6
8
25
14
4
-4
-15
-15
-10
-5
8
17
26
25
20
10
10
14
11
-3
-20
-19
-6
3
0
-13
-24
-21
-20
-17
-7
4
18
18
10
2
-16
-13
-6
1
12
20
16
7
-6
-27
-20
-7
11
20
8
-1
-13
-22
-18
-5
10
24
22
5
-26
-37
-28
-8
21
23
8
-4
-5
-12
-20
9
26
31
26
0
-25
-31
-11
15
27
34
24
7
-14
-22
-2
-1
2
13
8
0
-2
-7
-15
-3
21
13
8
14
4
-9
-8
-6
-17
-5
8
3
-2
-5
-7
-9
-5
1
2
1
-1
-17
-20
-10
-2
11
8
10
-1
-14
-19
-10
-4
-15
0
7
0
5
-7
-24
-19
-5
6
4
7
4
-9
-12
-7
3
7
12
9
3
8
12
14
12
8
12
1
-7
-10
-10
-6
-4
0
5
-6
-1
12
0
4
-5
-5
13
4
-1
-12
-20
-6
0
8
13
12
20
3
-17
-16
-10
-4
3
37
50
5
-28
-25
-11
7
17
16
4
4
-1
-15
4
3
-7
1
-1
12
14
-15
-4
9
7
-2
-13
-12
-1
1
-8
9
18
8
-13
-16
-15
-23
1
11
14
8
-6
-6
0
4
-2
-7
11
22
1
-23
-29
-4
3
-5
18
17
0
-6
-12
-1
8
18
11
-5
-4
-3
2
3
-9
-5
0
5
5
-6
-1
5
0
-10
-17
3
7
9
14
-2
-12
-5
-2
5
19
20
3
-15
-18
-5
13
11
4
-4
6
9
-12
-8
-7
6
14
-11
3
11
-7
-3
1
0
-4
4
6
-5
-11
-14
-11
-2
14
18
7
10
10
-7
-7
-1
9
21
2
-4
-10
-18
-1
9
7
11
23
10
-8
-6
-2
-1
0
4
2
-9
-20
-13
-8
-19
-15
-5
4
10
-1
-13
-6
9
0
-14
-5
8
4
-11
-19
-6
6
9
15
11
4
1
-9
-8
7
9
2
6
-5
-16
-16
-13
-1
6
10
-2
-6
1
-6
-7
-1
10
7
-3
-9
-8
-7
-8
-3
-4
3
6
6
2
-4
1
0
-11
-10
-4
-6
5
5
5
4
3
5
5
5
1
8
6
-1
2
6
3
-5
3
-2
-7
11
10
0
7
5
-5
-14
-18
-12
1
12
8
6
5
-9
-18
-10
7
25
12
-10
-16
-14
-11
-10
3
12
17
15
-4
0
10
11
-2
-3
3
-11
-6
-8
-2
7
-4
-3
-9
-2
12
9
19
21
5
-4
-2
2
5
4
1
4
0
-9
-7
-11
-11
-9
0
5
-10
-9
-7
0
6
0
-11
-12
1
13
6
-5
-13
0
10
2
-2
-7
1
16
8
-7
-3
-1
-4
5
6
1
-1
-3
2
5
13
6
-7
-1
1
0
-2
-4
0
-5
-7
-6
-8
2
6
9
10
3
-3
3
5
4
-1
1
9
3
-5
-7
-5
-1
5
15
2
-1
6
-7
-7
-1
7
4
3
8
0
-6
-11
-7
-2
-2
1
3
11
4
-1
0
-5
0
8
13
7
-4
1
-9
-12
4
-8
-9
4
2
0
3
0
0
3
0
-9
-12
-12
-5
5
9
3
-2
-5
-3
1
0
-2
-4
0
-3
-3
-8
-13
-3
-6
-2
11
13
7
-4
-6
-7
-3
4
10
8
1
0
-5
-4
0
3
16
18
12
2
-7
-5
1
6
6
2
10
6
-1
-2
-7
-1
2
3
-8
-11
-2
-5
-12
-11
-1
4
0
-1
2
0
5
8
2
-2
-3
-4
-9
-15
-6
6
16
11
5
7
5
7
12
8
11
8
-6
-6
-4
3
7
-2
-6
-5
-4
-6
3
5
-3
-4
-5
-6
-9
-6
0
2
13
13
-6
-6
-3
1
6
1
2
-1
-9
-5
0
1
4
-3
-4
0
4
5
-2
-5
-6
-9
0
7
5
6
-3
-10
-7
-1
2
4
10
7
-2
2
-3
-10
-2
-1
12
14
1
-5
-8
-4
-2
-3
0
5
1
-1
-12
-22
-12
7
20
18
13
5
-2
-4
1
6
12
5
-1
-4
-5
6
7
10
15
11
2
-8
-15
-5
0
9
12
10
8
2
-1
-6
-7
-3
14
13
-1
5
-1
-4
9
3
0
-5
-9
-3
0
1
4
9
2
-16
-19
-14
-12
-4
7
3
-3
-2
-4
-5
-7
1
8
10
4
-8
-11
-5
7
4
0
9
13
6
-4
-10
-8
-9
-10
-4
11
20
13
1
-2
-7
-6
3
4
4
2
-7
-10
-13
-14
-13
-5
13
10
-5
-7
-10
-8
-6
-15
-9
7
10
5
-11
-14
-13
-5
10
5
0
0
-1
-6
-4
-2
-3
-2
4
9
7
4
9
7
1
6
3
-2
-8
-12
-10
-14
0
10
1
-7
-15
-7
7
19
19
5
-1
-6
-2
1
1
3
-2
-1
-7
2
14
9
10
7
-4
-11
-6
-1
-3
5
0
-3
-2
-1
8
12
3
5
11
9
9
12
2
-3
12
8
-8
1
-7
-23
-3
14
10
20
10
-8
-18
-20
-8
-6
-7
-5
-2
-2
-4
9
5
-8
12
16
14
17
1
-24
-17
9
9
8
8
-20
-16
10
12
16
28
0
-45
-38
2
3
11
23
-18
-28
20
14
-10
13
6
-21
19
28
-40
-14
20
-28
7
56
-11
-29
15
-25
-49
24
25
-37
-2
7
-37
3
9
-21
7
26
9
9
-5
-30
-15
-37
-23
45
24
-7
22
0
-21
26
15
-32
19
17
-30
20
8
-49
0
12
-34
-2
20
-31
0
22
-16
1
15
-17
-6
11
-1
30
0
-20
24
2
-12
42
-6
-68
20
11
-55
50
64
-53
-2
38
-54
4
69
-38
-47
33
-4
-11
42
-6
-21
3
14
29
38
26
10
-2
-27
17
13
-46
11
16
-35
5
34
-22
-30
11
-30
-14
59
28
-34
-21
-16
-50
9
72
-10
-31
26
-15
-25
58
29
-54
20
28
-73
-1
39
-45
-3
46
-10
-7
58
-1
-34
20
-11
-47
-26
-48
-20
36
16
23
7
-36
-6
17
-7
35
74
-8
-19
27
-22
-17
47
-4
-46
56
41
-17
26
17
-45
-26
17
-15
-25
28
9
-54
1
57
-6
-23
36
-31
-47
62
-4
-97
15
18
-88
24
69
-52
31
79
-28
-31
60
-25
-91
55
40
-33
25
26
-60
-28
64
5
-18
58
18
-69
-19
42
-71
-14
81
-60
-15
108
-4
-66
53
-19
-132
101
52
-116
70
16
-149
38
104
-114
39
117
-130
12
135
-115
-21
111
-130
-45
194
-47
-21
173
-114
-69
182
-41
-68
179
-62
-133
186
-56
-136
193
-45
-178
144
10
-174
158
51
-202
94
19
-212
117
84
-164
57
87
-118
53
91
-136
29
110
-86
33
90
-86
8
30
-95
26
26
-51
3
4
-21
-13
47
3
-31
31
-29
-52
9
-3
37
-40
1
-26
-134
78
4
-59
58
26
-52
-27
78
-106
-30
107
-111
6
67
-45
-21
-16
20
-75
32
105
-64
20
-30
-48
-48
-34
70
3
69
0
-49
38
7
37
-37
-3
41
-4
11
-10
72
-48
-1
46
-99
81
106
-47
-19
51
-13
-38
141
-26
-67
127
-45
-68
100
28
-80
116
24
-109
125
10
-87
66
6
-86
54
129
-140
39
63
-143
50
46
-79
-58
40
-69
-49
107
-109
17
84
-50
37
4
-1
-45
38
-71
-103
81
-72
-37
60
-75
6
77
14
-39
84
7
-63
62
-33
21
50
-15
-6
-12
24
-59
86
-25
-55
129
-108
-12
104
-52
12
93
-21
-65
151
47
-100
118
-3
-88
39
60
-81
-12
92
-125
19
120
-56
28
-4
-24
48
-25
-24
-8
-36
9
-54
8
-18
-64
150
-58
11
144
-162
41
27
-114
69
-114
103
-51
-85
149
-215
125
4
-102
161
-123
16
-5
-96
125
-184
100
37
-214
257
-123
-83
206
-133
29
-15
65
-1
-202
305
-139
-94
280
-334
153
54
-106
176
-230
197
-45
-100
217
-176
112
-49
-70
134
-265
288
-92
-192
287
-286
123
135
-126
217
-135
41
-27
-119
206
-246
192
-46
-152
357
-347
72
173
-315
209
-7
-21
20
-8
177
-403
199
73
-359
338
-65
-126
104
-46
35
-147
134
5
-74
153
-90
67
-76
-121
191
-150
-29
150
-43
-235
194
-24
-240
242
20
-66
-50
183
-145
-157
295
-168
39
98
-18
11
-40
163
-37
8
73
-25
-46
-31
64
84
-173
56
145
-265
109
223
-178
-55
272
-167
-223
354
-71
-195
246
-46
-199
94
87
-189
81
106
-25
-19
-47
111
-140
-12
140
-48
-95
182
-79
-134
143
60
-149
20
110
-269
121
92
-149
204
-112
33
-24
-36
66
78
38
-120
40
-12
-218
163
70
-226
240
-4
-77
54
10
53
-106
197
-50
-107
204
-153
47
-37
-40
114
-137
115
-9
-23
31
-32
43
-115
60
37
-149
98
6
-3
-122
3
157
-288
190
131
-272
91
120
-130
-214
371
-122
-244
459
-227
-109
165
13
-263
122
164
-379
306
-20
-181
135
28
-113
-34
285
-262
109
90
-92
24
33
21
-174
210
-22
-59
168
-12
-138
116
68
-413
388
37
-359
301
-35
-226
-8
348
-356
4
408
-430
56
197
-217
-53
279
-172
-10
191
-120
-50
101
-32
-78
170
-125
-41
147
-46
-113
164
-166
18
145
-133
-2
89
33
-203
258
-27
-189
227
3
-249
97
126
-215
10
192
-79
-122
214
-6
-237
298
-16
-177
156
-42
-22
-142
41
26
-107
104
-78
217
-174
-31
380
-433
25
386
-306
-213
503
-131
-483
490
77
-667
460
366
-708
368
411
-672
184
459
-480
-50
479
-296
-361
634
-270
-362
615
-233
-188
316
93
-288
162
218
-400
260
22
-229
244
-191
-12
110
-45
-139
162
20
-325
455
-248
-156
307
-248
38
-16
163
-257
193
13
-293
423
-289
89
213
-266
129
21
-49
-150
316
-109
-179
309
-197
-157
250
-96
-144
64
161
-325
139
89
-247
136
7
-11
-139
169
-186
13
136
-288
231
-92
-90
129
-21
9
-181
402
-308
16
336
-396
191
-113
-31
-134
-4
90
-278
264
-70
23
125
-154
27
13
-10
-58
102
-98
-84
237
-242
-67
345
-246
-122
348
-161
-287
494
-88
-457
755
-306
-422
710
-285
-308
556
-270
-257
391
-73
-356
466
-84
-404
637
-272
-317
726
-378
-188
657
-269
-173
463
-82
-510
550
-27
-568
618
-104
-362
412
-39
-381
277
8
-220
138
72
-188
134
-164
75
-75
0
117
-143
90
-25
164
-371
137
183
-371
225
39
-223
75
111
-77
-214
192
68
-329
167
85
-68
-84
214
-15
-217
255
-17
-143
117
267
-236
-82
309
-173
-75
156
18
-133
152
125
-160
129
100
-102
26
-61
55
119
-243
167
71
-296
152
146
-328
189
233
-450
192
279
-434
73
337
-364
31
456
-465
112
272
-288
-77
296
-58
-209
346
-103
-367
407
-117
-183
229
50
-123
-48
260
-201
36
204
-313
245
-21
-112
67
19
-162
140
20
-148
77
267
-276
-46
426
-294
-76
250
-127
-228
169
154
-372
-2
372
-408
-49
361
-257
-98
286
28
-437
376
232
-759
561
141
-512
268
286
-436
2
567
-480
-163
579
-546
-123
427
-277
-102
263
-12
-315
246
36
-286
280
-31
-92
-25
161
-188
11
209
-141
57
84
-78
25
52
-91
45
-8
-77
7
-22
-128
83
-65
-32
-37
61
-88
-48
78
-114
16
-7
90
-179
50
121
-210
110
144
-139
17
214
-127
-115
214
-117
-50
79
54
-160
12
66
-133
44
30
-33
-43
210
-95
-122
203
-109
-106
255
-145
-15
190
-142
26
62
16
-59
90
64
-264
279
44
-223
197
-67
-26
-71
160
-80
-172
340
-171
-81
157
33
-105
-87
360
-191
-186
415
-211
-178
305
-10
-302
299
258
-592
331
233
-605
436
195
-420
190
200
-312
92
193
-162
-13
185
-109
-94
137
-131
6
87
-65
71
-52
73
-183
-8
169
-371
223
102
-394
363
-12
-176
77
189
-182
-96
374
-347
65
233
-268
83
-6
-29
47
-234
206
-1
-247
313
-180
-24
88
-70
14
-53
212
-214
214
-16
-236
421
-378
50
398
-489
246
170
-402
188
132
-310
53
360
-512
33
454
-610
115
398
-512
-52
371
-236
-195
329
47
-415
275
59
-313
210
23
31
-94
23
196
-218
-139
406
-155
-333
446
105
-590
417
295
-744
390
310
-513
149
330
-312
-146
197
-41
-339
304
56
-226
170
-1
-59
-94
119
5
-123
196
17
-163
64
-19
54
-197
244
41
-352
544
-355
-71
336
-317
213
-30
17
-97
170
-44
-287
595
-439
-32
706
-763
257
368
-507
90
420
-200
-347
629
-175
-514
660
-118
-507
630
-97
-472
505
-98
-297
220
4
-135
-61
361
-420
86
354
-605
450
-26
-271
282
-132
-14
-175
453
-305
-172
682
-666
154
312
-311
-74
257
101
-578
525
-12
-523
380
47
-201
-67
459
-314
-202
443
-216
-239
252
249
-569
390
213
-459
325
8
-83
2
49
107
-264
120
42
-165
-17
75
12
-255
233
140
-454
360
114
-510
369
70
-327
174
163
-228
1
240
-145
-132
273
-83
-67
52
113
-108
-45
210
-57
-109
54
148
-246
49
260
-344
184
-31
-13
41
-312
523
-349
-79
366
-225
-64
14
211
-429
177
277
-446
221
18
-40
-122
-12
220
-236
68
187
-168
-89
105
20
-332
369
54
-277
291
-108
-67
-13
43
-3
-36
23
69
-111
-135
223
-81
-152
144
143
-288
131
70
-173
-36
228
-57
-116
103
-1
-89
-67
1
199
-231
31
297
-349
106
63
84
-221
209
196
-395
198
6
40
-257
255
113
-342
371
-161
27
-39
69
110
-231
349
-246
48
72
-328
464
-396
51
337
-314
127
3
124
-170
94
214
-436
277
40
-280
194
-51
43
-5
-10
115
-29
-56
128
8
-155
198
-2
-137
-73
373
-352
-155
528
-288
-188
364
-116
-383
357
7
-274
51
274
-263
-287
635
-576
48
231
-146
47
-65
295
-383
329
-73
-157
232
-293
215
-149
47
-35
-36
79
-194
350
-340
252
-22
-120
264
-337
298
-204
-103
234
-192
14
143
-77
-86
263
-186
62
61
129
-309
277
70
-494
600
-321
-124
357
-285
73
33
134
-200
79
424
-662
494
5
-512
644
-357
-53
310
-136
-60
-4
257
-463
206
360
-702
428
185
-509
115
350
-171
-444
885
-403
-452
780
-516
-70
251
14
-202
46
247
-398
306
-131
-45
282
-365
160
105
-397
222
116
-356
267
-10
-150
116
-155
121
-44
-108
178
-54
-38
-66
261
-389
9
409
-510
122
367
-418
50
265
-223
-144
309
-137
-314
522
-235
-226
343
-208
-167
171
-43
-97
106
42
9
-120
193
-78
-39
141
-64
143
-238
280
-109
-238
429
-216
-66
290
-124
31
-30
288
-355
22
448
-517
157
110
-232
-62
155
-55
-230
321
-43
-131
229
-16
1
63
21
-25
96
-212
131
91
-352
254
48
-170
-24
285
-159
-304
497
-241
-253
319
49
-390
169
341
-522
149
372
-372
24
309
-154
-192
320
-104
-172
173
-5
-74
-3
84
-72
-12
-2
8
46
-128
156
-137
-29
65
-193
278
-294
126
182
-344
256
3
-64
-8
107
48
-261
297
-28
-352
354
-92
-137
168
-17
-31
-106
228
-175
-105
264
-220
-17
158
-164
-51
185
-82
-71
111
71
-266
300
2
-350
548
-126
-226
446
-149
-177
223
128
-309
91
337
-513
192
216
-398
168
186
-207
9
26
-96
-114
-9
31
-189
122
-28
-144
99
16
-96
-18
269
-232
142
195
-318
166
89
-177
95
72
-52
-72
82
-99
-54
135
-54
59
37
-16
-19
-13
-2
-82
-50
146
-179
67
106
-324
321
-180
3
167
-95
127
-170
212
-146
-50
319
-451
312
-21
-160
147
-161
211
-345
192
153
-392
261
61
-202
-142
406
-350
-112
409
-228
33
-35
333
-480
219
412
-543
358
92
-162
138
13
6
-111
152
-86
-15
94
-110
117
-77
3
22
-64
160
-271
264
-85
-207
315
-304
97
18
-48
-13
64
81
-249
301
-172
-43
273
-330
198
-38
11
-44
-78
140
-163
-93
318
-225
-74
229
-135
-102
102
141
-438
256
112
-432
283
-30
-59
-19
1
157
-295
205
83
-266
199
-79
82
-186
129
161
-319
300
-138
101
-171
148
67
-306
356
-152
-68
69
28
44
-245
173
56
-285
158
172
-278
-74
481
-388
-232
725
-525
-35
467
-309
-34
141
122
-270
73
322
-540
293
107
-261
192
7
-38
-21
176
-125
24
159
-175
-49
231
-127
-82
279
-146
-43
165
-45
3
-11
220
-18
-177
236
29
-207
126
176
-315
189
216
-452
320
-60
-70
68
-37
153
-295
372
-285
-64
359
-559
257
44
-221
108
99
-30
-233
254
-176
-266
382
-223
-57
130
-60
-75
-56
79
34
-57
-16
256
-328
-3
193
-232
-176
314
-77
-335
443
-86
-318
249
131
-475
421
14
-396
512
-418
104
94
-137
-86
300
-159
-203
519
-383
-134
515
-237
-337
593
-292
-267
442
-147
-267
477
-251
-92
246
-232
194
-71
76
-12
84
-152
83
277
-507
451
27
-498
549
-246
-166
130
71
-129
-45
264
-296
128
-2
-100
124
-265
208
29
-273
343
37
-411
471
-90
-364
400
-138
-216
105
79
-290
150
198
-342
286
70
-299
333
-116
17
36
32
66
-264
550
-472
134
471
-701
409
87
-389
101
357
-415
-39
513
-606
80
460
-520
97
351
-443
169
115
-258
244
-154
109
-194
42
237
-521
547
-120
-255
396
-191
-11
-15
308
-314
-158
510
-528
170
197
-79
-109
-49
398
-435
178
375
-626
251
291
-362
57
308
-289
-120
335
-330
182
19
-94
-44
45
89
-246
239
-134
-75
221
-136
148
-73
-82
40
-131
228
-179
94
-126
-60
274
-340
176
308
-473
159
34
-229
240
85
135
-450
325
98
-425
794
-170
-174
37
83
-48
-30
420
-631
49
305
-316
395
-166
-2
-137
-26
287
-129
165
-115
-59
103
-327
374
-6
-330
448
-463
81
-42
-18
115
-455
728
-391
-198
432
-303
-28
85
303
-457
312
238
-532
210
239
-162
-295
501
-432
-140
420
-388
123
-173
229
-189
-142
339
-174
-17
-64
123
-278
157
272
-469
468
-339
24
269
-368
471
-81
-130
256
-96
61
-170
201
-5
-338
720
-515
-4
459
-565
275
150
-262
263
-82
-74
191
-158
157
-183
62
138
-245
341
-456
392
-96
-525
834
-707
256
481
-713
283
73
-105
-264
351
109
-700
892
-484
-192
577
-322
-113
-51
411
-575
352
162
-638
543
-420
205
9
85
143
-401
469
-359
348
-233
-42
498
-835
643
-141
-237
222
-11
55
-511
898
-626
-186
797
-796
455
-166
-8
26
-212
378
-371
166
109
-270
167
-114
-8
40
-94
36
-40
48
-99
-55
261
-254
-182
460
-461
69
371
-434
239
81
-20
77
-73
452
-411
177
233
-475
450
-320
172
20
-344
488
-591
218
211
-442
444
-506
343
-211
-224
551
-747
531
-142
-114
331
-530
652
-374
-215
722
-626
221
318
-194
-92
168
276
-667
617
9
-562
654
-360
-100
60
-41
-111
-52
-55
-96
-6
-215
62
-85
-43
-2
-10
-122
-31
231
-205
-117
425
-257
132
387
-405
402
-40
104
-10
106
83
-276
514
-433
200
228
-484
651
-317
-49
342
-520
254
42
-225
-36
115
-236
-187
215
-233
-128
309
-166
-64
177
-186
164
-24
-79
118
-151
212
-72
3
54
0
298
-241
283
-12
125
131
-86
268
-382
212
244
-576
482
-26
-335
202
-112
26
-282
338
-151
-342
339
-200
-222
182
35
-89
-15
88
64
-329
333
20
-163
378
-62
35
-41
131
55
-203
188
-22
-84
115
15
-94
-75
170
-154
-151
53
-156
-67
-62
-69
-50
-176
-53
-12
-202
50
93
-405
95
-43
-142
150
-25
41
21
192
-111
-19
260
-168
251
106
-198
245
2
131
-51
82
106
-256
266
-128
-18
114
-15
1
-185
29
-95
-117
-14
-39
-56
-54
36
-77
-52
116
52
1
100
-75
151
-30
-6
301
-84
376
66
-126
250
-30
-50
87
27
-122
37
43
-358
298
9
-430
60
-34
-178
31
1
-399
49
-61
-282
-110
-100
198
-184
41
-121
-81
283
-116
132
-20
151
143
-112
251
-46
242
102
41
230
-214
88
102
91
214
3
-118
-84
-21
-234
9
72
70
122
-122
-246
-37
12
1
280
53
-97
2
-74
-162
134
101
-65
355
154
-22
202
105
-154
-36
-11
-124
267
160
-224
44
101
-229
-273
-62
1
181
-72
-206
-3
-170
-144
-207
-187
277
342
-246
-85
-12
-224
41
295
154
403
433
-188
-118
-31
63
438
295
478
353
161
-199
-242
-63
42
473
265
-62
-44
-209
-439
-538
-387
-61
395
320
-262
-524
-382
-449
-338
-377
33
480
286
-70
-585
-225
-112
-112
314
166
468
702
-50
-385
-255
-10
270
580
413
169
208
15
-307
-322
-216
-10
223
4
-57
-184
-325
-174
-302
-78
-220
249
551
-114
59
-47
-355
320
330
78
228
295
146
-112
122
266
409
484
147
-238
-301
-10
13
138
243
-67
-281
-524
-599
-577
-153
24
116
29
-511
-529
-583
-489
-42
114
-56
301
227
-51
-175
-215
58
298
380
233
79
350
342
139
89
-74
319
112
177
-9
-180
138
-48
-202
-357
-82
40
-12
90
-83
-174
-128
-134
-126
126
70
76
339
331
228
-74
-247
-1
261
332
387
737
803
362
-119
-703
-514
-186
333
850
472
249
-297
-1059
-902
-652
-387
140
515
498
-146
-526
-711
-490
-340
-346
22
272
647
442
-114
-145
-310
-309
-212
29
672
727
390
-76
-615
-700
-542
-75
284
535
563
-99
-466
-560
-672
-371
-80
391
331
-96
-85
-182
46
-10
-114
120
176
497
378
506
881
783
130
-613
-324
-152
378
1086
1035
995
466
-713
-1504
-885
-158
291
999
725
-15
-563
-1227
-1476
-816
-36
-47
393
502
-156
-400
-722
-762
-182
157
-57
258
960
645
370
186
-302
-222
-95
110
586
882
498
-207
-277
-357
-579
-268
87
401
229
-434
-770
-655
-440
-314
-121
85
-18
-156
-182
-33
215
94
-53
287
384
216
226
590
1044
1246
420
-770
-401
90
258
838
1113
1050
638
-591
-1873
-1491
-208
7
579
854
-246
-813
-1563
-2035
-1225
-44
279
511
838
-165
-883
-734
-927
-194
643
635
1054
1402
860
141
92
129
-75
277
683
1126
1317
593
-559
-848
-632
-610
-189
393
475
147
-712
-1581
-1504
-1140
-735
25
321
-103
-607
-881
-734
-264
185
262
672
859
476
176
344
722
1082
1223
1134
1306
374
-564
-68
340
675
1185
895
492
222
-1190
-2547
-1343
-121
188
547
-121
-919
-1239
-2130
-2141
-787
165
63
341
580
-191
-456
-762
-783
478
988
753
1379
2031
1327
330
-115
-264
346
662
869
1643
1610
342
-973
-1153
-796
-718
-224
-142
-96
-298
-1655
-2236
-1324
-768
-1089
-563
190
-215
-513
-898
-962
-31
369
308
791
1336
1204
709
122
368
1280
1624
1657
2268
2209
-225
-1387
-462
111
1066
1692
1042
662
160
-2342
-3976
-1477
218
216
761
1
-1386
-2179
-3170
-2849
-449
1013
304
759
1222
-92
-872
-1192
-523
1257
1827
1241
1830
2553
1318
40
223
415
954
1349
947
1112
1225
-391
-1652
-679
-210
-712
-431
-601
-998
-1036
-1923
-2170
-1051
-779
-1402
-867
-91
-435
-780
-962
-459
525
531
398
952
1647
1290
349
363
825
1661
2083
2200
2641
2473
1351
-1409
-2079
-440
251
1249
2023
1136
-140
-1215
-3222
-4667
-1708
388
279
1325
346
-2163
-3055
-3560
-3282
-1014
1180
1222
1824
1950
-285
-1445
-1375
-559
1559
2938
2682
2752
2742
649
-977
-322
127
1228
2468
2028
1570
361
-2178
-3273
-1718
-274
-77
683
137
-1761
-2594
-3597
-3406
-1172
417
276
544
609
-1427
-2569
-1616
-408
1410
2179
1707
1872
1528
359
-136
320
1174
2168
2636
2360
2299
1896
386
254
-741
-2261
-1112
384
1355
1602
274
-1665
-2125
-2561
-4898
-2997
1099
1678
1211
-210
-2615
-3213
-2905
-2734
-924
2708
2850
1535
1597
-72
-1614
-1351
-270
2003
4111
3449
1722
1976
933
-1393
-1251
-48
1577
2853
1889
324
-17
-1254
-4309
-3527
-386
-233
477
991
-1086
-2323
-2684
-3811
-3082
467
1606
950
1924
486
-2469
-2770
-976
1242
2596
3026
2412
1685
978
-557
-711
568
2210
2873
2204
1187
638
206
-661
275
-311
-2698
-1408
653
1126
782
-784
-2444
-1949
-1495
-4233
-2866
1953
2052
556
-386
-2298
-2791
-1810
-1325
99
3402
2874
828
1252
394
-1315
-1104
499
2381
4017
2920
809
1433
953
-1733
-1962
-66
1278
2059
1047
-611
-649
-1235
-3318
-3090
-312
187
-162
234
-1124
-2292
-2368
-2746
-1806
461
1341
1126
1922
957
-1793
-1853
-210
1474
2664
2015
1257
1280
1082
65
-190
785
1531
1672
1135
509
317
397
159
784
-408
-3751
-3039
-315
1264
1519
103
-1785
-1311
-1257
-4381
-3212
1859
3030
1771
396
-1955
-2787
-1956
-1648
-313
3227
3147
1281
1767
505
-1924
-1987
-417
1699
3904
3279
676
758
303
-2421
-2856
-463
1709
2632
1656
-605
-1338
-1661
-3156
-2226
218
809
429
345
-750
-2187
-2106
-2174
-1448
1171
1598
854
1475
930
-1350
-1932
-95
1321
2295
2190
598
319
250
-554
-266
626
1481
1512
469
-538
-423
214
283
1032
1996
-1513
-4583
-2120
394
1342
1440
-130
-1365
-72
-1414
-5128
-1970
2855
2511
1704
713
-1944
-2468
-1670
-1687
214
3261
2148
970
1710
-10
-2377
-2062
-109
2129
3866
2186
68
683
-465
-2606
-1673
793
2131
2195
575
-1157
-974
-1473
-2665
-803
1042
697
382
-114
-1392
-2130
-1625
-1657
-449
1694
897
416
1305
-253
-2317
-1431
800
1703
2175
1412
-352
-151
9
-507
212
1116
1653
847
-321
-579
-30
904
856
2253
1560
-3435
-3754
-485
1464
1938
1367
-683
-806
250
-3730
-5154
861
3603
2173
1081
-924
-3090
-2428
-1691
-1684
1548
3514
1469
1084
568
-2183
-3141
-806
1645
3538
3811
862
-76
282
-1532
-2313
155
2382
2775
1793
-513
-1930
-1488
-2061
-1728
1193
1891
301
-483
-1619
-2904
-2013
-1054
-1272
633
1762
-186
-449
-99
-2038
-1961
1114
2443
1812
1526
129
-1176
-30
522
428
1465
2276
1439
-478
-1099
-528
819
2042
2249
2518
-809
-4685
-2919
-95
1554
1917
1021
-724
-494
-1569
-5928
-3799
2274
3580
2392
547
-2471
-3393
-2038
-1953
-1046
2725
3294
2024
1594
-400
-2800
-2287
629
2755
4381
3473
499
-182
-510
-1722
-1159
1289
2546
2467
1077
-1351
-2364
-2122
-2290
-643
1684
1078
43
-897
-2786
-3122
-1607
-1166
-665
1750
1830
-400
-800
-1678
-2480
-83
2526
2351
1690
1334
-401
-1226
31
536
1157
2498
2253
384
-1162
-1281
-451
1302
2422
2657
1888
-2755
-4898
-2241
518
2039
2156
247
-1100
-327
-3197
-6571
-2040
3292
3827
2530
-611
-3676
-2995
-1541
-1754
127
3691
3424
2038
477
-2219
-3260
-1255
1515
3556
4719
2386
-265
-613
-1103
-1607
-365
1751
2822
2281
-16
-2636
-2965
-2406
-1417
328
1234
716
-567
-2010
-3344
-2470
-610
-669
433
1898
669
-611
-980
-2094
-1310
2026
3209
1556
1137
348
-1012
-282
947
1309
1890
2390
1174
-803
-1217
-479
1035
2090
2485
1815
-2725
-4936
-2351
397
2149
2187
-7
-1475
-453
-3130
-6552
-2197
3624
4637
2623
-1377
-4387
-3065
-1067
-1093
607
4324
4251
2024
-442
-2981
-3104
-414
2424
3896
4546
2189
-898
-1716
-1729
-1263
430
2344
3016
2104
-665
-3437
-3726
-2235
-818
1132
1696
433
-914
-2531
-4008
-3013
-381
254
1096
2302
687
-1002
-1291
-2081
-875
2598
3521
1620
899
333
-1099
-610
812
1620
2549
2605
544
-1862
-1676
-523
1111
2502
2589
2055
-2440
-5873
-3818
-361
2548
3065
938
-1349
-842
-2920
-7033
-3534
3528
6208
3990
-1054
-4932
-4036
-1539
-1124
25
4131
5387
2960
-683
-3741
-3711
-675
2790
4419
4989
2908
-776
-2625
-2647
-1645
159
2637
3783
2833
-309
-3993
-4876
-2577
-5
1811
1855
644
-644
-2466
-4079
-3655
-646
1014
1662
2325
384
-1208
-1414
-1999
-671
2531
3626
1576
542
81
-1587
-1046
575
1811
2969
2751
296
-2557
-2174
-308
1367
2845
3043
2366
-1648
-5804
-4911
-1129
3146
4214
1798
-921
-1153
-2872
-6875
-4298
2858
7066
5455
-580
-5440
-4784
-2242
-1540
-176
4030
6274
3638
-1484
-5104
-4309
-894
2707
4622
5051
3239
-830
-3578
-3590
-1421
856
2993
4243
3358
-172
-4454
-5829
-2906
1093
3307
2811
414
-1284
-3147
-4673
-3525
-160
2086
2707
2204
-673
-3020
-2564
-1317
998
3638
3259
537
-747
-606
-1357
-1138
1090
2847
3411
2165
-868
-3428
-2473
348
1677
2711
3004
2275
-211
-5403
-6669
-2621
3396
5906
3130
-1152
-2814
-2380
-5300
-6256
494
7751
8317
1334
-6505
-7336
-2714
80
309
2411
6032
5299
-326
-6053
-5551
-509
3780
5367
4608
3109
-91
-3615
-4719
-1666
1796
3273
3918
3193
274
-3948
-6484
-4030
1363
4640
3359
9
-1621
-3082
-4502
-4007
-724
2885
3405
1583
-1521
-3617
-2922
-1298
903
3676
3853
934
-1370
-1236
-1220
-738
1381
3260
3814
2512
-754
-3644
-2565
700
2370
2873
3202
2387
271
-4388
-7007
-3533
2694
6541
4196
-1158
-3942
-2582
-3912
-6383
-1554
6312
9407
3440
-6159
-9258
-3773
1085
1410
1845
5210
5765
256
-6782
-7239
-993
4435
6109
4631
2879
247
-3740
-5217
-1558
3271
4410
3518
2211
-32
-3556
-6522
-4806
1658
5932
3592
-1313
-3143
-3431
-3600
-3256
-979
3068
4022
925
-3296
-4737
-2287
246
1900
3604
3080
417
-1970
-1640
-927
376
2554
3205
3135
1705
-1302
-3473
-1922
1264
2612
2495
2144
1567
695
-2004
-6493
-4823
1210
5997
5012
-305
-4407
-3184
-2133
-5264
-3970
3584
9393
6454
-3855
-10482
-5935
1606
3015
1691
3308
5325
1877
-5449
-8494
-2272
4957
6809
4527
1760
153
-2855
-5084
-2424
3582
5477
3409
991
-663
-2553
-4948
-5296
351
5935
5043
-83
-4001
-3790
-3066
-2325
-1033
2155
4190
1407
-2623
-4949
-3737
24
2614
3696
3290
426
-2223
-2218
-122
968
1929
3337
2967
1179
-1505
-2966
-1557
1673
2675
1424
613
925
668
-99
-2224
-4903
-2429
1875
4070
1963
-1772
-3722
-1544
-1104
-4371
-2949
3580
8029
4423
-5074
-9399
-3303
3301
2950
972
2122
3799
1118
-4997
-6309
172
5596
5543
2489
-15
-1112
-2892
-3726
-450
4362
4255
1252
-601
-1220
-1991
-3908
-3452
1860
5830
2931
-2743
-4586
-3242
-1230
-745
-519
2112
3270
248
-3587
-4706
-1774
2278
3385
2512
1439
-516
-2231
-1198
647
1734
2886
2368
798
-311
-1586
-1726
727
3055
1860
-372
-906
174
1009
758
-344
-2392
-1974
-849
-141
1015
910
-470
-929
-1001
-3754
-4341
76
5417
6146
-154
-6398
-4940
483
1601
582
999
3761
3691
-2153
-6605
-2865
3741
5588
3569
570
-508
-1322
-2898
-1667
2436
3848
1979
-5
-1214
-1598
-3152
-3899
472
5303
3975
-1028
-4205
-3254
-997
-633
-1115
1155
3414
1661
-2562
-5199
-3063
1456
3405
2448
1504
-165
-1849
-1826
-597
1107
2788
2810
1192
-361
-1788
-1801
207
2781
2735
731
-1022
-1107
60
670
1004
1402
810
-1982
-3302
-2414
927
2478
1078
-745
-705
-1953
-4550
-3067
1986
5932
3535
-2887
-5426
-1965
367
-920
-271
3221
4950
464
-5738
-5123
1463
4814
3089
940
476
322
-1983
-3243
303
4462
3371
639
-965
-1680
-2220
-2476
-285
4134
4440
-274
-3877
-3145
-1108
-481
-975
429
3127
1726
-2776
-5307
-3232
1201
3477
2052
87
-643
-1243
-1575
-1099
476
2542
3450
1628
-1162
-2665
-1713
1118
3281
3129
761
-928
-1581
-938
30
1171
2234
2602
938
-3345
-4885
-3044
1485
4168
2768
-322
-1196
-2157
-4630
-3923
822
5876
5859
-501
-5672
-4361
-1671
-1029
637
3786
5951
2495
-4524
-6776
-1923
2560
3904
3720
2533
775
-3006
-5551
-2102
3444
4479
2947
844
-1249
-2840
-3954
-2327
3143
5464
1912
-2118
-3354
-2341
-1056
-554
920
3450
2252
-2057
-4465
-3060
224
2301
1896
1191
511
-1236
-2390
-1518
752
2468
2339
756
-574
-1330
-1210
184
2008
2496
1008
-658
-1438
-1224
-447
509
1298
1556
445
-1165
-1583
-1602
-910
430
1516
1573
535
-1059
-1015
-251
-658
-734
690
2161
1980
-667
-2645
-1270
774
681
222
671
1564
753
-2121
-3141
-470
1914
1940
813
-384
-750
-1318
-1859
-379
2110
2305
803
-564
-1427
-1381
-1336
-473
2110
3095
823
-1784
-2302
-973
608
566
490
1475
1018
-1352
-2806
-1955
555
2267
1270
-162
-597
-1096
-1499
-1064
180
1777
1910
67
-1247
-1269
-653
382
985
710
473
-314
-1122
-1006
-356
348
998
773
-122
-719
-816
-12
1074
1255
403
-222
-422
-149
72
382
752
1089
496
-975
-1564
-505
1132
1851
937
-403
-875
-863
-970
-288
924
1771
1058
-1071
-2567
-2002
-619
778
1661
1378
59
-1578
-2344
-1396
512
1641
1920
1356
-175
-1844
-2314
-763
1842
2804
1516
-211
-1028
-1131
-885
-86
1310
2338
1494
-776
-2225
-1802
-270
863
1077
628
18
-817
-1509
-1422
-497
561
931
615
-212
-937
-1165
-548
354
820
720
103
-450
-549
-344
37
578
801
778
351
-305
-533
-6
632
852
613
-34
-235
-126
-116
122
517
470
-48
-679
-620
159
711
265
-245
-315
-414
-785
-876
-119
932
882
-226
-1152
-1107
-483
52
394
738
843
122
-756
-876
-367
383
981
1021
585
-246
-888
-616
201
742
853
859
587
-112
-973
-1060
61
914
717
100
-354
-452
-594
-845
-532
305
589
-20
-679
-814
-417
-42
7
243
293
-65
-331
-391
-165
129
331
520
522
125
-375
-347
100
570
692
386
235
144
-171
-398
-236
189
487
398
98
-164
-265
-183
82
423
325
-84
-323
-194
61
46
-93
-16
201
-113
-656
-516
112
562
400
-151
-268
11
15
-222
-85
360
522
186
-281
-341
-124
36
161
216
320
223
-10
-171
-209
-107
15
87
149
96
-190
-398
-234
4
-50
-178
-254
-197
-26
-32
-184
-254
-53
144
13
-271
-259
88
206
-65
-387
-391
51
273
25
-39
150
157
-38
-200
-147
148
383
287
130
124
-1
-167
-164
-19
92
137
237
280
93
-243
-389
-134
173
294
279
188
37
-207
-460
-311
206
637
631
186
-210
-250
-125
-9
195
394
424
199
-272
-571
-420
-118
146
299
145
-80
-248
-392
-316
-111
-80
5
254
111
-204
-395
-252
209
422
143
-103
-6
26
6
84
193
351
364
-29
-374
-253
111
286
194
58
-67
-181
-324
-309
32
379
436
57
-409
-488
-326
-107
36
140
195
28
-268
-362
-132
75
118
52
3
-39
-157
-143
121
357
240
-86
-185
34
194
145
90
221
361
198
-163
-306
-27
193
189
154
116
42
-108
-220
-213
-22
206
192
70
-66
-244
-269
-229
-82
94
132
87
-39
-215
-300
-134
65
160
170
123
73
-15
-129
-227
-178
13
146
134
135
136
129
101
63
47
-35
-81
-40
159
289
189
24
-136
-259
-312
-273
-119
90
230
96
-221
-391
-442
-312
-15
221
273
96
-180
-336
-247
-70
143
320
323
218
-2
-227
-126
193
402
415
273
117
-52
-174
-194
-39
267
355
112
-192
-319
-248
-76
113
242
220
-24
-342
-377
-176
59
204
255
206
-15
-265
-416
-235
203
437
366
158
-66
-210
-207
-57
198
437
331
-35
-238
-239
-44
148
198
239
164
-125
-380
-378
-101
225
297
130
9
-99
-331
-364
-66
270
316
76
-130
-116
-6
-69
-117
97
258
137
-145
-262
-57
131
63
-81
-20
53
-54
-205
-258
-55
86
-41
-182
-233
-178
-64
-55
-145
-176
-149
-97
-8
57
21
-26
-52
4
50
-26
17
86
112
122
37
-65
-15
116
198
279
217
36
-33
-96
-105
87
202
197
199
40
-260
-338
-217
-44
161
197
60
-83
-275
-405
-263
-40
157
238
77
-121
-259
-290
-105
188
301
204
66
-71
-155
-141
4
234
340
252
73
-74
-26
42
53
161
290
209
-9
-164
-150
19
106
32
-42
-86
-130
-166
-157
-126
-74
-72
-111
-157
-231
-259
-97
81
102
28
-45
-5
30
36
57
82
92
113
140
169
190
135
21
-1
60
91
116
152
166
94
-40
-127
-76
70
135
37
-107
-256
-309
-238
-106
58
128
78
-102
-315
-384
-281
-62
186
314
205
-8
-168
-220
-108
112
322
414
360
175
-50
-109
20
199
355
393
305
125
-29
-84
-11
151
227
184
56
-77
-167
-231
-207
-71
71
50
-77
-208
-281
-256
-183
-111
-33
18
-49
-167
-212
-148
-43
47
101
126
129
58
-57
-87
-40
85
167
119
99
119
71
-30
-97
-84
45
161
113
-7
-114
-206
-232
-169
-72
45
122
92
-15
-166
-322
-265
-19
176
230
110
-55
-109
-90
-59
23
158
267
293
149
-64
-148
-59
121
228
205
122
-1
-106
-131
-46
70
127
113
36
-74
-176
-224
-185
-59
60
26
-121
-192
-187
-141
-73
-7
25
-12
-56
-112
-123
-78
-48
-5
57
79
23
-58
-62
2
68
63
20
15
29
57
52
29
52
93
103
94
64
-17
-85
-78
-16
30
31
5
-8
-44
-96
-109
-57
25
106
122
18
-118
-207
-159
-29
51
67
84
89
68
-1
-58
11
135
180
95
-41
-114
-100
-40
62
176
175
63
-42
-131
-176
-72
66
132
149
28
-162
-254
-218
-124
3
85
101
72
-14
-110
-145
-90
29
115
94
24
-29
-45
-9
6
12
61
66
15
-28
-52
-15
28
-11
-39
13
52
17
-46
-77
-59
-36
-62
-72
-21
-4
-13
-39
-58
-57
-45
-11
53
91
38
-10
19
75
92
45
-2
24
64
26
-15
51
149
164
80
-26
-78
-48
6
37
56
45
-9
-54
-82
-90
-66
-34
37
82
37
-49
-105
-105
-79
-11
63
115
122
56
-3
-24
15
95
168
210
179
106
56
35
-7
-31
16
88
123
115
40
-23
-18
-31
-51
-7
53
33
-56
-141
-151
-126
-145
-152
-103
-38
-10
-59
-125
-108
-46
8
26
38
60
37
-26
-48
-1
71
144
147
132
117
59
15
61
137
163
94
-21
-100
-108
-98
-81
-31
-8
-7
-45
-126
-170
-150
-110
-50
-13
-51
-106
-137
-140
-80
-13
19
42
65
49
-6
-30
25
127
182
177
141
107
78
35
47
107
129
102
32
-35
-34
16
23
32
54
17
-56
-124
-156
-137
-92
-49
-41
-83
-142
-155
-136
-78
18
75
44
-11
-31
-49
-42
-10
47
111
138
77
-3
18
101
155
154
132
111
82
45
23
46
89
90
26
-37
-71
-70
-31
7
22
-41
-127
-158
-147
-117
-89
-70
-54
-60
-87
-109
-90
-2
65
47
-9
-36
-5
31
46
58
93
140
149
96
44
47
66
75
51
17
7
21
50
43
0
-37
-64
-83
-61
-52
-51
-29
-24
-58
-123
-182
-182
-94
-10
9
-24
-76
-111
-84
-52
-44
-18
28
67
42
-29
-51
-1
57
99
99
71
78
91
64
18
17
58
80
43
6
19
40
30
-9
-23
7
45
44
-1
-19
-1
-4
-40
-49
-21
8
14
-9
-35
-42
-26
-18
8
48
53
31
17
34
38
9
0
20
47
37
-13
-45
-32
-11
-1
-17
-37
-18
-1
-5
-17
-28
-24
-33
-48
-63
-66
-47
-38
-12
-6
-13
-7
-23
-38
-35
-17
27
50
24
-21
-22
-7
2
35
56
39
5
-20
-27
19
61
90
102
45
-10
-65
-88
-58
-6
41
53
19
-55
-113
-105
-40
40
80
53
1
-51
-92
-85
-33
35
92
71
-4
-47
-31
12
62
89
75
52
24
-12
-27
-5
24
60
88
63
15
5
20
40
51
31
19
27
-8
-56
-60
-53
-40
-2
8
-8
11
-5
-42
-20
6
21
29
-17
-51
-37
-12
14
18
0
10
30
2
-17
-18
-33
-30
-17
-33
-43
-37
-22
-6
-29
-58
-59
-39
-40
-41
-34
-36
-18
-15
-65
-89
-56
-21
15
25
-9
-38
-25
-20
-7
21
9
14
64
69
16
13
47
79
119
106
71
42
6
-4
6
70
101
71
29
-17
-15
-10
14
72
85
53
8
-36
-31
-17
19
40
35
0
-33
-37
-22
-6
8
6
1
-11
-63
-65
-43
-3
23
6
-7
-26
-66
-83
-79
-22
33
0
-23
-42
-35
-19
-22
-2
8
11
-16
-64
-58
-52
-30
2
4
18
-31
-55
-9
12
39
-9
-30
-4
-19
-3
-13
34
70
39
26
-21
-10
37
50
20
11
23
-1
-7
10
-3
22
38
19
12
-29
-25
1
10
39
-1
-18
-2
-40
25
26
31
105
15
16
22
16
36
-24
70
59
15
54
-19
3
22
-19
19
35
64
9
-80
-16
-31
-47
-29
-39
30
-45
-69
-48
-76
5
-37
-40
-4
-25
37
-56
-86
38
-43
2
-45
22
78
-62
39
9
4
93
-45
43
53
52
143
-61
9
82
20
94
-10
50
83
17
95
-16
-45
-4
-52
-9
-23
-39
50
-4
-24
-55
-136
-49
-18
24
84
10
45
-43
-185
-161
-105
33
165
165
134
33
-68
-142
-175
-53
46
157
239
156
46
-25
-152
-156
-75
-48
109
170
95
28
-139
-116
-145
-155
-21
-54
63
119
-31
-33
-114
-109
-67
-110
17
7
19
65
-20
34
56
-5
14
-60
1
40
47
124
113
165
153
-10
-33
-84
-10
63
46
182
118
70
-6
-129
-102
-91
-12
14
31
59
17
-39
-70
-93
-87
-70
-47
-7
12
-8
-8
-36
-79
-120
-98
35
11
46
93
45
17
-57
-52
-5
-3
128
66
23
86
-3
-24
-44
-32
-14
-81
11
10
-7
37
-13
31
-26
-89
-79
-94
2
69
-7
-6
-8
-30
-41
-102
-43
43
48
50
-18
3
-21
-41
38
5
55
56
46
75
-13
31
2
13
82
21
21
-5
23
72
-13
23
28
-28
5
-59
-86
-40
31
104
30
19
21
-90
-62
-75
-93
-10
17
65
-1
38
86
-20
-16
-37
-20
71
54
125
102
79
22
-127
-73
-69
22
123
21
73
18
-48
-36
-106
-13
-39
-74
23
-20
38
-13
-104
-39
-132
-50
-38
-71
54
40
96
22
-1
20
-81
58
33
48
135
-9
72
49
50
105
1
90
39
8
106
-7
50
68
-15
15
-100
-78
-12
-69
14
-78
-96
10
-105
-86
-46
-56
8
-37
-57
-29
-30
13
-12
-50
24
37
24
41
24
92
56
-49
10
72
74
94
66
19
-5
8
7
-84
55
95
-16
46
-19
-37
-9
-40
-73
-111
-3
5
0
1
-79
-75
-90
-84
-101
-11
59
59
129
8
-12
-19
-95
34
16
-1
19
48
97
18
-28
-46
-44
132
92
-38
45
85
21
-64
-23
25
85
94
4
-62
-23
63
-50
57
69
28
91
-139
-87
-107
-44
-35
-141
74
-12
29
63
4
89
-24
-68
-113
-28
23
97
-14
-22
45
-121
20
-193
19
88
-23
189
-96
73
-99
-139
-11
-263
106
51
77
109
-186
-40
-150
-150
31
-27
222
295
-77
-5
-199
-125
176
-56
226
-5
93
-79
-269
319
-117
252
197
-97
59
-243
20
-175
144
193
-53
226
-139
-124
-104
-196
-19
131
94
75
118
-103
-149
-40
39
-91
205
93
-32
309
-216
-150
44
8
88
-58
269
-12
57
202
-304
-78
-13
-18
27
142
-26
-46
-96
-111
-76
-332
162
-87
36
199
-323
292
-201
-24
74
-409
431
-155
8
73
-323
295
-230
-63
116
-174
291
-159
79
168
25
357
-128
-108
131
-316
43
-124
207
339
-136
250
-289
-359
-1
-122
38
60
340
155
-121
133
-313
-412
262
-145
64
453
-76
-79
-68
-142
-60
103
251
39
133
74
-158
34
50
94
175
76
86
-11
-112
-192
-17
158
-3
122
242
79
-183
-162
-349
-137
319
-53
218
186
-155
-93
-356
-243
-94
445
55
113
429
-761
-71
-153
-360
406
234
161
-169
77
-406
-261
423
-164
433
233
-269
-57
-222
-206
123
7
127
233
-122
-29
-181
26
-120
224
6
-369
433
-317
-23
54
-313
82
-196
164
-195
227
145
-130
322
-245
-155
151
-256
39
346
-425
29
256
-241
-279
247
59
-345
944
-409
-294
598
-483
200
-4
25
167
-181
64
-519
241
-214
-70
613
-226
271
176
-437
-208
177
-205
188
504
-23
-61
-91
-327
-302
450
-229
203
625
-380
38
17
-186
77
98
279
-77
-211
497
-586
99
538
-575
204
-60
194
-362
259
438
-629
774
-393
-511
575
-495
268
-135
-144
369
-561
507
-246
-116
602
-548
284
-97
118
82
-424
696
-669
154
538
-748
454
35
-152
-210
186
337
-623
825
-194
-685
682
-652
-162
449
-111
-25
214
-62
-401
228
-144
14
288
-7
11
-14
116
-162
-78
111
184
-219
-30
272
-415
152
512
-670
434
201
-702
470
-365
149
134
-138
374
-615
450
-257
-221
531
-683
640
-201
-325
643
-549
543
-514
71
127
-640
812
-575
-39
335
-453
-144
16
113
13
146
-3
-379
102
-70
27
67
94
45
-81
143
-260
527
-22
16
263
-364
50
-51
266
-220
353
53
-621
605
-524
166
105
-217
431
-272
315
-301
162
120
-307
367
-675
588
-209
-239
580
-456
157
15
204
-571
606
23
-636
681
-311
-287
122
388
-627
172
600
-841
302
417
-459
301
270
-243
96
-7
113
-366
273
266
-391
386
-71
-292
276
-135
-302
303
-49
-287
127
127
-328
268
137
-753
537
-243
-338
585
-365
94
15
-10
-99
-155
516
-626
558
212
-446
274
-347
388
-668
566
190
-661
900
-522
-34
52
238
45
-269
757
-539
147
172
-491
472
-342
225
49
-275
172
-110
100
-176
380
-306
29
148
-76
-6
-52
369
-594
507
-195
-283
597
-542
273
-178
-22
-87
-96
333
-622
695
-213
-330
535
-525
327
-191
102
89
-460
742
-499
-212
498
-342
52
236
-13
-325
126
199
-426
359
221
-468
291
10
-451
460
-103
-234
506
-316
65
2
-41
-139
-59
405
-515
334
91
-238
240
-258
124
-160
120
276
-487
296
-15
-533
608
-370
109
360
-422
237
-454
369
-109
55
599
-688
668
-446
-254
463
-505
423
-29
105
6
30
112
-316
313
-8
91
-96
277
6
-490
566
-514
-68
614
-450
54
209
-327
-75
-55
298
-648
621
175
-754
795
-438
-193
337
-159
-122
53
135
-336
123
-68
-285
322
-144
-108
280
-401
64
256
-361
159
163
-198
-47
120
7
-195
388
41
-260
441
-129
-216
373
-132
-119
61
-17
74
-201
301
-58
-261
439
-422
-87
512
-580
509
-92
-286
498
-767
538
-265
-81
546
-653
689
-429
159
-37
-275
457
-483
455
-187
-1
179
-154
87
-196
-6
-28
105
-21
-25
152
-378
249
-102
-134
36
174
-116
-120
509
-593
337
-28
-69
108
-313
589
-537
337
126
-336
215
-71
104
-223
179
141
-226
92
108
-21
13
36
298
-378
101
381
-439
251
274
-335
-78
80
-20
-304
172
166
-532
559
-282
-190
405
-360
281
-242
310
-173
-52
334
-592
496
-131
-280
548
-400
207
90
-366
288
-337
237
21
-140
429
-507
246
-90
-518
683
-664
261
279
-648
662
-448
138
4
-46
202
-224
371
-271
148
158
-298
277
-166
-114
314
-50
-125
302
-92
-203
143
68
-234
213
246
-437
192
153
-355
14
202
-246
40
289
-304
28
310
-369
204
80
-466
359
20
-359
216
43
-351
-48
233
-340
-60
525
-395
-87
319
-137
-378
403
-66
-308
385
-110
-29
-167
393
-194
-163
497
-349
95
235
-182
148
-162
186
62
-147
298
-310
185
-302
86
115
-559
616
-416
-128
269
-369
148
129
-131
76
31
-178
284
-23
-61
333
-79
48
77
69
-165
217
210
-437
639
-229
-207
448
-540
205
75
-225
-85
293
-280
69
30
-344
338
-266
426
-337
120
411
-787
789
-425
49
614
-613
435
-103
-181
262
-245
214
-258
130
269
-650
576
-18
-428
520
-377
50
-27
-124
310
-691
548
-160
-432
765
-665
488
-12
-284
327
-430
263
-146
77
-93
-145
335
-374
102
139
-292
385
-230
203
84
-485
429
-269
-112
411
-268
183
14
-173
200
-439
329
4
-205
475
-226
202
-14
-310
255
-143
-145
515
-292
-52
192
-283
90
-223
174
115
-341
565
-291
-266
424
-244
-41
281
-100
46
75
-200
115
127
-166
246
119
-311
196
-56
-184
-12
274
-42
-213
451
-455
-81
364
-533
466
-224
58
201
-621
573
-436
55
260
-303
236
-195
146
-121
-167
321
-238
-19
311
-266
-181
343
-234
81
159
5
13
-130
229
-312
61
59
117
-192
-38
395
-775
356
27
-206
190
-79
183
-417
244
35
-301
200
95
-14
-213
189
-32
-248
151
70
-64
25
193
-108
-8
-121
323
-285
-140
453
-423
244
-64
38
-122
-141
447
-546
201
67
-224
201
-106
-95
-51
-24
-60
82
-89
-5
227
-86
-54
16
67
-203
74
324
-514
665
-142
-167
475
-489
438
-247
120
288
-424
647
-459
32
295
-574
496
-98
-118
196
-57
-22
-178
268
-151
4
252
-97
-283
333
-59
-395
571
-370
72
135
-126
57
-145
412
-471
322
117
-469
400
-115
-98
87
255
-375
136
251
-440
279
75
-72
-28
124
-182
-238
335
-254
-41
403
-421
163
67
-196
109
93
-61
-50
112
-40
-74
-11
87
-295
150
-39
-60
133
-154
185
-181
-19
173
-291
360
-259
93
210
-396
550
-351
14
105
-155
235
-430
452
-185
-314
575
-357
-74
269
-163
-37
86
210
-356
178
88
-251
203
-55
-100
178
-65
-85
161
-247
145
-16
-91
193
-142
187
24
-131
139
-8
-189
234
7
-321
246
57
-251
101
214
-483
467
-98
-358
380
-15
-155
143
77
-269
15
171
-285
10
418
-196
-101
397
-250
-146
158
45
-120
55
355
-480
204
162
-290
198
-2
94
-247
286
-52
-328
471
-518
278
-38
-171
165
-101
88
-298
386
-297
12
450
-647
376
-16
-245
87
-13
21
-287
296
-195
-118
310
-261
63
58
63
-186
281
-84
-108
320
-270
71
67
60
-21
-136
270
-328
208
135
-296
324
-231
147
90
-305
423
-296
137
-4
-274
343
-495
249
-134
-182
245
-359
353
-362
206
93
-533
616
-426
100
157
-142
226
-348
378
-330
29
440
-487
380
80
-88
100
-40
190
-102
-28
415
-528
283
293
-572
447
-69
-70
131
-60
147
-396
342
-198
-343
581
-740
307
100
-381
431
-249
19
-97
47
183
-425
555
-233
-311
600
-430
162
196
-83
0
-28
79
-194
69
126
-203
30
145
-331
252
-2
-290
472
-474
107
274
-399
296
56
-58
-50
149
-11
-88
206
51
-220
114
28
-191
-63
183
-21
-180
243
-69
-193
233
41
-329
234
54
-292
207
58
-334
195
-27
-296
228
207
-222
163
241
-400
212
82
-157
154
117
-162
25
-2
61
-5
-185
429
-438
116
359
-645
578
-416
103
11
-494
663
-588
280
90
-515
530
-225
96
150
-213
288
-345
231
-101
-120
318
-240
35
-19
55
-158
282
152
-408
497
-245
-69
465
-415
204
-73
96
-225
108
201
-293
350
-332
-101
301
-286
237
56
-88
25
222
-399
141
281
-385
94
176
-183
-307
382
-278
-344
541
-410
-27
225
-312
209
-125
111
-22
-248
282
-143
72
-261
134
401
-350
24
-190
185
418
-236
-135
88
-96
100
-45
43
266
-155
47
-252
17
745
-454
80
-83
-201
329
-278
148
85
-140
15
-225
221
-117
-14
274
-50
-298
1
141
-115
81
156
-613
396
393
-740
381
-87
41
-99
76
75
-330
664
-420
-116
588
-278
-251
244
379
-568
596
71
-623
402
-277
13
-13
399
-268
-197
541
-723
162
292
-556
325
65
-271
-29
238
60
-489
630
-66
-582
647
-414
-259
782
-187
-240
172
-176
-199
191
300
-111
-27
344
-285
10
163
-251
228
230
-305
59
-10
-120
254
-147
183
-5
179
-127
-274
375
-209
315
95
-406
223
-228
-24
117
83
264
-525
145
8
-271
315
-20
60
-159
-30
-23
-311
517
-163
-217
141
-164
-69
-31
270
-32
70
-74
-372
452
-20
130
26
-105
73
-132
-20
-29
429
-188
-48
-43
-153
264
-22
219
-315
50
-97
-223
373
-183
107
-46
-294
105
-128
-90
88
276
-438
-330
236
67
108
-37
105
-430
286
83
-455
290
210
-53
-233
-203
-21
353
257
-127
2
26
-204
39
-87
-80
437
95
-569
134
25
-92
344
234
-342
220
-13
-312
34
135
161
-215
154
-40
-354
406
-245
1
366
-249
164
-166
92
-184
25
258
-305
400
-94
-271
278
-159
65
64
-63
1
89
84
-217
289
-111
-51
183
-285
-27
302
-151
-248
211
-120
-140
74
-13
-205
348
35
-463
65
-36
-86
210
-84
-53
7
-49
65
-80
31
79
127
-41
-304
109
115
55
126
-120
-132
45
-15
253
-153
197
189
-609
139
39
-139
368
120
-218
49
-47
-91
46
368
146
-342
122
-317
67
241
-216
450
-237
-167
61
-147
90
161
33
-287
48
-43
-270
302
165
-29
-78
-13
126
-246
309
-25
-205
47
37
13
-72
264
-53
-373
448
-171
-145
316
-116
65
-250
97
-90
26
216
-53
-40
-163
282
-59
-206
326
-87
-286
75
-1
-155
224
98
-288
155
-181
85
-22
112
24
-168
177
-252
86
20
-146
285
-350
4
69
-270
206
98
-56
201
-263
0
268
-213
130
-74
-129
132
117
-202
-131
367
-63
-184
418
-234
38
339
-295
-60
287
-100
-162
120
-92
-8
246
-229
38
173
-307
298
-115
4
81
-127
-103
-98
241
-22
-25
203
-50
-225
125
-207
143
132
-106
82
-331
354
-118
-187
541
-545
332
102
-555
487
-212
189
-84
-144
150
-345
379
-84
-171
168
-10
14
-188
210
-212
22
117
-22
-83
233
64
-386
240
-108
-78
232
-131
-48
-45
-9
-19
54
98
-108
252
-231
-52
241
-393
342
-90
-239
130
-92
120
62
21
-20
280
-169
-87
114
-113
104
5
-135
72
-40
-23
-30
-51
215
12
-86
-14
32
101
47
-103
72
39
-145
-3
-46
13
64
155
-75
-107
256
-360
224
75
-159
368
-319
-14
-63
-85
132
98
72
-150
134
-348
191
-30
-69
511
-448
287
-177
-180
314
-31
117
-97
244
-449
90
157
-260
345
-61
-107
-9
86
-112
44
42
-153
125
-143
10
-16
121
17
-129
34
-171
53
77
78
-57
192
56
-437
251
-96
-250
518
-2
-213
200
-128
-151
18
245
-89
-108
265
-298
-223
289
-79
-40
77
66
-215
-56
235
-247
111
276
-175
-133
110
9
-238
292
-18
-310
271
-3
-233
252
-59
-50
-67
-17
8
-158
501
-344
-28
159
-413
299
-37
-78
146
43
-132
-107
189
-90
156
170
-195
53
44
9
-92
-81
150
-22
-55
105
-162
-113
334
-69
-154
113
-147
77
33
15
38
-71
57
-174
-84
25
74
175
-103
98
5
-237
229
73
-245
213
43
-116
65
135
-168
13
304
-386
-17
312
-190
165
9
-58
3
-178
126
-173
99
258
-401
-32
-77
91
67
-23
270
-278
220
-84
-74
268
-226
148
-195
-88
112
-206
99
-72
220
-93
-56
348
-344
227
192
-294
295
-215
-66
286
-146
-87
-10
-69
-107
73
94
-233
270
-111
-249
425
-182
109
215
-170
51
-333
-11
-154
59
149
-420
121
-73
-94
289
-151
167
214
-86
21
-56
15
92
2
-54
-50
-179
114
53
-68
158
58
32
18
91
-176
11
265
-102
-71
86
-251
-157
213
-271
108
210
-248
216
-78
-17
46
-20
170
-216
215
-174
-162
300
-361
246
-41
-236
396
-259
162
91
-22
325
-97
80
-39
-113
9
22
64
-219
163
-30
-198
401
-146
18
276
-156
-76
124
88
-166
149
-34
-222
149
-108
-38
-99
7
46
-95
150
20
-62
18
-67
33
-98
41
178
-173
40
60
-212
-1
132
-13
-69
226
-50
-268
286
-100
-78
421
-199
-176
70
-151
-114
26
209
-110
134
24
-282
192
28
20
140
28
10
-4
11
-76
-211
87
-114
-135
16
-61
194
38
-25
10
-75
156
16
-62
-61
59
-85
-91
23
-213
201
-19
-147
138
-44
196
39
-28
-40
-49
127
-108
105
-60
38
34
-135
171
-65
33
136
-15
87
53
-33
-13
-67
-167
88
-162
-138
91
-117
20
69
72
-133
258
81
-281
343
13
-151
64
-62
-132
-46
128
-262
13
182
-153
-50
83
74
49
127
-83
-65
82
-30
-57
-13
125
-110
31
82
-156
95
55
-22
-81
4
103
-113
144
57
-157
75
-28
-42
-28
72
52
-68
71
-145
2
149
-112
46
31
-84
53
-25
-42
-1
65
-41
-128
32
-51
7
46
12
-33
-28
45
-80
34
130
-92
-72
54
-137
-3
185
-73
112
69
-74
16
28
-25
13
105
-77
-66
56
-113
-36
51
52
10
82
36
-157
122
23
-29
71
-6
-15
-68
-38
-25
-23
97
-2
-59
152
-110
-16
58
-56
0
4
18
-156
74
-11
-134
146
-88
-72
45
-56
-22
43
-25
-45
88
-99
-19
65
-122
106
10
-17
111
-71
-8
26
35
18
61
-28
43
50
-62
30
-21
-55
-5
12
-54
43
67
-84
-32
132
-13
12
-66
-94
-23
-67
6
-106
39
-116
-44
110
-170
224
86
1
119
-13
129
-57
88
-41
-28
183
-181
23
-14
-76
184
-47
24
7
57
136
-94
91
-37
-52
173
-153
8
13
-51
61
-116
30
-4
9
102
-84
9
-40
19
-28
-96
85
-24
-71
6
-76
-66
154
17
-22
1
57
-22
-22
79
-67
51
-41
-106
-27
-22
-28
47
37
-29
102
-42
-128
95
56
48
173
-53
-66
15
-148
-38
48
-59
62
-8
-120
-23
35
-29
81
141
-17
68
35
-35
-8
20
-23
-78
-12
-53
-40
-40
51
4
-11
158
-59
53
151
-87
27
7
-68
-16
-3
-13
-64
-52
20
-40
10
142
-58
53
52
-111
45
-16
24
-51
-63
-35
-146
100
-26
-7
113
-68
34
-14
31
16
39
80
-148
-3
-21
-153
12
9
-35
54
86
15
-17
118
-6
-104
112
34
-46
72
-75
-123
47
19
-73
78
66
-29
78
28
12
48
82
-47
-56
55
-100
9
1
-114
-12
-2
-26
-12
43
5
21
69
-46
-11
21
-13
-64
-46
22
-34
-4
-6
-58
-24
48
39
-13
81
43
-48
66
-43
-71
77
1
-41
59
-43
-81
69
-4
-27
60
17
-34
7
27
-36
32
82
-76
-15
-16
-127
-30
11
-17
-21
53
6
-18
90
-46
-22
119
-27
16
23
-21
13
-30
-51
-94
-5
11
-13
76
20
39
61
-28
54
-2
27
48
-105
-7
-35
-39
7
-52
-3
-18
20
22
20
110
-5
13
49
-56
51
43
-5
-8
-6
-55
-62
-2
-92
9
61
-29
35
49
6
18
11
-25
-19
69
-42
-18
8
-50
-8
-68
-11
28
40
75
2
40
0
-27
45
-53
36
35
-36
21
-35
-3
39
-9
30
-5
46
12
-16
43
-78
-6
-5
-46
9
-30
1
-21
14
16
8
45
-20
19
22
5
47
-4
-33
-21
-39
-35
12
-41
11
15
-24
30
-1
16
57
-4
-20
32
-4
7
22
-57
-47
-4
13
22
39
52
-10
10
7
-30
28
23
16
14
-30
-14
-13
-13
-23
-20
27
-12
26
28
0
0
-5
1
-45
7
-13
-34
12
-12
-25
-12
2
4
18
-2
-3
7
-6
-4
-25
-14
-7
-32
-17
6
-31
30
8
-44
50
-4
-23
2
-26
1
18
31
-15
-16
-22
-51
-31
-16
10
29
29
-5
19
8
-9
32
-24
4
-20
-2
-11
-61
14
-50
-4
12
-33
56
-5
-19
12
-20
52
12
-6
14
-15
1
-3
-7
26
10
9
19
-23
13
5
27
25
-12
4
-1
22
11
18
22
1
11
-31
2
19
-9
31
-11
27
-4
-37
41
-15
32
29
-67
19
-18
-18
29
-14
50
1
1
10
-17
13
-16
-9
0
-28
20
1
-39
-18
-31
41
-1
33
32
-17
12
-12
-20
-8
4
-31
-4
-12
19
13
-18
18
-23
13
10
-10
32
4
14
-17
-12
-28
-2
-9
-26
12
19
21
0
3
-36
10
28
-16
-5
-13
-23
2
-9
19
6
28
50
-4
36
7
14
34
-35
14
-4
-23
-10
-43
21
-28
6
24
-37
62
19
5
9
-21
3
-21
8
-2
11
34
-41
-30
-14
-31
14
4
15
9
15
37
-11
-6
4
-37
12
-11
3
9
-17
25
-18
11
-9
-45
40
-26
4
37
-69
7
-8
-17
21
-13
40
8
18
64
-22
32
10
-44
15
-25
-28
4
-36
-1
10
-11
4
-34
6
13
23
48
-16
-1
-18
-19
8
-9
19
32
10
-18
-22
-17
13
6
32
28
-10
15
-28
-15
5
-5
15
-18
25
6
-27
4
-28
4
22
-9
19
11
3
1
-10
1
-23
11
-3
-17
7
-10
-16
-18
3
15
5
26
-37
-22
17
-31
28
-23
-26
1
-41
-4
-34
-7
22
-10
26
-19
-14
29
7
24
0
-1
15
-9
15
-18
-13
23
-5
3
-2
0
21
10
17
-11
-4
4
3
18
-5
-19
0
22
-2
8
22
-11
35
11
-12
-8
-17
25
-13
-1
-7
-18
7
-20
8
-10
-4
11
-11
13
-23
5
12
-19
25
-3
-11
-11
-32
10
-18
3
14
-15
18
-6
5
15
-24
33
17
-18
15
-23
7
-26
-6
29
-31
17
5
-7
34
-6
12
0
-22
19
9
-19
1
-2
4
-4
-24
11
-31
-21
33
-19
8
-16
-35
20
-31
41
7
-27
37
-20
21
-7
-35
37
-24
9
16
-16
12
-21
4
-2
-9
32
-7
7
22
-6
1
-4
-7
9
1
-14
11
10
1
8
-6
9
-18
-18
32
-23
5
13
-19
27
-23
-5
0
-47
29
5
-11
10
-35
12
7
-3
23
-30
-18
15
-13
7
-6
-23
3
6
24
18
-5
5
-12
12
13
-22
6
4
5
12
-19
-3
4
10
20
-15
4
1
-6
21
-4
4
-5
-18
19
-15
-4
-2
-14
32
5
15
10
-7
27
-7
1
-6
-15
5
-2
14
-2
-9
7
12
9
2
12
-2
3
10
0
-3
-21
-2
-4
-10
2
2
10
3
11
5
-18
17
14
-2
-17
-16
11
-5
9
21
-14
-26
-10
20
5
3
16
-6
-7
0
-3
-15
-37
7
26
-4
17
16
-3
-19
-12
20
6
10
23
-8
-19
-18
-10
-6
1
12
-10
-7
8
1
2
-8
5
44
23
4
-13
-34
-19
-23
-26
-26
-15
17
-1
-11
10
20
18
12
15
7
0
12
-17
-31
-27
-45
-11
-6
3
41
17
13
15
13
39
13
-2
-31
-17
12
-34
-21
-22
-34
-3
12
49
31
9
25
0
6
-3
-10
-4
-16
15
-13
-38
-8
-18
30
10
-11
41
4
32
4
-30
15
-35
6
11
-46
0
-10
20
15
-26
9
-12
15
43
-4
13
17
-26
-20
-10
-18
-16
-10
23
14
-2
-7
-1
16
-6
-9
3
-7
14
15
-1
-5
1
2
-3
17
9
-5
18
19
-2
-12
2
-2
1
3
-15
14
9
7
-1
-45
-20
-2
7
37
18
42
2
-23
-8
-31
2
1
12
-10
-19
-6
-46
18
30
2
44
26
18
-17
-35
5
-25
1
10
-10
31
-6
-4
-13
-47
12
14
9
7
5
39
-16
-7
39
-29
-10
5
-4
19
-12
12
-11
-41
9
-18
-4
11
-5
24
-11
2
11
-45
-14
9
-5
-6
-10
10
-10
-18
8
9
3
-9
30
39
-4
-1
12
14
11
1
-22
-36
-18
11
11
-7
-13
-9
-13
11
31
-2
5
18
-4
-13
-24
-19
-7
-4
23
30
-2
-3
-9
2
-4
-1
31
13
6
3
-25
-31
-12
0
-3
-7
0
-7
-6
13
-5
-3
28
4
-5
-21
-41
-1
1
16
26
-1
17
-3
14
11
-17
36
26
-17
4
14
-1
-16
3
15
8
14
6
-19
-15
9
-9
-19
-12
3
0
-12
-3
8
-6
-10
-12
-26
-4
11
7
8
-26
-3
-4
-17
31
16
21
9
-12
4
-26
-25
-5
-6
9
3
15
1
-8
9
-17
20
54
13
17
-17
-40
-9
-25
-5
10
25
41
-4
0
9
-16
21
20
-8
5
-10
4
-16
-35
14
5
8
33
14
20
-4
-16
1
-23
1
3
-32
-4
11
-1
15
9
17
17
-3
7
-3
-17
16
-8
-6
-3
-32
5
-4
-3
22
-1
14
-2
-11
9
-30
-1
-14
-38
-2
-42
6
18
-26
11
-13
5
-1
-2
27
-17
12
21
-3
13
-3
13
-4
-7
-4
-50
-27
-13
8
18
-2
40
27
-8
10
-3
7
9
14
24
-22
-8
-14
-42
2
1
9
11
-1
47
15
11
39
-17
-5
-14
-14
6
-40
-3
-1
-30
30
-12
-7
22
-6
45
2
-10
33
-35
3
-22
-43
16
-28
23
11
-28
31
-25
-5
20
-11
27
-22
-9
6
-26
12
2
1
19
6
-4
-11
10
16
19
31
6
10
17
-5
-19
-22
-26
-28
-25
0
7
-2
-6
-4
12
1
11
12
-12
1
2
-13
-15
-4
20
18
2
10
-1
-7
22
8
5
6
4
4
-42
0
6
-4
11
-21
22
7
-9
5
-38
8
-21
-36
-7
-42
16
18
10
26
-24
3
-19
-15
35
-16
10
-6
-40
16
-7
12
19
-15
47
21
6
22
-11
9
-3
-6
14
-5
23
11
-23
-11
-7
33
14
-1
7
-14
-4
-20
-6
10
-1
7
-19
-3
-4
-9
17
-11
3
7
-3
14
-13
3
11
1
33
-2
14
14
-25
2
-14
-1
12
-6
19
-6
1
35
-14
-4
-20
-36
14
-12
9
3
-44
17
6
3
26
1
20
-12
-10
12
-20
4
-11
-11
10
-3
14
1
8
29
27
37
-2
-24
-29
-30
-7
-12
6
13
-7
-9
-25
3
30
9
22
-5
-22
-1
-6
9
6
12
36
-19
-20
-7
-31
4
-1
-8
10
-4
10
-4
3
19
14
18
-8
-13
-12
-30
-12
-2
-22
-22
-22
-4
12
11
21
19
6
10
-7
-34
-20
-9
4
5
-21
-3
4
19
32
21
13
-3
12
2
-22
-21
-23
-8
-1
-7
-1
-3
20
28
12
15
13
12
-9
-23
-14
-20
4
3
-12
-9
-26
1
11
9
37
17
6
4
-7
2
-6
-20
-28
-23
-10
-8
-12
6
13
6
21
17
19
21
-4
-2
-7
3
8
-14
-7
-18
-29
9
4
5
14
-5
16
-2
7
19
-9
5
-9
-11
-12
-24
3
0
9
16
10
13
8
20
9
-8
10
6
-1
0
-19
-21
-18
-21
-20
-7
10
25
26
15
16
6
-4
5
10
20
-13
-30
-21
-23
6
-1
-3
10
8
15
2
5
2
-10
1
-5
-15
-6
-12
-23
-27
-34
-11
-13
-7
14
2
5
2
6
22
13
16
3
-14
1
-10
-25
-18
-15
16
20
5
18
-4
14
27
5
14
6
4
-4
-24
4
11
15
13
0
5
-10
-6
17
13
10
7
-5
-8
-20
-18
-8
-7
7
4
1
6
8
6
-6
-6
3
-3
3
-4
-23
-5
-5
-13
3
-12
-3
11
8
16
-4
6
12
5
18
-4
1
14
-8
-7
-15
-17
-3
5
6
-15
0
7
-3
18
2
-6
3
-3
5
-11
5
10
-11
8
17
16
7
-13
-2
0
3
14
11
2
-9
-2
3
6
12
18
4
-6
0
-25
-23
23
16
-2
0
-1
2
3
-1
-5
-1
5
12
17
3
-10
-15
-8
1
11
13
-12
8
23
-1
4
3
-7
-1
-7
-11
-10
-2
-3
-8
-9
-16
6
6
5
6
-7
4
-11
-8
6
-16
0
-10
-18
4
5
19
12
3
21
8
-6
-9
-4
0
-13
-14
-14
-15
-14
-5
1
-8
16
7
-16
3
5
3
5
-5
-1
-6
-4
6
-13
-2
17
5
4
14
11
8
2
1
8
-9
1
4
-10
12
13
-1
0
5
7
4
8
8
-1
-6
-5
-3
-1
9
4
-11
-1
-8
3
7
0
15
6
6
8
-1
-1
-3
-7
-6
-9
-5
2
-4
-8
-6
-10
-23
-15
-6
-12
-3
-2
-8
6
9
3
-7
-2
1
-3
2
2
4
0
1
1
-7
0
4
11
-5
-9
9
0
4
-3
-9
6
-7
-1
-5
-5
23
10
2
-10
-17
-6
-12
0
5
-2
-6
-17
-5
14
15
21
18
8
24
4
-2
1
-8
-2
-6
5
4
-5
-5
-7
1
3
18
16
1
-2
-13
-8
-17
-7
4
-7
0
-4
-6
-5
4
9
4
8
-2
4
0
-2
0
-7
-3
-5
2
4
-1
10
12
-1
-6
-14
-17
-9
-8
-4
1
0
1
3
0
-5
1
4
-1
0
3
-2
-8
-6
-4
2
15
9
3
-4
5
11
9
9
-2
4
7
5
-4
-4
1
0
9
0
-18
-9
-3
-3
2
4
10
3
2
7
-5
-4
-2
-6
-3
-9
5
9
3
16
3
-8
-4
-6
-3
-6
-5
-3
-5
0
0
-3
-5
1
2
-7
-12
-3
-5
-8
5
8
7
13
10
1
0
3
9
6
7
4
2
2
0
5
6
12
7
-3
2
2
-2
-4
-1
-4
0
-8
-7
2
10
10
-5
1
-3
-7
3
1
3
5
-6
-10
-11
-6
0
-4
0
-2
0
3
-7
1
5
1
-3
-16
-19
-11
1
1
-5
-4
-2
0
1
-3
-3
-11
-11
-3
-4
-4
2
4
2
-6
-8
0
2
6
11
-4
-7
-5
-8
7
11
11
7
9
12
6
-2
-7
-9
-4
0
-7
-3
4
-6
-4
-4
4
15
11
7
2
2
0
-5
-4
-1
3
7
1
-5
0
-7
0
14
-3
-2
6
-3
-14
-15
-9
-10
-5
-4
-11
-6
6
8
5
8
10
8
1
-12
-13
0
2
-4
-7
-8
-1
7
-3
2
15
9
4
3
5
1
-7
0
-5
-9
-1
-1
-4
-5
-8
1
4
4
10
13
9
11
7
-3
0
1
-2
-4
-1
-2
1
0
-6
-4
7
12
13
24
24
14
3
-9
-9
-2
-3
-3
-2
4
6
0
4
-1
-4
3
1
0
3
2
-2
3
-8
-11
-6
-9
0
-2
0
5
0
3
5
4
-2
4
-3
-5
6
-1
3
-2
0
10
1
12
5
-4
2
-5
-5
-8
-2
0
-14
-27
-24
-9
-3
-2
-6
-8
7
15
15
2
1
9
4
7
-1
-9
-3
3
6
1
3
8
6
-2
-1
1
-6
-10
-10
-10
-7
-5
2
9
8
4
-10
-11
-4
-2
4
-1
2
4
-4
-5
-4
6
6
2
3
-3
5
1
-8
0
1
9
1
-1
10
8
-2
-17
-15
-3
7
13
14
7
7
8
-6
-5
4
2
-7
-4
11
4
-7
0
1
0
3
-4
-4
4
0
0
0
-3
6
7
5
-3
2
3
-6
-4
-14
-15
0
-1
-4
-7
0
-1
8
13
-1
3
3
-11
-4
10
8
4
7
1
-8
4
4
-2
6
2
-3
-3
3
2
-9
-12
-11
-3
4
2
9
11
11
6
-5
-13
-17
-2
3
-2
1
0
-5
-5
-1
-3
5
9
12
15
4
-3
-6
-4
-3
-2
-5
-8
-3
-2
-5
-6
0
-2
-5
-2
-3
0
5
1
-7
-7
-1
3
8
4
0
-6
-6
-3
-2
2
2
8
7
2
1
6
11
7
-3
2
5
3
4
1
4
-4
-4
3
0
2
2
-1
-3
-7
-11
-10
-3
4
6
-2
-3
-5
4
8
0
7
-5
-6
1
-3
-2
-4
0
-3
-4
13
11
9
5
-1
1
3
4
7
7
7
3
-8
-9
-5
3
11
5
1
-4
-12
-4
4
-7
-10
-1
1
-4
1
8
11
11
1
-9
-1
9
7
5
1
3
3
3
5
8
8
1
-4
-12
-10
-4
0
-4
-18
-14
1
6
3
6
-3
-5
4
1
5
-1
-3
2
-2
1
0
-6
-1
5
5
7
4
-3
-5
-9
1
4
-3
-1
-9
-7
1
1
0
-5
-5
-4
1
6
-2
2
3
6
9
3
5
4
4
2
-5
-8
-6
-3
-2
4
1
1
-5
-6
-3
-8
-9
-8
-14
-8
-1
1
6
-3
-1
5
0
4
4
3
14
9
-3
-5
-2
0
3
4
1
7
7
3
6
-2
-8
-9
-6
0
-4
-8
-9
-9
0
-3
-11
-2
-3
-4
-4
-2
-4
1
3
-1
2
0
5
0
3
1
-4
1
-5
-3
11
9
10
4
-1
1
-4
-7
-11
-2
8
9
0
4
11
1
9
6
1
8
-2
-5
-3
-10
-5
-4
-4
-2
5
7
-2
6
12
8
4
2
-2
0
2
-1
-6
0
-1
-1
6
11
6
0
0
-1
-3
1
2
-9
-7
1
-5
-3
-5
-1
11
7
3
5
-1
-6
-3
0
-4
-5
-1
-5
-9
-4
1
-2
0
-3
-12
-1
-2
-6
-1
-1
9
6
0
0
-2
-2
-3
-1
5
9
8
4
0
-1
6
12
-1
-1
5
1
3
2
-2
-6
-3
-5
-5
4
1
2
0
-1
5
8
7
3
0
0
5
13
8
-5
-4
3
4
0
5
9
9
20
10
-4
-3
-12
-5
11
1
-10
-13
-4
7
14
18
4
-5
-6
-10
-6
1
-3
-4
0
-9
-4
3
6
11
8
0
-7
-7
-1
0
9
9
3
6
2
2
7
8
10
12
10
2
-3
1
2
2
5
-5
-10
-11
-8
5
-1
-2
-7
-13
-5
-4
2
5
1
2
-7
-6
2
-4
4
2
4
-1
-8
-6
-12
-12
-4
-5
-7
-4
5
4
5
10
0
-5
-1
1
-1
0
-5
-3
-1
-10
-5
-5
5
11
3
6
1
0
10
2
-3
-3
-8
-2
2
6
10
5
2
-10
-13
-2
-1
-6
0
2
-1
2
-2
-3
1
6
2
-1
3
-2
-5
-2
-8
-6
6
3
12
11
4
3
-1
-9
-8
-3
-1
-1
-4
-3
-1
2
2
2
4
0
-12
-14
-17
-6
0
-7
-1
0
-4
-5
-4
3
8
2
-6
-6
-2
-5
-4
2
-11
-9
-5
-6
-2
3
6
7
1
-1
-4
0
7
9
3
-4
6
5
3
7
7
-1
3
4
-1
1
2
3
4
-3
-12
-12
-8
0
10
5
2
1
-2
-3
6
7
1
-2
-6
3
3
-6
1
-3
-5
2
1
7
7
6
4
6
2
-1
2
2
-3
-5
0
-2
1
-3
-15
-8
-5
-6
-2
-7
-8
-9
-8
1
10
10
8
7
0
-6
0
2
3
0
-4
-4
-2
2
5
3
11
12
2
-1
-5
-12
-11
1
10
-3
-5
-1
-5
-5
1
-1
-5
4
0
-7
3
2
2
4
-4
-2
5
-2
2
0
-2
0
-6
4
-3
-4
11
-1
-2
6
3
7
7
9
7
5
3
-1
0
2
7
5
7
10
2
-1
-4
-3
6
4
3
0
1
11
3
-3
1
3
7
4
3
0
3
12
4
5
-2
-4
-8
-10
-5
-15
-10
-9
-9
0
-3
-3
0
0
1
2
-1
2
1
0
-3
-11
-3
-1
-5
-6
-13
-5
-1
1
-4
-3
4
4
7
2
-2
-2
-4
-7
-1
5
1
-10
-8
2
8
11
1
-1
4
-1
3
3
-2
3
4
0
-11
-9
1
6
7
4
1
5
4
6
7
8
9
-3
1
0
-11
-10
-8
2
4
4
4
0
14
12
6
5
-1
3
-3
-6
-4
-3
-4
-10
-8
5
16
13
6
3
4
0
-5
-5
2
-4
-11
-10
-7
-7
-14
-1
3
7
13
3
2
0
-3
-9
-11
-10
-1
4
-5
-5
0
-1
5
-2
-1
12
15
8
0
-2
0
4
0
-4
-9
-5
-7
0
9
10
10
5
4
3
8
5
0
4
4
4
5
0
-2
-5
-8
-10
-12
-5
2
1
4
2
5
11
10
3
-1
1
-4
-8
-7
-9
-8
-4
1
4
3
12
6
0
1
4
5
2
7
-4
-6
-3
-9
-4
1
6
8
6
2
-8
-11
-13
-14
-11
-21
-18
-14
-13
-13
-8
1
5
11
11
3
-3
-8
-2
-4
-4
5
-1
-1
-4
-1
4
4
12
3
-2
8
1
1
1
1
7
1
-5
-3
-3
-3
-8
-3
3
0
0
-4
-2
-4
-2
0
-1
11
6
4
1
-7
0
1
5
7
4
11
8
9
3
-4
10
12
10
5
3
2
-1
-2
-3
2
1
3
-6
-1
9
-2
0
3
6
6
-6
-5
-14
-17
-9
-4
0
-2
4
4
-2
2
1
-1
4
1
-5
-10
-4
6
3
2
-1
1
2
3
6
1
-3
-5
0
1
3
7
1
-3
-6
-8
-8
-2
4
1
3
2
-2
2
-5
-1
12
11
11
5
-5
-9
-10
-6
-9
-7
-5
-5
10
9
2
9
4
5
3
0
1
-7
-4
-2
7
8
7
10
0
4
7
7
3
-1
3
-7
-3
2
-2
-4
-2
3
1
-3
-1
-6
-5
4
0
0
2
9
10
0
-4
-7
-5
-3
-8
-1
5
-2
5
4
5
9
9
1
0
1
2
5
0
6
4
-2
-2
-3
1
-11
-13
-2
-1
3
1
-5
0
-3
-5
-5
-3
-4
-8
-5
-4
-1
-3
-2
-3
-8
-2
-2
-1
-2
2
8
5
2
-1
-2
1
1
5
-1
0
4
-7
-1
2
6
7
-5
0
-7
-10
-8
-12
-4
0
5
2
-1
0
-4
0
3
0
-1
-2
-4
-9
-10
-1
0
6
7
4
2
2
2
10
8
6
3
-3
-1
-2
-2
2
2
0
0
3
3
5
7
3
4
-5
-1
3
0
1
-2
0
-1
-1
5
7
4
2
3
-2
2
-1
-3
-8
-13
-6
-2
6
0
-7
0
-1
1
6
2
0
1
-1
-8
-5
7
2
6
7
7
0
-1
5
-4
3
9
6
0
-2
-3
-8
-5
-1
0
4
5
5
5
1
3
-4
-2
6
8
5
-4
-3
-1
-8
-4
1
-2
-2
3
5
-1
0
2
-1
3
5
1
5
3
0
1
-1
0
6
-1
-5
-3
2
-1
0
0
-2
-5
1
7
-5
-6
-7
-9
-4
-5
-1
2
-6
2
-2
-9
-1
2
3
-4
-7
-17
-11
8
11
8
3
7
4
2
8
4
2
1
2
0
-2
-6
-6
0
6
7
8
7
3
7
2
-6
-2
-5
-10
-5
-1
3
4
-3
0
2
-2
1
2
8
2
5
0
-16
-5
3
7
3
-8
-4
-8
3
9
3
8
2
-1
-1
-3
-4
-8
1
5
8
6
3
1
-4
0
-3
3
4
3
8
4
5
-6
-7
2
-8
-3
-8
-11
-4
-4
0
4
13
10
1
5
4
-2
-3
3
5
-4
-10
-12
-14
0
8
-7
-12
-5
-6
-10
2
8
1
-4
-1
-5
-5
6
0
-5
-12
-11
1
-6
-2
-7
-12
0
1
0
6
7
13
11
4
5
2
-6
-2
-3
-14
-2
8
13
9
1
2
-5
-7
1
-3
-4
7
0
-4
-3
-3
3
3
1
6
-6
-8
3
-3
-4
-4
-3
2
0
-2
-3
-4
5
9
-2
6
8
-5
-1
0
-4
-3
-2
-4
-1
4
2
4
-3
-6
-1
1
6
3
5
13
4
-4
-7
-3
1
-2
0
6
4
5
0
-7
0
3
-1
-7
-3
-5
-4
0
-3
0
-7
-8
-6
-7
-1
-3
-4
-6
-4
6
5
5
9
4
5
-5
-9
-5
-5
-1
-1
2
8
13
13
15
13
5
2
-1
-3
0
3
5
2
3
6
-3
1
8
0
5
-2
-7
-4
-16
-11
-5
-7
-7
-3
2
-2
-3
4
11
10
9
6
-9
-9
-1
-3
-1
2
1
-3
-4
0
1
-9
-4
-4
-4
-1
-1
1
0
4
0
-5
-3
3
8
-4
-2
3
2
3
-4
5
13
8
11
0
-5
2
2
1
2
5
5
1
1
4
7
-3
0
-1
-3
6
-1
0
-7
-4
8
-3
0
1
-6
-6
-9
-13
-9
-5
-2
1
-10
-4
5
8
10
8
12
6
0
-3
-15
-15
1
3
-3
4
2
0
0
-3
2
3
2
-1
-9
-8
-9
-11
-9
-14
-3
2
-2
2
0
4
-1
