4
-1
-7
-7
-3
6
10
7
3
-1
-2
-7
-4
1
1
0
-5
-6
-8
-11
-11
-8
-8
-10
-9
-5
-5
-5
-1
2
6
5
0
-3
-4
-2
0
-2
-4
-4
2
5
7
4
0
0
1
2
2
0
-1
2
2
2
5
5
7
7
3
-1
-1
-3
-3
1
3
0
3
8
7
7
7
3
3
6
6
3
3
2
0
-3
-5
-6
-5
-3
-4
-1
4
3
1
2
3
4
6
4
-3
-4
-1
3
2
2
2
3
7
7
6
5
3
-4
-9
-10
-8
-6
-3
-8
-11
-8
-4
3
6
10
5
1
-7
-15
-11
-6
-2
-2
-2
2
4
2
-3
-10
-9
-4
-4
-7
-7
-4
0
0
1
2
4
3
1
1
-2
-2
-2
-3
2
9
11
9
8
4
1
0
3
0
-1
1
3
3
2
6
3
-2
-3
-6
-8
-4
-1
-3
-1
0
0
0
-1
-3
-7
-6
-4
2
3
2
-2
-8
-12
-12
-3
4
8
14
14
12
8
3
-1
1
8
11
8
5
2
2
5
10
9
4
1
0
-5
-7
-8
-7
-2
0
5
5
3
7
8
7
8
13
8
2
2
0
-1
4
6
5
4
0
-3
-3
0
0
-3
-6
-7
-9
-10
-7
-10
-9
-5
1
6
7
1
-6
-7
-6
-6
-1
0
1
-1
-2
-10
-12
0
4
8
13
13
11
7
4
4
4
2
6
5
4
5
3
-2
-6
-6
-7
-6
-8
-9
-5
-2
0
1
3
2
-3
-5
-1
3
6
8
4
-1
-2
1
-2
-2
3
7
8
4
1
-2
-3
-4
-6
-6
-1
0
-1
0
-5
-8
-10
-10
-13
-13
-12
-10
-10
-12
-8
-5
-8
-5
0
0
-2
-6
-5
-6
-3
6
8
6
9
12
12
13
13
11
7
3
3
-1
-3
1
4
8
7
4
-2
-4
-1
-3
-5
-4
-8
-8
-3
3
3
9
10
4
-4
-8
-8
-5
-1
6
6
6
5
4
3
-2
-3
2
5
2
0
1
-1
0
0
1
1
4
6
-1
-5
-9
-10
-12
-10
-7
-9
-11
-7
-1
5
6
8
9
6
1
-5
-8
-6
3
8
10
12
8
0
-5
-2
0
0
1
3
2
1
0
2
-2
-1
3
5
8
7
3
-1
-6
-5
-5
-6
-4
2
6
-1
0
1
-2
-1
1
6
5
5
4
4
9
10
11
5
-4
-4
-7
-7
1
5
7
15
19
14
9
6
3
1
-2
-5
-6
-2
-6
-11
-9
-7
-3
-5
-3
-8
-7
-5
-9
-9
-7
-2
0
3
1
-3
3
1
1
3
3
3
4
3
-2
0
-1
-1
0
-1
2
0
-4
-6
-3
0
3
1
2
2
5
1
-5
-4
-3
6
4
-2
-3
-2
-5
-10
-7
-3
0
0
1
3
2
1
-4
-7
-6
-6
-5
-5
-3
-4
-8
-6
-4
-4
-4
0
1
-4
-4
-7
-3
1
1
1
1
6
5
3
2
0
2
2
8
8
9
8
6
6
1
0
-4
-10
-9
-9
-9
-4
-1
2
4
2
-1
1
-3
-8
-7
-6
-9
-16
-10
-7
-3
2
1
1
1
-2
0
4
8
10
11
11
7
1
3
5
7
14
10
7
5
-2
-5
-2
5
4
9
11
7
2
0
-2
-3
-2
-3
-4
-7
-6
-3
-3
0
1
-1
-1
1
1
-5
-8
-6
-5
2
5
6
8
6
1
-2
-3
-3
-9
-13
-13
-6
2
1
-2
0
3
0
-2
-1
-2
-3
0
-2
-6
-2
-6
-1
3
5
7
7
9
5
1
0
3
5
6
10
9
11
13
12
8
9
13
8
6
8
9
6
3
4
3
2
0
-8
-12
-12
-13
-5
0
3
7
12
11
9
7
3
-4
-5
-11
-12
-6
-8
-11
-8
-3
-5
1
1
-2
-4
-7
-3
-3
-1
-1
-6
-7
-9
-8
-3
1
3
7
6
5
6
5
2
-2
-3
-6
-2
2
2
2
2
-1
1
4
4
2
4
3
-4
0
3
-2
3
5
1
3
7
5
3
4
3
-2
-1
1
-2
-1
-4
-1
-2
-3
1
3
7
5
6
2
-6
-8
-7
-6
-7
-4
-3
-7
-4
0
-2
1
2
6
5
6
12
11
8
6
-1
0
0
4
5
-3
-1
1
-1
-4
-2
-1
-2
-3
1
-6
-5
-2
-3
-6
-7
1
0
-6
-4
-3
-3
-2
1
-1
-5
-8
-6
-9
-9
-8
-10
-11
-9
0
-4
-6
-3
-1
-2
0
5
1
3
6
4
1
4
2
0
-2
-7
-5
-2
-1
0
4
1
1
1
-1
0
-4
-7
-5
-8
-11
-10
0
7
12
13
7
7
5
2
1
6
5
6
4
6
8
1
-2
0
-1
-1
1
2
1
-2
-2
-6
-2
4
9
6
4
5
0
1
0
-4
-5
-3
-4
-7
-6
-3
0
5
10
11
7
5
6
6
9
5
5
3
1
3
6
7
4
5
1
0
3
3
5
6
3
-1
-6
-10
-9
-6
-5
-6
-7
-6
-4
-4
-2
-1
-2
-1
-1
1
-5
-4
1
2
1
-3
-1
-1
0
2
1
3
7
4
-1
-3
-7
-5
-4
-5
-5
-2
1
2
2
2
0
3
0
-6
-2
-3
-3
-4
-4
-5
-9
-5
-5
-5
-4
-3
0
-2
-7
-6
-7
-9
-5
0
-2
0
4
6
1
3
6
7
8
5
5
6
9
11
9
8
6
9
7
1
1
1
-3
-5
-2
-4
-4
1
0
-2
-3
1
-1
-5
-3
1
5
7
12
7
3
2
1
0
-3
0
2
1
0
4
-1
-3
-5
-9
-14
-15
-16
-17
-14
-16
-30
-37
-34
-36
-39
-38
-34
-26
-21
-20
-13
-5
1
5
5
9
9
15
24
29
29
22
26
34
43
50
54
55
50
46
38
31
28
26
26
21
14
10
6
3
6
5
4
2
1
-4
-11
-12
-13
-13
-11
-11
-8
-9
-9
-9
-7
-8
-9
-5
0
3
3
1
-4
-6
-8
-5
-5
0
1
-2
-1
-2
-6
-5
-1
0
-2
-1
0
-2
-2
0
2
1
-1
1
3
3
4
5
8
7
6
0
-7
-3
0
-1
-5
-6
-10
-14
-11
-7
-6
-8
-11
-14
-13
-14
-20
-24
-23
-17
-18
-18
-19
-15
-10
-9
-9
-4
4
5
4
4
3
-3
-3
1
5
11
10
4
5
3
2
1
-1
2
7
4
-2
-3
-3
-4
-4
-3
-3
1
1
-2
-4
-1
2
4
7
2
-4
-3
-1
1
6
5
0
-1
-1
5
10
15
16
15
9
4
2
0
3
3
-2
-7
-8
-8
-1
1
-2
-1
-2
0
-2
-3
-3
-1
1
-1
0
2
2
-2
1
6
4
3
0
-2
-6
-8
-7
-10
-3
5
5
1
-3
-5
-6
-7
-9
-9
-6
0
-2
-5
-2
0
5
5
2
-2
-3
-3
-5
-1
1
1
4
3
3
4
7
7
2
0
2
3
0
-1
-4
-2
1
5
10
9
9
7
9
7
6
7
8
9
7
4
4
3
5
6
6
8
12
17
14
9
6
-4
-7
-8
-4
-2
-3
-4
-9
-9
-6
0
3
6
11
13
11
8
3
-5
-7
-8
-7
-3
2
6
2
3
2
4
5
-2
1
2
0
-1
0
1
0
-2
-8
-12
-16
-13
-6
-4
-4
-7
-6
-10
-7
-5
2
8
11
13
10
8
0
-8
-9
-11
-11
-9
-6
-5
-3
-4
-9
-4
-1
2
2
3
1
-2
-2
-3
0
-1
0
-1
-5
-2
-2
-9
-13
-10
-8
-3
1
0
-2
-1
0
5
13
13
11
9
6
3
0
-2
-2
1
4
6
9
11
10
10
6
5
3
-2
-4
-7
-10
-9
-9
-9
-5
1
4
7
6
0
-2
0
1
0
2
0
1
1
-2
-3
-1
1
1
3
4
1
-1
-3
-5
-8
-9
-6
-6
-10
-8
-5
-6
-4
-4
-6
-2
-3
-3
-3
-1
2
6
8
11
11
10
3
-1
0
0
-1
0
0
-1
-2
-2
0
3
5
3
-2
-3
-1
-1
-1
1
0
-6
-8
-9
-5
-2
-1
6
4
3
7
10
13
13
11
13
15
18
20
13
10
6
-2
-7
-6
-7
-7
-4
2
5
8
8
9
11
9
5
3
4
-1
-6
-8
-14
-14
-11
-9
-10
-4
2
2
6
4
0
-4
-4
-6
-8
-8
-8
-8
-8
-9
-12
-6
-3
1
3
0
1
4
6
6
6
1
-8
-9
-8
-10
-9
-5
-2
-2
-1
-3
-4
-7
-8
-9
-8
-6
-6
-4
-3
-1
1
2
3
2
1
-3
0
4
7
12
17
18
13
12
7
2
1
3
5
5
7
7
2
-2
-5
-6
-9
-10
-5
2
10
9
8
12
10
9
7
7
9
7
5
5
6
6
3
5
5
4
4
2
1
-4
-7
-9
-8
-7
-7
-8
-11
-10
-11
-12
-11
-6
-5
-8
-7
-10
-13
-7
-1
6
9
12
11
5
2
2
0
2
3
3
3
4
1
1
1
2
1
-2
-7
-12
-13
-7
-3
-3
-1
1
-1
0
-2
-7
-7
-5
-3
-3
-4
-4
-4
-4
-6
-2
3
1
6
10
7
4
0
-5
-10
-13
-8
-6
-1
7
13
13
10
12
8
6
5
0
-2
-4
-8
-13
-16
-14
-7
-1
2
8
12
14
9
3
0
-5
-6
-10
-12
-17
-16
-9
-2
4
10
12
9
7
6
4
2
3
4
2
2
-2
-4
-5
-3
-2
0
0
-1
-2
-6
-8
-10
-8
-3
3
6
10
10
6
-3
-5
-4
-7
-5
3
-1
-5
-5
-5
-5
1
6
6
4
-3
-7
-9
-7
-6
-6
0
0
1
0
1
2
6
12
11
8
5
4
3
2
10
15
17
14
10
10
9
9
8
8
9
6
6
8
8
9
5
4
5
2
-1
-4
-4
-6
-13
-8
-3
-1
3
0
0
-4
-3
-3
0
11
15
13
9
8
6
-1
-2
-5
-7
-7
-6
-7
-6
0
2
-1
-1
-2
-4
-3
-5
-5
-2
0
0
-6
-6
-4
-1
0
0
-1
-4
-4
-3
-3
1
4
4
0
-5
-8
-11
-5
1
4
7
6
2
1
0
-2
-2
2
2
2
1
4
9
9
8
11
16
15
12
5
2
0
-2
0
-3
0
4
5
0
-3
-2
-5
-6
-8
-7
-4
-5
-8
-10
-13
-11
-10
-6
0
4
4
0
1
2
1
0
1
1
-1
3
3
2
7
7
4
1
-3
-5
-6
-4
-1
-2
-3
-1
2
-1
-2
-1
-5
-10
-15
-16
-14
-12
-11
-6
-1
0
0
-3
-5
-4
-3
-2
1
-1
-2
-2
-2
1
3
9
11
11
11
7
9
6
6
8
5
2
-2
0
3
5
3
1
1
2
0
-1
-2
1
-1
-4
-8
-8
-8
-6
-9
-12
-12
-14
-10
-7
-6
-2
2
3
1
-1
0
-1
-1
1
1
0
0
-4
-7
-9
-11
-13
-11
-9
-7
-6
-7
1
6
6
6
6
4
5
6
2
1
4
0
1
4
4
11
8
7
7
2
1
1
7
5
2
2
5
9
13
15
12
10
6
5
8
8
9
8
5
0
-2
1
2
2
2
3
5
4
1
1
2
-2
-6
-9
-12
-14
-11
-9
-6
2
8
12
12
10
7
7
4
5
3
2
-3
-7
-4
-7
-6
-1
1
5
8
12
10
3
-6
-13
-17
-17
-13
-9
-5
-6
-13
-14
-13
-16
-18
-18
-14
-11
-8
-7
-8
-6
-6
-4
-1
2
-4
-6
-6
-6
-5
0
4
6
8
11
12
11
12
8
8
12
10
4
-2
-6
-5
-3
-6
-7
-6
-4
0
4
5
6
8
10
9
15
19
17
15
10
3
1
-4
-9
-9
-10
-9
-8
-5
-3
2
4
2
-1
-3
-7
-10
-7
-7
-4
2
1
3
5
6
7
4
1
2
4
7
8
10
12
13
10
5
4
3
5
5
4
4
5
4
2
-1
-1
-2
-5
-6
-10
-12
-6
-6
-4
-3
2
6
-2
-4
-6
-4
0
0
-1
1
0
-1
-2
-6
-3
-1
-1
4
4
5
1
-1
1
1
-2
-6
-7
-9
-9
-5
-6
-4
-1
-1
-3
-4
-3
-4
-6
-5
-3
-2
0
-1
-4
-4
-5
-3
-1
0
7
7
5
6
8
8
6
6
5
6
6
4
2
2
2
1
-1
-4
-3
2
3
-1
-3
-6
-8
-7
-7
-4
-4
-5
-4
-6
-2
6
6
8
6
7
12
14
16
18
18
15
9
8
9
9
12
14
13
6
2
-2
0
3
3
5
2
-7
-13
-14
-9
-9
-6
-4
-5
-5
-2
-4
-6
-4
-2
4
8
5
0
-3
-9
-14
-15
-12
-7
-4
-1
3
6
7
4
-1
-2
-1
0
1
-5
-9
-10
-5
0
3
5
4
-2
-3
-3
0
1
0
0
0
1
0
-1
1
2
7
6
6
4
1
0
2
1
-4
-8
-7
-5
-4
-2
-2
2
4
3
3
-3
-6
-6
-3
-6
-7
-2
-1
-1
-1
-3
-3
0
-4
-3
-3
1
5
-1
-2
-5
-2
1
1
5
6
8
10
10
10
11
9
5
-2
-7
-7
-9
-7
-5
-4
-6
-6
-5
-3
-1
4
9
9
9
10
8
2
1
1
-1
0
2
1
-1
3
6
8
2
-1
-1
0
0
-4
-8
-5
-3
2
6
9
9
2
-2
-4
-6
-3
-3
-8
-8
-7
-6
-1
0
-2
-2
0
-1
0
5
6
3
2
1
2
2
-2
-4
-3
-3
-2
-1
-2
-2
-1
-1
2
7
8
9
7
5
3
0
3
3
1
0
0
5
6
3
0
-3
-3
-4
-5
-2
1
2
2
0
-1
0
0
-3
-3
-7
-9
-11
-13
-8
-4
-2
-3
2
4
0
1
-1
-4
-4
1
-1
-4
-3
-4
-5
-3
3
3
6
6
1
-1
-4
-5
-7
-5
-8
-11
-9
-5
-2
2
5
9
12
12
11
8
9
6
5
8
12
12
7
0
-7
-7
-4
0
3
8
7
3
-4
-14
-17
-15
-15
-14
-13
-8
-2
5
10
8
7
8
8
7
4
4
1
3
2
1
3
4
5
3
5
4
1
-5
-9
-8
-4
-5
-3
7
7
6
5
5
2
0
3
4
3
1
1
1
-3
-7
-7
-3
3
6
2
-1
-1
-3
0
2
4
0
-6
-14
-16
-11
-9
-7
-8
-13
-12
-12
-9
-2
4
3
-2
-1
-1
2
5
5
7
5
0
-1
-1
1
2
3
4
2
0
-4
-2
-1
4
8
6
6
6
5
3
7
10
7
-1
-1
-5
-9
-4
-3
-6
-3
4
6
9
8
4
0
-3
-3
-5
-4
-3
-6
-12
-13
-7
-1
1
2
7
9
4
3
6
5
3
3
-3
-8
-4
3
9
12
14
14
4
-1
-2
-7
-8
-4
-3
-7
-3
-6
-6
-6
-5
-1
0
2
5
1
0
-4
-5
-6
-7
-2
-1
1
5
7
3
4
4
7
10
9
10
6
5
5
6
7
7
7
4
2
-2
-4
-6
-5
-4
-4
-5
-5
-2
-1
-3
-2
-2
-1
0
4
2
1
2
2
-2
-3
0
2
4
8
9
5
1
-4
-8
-7
-6
-2
-3
-3
-5
-10
-6
-3
2
5
7
8
8
9
0
-7
-11
-13
-13
-9
-3
1
7
7
5
4
9
8
2
2
1
-4
-4
-3
-5
-6
-3
0
2
0
2
2
-3
-2
0
-2
0
2
2
-1
0
7
9
7
7
3
3
0
2
6
5
4
5
2
0
0
-3
-6
-11
-9
-7
-6
-3
-3
-7
-6
-3
-7
-9
-6
-4
-5
-7
-5
-6
-9
-4
-2
-1
7
11
11
11
15
13
11
10
11
13
13
11
9
4
-1
-3
-4
-5
-6
-1
0
-7
-7
-7
-6
-7
-8
-9
-10
-4
-1
-2
3
4
2
2
-1
-1
1
2
5
1
-2
-1
-4
-6
-8
-7
-8
-7
-6
-1
1
-2
-1
1
5
2
-1
-1
-2
-1
0
1
3
0
-1
1
6
8
1
-4
-5
-2
0
-1
0
-1
-2
-4
-4
2
7
8
6
8
5
6
1
-4
-5
-4
-1
0
7
11
7
4
-3
-5
-7
-11
-13
-7
-3
-3
1
-4
-3
2
3
-1
0
1
-5
-4
-2
0
4
10
13
10
9
5
7
7
9
15
11
11
10
9
6
3
3
-5
-7
-3
-9
-12
-14
-13
-12
-6
-1
-1
0
1
-1
-7
-5
-2
-1
-1
0
0
-7
-8
0
4
6
12
12
9
8
6
3
5
4
4
2
-2
-4
-5
-6
-4
-1
-1
-1
3
4
5
4
-1
-3
-1
2
2
-7
-12
-2
2
-2
-3
-5
-2
0
-1
2
3
4
4
2
-3
1
7
8
10
13
12
3
-11
-9
-3
-1
3
9
13
15
14
8
-1
-7
-1
5
-3
-9
-12
-16
-17
-17
-12
-6
0
5
1
-4
-3
-2
-8
-7
-7
-9
-16
-21
-18
-17
-12
-6
0
-2
-1
6
12
13
11
2
0
12
15
14
0
-4
-4
-14
-6
2
10
10
2
-3
-12
-13
-4
3
12
15
7
-3
-13
-4
7
6
12
10
5
4
-6
-8
-11
-4
12
10
1
3
2
-2
-3
-2
-2
-1
0
-1
2
3
1
0
-1
0
-3
-5
-6
-6
-6
-6
-7
-7
0
4
9
16
14
11
4
3
6
7
13
6
-3
-10
-13
-11
-6
-3
-2
2
-1
3
-2
-3
-1
-4
-1
-9
-14
-7
-7
3
15
13
12
11
12
13
11
10
3
0
-4
-9
-6
0
4
8
11
14
8
8
6
-1
3
-6
-10
-10
-11
-8
-10
-12
-8
-3
0
0
4
7
10
11
6
2
-4
-4
0
-6
-11
-16
-14
-5
-1
2
1
-2
-8
-11
-3
3
6
6
-1
-1
-6
-6
1
2
5
7
2
1
-2
-8
-4
3
1
1
6
0
-3
-3
-2
1
4
8
9
5
4
0
-4
-5
-2
-3
0
-4
-7
-10
-12
-5
1
6
7
9
3
0
-1
5
8
1
-4
-6
-4
-3
-1
6
7
3
0
-2
-1
1
-3
-6
1
6
9
16
16
14
13
12
11
12
11
5
5
5
3
0
-3
-6
-4
-7
-10
-10
-9
-12
-8
-10
-11
-4
-6
-6
-9
-10
-8
-9
-10
-6
4
6
3
2
0
-5
-1
0
1
1
-1
-2
-4
-1
7
4
2
-1
-4
0
-1
-2
-1
1
0
2
9
4
-1
-1
-4
-7
-2
-3
0
4
1
-5
-6
-3
-6
-5
-3
4
8
2
1
0
8
14
14
9
2
1
-7
-6
3
9
14
11
10
6
1
2
1
4
7
2
-4
-11
-9
-2
-4
-4
-8
-10
-11
-10
-8
-5
-3
1
-1
-2
0
1
6
11
17
18
12
3
0
5
8
7
3
-4
-3
-5
-9
-8
-4
-2
-3
-7
-5
-10
-7
1
1
8
5
-2
-8
-3
0
-2
-1
0
-6
-9
-5
-5
-6
-3
-2
-1
3
5
7
8
7
4
-1
0
-4
-7
-3
-2
-4
-1
-1
0
9
7
5
8
5
2
5
7
4
2
0
-4
-8
-5
-6
-7
-3
-1
0
5
2
1
2
-3
-8
-13
-13
-10
-8
-8
-8
-6
-2
3
4
4
8
7
3
0
-1
1
0
-1
-11
-8
-1
-1
-3
-1
6
10
12
9
6
7
8
1
-4
-1
4
2
-3
-6
-11
-5
-4
-2
6
8
5
2
-1
4
3
1
-3
-14
-13
-3
-1
4
1
2
2
1
4
4
7
6
1
-2
1
2
-3
-4
-4
-2
2
0
1
-1
1
0
-1
-4
-8
-8
-6
-2
-2
-1
-1
2
0
-3
0
7
11
9
7
2
-1
-2
-2
-4
0
3
3
7
7
4
2
4
5
6
3
1
6
9
8
6
5
4
1
-7
-11
-8
-7
-6
-3
-2
-1
2
2
-1
-4
-4
-7
-15
-11
-12
-11
-8
-5
0
5
9
8
8
4
1
4
4
6
2
-8
-10
-5
-2
1
2
7
9
3
-8
-7
2
5
4
1
-3
-8
-9
-6
-1
0
-1
-1
-1
0
-3
-2
0
4
1
1
3
1
2
-1
-5
-5
1
1
-2
3
6
5
4
-2
-7
-3
-3
-3
0
3
7
8
5
5
5
5
3
4
6
1
0
-6
-9
-6
-9
-4
0
-4
-7
-5
-5
-7
-3
-3
-5
-9
-11
-6
-2
-4
-1
-1
0
1
5
5
1
-1
-3
3
8
8
4
2
2
3
3
0
3
5
4
6
2
6
7
8
4
-3
-1
1
2
0
2
3
1
2
2
0
4
6
8
7
3
5
7
8
10
12
9
4
2
3
7
9
5
1
1
0
-3
-1
4
7
6
6
-1
-6
-6
-7
-8
-10
-3
-3
-5
-3
0
1
-2
-4
-4
-8
-8
-2
-1
-2
-2
-5
-4
3
7
9
10
6
2
-4
-8
-9
-9
-11
-10
-8
-10
-6
-2
-1
-1
-4
-7
-8
-9
-11
-16
-19
-15
-7
-2
2
5
4
2
4
8
7
1
-3
-3
-3
-1
-1
-2
2
8
8
13
18
17
17
10
3
2
4
3
1
-1
-1
-4
0
3
6
6
4
3
5
3
3
2
-2
-5
-5
-7
-7
-4
-1
-7
-7
-4
0
8
9
12
10
4
-2
-4
0
-2
-7
-8
-16
-11
-1
9
16
20
20
14
13
9
8
9
9
5
0
-2
-2
0
-1
-1
0
1
-3
-5
-5
-8
-5
-5
-7
-9
-9
-12
-14
-11
-5
0
3
6
12
9
7
5
4
-2
-7
-8
-10
-6
0
2
5
5
1
-1
-3
1
4
4
-1
-6
-9
-11
-9
-8
-9
-8
-8
-9
-10
-5
0
0
0
-1
-6
-1
1
-3
-3
-3
-3
-5
-5
3
10
15
15
9
1
-4
-2
-1
-1
0
-1
-5
-8
-6
-7
-6
-7
-6
0
1
3
6
3
-1
-2
-4
-1
0
-1
-2
0
-2
-3
-4
-4
-1
2
6
4
5
6
4
2
2
2
5
3
3
3
2
2
-3
-5
-4
-6
-5
-2
-5
-2
1
-2
-6
-7
-7
-10
-6
-3
-6
-4
1
2
5
4
6
8
8
7
2
0
4
9
9
7
5
2
3
5
5
8
10
5
3
0
-1
-2
-3
-1
2
8
10
6
10
12
9
8
4
4
0
-4
-9
-12
-9
-6
-3
0
4
4
4
2
-3
-3
-2
-6
-4
4
7
12
14
11
10
10
11
10
8
5
2
2
4
7
9
7
3
3
2
1
2
2
2
0
-6
-8
-7
-6
-6
-3
0
0
-2
2
0
-2
-7
-12
-8
-8
-9
-11
-9
-9
-11
-9
-7
-1
3
0
-2
1
-1
-4
-9
-13
-11
-3
0
-2
0
1
-2
-5
-8
-4
2
6
1
2
7
6
1
-1
0
-3
-3
-5
-3
1
7
11
4
2
3
4
3
2
2
0
3
3
4
6
3
4
1
-1
2
3
6
7
1
-2
-5
-7
-6
-4
-3
-2
1
1
4
4
1
1
-5
-10
-9
-7
-3
-1
-1
-2
0
0
2
1
1
0
-3
-2
-2
-4
-4
-1
0
0
3
3
5
11
11
6
3
3
2
1
-1
-4
-5
-8
-7
-9
-9
1
2
0
-2
3
3
-1
1
5
4
-2
-4
-3
0
-1
0
0
1
0
0
5
4
4
3
2
2
1
-1
-5
-2
-1
-1
-2
-2
0
-3
-9
-11
-12
-11
-7
-2
1
6
9
8
9
7
5
-2
-3
0
-4
-4
-4
-2
-2
-2
2
3
5
2
-6
-8
-7
-2
1
1
-4
-3
-8
-11
-4
3
3
-1
-4
-12
-10
-7
-3
-1
-1
0
1
1
9
18
16
12
5
-2
1
3
5
1
1
-5
-11
-9
-8
-2
3
5
5
6
0
-2
1
3
7
5
3
2
-1
-1
0
-3
0
1
1
0
2
6
5
3
-1
-1
-3
-3
-3
-3
0
5
9
10
5
2
2
4
3
1
-3
-3
-2
-1
1
4
4
1
-1
1
-3
0
1
0
-1
-4
-4
-2
2
6
12
9
3
2
-3
-2
2
3
4
3
8
10
9
11
8
5
3
-1
-3
-5
-11
-8
-4
-2
0
0
0
0
1
3
1
0
-1
-2
-3
-4
-6
-6
-4
0
3
7
11
12
12
9
8
11
9
11
11
8
5
-1
-10
-14
-12
-14
-20
-18
-15
-9
-5
-4
-4
-3
-5
-10
-10
-11
-13
-15
-15
-15
-13
-10
-4
1
1
3
5
2
0
-5
-7
-8
-6
-5
-6
2
5
1
3
3
-2
-6
-7
-8
-9
-7
-3
-5
-8
-5
-2
-1
1
7
13
18
17
15
12
13
11
6
1
3
2
1
1
-1
1
-2
-2
-3
-1
4
1
4
4
5
3
0
-3
-2
2
2
-2
-3
0
1
3
6
5
8
3
-3
2
7
11
14
13
12
13
11
0
-3
3
3
4
1
0
2
-1
2
2
9
12
12
8
2
2
0
2
1
-1
-3
-7
-14
-18
-19
-17
-16
-15
-17
-16
-12
-10
-4
-2
-2
-2
-2
-8
-9
-5
1
2
2
4
3
5
6
4
3
0
-1
-4
-5
-2
-3
-2
3
7
8
7
11
7
5
3
-3
-4
-10
-10
-10
-7
0
-1
-3
-5
-6
0
4
7
10
11
8
4
2
6
8
8
5
4
4
4
8
8
6
8
6
5
0
-9
-5
-4
-1
-4
-3
2
4
6
8
6
2
8
8
3
1
4
5
6
6
1
2
4
3
-3
-5
-7
-10
-13
-9
-7
-7
-3
-1
2
10
17
13
9
6
1
-4
-7
-6
1
1
0
-5
-9
-10
-10
-9
-4
0
2
0
1
0
-1
2
-1
1
4
4
0
0
1
0
-2
1
-5
-5
-1
-3
0
3
3
2
-1
-2
-2
-2
-1
-2
1
0
-4
-4
-8
-7
-7
-5
-3
-4
1
2
0
2
0
0
-3
-4
-7
-9
-8
-6
-7
-9
-6
-5
-5
1
8
8
4
4
2
4
5
6
4
0
0
-3
-4
-6
-4
-1
-3
-4
-4
-4
-1
2
4
6
3
3
3
2
4
3
0
1
3
5
5
2
0
-1
-1
-6
-2
-1
-2
-3
-6
-8
-5
-3
-2
-3
-4
1
3
4
5
5
3
-4
-6
-3
-3
1
3
1
5
9
8
3
4
6
8
7
-1
-2
-6
-8
-7
-7
-4
-2
2
-3
-8
-4
0
2
7
11
8
7
5
3
4
2
0
-3
-2
-7
-11
-7
-4
0
2
3
4
7
6
-4
-8
-3
2
4
1
-1
2
6
2
0
-2
-4
-7
-15
-17
-10
-8
-11
-4
-1
-2
1
3
-4
-3
4
3
10
15
6
5
8
0
-4
0
0
2
2
-4
2
14
13
11
13
7
8
6
-1
-7
-4
-10
-15
-16
-13
-8
-4
-1
-4
2
8
7
5
9
12
10
7
-1
1
7
1
-2
1
0
-4
-2
3
5
10
4
-2
3
0
-1
-8
-9
-8
-5
-6
-8
-1
4
11
14
11
2
5
3
-7
-6
-3
-4
-1
3
0
4
7
2
0
5
0
-5
-6
-8
-11
-7
-3
-6
-1
7
6
5
8
-3
-7
-5
-7
3
6
11
12
16
12
-1
-2
-9
-10
-9
-6
-6
-7
-2
-1
4
15
12
18
21
15
8
8
5
-2
-7
-15
-11
-4
0
-2
6
7
1
9
11
-1
2
1
-10
-8
-5
-4
5
5
-15
-2
1
-7
-2
7
-4
-13
-5
-19
-19
-4
-10
-8
4
-9
-5
8
-3
-12
-7
-11
-11
7
-9
-20
10
9
-9
7
0
6
30
4
-17
18
24
-20
-10
-1
9
32
-32
-77
20
50
-25
-12
7
13
33
-17
-66
25
72
-12
-22
4
10
30
5
-33
9
37
1
-9
6
-2
-18
-22
-24
2
23
-5
-2
36
34
20
14
16
30
10
-26
-11
18
4
-18
-4
-5
-1
5
-16
-12
3
7
3
4
-2
-4
-1
-8
-20
-9
1
3
11
-11
-7
5
7
-2
-2
0
-2
6
-12
-13
4
7
3
7
12
22
26
11
4
9
0
-11
-14
-14
-3
3
1
5
11
-2
-13
-16
-13
-3
-7
-14
-3
12
6
1
7
12
19
14
-10
-13
6
6
-6
-11
-2
12
19
1
-9
16
31
15
2
-2
-1
4
-7
-15
-3
12
4
-2
8
15
22
17
8
9
2
-2
-5
-10
-4
-2
-21
-20
-6
-7
-8
-8
-7
9
14
-4
-11
10
12
-1
-1
-6
-2
15
7
-9
-4
4
4
1
-21
-35
-23
-22
-23
-17
-15
-16
-9
-15
-20
0
0
-14
-13
-20
-25
-18
-13
-15
-12
-14
-20
-13
-13
-14
-3
3
5
16
14
4
7
0
-1
3
0
1
9
20
22
20
15
14
15
2
-7
8
23
20
12
4
5
14
10
-9
-7
8
4
-3
-5
5
24
7
-18
-4
17
12
-9
-20
-2
17
-7
-35
1
33
13
-21
-29
8
28
-10
-28
14
43
7
-27
-13
26
38
-36
-54
16
40
-20
-54
1
43
25
-50
-54
45
65
-20
-52
18
62
10
-50
-25
48
40
-29
-34
24
44
-9
-51
-7
44
12
-34
-15
25
19
-18
-30
11
43
-2
-43
-15
20
-2
-31
-18
19
30
3
-8
24
46
21
0
2
16
9
-6
-12
7
5
-21
-27
-22
-10
-10
-13
-11
-2
0
-23
-27
-13
-13
-15
-13
-11
-1
-2
-11
-5
5
6
2
-5
-8
2
3
-2
4
7
3
4
4
6
10
7
3
1
3
-9
-9
5
7
11
8
-2
10
23
4
-7
1
-1
-2
-4
-8
1
7
1
-5
4
8
6
0
-6
-3
-3
-12
-21
-16
-4
-4
-3
4
11
8
3
7
12
16
5
-5
0
3
-6
-10
-6
1
8
2
0
9
13
6
-3
2
11
9
3
8
8
7
-1
-11
-5
-3
-7
-14
-7
7
7
6
4
17
17
4
4
4
8
9
4
0
0
-5
-9
-13
-5
5
5
7
13
24
18
5
1
1
1
-6
-10
-7
-2
2
0
-1
-1
-7
-13
-11
-6
-2
2
2
4
14
11
8
6
7
9
4
-3
-5
-5
-11
-16
-14
-11
-15
-18
-14
-10
-3
1
-5
-4
-1
-11
-23
-18
-9
-5
-8
-6
5
12
10
-1
-1
7
2
-8
-13
-2
11
6
1
14
25
22
17
17
17
12
-3
-13
-13
-10
-11
-15
-11
-4
-5
-13
-10
4
0
-6
-10
-4
2
-10
-32
-35
-24
-23
-20
-20
-10
-3
-7
-10
-4
4
-5
1
2
2
-1
-3
1
2
1
-5
-3
10
13
5
-2
-4
12
15
13
9
19
30
21
12
10
9
5
3
-6
-7
2
4
7
14
16
18
19
15
7
-5
-8
1
5
0
-2
-1
7
7
3
1
5
20
18
15
16
19
16
5
-4
-2
6
5
6
9
14
9
2
3
8
13
8
-6
-12
-11
-14
-17
-18
-9
-7
-8
-17
-11
-2
-1
-2
-4
3
3
-4
-7
-8
-5
-4
-3
-4
-6
-9
-14
-13
-11
-10
-10
-6
0
1
-3
-9
-7
-1
2
0
3
6
9
2
-2
2
1
0
-3
1
7
8
3
2
4
2
-4
-4
-6
-7
-1
-4
-9
-10
-5
-2
0
3
4
5
5
0
0
-1
3
10
13
18
18
13
7
2
7
10
12
11
11
7
-3
-3
-3
-1
-2
-4
-5
-6
-2
-6
-6
-3
1
4
5
3
-3
-4
-9
-13
-10
-6
-4
1
7
6
10
10
4
2
5
6
6
2
-4
-6
-5
-5
-6
-3
-1
1
1
-2
-2
-1
-4
-10
-12
-8
-7
-6
-1
5
7
6
10
8
3
0
-4
-4
1
1
-1
4
2
-2
-4
-9
-5
0
0
-1
-4
-9
-14
-13
-10
-8
-4
-3
-3
-2
-5
-6
1
6
10
8
2
-3
-7
-15
-14
-3
8
14
14
7
-2
-1
2
10
16
17
7
-4
-7
-7
-8
-6
4
5
8
2
2
3
-1
0
-5
-1
-3
-3
-8
-13
-12
-12
-9
-7
-6
-7
-6
-9
-11
-8
-7
-6
-4
-1
1
0
-4
-4
-6
-2
3
3
5
6
7
4
2
-1
-5
-4
0
-1
-2
-4
2
6
13
15
6
-2
-12
-14
-11
-8
2
9
9
3
-4
-11
-12
-6
-3
9
15
13
6
1
-1
-1
9
15
16
12
4
1
1
0
1
8
15
18
13
11
18
25
29
30
35
37
33
22
11
4
0
1
6
10
5
-3
-9
-16
-29
-28
-22
-14
-5
-3
-2
-3
-6
-10
-13
-11
-10
-7
-2
-4
-3
-7
-10
-9
-9
-12
-16
-13
-12
-7
4
11
12
13
11
7
-1
-5
-7
-3
5
2
-1
-3
-1
5
4
8
14
16
8
0
-7
-7
-6
-8
-5
-3
-4
-10
-19
-26
-22
-10
-4
3
7
9
9
11
20
24
26
20
14
13
4
-3
-5
-6
-8
-13
-19
-20
-17
-17
-23
-20
-10
-5
6
15
9
-5
-14
-18
-18
-7
5
9
7
4
2
0
-2
3
9
9
5
-2
-12
-13
-11
-4
8
16
10
1
-11
-24
-27
-18
-7
2
2
-2
-6
-9
-12
-10
0
9
16
16
14
0
-11
-15
-12
0
7
5
7
1
-2
0
-2
-1
10
16
8
6
3
-1
-5
-2
5
6
6
1
-3
-5
-3
3
13
22
27
22
17
12
2
7
16
19
17
25
30
21
12
3
2
8
6
-2
-6
-12
-25
-23
-13
-4
2
2
-6
-8
-4
-7
-6
0
1
4
9
4
1
3
-6
-12
-6
-5
-5
-4
-7
-10
-16
-15
-10
-7
6
7
9
13
7
0
-1
3
7
10
9
8
6
1
-1
-5
-4
-11
-20
-27
-27
-30
-36
-31
-27
-22
-15
-3
-4
1
5
3
13
13
11
8
6
-3
-8
-4
-8
-5
-1
-5
-7
-1
-3
-8
-2
3
0
1
9
11
13
22
20
15
14
20
19
11
4
-2
-2
0
3
4
8
5
-10
-21
-28
-29
-26
-17
-8
-1
11
12
9
7
-1
-7
-2
5
4
11
15
6
5
8
4
8
11
6
1
-1
-1
-3
-2
-5
-6
-2
-7
-9
-8
-13
-10
1
4
5
19
18
11
8
3
0
3
1
-2
1
3
1
-1
2
3
5
5
4
1
2
1
-6
-8
-5
4
8
3
-1
0
-1
0
-1
8
15
16
10
5
4
-6
-9
-5
-4
-8
-5
-1
-1
6
4
-1
0
9
7
1
5
-3
-5
2
-4
-3
10
8
7
11
12
17
25
25
24
24
20
21
22
21
15
5
0
-3
-7
-3
3
-3
-6
-9
-17
-22
-21
-15
-16
-18
-23
-26
-21
-13
-6
-8
-16
-16
-17
-19
-17
-18
-14
-10
-13
-12
-5
0
-5
-8
-9
-6
-8
-9
-11
-6
-5
-12
-5
-2
4
14
10
7
11
8
7
6
2
1
-2
2
-3
1
2
-1
3
2
-3
-6
-8
-7
-10
-9
-4
-4
0
-1
6
14
7
5
6
4
8
0
-6
-7
-11
-1
4
-1
4
7
8
11
11
15
12
6
4
4
9
11
10
3
2
1
-2
-4
-1
4
11
17
14
11
7
10
10
18
23
16
15
14
1
-9
-16
-17
-13
-20
-22
-19
-20
-16
-13
-15
-12
-7
-7
-10
-3
5
5
9
10
8
11
11
5
3
2
-2
-3
8
17
14
19
17
12
17
17
14
11
7
0
-2
-3
-6
-10
-18
-23
-18
-20
-13
-1
0
-1
-7
-11
-8
-13
-15
-16
-12
-7
-11
-13
-14
-8
-4
-5
-3
2
0
1
5
5
6
3
-2
2
11
15
11
3
1
2
0
0
4
8
11
11
10
11
14
14
12
11
8
4
2
0
-1
1
0
-1
1
4
1
-4
-2
-4
-9
-2
3
-5
-1
3
-5
-12
-14
-10
-9
-6
-1
-2
2
5
2
-1
-11
-12
-9
-7
-6
-8
-8
-12
-17
-14
-11
-2
2
0
2
3
1
-8
-13
-3
2
2
13
10
10
14
10
10
13
20
14
3
-3
-3
-5
-4
-9
-7
-2
-3
-2
-7
-3
-3
1
8
7
9
10
7
5
4
3
5
6
6
6
6
5
9
7
5
9
8
8
11
12
1
-7
-9
-10
-14
-14
-11
-14
-13
-9
-1
3
4
6
6
2
4
0
-5
-1
6
3
5
9
7
9
9
11
13
10
6
0
1
1
0
1
-2
-6
-4
-6
-5
-3
-4
-2
-2
-10
-13
-10
-8
-4
-5
-3
-7
-6
-9
-14
-10
-8
1
6
7
9
0
-1
0
0
5
8
20
20
12
12
6
7
6
1
-9
-12
-15
-19
-24
-25
-18
-16
-8
-5
-3
-5
-6
-8
-8
1
8
10
12
11
14
17
18
16
13
11
10
13
13
10
6
-4
-5
-3
0
2
5
7
9
3
-4
-9
-10
-10
-10
-12
-9
-2
-1
-5
-8
-5
-4
1
4
7
9
2
-1
-4
-5
-3
-5
-4
-9
-11
-11
-11
-4
0
4
7
3
-1
-2
-5
-6
-5
1
3
6
4
-3
-1
-3
0
-1
-1
0
2
0
-1
-2
0
2
-1
4
8
17
18
18
12
6
4
-3
-6
-6
-5
-14
-14
-11
-10
-6
-3
-5
-7
-5
-3
-3
-5
-3
-4
-9
-11
-7
-4
-3
-4
2
8
8
7
8
8
7
10
8
2
6
3
-3
-3
2
7
12
17
7
1
-9
-16
-3
2
8
12
9
-2
-8
-6
-10
-8
-1
2
2
1
-5
-12
-6
2
5
5
4
-2
-9
-12
-11
-6
4
11
8
-1
-5
-8
2
4
0
1
-6
-12
-21
-23
-24
-24
-14
-1
7
13
8
3
2
4
7
7
-3
-14
-15
-24
-25
-19
-8
2
4
11
13
16
19
12
12
5
4
4
-7
-9
-7
1
8
14
13
5
13
12
5
2
-5
-1
3
0
-1
-6
-7
1
12
-4
-18
-8
5
8
6
0
-6
-7
-5
-11
4
20
20
16
5
-2
2
6
1
8
19
18
6
-3
-14
-15
-6
-9
1
15
19
21
1
-10
-1
-3
5
-3
-14
-6
-5
-12
-17
-11
-2
7
7
4
12
21
21
13
4
-2
-5
-11
-17
-8
-5
-1
3
-9
-12
1
10
14
5
0
-6
-20
-14
-14
-10
-2
-8
-3
-3
2
1
-10
-11
-13
-4
-3
1
12
15
15
13
9
2
5
8
6
3
2
-3
-8
-6
-5
1
10
10
7
4
1
-3
-3
3
5
6
9
5
2
0
0
4
9
13
15
12
4
-2
-9
-9
-6
-5
-2
-1
1
0
-1
0
-6
0
5
4
10
4
-2
-7
-13
-17
-13
-4
-5
-2
5
10
12
13
10
0
-2
-3
-11
-6
5
9
9
4
0
-11
-10
-15
-16
-8
-4
3
-1
1
3
2
4
1
0
3
1
-2
-2
-6
2
9
7
5
2
-2
-9
-12
-10
-8
-2
4
-1
1
6
2
-4
-10
-9
-7
-3
-4
-10
-7
-4
-2
4
9
11
9
-2
-7
-7
1
3
3
2
-3
-4
0
4
5
1
-7
-13
-4
5
11
5
4
4
-4
6
5
2
7
-7
-14
-11
-6
7
11
13
6
0
-2
-7
-2
3
-1
11
12
0
1
3
3
2
8
5
-8
-11
-9
-11
-5
-2
-6
-5
-2
2
4
10
14
3
-1
-10
-11
-3
0
-2
-4
-1
4
10
17
9
1
-1
2
8
6
4
1
-5
-7
-2
-3
4
12
8
4
1
0
2
2
2
3
2
2
-1
-8
-10
-9
-7
-3
1
-3
-9
-13
-12
-6
4
9
6
8
4
-7
-7
-4
-5
-3
-1
-1
1
4
10
13
15
14
12
6
1
-1
-2
1
3
2
-2
0
0
2
5
1
1
1
-6
-9
-16
-16
-11
-2
-3
-8
-3
2
-2
-8
0
1
1
1
-7
-6
0
-1
-5
-6
-5
-4
-2
0
2
3
0
-10
-15
-12
-10
1
9
1
-7
-6
-5
1
4
8
12
6
1
0
3
11
17
13
13
15
11
8
4
1
-3
-3
-2
6
8
3
1
5
6
6
1
-10
-13
-9
-5
-2
5
8
7
1
-4
-8
-12
-6
0
-1
-1
3
1
1
0
3
11
17
20
11
4
5
1
7
7
5
9
4
4
1
0
-3
-4
-5
-9
-9
-6
-9
-11
-7
-3
-1
-2
2
0
-6
-9
-9
-2
5
4
0
1
2
5
2
-1
-2
0
0
-2
1
3
0
-2
-2
-5
-3
-2
-2
-5
-3
-14
-21
-17
-10
-4
-5
-5
-4
-2
-5
-2
0
7
13
8
1
-4
-1
-2
-3
-2
3
8
9
5
-1
0
4
7
7
3
3
8
8
2
-1
5
7
5
-1
-5
-5
-6
-6
-10
-8
-3
-3
-10
-12
-11
-8
-1
1
-2
3
8
5
5
5
8
4
7
3
-2
-2
-3
-2
-3
-6
-6
-4
4
2
2
3
8
20
19
14
6
2
2
1
4
-1
-5
-8
-12
-9
-8
-5
-9
-11
-11
-7
2
4
-2
-4
-3
-5
-4
-2
0
3
4
5
5
10
10
8
7
2
-3
-4
-3
-4
-10
-10
-12
-12
-2
4
0
-3
-5
-2
1
4
1
-6
-8
-10
-9
-2
5
3
4
6
3
4
3
5
5
3
-2
-7
-7
-5
-5
-3
2
0
2
4
3
6
8
5
4
4
-1
-6
-8
-6
-5
-6
0
-1
-3
-2
-3
0
-2
2
1
-4
-2
0
4
6
3
2
2
1
-1
-1
3
7
5
4
5
16
17
14
12
8
8
6
5
5
8
12
7
0
-4
-3
0
-5
-3
3
2
1
-5
-7
0
3
4
-1
-2
-5
-6
-6
-8
-7
-4
-1
1
-4
-5
-1
0
3
4
1
2
3
1
-1
-1
-3
-3
2
1
-3
-2
0
-2
-4
-1
-3
-3
1
0
-3
-4
-5
-7
-2
4
7
4
2
-1
-3
-4
-6
-5
-4
-3
-4
-5
-1
2
7
8
2
0
2
1
-1
0
1
4
5
4
1
1
4
5
4
3
2
2
2
-2
-6
-7
-6
-7
-7
-3
-2
-2
-1
1
5
3
-4
-5
-1
-2
0
1
-4
-6
-6
-1
-2
-2
1
-3
-12
-9
-6
-6
0
3
0
1
6
5
5
7
3
-1
-2
-1
3
4
1
1
-2
-3
-3
-3
1
1
1
-1
-4
-4
-2
1
0
-3
-2
0
0
-1
0
3
6
11
10
8
5
3
4
7
8
4
2
4
1
3
6
7
11
10
6
6
7
2
-3
-6
-2
-3
-8
-9
-10
-10
-9
-9
-10
-10
-4
-3
-4
-2
-1
0
1
3
-1
-5
-6
-8
-10
-8
-4
1
2
5
5
4
3
2
0
0
4
5
6
1
-5
-5
-5
-6
-4
3
5
9
9
2
-2
-2
-2
2
10
10
9
9
4
1
1
-3
-3
3
2
0
-1
-3
-2
3
3
0
3
1
2
4
1
1
3
4
3
-1
-2
-5
-5
-3
-4
-1
-1
-2
0
-4
-3
-1
-1
1
-1
-4
-3
-3
-2
-5
-6
-5
-5
2
7
9
5
5
3
3
5
7
3
2
3
1
-3
-3
3
11
11
7
4
5
11
10
5
-2
-6
-4
-3
-3
3
5
4
2
4
6
3
1
-3
-7
-4
-3
-6
-8
-7
-7
-7
-5
2
6
11
9
4
3
2
4
2
1
5
6
4
1
-4
-3
-4
-7
-8
-9
-9
-9
-6
-5
-3
-4
-8
-8
-8
-5
-6
-4
-4
-4
0
1
0
-1
2
-3
-8
-6
-5
1
0
1
3
1
1
2
0
-2
1
4
-1
-1
7
5
1
-2
-2
-2
-6
-2
1
5
8
2
-2
-1
4
3
0
3
1
1
-4
-5
-7
-7
1
1
1
2
4
6
4
9
12
10
8
4
-3
-3
1
2
1
5
9
3
1
0
3
6
1
0
5
7
6
3
3
-2
-5
-6
-8
-5
-4
-3
-3
-9
-12
-13
-11
-7
-4
0
8
10
6
5
5
5
8
11
4
-2
-5
-10
-10
-6
-1
-1
1
8
11
8
3
6
4
5
4
-3
-7
-8
-7
-9
-9
-6
-3
0
2
1
2
2
4
0
-3
-5
-5
-7
-6
-6
-6
-4
-4
-5
-8
-6
-2
2
8
6
5
4
1
0
-8
-9
-8
-6
-3
1
6
6
7
9
13
13
12
11
5
2
0
-1
1
3
4
1
-6
-8
-4
-1
1
2
-2
-4
-7
-8
-9
-7
-8
-8
-8
-6
-8
-8
-4
-4
0
5
4
0
-2
1
1
-1
2
5
6
6
8
6
9
12
10
10
7
3
6
7
1
-1
-1
0
-1
1
3
-1
2
3
-2
-3
-5
-10
-14
-14
-9
-5
-5
-5
-15
-11
-4
-1
-2
1
3
2
3
6
8
14
15
9
9
14
15
10
7
2
1
2
3
5
6
2
1
-2
-3
-1
1
3
1
-4
-9
-10
-7
-3
-5
-9
-5
-9
-11
-11
-11
-11
-6
-2
-4
-4
1
8
11
17
19
12
4
3
1
-4
-2
-3
0
4
8
7
5
3
5
4
0
1
1
0
-1
-6
-5
-2
1
3
-1
-4
-5
-5
-5
-4
-4
-1
1
-1
-5
-5
-2
1
2
3
5
5
2
1
-1
-3
-3
-2
-2
0
3
3
0
-3
-6
-3
1
-1
3
8
5
3
-2
-8
-2
-1
0
6
5
6
-2
-8
-8
-4
1
3
6
9
7
8
6
6
4
-2
-2
-9
-8
-6
-5
-3
-3
-1
0
7
8
11
15
20
20
14
7
4
2
-3
-7
-12
-10
-8
-12
-10
-10
-10
-10
-10
-5
-4
-4
-3
-3
1
1
-4
-6
-7
-7
-4
5
10
14
15
11
9
3
0
-4
-4
-6
-7
-4
0
4
5
7
9
4
6
2
-1
-1
4
7
3
-1
2
4
-4
-1
2
5
12
11
6
5
5
4
2
1
-3
-5
-4
-4
-6
-4
-4
-6
-4
-2
-1
-1
-3
-5
-6
-5
0
1
1
-1
-2
-3
3
5
-1
-2
-2
-5
-2
2
2
-3
3
0
-5
0
0
-1
-2
-6
-12
-11
-9
-15
-17
-14
-5
-1
-3
-6
-4
0
5
0
-5
-4
-4
-2
1
1
3
5
2
1
2
7
9
8
10
4
3
3
2
-1
-4
-4
-5
-4
-2
0
3
2
1
-2
-5
-3
-3
-2
-2
-3
-5
-8
-3
-3
0
1
1
5
5
8
10
12
9
3
0
-1
2
5
5
4
3
4
4
2
3
6
5
-1
-3
-3
-3
-5
-8
-10
-8
-8
-6
-2
-1
-4
-3
-2
-1
0
-1
1
1
0
-1
0
0
0
1
3
0
3
4
3
5
7
5
2
-1
-2
2
4
6
4
1
1
0
-4
-4
-2
-2
1
-1
-6
-7
-7
-4
0
1
5
7
5
-1
-5
-5
-7
0
1
2
6
8
5
-3
-5
-7
-5
-1
-1
-1
0
3
5
2
0
-1
1
0
1
1
-1
-2
-3
-1
-1
-3
0
-1
-3
-1
-1
-3
-1
5
12
13
13
10
4
4
5
3
4
4
5
3
1
0
-3
0
0
1
5
9
6
4
0
-5
-8
-7
0
2
0
3
1
-2
-2
-2
-4
-6
-7
-7
-9
-8
-6
-5
-3
-3
-3
1
5
6
4
3
2
1
2
-2
-2
-1
-2
3
5
7
8
6
4
4
0
-4
-5
-9
-12
-8
-9
-10
-6
-6
-3
2
4
4
1
-4
-9
-8
-10
-11
-8
-3
5
5
7
7
8
9
7
4
3
5
4
3
4
4
1
2
5
3
1
2
0
0
2
0
0
0
2
0
-2
-1
-1
-2
-6
-4
-6
-5
-5
-3
1
-1
0
-1
-4
-3
-2
-2
-2
-6
-4
-2
2
6
8
9
9
5
5
3
1
-3
-7
-9
-9
-8
-6
-6
-6
-4
-8
-7
-7
-8
-7
-6
-4
-6
-4
-3
-1
2
4
6
2
1
9
7
5
7
11
11
12
12
7
5
8
9
6
6
9
9
7
6
5
5
3
0
-4
-4
-2
-1
-2
2
6
2
-1
-4
-5
-3
-2
1
5
8
8
11
8
1
-5
-7
-5
-1
1
-1
-6
-6
-6
-5
-6
-2
0
0
1
0
-2
-4
-4
-4
-3
1
4
1
-4
-3
-5
-7
-7
-5
-5
-2
-1
-1
-6
-4
-1
-1
-3
-8
-9
-14
-14
-12
-15
-13
-8
-6
-1
3
10
11
6
9
11
9
7
4
4
6
7
8
6
6
6
7
4
6
10
6
2
4
2
-4
-4
1
-2
-1
1
2
4
1
-1
-2
-6
-9
-14
-14
-11
-11
-6
-1
7
11
12
14
17
15
11
12
10
7
8
5
0
3
1
-5
-4
-7
-9
-9
-10
-10
-9
-8
-5
-5
-5
-3
-1
-4
-3
-8
-8
-6
-8
-7
-8
-9
-8
-7
-4
-1
1
6
6
8
9
6
2
3
8
9
7
7
8
8
6
2
6
8
6
2
1
1
-3
1
2
-1
4
8
11
12
14
13
10
6
3
1
7
9
4
4
6
4
5
6
7
10
9
8
5
5
8
8
8
5
3
-1
-3
-7
-13
-13
-15
-21
-22
-19
-18
-18
-14
-11
-8
-7
-8
-8
-9
-13
-15
-17
-20
-18
-15
-11
-9
-8
-8
-6
-5
-7
-4
-1
-3
-1
4
8
10
12
8
3
3
3
4
7
11
16
14
13
12
8
5
5
1
-1
1
4
4
2
0
-1
2
4
7
6
4
8
8
7
4
7
10
8
12
14
16
14
16
17
14
16
10
3
2
1
4
3
5
1
-6
-9
-17
-23
-19
-18
-21
-18
-19
-20
-20
-22
-24
-23
-23
-26
-25
-21
-17
-18
-13
-10
-12
-13
-12
-10
-5
0
-1
-2
-2
-1
0
-1
3
7
6
8
6
4
6
4
4
6
3
4
6
7
8
6
6
1
4
8
6
7
9
11
11
9
5
2
2
4
6
9
15
18
18
19
16
11
12
15
16
17
17
20
23
22
23
19
14
8
3
7
11
13
18
15
6
-1
-16
-26
-21
-17
-14
-11
-13
-17
-14
-15
-22
-22
-21
-26
-22
-16
-14
-8
-2
-5
-12
-9
-6
-3
8
14
7
1
0
-11
-21
-17
-13
-16
-10
-5
-11
-13
-15
-25
-35
-32
-27
-22
-10
2
-1
2
-2
-16
-18
-8
-4
3
15
16
13
13
10
-6
-12
-3
8
20
39
50
51
48
37
27
22
28
29
35
49
64
71
68
58
46
28
13
9
15
25
34
35
20
5
-10
-41
-59
-53
-42
-29
-10
-5
-21
-31
-41
-64
-68
-54
-48
-38
-21
-13
-15
-17
-28
-48
-51
-38
-21
7
38
52
48
32
-1
-33
-50
-49
-33
-15
-3
4
0
-26
-60
-80
-88
-89
-74
-41
-21
-7
4
-11
-40
-57
-68
-71
-44
-2
32
59
72
60
40
24
5
0
26
54
78
111
131
115
93
72
41
33
60
90
116
157
172
144
121
94
39
18
40
49
51
84
86
34
5
-34
-103
-118
-86
-77
-57
-9
-3
-42
-63
-99
-147
-145
-119
-116
-76
-10
-6
-20
-8
-42
-92
-98
-81
-56
11
77
77
64
49
-8
-65
-80
-85
-67
-13
25
29
35
14
-56
-100
-113
-132
-117
-51
0
26
51
40
-13
-57
-85
-104
-78
-24
17
49
65
46
13
-12
-37
-50
-18
15
51
105
132
110
79
50
2
-7
36
76
112
177
206
172
156
124
48
25
55
64
82
141
143
87
59
19
-58
-70
-33
-27
-1
52
36
-12
-25
-68
-131
-132
-111
-107
-56
13
19
1
7
-43
-117
-116
-88
-60
26
100
101
97
86
3
-82
-102
-113
-115
-59
-6
9
12
-27
-124
-190
-199
-213
-199
-114
-31
-3
11
-3
-58
-94
-115
-126
-90
-12
50
89
134
110
38
-24
-57
-45
11
96
166
223
238
179
120
77
23
-2
48
100
150
206
222
180
142
84
-27
-58
-39
-25
29
107
115
67
46
-34
-148
-155
-127
-108
-52
13
-13
-39
-12
-73
-142
-121
-129
-153
-70
49
67
69
74
-29
-128
-139
-132
-95
18
92
90
98
81
-6
-76
-82
-100
-114
-76
-51
-13
24
-8
-78
-117
-151
-209
-176
-87
-30
22
61
24
-58
-103
-140
-162
-104
-19
30
78
118
72
-6
-39
-44
-37
-20
12
49
104
148
170
196
202
161
111
98
103
164
271
337
360
345
256
90
-1
-6
4
95
210
185
46
-34
-140
-279
-265
-191
-179
-184
-171
-226
-261
-185
-182
-239
-230
-236
-282
-238
-92
0
76
138
92
9
-11
6
38
166
269
298
331
289
154
44
19
-39
-87
-56
1
26
20
-31
-151
-226
-313
-389
-322
-170
-81
-53
13
16
-60
-120
-134
-135
-93
-14
26
108
202
202
141
113
95
52
52
58
85
172
242
234
229
222
129
20
-13
8
64
178
255
246
225
132
-71
-181
-125
-52
59
214
279
186
83
-96
-291
-303
-223
-166
-97
16
-10
-74
-68
-93
-174
-238
-321
-372
-258
-60
40
113
188
113
-61
-149
-155
-112
47
180
218
279
320
205
80
14
-57
-116
-79
40
169
255
193
42
-77
-204
-333
-358
-265
-109
62
200
199
116
24
-133
-269
-277
-187
-77
20
111
115
37
-51
-157
-242
-254
-217
-153
-11
141
249
257
201
63
-84
-123
-81
111
361
692
969
958
581
15
-353
-440
-231
163
680
931
679
194
-216
-482
-529
-292
-166
-177
-175
-163
-301
-400
-394
-472
-587
-693
-677
-373
64
286
278
363
323
-39
-346
-200
205
534
679
653
629
486
156
-33
140
266
110
-51
-89
-108
-147
-300
-500
-554
-529
-709
-872
-543
-113
0
-163
-197
-24
-16
-314
-553
-353
-55
16
75
428
739
616
198
-65
-5
44
-124
-207
134
450
349
173
201
138
-150
-410
-392
-91
378
632
642
755
914
622
-510
-1568
-1560
-901
-499
61
1069
1557
780
-728
-1578
-1091
-69
117
165
933
1387
519
-493
-312
283
80
-641
-586
635
1583
1100
289
435
608
-490
-1485
-726
832
1253
454
-96
308
373
-1019
-2273
-1469
-55
-196
-720
157
1219
619
-1013
-1759
-1186
-689
-983
-854
647
1979
1604
362
-88
110
-331
-984
-525
1094
2187
1651
573
168
7
-826
-1575
-1066
201
791
444
133
283
172
-805
-1700
-1352
-330
95
7
341
779
518
-301
-748
-390
294
845
1171
1636
2190
2031
101
-2198
-2591
-1542
-1059
-507
1338
2651
1815
-643
-2424
-2000
-574
-343
-419
1149
2418
1209
-700
-873
64
41
-974
-975
996
2721
2001
592
709
1170
-349
-2271
-1600
823
1886
842
-37
449
559
-1443
-3492
-2435
114
489
-494
264
1849
1194
-1293
-2359
-1149
-243
-779
-787
889
2432
1993
430
-473
-325
-463
-1396
-1298
668
2166
1392
-25
-334
-466
-1384
-2117
-1561
-18
957
644
79
285
376
-700
-1717
-1220
156
738
635
895
1244
997
62
-556
-127
780
1344
1617
1951
2259
1371
-1544
-3759
-3210
-1562
-1063
60
2086
2560
934
-2088
-3153
-1369
97
-373
182
2558
2705
464
-843
-354
380
-416
-1576
-500
2245
3057
1195
189
994
724
-1848
-3122
-795
1952
1677
-50
-150
699
-416
-3377
-4069
-1155
1219
592
301
2157
2949
524
-2266
-2403
-696
-428
-1468
-560
1677
2449
718
-630
-434
-107
-755
-1825
-742
1328
1872
515
-591
-140
-408
-1773
-2326
-1135
514
808
499
531
1071
940
-350
-1033
-214
688
440
209
757
1158
534
-269
-433
154
1082
1441
1799
2008
2208
640
-3002
-4280
-2881
-1254
-927
537
2465
2261
195
-2957
-2807
-287
631
-34
733
2901
2303
-11
-1255
-319
771
-568
-1562
222
3041
3147
935
-98
787
414
-2498
-3249
-252
2188
1363
-329
-372
434
-649
-3664
-3866
-414
1442
494
532
2360
2611
-33
-2761
-2564
-660
-729
-1362
-10
2116
2303
347
-1023
-780
-172
-931
-1357
55
1673
1725
363
-337
-134
-444
-1681
-1952
-592
507
575
444
742
1003
609
-555
-951
-207
214
18
-27
588
587
-77
-619
-598
134
949
1527
2306
2682
2498
588
-3202
-4665
-3500
-1732
-1102
1210
3554
2947
1049
-2635
-3169
-843
84
-632
428
3179
2372
133
-1032
-559
279
-1149
-2413
-430
2887
3167
1372
638
1281
406
-2923
-4098
-1104
1944
1495
271
762
1534
162
-3348
-4190
-1102
890
122
678
3266
3855
1246
-1894
-2522
-1354
-1673
-2464
-651
2182
2895
1345
-223
-485
-695
-1727
-2694
-1112
1292
1855
1162
463
869
-92
-1885
-2712
-1796
-131
227
849
1572
2100
1621
-33
-871
-806
-487
-582
-166
939
1295
809
34
-518
-572
-142
585
1917
3197
3201
2519
401
-3908
-5493
-3846
-2476
-1459
1429
3784
3055
1205
-2281
-2891
-719
-377
-1021
543
3111
2650
983
-605
-619
128
-1696
-3007
-552
2815
3207
2005
1411
1660
821
-2580
-3885
-1104
1287
804
253
828
1328
251
-3199
-4419
-1493
120
-705
745
3610
3745
1392
-1249
-2193
-1643
-2254
-3090
-1020
1544
1928
1255
669
495
-202
-1765
-2476
-1259
401
827
1337
1814
1708
834
-1464
-2598
-2174
-1322
-745
426
2122
2557
2221
960
-389
-895
-1472
-1784
-962
320
877
758
545
129
-307
-368
128
1369
2826
3133
2913
2233
-1693
-5123
-4541
-2819
-2250
-416
3071
3668
2787
-204
-2751
-1124
-38
-1052
-1007
1737
2708
1328
-171
-921
173
-453
-2959
-2244
1217
2771
2058
1281
1517
1700
-859
-3831
-2684
409
702
-93
534
1420
1351
-1325
-4002
-2373
93
-474
-245
2804
4184
2457
-65
-1591
-1385
-1667
-3232
-2586
388
1721
1206
905
1059
817
-682
-2325
-1983
-331
305
565
1472
1875
1282
-444
-2193
-2345
-1743
-1627
-726
1297
2630
2780
2173
1011
32
-845
-1795
-1515
-375
294
504
843
797
232
77
113
1027
2250
3057
2959
2640
45
-4732
-5448
-3853
-2757
-1663
1752
4006
3408
1222
-2523
-1735
454
-410
-1446
637
2600
1538
93
-1124
-333
149
-2231
-2982
266
3130
2789
1872
1705
2230
748
-2876
-3236
-268
928
-315
-154
886
1148
-397
-3484
-3271
-345
103
-466
1913
4204
3148
576
-1451
-1588
-1378
-3095
-3451
-582
1345
1050
785
1005
811
-161
-1852
-1935
-321
424
494
948
1524
1217
99
-1649
-2254
-1916
-1965
-1498
148
1852
2492
2576
1670
633
-151
-1192
-1620
-872
-151
-130
82
501
353
112
387
774
1998
2967
3232
2749
2532
-434
-5684
-5483
-3378
-2626
-1438
2122
3903
3382
1179
-2922
-1627
1073
-260
-1633
695
2411
1448
-150
-1640
-457
104
-2484
-2999
400
2732
2414
1918
1409
2172
1155
-2471
-2622
239
837
-362
-3
389
801
-324
-3414
-2785
323
-85
-903
2102
3714
2170
255
-1216
-1312
-1338
-3020
-3075
-166
1018
225
724
1343
998
218
-1242
-1073
-132
-207
-369
507
1301
773
289
-1027
-1635
-1524
-1967
-1447
252
1788
2082
2393
2019
888
-81
-1277
-1760
-1188
-776
-1161
-151
1142
1265
1358
1263
1965
2442
2650
2223
2280
1117
-4512
-6038
-3682
-2499
-1958
792
3688
3485
2166
-2224
-2685
783
563
-1390
-207
1834
1328
534
-1254
-1406
407
-873
-3057
-1135
1925
2455
2250
1359
1476
2191
-528
-2707
-1091
305
-541
-449
-279
-328
392
-1555
-3098
-846
467
-577
1150
3357
2077
817
-169
-1215
-1355
-2292
-3087
-1343
344
-120
826
2247
1429
921
440
-408
-444
-316
-507
168
1062
353
-29
-337
-1504
-2083
-1986
-1722
-412
1022
1572
2470
2881
1669
278
-431
-1412
-1830
-1728
-1888
-744
778
1109
1399
2264
2992
2932
2924
2249
2028
-220
-5937
-6341
-3062
-1981
-1706
1683
4281
3508
1382
-3220
-2497
1257
-22
-1915
654
2856
1822
707
-1147
-1107
311
-1860
-3702
-458
2633
2871
2590
1587
1956
2066
-1336
-3376
-1116
-24
-1124
-372
28
-53
174
-2028
-3289
-817
14
-674
1844
3537
1995
1009
182
-1189
-1473
-2396
-3548
-1864
-241
-242
1364
2756
2346
1755
710
-778
-1118
-1009
-1438
-134
777
376
685
8
-1563
-2225
-2213
-2251
-944
932
2111
3499
3797
2172
455
-711
-2313
-2923
-2572
-1784
-395
1087
2553
3189
3988
3657
2887
1927
1252
-2106
-7157
-5522
-2488
-1679
-571
2700
4059
3457
679
-4296
-2113
1204
-974
-2305
1217
3606
2824
808
-1688
-252
672
-2982
-4190
-415
2316
2758
2132
757
2257
2308
-2219
-3583
-647
2
-984
-107
111
865
805
-2782
-3405
-390
-637
-1520
1910
3472
2123
1637
196
-793
-819
-2986
-4317
-1646
-56
13
2177
3217
2598
1973
-333
-2217
-1654
-1440
-1739
72
1488
1618
1644
-60
-1828
-2065
-2284
-2650
-1061
1105
2483
3699
3373
1750
489
-1234
-3056
-2788
-1983
-1557
729
3147
3758
4430
4772
3113
1940
-688
-7164
-7536
-3405
-2252
-899
3203
5407
4675
2676
-3472
-4057
342
-834
-3128
-653
2564
3261
2567
-553
-633
1867
-1213
-4402
-1314
1959
2448
2370
729
904
2271
-1354
-4567
-2031
100
-681
96
605
848
2030
-960
-3996
-1473
-251
-1768
673
3288
2243
1951
1198
-861
-1364
-3036
-4942
-2682
-151
320
2500
4334
3085
2000
112
-2543
-2606
-2180
-2279
-459
1662
1824
1992
1378
-742
-1905
-2137
-2672
-1615
700
1870
3078
3397
1919
413
-967
-2553
-2906
-2147
-919
1090
3846
4814
4499
4197
2381
1135
-3748
-8433
-6467
-3216
-2291
-401
4750
5987
4762
925
-4132
-2366
-193
-2512
-3135
721
2988
2699
1124
-781
739
1447
-2303
-3652
143
2332
2394
1816
1034
2311
1144
-3260
-4286
-1642
-1091
-1350
-215
451
1973
1679
-1687
-2191
-44
-988
-1578
1374
2583
1843
1584
410
-1287
-2542
-4076
-3892
-1528
428
2398
4489
4518
2961
1220
-1603
-3624
-3461
-3175
-2263
89
2052
2477
2445
1034
-1074
-1629
-2229
-2351
-706
1302
2479
3143
2784
946
-526
-1967
-2892
-2752
-1411
781
3247
5340
5739
5154
3532
-106
-7128
-9057
-5448
-3722
-2409
1599
5712
5863
3844
-1903
-3531
11
-1083
-3826
-1748
2029
3081
2700
-25
-807
1473
-168
-3429
-1625
2100
3450
2905
535
525
2359
-776
-4368
-2677
-682
-1071
-808
-465
169
1533
-929
-3456
-1059
411
-609
1413
3720
2722
1978
839
-1308
-2494
-3670
-4462
-2687
-148
1719
3893
4632
3540
2271
-317
-3220
-3612
-3206
-2854
-1162
777
1424
1911
1224
-1018
-1731
-1576
-1727
-865
1351
2798
3165
2997
1431
-248
-1512
-2524
-2484
-1168
660
3287
5181
5152
3784
2509
-1259
-7636
-7969
-4606
-2216
-879
2762
5954
5619
2738
-3292
-3339
-452
-1855
-3660
-1016
2694
3439
2268
-198
-126
1210
-851
-3010
-503
2899
3985
2825
515
1197
1218
-3029
-5172
-2565
-160
-49
510
897
1597
1528
-2302
-4230
-1946
-1013
-970
1786
3798
3188
2588
955
-1369
-2795
-4260
-4367
-1716
1099
2674
4373
4518
3037
1140
-1774
-3908
-4116
-3460
-2844
-884
1103
2022
2263
776
-806
-1576
-2169
-2606
-944
1514
2611
3431
3204
1899
317
-1182
-1993
-1507
177
1608
3454
4872
4076
3112
-1728
-7289
-6788
-4346
-3360
-1817
2752
4507
4783
2178
-3354
-2066
540
-1812
-3545
35
2921
2741
1267
-783
-90
671
-2111
-3279
437
3346
3577
2226
746
1743
738
-3437
-4296
-1383
303
312
770
1252
1902
-211
-4346
-4296
-1672
-1455
-633
2890
4295
3649
2111
-249
-2104
-3430
-4121
-3179
-152
2492
4174
4489
3167
1522
-803
-3160
-3815
-2715
-1368
-209
1241
2133
1958
515
-1943
-3308
-3177
-2581
-1407
816
2931
3664
3226
1789
383
-849
-1282
-637
954
2783
3905
4677
3805
1909
-4657
-8923
-6589
-4363
-2627
366
4799
5217
4461
-440
-5147
-2035
-211
-2504
-2656
1615
3709
2794
153
-1763
-42
-91
-2734
-1852
2715
5423
4610
2236
1199
1443
-1873
-5572
-4562
-1296
840
1722
2018
2812
3243
-1023
-5349
-4325
-2138
-1709
666
3883
4666
3783
1185
-1072
-2908
-4176
-4423
-2499
634
2988
4882
4301
2892
1249
-1370
-3591
-3878
-2245
-887
309
1581
2024
1372
-327
-2098
-3038
-2816
-1804
-506
1017
2358
2784
1865
903
-160
-962
-390
1054
2161
3096
4093
3575
1747
-4339
-8002
-5457
-2864
-2021
323
5375
5198
2924
-1723
-5252
-2094
-303
-1898
-1318
3135
4391
2667
313
-1515
-1019
-1498
-3398
-1933
2916
5186
4161
2368
1786
1428
-2382
-5356
-3838
-992
45
386
1453
2214
1585
-1982
-4512
-3058
-1390
-934
1351
4199
4433
2320
28
-1278
-2858
-4021
-3410
-1037
1209
3174
4002
2813
1599
134
-2237
-3496
-2461
-952
223
1337
1919
1395
482
-1168
-2697
-2365
-1382
-763
274
1409
1955
1235
156
-417
-476
527
1049
2215
3356
3747
3277
1973
-3793
-8836
-6424
-3383
-2132
197
5291
5245
2451
-2124
-5917
-2411
-68
-1015
-603
3198
3835
1606
121
-1601
-1408
-1327
-2261
-282
4122
5868
4327
2235
944
-438
-3780
-5171
-2306
694
1270
1299
1807
1263
-218
-3496
-5720
-3445
-373
818
2846
5784
4942
711
-2300
-2966
-4345
-4738
-2430
1066
3639
4083
4119
1873
-271
-2079
-3337
-2581
-1302
1349
2093
2149
1946
90
-2120
-3787
-3321
-2364
-455
1886
3328
3540
2531
456
-1732
-2511
-2262
-37
2813
4935
5761
4912
3810
1112
-6081
-10510
-7563
-2855
-1042
2410
7875
6814
2528
-4554
-8341
-4395
-1317
-1316
748
6030
5537
1315
-850
-2270
-3088
-4030
-3725
385
5887
7389
5028
2898
1498
-1748
-6421
-6878
-2236
1676
2036
2250
3585
2878
-1103
-5801
-6747
-3732
-1102
625
4123
7404
5850
588
-2743
-3955
-5864
-5735
-2385
1805
5019
5721
4266
1619
-444
-3006
-5351
-3561
-364
2164
2799
2554
1951
-825
-2950
-4447
-3833
-1543
133
1519
2772
3727
2432
-482
-2206
-2350
-1813
59
2228
4542
6434
5695
3974
-275
-7415
-9398
-6357
-3090
-1203
4100
7746
4532
-37
-6339
-6804
-3047
-869
160
3817
6780
3045
-229
-1710
-2498
-2894
-3264
-1387
3510
6653
4893
2646
1819
36
-4125
-6487
-3298
1783
3530
2435
2145
1867
-807
-5250
-7506
-5088
-1182
1102
3163
6353
6779
2249
-2992
-4507
-4884
-5151
-2761
1213
5167
5838
4148
1187
-1171
-2817
-4349
-2934
-136
3052
4180
2687
672
-1652
-4020
-5148
-3612
-1144
1138
2995
3468
2899
1379
-760
-2285
-2022
-725
987
3597
5028
5323
4700
2979
561
-5736
-8740
-5612
-1248
533
2401
6557
4797
73
-6851
-9386
-4388
217
1915
3316
6834
4315
-1015
-3523
-3833
-2850
-2109
147
3989
7076
5537
1471
-586
-1330
-3703
-6164
-3277
2742
5786
4080
1689
595
-1403
-5264
-8205
-5918
-885
2366
3981
5710
5855
1379
-4182
-5306
-4344
-3632
-909
3039
5261
4807
2641
-870
-2746
-2676
-2940
-1431
1771
4297
4024
1988
-331
-3052
-4637
-4509
-2760
129
2276
3052
2012
758
-240
-1781
-2380
-1245
1441
3455
4277
5017
4415
2331
573
-4522
-8344
-5924
-1282
770
2562
5732
3277
-276
-5563
-9232
-5286
709
2550
2578
5595
3456
-1565
-3904
-3659
-2221
-1103
1400
4463
6726
4656
699
-1265
-1777
-2721
-4597
-2450
2931
5676
3328
157
-529
-1734
-4321
-6082
-4272
-99
2594
3099
3195
2745
-719
-4489
-4397
-2457
-1063
1233
3389
3709
2830
733
-1815
-1903
-313
-97
493
2302
2837
1302
-337
-1741
-2606
-2250
-1334
187
1806
2243
699
-836
-1207
-1088
-972
94
2107
3354
3348
3239
3051
1540
270
-3560
-6076
-3951
-636
795
2150
4843
2152
-1609
-5666
-7527
-3584
1732
3904
2839
3253
805
-3020
-4720
-3879
-1288
635
2989
5178
5654
2980
-422
-1989
-1884
-1869
-2399
113
4205
4913
1589
-1622
-2873
-3342
-3764
-3791
-1361
2104
3165
1793
400
-786
-3101
-4643
-3094
78
1730
2483
2791
2091
336
-1604
-2527
-998
1975
2582
2287
2066
1220
-1039
-2993
-2938
-1720
155
1054
1794
2141
698
-1284
-2466
-1586
-682
600
2557
4014
4584
3386
2612
1106
243
-3987
-7039
-3858
-334
1360
1980
4357
2069
-1669
-6026
-7742
-2585
2066
4034
3834
3725
-235
-3961
-4805
-4011
-859
1132
3161
5000
4985
1449
-1715
-1806
-662
-58
-672
1525
4637
3950
-4
-2848
-3540
-3211
-2301
-1928
-138
2261
2443
1010
-523
-1871
-3438
-3636
-1501
919
1683
795
-168
-611
-1299
-1620
-869
1482
3253
2644
1376
30
-627
-1011
-1121
-594
430
1201
795
495
-30
-1122
-2274
-1903
-10
1530
2275
2688
3470
2937
2307
1494
1202
-533
-4721
-4163
-1098
938
668
2005
2051
-921
-4153
-7566
-4118
1801
4250
2886
2059
-41
-3507
-3714
-2675
-306
1448
2663
3869
4198
1561
-1899
-2026
-237
1138
437
1241
4499
4881
830
-2947
-3906
-3341
-1692
-924
-642
723
1055
-511
-1487
-1897
-2756
-2492
-264
1664
1818
1203
-7
-415
-775
-1259
-918
765
2629
2105
600
-556
-654
-611
-255
468
657
630
367
94
-274
-315
-838
-931
321
1054
456
469
1675
2226
2530
2391
2498
869
-3299
-4467
-1941
487
684
2244
2064
-529
-3733
-7079
-4506
1006
3452
2034
1272
-991
-3971
-3632
-2391
24
2173
3228
3550
3060
153
-2441
-1431
619
1817
1186
1338
3495
3578
-301
-3011
-2315
-947
545
707
44
174
-212
-1683
-2177
-1884
-2247
-1447
184
796
34
-699
-906
-573
79
29
604
2048
3083
1743
-395
-1026
-1156
-866
-281
581
620
323
355
165
-231
-644
-425
-8
1086
1376
648
537
1489
1998
1408
1399
1788
-231
-4084
-3436
-79
1578
1895
2899
1863
-930
-4660
-7325
-2733
3057
4037
1989
427
-2688
-5033
-4388
-2966
267
2936
3925
4097
2483
-922
-2675
-1623
148
1475
926
1897
4780
3236
-1685
-3464
-2253
-712
1299
1183
147
499
-149
-1644
-2144
-2019
-1834
-619
435
119
-823
-1397
-1133
-260
-179
-237
761
2072
2306
512
-857
-518
948
1713
1153
435
-723
-1581
-1830
-1295
-282
918
1494
1382
1009
-263
-1300
-456
1738
2793
3025
2841
2163
-1484
-5206
-3996
-611
1776
2616
3011
1216
-1376
-5029
-5812
254
4561
3972
1533
-1038
-4339
-4622
-3251
-1859
1490
3131
2854
2206
-92
-2713
-1663
630
2113
2866
2105
2639
3098
-436
-4124
-2924
-130
1753
2621
399
-1450
-1541
-2356
-2456
-1225
-22
630
1379
117
-2415
-3049
-2779
-1664
-172
615
1406
2572
2666
435
-1778
-1858
-84
2017
2417
1668
586
-116
-630
-846
-288
390
807
281
-101
-695
-1083
-52
2248
3557
3180
2139
889
-885
-4917
-5113
-1251
2704
3856
3393
1047
-2311
-4615
-7203
-3047
4632
6700
3660
317
-4039
-6328
-4210
-2477
554
4328
4826
3040
108
-3841
-4600
-1081
1216
2529
3150
2927
3419
1251
-3565
-4391
-491
2185
3093
1919
-1256
-2060
-1644
-1923
-1134
462
1187
1334
-32
-2894
-4023
-2349
-347
1139
1434
499
397
540
-468
-1880
-932
1634
3585
3169
535
-1642
-2286
-1640
-650
1004
2129
2429
1088
-1056
-2093
-2063
-703
1674
3853
3654
2173
976
-484
-4220
-5444
-2095
1997
3896
3370
1014
-1913
-3519
-6453
-4555
3551
7436
4862
219
-4184
-6232
-3500
-1039
1322
4918
5109
2500
-746
-4366
-4727
-23
3019
3723
3497
2019
1489
219
-3454
-4681
-529
3151
4058
2444
-1822
-3930
-2892
-1599
-474
1301
1648
762
-1224
-4719
-5633
-2576
1292
2589
2265
411
-1287
-768
-304
-185
725
2698
3382
2296
-582
-2977
-2627
-602
1168
2074
2351
1643
484
-1637
-2603
-1407
743
3053
4440
3143
626
-581
-695
-2167
-5031
-3366
730
3413
2450
263
-1646
-2296
-3125
-4989
-379
6046
6415
1982
-2892
-6260
-4735
-482
1064
2641
3909
2312
201
-2046
-3800
-1086
3501
3918
2528
733
-110
788
-159
-2454
-788
3040
3592
1924
-1480
-4803
-4018
-1060
919
1689
1417
7
-1962
-4732
-5995
-2820
1944
3761
2632
-439
-3152
-2658
-724
395
1249
2711
2904
1637
-339
-2570
-2279
251
2330
2361
1535
821
-73
-1130
-1763
-799
885
2258
2846
1927
-105
-277
1031
1742
-343
-3746
-2643
585
1471
-321
-885
-1109
-1434
-3081
-4684
289
5487
4393
-628
-4314
-5088
-1449
1674
1174
2022
3012
1260
-742
-2384
-2818
996
4332
2487
440
209
949
1281
-642
-2066
532
3722
3082
575
-2781
-4365
-2322
42
903
941
485
-795
-2633
-5016
-4456
-208
3138
2532
-263
-2595
-2846
-548
1235
1524
1771
2178
1336
-398
-1788
-1987
52
2345
2550
1221
426
291
-167
-740
-688
599
1972
2160
1324
207
106
1289
2111
1965
-918
-4360
-2735
730
1326
427
567
-767
-1983
-3813
-5142
208
5587
3976
-1155
-4370
-4809
-1125
1359
442
1932
3577
1581
-702
-2283
-2260
1670
3972
1381
207
910
1296
726
-1311
-1897
1618
4412
2697
-370
-3251
-3912
-1677
416
1213
1326
671
-983
-3393
-5309
-3449
1136
3206
1072
-1850
-3318
-2356
28
1219
1461
2056
2250
540
-1366
-1828
-773
1550
2784
1482
8
10
-76
-715
-917
-6
1597
2453
1580
232
-82
493
1789
2012
1796
-522
-4113
-3000
218
1006
346
968
-747
-2271
-3650
-5231
-149
6108
4504
-1372
-4569
-4957
-1571
1014
-124
1542
4634
2861
-940
-2923
-2123
2479
4753
1261
-217
1302
1773
146
-2174
-1900
2332
5038
2231
-1407
-3257
-2918
-845
690
1596
1686
375
-2313
-5200
-6067
-2338
3003
4017
721
-2638
-3935
-2763
-196
1441
2261
3208
2527
-533
-2686
-1654
453
2544
2937
764
-450
80
-5
-1056
-522
1028
1944
1722
56
-769
0
1571
2518
2513
2068
36
-3892
-4210
-885
1313
1722
1718
-903
-3174
-3832
-5342
-1753
5226
5334
-141
-4065
-5091
-2430
1205
628
1064
3998
2321
-1960
-3508
-2164
2296
5255
2005
-646
651
1208
-388
-1716
-423
3743
5619
1672
-2782
-3983
-3001
-902
744
2048
2646
610
-2909
-5979
-5917
-1480
3378
3477
-203
-2814
-3730
-2766
-256
1570
2638
3117
1338
-2220
-3267
-514
2075
3184
2730
331
-1291
-716
-676
-651
795
2429
2155
541
-777
-1740
-287
1656
2565
2633
2312
1423
-2818
-4570
-2050
1288
3053
2142
-935
-3441
-2537
-3976
-3239
3160
6124
1933
-3635
-6270
-4387
1361
2603
1637
3289
2762
-1549
-4340
-3314
1070
6002
4383
10
-424
239
-394
-1495
-487
3207
5695
2584
-2172
-3703
-2441
-416
893
1830
2418
729
-2963
-5514
-5295
-1561
3011
3268
-181
-2970
-3692
-3199
-886
1617
2734
2800
915
-2534
-3496
-211
2653
3026
2229
457
-1111
-1059
-550
-193
1428
2501
1536
-430
-1325
-999
19
2244
2564
2301
1818
1430
-863
-4366
-2756
652
3470
2471
-719
-3590
-3068
-2207
-3934
54
5773
4586
-2138
-6845
-6407
-550
4260
2591
1935
2899
397
-3878
-4280
-277
5256
6326
524
-2594
-952
501
-203
-459
2439
5252
3612
-1797
-4265
-2248
452
1467
1281
1591
809
-2155
-5018
-5026
-1994
2089
3024
-318
-3463
-3586
-2504
-1079
1309
2963
2709
805
-2284
-3747
-947
2539
2612
1329
522
-533
-1106
-507
171
1372
2332
1317
-443
-1035
-518
250
1374
2129
1723
1487
976
575
-819
-2814
-1388
1139
2398
652
-1908
-3269
-1685
-664
-2713
195
4668
2685
-2966
-5924
-4392
1311
4620
1445
-64
1153
-437
-3413
-2826
1121
5457
4633
-1320
-3085
-92
1707
907
134
1961
3798
1752
-2535
-2947
226
2043
1303
-179
45
-98
-1773
-3757
-3236
-279
1946
1013
-2307
-3605
-2548
-1253
-465
1022
2350
1781
-369
-2651
-2338
613
2624
1442
189
50
-441
-715
-171
999
2178
2061
372
-1028
-555
337
994
1103
1636
1703
1325
751
107
-220
-1775
-926
393
1372
529
-1563
-2590
-2074
-1069
-2391
-136
3316
1851
-2552
-4740
-2973
1116
3428
861
-59
976
-279
-2546
-1801
1731
4162
2656
-1804
-2217
926
2130
896
169
1983
2985
701
-2204
-1341
1311
1775
324
-957
-9
328
-1585
-3380
-2186
523
1207
-91
-2109
-1919
-919
-897
-826
180
1207
619
-809
-1970
-787
1464
1841
477
-93
206
-202
-238
400
1544
1997
1149
-224
-975
-71
627
756
688
1359
1371
628
524
607
772
-1304
-1898
-591
1245
1096
-1007
-2023
-1615
-762
-2542
-1215
2615
2479
-1433
-4116
-2962
689
2984
447
-488
1126
367
-2189
-1992
1331
3734
2444
-1536
-1734
1448
2189
458
-278
1674
2876
652
-1895
-817
1513
1192
-803
-1427
527
1075
-1282
-2937
-1562
238
14
-1292
-2346
-1197
-299
-988
-1092
436
1159
10
-1130
-1334
31
1310
867
-358
-118
573
-72
-415
734
1635
1266
484
-231
-67
1151
1171
304
493
1214
686
167
929
1161
1739
-470
-2779
-1395
1097
1461
-495
-1210
-1691
-918
-2336
-2622
1667
3520
81
-3652
-3586
-1161
2191
1263
-257
1441
1353
-1905
-3202
-32
3087
3170
-227
-1943
657
1796
336
-553
1185
2977
1518
-1376
-1133
1451
1691
-349
-1111
494
1316
-719
-2713
-2004
-241
31
-823
-1653
-937
-562
-1569
-1749
85
1268
315
-663
-912
-301
477
476
-144
212
816
-99
-466
970
1762
1038
448
-132
-263
660
1025
432
862
1205
564
-57
697
1263
1267
659
-2289
-2065
381
1888
645
-778
-1518
-2014
-1557
-2445
42
3393
2094
-2161
-4294
-2753
399
2168
505
634
1299
-1054
-3086
-1243
2444
3749
1423
-1746
-876
1251
643
-224
765
2794
2347
-585
-1801
323
1713
335
-668
139
1450
196
-2300
-2507
-826
-45
-321
-874
-1062
-627
-1408
-1968
-767
758
296
-609
-587
-509
152
516
214
-80
293
-52
-340
676
1580
1087
453
303
-123
188
991
1002
536
668
517
-38
487
1442
1022
939
-319
-2706
-1498
961
1593
303
-432
-1848
-1690
-1343
-2003
1120
3274
721
-3176
-3898
-1944
1542
2289
246
519
7
-2229
-2501
261
3150
3315
16
-2639
-500
1129
591
657
1631
2651
1286
-1350
-1391
1187
2019
487
-347
384
1115
-730
-2632
-1687
141
638
-321
-1772
-1530
-672
-1336
-1667
-85
990
24
-987
-1276
-543
570
731
120
50
352
-57
-227
740
1510
904
380
27
158
879
1146
612
280
550
178
202
992
1615
1183
829
-1146
-2785
-803
1120
1725
548
-872
-2413
-1824
-1551
-1246
1942
2696
-100
-3467
-4113
-1699
1996
2037
572
714
-845
-2428
-1838
708
3046
2426
-999
-2162
537
1414
806
703
1402
2088
342
-1523
-302
2046
1670
-198
-758
404
1065
-879
-2007
-521
587
-15
-1295
-1965
-866
-605
-1726
-1464
220
357
-827
-1185
-849
266
706
170
-263
192
326
-77
242
1340
1553
449
235
123
366
919
1100
742
374
468
-179
149
1012
1608
911
425
-261
-2164
-1186
493
1742
1103
-667
-2391
-1973
-428
-748
851
2075
604
-2374
-4125
-2225
1623
2776
608
-302
-868
-1453
-1432
-361
2195
2696
-160
-2213
-486
1151
934
420
545
1728
1150
-679
-728
1051
1581
203
-836
105
1335
-76
-1792
-1196
140
390
-632
-1676
-1048
-508
-1286
-1408
-233
407
-489
-1360
-844
469
749
42
-409
-51
522
393
191
1059
1576
312
-501
-116
714
1276
1011
415
22
99
-34
52
857
1676
1248
199
-22
-1147
-1437
-206
1079
1297
-134
-1562
-2117
-839
-610
-369
1073
1271
-510
-3162
-2768
180
2190
1012
-217
-437
-712
-1075
-1025
1168
2685
1013
-1502
-1226
809
1102
330
237
1498
1629
-208
-1175
240
1665
871
-541
14
1208
460
-1404
-1491
41
873
-94
-1678
-1475
-734
-1040
-1369
-529
670
-24
-1436
-1497
-183
616
291
-100
-39
349
166
-145
462
1398
892
-311
-326
418
920
673
359
125
192
232
104
643
1163
1147
185
212
-25
-860
-463
483
1558
391
-767
-1625
-1041
-64
-504
256
1201
716
-2100
-3120
-961
1430
1673
103
-352
-432
-969
-1653
-363
1987
1694
-534
-1698
20
1007
156
-157
987
1862
367
-1084
-528
1313
1311
-332
-273
1048
1094
-940
-1634
-300
927
429
-1053
-1188
-614
-720
-1509
-848
523
302
-1097
-1606
-383
533
369
-223
-11
332
-56
-481
75
1328
1140
-237
-669
53
611
597
426
296
410
217
-86
236
965
1112
617
447
605
-118
-1003
-699
708
1379
490
-783
-1511
-559
-457
-828
354
1645
516
-2363
-2803
-745
1587
1369
60
-35
-159
-1399
-2103
42
2366
1671
-1024
-1510
339
607
-342
-66
1870
2271
150
-1470
-177
1807
1093
-305
463
1889
837
-1729
-1924
129
1208
-174
-1396
-1131
-676
-1514
-2082
-535
1104
450
-1514
-1710
-395
332
-10
-50
644
671
-349
-887
325
1559
1169
-98
-233
365
563
384
442
888
826
283
18
346
978
1214
904
853
554
-623
-1473
-631
775
977
184
-1258
-1582
-1278
-1440
-1021
702
1639
-202
-2602
-2915
-626
1291
943
370
464
46
-1619
-2083
-84
2180
1721
-263
-299
545
156
-781
108
2276
2649
538
-1060
-21
1060
287
-328
1203
2511
833
-1824
-2349
-644
245
-438
-736
10
-121
-2094
-3020
-1457
555
566
-489
-644
-227
-416
-1045
-308
1059
1383
515
-99
287
559
124
-145
739
1376
812
0
-10
295
179
106
422
1026
903
101
-245
-19
111
-11
-72
8
-74
-521
-744
-418
16
40
-410
-683
-419
26
-61
-215
-128
-144
-171
-36
84
29
-15
-43
-245
-407
-108
125
150
75
-237
-510
-362
177
366
169
116
167
184
263
267
332
483
403
30
-52
144
203
64
-291
-407
-106
173
68
-134
-36
-152
-262
-139
23
286
236
28
-116
-240
-42
41
59
126
90
38
-40
9
70
125
159
54
135
298
551
557
302
273
204
149
34
20
346
565
334
-29
-101
-148
-116
2
-104
-19
26
-149
-461
-578
-374
-257
-106
-244
-484
-630
-606
-354
-170
-128
-233
-356
-376
-283
0
128
158
141
130
41
61
284
300
419
458
323
241
110
32
140
422
391
103
-107
-166
-102
-163
-207
-124
-5
-27
-321
-444
-227
-29
-69
-148
-142
-165
-272
-207
28
201
154
-21
-125
-185
84
370
582
746
643
220
-56
319
406
397
583
594
443
218
-28
-233
124
400
190
-7
-224
-428
-567
-573
-558
-412
-246
-387
-645
-823
-773
-468
-264
-199
-315
-443
-507
-347
-30
163
267
141
-60
-118
-21
117
451
659
418
138
136
285
367
358
257
322
319
162
63
-31
-27
-66
-342
-296
37
-32
-236
-346
-289
-135
-117
-157
-172
-106
-59
-93
-80
85
219
-26
-186
75
192
416
658
626
514
201
58
46
231
586
749
640
332
103
-37
51
216
232
294
144
-140
-357
-506
-414
-191
-213
-426
-434
-572
-557
-347
-352
-361
-505
-601
-522
-323
-74
131
-6
-244
-44
27
-26
54
198
344
311
156
11
151
237
143
90
297
505
304
119
75
-11
11
64
80
182
16
-405
-415
-155
-37
-67
-249
-249
-104
-94
-106
110
262
134
2
-237
-60
223
258
339
390
271
53
51
-14
48
271
343
291
239
163
-174
-211
-3
-22
140
274
83
-211
-208
-242
-371
-230
-138
-235
-326
-198
-150
-222
-230
-285
-327
-188
-31
29
94
138
-20
-177
-21
84
34
73
140
172
135
33
44
211
198
-2
-46
128
215
215
183
85
-40
-167
-173
-44
128
47
-201
-251
-249
-376
-375
-167
-2
-27
-120
-179
-103
60
1
-132
-24
200
174
184
311
399
305
158
195
99
235
431
385
349
377
214
-139
-77
20
76
169
84
-94
-268
-239
-282
-283
-189
-219
-364
-263
-99
-143
-124
-174
-273
-253
-185
-96
164
300
153
-34
-70
86
176
105
166
230
75
34
94
198
250
-13
-276
-29
284
163
24
-46
-65
-91
-182
-180
-75
24
-203
-363
-192
-115
-154
-212
-171
-193
-115
8
125
182
-6
-172
-176
39
320
425
327
349
306
52
155
318
197
298
390
289
287
227
-87
-155
47
-47
-98
-11
-37
-180
-304
-350
-328
-250
-232
-314
-348
-230
-158
-227
-222
-172
-196
-176
-32
196
323
296
107
14
151
246
229
221
270
90
-42
8
59
210
97
-129
-137
57
10
-136
24
2
-161
-233
-211
-55
42
-140
-317
-191
-65
-150
-262
-120
-2
-123
-213
-107
75
169
189
60
63
211
135
147
371
524
448
251
139
64
61
227
383
423
400
128
-204
-295
-190
-54
78
54
-151
-312
-468
-489
-324
-189
-197
-298
-372
-375
-229
-124
-132
-129
-132
-92
-17
121
248
262
214
145
147
247
298
316
364
347
244
191
187
143
86
-3
5
137
110
-48
-127
-201
-253
-252
-226
-143
-150
-269
-369
-334
-220
-214
-228
-141
-55
-118
-129
4
68
130
83
4
193
371
248
159
235
355
469
394
271
261
186
126
177
219
263
235
9
-183
-187
-177
-150
-55
-109
-245
-363
-431
-408
-359
-326
-386
-390
-268
-213
-261
-325
-279
-215
-101
0
52
152
237
218
165
265
331
357
364
325
258
213
226
215
260
175
-5
-24
52
71
-20
-22
-72
-153
-252
-361
-313
-152
-123
-270
-289
-301
-308
-337
-287
-132
-11
63
4
-6
52
145
141
131
251
228
205
314
361
404
429
336
268
326
295
333
436
351
215
73
-88
-127
-62
-85
-63
-104
-293
-374
-328
-259
-248
-304
-403
-396
-366
-377
-285
-167
-121
-200
-309
-239
-70
126
211
203
228
245
213
174
224
319
419
424
329
268
223
158
65
32
75
123
110
-39
-90
-94
-161
-233
-319
-323
-246
-258
-372
-400
-371
-393
-417
-396
-295
-204
-108
-26
-2
38
82
120
158
256
284
267
339
360
340
311
308
366
417
399
363
386
342
290
240
162
88
-5
-76
-98
-125
-218
-318
-384
-364
-344
-380
-390
-379
-384
-386
-379
-395
-336
-249
-201
-175
-141
-76
56
170
184
225
270
276
241
221
276
384
430
337
222
186
176
112
114
229
255
157
-13
-159
-145
-102
-186
-205
-155
-242
-401
-464
-401
-304
-284
-312
-269
-233
-261
-250
-194
-38
93
41
31
144
177
164
230
276
344
408
313
279
351
293
236
266
263
225
218
158
101
88
-27
-59
-31
-94
-137
-201
-260
-277
-312
-341
-306
-285
-296
-276
-237
-214
-192
-190
-159
-41
37
80
119
120
117
101
86
129
223
266
267
231
200
189
143
109
113
108
70
53
-2
-27
-40
-129
-152
-120
-92
-84
-148
-205
-208
-227
-233
-209
-156
-124
-140
-191
-165
-42
14
30
39
47
96
113
110
184
265
305
302
237
154
126
105
117
203
249
228
161
73
-14
-51
-19
-14
14
-19
-115
-191
-257
-238
-202
-173
-157
-213
-262
-255
-203
-150
-84
-78
-107
-71
-62
-11
82
143
179
172
126
119
177
200
242
271
195
147
103
69
86
93
71
59
14
-67
-90
-99
-81
-33
-41
-119
-158
-194
-188
-102
-97
-100
-113
-147
-153
-140
-71
-15
18
14
0
13
36
53
56
91
134
180
207
210
211
146
84
114
157
196
190
105
51
50
3
-15
56
43
-14
-68
-110
-99
-113
-109
-129
-133
-126
-197
-233
-185
-135
-113
-112
-115
-117
-99
-88
-62
19
74
74
70
65
53
37
59
95
112
114
118
103
68
55
30
12
56
71
61
76
25
-32
-56
-58
-26
-16
-53
-86
-88
-111
-113
-115
-96
-63
-64
-81
-118
-82
-15
6
5
33
25
-16
-13
-21
1
58
105
129
151
112
65
79
85
115
129
114
79
42
8
-23
4
28
12
17
13
-16
-43
-58
-86
-85
-60
-94
-117
-101
-92
-91
-82
-61
-32
-1
21
50
81
72
52
31
20
43
41
15
7
32
46
67
73
54
42
5
-44
-24
10
14
3
-41
-77
-70
-40
-48
-61
-87
-117
-124
-88
-61
-73
-78
-95
-110
-54
8
19
54
55
34
59
68
81
87
77
92
81
101
118
149
186
148
128
122
113
133
131
67
41
40
-24
-55
-55
-50
-14
-19
-49
-56
-93
-107
-115
-128
-109
-124
-151
-182
-165
-155
-122
-54
-76
-54
-42
-55
19
46
61
81
79
37
-14
16
37
57
98
84
67
36
6
-3
16
52
73
75
50
6
-36
-61
-71
-68
-52
-78
-114
-97
-80
-42
-36
-41
-27
-40
-20
15
32
35
14
-11
-6
-1
31
82
76
130
138
99
129
128
77
62
76
81
79
56
32
39
33
16
8
29
27
25
11
-35
-31
-19
-39
-84
-114
-121
-123
-106
-104
-62
-39
-51
-39
-64
-35
-2
6
27
7
-22
-27
-31
0
24
21
31
46
40
29
40
51
39
34
36
12
10
-10
-11
6
2
1
-16
-38
-57
-69
-53
-37
-35
-28
-47
-41
-40
-50
-39
-43
-16
4
4
15
25
40
26
37
60
52
86
112
113
106
78
60
35
23
42
38
55
67
38
13
-6
4
6
-14
-14
-44
-58
-75
-106
-85
-90
-82
-67
-69
-70
-69
-56
-26
-6
3
-12
-43
-26
-4
-5
23
46
67
60
32
20
29
59
77
81
59
56
35
-9
-28
-6
3
-6
-17
-27
-31
-47
-63
-69
-67
-59
-59
-66
-56
-48
-44
-60
-62
-36
-25
-10
-2
0
-17
-19
-7
-11
15
25
65
87
77
92
79
96
122
102
89
87
88
62
56
68
52
41
16
-2
5
22
-2
-28
-22
-18
-23
-70
-78
-59
-71
-81
-97
-83
-37
-37
-58
-60
-53
-43
-51
-31
-23
-16
-10
-28
-20
-10
3
26
39
32
25
37
28
25
41
34
22
18
6
-5
16
21
3
-10
-22
-1
8
2
1
1
6
-14
-17
-12
-9
-2
0
-34
-32
7
-4
27
38
21
26
17
18
14
26
45
41
38
25
26
44
24
34
53
33
26
9
-18
-17
0
8
-8
-16
-7
1
-8
-13
-18
-29
-23
-29
-23
-7
0
-6
-17
-27
-19
-12
-22
-19
-8
1
1
2
16
5
-9
-4
-18
-3
20
20
28
4
-34
-60
-67
-46
-47
-31
-15
-15
-9
-16
-17
-4
6
-4
-5
-1
-4
-1
4
12
24
35
22
19
24
39
46
39
41
33
40
41
35
54
51
46
28
15
21
15
15
-2
-26
-32
-27
-18
-30
-34
-23
-32
-54
-59
-56
-52
-40
-28
-28
-32
-28
-50
-59
-42
-25
-4
12
14
8
3
-9
-2
3
15
26
16
19
21
37
26
21
30
26
23
6
0
-6
-3
-3
-18
-15
-8
-14
-7
4
5
5
2
-11
-27
-40
-49
-45
-25
-1
4
11
3
-17
-15
-8
22
49
48
37
19
10
12
13
32
30
30
39
36
42
49
56
46
30
18
10
11
13
21
10
-8
-12
-22
-39
-21
-9
-13
-11
-21
-17
-32
-33
-25
-36
-34
-35
-46
-41
-36
-32
-19
-17
-9
-8
-12
-2
-7
4
14
13
13
10
3
-6
-3
-2
6
24
24
16
6
-6
0
3
5
6
-11
-5
-5
-14
-3
1
16
14
10
13
5
7
3
-7
3
11
13
18
18
15
22
21
28
38
43
35
33
40
19
11
10
15
26
26
17
7
2
-4
-7
2
6
3
-6
-33
-35
-32
-34
-10
-15
-14
-14
-36
-30
-30
-32
-20
-27
-21
-15
-20
-17
-20
-18
-2
10
16
20
26
22
15
11
8
15
17
17
18
17
28
23
10
19
14
-6
-8
-7
-3
-4
-10
-12
-12
-1
-2
-3
-5
-10
-14
-19
-11
-15
-12
-15
-21
-12
-16
-11
-3
11
22
20
24
20
6
7
14
15
19
12
7
14
21
23
12
9
15
12
-4
-14
-14
-22
-19
-15
-22
-13
-11
-14
-16
-21
-14
-9
-10
-9
-19
-20
-13
-15
-18
-13
-10
-2
5
-1
6
5
4
13
8
14
8
10
9
3
16
10
10
17
6
0
1
8
11
5
3
-5
-11
-11
-25
-24
-22
-14
-12
-34
-18
-19
-17
-6
-14
3
6
10
16
-1
11
14
4
12
12
13
21
26
21
8
3
17
27
14
8
1
-7
1
-16
-14
0
-9
-14
-10
-13
-25
-33
-38
-27
-14
-8
3
-5
0
4
-2
10
10
7
0
-5
-4
-10
5
10
13
19
18
19
9
15
10
2
4
-6
-4
-1
-9
-3
-9
-5
6
8
8
9
10
6
5
6
-1
-9
-6
-7
-20
-10
-1
-9
-7
-4
4
9
6
7
2
-3
13
4
-4
-3
-2
3
1
7
9
13
13
19
13
2
23
13
-1
-11
-21
-19
-24
-17
-14
-10
-9
-8
-8
-11
-5
2
2
-9
-14
-4
-4
-6
0
-13
-14
-6
-8
2
16
22
22
13
12
14
-5
-5
-7
-10
-3
-17
-10
-3
2
10
12
13
15
12
-3
2
10
10
13
-7
-14
-12
-16
-15
-2
1
7
21
9
4
5
0
5
-3
-3
-6
-8
-2
-3
4
13
12
7
0
-7
3
-4
-10
-6
-5
21
17
17
20
8
13
10
9
5
5
-11
-16
-22
-27
-21
-16
5
0
9
32
28
18
-2
-16
-23
-21
-22
-26
-17
-8
-7
-7
-2
-1
10
11
15
21
17
16
-1
-12
-17
-19
-8
-12
-5
-5
-7
1
-10
-6
-2
-1
16
14
15
16
8
-3
-9
-3
2
9
13
8
-10
-16
-4
6
18
11
1
-9
-14
-3
-2
0
1
-1
-1
7
13
7
10
5
2
1
3
11
2
-1
-1
-3
4
13
13
4
-4
-6
-8
-10
-4
-3
-2
-9
-13
-2
-2
13
8
-3
-2
-4
10
-2
-3
0
-2
2
0
5
0
-11
-7
-4
2
17
18
3
-6
-2
3
-1
3
5
3
1
-1
1
-2
0
-1
2
4
2
2
-1
-5
-6
-5
4
13
15
5
-9
-5
5
9
15
7
4
-8
-12
0
-1
3
1
1
1
-2
2
1
7
9
-5
-16
-22
-17
-14
-9
-7
-2
-3
-4
-4
-5
-2
4
8
1
-3
-1
-6
-7
-17
-18
-8
-6
2
10
10
18
19
8
0
-2
-4
-4
0
-4
-7
-14
-10
-9
-8
-4
-8
-7
-1
-2
1
2
4
-2
-5
1
8
10
10
6
2
0
-3
-8
-11
-2
2
3
-3
-1
5
6
9
9
3
5
-1
-12
-15
-9
0
6
2
-1
4
4
3
10
11
11
7
2
-6
-7
-2
-11
-10
1
-1
-5
-9
-8
0
4
12
17
11
9
3
-1
-4
-9
0
-2
-6
-3
-5
-2
-2
-4
-6
-10
3
2
-1
-2
-1
4
0
5
-3
-3
2
-2
4
3
5
1
-2
-5
-13
-3
-3
4
16
14
11
15
19
15
15
10
2
3
-2
-4
-7
-10
-4
-9
-4
-1
2
4
-3
-3
-6
2
6
-2
-5
-11
-12
-14
-12
-8
-2
14
18
13
14
19
19
13
15
14
9
7
6
0
0
6
6
12
11
7
-2
-10
-6
-3
-1
-8
-10
-14
-18
-16
-18
-11
-7
1
4
0
12
7
0
-4
-11
-9
-16
-15
-6
-2
4
8
10
2
3
2
-2
1
-4
1
0
3
9
-1
-3
-9
-15
-14
-11
5
2
6
6
0
7
2
8
1
6
6
-4
-2
-10
-6
-9
-15
-9
-4
3
1
-1
8
10
10
7
6
12
10
4
-1
-3
1
1
9
9
7
8
4
1
-8
-8
-13
-18
-9
-20
-16
-9
-9
-1
-3
0
-1
-6
-8
-7
2
1
8
13
11
15
10
10
-1
-11
-8
-13
-5
3
7
14
18
16
11
15
13
12
11
2
2
-1
0
1
-5
-4
-13
-9
4
6
13
2
-4
-11
-7
1
0
-2
-21
-21
-11
-8
-4
-8
-2
-5
-2
-11
-30
6
21
6
-12
-8
8
-1
9
-1
-2
1
-3
6
1
15
5
-5
-2
8
26
4
-10
-7
-9
-10
-12
-2
-7
0
3
1
-2
-11
14
2
-12
-8
-16
-4
-9
-11
-8
-11
3
9
12
19
23
-1
-21
-17
-8
-6
-1
7
-9
-10
-2
1
9
16
18
14
10
10
15
12
4
4
-3
-7
-7
-5
5
3
4
-1
-14
0
9
16
23
15
11
1
1
1
-10
-5
-1
-2
-9
-8
-7
-8
6
12
21
16
5
9
9
2
-7
7
4
3
0
-12
-5
-10
1
4
-4
4
6
5
7
7
9
2
2
0
-4
4
9
11
7
3
-4
-17
-16
-15
-12
-3
0
-2
-5
4
6
4
-2
-7
-4
-10
-7
-4
2
3
-1
7
6
3
12
6
-1
-1
3
4
3
8
0
0
4
-1
8
8
-1
-5
-12
-13
-10
-11
-11
-9
-7
-5
-6
2
6
6
8
9
6
9
7
-3
-9
-9
0
-1
-5
-6
-6
-7
-1
3
-3
-4
0
9
4
-2
-3
-6
-5
-5
-2
1
1
-2
-3
5
8
17
8
-5
-6
-9
-2
4
10
3
-4
-1
2
8
10
15
8
1
0
-3
1
-1
-5
-2
-3
6
9
6
7
4
2
-1
-2
4
4
-1
-3
-8
-14
-16
-11
2
3
-2
-3
-11
-14
-5
6
7
-1
-5
-9
-6
0
-2
-3
-7
-9
-5
-10
-5
-1
-4
2
-5
-11
-4
4
5
1
3
-1
-7
-14
-8
-4
-5
6
1
-6
-5
-4
4
5
12
12
14
19
13
11
6
7
-3
-4
6
4
-2
-4
-3
-5
-7
-2
5
8
13
15
9
6
2
-2
-2
-1
-7
-8
-12
-17
-17
-12
-4
1
7
-5
-10
3
-7
-4
8
13
11
-8
-10
-17
-13
0
-6
-9
-3
2
-2
-1
7
11
1
-3
-2
-1
9
13
9
8
-5
-9
-6
-4
3
8
7
4
0
-3
-10
-12
-2
8
11
12
11
7
12
8
0
-2
4
5
-2
-1
-3
-1
-2
-1
3
4
6
0
2
2
1
0
-2
-6
-4
-3
-8
-2
8
8
5
6
5
0
-1
-10
-17
-15
-9
-7
-5
0
2
3
-4
-3
4
3
1
-6
-9
-12
-16
-17
-22
-25
-16
-10
-4
1
6
7
5
10
9
5
2
-3
-12
-13
0
-1
-2
3
2
9
8
2
2
2
3
6
3
-4
-4
-3
-7
-3
-3
-2
-2
2
4
-3
1
1
-5
0
10
11
6
3
3
6
4
1
0
-2
-1
-6
-5
-2
3
7
3
8
13
13
7
8
15
8
4
4
-2
3
1
-7
-7
-10
-15
-18
-15
-14
-7
-4
0
-2
-3
-7
-9
-3
-1
3
6
8
11
11
16
21
19
15
13
14
18
13
4
-3
-2
5
4
3
-6
-5
-1
2
1
-1
-1
1
-1
-5
-6
-9
-6
-1
2
-3
-4
-3
-1
5
4
5
17
18
15
10
-2
-1
-2
-3
-2
-5
-3
-7
-8
-9
-9
0
6
4
2
3
-2
5
8
2
-2
-4
2
2
8
11
3
-6
-20
-18
-10
-7
2
6
1
0
5
8
1
4
3
-6
-8
-9
-6
1
6
13
8
6
3
-2
4
3
8
7
0
-1
1
2
-6
-11
-13
-6
1
5
6
0
-3
-2
-10
-16
-17
-8
3
0
-1
-5
-1
5
10
12
9
10
-2
-9
-17
-20
-10
-12
-3
0
-4
4
6
4
3
3
2
-1
-9
-13
-5
-3
0
3
-5
-5
1
6
6
7
12
8
11
4
-4
-7
-6
-3
-3
0
1
1
-2
-10
5
16
15
15
4
-6
-8
-4
-3
0
4
9
9
7
7
4
-1
-9
-5
-2
-8
-3
-2
-5
-13
-15
-17
-16
-7
0
-9
-8
0
-5
-6
1
7
8
4
5
1
-5
2
4
-2
-5
-1
-1
0
1
-5
-5
-5
-4
-8
-5
5
9
5
-1
-3
2
1
-3
-11
-23
-19
-7
-2
-6
-3
-1
-5
1
10
10
-9
-18
-12
-6
-11
-11
-3
4
0
-10
4
21
26
28
17
10
12
13
6
-4
1
11
14
18
20
25
27
25
18
13
17
21
16
15
15
8
0
-3
6
5
0
7
4
-10
-13
-15
-18
-10
0
7
2
5
6
0
-1
0
-2
-5
-7
-6
-7
-5
-3
-1
-8
-13
-4
-9
-13
-12
-7
-5
-3
4
-2
-3
7
7
-4
-8
-5
-5
-2
6
8
10
7
3
-6
-13
-6
5
16
17
11
4
-1
-2
-6
-4
0
-1
-1
-3
-4
1
4
-5
-14
-6
-2
0
4
-1
-13
-21
-13
-4
0
17
18
9
4
-4
-10
-11
1
5
-6
-6
-2
0
-2
-5
-2
3
9
1
-4
-4
0
4
3
-1
-4
4
5
5
6
4
2
0
6
10
8
8
5
-7
-6
-5
-5
-1
4
9
4
6
10
5
-1
-6
-7
-8
-12
-9
-5
0
6
3
0
7
13
17
9
1
-3
-2
-1
3
12
9
1
1
-7
-11
-9
-4
3
-1
-6
-12
-19
-12
-4
-3
-9
-5
4
-2
-10
-7
-7
-9
1
3
-3
-3
1
4
4
6
13
7
0
-1
-1
-3
5
8
5
0
-6
-6
-11
-7
-1
-2
2
8
9
2
-4
-4
0
-3
-1
0
-5
-8
-3
-6
-7
0
0
-2
-7
-10
-9
-8
-2
0
-3
-2
-9
-11
-12
-4
-1
-3
-2
-5
0
0
1
5
8
13
9
9
5
-1
0
3
12
16
15
17
14
16
14
5
-1
-1
-3
-7
-3
-5
-4
0
-1
1
1
-6
-8
-3
1
-2
-11
-10
-9
-11
-2
6
12
11
6
5
2
4
-1
-5
-6
0
1
2
8
7
8
5
-2
-5
-1
4
5
0
-2
-3
-5
-4
-8
-8
-2
-1
2
7
10
9
8
2
-3
-4
0
-2
-2
1
-3
-3
0
5
3
-1
0
3
3
-2
-5
-6
0
-3
-13
-19
-14
-5
0
5
0
-6
-6
-10
-9
-6
-5
1
7
8
5
-1
-3
-6
-9
-5
-1
11
16
10
3
-4
2
8
11
7
1
-1
-4
-5
-5
-8
-4
1
6
12
9
4
4
11
12
3
-2
-9
-13
-8
-6
-3
-1
0
-2
3
12
9
9
2
-6
-9
-5
2
2
1
-3
1
8
11
16
12
5
6
6
6
9
5
4
6
11
14
7
3
-1
-6
-9
-4
-2
1
1
-2
-4
-2
-2
-1
-1
-6
-4
0
0
2
-6
-6
-2
1
4
1
-2
2
4
-4
-5
-5
-6
-10
-12
-12
-14
-7
0
-1
-3
-3
-5
-5
-4
0
0
-5
-7
-6
-2
4
8
11
13
10
8
5
0
2
6
3
4
3
-1
0
2
-1
-7
-11
-10
-10
-9
-6
-5
-6
-3
3
12
14
13
13
9
0
-5
-7
-4
-10
-10
-7
-6
1
5
7
9
7
2
-5
-5
-3
-3
-5
-12
-17
-19
-16
-10
-1
7
9
8
4
4
3
3
5
4
0
-8
-9
-11
-7
-1
-1
-4
-7
-7
-10
-14
-12
-9
-4
0
-2
-3
0
-1
0
0
2
4
8
10
9
4
3
6
10
15
12
11
13
13
10
3
1
1
0
3
6
9
10
4
3
2
4
8
10
6
3
0
-3
-4
-8
-8
-5
3
7
5
0
-5
-7
-1
4
2
1
0
-8
-10
-3
-7
-8
-7
-9
-4
-2
7
10
4
7
7
6
10
10
3
-3
-4
-6
-8
-6
-4
-1
1
6
6
3
5
4
0
1
-4
-4
-5
-5
-4
-2
1
3
0
-7
-10
-8
-11
-13
-12
-14
-7
-7
-5
-4
-2
4
9
11
6
9
8
3
5
3
8
13
13
13
11
8
6
8
10
9
2
-1
-2
-3
0
-5
-7
1
3
5
7
7
11
7
8
9
4
-4
-4
-2
-3
2
8
8
4
0
-5
-5
-1
0
-8
-12
-8
-1
1
0
0
4
2
-5
-4
-3
1
1
-3
-4
-1
3
4
7
5
10
7
0
-4
-7
-4
-3
-6
-3
-3
-1
3
4
0
-3
-2
-3
-6
-7
-9
-11
-11
-12
-12
-12
-7
-5
-6
-4
-2
-3
-2
3
4
-3
-3
-2
-5
-4
-4
-8
-7
0
6
7
6
6
6
4
0
2
6
4
1
-1
-3
-1
1
1
1
2
4
-1
-5
-8
-8
-6
-7
-7
-3
-1
-5
-7
0
4
8
11
6
1
-2
-5
-4
-4
-4
7
9
1
-2
5
16
7
0
1
5
-3
-11
-7
-9
-1
-5
-14
-3
2
-5
-2
5
3
1
8
11
6
5
1
-4
-6
-5
-6
-2
7
13
14
8
3
4
5
-5
-6
3
6
7
3
5
4
-1
3
3
-5
-3
-1
1
1
-1
-2
-2
-1
-5
-7
-8
-8
-6
-7
-4
2
5
2
2
3
1
2
1
2
4
0
0
-2
-1
-3
-6
-4
-3
1
1
0
2
3
2
0
2
2
2
1
-8
-13
-10
-7
-4
-1
2
-1
-3
0
2
6
9
4
-1
-4
-2
-3
-6
-3
2
5
7
6
8
2
-1
-4
-4
-4
-3
-1
-4
-5
-3
-4
-2
0
3
9
8
7
-1
-9
-7
-6
-6
-5
0
2
2
5
3
0
-5
-8
-7
-3
6
12
10
3
-5
-8
-13
-8
0
3
-1
-5
-6
-10
-12
-9
-5
-3
-2
-5
-10
-16
-19
-18
-14
-3
4
7
4
1
0
-9
-6
-2
-2
-4
-4
-2
-4
-4
-1
3
11
18
25
29
26
25
21
16
14
18
23
17
12
6
-1
-6
-7
-2
1
1
3
-1
-2
4
9
10
9
9
10
8
3
-5
-5
-6
-9
-6
-1
2
9
6
-1
-4
-4
-5
-8
-4
-4
-7
-6
3
9
2
1
-1
-5
-5
-4
-2
3
4
3
2
3
5
10
13
5
2
-1
-6
-10
-8
-1
4
5
11
14
10
12
10
0
-2
-3
-4
-8
-8
-8
-14
-13
-10
-5
-4
-6
-6
-8
-5
0
0
3
2
-2
-2
-1
3
6
6
7
6
2
-3
-8
-10
-7
-3
2
5
8
2
-5
-9
-12
-10
-4
1
1
-1
-5
-11
-14
-13
-11
-17
-18
-12
-11
-8
0
7
6
11
15
10
7
5
6
6
4
1
3
3
5
8
9
8
13
11
4
4
2
1
1
-1
2
4
1
2
6
7
7
5
4
7
11
10
-1
-14
-14
-6
2
10
11
11
4
-2
-3
-6
3
14
11
2
7
7
-8
-14
-12
-10
-7
-2
1
0
2
2
-2
-4
5
12
5
-11
-18
-17
-20
-14
-4
-2
1
6
13
11
0
-5
-1
-2
-3
2
-1
-15
-26
-27
-26
-16
-4
4
6
5
9
3
-3
1
5
2
3
0
3
9
8
1
-1
14
25
18
15
10
5
5
-3
-10
-10
-9
-2
-7
-13
-10
-7
4
7
8
7
5
7
8
3
-7
-2
6
3
-1
-5
-7
-7
1
9
13
18
16
7
-3
-4
-4
0
1
-6
-9
-13
-4
5
-1
-6
1
11
9
4
-2
-1
4
-2
-10
-12
-10
-13
-17
-14
-7
-1
-1
-4
-6
-4
-5
-3
-2
-7
-5
-10
-5
3
-2
1
5
8
10
12
4
-6
-6
-8
-8
-3
0
1
-3
-1
9
14
17
18
8
-2
-6
-12
-11
-4
2
6
8
2
-1
-3
-2
3
6
5
8
11
5
-5
-8
-8
-7
2
7
7
1
-6
-10
-10
-4
-2
0
-1
-5
-1
7
8
5
8
7
0
6
11
9
2
-1
3
7
6
3
-1
-9
-13
-8
1
6
10
8
-5
-15
-12
-4
2
8
8
4
2
-1
-9
-7
2
3
0
3
2
-2
-6
-5
-5
-5
-1
10
15
12
8
-1
-8
-9
-7
-8
-12
-6
2
-2
-6
-5
3
10
12
6
-1
-4
-6
-7
-9
-4
6
7
0
-8
-12
-11
-2
-1
-1
-2
-1
-1
-5
-3
-1
6
7
4
2
-1
-1
5
2
3
11
9
3
3
2
-5
-13
-8
3
0
-3
1
3
-2
5
8
8
11
9
-2
0
8
10
5
3
8
3
-1
-4
-11
-1
7
5
7
8
-1
-16
-21
-18
-10
4
4
-3
-9
-9
-2
12
16
11
10
-5
-7
-6
-7
-3
-8
6
15
6
-1
-5
0
3
4
2
2
6
-2
-11
-13
-14
-5
14
17
1
1
-8
-10
6
2
-7
-11
-6
-5
-6
3
-7
-5
9
5
5
-5
-3
6
9
19
9
7
6
-5
-6
-10
-1
-2
-5
-3
4
11
12
8
-1
3
15
7
-4
-18
-11
-2
-3
8
2
1
17
9
-6
-8
-7
-9
-24
-17
-9
-7
9
0
-9
-8
6
14
12
11
2
-2
-6
-6
-2
-5
1
-3
-7
-5
-3
4
5
6
8
0
0
1
-15
-24
-17
-11
-6
-3
-6
-8
-7
1
6
14
15
6
-6
-18
-11
-9
-19
-17
-3
7
9
13
13
6
9
11
-3
-2
1
-9
-17
-15
-8
4
7
19
24
10
7
11
17
10
9
6
-3
6
7
-2
1
-5
-7
3
-6
-4
2
-13
-24
-4
-11
-27
-11
-17
-23
-8
-3
-1
7
13
13
7
4
12
7
15
19
7
-2
-4
2
9
11
16
23
7
-6
6
-4
-10
-8
-23
-10
-7
-16
-10
2
9
2
-6
-10
-7
-8
7
15
0
-7
-14
-19
-14
1
16
3
1
20
13
1
-5
-13
-3
2
5
11
2
0
7
2
-2
8
17
16
11
10
6
-6
-1
-5
-19
-11
1
2
3
15
14
1
9
12
6
2
5
2
-7
-4
2
-9
-9
-2
-1
5
16
18
0
-7
-8
-8
7
2
2
3
-10
-10
-16
-17
0
-2
-2
3
-3
-6
-2
3
1
4
3
-7
2
11
5
-4
-7
0
7
7
-1
-13
-7
-6
-18
3
3
-3
10
-2
-4
14
20
20
7
0
0
4
8
11
14
9
8
6
-3
8
14
5
1
1
2
-5
-13
1
4
-4
-6
-7
-8
-8
-5
1
2
-3
-6
-6
-9
-11
-13
-14
-16
-14
-12
-17
-9
1
2
-2
3
4
-7
-10
-6
1
8
7
1
-4
0
3
-5
0
6
-3
-1
3
-1
2
7
2
-3
5
5
-7
-9
-4
-9
-3
0
-22
-22
1
11
8
0
-8
-3
1
-7
-4
4
10
21
23
12
22
37
24
8
1
-1
-9
-3
0
-4
5
6
8
2
-3
10
2
-5
6
6
-3
-6
-5
-5
-3
1
-4
-9
-6
-6
-7
-7
-5
-8
-1
0
-10
-7
-6
-6
-8
-7
4
8
7
4
-1
1
3
0
-11
-14
-4
6
11
4
2
6
6
5
-5
-10
-2
-12
-18
-6
0
-2
-8
-4
5
11
15
12
10
11
-2
4
14
-1
-2
-6
-13
-10
-8
-6
-6
-1
0
2
0
2
13
7
2
12
12
4
-6
-13
-7
0
-1
4
17
20
14
2
5
6
3
5
0
2
2
6
5
1
6
8
2
-3
-9
-8
-3
-2
2
4
1
-2
-9
-12
-14
-12
-13
-20
-6
8
9
3
-7
-10
-2
7
5
-3
-4
-4
-6
-7
-2
0
-12
-13
-8
-6
-6
-7
-10
-13
-6
-5
-4
10
10
8
3
-4
0
4
11
11
11
9
4
5
-3
-13
-4
2
1
2
-5
-8
-4
2
7
8
15
6
-3
-4
2
19
25
21
7
2
16
4
4
13
9
8
-2
1
6
9
11
2
0
10
20
13
7
4
-2
0
0
6
3
-3
-6
-20
-19
-16
-9
0
-10
-6
-8
-13
-7
-9
0
-7
0
7
-15
-11
-12
-14
1
1
4
-4
-1
1
-9
0
-5
-8
4
0
-2
-6
-9
-2
-2
7
8
5
9
11
8
-5
0
2
-2
0
7
10
7
16
3
-6
2
5
9
-1
2
9
8
14
2
2
3
4
12
0
6
11
4
8
-4
-4
-7
-19
-15
-15
-9
0
2
3
-6
-6
-8
-3
3
-1
-3
-13
-21
-13
-1
10
11
9
4
-6
-8
-3
4
3
-6
-11
-11
-6
1
5
5
3
3
-1
8
14
7
8
2
-7
-7
-12
-9
-10
-15
-13
-18
-11
-9
-13
-8
-11
-9
0
1
8
16
10
4
7
1
-1
6
6
11
13
9
11
9
8
7
12
5
4
5
-2
3
2
7
9
-2
3
-5
-4
5
-6
-3
-3
-1
3
-9
3
-3
-5
1
-12
-7
-2
-5
-4
-9
-1
7
8
7
4
4
-1
-3
1
-7
-13
-11
-6
-3
9
16
5
-2
-3
4
8
3
2
-6
-6
-6
-9
4
1
9
2
-2
18
9
13
12
1
4
-3
4
3
1
7
-4
1
8
11
14
6
5
5
3
0
3
4
0
-5
-7
-2
-5
-11
-14
-16
-7
3
3
-7
-10
-2
-4
3
4
-2
1
-4
-13
-13
-15
-8
0
-15
-5
-2
12
20
5
2
-21
13
21
1
18
-7
-16
-26
-18
-1
-13
13
-3
-7
15
16
4
-29
-31
-29
-8
17
20
18
-10
-11
4
30
54
14
0
-26
-30
5
10
2
-24
-26
-6
13
42
46
33
10
-13
-24
-19
-8
-9
-27
-35
-38
-37
-3
14
27
15
6
22
19
19
11
-4
-13
-27
-9
-3
-3
-6
-9
-11
0
25
40
38
-3
-23
-43
-35
3
6
5
-13
-7
13
16
17
2
-3
15
5
-3
-2
-11
-15
-36
-30
-10
-3
18
14
-1
1
1
19
8
-15
-24
-33
-10
-13
-8
11
2
20
29
28
19
-1
8
-8
3
30
23
21
7
14
11
12
37
30
19
5
5
7
1
-4
-25
-44
-30
-3
22
31
20
2
-16
-14
6
4
-6
-23
-38
-30
-14
9
12
3
1
-11
-4
17
32
31
-3
-19
-22
-18
8
21
19
9
-11
-20
-16
-3
13
3
-4
-9
-3
22
9
5
-2
-22
-10
-10
3
2
-13
-7
-15
-8
2
-5
1
1
-1
2
0
-8
-9
-3
13
29
35
27
-8
-21
-24
-18
9
9
5
-11
-26
-5
-2
4
10
-2
-8
-8
16
28
19
12
-10
-23
-1
24
38
24
-4
-10
-12
7
16
-8
-14
-16
-7
2
-2
5
-11
-17
-12
-9
11
11
3
-4
-15
-7
-11
-10
-6
-15
-3
3
12
25
5
-4
-6
-6
3
-5
11
6
1
-1
-13
-3
2
3
-9
-18
-16
-5
-7
-19
-13
-14
-7
-4
2
21
11
14
-5
-10
5
5
5
-8
2
6
9
9
12
12
6
6
-7
-12
-13
-5
-7
-10
11
3
7
11
20
25
19
32
17
-5
-13
-17
-12
-7
-9
0
7
7
16
1
17
5
-2
6
-13
5
-12
-4
-4
-10
7
4
10
4
5
-5
-5
9
10
-2
-24
-16
-13
-9
-6
-8
1
6
11
4
7
17
2
-10
-14
-13
-2
-7
-12
-11
-7
20
23
18
10
-7
0
-5
-3
3
1
-14
-27
-18
-10
-1
3
-5
0
20
25
16
7
-7
-20
-29
-17
-4
2
-14
-12
-3
7
24
26
22
4
2
-8
-14
-9
-8
-10
-12
-12
-17
-9
-4
1
6
9
10
15
15
-6
-10
-13
-14
-11
-9
3
-9
-16
-14
-10
8
19
13
9
-4
-11
-6
-9
-5
-4
-7
-3
8
14
18
9
-8
-11
-8
-3
3
1
1
0
8
1
-6
9
6
13
7
3
-1
-5
8
4
11
11
-3
-7
-2
-1
4
7
16
15
-2
0
-13
-10
-3
-2
8
2
11
11
11
8
-4
3
15
18
7
4
1
-7
-4
11
19
20
17
11
4
-1
4
-8
-14
-8
-2
1
-3
-11
-16
-12
1
3
1
9
2
-1
-13
-17
-3
0
7
-3
-1
3
3
12
2
3
-4
-4
6
-5
-4
-2
2
9
1
1
8
11
8
2
-8
-13
-13
-7
-2
3
3
-2
-2
-3
-6
-7
-2
-2
-2
0
-4
1
3
12
18
4
11
8
2
-5
-21
-10
-2
8
3
-11
-11
-5
7
9
8
10
6
9
4
0
-7
-12
-10
-2
6
9
3
2
7
4
3
2
-1
-4
-4
-4
-9
-4
-3
-7
-6
-2
-2
-5
-4
-6
2
6
-2
6
8
4
3
-1
-4
-5
-2
4
5
20
25
14
9
5
-1
-8
-9
-11
-5
2
4
0
-9
-6
0
3
12
19
21
13
3
-3
-7
7
0
-8
-4
-3
2
3
7
8
13
20
17
6
-7
-12
-12
-17
-10
2
1
-4
-9
-11
-6
0
-2
-9
-11
-21
-26
-23
-12
1
-3
3
11
10
18
16
10
1
-2
-8
-18
-19
-20
-8
9
7
7
7
4
5
-3
7
10
6
-9
-36
-34
-30
-14
-7
-9
2
2
2
9
8
11
14
12
9
2
-4
-1
5
5
0
-10
-8
-2
3
14
12
-2
1
5
8
17
9
-2
-7
0
8
1
-7
-18
-10
0
11
15
4
6
12
15
9
-2
-10
-16
-12
-4
-6
0
-4
-13
-4
-4
5
3
7
13
2
2
-10
-21
-10
-8
-6
-7
-9
-9
0
19
19
12
8
11
13
13
13
-7
-12
-4
1
4
-8
-25
-32
-18
0
3
9
17
21
24
14
5
-12
-20
-8
-6
-4
-1
-7
-15
-3
9
5
6
15
17
14
19
7
-3
0
-4
-12
-14
-12
-14
-16
-13
-6
-5
8
13
17
25
32
25
15
2
-15
-16
-12
-17
-30
-28
-25
-18
0
11
21
30
41
41
29
17
-7
-23
-26
-28
-25
-22
-20
-18
-9
5
16
30
37
37
30
22
11
4
-5
-10
-8
-15
-23
-20
-7
-3
13
22
19
21
9
9
13
16
-4
-23
-20
-31
-24
-19
-22
-22
-8
2
0
10
18
22
26
31
19
7
8
-6
-35
-48
-30
-35
-25
14
5
2
22
22
16
45
65
33
11
-10
-37
-39
-34
-40
-40
-41
-42
-2
29
35
41
37
49
60
60
33
-17
-45
-77
-77
-54
-65
-56
-35
-15
12
35
57
68
96
104
70
48
1
-69
-116
-129
-107
-78
-32
-7
2
43
85
107
99
93
91
58
12
-54
-114
-132
-111
-78
-71
-19
35
44
85
105
89
62
43
21
-34
-53
-75
-108
-99
-83
-48
-4
40
71
75
84
63
43
16
-21
-26
-43
-51
-58
-63
-48
-29
10
46
72
79
64
56
32
8
-18
-44
-53
-69
-60
-53
-40
21
42
49
63
62
49
15
-4
-29
-36
-19
-42
-47
-38
-17
4
