0
-2
-1
2
3
5
8
2
-3
1
-4
-5
0
-4
-5
1
13
16
13
16
16
11
5
3
7
9
1
-6
-14
-15
-6
-3
0
1
1
4
5
2
-4
-7
-7
-6
-5
-3
0
3
1
-4
-5
-7
-4
-8
-11
-8
-11
-9
-4
-4
-6
-6
1
7
15
19
10
6
5
-1
-4
-6
-4
-3
-4
-6
-4
3
9
16
12
3
3
7
9
10
11
10
4
1
1
1
2
-4
-13
-13
-10
-13
-13
-12
-7
0
-3
-3
4
1
-4
-6
-5
-1
2
-3
-3
0
0
4
2
2
9
7
8
7
0
-3
-5
-10
-12
-9
-5
0
3
2
-1
-3
-2
-2
-6
-7
-6
-3
1
4
5
0
-8
-13
-13
-10
-4
2
5
9
7
-2
-2
4
11
12
6
4
5
9
9
5
5
5
6
3
3
2
0
0
-2
-2
-1
-1
-5
-6
-5
-3
-2
-4
-4
-2
-4
-3
-3
1
6
1
-5
-7
-8
-10
-9
-5
-2
-3
-2
-2
3
11
11
13
12
2
1
-6
-5
-4
-9
0
2
5
10
10
15
14
9
5
-2
1
3
2
8
5
-1
2
6
4
-5
-6
-4
0
5
0
-3
0
1
-2
-1
-2
0
2
1
-2
2
8
8
5
1
-2
3
3
1
1
1
9
0
-6
-2
-4
5
7
-1
-2
-1
-4
-8
-9
-4
4
2
-7
-10
-6
-4
-3
-2
-5
-5
-4
-4
-2
1
-1
5
9
5
-3
-5
0
-3
-6
-9
-3
9
8
-1
-7
-7
-1
4
-1
-10
-17
-19
-14
-13
-9
-9
-8
5
9
11
3
-1
0
-4
0
6
8
11
0
-6
1
12
18
8
7
8
2
8
8
1
-11
-29
-31
-15
-2
6
2
-6
0
17
18
8
3
9
16
13
6
-5
-8
-1
7
3
-2
-5
-9
-10
-6
-3
-2
-9
-6
6
1
0
-3
-2
-1
-8
-10
-5
-1
-1
-1
2
8
9
4
6
14
15
14
12
15
10
2
8
4
0
-1
-1
9
7
-4
-9
-13
-5
-4
-9
-10
-14
2
13
9
2
-8
-5
-3
4
8
-2
-2
-4
-1
-1
-5
-2
-1
-2
-5
-5
-7
-6
3
4
-5
-7
-2
2
12
15
8
7
9
6
0
-3
3
-2
-2
-1
7
12
17
18
9
8
5
-2
-9
-7
-5
-10
-18
-15
-5
-5
5
7
3
0
1
4
0
0
-7
-7
-11
-7
1
3
4
-1
-2
-1
3
8
9
9
18
20
14
9
3
0
-2
0
2
2
2
-5
-15
-8
1
-3
-11
-7
0
3
3
-7
-12
-8
-1
1
8
10
11
13
6
4
13
8
-3
-10
-16
-18
-11
1
-2
-7
-7
-15
-15
-7
-8
-16
-17
-9
0
-4
-17
-24
-9
5
8
5
-2
-3
0
0
4
3
1
-4
-5
9
16
11
6
-5
-6
-3
-3
0
-1
1
-3
-9
-7
-1
8
5
2
0
-5
1
3
0
1
11
17
8
0
-3
0
6
8
3
-2
0
1
-2
4
14
3
3
9
3
3
3
6
-5
-9
0
0
-5
-10
-3
-9
-10
-7
-14
-2
8
7
4
-1
4
-6
-10
-12
-9
-2
-1
-5
-9
-12
-15
-5
-1
10
16
14
20
2
-3
1
-6
11
22
2
1
10
-6
-19
-3
10
14
24
24
14
16
-2
-23
-35
-22
0
3
10
19
9
4
13
12
5
6
12
4
1
-13
-25
-20
-12
-3
5
20
26
28
19
6
-11
-18
-6
6
8
4
3
1
-1
-3
-8
-9
4
8
-6
-11
-17
-25
-20
-14
-7
6
12
-1
-14
-30
-31
-21
-9
-4
-5
-1
5
4
-2
5
6
16
19
9
10
13
6
-14
-11
-2
6
20
19
8
8
0
-25
-33
-31
-14
9
14
14
7
4
2
-2
0
9
10
1
-17
-19
0
14
14
21
16
8
9
-5
-15
-10
-6
-3
-13
-13
2
8
10
13
18
10
-6
-16
-23
-25
-10
0
-5
-10
-6
-4
4
12
14
18
23
29
18
4
2
-5
-9
-5
5
16
13
-2
-17
-10
7
21
33
35
24
11
-4
-14
-13
-10
-6
-6
2
7
13
6
-8
-11
-7
-1
1
-12
-13
-5
-10
-17
-14
-1
8
19
18
9
12
11
5
-4
0
1
-6
-1
-6
-9
-1
2
-1
-1
-7
-26
-21
-16
-11
-7
-12
-15
-16
-11
1
2
3
17
18
7
-7
-2
5
-1
-9
-17
-13
0
7
5
1
12
17
22
17
1
-5
-9
-14
-22
-23
-17
-11
-7
-8
-14
-11
-6
-25
-19
-3
2
6
-4
-9
-15
-16
-10
-8
7
17
22
18
19
31
22
20
16
8
1
-4
4
4
2
0
0
0
2
7
9
16
24
14
-1
-4
-3
-2
5
9
8
9
2
-4
4
14
14
1
-10
-12
-10
1
10
3
6
2
-7
-10
-8
3
7
4
6
2
2
0
-7
-22
-27
-17
-10
-6
-3
3
2
6
-1
-8
-1
-2
-10
-14
-5
-3
-7
-10
-7
10
20
19
14
8
8
-6
-16
-10
-7
-5
-3
5
10
8
4
7
9
5
5
3
7
-5
-16
-12
-10
1
4
-2
0
-8
-23
-25
-11
-7
-13
-8
1
10
18
10
1
-3
-4
-9
-6
2
7
9
9
11
15
20
15
10
7
10
11
2
5
1
3
4
-1
-3
0
4
4
2
2
8
14
-2
-8
3
-3
-4
-6
-10
-7
-4
7
0
-1
10
16
16
15
11
16
17
5
-7
-12
-11
-13
-13
-5
-6
-8
-4
-7
-2
-4
-15
-24
-23
-11
2
10
13
10
4
-5
-18
-18
-16
-4
13
15
15
9
1
-1
4
3
4
14
15
15
9
-4
-8
-6
2
21
14
1
-10
-25
-33
-42
-25
-3
2
0
-11
-19
-15
-1
3
5
8
6
16
11
7
13
9
12
17
12
-2
-15
-10
-8
-6
-2
-4
4
3
10
12
9
14
13
9
-5
-4
5
4
7
0
-5
-10
-11
1
-9
-12
-1
-3
7
13
10
2
-6
-6
-1
4
3
0
-2
-10
-8
-4
1
4
9
11
4
11
22
21
8
-7
-10
-5
6
17
17
21
10
-2
-14
-26
-27
-19
-18
-20
-10
-12
-15
1
6
6
15
6
5
-3
-8
3
7
-5
-17
-14
-1
4
10
16
6
1
1
-6
-6
5
22
19
13
4
-6
-4
-7
-9
-6
-5
-5
-17
-28
-25
-7
9
4
0
1
-8
-10
-8
-7
-8
-5
-4
-10
-8
-4
1
8
17
13
1
7
14
26
32
20
5
-6
-8
-10
-6
6
4
5
0
-10
-7
-7
-3
-1
-5
-8
-12
-10
-8
0
8
7
8
2
2
5
3
3
-2
-3
8
8
3
-4
0
4
-7
-12
-12
-5
-1
1
-6
-13
0
0
-3
-5
-8
-3
-1
-3
-4
-10
-8
0
8
17
17
7
8
17
17
14
2
-6
3
10
11
11
10
9
3
0
-3
-15
-16
-13
-14
-14
-14
-11
0
4
1
0
-3
-7
-3
-1
-4
-7
-3
-8
-12
-9
-5
4
22
24
18
19
8
4
12
11
0
-4
-9
-9
-5
-14
-19
-10
7
11
10
1
-7
-1
3
2
-5
2
2
-7
-4
-2
3
8
6
4
1
-2
-6
-1
7
6
4
4
-3
-7
-4
-4
-7
-7
-5
-8
-4
0
6
8
4
2
-1
1
0
3
5
7
16
16
9
6
5
1
-7
-5
-14
-23
-24
-28
-21
-9
-3
-2
0
1
-1
-3
-8
-6
-4
-7
-9
-3
3
-1
6
7
4
7
10
17
13
8
3
7
12
3
-4
-9
-3
-1
0
7
0
1
0
-5
0
-7
-12
-6
-5
0
6
9
6
5
7
9
17
12
6
11
4
2
2
-4
4
8
4
-1
-4
-5
-2
3
8
15
14
15
5
-2
3
0
2
-1
-9
-3
3
1
8
8
-1
-2
0
-2
-1
1
-6
-15
-16
-21
-16
-4
-3
1
-4
-5
-7
-6
0
-4
-2
-6
-11
-13
-18
-13
-9
-5
6
10
11
9
9
5
6
8
6
8
6
-1
-5
1
9
-2
-1
4
8
14
1
0
9
16
14
7
6
-1
6
11
1
-1
-3
-4
0
0
-1
-5
-1
3
0
1
-2
-1
0
-4
-1
3
2
3
6
1
2
-1
-10
-13
-8
-3
-8
-5
-3
-2
7
7
-3
-5
-3
-5
-4
-5
-6
-5
-4
-3
-10
-4
4
1
-3
-3
1
3
-2
-9
-10
-13
-7
3
3
2
6
12
8
4
5
3
6
4
3
-6
-10
-6
-10
-2
12
23
22
15
14
7
2
6
6
-1
-5
-9
-9
-8
-3
4
2
1
15
17
10
-3
-8
-9
-15
-13
-12
-14
-10
-5
-2
5
10
8
3
-4
-4
-3
-1
1
-5
-7
-1
3
7
11
7
4
5
-3
0
4
4
4
-1
-4
-5
-2
-3
-7
-9
-12
-5
-6
-3
-9
-24
-20
-13
-11
-10
-7
-1
1
1
-3
2
9
13
11
1
4
1
-7
-1
-1
0
-2
-3
4
0
4
4
-5
4
6
6
8
3
2
-12
-18
-13
-6
3
10
14
11
11
20
21
15
21
21
11
4
1
-7
-10
-7
-1
3
7
13
10
10
17
17
14
10
5
-8
-19
-23
-21
-13
-6
-2
-2
-1
2
0
2
5
-3
-3
-6
-4
1
-1
-1
0
-6
-16
-14
-6
-5
2
-1
-6
-4
-1
-1
-3
10
6
-1
6
-2
-6
-9
-10
-4
-8
-13
-13
-13
-7
-4
-6
1
6
17
19
8
3
-1
3
0
-2
0
7
3
1
5
5
11
8
-4
-7
-16
-21
-17
-14
-5
1
-1
7
14
13
16
11
-4
-14
-13
-10
-6
-11
-7
-4
-4
-1
-2
4
6
13
21
23
23
20
11
1
3
-1
-6
-6
-3
-1
-6
-6
-1
3
9
10
10
7
5
3
2
-6
-8
-4
-4
-6
-6
-3
-3
-4
-16
-15
-1
10
12
6
3
1
-8
-9
-1
1
6
6
1
-4
-4
4
5
7
10
7
2
-5
-9
-15
-18
-14
-8
-6
-2
7
-2
-13
-15
-14
-9
1
3
1
2
9
11
5
2
6
6
3
4
7
10
7
0
-5
-4
5
11
12
2
1
1
-2
3
7
7
10
16
13
8
1
-8
-15
-15
-9
-11
-6
0
0
-2
-2
-2
-2
2
7
3
2
6
7
-2
-4
2
3
7
9
1
-4
-7
-11
-4
-5
2
4
-7
-17
-18
-14
-11
-2
6
11
9
3
-1
-5
-3
2
2
3
-3
-11
-13
-16
-11
-1
4
9
8
1
2
2
2
3
-2
0
-3
-4
9
12
8
7
4
1
7
8
2
-4
-2
1
-3
-9
-4
-2
-5
2
5
13
9
9
10
1
-2
-2
-1
-1
2
-5
-9
-6
-4
1
4
7
6
-2
-8
-2
6
8
7
3
-8
-9
-6
-10
-8
-4
-13
-14
-10
-3
0
1
4
4
0
-3
-3
-1
2
2
-3
-6
2
5
4
11
11
7
10
10
2
-3
-1
-1
3
7
2
-2
-8
-7
-3
-4
3
4
1
-1
0
6
8
0
-3
1
1
3
5
3
6
6
4
2
5
5
7
8
2
2
-1
-3
1
6
7
6
1
-6
-5
3
8
9
5
-2
0
1
0
-2
-1
0
-4
-5
-2
-5
-1
3
1
-1
-1
-7
-6
-3
-1
4
8
9
4
2
1
2
-2
-2
1
-6
-7
-7
-9
-6
-2
2
1
6
8
9
7
5
2
-3
-7
-8
-5
-3
-4
-4
-13
-15
-5
4
8
11
12
7
2
1
-5
-13
-11
-1
-1
-1
-2
-13
-17
-10
-1
3
4
6
-1
-8
-6
-3
0
-2
-4
-2
-5
-6
-3
-1
0
-2
-11
-11
-4
1
4
1
7
10
13
16
17
15
6
-3
-6
-1
-1
0
-3
-9
-11
-13
-15
-14
-10
-1
-3
-10
-11
-10
-10
-8
-1
0
3
6
0
-6
-7
1
3
1
9
11
8
5
0
2
7
12
11
10
11
7
10
7
2
1
-1
-3
-9
-8
-10
-8
-2
4
7
6
11
10
2
-1
2
-3
-6
-6
-10
-10
-2
8
6
9
6
2
0
4
3
4
7
-1
3
6
9
12
10
9
-2
-8
-9
-7
5
9
7
3
-1
2
-1
-4
-2
-2
-3
-3
-3
-4
-5
-6
-9
-5
-1
4
11
0
-7
-3
-9
-16
-15
-13
-11
-5
2
-1
-4
-2
1
3
7
4
-2
-3
-5
-2
0
1
6
1
-1
-2
1
2
0
2
2
1
3
3
5
7
1
-2
0
4
-4
-9
-5
-1
1
0
1
6
6
-2
-4
0
2
3
-2
-4
0
11
8
1
-9
-18
-14
-10
-3
5
10
11
6
9
19
24
21
19
14
8
-3
-2
-1
-5
-3
-1
0
-1
-2
-1
0
-3
0
-1
4
9
5
-3
-10
-13
-10
-7
-4
3
3
2
4
1
0
5
13
10
1
-6
-8
-4
-3
-5
-2
3
3
-6
-16
-14
-7
-2
-2
-3
2
2
1
6
10
9
7
-3
-11
-7
1
4
1
-6
-9
-11
-7
-9
-12
-11
-8
-6
-8
2
-1
-7
-4
-1
-8
-11
-4
-3
4
4
-3
2
9
9
7
8
14
10
4
4
2
5
6
7
7
2
6
14
12
4
-2
-2
-7
-9
-10
-9
-3
5
11
6
3
9
8
-5
-15
-10
-1
0
0
6
3
1
1
2
5
2
1
1
-1
-3
3
0
-3
-1
-1
2
8
8
5
2
0
-4
-8
-4
-4
-11
-12
-10
-2
0
-4
-1
3
3
1
4
11
9
6
5
1
-3
1
-2
-2
6
8
6
2
-2
-2
-5
-3
2
2
9
5
3
7
-1
-5
-4
3
3
5
10
4
3
0
-6
-7
3
8
6
14
16
7
3
4
-1
-7
-10
-12
-14
-13
-13
-11
-9
-7
-5
-6
-8
-8
-3
-1
-6
-9
-6
2
3
7
9
6
1
3
2
1
12
10
8
8
3
5
5
6
4
2
1
-5
-5
-4
-4
0
0
-9
-15
-11
-11
-7
-3
-2
6
10
6
0
1
2
6
4
3
3
3
1
-2
-4
-6
-12
-9
1
7
13
12
4
-1
-2
-6
-6
-5
-3
-2
-4
-4
-4
-5
-2
2
3
6
7
-1
-4
-2
3
5
1
2
-2
-3
-8
-9
-7
-5
-5
-7
-1
-1
0
1
0
0
-1
-5
0
3
0
-7
-9
-3
-3
5
6
5
11
3
-1
-7
-10
-8
-5
2
3
0
1
3
11
10
9
6
4
4
3
11
10
8
6
-3
-7
-4
0
-2
0
4
3
2
-1
3
-3
-8
-9
-13
-11
-6
0
-1
-1
-2
-8
-9
-8
-7
-4
3
5
6
7
8
5
5
3
-3
-5
-6
-9
-7
-2
3
4
5
0
4
7
5
9
8
6
2
0
-1
-1
0
0
-1
0
8
13
11
7
1
0
2
2
5
8
8
8
5
3
8
9
-1
-7
-7
-7
-4
0
9
4
3
1
-3
-2
-3
0
1
4
6
5
0
-6
-11
-12
-10
-9
-3
-2
-5
-4
-2
-7
-6
0
-1
-3
-1
0
-2
8
13
9
3
-5
-5
-6
-4
-3
0
-2
-6
-9
-5
3
13
13
9
2
-5
-5
-4
-3
-2
0
1
-4
-3
-2
1
5
3
1
-3
1
1
-4
-6
-7
-9
-11
-4
0
0
2
1
-7
-6
0
1
2
-2
-3
1
0
-2
-1
0
-2
-3
1
0
0
2
1
2
4
-2
-11
-16
-16
-15
-7
2
4
3
3
6
8
9
13
12
11
11
10
7
4
2
-3
-5
-2
9
20
22
15
8
7
3
-1
-5
-5
-1
2
1
-3
-1
-6
-6
-8
-9
0
3
5
7
2
1
-5
-12
-12
-8
-6
-4
-7
-11
-9
-5
-1
0
-2
-4
-4
0
5
3
2
4
2
-1
-3
-4
-5
-8
-6
-4
-5
1
6
3
-4
-5
-4
-7
-6
-2
-2
-3
-8
-6
2
6
15
20
13
7
7
7
1
0
-1
1
1
3
7
7
10
10
7
1
3
5
1
-2
-1
-2
-5
-7
-5
-1
1
2
-1
-3
-3
-4
-1
-1
-3
-4
-7
-8
-3
-2
-2
-5
-2
-1
-2
2
4
7
7
6
2
0
1
0
-1
-5
-4
-1
-1
4
5
5
3
2
4
3
-2
-4
-7
-4
2
5
6
3
-1
-1
0
3
7
4
-1
-4
-1
-2
-4
-5
-2
0
7
6
4
10
6
0
-5
-6
-6
-5
-1
2
3
2
2
2
2
3
8
8
5
-3
-6
-6
-8
-12
-10
-7
0
1
-5
-6
-2
7
11
5
-1
-4
-7
-9
-10
-5
2
5
7
5
0
7
10
9
7
9
7
-2
0
-3
-8
-9
-7
-6
-7
-6
0
2
0
-7
-10
-11
-7
1
3
2
6
8
4
2
6
8
11
10
3
-5
-9
-6
-7
-5
2
6
9
7
5
1
-5
-9
-14
-15
-12
-3
-1
-4
-4
-1
-4
-4
0
-4
-10
-10
-5
2
3
6
0
-2
6
11
12
6
8
6
1
0
1
-3
-9
-8
-10
-7
-1
6
8
0
-2
1
3
4
5
-2
-12
-15
-11
-9
-3
1
3
3
0
1
-1
-6
-11
-2
8
8
8
12
8
2
3
3
1
4
13
9
5
8
7
5
11
12
9
5
8
11
3
4
8
3
2
5
5
-3
-4
-5
-7
-11
-9
-3
-6
-8
-5
1
-2
-3
2
2
0
2
-2
-10
-7
-3
-7
-6
1
10
8
0
0
4
0
-4
-5
-1
0
-3
0
-3
-4
4
-4
-9
-6
2
5
4
6
-3
-4
-4
-2
1
1
6
7
8
0
-4
-1
-5
-3
3
-1
-2
-3
-8
-8
-5
-1
-3
-1
-1
-2
-5
-2
-1
2
7
7
1
0
2
-1
-5
-5
1
0
3
5
6
11
4
-3
-1
0
1
1
-1
-8
-8
-6
-10
-12
-7
-7
-13
-5
3
9
5
8
4
-1
2
4
4
6
7
3
-2
1
3
7
9
11
15
14
7
3
0
-6
-4
6
14
11
9
5
-3
-6
-7
-12
-10
-4
-1
0
-2
-3
-6
-10
-12
-11
-5
-1
2
1
4
7
3
4
-1
-2
5
5
0
-3
-2
-1
3
8
7
4
3
1
3
4
2
0
-6
-11
-14
-9
-5
-4
-9
-10
-10
-12
-9
-9
2
14
10
5
4
0
-6
-1
-2
-1
3
3
-5
-5
-3
-3
-1
2
6
7
3
2
0
-3
-6
-5
1
1
1
3
-2
-9
-9
-11
-9
-5
-1
-2
-5
-8
-5
-4
-1
6
14
12
12
13
6
1
-2
1
4
0
-2
-6
-10
-9
0
-1
-7
-2
-1
-6
-1
1
4
7
8
10
3
1
0
-1
4
5
6
2
-3
-6
-11
-10
-3
6
10
8
7
3
-6
-11
-5
-2
-1
2
-1
-3
-2
4
1
-4
4
5
3
8
8
4
1
0
-2
2
5
4
3
-4
-8
-5
-4
-9
-7
-2
-5
-10
-8
-5
-2
4
8
7
6
3
-1
-1
-1
3
1
-5
-5
-4
-1
1
1
2
3
4
0
-1
2
6
6
7
8
5
9
11
11
10
9
4
-1
-1
1
-1
2
2
5
9
8
7
4
2
-4
-5
-3
-4
-5
-4
-6
-6
-4
-10
-8
-7
-6
-4
2
3
-5
-8
-7
-8
-12
-15
-18
-22
-19
-14
-11
-12
-10
-8
-2
7
14
17
16
17
15
12
3
-3
-3
-1
7
13
13
15
16
14
12
13
12
9
5
5
0
-3
2
7
10
13
14
15
11
7
7
4
0
-1
1
2
0
1
5
0
-5
-6
-10
-3
1
-3
-4
-7
-5
-8
-13
-12
-6
-4
-8
-9
-9
-10
-10
-7
-2
5
10
10
6
4
6
7
3
3
2
-5
-5
-4
-6
-3
-4
-7
-12
-10
-5
2
3
-2
-7
-13
-6
-4
-2
2
1
-1
-3
-2
-1
-2
-3
1
5
7
10
8
5
3
0
-5
-6
-4
-2
3
-1
-6
-1
3
6
4
2
-2
-6
-2
2
10
8
2
3
-1
-3
-1
1
4
4
0
-2
-5
-8
-8
-2
0
-2
-4
-5
-6
-5
-3
-5
-4
-3
3
5
8
7
9
4
2
7
4
3
0
1
-4
0
9
8
13
16
12
8
11
11
9
11
9
7
2
-1
-5
-10
-9
-9
-9
-6
-6
-6
-10
-13
-13
-12
-5
-7
-3
-6
-11
-16
-20
-20
-13
0
8
10
10
7
3
2
2
0
2
2
-1
-7
-12
-10
-4
-3
-7
-4
-2
-3
-4
-2
-1
5
7
5
2
7
6
-1
0
0
3
3
-1
3
6
2
2
6
9
6
4
5
8
10
8
-2
-4
13
20
10
-2
0
9
10
8
4
1
-1
-5
-3
-6
-6
-18
-23
-9
2
9
-2
-7
-3
8
15
9
8
-1
-11
-14
-11
-9
-11
-1
3
-9
-12
-11
0
5
4
3
2
9
8
-2
-9
1
5
0
0
6
3
-5
-9
-12
-15
-9
4
5
2
-2
4
8
5
8
10
10
12
8
3
1
-3
-7
-9
-6
-3
-3
0
2
1
-1
1
7
9
3
-3
-4
-8
-9
-8
-13
-10
-6
-14
-13
-5
-2
1
2
5
4
2
1
2
4
4
2
0
3
5
11
13
6
-1
-3
0
4
6
-1
-3
-4
-3
-7
-12
-11
-4
-4
-7
-3
-3
-11
-15
-11
4
17
18
12
12
17
11
10
9
10
5
-1
-7
-2
6
7
2
-6
-7
-3
-3
0
0
-7
-8
-2
1
-1
-2
-2
-5
-6
-3
3
0
-5
-4
-1
2
5
5
5
1
-6
-8
-1
2
0
-1
-14
-14
-11
-8
-2
1
6
-4
-1
4
2
4
8
5
1
-2
0
5
4
5
6
6
7
1
-6
-7
-6
-7
-4
0
1
1
1
7
12
10
10
4
5
4
-5
-5
-6
-1
6
12
17
13
12
11
8
1
0
3
1
-4
-16
-18
-11
-11
-6
-4
-2
3
6
7
10
13
12
11
5
1
-4
-11
-14
-10
-10
-13
-19
-11
6
7
12
15
10
6
2
-2
-9
-6
-9
-14
-13
-12
-9
-5
-3
3
-2
0
6
7
10
12
3
-4
-3
1
4
-1
-8
-5
6
9
10
9
6
7
4
0
-1
-5
-3
-4
-1
4
2
0
4
5
3
2
3
8
14
8
-4
-16
-14
-5
2
1
-5
-1
0
-2
2
3
-8
-8
-1
-2
-7
-10
-7
-14
-11
-6
-2
6
5
8
6
4
2
-1
-6
-8
-1
2
-1
-5
-5
-3
-1
-3
-9
-9
-4
-7
-7
-6
-7
0
13
20
19
19
9
0
-1
0
2
1
-4
-6
-13
-11
-4
3
10
14
17
13
8
7
7
8
5
-6
-15
-14
-5
-4
-10
-12
-4
1
6
13
9
6
3
-8
-11
-8
-7
-1
6
9
15
20
17
16
12
6
4
7
3
-2
-3
-9
-14
-15
-10
-8
-5
-3
-3
-4
-5
2
-1
-7
-5
-1
-2
-4
-10
-16
-10
-5
0
1
4
1
-1
7
10
9
9
15
18
8
4
3
1
-1
5
13
11
10
10
7
3
-1
-7
-7
-6
1
2
-4
-2
-4
-6
-1
2
0
-5
-6
-7
-7
-7
-13
-15
-5
4
0
1
6
9
12
13
8
4
1
-2
-4
-9
-10
-9
-3
2
0
-3
-9
-9
-3
2
6
6
-2
-9
-13
-4
6
13
12
4
2
1
-2
-3
3
2
7
3
-8
-14
-11
2
2
2
0
-6
0
1
4
6
-2
-9
-11
-11
-7
-4
-6
-4
-3
-4
0
-4
-3
0
1
3
5
5
3
2
-2
0
6
9
3
-5
-6
-2
3
5
4
-4
-4
-5
-5
-4
-4
-3
-2
-7
-11
-5
-3
1
-2
-6
0
4
0
-10
-2
5
-1
-5
-9
-5
3
6
1
-4
-4
-11
-12
-11
-7
2
6
1
0
7
7
10
10
6
8
7
9
7
4
5
4
0
-1
0
-1
-2
0
-2
1
11
13
5
2
-2
-3
-1
4
0
-11
-11
-8
-2
8
14
17
23
23
14
3
-1
-4
-6
-5
-3
3
4
0
-2
2
5
7
4
3
3
9
12
4
-4
-7
-7
-4
-5
-8
-3
1
8
7
-1
-5
-1
7
10
11
6
4
8
7
2
0
5
2
0
-3
0
5
9
9
-3
-8
-5
-4
-4
-2
-3
-7
-7
-10
-10
-10
-13
-9
-5
-2
-2
-9
-10
-13
-6
-5
-8
-4
-1
3
5
9
6
6
9
8
11
9
3
7
7
3
-3
-2
-2
-7
-9
-13
-10
-4
-3
0
3
2
7
9
10
5
2
6
5
7
3
-6
-10
-13
-8
-1
4
4
8
16
17
13
6
-3
-4
-8
-10
-14
-20
-16
-16
-14
-11
-1
7
3
0
-4
-7
-5
1
8
7
-2
-5
-3
5
8
11
14
20
20
5
-3
-6
-4
-6
-7
-3
-5
-5
1
1
2
8
7
9
4
0
-1
-8
-8
-7
-5
-2
1
5
2
-2
-2
-5
-3
2
2
6
2
-1
-1
-2
-1
-1
2
1
2
4
0
0
-3
-2
5
10
7
6
4
4
7
7
7
5
3
-3
-2
-1
1
4
4
0
-3
0
6
7
4
0
2
7
6
0
-4
-3
-2
-7
-8
-8
-4
-3
-8
-13
-12
-12
-7
1
2
4
3
2
-1
-6
-11
-9
0
2
1
6
3
-3
-11
-12
-2
3
14
10
5
5
1
-1
0
5
3
3
0
-4
-2
2
7
0
-3
0
-7
-9
-13
-14
-11
-10
-2
-3
-7
-9
-3
5
8
9
-1
-7
-7
-9
-11
-8
-3
-1
-3
-2
-4
1
3
0
2
-3
-6
-1
-2
-3
-4
-12
-10
-4
-3
2
1
3
3
-5
1
7
2
-1
-1
0
2
7
2
-1
11
7
3
3
4
6
11
8
2
5
5
2
3
-2
6
5
3
5
-2
6
5
2
-1
-10
4
8
5
8
-1
-5
-7
-2
-2
-7
-1
3
0
-5
-2
0
-2
-5
-4
-3
0
3
7
-1
5
9
4
7
7
8
2
0
-3
-10
-8
-6
-9
-1
-3
-7
-6
-2
0
-9
-2
4
3
4
9
13
10
5
-2
-1
1
-4
1
4
8
3
2
5
4
4
6
11
7
-1
2
3
4
9
5
7
0
-6
-9
-16
-7
1
1
3
0
-2
-3
-6
-4
-2
-1
1
-2
-6
-5
-7
-3
-2
-2
3
0
3
3
1
-2
-10
-7
-10
-12
-4
-1
-4
-5
-7
-15
-14
0
7
6
8
9
3
-1
-6
-7
-6
-7
-6
-10
-8
-9
-8
0
3
9
11
10
11
7
12
16
8
5
-5
-3
-2
1
5
6
2
-1
2
3
2
7
3
-9
-13
-19
-19
-9
-7
-9
-7
0
7
14
20
19
10
-1
-7
-11
-13
-12
-8
-2
-2
4
5
7
12
11
13
9
5
2
-9
-8
-3
-3
-2
-2
2
-1
-1
2
-3
-3
1
6
0
4
6
-2
-8
-4
-4
-1
-1
3
9
3
5
4
0
6
6
6
10
7
-4
-13
-5
-3
4
5
-8
-3
1
2
2
1
3
2
7
7
6
4
-2
-9
-8
2
3
0
2
1
-1
-2
4
7
8
12
8
5
1
-6
-5
-2
-4
-3
-3
-3
-2
1
-1
1
2
2
0
-7
-2
-3
-6
-5
-6
2
-1
0
2
-7
-7
-3
-1
-5
-7
-1
0
-6
-7
-5
-2
4
6
-3
-9
-9
-10
-4
0
1
1
-7
-6
-2
-3
0
0
-2
-1
-1
0
-2
5
9
11
13
6
1
3
5
4
2
0
3
3
7
-1
-3
3
3
3
-2
-6
-12
-8
7
6
5
2
-1
3
1
4
5
4
10
5
0
-2
4
9
0
-4
-4
-5
-2
-8
-12
-8
0
6
5
4
4
5
3
0
2
-2
1
2
-2
-1
-3
-2
-1
-2
-1
0
-1
0
0
1
3
-4
-6
-9
-5
4
-3
-4
-5
-4
0
-4
-3
-4
-5
0
0
-1
-4
0
1
5
9
9
8
7
6
7
7
4
0
0
-4
-7
0
3
1
-6
-5
2
6
10
3
1
3
-5
-7
-3
-4
-3
-4
-3
-6
-2
4
0
3
-2
-2
1
1
8
8
8
8
-1
3
6
6
1
-5
-9
-10
-7
-9
-4
3
5
3
4
2
3
10
6
0
-5
-12
-8
-7
-1
0
0
2
3
4
0
0
-4
-11
-9
-6
-3
1
2
-3
-2
3
2
-2
0
4
0
4
9
6
4
1
0
-5
-7
-1
1
5
5
1
0
-2
-1
-3
-3
6
9
7
3
3
0
-1
-3
-7
0
4
3
-2
-1
4
2
7
8
7
7
1
1
2
2
6
2
-1
1
9
7
6
7
6
7
0
-2
-5
-7
-2
-5
-6
-9
-10
-7
-7
-1
-1
-1
-2
-4
-5
1
1
-2
-5
-6
-6
-12
-12
-7
-4
-7
-8
-7
-7
0
5
5
14
12
10
8
2
4
8
5
-2
2
10
4
-2
-1
-7
-9
-1
5
8
9
12
10
4
-5
-9
-4
1
1
3
1
4
1
-3
0
1
4
-4
-7
-10
-12
-10
-7
-3
-3
1
2
-3
-5
-8
-4
2
3
1
-4
-10
-9
-11
-4
7
6
9
4
3
2
-1
-3
1
1
0
-1
-2
-2
-8
-14
-10
-8
-5
1
2
4
0
2
2
3
9
9
5
2
3
-3
-10
-12
-13
-4
7
10
9
4
3
9
7
10
11
3
-1
-4
-6
-9
-7
-3
-2
-1
-1
4
4
3
4
4
0
-1
5
1
-4
-6
-11
-13
-7
3
6
5
7
0
-4
-6
-4
3
3
7
8
7
9
2
0
-5
-2
-2
-2
2
2
3
4
10
13
10
12
11
9
6
7
9
8
10
11
6
2
-3
-7
-2
1
0
4
4
3
0
-5
-6
-5
0
-3
-6
-4
-8
-3
1
-1
5
5
8
8
4
1
-5
-9
-9
-10
-11
-11
-10
-9
-8
-6
-3
-8
-13
-14
-13
-10
-11
-8
-4
-8
-5
-4
-6
-4
-1
0
-6
1
1
-1
4
2
0
1
3
7
10
13
15
15
9
0
4
4
4
3
3
0
-2
-5
-10
-7
1
1
0
1
1
2
2
0
2
1
0
2
2
0
-3
-3
-1
0
7
9
12
12
9
5
8
8
5
0
-3
-2
-6
-1
-2
-5
-7
-11
-11
-4
6
6
6
4
-3
-1
2
5
6
5
6
3
3
3
3
8
7
8
3
-3
-4
-4
0
0
2
0
0
3
-4
-7
-12
-13
-10
-7
-5
-7
-5
-4
-6
-7
-3
5
7
0
-5
-8
-10
-11
-8
-1
2
1
2
12
13
16
15
6
4
4
-5
-15
-15
-7
-7
-6
-1
1
-1
3
3
0
6
13
11
3
4
8
6
5
7
2
0
2
3
-1
-1
2
-5
-7
-3
2
0
2
5
3
2
9
13
7
1
-6
-10
-13
-14
-14
-14
-9
-6
-1
-6
-7
-1
-4
-7
-6
-5
-8
-8
-11
-9
-5
-1
0
-6
-2
2
3
-2
-7
-4
-4
-2
1
0
0
4
0
-5
-8
-5
-2
-1
6
13
11
8
8
5
3
5
4
4
0
1
-5
-11
-3
1
1
5
8
6
3
6
2
0
3
5
2
-7
-1
2
0
6
11
7
-1
-2
0
-5
-4
1
2
3
5
8
4
-1
-1
4
2
3
5
-2
-4
-6
-3
1
6
8
6
6
8
4
2
-5
-7
-6
-5
-4
-4
-2
-2
-1
-2
-1
3
3
0
2
-2
-7
-8
-9
-8
-8
-1
7
6
6
3
-1
-1
1
-1
-7
-11
-12
-8
-9
-10
-8
-4
-3
-8
-3
-1
-2
3
1
0
3
4
4
9
11
9
10
8
3
-4
-6
-7
0
6
11
14
11
5
0
-5
-5
-3
-1
-1
-6
-10
-5
-7
-5
4
7
10
8
6
3
-1
2
-1
-3
6
12
19
14
7
7
1
4
7
7
4
4
4
5
8
13
14
12
15
9
3
-1
-8
-10
-10
-6
2
3
6
12
15
8
9
8
-1
-14
-19
-18
-20
-15
-3
-2
-5
2
7
4
2
2
-1
-2
-4
-9
-14
-16
-13
-11
-2
6
14
13
9
9
10
11
9
0
-9
-8
-5
-9
-9
-7
-6
-8
-11
-9
-9
-1
2
-1
1
3
2
-7
-12
-13
-15
-18
-14
-4
1
6
12
16
16
15
10
4
1
0
-5
-9
-7
-7
-11
-5
2
4
2
1
0
-4
-2
-5
-9
-8
-5
-6
-8
-7
-4
-1
2
4
3
6
9
7
3
-5
-6
-4
-9
-8
-7
-2
-2
-2
3
8
10
7
3
-1
-4
-4
-6
-12
-16
-12
-8
-3
3
6
6
6
5
6
3
-3
3
8
10
14
18
16
17
14
4
0
4
8
9
8
5
0
-1
-2
-1
-2
-2
0
4
4
2
2
-3
-7
-4
-7
-12
-13
-9
-6
-5
-2
2
2
-5
-11
-7
-3
-1
-2
-3
-7
-11
-7
-2
2
4
5
7
7
9
10
6
2
0
3
3
-1
-1
-6
-7
-6
-5
-2
6
9
4
2
-1
-4
-3
-6
-6
-5
-7
-8
-3
-6
-4
5
7
7
6
7
6
6
2
-3
-3
2
1
-1
-4
-7
-2
-3
-4
-1
-2
-3
-1
1
9
13
12
11
7
5
8
8
2
0
3
1
5
7
4
5
0
0
-2
-2
-3
-9
-9
-10
-12
-13
-13
-9
-2
0
0
2
5
5
5
4
4
6
2
-3
-6
-8
-4
-2
-1
1
2
-2
-1
0
2
8
6
3
0
-5
-4
-4
-4
-3
-2
-4
-7
-3
-3
1
5
5
4
1
3
-8
-14
-13
-13
-3
-2
-6
-1
3
5
4
10
12
8
6
-7
-8
-5
-6
-1
0
5
15
15
14
20
18
7
7
3
0
-6
-13
-14
-13
-7
-5
-7
-4
0
1
0
2
-5
-9
-15
-15
-15
-17
-15
-10
0
4
11
17
23
27
26
18
15
13
13
9
1
-1
-2
2
9
8
9
13
18
19
13
8
0
-6
-6
-13
-17
-14
-8
-3
-1
4
7
7
9
10
8
1
-7
-4
-6
-10
-11
-10
-4
3
9
9
4
1
5
4
1
2
-2
1
-3
-8
-8
-5
5
7
1
-2
-4
-5
-2
-3
-8
-5
-6
-2
2
2
4
1
5
7
7
5
0
-3
-10
-12
-14
-12
-4
-1
3
5
6
6
5
1
-5
-9
-6
-3
-1
-1
-3
-8
-6
-3
-1
-2
-3
1
-3
-4
-6
-4
3
3
-2
-3
-6
-5
-3
-5
1
4
1
0
1
3
1
5
3
-4
-6
-10
-12
-15
-14
-12
-6
0
1
-1
-1
-2
-1
-1
-4
-10
-14
-15
-12
-5
0
4
5
9
16
20
16
12
10
10
10
11
10
6
4
0
5
7
6
10
10
6
8
7
3
4
0
-4
-4
0
-3
-4
-5
-3
0
3
2
0
7
7
2
-2
-5
-3
-3
0
1
2
1
0
2
1
4
4
6
5
0
-2
-5
-2
-2
-2
-1
0
2
1
1
0
0
-3
-4
-6
-8
-13
-15
-12
-9
0
4
6
10
9
5
-4
-5
0
2
6
2
0
1
1
1
0
2
3
0
-4
-11
-17
-17
-12
-6
-2
2
8
11
6
2
1
4
5
-2
-4
-1
0
0
3
7
8
4
-1
-4
2
7
6
7
3
1
0
-6
-5
-5
-5
-4
-5
-1
4
7
6
2
-6
-8
-4
-4
-3
1
3
8
10
8
5
2
3
2
-3
-7
-8
-7
-13
-17
-16
-15
-15
-11
-8
-10
0
9
8
8
10
13
6
4
0
-6
-6
-7
-2
-1
-3
-1
1
2
5
5
3
-1
-2
-6
-4
-8
-9
-3
0
6
6
4
5
4
2
0
-3
-3
-3
0
5
9
12
8
3
-1
-2
0
0
-5
-5
-5
-7
-7
2
11
10
7
1
-1
4
3
7
7
0
3
0
0
1
3
3
3
9
8
8
8
4
3
0
-2
-4
-5
-1
2
5
4
5
10
5
1
-4
-9
-10
-10
-10
-9
-5
1
2
4
5
2
-3
-2
4
9
8
8
7
5
3
-1
-4
1
6
6
8
4
3
6
3
3
2
1
1
-1
0
2
4
8
7
3
0
-3
-7
-10
-8
0
3
-1
-1
2
-1
-2
-3
-7
-8
-8
-8
-8
-4
-5
-9
-10
-10
-2
1
0
-5
-6
-9
-9
-3
-2
0
2
2
-2
-4
-6
-8
-9
-11
-12
-16
-9
3
4
-3
-5
-4
-6
-7
-5
-5
-4
-1
1
-6
-5
1
5
7
4
2
4
5
6
6
-3
-1
3
6
5
-1
0
1
3
2
-4
-5
-1
-1
-3
-6
-4
1
4
2
5
6
3
5
5
1
-5
-3
-7
-2
1
0
5
9
10
12
8
4
2
2
0
-2
-1
-2
2
5
5
6
3
4
0
-6
-5
-2
-5
-4
-8
-11
-10
-7
-2
0
5
4
-3
-6
2
0
2
-1
2
5
6
4
0
2
3
6
6
1
-4
-3
-2
-4
1
3
9
14
9
5
0
-1
-5
-8
-6
-5
-3
-3
-4
-3
-3
1
4
7
8
3
7
10
12
12
6
7
6
1
1
0
5
4
-1
1
0
-2
-3
-6
-3
-5
-10
-10
-13
-11
-9
-12
-7
-5
-2
-3
-3
-2
-2
-4
-1
6
7
5
2
2
2
1
-4
-1
5
9
15
16
16
12
9
8
2
0
3
5
3
9
10
11
8
4
-4
-13
-7
-3
-1
-2
0
0
-3
0
0
4
6
1
0
3
7
4
2
-2
-5
1
4
7
3
1
1
1
4
2
2
1
0
2
4
7
5
6
7
5
3
2
5
3
-1
-5
-5
-5
-6
-4
-9
-12
2
9
7
2
2
7
8
10
6
0
-5
-11
-11
-12
-10
-8
-8
-5
-5
-4
-4
2
6
8
8
9
3
-6
-8
-11
-19
-21
-12
-6
-2
0
-3
-3
3
2
-2
-2
-3
-4
-4
-4
-6
-4
-6
-3
-6
-6
-4
-3
2
3
0
-2
-7
-2
-2
-4
-5
-12
-12
-9
-8
-3
-1
4
6
0
-1
1
7
6
5
4
2
4
5
6
2
-2
-1
1
6
13
10
4
5
2
-3
1
3
-2
-5
-7
-4
-1
2
1
3
7
8
10
5
4
9
6
2
-1
1
0
-6
-10
-10
-7
-2
-2
0
3
5
2
0
-1
-2
4
7
-2
-4
-6
-8
-4
-4
-5
-6
-2
-1
0
2
1
-3
1
-2
-6
-5
-6
-1
-2
1
1
0
2
2
2
3
3
-2
-3
-8
-5
-6
-5
2
4
8
9
10
7
4
0
-2
5
8
10
5
1
-1
-3
2
11
14
12
10
10
7
3
3
2
2
2
2
-1
-2
-1
-4
-3
-1
2
3
4
3
0
-4
-3
2
2
5
2
2
0
3
3
-2
0
2
4
7
3
-4
-3
-2
-3
1
3
4
6
3
1
2
5
7
3
-1
-8
-12
-13
-10
-9
-4
2
3
5
5
2
-2
-8
-12
-13
-9
-3
-3
-4
-11
-16
-19
-19
-16
-11
-4
-3
-1
-1
0
-1
0
2
3
6
9
11
6
2
0
5
7
6
6
5
5
7
5
6
5
4
2
-2
-6
-10
-10
-5
1
4
5
11
7
0
-4
-5
-4
1
3
3
-2
1
5
0
1
4
5
4
6
2
-4
-10
-18
-17
-7
-1
-1
0
-6
-8
-7
-5
1
5
5
3
2
2
3
1
0
5
4
8
7
-2
-10
-9
-10
-14
-11
-8
-5
-7
-5
-1
-1
3
5
4
-1
-4
-3
0
-3
-3
-6
-9
-4
-2
2
2
4
5
3
2
-3
-2
1
3
4
-1
-7
-13
-14
-11
-8
-4
2
7
-1
-4
2
8
13
10
11
14
13
14
13
5
2
-1
-2
0
2
2
-5
-7
-10
-9
-6
-4
0
0
3
-1
-1
2
5
10
11
8
6
5
3
-2
-2
-2
-1
1
2
1
-2
-1
-3
-7
-5
-2
0
4
4
-1
1
-3
-11
-12
-8
-7
-3
-1
4
0
-6
2
4
4
0
0
2
2
2
-2
-6
-5
-3
-5
-1
2
5
5
1
2
11
16
10
9
7
2
-1
-2
-3
-3
4
3
-1
-3
-6
-6
-2
-2
4
9
9
7
1
0
-6
-14
-12
-9
-6
-3
-2
2
7
5
5
7
8
10
14
12
11
10
8
2
3
7
1
5
8
7
3
0
-8
-17
-17
-12
-5
-2
-6
-9
-8
-8
-3
2
1
2
1
-2
0
-2
-2
-4
-4
-3
-1
3
-1
-3
0
-4
-2
1
5
6
7
12
15
7
-1
-3
-3
-5
-1
-7
-5
-1
-5
-3
-3
-2
-7
-9
-1
-6
-15
-14
0
-2
-17
-25
-15
4
6
14
12
-2
-14
-7
5
8
8
-11
-22
-4
16
24
3
3
11
16
22
16
20
13
-4
-8
-9
-10
-13
-11
-7
-16
-16
-3
15
17
12
8
11
15
5
-9
-4
4
2
-5
-3
11
11
7
2
-2
-1
6
13
14
0
-5
1
-6
-8
-2
-5
-2
7
7
-2
-4
-3
-6
-4
10
8
-1
-2
-3
-5
-6
-2
-2
2
-3
-4
-1
-3
6
12
8
-1
-4
-8
-7
-1
6
6
0
5
0
6
12
12
18
15
13
4
-4
-5
-7
-1
-3
-12
-12
-8
1
-1
-9
-7
-5
-11
-15
-15
-9
-1
-4
-8
-11
-3
-4
-8
-1
5
0
-5
-7
-5
-2
-2
7
6
2
1
4
4
4
5
0
5
10
2
-1
-1
2
4
-5
-9
-1
2
2
-1
-4
-6
-5
2
7
7
10
13
13
13
9
7
7
-2
-2
5
10
14
9
-3
-10
-9
1
2
1
4
4
1
2
6
9
13
3
-10
-11
-9
1
1
-5
-1
-7
-13
-6
-6
-7
-1
1
-4
-5
6
8
18
17
6
2
-10
-8
-5
-10
4
3
-9
-18
-22
-15
-12
-4
6
-2
-7
6
7
2
4
4
-4
-11
-12
-3
-4
2
8
-4
-8
-8
-4
-1
4
6
-3
0
5
2
-4
-2
14
11
5
4
2
13
8
12
15
7
9
-2
3
11
13
11
-1
-3
-1
-4
2
7
1
-3
-6
-5
-5
1
9
7
1
-3
-2
0
6
6
-6
-12
-8
-2
-6
-9
1
-1
6
9
3
3
-1
4
3
-1
-1
-1
-2
-7
-11
-16
-16
-4
-5
-18
-17
-15
-12
-6
-2
2
1
6
10
8
4
-9
-6
-1
-6
-4
-4
-7
2
10
5
13
20
13
11
10
10
-2
-6
-10
-16
-8
-5
-10
-9
-2
5
11
15
12
7
-2
2
2
-3
-10
-14
-9
-6
-1
7
11
9
10
7
8
15
15
9
-1
-2
0
-3
-1
-5
-8
-10
-7
-9
-14
-3
-3
-8
-11
-12
-7
-11
-6
-6
-8
-3
0
1
3
1
2
-5
-10
3
1
-10
-5
-5
-8
3
3
-3
4
4
-2
-4
-3
2
5
0
6
6
-3
-2
-4
3
10
11
18
11
6
10
13
14
18
16
8
2
-3
-5
-7
-6
-1
-11
-12
-2
-3
1
10
9
1
-1
3
1
-4
-3
-1
-8
-8
-11
-8
8
10
9
2
4
17
10
4
8
6
5
4
3
1
-8
-14
-17
-21
-20
-18
-22
-18
-9
-7
-8
0
3
-8
-9
-5
-2
4
7
9
4
-1
1
7
10
4
5
2
1
4
-6
-4
3
1
-4
-13
-18
-9
0
0
5
5
-4
-2
3
6
9
4
0
-4
-6
-2
2
9
10
4
0
7
14
10
9
7
3
2
1
-1
-2
7
9
10
7
1
0
-1
0
6
8
7
5
3
3
2
5
9
5
4
-1
-8
-7
-4
-2
0
-2
-6
-8
-6
-4
-5
-7
-13
-15
-15
-8
-1
-4
-7
-8
-7
-3
-2
-3
-3
-2
1
1
3
4
8
8
5
0
-2
4
14
15
11
1
-7
-7
-12
-12
-8
-5
-5
-5
-10
-7
0
3
6
3
4
-3
-10
-6
2
4
9
16
10
5
10
12
12
6
0
-3
0
-5
-14
-17
-9
5
14
16
17
20
16
9
3
0
-9
-16
-16
-24
-20
-8
1
5
11
31
38
35
29
17
5
-6
-15
-18
-20
-11
-8
-13
-13
0
13
13
18
11
0
-6
-4
-8
-14
-16
-17
-17
-9
-11
-9
1
4
4
6
7
6
4
3
-5
-6
-3
-1
-3
-4
1
2
4
-2
-7
-13
-18
-14
-10
-7
2
4
2
2
-2
2
11
17
17
8
0
-4
-5
-3
0
4
1
1
-2
-1
1
-4
6
1
-2
2
1
8
2
1
0
-3
7
10
2
-2
-7
-6
-1
0
0
0
-3
-4
-5
-8
-2
5
9
11
2
2
9
0
-8
-13
-11
-9
-9
0
5
8
5
-5
-3
0
1
4
1
-3
-2
-5
-3
0
-1
-1
4
6
-1
5
5
5
5
-7
-3
0
3
2
-2
-5
-8
-9
-10
-1
8
7
0
-7
-1
7
12
16
8
-4
-11
-13
-13
-10
-3
-5
-7
0
2
9
17
14
9
9
8
1
-7
-6
-6
-14
-17
-17
-8
-1
1
5
8
16
21
16
14
11
4
1
-4
-3
-4
-8
0
1
4
14
17
15
9
5
5
-2
-4
-3
0
4
7
8
4
6
6
0
3
-5
-7
-4
-4
0
-1
-2
-1
-1
1
3
0
-5
-5
-6
-5
-6
-8
-7
-4
3
4
1
-2
-5
-2
-2
-2
-4
-6
-6
-4
0
0
2
0
-1
-7
-12
-5
-5
-2
-7
-12
-3
-2
0
-1
-2
1
1
5
6
5
2
2
-1
-8
-10
-3
2
0
-2
-4
-4
-2
-3
-3
0
0
3
9
9
3
4
4
-9
-10
-3
-3
-2
0
4
-1
5
6
10
19
22
23
15
5
-4
-3
0
-1
-1
-1
1
3
7
13
14
17
12
1
1
-6
-13
-9
-10
-12
-10
-6
-1
3
7
4
7
7
5
4
5
2
-4
-7
-11
-1
3
2
6
6
5
0
2
1
-6
-9
-10
-1
4
4
5
2
4
2
-6
-4
-2
-4
-4
-13
-17
-16
-13
-11
-7
-2
1
0
-2
-5
-1
3
5
13
13
8
1
-7
-8
-4
-2
4
1
-3
0
2
7
6
3
-1
-1
-2
-1
-5
-7
-1
0
-5
-4
-3
-2
-6
-6
-5
-9
-4
-2
-1
3
6
6
6
5
8
10
8
8
1
0
3
1
3
6
3
0
2
-6
-3
-3
-5
-7
-10
-10
-17
-14
-9
-5
9
9
18
19
17
10
5
5
-2
-1
-10
-19
-10
-10
-9
-5
0
5
16
24
16
16
12
7
-4
-15
-13
-4
-4
-13
-19
-21
-21
-15
-14
-8
9
23
22
13
8
-5
-6
-3
-11
-11
-4
-1
0
5
6
4
9
4
1
4
5
11
9
-1
-9
-10
-7
-2
-4
-2
-4
-2
3
1
8
6
-5
-9
-4
-1
-1
8
-6
-9
-5
-11
-3
-3
1
9
6
9
9
6
6
1
-7
-9
-12
-8
-18
-14
4
-9
19
14
4
15
13
19
9
13
-5
-22
0
-13
-18
-8
-12
-7
7
16
25
35
25
14
3
-4
-6
-11
-7
-13
-2
2
6
10
-3
19
24
7
1
-5
-13
-20
-9
-6
-19
-8
7
3
8
16
-13
-8
11
-4
-7
-8
-12
-17
-9
9
14
15
10
8
8
14
6
-1
9
-8
-7
0
4
18
17
19
9
4
8
9
10
4
-5
-18
-12
0
-3
5
17
14
12
4
8
10
4
20
1
-10
-6
-27
-19
-17
-6
9
14
18
2
5
2
-4
7
2
-10
-8
-3
-4
-6
6
-6
-16
-6
-10
-3
6
10
20
12
2
-10
-14
-1
-9
-14
-14
-18
-9
-9
-5
4
-8
-4
-7
-12
5
6
1
-6
-5
-7
-16
-10
-10
-1
4
-6
-12
-1
12
8
6
17
-1
-17
-16
-27
-25
-4
3
5
5
-15
-21
-8
6
18
16
12
-2
-8
-9
-8
11
1
-3
9
-4
3
4
7
-2
2
8
-12
5
-2
-14
5
9
0
2
0
-11
0
9
22
21
6
-7
-15
-19
-19
-20
-18
3
4
-8
-27
-40
-27
-23
-19
-5
-17
-17
-10
-17
7
8
-14
-9
10
12
7
2
-29
-6
18
4
15
25
19
12
52
56
31
57
38
4
36
12
-17
17
25
-7
-24
-4
-20
1
69
69
92
77
5
-20
-26
8
30
24
6
-5
-2
-6
31
71
59
70
66
57
66
33
37
35
44
43
21
47
7
-25
-1
-3
-23
-3
-18
-54
-37
-61
-110
-87
-78
-124
-112
-121
-93
-98
-138
-84
-77
-61
-65
-86
-52
-59
-65
-51
-33
-21
-26
-21
8
62
59
21
84
132
120
101
98
108
67
68
69
81
102
30
0
40
28
41
52
40
27
32
-6
-2
50
-20
-35
10
-14
-64
-15
-5
-34
54
66
-10
55
133
58
94
168
60
29
95
36
23
96
42
6
62
63
-6
17
6
-107
-105
-103
-136
-127
-124
-153
-182
-172
-196
-190
-150
-171
-157
-133
-165
-156
-137
-139
-144
-146
-177
-126
3
-28
6
89
55
94
152
138
68
87
93
31
124
124
15
15
26
-18
3
94
45
46
108
7
2
19
-55
-44
-66
-73
-41
-45
-64
-57
1
14
28
17
19
55
47
99
106
91
108
102
152
164
181
175
138
181
157
89
105
154
113
110
143
13
-52
-61
-134
-116
-89
-71
-109
-156
-143
-196
-214
-153
-153
-205
-200
-171
-222
-174
-105
-161
-119
-92
-121
-122
-46
33
20
129
118
50
132
110
130
168
147
124
93
120
67
53
93
35
45
14
-50
32
56
47
43
-5
-79
-126
-67
-57
-26
15
-51
-85
-97
-77
-28
24
52
9
48
60
62
139
127
110
169
180
161
233
241
173
229
178
127
146
79
57
81
91
13
-42
-28
-120
-126
-94
-191
-180
-138
-184
-218
-197
-188
-275
-267
-260
-321
-224
-125
-73
-72
-30
-92
-209
-96
-27
21
154
217
212
127
139
98
44
199
173
104
191
167
108
116
117
0
1
-13
-125
-36
-19
-76
-5
-27
-148
-178
-219
-274
-229
-137
-141
-105
8
-80
-111
-43
-67
12
85
98
130
202
233
160
207
178
158
268
301
326
357
351
204
145
130
39
103
121
92
50
-18
-112
-217
-221
-193
-214
-218
-177
-197
-213
-202
-242
-285
-319
-345
-331
-240
-146
-106
-63
-3
-7
-35
-50
-49
10
100
173
265
284
215
161
127
106
98
179
177
176
239
165
60
-16
-32
-124
-159
-55
-96
-67
1
-79
-120
-148
-232
-260
-219
-155
-88
-35
29
31
21
41
12
8
11
111
181
223
309
276
236
260
238
195
257
300
250
305
237
44
20
16
17
71
106
16
-85
-105
-269
-362
-290
-262
-275
-196
-123
-259
-269
-244
-330
-262
-247
-346
-294
-147
-118
-102
5
31
-9
-58
-30
19
93
205
235
285
379
288
111
86
91
56
156
293
277
225
163
12
-60
-54
-136
-181
-135
-61
-61
-56
-7
-61
-143
-226
-237
-201
-122
-26
-25
32
19
-85
-117
-132
-51
-31
-30
100
220
306
264
216
205
205
271
228
328
473
265
74
43
73
34
29
222
163
80
22
-290
-391
-299
-312
-376
-190
8
-274
-406
-230
-282
-383
-431
-544
-585
-308
-178
-235
84
174
-111
-204
-125
-59
97
329
449
565
617
341
71
170
181
60
189
354
359
393
262
-98
-92
-80
-302
-375
-157
36
-82
-132
-217
-329
-323
-525
-648
-355
-83
-9
-32
108
288
225
57
-179
-111
87
37
78
410
713
524
207
125
237
421
750
1125
1283
725
-128
-613
-742
-489
-126
658
1040
391
-627
-1253
-1226
-804
-338
-321
-31
295
-141
-827
-1115
-823
-620
-687
-659
-158
805
1154
648
615
1009
340
-656
-603
206
806
747
449
667
813
54
-934
-770
152
217
-68
64
397
331
-521
-1358
-1423
-835
-696
-783
-64
888
984
303
-138
-67
199
8
-197
323
980
850
266
151
282
191
-354
-509
46
488
404
165
465
834
556
-39
-250
-62
164
182
259
625
981
1050
147
-1331
-1863
-971
-455
-495
497
1562
1159
-718
-2218
-2074
-751
20
-451
193
1665
1110
-970
-1507
-250
350
-149
-461
526
2016
1738
123
-214
780
372
-1231
-1417
232
1654
1271
-1
-106
534
-543
-2633
-2520
-302
806
199
-112
637
820
-696
-2147
-1681
1
579
73
439
1427
1507
202
-982
-698
141
265
-6
409
1270
1091
-206
-978
-630
-250
-453
-688
-104
694
467
-402
-591
-93
65
-162
-177
332
873
884
613
834
1180
1163
1061
1004
-48
-1468
-1448
-676
-566
-486
511
947
165
-1560
-2612
-1604
86
108
-583
825
2039
502
-1474
-1493
-170
557
-2
-295
1172
2521
967
-1166
-650
824
386
-957
-583
1520
2643
888
-1211
-738
40
-1615
-3324
-1984
624
1313
315
-95
642
616
-911
-1898
-678
1093
1239
488
521
1179
877
-622
-1376
-436
699
510
-66
257
791
358
-810
-1253
-575
-11
-257
-548
-60
526
226
-625
-742
-141
372
416
419
1121
1709
1740
1219
1023
1380
1789
661
-2200
-2849
-1382
-649
-1243
-336
1451
1161
-816
-3428
-3347
-660
574
-567
-194
2400
2288
-490
-2118
-1324
502
682
-343
410
3033
3245
245
-1368
8
1038
-474
-1769
-250
2436
2395
-445
-1616
-188
-213
-2814
-3835
-1437
1094
1039
127
653
1425
309
-1702
-2191
-607
1205
1263
714
1150
1705
559
-1332
-1695
-463
693
609
421
1105
1412
355
-1058
-1364
-899
-733
-789
-667
78
654
254
-434
-484
117
299
538
1025
1514
2044
1883
1234
673
1074
1309
-1019
-3413
-2911
-1011
-735
-940
955
2149
1380
-1562
-4250
-2764
-88
171
-794
1006
3197
1707
-1091
-2438
-766
1312
603
-387
1412
3815
2495
-545
-1033
445
670
-1412
-2317
228
2788
1811
-706
-828
423
-853
-3844
-4039
-973
1224
1002
803
1665
1667
-358
-2220
-2237
-563
860
921
1140
1977
2061
204
-1511
-1531
-896
-550
-445
119
935
1156
80
-1169
-1285
-1116
-1272
-1131
-236
769
1086
530
-142
-119
261
239
164
820
1812
2338
2256
1909
1499
1829
1252
-2425
-4799
-3101
-1228
-1652
-984
1806
2464
762
-2959
-4813
-1783
780
-356
-947
2530
3919
780
-2314
-2490
248
1421
-533
-798
2844
4986
2129
-814
75
2056
563
-3128
-2923
1685
3829
1087
-1141
-142
1005
-1621
-5046
-3524
874
2018
15
405
2399
1874
-781
-2757
-2136
-101
642
-501
19
2693
2954
341
-1526
-1315
-637
-892
-1226
-32
1887
2081
434
-842
-778
-695
-1234
-1613
-779
832
1234
634
355
688
862
122
-599
-70
1405
2123
2120
2220
2150
1832
1366
-2236
-5881
-4247
-1587
-1604
-1464
1940
3303
1773
-1521
-5114
-3031
850
209
-1792
1275
4582
2278
-1613
-3127
-851
1667
-256
-2270
1139
5316
3773
-66
-481
1622
1287
-2930
-5019
-645
3765
2080
-1005
-487
1576
202
-4226
-5393
-964
2224
364
-264
2282
3006
311
-2438
-3216
-1599
212
-586
-716
2303
4243
1991
-524
-872
-667
-961
-1812
-1600
605
2142
1136
-233
-329
-230
-952
-1937
-1684
106
1377
969
508
853
648
-132
-858
-908
364
1625
2201
2116
2583
2858
2064
982
-2895
-5674
-4061
-1981
-2047
-1017
2907
3589
1571
-1889
-4564
-1710
1148
-674
-2015
2204
4897
1494
-2020
-2376
235
1518
-1429
-2823
1697
5465
2858
-523
300
2286
576
-3978
-4831
366
3889
1040
-1635
227
2227
-446
-4942
-4818
-329
1628
-599
-490
2958
3834
705
-2307
-2544
-1086
-672
-1954
-1145
2641
4362
1961
-260
-57
-102
-1554
-2827
-1945
519
1850
1056
78
581
614
-1229
-2846
-2101
-90
564
466
1044
1795
1652
156
-802
-553
684
1267
1351
2467
3237
2942
2183
860
-3906
-6181
-3638
-2407
-2450
92
3649
3645
2156
-2112
-4749
-936
751
-2477
-2003
3490
4493
953
-1555
-1807
726
1088
-2727
-2747
3016
5467
1924
-241
1567
2889
-199
-4890
-4175
1342
2901
-466
-1442
1558
2785
-1513
-5653
-3611
557
184
-1620
819
4329
3782
-26
-2497
-1967
-776
-1807
-2862
-76
3750
3783
1269
476
891
-167
-2551
-3717
-1807
875
1235
563
1174
1877
503
-1950
-2897
-1601
-182
-5
294
1560
2337
1136
-257
-540
-114
506
808
1709
2833
3550
2973
2189
-667
-5930
-6135
-3384
-2839
-2342
1664
4665
3940
1310
-3419
-3182
779
-503
-3768
-325
4736
3253
-374
-1969
-602
1742
-402
-3945
-840
5055
4571
678
606
3248
2543
-2745
-5976
-2312
2195
764
-1835
-286
2862
1933
-3317
-5330
-1165
1159
-1578
-1473
3045
4991
2195
-1264
-2237
-1267
-1357
-3445
-2819
1631
4252
2728
1195
2128
1737
-976
-3302
-3355
-1157
364
-25
-63
1830
2383
-419
-2694
-2204
-1126
-1066
-843
474
2129
2639
1301
90
199
235
-357
-364
1439
3295
3856
3150
3089
1065
-5234
-7282
-4658
-3358
-3062
606
4130
4407
3157
-2188
-3950
363
334
-4084
-2347
3588
3738
485
-1400
-696
1686
479
-3687
-2299
3713
4749
1358
516
3067
3457
-1496
-5821
-3533
1042
577
-1646
-362
2640
2704
-1866
-5065
-2352
451
-1893
-2536
2193
5241
2949
-450
-1352
-1118
-1769
-3741
-3686
150
3556
3184
1937
2934
2893
-383
-3310
-3389
-2037
-1069
-645
116
1792
2611
514
-2006
-2125
-1533
-2109
-2064
-1
2011
2674
2186
1512
1291
459
-689
-1086
644
2857
3412
3284
3970
3449
-3459
-8158
-5237
-3428
-4116
-1550
3492
5335
4883
10
-4371
-417
1673
-3487
-4575
1792
4499
1729
-898
-981
1824
2103
-2575
-3956
1613
4928
2273
283
2381
4355
653
-5229
-5224
-669
503
-1591
-1227
1732
3370
151
-4250
-2815
590
-1158
-2856
825
4423
3596
807
-788
-652
-1006
-3299
-4280
-1439
2339
3270
2506
3040
3528
1245
-2309
-3699
-2861
-2025
-1729
-738
1162
2641
2047
-177
-1485
-1522
-2091
-2693
-1282
940
2086
2605
2622
2194
1049
-337
-1095
-555
1192
2358
3478
4191
4732
1154
-6584
-7649
-4490
-4678
-4657
852
5586
5719
3574
-2014
-2605
1949
-318
-5838
-2728
3620
3203
38
-957
1023
3147
307
-4055
-1850
3301
3098
663
1079
3633
3238
-2361
-6047
-3153
269
-871
-1777
382
2756
2225
-1876
-3771
-662
66
-3070
-1678
3140
4392
2620
397
-504
-459
-2306
-4909
-3819
251
2600
2859
2856
3724
3396
-171
-3530
-3781
-2671
-2511
-2018
-229
1789
2750
1654
-385
-1366
-1807
-2676
-2601
-825
1276
2611
3420
3261
2270
726
-892
-1399
-409
1105
2759
3970
4617
3536
-3519
-8018
-4995
-4073
-5761
-1870
4423
5458
4648
250
-3233
1156
1764
-4996
-5411
1549
3423
761
-581
354
2966
2101
-2944
-3671
1370
3367
1330
551
2560
4028
-37
-5392
-4381
-413
-472
-1795
-194
2154
2864
-73
-3249
-1312
721
-2095
-2851
2066
4787
3262
883
-278
72
-1474
-4423
-4443
-871
1899
2368
2539
3468
4114
1312
-2762
-3871
-2971
-2664
-2707
-1177
1189
2824
2455
377
-1021
-1542
-2472
-2804
-1356
701
2480
3482
3408
2610
1340
-356
-1093
-18
1150
2739
3955
4577
3151
-3884
-7832
-4515
-3394
-5552
-1704
4360
5067
4131
-238
-3091
1308
1671
-5085
-5096
1801
3088
413
-759
207
2916
2111
-3028
-3382
1830
3416
1214
415
2405
3616
-200
-5071
-3875
-23
-559
-1675
112
2159
2370
-421
-2929
-1032
357
-2651
-2494
2392
4209
2368
667
52
32
-1599
-4326
-4071
-660
1712
1871
2352
3787
3882
535
-2849
-3426
-3037
-2920
-2606
-906
1550
3038
2193
366
-561
-1451
-2842
-2680
-911
671
2132
3257
3610
2593
1370
78
-367
531
1642
2717
3502
4523
-513
-7589
-6061
-2750
-4558
-4102
2082
4774
4631
2112
-3350
-1158
3262
-1687
-6453
-1053
3600
1388
-828
-1012
1160
2996
-387
-3815
-340
3621
2437
242
899
3529
2203
-3326
-4843
-844
723
-1267
-1123
895
2373
748
-2982
-2442
826
-477
-2732
741
4383
3121
613
-395
-227
-766
-3233
-4409
-1951
1358
2167
1667
2831
4099
2194
-1725
-3169
-2653
-2779
-2600
-1326
558
2167
2382
755
-543
-704
-1509
-2514
-1547
676
1536
1849
2654
2816
2054
884
984
1687
2317
2630
2601
2244
-3838
-8337
-4677
-1928
-3508
-1495
3822
4318
2948
-1039
-4215
376
2551
-3546
-4805
1744
3560
475
-1635
-1632
986
2148
-1602
-3022
2020
4910
2334
-320
679
2821
298
-4472
-3741
857
1393
-918
-943
690
1620
-895
-4004
-1950
1313
-318
-1109
2950
4633
1867
-896
-1707
-1592
-2113
-3059
-2711
184
3115
2981
1492
1899
2509
-166
-3061
-2949
-1738
-1207
-935
-303
798
1842
886
-1392
-1875
-523
-388
-827
321
1884
2039
1258
756
606
1146
1760
2450
3973
5035
4197
1844
-5230
-9882
-5855
-2830
-3823
-563
5963
6197
3539
-1276
-5068
-647
1125
-4677
-4738
2815
4624
1069
-855
-1243
381
731
-3174
-3755
2436
5595
3226
1396
1852
2379
-781
-5460
-4707
272
1325
-499
427
1971
1706
-1066
-3890
-2628
-49
-938
-746
4158
5727
2058
-766
-1522
-2932
-4530
-4119
-2586
788
3912
3804
2793
2944
1702
-1752
-3402
-3119
-2193
-727
392
1118
1668
1624
-149
-2295
-2618
-1949
-1124
424
2350
2732
2235
1888
792
-484
-483
883
2629
4867
5783
4736
-1423
-8207
-7301
-5082
-5227
-2590
3709
6348
5560
1225
-4613
-1640
1733
-3917
-6550
701
4965
1895
-607
-703
1442
2072
-2834
-5716
-200
4969
3516
1491
2930
4384
1147
-4864
-6062
-1319
1209
-587
-630
1910
3058
-112
-4058
-3236
-90
-767
-1785
2438
5671
3505
486
-951
-2454
-3469
-4416
-4599
-777
3841
4064
2737
3838
2980
-644
-3144
-3755
-2416
-893
-371
354
2265
2764
430
-2086
-2847
-2203
-1666
-941
956
3120
3680
2506
1197
365
248
-185
346
2895
4966
4532
-2115
-7207
-4431
-2484
-4770
-2889
3731
5199
3581
-941
-4883
-193
2087
-4690
-5898
2548
4800
120
-1810
-1052
1355
1897
-2695
-3765
2695
5359
1803
480
2869
3676
-718
-5574
-3984
1264
1742
-1021
44
2706
2091
-2212
-5150
-2849
170
-928
-598
4537
5445
1230
-1081
-1582
-2830
-3503
-3572
-2938
1054
4462
3193
2161
3055
1211
-2194
-3151
-2380
-960
560
671
951
1913
1068
-1372
-2428
-1644
-1138
-561
292
1707
2641
2019
1666
1453
1532
1209
1290
2257
3801
2265
-5612
-7811
-3137
-2032
-3372
827
5771
4946
2825
-2985
-5525
-131
253
-5419
-3265
4186
3607
-655
-1859
-846
1131
-22
-3956
-1718
5175
5449
1495
1281
3447
2078
-3361
-6350
-2738
2070
1364
-454
1456
3777
1840
-3919
-5888
-1958
34
-1587
747
5684
4739
683
-1548
-3285
-4187
-3806
-3441
-1668
3156
5241
2958
2435
1919
-845
-2836
-2882
-1966
-277
1615
1742
1322
1399
243
-2170
-3138
-1906
-495
299
1451
2863
2291
1287
1309
822
554
1370
2605
3044
3341
-1964
-8222
-5483
-2479
-3584
-1448
4192
4939
3648
436
-5354
-2267
2188
-2349
-4680
1921
4674
329
-1802
-1889
-419
1001
-2144
-3325
2915
6573
3475
1168
1904
2317
-948
-5508
-4417
923
2005
-270
249
2142
1862
-1571
-4826
-2681
956
-48
-347
4126
5412
912
-1517
-2722
-4090
-2817
-2227
-2034
1011
4359
3079
1370
2051
-495
-2870
-1895
-518
487
1197
1226
175
183
-252
-2009
-2502
-1995
-578
1022
2150
2702
2218
1474
600
945
1885
2340
2728
3194
4428
-861
-8956
-8183
-3821
-2818
-2598
3295
6168
3593
1400
-5413
-5753
522
-310
-3317
1416
6174
2364
-1227
-2213
-2343
-608
-2114
-3661
1960
6803
4112
1953
2977
2333
-1026
-5030
-5413
663
3596
281
-480
1057
1204
-2356
-6082
-4263
565
2206
1070
4166
6796
1567
-2770
-3003
-4647
-4609
-2888
-1097
2086
5036
3696
-251
-231
-268
-1998
-1734
38
2069
2597
1778
245
-927
-1786
-3346
-3201
-1648
434
2210
2376
2636
2002
1108
308
679
1991
2331
3476
3775
4313
-658
-8238
-7958
-3982
-2466
-2622
2861
5789
3845
375
-5744
-5747
-1009
-372
-2683
1519
5908
2609
-1436
-3160
-2457
-648
-1059
-1976
2253
6536
4375
1346
1181
839
-1783
-4491
-3902
1057
4295
2030
526
796
-357
-3216
-6013
-4564
490
2620
2049
4266
5104
388
-2997
-2991
-4077
-3234
-387
1254
2571
3798
2435
-1314
-2211
-2090
-2541
-876
1733
3005
2522
1170
-579
-1770
-2292
-2365
-1675
-11
1903
2341
1443
875
277
-690
-907
1344
3845
5136
5805
5342
3662
-2990
-8699
-8202
-4119
-2084
-367
4828
4662
1796
-3520
-8009
-5359
-902
384
166
5160
6325
1314
-2219
-4461
-3963
-2076
-1619
38
5206
7311
3451
780
536
-889
-3417
-4267
-1063
4387
5306
1724
29
-637
-2822
-5573
-6512
-3009
2225
3448
2981
4326
3151
-2006
-4113
-3140
-3503
-1407
1774
2721
2885
2467
-439
-3144
-2966
-2896
-1707
966
2854
2872
1872
491
-1545
-2495
-2222
-1591
-157
1329
2055
1411
40
-603
-1423
-1182
734
3144
4432
5900
6380
4932
1319
-5859
-8401
-5743
-2023
-968
2312
6707
4012
-1008
-7513
-9007
-4494
-308
817
3289
7199
3550
-1518
-3992
-4510
-2503
-632
439
3564
7065
4658
190
-1286
-1005
-2047
-3379
-1536
3567
7196
4071
-80
-1302
-2454
-4724
-6350
-3850
1191
3726
2818
2069
2276
-928
-5042
-4154
-2240
-432
2037
3324
2740
1688
324
-2755
-2968
-1172
-510
977
2412
1997
270
-1357
-2807
-2624
-896
708
1879
2452
2238
766
-1476
-2678
-2356
-1080
939
3521
5204
5329
4795
4008
1204
-5716
-8437
-4639
-541
580
3035
6429
4120
-827
-7641
-9627
-4363
590
1274
2898
6136
1735
-3614
-5188
-4646
-1471
1424
2808
4982
7041
3126
-2494
-3634
-2153
-1535
-1456
884
4993
7096
3654
-1340
-3093
-3253
-4386
-4468
-1156
3244
4649
2000
74
-543
-3178
-5925
-3693
749
2414
3093
2749
1174
-916
-2613
-3828
-1785
2085
2670
2801
2714
725
-2247
-3983
-3648
-2006
86
1378
2325
2787
1906
-574
-2244
-2075
-1575
-335
863
3015
4402
3709
2957
2833
2312
-2662
-6530
-4912
-511
1487
804
3735
3990
511
-5490
-9159
-5000
982
2997
1956
3896
1867
-3506
-6082
-4904
-793
2464
4173
4512
5865
3756
-2048
-4542
-2387
-55
-22
955
3824
5832
2937
-1883
-3787
-3219
-2467
-2490
-1040
2526
4254
1231
-1865
-1751
-2163
-3863
-3013
253
1783
1949
1505
60
-1005
-1110
-993
-258
1867
2515
1613
1249
372
-1453
-2400
-1495
-371
282
655
546
614
444
-897
-1889
-1089
562
998
1252
2149
2476
2278
1881
2513
3110
-936
-5773
-3920
183
812
519
2346
2445
271
-4379
-7899
-3611
2249
2698
1497
2437
-866
-5052
-4866
-2851
612
3366
3721
3952
4360
534
-3833
-3328
-368
1434
1351
2099
4471
4626
186
-3487
-3499
-2517
-1302
-667
512
2848
2281
-1430
-2542
-1462
-2235
-2668
-186
2113
1266
26
-974
-1802
-947
-417
-16
1537
3215
2145
-190
-313
-647
-1094
-552
501
1028
845
195
-958
-1045
-134
-459
-851
524
966
489
442
1656
2337
2453
2460
2677
832
-4049
-4737
-1305
1698
1110
1992
1984
-65
-2778
-7054
-4665
1800
3874
1493
1730
-268
-4874
-5215
-3491
-574
2347
3529
3251
3431
1312
-2746
-3113
-285
2046
1305
964
3184
4184
597
-3394
-2803
-1322
-429
165
352
1485
1551
-1610
-3511
-1534
-750
-1512
-541
1380
913
-1015
-1692
-1533
-703
509
1449
1556
1990
1408
-312
-783
-415
-191
88
1219
1407
119
-914
-1151
-783
-65
525
343
651
734
-57
-392
126
1621
2487
2969
3233
-69
-4795
-4372
-484
1423
1975
3107
2287
2
-4240
-7676
-3539
3263
4307
1938
1421
-1667
-5682
-5158
-2286
684
2806
3183
3360
2645
-1095
-3469
-1557
1793
3348
1902
889
3019
3055
-1532
-3428
-1344
245
1151
865
283
118
-1182
-3284
-2550
277
-145
-545
369
-3
-1314
-3046
-3363
-1525
1085
1769
1426
1773
1605
144
-1066
-393
732
854
875
1666
1007
-1159
-1737
-834
362
1048
765
-398
-228
-33
-729
-301
1790
3426
2965
2544
1659
-2338
-6354
-4467
568
2804
2881
3512
1558
-902
-4319
-6949
-1919
4620
5124
2113
194
-4104
-6330
-4088
-1763
1618
4188
3973
2939
830
-3233
-4399
-1177
2566
4565
3329
1766
2222
610
-3378
-3392
-523
1122
2753
2318
-158
-1341
-2253
-3581
-1899
854
28
-174
480
-918
-2660
-3194
-2405
-449
1788
1895
1210
881
78
-920
-914
313
1436
1782
1142
413
-237
-955
-1056
464
2265
2327
814
-1046
-1150
-743
-833
378
2551
3507
2938
1158
-598
-3819
-5860
-2661
1683
3692
3007
2111
-585
-2823
-5862
-6941
209
6427
5730
1951
-1518
-5791
-5838
-2780
-531
2834
4923
3455
1428
-1252
-5115
-3653
919
3517
4743
3222
1359
1382
-735
-4172
-2527
1408
3040
4039
2072
-1786
-3013
-2975
-2878
-456
1902
498
-509
-1147
-2847
-3310
-2218
-443
1418
2237
523
-820
-1170
-1199
-124
1166
1986
2017
1317
145
-1062
-1768
-1058
1013
3292
3512
1678
-558
-1946
-1437
-796
106
2160
3927
3755
1448
-760
-2149
-4513
-4850
-887
2976
2723
1641
410
-2181
-3306
-5877
-4758
3196
7601
4072
-699
-4363
-6755
-3352
104
1453
4083
4736
2052
-341
-3275
-5121
-645
4044
4453
3281
930
-340
371
-1240
-2842
629
3778
3348
2315
-1186
-4549
-3490
-1067
511
2231
1760
-1150
-2322
-3290
-4100
-2439
733
2611
3041
1142
-2559
-3281
-1635
90
1326
2402
2286
1298
194
-1651
-2309
-1120
1285
3676
3883
1657
-1215
-2221
-1439
271
1062
1748
3406
3435
1503
-1104
-1301
-766
-2519
-3094
-251
2152
667
-494
-1404
-2246
-2471
-4432
-2380
4363
5897
1000
-3029
-5360
-4941
-360
1503
1580
3449
2706
-146
-1288
-3171
-2582
3018
5628
3458
839
-794
-413
806
-1064
-1954
2033
3730
2068
7
-3473
-4405
-792
2041
2356
1974
-157
-2933
-3706
-3952
-3173
-317
1928
2503
1335
-1908
-4050
-2050
1266
2792
2570
1292
212
21
-937
-2428
-1532
1174
2831
2652
1008
-1046
-1880
-735
1040
1865
1656
2449
3244
2111
91
-969
-176
224
-1748
-2863
-848
1429
752
-179
-1336
-2323
-2620
-3953
-1236
4312
4485
-107
-3415
-5150
-3917
249
1097
1001
3162
2671
-277
-1752
-2782
-917
3860
4167
1210
211
573
818
634
-1357
-1052
2826
3578
1103
-1173
-3230
-3193
-78
1874
1432
389
-1014
-2562
-3294
-3652
-2103
1119
2359
1370
-1476
-3830
-3227
225
2867
2731
1840
693
-345
-738
-1378
-1666
599
3137
3369
1478
-568
-1484
-1214
175
739
872
1072
2317
2313
687
510
1240
2352
1398
-2663
-4087
-1207
1503
509
236
-984
-2727
-2942
-4227
-2120
3187
4541
408
-2696
-4622
-3790
-54
638
863
2883
2274
-771
-1488
-2258
-1149
3306
3578
1465
1491
1721
769
8
-1351
-499
2885
3125
743
-1575
-3228
-2933
291
2156
1439
357
-1486
-3079
-3921
-3541
-955
2117
2586
680
-2141
-3961
-2467
721
2389
2064
1430
527
-543
-990
-1563
-1284
1562
3694
2635
463
-689
-856
-71
989
1045
1061
1037
1172
626
-505
-5
2315
3542
2069
-2290
-4916
-1610
2237
1491
416
-114
-1738
-1955
-4238
-5066
1116
5853
2234
-2739
-4547
-4318
108
1738
99
1862
3321
455
-1656
-2560
-2366
2148
4170
1483
732
1008
271
194
42
411
3188
3809
751
-1860
-3459
-3467
-14
2841
2415
453
-1568
-3248
-4001
-2944
-395
2150
2404
200
-2721
-4201
-2846
636
2845
2441
1005
-576
-1231
-960
-581
-108
1915
3302
1645
-724
-1616
-884
732
1784
1456
808
715
831
43
-572
879
3090
3267
1973
-2437
-5538
-1834
2036
1565
842
486
-2050
-2260
-4143
-5395
1224
6590
2964
-2808
-5481
-5202
26
2033
-108
1907
3881
532
-2563
-3320
-2176
2900
5164
1535
-226
411
55
-205
-168
645
3624
4180
682
-2346
-3609
-2976
674
3240
2174
-210
-2090
-3299
-3552
-2463
-183
2319
1975
-816
-3262
-4138
-2107
1631
3261
1948
391
-832
-1727
-1252
-362
519
2325
3036
885
-1460
-1552
-243
1510
1976
1454
847
663
441
-462
-199
1554
3537
2954
1409
-2570
-5267
-1492
1985
1825
809
237
-2483
-2314
-3584
-5376
981
6647
2828
-3968
-6309
-5120
747
3007
-66
1117
3156
124
-3251
-3408
-1243
4408
6111
1047
-1256
-106
424
105
178
1160
3793
3783
181
-2624
-3519
-2096
1587
3736
2165
-403
-2801
-3511
-3018
-2196
-16
2511
2144
-1508
-4005
-4242
-1329
2668
3422
1389
-302
-1145
-1923
-1010
336
1224
2779
2863
-179
-2010
-699
693
1709
1910
963
424
522
293
-579
133
2221
3545
2524
933
-1342
-4312
-1913
1792
1973
632
197
-2423
-3010
-2927
-4835
406
6839
3760
-4131
-6696
-4686
428
3497
355
448
3289
645
-4159
-4212
-452
4721
5872
379
-2302
-465
907
262
-76
1624
4532
4183
-338
-3249
-3263
-1359
1905
3287
1336
-1106
-2896
-3637
-3249
-1904
669
2935
1672
-2456
-4729
-3829
-334
2791
2854
635
-835
-1135
-1885
-1191
592
1805
2774
2043
-1045
-2277
-200
1198
1347
1208
669
327
276
-189
-740
894
2734
2924
1523
436
-440
-3281
-2129
1294
2591
1207
23
-2759
-3298
-1554
-3884
-903
5876
4540
-3247
-6135
-4733
-529
3887
1386
-18
2485
646
-4282
-4167
-14
4437
5618
535
-2725
-810
1032
825
737
1854
3844
3552
-854
-3372
-2611
-446
2187
2890
836
-1205
-2090
-2808
-2565
-1548
829
2755
992
-3465
-5287
-2956
472
2547
2225
819
-525
-1302
-2082
-1195
1390
2405
1735
466
-1149
-1420
320
1384
1342
1212
560
-216
193
147
-91
856
2158
1910
1245
766
351
-354
-2269
-1128
1133
2103
736
-1673
-3290
-1535
-976
-2915
705
4151
994
-3900
-5122
-3149
2205
3855
-307
-386
1154
-989
-3086
-1941
1365
4597
2920
-2483
-2529
1077
2317
1393
557
1935
3943
1799
-2193
-2087
507
2084
1941
336
-718
-893
-1829
-3071
-1726
698
2018
898
-2063
-3725
-2832
-613
764
1325
1007
-83
-1603
-2234
-1405
492
1878
1269
362
-447
-948
-214
1056
1349
1332
969
-190
-421
-188
-39
839
1885
2202
1514
1217
530
880
-312
-2229
-809
1290
2099
-333
-2433
-2638
80
-665
-2802
744
3081
680
-4015
-5439
-1988
3483
2590
-1604
-932
535
-298
-2228
-1861
1821
4285
971
-3103
-1470
1800
2981
1281
62
2087
3215
252
-2314
-545
1460
1789
689
-605
-520
-613
-1992
-2574
-743
1052
1097
-887
-2606
-2647
-1405
121
647
822
551
-659
-1986
-1841
-152
1623
1734
454
-344
-567
-508
463
1526
1962
1665
342
-621
-226
553
1060
1487
1551
1517
728
206
420
1381
63
-1821
-450
1199
1301
-785
-1913
-1555
160
-1674
-3245
445
2849
126
-4820
-4624
-196
3174
973
-1981
-402
1593
-83
-3045
-1502
2761
3733
-116
-3016
-303
2788
2400
-179
-98
2435
2674
-215
-1827
469
2023
1173
-234
-393
285
-217
-2088
-2528
-517
763
-18
-1604
-2273
-1819
-561
-63
64
636
172
-1184
-1900
-1125
481
1569
838
-533
-869
-634
-99
924
1893
2153
1064
-204
-614
90
1000
1447
1548
1293
1246
478
401
1039
1702
-477
-2031
-666
995
963
-916
-1621
-1111
-23
-2491
-2970
1010
2707
-1037
-5289
-3507
634
2847
-117
-2115
448
1620
-1183
-3190
2
3617
2709
-1606
-2542
1238
3093
1272
-741
837
3332
2291
-1107
-1231
1828
2175
357
-692
172
937
-436
-2468
-2276
134
734
-810
-2210
-1885
-683
-210
-597
-579
49
-213
-1294
-1789
-645
981
1130
-5
-825
-587
201
620
964
1211
1280
645
-107
-54
797
1426
1152
990
988
871
909
1059
1379
951
-799
-1333
196
1761
461
-1150
-1901
-1130
-1142
-2801
-1358
2141
1847
-3251
-5049
-1816
2160
2164
-1097
-1142
972
130
-3049
-2355
1962
3987
831
-2920
-1060
2399
2274
-216
-104
2704
3564
591
-2027
-117
2065
1247
-525
-327
1328
792
-1804
-3175
-1162
894
205
-1660
-2058
-868
-185
-820
-1113
-51
259
-754
-1756
-1053
865
1503
520
-940
-952
86
729
729
1049
1530
881
61
-316
384
1599
1726
1121
760
884
902
1010
1206
1394
232
-1494
-1143
750
1187
-128
-1115
-1077
-392
-1479
-2440
212
2535
-373
-4503
-3726
110
2132
128
-1932
-308
1065
-1434
-2930
34
3748
2541
-1693
-2364
1118
2605
393
-913
1166
3572
2088
-1294
-1165
1661
2153
-47
-670
946
1624
-615
-2873
-2142
437
1095
-888
-2248
-1440
-502
-1163
-1554
-413
667
152
-1484
-1811
-171
1438
933
-705
-1108
-174
510
183
388
1158
1358
670
-86
101
1178
1675
808
172
570
1083
1215
1013
1193
1262
-416
-1836
-617
1404
1355
-98
-1534
-1399
-819
-1971
-1998
1355
2507
-1299
-4387
-2814
734
1554
-775
-1508
607
515
-2402
-2403
1510
3905
1049
-2389
-1207
2019
1904
-556
-130
2903
3712
398
-2170
-388
2230
1501
-550
-48
1598
899
-1857
-2988
-860
1395
598
-1633
-2002
-898
-759
-1404
-1106
256
780
-720
-2169
-1558
341
1219
363
-858
-576
397
206
-257
394
1253
1185
423
-167
552
1930
1586
421
383
1176
1392
1038
849
1310
1310
-710
-1935
-347
1555
1196
-501
-1592
-830
-469
-1910
-1494
1640
1899
-1901
-4187
-2609
771
1290
-967
-1202
557
-295
-2796
-2152
1459
2811
23
-2187
-162
2242
999
-768
527
3195
2919
-328
-1523
818
2314
527
-663
801
2094
489
-2166
-2280
216
1455
-10
-1604
-1374
-598
-1048
-1546
-739
606
355
-1487
-2347
-1368
264
673
-48
-690
-282
-36
-699
-559
646
1438
1297
440
-127
741
1509
816
251
894
1681
1494
894
845
1408
1357
-496
-1813
-196
1821
1231
-730
-1686
-950
-362
-1606
-1628
1202
2332
-836
-4250
-3380
425
1444
-817
-1513
446
402
-2269
-2968
358
3273
1428
-1680
-756
1931
1374
-839
-144
2826
3261
229
-1420
530
2145
632
-797
575
2271
849
-1989
-2110
176
1371
151
-1046
-760
-414
-1396
-2137
-740
898
574
-1143
-1870
-1214
-328
37
-42
99
389
59
-741
-646
487
1081
869
470
232
490
901
684
403
1034
1556
1016
318
484
979
1022
260
-1021
-816
579
788
-91
-651
-649
-515
-899
-1600
-487
1448
900
-1549
-2731
-1597
223
300
-760
-327
644
-333
-2223
-1923
784
2178
536
-1152
-316
967
413
-731
-86
1936
2123
79
-764
503
1207
116
-600
652
1952
1116
-713
-1243
-300
182
-402
-446
497
408
-938
-1463
-784
-32
-165
-710
-708
-357
-439
-764
-571
33
106
-382
-376
166
282
160
326
333
136
253
489
527
593
494
376
737
1082
776
728
878
347
-205
-28
395
409
482
410
180
113
-245
-527
-217
260
23
-255
-406
-555
-736
-836
-585
-516
-526
-572
-742
-730
-474
-426
-531
-394
-307
-249
-179
-166
-137
93
258
74
2
158
384
419
386
656
805
727
376
211
356
537
491
292
339
329
212
-21
-121
-41
-122
-400
-424
-170
-216
-366
-525
-746
-824
-660
-435
-224
52
98
-44
-304
-359
-97
199
452
453
414
500
565
202
45
405
480
574
659
568
635
560
183
77
431
434
105
77
-30
-199
-419
-631
-610
-434
-381
-563
-671
-584
-426
-435
-457
-379
-448
-514
-422
-186
141
313
82
-147
-60
19
130
254
387
380
172
90
87
218
313
156
147
397
527
465
420
302
248
156
66
60
48
-101
-468
-609
-509
-446
-498
-492
-352
-259
-62
154
273
254
108
-95
-254
-76
376
652
642
530
150
-87
29
37
357
935
970
567
176
-161
-278
-54
60
129
296
64
-422
-505
-199
-19
-162
-393
-542
-666
-658
-602
-599
-596
-586
-560
-584
-476
-150
133
268
378
385
144
64
355
216
-18
75
61
203
216
-80
-284
-265
31
638
883
508
379
383
-32
-129
15
-122
-61
54
-382
-723
-652
-425
-5
165
211
452
481
30
-229
243
90
-430
-260
-483
-417
17
-216
-280
389
1187
1139
783
746
819
720
314
231
358
-60
-810
-1352
-1456
-1034
-118
341
225
495
698
741
740
466
55
-733
-1285
-1316
-1227
-1039
-1067
-769
-402
-447
219
926
1336
1609
1194
533
-272
-486
-620
-1115
-996
-761
-414
111
531
733
455
371
779
858
389
192
85
-394
-646
-678
-769
-525
-27
301
163
133
309
131
75
22
19
-14
-59
31
-350
-554
-188
12
235
419
462
574
669
736
531
332
131
-172
-421
-447
245
781
803
497
-30
-270
-397
-292
-16
231
195
-312
-728
-864
-606
-168
20
10
-116
99
64
-438
-450
-359
-589
-684
-714
-633
-228
196
191
241
633
675
517
308
111
92
-44
-162
-157
-107
-98
-283
-141
268
383
220
146
172
192
378
376
214
110
-213
-612
-696
-337
13
63
150
248
67
-122
-24
42
37
175
142
46
258
295
45
161
423
455
567
429
-24
-67
-26
-53
314
674
624
294
-72
-399
-162
360
361
341
187
-114
-401
-612
-554
-539
-547
-514
-494
-382
-342
-413
-343
-343
-395
-210
6
243
382
310
-6
-256
-159
-142
-73
45
125
379
546
509
394
209
27
17
-17
-55
-34
-153
-394
-586
-458
-155
166
456
382
155
13
-28
-41
-167
-187
-309
-583
-676
-636
-508
-304
-15
137
70
251
471
375
416
721
640
352
250
94
8
5
14
-26
20
232
184
167
309
328
299
152
-20
-74
-93
-45
-283
-612
-534
-430
-429
-445
-458
-408
-259
-78
-76
-128
-4
5
-158
-92
-62
28
334
170
-74
96
261
207
154
401
393
292
347
20
74
219
-32
6
149
244
28
-3
87
-89
-84
-144
-146
-218
-356
-406
-472
-273
-92
-53
-54
112
279
174
125
-2
37
92
-204
-161
-111
-174
-19
126
403
535
617
741
762
692
420
297
139
-82
-12
-257
-442
-195
-303
-480
-346
-12
295
392
327
151
13
-96
-257
-505
-594
-560
-650
-765
-596
-269
-171
-102
130
318
325
340
354
344
233
88
-125
-268
-82
-153
-170
105
100
216
370
331
377
227
22
-27
112
89
-120
-147
-328
-502
-593
-451
-95
19
-3
45
-52
-155
11
128
183
177
-15
-206
-110
161
87
22
132
229
229
176
251
358
418
274
211
308
359
364
288
189
122
128
53
-49
-54
-176
-259
-145
-83
-102
-52
-26
-27
-158
-429
-482
-392
-369
-449
-434
-374
-258
-159
-332
-292
-106
45
220
84
103
275
282
162
12
-125
-136
50
-22
-66
26
88
251
227
134
59
16
124
95
40
-153
-240
-233
-375
-361
-330
-222
-50
-80
-158
-148
19
186
150
97
9
9
15
-40
57
27
-4
40
112
303
342
366
330
343
487
376
232
267
216
69
-12
-122
-184
64
185
81
155
126
6
28
-10
-151
-193
-214
-358
-417
-487
-539
-314
-126
-63
-223
-318
-197
-55
70
20
-44
7
112
132
151
159
123
164
134
47
-21
27
192
255
147
74
137
163
72
-170
-202
-2
92
52
-15
-57
-74
-28
-142
-185
-110
-153
-186
-245
-186
-177
-171
-69
-86
-84
-49
107
193
195
246
156
162
269
124
55
169
145
77
124
110
119
311
358
345
327
177
119
127
125
18
-148
-226
-311
-293
-312
-252
-81
-55
-21
-68
-83
-86
-138
-203
-384
-470
-456
-479
-342
-200
-131
-35
99
204
305
448
384
321
267
-27
-120
-97
-57
41
74
86
46
152
133
151
219
205
246
99
-58
-206
-338
-319
-289
-199
-152
-156
-158
-110
-81
-95
21
85
51
26
-18
-115
-123
-49
-64
-17
153
154
151
274
291
263
323
400
398
362
295
171
167
162
111
181
197
207
82
-58
-82
-125
-75
-113
-140
-104
-100
-207
-337
-364
-374
-284
-240
-275
-252
-293
-281
-294
-290
-162
-97
-3
-40
-12
-21
-31
100
119
239
271
157
119
66
145
243
246
234
226
149
-32
-71
-22
22
161
95
-42
51
-23
-118
-107
-147
-110
-58
-120
-189
-167
-144
-102
-46
-47
-28
48
116
98
81
72
90
118
83
35
104
191
210
217
234
284
268
223
166
98
102
81
45
61
77
31
-73
-121
-128
-88
-73
-108
-140
-172
-218
-280
-371
-380
-386
-378
-297
-250
-188
-117
-107
-92
-41
5
46
102
28
-27
8
35
85
60
89
130
163
198
206
224
214
211
118
47
34
-16
-18
-34
-22
-14
-49
-72
-68
-58
-89
-49
-4
-28
-60
-112
-160
-141
-122
-126
-53
-15
-1
40
82
131
198
212
143
174
158
138
165
159
182
155
188
229
204
216
179
199
197
157
88
10
16
-54
-125
-185
-242
-203
-199
-232
-244
-229
-190
-238
-262
-326
-307
-239
-276
-268
-257
-212
-189
-207
-173
-144
-93
-63
-61
-8
40
79
83
85
94
101
106
80
54
59
65
36
-3
-10
12
37
24
-5
30
36
37
0
-69
-8
36
35
10
-10
27
33
42
35
71
134
137
131
98
119
149
146
140
128
150
158
189
237
256
277
275
226
200
226
233
187
136
69
4
-23
-19
-15
-22
-16
-32
-71
-95
-105
-126
-157
-200
-219
-221
-218
-220
-242
-235
-214
-198
-183
-170
-140
-96
-92
-125
-138
-112
-95
-92
-54
-23
-3
45
82
57
70
96
48
47
73
35
4
-6
-41
-42
-34
-73
-50
-3
-9
-38
-59
-60
-63
-47
-76
-97
-52
-22
-46
-79
-41
-5
23
68
90
99
100
105
111
113
149
151
163
160
159
237
270
301
298
234
166
137
141
115
97
78
60
25
-26
-53
-37
4
-20
-53
-74
-96
-84
-125
-173
-180
-187
-198
-238
-244
-208
-177
-139
-112
-82
-57
-80
-106
-97
-34
3
-9
-18
-40
-45
-30
5
47
80
78
54
30
25
56
79
50
20
-20
-42
-12
-19
-21
-10
-8
-14
-37
-42
-36
-7
-7
-25
-12
-3
-9
-10
7
22
48
62
46
34
43
46
35
54
73
82
90
94
85
89
103
93
88
68
62
65
57
35
25
43
52
67
58
34
24
4
-12
-33
-44
-44
-74
-93
-113
-118
-102
-98
-71
-51
-49
-58
-53
-39
-35
-27
-42
-59
-64
-70
-82
-79
-40
-11
10
27
23
30
35
29
24
24
26
16
8
-3
-12
11
20
14
22
24
18
20
19
6
3
-12
-27
-23
-27
-19
-6
4
17
34
45
30
23
18
-1
-5
-6
-12
-7
1
-9
-20
25
58
53
64
44
28
22
8
6
1
12
-10
-30
-15
-1
37
53
54
34
10
3
-6
-1
-2
-5
-10
-22
-14
0
13
24
27
8
1
-8
-17
-10
-17
-30
-41
-41
-27
-6
10
10
10
15
9
5
8
-10
-22
-23
-34
-47
-51
-42
-24
-4
-4
-13
-10
-8
2
-4
-32
-48
-54
-40
-29
-15
12
32
40
33
17
37
63
70
52
14
-6
-10
-5
-7
1
14
19
21
13
16
28
38
42
25
10
-3
-17
-18
-24
-38
-49
-44
-36
-36
-31
-27
-5
19
15
6
-5
-4
4
-6
-14
-13
-6
1
12
15
12
23
26
28
37
43
36
27
24
10
13
19
16
13
2
-2
-6
2
-2
-17
-14
-14
-24
-24
-18
-16
-17
-20
-32
-37
-30
-22
-6
0
-3
-1
-5
-9
0
8
7
17
9
-2
-3
3
16
20
22
17
5
2
-1
-2
-3
-17
-20
-22
-22
-13
-17
-16
-21
-17
-13
-20
-21
-23
-18
-16
-15
-8
-10
-18
-28
-26
-18
-5
17
17
17
24
11
13
12
6
-1
-5
8
5
10
18
21
34
36
32
36
34
30
18
7
-1
-3
-5
-14
-12
-14
-21
-19
-23
-13
-5
-6
-7
-13
-12
-16
-17
-8
-6
-1
7
4
8
14
18
24
24
16
6
-1
-5
-7
1
2
6
9
7
6
-1
0
-7
-12
-14
-14
-8
-4
-10
-11
-15
-13
-6
-2
5
5
5
-1
-7
-4
-7
-1
2
0
4
4
8
10
9
7
9
17
15
16
6
-5
6
8
9
11
14
24
17
15
16
19
20
9
-2
-17
-16
-13
-16
-7
5
4
1
-1
0
11
17
15
10
6
6
10
8
3
-10
-21
-18
-16
-9
2
2
-3
-6
-8
-7
0
16
17
8
7
4
-1
-6
-6
-10
-8
-1
3
-3
-5
-7
-4
-4
-10
-14
-7
-9
-13
-10
-14
-13
-6
-5
-15
-8
4
1
-6
-10
-10
-15
-15
-16
-21
-9
-1
0
5
0
3
6
2
4
1
0
4
7
2
-4
3
4
3
3
2
3
8
7
6
7
7
9
5
6
6
3
5
0
-13
-16
-15
-13
-9
-13
-10
-3
2
5
-2
0
0
0
-2
-10
-6
-6
1
7
2
6
12
10
5
-6
-7
-6
4
2
-8
-3
5
10
5
1
3
4
5
-1
-1
-3
0
-2
-9
-10
-14
-3
6
6
2
5
8
8
4
-1
-7
-8
-7
-7
-9
-10
-2
4
9
16
19
21
14
6
-2
-6
2
9
9
7
9
11
14
17
12
14
14
7
10
10
6
7
8
3
-9
-15
-15
-12
-6
-7
-9
1
7
12
10
6
8
6
3
-3
-4
-6
-14
-15
-18
-15
-7
2
2
3
8
6
7
-2
-4
2
0
1
-6
-14
-12
-10
-12
-8
-4
4
1
-4
-10
-13
-4
1
1
-5
-11
-13
-13
-12
-10
-9
-10
-7
-4
-2
5
11
3
-2
-1
2
4
15
18
11
10
16
20
23
20
13
10
7
7
3
-1
-1
1
1
0
2
4
4
5
0
-7
-10
-10
-10
-8
0
4
3
11
14
11
7
1
4
7
4
6
11
11
7
6
1
3
17
20
18
20
20
12
2
-5
0
-3
-4
-3
-22
-27
-29
-32
-33
-23
-11
-16
-20
-10
-12
-10
-3
-7
-7
-15
-17
-8
-13
-17
-18
-23
-12
5
16
18
17
35
25
23
29
11
27
36
7
-17
-27
-19
-8
8
17
12
9
-1
-14
-12
1
4
3
-10
-14
-16
-23
-23
-29
-22
2
29
16
-1
-8
-14
-21
-31
-24
-25
-9
-8
-28
-24
-19
4
18
29
35
24
35
32
14
10
7
9
8
4
-1
-19
-7
3
-11
-8
-9
0
5
5
13
8
3
5
-2
-15
-21
-14
-15
-21
-11
1
9
9
9
0
-2
-3
-10
9
13
17
23
20
24
19
18
15
9
17
13
10
10
6
1
-9
-10
-11
-17
-8
-7
-14
-7
2
9
7
5
6
1
6
5
-3
-1
1
-1
-8
-8
-6
-13
-10
-6
5
12
1
3
10
5
10
25
16
1
-13
-25
-19
-14
4
6
-13
-17
-20
-14
-15
-5
10
8
6
-12
-24
-22
-15
-9
-8
-9
-4
-6
-6
-2
-7
-5
-3
12
24
14
14
18
15
7
-1
-4
4
13
9
14
17
27
26
13
14
17
25
15
-7
-11
-17
-16
-8
-14
-17
-20
-15
-6
-7
1
8
-6
-13
-15
-20
-14
-9
1
3
9
13
2
0
3
14
14
13
12
3
12
17
11
4
0
-8
-2
7
10
16
8
-1
-3
-5
-5
-6
-3
-1
-11
-13
-4
6
9
-1
-4
-7
-13
-13
-30
-13
12
16
23
13
4
7
7
14
14
17
26
9
-4
-4
-7
-1
18
12
2
4
-6
-12
-4
2
-13
-24
-19
-23
-23
-12
-18
-23
-9
-13
-26
-11
-4
5
0
-12
-6
-6
-5
-9
-8
-4
-15
-23
-17
-9
12
22
3
-15
-21
-11
5
36
32
15
24
7
-11
-22
-22
1
9
16
4
4
12
-12
-5
2
-1
13
-25
-48
-32
-36
-2
-4
16
33
17
33
14
19
35
7
11
0
-25
-16
-3
10
18
16
16
2
7
16
10
32
17
1
6
-22
-26
-24
-28
13
7
-7
-5
-28
8
5
-8
22
-13
-12
-7
-25
18
4
4
23
-10
-3
8
7
27
16
14
6
-23
10
18
8
40
12
-15
-13
-32
-17
5
38
42
1
-8
-47
-45
-5
4
36
16
-22
-25
-42
-22
-2
8
30
9
-7
-16
-20
7
20
28
19
-8
-6
0
1
9
24
22
-5
-10
-9
2
30
35
18
6
-10
-15
-3
-2
13
24
-7
-10
-15
-25
3
14
31
28
2
11
1
-2
12
-5
-11
-16
-34
-21
-11
0
8
1
-2
-4
-9
-5
-1
3
6
-8
-23
-34
-24
-15
-15
8
18
9
17
11
6
10
12
8
-7
-8
-13
-23
-21
-12
-4
9
26
11
7
14
-1
8
19
-3
-10
-20
-17
15
-1
-5
2
-5
10
5
21
33
9
13
-17
-24
-14
-57
-20
2
-13
7
-23
-29
-25
-24
24
21
21
17
-32
-38
-20
-16
4
9
-9
-13
-22
-14
8
25
45
55
36
21
-8
-3
23
7
4
-22
-20
-17
-37
-14
-17
13
34
26
54
24
20
24
-14
-11
-28
-33
-18
-26
-6
-7
-7
17
23
32
8
-4
-4
-27
1
-15
-24
3
-19
-24
-32
-9
24
20
32
10
-13
2
-9
1
16
-10
-14
-11
-1
5
10
24
20
24
13
3
12
-2
-8
-10
0
30
19
10
-1
5
13
-18
-8
-2
6
28
15
8
14
11
8
-7
5
19
3
3
-5
-16
-9
-12
-23
-23
-8
5
14
-2
1
8
4
17
0
20
15
-41
-26
-34
-24
-2
-11
6
-5
-2
13
12
16
3
-5
-19
-19
-3
-31
-19
-2
-4
-1
-12
8
15
15
29
6
7
5
-24
-6
-10
1
24
-6
-4
-6
-14
-4
-2
7
14
-7
8
2
2
18
-3
8
1
-1
5
-24
-26
-18
-17
1
-11
9
19
12
17
16
36
27
18
10
-6
3
-4
-19
-4
-2
-11
-8
-14
1
8
17
24
20
7
3
-11
-14
1
9
27
12
11
13
-8
10
15
4
20
2
-3
3
-10
-16
-9
-4
-10
-11
-14
2
5
-5
6
-6
1
16
-4
7
10
2
12
-5
20
30
6
8
9
-3
15
-6
-22
-4
-2
-3
-3
-11
-6
6
-5
-1
-10
-9
-13
-39
-39
-38
-22
-2
2
8
-3
-1
4
3
12
26
15
0
-5
-22
-33
-22
-2
-1
-2
-1
-4
1
6
8
12
-3
-4
-13
-27
-4
0
1
10
-5
-9
-8
-14
18
28
26
16
-3
-2
-11
-5
3
3
-4
9
-8
-10
17
9
11
5
-1
0
-18
-11
-4
2
18
10
-6
-11
-12
-8
10
6
-1
4
-14
-8
9
3
1
4
-3
-7
-16
-4
-2
-3
9
-4
2
3
-8
-2
-8
-14
-13
-20
-9
2
-1
-10
-4
-7
-11
-4
-2
3
-1
4
3
1
-1
-9
1
1
-28
-10
-4
-15
7
8
7
15
14
3
4
16
15
16
9
-1
5
1
-4
8
14
23
30
25
10
-4
-2
-10
-20
-13
-16
-15
1
13
23
20
13
15
3
8
18
5
-4
-2
-15
-19
-11
-3
12
17
23
21
24
27
13
12
-2
-17
-12
-27
-36
-12
-5
-4
5
8
0
2
10
12
2
-3
-1
-8
-15
-18
-21
-18
-10
-2
-2
-3
13
20
16
2
-12
-5
-14
-19
-9
-18
-5
0
-8
1
-7
5
12
5
1
-8
3
7
12
12
3
3
1
3
-11
-16
-8
-24
-12
-10
-17
-3
-3
1
0
-3
3
-1
8
12
-2
-1
-7
-10
-6
-7
-1
5
12
6
11
1
-5
15
5
5
10
2
4
0
-9
-7
-6
14
9
6
16
0
-7
-14
-11
-8
3
8
-4
-3
-2
-12
-4
1
6
14
12
7
-8
-3
-4
12
21
4
3
-2
-10
-1
3
6
10
6
4
1
5
7
9
10
7
-1
-3
-8
-11
-6
-6
-5
-2
-1
-2
2
8
9
7
-1
-15
-9
-8
-13
-7
-11
-3
-6
-4
11
3
9
6
-3
-9
-16
-5
-2
4
10
5
6
3
11
9
12
12
-11
-8
-1
2
17
18
20
17
10
5
-8
-9
-5
0
-1
-15
-13
-6
-11
-6
-3
-11
-7
-3
-1
-3
2
4
7
2
-7
-8
-9
-7
-7
-8
-8
-8
-8
-10
-10
-4
5
6
3
7
16
5
1
-8
-8
2
0
4
-6
0
-3
-9
-8
-8
4
10
10
7
1
-13
-14
-13
-16
-6
-9
-2
3
1
8
12
17
25
26
16
15
8
3
-3
-5
7
12
21
13
8
3
-3
3
9
8
1
-2
-9
-11
-7
-5
-5
-8
-4
1
1
6
3
1
1
1
2
-4
0
8
2
-1
-2
-6
-6
-7
-3
2
0
2
-6
-3
5
11
15
2
2
-2
-8
-10
-5
3
8
10
8
7
7
5
-3
-6
-20
-18
-15
-16
-15
-10
-13
-6
5
-3
0
10
20
20
10
3
0
2
0
-1
5
6
4
3
6
8
13
9
4
8
2
-5
-9
-7
-6
-13
-14
-10
-10
-11
-7
-7
-9
-7
-1
5
-2
-1
1
-5
-4
-1
-1
2
6
18
19
11
8
-1
-1
2
5
5
9
10
1
-5
-7
-2
-1
-2
-1
-1
-5
4
5
-5
5
8
8
10
14
7
-10
-15
-17
-17
-8
5
5
0
1
0
-9
-9
1
-1
-10
-5
-7
-11
-9
-9
-4
0
0
-2
-1
2
2
4
11
13
9
-4
-9
-4
0
-1
-5
-14
-25
-14
0
5
2
-1
9
8
13
10
6
7
0
-6
-11
-7
-3
-3
-1
-5
-4
-9
-8
-2
4
14
19
17
5
-5
-5
3
-3
0
3
-4
-12
-18
-13
-15
-7
0
0
1
2
9
7
16
24
17
9
7
8
-1
-3
0
-4
-12
-21
-22
-15
-12
-7
1
-2
0
-1
1
5
2
2
-8
-11
-5
-4
5
0
0
7
7
5
8
9
0
-2
4
-5
-11
-6
-7
4
11
11
13
13
16
15
15
20
17
7
-2
-10
-17
-17
-11
-9
0
4
3
6
5
9
13
13
5
-2
1
-8
-10
-12
-19
-12
-3
9
15
19
24
17
16
11
1
-1
-7
-14
-16
-15
-6
4
1
-14
-8
3
11
12
3
0
-3
-7
-13
-9
-6
-13
-6
0
-1
1
3
4
-1
8
19
14
12
13
6
-4
-7
-12
-16
-13
-2
8
6
4
4
5
9
14
15
13
5
-1
-10
-17
-12
-15
-13
2
4
-6
-3
3
0
2
0
-1
5
11
11
7
2
4
8
12
10
6
5
0
-4
-5
-4
-1
2
-1
-5
-9
-12
-12
-17
-15
-15
-13
-7
-5
-2
-6
-15
-5
3
2
3
4
4
-2
-11
-9
-4
-7
-4
-2
0
11
7
4
7
5
9
10
4
1
-1
-5
-3
-7
-9
-7
-9
-8
-10
-8
-7
-11
-2
4
1
8
19
17
8
9
12
11
9
5
1
-1
0
-1
-5
-3
0
0
-3
3
4
6
7
5
-1
-9
-9
-14
-12
-6
3
19
17
6
11
17
11
-4
-12
-8
-8
-11
-10
-10
-12
-6
0
-3
-2
-3
2
-1
-3
4
2
4
-1
-7
-5
1
-2
-5
4
6
7
8
7
3
1
2
4
9
10
16
14
11
8
5
7
4
1
5
10
3
-1
5
8
8
16
16
6
7
10
3
0
-2
0
-4
-5
-3
-4
-6
-2
6
7
2
1
0
-9
-5
2
6
6
2
-2
-7
-5
5
2
-3
-1
-5
-1
6
9
3
-3
-3
-12
-12
-8
-5
-1
2
-1
-1
0
-1
-10
-14
-7
-4
-4
-7
-12
-11
-15
-21
-20
-19
-15
-9
-4
-7
-16
-13
-6
-3
-1
6
12
7
7
15
24
22
13
10
6
7
5
4
4
1
0
2
5
9
7
5
3
1
-2
-12
-11
-6
0
0
4
8
2
3
3
3
10
12
11
8
4
0
-12
-15
-12
-18
-16
-11
-5
3
4
0
0
0
-3
0
-2
-5
-14
-14
-10
-8
-1
-3
-5
-2
2
3
4
8
9
9
9
6
-1
-3
-6
-4
-1
-6
-5
-2
2
7
11
9
7
3
-3
2
0
-3
-6
-8
-4
3
6
7
-1
-1
-4
-4
2
1
-2
-8
-11
-10
-11
-4
0
-2
1
-4
-2
-1
-1
5
3
4
-3
-16
-12
-8
-8
-9
-8
-5
-11
-9
-7
-6
-6
-6
-4
-2
1
0
1
2
5
5
-5
-7
-4
0
2
4
8
9
10
6
6
10
18
14
10
12
7
5
6
7
4
0
-2
-8
-10
-7
-5
-3
-1
1
1
4
10
10
8
9
12
11
9
-1
0
-3
-9
-6
-4
-4
-1
2
7
9
11
9
1
1
-5
-10
-10
-9
-2
0
1
7
7
5
5
6
8
9
8
5
-2
-2
1
-5
-10
-5
-5
2
5
1
3
0
1
4
-2
-6
-8
-6
-4
-3
-8
-12
-9
-7
-5
-3
-3
4
6
9
8
5
4
-4
-8
-5
-4
-3
-4
-7
-5
0
5
10
9
16
18
18
18
17
16
16
11
2
-5
-2
-1
-5
-12
-14
-11
-10
-7
-1
1
1
4
5
9
11
10
3
-2
-5
-8
-12
-10
-11
-11
-1
3
6
9
6
6
5
1
-4
-11
-13
-11
-17
-17
-10
-7
-7
-8
-2
0
0
-1
-4
-4
-8
-8
-11
-10
-5
-3
-3
4
5
6
8
6
9
5
2
3
-1
1
4
6
5
2
2
3
5
3
-1
-6
-6
-1
2
0
1
4
5
14
17
15
15
13
13
4
5
10
2
-5
-14
-16
-15
-12
-10
-9
-7
-6
-1
1
-3
-5
-8
-7
-10
-15
-5
-1
-6
1
4
4
7
3
3
6
7
8
2
-3
-4
-2
-1
2
-1
-2
4
0
-1
-8
-10
-3
-1
2
-1
-5
-5
-3
-4
-10
-13
-16
-14
-10
4
7
2
1
-6
-10
-6
2
6
7
-1
-2
-3
-4
5
2
2
3
-1
-3
-3
6
11
15
17
20
17
18
21
15
10
5
-1
3
5
5
1
-6
-7
-6
-5
-9
-8
-9
-10
-8
-3
-2
0
7
8
11
11
6
4
6
4
3
3
-1
3
7
7
3
1
6
-2
-4
-4
-9
-8
-13
-20
-18
-17
-21
-15
-12
-6
-1
-4
0
-1
1
1
-1
3
0
-2
-3
-3
-3
1
3
0
3
3
1
1
0
4
8
4
-1
-6
-1
-1
0
2
1
3
8
9
8
11
8
7
7
2
2
-1
0
5
7
8
7
1
-5
-4
0
-1
-3
1
-6
-11
-9
-2
5
10
18
20
14
15
15
4
0
-2
-2
-2
-2
-2
0
2
3
2
3
5
1
3
-3
-12
-18
-17
-17
-21
-18
-13
-8
-6
-5
1
5
5
2
-3
-6
-8
-4
-1
-1
0
1
-1
-2
0
3
8
10
9
5
0
-2
-5
-8
-10
-4
-5
-6
-3
-2
-5
-6
-3
-3
4
7
1
-4
-3
-4
-4
0
0
-2
-4
-1
5
10
12
10
9
3
0
1
1
-3
-1
-5
-8
-5
-4
3
7
5
7
7
10
8
4
6
2
8
7
2
6
6
5
0
-6
-7
-4
0
-1
-7
-4
-3
-2
-4
-10
-5
2
8
8
5
9
8
4
7
4
-2
0
0
0
3
6
10
15
14
6
2
0
-4
-8
-7
-9
-11
-10
-7
-1
3
3
8
8
1
1
6
5
6
3
-2
-1
0
-5
-3
1
1
3
9
11
14
9
4
1
-12
-18
-15
-4
-4
-10
-8
-8
-9
-9
-10
-11
-7
-4
-5
-3
0
-3
-7
-10
-8
1
5
7
6
-2
-4
1
5
3
-1
0
-3
2
3
-1
-3
-6
-8
-5
3
11
12
8
3
0
5
10
8
4
-3
-5
-3
-5
-4
0
-2
2
6
10
7
6
7
6
15
14
7
5
4
0
4
6
4
3
-2
-8
-8
-10
-11
-5
-1
1
-2
-4
1
3
1
-2
-7
-10
-10
-13
-14
-9
0
5
0
-2
-1
1
1
0
-5
-11
-11
-8
-3
4
13
15
13
12
9
5
1
2
0
2
5
4
2
0
-2
-5
-5
-2
0
1
7
15
20
19
12
6
6
8
-3
-10
-12
-8
-2
-5
-3
0
3
5
-1
5
11
10
7
3
1
-6
-4
1
-1
-3
-9
-10
-6
-6
-2
2
3
3
7
5
2
2
-2
-6
-5
-1
2
-4
-8
-11
-7
-5
-10
-8
-5
-9
-11
-13
-16
-17
-15
-10
-7
-3
1
2
5
12
9
4
4
2
2
2
0
-7
-14
-23
-20
-11
-3
7
10
12
8
2
1
0
2
4
-1
-6
-5
-9
-8
-5
0
1
3
0
-3
-4
-7
-2
-1
-1
2
3
3
6
13
16
13
10
7
5
4
4
0
-2
0
0
-3
-5
-6
-4
3
3
1
-1
-7
-5
1
-6
-9
-6
-4
-3
-4
7
13
13
12
5
7
3
-2
-5
-12
-10
-1
8
8
4
6
2
0
0
-2
-5
-3
-10
-20
-15
-5
0
0
1
1
1
6
10
10
9
4
3
-2
-6
3
8
15
22
20
11
8
5
6
-2
-5
-5
-9
-6
-9
-12
-10
-3
6
11
13
15
10
5
5
5
6
8
7
4
-1
-3
-4
-3
-1
1
-1
-5
-4
-6
-7
-2
3
9
8
7
11
8
2
-3
-1
0
-1
4
5
7
3
0
-3
-5
2
0
-1
-1
-1
-1
-1
1
2
1
-3
-9
-12
-13
-10
-7
-8
-8
-5
-7
-5
-2
-2
-6
-7
-7
-6
-4
-4
-2
2
7
7
2
-3
-1
-4
-9
-10
-10
-11
-13
-8
-6
-8
-12
-17
-19
-18
-11
0
3
0
-2
-2
2
7
3
3
7
7
5
2
-2
0
0
3
6
5
-1
1
-1
-7
-5
-1
1
-5
0
3
2
5
6
5
6
10
6
0
-3
-2
2
-1
1
5
7
8
8
11
8
5
7
8
7
6
4
-1
3
8
5
1
-1
3
4
-1
-2
2
4
1
-2
2
4
7
15
10
8
12
14
13
10
9
8
9
2
-3
-4
-12
-16
-18
-20
-19
-16
-12
-8
5
11
10
17
13
5
0
-8
-13
-12
-9
-8
-7
-8
-7
-5
-6
-7
-2
0
-4
-7
-6
-2
-1
2
0
3
8
10
15
17
16
11
5
0
-2
-6
-8
-4
-5
-6
2
6
9
12
10
6
2
1
3
0
-5
-9
-12
-12
-9
-7
-7
-11
-11
-9
-6
-6
-7
-7
-10
-10
-3
0
-2
4
1
1
3
4
1
-2
-1
-4
-7
2
8
10
11
4
4
3
1
3
5
7
8
14
15
12
13
10
13
14
14
16
12
10
12
5
-4
-9
-9
-8
-8
-8
-9
-13
-4
-1
-4
-5
-5
-1
5
1
-5
-7
-4
1
-3
-8
-7
-7
-2
-3
-9
-15
-12
-3
-2
-3
-5
-5
0
10
18
17
7
-2
-4
-6
1
-2
-10
-11
-11
-6
-8
-3
-2
7
18
7
3
5
9
9
-1
-8
-11
0
5
-5
-7
-6
-3
-5
-5
-1
1
5
-4
-2
4
7
14
9
3
7
7
10
-2
-12
-13
-6
4
-1
-2
0
0
0
2
8
12
11
11
11
7
1
-2
-3
-5
1
0
0
-6
-9
-6
-11
-2
-3
-4
-3
-15
-14
-5
-3
2
3
3
7
10
4
1
3
-2
-2
-6
-7
-5
-6
-7
-8
-6
0
2
2
5
14
17
4
0
-2
3
5
4
0
-5
0
-1
-5
-8
-7
0
4
-2
-8
-6
3
7
5
3
5
10
5
-1
5
7
7
6
6
9
13
10
0
-8
-10
-5
-7
-7
-2
-5
-5
-1
-3
-1
4
-2
-9
-12
-8
-6
-6
-10
-14
-15
-9
-7
-9
-3
3
5
4
1
1
-2
-6
-9
-6
-8
-6
-7
-6
-3
-7
-1
4
0
0
1
-2
1
6
5
0
0
7
4
8
13
9
9
16
22
21
21
23
27
19
12
8
3
5
1
-1
0
6
5
2
3
4
9
8
6
7
2
-2
-6
-9
-11
-9
-7
-7
-1
4
6
5
6
6
5
7
3
-4
-7
-8
-4
-6
-9
-4
-2
-3
-1
1
-3
-3
-6
-9
-12
-14
-18
-21
-14
-7
-2
4
7
4
3
5
-2
-5
-2
4
7
2
0
1
1
5
6
4
1
-2
-7
-19
-21
-19
-17
-16
-7
6
15
14
11
12
12
9
0
-3
-5
-7
-2
-8
-14
-9
-3
-4
-9
-6
1
5
6
3
-1
3
0
-9
-10
-7
-3
1
4
5
4
8
8
6
4
-4
-6
5
10
5
4
4
0
1
3
4
7
4
-7
-14
-11
-7
-11
-13
-10
-4
-5
-10
-14
-8
-6
-7
-2
-2
-1
0
0
4
9
6
3
5
14
17
16
11
7
1
-1
-2
-5
-4
-3
0
0
1
5
10
9
6
6
11
12
8
2
-1
-3
0
4
-5
-8
-4
2
7
5
5
3
3
7
7
7
4
7
8
2
-5
-8
-8
-13
-12
-15
-16
-13
-9
-3
0
1
-3
-5
-9
-10
-6
-1
9
10
8
6
-1
-3
-8
-5
1
-4
-6
-2
-2
1
0
4
6
3
-1
-4
-1
7
9
5
2
1
6
2
2
0
-4
-5
-10
-6
-1
-4
-2
-4
-4
-7
-8
-3
-1
4
9
9
8
7
9
10
8
13
11
10
13
12
8
7
8
7
0
-3
-8
-11
-1
9
10
11
4
-6
-5
-6
-3
-8
-13
-14
-11
-13
-10
-5
-4
2
5
-1
-4
2
6
4
3
4
4
3
0
1
10
8
3
-2
-5
-9
-5
1
2
2
0
1
0
4
8
9
9
17
14
5
5
5
0
-9
-10
-7
-8
-6
-2
0
-3
-2
2
-3
-5
-3
-5
-4
-6
-10
-8
3
10
12
11
6
7
7
5
10
11
3
-2
-2
-9
-14
-12
-10
-9
-5
-3
-5
-6
-4
-1
1
1
-4
-7
-9
-9
-11
-10
-11
-5
2
5
10
11
7
4
1
3
4
3
2
1
3
-1
-2
-5
-3
3
1
1
4
7
8
7
0
-1
-5
-5
0
2
4
3
4
6
5
8
8
-3
-14
-11
-6
-10
-19
-19
-12
-4
0
2
12
15
10
-1
-2
0
-2
-3
2
10
7
-2
-3
1
4
3
2
-2
-5
-7
-6
-1
4
2
0
3
3
-1
-2
1
3
7
8
4
3
4
4
4
4
6
2
1
4
2
-6
-11
-12
-5
-2
1
-1
-3
3
9
12
5
7
7
2
-4
-6
-4
-6
-4
-1
-2
4
5
0
-1
5
7
9
6
2
2
4
0
3
4
1
-5
-6
-2
0
3
3
3
6
3
-1
-4
-10
-9
-7
1
8
8
4
5
11
6
0
-4
-6
-10
-7
-7
-8
-8
-8
-5
-1
-1
-2
-1
0
1
2
6
3
1
5
1
-2
-3
-3
-3
-4
-10
-13
-8
0
1
-1
-4
-8
-6
-2
5
7
6
6
7
5
-1
-4
-2
2
2
1
-5
-3
3
7
6
4
5
4
-1
-3
-1
2
2
-2
-10
-14
-10
-1
5
5
2
0
1
-2
-2
-2
-9
-16
-16
-13
-10
-4
1
-3
-8
-9
-7
-8
-5
-3
-5
-11
-19
-25
-24
-16
-10
-8
-8
2
8
10
15
19
23
21
18
14
10
10
12
11
8
8
9
2
-1
-5
-9
-5
-2
2
7
7
12
8
-2
-8
-12
-10
-13
-12
-8
-6
-7
-6
-3
-1
4
6
4
5
3
0
6
11
15
16
12
6
0
1
3
-4
-4
-4
-9
-11
-17
-18
-16
-10
-2
0
4
6
10
9
6
8
15
13
7
9
7
-3
-9
-9
-7
-3
1
2
-2
-2
-1
-1
3
7
6
4
3
-1
1
-4
-5
-3
-3
4
5
3
2
4
6
7
-2
-8
-1
9
10
10
10
6
6
5
-1
-2
0
-2
-6
-5
-3
2
9
8
6
4
-1
-3
-4
-3
5
5
0
-1
0
0
-4
-7
-7
-4
3
7
9
6
-2
0
3
10
11
8
6
1
2
3
6
6
1
2
0
-2
-2
-6
-9
-9
-7
-3
-3
-7
-6
-4
-1
3
10
7
6
8
-3
-9
-10
-12
-7
-7
-11
-10
-8
-6
-7
-4
0
-2
2
1
-3
-1
0
-1
-6
-8
-4
1
5
4
6
6
10
10
2
-2
-2
-1
-2
-1
3
3
-2
-6
-5
-1
1
5
1
2
3
0
-5
-8
0
5
5
9
10
4
2
-2
-8
-10
-9
-8
-9
-9
-5
-3
-4
-3
0
0
-2
-4
-4
-3
-4
-2
4
2
-6
-8
-10
-10
-7
-2
-2
-3
7
8
1
3
4
7
11
20
13
-6
-1
2
3
-6
-8
-9
-19
-2
-1
-5
-1
-5
-4
-2
10
12
6
3
9
19
21
17
11
10
3
-4
-5
-6
-8
-9
5
7
-11
-6
0
-3
-1
-5
-3
-2
1
5
-2
7
13
3
-7
-6
3
9
9
-4
-12
-20
-23
-15
-7
1
12
22
20
10
11
14
11
12
3
-4
-4
-4
-1
-5
4
11
6
0
-13
-13
-5
-6
-4
-9
-17
-15
-14
-11
-7
5
14
5
5
2
1
5
-2
-1
-3
1
5
-1
6
1
2
3
-4
5
5
8
14
3
-2
6
8
10
10
3
-5
-5
-2
-2
0
11
8
3
4
5
4
0
0
-2
0
8
3
-1
-6
-5
0
2
11
14
10
11
6
0
-7
-10
-9
-9
-6
-4
-3
4
6
10
7
6
13
9
0
-1
0
-5
-6
-6
-1
-12
-23
-21
-13
-2
2
7
2
0
2
5
8
9
5
-1
-11
-16
-8
3
9
11
10
1
1
-3
-2
8
6
3
-6
-7
-11
-7
-3
-1
3
-1
-1
-1
0
1
-1
-1
-4
-2
-1
-2
3
4
-2
2
5
3
4
4
5
2
-1
-1
-2
5
2
-5
-5
-3
3
-7
-10
-6
-15
-15
-9
-1
3
4
5
4
5
13
13
8
8
4
-3
-9
-11
-17
-16
-2
3
6
5
-6
-11
-7
1
3
-5
-16
-12
-11
-10
-5
2
-1
-6
-4
-10
-8
-1
-10
-11
-5
-7
-6
-5
-2
-5
-6
-3
1
10
12
16
16
13
13
14
10
11
20
20
16
11
13
22
22
20
11
-1
1
5
6
5
0
4
-1
-4
2
3
3
-1
-1
0
1
-4
-14
-13
-8
2
-3
-3
4
0
-5
-1
-5
-9
-14
-9
-6
-8
-2
-2
-1
0
0
3
-1
-3
1
-5
-4
5
4
-2
-3
2
9
10
4
2
3
13
11
10
13
6
-1
-12
-13
3
3
0
-7
-10
-3
-2
8
5
6
7
-1
-1
-1
0
2
-4
-2
-4
-8
-9
-16
-16
-9
-5
-2
4
8
5
-2
-2
-8
-3
-2
-6
-12
-15
-10
-7
-3
0
6
8
4
2
1
1
-2
-1
-4
-10
-6
-14
-24
-21
-20
-16
-12
-2
1
-4
-5
-10
-16
-26
-19
-18
-20
-11
-7
-2
1
4
11
19
27
29
24
17
13
9
12
12
11
16
9
3
-1
-2
10
7
5
9
7
3
-5
-5
3
6
-2
-9
-5
-3
0
1
-5
-6
-4
-1
-2
0
-2
-10
-4
4
-2
2
10
6
8
6
2
4
9
14
11
9
7
9
6
-6
-9
-12
-15
-9
-12
-2
4
6
7
-3
-9
-6
-5
-11
-18
-18
-4
2
1
1
0
4
9
17
20
19
20
18
10
3
5
11
20
17
8
5
1
9
16
15
16
14
2
-4
-8
-15
-15
-6
-4
-9
-11
-11
-18
-24
-19
-23
-17
-12
-12
-8
-3
-6
-4
5
9
6
8
10
15
15
14
9
7
9
6
7
-1
-7
-5
-12
-17
-15
-10
-6
-9
-7
-4
-3
2
8
8
-1
-6
-10
-10
-7
-6
-2
4
1
6
4
2
8
9
17
16
13
13
11
17
14
9
10
6
7
3
-4
-7
0
3
2
4
2
3
1
-4
-3
3
1
0
-1
-3
1
0
-4
-6
-6
-4
-3
-2
-1
-4
-12
-12
-19
-9
-3
-4
0
-4
-3
-3
2
6
9
14
4
0
6
3
5
3
2
7
0
-2
-6
-5
4
5
1
-6
-9
-1
4
0
-1
-2
-4
-2
-6
-8
-5
0
-3
-5
1
8
8
11
15
11
10
11
12
14
11
6
5
8
10
13
10
5
-1
-6
-10
-8
-4
-7
-15
-14
-15
-17
-8
-4
-2
1
6
4
4
7
4
4
0
-3
-8
-11
-11
-11
-10
-11
-12
-10
-9
-4
2
3
0
-3
-1
-4
-6
5
4
-3
-9
-9
-7
0
3
-2
-5
-9
-5
-3
0
5
5
1
-2
-2
-3
-4
-3
6
9
5
8
10
6
8
12
7
0
0
-4
-5
0
1
-4
-9
-9
-6
-9
-9
-12
-16
-16
-17
-14
-7
-1
2
-1
-3
-1
-6
-6
-5
-8
-11
-10
-2
-4
2
9
10
14
10
8
9
13
11
13
13
8
11
6
1
5
4
5
3
2
4
0
5
11
8
4
-1
-10
-4
2
0
-6
-1
-3
-6
-3
-2
5
-4
-3
4
-1
2
2
4
7
10
12
7
6
5
6
4
-3
-7
-11
-8
-1
3
1
0
-2
0
0
-1
-5
-8
-2
-3
1
3
7
9
0
-3
-3
-6
-6
-4
2
-6
-8
-5
-1
4
3
8
-3
-10
-9
-9
-10
-9
-7
3
11
7
6
-2
-11
-12
-16
-13
-12
-4
0
-9
-10
-7
1
6
2
-2
-5
0
4
0
-2
-2
-3
-7
-2
5
2
-3
-5
-7
-5
-5
0
6
6
9
3
4
13
9
9
8
5
3
3
3
-1
-3
-1
2
4
7
10
14
9
-2
-3
-2
2
4
3
0
-7
-11
-6
-5
-1
4
5
3
7
15
3
3
11
10
10
4
2
2
8
11
3
4
10
7
5
6
8
3
3
3
-2
-1
4
7
2
5
7
9
12
10
1
-2
1
-1
2
1
6
11
9
3
2
3
0
-7
-13
-11
-10
-7
-7
-8
-6
-1
-2
-5
-2
-6
-9
-10
-10
-6
-5
1
3
1
7
6
6
4
1
1
-1
0
-2
-6
-6
-9
-7
-7
-10
-6
-2
-1
-4
-5
-9
-11
-5
-2
-1
4
6
3
-1
0
-4
-3
0
0
-1
-6
-7
-10
-10
-7
-10
-12
-7
-4
-7
0
6
0
-9
-13
-15
-16
-17
-14
-16
-10
-2
-1
3
5
13
18
19
18
13
14
11
9
9
9
8
4
0
0
1
0
0
-3
-4
2
-3
-8
-11
-11
-10
-10
-7
-3
6
13
14
10
7
2
2
3
4
3
2
4
-3
-1
5
6
7
0
-5
0
6
6
3
3
-1
-2
-2
0
-2
-1
-2
-8
-8
-8
-9
-8
-5
-2
-3
-2
6
11
12
12
9
6
0
-1
-5
-10
-8
-6
-4
-3
-1
4
8
13
14
9
8
10
11
7
5
4
6
4
3
2
4
1
-2
-2
-2
-3
1
6
7
7
3
0
4
6
0
-4
-2
-1
1
0
-5
-7
-10
-8
-2
0
1
2
2
2
0
2
3
5
2
-1
0
6
9
8
9
2
1
0
-4
-5
-7
-5
-6
-7
-2
-2
-1
3
-1
-3
1
2
3
2
3
4
2
3
-3
-6
-9
-11
-8
-5
1
2
2
2
1
3
2
3
8
10
12
8
3
-1
-1
0
2
5
1
-7
-5
0
-1
-3
-2
-4
-10
-10
-13
-12
-7
-4
-6
-7
-5
-7
-10
-10
-8
-10
-14
-11
-6
-3
-2
0
3
3
2
5
3
7
8
3
2
4
1
-4
-5
-8
-7
-4
-1
-4
-10
-1
7
10
5
-1
1
-3
-3
-2
-4
-4
-11
-13
-11
-6
-1
-1
-3
-1
5
5
5
1
-3
-6
-9
-7
-2
0
7
8
5
14
15
13
9
5
5
2
4
8
14
15
14
9
8
9
4
3
-1
-9
-11
-9
-7
-6
-4
-6
-3
6
10
10
11
9
7
7
7
4
1
-6
-9
-4
-4
-2
3
4
2
2
2
-1
-1
-2
-5
-9
-4
-2
-3
-6
-10
-13
-15
-8
-1
0
-1
-4
-1
1
4
9
9
6
5
3
0
-1
0
-1
-1
-2
-5
-11
-13
-8
-7
-5
-2
1
4
9
13
5
-1
-1
4
7
4
7
8
7
12
13
7
2
1
1
1
1
0
-2
0
-2
-5
-4
-4
-5
-11
-14
-9
-6
-4
-10
-14
-15
-11
0
-1
-4
9
14
16
15
5
1
3
4
6
5
7
14
19
15
8
7
4
1
3
5
5
7
5
-3
-9
-15
-19
-17
-18
-18
-12
-5
0
1
0
4
3
0
0
-5
-5
1
3
3
-1
-2
-3
0
0
4
3
1
0
-7
-11
-7
2
10
9
11
13
14
9
5
0
-3
-2
-8
-8
-4
-2
-1
2
5
6
6
7
6
6
7
6
3
3
3
1
-9
-12
-7
-4
1
0
-4
-2
0
2
1
5
4
1
-1
-2
-6
-8
-10
-13
-8
-5
-3
-4
-4
-2
-3
-6
-13
-17
-13
-7
0
10
11
12
11
6
1
4
9
6
-1
-9
-11
-8
-8
-5
-3
-6
-7
-6
-5
-2
2
10
15
21
22
16
12
7
5
2
0
-1
-5
-6
-6
-5
-10
-12
-7
-8
-7
-5
0
1
1
2
0
4
3
-3
-3
-1
1
4
11
15
14
15
11
9
9
11
11
10
6
2
-1
-9
-9
-8
-11
-11
-12
-9
-5
-8
-11
-10
-13
-15
-13
-6
1
5
9
7
5
8
10
16
20
24
20
10
6
2
1
4
5
7
2
3
2
1
-1
-3
0
-2
-5
-6
-7
-6
-2
-4
-5
-6
-4
-2
-3
-1
0
-2
-1
0
-4
-8
-12
-15
-13
-8
-1
0
-1
-1
-3
1
5
3
-1
3
7
5
1
-2
-4
-5
0
1
3
4
3
2
-2
-6
-3
3
1
-3
-7
-11
-9
-11
-6
2
9
9
9
11
13
12
5
1
4
5
8
10
9
3
-3
-5
-4
0
3
1
-2
0
-1
-6
-4
-3
3
6
5
6
4
3
-2
-4
-4
-1
5
3
2
0
0
-1
-3
-4
-1
0
3
-2
-7
0
-1
-2
-8
-10
-5
-2
1
0
3
6
4
2
-2
1
4
4
1
2
1
-3
-2
-3
-2
1
-1
0
-3
-6
-8
-8
-2
-9
-11
-8
-7
-1
-2
-2
-3
-4
-5
-5
-4
-2
2
5
4
2
-3
-1
3
1
-1
4
5
6
9
8
5
7
8
4
0
0
-2
-1
1
-3
-7
-3
0
-1
0
4
7
2
4
1
-4
-6
-5
-4
-3
-2
-4
-7
-2
-1
-3
-9
-14
-12
-5
-4
-6
-2
-2
3
5
3
6
5
7
12
12
10
10
5
-1
-9
-5
-1
3
6
2
6
7
6
-1
-8
-8
-11
-10
-12
-13
-9
-6
-7
-9
-4
2
5
7
4
0
-5
-6
0
7
12
14
13
9
9
11
5
2
3
-3
-7
-2
-4
0
4
7
12
10
7
8
4
3
4
1
-1
-3
-1
1
-2
-3
-7
-1
3
5
7
1
-3
-4
-5
-4
-2
2
6
5
-1
-1
4
2
-3
-3
-1
5
6
7
9
5
4
-1
-4
-4
-3
-5
-8
-10
-9
-6
0
3
7
6
-1
-2
-2
2
1
2
2
-3
-6
-7
-3
-3
-2
1
2
6
2
0
0
6
7
6
4
-2
-2
-2
0
5
8
11
13
11
9
3
-3
-1
1
6
7
5
4
2
0
0
3
6
8
4
4
2
-6
-9
-11
-11
-10
-8
-4
-8
-7
-8
-12
-12
-9
-9
-8
-8
-10
-11
-11
-11
-10
-6
2
5
-1
-7
-6
-7
-6
-2
5
10
15
16
8
-4
-10
-15
-11
-5
-5
-3
-5
-3
-2
-2
-5
-8
-8
-3
-1
-1
1
0
-5
-1
4
6
0
-2
-3
-4
2
5
5
11
11
9
9
6
7
9
8
6
7
6
2
-3
-8
-6
-4
-5
-3
-8
-6
-5
-3
3
6
7
10
10
4
8
12
10
9
5
-2
-4
-7
-8
-6
-4
-4
-6
-4
-3
-7
-8
-2
-3
-5
-3
-4
-6
-5
0
2
-1
-2
0
5
2
0
-1
0
3
5
6
3
4
5
5
7
11
14
14
12
9
2
-3
-1
-3
-1
4
-1
-8
-9
-3
-8
-12
-7
-2
3
3
0
-5
-7
-8
-6
-3
-2
0
3
4
1
-2
-2
-2
-1
2
4
7
15
13
7
5
6
6
1
-5
-9
-6
-6
-9
-8
-5
-4
-3
-8
-9
-3
-2
-1
-6
-7
-3
4
10
6
2
1
5
10
3
-4
-6
-5
-7
-11
-9
-3
1
4
2
2
6
4
2
0
1
4
7
13
15
14
9
8
9
8
9
5
-4
-2
-1
0
4
7
12
11
6
1
-3
-6
-12
-12
-10
-13
-15
-18
-14
-8
-4
-7
-3
2
2
1
5
10
7
5
-1
-2
2
4
4
7
7
5
5
7
14
14
17
18
12
5
-3
-6
-4
-3
-7
-5
-3
1
2
1
-5
-9
-1
1
0
3
1
-9
-20
-20
-18
-17
-10
-8
-12
-16
-14
-15
-11
4
9
11
12
6
-1
0
6
7
9
12
9
3
-2
-1
0
-4
-3
-3
-2
-5
-7
-5
-13
-15
-10
-10
-5
-1
5
5
1
-1
-1
-1
-4
-2
0
-3
-1
-1
4
5
1
4
-1
-5
0
1
3
4
8
17
13
9
5
2
1
-8
-11
-7
1
3
-2
-5
-2
1
1
10
19
23
18
14
3
-5
-2
-2
0
-2
1
3
0
0
0
6
10
6
-1
-5
-6
-3
-1
1
1
3
1
-1
-4
2
5
2
4
3
1
-3
-7
-7
-8
-11
-12
-7
-5
-8
-13
-16
-14
-6
2
2
2
-2
-6
-11
-10
-3
4
10
12
14
12
10
7
6
5
2
1
3
3
-1
3
0
1
6
6
7
6
2
-5
-11
-6
3
8
7
-1
-6
-4
-9
-13
-8
-7
-5
-7
-9
-4
2
7
5
6
3
-3
-3
-4
-3
0
-5
-3
2
5
2
-1
-4
-9
-11
-7
-1
2
2
-4
-1
3
0
2
3
5
10
4
-1
-3
-8
-10
-6
-5
-4
-2
-1
2
4
7
10
13
9
5
1
2
7
5
6
3
0
-1
-5
1
7
8
7
6
4
4
-2
0
4
2
-6
-11
-10
-9
-7
-11
-12
-10
-12
-3
-2
2
9
11
10
3
2
1
0
1
4
7
6
5
4
3
-2
-3
-3
-3
-1
2
1
-2
-4
-6
-5
-7
-6
-3
0
8
15
10
1
-4
-2
-4
1
7
0
-5
-4
-5
-5
0
4
5
5
-4
-9
-6
-4
-9
-7
-1
2
8
9
11
11
12
8
-1
-2
-3
-5
-1
-2
-5
-1
5
10
5
0
-1
-2
-3
-6
-1
0
2
4
1
-3
-4
2
1
-4
-2
-4
0
-3
-5
-2
-3
-2
-1
3
8
11
9
5
2
6
6
-1
-3
2
5
1
3
6
6
4
4
1
-6
-5
-2
-5
-4
-3
-4
-2
-7
-7
-6
-11
-7
-6
-8
-10
-11
-9
-14
-10
-3
-3
2
0
2
3
8
9
1
1
1
3
1
-2
0
3
1
3
6
9
11
11
8
4
6
3
-2
-1
-2
-1
2
3
7
7
4
-2
-3
5
3
5
0
-3
-4
-6
-3
-7
-8
-3
-6
-4
8
5
1
-7
-7
-4
-2
8
7
11
10
2
-1
-6
-3
2
0
0
2
1
-9
-15
-10
-5
-2
0
5
12
2
-2
0
-4
1
10
4
-6
-7
-4
2
6
7
4
3
7
13
13
8
10
5
-3
-3
-10
-10
-6
-3
6
7
9
7
5
7
7
14
6
-6
-10
-23
-25
-23
-22
-6
-5
-3
-5
-8
7
9
19
15
4
9
-9
-17
-20
-24
-18
-17
-3
1
3
2
-2
6
16
19
18
16
8
-2
-4
-4
-7
-7
1
4
4
-1
-2
4
6
-3
1
6
-4
1
-2
-9
-4
-3
-3
-6
-8
-9
-15
-3
-4
-5
6
0
-7
-6
3
15
18
2
-10
-5
2
8
16
18
14
16
17
10
16
20
11
6
-11
-7
-6
-4
12
-2
1
-1
-8
-1
-1
7
8
5
1
-12
-9
-14
-27
-22
-16
-4
-1
-6
1
2
3
4
2
1
-5
-4
-13
-19
-9
-8
-5
-4
1
8
10
14
12
10
4
-2
-2
-9
-8
-8
-12
-7
-2
-1
-2
-1
0
-3
1
6
6
-5
-2
10
2
-2
9
-1
-7
0
-1
-4
5
10
5
0
3
6
4
4
4
-1
-4
1
-2
-3
7
5
4
-3
-1
7
-5
-9
-14
-16
-8
-1
7
7
5
8
-6
-11
-9
-7
-8
-9
0
11
14
15
9
1
-1
-1
3
2
4
11
1
-3
-4
-6
-2
5
17
10
11
17
4
8
13
9
-2
-10
-1
-4
-1
2
-6
-6
-3
6
11
5
6
3
3
-6
-12
-8
-11
-6
-3
-7
0
7
6
-7
-8
7
3
0
-3
-10
-12
-12
0
4
2
2
-8
-16
-10
3
-7
-18
-11
-8
-16
-4
5
-4
-3
0
0
6
19
19
13
18
11
-4
2
0
-4
3
7
7
7
13
10
4
7
-5
-10
-1
7
18
13
1
1
1
4
-3
-1
5
-2
-5
-5
1
5
10
13
6
14
12
2
4
-5
-4
4
-3
-2
-3
-1
-11
-8
-3
-12
0
0
-15
-3
4
-6
-18
-19
-16
-16
-2
-4
-10
-6
-3
-1
2
5
-2
-5
-5
-4
3
4
-5
-14
-11
-7
-9
-2
0
-3
-8
1
7
2
-2
-3
-2
-6
-3
-10
-22
-9
-12
-26
-10
1
-4
-5
5
10
8
19
12
5
11
3
0
-2
0
9
10
5
-2
2
6
3
14
12
3
15
14
11
26
20
6
2
-3
0
6
8
4
0
-1
7
9
8
10
9
2
-7
-11
-11
-1
-7
-8
-5
-7
-1
-3
3
6
7
13
10
0
-4
-7
-8
-12
-9
-12
-11
6
0
1
10
10
11
-3
-4
0
-6
2
-1
-16
-5
-4
-7
6
10
4
1
5
7
6
3
3
-8
-13
-5
-4
-9
2
12
6
8
5
2
1
-2
1
-8
-5
2
-9
-4
4
3
2
-2
-1
-2
1
5
2
-3
-7
-11
-18
-10
-5
-3
-2
-2
-4
-14
-2
2
6
18
10
4
2
0
-4
-5
4
3
0
-4
-9
-6
-2
0
2
0
6
8
2
3
2
-1
6
12
11
11
6
0
2
4
3
3
1
0
-3
-7
0
3
3
-2
0
2
1
7
-2
0
4
5
6
4
5
3
0
0
3
5
6
8
-1
-7
-4
-1
3
4
-4
-11
-12
-5
0
0
4
-4
-6
0
-4
-6
-9
-14
-12
-12
-14
-13
-7
3
4
-2
-1
-12
-23
-24
-19
-13
-7
-3
-6
-13
-12
-11
-11
-2
0
3
-4
5
15
5
7
2
-3
-9
-8
4
1
11
8
-8
-1
-1
-7
-2
3
0
1
4
-2
-3
6
9
10
18
21
21
18
13
7
9
6
3
6
4
8
6
-1
4
9
10
10
17
19
18
12
10
5
-4
-2
-8
-2
8
7
14
15
15
5
-3
6
5
-3
-4
-4
-9
-11
-12
-18
-11
-3
-10
-10
-11
-12
-10
-7
-5
-13
-11
0
6
5
8
8
3
-1
5
0
3
10
7
0
-15
-17
-20
-19
-9
-3
1
4
9
11
10
12
7
-4
-4
-9
-7
-3
2
4
-1
5
6
5
9
1
5
6
-4
-10
-5
-2
-2
-1
-4
-1
4
1
-1
8
14
11
5
3
2
1
-2
-12
-10
-13
-13
-10
-17
-18
-14
-18
-19
-21
-16
-2
5
9
9
6
3
1
2
4
7
14
8
-5
-4
2
2
-1
-2
3
6
7
4
2
8
10
5
-5
-9
-5
0
-1
-3
-2
3
5
3
0
-4
8
14
10
-3
0
3
-1
5
6
3
4
3
-3
-2
3
0
-1
-2
-2
0
-3
-1
2
-4
-8
-9
-1
7
9
10
1
-6
-7
-5
7
11
6
5
-4
-1
0
-8
-11
-10
-13
-14
-5
2
1
1
-2
-6
-4
2
-2
-8
-8
-13
-16
-15
-13
-4
4
7
7
4
4
2
-1
3
6
1
-4
-6
-9
-8
-9
-3
2
4
5
-1
-4
4
8
4
-1
-13
-17
-17
-9
0
1
3
3
-1
1
1
6
7
4
-3
-7
-4
-3
-4
0
4
8
15
15
10
8
6
-1
-8
3
8
6
7
3
-3
-5
-3
0
-2
5
10
1
-2
-4
-4
-5
1
-1
-3
8
5
0
2
2
8
8
6
6
3
3
1
-3
-3
2
7
7
12
17
13
6
-2
-7
0
3
1
7
6
4
5
2
2
-2
-4
-9
-16
-19
-18
-11
-8
-9
-5
-3
-4
-1
1
8
6
1
1
-5
-3
-5
-4
-3
3
12
5
5
3
2
9
8
1
-6
-7
-8
-9
-5
-1
8
13
10
13
9
7
9
9
7
4
11
5
2
1
-9
-5
-9
-5
-1
-2
2
-9
-10
-6
-8
-4
-6
-6
-3
4
1
1
9
6
3
0
-4
-1
-3
-8
-9
-4
-6
-16
-16
-9
2
12
13
8
1
-3
-11
-12
-7
-4
2
-2
-6
-5
3
6
6
3
-1
-2
-1
-3
-2
-1
-9
-10
-13
-15
-4
7
13
16
16
17
18
9
2
-1
2
-2
-3
0
-5
8
18
8
8
11
11
6
4
6
-4
-6
-13
-16
-9
-4
1
2
3
5
7
11
13
12
4
-8
-6
-5
-2
7
13
15
9
2
-2
-7
-1
5
8
2
-12
-16
-12
-14
-13
-10
-11
-11
-13
-12
-7
5
11
9
6
5
3
1
0
3
2
2
4
-3
-8
-5
0
-1
-1
4
8
7
5
3
8
4
3
3
0
4
2
3
2
5
5
-2
3
7
3
-6
-13
-14
-19
-18
-9
-5
1
4
10
14
9
8
-1
-6
-7
-15
-11
-8
-5
-8
-6
-2
1
7
13
12
5
0
-3
-2
-1
-3
-8
-4
-1
-4
-3
1
8
7
8
10
4
7
1
-4
-5
-3
0
-1
-9
-9
-6
-5
4
6
5
9
4
2
-3
-7
0
-3
-8
-3
5
10
11
9
5
0
-3
-7
-6
-7
-9
-10
-9
-8
-7
-2
-5
-5
5
3
11
15
7
7
2
2
1
-4
1
3
3
5
1
2
3
-1
-4
-6
-5
-7
-10
-6
-2
-3
-7
-3
1
3
9
6
11
