-1
-1
-1
-1
-1
-1
0
1
1
1
1
1
-1
0
0
0
1
1
2
3
3
2
0
1
1
1
1
1
0
2
1
1
1
2
1
1
1
1
0
-1
0
0
-1
0
0
0
0
0
0
1
2
2
1
1
0
0
0
1
1
1
2
2
2
1
2
1
2
1
0
-1
-1
-1
-1
-1
-2
-2
-3
-2
-1
0
-1
0
1
0
0
0
0
-2
-2
-1
-1
-1
-1
0
0
0
-1
0
-1
-2
-1
-1
0
-1
-2
0
0
1
1
1
1
-1
0
-1
-2
-1
0
-1
0
3
1
2
2
1
0
1
1
1
1
1
0
1
1
2
2
2
2
2
1
1
0
-1
-1
-1
-1
0
-1
-1
-2
-1
-1
0
-1
-1
0
-1
0
1
0
0
-1
-1
-2
-2
0
0
0
-1
0
1
2
0
-1
0
-1
0
0
0
0
-1
0
-1
-2
-2
-2
-2
-2
-1
-1
0
0
0
1
0
0
2
1
0
0
-1
-1
0
0
0
0
0
0
-1
0
2
0
-1
-3
-2
-3
-2
-2
-2
-1
0
0
0
1
0
0
1
1
2
1
1
1
1
2
1
0
0
-1
-1
-2
-2
-1
2
1
1
1
1
1
1
1
0
1
0
1
-1
1
0
0
0
-1
0
0
0
0
0
0
0
0
-1
0
0
0
0
-1
-1
-1
-1
-1
-1
-2
-1
1
2
2
1
0
-1
0
0
0
0
0
-1
-1
-1
0
-1
-1
1
0
0
1
0
0
2
3
2
2
2
1
1
0
1
1
2
1
2
1
2
2
2
2
1
1
2
1
1
0
0
-1
-1
-1
-1
-1
0
-1
-2
-1
-2
0
1
1
0
0
1
-1
0
0
0
0
-1
1
1
2
1
1
1
1
2
2
1
0
0
1
0
0
0
0
-1
-1
0
1
2
2
2
1
1
1
0
0
0
-1
-2
-2
-3
-3
-2
-1
-1
0
0
2
2
1
1
1
1
-1
-1
-1
-1
0
0
0
0
1
2
1
0
0
0
-1
0
0
0
1
0
0
0
1
0
0
-2
-2
-1
-1
-1
-2
-1
-1
-1
0
0
0
1
1
0
-1
-1
-1
-1
0
0
1
1
2
0
1
1
0
0
0
-1
-1
-1
-1
-2
0
-2
-1
-1
-1
-2
-1
-1
0
0
2
1
1
1
1
1
1
0
-1
0
-1
-2
-1
-1
-2
-1
-1
0
0
1
1
0
0
1
1
0
0
-1
-1
0
1
-1
0
1
2
2
1
0
-2
-1
0
0
0
0
-1
-1
-2
0
0
-1
-1
-1
-1
0
-1
-2
-1
-1
0
0
0
-1
-1
1
1
1
1
1
-1
1
2
1
1
1
1
1
0
0
1
0
-1
0
0
-1
0
-1
-2
-3
-1
0
0
-1
0
-1
0
0
-1
-1
-1
0
1
-1
-1
-1
-2
-1
-2
-2
-1
-1
0
1
0
-1
-2
-2
0
0
0
0
-1
-1
-2
0
1
0
0
1
0
0
0
-1
0
-2
-1
1
0
1
0
0
0
0
1
0
0
0
-1
-1
0
0
0
-1
-1
-1
0
-1
-1
-1
-1
1
1
2
1
1
0
2
0
1
2
1
2
2
1
0
1
1
2
0
0
1
1
0
1
1
0
1
0
-1
0
1
1
1
0
0
0
0
1
2
2
1
1
2
2
2
2
3
2
3
2
3
2
1
1
0
1
0
0
0
-2
0
0
1
1
1
0
0
-1
-1
-1
-1
-1
0
0
1
1
1
1
-1
-1
-2
-1
-1
-2
-1
-1
-1
-2
-2
-3
-1
-1
0
-1
0
0
0
-1
0
0
-1
0
0
0
-1
-2
-1
-1
-2
-2
-1
0
1
1
1
1
2
2
1
1
1
2
2
3
2
1
2
2
2
1
2
0
-1
-1
-1
0
-1
-1
0
0
2
1
1
0
0
0
-1
0
1
0
-1
-1
-1
-1
-2
-1
-1
-2
-1
0
0
0
0
1
0
-1
-2
-2
-3
-2
-2
-1
-1
-2
0
0
0
2
0
0
-1
-2
-2
-1
0
-1
-1
1
1
1
2
2
2
1
1
2
2
2
1
2
2
2
2
0
1
1
1
1
0
0
0
0
0
1
0
0
0
-1
0
0
2
0
-1
0
0
1
1
0
1
0
1
1
1
0
0
0
-1
-1
-1
-1
-1
-2
-2
-3
-1
-2
-1
-1
0
-2
-3
-3
-2
-3
-2
-1
-2
-1
-1
-1
-1
0
-1
0
-1
-2
-1
-2
-3
-2
-2
-3
0
-1
-1
0
-1
-1
-2
-2
-4
-3
-3
-1
-1
-3
-1
-2
-5
-4
-4
-3
-3
-1
-1
1
1
1
3
2
0
-1
-1
-1
0
0
1
2
-1
0
1
1
2
2
1
2
2
2
2
3
3
3
4
3
1
-2
0
1
-1
0
2
0
1
1
4
3
0
3
4
3
1
1
1
0
0
2
1
-1
-2
-2
-3
-3
-1
-2
0
3
3
2
2
6
5
2
5
7
2
-1
1
0
-2
0
2
3
3
1
4
6
3
2
4
1
0
-1
0
2
-1
-1
2
2
1
2
0
0
3
0
-1
0
-3
-1
-1
-1
-1
-2
-3
-5
-2
-4
-4
-2
-3
-3
-3
-1
-2
-6
-3
0
-2
-2
3
0
-3
0
2
0
-1
3
0
-4
-3
-3
-2
-2
-1
-4
-1
-3
-8
-2
0
-2
1
3
0
-3
-1
-2
-2
-1
-4
-1
-1
-5
-1
0
0
1
3
2
1
0
2
2
-1
0
2
2
2
-1
-1
0
-4
-1
3
-2
-3
0
2
0
-1
5
2
-3
5
5
-3
0
3
-3
-4
3
1
0
4
2
0
3
2
2
3
2
4
7
0
0
3
-4
-1
-1
-3
-2
1
0
2
3
1
4
1
-3
0
-2
-2
-3
-5
-5
-1
0
-3
0
-2
-1
5
0
-1
0
-2
0
-1
-6
-5
2
1
1
0
-1
1
2
11
6
2
3
3
4
1
-3
3
14
2
-1
12
9
5
9
11
10
5
-18
35
38
-70
4
82
-33
-53
65
32
-57
-2
78
9
-105
47
110
-102
-38
121
-37
-83
82
34
-82
9
57
-44
-22
46
-13
-32
32
18
-35
8
29
-22
-8
25
-10
-8
27
-10
-12
24
-3
-17
27
10
-16
24
18
-9
3
27
-1
-1
26
-4
-6
13
2
-11
3
-6
-13
-2
-8
-6
0
-1
0
3
-4
-8
2
1
-10
-9
6
3
-3
-1
-5
-7
-1
3
-2
-9
-2
-2
-5
-7
-17
-6
-2
-11
-8
-9
-7
-10
-7
-5
-15
-7
-10
-12
-12
-9
-10
-10
-7
-11
-3
-5
-8
1
0
1
2
-5
-4
-2
6
6
-3
-8
-11
1
-2
-12
-18
-5
12
7
-18
-21
17
-3
-5
-8
-8
-33
16
51
-63
-44
-17
52
11
-35
-35
0
24
4
30
-86
-25
61
35
-19
-51
-11
25
36
-9
-30
-27
21
26
4
-36
-15
0
45
16
-83
34
39
-34
20
32
-55
2
56
-17
-17
-37
39
38
-72
13
38
-49
15
57
-67
-31
76
-14
-52
42
-4
-45
52
16
-59
18
21
-41
11
10
-30
18
20
-25
6
29
8
4
12
8
3
14
8
-2
-1
10
9
-3
9
-3
-14
17
8
-11
4
4
2
1
-7
-5
9
0
7
12
1
0
12
15
-4
3
4
-5
9
13
-2
0
17
13
5
13
10
-1
3
20
8
-10
11
1
0
12
0
-5
6
3
-9
0
-1
-10
-1
6
-11
-5
1
-10
0
8
-8
-1
14
-2
-5
2
-1
-7
-4
-3
-9
-7
-2
-4
-7
2
0
-9
-8
0
-4
-8
2
-3
-8
0
-1
-5
-6
-5
2
5
0
-14
2
9
-3
5
12
2
2
13
4
-1
6
4
5
10
3
0
4
6
3
-4
4
10
0
5
6
-1
-1
6
0
0
0
-5
0
0
3
-2
2
2
-6
1
1
0
-3
-5
4
4
-6
0
-1
-6
3
-3
-6
1
1
-6
7
3
-13
9
9
-3
-3
0
-7
-9
4
-2
-11
-3
1
-3
1
8
2
-4
3
-5
-14
-6
-7
-9
-9
-11
-12
-7
-8
-12
-9
-12
-12
-11
-13
-8
-3
-4
-6
-4
1
-3
-4
-4
-15
-5
-1
-6
-3
-8
-14
-6
-1
-7
-1
5
0
-1
0
-2
-8
-7
-4
-9
-8
-4
-8
0
4
-6
-9
3
-4
-8
2
-2
-9
4
7
-3
8
5
5
13
6
-1
4
5
-2
-6
-5
-2
-5
-4
-2
-4
-7
5
11
0
2
4
4
4
5
1
7
4
0
9
6
-3
4
8
0
0
1
2
4
4
3
3
3
2
13
1
0
4
-1
0
0
1
-3
7
-2
-10
1
4
4
4
5
1
6
7
3
4
4
2
4
3
2
2
5
4
0
3
0
2
3
-3
0
2
0
1
5
4
-3
2
0
-2
0
0
0
2
1
-1
9
-1
-6
2
2
-7
-1
1
-3
5
4
5
9
3
0
6
5
-1
5
4
-3
1
0
-7
0
1
-4
-2
0
-5
0
2
-3
-3
-1
-5
-4
0
0
-2
-1
-1
0
-1
-3
2
-3
-2
6
0
1
5
5
4
8
6
4
4
9
5
2
5
3
5
2
3
0
-1
-4
2
2
1
3
-1
2
3
-2
-5
1
-4
-2
3
0
-2
2
-1
-3
0
-2
-4
-2
2
-1
0
4
-1
-4
3
2
-3
-1
0
-5
-2
4
1
0
1
-1
4
8
6
5
5
5
5
9
7
5
5
9
8
4
5
3
7
7
8
8
7
7
9
11
2
2
3
1
3
5
-1
-4
5
-1
-1
7
4
1
6
3
-1
4
4
-1
0
3
2
-3
0
1
-2
2
6
1
1
3
-2
-3
-1
-2
-4
1
-1
-6
-5
-6
-7
-6
-5
-9
-7
-7
-5
-4
-7
-1
-3
-5
-5
-4
-4
-1
0
-4
-2
-2
-4
-6
-7
-8
-12
-8
-4
-11
-14
-9
-3
-7
-3
1
-7
-2
-1
-4
-8
-5
-2
-1
3
0
1
0
4
4
-4
2
3
1
-2
-1
-1
2
5
2
1
1
0
1
2
-3
-1
0
-2
-6
-3
-2
-5
-3
-1
-3
-2
0
-2
-3
-1
-1
-3
-3
-4
-2
-3
3
3
1
1
1
-1
-1
2
-4
-4
-1
1
0
1
4
3
6
3
3
4
4
5
4
5
5
5
9
7
5
6
12
11
4
6
5
3
3
4
2
3
6
8
6
5
2
3
7
6
3
3
6
5
4
5
4
2
2
6
1
0
1
1
-1
1
2
-1
2
8
4
1
2
4
0
1
1
-5
-4
1
1
-2
1
4
0
0
2
-1
-2
0
-3
-6
-5
-2
-1
-2
0
-3
-4
1
1
-6
-2
0
-3
-1
3
3
1
5
7
1
0
4
2
-1
1
4
3
2
9
7
0
6
6
-3
-1
0
-5
-2
2
-2
-3
2
0
-2
-1
-1
-3
-4
-2
-4
-7
-7
-2
-1
-5
-4
-3
-5
-5
-2
-4
-7
-5
-2
-5
-4
-1
0
2
3
0
-4
-5
-2
-3
-4
-3
-5
-8
-7
-2
-2
-1
1
-3
-5
-1
1
-5
-6
-5
-7
-6
-2
-1
-2
-1
1
0
-2
1
-1
-2
3
2
2
2
3
1
1
7
6
5
7
7
3
3
0
-5
-4
-1
-3
-5
-4
-2
-2
1
3
-5
0
4
2
-3
0
-1
-5
-1
0
0
-4
3
4
4
2
3
4
-1
1
1
-1
-3
1
0
-3
1
1
2
2
3
2
2
3
3
2
-1
-2
1
0
-2
-1
1
-1
1
3
3
0
-1
1
1
-2
0
2
0
2
5
3
3
3
6
5
1
2
2
0
0
1
-1
-3
-1
-3
-1
1
2
3
4
-1
0
2
-2
0
-1
-1
2
2
0
0
1
1
1
1
1
0
-1
3
1
0
2
2
0
-1
2
0
-1
1
-1
-1
-2
-2
-4
-6
-5
-4
-3
-3
-1
1
-1
1
5
3
1
2
-1
-3
0
1
-2
-3
-2
-2
-2
-1
2
1
-1
3
3
0
-1
1
3
2
2
4
2
0
2
4
-2
1
4
1
-1
2
1
-1
1
5
0
0
3
2
-2
-3
-1
-3
-4
-1
-1
-2
-3
0
-3
-4
0
1
-3
-5
1
-2
-3
0
1
-1
-3
0
2
0
-1
5
3
-5
0
5
0
-2
3
2
-4
-2
0
-1
-2
-3
-3
-4
-5
-5
-4
-2
-1
-3
1
4
3
4
4
0
-1
-3
-4
-2
-2
-6
-1
-1
-3
-3
-2
-5
-5
0
-2
-4
-3
-3
-6
-6
-2
-3
-6
-4
1
-3
-5
-1
2
-1
2
6
2
-2
1
4
2
1
2
3
2
4
3
3
-1
-5
2
0
-7
-5
-1
-7
-4
2
-1
-1
1
3
3
5
5
1
-2
4
2
1
1
1
-2
0
2
-2
-1
5
1
2
11
1
-2
2
-1
1
-6
-15
18
3
-38
22
26
-39
-8
36
-6
-31
12
34
-16
-46
45
35
-69
18
61
-43
-21
51
-3
-41
14
20
-27
-19
16
0
-23
9
17
-15
-5
15
-1
-7
5
8
2
-7
-3
6
-3
-9
2
7
-6
-7
5
1
-12
-1
9
-5
-3
13
3
-2
9
2
-3
-1
0
-3
-3
-4
-1
-5
-15
-5
-5
-12
-3
-4
-6
1
3
4
4
-2
7
4
-12
12
5
-27
23
32
-24
3
38
-1
-21
11
26
-10
-28
43
37
-58
0
63
-25
-40
36
23
-43
-19
41
1
-52
5
39
-20
-22
33
24
-23
-14
25
4
-31
-4
26
-4
-22
16
22
-22
-17
14
-7
-16
9
-11
-20
18
12
-25
8
39
-22
-32
46
14
-65
8
59
-28
-36
46
26
-43
-5
50
0
-27
28
33
-7
2
29
13
-4
7
12
3
-6
-4
0
-11
-5
5
-1
-6
4
9
-5
-2
4
-7
-10
-1
0
-8
-3
5
-4
-6
5
3
-6
4
4
-9
0
4
-2
-7
-1
1
-9
-6
5
4
-6
-1
1
-4
-2
-3
0
2
-4
-4
3
3
-3
3
10
5
-1
5
6
-1
1
4
0
0
-2
2
2
4
4
-3
-3
-2
0
-5
-7
-3
-3
-6
-9
-7
-4
-9
-10
-3
-4
-13
-9
3
-3
-12
-7
8
-2
-16
2
2
-12
-5
3
-1
-8
-5
0
0
-8
-8
4
-7
-7
5
0
-4
0
2
-4
0
4
3
3
5
8
5
1
11
8
-3
1
3
-2
-6
-5
1
0
-2
7
9
0
1
8
3
-1
-4
2
4
-5
-1
3
-2
0
2
6
3
0
2
8
11
1
0
6
4
-2
0
8
-1
-10
-1
6
-7
-9
7
6
-8
-5
6
-2
-16
-5
4
-7
-12
7
8
-5
-4
7
5
-6
0
11
4
-6
5
6
-4
1
6
2
-1
5
4
-2
0
5
-2
-6
7
-1
-12
0
7
-7
-11
7
7
-8
-1
12
-2
-8
11
7
-10
-1
7
-1
-3
3
2
-5
-2
3
-3
-11
0
-2
-10
3
1
-10
-1
8
-2
-4
5
6
-5
-10
4
-3
-16
-2
3
-8
-7
3
5
-4
-1
9
6
2
10
10
7
11
7
8
11
4
2
5
6
0
-4
3
5
-4
-7
5
4
-5
2
9
1
-3
2
3
-2
-2
3
3
-3
-3
2
-6
-5
-3
-9
-4
1
-2
1
4
3
0
3
8
0
-5
0
3
-7
-4
4
-1
-6
1
4
-5
-3
2
-6
-7
-2
-2
-2
-2
3
2
0
5
5
-2
-2
1
-4
0
4
3
1
4
7
3
1
4
-2
-1
5
-2
-8
0
1
-4
-5
2
4
-6
1
9
-5
-3
10
7
0
6
9
4
-3
5
7
-8
-2
9
0
-5
6
9
2
2
6
4
-3
1
2
-5
-1
3
-3
-2
1
-4
-8
-3
-2
-10
-5
0
-6
-6
5
2
-10
-2
8
-6
-13
7
3
-19
-1
20
-7
-22
9
17
-20
-16
20
-2
-31
4
26
-18
-27
23
20
-26
-10
29
0
-29
10
20
-23
-19
20
7
-29
-5
17
-14
-22
12
11
-19
-1
20
-6
-17
11
7
-22
-6
19
-6
-18
12
14
-18
-8
20
-4
-24
6
15
-19
-16
19
8
-17
5
19
-8
-15
13
5
-22
-9
11
-4
-18
0
7
-12
-9
8
0
-10
1
5
-6
-5
4
2
-4
2
5
-3
1
8
0
-2
5
5
-3
-1
10
3
-6
4
11
-3
-4
9
8
-2
2
14
3
-7
7
10
-5
0
13
5
-4
5
8
-1
-3
10
9
-2
5
9
-1
-1
7
2
-3
3
6
1
0
8
8
-1
2
5
2
2
7
7
1
4
12
8
-1
5
7
-1
0
7
2
-4
3
9
4
2
11
11
2
7
11
3
0
4
7
2
0
4
6
2
2
7
4
2
5
6
3
1
2
4
1
-1
2
1
-3
0
6
4
1
4
4
1
-2
1
2
1
0
2
1
-4
-1
4
0
-3
1
1
-3
-4
-2
-4
-7
0
0
-2
3
7
4
0
4
6
1
1
4
-4
-7
2
1
-6
0
7
2
-4
-1
0
-9
-9
0
-1
-8
2
8
1
-2
5
3
-8
-9
-4
-11
-13
-3
0
-6
0
6
1
-4
2
1
-5
-3
2
-3
-5
2
-1
-4
0
2
-3
-6
-1
1
-3
1
6
2
1
5
3
-5
-4
1
-2
-9
-2
3
-7
-6
5
0
-9
0
6
-6
-9
4
4
-8
-2
14
7
-3
6
8
-7
-7
6
-1
-15
-8
9
-1
-7
10
10
-5
-1
8
-4
-16
-6
3
-7
-8
6
5
-5
1
8
-5
-14
-4
-2
-11
-10
2
2
-4
4
12
3
0
6
4
-6
-7
1
-4
-9
-3
4
1
-3
-1
-2
-6
-9
-8
-7
-6
-2
1
1
1
-3
-1
-1
-5
-8
-3
-3
-6
-2
1
-2
-5
-1
1
-4
-6
-1
-3
-9
-6
-3
-3
-2
2
4
1
0
0
-4
-6
-5
-4
-3
-1
0
1
4
4
6
4
0
-3
-7
-7
-5
-7
-6
0
2
-2
-2
1
-1
-2
1
-1
-5
-2
8
9
6
11
15
7
4
6
1
-4
1
4
-2
2
11
8
0
3
5
-1
-2
3
4
0
4
7
1
-5
-1
-4
-13
-11
-5
-7
-6
4
10
8
14
16
8
-3
-2
-2
-8
-5
-1
-2
-4
-1
-1
-5
-4
1
0
-3
1
6
3
3
9
9
6
7
5
-3
-10
-8
-8
-12
-9
-3
-2
0
8
7
5
8
12
9
6
12
13
7
4
5
-1
-8
-8
-6
-10
-9
-2
2
-2
1
6
4
3
7
9
6
7
10
6
-1
1
1
-3
-6
-5
-7
-12
-8
-1
-3
0
7
9
6
7
9
10
6
4
1
-7
-12
-11
-9
-10
-6
-1
0
-3
1
2
2
5
7
4
-2
-2
2
1
1
7
8
2
0
2
-2
-7
-4
-3
-9
-8
-1
1
3
8
8
6
2
3
2
-3
0
1
-3
-7
-3
-2
-2
2
4
0
-6
-6
-6
-7
-3
3
5
2
4
3
3
9
13
11
4
-2
-9
-15
-8
0
1
2
3
-6
-15
-12
-3
-1
-2
1
-1
-4
-1
7
9
9
8
2
-9
-15
-11
-9
-3
1
0
-7
-11
-7
-3
2
6
1
-2
0
5
14
15
17
13
1
-9
-12
-13
-10
-5
-1
1
0
-2
1
3
6
6
1
-6
-7
-3
7
15
19
13
0
-10
-16
-17
-14
-8
-6
-4
-1
4
9
15
19
17
9
-3
-12
-17
-12
-3
1
1
-3
-5
-6
-8
-3
-1
-1
0
5
7
10
14
12
9
1
-4
-8
-8
-4
-2
2
5
5
5
4
2
-3
-3
-5
-8
-8
-4
3
8
9
10
7
3
0
1
-2
-2
1
1
1
2
3
3
2
2
-1
-6
-8
-6
-5
0
7
10
8
6
4
0
-6
-7
-10
-12
-6
0
3
7
9
9
3
-2
-6
-8
-5
-3
-5
-6
-3
2
9
11
10
5
0
-4
-8
-9
-9
-8
-8
-3
0
3
9
8
7
2
-1
1
-1
0
1
0
4
6
8
10
11
4
-4
-10
-13
-13
-9
-5
0
3
5
10
10
11
12
11
8
5
-1
-6
-8
-8
-5
-1
0
0
-1
-2
-3
-4
-2
2
5
4
7
8
11
13
10
5
0
-7
-14
-19
-19
-16
-13
-9
-4
3
6
10
12
12
9
11
13
11
12
9
4
-2
-8
-10
-16
-16
-14
-11
-8
-2
0
0
0
1
-1
-4
-5
-4
-2
1
5
9
14
15
10
3
-6
-14
-18
-20
-20
-17
-8
6
16
23
25
21
15
8
2
-5
-11
-15
-14
-11
-4
2
6
7
5
-1
-5
-5
-7
-8
-7
-3
-1
0
5
7
9
11
7
2
-1
-3
-4
-3
0
1
1
1
2
1
0
-4
-9
-13
-16
-15
-11
-7
1
11
16
19
19
19
16
8
2
-3
-10
-12
-13
-13
-11
-6
-1
4
8
9
7
7
5
6
5
6
7
8
8
4
1
-7
-9
-10
-8
-7
-4
1
1
4
3
1
-2
-4
-4
-6
-7
-5
0
2
5
5
8
11
7
3
-4
-7
-6
-6
-3
-1
-2
1
4
1
-4
-9
-12
-9
-3
6
13
16
20
17
9
2
-2
-9
-13
-16
-20
-21
-17
-9
0
7
13
18
17
14
6
-3
-7
-8
-8
-5
0
3
3
-3
-9
-16
-19
-21
-22
-18
-11
-3
8
20
28
29
27
19
8
-6
-15
-20
-20
-16
-11
-4
-1
0
0
-1
-4
-3
-3
-2
1
3
8
12
15
14
9
4
-1
-6
-9
-10
-8
-2
3
7
8
4
1
-3
-8
-12
-10
-7
-3
5
9
9
12
13
9
3
-3
-7
-10
-11
-8
-4
-1
5
9
9
6
2
-2
-8
-8
-7
-5
-1
5
10
11
11
13
9
5
1
-3
-9
-11
-11
-9
-4
0
2
3
7
6
6
5
6
7
7
6
3
-2
-4
-7
-9
-8
-8
-10
-9
-9
-8
-4
0
7
10
12
13
12
5
2
0
-5
-7
-6
-3
-2
-1
3
4
3
3
3
1
-3
-6
-7
-9
-8
-6
-3
-1
2
4
2
1
-2
-3
-3
-4
0
-2
-2
-3
-5
-5
-6
-6
-5
-4
-4
-5
-5
-4
-1
1
2
3
3
2
2
0
-2
-2
-1
1
-1
0
-1
-3
-4
-4
-1
0
4
6
7
7
8
6
3
1
-3
-5
-8
-7
-8
-5
-1
0
2
3
6
4
3
2
0
-1
-1
1
2
2
4
3
-2
-6
-9
-12
-13
-7
-2
1
5
9
9
8
9
9
6
4
4
1
0
1
1
1
1
2
1
-2
0
1
3
8
11
11
11
9
5
-2
-7
-8
-6
-6
-3
0
2
4
7
6
5
4
1
-4
-9
-11
-12
-11
-6
-3
0
2
2
2
0
0
1
3
4
5
4
1
0
-1
-3
-4
-4
-4
-2
0
2
4
5
8
9
10
9
8
4
-2
-6
-8
-9
-8
-5
-1
0
1
1
1
1
2
1
1
2
5
8
6
5
2
0
-3
-6
-8
-11
-11
-10
-9
-5
0
7
13
14
15
13
9
4
0
-8
-12
-12
-12
-9
-6
-3
0
2
2
4
1
1
3
3
4
4
5
5
4
3
0
-8
-12
-15
-17
-18
-15
-8
-2
4
12
15
15
16
14
8
-1
-7
-12
-17
-17
-17
-14
-10
-3
3
7
10
11
10
9
4
0
-4
-3
0
1
0
1
3
3
3
4
2
2
4
4
5
3
3
4
3
4
5
3
0
1
-2
-5
-8
-8
-7
-5
0
2
5
7
9
9
9
6
-1
-7
-12
-15
-16
-16
-13
-10
-4
0
5
7
8
8
7
5
3
2
3
3
3
2
3
4
3
1
-3
-4
-7
-6
-4
-1
5
5
9
9
9
10
5
1
-2
-4
-6
-7
-7
-5
-3
1
3
3
0
2
-1
-3
-3
-4
-2
-3
-2
0
-1
1
1
0
1
0
1
1
2
4
7
7
7
3
0
-1
-4
-5
-6
-4
-1
3
7
11
14
15
13
9
3
-2
-6
-7
-8
-5
-1
1
4
3
2
0
-1
-3
-5
-4
-1
2
7
12
14
15
10
6
0
-7
-13
-17
-18
-16
-13
-11
-6
0
8
11
12
10
9
8
6
4
-1
-3
-3
-4
-4
-4
-5
-6
-5
-3
-5
-6
-4
0
3
2
1
-2
-3
0
4
5
5
4
3
3
3
0
-3
-5
-6
-9
-12
-13
-12
-8
-5
-1
3
4
7
7
3
0
-4
-7
-8
-9
-6
-1
5
10
11
10
8
3
0
-6
-11
-13
-14
-12
-7
-3
2
5
10
12
9
8
3
-2
-4
-6
-8
-7
-4
-1
1
1
1
-2
-4
-5
-6
-6
-3
0
2
5
8
10
11
11
8
5
1
0
-1
-2
-2
-2
-1
-1
2
2
1
4
6
6
5
6
7
7
7
6
7
8
9
6
3
0
-1
-1
-2
-5
-5
-4
-2
1
2
4
6
8
12
13
13
11
8
4
-2
-7
-10
-11
-12
-10
-7
-2
2
3
3
4
4
2
-1
-1
-2
-2
-1
1
2
3
4
4
1
-2
-7
-11
-14
-15
-15
-11
-6
0
5
12
14
13
13
12
9
3
-3
-8
-10
-14
-15
-13
-11
-7
-3
0
2
4
5
7
6
5
4
2
0
-1
-5
-6
-4
-5
-4
-5
-2
-3
-3
-1
0
0
0
0
0
-1
2
3
5
7
8
7
4
4
0
-5
-9
-12
-13
-12
-8
-3
2
5
10
9
5
3
2
-4
-6
-7
-6
-3
2
6
7
6
4
2
-2
-7
-8
-9
-7
-4
-2
2
5
8
8
7
5
2
0
-2
-3
-1
-1
1
3
2
2
1
-1
-2
-4
-3
-3
-3
-2
1
2
3
3
1
0
-2
-2
-4
-2
2
4
5
6
5
2
1
0
-2
-5
-5
-4
-3
-2
2
3
3
4
2
-2
-5
-5
-6
-6
-4
-1
-1
4
8
10
8
7
5
0
-3
-4
-5
-7
-7
-6
-3
0
2
2
4
6
7
7
4
4
3
1
1
-1
-4
-5
-7
-7
-6
-4
-2
-2
1
2
2
3
2
2
2
2
2
1
-1
2
2
1
1
0
-2
-4
-6
-8
-9
-9
-6
-3
1
7
13
14
14
13
8
1
-4
-8
-12
-12
-10
-7
-2
3
8
9
11
11
7
4
0
-2
-4
-2
-1
0
2
6
7
5
3
1
-2
-4
-6
-5
-3
-2
1
4
5
4
2
-1
-4
-6
-7
-5
-4
-1
0
2
3
1
1
0
-1
-3
-5
-4
-4
-2
-2
-1
-3
-4
-4
-5
-8
-9
-8
-5
-3
2
4
7
9
10
9
2
-3
-6
-10
-11
-10
-10
-6
-3
2
5
7
8
6
4
2
-2
-3
-7
-8
-6
-4
-1
2
4
4
3
2
-1
-1
0
-1
0
1
1
0
0
-2
-5
-6
-9
-10
-9
-8
-3
3
7
12
14
14
10
6
-1
-6
-12
-16
-18
-16
-13
-8
-1
5
10
13
12
11
8
3
0
-3
-5
-9
-9
-9
-11
-12
-11
-10
-5
0
6
10
15
17
19
18
15
9
1
-5
-12
-17
-20
-19
-15
-7
2
9
15
18
18
14
9
3
-1
-6
-6
-6
-6
-2
0
3
4
3
2
1
-2
-3
-4
-2
1
3
5
7
9
7
6
2
-2
-5
-5
-5
-5
-1
2
5
7
9
10
5
3
0
-4
-6
-6
-6
-5
-3
-1
1
1
1
2
4
3
6
8
7
10
9
7
6
3
-2
-8
-12
-16
-17
-18
-13
-9
-3
3
9
12
14
14
12
10
7
5
0
-2
-4
-7
-9
-8
-8
-9
-10
-11
-10
-8
-4
2
6
11
14
16
15
14
7
2
-7
-14
-19
-23
-21
-18
-11
-3
6
12
15
16
16
13
8
3
-2
-7
-9
-9
-7
-5
1
5
7
10
10
8
3
0
-5
-8
-8
-7
-6
-2
0
3
5
6
8
8
6
5
3
1
-2
-3
-4
-3
-1
-2
-3
-2
-4
-4
-3
-2
1
1
3
5
7
9
12
11
12
11
8
5
0
-4
-10
-13
-13
-12
-9
-5
-1
4
9
11
14
14
11
6
4
0
-5
-10
-13
-15
-14
-9
-5
-1
3
7
10
12
12
10
9
6
3
-3
-8
-11
-12
-13
-12
-10
-9
-5
-3
1
5
8
9
8
5
3
-2
-6
-8
-8
-10
-8
-6
-4
-2
1
3
3
4
4
2
0
-1
-2
-5
-7
-8
-8
-8
-9
-9
-7
-6
-2
0
3
6
9
9
8
6
5
2
-1
-6
-10
-13
-12
-13
-10
-7
-6
-1
3
5
4
5
4
4
5
4
4
4
3
2
0
-3
-6
-6
-7
-6
-5
-2
2
4
8
10
11
10
5
3
-1
-4
-6
-8
-8
-8
-4
-2
1
3
5
4
2
1
3
1
1
2
2
3
5
6
5
3
0
-3
-4
-2
-1
1
0
3
4
3
4
2
-1
-3
-7
-9
-10
-10
-6
-3
1
6
9
13
13
12
8
4
1
-1
-3
-5
-5
-5
-6
-6
-4
-2
1
5
8
9
10
11
11
6
2
-3
-8
-12
-14
-14
-12
-8
-3
3
9
14
15
14
11
9
6
3
0
0
1
1
1
0
-1
-1
-4
-6
-6
-4
-3
-1
1
4
7
8
10
9
5
2
1
-1
-5
-6
-7
-7
-6
-4
-3
-1
0
2
3
4
6
6
6
6
5
4
2
-1
-5
-8
-10
-12
-13
-12
-11
-8
-5
2
6
9
11
13
10
8
4
1
-3
-5
-5
-6
-6
-6
-5
-3
-2
-1
0
1
3
3
4
2
0
-3
-4
-4
-3
-3
-2
-1
1
3
5
5
5
3
1
0
-3
-4
-5
-4
-4
-3
0
1
5
7
8
8
6
4
1
-3
-3
-4
-3
-3
-1
0
-1
0
1
0
0
0
1
4
6
6
7
6
7
5
3
1
-2
-7
-8
-12
-11
-9
-6
-3
1
4
6
8
7
7
4
1
-1
-5
-6
-7
-9
-7
-5
-3
-2
0
3
5
5
5
5
4
3
0
-1
-4
-7
-8
-7
-5
-4
-2
1
3
3
3
4
3
3
2
0
-2
-3
-3
-4
-4
-4
-4
-2
-1
3
5
6
6
6
5
2
-1
-3
-5
-9
-11
-10
-8
-5
-2
0
2
4
5
5
6
5
4
4
1
0
-1
-3
-3
-3
-4
-5
-4
-4
-4
-2
-2
1
4
3
3
5
5
5
4
3
1
-1
-3
-3
-7
-9
-9
-7
-6
-3
1
3
6
9
10
10
8
6
0
-3
-6
-7
-7
-8
-5
-3
-2
1
2
4
5
4
4
2
0
-2
-4
-6
-6
-5
-4
-2
-3
-1
0
1
2
0
1
0
0
-2
-4
-3
-4
-3
-2
0
1
2
1
1
0
-1
1
1
1
0
0
-1
-1
-1
-1
-1
0
-1
-3
-3
-2
-3
-2
-1
-1
0
2
5
7
9
10
10
8
5
-1
-5
-10
-12
-14
-13
-9
-6
-2
3
7
9
12
11
8
6
3
0
-3
-5
-7
-8
-9
-10
-8
-8
-6
-2
2
5
8
10
10
10
9
8
7
6
2
-1
-5
-8
-10
-11
-11
-10
-7
-3
0
6
7
9
10
11
10
8
6
2
-2
-4
-5
-4
-3
-2
0
1
4
4
5
3
4
2
2
1
0
0
0
0
0
0
0
0
1
0
0
-1
-1
-2
-1
2
2
4
4
6
5
4
4
3
1
-1
-1
-1
0
1
2
4
5
6
3
1
-2
-3
-5
-8
-7
-7
-5
-2
0
2
5
8
10
9
8
7
3
-1
-3
-6
-9
-11
-10
-10
-8
-5
-3
2
6
7
9
10
9
7
6
6
3
-1
-4
-7
-8
-11
-9
-9
-7
-4
0
3
7
9
11
10
10
8
5
1
-4
-7
-10
-12
-12
-12
-9
-7
-5
-1
2
6
9
10
11
10
7
5
2
-1
-4
-5
-6
-6
-6
-6
-5
-3
-1
0
2
4
6
5
5
5
5
5
4
2
1
-1
-1
0
-1
1
2
2
0
0
-1
-3
-3
-4
-3
-3
-1
0
2
3
3
4
3
3
1
-1
-2
-5
-6
-6
-4
-6
-6
-5
-3
-1
0
2
2
2
4
3
3
4
3
1
1
0
0
-3
-4
-5
-6
-6
-5
-3
-2
-2
0
1
4
4
7
8
6
5
2
0
-3
-5
-5
-5
-3
-2
0
1
1
3
5
4
3
3
2
1
0
0
-3
-2
-2
-3
-2
-1
0
2
3
5
5
5
3
3
2
0
-2
-3
-2
-4
-4
-5
-3
-2
-2
-1
1
2
1
3
3
4
5
4
2
-1
-3
-6
-6
-7
-6
-5
-5
-3
-1
2
3
6
6
5
6
4
1
1
1
-2
-3
-4
-6
-6
-6
-5
-5
-2
-1
1
3
5
5
8
9
9
8
6
3
1
-2
-5
-7
-9
-9
-8
-7
-5
-1
1
4
5
5
5
4
4
3
1
0
-1
-2
-2
-1
-1
-2
0
-1
-2
-2
-2
-1
-2
0
1
1
3
6
4
3
3
2
0
-2
-3
-2
-4
-4
-4
-3
-3
-3
-1
0
1
0
0
0
-1
0
0
-1
0
0
2
2
2
2
1
0
-2
-2
-4
-5
-5
-4
-1
0
2
3
6
8
9
9
7
5
3
2
1
0
-3
-3
-3
-3
-3
-2
-1
-1
0
1
0
0
0
1
2
4
4
5
4
2
1
0
-4
-6
-7
-7
-7
-4
-1
1
3
3
4
4
3
1
0
-2
-4
-3
-4
-2
-1
0
3
4
4
4
3
1
0
-2
-4
-5
-4
-1
0
1
3
4
5
5
2
1
0
-2
-2
-3
-3
-3
0
1
3
3
4
4
2
-1
-3
-5
-7
-8
-7
-6
-2
1
2
4
6
5
3
3
0
-1
-2
-4
-2
-4
-4
-3
-1
0
1
1
2
2
0
-1
-1
-2
-1
-2
-2
-1
0
1
1
3
2
1
0
-1
-1
-2
-3
-2
-3
-3
-2
0
1
1
1
1
1
2
1
1
-2
-2
-2
-1
-2
-2
-1
-3
-2
-2
-2
-2
-1
1
0
0
0
1
3
1
0
0
-1
-1
-1
0
1
1
-1
0
0
1
1
2
1
0
-1
-2
0
0
0
0
0
2
3
2
2
2
2
2
2
1
0
1
1
1
1
2
1
2
2
1
2
1
1
1
1
1
0
0
-2
0
1
2
1
2
1
0
2
0
0
-1
0
0
1
1
0
-1
0
0
1
1
2
1
1
2
1
1
1
1
1
1
2
2
2
3
4
2
0
0
-2
-1
-1
-2
-1
2
2
1
1
2
0
1
1
1
0
1
2
1
2
3
3
3
3
1
1
0
-2
-2
-4
-5
-6
-5
-4
-2
-2
1
2
3
4
4
5
4
3
2
1
0
0
-1
-1
0
-1
0
1
2
3
3
1
0
2
1
0
0
-1
0
0
1
0
1
-1
-1
-2
-3
-3
-1
0
-2
-1
0
0
0
0
0
0
0
1
0
0
0
1
1
0
0
-1
-2
-2
-1
-3
-2
-4
-5
-5
-5
-5
-4
-4
-3
-3
-4
-5
-5
-4
-3
-4
-4
-2
-3
-2
-1
-1
0
-1
-2
-2
-3
-2
-3
-3
-2
-1
-2
-1
-1
1
1
1
1
1
2
2
2
1
1
2
2
2
1
1
1
2
4
4
3
2
2
0
1
-1
-1
-2
-2
-3
-3
-1
0
1
0
0
0
-1
-1
0
1
1
1
0
0
1
2
2
1
0
0
-1
-1
-1
-2
-3
-3
-3
-3
-2
-2
-1
-1
-2
-3
-2
-2
-2
-1
-1
-2
-1
-1
0
1
2
1
1
2
3
2
2
2
0
1
-1
-1
-2
-3
-2
0
0
-1
-3
-2
-3
-3
-3
-1
-1
0
1
1
2
2
2
2
2
3
3
1
0
0
0
0
2
2
3
4
4
5
3
3
3
3
2
1
0
1
0
0
0
0
1
1
1
2
2
1
1
1
0
0
0
0
1
2
3
1
2
3
2
2
2
1
1
1
2
2
2
4
5
5
4
3
1
1
0
-1
0
0
0
0
1
1
2
1
1
0
1
0
0
2
0
1
0
0
0
-1
0
0
1
0
-1
-2
-2
-1
-1
-1
0
1
2
2
3
3
3
2
1
1
-1
1
2
0
1
1
1
1
0
0
0
0
-1
-1
-2
-2
-1
-2
-2
-2
-2
-1
-1
0
0
0
0
0
0
-2
-1
-2
-1
-1
-3
-3
-2
-2
-3
-1
-1
0
0
0
1
2
1
1
0
0
-1
0
-1
-2
0
-1
0
0
1
2
2
3
2
2
2
2
0
0
-2
-2
-1
-1
-1
-1
-2
-1
-2
-2
-2
-2
-2
-2
-1
-2
-1
0
0
0
1
1
-1
-1
-1
-2
-1
1
0
1
2
2
0
0
-1
-2
-3
-2
-2
-2
0
-2
-1
0
-1
-1
-1
-1
0
-1
0
0
1
1
1
2
2
0
0
1
0
1
1
1
1
1
0
1
1
0
0
0
-2
-1
-1
0
-1
0
0
1
0
-1
0
0
2
2
2
2
2
2
3
3
3
0
-1
-1
-1
-2
-2
-1
-1
0
0
1
0
0
1
0
0
-1
-2
-3
-3
-4
-3
-2
-2
-1
-1
-2
0
0
1
2
1
1
1
2
1
0
1
2
0
-1
0
1
2
2
2
3
3
3
2
3
2
2
2
0
-1
-2
-1
-1
0
0
0
0
-2
-1
-1
0
2
2
3
3
4
4
3
2
1
0
-1
-1
-1
-2
-2
-2
-1
0
1
0
1
1
0
0
0
0
-1
-2
-2
-1
0
-1
0
1
1
0
1
0
-1
-1
0
-1
0
0
0
-1
-1
0
0
-1
-2
-2
-3
-3
-3
-1
-1
1
3
2
2
2
1
1
1
0
-1
-1
-2
-2
-2
-1
-1
-1
-1
-1
-2
-2
-2
-2
-2
-2
-2
-1
-2
-1
-1
-1
0
0
1
1
0
0
0
0
0
0
1
1
0
0
1
1
1
0
1
2
1
1
1
0
0
-2
-1
-2
-2
-2
-3
-1
-2
-3
-2
-2
-1
0
0
2
2
2
2
3
3
1
0
-1
-1
-3
-3
-3
-3
-3
-3
-2
-3
-2
-1
0
1
1
2
0
0
0
1
2
1
0
1
0
2
3
2
2
2
2
2
0
-1
0
0
0
0
1
1
2
2
2
3
2
3
3
2
1
1
2
1
2
1
1
0
1
1
1
2
1
1
2
2
1
2
1
0
0
0
0
0
0
0
1
0
0
0
1
1
1
1
0
0
0
1
1
0
0
1
0
-1
0
0
0
0
0
0
0
0
1
1
1
0
1
1
1
0
0
0
0
-2
-2
0
-1
0
1
0
1
1
2
3
4
4
2
1
0
-1
0
-1
-3
-3
-2
-2
-1
0
0
2
1
0
0
0
0
0
-1
-1
-1
-2
-1
-1
0
0
1
1
1
1
2
1
1
1
0
0
-1
-2
-2
-3
-2
-1
0
0
0
-1
0
0
-1
0
1
2
1
2
2
2
2
2
2
0
1
2
0
2
1
1
0
1
0
1
-1
-1
0
0
0
-1
-1
0
-2
-2
-3
-3
-3
-3
-4
-1
-1
0
1
1
1
1
1
1
0
-1
-1
-1
-3
-2
-1
-1
-1
0
1
2
1
1
1
0
-1
-3
-3
-2
-2
-1
-1
-1
-1
0
1
2
2
2
1
0
1
0
2
0
0
0
-1
-1
-1
-1
-1
-3
-1
-1
-1
0
0
0
1
1
1
1
2
2
1
0
1
0
0
1
0
0
0
0
0
0
-1
-2
-1
-1
0
-1
1
1
0
0
-1
-1
-1
-1
-1
0
-1
1
1
1
2
1
1
1
1
2
2
2
2
3
3
2
0
0
-1
-1
1
0
-1
0
-1
0
-1
-1
-1
-2
-2
-2
-2
-3
0
-1
1
0
1
1
0
0
-1
-2
-3
-3
-2
-3
-3
-3
-4
-3
-2
-1
-2
-2
-1
-1
-1
-3
-4
-4
-3
-3
-2
-2
-2
-2
-1
0
0
0
1
0
0
0
0
-1
-1
-2
-2
-2
-3
-3
-3
-3
-2
-2
-1
0
2
0
-1
-1
0
1
0
0
0
-1
0
0
-1
-2
1
0
1
1
1
-1
0
0
0
0
-1
0
1
1
1
0
0
-1
1
0
1
0
-1
0
0
1
0
-1
-1
-1
1
1
0
3
2
2
2
1
1
0
0
0
-1
0
0
1
1
1
2
2
1
0
-1
-1
-2
-2
-3
-2
-1
-1
-2
-1
0
-1
0
0
0
1
0
-1
-1
-1
-3
-2
-2
-1
0
1
1
0
0
-1
0
0
-1
1
1
1
-1
0
-1
-1
0
0
1
1
1
1
2
1
1
0
1
0
0
-1
1
0
0
-1
-1
-2
-1
0
0
1
1
0
0
0
1
0
0
2
1
0
0
-1
-1
0
1
1
1
0
1
0
0
-1
0
0
0
0
0
0
1
0
0
1
1
1
0
-1
0
-1
0
0
-1
0
0
-1
-1
-1
0
0
1
1
-1
1
1
0
0
-1
0
-1
-1
-2
-1
0
0
0
-1
-2
0
1
1
1
0
0
-2
-2
-3
-2
-1
-2
0
1
0
1
0
-1
1
1
2
0
0
1
1
2
1
2
3
1
0
-1
0
-2
-2
0
1
2
2
2
3
4
4
4
2
1
1
1
-1
0
-1
0
1
1
1
1
2
1
2
1
0
-1
0
-1
-1
0
0
2
1
1
0
0
2
0
1
0
0
1
1
-1
-1
-2
0
0
1
2
1
0
0
0
-1
-1
0
1
2
1
2
3
2
3
2
1
1
0
0
0
0
0
-1
0
-1
0
0
0
2
2
1
2
2
2
2
1
1
1
0
-1
-1
-1
-2
-1
-1
0
0
1
0
0
0
-1
-1
0
1
1
-1
-1
-1
-1
0
-1
-1
-2
-1
-2
-1
0
0
-1
0
0
1
0
0
0
-1
-2
-1
0
1
1
1
0
0
0
-2
-3
-1
-1
0
-1
-1
0
0
-1
-2
-1
-2
0
0
0
0
1
0
-2
0
1
1
2
2
3
2
3
3
4
4
3
2
2
2
2
2
2
2
2
1
2
1
1
2
1
1
1
1
0
1
1
1
1
-1
0
0
0
1
1
1
0
-1
-1
-1
-1
-2
-1
0
0
2
3
2
1
2
2
3
0
-1
-1
-1
0
0
-1
-2
-1
-1
0
0
1
1
0
1
0
-1
-2
-1
-2
-2
-1
-1
-2
-2
-2
-2
-1
-1
0
0
-1
1
0
-1
-1
-2
-1
0
0
0
0
0
-1
0
-1
-2
-2
-2
-2
-2
1
0
0
0
0
-1
0
-1
-1
-1
-1
-2
-1
0
0
1
0
1
0
1
1
1
0
-1
0
0
0
-1
0
-1
0
-1
0
-2
-3
-1
-2
-2
-1
-2
-2
-1
-1
-1
0
-1
-2
-2
-2
-1
0
2
2
2
2
1
1
1
-1
-1
-3
-2
-1
-1
1
0
-1
0
1
1
1
1
0
1
1
1
1
-1
-1
-1
0
0
0
0
0
0
3
2
2
2
2
2
1
0
1
1
1
0
-2
-2
-1
0
0
1
1
0
1
0
1
1
2
1
0
0
-1
0
0
0
0
1
0
1
2
1
1
2
1
2
3
3
2
2
1
2
1
3
2
3
3
3
4
4
2
1
0
-1
0
0
-1
0
0
1
1
1
1
0
-1
-2
-2
-4
-3
-2
-2
-2
-2
-2
-3
-3
-3
-2
-1
-1
-2
-2
-1
-1
-1
0
0
0
0
1
2
2
2
3
2
2
2
0
0
-1
-1
-1
-1
-2
-1
-2
-1
-1
-1
0
-1
-2
-1
-2
-1
-2
-3
-3
-3
-2
-1
-2
0
-1
-1
0
-1
-2
-1
-2
-3
-3
-4
-4
-3
-2
-2
-2
-2
0
0
0
0
0
0
0
0
-1
-1
-1
0
1
1
0
0
0
0
-1
-1
1
1
2
1
1
0
0
-2
-2
-1
0
0
2
1
0
1
2
2
1
0
1
0
0
0
0
3
1
2
2
1
2
0
0
1
1
2
2
0
1
1
2
3
2
2
3
1
0
0
0
0
0
-1
-2
0
0
1
0
0
-1
-1
0
0
2
2
0
0
0
-1
0
-1
1
0
0
0
1
0
1
2
1
1
-1
0
-1
-1
0
-1
1
1
0
-1
0
0
1
1
0
0
1
0
1
-1
-1
0
0
-1
-2
-2
0
0
2
1
0
1
1
1
0
0
1
1
0
1
0
-2
-1
-1
-1
1
1
0
0
-1
-2
-3
-3
-3
-3
-2
-1
1
0
1
0
1
0
0
1
0
0
1
0
2
0
1
2
0
0
0
-1
-2
-3
-2
-3
-2
-2
-1
-1
1
1
0
0
0
0
0
-1
-1
0
0
-2
0
1
0
0
0
0
1
2
2
1
0
2
1
1
2
1
0
0
1
2
1
3
3
3
5
2
1
2
2
3
5
3
3
2
3
2
3
2
1
2
1
2
3
2
2
2
3
2
2
3
2
3
2
1
1
-1
-1
-1
-3
-2
-1
0
-1
-2
-1
-1
-1
0
-2
-1
-2
-2
-3
-2
-2
-3
-3
-2
-1
-2
-1
-1
-1
0
0
-1
-1
0
0
-1
-1
-2
-2
-1
0
0
-1
-2
-2
0
-2
-1
0
0
1
0
0
-1
-1
-1
-1
-1
-1
0
0
1
1
0
0
-1
0
0
-2
-2
-2
-2
-1
0
1
1
1
1
1
1
0
1
1
1
3
2
2
2
2
2
1
0
2
1
1
1
1
1
1
1
-1
-1
-2
-1
-2
-2
-1
-1
-1
-2
-1
-1
-1
-1
-1
-1
0
0
1
0
0
0
0
0
-1
-1
-1
-1
0
0
0
0
-1
0
0
0
0
0
-1
-1
0
2
1
0
1
1
0
1
1
0
2
0
-1
0
1
1
0
-1
-1
-1
0
-1
-1
-2
-2
-2
-1
-2
-1
0
0
1
2
0
-1
0
-2
-1
-2
-2
-2
-2
0
0
1
0
0
1
0
1
1
1
0
-1
-1
-1
-1
-2
-2
-2
-3
-1
-1
0
1
1
1
-1
-2
-1
0
1
0
-1
-2
-1
0
0
0
1
1
1
0
1
0
0
0
0
2
2
2
2
0
1
2
2
2
3
2
2
1
1
0
-1
0
1
3
2
2
1
0
-1
-1
-1
-1
-1
-2
-2
-2
-1
-1
-2
0
0
1
1
1
1
1
1
2
1
0
-1
-1
-1
1
0
1
0
-1
1
1
2
1
0
-3
-3
-3
-5
-5
-5
-4
-3
-2
-1
-1
-1
0
0
1
0
2
2
0
2
1
0
-1
-1
1
2
0
1
0
1
1
2
0
0
-1
-1
-1
-2
-2
-2
-1
-1
0
0
0
-1
-2
-2
-2
0
-1
1
0
1
1
2
1
2
2
0
-1
-2
-1
-2
-2
-1
-2
-1
-1
-3
-1
-1
0
-1
0
2
1
1
0
2
2
2
3
2
1
0
0
0
0
1
2
2
3
3
3
3
2
1
1
0
1
1
2
0
1
1
2
1
2
0
-1
-1
-1
-1
-2
-1
2
3
2
2
2
1
2
3
2
1
0
-1
0
0
0
1
0
1
2
2
1
0
1
1
1
2
1
0
1
0
-1
0
2
1
0
-2
-1
-3
-1
-1
-2
-1
-1
-1
-1
-1
-2
-1
-1
-1
-1
-1
-1
-2
0
-1
0
0
-1
0
0
0
2
2
1
0
-1
-1
-1
-1
0
-1
-2
-2
-1
-1
1
0
0
-1
-1
0
0
-1
0
-3
-4
-3
-2
-1
-1
-1
0
0
0
-1
-1
-2
-2
-2
-3
-3
-3
-2
-3
-2
-2
-2
-1
-1
-1
-1
-2
-2
-1
-1
-1
-1
1
0
0
0
0
0
1
1
0
1
1
1
2
2
1
0
-1
-2
0
-1
-1
0
-1
0
0
1
-1
-1
-1
-1
-1
-1
0
0
0
1
1
1
1
1
0
0
0
-1
-1
0
1
-1
-1
0
0
0
0
-1
0
1
0
0
-1
-2
-1
0
-1
-1
-2
0
0
1
1
0
0
2
2
2
1
0
0
1
1
1
0
-1
-2
-1
-2
0
0
0
1
0
0
0
0
0
0
0
1
0
0
0
0
-2
-1
0
0
0
1
2
1
2
1
1
1
1
1
-2
0
0
-1
-1
-1
-1
-2
0
0
-1
0
0
-1
1
-1
-1
0
0
1
0
1
2
2
2
2
3
2
3
1
3
2
1
1
2
2
2
2
3
2
2
4
4
4
2
2
2
2
1
2
1
0
1
1
2
0
-1
0
-1
-1
-1
0
-1
-1
-1
-1
-2
-1
0
-2
-1
-1
-1
0
0
-1
1
1
2
2
1
1
2
1
1
0
0
-1
-1
0
0
1
1
2
0
1
0
0
-1
0
1
1
1
0
2
2
1
2
0
0
-2
-1
-1
-1
0
-2
-2
-1
-2
0
0
1
2
2
0
0
-1
-2
0
-1
-1
-1
-2
0
0
0
-1
-1
0
1
0
0
1
0
0
0
0
1
2
1
1
1
1
0
-1
-1
-2
-1
0
1
2
1
0
1
-2
-3
-2
-3
-2
-2
-2
-1
-1
0
1
1
1
0
-1
1
1
1
0
0
-2
0
-1
-1
-1
0
0
0
-1
-1
-1
-1
0
-1
0
-1
-1
0
1
1
1
1
1
3
3
3
2
2
0
0
0
0
0
0
0
-1
-1
0
-1
-1
-2
-2
-4
-2
-3
-1
0
0
0
1
1
0
0
-1
-1
0
-1
-1
-1
-1
-1
0
0
-1
0
-1
-2
-2
-2
-3
-3
-2
-2
-2
-1
-2
-2
-2
-2
-3
-2
-1
-1
-1
-1
-1
1
1
0
1
-1
1
0
0
0
0
0
0
-1
1
2
2
1
0
2
2
4
0
1
0
0
0
0
1
2
2
1
2
2
2
2
2
1
1
2
1
1
0
-1
-1
0
1
1
1
1
1
-1
-1
-1
-1
0
0
-1
-2
-1
0
0
0
0
0
0
-1
-1
-1
-2
-2
-2
-3
-2
-2
0
-2
-2
-1
-1
-1
-1
0
0
1
0
-1
-1
-1
-1
-1
0
-1
-1
0
-1
-1
-1
1
1
0
1
2
3
3
2
0
-1
-1
-2
-2
-1
-1
-2
-3
-2
-3
-3
-2
-2
-2
-1
-1
0
0
1
1
0
1
1
1
2
1
1
1
1
-1
0
-1
-1
-1
-1
-1
-1
-1
-3
-2
-2
-2
-2
-1
-1
-1
-2
-1
-2
-1
-1
-1
-2
-2
-2
-1
0
2
2
0
1
1
0
1
0
-1
-1
1
1
1
0
-2
0
0
-1
-1
-1
-1
1
1
1
1
0
2
0
0
1
0
0
-2
-1
0
0
0
0
0
1
2
2
3
2
3
3
2
2
1
1
2
-1
-1
-1
-1
-1
0
0
1
1
0
2
2
2
2
1
0
-1
-1
-2
0
-1
-1
-1
0
3
2
2
2
2
3
1
1
0
-1
0
0
0
0
-1
0
0
-1
-1
0
0
1
1
0
0
-1
-1
0
0
1
1
3
1
2
3
1
2
1
2
2
3
2
2
1
0
0
0
0
1
0
1
3
2
2
2
1
1
1
-1
-1
-1
-1
0
0
-1
-1
-1
0
1
1
1
1
2
0
0
-2
-1
-2
-2
1
0
2
1
3
2
2
2
1
-2
-3
-3
-4
-4
-4
-3
-2
-2
-1
-1
-1
-2
-2
-1
-2
0
0
-1
0
0
0
1
1
2
2
1
0
1
-1
-2
0
0
1
1
2
1
0
2
2
1
0
0
0
0
1
1
2
2
2
1
3
2
1
3
1
3
1
2
3
2
1
3
2
1
1
0
-1
0
0
0
-1
0
2
2
1
1
2
1
0
-2
-1
-2
-1
-1
-1
0
1
1
0
2
2
0
1
1
-1
0
0
-1
-1
-1
-1
-1
0
1
1
0
-1
-1
-2
-2
-1
-2
-3
-3
-4
-3
-3
-2
-3
-1
1
0
1
0
1
0
0
-1
-1
-1
0
-1
0
-1
-1
-2
-1
-2
-1
0
0
-1
-1
0
0
1
0
-2
-1
-1
-1
0
-1
0
-1
-1
0
1
1
1
0
-1
-1
-1
-1
-1
-2
-1
-1
-1
-3
-2
-1
-3
-2
-2
-1
-2
-3
-2
-2
-1
-2
-1
-1
0
0
0
0
-1
-1
-1
-1
0
1
1
0
0
-1
-1
0
-2
0
0
2
3
2
3
2
4
2
3
2
0
0
0
1
2
1
-1
0
0
-1
0
1
1
1
1
0
1
-1
1
-1
0
-1
0
0
-1
-1
-1
-1
0
-1
0
-1
1
2
2
2
1
2
2
2
3
3
2
5
4
4
5
5
4
3
3
2
1
2
1
0
-1
-1
-1
-2
-3
-2
-3
-3
-3
-2
-2
-1
0
-2
0
-1
1
2
0
-1
1
2
1
3
1
0
3
0
-1
1
-1
-4
-2
-1
-3
-3
0
-3
-3
-1
-3
-2
1
1
0
2
3
4
5
2
6
4
-1
1
2
1
0
8
5
4
11
5
4
8
7
2
4
4
5
0
-4
4
-1
-11
-3
-3
-9
-3
1
-4
-6
-6
-2
0
-6
-4
2
-3
-9
-4
-2
-9
-8
2
-3
-4
0
-5
-3
4
3
4
8
0
-4
2
-4
-7
-1
-4
-5
0
6
15
8
-2
5
-1
-8
5
5
0
6
3
-1
6
2
11
11
1
9
15
15
15
9
9
13
12
16
12
-7
-2
0
-19
-4
3
-3
-4
-10
-12
-13
-10
-5
0
-3
-6
-4
-1
8
-3
-12
0
-17
-14
-12
-7
-9
-21
-8
8
-8
-15
3
3
-5
2
-4
-10
-3
-13
-1
0
-21
-5
-5
-19
-12
-10
-6
-2
-7
-12
-9
-28
-36
-11
-21
-22
-4
-11
4
3
-8
-1
-6
-28
-9
6
-15
7
4
1
9
0
12
21
14
13
20
0
-3
1
-23
-12
11
-6
-14
8
-2
-10
6
9
14
24
24
25
34
-124
-77
166
17
-79
71
39
-36
-24
-58
21
-54
-131
197
56
-238
92
83
-144
35
25
-47
34
1
32
34
-48
23
70
-42
-17
64
17
13
51
10
-20
0
-12
7
-147
-141
150
121
-25
62
101
41
34
16
46
-9
-106
205
152
-342
-56
219
16
100
215
147
32
-92
23
36
-374
-75
349
-55
-124
119
-60
-197
-175
-51
53
-68
189
266
-119
-25
-266
-440
87
39
86
295
148
84
-90
-180
64
-86
-303
431
282
-257
128
-9
-246
-57
55
48
115
3
-13
130
-205
-177
96
-150
-13
173
-151
-99
-18
-185
80
28
-127
227
38
-47
64
-126
-53
-89
75
177
-34
132
161
14
-1
107
-62
74
79
-8
87
-68
112
-163
-22
-16
-126
114
-102
37
-74
-23
-123
11
9
-175
110
-124
13
-31
-89
111
-62
-15
114
136
-108
88
86
-94
82
-90
147
-116
-125
267
-86
-4
10
-135
-45
-4
-81
124
51
-256
224
-76
-277
151
-83
-22
93
-36
131
13
-173
30
16
-204
182
74
-122
140
-116
56
74
-109
-21
98
-39
-10
94
-129
20
-119
-49
77
90
-13
-51
250
-172
-79
212
-290
-124
190
-55
-80
132
76
-136
-57
73
114
-179
23
273
-226
-38
174
-5
-156
-83
169
-173
96
120
-114
113
21
11
-37
43
-59
-113
111
-56
48
133
-136
124
22
-266
72
107
-147
61
270
-141
-1
16
-158
64
-187
158
59
-284
135
137
-45
-56
91
62
-96
53
120
28
-85
78
275
5
-93
172
89
-148
151
174
-224
96
124
-135
-73
-104
11
-44
5
145
-100
-134
0
0
-215
65
226
-80
121
-1
-173
77
45
14
123
92
38
21
20
-164
31
228
-16
40
67
-98
-11
87
-127
-90
-46
131
147
-214
-2
-44
-298
97
305
-240
-88
382
-50
-204
155
-37
-221
58
171
93
14
-65
98
-29
-274
144
179
-162
48
234
-122
-200
41
-2
-9
-108
120
159
-275
-60
211
-70
-322
100
156
-76
189
-88
-57
44
-291
180
245
-351
-22
294
-134
-9
90
-97
41
-249
16
347
-277
72
435
-271
-196
330
93
-251
-142
203
164
-74
-9
30
-102
-240
50
216
-119
-215
235
132
-361
-229
32
84
-146
-54
298
-36
-437
72
133
-453
-86
430
171
-109
-40
79
-33
-316
66
355
-288
-180
616
90
-517
35
166
-280
-75
259
166
21
-2
165
-172
-280
199
154
-130
113
179
-115
12
-102
-148
139
95
26
119
163
-122
-119
136
-180
-179
163
209
6
-165
118
87
-327
-135
190
-39
45
227
201
8
-306
-100
102
-221
-132
298
190
147
-171
-186
139
-232
-144
179
150
-54
77
292
-19
-327
-196
118
8
-134
173
404
34
-300
-83
-111
-230
-26
51
240
121
58
213
-187
-490
-363
153
510
151
-247
62
149
-211
-119
149
-134
-333
372
644
-156
-407
27
109
-68
-44
302
37
-142
173
-21
-180
-110
-87
-40
181
29
-91
62
62
-27
-181
89
136
-197
-11
163
118
74
-139
64
108
-127
-33
53
-12
59
173
-45
-31
-189
-72
279
25
-64
-47
72
36
-110
44
50
-192
15
256
-29
-61
51
89
-156
-186
352
58
-420
56
203
-35
3
-5
-89
-102
-37
244
173
-303
-82
-35
-94
212
89
-242
-29
268
-21
-14
36
-55
-163
79
285
-165
-123
-96
113
43
-22
152
-74
39
-92
6
-35
145
-21
-317
214
-36
38
-59
-100
38
-172
41
173
74
-149
-109
-9
159
50
-184
53
8
-139
101
216
-167
-64
85
75
8
-9
136
-62
-215
-35
229
34
-219
36
19
-180
102
210
-44
-122
-69
76
139
-48
-92
95
20
54
172
-66
-280
-84
110
100
53
-120
-113
-23
42
56
-109
-117
62
18
-19
102
-63
-241
-31
219
12
-119
98
56
-191
88
247
-55
-225
77
257
28
-43
-15
-68
-192
16
205
217
-106
-176
90
121
-244
-300
218
148
4
-5
119
-59
-331
-20
214
96
-2
91
35
-29
34
-37
46
88
-238
-39
239
138
18
-159
10
10
-142
25
115
-65
-94
170
81
-164
-191
-11
87
98
15
-19
32
30
57
-16
-114
-27
86
-54
155
128
-182
-7
-28
45
-6
-57
-19
-21
32
-42
2
-153
-80
-72
81
198
-42
7
-311
-74
134
-116
23
117
34
-90
146
102
-202
-208
96
202
-145
-16
82
-36
-66
-38
116
-168
-109
77
134
-69
-70
160
-110
-72
75
15
-197
-50
195
104
-87
49
131
-145
-90
154
38
-169
12
51
12
0
-3
93
-65
-41
36
-83
-43
13
19
36
118
-109
-30
29
-20
52
-185
-46
125
87
-70
82
-82
-310
52
125
-1
-55
-9
25
6
-55
157
-37
-171
140
-10
-13
94
-23
-119
36
-8
-7
60
-60
-29
-68
172
124
-68
-93
7
-104
-118
214
-17
-42
8
10
176
-10
-130
-45
87
-20
23
47
-23
106
-23
63
128
-154
-59
82
41
147
33
25
79
-181
2
92
-58
72
-21
-44
61
5
44
-123
-124
55
-132
-34
210
-17
-48
131
18
-39
-85
-94
37
-5
51
70
65
43
-30
-35
21
72
-41
-52
102
43
86
24
-3
-13
-82
-17
-89
45
-6
-52
50
54
-70
-84
-3
-28
45
-102
14
104
-30
-32
8
-15
-64
0
56
91
-77
-88
168
112
-25
1
19
-18
28
48
33
20
-52
57
59
32
-6
44
117
20
81
89
-73
27
49
-129
6
-62
-112
92
-25
33
93
-133
-27
-27
-186
49
-24
-1
85
-157
-110
-60
-201
-77
63
28
-1
14
48
-30
-101
-49
-33
-53
-47
-21
61
114
30
15
68
-98
-105
-37
-29
173
79
80
49
-54
-92
-145
-17
74
66
-23
89
21
-120
-84
41
95
-53
68
132
94
-9
-65
28
-154
-60
20
97
85
21
196
-48
7
25
-40
55
16
61
73
113
67
-6
-48
-90
-51
52
121
64
48
181
87
41
7
-46
-14
-82
-82
-117
-196
-99
-47
-78
31
21
-29
-78
-146
-209
-250
-134
-92
-23
45
56
5
-91
-88
-124
70
94
96
210
131
153
138
10
-33
-5
-126
165
248
97
242
87
-42
28
-92
-27
173
-124
73
104
-254
39
-74
44
174
-92
18
-39
-118
-107
-52
-30
128
40
-23
12
-164
-87
-4
54
25
-23
59
53
87
106
80
77
168
149
134
232
234
93
-42
-145
-201
-68
127
237
308
280
49
-215
-448
-498
-246
-16
139
163
-27
-220
-317
-361
-255
-83
43
139
156
113
63
-3
7
68
-12
-113
-107
36
183
310
301
215
73
-154
-306
-332
-137
89
205
177
75
-91
-256
-200
-144
-51
56
97
188
118
-41
-11
-27
-70
73
51
0
-18
-99
125
119
17
54
-93
-188
-138
-34
12
89
-2
-88
-154
-287
-76
-122
-121
77
58
44
35
95
6
29
143
185
351
315
70
-203
-286
-180
8
246
400
448
322
102
-265
-540
-545
-342
14
128
82
-50
-223
-348
-393
-340
-207
-98
41
251
219
91
45
10
-15
-24
-78
-102
63
274
393
451
323
78
-150
-272
-216
-121
43
223
267
25
-194
-276
-314
-231
-98
85
91
-25
24
67
-11
19
-9
35
-8
-123
96
88
30
219
114
-146
-157
-87
-21
51
14
42
-98
-209
-67
-185
-227
-173
-22
47
19
17
-149
-177
-13
203
130
168
233
223
426
432
167
-144
-240
-105
80
357
538
625
596
249
-210
-656
-811
-492
-18
263
332
128
-215
-496
-658
-563
-335
-87
97
264
295
100
-18
-74
-57
78
78
100
204
268
373
438
396
188
-7
-213
-262
-56
105
288
310
147
-81
-350
-493
-450
-276
0
233
77
8
-11
-217
-146
-97
13
127
83
70
105
23
-3
136
54
67
-50
-60
106
35
95
82
-136
-303
-244
-78
-100
-183
-10
-9
-161
9
9
-74
61
200
166
213
364
302
315
148
-230
-181
-62
156
445
488
584
483
70
-322
-685
-706
-297
80
256
252
-51
-411
-576
-748
-716
-336
-10
181
295
172
-108
-190
-199
-127
81
127
159
290
339
392
435
288
70
-42
-123
-61
80
139
186
118
-26
-88
-239
-465
-402
-241
-114
67
-28
-145
-215
-302
-152
-27
-50
55
194
149
156
114
1
31
-30
101
193
50
53
95
121
27
-141
-268
-220
-93
-138
-83
-12
-116
-257
-177
-110
-247
-66
211
228
278
311
344
405
193
-112
-269
-234
108
435
629
675
644
470
-53
-546
-828
-649
-93
274
363
206
-251
-692
-903
-943
-663
-219
62
259
370
103
-285
-351
-315
-106
188
328
449
527
469
484
519
341
170
20
-74
97
343
362
307
153
-97
-233
-427
-584
-402
-109
132
225
-62
-371
-528
-575
-321
-21
93
241
252
43
-38
-112
-137
37
178
290
373
206
1
34
-12
-28
162
-21
-192
-43
-112
-165
-52
-133
-195
-163
-247
44
165
43
458
525
340
463
189
-264
-470
-301
348
808
815
633
500
241
-301
-717
-870
-481
203
472
370
35
-608
-1079
-1083
-823
-396
-72
91
306
331
-11
-439
-522
-332
10
388
546
646
683
553
424
331
190
75
48
156
459
633
437
121
-187
-347
-367
-456
-455
-179
5
20
-52
-411
-656
-626
-499
-136
109
109
218
209
-14
-118
-189
-145
104
304
466
504
256
41
50
40
-7
33
79
176
160
-84
-157
-220
-338
-207
-79
-98
-71
52
177
294
304
293
348
329
45
-444
-454
133
597
845
784
555
443
-2
-607
-898
-744
-126
416
377
-6
-503
-1122
-1315
-990
-552
-106
118
134
176
-26
-572
-685
-356
-65
395
658
656
708
519
303
425
466
368
281
236
420
665
583
328
27
-346
-506
-584
-686
-466
-101
85
50
-345
-840
-981
-933
-576
-8
261
360
235
-191
-424
-350
-191
144
519
724
759
406
-29
-80
30
144
320
410
336
133
-159
-362
-318
-193
-201
-145
39
142
81
-27
91
339
365
305
6
-635
-789
-65
683
1017
790
472
478
88
-629
-975
-804
27
816
744
156
-644
-1542
-1645
-917
-207
214
293
120
116
-93
-715
-892
-394
231
784
939
720
469
207
117
467
711
564
344
311
494
663
453
25
-244
-300
-182
-206
-566
-680
-384
-246
-333
-518
-773
-810
-625
-313
38
8
-218
-89
30
-26
65
84
110
376
512
518
415
215
280
394
258
183
100
-36
-7
70
-52
-169
-249
-378
-382
-293
-212
-100
-12
103
292
328
274
401
118
-780
-1067
-194
780
1116
836
540
707
366
-628
-1067
-814
-63
842
1009
382
-510
-1613
-1923
-1023
-85
260
345
243
110
-132
-802
-1072
-468
242
879
1194
875
370
60
80
475
804
787
621
445
437
561
430
-32
-454
-426
94
434
-10
-670
-765
-692
-761
-793
-656
-316
-120
-82
98
-135
-935
-1013
-144
650
1044
814
180
-83
-32
100
321
448
754
1073
721
174
-212
-553
-456
128
539
380
-158
-678
-763
-610
-481
-269
1
247
401
273
194
167
303
156
-680
-1015
47
1090
1180
815
397
571
342
-642
-1000
-649
35
993
1080
-15
-1015
-1939
-1945
-721
206
353
261
-26
-298
-428
-880
-1004
-340
437
1060
1168
675
88
-95
92
524
1000
1179
918
484
307
365
275
-242
-688
-316
486
669
-192
-1164
-1138
-797
-960
-864
-260
-14
-221
-425
-309
-482
-1160
-675
657
982
777
413
-243
-271
159
399
687
794
939
906
154
-287
-149
-169
65
511
386
-38
-529
-836
-740
-552
-394
-218
-128
82
313
6
2
176
382
303
-549
-1033
59
1106
1110
740
295
449
399
-407
-666
-357
34
657
714
-161
-922
-1598
-1596
-580
163
131
-30
-230
-386
-365
-533
-620
-282
228
757
978
763
263
14
176
516
930
1146
889
440
216
265
302
-59
-439
-238
413
526
-391
-1191
-1018
-775
-801
-374
47
-177
-612
-667
-488
-680
-735
137
769
441
377
297
-301
-347
324
762
837
760
668
382
-56
-151
44
180
373
326
-44
-218
-362
-556
-659
-337
33
40
52
281
407
47
131
195
-620
-1341
-380
1264
1442
553
-86
239
345
-351
-663
-391
-8
702
1129
79
-1174
-1853
-1530
-211
601
322
-172
-350
-478
-242
-260
-514
-245
282
803
1009
558
-81
-124
320
767
1043
943
586
246
259
396
306
-163
-600
-196
519
607
-17
-969
-1456
-1271
-809
-203
182
-324
-771
-504
-264
-561
-1088
-538
734
1048
698
334
-480
-824
1
969
1382
849
362
479
174
-258
-117
82
320
628
452
-101
-562
-1006
-856
-239
210
249
90
113
175
197
-119
213
-220
-1233
-1064
793
1770
820
-146
-198
483
186
-442
-543
-286
378
1108
710
-897
-1848
-1859
-626
579
698
27
-588
-748
-406
28
-300
-576
-65
756
1166
540
-277
-444
199
872
1214
1132
703
105
-178
138
540
354
-356
-443
463
913
251
-907
-1568
-1206
-682
-249
232
-16
-776
-864
-437
-304
-677
-1013
-52
1061
1083
630
-293
-1093
-448
817
1366
1146
355
292
299
-115
24
217
123
413
723
431
-254
-1048
-1068
-409
144
152
-44
-235
-100
22
110
319
335
175
-827
-1095
27
1284
867
193
126
618
668
-318
-764
-572
48
923
1091
-147
-1373
-1600
-1077
17
327
-39
-465
-373
-159
23
-214
-744
-520
436
1088
805
57
-309
-39
710
926
894
780
515
195
172
299
211
-245
-506
154
907
646
-508
-1339
-1037
-648
-565
-197
-96
-501
-567
-266
-315
-728
-918
-212
528
664
885
347
-801
-648
518
941
726
504
535
520
133
83
8
-123
155
573
547
102
-568
-909
-684
-207
-85
-196
-152
46
97
112
210
39
145
-389
-1166
-636
968
1289
348
-194
202
817
30
-657
-580
-171
640
1214
335
-1110
-1612
-1259
-91
546
107
-514
-571
-277
57
-18
-750
-746
286
1100
958
102
-426
-166
579
984
973
691
318
163
207
336
248
-228
-505
94
806
648
-401
-1316
-1135
-524
-315
-154
-227
-673
-645
-186
-197
-687
-949
-340
606
761
640
170
-804
-649
685
1229
736
270
326
674
361
-19
-10
-35
227
696
570
-101
-730
-884
-483
24
35
-386
-400
-188
40
43
54
38
146
370
-370
-1053
-395
951
989
433
234
718
669
-359
-658
-344
165
937
1109
-94
-1049
-1223
-937
-162
60
-204
-315
-113
-23
-61
-620
-1192
-447
663
960
525
5
-144
162
526
589
600
535
548
554
476
207
-89
-316
-114
535
782
257
-604
-931
-600
-392
-448
-272
-345
-487
-207
-104
-615
-956
-648
271
700
355
202
-267
-695
61
837
475
182
384
724
574
-96
-132
47
212
584
665
115
-436
-572
-290
-54
-184
-292
-170
169
266
59
-2
23
121
228
-388
-1098
-383
952
971
362
-41
274
501
-231
-525
-374
-58
810
923
-327
-1172
-1323
-849
101
237
-141
-356
-197
-49
-58
-598
-989
-282
652
927
480
-200
-298
270
753
791
590
409
489
545
322
92
-46
-187
67
628
595
-25
-813
-1053
-450
-173
-347
-271
-422
-627
-354
-360
-777
-764
-288
445
583
188
-11
-458
-566
444
981
495
234
377
615
374
-59
-34
266
547
782
388
-223
-508
-465
-222
-58
-59
-370
-258
-68
60
-42
21
84
284
583
-557
-1471
-728
974
1276
572
-46
284
535
-348
-579
-426
47
990
1216
-119
-1179
-1403
-1098
171
434
2
-286
-187
-119
-143
-689
-1120
-172
879
1041
460
-360
-491
289
805
691
510
410
622
624
216
-71
-137
-200
207
781
588
-128
-827
-882
-354
-254
-484
-231
-358
-500
-211
-471
-981
-770
-9
564
473
47
-31
-516
-570
490
831
335
246
450
450
184
-199
-96
258
702
793
165
-381
-499
-423
-132
36
-86
-306
-243
-135
-128
-84
132
405
461
573
-374
-1658
-1067
834
1461
802
178
71
410
-248
-777
-539
108
1139
1411
-34
-1376
-1535
-1187
35
682
148
-345
-271
-109
-232
-731
-1156
-155
1071
1198
434
-597
-794
201
932
821
482
421
751
787
76
-376
-258
-46
411
936
588
-269
-822
-844
-312
-292
-454
-188
-203
-451
-276
-642
-1280
-735
392
685
258
-42
-125
-543
-520
540
837
300
472
672
248
-80
-100
57
331
760
828
26
-455
-283
-223
-272
-85
-32
-270
-339
-116
-175
-81
139
503
376
289
-342
-1521
-1169
689
1571
734
97
5
430
-224
-786
-371
88
908
1409
148
-1543
-1555
-1064
-2
762
279
-304
-395
-152
-162
-694
-1245
-149
1267
1203
294
-725
-979
60
1023
992
536
353
676
845
-22
-638
-285
245
650
958
451
-567
-892
-733
-228
-55
-452
-198
-60
-485
-503
-650
-1218
-510
655
702
80
-418
-190
-113
-411
383
996
387
305
550
207
-72
-139
263
597
565
565
-54
-480
-144
3
-204
-215
-4
-130
-441
-403
-184
-33
270
577
509
157
107
-949
-1507
-50
1528
1282
262
-165
351
269
-763
-514
94
586
1324
820
-1069
-1708
-1153
-454
670
536
-252
-477
-352
-206
-432
-1214
-778
1023
1468
517
-564
-1132
-367
874
1071
712
408
446
891
359
-814
-647
255
775
1023
626
-308
-860
-903
-345
187
-284
-287
218
-330
-772
-676
-928
-768
399
1136
327
-867
-506
119
-350
19
1002
611
13
240
321
-253
-266
492
793
498
368
-9
-655
-255
250
56
-220
-72
-93
-464
-512
-451
21
439
708
439
-67
-29
-782
-1496
-346
1428
1474
489
-221
-20
293
-627
-605
146
694
1195
809
-1000
-1733
-1041
-451
585
649
-120
-410
-384
-337
-378
-916
-758
879
1464
440
-654
-1203
-485
948
1211
630
325
372
788
406
-801
-748
475
1025
868
280
-547
-805
-572
-351
71
150
-176
59
-296
-920
-946
-843
-458
558
825
31
-705
-707
-15
25
-48
787
968
154
-182
-114
-71
121
370
854
614
31
-105
-418
-348
184
338
29
-74
-148
-491
-834
-538
144
473
675
422
192
-232
-127
-744
-1177
-56
1551
1635
247
-430
-140
253
-367
-198
355
642
1008
413
-1120
-1614
-917
-244
764
572
-313
-596
-631
-352
-317
-735
-364
1019
1102
15
-850
-989
-6
1116
1138
669
280
278
627
182
-768
-295
930
1258
620
-228
-798
-593
-241
-51
167
-100
-191
26
-528
-1088
-794
-475
-18
643
490
-425
-1031
-321
429
55
-28
762
646
-87
-216
-61
97
300
702
683
106
-100
-58
-215
31
309
95
-141
-31
-247
-733
-677
-82
430
403
95
106
215
82
144
-695
-1144
64
1426
1133
54
-452
82
637
-214
-422
98
427
978
525
-1146
-1456
-678
-106
636
164
-727
-573
-194
-105
-402
-939
-473
1052
931
-281
-702
-599
207
1017
784
338
291
486
818
276
-831
-270
1058
1137
414
-356
-687
-172
17
-246
-109
-186
-103
137
-684
-1185
-740
-394
94
548
54
-679
-735
-91
416
-119
-148
691
513
-49
-84
-27
39
375
626
580
41
-70
36
-42
83
89
-185
-182
46
-259
-608
-456
45
368
230
-48
253
258
113
-124
-1094
-806
800
1437
629
-62
-385
396
223
-662
-155
364
637
930
-322
-1595
-1001
-381
261
632
-408
-712
-201
-133
-417
-700
-808
437
1267
134
-622
-581
-175
770
970
369
310
430
710
727
-434
-814
694
1405
651
-180
-650
-345
224
-169
-428
-208
-204
190
-207
-1223
-1017
-362
-31
430
186
-680
-704
-153
354
96
-334
318
764
140
-149
-21
69
508
699
449
110
-99
166
264
180
17
-125
-125
0
-142
-523
-515
-34
435
271
-2
-13
332
252
55
-832
-1074
258
1345
1003
-3
-442
128
534
-461
-365
299
512
868
97
-1291
-1206
-508
15
677
-107
-851
-281
-75
-299
-658
-955
93
1365
458
-688
-707
-307
637
1004
394
324
430
532
710
-111
-859
387
1361
848
-44
-664
-393
326
77
-476
-349
-274
157
105
-1109
-1226
-399
30
242
68
-683
-710
-135
274
136
-429
27
775
356
-260
-147
73
529
776
288
-125
-70
283
457
223
3
-132
-46
-1
-196
-336
-425
10
393
223
-77
-133
223
436
324
-927
-1273
30
1386
1136
-39
-534
74
606
-516
-504
299
612
816
-6
-1252
-1155
-466
-102
728
65
-833
-357
-97
-200
-624
-1012
102
1452
528
-710
-782
-353
669
1052
334
310
476
541
689
-221
-872
521
1485
795
-147
-747
-278
455
-92
-552
-266
-200
137
88
-1099
-1126
-357
-49
287
-101
-719
-437
-127
171
128
-544
96
925
224
-313
-188
154
777
748
247
-173
-110
401
468
88
74
87
1
-161
-387
-330
-288
136
388
139
-131
-73
176
182
281
-556
-1136
-293
991
1089
191
-473
-73
696
-376
-597
314
533
727
116
-1113
-1000
-355
-325
513
244
-729
-352
-186
-263
-385
-866
-105
1304
562
-581
-607
-435
415
1064
478
476
504
340
628
-47
-849
433
1461
797
-69
-797
-379
442
-171
-604
-150
-85
26
-34
-1063
-1018
-315
-152
209
-56
-687
-416
-119
-45
121
-366
29
837
222
-321
-175
101
694
776
189
-64
-12
294
361
24
54
245
89
-176
-358
-317
-179
59
209
43
-40
6
285
137
71
-360
-995
-417
709
1023
317
-206
-243
469
-241
-724
348
637
565
116
-950
-974
-239
-374
191
415
-526
-343
-140
-362
-305
-564
-135
1131
615
-590
-510
-288
250
932
513
517
648
216
348
110
-605
312
1335
705
-83
-593
-362
370
-85
-600
-1
20
-70
-106
-919
-886
-119
-147
22
-57
-541
-293
-129
-203
106
-149
32
679
148
-323
-26
179
581
673
204
-19
30
265
343
64
99
307
91
-233
-363
-198
35
25
167
-38
-6
44
201
87
142
-51
-867
-600
240
1017
574
-163
-255
369
-113
-752
185
496
577
182
-770
-759
-233
-380
11
421
-291
-245
-189
-360
-155
-541
-314
915
645
-329
-421
-336
84
740
459
517
606
140
352
133
-518
192
1105
667
-2
-538
-355
346
-193
-565
-72
35
-65
-234
-839
-742
-176
-210
-50
-107
-386
-283
-193
-167
6
-34
56
474
172
-221
-55
161
435
557
247
-58
51
193
273
131
74
261
132
-250
-319
-199
5
33
-44
-29
-115
-45
98
240
95
160
-311
-825
-356
427
950
315
-216
-12
276
-447
-454
301
503
548
-249
-825
-375
-218
-377
65
105
-167
-16
-309
-323
-285
-525
260
860
141
-332
-274
-118
338
403
277
698
438
100
218
-252
-263
565
753
321
-137
-433
89
132
-582
-377
69
90
-28
-507
-838
-325
-160
-197
-130
-209
-100
-82
-257
-137
74
63
306
335
16
-34
70
296
470
318
70
109
226
287
197
-5
193
251
-150
-346
-166
58
38
-151
-228
-81
-69
29
253
282
46
49
-180
-719
-479
368
912
430
-132
-126
213
-318
-514
320
654
467
-221
-685
-348
-192
-471
-114
289
48
-52
-330
-418
-373
-396
242
829
158
-400
-174
82
87
123
365
842
485
-65
10
-57
-170
289
619
381
-36
-334
-58
2
-431
-340
130
217
-78
-621
-841
-316
-35
-207
-187
-41
13
-187
-351
-132
167
251
309
226
7
-42
96
318
415
234
111
186
258
209
-1
3
219
187
-190
-340
-149
-4
-94
-300
-265
-87
-37
-13
42
91
62
13
232
-296
-771
-241
619
789
224
-215
38
174
-609
-216
608
528
283
-312
-518
-195
-432
-535
299
313
-92
-116
-509
-512
-361
-235
543
611
-277
-185
96
-258
-180
281
695
829
88
-134
297
-174
-327
464
732
352
-93
-419
-81
-73
-569
48
419
9
-437
-820
-584
45
-131
-273
140
-59
-205
-340
-420
208
393
217
243
1
-99
188
119
140
326
316
386
178
-27
63
61
157
255
64
-111
-211
-230
-239
-241
-118
-26
-46
-123
-147
-122
-58
141
284
450
-60
-744
-539
361
763
404
137
80
162
-490
-488
553
731
328
-133
-373
-238
-369
-592
163
552
-69
-247
-329
-390
-317
-311
264
737
94
-223
-66
-251
-260
223
624
804
345
-97
84
-181
-314
343
767
453
-73
-372
-269
-76
-348
-109
337
43
-308
-569
-552
-244
-111
-177
94
60
-305
-276
-273
32
333
180
155
174
74
47
-17
46
414
492
337
122
-113
-14
-18
20
234
244
107
-299
-536
-391
-86
-34
44
-40
-135
-274
-448
-88
285
511
431
195
-575
-808
-222
644
863
469
155
2
-309
-640
132
800
564
127
-304
-341
-370
-661
-283
457
224
-163
-225
-381
-509
-506
-50
782
456
-242
-163
-89
-320
-183
360
905
745
-1
-126
-27
-287
1
633
696
291
-183
-339
-198
-299
-341
290
320
-97
-417
-636
-461
-177
-138
1
171
-148
-222
-244
-218
137
207
270
336
64
-77
37
95
271
419
450
318
-87
-300
-120
35
243
218
39
-177
-434
-509
-280
100
122
-131
-341
-298
-286
-175
131
443
450
115
-14
-520
-675
24
850
934
443
-102
-119
-157
-530
159
823
584
110
-449
-475
-314
-539
-255
404
244
-124
-297
-589
-556
-359
132
775
360
-214
-136
-199
-451
-92
632
1081
665
-174
-130
30
-280
10
737
800
223
-426
-544
-200
-224
-160
304
182
-243
-488
-624
-440
-203
-109
180
156
-190
-288
-263
-97
155
238
340
353
89
-3
43
69
269
413
449
233
-101
-183
-36
91
138
119
10
-205
-441
-446
-207
-10
-72
-241
-265
-193
-246
-147
73
249
237
47
187
14
-437
-287
422
944
593
44
-90
112
-261
-207
576
671
227
-429
-504
-184
-374
-501
80
406
-86
-444
-570
-382
-243
-161
329
507
-68
-275
-149
-202
-74
357
737
760
91
-225
80
18
-7
436
572
321
-106
-376
-164
-141
-308
107
245
-190
-333
-465
-401
-217
-220
1
162
-114
-219
-189
-265
79
252
263
380
117
28
80
64
188
344
372
309
30
-201
-122
-111
71
207
91
-92
-369
-454
-344
-117
39
-9
-164
-225
-299
-233
-88
64
196
271
190
286
160
-268
-230
105
723
749
321
11
-41
-219
-327
213
462
328
-26
-362
-324
-426
-497
-132
235
30
-177
-334
-535
-402
-189
210
456
62
-92
8
-154
-157
234
612
686
234
-111
101
-43
-147
265
519
408
-9
-312
-163
-227
-394
-21
170
-6
-187
-404
-477
-326
-222
81
171
-104
-83
-180
-243
-24
197
339
360
153
51
51
45
188
277
299
249
67
-27
-74
-114
-12
93
55
-93
-227
-246
-220
-219
-141
-52
6
-77
-240
-223
-58
42
84
134
267
315
134
142
48
-46
98
392
588
380
-10
-135
-58
-157
61
302
143
-83
-381
-356
-252
-347
-203
19
-56
-279
-300
-274
-175
-110
61
251
55
-42
110
103
-47
72
422
514
223
14
228
220
-88
-18
302
340
51
-158
-160
-189
-327
-187
57
-32
-195
-297
-392
-335
-133
10
11
-160
-123
44
-75
-101
99
317
299
87
-4
137
149
45
164
293
305
76
-116
-83
-41
3
65
73
-33
-230
-353
-307
-148
-36
27
-47
-129
-217
-255
-58
105
166
170
154
156
111
112
273
295
-21
-78
230
463
281
-60
-85
18
-167
-182
152
149
-196
-431
-348
-163
-248
-258
8
-9
-313
-298
-86
-21
-51
43
223
137
-83
134
343
123
55
332
499
247
-43
99
276
-4
-112
140
201
-82
-325
-257
-112
-155
-198
-118
-204
-324
-307
-227
-119
-113
-100
-85
-106
-49
46
100
135
169
145
139
139
142
224
204
163
136
117
146
118
-7
-84
-16
25
-28
-119
-157
-124
-202
-220
-67
10
-83
-206
-204
-88
37
88
141
129
1
-26
75
239
371
363
276
91
-182
-116
225
447
352
101
-39
-152
-336
-236
142
191
-31
-181
-213
-265
-433
-310
84
194
3
-94
-147
-226
-203
23
316
367
220
173
10
-141
13
311
434
290
106
-21
-181
-260
-48
170
120
-58
-189
-259
-340
-326
-178
-60
-24
-47
-153
-264
-270
-149
-11
76
168
202
98
-59
-107
-4
146
271
361
254
5
-150
-121
33
196
252
189
-51
-274
-227
-108
-30
36
67
1
-179
-293
-187
-35
16
30
33
2
-32
-39
22
109
126
142
111
94
85
114
96
84
110
62
63
56
66
28
-6
16
12
-59
-140
-70
-55
-105
-88
-14
30
-68
-133
-62
-17
-33
27
60
32
14
91
95
-24
-31
75
123
15
19
41
-27
-113
-90
57
40
-36
-87
-119
-150
-143
-36
11
1
-24
-20
-81
-104
-15
70
61
5
11
49
23
8
57
101
82
26
18
29
33
11
2
41
86
56
-23
-32
-17
-15
-42
-18
43
32
-30
-32
-37
-40
-19
8
33
8
-10
-34
-35
-17
48
77
23
-12
-12
31
31
24
102
152
122
15
-39
-31
17
70
97
117
39
-74
-124
-90
-6
76
90
0
-88
-154
-139
-75
-3
53
35
-83
-178
-158
-51
35
40
9
-19
-62
-83
-39
53
113
90
21
-19
-8
29
56
76
77
28
-34
-48
-3
19
-1
-9
-6
-31
-52
-82
-80
-66
-40
-14
-34
-54
-63
-63
-42
9
53
66
35
9
26
49
83
133
117
51
-8
-15
42
74
66
47
-6
-76
-95
-61
-15
21
-9
-67
-94
-114
-93
-47
-5
0
-8
-33
-10
15
-24
1
36
80
73
32
17
34
7
-11
41
85
85
9
-69
-55
-13
20
53
28
-28
-92
-103
-60
-6
11
-27
-79
-132
-101
-44
0
7
-3
-48
-101
-62
33
122
103
24
-6
-7
11
75
159
143
49
-41
-40
40
64
67
53
-7
-83
-109
-70
-21
-5
-23
-44
-84
-115
-72
7
52
25
-6
4
12
24
52
96
91
59
41
38
42
27
57
48
29
9
-9
-35
-65
-38
-18
-16
-49
-55
-51
-83
-101
-77
3
36
15
-34
-45
-28
-20
15
56
59
21
4
13
22
28
26
41
47
14
-14
-28
-28
-11
2
9
12
-8
-40
-73
-83
-60
-38
-30
-23
-37
-67
-83
-63
-4
38
24
3
-8
-15
0
31
71
95
71
29
17
35
51
58
48
36
24
-24
-35
-4
8
-12
-52
-55
-37
-9
-20
-20
-37
-55
-34
-4
58
59
38
0
-13
3
36
79
89
67
4
-27
-10
27
50
43
12
-28
-56
-60
-36
5
8
-26
-51
-56
-26
-21
-14
11
32
5
-21
-8
23
45
24
31
36
29
16
13
37
51
45
30
27
19
4
-1
14
39
41
21
-6
-25
-35
-39
-21
-3
7
-15
-47
-55
-47
-23
-9
-3
-12
-20
-38
-35
-11
10
19
2
-2
6
9
3
13
21
12
3
-3
-6
-14
-18
-13
4
8
-1
-8
-27
-25
-17
-11
-2
6
7
3
-2
-1
20
32
25
17
9
1
7
18
26
23
-9
-17
-9
7
13
11
2
-22
-46
-32
10
20
10
-13
-29
-26
-18
15
43
45
21
-5
-16
-4
17
32
43
28
0
-20
-6
8
25
31
21
18
-2
-9
6
18
15
13
1
-26
-36
-32
-16
-10
-23
-22
-26
-49
-65
-40
-5
5
-6
-19
-23
-38
-40
0
33
29
16
14
12
1
-2
33
65
45
12
11
18
12
-1
19
49
32
-9
-25
-11
-7
-8
11
29
24
-16
-35
-20
2
12
14
23
8
-23
-41
-21
20
41
36
21
2
-20
-33
-16
14
44
44
12
-22
-40
-24
-4
16
30
29
5
-31
-40
-24
11
32
35
18
-9
-37
-36
-6
19
39
42
25
2
-18
-9
20
28
25
23
9
-6
-17
-16
-7
-7
-13
-11
-11
-35
-52
-52
-37
-23
-24
-22
-15
-20
-35
-30
-19
-6
6
7
10
7
1
7
22
30
33
31
28
24
15
15
23
28
15
8
12
10
-4
-20
-22
-17
-19
-21
-16
-14
-28
-39
-36
-23
-20
-26
-19
-13
-16
-20
-13
4
2
-5
0
14
16
6
5
16
24
12
11
18
10
0
-8
-3
1
-11
-20
-11
0
-8
-14
-13
-10
-6
-6
7
26
25
14
1
5
15
19
29
47
44
19
-5
-13
0
8
14
21
7
-24
-50
-48
-22
0
6
-4
-32
-59
-70
-51
-22
8
22
10
-14
-28
-22
-4
24
40
49
39
16
6
5
18
32
44
45
33
18
10
4
1
8
14
15
-2
-28
-32
-24
-29
-23
-12
-12
-26
-46
-45
-25
-15
-11
-4
-4
-15
-21
-3
20
28
17
11
15
13
19
35
53
47
26
12
14
25
37
46
36
7
-14
-15
-7
1
18
28
12
-19
-40
-31
-12
1
9
17
8
-19
-37
-31
-16
-9
-5
-2
-4
-19
-32
-28
-12
0
0
1
-2
-12
-20
-17
-1
14
15
11
3
-6
-10
-7
8
18
21
20
11
5
3
2
8
10
9
3
-3
-8
-6
-6
-7
-5
-4
-2
-4
-10
-16
-19
-16
-15
-11
-6
-7
-12
-16
-17
-12
-7
-3
4
6
-1
-7
-7
-4
1
9
15
17
12
2
-1
-1
0
8
18
23
15
4
1
3
7
5
18
23
14
1
-7
0
10
10
11
14
7
-9
-14
-12
-3
4
-1
-2
-6
-13
-17
-13
-7
-5
-11
-14
-10
-8
-7
-4
1
3
3
0
6
11
10
11
12
13
17
15
10
11
13
11
10
9
10
6
0
-3
-2
-2
-9
-13
-11
-10
-10
-9
-6
-1
-8
-14
-12
-10
-12
-10
-5
-3
-12
-20
-19
-10
-4
-3
-2
1
-1
-6
-9
-3
7
9
7
8
4
-1
-2
-1
6
13
18
20
16
6
5
6
13
20
21
18
12
2
-3
-2
3
12
11
3
-8
-14
-17
-18
-9
0
2
-11
-22
-27
-23
-20
-13
-1
1
-5
-11
-12
-5
5
12
20
24
17
10
7
14
21
23
21
16
13
10
9
9
9
11
6
-1
-6
-8
-11
-11
-9
-8
-11
-15
-13
-9
-3
-1
-2
-3
-5
-8
-6
1
0
-2
-1
-3
-2
-2
0
6
5
2
-1
-4
-4
-5
0
10
8
2
-2
-3
-3
-4
0
4
5
2
0
-1
0
1
2
7
6
2
-3
-3
-6
-7
-1
5
3
-4
-11
-15
-17
-12
-7
-4
-9
-18
-21
-20
-17
-8
-3
2
-4
-8
-8
-5
7
15
23
20
15
12
12
14
18
25
26
26
19
10
8
8
7
9
8
3
-4
-12
-17
-17
-15
-12
-13
-18
-19
-19
-17
-15
-11
-6
-8
-8
-10
-5
3
4
5
7
8
6
6
8
13
14
15
13
13
11
14
12
12
11
7
8
6
6
7
10
8
6
1
0
2
2
-1
3
1
-5
-8
-7
-4
-4
-1
-1
-5
-13
-15
-11
-7
-4
-5
-7
-12
-10
-8
-3
2
-3
-7
-8
-8
-4
3
5
7
6
6
8
9
12
13
14
13
12
12
10
8
11
14
12
10
6
2
-1
-5
-4
-4
-2
-6
-10
-16
-19
-19
-17
-12
-11
-11
-13
-16
-17
-14
-7
-3
0
1
4
4
5
6
11
11
10
10
9
11
8
8
7
9
8
6
4
6
7
5
5
7
4
0
-3
0
3
-1
-3
-5
-4
-5
-7
-6
-3
-2
-5
-5
-7
-8
-9
-8
-7
-9
-13
-15
-13
-12
-12
-14
-12
-12
-12
-10
-8
-7
-8
-7
-2
0
2
3
6
11
9
10
13
13
15
14
11
9
7
10
12
12
8
6
3
1
1
3
3
0
-4
-8
-8
-9
-7
-5
-6
-9
-13
-14
-12
-9
-7
-6
-8
-9
-8
-2
2
5
6
6
3
2
3
7
9
8
7
5
2
-1
1
2
2
-3
-6
-5
-3
-3
-3
-1
-2
-4
-5
-5
-6
-6
-5
-4
-4
-3
-4
-4
-4
-2
-1
2
2
2
0
1
0
0
0
1
1
1
-1
-1
0
1
4
2
4
1
0
-2
-1
3
4
6
2
-1
-3
1
3
2
3
1
-2
-2
0
2
4
4
4
0
-2
-5
-2
1
1
0
0
-1
-1
-2
0
2
3
1
1
2
1
0
1
3
4
2
1
3
3
2
2
4
5
3
1
0
0
-1
-1
-1
0
-1
-4
-6
-6
-4
-3
-2
-3
-4
-5
-6
-7
-7
-5
-3
-4
-5
-5
-4
-2
-2
-2
-2
-2
-2
-1
2
4
6
5
5
4
3
3
3
5
4
2
3
0
1
0
-1
0
1
0
-3
-4
-5
-3
-2
-4
-3
-5
-4
-3
-1
1
2
3
4
3
3
2
2
3
3
6
7
5
4
3
3
4
3
4
1
-2
-3
-2
0
2
2
3
1
-2
-2
0
1
1
2
2
1
-1
-1
1
2
4
2
1
-1
-2
-1
2
1
0
-1
-3
-2
-3
-4
-4
-2
-1
-1
-1
-2
-3
-1
-1
0
-1
-2
-1
-2
1
2
4
4
3
3
2
3
4
3
4
3
3
2
0
2
2
3
3
4
3
2
0
1
3
5
4
4
3
3
3
3
1
1
2
3
2
0
-2
0
2
2
2
2
0
1
3
2
-1
-1
0
0
1
0
2
0
2
2
2
1
-1
1
0
0
1
1
3
3
2
1
1
2
1
0
1
2
0
-2
-2
-3
-2
1
0
0
-2
-2
-4
-4
-3
-1
-1
-2
-3
-2
-1
1
3
2
0
-2
-2
0
1
2
3
4
2
1
0
2
1
1
0
0
-2
-1
-1
0
-1
-2
-2
-2
-3
-3
-3
-2
-2
0
-1
-2
-3
-4
-3
-2
-3
-2
-4
-4
-4
-6
-4
-3
-2
-1
-1
-3
-2
0
0
-1
0
-1
0
-1
-1
1
1
2
2
1
-2
-4
-1
1
1
-2
-2
-1
1
2
1
1
1
0
-1
0
0
-1
0
0
-1
0
-1
-2
-1
-1
0
-2
-3
-4
-5
-3
-1
2
0
0
1
1
2
2
0
2
1
0
-1
-2
0
0
0
0
-1
0
0
2
2
1
0
-1
-1
-1
0
-1
-1
-1
-1
-1
-1
0
0
-1
-1
1
1
-1
-1
-1
-1
0
0
1
1
-1
2
3
3
2
1
1
1
0
0
0
1
2
1
1
0
0
0
1
3
1
0
1
2
1
3
1
1
1
0
1
1
2
1
-1
-1
-1
-1
-2
-1
-1
-1
-1
-2
-2
0
-1
0
-1
-1
-1
-2
-1
-1
0
0
0
1
-1
0
-1
2
2
1
0
0
0
0
1
2
2
2
1
0
1
1
3
3
3
1
2
2
2
1
2
2
3
3
3
3
3
3
2
1
1
0
0
0
0
2
0
0
0
0
1
0
2
3
2
2
1
1
-1
2
1
1
0
1
1
0
2
1
1
0
1
0
-2
-1
-1
-1
0
-1
-2
-1
-2
-1
-1
0
1
-1
0
0
0
0
0
1
1
1
1
0
1
0
1
3
3
0
0
0
-1
0
-1
1
0
-2
-1
-2
-1
-3
-3
-3
-2
-4
-5
-3
-3
-3
-4
-3
-4
-4
-4
-2
-1
0
0
0
0
0
1
0
3
2
1
0
0
0
0
0
1
1
0
0
0
0
0
0
-1
-1
-1
-2
-1
-1
-2
-3
-1
-2
-1
-3
-4
-5
-3
-4
-2
-2
-3
-2
-2
-2
-1
-1
-1
0
-1
1
0
0
-1
-1
0
0
0
0
1
-1
0
-1
0
1
0
1
0
-2
-1
-1
-1
-2
-2
-3
-1
-1
0
-1
-2
-3
-3
-2
-2
0
-1
0
-1
-1
-1
-1
0
1
1
-1
-1
1
-1
-1
-1
0
0
0
1
2
1
2
1
0
0
0
0
0
0
-1
-1
-1
-2
-1
-2
-3
-1
-3
-2
-3
-3
-4
-4
-3
-4
-4
-2
-1
-1
-1
-1
0
0
0
-2
-2
-3
-2
-2
-1
-1
0
-1
0
0
-1
0
1
1
1
0
1
1
0
0
-1
-1
0
0
1
1
3
2
2
2
2
1
1
1
-1
-2
-1
0
-2
-1
-2
-2
-1
-1
0
0
-1
-1
0
0
1
0
3
1
0
1
0
1
1
2
3
4
3
3
3
2
3
3
4
3
3
3
3
2
2
2
2
1
1
1
1
1
2
2
2
2
2
3
3
3
2
2
2
3
3
3
2
1
1
0
2
2
5
5
4
3
3
2
2
2
2
2
2
0
2
1
1
1
2
1
0
1
0
0
1
0
0
0
0
0
1
1
0
1
0
0
0
0
-1
0
-1
-1
-1
-2
-2
-2
-1
0
0
-1
-1
0
0
2
3
2
2
0
-1
0
0
0
2
1
1
1
1
1
0
0
0
0
0
-1
-1
0
0
-1
-2
-3
-2
-2
-2
-2
-3
-2
-2
-2
-2
-1
-2
0
0
2
3
3
2
2
1
2
1
-1
0
-1
-1
0
0
1
0
0
0
1
0
-1
-1
-1
-2
-3
-1
-1
-1
-1
-2
-1
-2
-2
-2
-3
-2
0
-1
0
-1
-2
-2
-1
-3
-2
-3
-3
-3
-4
-3
-3
-3
-2
-2
-2
-2
0
0
0
2
2
2
2
1
2
3
2
2
2
2
2
3
1
1
0
0
1
2
1
2
2
1
1
1
0
0
0
-2
-2
-2
-2
-1
1
1
1
1
-1
0
1
2
3
3
3
2
1
1
2
2
1
1
2
-1
-1
0
1
0
0
2
4
2
0
0
0
0
1
1
0
1
1
1
1
0
1
2
2
3
2
2
2
1
1
1
2
1
1
1
2
1
1
0
1
0
0
-1
0
-1
-1
-1
-1
0
-1
-1
1
1
1
2
0
2
0
1
2
2
2
2
1
1
2
2
1
0
1
2
1
1
1
0
-1
-1
-1
-1
-2
-2
-1
0
1
0
0
0
0
0
-1
0
-1
-1
-1
0
0
0
0
-1
0
0
0
-1
-1
0
-1
-1
-2
-1
-1
-1
-1
-1
-1
-1
-1
-2
-2
-2
-2
-1
-1
-1
0
-2
0
-1
-1
-3
-4
-4
-3
-2
-1
-2
-2
-2
0
-1
-2
-1
-1
-3
-2
-2
-2
-3
-3
-3
-3
0
-2
-1
-1
1
0
0
-1
-2
-2
-2
-3
-2
-2
-1
0
1
1
1
0
0
-1
0
1
0
1
0
0
0
0
1
1
1
0
0
0
1
2
1
2
1
2
0
1
1
2
2
0
0
0
1
2
0
1
1
1
0
-2
-2
-2
-2
-1
-1
-2
-2
-1
0
0
0
0
0
1
0
0
0
-1
-2
-2
-3
-3
-2
-2
-2
-1
0
1
3
2
3
3
3
3
4
3
4
3
4
5
4
3
2
2
0
1
1
2
2
2
1
-1
0
0
1
-1
0
0
-1
-1
0
0
-2
-1
-1
0
-1
-3
-3
-1
-1
-1
-1
-1
-2
-2
-2
-2
0
0
0
-1
1
0
1
0
0
1
1
1
0
1
1
1
2
1
1
0
1
1
1
1
1
1
1
1
0
-1
0
-1
-1
-2
0
-1
-2
-1
0
0
-1
-2
-3
-3
-3
-3
-4
-2
-3
-3
-1
-2
-2
-2
0
2
1
-1
-2
-2
-2
-2
-2
-2
-1
-1
0
0
-1
-1
-1
0
-1
0
0
-1
-2
-1
-1
0
1
0
0
-1
-2
-2
-2
-2
-1
-1
-2
0
0
0
0
1
-1
0
0
0
1
1
-1
-1
0
0
0
-1
0
0
1
-1
-1
-2
-2
-1
0
0
-2
0
-1
1
1
1
2
1
1
1
1
-1
0
0
0
3
3
1
1
3
2
2
2
1
-2
-1
0
0
1
1
0
1
1
2
1
2
-1
0
0
-1
-2
-2
-1
1
2
1
1
0
0
1
1
1
2
2
2
1
2
3
3
3
2
2
2
3
2
1
1
2
1
2
2
1
0
0
0
0
0
0
2
1
1
1
1
1
2
0
0
1
0
-1
-1
0
1
0
1
1
2
2
2
2
1
2
1
1
1
0
0
0
-1
1
0
0
0
0
1
1
2
2
3
2
3
2
0
0
0
-1
-1
-1
-2
-1
-2
-1
0
-1
0
0
-1
-2
-1
-2
-2
-4
-3
-2
-1
-1
0
-1
0
0
0
1
1
1
0
0
-1
-2
-1
-2
-2
-2
-2
-1
0
1
0
1
2
1
0
0
-2
-2
-2
-1
0
0
2
3
3
3
2
2
1
1
1
0
0
-1
-1
-1
1
0
0
0
0
0
-1
-1
-1
1
0
0
0
0
0
0
0
-1
-1
0
0
0
-1
0
0
0
0
0
0
-1
1
0
0
2
1
2
3
2
2
2
0
1
1
2
2
0
0
1
1
0
1
0
0
1
0
1
0
-1
0
0
0
-2
-2
-2
-2
-1
-1
1
1
0
1
1
1
0
0
0
-1
-2
-2
-2
-3
-3
-1
-1
0
-1
-1
-2
-2
-2
-3
-3
-3
-2
-2
0
-1
-2
-1
-2
0
0
-1
-1
1
1
1
2
2
2
2
2
2
1
1
0
-1
-1
-1
-1
-1
0
1
2
3
2
2
2
0
0
1
1
2
2
1
1
1
1
2
1
2
2
2
3
3
4
4
3
3
2
1
0
1
0
1
1
1
1
1
1
-1
-1
-1
0
0
1
0
1
1
2
1
0
-1
1
1
2
0
-1
-1
-2
-2
-2
-2
-2
-2
-1
0
-1
0
1
1
1
2
1
0
-1
0
0
2
1
0
-1
-1
-2
-1
-2
-1
-1
-1
-1
-1
0
-1
0
1
0
0
0
1
0
-1
-1
-1
0
1
1
1
0
0
-1
-2
-1
-1
-1
-1
0
-1
-1
0
-1
-1
-2
-2
-2
-3
-3
-4
-3
-4
-4
-4
-2
-2
-1
-1
-2
-1
-3
-2
-3
-2
-2
-1
-1
-2
-2
-3
-1
-2
-2
-2
-1
0
-1
-1
0
0
1
0
-1
-1
0
0
-2
-1
0
1
0
0
-1
-1
0
1
1
1
2
3
1
1
1
0
-1
0
-1
0
0
1
2
1
0
0
1
0
0
-1
0
-1
1
1
-1
0
0
0
1
1
2
2
1
0
1
-1
-1
-1
-1
0
1
1
1
2
0
0
0
-1
-1
-1
-1
0
-2
-2
-3
-1
-1
-1
-1
-1
0
1
0
0
1
2
2
2
1
2
2
2
1
1
1
1
1
1
0
1
1
1
0
1
1
1
1
0
0
-1
0
1
1
-1
0
-2
0
0
-1
-1
0
0
1
1
1
0
0
0
1
2
2
3
2
3
1
1
1
0
1
1
1
2
1
2
2
3
3
2
1
1
0
0
0
0
-1
-1
-1
0
1
1
0
0
-1
-1
0
0
0
0
0
2
2
2
1
2
2
3
3
3
1
1
2
2
2
1
0
1
2
1
1
1
3
2
2
2
1
0
0
0
1
2
1
2
2
2
1
0
0
-2
-1
0
0
0
0
0
-1
0
-1
-1
-1
-2
-1
-1
0
-1
-1
-2
-2
-3
-2
-1
-2
-1
-2
-2
-2
-1
-1
-2
-3
-2
-2
-2
-2
-1
-1
-2
-1
-2
-1
-1
-1
-1
0
0
-1
-2
-2
-2
-3
-2
-1
-2
-2
-2
-2
0
0
0
0
0
-1
0
0
0
1
-1
0
0
-1
0
-2
-2
-2
-1
1
0
0
-1
0
0
0
0
-1
0
1
0
0
1
1
1
2
1
1
1
1
2
1
1
2
3
2
3
3
0
1
1
0
0
-1
-2
0
0
0
0
-2
0
1
1
0
0
1
2
1
1
0
1
0
2
2
2
1
0
-1
-1
-2
-2
-2
0
-1
-1
0
-1
-1
-2
-2
-3
-4
-2
-2
0
0
1
3
2
1
1
4
3
3
3
2
1
0
2
2
1
1
1
2
1
1
1
0
-1
0
0
0
1
0
1
1
1
1
2
2
1
1
1
0
0
2
1
0
2
2
2
1
1
1
0
1
1
1
1
0
0
-1
-2
-2
-3
-3
-3
-4
-5
-4
-4
-4
-4
-4
-4
-4
-3
-2
-2
0
-1
0
0
1
2
2
2
0
0
0
-2
0
-1
0
1
0
0
0
2
2
2
0
0
-2
-1
-2
0
0
2
3
1
2
1
0
0
0
-1
0
-1
-2
-1
1
2
3
4
3
3
0
0
0
-1
-1
0
-1
-2
-1
-1
0
0
-1
-1
-1
0
0
-1
0
1
0
0
-1
-1
-1
0
0
-2
-2
-1
-1
-1
-1
-1
-1
-1
-1
-1
-2
-2
0
0
0
0
1
1
2
2
2
1
-1
0
2
1
0
-1
-2
-1
-1
0
-1
0
1
-1
-2
-1
-1
-1
0
-2
-3
-2
-3
-3
-3
-2
-2
-3
-2
0
0
0
0
-1
0
0
0
0
-2
-1
-1
-1
0
0
1
0
0
0
1
1
0
0
-1
-1
0
0
0
-1
0
0
2
2
1
2
1
0
2
1
3
3
3
3
3
3
1
0
0
-1
-1
0
-1
0
-1
-1
-1
-1
-1
-1
-1
-1
-2
-2
-2
-1
0
0
-1
0
-1
0
2
2
1
1
3
2
2
2
1
2
1
-1
0
-1
-1
1
1
0
0
0
1
1
0
0
2
2
2
1
1
1
2
2
2
0
0
1
0
1
1
2
1
0
0
1
2
1
2
2
3
2
1
0
0
0
0
0
0
0
0
0
0
0
0
1
1
-1
0
0
-1
-1
-1
-1
0
-1
0
-1
0
0
1
1
0
1
1
0
1
0
0
0
0
1
1
1
1
1
1
0
0
0
1
1
0
0
-1
-1
-1
-1
-1
1
-1
0
0
1
2
0
1
0
-1
1
1
-1
0
0
0
-1
-2
-2
-1
0
0
0
2
0
-1
0
0
0
0
0
0
0
-1
0
-1
0
1
2
1
0
1
1
1
1
2
1
1
1
0
0
-1
-1
-1
0
0
0
1
0
1
-1
0
0
-2
-3
-3
-1
-2
-1
1
-1
0
0
0
-1
-1
0
-1
-1
-1
-1
-1
-1
0
-2
0
0
0
-1
-1
-2
-2
-2
-1
-1
0
0
-1
-1
-1
-1
0
1
0
0
-1
-3
-3
-2
-2
-2
-2
-1
1
0
1
2
2
1
1
1
1
1
1
0
0
0
0
-1
1
1
1
1
0
1
0
1
0
0
1
0
-1
-1
-1
0
-1
0
-1
-1
0
0
-1
0
0
0
0
1
0
0
-1
0
1
1
2
1
2
1
1
2
3
3
2
3
3
2
0
0
0
0
0
1
0
0
-1
-1
0
-1
1
0
0
-1
-1
-1
-1
-1
0
-2
-2
-3
-2
-1
-1
-2
-2
-1
0
0
0
-1
-1
-2
-1
-1
-1
0
0
0
2
1
0
2
1
1
0
0
0
0
-1
0
0
-2
-1
0
-1
-1
0
-1
-1
-1
0
0
0
1
1
1
0
0
1
2
2
2
1
2
1
1
1
1
1
1
1
2
1
1
0
1
0
1
1
1
1
1
1
1
0
0
-2
-1
-1
-1
0
0
1
1
1
1
0
1
1
0
0
2
1
2
2
2
0
2
2
2
3
2
1
1
1
1
1
0
-1
0
0
1
1
0
1
2
1
1
1
2
1
1
0
-2
0
-2
-3
-2
-1
0
-1
0
1
-1
0
0
1
0
0
0
0
0
0
-1
-2
-2
-2
-2
-2
-1
-1
-2
-1
0
-2
-2
-1
-1
-1
-1
-1
0
0
-2
0
0
0
0
1
2
1
0
0
-1
-1
-2
-2
-2
-2
-4
-2
-1
-1
0
-1
-1
-1
1
1
2
2
0
0
1
1
1
1
2
1
1
1
0
-1
-1
-1
0
0
0
0
0
-1
0
0
-1
0
-2
-2
0
-2
-1
-1
0
0
0
0
0
0
-1
-1
0
-1
0
-1
0
-1
-1
-1
-2
-1
0
0
0
-1
0
-2
-1
-1
-1
0
-2
-2
-2
-4
-4
-4
-4
-4
-5
-4
-4
-3
-2
-2
-1
-1
0
-1
-1
-1
-1
-1
0
0
1
0
0
-2
-2
-1
-2
-1
-1
-1
0
-1
0
2
1
2
2
1
1
0
0
-1
-2
-1
0
-1
1
1
2
2
1
1
1
1
1
2
3
3
2
3
4
5
4
4
1
1
2
3
0
1
0
0
2
1
1
1
1
1
2
2
1
1
3
2
3
3
1
2
2
0
0
1
2
0
2
0
1
1
-1
0
0
-2
-1
-2
-1
0
0
0
0
0
1
1
1
1
2
1
2
2
1
1
1
1
1
1
2
1
1
1
1
1
1
1
0
0
2
2
0
0
0
-1
0
-1
-1
-1
-1
-1
-1
0
-2
-2
-2
-1
0
0
-1
-1
-1
-2
-2
0
-1
0
-1
1
0
0
-1
-2
0
1
2
0
-1
-1
-1
-2
-2
-4
-3
-3
-3
-2
-1
-2
-1
-1
-1
0
0
0
0
-1
-1
-2
-2
-3
-2
-2
-2
-1
0
-1
-1
-1
-2
-2
-3
-2
-1
1
1
0
1
1
1
1
1
1
1
0
0
-1
0
0
-1
-1
1
0
1
1
0
0
-1
-1
-1
-2
-1
-1
-1
0
0
0
1
1
0
0
-1
-1
-2
-2
-2
-1
0
0
1
0
0
0
-1
-1
1
0
2
2
0
-1
0
0
0
0
-1
-2
-1
-1
-1
0
0
1
0
1
0
0
-2
-1
0
-1
0
0
1
1
1
2
2
1
1
1
1
3
3
4
4
1
1
2
2
2
1
1
1
1
0
-2
0
-1
1
0
0
1
1
1
0
2
1
0
1
0
-1
0
0
-1
0
1
1
0
0
-1
-1
-2
-1
0
-1
-1
-1
-1
-2
-1
0
0
0
1
0
1
0
1
0
1
2
1
0
1
-1
-1
0
1
1
1
1
0
0
-2
-1
-1
0
-1
0
1
1
0
-1
-1
0
-2
0
0
0
1
1
0
0
2
1
0
0
-1
0
0
-1
-1
-2
-2
0
-2
-4
-3
-2
0
1
1
0
0
1
2
2
1
0
1
1
1
0
-1
0
0
0
0
1
0
0
0
0
0
0
0
-1
0
1
1
1
0
0
1
2
3
2
1
2
0
0
-1
-1
0
0
0
1
0
0
-1
1
0
0
-2
-3
-2
-1
0
-1
-1
-2
0
1
0
0
0
1
0
0
0
-1
-1
-1
-1
-2
-1
0
1
1
1
0
0
0
0
1
1
1
1
1
1
0
-1
-1
-1
-1
-1
0
-1
0
0
1
2
0
0
-1
-1
-1
0
2
1
0
1
0
0
0
-2
-1
-2
-1
1
0
0
0
0
1
2
1
1
0
0
0
-1
-1
0
-1
0
1
2
2
1
0
0
0
0
2
1
3
2
1
1
1
1
1
1
1
1
1
1
2
2
1
1
2
1
2
1
2
3
3
1
2
2
1
1
0
0
0
0
0
0
-2
-2
-1
-1
-2
-2
0
-1
1
0
-1
2
1
1
0
-1
-1
-1
-2
-2
-3
-2
-1
-2
0
-1
-1
0
0
0
0
-1
0
0
0
0
0
0
0
0
0
1
1
1
0
0
0
0
1
1
-1
-1
1
0
-1
-2
1
1
1
1
0
-1
0
1
1
1
-2
0
1
1
1
0
2
2
2
2
1
0
1
1
1
-1
0
-1
1
0
0
0
0
-2
-1
1
0
0
0
-1
-1
0
-2
-1
-3
-3
-3
-3
-2
-2
-3
-3
-2
-2
-1
-1
-1
-2
-2
-2
-2
-2
-2
-2
0
-1
0
1
0
0
-1
0
-1
0
0
0
0
-1
-1
-1
-2
-2
-1
-2
-2
0
0
1
0
1
0
1
1
1
0
0
1
-1
0
1
1
2
1
2
4
2
0
1
2
1
2
0
-1
0
0
1
1
0
0
-1
0
1
0
0
1
1
1
-1
-1
-1
-1
1
0
-1
1
0
2
3
2
2
-1
-2
-2
-2
-1
-1
-1
-2
-1
1
0
-1
-2
-3
-2
-1
-1
-2
-2
-3
-2
-1
-1
0
0
-1
0
1
2
1
1
1
1
0
1
0
1
0
0
1
1
0
1
1
0
1
0
1
-1
0
0
2
2
1
3
2
1
1
1
0
1
2
1
1
2
2
3
2
2
2
0
1
0
0
1
1
1
2
1
1
1
0
2
2
2
1
0
1
1
0
1
2
1
0
0
0
0
0
1
0
1
0
-1
-1
-1
0
1
0
1
0
-1
-1
-2
0
0
0
1
3
2
2
2
1
0
-1
-2
-3
-1
0
0
2
1
2
1
0
-2
-3
-4
-4
-4
-3
-3
-2
-2
-2
-1
0
0
0
0
1
0
0
0
-2
-2
-3
-1
0
1
2
1
1
2
0
1
0
0
-2
-2
-2
-2
0
-1
-1
-2
-2
-3
-3
-2
-1
-1
1
-1
-1
-2
-1
-2
-3
-2
-1
-1
0
-1
-1
-1
-2
-1
-2
0
-1
0
0
-1
0
-1
0
1
0
2
1
1
1
1
2
2
2
2
2
1
0
0
-1
0
-1
-1
-1
-1
0
0
0
2
1
1
1
0
0
0
0
0
1
0
0
1
1
0
0
0
-1
-1
-1
0
-1
-1
-2
-2
-1
-1
0
0
0
0
1
0
0
0
0
0
1
1
0
-1
-2
-3
-2
-3
-2
0
1
2
2
2
2
2
3
4
4
2
1
0
1
1
3
3
3
3
3
2
3
1
2
0
0
1
1
3
2
1
1
2
2
-1
-1
-1
-1
-1
0
0
-1
-1
0
0
0
1
1
0
-1
0
0
0
-1
-2
-3
-3
-2
0
0
0
-1
1
2
2
0
0
-1
-1
0
-1
0
-2
-2
-1
-1
-1
-1
-1
-2
0
0
0
-1
-2
0
0
2
2
0
-1
-2
0
1
1
0
0
0
1
2
0
0
0
1
0
1
1
0
0
-1
1
1
0
0
-2
-1
0
-1
-1
-2
0
2
2
2
0
-1
-1
-1
-1
-1
-1
-1
-1
1
0
0
0
1
1
3
1
-1
0
-1
-1
-1
-1
0
-1
-1
0
2
2
3
2
2
1
-1
-1
-1
-2
0
1
0
1
0
2
3
4
4
2
2
1
0
0
-1
-1
-2
-1
0
0
0
0
1
0
0
1
2
1
0
-1
-1
-2
-2
-2
-2
-3
-2
-2
-2
-3
-2
-1
0
1
1
1
1
2
2
2
2
1
1
1
1
0
2
1
1
2
3
2
2
0
0
0
-1
0
1
1
2
1
0
0
1
0
1
0
-2
-1
-1
-1
0
0
0
1
-1
1
1
1
0
0
-1
-1
0
1
0
1
0
1
1
0
0
-1
-1
-1
-1
-1
-1
-1
-2
-1
-2
0
-1
-1
-2
-1
-2
-3
-2
-2
0
-1
-1
0
-1
-1
-1
0
-1
1
0
0
0
-1
1
1
1
0
1
1
0
0
0
0
1
0
-2
-2
-1
-1
-1
0
0
1
1
-1
0
0
-1
-2
-1
-2
-3
-2
0
0
-1
0
0
0
1
2
2
3
3
2
1
0
1
2
2
1
0
-1
1
1
0
1
0
1
1
2
1
3
1
1
1
0
1
-1
0
-1
0
0
-1
0
-1
0
1
1
0
1
0
0
1
0
1
-1
0
-1
-1
-1
0
-1
-1
-1
-1
-2
-1
-1
-2
1
0
0
0
0
1
0
0
0
0
0
0
0
-1
-1
-3
-1
-1
-3
-2
-1
0
0
0
1
0
0
1
0
-1
-1
1
0
2
1
1
1
-1
0
1
1
1
-1
-1
-2
-1
-1
-1
-1
-1
-2
-2
-1
-1
-1
-3
-1
-1
-1
-1
-1
-2
0
-1
-1
0
1
0
2
2
1
0
2
1
0
1
1
1
1
1
-1
-1
-1
0
-1
0
-1
-1
-1
-3
-2
-2
-2
-1
0
0
0
1
-1
-1
0
-1
-1
0
-1
1
1
1
2
2
2
0
0
0
1
1
2
1
1
2
1
2
2
1
1
1
0
0
0
0
0
-1
0
1
2
1
1
1
3
3
2
0
-1
-1
0
2
1
1
1
0
-1
-1
0
-1
0
0
0
1
1
1
1
1
0
1
0
1
2
1
0
0
-1
1
0
-1
-1
1
0
0
-1
0
0
-1
-1
0
0
0
0
0
0
-2
-1
-1
-1
0
0
0
0
2
0
1
-1
-1
1
0
1
-1
0
2
2
2
1
0
-1
0
-1
1
1
0
1
1
2
2
3
2
2
1
0
-1
-1
0
-1
-1
-2
-1
1
0
2
0
1
1
0
2
1
0
1
1
2
1
2
2
2
2
1
1
1
2
2
1
0
0
0
0
0
0
-1
-1
-1
0
0
2
2
1
1
0
1
1
2
-1
-1
-1
-2
-2
-1
-2
0
0
1
1
0
-1
-1
0
-1
-2
-1
-1
-1
-1
-1
-2
-1
0
0
0
1
-1
-2
-1
-1
-1
-1
0
-2
-3
-2
-2
-3
-3
-2
0
0
-1
-1
-1
-2
-2
-2
-2
-1
-1
0
-1
-1
0
-1
0
1
0
0
1
0
-1
-1
-1
-1
-1
1
-1
-1
-1
0
1
0
0
0
-1
-1
0
1
0
1
1
2
3
2
1
2
1
0
0
0
-1
-1
-1
0
1
3
2
1
1
1
0
1
0
0
1
1
0
1
0
0
0
1
0
0
-1
0
1
0
1
1
0
0
-1
0
-1
0
0
0
1
-1
1
1
0
0
0
0
1
2
2
1
1
0
1
1
1
1
1
1
1
0
1
0
-1
-1
-2
-2
-1
-2
-1
1
0
-1
0
-1
-1
-2
-1
-2
-1
-1
-2
-1
0
-1
-1
-1
-1
1
1
0
1
-1
0
1
0
-1
-2
-1
0
-2
0
0
-1
-2
-1
-1
-1
-1
-2
-1
-1
-1
-1
-1
0
0
0
-1
2
2
2
1
2
2
1
2
1
1
-1
-2
-2
-3
-3
-3
-3
-3
-1
-2
-1
-2
-2
-1
0
-2
-2
-2
-2
-1
-2
0
0
-1
-1
0
-1
-1
0
-1
-1
0
-1
0
0
-1
-1
0
0
0
1
1
1
1
-1
-1
-1
-1
-1
0
-1
0
0
0
0
1
1
1
1
1
1
2
1
0
0
0
0
1
0
0
0
1
1
1
2
0
2
2
3
1
2
2
3
1
0
0
-1
-2
0
1
1
0
0
0
0
0
0
1
0
1
1
0
0
1
1
1
0
1
1
0
1
1
0
0
1
0
0
0
1
2
0
1
1
1
0
-1
-1
-2
-1
0
0
1
0
0
1
0
1
2
0
2
1
2
2
1
0
1
0
1
1
0
-1
-1
1
1
1
1
1
0
0
1
0
-1
-1
-2
-1
-1
-1
-2
-2
-1
-1
-1
-1
-1
-1
-1
-2
0
0
1
0
-1
1
1
1
0
0
0
0
-1
-1
-2
-2
-1
-1
0
1
1
1
2
2
2
0
0
2
0
0
0
1
2
1
1
0
0
0
-1
0
-1
0
-2
-2
-2
-1
-1
-1
-2
-3
-3
-2
-3
-2
-3
-3
-2
-2
-1
-1
0
-2
-1
-2
-1
0
-1
-1
0
1
1
2
2
1
0
0
-1
-1
0
1
0
0
-1
0
0
0
1
0
0
0
0
0
0
0
0
0
0
1
0
0
0
1
1
0
-1
-2
-2
-2
-2
-2
-2
0
0
-1
0
0
1
1
0
0
1
0
0
0
1
1
1
1
0
-2
-1
-1
-2
-2
-2
-1
0
-2
-2
-2
-1
0
2
2
0
1
0
1
2
1
2
0
1
1
1
2
2
2
2
1
1
0
2
1
-1
-1
0
0
1
0
0
1
0
1
0
0
-1
-1
-1
-1
-1
0
-2
1
1
1
2
1
2
1
0
-1
0
0
0
-1
0
0
1
0
-1
0
1
0
-1
0
0
-1
0
0
1
1
1
1
0
-1
-1
0
1
0
0
0
1
0
0
0
0
-2
-2
-2
-2
-2
-2
-2
-2
-2
-1
0
-1
0
-2
-1
0
-1
0
0
1
2
1
1
0
0
1
1
2
1
1
1
1
1
1
1
-1
-1
-2
-2
-1
-2
-2
-1
-1
-2
-1
0
1
0
0
1
1
1
0
0
-1
0
1
1
1
1
1
1
1
2
1
1
0
0
1
1
2
2
2
3
3
1
3
2
1
1
1
1
0
1
-1
0
0
-1
-1
-2
-1
-2
-1
-2
1
1
0
1
1
0
-1
0
-1
-2
-1
-1
-2
-2
0
0
0
0
-1
1
0
0
1
2
1
2
2
2
1
1
0
1
0
0
0
0
0
-1
1
1
2
2
2
1
1
2
2
1
0
-1
-2
-1
-1
0
0
1
0
-1
0
0
-1
1
0
0
-1
-2
-1
-1
-1
-1
-2
-2
-1
-3
-2
-2
-2
-2
0
-1
1
-1
0
1
1
1
0
0
-1
1
1
0
0
-1
0
1
1
2
2
1
0
1
1
0
0
0
1
1
1
1
0
1
0
0
0
1
1
0
0
-1
-1
0
1
2
2
1
1
0
0
-1
0
-1
-2
-1
0
-1
-2
-2
-2
-2
0
0
0
0
-1
0
1
0
1
1
1
1
1
2
0
1
1
0
1
2
1
2
1
1
0
0
1
0
0
0
1
1
1
0
0
0
2
2
2
2
3
3
3
3
2
1
0
1
1
1
1
2
2
1
1
2
1
1
0
0
0
0
-1
-1
0
0
1
1
0
-1
0
-1
0
1
0
0
2
2
1
2
1
2
1
1
1
1
0
0
-1
-1
0
-2
-1
-1
-1
-1
-2
-3
-2
-1
-1
-3
-3
-2
-2
-2
-2
-2
-2
-4
-2
-2
-1
-3
-3
-3
-3
-3
-3
-3
-2
-2
0
-2
-1
-1
0
0
0
0
-1
-1
-2
0
-2
-1
0
0
2
1
2
3
1
2
2
2
1
-1
0
-1
-1
-2
-2
0
1
0
0
0
-1
0
0
0
1
1
1
0
1
2
0
0
-1
0
1
2
1
0
2
1
2
2
2
0
-1
-1
-1
-2
-1
-2
0
-1
-2
-1
0
-1
0
0
-1
0
1
0
-1
-1
-1
-1
0
0
-1
1
2
1
1
1
1
2
1
2
1
0
-1
-1
1
0
-1
-3
-4
-2
-2
-2
-1
-1
-1
-2
0
-2
-3
-2
0
0
2
1
1
1
2
1
3
1
1
1
1
1
0
0
0
-1
0
0
0
0
0
-1
0
-1
-1
-2
0
0
0
0
1
2
1
1
1
0
0
0
1
0
1
2
2
2
3
2
2
2
2
2
2
0
-1
0
0
1
1
0
0
-2
0
0
2
1
2
1
1
0
-1
1
0
1
1
1
-1
-1
0
0
-1
-1
-1
-1
-1
0
0
0
1
0
0
-1
0
-1
-1
-1
0
-1
0
-1
0
0
1
0
0
0
0
1
1
0
-1
0
-1
0
0
0
1
2
1
1
-1
1
1
0
1
0
0
0
0
1
1
2
0
1
1
1
0
1
2
1
0
0
0
-1
-1
-2
-1
0
1
0
1
-2
1
0
0
0
0
1
1
1
2
2
1
1
0
0
0
0
1
0
0
-1
1
0
0
-1
0
0
0
1
2
1
1
0
1
0
-1
0
-1
-1
-1
-1
-1
0
0
1
0
0
0
2
1
2
0
0
-1
-2
-2
-2
-2
-2
-2
-2
-1
-3
-2
-3
-3
-2
-2
-1
-1
-2
-2
-2
-1
-1
0
0
0
0
0
1
0
-1
-1
0
0
0
-2
-2
-1
-1
-1
0
0
1
0
1
1
-1
0
-1
-1
-1
0
0
1
0
0
0
0
0
-1
0
1
1
1
1
2
2
1
0
0
0
0
0
-1
0
0
0
1
0
0
-1
0
-1
-1
-1
-1
0
0
1
1
1
1
-1
-1
-1
-1
-1
-1
0
0
1
-1
-1
0
0
0
0
0
-1
1
0
0
1
1
1
1
1
0
0
0
1
1
1
0
2
2
2
2
1
0
0
-1
1
1
-1
1
1
0
0
0
1
2
1
1
1
0
0
0
-1
0
1
0
1
1
1
1
1
2
1
1
2
0
1
-1
0
0
0
0
0
1
2
1
-1
0
-1
-1
-1
-1
-2
-1
-1
-1
0
0
0
2
1
1
1
0
0
1
2
2
1
0
1
0
0
2
1
0
-1
-1
-1
0
-1
-1
-1
-1
-2
-1
-3
-2
-1
-2
-1
-1
-1
-1
-1
-2
-1
-1
-2
-2
0
0
0
1
0
0
0
0
-1
0
-1
-1
0
0
1
1
2
0
-1
-1
-1
-1
-2
0
-1
-2
-1
-2
-1
-2
-2
-1
-1
-1
-2
-1
-2
-1
-2
-1
-1
-1
0
0
0
0
0
0
0
0
1
1
-1
0
2
4
4
3
2
2
4
3
3
2
2
1
2
2
1
0
1
3
3
2
2
2
2
1
1
1
0
-1
0
0
1
0
-1
0
1
0
1
1
0
-1
0
0
0
-2
-1
0
-1
-1
-1
-1
0
0
-1
0
-1
-1
0
0
-1
-1
0
-1
-1
-1
-2
-2
-2
-2
-1
-1
-1
-1
0
-1
-1
-1
0
0
0
1
1
1
2
0
0
0
1
0
0
1
1
0
0
1
0
-1
-1
1
0
1
1
0
0
2
1
0
1
3
2
2
1
0
1
1
1
0
-1
0
1
0
0
-1
0
-1
1
1
0
0
-2
-1
-1
-2
-2
-1
-2
-1
-2
-2
-3
0
0
-1
-1
-2
-3
-3
0
-2
-1
0
-1
0
-1
-1
-1
0
0
1
-1
0
1
2
2
2
1
2
2
2
2
2
3
2
2
2
2
2
1
1
0
0
0
-1
0
-1
-1
-1
-2
-1
0
0
0
0
0
-2
-1
-1
1
0
1
1
0
2
1
2
2
1
0
-1
-1
0
-1
-1
0
1
1
0
1
0
0
1
1
0
1
0
1
1
0
0
1
1
1
1
3
2
3
3
2
1
0
0
-1
-1
-1
-1
-2
-1
-1
-1
0
-2
-2
-2
-2
-1
-1
-1
0
-1
-1
-1
0
-1
-1
-1
-1
-1
-2
0
-2
-1
-1
-1
0
0
0
1
2
1
1
0
0
-1
0
0
0
1
1
0
1
1
0
1
0
-1
0
0
0
-3
-4
-3
-2
-2
-1
-1
-1
-2
-1
-1
-3
-2
2
1
-1
0
0
1
1
-1
-1
-1
-1
-1
1
2
0
0
1
2
-2
-2
3
3
1
0
-2
0
1
1
3
4
2
1
1
0
-2
-1
0
0
-1
1
4
4
4
3
2
1
1
-1
0
1
0
0
0
1
0
0
0
0
-1
-1
0
2
1
1
0
-1
-1
-3
-2
-1
-1
1
1
1
0
0
-2
-2
-2
-2
-2
-2
0
-1
2
0
-1
1
1
-1
-1
1
-1
-1
-1
-3
0
-1
-1
-1
0
0
0
-1
-1
-1
-1
-1
0
-1
-1
-1
-1
-3
-3
-2
-1
-2
-1
0
0
-1
0
1
1
1
1
2
2
2
2
0
1
2
2
2
2
2
3
3
2
3
2
1
1
1
1
0
-1
-1
0
-1
-1
-1
1
1
2
2
0
1
-1
-1
-1
-1
0
1
1
2
2
1
-1
-1
-1
-1
-1
-1
-1
-1
0
-1
-1
0
-1
-1
0
-1
-1
0
-1
-2
-1
-2
-2
-2
-2
0
-1
1
0
-1
-1
0
0
-2
0
0
0
0
0
1
0
1
1
1
-1
-1
-1
0
1
2
3
3
3
2
2
1
1
-1
0
0
1
3
3
2
4
3
2
1
0
1
0
-1
0
-1
0
1
1
2
2
2
2
2
1
1
2
1
1
1
0
0
1
1
1
0
1
-1
-1
-1
-1
-1
-1
-2
-1
0
0
1
1
0
1
1
1
1
0
1
1
0
1
2
1
1
1
0
0
0
0
0
1
2
2
0
-1
0
0
0
1
1
1
1
0
1
0
2
0
1
0
2
2
1
1
1
-1
1
1
0
2
2
2
2
1
1
1
0
0
0
-2
-2
-1
-2
-2
-1
-1
-2
-2
-2
-2
-1
-3
-4
0
-1
-2
-1
0
1
0
-1
0
0
-2
0
1
0
-1
-2
-1
1
0
-2
1
0
-2
-2
0
0
-2
-1
0
0
-2
-2
0
-1
-1
-1
0
-1
-1
-2
0
-1
-2
-1
0
0
0
0
-1
-1
-1
-2
0
0
0
-1
1
0
-1
0
0
-1
0
0
-1
1
2
-1
-1
3
0
-1
1
3
-1
0
2
2
-1
-1
2
3
-1
0
1
0
0
-1
-1
1
2
-3
1
3
-1
0
-3
4
4
-4
-5
13
5
-20
7
18
-13
-18
22
14
-21
-6
21
10
-31
5
26
-18
-18
23
9
-25
3
10
1
-7
-1
7
-3
-2
-1
4
1
-2
1
1
1
-2
-3
2
3
-2
-1
0
2
0
-3
-1
5
0
-5
5
4
-2
-1
3
0
-3
1
2
-1
-2
1
-1
0
-1
1
1
-1
2
-1
-1
-1
0
-2
-1
0
-1
-1
-2
0
-1
-3
-2
0
-1
-3
-1
1
-1
0
1
2
-1
-1
1
1
0
0
1
1
-2
-1
1
0
-2
-1
1
0
0
-3
2
2
-3
-1
2
-1
-2
0
0
0
-1
-3
3
-1
-4
3
1
-1
1
0
0
2
0
0
4
0
-1
2
0
-1
1
0
0
2
1
1
1
0
-1
1
0
-1
0
-2
-1
1
-2
0
2
1
-1
1
1
0
-1
-1
1
-2
-2
-3
-1
-1
-1
-1
-2
0
-3
-1
-1
-1
-2
0
1
-1
0
0
1
1
-1
1
2
1
-1
0
1
0
0
0
3
-1
-3
2
3
-2
1
2
0
0
1
0
-1
1
0
-2
1
2
0
-1
1
-1
-2
0
1
-1
-1
0
-1
0
0
1
1
0
1
-1
0
1
-1
0
1
1
-3
1
0
-3
-3
1
1
0
4
2
3
-1
2
3
-1
4
1
-2
0
2
-2
1
2
1
2
0
5
2
-1
1
2
0
1
1
-2
2
-2
-1
-3
-4
-1
-4
-2
-2
1
-2
1
1
-1
1
0
3
-1
1
1
0
3
0
1
-1
2
3
0
-1
-1
2
-1
0
1
1
-1
0
2
1
0
2
3
0
1
1
1
1
2
1
1
2
1
0
-1
1
2
3
0
1
2
2
1
1
3
0
0
-3
-2
-2
-4
-2
-1
-2
-3
1
-1
-1
2
-1
0
1
0
-2
2
3
-2
