-12
-11
-10
-18
-17
-18
-12
-7
0
-12
-24
-22
-19
-12
3
25
27
15
17
9
-1
7
7
-5
-7
1
3
4
2
-2
-8
-4
6
7
4
2
0
-9
-11
-12
-10
-7
-4
-1
-6
-5
-4
5
8
5
-3
-12
-9
1
5
-4
-38
-37
23
43
-16
-53
-24
13
47
26
-22
-27
-1
28
15
-9
-6
2
3
-4
-16
-5
11
22
20
7
-8
-13
1
15
7
-5
-8
-2
9
14
4
-15
-21
4
32
24
8
-18
-16
31
25
-17
-25
4
28
12
-5
-10
10
41
29
-22
-40
-18
2
16
6
-7
-6
1
5
-2
18
16
-3
-2
-19
-12
-12
-19
-14
-16
-1
15
2
-9
-9
12
30
16
-14
-33
-20
9
4
-9
-3
-7
-11
-14
-9
6
5
2
-19
-14
10
8
-4
-8
3
5
-2
-2
7
7
2
-17
-9
34
36
4
-28
-20
0
5
11
-2
-10
-7
-3
3
-14
-17
-4
-6
-4
-12
3
22
3
-12
-3
3
-8
-24
-16
2
14
18
-6
-24
-16
12
15
-8
0
15
11
1
-6
-10
-5
1
9
9
20
15
-11
-22
-5
16
23
14
-6
-7
10
12
-5
-8
4
2
5
11
9
32
28
1
-16
-17
4
16
2
-6
1
7
12
0
-12
-3
5
11
0
-3
-1
-19
-16
-11
-5
-3
-12
-12
-10
7
10
-13
-25
-18
1
6
-1
-4
-11
2
-2
-2
16
12
1
-13
-21
-26
-9
12
6
-12
-25
-11
-14
-20
3
4
-8
-12
-15
-7
-21
-30
-12
-5
0
11
26
12
1
9
8
5
-8
-1
11
-4
-9
3
6
-6
-12
-2
1
-7
12
36
22
4
3
7
3
9
16
6
0
-5
-2
4
7
13
9
7
-1
-10
-8
-7
5
6
10
16
9
5
-7
-1
24
14
-4
7
19
2
-1
8
-1
-6
-7
1
-2
-2
-1
-9
2
13
8
0
-13
-16
-13
-4
2
9
19
12
18
12
-8
-13
-11
-9
-3
7
16
18
8
3
8
5
0
-3
-3
2
11
19
19
8
-1
-9
-11
0
17
7
-10
-18
-14
2
9
10
1
-1
6
13
18
-5
-13
9
6
-2
1
7
4
1
-5
-9
0
5
0
-3
9
12
5
5
-5
-21
-10
-9
-3
8
10
8
4
13
7
-5
-6
-7
-5
-6
-4
-4
-10
-13
-10
-3
-6
-2
6
2
-3
0
6
3
5
10
-3
-12
-2
6
-4
-10
-7
-1
10
9
-4
-3
-2
-1
7
7
0
-4
5
9
6
18
17
1
-1
-2
-8
-9
6
10
3
-3
-12
-2
-1
-4
6
10
12
3
-2
5
9
8
-1
-2
-1
-12
-15
-5
1
-10
-11
-10
-4
8
3
-6
-4
-1
-4
2
3
-3
3
9
-6
-11
-9
-10
1
13
8
-7
-12
-11
-9
-9
-4
8
10
8
2
1
7
3
4
0
1
-7
-9
-3
-12
-7
3
3
-1
4
11
6
-14
-29
-25
-13
-1
5
11
15
12
-2
-14
-16
-10
-5
-14
-11
-3
1
-4
-15
-12
-6
-3
1
-1
2
3
2
3
-2
-5
3
5
1
2
8
10
-1
-18
-13
-4
-11
-3
3
0
-1
6
1
-8
8
21
12
9
10
-2
-12
-12
-8
-3
10
18
15
6
-9
-2
3
-6
-8
-4
-6
-11
-9
-9
-7
3
5
-1
5
11
0
-1
3
-3
-7
-11
-3
2
2
6
4
8
13
4
-1
0
-1
1
-3
-3
-9
-7
4
7
7
9
12
4
2
11
5
1
5
2
6
20
11
1
7
13
11
11
15
5
-3
1
-1
-2
3
-3
0
12
6
-4
-1
6
-3
-9
-9
-8
1
2
-5
-6
-8
-10
-10
-1
6
1
2
4
-3
-2
4
3
-2
-2
-4
0
7
10
7
8
7
-2
-4
5
0
-4
1
3
0
1
0
-8
-3
1
-9
-15
-6
2
2
4
6
6
7
8
4
-5
-9
-1
3
-1
2
4
5
10
11
8
-2
-6
2
3
1
7
3
-2
5
10
3
-6
-5
0
-3
-5
-2
-5
0
2
4
10
10
6
3
-3
-5
-6
-6
-2
-1
-6
-6
-1
-6
-10
-9
-1
8
11
16
11
0
-4
-8
-5
-3
-3
2
2
2
3
-5
-11
-9
-7
-10
-8
5
5
-2
3
2
-6
-5
-1
3
9
6
-11
-13
-6
-4
0
-1
2
4
5
8
1
2
5
6
0
2
9
11
19
11
0
-4
2
8
-4
-12
-5
-4
-10
-15
-14
-1
4
0
3
11
5
0
0
-6
-5
-2
3
11
11
15
13
6
11
11
7
9
2
1
2
-4
-3
5
-1
-7
-4
-4
-3
2
11
3
-3
4
-1
-8
-7
-1
0
-2
-1
-2
1
-1
-5
-4
0
0
2
7
9
0
-10
-7
-3
-2
1
6
4
-1
-6
-6
-11
-7
-10
-21
-6
4
-1
-3
-1
-2
-11
-1
5
5
9
6
-2
-5
-4
-2
7
9
1
-3
-1
4
9
9
3
-8
-9
-7
-4
0
7
13
5
-2
-3
-1
-1
-1
2
7
-3
-8
-1
-3
6
3
-19
-18
-10
-4
6
8
4
-13
-17
-8
-3
7
5
-2
-7
-11
-15
-10
3
4
-7
-6
-1
0
2
-2
-11
-15
-3
3
8
12
8
1
-4
-9
-8
1
3
-1
1
-4
-5
-5
-8
1
12
7
-2
-2
4
1
-1
-2
-5
-9
-3
3
-1
5
6
-4
-13
-10
5
14
10
-5
-7
-6
-5
5
-5
-9
-12
-8
-5
-9
12
11
-1
2
0
2
8
-1
-15
-9
3
0
-1
1
-5
-7
-1
-2
-7
1
0
-3
0
5
1
-5
-2
2
8
11
0
-7
-2
-6
-2
11
9
6
10
-3
-3
9
6
-4
-4
1
0
4
9
5
4
-5
-6
3
0
-4
3
6
2
1
3
-1
-6
-13
-11
-5
0
-1
-7
-10
-6
-3
1
3
-3
-7
0
-2
-6
-5
-7
-12
-7
-4
-4
8
12
-2
-7
-3
1
-2
-4
2
9
12
11
3
-1
6
0
-6
7
20
16
12
12
9
-4
-4
9
3
5
16
12
4
-1
2
3
12
21
12
7
8
3
1
7
6
0
1
6
4
1
0
-1
-2
5
6
7
11
6
1
-6
-4
6
1
-5
-1
-1
-3
-2
3
-3
-10
-13
-6
0
-6
-10
-5
-5
-3
0
-4
-8
-8
-6
2
9
9
7
4
-5
-10
-12
-6
1
3
5
0
-3
-2
-4
-12
-14
-11
-4
6
11
8
1
-4
-6
-2
-1
3
10
16
12
7
4
-7
-10
-4
-5
-4
5
6
-3
-7
-10
-14
-13
-10
-7
-3
2
5
0
1
0
-9
-9
2
4
-5
-4
-1
-1
0
-1
-1
3
7
3
2
3
-2
-8
-5
0
-4
-1
6
4
3
1
1
1
3
5
7
8
10
8
7
2
-8
-5
7
8
3
0
3
1
1
-2
-4
-1
-1
2
10
11
6
-3
-8
-1
3
8
7
7
7
9
3
-8
-11
-6
-7
-10
0
3
-9
-14
-5
-1
-4
-5
-6
-7
-6
1
0
-9
-7
-10
-16
-10
-2
-8
-5
6
-1
-8
-4
1
-4
1
3
-4
-3
4
7
7
9
1
-2
4
2
-3
-3
0
5
7
11
10
3
6
6
7
5
5
1
0
6
10
12
5
-2
-4
-7
-2
3
5
-4
-11
-5
6
6
1
0
3
3
2
4
7
7
1
-8
-4
1
-4
-5
0
2
2
3
4
3
0
-4
-7
-8
-3
2
4
0
-3
-2
2
9
7
-6
-12
0
11
11
5
5
9
3
-4
1
8
14
10
4
7
5
0
-6
-2
6
10
11
13
13
4
-3
-2
0
-1
-1
-3
-4
0
3
-1
-6
-6
-3
-3
-4
-3
-4
-6
4
8
6
4
6
7
-1
-7
-11
-7
-1
0
-1
-3
-2
-9
-16
-7
5
2
0
10
13
6
-4
-8
-8
-1
2
2
12
20
19
11
-2
-8
0
6
9
6
0
3
11
15
7
-1
3
10
10
7
3
4
3
0
-2
-2
3
7
5
8
8
6
9
12
11
7
3
-1
0
-3
-4
-5
4
11
7
1
0
0
0
0
-1
-5
-1
6
10
9
0
-8
-5
0
3
8
6
1
-4
-1
-1
-4
-7
-6
-3
-1
0
-3
0
0
-4
-6
-11
-17
-7
6
7
3
2
0
-3
-3
-4
-5
-5
-3
-3
-1
3
7
4
-2
-8
-12
-3
1
-4
-10
-7
-6
-8
-6
-9
-2
-5
-7
-2
-2
-6
-11
-12
-8
-5
-4
-8
-5
-6
-7
-1
0
-1
-4
-5
-6
-8
-9
-7
1
0
-6
-4
-2
-2
0
1
-4
-7
-5
-2
3
3
-3
-6
-10
-7
0
3
-3
-4
-2
-5
1
2
-2
-9
-1
6
7
15
5
-1
-4
0
-2
-1
2
-4
-3
-2
4
8
6
-1
-6
-5
-1
2
-3
-6
-4
0
-1
-5
-3
-2
-6
-3
-2
-3
0
-4
-4
-1
5
5
5
6
-2
-7
-3
2
6
9
1
-1
-3
-5
0
0
-7
-1
5
10
11
7
-1
-10
-2
-4
-9
-5
1
6
1
8
6
0
-1
-5
-6
-4
3
1
3
8
1
-8
-6
0
0
9
17
6
-5
-5
-3
-2
0
4
8
6
-1
-9
0
6
0
-3
-2
2
0
-1
-5
-7
-6
0
9
2
-4
-2
6
10
4
-1
-1
-2
-1
5
8
3
1
1
-3
2
0
2
8
3
-8
-10
-3
0
6
7
-1
5
-2
-3
-3
-5
-5
-5
7
8
7
3
0
-1
-4
-1
-1
0
3
1
-1
-3
-1
-1
-1
1
3
-1
-3
0
-2
-6
-6
1
1
2
1
-8
-11
-4
-3
-5
-2
-3
-4
2
3
3
2
5
7
-1
6
10
5
8
1
-12
-9
-2
1
1
4
-2
-4
-1
-4
-7
-5
2
0
0
-2
-1
4
-5
-2
1
2
-3
-9
-7
-2
1
0
2
0
0
-1
-2
4
7
6
4
-1
-5
-4
1
12
12
7
5
-1
-3
2
3
3
4
4
4
6
11
17
20
16
14
6
-9
-12
-13
-9
-5
-8
-3
-6
-7
-6
-9
-7
-9
-8
-5
-3
-1
-3
-8
-1
0
-4
-1
-1
-1
-2
-8
-6
-8
0
6
4
-6
-8
2
5
4
3
5
-3
2
3
-4
3
3
4
5
7
3
1
3
-1
0
6
3
2
-3
-6
-3
-2
8
9
5
8
7
4
0
0
-1
-10
-9
-5
-11
-7
-6
-11
-1
8
10
12
5
4
4
5
8
11
13
13
8
8
7
0
-3
-3
6
8
9
10
6
6
-2
-4
-8
-5
-6
-6
1
-1
-1
1
0
1
6
1
3
4
2
4
10
11
4
1
1
3
6
1
-5
-3
2
4
2
-5
-7
-1
0
-4
-5
-4
-5
-1
2
3
2
-1
-8
-5
-5
-9
-5
-5
-1
-1
-5
-5
-11
-9
-12
-13
-5
-7
-7
-4
-7
-7
-4
-1
8
9
10
7
1
-4
-6
-5
-4
0
1
3
5
11
5
2
-4
-5
0
0
-2
-2
1
0
0
-6
-6
-11
-14
-11
-10
-2
-5
-8
-6
-10
-7
-5
-3
1
-3
-1
-2
0
3
3
2
4
5
1
1
5
4
4
2
0
2
5
-2
2
8
5
5
1
-1
-4
-2
5
2
0
3
-4
-2
8
8
7
7
5
4
-2
1
1
-1
1
-1
0
3
3
5
1
-1
-3
2
2
-1
-5
-2
0
-5
-1
-1
-2
-1
-1
-5
-5
4
2
0
1
1
4
3
4
6
10
11
6
3
-3
-8
-8
-1
-4
-5
-2
-2
-3
-9
-7
-5
1
8
3
-1
0
-2
-3
-3
-5
-1
5
6
3
6
6
4
3
0
-7
-5
2
4
-2
-9
-9
-9
-5
-2
-2
3
6
5
-1
-3
-5
-5
0
-1
-4
-2
0
-7
-7
1
-1
2
5
0
-3
-4
1
1
0
3
3
4
0
2
4
3
3
4
4
2
6
9
8
3
-1
1
3
7
2
2
7
3
4
3
0
-5
-4
-2
-2
5
8
6
0
-2
-8
-6
-2
-1
-1
-3
-1
-1
-4
-6
-1
0
-4
2
5
1
1
0
-6
-9
0
7
4
8
6
1
4
6
-1
-2
7
5
8
12
7
2
-4
4
2
2
12
15
5
-2
-2
-7
-2
1
-2
-5
-4
-1
-1
-6
-9
-4
1
-1
0
2
-5
-5
-5
-4
-5
-2
0
4
2
-4
-3
2
-1
-1
2
6
3
1
-2
-6
-8
-5
-2
1
6
1
-2
2
6
7
4
1
1
-1
-5
-4
0
2
-1
-4
0
0
-1
-3
-6
-8
-4
4
5
0
6
2
-2
-6
-2
5
1
1
3
2
-2
-5
-3
-1
-3
4
8
4
0
-2
-4
-6
-5
2
3
3
1
3
-1
-1
3
3
7
7
7
6
4
4
3
0
-1
3
5
5
-1
0
2
-4
1
9
6
4
5
2
-5
-11
-4
0
0
1
8
13
5
1
-3
-1
1
1
4
3
2
4
3
2
-1
-2
1
2
-5
-1
-4
-11
-9
-7
-8
-11
-7
-2
-6
-3
-1
-2
-5
-4
-2
-3
-2
-5
-6
-3
-3
-1
-1
-1
1
2
3
-4
-3
-2
-4
-9
-12
-8
-7
-1
3
3
-3
-5
-10
-11
-11
0
8
4
5
4
0
-3
2
9
6
3
7
5
-2
-8
-6
-1
3
6
10
3
-1
-3
-7
-3
-5
3
2
-4
0
-1
3
3
4
1
2
10
8
7
-2
-7
-4
-2
-3
-5
0
1
2
6
2
2
5
1
-2
-3
1
6
2
-3
-2
4
4
-3
-3
-1
0
4
4
2
-1
0
3
6
2
2
3
-1
3
3
0
3
5
6
6
4
4
0
-7
-12
-6
1
5
2
-2
-4
-5
-3
-5
0
5
5
7
5
-3
-2
0
0
9
9
5
5
2
-4
-10
-8
0
4
9
8
4
1
-1
-3
-2
5
6
9
9
12
7
1
1
-3
-3
1
11
13
9
1
0
0
0
2
-1
-4
0
2
-2
-5
-4
4
7
7
0
-5
-10
-13
-10
-2
4
1
-4
-10
-12
-9
-3
4
0
-1
-1
-5
-9
-11
-7
-9
-5
-2
0
2
4
8
8
3
-3
-2
-2
0
4
4
3
-5
-9
-3
0
2
5
7
0
-3
1
7
11
6
6
3
-1
-4
-3
1
4
9
3
-5
-10
-5
-4
-5
3
7
7
3
-2
-9
-13
-4
0
2
-1
-4
-7
-2
3
0
-1
-2
-6
-6
-4
-2
2
-4
-6
-6
-1
0
0
2
4
7
1
2
2
2
2
-4
-5
-4
-4
-4
4
4
0
-5
-5
-4
-6
-1
1
-2
-1
1
0
-5
-5
0
5
9
12
7
-1
-7
-11
-6
2
8
10
11
4
0
-5
-7
-9
-8
1
9
10
3
0
1
5
6
8
3
-1
3
2
6
9
5
3
2
-2
-5
0
5
0
-4
-1
5
3
-3
-2
-2
-8
-5
3
7
7
3
0
-3
-5
-2
1
3
3
-1
4
5
3
3
5
6
-1
-4
-7
-7
0
6
11
10
8
-1
-8
-7
-2
1
5
7
8
7
3
2
-5
-5
0
7
14
12
2
-11
-16
-13
-5
4
5
2
1
-3
-4
1
4
1
-4
-4
3
4
1
2
0
-3
-7
0
4
2
4
5
3
1
-2
-3
-6
-5
-1
0
-1
-2
-4
-5
-7
-4
-2
-4
-2
-2
0
5
3
1
0
0
3
-3
-4
0
1
-5
-8
-7
-3
3
6
5
3
3
1
-3
-6
-8
-7
-4
-4
-2
4
6
2
-2
-5
-4
-3
-1
-1
0
5
6
5
3
2
-2
-5
-6
-2
2
7
14
11
4
-2
-5
-4
-6
-6
-2
2
3
2
3
6
5
0
-6
-4
-4
-4
1
9
12
7
4
2
-1
1
2
-3
-3
5
13
13
3
-7
-8
-8
-10
-5
-2
-5
-6
-9
-7
-2
-2
3
14
15
6
1
0
-5
-6
-1
3
3
-1
-3
-4
-4
-6
-5
-4
-1
1
-1
-4
-5
-3
-3
-7
-6
-3
4
4
1
-1
1
5
9
6
4
4
2
-4
-6
0
7
12
15
14
7
-4
-11
-6
2
8
9
5
0
-4
-7
-9
-6
5
11
11
6
-6
-10
-10
-6
0
2
0
-4
-5
-4
-2
-3
-9
-8
-2
-1
-2
-5
-6
-7
-8
-10
-11
-8
-2
3
0
-4
-2
-4
-3
-2
-2
-2
-1
0
-3
-1
1
-2
-5
-5
-2
-1
-2
-1
-1
-2
-4
-5
-10
-12
-4
2
2
0
-5
-6
-6
-3
0
6
9
5
-2
-3
-1
0
2
4
5
3
2
4
5
3
-1
0
-2
-3
-2
-2
-3
-3
-4
-3
-1
-3
-2
0
2
3
1
2
4
3
2
0
1
5
6
5
2
-2
0
4
5
2
-1
-2
0
5
1
-1
-2
-4
-3
0
5
4
5
5
6
5
6
3
1
0
1
3
0
-2
0
-1
1
1
-1
-1
0
0
2
7
10
6
-2
-4
-2
-1
0
1
0
0
2
0
-2
-2
1
5
9
9
8
6
8
9
6
1
-3
-3
0
1
-2
-5
-6
-6
-7
-9
-7
-2
1
2
2
2
2
2
-1
-2
0
2
-1
-1
0
-2
-3
-3
-3
1
4
4
3
2
-1
-6
-4
0
1
2
6
5
1
-3
-2
-1
2
5
8
8
6
4
-1
-3
0
3
5
5
3
1
-3
-3
-1
4
5
5
2
1
4
2
2
4
4
3
4
3
1
-2
-2
-1
0
2
3
1
1
3
3
4
7
3
-2
-4
-3
2
5
2
-2
-6
-4
-2
-2
0
0
-2
-3
-3
-3
-4
-5
-2
1
0
3
1
0
2
5
3
1
2
0
3
4
2
1
1
-3
-7
-8
-7
-6
-5
-2
2
3
-2
-5
-2
1
3
-1
-4
-6
-5
-4
-3
-2
-1
-1
0
4
2
0
-1
-6
-5
-4
-5
-4
-4
-2
4
7
4
2
-2
-3
-2
-4
-4
-2
-1
0
-6
-6
-3
-7
-9
-11
-9
-6
-6
-6
-7
-12
-9
-8
-7
-1
3
2
-1
-3
-2
0
3
1
-2
-5
-2
-1
-1
1
-2
2
1
-2
-1
3
2
2
6
6
5
7
10
8
7
11
9
9
7
6
5
3
3
5
0
-2
-4
-5
-5
-3
-2
-2
-1
-1
1
3
-2
-2
-2
3
3
1
2
0
-6
-6
-4
-4
-6
-5
3
5
1
-3
-1
6
9
10
9
11
7
1
4
4
5
6
9
12
7
-1
-3
0
0
3
4
3
3
3
0
1
0
-1
3
3
3
4
1
2
6
3
0
2
1
-2
-1
7
10
2
-1
0
-4
-8
-11
-14
-12
-8
-10
-7
-6
-6
-8
-13
-12
-7
-3
-1
-2
-3
-3
-7
-9
-8
-6
-3
-6
-5
-1
0
2
3
1
-3
-2
-2
-1
2
5
2
-2
-3
0
0
0
-2
-6
-2
3
4
0
1
3
7
6
9
9
5
6
0
-3
-2
-1
-1
-5
-4
-5
-1
0
2
-1
-5
-6
-1
1
4
3
0
-1
-1
4
7
4
5
5
8
13
13
13
14
15
15
14
15
15
12
10
11
10
8
8
6
4
2
1
3
2
-1
1
0
0
0
1
6
3
-1
-1
-1
3
-1
-6
-8
-5
-5
-4
-5
-11
-12
-11
-8
-7
-4
1
1
1
-3
-5
-7
-8
-8
-5
-5
-9
-10
-10
-10
-14
-12
-11
-5
-3
-1
7
10
8
6
6
5
5
4
7
10
9
8
5
4
6
4
3
5
5
3
4
6
10
10
10
9
5
0
0
1
1
4
4
1
-4
-6
-7
-12
-8
-1
4
2
2
3
2
2
4
4
0
-4
-1
0
-2
-2
-3
-2
-3
-5
-5
-5
-6
-6
-3
1
2
1
3
0
-2
0
0
3
6
3
1
-1
0
-2
-5
-5
-6
-3
-5
-3
-5
-8
-9
-6
-5
-3
-1
-3
0
-2
-4
-2
-2
-2
-1
-3
-5
-3
0
-1
-4
-3
-1
2
3
4
3
1
2
4
2
4
6
0
-1
-1
-1
-3
-4
-6
-8
-6
-1
-1
-4
-4
-4
-2
-1
4
2
0
0
-1
0
-2
1
0
2
4
5
4
1
-2
-5
-3
-1
-2
0
0
2
2
1
1
1
0
1
3
6
4
1
-1
-2
-5
-8
-7
-5
-5
-3
-4
-7
-5
-3
-2
0
-1
-1
-4
-6
-3
-1
0
0
1
3
1
2
4
2
2
0
-2
-3
-3
-2
1
1
0
0
0
2
3
0
-1
0
2
2
2
4
4
4
6
6
9
8
6
5
3
2
-2
-1
0
-1
-2
0
4
5
5
1
0
3
2
4
1
2
-1
-4
-2
0
2
1
2
6
5
1
0
-4
-6
-9
-8
-5
-4
1
3
0
-3
-3
-3
-2
0
1
1
-1
0
2
0
-3
1
3
5
6
8
7
8
9
8
8
11
13
10
8
5
4
2
1
4
3
3
4
5
7
5
2
-1
-4
-6
-5
-6
-5
-7
-5
-2
-2
-1
-2
-4
-7
-9
-9
-6
-6
-6
-6
-2
2
1
2
0
-1
-3
-2
2
2
2
2
-2
-3
-1
1
-1
-3
-2
-2
-1
2
4
6
3
-1
-1
2
4
6
3
1
1
-1
-2
-2
-2
0
2
2
-2
-6
-7
-4
-2
-1
0
-3
-6
-9
-12
-12
-12
-12
-8
-6
-4
-3
0
0
0
1
1
0
-3
-1
1
-1
-1
-3
0
5
7
5
7
7
4
-1
-3
-5
-6
-8
-12
-8
-2
-1
2
6
8
7
4
2
1
2
7
10
8
4
0
1
2
1
2
0
1
0
1
1
0
1
1
-1
-3
-3
-1
-4
-5
-4
-4
-8
-5
-2
-1
1
-1
-2
-2
0
0
1
1
1
1
0
-3
-2
2
1
0
1
0
-1
-3
-3
-3
0
2
0
-2
-4
-6
-7
-7
-8
-8
-8
-7
-6
-7
-4
-2
-6
-7
-7
-3
-2
1
5
3
1
0
-1
1
2
2
1
0
-2
1
1
0
-1
-2
-1
0
0
-1
2
0
-5
-5
-4
-2
1
1
2
3
3
3
0
0
2
5
3
3
-1
-2
-1
-1
-3
-5
-3
-3
-2
0
0
-2
1
-1
-3
-1
3
4
2
0
-2
-1
-2
-2
0
2
3
3
4
2
7
7
7
7
9
9
3
2
0
1
6
4
1
7
11
7
0
1
-1
-1
0
-2
-6
-3
3
4
-1
1
3
1
3
4
5
5
5
3
-2
-3
0
2
7
9
8
8
7
3
-1
-4
-4
-1
6
11
11
6
-1
-4
-6
-8
-6
-1
0
0
1
-1
-6
-7
-7
-5
-3
0
1
0
-1
-4
-9
-11
-7
1
2
2
6
0
-4
-2
-6
-3
4
9
6
3
-1
-5
-6
-2
2
0
4
1
2
3
0
-4
-4
0
0
3
4
7
7
6
2
-1
1
2
6
7
7
7
4
0
1
-1
-3
0
1
-1
2
4
1
-5
-5
0
2
3
0
0
-1
-2
-3
1
4
4
3
1
4
5
3
2
0
-4
-6
-4
-1
3
5
4
2
2
1
2
4
3
2
-1
0
-2
2
3
0
1
0
-4
-6
-8
-5
-3
-5
-3
-2
-5
-7
-6
-3
-4
-6
-2
4
2
1
-1
-4
-3
1
0
-3
-2
-2
0
-1
-5
-3
1
-1
-1
-1
0
1
3
-3
-6
0
4
-1
-3
-2
-4
0
4
4
2
2
-1
-5
-1
3
1
2
0
0
4
6
0
-2
0
0
-1
-1
-3
-3
0
-1
-6
-4
2
2
1
0
-1
-1
1
-1
-2
1
1
2
2
1
2
2
1
0
1
-1
-1
-1
-3
-3
-4
-2
-4
-8
-6
-4
-4
-6
-6
-5
0
3
2
0
-1
-4
-5
-7
-4
1
0
-1
-2
-2
2
2
1
-2
-1
-3
-5
-1
0
-2
-2
-3
1
3
0
0
3
0
-1
-2
-4
-2
0
3
2
4
6
3
-1
-2
-2
1
3
1
-1
0
2
0
0
0
-3
-3
-2
-2
-1
4
3
2
3
5
6
8
9
5
0
0
-4
-4
-1
1
0
2
7
5
2
2
4
2
-1
-2
-2
2
1
1
0
4
4
1
1
1
0
1
2
-2
-3
-4
-4
-1
1
2
2
-1
-3
-4
0
1
1
2
3
1
1
0
1
2
-1
-1
-1
2
2
1
2
1
3
2
1
3
2
0
-1
-1
2
2
2
3
0
-2
0
1
-3
-3
1
4
6
5
1
3
4
3
-1
-1
2
1
-1
-1
1
1
1
2
3
7
5
3
2
-2
-4
-4
-2
-1
-2
0
-3
-2
-1
1
1
3
3
0
2
1
-1
0
-2
-1
0
-1
-2
-3
-2
-1
-4
2
2
1
4
1
-3
-3
-2
-2
-2
-2
1
-2
-2
3
4
-3
-5
-2
-2
-3
-1
-2
-6
-5
-2
0
-1
0
2
2
4
4
2
3
1
-3
-3
0
0
1
2
1
-2
-1
0
2
3
4
2
-1
1
2
2
4
3
0
1
1
1
1
2
2
1
1
4
4
2
3
3
5
4
0
1
3
3
5
4
5
2
0
1
4
5
5
2
-1
-1
0
0
2
3
-1
0
0
2
1
-3
-2
-1
-2
-2
0
2
4
2
-2
1
1
1
-2
-1
0
-1
-2
2
2
2
0
-2
-2
-3
-2
0
-1
1
2
2
3
5
3
2
0
-1
0
-4
-1
0
0
-1
-2
-2
0
-1
-3
0
1
2
1
0
-1
-2
-2
-3
-2
0
-1
-2
-1
0
1
-2
-3
-2
-1
1
0
-1
0
1
0
-2
-3
-2
0
0
-1
1
0
0
-1
-3
-3
-4
0
4
1
0
-2
-2
-2
-3
-1
1
-1
0
-1
-2
-1
-2
0
0
-1
-2
-4
-2
-1
-1
-2
-1
-3
-1
-2
-3
0
1
1
0
1
-3
-3
-1
-5
-6
-3
-1
0
1
-1
2
3
2
0
-4
-2
-2
-2
-1
0
0
-3
-2
-2
-1
2
2
1
2
1
0
-2
-1
1
0
1
1
-1
-1
-1
-2
-4
1
1
1
0
-1
-2
-2
0
2
2
1
0
1
0
-1
-1
-2
-1
-3
-3
0
0
-2
-2
1
-1
-2
-3
-2
3
3
3
3
4
1
-1
-1
-1
0
1
2
0
0
-1
-2
-4
-6
-1
1
1
2
0
0
-2
-1
3
3
2
2
1
1
3
3
1
3
5
2
2
2
1
2
4
1
-1
-2
-5
-4
-2
-2
1
2
1
-2
-5
-7
-6
-5
-5
-6
-2
-3
-2
-2
-4
-4
-4
-3
-2
1
1
2
3
2
1
1
4
3
2
1
3
4
3
2
1
0
-1
0
1
1
3
4
1
0
-1
2
1
-2
-2
-2
-1
0
1
0
-1
0
2
1
2
4
3
3
1
-1
1
1
1
0
1
0
-1
-1
0
2
2
1
0
0
2
-1
1
1
0
-2
1
-1
-1
1
0
0
-2
-2
-2
0
1
2
0
-1
0
0
2
-1
-3
-1
1
0
3
2
2
3
1
2
1
0
3
1
-2
0
1
-1
1
0
1
1
-2
-3
-1
2
6
10
6
2
-2
-2
-2
-1
1
2
4
2
1
2
2
-1
-3
-3
-2
-2
-2
-2
-3
-3
-2
1
1
3
1
-2
-4
-6
-7
-5
-4
0
1
-2
0
-1
0
0
1
-1
3
2
0
-3
-4
-1
0
0
-1
-2
-3
1
-2
1
3
2
3
1
-1
0
-3
-4
0
0
1
4
3
1
-2
-2
-2
-2
-2
-1
-2
-3
-2
-2
-1
-1
3
3
0
-2
-2
-1
-4
-4
-4
-4
-3
-1
1
1
1
0
-1
-2
-1
0
1
1
0
2
3
5
1
0
3
0
-2
-2
-1
2
2
1
0
-1
-2
-1
-1
1
-1
-2
0
2
3
1
0
-1
-1
1
0
1
1
1
2
3
3
3
1
1
4
3
1
-1
-3
-7
-5
-2
-2
1
1
2
3
7
3
-2
-3
-1
2
5
6
3
1
1
-1
0
-4
-1
1
1
2
3
3
1
-1
-3
-3
-3
-1
0
-2
-3
-2
-6
-4
0
2
3
1
0
-1
-2
-1
0
0
0
3
2
0
2
1
2
1
0
-1
-2
-2
-1
-2
-1
3
1
-1
-1
-1
-1
-1
-2
-2
-2
-1
-1
-4
-2
-2
-2
-1
-1
-1
-2
0
1
0
0
-1
-2
-2
-1
-2
0
1
0
1
0
1
-2
-3
-1
-2
0
3
3
-1
-1
-1
-2
2
1
3
4
0
1
2
0
0
-1
-2
-3
-2
1
2
3
4
4
3
2
1
1
2
1
2
2
1
-1
0
1
0
-1
-1
-1
1
2
1
-1
-3
-4
-4
-2
0
2
4
3
2
1
1
4
4
-1
2
0
-4
-3
-4
-3
-2
-1
0
0
-1
2
0
0
-4
-1
2
2
3
2
0
-1
0
0
-1
0
2
3
4
5
3
2
0
-2
-4
-2
1
1
2
0
2
4
4
1
0
1
-2
-2
-2
-1
2
0
0
-2
-3
-1
0
2
3
2
2
0
0
1
1
1
1
1
2
1
2
3
1
4
3
4
2
1
1
0
0
-1
0
4
2
-1
1
1
3
4
4
1
0
3
4
4
5
1
0
0
-2
-2
-2
-3
-3
0
0
2
-1
-3
-3
-3
-2
-1
1
2
3
2
-2
-5
-6
-4
-2
0
0
-1
-4
-6
-5
-5
-6
-5
-1
-1
-2
-4
-5
-5
-5
-4
-2
0
-2
0
-1
-3
-3
-3
-1
2
4
5
2
0
1
0
3
5
7
6
6
3
2
2
2
4
0
-1
-1
2
0
-3
1
-1
-2
0
-2
-2
-1
-1
0
-3
-2
1
6
3
3
4
3
3
-1
-5
-4
-5
-3
-1
0
3
0
0
1
1
-2
-3
-3
-3
-3
-2
0
1
0
1
1
-2
-4
-3
-3
2
4
1
1
0
1
1
-1
-4
0
2
2
4
3
5
3
-1
-3
-6
-3
-4
-3
-4
-4
-3
-2
-3
-2
1
3
4
0
-4
-3
-1
-2
-3
-5
-4
1
1
-1
1
3
0
-1
-3
-4
-1
0
0
0
-2
-3
-1
-1
-1
-2
-3
-2
0
1
-1
-1
3
3
3
-1
-3
-3
1
4
4
2
1
0
2
5
6
8
3
1
0
-2
-1
2
7
8
8
3
3
3
2
1
2
4
3
3
3
5
1
0
0
-2
-2
-1
0
1
4
4
2
-1
-2
-2
-1
-2
2
-2
-1
1
0
0
-5
-6
-5
-5
-2
0
-2
-3
-3
-8
-6
-1
-2
0
1
0
-2
-6
-3
0
0
2
4
-1
-2
0
-3
-1
-1
-6
-6
-6
-1
3
1
1
2
0
3
4
4
8
7
5
4
2
3
4
2
0
0
-5
-5
2
4
3
5
2
1
-1
-2
-5
-8
-4
-3
-4
-2
-2
-1
3
3
3
2
1
1
1
3
2
1
2
0
0
2
0
-2
-1
0
-1
3
6
3
3
0
-3
-2
-2
-4
-3
0
0
-3
1
3
1
3
2
1
1
1
1
-1
-4
-6
-4
-1
1
4
8
5
1
-1
-3
1
1
4
6
2
2
0
-1
0
4
2
-1
0
-2
0
4
3
2
1
0
-4
-3
0
-1
-3
-1
0
-1
-1
-1
-6
-3
-1
0
1
1
4
3
2
1
-1
0
0
1
3
3
2
-3
-6
-6
-6
-3
1
3
2
-3
-6
-3
-4
0
-2
-2
-3
-1
0
-3
-4
-3
1
1
1
2
1
1
4
1
0
2
3
-1
2
4
3
2
2
0
-3
-3
-2
0
4
3
-3
-5
2
5
8
10
4
2
-2
-6
-5
0
2
-1
-2
-2
0
-3
-3
1
1
1
2
2
5
4
-1
-1
0
2
4
4
4
5
4
-1
-2
-2
3
5
5
4
0
1
2
0
2
4
2
0
2
0
-2
3
6
6
2
-2
-1
-2
0
1
1
3
2
-2
-2
0
-3
-2
2
3
2
2
0
-3
-1
0
-4
-1
1
-1
0
2
2
-2
-7
-6
0
4
6
1
-2
0
-5
-7
-5
-2
3
2
-1
-1
-3
-5
-3
-5
-5
-2
1
1
3
0
-1
-3
-3
2
1
0
1
1
3
-1
-7
-8
-6
-2
5
7
5
1
-3
-3
-3
0
1
4
6
9
4
-1
2
1
-3
-5
-6
-4
-1
0
-1
1
4
5
6
1
2
2
-2
-3
-5
-8
-8
-5
-1
0
2
4
4
0
-2
-3
-2
-5
-6
-5
0
6
6
2
-1
-3
-7
-9
-8
-2
4
6
2
-3
-3
-5
-6
-3
0
-1
-1
-3
-3
0
1
3
6
6
6
3
-2
-4
-5
-5
-2
3
4
6
9
6
2
-3
-5
1
7
8
7
8
5
4
2
1
2
1
5
7
3
-1
-2
-2
-2
-1
4
6
3
0
4
5
3
0
-2
-1
0
1
3
5
3
0
1
1
1
1
-1
0
0
-1
2
2
2
1
-2
-1
-3
-3
0
-1
-3
-2
-1
-2
0
3
3
0
-3
-5
-3
2
0
-1
0
-1
0
-3
-1
-1
0
-2
-3
-1
0
-5
-2
-2
-5
-3
-3
-6
-5
2
3
-4
-8
-3
-4
-6
-1
1
-2
-1
3
1
-4
-6
-2
-1
1
1
-2
-2
0
-2
-5
-5
-1
-2
-2
-2
-2
-4
-4
-5
-5
-7
-5
-2
0
4
3
2
-3
-5
-3
-1
3
2
7
2
-5
-3
-1
0
1
2
4
5
5
3
2
0
-2
-4
3
7
5
8
5
2
-1
-4
-3
-2
0
3
5
3
5
9
6
0
-2
-3
0
0
3
5
4
-4
-6
-5
-2
5
5
1
1
1
-3
-3
-2
-2
-3
1
3
2
-4
-2
0
-6
-7
-4
2
-3
-5
1
-4
-3
-1
0
2
7
6
-2
2
3
1
0
-5
-1
0
5
6
-2
-3
1
2
-2
3
2
-1
-2
-4
-2
-2
-1
2
-4
-3
2
1
-3
0
6
-2
-4
1
0
3
4
-1
-7
-7
-3
0
0
1
3
-4
-3
4
8
8
4
1
-1
0
1
-3
-1
0
2
2
7
5
1
4
2
-6
-5
2
0
3
4
4
3
1
-3
-4
-1
1
3
4
2
0
-5
-6
-5
-3
-3
0
1
1
0
0
1
1
-2
-4
-5
-2
-1
2
7
7
-3
-4
-3
-5
-2
3
6
3
4
-1
-9
-2
3
-1
-1
8
4
-2
-2
-5
-4
-3
-5
-1
5
10
8
0
-6
-7
-6
-6
2
9
6
3
1
-1
-2
1
3
2
6
6
8
6
2
-1
-5
-5
-4
-1
-1
2
3
2
3
-4
-5
0
1
1
3
-1
-5
-4
-3
-7
1
7
5
4
3
4
5
3
1
2
-3
-6
0
2
-1
-4
-2
1
1
4
4
3
2
0
0
-1
3
-1
-9
-1
4
2
0
2
1
2
2
1
5
4
4
3
-1
-3
-3
-1
-3
-3
-3
0
3
1
-1
-1
-1
-2
0
1
2
1
-2
-3
0
1
-2
-5
-6
0
1
-1
1
4
2
1
0
0
1
-1
-3
0
1
2
0
-4
-3
2
3
1
2
-2
-7
-6
-2
-2
-2
-2
-3
-1
0
4
2
0
0
-1
-2
-3
0
-2
-3
-2
-2
-3
-4
2
1
-1
-2
-4
-3
-1
2
0
2
4
-2
-1
-3
-4
-1
0
0
-2
-1
-1
-2
-5
-6
-2
-3
-6
-5
2
4
3
6
-2
-4
-4
-5
0
-2
3
3
-1
-1
-4
2
5
8
6
1
0
-5
-1
-1
-2
2
1
5
4
4
2
2
2
-4
-2
0
4
5
2
4
2
2
-4
-3
2
-1
0
0
1
0
2
2
-4
2
7
4
1
-1
2
1
0
4
2
1
0
3
0
-1
1
2
4
4
7
3
-2
0
-2
0
-3
-4
-3
-5
1
2
2
2
3
7
7
5
2
0
-1
0
0
-1
-1
0
-2
-4
-1
3
-2
-6
-6
-5
-4
-5
-3
-3
-2
-1
-3
-3
0
2
-1
-4
-1
1
0
-2
0
2
0
-1
-4
-4
-6
-8
-5
-4
3
3
1
-1
-1
1
3
3
1
3
4
2
1
1
0
0
-3
-2
1
4
6
1
-2
-4
-1
3
2
2
-1
-2
0
1
0
1
2
0
-2
0
2
-1
-1
-2
-3
-2
-1
-1
-3
-2
-1
-2
-2
-3
1
0
0
2
2
3
1
2
3
3
3
2
-2
-2
-1
-5
-5
0
3
6
3
-2
-2
-4
-2
-2
-2
-3
-2
2
1
-3
-4
0
1
5
4
0
1
0
-1
-4
-4
-4
-7
-3
0
3
2
0
4
3
2
2
2
9
7
-1
-1
-7
-7
-3
4
7
1
0
-1
0
2
4
7
8
6
4
1
1
3
-1
-6
-6
-2
3
0
2
7
7
4
-1
-3
1
3
-1
-3
-3
-2
0
1
4
2
1
-1
-5
-6
-1
0
-2
-2
1
1
0
1
0
-1
-1
-3
-5
-5
0
3
2
0
-3
0
2
-1
-4
-7
-4
1
-1
-4
0
3
2
0
-4
-6
-3
0
-1
2
2
-2
-3
-2
-2
-3
-2
-2
-4
5
9
4
2
1
4
1
-7
-8
-2
4
8
4
-2
-4
-2
2
5
5
5
-1
-7
-5
-1
0
-1
5
10
8
4
-3
-5
-5
0
9
10
-1
-12
-6
5
8
-7
-15
-6
-2
-1
0
-3
-2
3
0
-8
-5
4
3
7
4
-10
-11
-2
5
6
3
-3
-3
2
7
4
-1
2
3
3
8
4
-1
-1
5
7
4
-1
-3
8
13
0
-4
1
8
4
3
4
4
0
-6
-5
0
7
2
2
3
0
-1
-4
-4
-4
1
5
-1
-2
-3
1
4
-2
-14
-10
2
3
5
7
-3
-3
4
4
0
7
9
-1
-5
-4
-8
-6
1
5
6
7
3
-3
4
8
7
0
0
4
5
2
-11
-9
2
9
-1
-4
0
0
4
3
-1
0
2
-4
-6
-2
-2
2
0
-3
0
1
0
-4
-1
2
-1
-3
-6
-10
-10
-2
-3
-9
-7
-3
-1
0
0
-3
-2
-2
-2
-2
-2
-4
0
-2
-4
-3
-4
-3
1
9
7
2
2
1
2
2
1
-4
-2
3
4
-2
1
4
2
2
-1
-4
-4
-3
2
-1
-7
-3
-3
0
2
-1
1
4
3
1
2
1
-4
-3
-2
-3
1
2
-2
4
7
2
-2
-5
-5
1
-1
-3
-5
-9
-7
2
6
5
2
1
1
-3
-3
-1
1
1
0
-3
-6
-1
4
3
3
2
0
0
-4
0
1
0
2
4
2
-2
-2
-1
2
4
5
4
1
-3
-4
-1
-3
-4
-1
-2
-4
-2
1
2
4
1
-4
-1
2
0
-4
0
1
-2
0
-1
0
0
-3
-6
-2
1
3
3
-1
-1
0
0
0
-4
-4
-2
1
2
2
3
3
5
1
1
1
-2
-3
-2
0
5
9
7
5
6
5
5
1
-7
-4
-4
-7
-3
2
6
8
6
1
5
1
-4
-4
-3
1
3
7
5
4
4
3
3
4
2
0
2
-2
0
2
2
1
3
0
2
8
4
-3
-4
2
2
2
3
0
-4
-3
-3
-5
-1
2
1
-2
0
2
3
2
4
3
-1
0
-1
-3
0
6
5
1
5
2
-1
-4
-3
-3
-3
-1
-2
0
1
1
-2
2
2
0
-2
-3
-6
-3
2
1
0
1
-1
-2
-2
-2
-1
-1
-1
0
-5
-4
-2
-1
-1
-1
1
2
0
-1
-3
-3
-2
-1
-1
-1
1
1
-2
1
0
-2
0
0
-3
-2
-1
0
2
3
2
2
1
1
3
5
7
5
3
1
-4
-6
-5
-2
1
0
1
-1
-2
0
1
6
7
6
2
0
0
0
4
3
1
3
1
3
3
3
3
0
1
0
-3
-3
-4
-2
2
0
-1
1
4
7
6
4
-2
-4
-2
0
-5
-6
-1
-1
0
3
5
4
2
0
-3
-2
0
-2
-3
1
2
-2
-4
-3
0
-1
-3
-4
-4
-3
-1
-2
-3
-2
-2
-7
-9
-6
-4
0
-3
0
-1
-6
-7
-8
-6
-5
-6
-6
-4
-4
-3
1
-1
-1
0
4
5
2
-1
-1
-2
-6
-4
0
0
2
4
1
0
1
1
-1
-1
1
1
0
-3
-3
0
2
1
3
7
5
4
1
0
0
4
2
0
2
5
6
4
4
1
-1
0
2
2
3
2
0
1
-1
-1
-1
3
5
2
0
0
1
0
0
3
-1
-2
-3
1
1
2
2
-2
0
3
4
1
1
3
2
-5
-7
-5
1
4
6
5
1
-1
-1
-1
-1
1
-1
-1
-2
-1
0
-1
1
-1
1
0
-2
0
3
5
4
3
-2
-7
-5
-4
-4
1
3
1
1
3
2
-1
-2
1
3
1
1
2
1
0
0
5
4
3
3
0
1
-2
-5
-4
-3
2
4
-2
-7
-4
-4
-7
-6
-4
-1
1
0
-2
-3
-4
-6
-4
-5
-5
-2
3
6
3
0
0
-4
-7
-3
0
-1
-3
0
2
2
1
0
0
2
5
4
1
-1
-2
-4
-2
-1
0
2
5
2
-2
2
1
-3
-3
-1
-1
3
3
0
1
4
1
-4
3
8
5
2
6
6
2
3
4
3
3
7
4
2
3
3
-1
-4
-1
0
-2
-5
-3
-1
-2
-5
1
5
4
1
-1
1
-2
-5
0
0
-3
0
2
-3
-3
3
-3
0
10
8
6
2
-2
-5
-6
-2
-1
-1
4
1
1
2
3
2
-3
-1
-3
-1
6
2
-2
-1
-4
-5
-2
-6
-7
1
4
0
0
2
-3
-3
-3
-2
2
0
-2
0
-1
-3
2
4
3
6
3
1
-2
-3
2
-1
-4
0
3
1
3
2
-3
-5
-4
-5
-3
0
-2
-3
0
-2
-5
-3
-6
-4
-2
-3
1
4
1
-3
0
-3
-9
-7
-3
2
3
3
1
-1
-4
-3
-2
0
1
4
4
0
0
1
0
0
2
6
0
-4
0
-3
-5
-3
-3
-1
3
7
4
4
2
-1
0
-2
-2
-1
-5
-4
-5
-6
-5
-4
-4
-5
-3
-4
1
5
-1
-4
-2
0
-2
3
3
5
10
7
1
3
9
6
3
5
4
1
0
-5
-5
3
6
4
3
6
4
2
-1
-1
-1
-2
1
0
2
5
7
6
1
1
0
-3
-1
1
1
-1
-1
-4
-3
-3
-3
-6
-4
3
2
0
2
2
0
-2
1
-3
-4
0
-1
-2
-3
-1
1
1
5
5
4
5
1
1
-2
-2
3
2
-2
2
6
4
3
-1
-3
1
3
-1
-3
5
4
-4
-2
1
0
1
2
-2
-5
0
0
-2
3
4
5
4
1
-3
-5
-3
-2
-1
-1
1
2
1
-2
1
2
-2
-5
-1
0
2
8
3
-4
-2
0
-2
-3
5
8
4
3
5
3
-1
-3
1
4
2
1
1
-1
-2
-1
-3
-4
3
10
0
-3
3
1
-1
0
0
0
-2
0
-4
-7
2
3
-1
1
0
-3
-3
-2
2
0
1
-1
-5
0
-2
-9
-5
-1
1
-2
2
6
3
4
1
1
-2
-5
-4
-6
2
10
7
0
1
0
-4
-2
8
9
4
4
1
-5
-7
-5
-2
-2
-6
-3
-1
-1
1
-2
-5
-7
-3
-2
-8
-5
2
-4
-12
-11
-6
-7
-6
2
1
-4
-5
-9
-13
-13
-7
-4
-3
-3
-6
-5
-10
-9
-3
-8
-8
-1
1
-4
-5
0
-5
-7
-2
4
1
-1
0
5
4
1
4
5
4
2
0
-1
-2
5
8
0
0
4
3
1
2
5
2
0
0
-4
-3
-3
-4
-3
1
1
-1
-3
-6
0
4
-1
-2
3
6
0
-1
4
-1
-2
0
0
2
2
-1
-2
0
1
1
1
6
3
0
2
7
5
1
3
2
0
2
7
4
1
4
2
-2
7
12
8
8
8
4
1
4
7
4
4
5
3
1
-2
0
1
0
-1
2
6
3
0
-3
3
-1
-5
-1
0
-1
-4
-3
-1
3
3
-1
-3
0
5
2
-8
-7
0
-4
-3
1
6
8
7
7
4
2
2
-1
-6
-6
-3
-6
-7
-3
2
4
3
3
0
-2
2
-1
3
6
3
-1
-2
1
4
6
11
9
7
6
4
8
7
5
3
6
10
7
8
8
9
4
1
2
3
6
9
7
2
1
-4
-6
-4
2
5
4
2
-3
-6
-3
0
0
4
6
3
-2
-3
-2
-2
0
-2
-7
-4
0
2
1
1
1
-2
-4
0
4
6
3
3
0
-4
0
-5
-5
-6
-9
-6
-3
3
7
7
-1
-4
-5
-6
-5
-1
2
-2
-2
-2
-6
-2
1
2
0
-1
1
0
-2
2
-2
-6
-2
0
-1
0
6
5
-2
-5
-8
-3
-2
-6
-4
0
0
-4
-5
-6
0
5
2
4
3
-1
-4
-7
-6
-3
0
-4
-1
0
-4
-11
-10
-5
0
1
1
2
0
0
-3
-2
0
1
1
0
0
1
5
4
3
2
1
-3
-2
4
5
6
6
5
0
-2
1
-1
-3
-1
-3
-4
-2
-3
-4
-3
-6
-4
-1
-1
-2
2
6
6
3
-1
-6
-3
-1
-2
-2
-1
1
-6
-9
-6
-5
-1
-1
-2
-2
-4
-3
2
1
2
2
2
2
1
1
1
0
6
6
1
0
-1
-2
-1
0
3
2
2
3
2
2
0
-5
-4
-1
-4
-2
-2
0
3
2
0
-2
-4
-6
-5
-1
-2
-1
-2
0
-3
1
1
-2
0
-1
2
-1
-3
-1
-3
-5
-2
-5
-3
-2
0
4
2
3
4
5
-1
-4
2
4
1
2
1
-3
1
1
0
2
2
0
1
-2
-2
-5
-3
-2
1
5
2
9
6
0
-1
-6
-3
3
5
7
2
3
8
4
-2
-2
4
0
-7
-1
3
5
6
3
3
4
-1
-2
0
0
3
1
-3
-4
0
-1
-2
-1
1
2
2
-1
-2
-2
-2
-3
-4
-3
0
-4
-3
1
-1
-4
-7
-8
-5
2
1
-2
-1
-4
-9
-5
-5
0
3
-4
-4
-3
1
0
0
0
-2
-2
-3
-6
-2
-1
1
4
1
3
3
0
-4
0
5
-1
-2
0
0
3
1
-2
1
2
1
2
0
1
-1
-6
-3
4
5
2
5
1
-1
-1
-1
-3
4
8
6
3
1
-2
1
1
2
4
5
5
-1
-1
-5
-5
2
-1
0
1
-2
-3
-4
-5
-5
3
5
-1
5
4
-5
-1
0
2
8
6
2
-2
-2
3
1
0
1
1
1
1
1
-2
4
5
-1
4
0
1
4
2
6
4
-1
4
3
-1
-1
0
2
-3
4
4
-1
4
0
0
1
-4
3
4
-1
0
-4
-4
-1
-3
-7
-3
2
-3
-3
1
3
-2
-10
-3
2
-2
-7
-3
0
-6
-9
-3
-3
1
-2
-12
-3
-2
-7
-5
-5
-2
1
-3
-12
-2
5
-7
-1
-5
-9
3
-3
-7
9
10
-1
6
-1
-4
7
6
-5
11
11
-2
2
-2
-1
0
5
5
3
13
5
-3
-2
-2
-1
0
4
-1
0
1
-10
-7
-3
2
5
0
1
-2
1
-1
-1
11
0
5
15
4
11
12
-2
1
2
-1
-6
5
6
-3
5
-4
-8
-2
-2
-1
8
8
1
10
4
-3
6
-1
1
7
-2
-3
3
4
3
6
-8
-1
-4
-17
7
11
0
7
-6
-21
-2
-5
-9
-6
-4
-13
-12
4
-4
0
6
-10
3
-5
-10
-7
-19
-8
-19
-4
-5
-5
9
-10
-11
-12
-19
-8
-8
-5
-2
-12
-8
-6
-8
-5
-5
-5
-8
-4
5
1
9
10
1
6
1
-4
5
9
1
3
7
-5
-14
-1
9
-11
2
-1
-14
7
0
-1
3
13
4
-11
17
7
1
19
-1
9
13
4
12
8
14
21
15
14
-1
4
0
-7
17
7
19
16
-1
1
8
5
-8
11
2
-1
13
-9
-2
11
-12
-8
5
5
14
11
-1
4
0
-8
-4
1
10
9
4
-1
-9
-2
-6
-9
0
0
2
7
5
1
3
2
-3
-10
3
4
14
19
9
8
9
15
11
10
13
1
0
1
-2
17
5
0
9
-14
-9
6
-7
-8
6
10
3
1
-9
-7
10
-5
-6
3
-4
-5
-1
-10
-4
5
-8
-7
5
-3
6
-1
-5
23
9
9
0
-16
7
-2
-7
7
-7
0
8
7
10
-2
2
-6
-2
5
-5
4
-11
-13
1
-8
-1
1
-14
-5
6
-7
-12
3
-4
-14
-8
-9
-3
10
3
3
17
8
7
14
3
15
27
14
14
17
19
11
19
13
8
29
19
26
20
3
20
7
-8
11
-12
-21
-4
-17
-21
0
-5
-27
1
-1
-31
4
-17
-35
11
3
-2
7
-3
-3
11
5
-14
1
1
-11
-3
-3
1
2
3
4
4
0
-5
-8
-13
-8
3
-4
-7
-2
-8
13
20
-4
-11
-8
-10
-15
-17
-23
-21
-4
-23
-25
-4
-7
-1
-10
-24
-8
0
-5
-2
5
3
-6
-10
-10
-15
-16
-17
-9
4
0
-5
-8
6
3
-5
-4
-5
-12
-24
5
-6
-15
-1
-8
-2
16
7
-3
5
-13
-9
5
-22
-12
13
-23
-20
2
-24
-18
30
-3
-20
33
-9
-40
3
-4
7
35
13
13
20
4
-4
23
14
-10
1
-7
-6
20
10
12
9
-17
-11
-3
20
30
31
24
-2
-2
-3
-23
1
18
9
12
-7
-21
-4
-19
-20
-10
-13
-15
-2
5
-1
-3
-20
-12
10
18
12
28
31
12
-3
-24
-24
-6
-21
-25
22
30
5
-10
11
-5
3
43
24
11
20
-15
-12
19
-16
-19
12
-14
-31
20
-5
-37
10
-15
-40
32
-5
-18
39
22
29
41
19
15
56
28
18
37
8
3
34
36
49
72
41
33
55
33
46
72
51
52
30
18
7
-4
2
0
2
-41
-67
-57
-48
-29
-12
-3
10
-11
-32
-15
9
36
39
-3
-25
-20
-50
-56
-20
9
-2
-25
-38
-37
-13
-4
7
12
-1
-32
-36
-24
-12
19
14
-22
-46
-50
-37
-44
-22
-2
-33
-18
17
27
1
-2
-1
-51
-35
-24
-46
-19
-52
-56
-49
-77
-52
-28
-21
4
-11
-30
-43
-50
-8
16
35
29
37
39
23
31
4
-26
-42
-51
-36
-15
-5
-1
-26
-70
-78
-83
-63
-22
-13
2
18
27
25
35
44
32
48
41
19
45
22
24
27
11
19
14
16
16
-1
-7
12
-19
-44
-22
-21
-12
23
17
-6
13
15
-30
-32
-2
-7
6
19
29
37
-1
-31
-10
-3
-17
-24
-12
-21
-32
-16
-31
-15
20
14
19
22
0
4
-4
-23
-42
-26
-32
-32
16
40
48
43
3
-57
-35
-8
10
65
58
29
40
51
41
49
58
61
89
88
68
94
89
62
97
92
54
51
24
27
48
23
-11
-25
-40
-61
-55
-73
-73
-24
-27
-64
-45
-49
-62
-27
-46
-39
-8
8
23
10
-3
-12
-1
-4
-7
16
10
-3
-39
-67
-74
-50
-42
-39
-57
-61
-37
-67
-27
4
1
-22
-19
-18
-44
-26
-36
-64
-26
0
-24
45
59
26
42
20
6
31
19
29
56
45
32
48
31
-33
3
-4
-5
35
2
-6
12
-10
-21
-3
-1
4
35
33
-1
10
9
0
12
-14
-42
-39
-16
-7
-21
-14
5
19
-4
-35
-26
-19
-37
-65
-37
7
3
9
3
-10
14
20
5
19
37
40
44
42
26
27
16
14
74
86
95
120
73
19
63
57
66
122
72
72
106
42
-6
1
-32
-45
3
18
44
85
38
-39
-38
-39
-23
46
32
32
62
23
-29
-78
-76
-45
-11
22
25
32
35
8
0
-19
-18
-2
12
42
28
31
27
2
-6
-23
-28
-27
-21
-20
-11
-15
-27
-4
0
-7
6
6
-15
-17
10
26
24
21
0
-8
-29
-70
-46
2
10
50
69
33
-43
-92
-76
-35
11
21
22
45
27
-11
-43
-64
-17
4
28
43
52
44
-12
-43
-53
-56
-63
-47
19
59
49
33
2
-47
-75
-70
-18
11
9
-6
-22
-15
-45
-25
17
59
111
75
34
14
2
0
-18
13
21
21
3
-34
-28
-15
-6
-4
-17
-39
-24
-34
-50
-30
-30
-39
-50
-53
-24
-2
15
-4
-44
-31
-5
-2
-41
-74
-43
-12
-15
-23
-35
-25
-9
5
-2
14
36
25
-2
-27
-12
16
-32
-78
-55
-38
-26
16
-2
-9
8
-2
-20
-24
-22
-20
27
39
48
40
3
-25
-27
-19
-4
24
54
39
29
20
8
8
-4
-10
-24
-6
-3
-11
-12
-28
-4
36
17
47
32
-22
-31
-52
-46
-28
-1
-3
17
72
56
59
49
-18
-26
3
-16
-2
32
9
-17
-53
-117
-101
-67
-81
-38
-22
-42
-40
-21
-30
-41
-18
-37
-12
16
-12
29
47
24
33
31
-33
-32
0
2
13
7
-17
27
67
14
17
44
0
25
20
-18
35
46
8
4
22
13
19
0
-31
-10
49
42
18
19
-7
-23
-7
-14
36
56
12
14
-18
-12
3
22
21
25
27
27
53
64
49
33
31
12
18
36
24
21
-15
-26
-3
-17
-7
-15
-30
-29
-37
-33
-22
-30
-54
-63
-41
-43
-23
14
46
61
26
-34
-60
-78
-59
15
39
19
4
-17
-41
-32
-23
0
35
27
-15
27
59
62
5
-48
-27
-11
-2
16
52
86
35
-26
-44
-39
19
68
84
16
-9
-9
2
67
73
-26
-12
14
15
8
-2
15
23
16
-4
22
55
-3
-42
4
-30
-2
42
42
26
6
-53
-36
24
37
37
3
-30
-62
-67
-77
-30
20
34
33
-2
-55
-55
-28
-21
-13
1
-26
-14
9
17
16
-32
-111
-89
-14
7
76
92
21
-16
-36
-64
-15
11
18
50
49
-61
-91
-12
0
-26
27
-2
17
25
-34
5
37
-7
-49
-17
-15
-1
40
29
1
99
44
10
70
-37
-23
-2
-9
58
84
27
-14
12
-16
-67
15
28
30
68
-3
-7
47
-7
-60
-44
-56
6
65
51
33
9
-42
-99
-95
-73
-24
44
57
30
34
-15
-75
-63
-44
-27
-24
-35
-9
26
26
-32
-50
-31
-76
-63
-29
10
87
76
-24
-35
-39
-58
-22
48
85
68
45
-36
-73
-14
-28
6
111
120
67
55
44
-13
-40
-92
-69
45
104
55
17
0
-66
-57
-9
-3
64
63
-43
-15
5
-54
10
-7
-49
8
51
56
74
71
-38
4
34
-76
-53
-55
-142
-41
21
8
61
6
-145
-113
-51
-94
-65
-44
-13
16
16
-29
-28
-46
-132
-90
28
48
34
8
-5
24
-14
-66
-28
65
104
93
108
69
-33
-106
-75
38
83
69
96
118
60
-70
-95
-27
39
65
100
94
54
13
-67
-64
30
-8
-96
-7
47
16
-14
-63
-94
-49
-14
-2
74
67
-37
-19
1
-22
-16
-8
44
103
81
-14
31
28
-28
7
78
94
29
-114
-151
-88
-38
28
90
125
16
-149
-205
-214
-116
-25
0
66
34
-79
-98
-52
-28
-44
-43
-7
24
65
38
23
13
-73
-102
18
89
108
171
196
143
34
-40
-18
32
53
68
95
82
54
-22
-92
-50
5
-10
42
120
42
0
-23
-102
-91
-42
-79
77
146
4
-71
-71
-76
16
58
-3
97
71
-186
-165
-19
-40
70
116
29
65
46
-29
95
132
49
63
115
36
-43
-97
-140
-12
99
128
165
115
-96
-178
-127
-80
28
165
123
25
-69
-194
-149
-30
15
119
173
74
0
-82
-134
-95
-18
54
153
189
77
19
21
-51
-58
30
43
92
135
49
22
10
-79
-77
19
-21
-75
-23
-22
-57
-56
-97
-101
-75
-105
20
204
148
-48
-156
-144
-46
4
-1
83
143
-21
-78
20
82
22
-84
-98
68
220
135
66
87
30
3
24
-2
-10
-87
-199
-66
152
136
42
-76
-189
-169
-151
-119
81
208
70
-104
-183
-236
-151
-16
54
230
235
-70
-207
-136
-90
-36
10
60
146
145
8
-9
9
-119
-181
-36
176
284
191
3
-90
-155
-166
5
254
293
84
-158
-228
-177
-102
19
187
228
47
-130
-144
-107
-91
-80
31
184
110
-94
-114
5
-69
-221
-71
220
215
-48
-158
-80
-86
-140
-12
328
469
58
-352
-337
-246
-156
125
536
616
89
-536
-583
-150
62
64
342
404
-50
-471
-461
-74
153
-58
-53
314
209
-211
-248
-54
-59
-204
-133
302
546
161
-193
-75
-68
-235
-81
360
611
280
-217
-254
-65
-87
-62
305
566
223
-315
-362
-23
50
-114
-18
185
140
-118
-227
17
136
-196
-311
110
349
75
-173
-234
-179
-98
-75
102
352
123
-321
-268
47
231
280
207
-33
-272
-391
-318
134
572
516
261
-71
-509
-509
-63
231
327
376
130
-238
-394
-394
-94
217
11
-67
257
185
-170
-317
-315
-163
26
116
345
482
33
-493
-500
-249
75
355
410
369
218
-146
-281
-54
190
334
317
185
82
-20
-143
-127
35
215
269
163
16
-109
-220
-275
-220
7
261
170
-192
-390
-343
-299
-172
9
150
203
-79
-478
-348
40
201
366
405
25
-376
-497
-388
161
760
732
325
-120
-593
-485
124
337
292
377
140
-334
-475
-351
-97
108
-122
-69
467
269
-482
-680
-386
-51
158
239
425
385
-321
-824
-342
284
435
272
91
137
93
-225
-145
342
450
169
2
70
203
122
-165
-113
254
351
135
8
-37
-197
-330
-277
-16
289
224
-196
-469
-428
-282
-59
155
119
-16
-106
-364
-496
-168
307
602
507
-70
-543
-417
-268
-63
700
1267
798
-250
-966
-598
342
462
69
449
680
-237
-959
-616
139
440
-152
-295
758
677
-914
-1395
-353
404
292
-37
207
563
-308
-1366
-523
881
848
82
-146
245
308
-413
-598
459
1052
400
-161
39
247
-92
-528
-119
752
728
-119
-486
-252
-159
-165
-28
209
253
-232
-689
-509
-205
-137
-96
-123
-181
-65
-16
-245
-403
-149
433
745
130
-617
-302
164
-55
141
945
1155
210
-1104
-967
627
1020
-139
-146
857
482
-806
-1076
-57
893
145
-873
140
997
-444
-1739
-843
694
863
-233
-648
241
304
-951
-906
697
1391
357
-803
-359
829
479
-696
-246
1071
997
-152
-546
217
671
-149
-589
526
1255
127
-1185
-803
425
569
-328
-546
216
291
-683
-1028
-61
664
-40
-882
-395
426
137
-630
-407
703
974
-340
-1276
-224
901
441
-33
523
806
-107
-1209
-682
1061
1316
-233
-639
468
527
-604
-980
-44
857
296
-582
-37
499
-556
-1477
-534
960
1022
-272
-1004
-330
213
-258
-364
439
840
95
-653
-197
668
427
-392
-103
936
996
-71
-713
-142
524
337
55
321
443
-263
-891
-332
580
532
-232
-527
-80
128
-341
-620
-215
149
-73
-331
-139
92
-70
-318
11
565
192
-659
-587
121
548
619
476
216
-213
-718
-388
669
879
115
-116
203
57
-401
-554
-78
520
216
-182
205
68
-862
-982
31
899
680
-277
-667
-170
-17
-413
-127
640
684
-110
-570
-1
563
103
-343
333
1025
468
-553
-532
349
581
-24
-38
588
406
-639
-900
42
661
133
-529
-237
265
-232
-900
-461
283
203
-327
-405
-14
77
-286
-185
579
528
-583
-920
-86
607
585
219
140
184
-394
-737
260
1057
339
-341
101
471
-64
-864
-729
431
749
-126
-203
237
-336
-1060
-572
606
1005
0
-941
-420
331
-79
-528
135
903
573
-447
-588
300
477
-238
-25
1005
1012
-202
-983
-234
855
579
-212
144
748
47
-909
-516
499
601
-257
-580
179
313
-681
-952
-10
562
49
-536
-334
139
0
-224
298
592
-357
-1143
-458
696
973
346
-95
114
-94
-722
-234
852
625
-253
-172
281
34
-689
-906
124
1058
270
-593
-186
-73
-746
-776
112
893
528
-655
-827
252
410
-471
-307
767
951
-106
-886
-186
706
227
-270
591
1234
230
-1023
-705
661
1001
21
-302
438
345
-725
-820
260
767
115
-587
-228
315
-314
-1017
-278
725
409
-468
-588
-121
22
-234
25
857
521
-1010
-1212
187
975
597
155
346
462
-515
-1197
59
1222
329
-472
278
726
-154
-1267
-1024
703
1225
-202
-575
269
-179
-1283
-938
547
1349
286
-1060
-454
584
-163
-933
41
1284
945
-580
-980
303
701
-323
-144
1193
1149
-356
-1195
-238
1007
491
-486
206
1006
53
-1049
-613
426
542
-301
-535
322
244
-946
-1005
86
575
83
-431
-151
202
-328
-470
567
735
-545
-962
-168
538
646
126
-48
433
-21
-850
-82
873
179
-515
5
467
107
-741
-859
448
1025
-193
-693
88
174
-577
-730
163
917
207
-880
-421
607
193
-751
-328
965
1072
-357
-946
242
796
-92
-246
757
1083
-7
-1061
-405
912
680
-231
29
484
-125
-787
-405
418
510
-285
-591
179
228
-697
-646
191
322
-253
-593
-191
202
-146
-232
574
708
-598
-1179
-88
785
607
170
175
418
-254
-1180
-305
1178
755
-480
-200
643
225
-933
-1118
311
1310
125
-804
53
322
-717
-1040
84
1236
725
-849
-932
402
416
-671
-346
988
1211
-120
-1143
-267
810
177
-321
660
1124
89
-978
-701
596
928
-55
-142
596
114
-826
-520
286
468
27
-485
-87
329
-559
-892
188
486
-271
-549
-187
177
-50
-521
143
1080
12
-1298
-422
710
552
143
120
556
419
-1006
-1169
785
1233
-291
-431
581
497
-604
-1454
-446
1416
837
-835
-311
440
-548
-1238
-388
1027
1237
-488
-1367
158
801
-416
-641
466
1120
418
-920
-660
747
425
-523
379
1262
499
-591
-834
84
942
270
-242
600
502
-740
-742
132
382
152
-254
-118
396
-360
-1197
-173
664
-26
-442
-102
104
-119
-606
-121
1138
475
-1380
-881
663
606
114
145
465
526
-768
-1500
451
1641
-28
-795
402
669
-318
-1309
-939
1040
1288
-655
-639
582
-179
-1324
-792
641
1344
42
-1334
-265
828
-233
-838
276
1166
686
-656
-814
541
590
-542
119
1303
720
-425
-769
-111
752
378
-156
605
704
-698
-1051
39
552
261
-145
-108
293
-384
-1314
-361
757
205
-445
-198
110
-99
-690
-303
1169
856
-1262
-1269
466
740
112
-10
397
744
-395
-1631
-51
1654
338
-911
123
886
65
-1243
-1271
634
1420
-259
-685
554
172
-1302
-1278
306
1533
619
-1029
-592
549
-140
-958
-20
1126
907
-341
-784
249
570
-393
-82
1212
978
-330
-821
-225
475
333
26
624
771
-478
-1037
5
624
140
-238
73
527
-153
-1225
-504
750
283
-559
-158
403
64
-765
-605
854
1030
-922
-1386
382
876
-33
-179
459
734
-287
-1498
-333
1536
642
-964
-204
878
159
-1118
-1145
440
1308
-86
-781
371
345
-1055
-1159
291
1349
570
-920
-659
468
40
-749
24
1031
795
-298
-740
153
623
-249
-231
929
813
-279
-568
-63
451
295
-114
384
732
-335
-987
-40
569
43
-303
-46
329
-54
-1055
-672
604
320
-637
-299
380
136
-571
-558
669
1193
-511
-1622
-156
878
223
-65
434
691
-67
-1369
-877
1182
1197
-545
-486
682
345
-802
-1090
8
1216
478
-728
-114
347
-734
-1191
-105
1040
918
-381
-877
-23
105
-482
3
880
808
31
-647
-327
399
120
-44
930
1035
-122
-592
-254
160
386
218
353
680
-89
-1029
-396
507
236
-138
62
296
2
-868
-916
256
512
-397
-479
135
54
-549
-672
266
1182
240
-1285
-770
457
264
-53
478
861
332
-929
-1292
316
1388
224
-546
319
481
-522
-1088
-543
707
923
-225
-331
403
-288
-1283
-703
546
985
282
-596
-344
43
-521
-531
539
1021
476
-326
-575
-74
106
-61
645
1261
455
-433
-446
-137
200
258
311
711
380
-689
-739
148
355
20
15
232
201
-487
-1021
-242
476
-81
-399
128
253
-306
-775
-284
906
780
-796
-1026
158
305
-67
374
872
598
-570
-1467
-307
1298
711
-359
141
502
-335
-1095
-841
387
1026
64
-430
244
-89
-1170
-998
233
1047
623
-409
-490
-48
-384
-547
344
1032
679
-174
-588
-173
86
-118
434
1289
824
-233
-522
-286
11
175
320
762
601
-577
-1103
-254
369
160
101
365
303
-451
-1177
-617
443
255
-365
-69
296
-146
-738
-467
718
1119
-198
-1126
-334
268
-4
224
905
964
-49
-1326
-1049
577
997
137
103
518
-87
-1012
-1062
-53
990
650
-207
-64
-62
-931
-1169
-168
894
976
110
-494
-304
-342
-552
45
870
927
351
-341
-469
-138
-69
199
1047
1121
171
-452
-502
-325
78
426
732
808
9
-970
-805
-67
116
115
309
309
-165
-885
-925
-35
388
-28
-143
108
-77
-592
-698
104
1114
800
-492
-800
-201
-72
29
678
1145
737
-506
-1479
-768
683
832
293
433
346
-572
-1245
-948
202
1056
533
-158
-58
-438
-1226
-956
193
1024
884
-23
-527
-417
-541
-467
387
1087
925
175
-510
-446
-114
-26
554
1310
902
-132
-627
-561
-104
319
463
761
651
-415
-1147
-657
46
253
267
301
173
-517
-1263
-834
209
341
-10
83
171
-270
-800
-456
786
1143
-127
-884
-172
196
-31
340
1030
988
-170
-1412
-903
726
954
146
293
564
-366
-1338
-1115
218
1182
468
-429
-99
-169
-1166
-1164
191
1180
794
-287
-580
-120
-275
-565
204
1127
891
-104
-540
-90
136
-146
289
1185
854
-297
-713
-329
100
173
255
805
730
-524
-1234
-515
258
248
131
283
267
-483
-1304
-737
454
410
-196
-35
193
-250
-713
-276
884
980
-507
-1055
104
548
71
327
978
652
-765
-1643
-414
1324
964
-145
174
314
-918
-1729
-805
993
1470
127
-613
-115
-488
-1487
-889
932
1621
496
-773
-619
-126
-509
-404
868
1536
649
-594
-723
30
209
-73
639
1551
748
-741
-881
-75
284
102
260
787
403
-895
-1264
-161
565
99
-138
306
153
-862
-1267
-318
642
399
-229
-62
258
-244
-595
256
1000
161
-925
-529
490
619
210
419
749
-224
-1566
-907
1036
1427
244
-303
-40
-452
-1520
-1332
726
1922
560
-907
-760
-477
-988
-1036
459
1989
1153
-1002
-1353
-281
-50
-161
666
1592
1101
-658
-1422
-257
702
431
571
1301
915
-576
-1350
-440
830
721
127
464
420
-820
-1507
-545
732
729
-72
-149
94
-696
-1472
-635
685
832
96
-376
-136
-75
-540
-63
1205
840
-731
-973
-82
540
640
574
768
416
-1206
-1803
108
1619
899
97
138
-292
-1387
-1912
-475
1751
1633
-266
-851
-515
-1066
-1528
-340
1615
2020
189
-1383
-921
-243
-408
149
1558
1888
395
-1253
-1140
97
548
493
1158
1444
187
-1242
-1186
-18
705
519
436
644
-27
-1369
-1459
-99
713
338
10
110
-242
-1141
-1313
-264
734
604
-8
-21
163
-143
-268
208
352
-158
-416
-24
607
877
593
182
-291
-981
-942
283
1259
969
177
-403
-932
-1423
-1254
105
1563
1390
-8
-1015
-1278
-1259
-890
263
1679
1722
55
-1333
-1271
-609
56
863
1593
1491
129
-1319
-1219
-30
730
1004
1341
1131
-63
-1232
-1169
-59
810
918
756
454
-321
-1253
-1253
-126
772
718
367
-31
-617
-1078
-993
-285
580
759
279
15
-85
-225
37
190
-281
-413
53
412
673
789
499
-11
-850
-1461
-507
1083
1281
588
92
-548
-1343
-1715
-1013
813
1871
917
-446
-1095
-1522
-1598
-754
892
2190
1491
-628
-1618
-1165
-661
58
1288
2026
1394
-388
-1639
-981
275
670
1073
1611
969
-595
-1471
-982
217
892
772
666
462
-621
-1603
-1071
136
690
566
189
-164
-670
-1244
-933
177
750
561
307
90
1
25
-215
-459
-320
-145
226
913
1100
732
139
-919
-1572
-760
540
1248
1355
624
-654
-1558
-1942
-1422
371
1860
1651
453
-986
-2126
-2167
-1121
532
2103
2172
474
-1288
-1953
-1593
-433
1095
2223
2134
552
-1263
-1706
-898
218
1338
2067
1733
286
-1307
-1692
-678
503
1099
1278
955
-118
-1320
-1527
-649
376
804
620
140
-442
-1059
-1241
-589
312
692
638
475
259
70
-219
-755
-915
-321
517
1132
1345
983
110
-1056
-1853
-1228
474
1669
1760
1106
-122
-1568
-2501
-2055
-70
1888
2223
1236
-303
-1979
-2898
-2195
-116
2083
2730
1386
-515
-1789
-2221
-1474
341
2110
2628
1438
-476
-1498
-1309
-593
547
1852
2225
1121
-524
-1384
-1057
-257
443
1096
1321
552
-687
-1267
-924
-245
292
563
529
43
-709
-1071
-791
-317
44
422
703
593
273
1
-422
-1008
-1195
-507
804
1779
1729
888
-304
-1635
-2169
-1045
848
2008
1942
884
-610
-1933
-2538
-1762
314
2095
2225
1008
-701
-2242
-2858
-1959
225
2227
2441
1029
-641
-1728
-1964
-1189
370
1895
2219
1086
-256
-874
-1029
-697
361
1533
1872
1133
-68
-673
-533
-335
-31
648
1029
589
-105
-423
-438
-469
-529
-271
259
410
72
-221
-406
-697
-832
-477
234
771
881
681
135
-903
-1777
-1411
58
1466
2083
1762
496
-1325
-2557
-2020
16
1831
2293
1637
319
-1360
-2594
-2282
-493
1343
2071
1652
444
-1130
-2402
-2476
-1011
1000
1973
1524
449
-673
-1511
-1509
-567
714
1447
1177
482
53
-267
-568
-337
413
899
780
478
356
271
-33
-274
-77
229
193
92
253
338
-53
-567
-628
-306
-107
-98
47
147
-245
-766
-737
-297
10
60
209
523
488
-114
-719
-854
-652
-256
441
1248
1536
845
-507
-1474
-1346
-464
494
1268
1577
1009
-394
-1745
-1962
-956
286
997
1192
899
-71
-1358
-1929
-1231
7
682
729
624
297
-361
-836
-652
76
634
520
189
227
360
293
299
497
589
347
-93
-179
322
755
678
428
199
-180
-611
-702
-281
278
477
283
-72
-541
-971
-1013
-581
2
291
123
-199
-441
-646
-634
-214
321
619
619
328
-157
-623
-824
-426
505
1307
1527
1098
41
-1057
-1367
-766
275
1169
1415
921
-106
-1227
-1664
-1102
-150
605
915
632
-137
-1012
-1472
-1114
-227
414
587
591
419
-29
-438
-419
62
509
497
350
466
571
389
206
342
537
396
37
-18
312
471
235
19
0
-140
-481
-633
-348
17
-27
-312
-341
-206
-306
-520
-511
-303
-174
-223
-168
113
235
8
-139
43
347
640
806
571
25
-514
-648
-152
694
1397
1606
935
-475
-1599
-1635
-824
240
1115
1430
847
-576
-1942
-2095
-1105
9
681
932
737
-46
-1008
-1322
-660
209
523
493
650
784
527
124
179
570
533
24
-77
424
821
797
736
743
320
-621
-1222
-793
18
356
362
377
4
-956
-1707
-1458
-603
-43
93
290
367
-211
-1054
-1153
-449
214
401
570
799
582
-8
-84
677
1306
860
-136
-610
-478
-236
198
1194
2048
1489
-436
-2003
-2064
-1265
-570
301
1483
1819
254
-2013
-2742
-1638
-466
39
700
1583
1306
-467
-1794
-1161
208
527
261
754
1592
1349
254
-73
668
850
-146
-812
-20
1056
1091
534
505
538
-454
-1898
-2005
-680
414
442
184
79
-463
-1559
-2078
-1264
18
561
464
380
247
-219
-633
-372
306
631
627
848
1148
1230
1189
1004
345
-674
-1346
-923
193
1161
1739
1882
877
-1217
-2823
-2617
-1356
-342
297
1079
1301
-87
-2035
-2409
-1291
-415
-272
264
1361
1367
-94
-937
32
1050
639
-28
639
1672
1317
177
325
1272
851
-700
-955
362
1006
134
-356
419
638
-824
-2039
-1344
-244
-535
-1175
-452
607
64
-1220
-1016
261
356
-676
-638
607
1000
98
-94
1169
1807
708
82
1318
2168
737
-1031
-838
215
46
-599
450
2242
1594
-1185
-2500
-1534
-1063
-2030
-1855
419
1782
62
-2152
-1684
-132
-526
-1612
-591
1516
1349
-729
-916
1310
2269
695
-333
910
1818
478
-746
555
2376
1656
-346
-507
628
276
-1216
-1156
525
952
-648
-1717
-929
-315
-1272
-2032
-1035
134
-334
-1187
-467
945
795
-537
-700
306
461
-262
-29
1467
2256
1402
847
1846
2439
936
-910
-1000
-290
-502
-900
312
2214
1830
-667
-2057
-1564
-1492
-2534
-2504
-515
881
-304
-1887
-1162
336
-112
-1304
-794
668
466
-1088
-806
1700
2943
1745
843
1550
1731
124
-1103
126
2003
1717
342
475
1298
508
-1238
-1511
-252
61
-1251
-1857
-756
-98
-1046
-1844
-1100
-227
-819
-1698
-962
550
759
-125
-97
910
975
-2
-130
1014
1782
1263
854
1874
2964
2226
526
-180
-329
-1065
-1718
-996
877
1915
777
-789
-1147
-1393
-2446
-2950
-1972
-583
-432
-1430
-1580
-248
424
-245
-404
285
371
-532
-1094
-2
1840
2367
1937
2220
2613
1780
489
117
646
810
73
-334
380
909
451
6
102
-92
-1135
-2299
-2468
-1733
-1245
-1310
-1085
-436
-308
-867
-1073
-517
51
15
-369
-281
393
770
768
1273
2044
2062
1416
900
1071
1860
2228
1511
620
-39
-1009
-1685
-1369
-260
1008
1072
-404
-1570
-1863
-2348
-2722
-2153
-1197
-593
-999
-1895
-1441
-37
383
410
819
700
-34
-777
-767
723
2422
2717
2595
2705
2151
1223
659
437
641
524
-380
-779
-224
103
62
96
38
-401
-1451
-2613
-2711
-1874
-1440
-1490
-1119
-462
-296
-477
-322
354
854
417
-364
-289
338
594
817
1583
2361
2436
1892
1485
1895
2340
1531
79
-656
-1107
-1663
-1633
-731
650
1260
-35
-1566
-1728
-1855
-2662
-2754
-1981
-1275
-1285
-1898
-1488
380
1367
987
983
1016
256
-605
-834
176
1951
2540
2217
2512
2694
2110
1543
1109
776
271
-925
-1782
-1216
-300
104
379
495
147
-869
-2245
-2714
-2047
-1633
-1813
-1676
-972
-330
-244
-90
807
1512
1014
-15
-411
4
472
503
766
1650
2099
1755
1539
1943
2732
2934
1475
-496
-1344
-1900
-2440
-1897
-511
973
1330
-346
-1700
-1255
-1282
-2198
-2293
-1961
-1799
-1982
-2559
-1538
1215
2288
1734
1760
1358
234
-506
-829
199
1890
1662
998
1737
2118
2057
2351
1992
1457
643
-1440
-2589
-1687
-974
-605
-16
-5
-90
-382
-1455
-1536
-665
-1065
-2049
-2309
-2249
-1528
-437
207
1363
2432
1599
285
45
140
529
824
442
599
963
479
799
2218
3129
3613
2953
442
-1410
-1909
-2496
-2255
-1148
-350
394
-11
-1477
-1022
305
-334
-1329
-1732
-2413
-2665
-2904
-2759
-180
2348
2168
1847
2014
1256
704
342
121
1107
1117
-397
-244
889
1418
2524
3127
2457
1754
263
-1691
-2091
-1731
-1578
-1144
-1125
-1180
-366
-128
-508
21
260
-746
-1831
-2489
-2353
-1423
-838
-325
867
1587
1312
1078
1180
1484
1632
752
-351
-462
-438
-390
597
1892
3037
3674
2502
451
-573
-1191
-1855
-1975
-1784
-1136
-514
-1248
-1649
-202
667
1
-573
-1056
-1568
-2016
-2868
-2577
-523
651
669
1260
1802
1905
1921
1357
1156
1590
711
-616
-463
114
643
1436
1693
1852
2010
1073
-85
-514
-902
-1307
-1631
-2054
-1770
-927
-784
-811
-184
232
-46
-611
-1062
-1031
-891
-1116
-1091
-452
239
611
961
1437
1736
1706
1225
506
218
225
22
146
729
1178
1683
1965
1212
227
-199
-762
-1329
-1422
-1251
-765
-723
-1455
-1317
-368
-349
-689
-547
-643
-968
-1489
-2030
-1355
-71
230
514
1264
1337
1200
1236
1113
1422
1547
671
146
216
45
384
1041
1123
1220
1158
399
-261
-605
-829
-687
-860
-1399
-1225
-813
-1017
-1050
-441
35
-44
-484
-783
-593
-454
-680
-617
-32
423
455
453
733
1197
1419
1087
619
573
461
89
190
593
979
1564
1639
740
-52
-398
-895
-1160
-1085
-874
-390
-535
-1407
-1252
-316
-211
-491
-552
-679
-796
-1258
-1874
-1231
45
249
263
842
1089
1143
1187
1058
1344
1375
386
-197
45
171
562
1078
1004
877
746
181
-313
-478
-489
-429
-739
-1282
-1197
-746
-754
-844
-439
32
-26
-478
-607
-266
-164
-441
-629
-368
189
348
294
772
1218
1035
653
310
234
416
255
93
531
898
977
1203
944
207
-104
-498
-1010
-867
-721
-674
-371
-711
-1130
-484
-73
-456
-518
-442
-569
-808
-1441
-1351
-78
332
-25
542
1145
1061
928
805
1083
1392
547
-215
171
237
55
532
846
862
755
191
-130
-85
-366
-414
-243
-682
-1020
-755
-743
-950
-694
-203
52
-108
-451
-361
-44
-205
-515
-317
78
89
2
319
698
777
713
477
302
361
185
58
348
498
762
1341
1102
220
-102
-364
-757
-670
-658
-525
0
-438
-1185
-560
53
-246
-375
-439
-510
-501
-1230
-1587
-365
342
-98
181
734
791
935
852
926
1455
856
-283
-96
271
128
468
776
665
580
233
-110
6
2
-94
2
-322
-840
-781
-561
-667
-693
-352
-84
-315
-611
-392
16
107
-94
-233
6
64
-305
-68
610
596
399
416
159
134
273
18
240
751
554
724
1337
804
-25
-185
-614
-783
-490
-721
-494
59
-691
-1099
-130
93
-238
-92
-384
-650
-668
-1395
-1241
152
207
-198
482
522
185
581
745
1041
1388
501
-24
472
59
-221
578
594
106
108
-60
-13
241
21
222
472
-358
-823
-393
-428
-697
-597
-434
-269
-426
-663
-117
364
104
37
127
-39
-63
-108
-1
462
378
115
384
247
-55
266
311
170
485
490
617
1278
932
52
-48
-408
-786
-444
-576
-492
230
-433
-1246
-333
102
-323
-136
-285
-460
-185
-1046
-1326
203
239
-607
122
291
-88
530
668
951
1685
652
-173
595
85
-471
600
659
58
191
-143
-115
417
-66
14
698
-222
-952
-356
-450
-747
-525
-634
-408
-140
-655
-317
550
178
-131
81
-261
-296
-54
-208
177
466
6
164
369
-46
267
576
55
159
441
245
829
1206
431
216
101
-617
-382
-137
-509
83
15
-1261
-892
3
-357
-162
140
-274
-143
-684
-1653
-498
431
-408
-54
561
-48
148
476
492
1393
1081
-201
282
463
-411
236
907
406
369
124
-116
676
564
-23
649
311
-999
-826
-456
-638
-388
-438
-540
-130
-452
-685
225
462
-32
-9
-212
-548
-368
-408
-211
461
286
-90
98
-50
-32
458
317
129
429
222
204
988
1236
863
466
-299
-627
-249
-600
-679
281
55
-942
-713
-232
-153
-51
-400
-422
-38
-932
-1604
-408
196
-293
42
338
177
421
348
614
1479
848
-148
338
249
-431
181
718
478
406
117
139
794
528
91
674
290
-933
-833
-365
-560
-601
-594
-623
-422
-564
-570
219
498
-59
-145
-6
-357
-388
41
133
103
102
-177
-202
153
256
429
680
296
66
481
432
435
1328
1504
550
-110
-499
-536
-143
-482
-582
237
-271
-1422
-839
-6
-57
15
-205
-555
-436
-970
-1310
-218
167
-269
273
437
-23
485
941
921
1114
603
34
375
157
-213
616
934
228
58
144
285
683
416
81
358
-109
-998
-806
-345
-412
-571
-821
-953
-711
-624
-509
111
461
221
-48
-242
-227
-10
15
-7
118
145
38
-5
202
550
612
401
260
235
276
375
480
823
1217
762
-144
-423
-434
-421
-408
-649
-509
-365
-1100
-1284
-376
-5
-138
-149
-407
-467
-384
-794
-580
271
94
-190
252
129
120
723
719
775
961
308
179
658
315
269
810
508
106
257
237
479
699
87
-73
159
-567
-938
-433
-444
-672
-821
-1146
-950
-563
-663
-373
264
211
-45
-6
-87
95
374
63
-16
249
125
100
309
483
838
821
284
150
315
260
222
360
714
1067
664
-171
-274
-169
-507
-683
-776
-818
-678
-990
-1196
-521
-107
-276
-194
-211
-282
-25
-210
-436
60
142
-213
3
15
-6
606
671
494
891
757
376
586
474
394
793
457
-76
147
169
24
267
123
-53
197
-198
-742
-538
-520
-791
-822
-981
-909
-475
-582
-664
-38
308
102
3
10
176
392
136
31
465
418
3
49
237
389
526
282
167
449
350
161
429
537
518
833
748
117
-144
-233
-457
-585
-939
-984
-453
-723
-1367
-795
21
-24
-193
-150
94
275
-368
-795
76
428
-302
-238
268
222
268
287
449
1107
948
302
710
914
331
461
639
189
98
1
-231
60
17
-301
150
174
-588
-543
-217
-569
-785
-789
-884
-739
-819
-1017
-434
139
12
107
448
336
184
188
96
204
298
45
-28
228
287
235
342
366
334
391
246
75
402
634
321
330
668
499
38
-265
-459
-397
-457
-874
-658
-184
-594
-846
-284
-82
-235
-119
-87
-11
17
-472
-510
97
-10
-230
333
442
153
413
600
699
877
498
300
642
299
-67
471
562
62
-9
-23
-101
40
-83
-141
203
0
-513
-404
-296
-626
-716
-645
-732
-714
-750
-796
-509
-246
-243
-66
226
261
282
368
301
322
441
286
175
356
423
361
348
313
361
434
248
75
214
264
111
161
420
629
533
93
-218
-266
-382
-583
-599
-396
-377
-696
-815
-519
-247
-148
-101
-108
-81
-97
-295
-221
163
215
174
300
167
109
375
466
582
778
560
349
388
173
137
506
433
132
97
-81
-184
-20
-88
-87
137
-104
-470
-391
-348
-474
-537
-749
-931
-865
-942
-945
-508
-174
-135
-32
83
213
479
590
578
709
666
302
116
222
325
440
458
302
301
349
169
128
291
191
-35
-99
-175
-62
337
403
84
-145
-432
-678
-614
-644
-545
-176
-363
-827
-662
-334
-253
-123
-50
61
212
-92
-333
160
462
209
237
370
318
380
350
421
771
583
95
191
293
123
287
467
317
91
-233
-389
-192
-177
-228
-1
-98
-524
-560
-357
-292
-333
-460
-523
-553
-769
-773
-330
-65
-113
-21
167
270
338
452
693
808
548
311
280
180
145
250
263
263
235
83
75
151
118
145
67
-215
-273
-110
-60
70
318
257
-105
-462
-675
-573
-412
-487
-385
-239
-532
-714
-391
-24
174
229
201
235
123
-178
-42
392
338
98
138
120
80
210
371
632
673
240
34
201
142
142
395
295
-31
-210
-354
-286
-102
-163
-123
0
-301
-546
-334
-223
-243
-207
-352
-437
-360
-474
-409
-26
64
-3
84
101
198
460
514
469
540
395
138
98
90
126
204
83
3
128
166
168
276
378
323
55
-192
-290
-321
-295
-233
-108
70
-48
-384
-373
-229
-267
-156
-49
-94
-42
-200
-465
-187
117
-22
30
157
25
73
44
-142
173
395
119
206
346
175
335
407
195
341
320
-41
55
151
-70
71
73
-262
-169
-137
-358
-219
-172
-350
-168
-120
-353
-182
-23
-196
-131
-41
-130
12
36
-148
11
111
-38
32
152
178
278
266
189
300
319
184
225
256
160
65
-127
-193
-66
-110
-163
-79
-73
-66
-82
-203
-174
-73
-160
-193
-49
103
313
376
148
84
77
-160
-183
-90
-87
43
-64
-352
-167
54
-87
35
235
158
198
59
-192
126
295
-29
58
141
-169
-152
-102
-166
96
81
-263
-114
-2
-166
111
293
102
139
63
-158
-15
1
-105
133
131
-121
37
111
-82
-22
13
-67
-16
-136
-231
32
77
-118
-22
82
0
39
85
109
226
108
-134
-115
-88
-130
-66
-72
-118
-101
-179
-209
-41
97
106
77
65
105
144
90
90
189
167
71
83
198
261
146
3
-43
-70
-154
-225
-158
-68
-141
-250
-176
-60
-101
-117
-14
28
-1
-93
-161
-22
46
-59
44
143
-12
-29
93
133
249
290
169
240
207
-12
131
259
45
-6
-3
-133
-57
-49
-188
-27
29
-243
-204
-43
-152
-107
-85
-239
-71
-34
-241
-51
70
-118
-54
34
-69
78
132
-15
151
180
-60
11
85
-23
108
138
24
126
21
-176
-9
61
-47
0
0
-71
-43
-121
-169
9
-15
-140
-51
5
8
77
-4
-51
52
-58
-128
-9
-17
-10
61
-13
25
163
87
99
190
84
76
81
-73
-10
107
12
45
78
-58
29
110
9
121
131
-144
-168
-111
-221
-108
-30
-186
-102
-76
-276
-155
-3
-73
75
127
-70
48
108
-35
156
264
102
120
44
-85
94
147
-1
49
44
-117
-103
-71
-46
126
68
-157
-93
-50
-96
-15
1
-1
17
-132
-197
-65
-42
-73
-63
-100
-104
-95
-111
-3
128
127
139
142
124
215
279
304
354
217
23
21
-3
-33
5
-7
-47
-100
-205
-182
-42
-37
-13
65
-8
-98
-113
-60
44
32
-110
-129
-113
-218
-181
-44
21
44
-19
-94
-32
47
48
161
226
141
95
65
92
174
194
131
120
103
50
101
95
55
82
-13
-183
-239
-213
-163
-53
-48
-113
-103
-177
-278
-201
-65
9
59
40
-52
-95
-86
-44
33
104
149
131
71
15
2
41
88
119
134
131
107
76
92
73
46
90
107
100
49
-44
-23
80
16
-178
-203
-109
-39
-87
-213
-93
74
-119
-295
-130
-24
-27
-37
-81
120
242
-113
-263
95
314
193
19
-115
-20
208
107
35
114
-55
-142
-27
51
130
203
87
-21
31
-41
16
173
90
32
35
-90
-122
28
-26
-58
35
-95
-153
-50
-5
-33
-50
-190
-241
99
114
-128
-100
-77
-19
109
90
2
129
213
58
41
46
42
87
25
-79
-70
59
37
-42
-39
-40
20
62
-9
-46
59
-8
-178
-122
-75
85
126
-97
-91
-7
15
-34
-49
7
55
125
12
-54
12
-2
-40
-18
100
84
3
-68
-146
-49
93
98
35
-46
-129
-94
17
72
93
25
-111
-233
-194
4
97
85
14
-88
-24
86
70
105
166
128
79
76
76
23
-59
-87
-19
39
-61
-126
-80
-112
-158
-84
23
56
-8
-140
-128
62
108
31
23
-9
-16
-40
-97
0
147
116
-19
-50
-27
65
124
-10
-48
9
-25
-20
11
44
123
112
5
-26
38
94
92
55
5
35
83
-42
-155
-176
-95
80
44
-42
1
-42
-129
-128
-16
101
127
-35
-174
-71
11
36
61
28
-49
-70
-33
-6
89
113
9
-9
-11
0
116
151
44
-24
-20
12
88
105
10
15
55
-12
6
69
36
22
-40
-160
-162
-126
-135
-133
-150
-98
1
-44
-118
-76
41
101
86
47
13
33
42
22
71
60
12
79
18
-17
112
90
20
-49
-77
27
135
109
-20
-27
-9
-44
-37
-6
69
45
-60
-97
-48
30
19
2
-28
-58
-28
-22
-7
-55
-93
-85
-103
-26
33
113
170
60
-12
-34
-15
53
67
31
-12
-27
-66
-104
-76
-7
30
30
7
8
49
25
-1
-16
-18
10
-4
-5
10
11
-23
-33
11
28
0
-25
31
70
55
2
-61
-70
-136
-159
-45
4
-8
-35
-49
-31
-13
35
98
123
57
31
50
24
29
-14
-50
-33
-57
-35
-18
-1
-14
-18
31
7
57
91
61
38
-27
-47
-37
-22
-41
-42
7
26
91
118
59
9
-54
-71
-30
1
22
4
-76
-159
-129
-29
8
47
79
85
78
24
26
85
79
25
-37
-58
-13
3
23
15
-17
-30
-51
-37
9
87
111
93
64
4
-6
-4
9
16
36
42
-28
-35
-43
-53
-21
-24
11
34
22
-28
-98
-103
-90
-56
-33
-30
19
-3
-53
-30
3
55
75
39
34
39
-2
-20
26
53
39
34
13
2
17
13
12
68
77
35
41
15
32
50
-9
-63
-73
-66
-93
-80
-52
-56
-40
-55
-68
-34
-48
-58
-37
-8
32
21
-2
-9
-22
10
19
21
54
15
1
1
-25
-21
2
30
12
-14
-9
6
23
26
17
9
-5
4
32
32
43
38
3
0
6
5
33
35
7
6
-21
-84
-101
-66
-41
-22
-23
-61
-87
-68
-40
-12
4
21
29
40
26
5
41
51
66
57
14
15
28
35
37
66
84
59
28
-5
15
72
69
27
6
-26
-41
-44
-77
-35
-15
-29
-32
-62
-40
-8
6
17
6
0
-18
-13
-4
7
27
25
14
11
12
32
61
48
48
51
22
22
11
-14
17
17
-9
4
10
-4
-9
-5
-28
-38
-42
-66
-48
-33
-14
10
-8
-26
-43
-19
30
26
14
0
2
10
-37
-29
1
-18
-13
1
21
22
11
-15
-39
-8
-14
-9
36
21
12
32
24
18
1
-24
-2
40
37
10
36
30
8
43
41
38
30
-15
-38
-21
-7
-16
-16
-38
-56
-34
-32
11
40
-1
-21
-26
-31
-24
4
15
2
23
-13
-37
-3
-27
-29
-6
5
7
18
17
10
37
1
-8
36
10
16
27
25
37
13
-34
-54
-32
-12
10
53
29
19
20
-42
-34
-2
-25
-20
-20
-30
-18
9
1
-23
18
25
27
33
15
8
-13
-40
-43
-28
-17
-21
-18
-14
-26
-17
-18
7
42
43
23
11
-3
-10
7
0
9
22
6
-19
-20
-3
20
45
22
-1
1
-13
-18
-9
13
11
-16
-29
-32
-20
-18
-33
-15
-7
-12
-15
-11
2
-2
-11
-13
4
8
-17
-29
-16
4
22
2
-7
24
9
2
17
19
24
6
-1
14
21
21
8
26
22
-1
14
11
9
2
-30
-19
-7
-26
-23
-28
-26
-16
-25
-34
-7
22
18
16
20
-16
-19
-14
-48
-7
5
-6
20
3
-11
7
24
4
13
30
-1
11
7
-22
-12
-13
-16
14
32
17
11
15
-4
1
13
-8
12
12
-28
-44
-24
-9
8
18
-11
-25
-28
-45
-33
1
13
4
-4
-18
-20
15
1
14
36
20
30
21
7
20
41
52
66
76
51
28
25
8
23
22
24
28
6
-10
-35
-33
-25
-37
-33
-24
-14
-33
-45
-28
-25
-13
-28
-28
2
10
2
7
12
15
1
-1
17
22
26
4
13
15
12
19
8
0
-4
-8
-4
6
9
16
18
6
8
10
4
2
0
5
-2
-3
-21
-38
-28
-22
-10
-8
-7
-8
0
13
7
4
6
9
2
-12
-21
-7
10
6
-4
2
11
15
13
17
21
22
14
11
13
11
9
1
-3
-1
-5
-10
-12
-14
7
16
9
5
-17
-9
-4
1
11
11
5
-10
-12
-22
-13
7
0
-17
-19
-12
-13
4
20
17
20
-1
-11
4
11
12
4
-3
-5
-7
0
-9
1
11
-9
-4
0
2
-5
-14
-9
-1
1
-18
-21
-10
3
27
32
24
26
18
5
5
2
-7
7
6
6
-5
-7
-12
-7
6
-11
-9
-11
-22
-22
-23
-30
-22
-17
-17
-15
-5
-15
-17
-5
-4
6
10
-4
-6
-16
-15
-2
5
-3
-13
-7
-2
-1
6
5
14
15
5
7
1
-4
-3
-12
-10
-2
3
-7
-17
-14
-6
3
2
7
9
0
-1
1
0
4
11
8
5
5
-1
-1
7
4
9
13
3
10
13
15
17
10
-1
-3
0
12
7
0
2
2
3
-19
-25
-11
-3
0
-8
-7
2
-6
-13
-12
-3
-3
-9
-1
9
18
18
-2
5
-4
-13
-2
7
16
7
4
-5
-2
6
12
12
4
-2
2
0
10
12
13
5
-3
-5
-17
-8
-11
-10
-13
-22
-21
-16
-10
-16
-13
-8
-10
-9
-15
-5
-2
-3
-9
-7
8
18
15
2
2
1
10
15
17
24
12
12
4
-1
6
-5
0
-3
-7
-14
-7
5
5
4
-2
2
6
7
2
-3
3
8
0
-5
-6
-11
-20
-14
-4
-4
4
0
1
7
7
5
4
4
-3
-2
-5
-6
-3
-7
-10
-4
-4
-6
-9
-8
-3
-6
1
3
7
4
-1
10
9
4
-3
-2
12
2
2
2
4
5
-1
7
6
0
-3
-3
1
5
3
6
-1
-5
-5
-5
5
12
13
13
8
-4
-6
-7
0
0
-2
3
1
-5
-14
-12
-4
5
7
-2
-4
5
2
-1
6
7
8
9
0
5
7
0
4
1
5
-1
8
8
-1
7
-2
2
-7
-7
-2
1
7
1
0
-7
-11
-12
-9
4
5
1
-8
-13
-16
-16
-3
-1
-7
-6
-15
-11
-4
3
-1
-8
2
-7
-9
-6
-1
13
15
2
-7
2
11
7
-2
-1
5
12
9
4
12
9
14
11
9
9
5
0
-10
-6
6
15
15
1
0
3
-2
-3
-5
-5
-9
1
2
-5
4
8
4
-5
-7
3
10
10
5
-6
-6
-10
-11
1
-4
-7
-7
-5
-10
-10
-7
-2
-7
-5
0
4
4
3
2
2
7
9
11
10
13
3
7
4
-3
-4
-7
-3
0
14
8
5
2
0
-2
-9
-8
0
2
-2
1
7
9
6
0
5
11
6
3
-4
5
2
-6
-3
-2
6
5
4
11
6
5
4
-2
-3
5
9
9
4
-4
-2
-1
-5
1
1
6
-3
6
-1
-3
2
6
2
-8
0
-1
-3
-10
-6
-10
-4
-10
-9
5
4
2
-4
-9
-3
-4
-3
-5
1
7
3
4
2
1
-5
-6
-9
-2
7
6
2
-1
1
2
-3
-8
-5
-1
-10
-14
-2
-4
0
3
-6
2
4
4
5
7
10
3
2
-2
10
17
9
0
2
-1
3
1
2
1
7
10
4
10
0
7
1
1
1
-7
-4
-7
3
4
8
-1
1
0
-5
-5
-13
-2
-5
1
-5
2
5
0
-5
-4
2
11
-4
1
7
2
-1
-7
-5
-7
-8
2
-3
1
4
-4
-9
-9
-7
-1
4
5
3
0
-2
-3
-4
2
-2
-9
-12
-7
0
-3
1
-4
-6
-1
-2
1
-1
-4
-7
-11
-3
-15
2
5
5
-2
-9
-14
-12
-12
-10
7
6
3
-1
0
4
4
-1
-11
-3
-5
-5
0
-11
0
-3
0
-12
-3
6
2
9
-2
11
-2
1
-2
-5
7
-9
6
-7
-1
-5
-10
-2
-6
1
0
8
11
5
8
9
0
4
-4
-6
7
12
8
-1
-3
-1
2
-1
3
-6
1
-6
-9
0
1
19
2
4
-2
6
1
-20
-5
-5
8
7
-1
5
0
10
2
-2
-9
4
9
5
2
-1
6
5
3
1
4
6
17
10
2
1
7
8
5
1
8
-1
5
-1
-2
-1
-3
2
-2
3
5
6
1
-3
20
2
5
-4
-6
3
4
8
-2
-3
-6
-5
-3
-6
-7
7
12
5
1
-1
10
12
10
-3
-2
3
2
1
-5
-5
-1
24
-11
-16
-19
4
5
-2
-7
-15
20
12
10
-1
-9
-2
10
11
0
0
2
8
5
-2
-14
-7
15
10
5
3
-6
-8
-2
-12
-6
-3
-1
-13
-2
13
-10
-26
-25
2
9
7
-20
-27
2
9
6
-11
-19
0
7
7
-12
-7
-13
-14
10
-13
1
-4
11
13
-13
3
0
6
8
-1
0
2
8
-14
0
-4
-11
-3
-2
7
12
19
-5
-20
-3
10
28
9
-12
-3
-2
5
-11
-5
1
9
14
7
-6
2
-8
-10
16
7
9
-5
-11
12
-1
-4
-19
-14
-1
0
6
-8
-4
2
8
-9
-7
-14
-12
-6
-9
2
0
-10
-3
-13
-3
-6
1
24
3
-18
-24
-17
16
20
11
-1
-7
7
11
7
-8
-8
-22
10
10
-3
0
-5
28
11
-12
-8
-28
17
48
11
-3
-41
27
83
5
-25
-72
23
77
41
6
-101
-42
43
49
70
-37
-78
13
12
66
-12
-49
-2
-37
59
10
-24
13
-16
41
-3
-44
-29
-26
45
48
-2
-42
-70
-17
92
48
-3
-52
-51
66
7
16
-43
-49
53
18
51
-13
-31
11
-10
11
-12
-38
30
13
17
3
-28
27
4
1
-7
-33
32
23
10
10
-42
-23
-12
29
40
1
-9
-51
-16
46
16
-18
-74
-25
33
28
12
-16
6
-2
-33
-22
-15
31
38
-18
-42
-33
-12
23
3
-10
-12
-15
39
33
24
-31
-65
-2
29
61
18
-48
-22
-14
25
15
-9
-25
-43
-15
16
33
38
11
-24
-17
-7
14
32
8
-9
-24
-1
19
4
23
-3
-5
-6
-7
16
-1
-3
-13
-13
8
7
1
-1
6
26
15
-23
-17
5
30
48
-14
-24
-25
6
42
-7
-4
-41
-2
24
3
1
-37
-14
10
24
5
-22
-16
-6
26
32
4
-34
-27
8
8
5
-2
-24
-6
2
2
5
-5
1
-1
8
10
9
-7
-1
7
3
2
-2
5
14
3
0
-19
-7
8
-17
4
0
11
35
6
-3
-22
-26
15
8
14
14
-13
-6
-17
3
22
-10
2
-30
-12
14
2
17
-17
-10
1
-10
7
-7
-4
3
-9
11
9
-10
-13
-10
14
31
23
-13
-41
-35
-5
19
23
9
-19
-8
0
6
9
1
15
1
-7
-3
-8
12
-3
13
12
-8
13
8
33
25
-9
-24
-39
-8
18
29
13
-13
-1
1
1
-6
-16
-5
-6
21
15
-14
-23
-27
7
6
-4
-2
10
19
14
5
-8
-18
-20
-8
0
10
8
-11
-9
-5
3
11
2
7
4
15
10
-14
-2
-20
6
23
-3
1
-15
6
6
-5
5
-9
-3
-4
0
21
-7
-6
1
-6
7
-3
3
-4
-1
13
14
13
13
5
-15
-7
-4
-15
-5
-5
4
11
1
-7
-17
16
11
0
8
-26
-8
7
6
19
-14
-16
-5
22
28
-19
-22
-17
1
17
-5
10
16
-1
3
-13
-11
-2
0
5
-2
9
5
-9
7
-2
-4
2
5
8
3
-11
-11
3
4
-2
-11
-11
19
33
13
-22
-33
-7
4
31
17
-9
-1
-11
19
17
-10
-11
-35
3
13
10
20
-10
12
-2
-11
8
-13
-2
-4
-10
-7
-18
5
9
2
-6
-27
2
18
17
3
-21
-27
-5
28
31
-1
-33
-26
-1
26
20
-9
-24
-11
14
31
7
-20
-29
-10
15
11
4
-12
-12
14
8
7
-2
-7
10
0
0
-13
-10
6
-1
6
-13
-15
8
0
16
8
-7
10
-9
8
-3
-2
11
-14
11
-4
-4
11
-10
-1
-12
-12
8
7
18
-1
-14
4
-3
11
1
-15
-10
-7
14
13
0
8
2
1
7
-5
-6
-1
7
15
-10
-13
-6
0
23
6
-1
-5
-8
7
-2
-2
5
3
10
0
-5
-1
-16
-2
0
-2
11
-9
-10
-21
-17
13
-8
1
-12
-21
-3
-16
20
4
-15
-6
-23
6
1
-3
10
-13
-2
-8
-11
9
-8
-1
-7
-13
3
-12
-2
0
-5
8
-3
11
7
-4
7
-12
-12
-4
0
11
4
5
2
-2
15
4
3
3
-7
11
7
-6
-5
-12
4
10
6
4
-8
-1
5
0
20
2
-5
7
-6
11
-1
-5
2
-15
9
7
13
17
-19
0
7
12
21
-6
-1
-6
-12
7
-1
10
-3
-13
1
-5
18
13
2
8
-5
-1
-3
-3
1
4
1
3
2
8
16
7
6
-8
-11
2
9
14
-4
-16
-5
-3
15
5
-8
-7
-8
7
17
10
-6
-18
-6
3
5
7
-12
-2
0
2
12
-1
2
2
2
0
-2
4
-2
-2
5
-5
0
1
-2
11
10
8
-2
-9
-1
-1
10
-1
-8
-3
-10
12
11
2
-2
-19
-11
-4
15
11
-7
-7
-20
-8
6
10
10
-2
-6
-7
0
7
7
3
1
-1
1
6
7
7
-11
-19
-10
-1
11
3
-7
-13
-5
8
4
-2
-10
-1
3
6
5
-2
-2
-4
4
0
1
1
0
0
-2
0
3
7
10
-4
-11
-10
-7
9
3
7
3
-10
-9
-8
-1
3
-4
-2
0
8
7
-3
3
-6
-7
2
1
7
-2
-5
4
6
7
-2
-9
0
6
6
-1
-5
6
-9
-4
-3
1
7
-6
-1
-2
4
2
1
4
-3
-4
-4
-1
7
10
-6
-11
-8
-2
10
7
9
0
-8
2
-2
0
-3
0
12
3
-3
-12
-4
13
8
2
-8
-7
-4
1
1
1
-1
-11
-2
13
16
8
-1
2
1
0
1
0
3
3
-3
-3
0
2
10
10
7
0
-7
-2
0
2
-7
-4
2
8
9
-1
-4
-5
-1
8
3
2
1
0
5
0
5
-1
1
4
1
4
-4
-2
6
-4
1
0
-3
-1
-13
4
4
7
9
-6
-7
-6
-1
13
3
2
-7
-9
7
8
10
-1
-11
-3
-2
11
6
-2
3
-6
3
3
6
3
-3
0
0
1
9
2
0
-1
6
8
5
1
0
0
-1
0
0
2
0
6
-1
-6
-4
-3
0
-3
0
-5
-4
-1
-4
0
-3
-2
-8
-4
-6
-6
5
4
9
5
-5
-5
-6
-2
-4
2
4
-2
1
-1
-3
1
1
6
1
-1
1
1
1
-4
-5
-8
-8
-1
5
-3
-3
-5
-4
1
-2
-4
-5
0
2
2
5
-2
1
2
1
-1
-1
0
-1
1
-6
-3
2
5
8
6
5
-1
-7
-4
0
1
-2
-1
-2
-4
-4
-3
5
6
7
0
-3
-6
-4
-4
-6
3
1
-2
-4
-2
0
-1
0
5
6
4
6
-1
-2
-4
-4
6
2
0
-1
-4
2
-5
-6
-1
-6
1
0
-1
1
0
2
1
-3
-2
-3
-2
3
1
4
-1
-4
1
-2
1
-4
-2
-4
-5
1
2
2
0
-3
1
-3
-6
-3
0
2
5
1
-4
-1
-2
2
-2
1
-2
2
9
-1
0
-5
-6
-2
-1
3
6
7
4
3
0
0
2
1
5
6
3
-5
-5
1
0
7
0
-1
5
2
4
7
3
1
-4
-4
-2
1
10
6
7
2
-6
-4
-3
-1
-5
-5
-4
-2
2
-1
2
1
0
-4
1
2
4
5
0
-2
-7
-2
0
-1
4
-2
-2
1
5
7
0
-1
-4
-2
-2
1
2
-3
-5
-4
0
-1
-2
-4
-1
1
3
2
-3
-2
-2
0
-2
0
2
0
-2
-1
1
-3
-2
-1
6
6
5
3
6
8
4
2
0
-1
2
0
2
0
-6
-5
-6
4
8
3
2
1
1
-2
-2
-1
-1
-3
0
2
8
4
-1
-2
-8
-2
2
0
-5
-8
-3
7
9
4
-3
-6
-5
-5
2
6
2
0
-2
-4
-3
-3
1
6
5
7
-1
-3
-2
-3
4
3
-1
1
8
2
0
0
-2
-5
-4
-3
-5
-1
-6
-4
-2
-3
-2
-3
-3
-1
0
1
-2
-2
-2
2
3
0
2
2
5
2
2
2
3
7
2
0
1
2
-1
-1
-1
0
-1
-2
-2
-6
-3
-1
-1
4
2
4
0
-4
-1
-4
1
-5
-3
0
-1
5
2
3
4
2
0
1
2
5
0
-2
-2
0
8
4
0
0
-2
6
7
1
-6
-10
-7
3
9
7
5
-1
1
-1
1
2
-2
0
0
3
-1
2
5
-2
0
-3
-10
-3
-3
0
1
3
1
3
5
-4
-1
-1
-3
2
6
5
2
1
-2
-3
2
3
3
1
-7
-6
0
6
9
-1
-7
-8
-2
2
3
3
0
-12
-15
1
19
14
-13
-19
-9
12
21
4
-6
-6
-1
3
-3
-4
-2
1
1
-8
-7
2
5
5
-5
-12
-11
-8
6
9
2
-8
-14
-2
11
19
13
-8
-12
1
17
16
-2
-14
-8
3
7
2
-2
4
3
-6
-7
-5
4
18
12
-4
-2
0
2
6
4
7
3
2
-2
-2
13
10
5
-2
-11
0
1
-1
-1
-3
4
0
-9
-9
-9
7
9
2
-5
-5
3
5
4
2
0
1
2
-6
0
3
1
1
-8
0
2
6
5
2
3
-5
-6
-6
-7
0
-1
-7
-7
-4
4
5
-4
-8
-2
3
4
-1
-3
-4
-4
-4
-4
5
2
-4
-4
-7
-2
-2
-6
-4
1
4
1
-9
-7
-5
4
8
-2
-2
-2
0
-2
-5
-4
1
1
-2
-8
-4
2
3
10
4
-3
-3
-8
-1
0
9
9
-3
-10
-12
0
4
7
10
7
4
-5
-9
-6
7
7
-1
-12
-12
5
0
3
-3
-4
-1
-6
-5
-7
2
3
5
1
-4
2
3
5
5
11
2
-3
-2
-6
-2
3
-2
-9
-3
6
6
9
2
-2
2
-4
-4
-4
0
2
1
0
-6
-5
-3
-3
0
3
2
1
0
1
2
-1
-10
-8
0
8
13
6
-1
-5
-2
0
0
0
1
5
3
-5
-8
2
-3
-4
-1
-5
3
2
3
1
2
-2
-6
-4
0
3
3
2
-5
-4
-1
1
-1
-5
1
6
6
-2
-3
-1
1
2
-1
-2
4
2
1
4
3
3
0
1
-4
-4
-1
-2
-3
-2
1
6
4
-6
-5
-2
1
2
-1
1
1
0
-2
-3
2
6
8
2
-2
2
1
-2
-5
-4
4
1
2
0
-1
2
-2
0
-2
1
4
1
1
2
3
6
3
0
-4
-7
1
4
6
6
2
1
-6
-5
1
5
4
-1
1
2
3
3
-3
-3
2
1
2
3
5
6
0
-1
1
4
6
0
-3
-3
-3
3
0
-3
0
0
0
0
-3
4
3
1
2
1
2
-3
-1
-4
-5
-1
-1
1
3
1
3
1
-2
-1
0
2
-1
-2
-1
2
2
-4
-7
1
0
4
5
2
4
1
-3
-7
-1
4
4
5
2
-1
-3
-5
-4
-1
-1
-3
-1
1
-1
-2
1
3
3
3
0
-3
-1
-2
0
5
2
2
1
1
1
-2
-1
-2
-5
-4
-4
0
5
7
6
1
-3
-3
-4
-3
-3
-1
1
-2
-4
-1
0
-1
-3
-4
-4
-1
4
5
6
4
-3
-4
-1
2
5
6
3
3
1
2
3
5
3
-3
-4
-5
-3
-1
1
2
0
-3
-4
-4
-2
3
0
-2
-3
-5
-6
-2
4
3
-1
-5
-4
-2
0
1
5
6
0
1
4
4
2
2
0
-3
-2
-2
-3
0
2
-1
0
0
0
-1
0
-2
-7
-5
-1
1
5
1
-1
0
1
3
4
1
-1
2
0
-6
-3
-1
2
0
-3
-7
-5
-1
1
1
0
0
1
2
4
7
4
4
-1
-3
0
7
5
8
4
-2
-4
0
0
4
5
1
-1
1
4
4
2
-2
-1
1
1
-1
-1
-4
-4
-3
-4
0
-1
0
-1
-3
-1
-3
-1
-2
0
0
-5
-4
-2
-1
-3
-1
0
-1
-1
-2
-1
1
3
-1
-8
-8
-6
-4
1
0
-2
-3
-4
-2
-2
-1
-2
-2
-5
-2
1
4
6
1
-3
-5
-4
4
2
1
0
-4
-2
-2
0
4
4
-1
-3
-3
-2
-3
-1
2
2
-2
-4
-1
1
1
1
2
-1
-2
-2
1
5
6
4
0
-1
1
-3
-7
-5
-1
1
2
2
2
4
3
2
1
2
1
3
9
13
9
5
3
3
4
4
5
7
8
1
1
-1
0
2
2
4
4
2
-1
-1
-3
0
3
1
0
2
0
-3
0
-1
0
0
3
2
2
-2
-1
3
3
0
2
1
-3
2
0
-2
2
0
-2
-1
-1
-3
3
4
1
4
2
-1
-4
-3
-3
0
2
1
-1
0
0
3
4
3
3
-6
-8
-5
1
1
1
2
-3
1
2
0
-2
2
1
-1
0
-2
-3
-6
-6
-3
1
4
3
2
-3
-4
-2
-4
-5
-6
-3
-2
2
1
-2
2
-2
0
-1
-1
-1
-2
0
-2
-4
-2
0
-1
-6
-4
-5
-6
-4
-3
0
-1
1
-3
-1
-4
-2
-6
-8
-4
-7
-2
-1
2
0
0
-1
-6
-5
-5
-1
-1
3
3
-1
-3
-3
-3
0
-1
2
7
5
2
-4
-3
-3
-1
-2
-1
3
1
-2
-5
-4
-2
-1
4
6
4
5
0
2
2
-2
-2
-2
0
-1
1
0
1
-2
-5
-5
-3
4
2
1
-4
-3
-2
0
0
1
5
3
8
9
6
2
2
5
3
3
2
6
9
4
4
6
7
4
6
11
8
4
1
4
6
7
4
2
4
1
5
1
1
-1
0
1
-2
5
6
7
3
-1
-1
-2
1
1
5
3
-2
-6
-3
0
2
12
6
6
5
0
-4
-3
1
-3
0
-1
1
3
3
-3
-3
1
3
1
1
2
5
5
3
-1
-2
-2
1
1
4
6
2
5
2
2
-3
-3
-1
-5
1
3
-1
-2
-4
-6
-5
0
-1
0
1
0
-1
-8
-2
-2
0
2
-1
-2
-4
-2
-5
-6
-5
-4
1
2
0
-4
-4
-3
-1
-3
-7
-5
-5
-5
-4
-1
-2
-6
-5
-9
-5
-2
-3
0
-1
3
0
-1
-6
1
3
1
3
-1
4
-4
-1
2
5
6
0
1
-4
1
0
-1
3
-3
-3
-5
-4
0
1
1
-1
0
1
2
2
1
1
0
1
-2
0
3
1
2
-1
-2
-3
5
2
0
0
-5
-2
1
3
0
1
-8
-21
-12
8
14
-1
-9
-8
-5
-5
-6
-1
-1
0
-6
-8
-2
3
4
0
-3
-8
-2
1
4
4
2
-3
-5
-2
4
5
3
3
3
-2
4
9
3
-3
0
3
2
9
3
0
7
-2
-10
-1
10
5
4
2
-8
3
9
9
3
10
0
-8
5
10
6
6
6
0
-4
-2
-3
4
10
6
-1
-7
-3
-1
-1
2
3
0
-1
-5
1
5
3
-1
-5
-6
-5
-1
-1
4
0
-6
-6
0
4
1
2
-1
-4
-5
-7
-3
3
2
-5
-9
-1
3
4
-4
-5
-1
-2
-6
-5
2
8
3
-6
-7
-4
2
2
2
7
3
1
-7
-4
0
2
7
-1
1
-3
2
-3
-5
-3
-3
2
0
4
-4
2
2
-2
0
-1
4
5
1
0
2
0
-4
-1
1
3
8
3
-2
-1
0
-2
2
2
1
1
-5
-7
-4
1
0
-1
-1
-8
-10
-5
1
5
7
5
3
-3
-2
-1
0
6
1
0
1
-2
-8
-3
4
3
-2
-7
-11
-7
1
3
2
-1
-6
-3
-1
2
0
-3
-4
2
5
4
9
6
6
2
2
-1
1
3
0
4
3
6
1
2
2
3
5
4
3
0
-3
-4
1
7
6
10
9
5
5
5
1
-1
2
1
2
5
2
1
-2
-10
-12
-11
-3
-3
-3
-3
1
-3
-8
-6
-6
-6
-10
-7
-7
1
-1
1
-4
-9
-5
-6
0
-3
-2
-8
-5
-4
-1
-1
-3
0
-5
-6
-7
2
3
2
-4
-5
-5
-8
-5
-2
4
4
5
0
-4
0
1
-2
-3
1
5
4
0
-2
-2
0
3
0
-2
4
4
5
8
7
8
6
5
3
9
8
6
4
2
2
5
6
2
6
5
5
1
3
4
3
-1
-2
-2
-2
1
5
2
-1
-7
-6
-2
-3
-4
-8
-4
-3
-1
-1
-2
-7
-11
-12
-4
0
0
-5
-4
-3
-5
-3
-1
0
-1
-3
-1
1
2
3
-3
-1
2
3
3
5
1
-3
-3
-1
2
5
4
-4
-5
-4
-4
1
3
2
2
0
-2
2
3
1
2
3
-1
-1
1
4
6
5
4
2
0
4
5
-1
0
-1
3
2
2
2
2
1
-1
3
3
0
-1
0
2
-1
-6
-8
-5
-8
-4
-4
-2
-2
-2
-2
-3
0
-4
-3
-1
-1
1
4
7
2
3
3
2
5
6
9
7
0
0
-1
-3
-3
-1
-3
-5
-4
-3
-2
-5
2
0
1
-1
-5
-6
-4
4
0
-2
-7
-1
-5
-2
2
2
5
-4
-2
-2
3
4
4
6
-1
1
-3
0
8
10
4
2
5
0
0
-1
3
1
-1
-1
1
9
4
3
0
-2
3
1
2
0
2
2
2
4
2
3
-2
0
2
4
6
3
0
-4
0
0
3
2
1
4
4
-1
-5
-6
-4
2
4
1
3
3
-3
-4
-2
1
-1
1
2
4
3
2
1
0
-3
-5
-1
0
4
3
0
-2
-1
-1
-6
2
5
5
0
0
3
4
7
1
1
3
4
7
7
4
1
-2
-4
-3
-3
1
2
1
-2
-2
-2
-4
-6
-3
-3
1
4
2
-2
-2
-4
-6
-7
-6
-2
0
3
-1
0
-6
-4
1
2
1
0
0
-4
-2
-2
-6
-1
-3
0
1
0
3
1
0
-2
1
0
1
0
-5
-3
-4
-2
-3
-3
1
0
-1
-1
-3
-3
-4
-2
-2
0
0
-1
0
0
-3
-4
1
3
4
1
-2
0
1
3
2
1
0
0
-1
1
1
1
4
4
6
8
5
-1
6
3
2
3
2
0
-3
-4
-7
1
5
3
4
8
3
-2
1
2
3
3
-1
2
5
4
5
-2
1
0
-3
-4
-4
-1
-1
2
2
0
-2
-5
-7
-7
-4
-2
-1
1
0
-4
-4
-7
-8
-4
-2
1
1
2
3
1
0
-2
-1
3
1
-4
-1
-2
-6
-6
-4
-2
-2
-5
-6
-6
-5
-2
-1
3
3
0
0
-3
-5
-5
-2
-2
0
-1
-1
-1
1
1
2
1
-2
1
0
3
2
0
0
-3
-2
-2
-1
0
3
2
4
2
0
1
-1
2
5
4
3
2
2
2
3
1
-1
1
4
1
3
4
1
3
6
5
4
1
1
-2
0
-3
0
6
2
-1
-2
-1
1
0
3
2
4
-1
-2
0
3
2
-1
2
-3
-2
1
0
-3
3
4
2
5
3
2
3
2
1
0
4
3
3
5
3
3
0
-2
1
1
2
2
-1
-2
1
7
6
2
2
-2
-6
-4
-3
-1
-1
1
-1
0
2
-1
1
-2
-6
-5
-3
-3
-1
2
2
0
-1
-4
-5
-4
-4
-4
1
0
-1
-4
-11
-9
-5
2
0
-1
-3
-5
-5
-7
-5
-4
0
-4
-2
1
-1
-1
-2
-5
-3
2
1
2
5
2
2
-2
-5
-3
-3
-1
3
4
0
-4
-7
-6
-5
-1
1
0
1
-2
-1
-4
-5
-6
-9
-8
-2
1
0
-2
-1
-3
-5
-7
-4
-4
-1
0
-2
-4
-2
-2
0
3
1
1
3
-1
-6
-3
-1
-2
5
5
5
4
3
1
-1
2
-1
3
3
1
0
3
1
-4
1
0
1
2
7
5
3
-1
-3
-1
-3
0
0
3
1
-1
1
0
4
2
1
3
2
3
2
2
3
1
-3
-2
-1
0
-1
-1
0
-1
3
7
6
4
0
2
2
1
3
0
0
3
3
5
8
2
0
-6
-5
-3
-2
2
0
1
-1
-3
-4
0
2
0
1
0
2
3
1
0
-2
-2
1
1
3
4
2
4
-1
1
0
-5
-6
-7
-2
-1
-4
-2
-2
0
-1
1
-1
0
0
-1
2
-2
10
8
6
3
1
3
2
5
-1
0
-1
0
-2
-1
3
3
4
0
5
2
3
1
-3
-1
-1
4
5
7
5
0
2
1
-4
-3
-3
-3
5
5
4
3
1
-1
-4
-3
0
5
7
1
-1
-4
-4
1
-2
-1
-1
4
1
-1
1
2
-3
-1
0
-4
4
0
6
3
-1
2
-6
-5
-7
0
1
-1
-2
-2
-3
-3
-1
2
3
4
-3
-9
-3
-1
1
2
0
4
2
2
-3
0
-5
-7
2
0
3
-1
-5
-7
-1
-5
-6
2
5
6
2
3
-4
-2
2
-4
-2
-7
0
7
2
3
-2
-1
-6
-8
0
-3
1
7
2
1
2
1
-2
-4
2
-3
1
1
-3
2
3
-3
-5
0
3
2
1
3
-4
6
-1
-1
6
2
2
6
0
-1
-4
-6
1
-4
8
3
2
6
3
8
-1
0
-2
-6
3
6
9
4
-2
-1
1
-4
6
3
6
2
-10
-7
-12
10
11
-4
3
-7
3
9
-5
0
-3
6
-3
-5
11
-3
3
-3
-6
9
9
4
-2
-3
3
-5
-2
7
-1
9
2
-14
-1
0
3
4
-10
4
-10
12
13
-8
11
-12
1
0
-8
3
-8
11
-5
-8
8
0
7
4
-3
-2
0
-8
-7
-4
3
7
-5
4
-8
2
5
-12
12
0
7
1
-10
2
-6
1
2
-8
1
-10
-2
3
0
9
-1
2
-1
-5
4
0
5
-3
-10
-2
1
1
0
-4
0
6
-2
0
-8
-1
-10
-6
3
-5
3
-5
-3
1
-1
0
-3
-1
2
-1
-1
1
-2
1
-9
-4
5
1
8
-3
4
-3
-5
0
-6
1
1
-1
2
1
3
7
2
-2
-2
-1
4
-2
7
3
-2
7
-4
6
2
-1
3
-3
2
4
8
5
-5
-2
-3
-1
0
-5
-1
3
-3
-4
-1
2
-3
-8
2
7
6
8
1
3
-2
-7
5
4
6
1
1
2
-5
5
-8
-7
-4
-5
4
3
6
1
4
1
-7
1
0
-1
-3
-2
1
3
4
-2
-2
-4
-3
-3
0
9
2
7
-2
-10
2
-2
0
-4
-4
2
-2
3
-2
-1
3
-2
6
1
0
3
-3
-3
1
2
1
0
-3
2
-4
3
0
-4
8
2
1
-8
-9
-1
4
9
-1
0
1
-6
-2
0
0
0
-3
-4
-3
3
5
-3
-11
-3
1
9
9
0
1
-6
-2
-3
2
7
-1
2
-4
-5
1
7
3
2
0
1
5
3
4
4
4
1
4
5
5
3
-1
-1
3
-5
-9
3
3
6
-1
-7
1
1
-2
-4
6
6
-4
-3
-9
-3
2
1
6
5
4
-4
-5
-1
-3
8
5
3
1
-1
1
-4
2
-2
1
1
-1
4
1
0
-2
-10
-9
-4
7
6
0
-5
-7
5
6
6
3
3
6
-1
2
4
1
-2
-3
-3
-1
9
10
-3
-6
-10
-5
0
0
-1
2
0
-3
7
8
0
-8
-8
-8
-2
2
-1
5
-2
-1
5
4
2
-6
-3
-5
-4
3
0
3
-2
2
1
3
6
-2
-3
-8
2
-1
1
2
-1
2
0
0
2
5
-2
-1
1
6
5
3
-1
-4
2
0
1
1
-1
-6
-7
0
1
-1
-3
-3
-2
0
-2
-3
-6
-6
-4
-7
0
-2
-3
-6
0
1
-1
3
-1
1
-2
0
2
4
1
-3
2
-1
-6
-7
-4
-2
0
-2
-3
-1
2
-2
-1
2
-1
-2
-1
0
-1
-1
-1
2
5
4
0
-3
-3
4
4
2
-3
-3
0
3
3
1
-2
1
3
-1
5
4
-2
-3
-6
-3
0
4
-1
-6
-3
-4
-1
-2
-2
0
0
1
5
6
0
1
-4
-4
-1
5
4
-3
-3
-5
-4
-2
-4
-4
-3
-4
-5
-1
1
3
3
-4
-8
-10
-6
0
1
1
0
-2
-4
1
2
4
3
-2
-4
-5
2
1
0
2
3
4
2
1
-1
1
4
3
6
10
1
-2
-3
1
3
-1
-1
-5
-3
0
2
5
2
1
0
-3
1
6
8
3
-4
-3
2
7
9
1
1
5
0
0
2
2
-2
-7
-6
-4
0
4
4
1
4
1
4
6
5
6
5
4
3
8
7
3
3
1
0
3
7
7
6
1
-4
-4
-3
-4
-2
-1
-2
0
1
-5
-5
-5
-5
-1
-1
0
0
4
3
5
4
-2
-4
-7
-2
2
9
6
1
-2
-6
-1
1
3
-3
-4
-8
-7
-1
-2
-2
-4
-6
-5
0
0
-2
-1
-5
0
6
0
-3
-1
-3
2
7
5
5
-3
-7
-9
-4
-5
-8
-2
-4
-5
-3
-3
-2
-3
1
0
0
-2
-4
-5
2
3
5
5
0
3
4
3
3
1
1
-4
-3
-2
1
4
-2
0
-2
-2
-4
-1
3
7
4
2
6
6
6
1
4
4
0
-4
1
3
2
5
4
1
4
0
-4
-1
-2
0
0
-2
0
3
-2
-1
4
1
2
5
7
1
-1
1
4
3
-4
-3
-3
-4
-8
-7
-2
-1
2
-2
-4
-5
-7
-4
1
3
-1
-1
-1
-1
1
1
-1
-1
-1
-4
-2
1
1
2
-1
-2
1
-3
-1
0
-1
1
2
2
-4
2
3
5
2
-2
-1
0
4
4
5
4
0
-4
-9
1
0
-1
-5
-3
-2
-3
1
1
2
-4
-4
-4
0
4
6
1
-3
0
4
3
4
-1
1
1
-4
0
-2
0
1
4
4
3
2
2
3
0
1
1
7
9
6
4
7
8
-1
-3
-3
-2
2
2
4
0
0
-1
-1
-1
2
1
-4
-4
-2
0
1
-1
-3
-4
-1
1
4
1
-3
-3
-5
-2
0
2
3
-3
-4
-2
-1
2
-1
0
0
0
-4
-7
-2
-3
3
2
2
-2
-4
-4
-3
6
2
0
-6
-3
-5
-2
2
5
2
-4
0
1
2
-1
-1
-2
1
0
-1
3
4
2
0
1
-1
1
0
0
1
-3
-6
-8
-7
-3
0
0
0
-1
-5
-6
-4
4
6
7
5
2
1
-3
-5
1
6
5
1
3
0
1
-2
-2
-3
-1
0
-4
3
2
3
-1
-2
1
2
2
1
2
-3
-3
-2
2
2
2
-1
-1
-2
2
4
0
2
4
2
1
0
4
2
2
2
4
5
3
3
3
4
1
1
-2
5
4
0
1
-2
-1
6
8
2
1
-1
0
0
-1
0
-4
-1
0
2
1
3
4
0
0
-2
4
2
4
3
2
2
-4
-2
2
7
5
4
1
-1
2
2
3
-1
2
2
2
2
2
3
-5
-6
-7
-5
-2
-2
-3
-4
-2
-2
0
-1
1
0
2
3
2
0
-2
-1
-4
-1
0
-1
-1
-6
-5
-3
-3
-7
-2
-3
-2
1
3
0
1
0
-1
-1
-1
2
-2
4
4
3
2
-1
-1
-2
-2
-2
-1
-1
-4
-4
1
0
1
3
4
2
3
1
0
2
1
-1
2
1
-3
-5
-3
-3
-4
1
2
1
0
0
1
3
7
2
1
0
-6
-8
-1
2
1
1
5
7
5
0
-3
0
0
-2
-1
-1
2
2
-3
-1
3
5
1
-1
0
-3
-8
-8
-6
-2
-1
2
-1
2
-1
-1
1
0
0
2
1
0
-1
-5
-4
-4
-1
2
5
3
-1
-6
0
1
-2
-5
-5
-6
-6
-2
0
5
2
-1
-1
1
-1
-3
-3
-2
3
3
-1
1
7
2
0
-1
4
7
7
6
4
1
-1
-2
-1
1
-4
-4
-5
-3
2
1
-1
2
2
-1
0
0
0
-2
-2
-3
-1
4
3
2
3
3
3
2
1
-3
-2
0
3
2
1
1
3
0
0
1
1
-1
-3
0
-3
-3
1
2
-1
0
1
-1
1
0
-2
-3
0
0
2
4
1
0
-1
1
1
2
0
-3
1
-1
-3
-2
3
-1
-5
-8
-6
-3
0
-1
-3
2
1
-1
-2
0
-2
-4
0
2
2
0
-2
-5
-5
0
0
-1
1
2
-3
-7
-3
-3
0
4
2
1
1
0
1
0
2
5
2
0
-3
-2
-4
-4
-2
2
2
5
3
0
-3
-5
-3
-1
1
2
1
2
2
0
0
-2
-1
1
-2
0
-3
-2
1
2
2
0
1
1
1
4
3
-1
1
2
1
0
0
2
4
2
1
0
-2
-1
-2
-4
0
4
2
3
-1
0
4
1
-4
-3
-1
-3
-3
-1
-1
0
0
-2
-4
-1
0
-2
-1
-1
1
2
1
3
4
4
2
2
4
0
-1
-4
-2
0
1
3
2
4
4
5
4
-2
0
1
0
0
2
0
1
0
0
0
-2
-3
-3
1
0
1
8
7
2
-2
-7
-4
1
-1
-3
-3
-2
0
1
1
3
5
-1
-1
1
1
2
0
-1
-3
1
1
1
-2
-1
-1
-2
0
-2
3
2
4
3
0
0
2
4
3
0
0
2
1
2
1
-1
-3
-4
-1
-1
-5
-7
-7
-2
-2
1
3
4
3
0
-2
-1
1
1
-2
-5
-4
0
0
0
3
3
5
5
4
2
-1
-1
-1
-3
1
-1
-1
2
2
2
2
3
0
0
2
1
0
-1
-4
-4
0
0
2
-1
0
-5
-2
1
0
1
3
3
0
-2
-6
-3
-3
2
2
1
3
-1
-1
-1
-1
-2
-3
-2
-3
-2
1
1
-2
-1
-2
-4
-3
-4
-2
-2
-3
-4
-1
-1
0
-1
-2
2
4
1
0
1
2
-2
-2
0
-1
0
2
-2
-3
-1
-1
3
1
2
4
2
1
-1
-2
0
7
8
3
2
5
2
2
4
6
7
4
3
2
3
0
-4
-3
-1
5
4
5
6
4
2
1
1
-2
-2
-2
-1
-1
1
3
4
0
-3
-2
-1
-2
2
2
4
0
-2
3
-2
-1
0
-1
1
1
1
2
-6
-5
-5
-6
-1
-4
-6
-5
-8
-7
-3
-3
1
-2
-6
-6
-2
-2
-4
-3
-1
0
0
0
0
0
-3
-4
-3
-2
0
0
-3
-1
-1
-1
0
-2
-3
-2
-2
-1
-2
2
3
5
1
-1
2
3
4
1
3
5
7
1
-1
-4
-2
2
0
0
1
4
1
-1
-2
3
7
5
1
-1
3
0
-1
0
4
9
7
3
-2
-1
-3
-5
-4
3
4
2
1
-2
2
1
1
0
-7
-5
-1
1
1
3
2
1
0
-2
0
4
2
0
-1
0
-1
1
0
-3
-2
-2
2
0
-1
-2
-2
2
2
1
2
-2
-2
-2
-2
-2
-1
0
-3
-1
5
5
4
4
0
-1
-4
-6
-2
2
6
5
5
3
3
1
0
0
0
2
3
2
-1
3
1
1
0
-1
0
-2
-1
-1
1
0
2
0
3
2
2
0
-1
3
-4
-4
-3
-5
1
1
0
6
3
0
-1
-5
-2
-1
3
1
-2
-1
-6
-5
-4
-2
-2
3
3
0
0
2
-1
0
0
-2
1
3
-2
-3
1
1
3
3
3
3
0
-4
-2
-1
0
3
4
-2
0
3
1
-2
-2
-1
0
3
-1
3
3
2
2
1
-1
0
3
0
-1
-2
0
-4
-3
3
4
5
-3
-5
0
5
3
2
-1
2
4
-1
-2
-2
1
-3
-2
1
1
4
0
1
-3
-1
0
4
3
-2
-3
-3
-3
-1
1
-2
4
1
-2
-1
1
2
-4
0
-1
-2
-1
0
1
2
5
2
-2
-1
-3
-3
-4
-4
-2
-1
-3
-2
-1
-1
1
-3
1
-2
0
2
-1
-1
1
1
-1
2
5
2
1
4
1
-3
-2
0
1
2
5
3
2
2
-1
-1
0
1
1
4
5
4
-2
-4
-2
-1
-1
-1
3
5
4
0
-1
1
0
0
0
-3
-3
-6
-6
-6
-4
0
-2
-3
1
2
3
0
0
3
0
1
0
3
3
1
-2
-3
-1
1
4
1
0
-1
-4
-5
-3
0
5
5
2
1
-1
-2
0
-1
-3
-2
-3
-1
0
2
1
-1
-1
-7
-6
-5
0
0
2
-2
-3
3
-1
-1
-2
2
2
2
0
-3
2
3
-2
-3
-2
0
2
1
-1
-2
1
-5
-6
1
8
2
0
2
2
-4
-3
-2
-4
0
0
4
2
2
0
1
3
3
3
0
-3
-5
-2
-4
-1
2
1
0
-4
-3
-2
-1
-4
-4
-1
-1
2
1
-2
1
1
3
3
-2
-1
0
1
-3
4
3
-1
0
1
0
4
3
-1
-3
-3
0
-2
3
3
0
-2
2
3
0
-3
1
-2
-2
-3
-7
-2
0
-2
-2
-2
0
0
0
-1
-1
1
2
-2
-3
1
2
1
-4
0
1
4
1
0
3
4
0
-4
-3
-3
-2
-1
-1
-1
3
0
-3
0
3
3
-1
0
0
-5
3
5
6
9
4
0
1
2
2
2
2
3
4
7
2
2
1
-5
-7
-5
0
3
4
6
2
2
1
-2
-5
-1
3
1
-2
-1
-2
-3
2
5
4
3
4
0
-1
1
-1
-1
-1
3
1
2
2
-2
-3
-1
-2
-2
-3
-1
0
-1
2
1
0
0
-2
-1
0
-2
-2
-1
3
2
-1
0
-2
3
4
0
-1
0
0
-4
-5
-1
0
0
1
-2
-2
-3
-1
0
2
5
-2
-2
1
3
2
-2
0
-2
-2
0
-2
-1
2
5
4
-1
-3
0
-1
-1
0
-1
3
3
-1
1
-1
0
3
2
1
1
0
-1
-1
0
-1
-4
-4
-1
0
0
-1
-7
-7
-4
-2
0
5
9
5
0
-3
-4
-2
3
7
9
7
6
3
0
-1
1
1
0
0
1
2
3
1
1
2
2
-2
-3
-2
-1
0
-1
-1
-1
-5
-7
-2
4
6
8
5
-2
-6
-2
1
0
0
4
0
-2
2
2
3
1
1
2
2
0
0
-2
-1
-2
0
2
1
5
2
-2
-2
-1
-3
-6
-5
-7
-4
0
0
0
-1
-4
-4
-3
-1
0
-1
-2
-2
-3
-4
-3
0
0
2
2
1
-1
-3
-2
-1
-4
-3
2
1
1
2
0
-1
-1
2
4
2
1
-1
0
-3
-2
0
-2
-1
2
1
3
4
1
-4
0
0
0
1
1
2
2
-3
-5
-1
-2
3
4
1
1
1
0
-3
2
4
0
0
2
4
0
-2
0
1
0
0
0
-2
-1
0
-5
-4
-1
-1
-3
-3
1
6
4
-3
-5
-1
-1
-4
1
2
-2
-3
0
-2
0
4
1
2
1
-2
-1
2
2
3
1
2
4
3
3
3
-1
-6
-7
-6
-2
-2
2
7
5
1
-2
-2
-4
-2
-3
1
6
3
-1
-1
2
4
3
1
3
4
1
-5
1
5
3
-2
-4
-2
-1
0
0
1
0
1
0
0
-1
2
0
-5
-2
-1
-1
-1
4
2
-1
-2
-2
-5
-1
2
-2
3
0
-3
-1
1
2
2
3
3
0
-1
-2
-3
-2
2
2
1
0
-1
-2
-4
-1
-1
-1
5
4
4
2
1
-2
-2
3
-2
4
5
1
1
0
2
0
4
1
-3
-4
-3
-2
-2
4
1
4
3
-5
-4
-1
-2
-5
-1
2
2
4
2
-2
0
1
-2
1
1
1
2
0
-1
0
0
-1
6
4
2
4
-1
-5
-3
1
0
4
5
0
-3
-1
1
-3
-3
-1
1
2
3
0
-6
-6
-1
2
-1
2
3
-3
-3
-6
-7
2
5
3
3
5
0
-5
-3
-1
2
7
4
0
-1
-3
-6
0
-2
-3
2
1
-1
0
3
5
5
4
1
2
2
6
6
0
-3
-2
1
2
6
4
2
0
-2
-6
-8
-1
5
3
0
-6
-9
-10
-5
-2
-3
1
2
-1
-5
-4
-5
-3
-5
0
1
1
2
0
-2
-7
-2
0
1
3
4
5
1
-2
-4
1
5
5
7
1
2
2
0
0
-2
0
-2
-2
1
0
-1
-5
-8
-8
-3
-1
-4
-3
1
-2
-2
0
5
0
-2
-1
-3
-1
1
0
-3
-2
0
-1
-3
-5
-3
1
1
5
3
-3
-2
-1
-4
-7
-2
1
-1
-2
0
-1
-3
-2
2
5
5
4
3
1
-4
-2
-2
0
2
3
0
-1
2
2
1
3
4
5
6
3
1
0
-4
0
7
8
7
4
2
0
2
3
2
4
-1
-3
-1
1
0
-2
-3
-2
1
4
4
5
3
-1
-7
-5
2
5
-4
-4
0
-3
-1
0
2
0
2
-2
-2
4
3
1
1
2
-3
1
3
-1
-2
-2
-2
-3
-2
-4
0
1
-1
0
4
2
2
-2
-5
-2
-1
0
3
3
0
-3
-5
-5
-4
-1
-3
4
7
6
-1
-5
-1
1
2
-2
-5
1
2
0
-2
1
4
4
5
5
6
5
0
-1
-5
-5
-3
4
5
9
12
2
-7
-7
-4
-2
3
2
4
3
-4
-6
-3
-2
1
2
3
0
2
3
-2
1
4
-1
-3
-4
-4
-3
2
2
4
9
2
-4
-2
-2
1
1
-4
1
4
1
-5
-1
1
0
-3
1
3
2
1
-3
0
1
3
4
0
0
2
-2
-1
1
-1
2
9
9
3
0
-1
-4
-5
-4
0
1
1
0
-3
-5
-7
-5
-3
-1
3
3
2
1
3
1
-2
-3
-1
2
2
2
0
-1
-10
-9
-2
3
2
3
4
-3
-6
-9
-7
-4
3
6
4
4
-2
-3
-1
-1
-2
-6
-6
0
-1
-3
-5
-3
-2
1
1
2
3
3
3
-2
2
-3
-2
-2
-1
2
6
5
0
-1
-6
-5
-4
0
1
5
4
-4
-2
-1
-3
2
1
1
5
2
0
-3
-4
-3
-3
-2
1
5
6
2
1
0
-3
-2
-3
0
6
7
4
2
2
-1
-1
-1
-2
0
1
1
-1
1
-1
2
-1
-2
3
5
6
3
4
-3
-6
-4
-3
-1
1
1
3
2
0
-1
-3
-2
-3
-5
1
5
5
-1
-2
0
-4
-5
-3
-3
1
1
0
-1
-2
-2
-3
-4
-3
-1
1
1
2
1
-3
0
3
3
1
1
2
0
0
-1
-2
0
1
-1
0
2
0
-1
1
0
1
1
0
1
-1
-1
1
0
2
0
2
1
1
3
2
2
0
-4
-1
0
1
1
0
0
-4
1
2
3
1
-2
-2
-1
0
-2
-5
-1
3
1
3
5
7
5
-4
-7
-3
1
1
0
5
6
1
3
-3
-4
-2
0
2
3
3
3
1
0
-2
-2
0
2
3
1
-3
-1
-4
-2
2
1
0
-1
-2
-2
-2
-1
3
5
3
0
1
-2
-8
-6
-5
-5
-5
-2
3
3
7
7
1
-1
-3
-4
-4
0
5
6
5
0
-2
-4
-4
-6
-5
-4
2
5
4
3
1
-1
1
-2
1
9
8
2
0
-3
-3
-4
-4
-3
-2
2
1
1
4
2
-3
-3
-1
1
3
3
1
-3
-5
-5
-2
2
3
1
-1
0
-1
0
-3
-6
-3
2
1
0
4
2
0
2
-2
0
4
6
2
0
0
0
-4
-5
-3
0
4
4
8
8
3
1
-3
2
1
-1
5
4
0
-3
-2
-3
-1
1
-3
-1
-2
-2
-3
-4
-5
0
2
5
5
1
3
1
1
-3
1
3
2
1
2
-1
-2
-1
-1
-1
0
5
-1
2
-1
1
-2
-7
-4
-2
1
-1
3
1
1
-2
-2
-2
-2
-2
0
9
7
5
2
-4
-6
-9
-4
-4
2
5
4
2
-6
1
3
2
5
4
1
-3
2
2
3
0
-4
-3
-4
3
1
3
3
2
2
-2
0
3
3
-1
1
-4
-8
-6
-3
-2
1
3
3
3
2
1
-1
1
0
-1
2
4
6
7
2
-3
-1
-7
-4
-1
0
2
-1
-1
-3
0
1
-3
2
3
4
3
2
0
-1
-1
-1
1
4
3
3
3
2
-1
-1
0
0
2
1
-1
0
0
-2
-7
-2
-1
3
6
0
1
1
-1
-3
-4
-7
-8
-5
-2
0
4
4
1
1
2
1
-1
-3
-2
-3
-3
-2
-2
-4
-5
1
1
-2
2
3
2
1
-1
-5
-1
-3
-1
-3
-5
-5
-5
-3
-3
4
1
-2
0
-1
1
-1
0
-2
0
1
-2
0
-2
4
1
-1
-1
5
3
2
1
0
4
0
-2
-1
3
1
1
3
2
-2
-3
-3
-4
0
2
8
5
1
1
-3
0
-1
1
-3
0
3
3
0
-1
-1
1
5
0
3
4
2
-3
-5
-4
-4
-3
-1
5
5
3
1
-1
-3
-6
-4
6
8
8
5
-1
-5
-12
-10
-5
4
6
5
3
2
-3
-5
-3
-4
3
1
1
0
0
1
-1
-4
-4
1
2
5
8
7
6
-2
-7
-6
-2
1
5
4
1
2
-4
-9
-7
-2
0
0
1
-1
0
-3
-6
-9
-5
-1
2
2
5
4
-2
-2
-3
-2
-2
-3
2
0
-2
-3
-5
-2
-5
-4
0
1
6
5
2
-1
-2
-3
-4
4
7
11
9
3
-2
-4
-5
-6
-3
0
2
4
3
-2
1
1
0
3
5
2
-1
0
-3
-3
-5
-2
4
2
2
3
2
-3
-3
1
4
2
3
2
-2
1
1
0
-3
-2
2
0
-1
-1
0
1
-4
-2
-1
3
3
-1
-1
-3
-6
-7
-8
-5
2
1
2
2
-2
-5
-3
-4
-5
2
2
2
1
1
-2
-4
-3
-5
-4
1
4
7
9
5
1
-3
-4
-4
-1
-1
5
4
0
0
1
6
2
3
1
2
-2
-3
-2
-1
2
0
2
5
9
6
3
-2
-4
-3
-2
2
4
7
2
-1
-1
-2
-2
0
0
0
0
0
-1
0
-1
-4
-2
1
3
5
2
3
3
-3
-6
-7
-3
1
-1
2
-3
-1
2
2
-1
1
-1
-2
0
-1
-1
0
-4
-5
-3
-4
-1
0
2
5
7
5
-1
-3
-4
-5
-1
-1
-2
-1
-2
-1
0
1
2
2
3
2
2
-4
-5
-3
-4
-3
1
4
4
4
4
2
-2
-3
-4
-1
3
2
4
3
1
1
-1
-5
-2
-1
-2
-1
-1
4
0
-1
-1
-2
1
2
1
4
1
1
3
3
4
3
7
0
-1
-1
-2
-1
1
3
5
5
4
4
3
1
-2
-3
-4
-4
1
2
2
-1
-3
-3
-2
-2
-4
-3
0
0
0
1
3
0
-3
-1
-2
-1
4
5
4
2
1
-1
-4
-2
-2
1
3
1
-1
-3
-2
-4
1
1
-1
3
3
0
-4
1
2
1
1
2
4
0
-1
-4
0
0
1
1
-1
2
3
3
1
0
-1
0
-1
-1
2
2
1
-4
-4
-4
-4
-2
1
4
5
8
5
2
0
-3
-3
-6
-2
0
1
0
-2
-2
-2
0
0
4
3
2
2
2
3
-2
1
-1
0
-1
1
1
0
1
-1
-2
0
3
4
3
1
-1
-3
-2
-6
-1
2
2
0
-4
-3
-1
-2
0
2
3
5
2
2
0
-3
-2
-3
3
4
4
5
2
-3
-4
-5
-1
1
4
6
2
2
1
-3
-3
-4
-2
-4
-3
-1
1
1
0
1
0
1
3
3
1
-3
-5
-6
-4
-3
0
5
5
5
1
-2
-3
-3
-3
-3
1
0
-2
-3
-6
-2
2
0
-1
0
2
6
4
0
-2
-4
-5
-3
-1
1
4
1
-1
1
3
0
-1
1
1
5
4
0
0
-2
-3
-1
0
-1
5
4
0
-2
-1
1
1
5
0
0
1
-1
-4
-4
-3
2
2
-2
-1
1
-1
-4
-2
-1
1
1
-1
1
0
0
1
-2
0
0
0
2
1
1
1
0
0
1
2
4
2
0
-1
-1
-1
-2
-2
0
1
3
1
1
1
1
3
-2
0
2
3
5
0
0
2
1
0
1
1
3
2
3
0
0
1
-4
-3
-3
-3
-1
-1
1
4
1
0
0
0
0
-2
1
1
1
1
1
-1
-4
-2
1
-2
-3
1
1
2
2
2
-1
-3
-3
-3
-3
3
5
2
2
0
-1
-2
-2
3
8
5
7
1
-4
-4
-8
-7
-3
1
4
5
2
-3
-3
-4
-4
-4
-2
3
5
1
0
2
1
-1
-4
-2
0
1
3
1
2
2
1
-2
-1
-1
2
3
1
-1
-3
-4
-3
-4
-2
-2
-3
1
3
3
0
0
1
0
-1
-1
-1
0
1
-1
-2
-3
-1
-2
-2
1
3
3
-1
1
3
2
-1
-5
-6
-6
-3
-1
-3
0
1
3
0
0
1
1
2
1
-1
3
1
-3
-6
-3
1
-1
-1
-1
0
1
1
0
1
1
0
0
0
1
1
0
-2
-1
3
2
-2
-4
-2
-1
-1
2
2
-1
-1
1
1
4
5
4
0
-1
-2
-4
-7
-6
-5
-3
-2
2
0
0
1
1
4
4
3
4
2
0
-3
-2
-1
-2
-1
0
2
2
1
0
-1
-1
0
-1
-2
-3
-4
-4
-2
0
3
4
2
-1
-3
-3
-2
0
0
-2
1
1
0
-3
0
0
0
1
1
0
0
0
-2
-4
0
3
1
-2
-4
-7
-5
-2
-2
0
0
2
0
-1
-3
-5
-3
-4
-1
3
3
3
1
3
1
0
-1
0
1
2
4
5
2
0
2
0
-1
-5
-5
-4
-1
2
2
2
3
3
1
-1
-1
0
1
4
1
0
1
0
2
2
3
2
3
0
1
3
1
2
6
3
1
-1
-3
-2
-2
-1
1
0
4
5
3
1
2
2
1
0
-1
1
3
0
0
-1
1
-1
-2
0
-1
1
1
1
-1
-2
1
0
-1
-1
2
2
-1
-1
2
5
5
4
2
-1
-3
-2
-1
-2
0
0
-1
-1
0
0
0
2
3
1
-2
0
-2
-5
-2
4
4
4
4
3
3
-1
-6
-5
-3
0
0
-2
-1
-1
3
4
3
0
-1
-1
0
2
2
3
3
2
0
0
-1
0
1
0
3
2
2
1
-3
-2
1
2
-1
0
1
0
-1
1
1
-2
-2
-1
1
1
-1
0
-1
-3
-3
-3
-4
-2
-1
-2
-3
0
-1
0
2
2
0
-1
-1
-1
-1
1
0
-3
-3
-2
1
2
3
0
-3
-2
-2
-1
1
1
-3
-2
0
-1
2
3
-2
-1
1
-1
-1
0
0
1
4
3
2
1
3
0
-1
2
2
-1
-1
-2
0
2
3
2
0
0
-5
-2
-3
-4
1
1
0
-3
-1
0
-3
0
1
-1
-2
-1
0
0
0
0
4
5
3
2
-3
-6
-5
-2
-1
3
4
5
2
-3
-2
-3
-3
-1
1
1
2
1
1
0
1
-1
2
0
-1
-1
-3
0
2
-1
0
-2
-1
-4
-3
1
0
-2
-2
-3
-2
4
7
6
2
-1
2
4
2
2
-1
3
2
-1
0
0
2
1
-3
-4
0
1
1
-1
-1
3
2
0
1
0
2
-1
-4
-2
2
6
9
9
2
1
0
-1
0
1
0
-1
3
4
4
2
-1
-1
-2
-4
-4
1
3
1
-1
-2
1
3
4
3
-1
-2
-3
-3
-1
-1
2
3
2
2
0
0
-3
-1
1
1
-1
-3
-1
2
2
3
3
0
-3
-2
-1
-1
1
4
2
-2
2
2
1
-2
-1
-3
-3
-2
-1
2
-2
-2
-1
-2
-3
-1
-2
-1
0
-4
0
0
-2
-1
-1
2
0
0
0
0
2
1
-1
-3
-1
0
-1
1
2
0
-2
2
5
2
1
3
2
1
3
-3
-6
-3
-3
-5
-3
-2
0
1
0
1
2
0
-5
-7
-4
0
4
6
4
4
2
-3
-3
0
-1
-1
1
0
0
3
3
1
2
-4
-3
2
2
2
2
-4
-2
-1
-3
1
3
0
-1
1
-1
0
8
-1
-2
9
-3
-5
1
-6
-5
0
-3
0
6
0
-4
3
-1
1
5
-8
-1
-1
-12
3
-3
-1
9
1
1
0
-1
-2
-3
-5
-2
-2
3
1
0
2
-1
-3
-3
-3
-1
-1
0
1
2
1
1
2
1
0
0
-1
-2
-2
1
1
1
1
4
0
0
1
-4
-3
0
1
0
-2
0
-2
-2
1
2
1
0
0
2
1
-4
-2
-1
0
2
1
1
-3
0
3
6
4
5
5
2
-1
-1
-5
-3
2
-2
1
0
-2
-2
-2
0
-1
1
0
0
2
2
1
2
-1
-2
-1
-4
-4
-1
1
1
1
2
-2
-5
-2
2
1
0
2
3
-2
-5
-2
-1
-1
1
-2
-1
2
0
-2
-3
-3
-2
1
3
7
5
-1
-3
-1
0
-1
1
2
1
2
4
5
1
1
1
2
4
2
1
4
5
6
3
0
1
5
1
0
3
-3
-1
2
-1
-3
1
1
1
0
0
-2
-1
2
-1
2
3
3
3
0
-2
-1
0
-2
2
2
3
3
4
2
4
3
1
3
3
2
0
1
2
1
2
2
0
0
-4
1
2
-3
-2
1
-1
2
2
1
1
3
3
0
0
-1
0
-1
-4
-4
0
-2
-1
2
4
2
-2
-4
-3
-2
-1
-1
-2
0
-2
-3
1
1
-2
