8
12
13
15
15
2
-8
-10
-1
13
9
-2
-7
-13
-14
-5
4
6
2
-5
-11
-7
5
4
1
4
1
-2
-1
-2
3
7
3
3
-1
-6
-8
-7
-2
-7
-4
-3
-7
-8
-6
-4
-1
4
2
-2
1
1
2
7
8
5
-1
-8
-6
3
8
12
6
-1
-3
-4
0
-1
0
-2
-3
-16
-17
-14
-17
-10
-3
3
5
3
1
5
2
0
0
0
4
7
6
2
6
5
-1
-4
-8
1
9
7
2
0
3
2
-2
2
6
13
14
-3
-11
-10
-3
5
8
4
-4
-5
0
-2
7
17
11
7
0
-1
-3
0
7
4
3
-4
-8
-1
4
10
10
7
8
4
2
-5
-3
-1
-5
1
-5
-11
-9
-6
-2
-3
-3
-6
-2
-4
-9
-9
-2
6
16
17
9
3
-2
0
4
1
-5
-3
1
-4
-6
0
-1
-3
-1
-2
-2
3
6
6
0
-1
1
3
-2
-2
2
1
4
2
-1
-3
4
11
6
5
0
1
3
3
6
9
13
10
2
6
8
4
-2
0
0
-2
-7
-14
-11
-6
-1
2
6
9
5
2
-2
0
2
2
-2
0
-6
-15
-6
-9
-12
-9
-9
-7
-8
-6
-9
-2
6
9
8
3
4
6
5
-2
-5
-5
-4
0
2
2
6
4
-4
-11
-6
4
7
7
12
8
-2
-7
-6
-1
5
2
-6
-7
-6
4
11
12
9
4
-1
-8
-5
-6
-5
-1
-2
-4
-2
5
2
4
5
3
2
-6
-16
-13
-5
-3
-6
-5
-2
-1
-8
-3
6
3
5
3
1
-4
-6
-4
-5
-1
3
2
1
1
2
0
3
10
5
-6
-8
-5
-9
-4
0
3
-1
-3
7
14
17
18
14
6
3
9
11
8
6
-2
-8
-4
3
3
0
4
1
-3
2
5
12
13
4
-3
-5
-5
-2
-3
-2
1
2
-1
-6
1
6
6
5
0
0
-2
-1
1
-1
3
-6
-11
-11
-10
-8
-9
-7
-12
-9
-1
0
6
7
4
1
-4
-8
-5
-2
-2
0
-3
-4
-1
1
4
5
12
8
7
5
-4
-6
-1
6
2
-3
-7
-12
-6
3
7
8
1
-3
-4
-3
2
1
1
-3
-8
-5
-1
1
4
4
-4
-7
-4
-5
-1
2
0
0
-2
-6
-3
2
5
5
8
4
-1
-1
-9
-13
-11
-1
4
7
14
10
2
-4
-12
-6
5
8
7
6
8
3
-3
-3
-7
-4
5
-1
-8
-10
-12
-9
-1
3
1
2
4
5
2
-1
1
1
-3
-1
4
8
6
1
0
1
5
6
3
4
3
2
0
-4
-1
3
14
6
5
5
-3
2
-2
-4
-5
-3
-5
-4
-4
-6
-9
-9
-9
-6
-5
-5
1
2
2
1
-1
2
5
7
7
6
7
3
-1
2
1
3
7
5
6
1
-5
-9
-16
-14
-12
-8
-2
-3
-3
0
-1
-11
-13
-7
-2
4
2
1
7
9
11
10
11
10
2
-7
-9
-9
-6
1
1
3
9
9
2
-2
-6
-11
-13
-9
0
0
-3
-2
-3
2
5
6
3
3
-4
-7
-9
-13
-10
-13
-10
-2
6
9
3
-1
-6
-5
-1
6
12
14
8
0
-2
1
6
8
8
4
-1
-9
-10
-5
-3
-3
-3
-1
2
3
0
-3
1
4
2
2
7
4
3
3
5
6
3
-3
-3
4
7
0
-8
-8
-5
-4
-2
-4
-9
-8
-7
-5
-4
-3
4
12
13
9
3
5
6
5
9
11
13
10
3
1
-1
-6
-10
-12
-13
-9
-2
0
6
1
-5
-5
-4
5
12
12
12
10
4
-5
-6
3
3
4
5
5
3
2
-2
-2
0
-2
-6
-10
-4
0
5
4
-1
-2
-3
0
0
-2
-2
-1
-1
-2
3
14
19
14
3
-4
-8
-13
-9
-5
2
6
3
1
-5
-3
3
0
0
3
2
-3
-4
-6
-12
-8
-1
-1
-10
-14
-8
-5
-3
-1
3
7
8
8
11
6
4
3
2
4
11
13
7
4
4
7
8
3
0
0
-3
-3
1
5
7
9
4
2
-1
3
7
2
1
-2
0
-1
-5
-4
-4
-6
-6
-5
-1
-3
-4
-6
-7
-4
-2
-3
-3
3
0
-1
-1
-3
-6
-9
-11
-11
-5
3
-1
-6
-8
-4
-5
-5
-2
-6
-7
-2
-4
-9
-10
-7
-4
-6
-7
-4
-2
4
16
21
18
17
12
3
1
0
-3
-4
-2
-2
-1
4
7
6
4
6
4
0
3
8
2
-4
-2
1
3
5
3
5
8
10
8
4
5
4
2
-3
0
5
2
-1
-2
3
14
13
2
-4
-6
-1
1
0
-1
-4
-2
-5
-6
0
3
1
-5
-6
0
2
-1
-4
-6
-2
-2
-4
0
5
3
-2
-5
-1
-3
-5
-4
-6
-2
-3
-5
-6
-9
-7
-9
-8
-5
-3
-4
-9
-4
1
3
5
4
2
5
6
4
-2
-3
-1
2
5
5
2
1
1
-1
-5
-4
3
7
4
2
-2
-3
5
10
11
4
-3
-4
-2
-5
-7
-1
4
5
5
4
6
7
8
9
6
7
5
2
-6
-12
-8
-6
-2
0
-1
-1
-3
-6
-13
-8
-3
-4
-6
-8
-9
-9
-3
-3
-3
0
1
1
1
3
5
8
6
5
2
1
2
6
10
6
2
2
3
5
2
-4
-11
-15
-8
-12
-13
-7
0
5
1
-3
-7
-1
0
-1
5
5
6
-1
-11
-7
-1
4
2
-4
-2
-5
-4
-2
2
5
5
1
-6
1
-1
-8
-6
-3
0
1
1
-4
-6
-2
-1
-6
-6
-6
-3
1
-1
1
0
0
2
5
9
12
14
14
13
13
12
14
11
8
1
4
7
1
5
4
1
1
-3
-2
-3
-5
-6
-6
-3
-3
-3
-1
0
1
3
6
7
2
3
3
1
1
-1
-2
-7
-8
-5
0
3
0
-1
-4
-8
-11
-10
-7
-6
-8
-4
-2
2
-1
-4
-6
-10
-8
-8
-4
0
4
11
11
8
7
4
3
3
4
6
6
9
8
-1
-7
-1
3
-1
-5
-2
-2
-5
1
2
0
2
-2
-1
0
-2
-6
-3
3
2
-2
-1
0
5
2
3
7
4
6
7
7
4
3
1
2
-2
-5
-1
-4
-2
-2
-3
-4
-1
2
2
4
1
-1
-4
-3
-9
-8
-5
-3
-2
0
7
2
-4
-3
2
4
1
-1
-4
-4
0
1
-2
1
3
1
-2
-2
1
-3
-1
1
-4
-5
-3
-8
-10
-6
1
6
7
2
8
10
6
2
-3
-2
-2
-4
-4
-1
2
0
-3
-4
1
4
1
-2
-5
-7
-5
-1
4
8
11
11
7
0
-4
-5
-2
-1
-3
-2
-1
2
3
3
2
3
4
5
4
-3
-3
-5
-2
-1
0
6
6
7
3
6
9
11
18
14
5
5
3
-3
-6
-6
-12
-5
4
1
0
-2
2
4
-1
1
1
0
2
6
6
3
0
0
-1
0
3
0
-1
2
1
-1
0
3
-5
-8
-6
-9
-5
0
7
6
3
3
0
-2
-6
-1
-3
-6
-6
-2
0
-2
5
9
7
6
1
-1
1
-6
-1
6
2
1
-7
-8
-8
-2
0
0
4
-6
-7
1
-2
-3
1
0
-4
1
2
-9
-9
-2
0
-1
5
0
-1
4
-3
-6
-7
-6
-1
3
-1
-3
0
0
2
6
0
-6
0
0
0
8
3
0
-4
-10
-14
-9
2
5
9
4
2
8
3
2
1
0
4
1
-1
-8
-11
-4
-1
-1
3
8
12
15
12
11
4
-3
0
1
2
2
-5
-6
-2
6
10
6
7
10
5
4
0
-1
0
-2
-6
-14
-13
-9
-7
0
-3
-4
-5
-10
-3
-7
-4
0
-7
-9
-10
-5
-6
2
8
-1
-1
-1
1
7
9
6
-1
-5
-2
0
7
12
9
12
10
2
-1
-4
-8
-8
-6
-2
1
1
-3
-4
3
6
6
2
-4
-3
-2
1
3
-2
-5
-3
-2
-2
-4
-3
3
1
-4
-4
3
5
2
3
-2
-3
-1
-2
-1
0
-5
-5
-4
-10
-5
5
6
3
0
-5
-8
-10
-9
-7
-4
-1
6
11
12
10
8
10
15
13
8
0
-3
-5
-4
4
9
5
-1
-1
6
5
4
7
4
0
-5
-9
-5
0
4
0
-3
-5
-5
-8
-7
-6
-4
5
10
6
-1
-2
0
1
1
-5
-4
-3
-3
1
0
-2
-4
-2
0
3
6
2
-2
1
-1
-4
0
-1
-2
-3
-6
-6
-3
3
7
5
-2
-3
5
3
0
3
6
5
-1
-5
-4
3
4
-3
-9
-4
-2
0
10
6
1
-6
-4
2
-2
2
7
7
8
1
-8
-5
10
10
0
-3
13
17
-4
-16
-14
-3
1
-2
-1
1
6
-4
-15
-1
10
3
-10
-9
3
-1
-13
-16
-7
7
13
1
-5
-6
-2
8
7
3
-11
-10
3
-2
-1
-10
-14
3
3
-1
4
1
-1
-6
-8
12
9
-7
-10
0
7
-4
-20
-16
4
17
17
10
12
12
7
13
16
6
-4
-8
-4
2
6
-1
3
7
-3
2
5
10
23
20
9
-5
-13
-6
2
4
-5
-7
-9
-13
0
11
19
22
14
0
-10
-10
-10
-7
-5
-11
-11
-11
-9
-1
5
7
14
17
7
10
5
-11
-9
-9
-9
-2
3
1
-1
-2
-2
-4
3
-2
0
3
-4
0
-4
-13
-17
-11
4
4
4
5
1
3
6
1
-2
3
7
1
-1
-4
-12
0
5
4
5
-1
-7
-12
-6
-2
1
7
2
0
-3
-1
-2
-4
8
12
17
6
-10
-3
-1
0
-4
-6
8
11
2
-7
-9
4
7
-4
-15
-13
-4
-4
-9
-9
-1
1
-4
-6
6
22
15
-4
-14
-1
4
1
-4
-9
4
8
-8
-12
-4
3
17
18
13
3
-7
-8
-7
8
16
9
0
-7
-4
-2
-5
-2
-3
-4
-5
-4
1
9
11
2
-7
-11
-15
-12
1
0
-3
-7
-13
-15
-6
11
7
0
0
-2
-9
-7
4
7
14
12
2
-2
1
7
2
-3
-4
-13
-4
2
0
7
4
-9
-12
2
0
-3
5
6
-4
-9
-9
-8
-3
6
17
18
15
10
4
2
7
9
3
0
-7
-7
4
15
18
10
-1
-10
-9
-1
10
19
11
2
-1
-11
-15
-10
0
9
13
5
-6
-10
-11
-5
-5
6
10
-2
-3
-7
-11
-7
-2
3
9
14
6
-4
-2
-8
-14
-7
-1
5
2
1
-1
-3
-4
-7
-1
13
21
15
2
-4
-2
-4
-7
-1
6
4
-2
1
6
4
-3
-11
-9
8
13
2
-4
-8
-3
-3
-6
-1
7
7
0
-7
-5
7
8
-3
-9
0
12
4
-9
-11
-8
-6
-5
-8
-2
10
11
5
-6
-11
-9
3
24
6
-27
-23
2
23
10
-7
-1
7
9
-7
-19
-12
11
26
7
2
12
-6
-16
-13
-2
14
22
6
-18
-20
-8
5
5
-7
-3
20
17
-12
0
15
15
12
-20
-23
3
13
7
-7
-1
13
7
-3
-8
6
15
12
4
-13
-22
-13
-7
-14
-9
8
21
15
-8
-20
-5
12
16
2
-8
-2
13
11
-14
-16
-5
0
11
1
-11
6
20
2
-29
-30
-6
21
29
13
4
5
11
12
2
11
25
25
3
-19
-19
-20
-11
1
-10
-13
6
9
0
-3
0
9
11
8
-7
-13
-1
7
-6
-9
11
14
9
0
-13
-21
-9
0
-12
-5
0
7
4
-12
-17
-17
-8
-5
-11
-11
-9
-1
-3
-7
-5
-9
-3
8
6
5
3
0
-9
-13
-11
-3
16
16
7
3
-7
-3
1
-13
-15
2
11
3
5
4
0
1
-3
2
6
5
3
-12
-29
-15
4
4
13
15
8
-1
2
2
-5
6
10
4
-2
-7
-4
5
10
11
9
16
21
-2
-17
-13
-1
1
-6
-6
1
8
10
11
2
6
23
12
-4
-2
5
-5
-10
-14
-16
-4
11
15
1
2
8
5
1
9
24
31
33
15
-11
-20
-12
-8
-15
-9
5
13
4
1
7
3
0
3
-10
-9
11
1
-26
-35
-18
0
6
16
22
20
1
-13
-16
-20
-7
10
-14
-36
-20
3
13
19
11
-2
13
34
10
-30
-21
2
-2
-18
-29
-29
9
29
-11
-31
-16
3
8
-14
-16
1
21
30
-14
-40
-6
21
10
2
1
5
27
25
8
8
11
22
23
-8
-22
-6
13
13
-5
-11
-8
9
27
-4
-23
-14
-10
-7
-31
-26
-6
-7
-1
5
5
7
6
13
14
2
5
-8
-31
-17
8
-10
-19
16
24
24
27
4
-10
10
42
25
-7
-2
5
3
6
-5
-8
11
15
15
-6
-30
-11
9
5
-9
-2
17
16
0
-20
-42
-31
4
-12
-44
-38
-11
5
11
6
-8
-3
18
18
3
11
36
24
7
0
-6
5
25
32
4
-21
-28
-35
-27
-4
3
6
8
11
7
-3
-2
-7
-1
3
0
4
4
11
19
13
-1
-12
2
10
3
-2
-11
-22
-18
-20
-14
13
36
37
36
12
-18
-23
-27
-23
-10
-13
-22
-18
-2
-5
-11
4
16
6
-4
-3
-9
-1
19
16
-8
-19
2
16
3
-6
-24
-39
-14
3
-7
-7
10
33
41
30
10
-4
-1
11
16
7
0
11
31
8
-21
-23
-17
-10
-7
-32
-60
-47
-19
-15
-6
9
21
48
56
34
-5
-15
4
8
-9
-26
-13
23
38
10
-15
-8
13
16
-7
-27
-15
16
19
0
-23
-11
29
45
18
-24
-35
-14
-5
-30
-69
-66
-15
21
14
-21
-10
41
72
51
4
-15
7
35
21
-18
-24
21
55
33
-12
-20
14
43
27
-24
-43
-1
36
28
-7
-32
-8
25
26
-10
-46
-30
15
14
-25
-52
-39
-4
23
-4
-54
-40
-4
10
-4
-38
-31
12
47
25
-20
-10
14
35
18
-22
-32
-13
24
17
-7
-6
23
57
47
17
10
26
45
29
-2
-18
-2
24
10
-21
-25
-8
15
6
-23
-28
-11
8
4
-19
-20
1
19
5
-14
-10
1
9
9
-7
-19
-5
-1
-15
-18
-10
-3
3
8
-9
-17
-5
0
-1
-9
-12
-12
-12
-9
-20
-18
-4
3
13
10
-2
-4
-2
4
12
23
19
19
17
-4
-18
-9
2
1
0
6
14
22
20
4
-4
-6
-5
-8
-6
0
-1
-9
-11
-20
-24
0
12
13
11
4
11
19
13
10
5
11
19
9
-9
-21
-8
2
-2
-4
-11
-3
19
19
-6
-19
-3
13
9
-7
-15
-6
19
19
-1
-13
-7
9
2
-12
-14
-4
13
8
-12
-22
-6
17
17
1
-12
-8
7
7
-13
-20
-7
8
10
3
1
11
34
28
10
-1
-4
9
12
8
12
19
29
18
-7
-20
-26
-7
4
-8
-24
-34
-25
-18
-10
-12
-9
15
23
17
2
-1
3
5
-1
-16
-11
10
23
18
1
-10
-2
6
0
-4
-5
-2
-2
-10
-14
-19
-18
-10
-15
-12
-5
-10
1
6
-1
-2
-3
-1
1
2
-2
-8
-2
2
5
7
-3
-3
0
13
14
-6
-9
-1
12
10
-5
-12
-16
-9
-7
-10
-8
7
21
13
-2
-9
-8
-9
-10
-10
-8
-1
-1
-8
-12
-2
9
18
19
18
8
-4
2
4
-6
-4
-6
-8
0
3
-3
0
6
5
5
12
16
7
2
6
5
8
5
1
6
3
0
-2
4
22
25
18
9
-4
-2
6
10
8
4
8
6
5
-1
0
9
22
21
2
0
1
3
1
-8
-16
-18
-11
-10
-15
-8
0
-3
-8
-12
-10
-8
-6
-9
-16
-6
-5
-6
1
0
10
8
1
-4
-4
3
9
9
0
-4
-2
-9
-5
2
-1
0
6
7
-2
-5
-2
-3
-3
-6
-11
1
2
-10
-15
-16
-12
-8
-3
-4
-6
-5
-6
-5
-12
-11
-2
8
11
4
8
6
-1
4
7
10
14
16
15
6
3
0
-3
9
7
5
11
5
-4
-5
-1
2
3
3
7
13
11
-2
-10
-6
5
9
3
3
11
14
13
7
7
2
-4
1
1
-6
-12
-15
-9
-3
-2
-4
2
8
9
-1
-11
-4
5
5
2
0
-2
-6
-13
-21
-7
9
15
13
3
-2
1
8
2
-5
-3
-8
-8
-3
5
4
0
-3
-9
-3
8
16
10
4
-1
-11
-13
-18
-26
-20
-11
-6
-3
-3
1
6
11
14
7
0
1
-4
-2
0
-3
2
4
7
8
2
-3
-4
-5
-1
3
7
2
-4
0
1
1
-4
-9
1
11
9
-1
-11
-11
-7
-6
0
-3
-3
-1
-1
-1
-3
2
11
10
4
-1
-5
-8
-7
-11
-11
-5
6
4
2
6
11
10
7
7
1
3
7
2
2
6
5
5
4
2
-2
-2
-1
-6
-6
-7
-7
-10
-9
-7
-5
-1
-1
2
6
5
7
7
4
1
-4
-8
-8
-4
-5
2
9
7
11
3
-6
-11
-12
-7
-4
3
-2
-9
-6
-5
-7
-4
3
0
2
12
1
-8
-11
-12
-9
-7
-5
-6
-6
-7
-8
-3
7
17
15
15
6
-1
-7
-12
-8
-2
6
8
6
3
0
2
4
2
10
14
7
8
7
7
10
12
6
-4
-4
2
3
3
3
0
0
6
4
1
5
5
4
5
4
9
10
7
5
5
6
5
4
-5
-12
-9
-9
-7
-1
2
2
-4
-9
-15
-17
-14
-6
-2
-8
-14
-13
-7
0
3
5
6
8
7
3
-1
-3
-1
-3
-4
-4
-7
-4
-1
1
2
10
16
11
3
-6
-11
-7
-3
-3
-2
2
8
6
-1
0
2
1
-1
-5
-6
-2
0
-2
-2
1
1
1
0
2
9
13
9
5
6
8
11
9
1
-1
-1
0
4
6
4
5
0
-1
1
-1
1
-1
2
3
-3
-2
-1
2
3
0
2
1
-1
-5
-7
-4
-6
-5
-3
-1
3
0
-4
-5
-4
1
1
8
4
-7
-5
-3
3
2
1
0
-3
-1
-5
-5
0
3
1
1
4
5
1
-4
1
4
4
6
4
2
-3
-8
-2
7
5
5
2
1
1
3
3
3
1
1
2
-1
-4
-7
-8
-5
1
3
-2
-1
-1
-3
-1
0
0
0
-1
-4
-1
5
4
-2
-6
-5
4
9
6
0
-1
-2
-2
-2
-2
1
-1
2
3
3
1
0
4
1
1
0
-2
-1
-6
-8
-6
-1
0
-2
-2
-3
1
2
-3
-4
-4
-5
-9
-8
0
3
4
4
3
5
7
7
2
1
10
4
-1
-4
-9
-10
-7
-1
-1
-2
-2
-3
1
4
5
5
7
3
-2
-5
1
2
0
-4
-8
-5
-2
1
1
0
2
-2
-1
2
4
5
0
-2
2
1
3
1
6
3
-4
-5
-6
5
6
1
-2
-2
-1
-5
-5
-3
-3
5
4
4
6
-1
-3
-1
4
13
10
0
-5
-4
-2
3
7
9
5
-2
-2
2
8
9
8
8
-2
-11
-9
1
5
1
-6
-8
-3
-5
-13
-6
-2
-4
-5
-5
-1
1
8
7
-2
4
1
-6
-5
1
1
-5
-5
-7
1
6
0
4
5
3
1
-9
-20
-17
-11
-11
-13
-13
-11
-6
10
9
9
16
17
8
-8
-13
-15
-17
-15
-16
-15
-17
-16
-12
-5
14
16
10
7
5
15
14
20
22
19
12
-5
-6
4
11
16
17
6
4
7
6
9
4
-4
-10
-5
7
8
5
2
0
-1
3
4
-1
0
1
-4
-4
1
-5
-7
-8
-4
6
8
6
-4
-3
-1
-6
1
15
25
8
-11
-8
-2
3
2
-3
-2
4
7
-5
-11
-3
-4
-1
2
1
2
5
6
0
-2
-4
-3
-1
4
3
3
1
-11
-8
-6
-3
-4
-12
-7
-12
-11
-2
-7
5
15
9
-7
-7
4
4
3
-7
-7
6
7
1
-2
6
5
1
1
-10
-5
-7
-8
0
-5
-6
-4
1
4
-1
3
6
4
2
7
-3
-10
-6
0
9
1
-11
-18
-11
6
2
9
12
11
11
-10
-24
-24
-12
-9
-18
-5
4
5
3
2
12
21
32
20
19
16
1
4
3
9
10
6
-1
-6
-4
-11
-8
6
10
8
11
4
-11
-16
-9
-3
3
10
-1
-13
-10
-9
-16
-6
1
-3
-6
-8
-5
-2
3
-4
-11
-8
-7
5
6
-1
-2
0
3
11
22
11
0
6
7
3
7
15
1
-9
-1
6
7
5
-1
-6
0
3
-2
-2
-4
-6
-13
-14
-9
-7
4
6
2
-5
-14
-9
-6
-5
-10
-10
-3
-9
1
4
-3
0
-2
-2
0
2
2
3
10
1
-2
5
7
18
17
8
0
1
7
0
4
0
-9
-6
0
7
1
1
-2
-5
0
-1
8
12
6
1
-1
5
14
15
11
14
12
4
1
-3
5
3
-4
-8
-16
-4
2
0
4
1
4
1
0
4
5
5
-13
-22
-15
-3
2
-1
-5
-12
-3
4
13
17
6
-6
-16
-9
-10
-3
10
7
0
-4
3
4
6
4
-1
0
0
-3
-8
5
9
-3
1
0
-1
7
4
3
9
4
-3
2
4
-4
-6
-10
-16
-5
1
1
3
-1
-3
-11
-5
3
4
7
6
8
6
3
5
8
6
-1
-7
-6
5
-11
-19
-11
-13
-8
-2
-2
-3
-5
-18
-36
-39
-25
-11
0
4
-3
-9
-6
3
11
20
20
13
8
3
8
12
10
7
-7
-6
-3
-3
6
7
8
7
2
1
1
3
-1
-10
-12
-8
-2
-9
-9
4
0
0
4
6
12
10
7
1
3
7
5
4
8
14
17
18
18
15
15
20
20
27
21
8
2
1
4
-1
-2
-3
-6
1
3
5
4
0
4
5
3
-3
-9
-5
-5
-3
-3
2
4
0
0
4
10
4
-1
-4
-4
-4
-11
-9
3
4
-5
-15
-7
2
6
4
-4
-5
-11
-17
-15
-12
-2
2
-1
5
8
6
6
10
15
11
9
0
-9
-9
-6
-8
-13
-12
-10
-4
-3
-9
-10
-4
0
-12
-16
-9
-3
-4
-6
-6
-11
-7
-2
-2
6
10
2
-6
-2
2
1
3
-1
-3
-4
-8
-11
-2
2
0
2
3
-1
-7
-10
-6
-1
6
7
3
0
-2
-1
1
-1
0
-2
-2
0
-3
0
-2
3
0
-5
4
5
6
4
2
2
2
4
-2
-1
7
5
-6
-11
-8
0
2
0
-2
1
7
0
-6
-5
-2
-5
-12
-15
-13
-4
-4
3
3
-7
-11
-8
-3
5
7
6
4
-5
-10
-10
-7
4
7
8
6
4
0
-11
-10
0
8
7
0
-3
-2
-2
-6
-3
2
7
8
1
-2
-1
3
4
-2
-2
2
3
6
5
-2
-4
4
5
6
8
-2
-13
-18
-10
8
18
15
9
8
8
-2
-2
2
4
-1
-14
-11
-7
-7
0
4
6
7
5
3
-3
-1
1
1
1
-8
-7
-3
1
7
13
9
8
10
12
11
9
13
14
13
11
8
12
8
9
4
-5
-5
-13
-14
-7
0
1
-1
-4
0
10
15
16
8
-4
-12
-11
-9
-6
-3
2
-2
-10
-8
-7
-1
2
-1
1
7
4
-1
-9
-6
2
-7
-11
-14
-16
-5
1
7
4
-3
-9
-13
-8
-1
4
7
8
1
-5
-4
4
13
14
10
4
-6
-7
2
7
9
5
-7
-8
1
6
7
4
-4
-6
-9
-12
-4
0
-2
-4
-7
-1
-3
3
7
6
5
-5
-11
-3
8
15
13
9
1
-4
4
6
3
5
5
-3
-6
-2
-2
-1
4
1
-5
-9
-8
-2
-2
-2
-9
-19
-21
-21
-17
-8
-2
1
-3
-4
0
2
8
8
7
11
14
14
7
11
13
5
4
8
12
17
13
10
5
-1
-3
-2
-2
2
1
-6
-6
-8
-4
5
7
7
7
14
16
8
3
-2
-4
-2
-5
-6
-2
3
2
2
9
10
8
7
4
2
3
1
-2
-4
-4
-13
-21
-19
-12
-3
6
2
-5
-4
-2
-2
-10
-5
-3
-7
-5
-10
-7
1
2
5
4
2
-4
-7
-9
-13
-12
-8
0
5
8
4
6
8
5
3
4
3
1
2
2
4
2
-6
-12
-10
-4
2
3
-1
-5
-4
-2
-6
1
6
5
4
-3
-9
-7
-7
-7
-6
-2
-5
-10
-8
-7
-5
-3
-2
-4
-8
-5
-8
-7
-8
-10
-6
-7
1
8
10
5
1
-1
-4
-2
1
2
0
-7
-7
1
10
24
25
23
20
14
7
-3
-6
-3
1
5
5
2
1
5
3
3
13
17
19
11
-1
-6
-6
-2
3
2
-3
-6
-7
-13
-12
-7
0
5
7
4
2
6
4
5
8
7
1
2
6
4
12
14
9
2
-5
-11
-8
-6
-4
-7
-4
2
3
3
-1
0
1
4
2
2
3
2
-3
-9
-6
-1
2
2
-1
2
2
-4
-4
-3
2
3
2
3
-3
-4
-2
7
10
9
3
-9
-11
-9
-8
-7
-4
4
2
-2
-4
-7
-5
2
2
-3
-6
-5
0
0
-4
-6
-2
1
-5
-9
-5
-3
-7
-11
-15
-10
-4
3
5
2
7
12
8
3
4
12
13
7
1
2
4
2
0
1
4
3
-2
-10
-10
-6
-9
-5
-6
-5
0
1
-1
-2
0
-2
-4
-3
2
3
4
-3
-5
2
2
-1
-5
-14
-16
-12
-12
-7
-3
-3
-6
-7
-8
-8
-5
-2
7
14
15
10
10
12
8
3
2
-1
2
0
-2
2
2
6
3
1
3
5
4
4
4
3
2
0
-5
-11
-8
-10
-13
-14
-11
-6
1
5
3
4
7
6
6
7
8
6
-3
-11
-8
-2
0
4
2
-2
3
3
-6
-8
-3
-1
0
3
3
4
0
-3
-6
-5
-4
-1
2
2
3
-3
-5
-1
1
3
9
14
11
5
3
6
9
7
9
6
2
6
9
9
6
11
11
12
8
3
3
4
5
-1
-2
4
6
3
-1
-8
-9
-6
3
7
3
6
2
-1
3
2
0
-4
-8
-8
-7
-1
-4
0
5
3
4
5
3
1
0
-6
-10
-3
2
0
-5
-1
3
8
9
8
5
3
-2
-4
-1
-1
-10
-11
-6
-3
1
-2
-5
-3
-6
-8
-11
-11
-7
-5
-6
-6
1
8
6
-2
-10
-8
0
-3
-5
-2
2
0
0
3
2
-1
-1
3
8
8
9
3
-5
-3
-3
-3
1
3
7
7
6
7
5
1
-2
-1
-9
-10
-1
0
-3
-5
-6
-5
-2
0
-1
0
6
1
-1
3
3
0
-4
-5
-7
-6
0
5
4
5
7
6
5
4
1
1
5
3
-2
-2
-5
-5
-2
2
4
7
7
2
2
6
12
13
9
6
7
2
1
2
-2
-3
-5
-6
-6
-3
-2
-8
-6
-6
-7
-7
-8
-9
-7
-6
-4
-2
-3
-5
-3
1
-1
-5
-2
2
6
6
7
9
6
3
0
0
2
3
6
4
5
-1
-6
-3
-3
-3
-3
-3
-4
-3
0
-3
-5
-1
-7
-11
-6
-5
-3
-2
-3
2
9
6
5
0
0
5
3
2
-5
-6
-3
-1
0
3
7
7
8
0
1
6
7
3
0
-2
-4
-3
0
6
12
13
8
7
4
1
0
-4
-9
-12
-9
-6
-5
2
6
8
6
6
10
12
13
12
9
5
-3
-3
-2
-4
2
6
4
2
-2
-7
-7
-5
-7
-5
-5
-8
-6
-5
-8
-5
2
7
8
10
6
-6
-7
-3
-4
-3
-5
-1
3
4
4
0
-4
-5
-2
-2
-2
1
-5
-7
-9
-11
-10
-8
-3
-2
-4
-5
-6
-3
-1
4
11
13
14
10
7
7
7
3
-1
2
6
2
-2
3
5
0
-1
0
-2
4
4
-7
-13
-19
-22
-15
-6
-4
-2
1
3
3
0
-3
-3
2
1
2
6
2
0
-1
-3
-1
3
6
1
-6
-6
-2
-2
-1
6
7
5
4
-3
-3
2
4
4
7
9
3
2
5
3
6
2
3
1
1
0
-4
-8
-13
-9
0
5
4
6
-2
-8
-12
-12
-6
-2
2
0
1
2
-2
-7
-7
-4
-3
4
3
-1
1
1
-1
-1
0
1
2
-7
-7
-3
-2
0
2
2
1
4
3
1
-3
-3
2
5
7
4
3
0
-1
2
3
6
2
-5
-7
-8
-3
-3
-3
3
2
4
2
-4
7
6
0
-4
-6
12
6
-4
-12
-17
-2
-3
5
5
-5
-4
-8
-2
8
12
6
-6
-4
-3
-2
-1
0
2
2
9
4
4
4
-2
4
13
21
12
0
-11
-20
-7
1
11
12
0
-7
-2
3
2
3
-4
-4
10
2
-5
-7
-12
-10
2
6
-1
0
3
0
5
11
5
5
7
0
-1
-2
-2
-4
-6
-7
-6
6
4
5
7
2
-1
-4
0
-2
-3
-4
-9
-4
-4
-5
-1
2
10
13
10
1
-4
-4
-4
4
7
-4
-2
-1
-6
-6
-5
0
3
3
2
-5
1
-2
-5
-3
-6
0
0
-1
0
-2
3
2
3
2
-6
-4
-1
-4
-1
1
1
-3
-2
2
2
1
0
-3
-7
-9
-2
-2
-3
4
2
-1
-4
-5
-3
2
11
10
4
4
-8
-17
-4
9
12
16
3
-8
-11
-10
1
5
18
8
-11
-8
-7
3
8
9
4
-5
0
-6
-8
0
4
7
-3
-6
-11
-11
2
3
9
11
0
-6
-13
-7
4
15
18
3
-5
-7
-4
4
13
18
11
3
-4
-10
-5
7
15
16
6
-5
-19
-16
1
19
29
18
-5
-20
-14
-6
0
7
4
-12
-19
-17
-2
21
20
4
-3
-3
-7
-9
-3
0
-4
-11
-22
-20
-9
2
-2
-2
5
8
10
2
-2
9
10
4
-10
-19
-7
1
3
5
9
4
-3
-8
-15
-6
9
6
-4
-3
-15
-14
4
-5
2
14
4
-3
-18
-7
5
14
18
-1
-6
-12
-13
8
21
27
21
-5
-20
-11
14
23
19
-3
-15
-10
-10
5
16
5
2
3
-15
-16
14
32
29
7
-16
-26
-2
26
5
8
24
-6
-4
-1
0
13
13
16
8
18
2
-14
3
-14
8
13
-19
-9
-27
-21
-9
8
14
-1
10
-13
-16
-5
-7
17
10
-8
-20
-34
-9
15
14
8
12
13
-16
-17
11
14
17
-7
-47
-48
-19
-1
-2
17
8
-19
-15
-1
18
49
44
2
-14
-22
-24
-13
-3
9
9
4
-16
-24
2
6
26
41
22
14
-18
-39
-30
-4
6
9
0
-37
-38
-18
-7
28
39
25
9
-29
-41
-11
22
17
6
-4
-24
-15
0
1
11
12
-1
-1
20
44
25
16
7
-24
-1
14
22
23
3
4
-23
-34
-11
11
38
17
-3
-15
-29
-2
4
15
40
17
-10
-17
-34
-50
-28
2
23
54
25
-19
-35
-28
-8
30
48
8
-29
-54
-61
-25
12
25
20
6
-10
-11
31
53
49
35
-11
-34
-31
-16
8
18
8
-22
-27
-26
-12
28
40
41
11
-20
-33
-33
10
22
9
-16
-47
-57
-56
-13
32
42
40
11
-24
-31
2
42
44
41
14
-42
-61
-46
-12
33
48
29
4
-24
-27
-9
12
42
45
17
-30
-52
-41
-12
30
45
23
-12
-42
-51
-9
35
53
52
16
-36
-52
-42
-14
32
47
6
-25
-39
-44
-1
47
56
43
18
-32
-53
-19
2
25
35
23
2
-21
-36
-35
13
47
50
32
-19
-26
-27
-10
27
32
31
-11
-37
-41
-41
3
18
17
21
2
-5
-23
-16
5
6
16
-2
-13
-16
-30
-16
-13
9
33
17
-1
-22
-13
2
9
24
28
40
17
-24
-30
-21
4
18
16
11
2
-8
-25
-20
-2
13
23
15
-7
-15
-11
-21
-18
-7
7
14
-2
-16
-17
-10
-6
-11
7
15
18
6
-26
-25
-6
1
6
10
15
-1
-23
-26
-23
-1
10
6
16
13
10
-4
-18
-12
1
23
21
19
1
-32
-30
-24
-3
22
25
23
3
-3
-6
-5
7
7
21
20
5
-13
-34
-26
5
21
25
19
6
-2
-16
-19
-2
23
20
6
-5
-14
-1
9
7
4
1
-6
-16
-1
6
-2
14
8
-12
1
16
11
0
-3
-3
8
18
-13
-26
-1
3
8
5
-14
-12
5
-9
-20
4
6
-6
2
-10
-25
0
9
-4
10
16
5
3
-3
-11
2
17
23
12
11
6
6
11
0
8
18
13
7
-4
4
-2
-9
-12
-11
17
31
18
-13
-29
-17
-7
6
18
12
-1
-19
-29
-36
-10
27
18
4
-7
-20
-19
-12
-6
11
25
14
-3
-8
-3
2
7
2
0
11
7
7
10
4
-2
1
1
-9
5
4
-17
-7
-12
-14
9
-6
-14
-3
10
4
-9
5
-1
5
11
-8
-7
4
3
-2
1
1
-1
4
-4
3
17
8
-3
-5
8
11
1
-12
-13
4
0
-13
-9
0
9
20
9
-5
3
-1
-13
-10
-15
-14
7
1
-11
-17
-13
-8
3
15
10
11
2
-30
-23
1
5
13
3
-19
-23
-12
-8
-4
17
11
3
-1
-20
-13
-1
12
15
9
2
-18
-22
-12
1
24
26
24
13
1
0
6
15
8
9
9
-7
-8
-11
-13
8
19
9
-9
-8
-5
-6
2
-4
-4
-1
-4
-1
5
14
4
-10
-10
-10
3
8
5
2
-4
-7
-19
-14
-1
5
11
2
-1
-7
-10
-1
-6
4
16
20
8
-9
-4
-9
-8
-2
-4
10
15
1
-4
-11
-12
6
24
16
7
4
-10
-14
-8
-9
0
20
12
-7
-10
-14
-6
13
15
12
13
1
-16
-8
0
1
5
5
-5
-3
-4
-14
-9
4
8
12
13
11
6
8
10
3
6
-1
-1
6
7
5
5
-2
-16
-17
-10
4
11
2
-8
-9
-7
-5
-2
0
4
8
5
-2
-7
-10
-1
10
18
10
-2
0
-1
2
2
1
6
6
-7
-13
-8
-5
6
8
4
8
5
-2
-5
-6
-12
-6
6
1
-2
2
-3
-2
3
-1
0
7
2
2
5
-6
-10
-2
-1
-5
-5
-2
0
-2
-3
-6
-2
4
1
1
-5
-11
-13
-9
-8
-9
-3
-12
-10
6
8
3
8
8
-2
-5
-4
-7
-2
3
-6
-8
-2
1
0
-2
-9
-11
-8
-6
-8
-2
3
5
1
3
2
3
15
19
9
7
4
-2
-7
-5
0
3
8
4
-3
1
7
4
0
5
0
-4
-3
-7
-1
7
6
-3
-7
-2
2
-3
-9
-10
-10
-3
-6
-2
2
4
16
18
16
12
2
-1
2
-2
5
8
6
8
0
2
8
9
-2
-8
-3
-10
-13
-5
-1
0
2
3
6
8
6
5
10
14
14
8
3
-3
-14
-15
-6
5
6
4
-2
1
7
4
1
1
1
4
7
14
14
2
-6
-16
-20
-8
-5
-3
5
1
1
1
0
7
8
13
11
-1
1
-2
0
4
5
5
0
-4
0
6
7
2
4
10
8
-6
-9
-3
-3
-5
-11
-13
-6
2
-1
-2
-1
0
-1
3
8
13
6
-4
-8
-5
-3
-6
-2
-7
-9
-8
-12
-3
7
12
12
1
-6
-8
-3
0
-11
-7
-2
-1
0
-6
-4
4
4
-2
-8
-4
-5
-12
-18
-13
-1
-2
-5
-9
-6
-4
1
-2
-6
9
15
2
-8
-13
-9
1
-1
-9
-12
-8
-1
-2
-7
-2
2
-4
-12
-12
-3
10
14
9
3
6
4
1
4
5
9
8
8
9
8
9
1
-11
-12
-1
8
9
5
7
7
2
3
3
-1
-3
-2
-7
-10
-8
-9
-11
-14
-8
-2
5
3
0
-3
-8
-8
-3
1
3
5
0
-5
-5
0
0
0
1
-4
-8
-9
-8
-1
2
4
-1
-13
-15
-11
4
13
9
12
14
10
2
-2
0
-4
-8
-11
-11
-2
6
14
12
18
24
19
15
8
7
5
2
2
3
0
-8
-8
-1
8
10
8
8
6
10
7
2
4
-2
-8
-7
-4
-1
-4
-11
-7
-4
-3
0
0
-4
-4
-3
-2
-6
-10
-11
-7
0
2
2
-1
8
12
11
6
-1
2
5
1
-5
0
6
5
-1
-5
-1
3
6
2
2
2
-10
-4
-1
1
9
11
13
8
2
-1
4
9
0
-2
2
4
8
-1
-6
-3
0
0
-4
-5
2
7
7
4
-2
-3
-5
-8
-1
8
10
8
2
-7
-6
-5
-6
-7
-3
-3
-8
-13
-14
-14
-7
-1
5
11
11
8
0
-4
1
6
-2
-11
-8
0
7
9
4
2
-3
-9
-8
-11
-3
-1
-6
-8
-9
-5
-1
5
8
7
4
3
-2
-5
1
5
1
-5
-5
-5
-2
5
8
12
12
11
1
-4
-2
-4
1
-1
-5
-3
-3
-1
-9
-8
0
-3
1
3
4
6
1
-8
-7
-2
-6
-16
-17
-5
3
1
-4
0
5
9
10
11
12
7
3
1
-1
0
-3
-2
-2
-2
-4
-3
2
6
5
4
4
2
7
6
5
10
8
3
-3
0
4
5
1
0
-1
-4
-7
0
7
6
4
-2
-5
-1
2
6
11
7
5
3
-1
-1
1
2
2
-2
-4
-8
-6
-5
-7
0
2
6
7
11
7
1
4
6
8
5
1
-5
-9
-6
-8
-8
-5
-8
-11
-13
-13
-8
-9
-10
-6
-2
-8
-11
-4
-3
-1
1
-2
-1
2
2
-1
2
4
8
11
7
7
10
9
4
5
5
1
0
-6
-12
-7
-9
-16
-16
-4
4
7
7
5
6
9
7
7
6
7
4
-6
-7
-2
1
4
7
4
-2
-2
-5
-7
-6
-3
0
5
5
1
3
1
0
6
7
3
4
8
0
-2
-1
-5
-6
-3
-8
-10
-3
-3
0
4
7
2
-1
1
0
-4
-9
-8
-6
-8
-9
-5
4
5
6
10
11
12
8
4
10
9
8
4
1
3
5
4
2
4
0
0
-1
-5
-4
1
7
3
-4
-5
-1
1
-4
-9
-4
-3
-6
-13
-18
-14
-10
-11
-12
-6
3
2
-1
1
0
-2
1
0
-3
5
8
-1
-4
1
3
2
1
0
2
2
3
1
2
-1
-1
1
-5
-6
3
5
0
-7
-11
-1
5
4
5
2
4
6
1
-1
2
9
10
5
2
2
3
5
2
-1
-2
-7
-4
-2
-6
-10
-13
-11
-5
0
0
-2
-6
-15
-11
-4
-5
-4
-1
2
1
0
1
-1
3
7
11
11
9
4
0
1
5
8
5
1
-2
-6
-3
4
4
7
10
6
4
5
9
8
1
2
4
4
1
-5
-7
-6
-4
-2
-3
0
-1
1
3
2
5
5
4
1
3
2
-3
-4
-4
1
5
1
1
0
-4
-4
-4
-2
-3
-2
-2
-3
-3
-4
-1
3
4
9
6
5
1
-2
-2
0
7
9
2
-2
-1
-1
-2
-4
-2
-4
-6
-6
-7
-11
-7
-8
-6
-3
-4
-4
-10
-5
3
1
-1
-8
-13
-15
-14
-6
-2
5
11
9
9
8
11
7
3
3
6
10
8
9
8
2
11
9
8
13
13
13
13
7
-3
-4
-3
-2
1
2
-2
-3
1
0
-5
-9
-8
-4
-1
1
1
-2
-3
-7
-12
-8
-5
1
0
-4
-6
-9
-3
-1
-1
-3
-10
-4
3
9
12
6
4
3
-5
0
5
4
2
2
4
2
3
2
0
6
3
-7
-13
-12
-7
-1
-5
0
2
-5
-10
-13
-6
-4
-6
-6
-4
-1
-2
-4
-2
3
4
6
1
1
8
5
-2
-7
-8
-4
-1
-5
-2
1
1
2
0
8
12
9
7
-5
-8
-8
-4
0
-1
0
2
-3
-3
-1
-2
-3
-2
-2
-4
-4
-2
0
-1
2
6
4
7
9
4
5
4
2
2
7
4
4
5
3
8
11
8
-1
-1
3
4
6
1
-8
-7
-9
-11
-7
2
-1
-6
1
1
-4
-7
-9
-6
0
-1
-7
-5
1
2
0
0
5
4
-5
-12
-10
-1
1
1
0
-5
-3
0
-2
1
10
8
4
4
2
1
2
1
-1
-4
1
-3
-4
1
3
-1
-7
-13
-17
-8
-8
-11
-7
-3
-4
-6
1
8
7
1
9
6
9
16
13
17
11
3
3
7
6
8
11
8
10
8
6
7
4
2
-1
-1
-2
-3
-4
-1
0
1
0
-2
-3
-4
-4
-6
-5
-3
-4
-2
0
6
4
2
0
0
2
2
2
-3
-4
-2
4
4
-1
-2
-3
4
5
4
1
1
2
3
1
0
1
-4
-2
-2
-3
1
2
5
0
4
5
1
5
6
2
4
1
-5
-2
-2
-2
-3
-8
-10
-7
-5
-2
-1
1
-2
-1
2
4
6
7
9
6
1
-4
0
3
-4
-7
-7
-7
-5
3
7
8
11
6
-4
-5
-4
-3
-4
-2
-2
0
-1
-2
-2
1
8
7
1
-2
0
-3
-5
1
-7
-5
-4
-7
-2
1
0
0
-2
-3
-2
1
-1
-8
-2
-2
-7
-4
-6
-6
-10
-8
-6
-2
6
1
-4
-9
-10
-10
-13
-8
-7
-3
-2
-1
5
4
4
0
-3
-3
-4
-2
-3
-8
-6
-5
1
10
11
8
7
11
8
4
2
1
0
1
4
2
6
11
10
5
6
2
-4
-3
-2
2
3
6
0
-11
-7
-3
5
5
3
-1
-5
-4
-3
0
5
3
-2
0
0
4
4
-1
-7
-7
-4
-8
-8
-6
0
3
4
6
1
1
-3
-3
2
5
6
7
0
-1
1
3
7
6
8
8
6
8
5
3
7
9
0
1
1
-6
-12
-12
-13
-12
-9
-6
2
5
9
8
7
8
6
6
7
3
0
-1
-5
-8
-8
-1
0
-4
-10
-14
-8
0
4
9
13
11
12
10
7
8
6
7
7
5
0
-4
1
0
-1
-1
4
10
9
7
6
4
-1
-7
-10
-6
-5
-1
1
4
4
3
-2
1
5
7
4
0
2
1
-4
-7
-2
5
0
-2
-6
-7
-9
-18
-13
-5
-3
-1
-1
-4
-6
-4
2
3
9
9
7
12
7
-6
-8
-1
-2
5
8
-2
-3
-1
-4
-10
-3
4
4
4
0
3
9
7
3
-1
2
5
2
1
1
-4
-5
-6
1
12
13
8
3
1
-2
-9
-7
-6
-6
-4
-6
-8
-4
1
4
5
6
4
-3
-4
-1
-4
-3
1
-2
-5
0
1
-2
-4
-7
-6
-1
3
3
2
3
3
2
0
-2
-4
-6
-5
2
4
-1
-4
-7
-4
3
5
-1
-7
-7
-4
0
1
5
5
1
-2
0
0
5
11
1
-2
-2
0
3
0
3
7
7
3
-1
-1
-2
-4
-7
-10
-8
-6
-2
-6
-1
-5
-7
-5
-8
-9
-8
-4
-8
0
9
12
9
3
2
-1
2
2
2
2
3
3
1
4
6
4
2
-1
0
0
0
-1
-4
-1
0
-4
-4
-6
-2
3
-2
-2
0
5
5
-1
0
4
6
1
-6
-5
-1
1
-1
0
-2
0
-3
-8
2
8
6
1
-5
-9
-9
-7
-5
-2
-1
-5
-7
-9
-6
-1
4
8
12
9
4
2
-1
-3
5
8
6
5
1
-3
-3
-4
0
0
-4
-6
-3
4
4
3
1
-2
-2
1
1
-5
-3
-1
1
7
5
0
1
2
4
7
5
7
7
6
6
9
7
2
0
-2
-6
-3
0
-5
-4
4
3
2
-1
-8
-9
-8
-7
-5
-10
-10
-5
-5
-5
-5
0
-1
-3
-1
2
6
3
0
-1
1
2
2
3
4
5
0
-4
0
0
4
-1
-7
-5
-4
-2
-1
-2
-6
-5
-2
-1
-5
-6
-2
-2
-4
-2
5
4
-1
-1
0
4
7
7
6
-1
-6
-3
-1
2
4
6
4
2
2
5
8
10
6
4
6
6
6
3
2
3
0
-4
-3
1
1
6
8
2
3
-1
-4
1
6
4
-4
-9
-6
-3
0
8
11
7
6
2
1
5
5
3
2
1
-3
-5
-3
2
5
7
7
4
-1
-2
-1
-2
-5
-7
-5
-5
-3
-3
-7
-5
0
-1
1
3
3
3
5
1
-2
-4
-6
-6
-8
-7
-4
-1
0
3
6
2
2
1
3
-1
-3
0
3
6
6
0
0
-3
-8
-8
-7
0
-4
-4
-5
-7
-3
-1
0
-1
-2
-3
-4
-3
0
3
6
4
5
4
1
2
3
1
1
4
4
4
3
2
0
5
10
8
8
7
6
3
1
0
-1
-6
-8
-8
-9
-8
-4
-4
-2
-2
-4
-7
-8
-8
-4
-1
-3
-3
-7
-6
-2
0
3
9
11
10
11
4
0
-4
-2
1
0
-1
2
6
8
10
9
6
-2
-5
-3
-3
-4
-1
-3
-5
-5
-6
-2
-3
-8
-7
-3
6
9
8
9
6
5
4
1
0
2
2
3
4
2
2
-2
-7
-4
-2
-4
-6
-8
-10
-6
-4
-8
-8
-7
-5
-3
-4
-2
-4
-4
-1
-2
2
7
6
5
1
2
4
4
4
4
2
-1
0
2
3
0
-5
-8
-8
-4
-3
-6
-5
-2
2
4
2
-1
-2
3
6
6
8
5
-1
-2
0
0
2
1
-4
-8
-9
-2
-2
2
3
2
2
2
0
1
1
2
1
-3
1
5
2
-2
-3
-1
0
0
-2
-4
-6
-4
1
1
1
6
6
3
2
1
-1
0
-1
-5
-5
-7
-11
-13
-4
4
4
3
-3
-5
-5
-4
-1
-3
-7
-7
-3
-2
1
4
3
-1
3
5
10
13
9
4
3
10
10
3
3
13
9
-4
-6
0
4
6
3
1
0
3
3
0
2
0
-6
-10
-4
-5
-11
-13
-12
-10
-4
-2
-6
-6
0
0
0
1
-3
-1
1
1
4
3
-1
2
-1
-2
4
2
-1
-6
-6
-7
-7
-2
0
2
-1
-3
3
-3
-8
-4
-2
-3
3
6
2
-1
-3
-4
7
21
14
3
-3
-1
0
5
8
10
4
1
7
10
10
8
10
5
4
9
2
-7
-3
2
5
10
11
6
3
6
10
9
4
1
5
0
-1
-7
-12
-2
-2
-4
-6
-8
-6
-4
-1
-2
-8
-12
-13
-9
-5
-5
1
7
7
6
3
-1
-6
-5
-2
0
-1
-4
-6
-5
-2
3
6
5
7
15
13
6
-5
-8
-6
-14
-11
-2
2
4
0
-2
-2
-1
-2
-5
2
10
11
13
10
4
-1
-3
-1
-1
3
-2
-16
-6
-2
1
4
4
11
6
-1
-1
-2
-3
-4
-9
-11
-7
-2
-2
-3
-8
-12
-9
-7
-11
-8
-1
3
8
5
-3
-1
6
13
8
2
5
2
3
0
-2
1
-2
6
12
11
9
6
1
-3
-4
-1
-4
-9
-9
-10
-7
-5
-5
-5
-4
-6
-6
3
8
-2
-13
-13
-6
9
13
7
0
-7
-3
9
16
13
6
-2
-5
0
6
4
-1
-2
3
7
9
5
-1
-3
0
7
10
5
0
0
-3
-4
3
7
6
2
-1
-3
2
6
6
1
8
6
-4
0
7
7
2
3
-1
2
8
5
1
-5
0
9
4
-2
1
1
1
-2
-3
-1
4
7
3
-3
-6
-4
-8
-11
-7
-5
-4
0
-4
-4
1
1
-4
-3
2
4
6
2
-7
-6
-6
-7
-1
2
-2
-6
-9
-6
2
9
5
-2
-7
-10
-10
-5
1
2
-2
-3
-1
3
5
8
2
-3
-3
-4
4
7
6
-1
-3
1
-4
-2
4
6
8
1
-11
-8
1
0
-3
0
3
5
4
1
0
4
5
5
2
2
1
-5
-4
-6
-6
-7
-6
1
2
3
-2
-9
-9
-7
-11
-12
2
27
2
-21
-12
-2
14
18
13
-1
-11
-9
-9
7
21
1
-13
-7
11
29
3
-17
-7
2
6
2
2
8
-6
-18
-7
-5
5
-8
-2
7
-12
-4
-6
16
23
-4
-5
1
7
6
1
2
8
-5
-11
-5
3
16
-5
-14
-5
-6
3
-5
-7
-3
-1
1
-6
-2
11
12
9
8
8
10
-4
-2
11
16
6
-12
-3
5
6
10
8
-3
-10
-17
-20
-9
-7
-8
-16
-11
3
-4
5
8
4
-3
-8
-1
-3
1
-5
-10
2
1
3
1
6
10
4
9
14
16
8
-2
-5
-1
1
-5
-6
-1
7
4
-1
2
5
8
5
0
11
10
7
3
-10
-3
-9
-2
5
-5
1
-2
-1
-3
4
13
3
-3
-4
-11
-8
-8
-16
-16
-13
-11
-12
1
3
2
7
-2
-4
1
10
4
-8
-20
-4
10
-9
-19
-11
3
4
7
9
5
-6
-15
-4
17
23
18
7
-1
8
0
-18
-19
1
3
-9
-12
-16
-4
-2
-7
0
0
-6
-13
-6
-4
6
6
3
13
15
-5
-6
6
-6
-1
7
9
16
12
-3
1
5
4
-1
1
5
5
7
0
-4
-4
-4
-4
-12
-7
6
20
17
-10
-17
-3
-1
4
17
16
0
-17
-17
-2
21
23
11
12
16
14
14
10
-3
-13
-10
4
19
26
17
-2
-13
-8
7
23
14
0
-15
-20
-9
2
6
2
-8
-15
-7
2
9
10
-4
-9
-6
4
12
8
-1
-8
-14
-15
0
7
6
5
2
3
4
-7
-9
2
0
2
3
2
1
-10
-11
-17
-11
0
-1
8
3
-7
-21
-12
19
12
-4
-4
-5
8
12
2
-1
2
15
8
10
10
-1
10
-7
-5
1
-5
14
6
8
3
-7
0
5
20
13
-8
-3
9
5
6
-5
-25
-18
-12
3
2
-3
-10
-39
-20
-6
-6
-9
-21
-20
-6
5
3
-6
-4
7
5
13
8
-10
-10
-31
-26
14
38
46
26
-1
-21
-23
5
22
24
7
-22
-26
-19
-11
-11
-1
-3
-14
5
2
4
7
-2
-4
-6
-12
-21
-4
7
0
5
-7
-11
9
20
15
-5
-6
-13
-7
13
7
12
-7
-8
17
25
57
54
47
34
2
13
28
32
27
6
-12
-14
0
14
-2
-15
-11
-11
-7
-11
-30
-38
-45
-38
-15
-5
-3
-7
-19
-20
-11
2
12
8
-6
-24
-12
13
17
2
-7
17
28
15
19
1
-23
-12
2
20
30
3
-3
-23
-36
-33
-23
13
0
-24
-22
-23
-17
-8
-22
-23
-12
-8
-5
-10
0
-17
-22
-11
-22
-1
14
4
-6
-12
-5
9
15
16
15
25
31
11
12
18
24
21
17
22
16
23
20
8
13
11
8
23
11
2
14
-2
-5
5
-7
-16
-19
-20
0
9
2
-25
-48
-36
-33
-14
23
31
13
-23
-30
-16
14
47
30
13
-2
-12
14
39
41
9
-11
-14
-7
12
14
16
16
-7
-23
-15
-12
-4
-1
-21
-28
-15
-4
4
1
-9
-18
-25
-20
-32
-21
-4
-6
7
-5
-6
-13
-41
-40
-27
24
48
9
-23
-70
-90
-55
19
87
91
66
6
-35
6
55
107
158
131
80
44
11
15
32
69
76
42
22
-1
-23
-32
-55
-31
-1
-30
-42
-90
-141
-136
-88
-3
11
-5
-56
-118
-96
-32
52
116
109
25
-82
-87
-29
18
98
121
64
-18
-104
-109
-53
14
54
70
50
-13
-54
-85
-66
38
122
141
146
76
-22
-71
-81
19
130
181
128
-5
-105
-170
-139
-35
45
70
-27
-164
-235
-260
-201
-85
7
34
-40
-107
-135
-115
-54
33
110
130
106
41
11
48
125
187
238
227
122
38
-13
-15
55
129
143
34
-125
-191
-183
-107
10
35
-28
-135
-218
-222
-129
8
75
54
-22
-98
-120
-107
-51
65
127
127
78
-46
-132
-103
-14
74
167
189
95
-46
-131
-80
40
198
318
236
20
-152
-163
-29
131
251
211
67
-141
-307
-262
-79
94
107
-35
-177
-238
-273
-270
-119
61
105
48
-49
-106
-85
1
69
144
260
277
143
-26
-38
90
182
220
236
186
40
-87
-120
-53
95
133
-7
-160
-228
-241
-219
-140
-31
39
14
-69
-139
-137
-27
52
50
70
86
16
-69
-46
15
97
165
173
132
36
-62
-84
-5
150
239
186
58
-15
-28
-33
88
251
259
185
32
-130
-118
28
156
219
187
87
-96
-332
-324
-110
88
120
-31
-218
-346
-372
-337
-197
26
125
30
-184
-292
-198
-96
-6
113
179
143
40
-54
-69
97
283
301
230
168
75
-47
-93
-16
102
92
-22
-138
-238
-244
-216
-192
-63
16
-52
-201
-275
-201
-96
-42
-2
69
73
-5
-95
-45
114
199
138
77
112
120
109
101
143
269
261
127
75
125
206
262
290
297
288
81
-190
-63
179
273
305
119
-133
-238
-384
-371
14
262
118
-182
-457
-506
-314
-215
-56
204
109
-162
-348
-353
-75
216
253
235
283
166
-73
-141
41
288
406
282
113
-21
-146
-202
-151
-18
72
59
-164
-394
-382
-221
-107
-77
-118
-207
-151
-130
-157
11
182
179
74
-134
-210
74
335
240
100
92
-60
-136
-116
11
254
292
109
-83
-73
-22
-57
-42
81
294
307
117
76
-61
-317
-187
112
290
333
140
-181
-394
-538
-516
-44
423
344
-154
-605
-660
-365
-230
-58
372
428
-15
-470
-498
-59
446
456
267
326
217
-20
-173
-70
343
591
336
12
-34
-54
-111
-92
-26
88
98
-156
-433
-491
-273
-75
-47
-109
-221
-225
-284
-296
-79
205
349
128
-127
-211
-33
261
263
185
198
81
-179
-195
74
256
297
158
-50
-25
107
49
36
185
321
269
85
141
267
-16
-309
-49
382
541
413
80
-213
-299
-542
-509
235
662
280
-482
-938
-719
-276
-182
50
533
353
-275
-659
-570
87
611
376
183
306
167
-161
-287
14
563
692
213
-55
-35
-130
-192
-231
-112
170
156
-252
-520
-451
-179
-10
-63
-78
-65
-191
-340
-271
-60
171
276
115
-14
0
90
231
244
190
191
114
-47
17
92
190
286
188
19
-68
-18
6
124
223
276
339
181
120
-112
-622
-431
151
441
438
209
-206
-470
-701
-869
-201
770
677
-127
-965
-1250
-681
-282
-78
595
829
67
-715
-912
-394
610
888
457
454
398
65
-120
17
620
1187
886
214
-37
-144
-219
-110
-28
184
394
-5
-643
-899
-653
-198
-49
-143
-160
-225
-597
-742
-480
-72
397
359
-50
-226
-106
2
146
335
365
257
54
-55
9
113
241
336
175
173
180
19
68
234
313
260
391
341
200
-215
-758
-318
392
636
425
59
-401
-654
-1109
-1158
157
1163
683
-548
-1367
-1266
-479
-295
-43
823
750
-314
-1137
-1085
-11
1146
827
268
528
392
-97
-339
-28
874
1423
623
-116
-171
-205
-269
-315
-137
369
516
-348
-1099
-1095
-516
39
22
-101
-55
-279
-699
-649
-122
468
662
228
-278
-171
66
218
548
656
503
65
-192
9
304
457
481
328
69
-28
-135
-110
221
446
270
204
218
99
153
-483
-967
-183
545
599
305
-201
-610
-642
-1166
-1045
680
1483
481
-933
-1746
-1155
25
29
320
1175
701
-663
-1327
-998
581
1718
707
29
404
285
-165
-397
11
1129
1457
309
-325
-172
-232
-263
-327
-158
507
532
-535
-1294
-1130
-426
93
5
-339
-377
-508
-929
-808
-103
605
622
-29
-594
-449
159
431
431
530
559
231
-133
3
351
607
672
346
35
164
198
-22
68
288
427
533
384
178
315
-204
-1055
-319
630
1001
867
-162
-902
-622
-1056
-1466
331
1596
890
-593
-2137
-1970
-145
105
4
1149
894
-470
-1382
-1606
-6
2026
1270
43
508
355
-172
-396
-195
1165
2020
696
-373
-245
-182
-122
-216
-173
644
910
-431
-1509
-1482
-719
57
33
-321
-239
-411
-1103
-1093
-406
411
839
278
-517
-530
-150
195
414
626
754
364
34
-107
2
411
725
667
260
141
73
-97
2
204
358
652
634
290
-44
155
131
-935
-794
379
1180
902
-141
-900
-854
-961
-1500
-337
1549
1431
-422
-2223
-2231
-509
172
-87
864
1220
-48
-1482
-1826
-408
1673
1587
389
570
587
-91
-633
-477
937
2295
1297
-169
-287
-291
-352
-208
-68
670
1092
-64
-1338
-1435
-800
-80
85
-164
-75
-403
-1165
-1255
-577
229
814
469
-281
-355
-354
-262
284
807
828
364
-149
-357
-179
136
583
824
521
-10
-326
-330
4
75
149
558
717
609
143
-77
395
94
-1268
-753
837
1368
798
-345
-1201
-876
-1022
-1582
399
2325
1390
-860
-2736
-2463
-218
399
26
1255
1275
-544
-1766
-1883
-156
2340
1859
195
390
273
-277
-457
-103
1415
2554
1005
-606
-479
-312
-149
78
92
678
814
-769
-1944
-1642
-544
359
187
-398
-448
-1063
-1914
-1280
82
1143
1169
152
-970
-931
-255
241
1217
1722
1056
-309
-1046
-467
517
995
1195
684
-259
-761
-754
-100
737
987
237
-265
-228
24
380
607
839
1116
-102
-2098
-1241
665
1551
1276
169
-680
-534
-1345
-2480
-36
2827
2210
-521
-2931
-2838
-513
-196
-512
1591
2193
-104
-2203
-2603
-505
2571
1867
22
789
701
-622
-1205
-491
1681
3283
1367
-601
-342
-322
-507
-205
214
1295
1494
-729
-2390
-2041
-843
300
448
-79
-333
-962
-2283
-1989
-107
1123
1399
328
-1163
-1226
-549
145
915
1685
1480
-78
-882
-712
158
1134
1403
1066
141
-538
-650
-312
506
911
398
-43
-363
-200
128
603
1327
1226
709
-1547
-2248
-395
1146
1848
1070
-232
-1017
-1450
-2766
-1627
2264
3305
1062
-2049
-3664
-1973
66
-534
915
2759
1074
-1843
-3201
-2110
1462
3074
776
452
1249
49
-1118
-1054
592
3272
2815
-248
-852
-312
-545
-458
-52
875
1856
432
-2203
-2418
-1150
191
631
21
-415
-560
-1816
-2668
-974
1035
1713
1041
-703
-1455
-726
-81
454
1276
1821
724
-735
-889
-218
755
1319
1182
654
-78
-527
-608
-72
697
661
23
-370
-252
137
321
754
1145
1077
-146
-2337
-1404
677
1923
1771
309
-996
-1109
-2104
-3095
283
3705
2642
-578
-3653
-3730
-790
-256
-421
2303
2434
-688
-2992
-3290
-421
3324
2211
-132
1065
761
-820
-1152
-348
2172
3813
1099
-924
-100
-132
-543
-274
248
1602
1682
-1125
-2706
-1726
-495
382
292
-238
-352
-952
-2532
-2073
43
1193
1258
7
-1181
-1080
-348
145
701
1493
1296
-118
-603
-306
392
1120
1205
733
-47
-328
-344
-91
600
811
369
-175
-478
76
533
743
1126
680
502
-1312
-2498
-521
1353
2108
1104
-417
-1343
-1100
-2227
-2098
2064
3783
1422
-1864
-4145
-2708
306
-372
467
2820
1313
-1882
-3168
-2397
1180
3698
1003
27
1214
-111
-1289
-903
502
3129
3118
-231
-830
85
-397
-454
118
724
1810
729
-2048
-2311
-1083
103
549
103
-390
-502
-1818
-2708
-1086
753
1463
777
-768
-1465
-860
-243
477
1296
1488
504
-691
-757
-40
890
1204
1138
459
-381
-363
-168
314
828
567
-82
-342
-358
319
552
1023
1105
614
-372
-2487
-1359
563
1820
1560
53
-1122
-1229
-1748
-2740
191
3660
2704
-574
-3299
-3437
-568
138
-127
2354
2400
-902
-3273
-2942
-275
3076
2165
-76
1010
657
-1100
-1363
72
2277
3469
962
-847
-105
-170
-743
-254
676
1639
1383
-1136
-2304
-1373
-220
396
250
-193
-437
-1282
-2671
-1652
153
1037
1060
-341
-1396
-1030
-277
146
1157
1743
764
-358
-618
-353
831
1297
1119
788
-213
-593
-302
221
799
966
219
-632
-599
-152
275
984
1128
623
500
-1701
-2830
-457
1523
2412
1494
-650
-1522
-1206
-2758
-2247
2426
4052
1758
-1900
-4561
-2615
485
-233
1135
3433
1241
-2352
-3823
-2509
1763
3643
624
-157
711
-755
-1585
-870
1144
3714
2724
-765
-1053
58
-205
-224
307
1200
1820
43
-2443
-2249
-677
578
700
-114
-605
-920
-2058
-2542
-643
1117
1369
375
-1281
-1557
-678
194
805
1286
1348
193
-714
-406
292
1143
1392
895
68
-492
-226
-120
387
758
488
53
-570
-531
342
904
1243
1009
585
-339
-2708
-1821
501
2475
2498
291
-1510
-1523
-1718
-2723
449
4205
3217
-165
-3934
-4199
-551
573
203
2615
2371
-1070
-3473
-3271
-131
3598
2275
-645
463
20
-1423
-1198
219
2755
3775
564
-1451
-179
152
-349
60
939
1832
1250
-1675
-2677
-1124
306
865
187
-325
-559
-1426
-2864
-1545
689
1457
1126
-895
-1894
-1039
-215
-25
886
1678
792
-530
-851
-426
1046
1655
951
441
-283
-378
-413
-76
801
916
243
-619
-640
322
735
1052
1169
1078
-168
-3164
-2035
581
2450
2263
-86
-1469
-1082
-1818
-3266
464
4424
3175
-510
-4055
-3860
-78
315
-357
2834
2815
-1172
-3739
-3241
178
3796
1814
-781
1051
492
-1606
-1722
262
3005
3702
170
-1555
70
114
-766
-194
1267
2323
1206
-2101
-2906
-1019
448
665
157
-289
-712
-1760
-2997
-1079
986
1457
812
-1178
-1825
-686
169
409
1466
1579
20
-941
-701
-17
1553
1485
643
240
-357
-382
-9
466
809
486
-205
-776
-457
618
1058
1300
1287
824
-2013
-3334
-798
1394
2973
1896
-815
-1643
-1503
-3316
-2128
3371
4421
1601
-2555
-5146
-2434
1021
-297
1099
3488
628
-3063
-3908
-1850
2640
3880
-205
-351
1231
-638
-1833
-911
1665
3911
2288
-1459
-923
400
-485
-781
418
1990
2156
-432
-3142
-2060
-167
784
494
-8
-180
-1214
-3004
-2337
205
1395
1681
-327
-2171
-1394
-202
256
1459
2116
580
-531
-1132
-772
1172
2057
1170
665
-73
-651
-149
450
1217
1220
536
-638
-616
337
721
1017
1260
1317
-1900
-3619
-1084
1139
2753
1704
-992
-1352
-1091
-3585
-2375
3450
4522
1647
-2453
-5170
-2071
1366
-480
1107
3551
515
-2915
-3563
-1680
2833
3643
-487
-463
1149
-599
-1438
-629
1639
3843
1982
-1365
-558
540
-458
-655
417
1805
1926
-644
-2882
-1850
-141
877
558
76
-90
-1375
-3123
-1896
277
1189
1597
-482
-2113
-1293
-451
99
1550
1932
174
-598
-1070
-936
1044
1864
1160
921
-229
-875
-150
396
866
932
819
-436
-241
281
433
1009
1452
906
-2718
-2823
-291
1620
2469
872
-1376
-1204
-1557
-4148
-1104
4224
3746
253
-3474
-4917
-1085
1096
-421
2473
3420
-947
-3831
-2986
-239
3502
2745
-806
496
653
-1843
-1731
757
2813
3478
557
-1593
-43
161
-1069
-265
1677
2239
842
-1998
-2889
-1107
133
530
592
447
-512
-2728
-3316
-675
959
1558
1153
-999
-1765
-1075
-555
603
2681
1713
-451
-705
-1036
-284
1595
1567
1365
929
-736
-902
229
764
841
766
309
-262
-156
26
349
1124
1781
-459
-3450
-1493
620
1383
1666
-50
-1308
-480
-2676
-4023
1580
4467
1889
-879
-3950
-3433
457
-374
-180
4013
2104
-2451
-3399
-2182
1363
3603
851
-200
1860
-157
-2313
-1224
1515
3566
2549
-688
-916
441
-711
-1524
222
2375
2157
-300
-2821
-2377
-630
110
271
566
960
-1379
-3699
-2366
27
1185
1537
59
-1616
-1195
-1163
-858
1799
2894
630
-220
-757
-1019
845
1342
963
1752
738
-1048
-461
370
552
977
768
-26
511
501
118
542
1325
76
-2952
-1723
560
1759
1350
-469
-1826
-646
-1325
-3377
609
3971
1771
-1303
-3562
-3084
746
636
-846
2333
2035
-1931
-2991
-1338
1270
3095
611
-987
1484
909
-1187
-967
1144
2632
2249
-289
-513
857
-55
-1498
-509
1716
1975
201
-1977
-1914
-606
-95
-556
-322
1106
-577
-2971
-2128
-517
626
1217
-359
-1373
-75
-365
-1191
964
2190
369
127
-631
-888
1079
1081
222
1266
1046
-451
37
708
186
753
502
-373
817
976
298
468
1252
-1177
-3363
-776
1404
2406
1370
-1294
-2369
-1097
-2351
-2707
2633
4429
643
-3029
-4557
-2661
1699
658
267
2848
747
-3416
-3213
-186
2945
3861
-126
-1115
1124
-44
-1504
137
2549
3005
1361
-1487
-603
900
-66
-870
470
1901
998
-1028
-2284
-1039
117
285
-492
-709
-214
-1864
-2648
-510
542
533
558
-1254
-1765
50
137
16
1806
1117
-955
-144
10
214
1701
1194
161
839
212
-444
670
1056
273
415
23
-404
716
1173
643
801
1453
-1920
-3497
-541
1480
2287
1448
-1278
-2362
-1128
-3152
-2619
3517
4476
518
-3055
-4977
-2432
1664
328
1148
3395
15
-4173
-3454
-319
3168
3756
-146
-529
928
-978
-1836
759
3226
3326
1029
-1523
-390
702
-612
-869
1226
2313
710
-1652
-2503
-926
327
359
-188
-35
-411
-2693
-3156
-354
884
951
426
-1691
-1894
-394
-165
601
2674
1274
-1108
-562
-578
117
1974
1211
476
883
-526
-732
773
979
362
602
140
-532
863
1220
658
1318
948
-2763
-2806
295
1652
2017
981
-1839
-2141
-1238
-3251
-850
4448
3207
-628
-3466
-4475
-1232
1469
-74
1698
2702
-1457
-4045
-2297
568
2968
2200
-555
173
597
-1238
-1213
1648
3220
2425
315
-705
276
352
-544
-1
1789
1714
-490
-1776
-1500
-434
299
451
-225
-184
-1290
-3348
-1858
382
212
258
-211
-1877
-1572
-429
-245
1310
2223
-442
-1257
124
-201
739
1899
762
600
398
-685
190
1860
791
-403
543
197
155
1313
1121
697
1600
-858
-3852
-801
1964
2044
1276
-564
-2357
-1412
-2446
-3019
2392
4753
952
-2810
-4116
-2748
660
428
246
2794
872
-3755
-3923
-351
2560
2700
304
-343
950
-474
-2144
-150
3508
3253
832
-644
268
813
-188
-624
1361
2828
562
-1954
-1857
-303
267
161
-337
-73
-219
-2648
-2720
-30
817
-34
-448
-1506
-1583
-422
-494
428
2335
852
-1582
-599
188
689
1706
1067
232
559
-235
-396
1500
1675
31
-49
151
92
1305
1603
608
1057
-287
-3702
-1723
1881
2538
1514
-386
-2421
-1706
-1779
-2617
1400
4412
1218
-2833
-4244
-2638
780
1121
136
1737
651
-2908
-3527
-590
2344
2344
-213
-906
723
61
-1251
-472
2421
3132
932
-713
417
1074
1
-458
876
2516
1140
-1699
-2044
-148
593
239
-333
-393
-473
-2477
-2523
-310
937
220
-823
-1947
-1785
-252
-156
573
1629
144
-1604
-883
-204
1046
1891
983
249
107
-353
-12
1908
1340
235
346
-45
140
1133
1567
996
1186
-823
-3249
-1212
1579
2543
1364
-689
-2029
-1191
-2054
-2339
1557
3924
1178
-2672
-4188
-2449
882
715
435
1915
515
-2927
-3194
-171
2388
2321
-204
-763
680
-95
-1166
205
2527
2510
713
-593
444
1027
-49
-428
1157
2193
584
-1471
-1564
-205
447
64
-368
192
-878
-2797
-2077
-48
930
164
-849
-1843
-1573
-447
-535
899
1927
-109
-1468
-703
-265
654
1359
754
634
654
-616
-97
2057
1015
-60
508
597
928
1538
1185
766
1103
-1512
-2941
26
2360
2177
283
-1552
-2028
-1022
-1776
-1211
2373
2884
-575
-3732
-3668
-1079
1136
400
478
817
-1106
-3101
-2045
1217
2561
1014
-901
-572
291
102
-197
969
2351
1097
-529
-123
1419
1199
182
-143
1030
1449
-134
-1018
-336
413
115
-420
-644
-136
-1111
-1873
-1013
106
112
-710
-893
-1356
-478
96
-44
659
134
-1166
-809
408
641
875
594
16
-102
349
539
1567
1810
-198
-601
222
1215
1407
1756
1338
578
-546
-2820
-1357
1949
3204
1002
-1145
-2064
-1704
-1591
-1757
1081
3314
1222
-2886
-4167
-2247
301
849
561
1313
-429
-3046
-3158
64
2789
2217
-171
-934
-359
-846
-430
1145
2824
1952
-490
-1279
561
1487
723
524
1008
1172
-127
-1249
-355
882
603
-537
-663
-201
-979
-1964
-1141
190
390
-572
-1201
-1317
-817
-424
-362
855
768
-815
-1319
-420
446
795
804
474
83
-135
-264
876
2337
1023
-374
-142
438
889
1404
1743
1469
1006
-2063
-3268
184
2952
2434
180
-1602
-1785
-1061
-2141
-941
3094
2889
-1206
-4055
-3430
-814
1151
425
1001
968
-2159
-3926
-1473
2029
2574
691
-1025
-354
-374
-1050
269
2210
2649
372
-1293
-243
1467
895
368
1008
1290
506
-1013
-783
762
1169
-452
-496
191
-659
-1376
-1462
-283
447
-655
-1463
-856
-529
-688
-682
350
617
-698
-1368
-580
846
616
91
408
611
149
-388
619
2391
1552
-366
-505
496
1405
1127
1178
1439
1402
-1026
-2954
-506
2234
2638
370
-1300
-1640
-922
-1766
-1714
1894
2842
-183
-3185
-3284
-1452
422
341
477
1079
-1016
-3490
-2354
1269
2170
876
-523
-593
-193
-822
-119
1961
2755
428
-1094
-242
1467
1362
479
896
1253
435
-890
-311
1164
1515
-191
-1433
-12
29
-1115
-1179
-168
145
-687
-1567
-1204
-229
-111
-880
-331
428
-972
-1464
-329
718
671
-38
-136
359
316
-260
265
2101
1586
-456
-528
677
1479
1215
1215
1370
1487
-472
-2866
-595
2493
2880
510
-957
-1727
-1175
-1170
-1465
1503
2850
-177
-3345
-3053
-1301
264
391
305
680
-1249
-3374
-2399
1219
2283
668
-603
-673
-584
-1105
9
2102
2705
130
-1554
-464
1570
1542
751
1235
1297
82
-1094
88
1780
1870
-511
-1522
-20
-170
-654
-677
55
169
-1133
-2299
-976
514
-443
-1048
-363
-170
-979
-1238
-878
826
799
-679
-261
683
196
-494
377
1523
1242
85
-376
536
1490
1180
1114
1877
1695
-1467
-2385
792
3074
2534
55
-1580
-1538
-486
-1288
-353
2822
1500
-2282
-3757
-2174
-56
1322
55
-383
-491
-2553
-3175
-458
2280
1158
-820
-1313
-550
-432
-431
806
2155
1678
-884
-1185
860
1960
826
778
1555
1008
-361
-864
899
2232
957
-793
-290
27
-566
-892
-187
920
21
-2096
-2014
28
-140
-904
-496
-532
-883
-1417
-1566
19
1054
-601
-1009
354
195
-508
303
1238
1138
530
-340
217
1706
1482
805
1680
2368
-597
-2345
496
2851
2798
869
-1048
-1164
-262
-1536
-1183
2718
2499
-1519
-3649
-2704
-971
707
307
-253
-66
-2244
-3655
-1267
1958
1288
-728
-1178
-901
-792
-651
775
2061
1798
-536
-1294
593
1832
876
963
1886
1188
42
-409
798
1653
1204
139
-66
321
-601
-1284
121
1305
-440
-2016
-1263
-655
-929
-601
-822
-667
-251
-1878
-1959
315
515
-1008
-514
85
-432
-146
765
1024
1163
458
-686
1010
2416
1417
714
2068
577
-1860
169
2499
2833
1222
-945
-1856
358
235
-1338
1327
2595
-724
-3761
-2685
-840
867
562
-958
-851
-1619
-3230
-2216
1558
1887
-692
-1711
-1136
-711
-514
534
1484
1702
-297
-1697
120
2240
1353
544
1483
1322
-28
-506
397
1882
1900
58
-437
570
-41
-1214
-207
1077
506
-768
-1577
-1107
-395
-752
-959
-321
-740
-1990
-1731
-153
552
-204
-794
-910
-484
-56
206
1060
1616
230
-817
239
1595
1948
1928
859
-610
21
1236
2413
2275
764
-720
-638
-209
-282
1259
2053
576
-1995
-2834
-1521
181
654
-423
-1048
-1702
-2263
-2048
-176
702
-364
-1161
-1167
-878
-628
164
593
941
114
-697
117
1301
1085
627
1139
1067
351
75
621
1254
1454
568
-150
408
310
-391
-32
694
13
-827
-760
-547
-482
-522
-808
-756
-453
-1037
-1175
-441
-349
-939
-578
-48
-283
-438
-171
18
561
697
400
1095
1608
809
-881
-184
1643
2413
1966
459
-440
-177
565
-19
729
2066
752
-1287
-1857
-958
25
978
134
-737
-1209
-2209
-2071
-250
860
-317
-1261
-1507
-1569
-1083
-28
882
902
-31
-1206
-698
890
1367
601
809
941
124
-133
356
1203
1731
1206
159
-21
50
-126
203
1027
562
-441
-603
-670
-647
-387
-131
-199
-443
-1113
-1442
-286
293
-648
-1033
-334
-320
-411
-121
53
153
368
290
587
1389
78
-1383
158
2252
2322
977
-465
-723
454
391
4
1450
1985
-197
-2107
-1088
298
882
196
-644
-678
-1291
-1730
-783
964
572
-1403
-1619
-509
-192
-463
-20
443
241
-594
-742
389
1168
172
-225
635
727
103
135
889
951
511
-212
126
729
248
-125
243
524
-44
-499
-379
179
48
-324
-489
-507
-505
-642
-122
208
-60
-755
-727
-231
-35
92
249
263
32
-144
37
793
5
-704
221
1569
1532
49
-529
101
965
151
-152
1270
1400
-414
-1678
-685
559
771
-316
-605
-364
-959
-1279
-237
920
46
-1363
-1393
-375
-158
-134
398
538
-215
-1151
-603
893
1324
123
-114
428
162
-237
359
1221
934
-29
-737
103
993
494
-52
305
211
-665
-644
121
575
204
-541
-925
-584
-377
-347
124
138
-618
-990
-352
32
-17
111
190
-39
-192
-37
529
1453
449
-1011
-216
1383
1522
314
-164
81
627
-96
-735
819
1688
185
-1609
-1158
136
525
62
-119
-202
-1017
-1578
-825
710
440
-845
-912
-163
-330
-833
122
942
326
-907
-623
589
1034
209
-178
622
549
-291
-186
1012
1238
320
-338
34
467
89
-133
192
284
-328
-528
-75
195
-294
-734
-431
-64
-255
-548
-64
103
-480
-819
-173
389
116
-383
-260
297
265
150
391
958
278
-1009
-384
1376
1874
674
-145
-238
259
-53
-387
1081
1979
477
-1553
-1477
-261
583
488
40
-466
-1354
-1639
-522
857
453
-896
-1305
-782
-756
-636
627
1171
72
-1206
-872
361
904
463
391
895
248
-748
-145
1249
1398
480
-93
8
355
217
238
613
181
-596
-455
150
193
-230
-463
-376
-484
-641
-451
272
281
-673
-1021
-367
182
-104
-338
-262
-200
-90
41
432
892
507
-786
-526
809
1359
867
206
-5
196
305
-368
211
1325
835
-373
-838
-423
-72
260
100
-154
-502
-903
-788
-218
27
-571
-638
-40
-202
-920
-498
364
246
-454
-483
83
394
168
-14
555
680
9
-101
714
1129
501
46
87
285
330
376
429
128
-365
-363
241
412
-129
-519
-320
-227
-445
-430
-105
-161
-523
-590
-435
-183
-247
-322
-136
10
-69
67
336
428
303
-483
-482
468
1293
971
33
-306
110
777
319
174
1116
1286
63
-1097
-631
453
880
358
-147
-453
-868
-908
-208
525
101
-756
-777
-411
-630
-535
171
295
-396
-943
-406
377
370
-177
25
412
-116
-460
183
958
634
-126
-285
158
344
268
460
525
62
-378
-83
276
284
-31
-165
-102
-361
-536
-203
176
-65
-429
-472
-351
-322
-216
6
-34
-242
-239
-10
185
460
183
-478
-337
410
1050
960
133
-418
263
673
29
32
989
1095
-95
-982
-527
494
818
284
-224
-451
-725
-645
97
464
-215
-888
-625
-354
-540
-187
421
174
-766
-1111
-280
571
304
-226
-47
66
-413
-432
431
878
312
-262
5
475
376
197
467
572
78
-199
132
473
219
-189
-107
135
128
-43
81
230
-77
-349
-265
-142
-129
-77
-20
-203
-371
-269
-121
135
338
14
-596
-485
256
923
682
-313
-668
113
727
122
-97
641
873
28
-736
-425
428
874
406
-102
-377
-707
-600
200
593
-88
-668
-447
-218
-431
-186
416
342
-618
-1088
-227
692
361
-449
-299
150
-58
-310
153
659
271
-286
-152
389
309
-29
149
325
66
-171
138
529
387
-67
-150
112
137
-84
-34
172
13
-396
-337
8
41
-147
-214
-99
-103
-238
-300
76
432
243
-298
-631
-211
511
882
396
-282
-357
124
287
33
255
696
590
-196
-766
-480
426
909
440
-277
-710
-613
-140
437
352
-388
-739
-494
-255
-247
-31
173
-39
-563
-672
-87
423
135
-361
-128
327
201
-204
-72
395
343
-31
-122
90
205
169
214
278
-24
-358
-86
510
467
-77
-255
-52
17
-120
-69
200
131
-381
-534
-40
329
145
-176
-131
-101
-283
-141
304
539
328
-51
-439
-485
23
741
1047
377
-711
-742
285
819
283
-48
207
235
-462
-797
-1
871
551
-519
-849
-453
46
242
263
62
-472
-750
-364
206
238
10
-64
-74
-354
-493
-25
556
472
-42
-277
-199
-87
46
375
454
83
-320
-231
110
186
159
150
131
-114
-296
-70
337
345
-110
-422
-287
34
235
247
89
-120
-251
-148
70
258
197
-35
-227
-195
-27
100
97
3
6
106
169
41
2
71
357
524
179
-313
-252
388
591
194
-184
-4
282
-48
-452
-234
399
446
-90
-511
-457
-200
-46
220
306
-82
-651
-508
137
370
79
-218
-120
-87
-120
-29
268
276
-170
-406
-198
147
133
-18
-12
-73
-377
-449
-24
335
154
-266
-345
-140
-38
-90
-13
90
8
-205
-264
-77
18
42
53
49
-102
-191
-7
235
340
55
-223
-148
92
201
160
85
-18
-18
107
222
251
143
15
27
125
293
313
246
164
130
77
98
188
198
139
4
-119
-216
-112
63
113
-51
-280
-348
-225
18
71
-90
-176
-150
-85
62
158
111
-36
-71
51
124
132
86
-22
15
52
74
89
40
7
-78
-67
-115
-154
-114
-3
18
-154
-254
-239
-97
-67
-137
-191
-105
-3
-105
-147
-138
-67
-13
-36
-64
-95
-23
81
153
120
-31
-133
-68
75
205
287
200
-59
-225
-114
165
326
185
-77
-190
-75
101
177
199
83
-73
-116
-42
98
171
160
39
-146
-186
-2
181
166
-26
-159
-54
89
164
213
220
78
-107
-6
233
344
249
2
-111
-35
87
226
240
69
-184
-225
-49
86
45
-110
-201
-262
-315
-241
-72
-61
-212
-333
-249
-126
-141
-187
-100
-40
-54
-93
-103
-44
8
79
117
84
-2
16
118
163
151
137
139
121
33
-18
74
103
15
-64
-43
13
-5
-89
-76
-61
-119
-116
-60
24
9
-72
-90
-10
105
105
62
65
76
116
174
176
109
55
37
122
214
271
298
173
-26
-123
25
178
158
54
-32
-47
-79
-120
-111
-53
13
-15
-123
-189
-182
-171
-167
-142
-171
-193
-145
-136
-147
-190
-128
-19
21
17
-11
6
18
76
93
53
55
87
92
116
169
141
126
128
94
65
82
83
45
-3
-98
-157
-140
-84
-44
-70
-93
-84
-194
-289
-166
-27
-18
-126
-202
-223
-133
22
83
113
71
-32
-29
182
303
229
126
77
174
228
214
244
174
94
53
54
111
101
118
125
14
-113
-179
-68
36
-58
-199
-254
-203
-114
-163
-275
-287
-248
-146
-28
20
-40
-186
-191
-24
131
92
36
-3
-86
-20
144
202
144
97
88
168
231
171
174
167
84
28
24
97
115
49
-39
-29
-24
-100
-96
-10
-24
-104
-122
-139
-141
-122
-73
-30
-1
8
-7
-3
-7
-2
53
110
109
33
-22
1
43
46
29
-8
1
13
57
174
166
89
28
24
38
73
102
73
-7
-112
-85
-49
-72
-87
-96
-120
-212
-218
-175
-161
-130
-145
-138
-112
-85
-67
-49
36
23
-39
26
154
262
253
228
180
99
119
176
194
188
139
62
44
24
19
32
15
-21
-57
-114
-128
-67
-18
-50
-136
-210
-228
-20
104
-27
-226
-254
-78
58
132
15
6
47
10
95
68
17
1
-41
37
82
99
1
-83
-3
119
223
184
87
-60
-106
-77
-35
-11
-109
-124
-136
-128
-40
-9
17
-38
-91
-106
-62
136
148
16
-51
-55
-33
1
92
83
59
98
146
209
197
51
-131
-96
100
239
231
148
37
-90
-60
103
191
72
-78
-113
-87
-48
14
-4
-51
-68
-87
-27
131
177
53
-117
-297
-312
-220
-94
59
77
48
-30
-98
-96
-40
109
227
258
118
-16
-134
-269
-188
-4
113
201
173
57
-30
-28
79
106
39
-94
-163
-132
-199
-266
-273
-230
-189
-154
-59
44
73
-24
-56
47
103
67
-54
-90
8
51
57
55
34
48
101
133
188
244
223
82
-20
40
91
110
86
-30
-120
-117
-74
-54
-47
-44
-109
-89
-45
-62
-55
-10
18
2
32
43
35
47
-38
-50
43
36
-30
-68
-87
-75
37
120
102
57
31
32
62
94
76
67
56
-16
-39
-4
84
83
28
4
-39
-76
-71
-69
-109
-114
-73
-52
-97
-153
-137
-16
50
1
-16
-32
-27
-3
25
52
32
6
-9
14
39
4
-25
15
38
-10
-52
35
120
115
61
-26
-29
19
52
40
-44
-84
-100
-89
-23
33
29
-13
2
36
33
52
48
14
15
28
33
7
-5
-31
-12
53
48
8
-2
48
84
42
-1
-16
14
52
18
-25
-51
-56
6
69
95
40
-37
-54
-44
-47
-43
-57
-97
-132
-132
-128
-85
-14
30
71
60
-22
-59
-8
44
15
-34
-73
-53
-6
-50
-61
34
96
69
17
-13
-6
1
-25
-42
0
-3
-91
-130
-104
-21
80
109
65
-14
-64
-61
-13
11
-10
-34
-53
-49
-26
1
60
71
33
14
85
163
134
60
6
-16
-14
5
25
30
1
-41
-34
73
169
147
112
90
73
71
61
82
73
27
-13
-48
12
68
29
-33
-25
11
-10
14
41
2
-45
-57
-46
-23
-13
-59
-54
1
-39
-79
-66
-32
9
7
-15
-61
-89
-73
-38
19
40
-5
-83
-124
-93
-14
71
86
69
30
-48
-50
4
66
63
8
-32
-27
66
98
71
59
60
60
8
-25
-7
25
5
-15
-12
-45
-74
-44
55
159
151
39
-29
-24
-34
1
60
38
2
-41
-122
-81
60
115
116
119
86
23
-7
-2
20
19
-54
-146
-154
-123
-86
-37
-5
16
28
25
14
16
0
-36
-21
-4
-27
-69
-103
-104
-67
-17
0
-8
-33
-58
-19
31
56
54
-18
-110
-147
-103
-20
54
78
19
-46
-70
-72
-28
45
110
92
34
-15
-76
-60
-15
23
78
86
39
-39
-90
-73
22
91
50
-4
-56
-74
-26
10
12
3
2
-44
-86
-63
-17
30
13
-46
-64
-43
8
44
46
53
33
-11
-27
8
41
36
20
-11
-37
-39
-32
3
69
87
37
-37
-67
-29
41
68
29
-32
-72
-61
-35
-1
52
68
23
-22
-3
58
61
24
-1
17
38
20
25
31
41
44
37
78
99
46
-37
-73
-29
35
54
4
-48
-66
-57
-31
-5
35
64
57
6
-33
-5
10
-18
-44
-58
-74
-64
-61
-84
-85
-71
-75
-64
-8
41
41
26
11
19
59
61
24
-14
-9
29
13
-7
10
32
25
0
-8
5
34
39
18
15
14
5
-33
-35
-11
-23
-27
-48
-70
-76
-82
-63
-41
-25
0
31
49
46
26
26
38
36
50
53
40
13
-8
4
20
34
29
22
33
44
53
60
43
24
25
31
49
68
87
74
29
-7
-21
1
14
2
-23
-38
-14
0
-17
-13
5
-6
-35
-37
-29
-23
-17
-44
-61
-45
-25
-28
-51
-36
-5
5
23
43
23
-25
-28
-20
-14
-2
-7
-20
-17
-31
-52
-39
-17
-22
-22
-7
0
-11
-49
-78
-39
11
15
14
4
0
12
36
69
88
82
52
17
28
60
79
82
68
47
25
27
40
57
61
27
-11
-27
-33
-27
-32
-29
-21
-34
-49
-56
-49
-42
-48
-44
-53
-53
-54
-68
-42
-48
-51
-26
-14
-14
-24
-17
4
17
14
-6
-4
24
26
22
26
35
44
42
31
24
22
18
9
-1
-23
-19
-5
-30
-28
-17
-26
-46
-41
-22
-12
8
-6
-24
-18
-5
-2
11
23
26
35
33
11
-3
14
41
57
52
46
36
25
26
36
57
39
2
-26
-49
-38
-22
-39
-52
-46
-35
-32
-29
-20
-12
-1
-20
-38
-28
-5
24
14
4
14
15
11
4
8
21
36
37
9
15
19
3
1
16
39
24
4
-6
-5
26
11
-21
-27
-30
-19
-9
-22
-47
-50
-28
-20
-20
-27
-36
-29
-26
-22
-14
8
9
-15
-26
-19
7
36
30
24
43
50
49
35
43
63
60
44
28
32
31
30
34
28
28
23
16
-2
-18
-33
-48
-33
-29
-25
-14
-16
-23
-36
-29
-13
-7
-8
-9
-14
-22
-20
-12
4
22
12
6
-17
-12
14
6
28
19
-3
4
-5
22
31
29
29
5
20
23
17
0
-10
3
11
-6
-4
10
-13
-32
-28
-17
-16
-26
-19
-19
-2
-10
-33
4
8
-30
-62
-42
9
9
-2
2
5
-3
2
13
22
41
22
5
1
4
12
12
30
32
15
-8
-14
-6
-13
-4
27
19
-5
-24
-28
-10
-9
4
-12
-21
-12
-34
-47
-43
-35
-35
-46
-66
-44
-29
-24
-11
1
23
22
21
13
26
44
34
24
21
26
29
23
26
20
27
44
18
13
21
34
31
9
4
0
-8
-14
-7
-11
-15
-14
-34
-21
-12
-27
-49
-58
-31
-17
-24
-25
-9
12
10
-1
11
3
-2
-11
-5
22
24
19
12
21
39
39
32
38
38
36
37
37
39
30
25
18
17
19
4
-4
-11
-14
-14
-7
3
6
-1
-13
-15
-27
-41
-47
-33
-20
-33
-33
-28
-24
-23
-32
-28
-4
-1
-15
-29
-21
-2
1
11
10
22
22
19
25
14
33
49
31
11
2
15
21
5
7
22
19
1
-5
-10
-2
1
-5
-12
-11
-4
-19
-22
-8
-1
9
-4
-14
-12
-28
-12
-2
-5
-4
1
5
9
6
9
24
19
28
20
6
10
5
3
13
24
25
12
-5
-20
-17
-11
-8
-14
-4
5
-12
-14
-22
-30
-35
-26
-20
-6
-8
-15
-2
-15
-23
-2
18
26
11
8
10
9
13
21
25
26
5
-12
-4
3
17
12
-4
-7
-16
-17
-22
-14
-7
-14
-11
-8
-4
-8
-5
-4
-5
-6
-9
-17
-18
-11
-2
-2
0
-8
-12
-9
1
12
11
9
0
-1
0
5
13
16
14
15
1
5
23
24
14
-2
0
3
15
11
2
3
9
12
-1
-11
-6
1
-10
-21
-24
1
20
2
-24
-22
6
1
-14
-22
2
33
4
-27
-18
14
25
-15
-27
2
37
14
-23
-10
24
26
-33
-47
16
65
14
-55
-24
34
53
-4
-53
-1
38
11
-48
-40
44
62
-16
-64
-23
35
24
-26
-28
18
63
-20
-80
0
41
36
-29
-40
30
51
-17
-72
1
67
32
-21
-38
8
38
-18
-41
7
35
13
-37
-29
16
28
-9
-22
9
10
6
-16
-17
4
18
-5
-22
4
7
-9
-11
5
16
11
-2
-11
-9
4
1
-12
-2
-5
-3
-3
-1
7
7
6
-9
1
3
1
11
-2
-5
2
2
6
10
-8
-12
2
4
-12
2
6
9
15
-7
-5
10
21
0
-9
2
16
15
-13
-13
-8
16
17
-11
2
16
19
-18
-19
22
31
18
-20
-11
16
16
3
-12
-1
13
0
-29
-17
22
21
-9
-29
-8
19
16
-17
-15
14
27
1
-39
-19
25
24
-11
-26
1
17
-4
-40
-21
28
29
-16
-36
2
35
9
-33
-19
31
37
-19
-51
-12
34
16
-40
-42
10
32
-13
-51
-10
42
32
-35
-53
7
50
1
-47
-13
34
23
-33
-40
22
63
13
-47
-19
37
40
-5
-27
16
53
24
-23
-5
39
40
-7
-22
8
42
7
-50
-22
27
35
-22
-45
0
38
18
-29
-24
7
17
-21
-43
-6
21
-8
-51
-32
20
36
5
-17
3
29
-3
-39
-23
31
56
21
-1
12
38
16
-21
-10
32
48
0
-37
-19
8
1
-34
-23
5
8
-34
-54
-11
29
18
-28
-27
2
13
-14
-40
-23
5
19
1
2
13
12
-10
-18
13
29
24
-8
-19
1
20
11
-17
-21
-15
-6
-18
-18
-4
3
-10
-33
-17
-6
6
-8
-22
-3
13
16
5
3
11
14
-4
-9
4
6
10
8
7
1
7
1
-6
1
3
4
3
3
0
5
8
7
4
2
5
6
-8
-4
0
-4
-4
-8
-10
-7
-6
-7
-6
3
2
3
6
5
14
12
10
-6
-12
-1
5
-4
-10
4
5
9
4
5
11
3
-2
-9
-3
1
-3
-12
-15
-8
-11
-16
-16
-8
-8
-6
-7
-3
14
14
10
3
9
12
5
6
0
4
4
-4
5
7
1
0
3
8
14
13
11
7
9
-3
-20
-19
-9
-3
0
13
10
9
4
1
2
10
15
6
12
6
-1
-1
11
14
10
1
-5
2
-2
1
6
12
15
5
1
-2
0
-6
-16
-11
6
11
10
9
1
2
-3
-5
-1
12
17
2
-7
-7
-7
-10
-6
6
10
15
14
6
-11
-16
-16
-13
2
9
6
-3
-10
-13
-7
-4
3
10
13
4
-3
-2
-2
1
-1
-9
-1
5
-4
-9
-9
-3
-6
-6
-5
-2
-5
-6
5
0
-1
-4
-5
0
11
13
14
15
5
-2
-5
-1
3
0
-3
-7
-6
-4
-3
4
12
14
11
2
-3
1
-3
-7
-4
5
6
2
3
1
1
5
3
3
9
11
4
-4
-5
-7
-15
-13
-9
2
9
4
-3
1
9
9
3
0
11
0
-10
-11
-5
4
-1
-7
-5
0
-4
-13
-16
-14
-13
-16
-15
-13
-12
-16
-14
-5
3
12
7
-6
-4
-3
-6
-10
-9
-6
-5
-5
-6
4
8
-1
-5
-7
-3
1
-5
-11
-10
-4
1
-2
-7
-2
1
6
3
5
4
3
4
3
3
-3
-1
1
3
1
0
-1
4
8
7
6
2
-1
-12
-15
-3
10
12
2
0
2
0
-2
2
8
10
5
-5
-1
3
4
-1
-6
-4
-6
-3
5
10
12
7
-7
-8
0
-1
-5
-7
-7
-1
4
7
5
6
10
12
15
14
8
-3
-3
5
6
3
1
5
3
6
7
6
13
15
12
9
5
0
-2
0
0
1
5
4
2
2
-2
-7
-11
-2
7
5
2
-2
-5
-9
-7
-5
1
14
14
8
8
7
3
-1
-10
-6
2
7
7
2
3
-5
-4
5
9
12
2
-4
-1
-6
-5
-12
-14
-17
-20
-15
-8
-5
1
6
3
-1
-3
0
1
2
-1
-9
-5
-5
-1
3
-1
6
8
7
0
-5
-3
-2
2
-2
-2
-5
-7
-11
-14
0
7
1
0
5
5
0
-4
-5
-1
3
-6
-14
-1
1
-4
-4
3
10
8
5
3
4
3
-2
-5
-2
3
1
-6
-6
-4
-5
-5
-3
2
2
-1
-5
-6
-7
-4
1
-2
1
11
12
5
-1
1
5
4
3
3
7
17
8
3
2
0
-5
-5
1
3
3
-2
-6
-8
-6
-7
-5
3
10
14
5
1
-2
-1
0
1
5
9
10
2
-7
-8
-4
-4
-2
1
6
9
6
0
-3
1
5
8
6
-1
-2
0
-1
0
1
1
8
13
7
9
10
1
-4
-5
-3
1
4
1
-3
-1
-5
-9
-13
-15
-13
-10
-6
-3
-3
-8
-14
-5
0
6
7
-1
-3
-3
-4
-6
-6
-3
2
-4
-18
-17
-9
-5
-1
3
3
2
4
0
-1
2
0
-2
-5
-5
-3
-5
2
3
0
2
1
4
3
4
5
5
2
0
2
4
7
3
1
-2
-5
-4
-4
-3
6
10
9
8
3
3
5
2
-2
-2
-2
-4
1
9
7
3
-3
-2
0
5
6
3
0
-7
-8
-7
-4
-4
-2
3
8
5
4
0
0
2
1
1
-1
-6
-7
-9
-7
-4
-8
-6
-8
-5
-5
-9
-10
-11
-12
-10
-1
1
-3
-5
-4
2
3
-1
0
4
7
4
4
-2
-7
1
0
-3
-2
-5
-8
-5
0
0
4
7
2
-1
2
6
7
3
-3
-8
-6
1
9
10
7
3
6
9
11
14
8
4
3
2
-1
1
-6
-11
0
9
17
18
12
2
-3
-6
-1
6
7
5
3
3
6
6
2
1
8
10
9
3
-2
-2
-1
-1
-4
-3
-1
2
2
2
2
-4
-1
1
4
6
3
-6
-12
-12
-10
-7
-5
0
9
10
4
3
1
-6
-5
-2
-3
0
-2
-8
-5
-4
-4
-5
-2
0
3
1
-3
0
-5
-2
2
4
5
-3
-2
-2
0
-4
-9
-4
-7
-10
-9
-6
-1
2
5
2
-2
1
1
-2
-2
-2
-1
4
5
2
-6
-2
5
8
11
8
8
10
9
4
-2
0
2
-3
-5
-1
-4
-3
-1
3
5
1
2
-1
2
5
6
4
4
2
-4
-2
-3
0
0
-3
-3
-7
-6
-6
-7
2
8
8
2
-5
-7
-10
-9
-1
6
6
5
3
4
5
4
-2
-9
-5
-3
-1
0
1
5
-1
-4
-7
-1
3
4
1
1
-2
-3
-8
-10
-8
-13
-12
-4
-2
-3
-5
-10
-8
-6
-4
1
4
8
7
7
8
6
10
12
12
6
6
6
2
-1
-7
-9
-8
-7
0
8
12
8
1
-2
4
8
14
6
-7
-9
-13
-12
-10
-5
-2
2
4
4
8
10
9
6
3
3
4
4
2
0
4
4
5
5
1
6
6
-1
-3
-4
-2
0
0
-4
-9
-9
-18
-15
-4
-8
-7
-7
-5
-5
-6
-4
-4
-2
-1
-4
-3
-4
-4
-3
-5
5
5
-1
1
4
7
6
5
3
1
6
3
-3
-5
0
2
2
-5
-4
4
7
4
-4
-8
-4
-1
1
3
-3
-9
-5
-5
-4
1
6
13
14
12
11
9
12
6
6
9
0
-4
-1
3
7
10
8
5
3
1
-7
-7
-3
1
8
3
-1
-1
-4
-5
-1
3
3
4
4
-4
-3
2
1
-2
4
4
0
-1
4
4
1
-2
-4
-1
1
3
2
-5
2
10
8
4
-2
-2
3
5
-1
-9
-2
-1
-5
-3
-7
-7
-6
-3
3
2
6
4
-2
-7
-8
-11
-8
-6
-10
-6
-3
-4
-1
-2
1
2
-1
3
5
3
0
-3
-7
-3
1
-1
-1
1
0
-3
-2
4
2
5
-1
-9
-1
3
6
10
3
2
-1
0
-4
-6
0
-3
-6
-8
-5
1
11
10
0
4
11
7
3
0
8
15
1
-4
-8
-6
4
6
8
7
11
14
11
12
4
-5
-3
-6
-1
-1
-4
-12
-21
-14
-11
-4
2
7
0
-3
3
-13
-9
-3
-10
-4
-6
-4
-1
2
12
9
8
16
10
5
2
0
5
4
-2
-1
1
7
4
-1
-6
-10
-10
-16
-13
-3
1
-3
-5
-11
-12
-2
-8
-6
-3
-3
-2
-10
-8
-11
-14
-13
-4
2
6
6
0
3
7
10
8
8
8
-2
-2
6
-3
-9
0
-5
-6
1
0
2
0
5
11
2
6
8
-1
1
-3
1
-3
-1
5
3
5
20
10
4
8
-2
3
-4
8
10
-8
7
2
-10
-5
-10
-2
9
8
12
-13
-9
9
-15
2
1
-5
13
8
26
7
-24
1
3
29
27
-7
5
-3
-4
15
-4
9
30
5
3
-3
-3
-5
-32
-7
-11
-21
11
-17
2
-3
-22
3
-18
-6
14
-2
3
-13
-15
3
-12
-5
-1
4
27
14
-1
-17
-20
12
-13
-2
20
2
9
1
-10
-10
-6
14
7
-4
1
-10
-11
5
-4
0
1
11
1
-24
5
-7
-20
16
7
-1
-8
-20
14
-12
-2
12
-15
14
11
8
-3
-5
34
-8
-16
11
-26
-20
4
10
5
-21
-11
-11
-29
-5
10
-1
3
-2
-11
-20
-13
24
-9
-4
38
-2
7
21
0
12
-6
14
30
-1
30
25
-8
11
6
14
6
-1
13
-14
-7
3
-13
-2
0
3
-2
8
14
-9
-10
-17
1
-3
-31
0
-1
-10
-6
-21
-8
7
11
4
2
-1
-12
-24
-21
8
-5
-15
-8
-13
-1
-6
5
9
-10
16
-2
-14
-7
-21
-4
-14
0
29
-8
14
28
-4
4
11
8
-4
9
9
-5
10
13
4
8
25
36
16
4
20
32
19
13
17
0
-1
12
11
9
12
16
-1
-9
1
2
-1
5
14
15
6
8
4
-13
5
10
-9
-20
-4
-3
-4
14
3
-20
-15
3
-11
-12
7
1
-27
-20
-3
-15
-6
13
-1
-3
-5
-6
-16
-45
-20
2
-14
-2
-5
-23
-19
8
17
-9
-3
29
-9
-23
7
-1
2
5
4
-18
-31
12
10
-33
-6
-7
-31
-6
11
22
3
-6
15
4
2
32
22
3
12
1
-17
-6
-9
12
25
3
6
-21
-4
32
-18
-12
0
3
11
6
29
8
-31
1
25
9
-7
-2
13
-21
4
6
-38
-20
1
6
5
33
33
-42
-21
17
16
-20
-16
30
-10
-24
-13
4
-2
-20
2
0
-7
-9
17
2
-10
13
-36
-22
12
15
28
-1
25
24
-43
-6
-15
-1
29
-7
33
-4
-41
-2
-22
-16
23
46
8
-8
9
-31
-33
-6
1
-1
21
34
-24
-25
-7
-30
-11
12
13
18
18
18
0
-22
-11
7
10
22
11
-1
-8
0
2
-25
-22
2
-1
-31
-5
-18
-23
-3
-19
38
-1
-13
27
-30
22
15
1
28
-21
22
-2
-17
33
-12
5
-7
-27
2
-32
-27
-1
-16
9
14
8
14
5
0
-14
-31
7
7
-25
6
24
19
-21
-18
37
25
18
0
8
27
-27
-8
1
-5
36
-3
12
4
1
45
-23
6
36
3
34
-15
-17
6
-33
50
35
-26
34
-22
-22
-22
-44
31
-10
14
14
-43
13
-1
1
23
-13
22
19
-11
3
2
6
-13
-3
1
-14
-3
-9
-13
-6
-2
1
-1
5
-15
1
5
-12
29
22
12
12
-1
12
3
-2
6
0
-14
-16
-9
-23
-14
-12
-1
18
0
11
8
-11
22
-1
-2
21
1
22
18
6
13
-28
-7
19
33
40
-12
-28
-22
-35
-39
-8
19
25
20
2
-9
-31
-7
38
14
18
9
-23
-27
-37
-7
-2
-12
9
-15
-21
-11
-14
7
-8
9
10
-27
-32
-11
27
-16
-9
3
-26
-10
-22
6
12
-1
43
11
-7
23
-2
13
-15
-20
17
-22
4
24
-4
13
13
12
-10
-15
22
17
2
4
18
10
5
35
42
28
-7
-20
-17
-29
-6
26
26
8
-14
-7
-19
-5
30
20
10
-2
-11
-18
-10
2
-11
-5
5
13
3
-25
-6
-11
-12
-14
-27
12
-10
-12
1
-46
-24
-29
-23
26
3
19
27
-31
-16
6
11
29
23
29
1
-20
4
-3
7
16
13
16
-1
3
7
-29
-26
-6
-3
10
-1
7
15
-3
-13
-19
-6
-16
-8
19
-12
-16
-34
-39
-3
-31
-16
1
-7
25
7
-4
5
-13
0
-2
0
19
2
8
6
-17
7
10
-2
27
21
10
17
8
22
18
25
42
15
23
14
-2
4
4
6
-5
7
20
3
0
2
-11
-6
-12
0
23
11
15
22
5
3
6
1
6
3
13
16
-11
-11
-3
-11
-8
20
21
-2
2
-2
-7
-2
3
1
-6
-10
2
13
8
7
-2
-23
-27
-18
-13
-28
-24
-18
-35
-28
-11
-8
-5
-6
11
-4
-28
-5
3
-8
-5
-1
-3
-11
-13
-4
-20
-3
14
-13
3
18
-2
-2
-3
-3
-6
3
8
8
11
15
16
-7
-7
-3
-6
7
5
-10
-6
-14
-10
-7
-5
24
1
-9
-10
-11
10
8
14
5
-3
2
-11
-7
-4
-9
7
-2
-2
9
-4
-15
-5
11
11
3
-3
-5
-2
-3
10
10
18
23
15
14
0
1
8
-5
4
12
8
-1
-6
2
-1
1
2
4
22
3
-3
1
-12
0
-7
7
14
-16
-2
-16
-20
8
1
2
4
9
9
-7
-4
-10
-17
-8
-6
1
0
-5
0
2
9
14
10
1
8
7
-5
10
3
-5
1
5
5
0
1
8
8
3
10
-4
-8
1
-15
-14
-9
-7
8
4
-3
6
-2
-1
-7
-19
-14
-10
-3
-5
0
-3
-11
-12
-8
-5
-9
5
5
-4
-3
-11
-8
-5
-4
20
23
12
7
-2
0
11
26
37
26
17
-5
-15
-16
-17
-3
-8
-5
-4
-12
-9
-5
2
11
14
22
9
8
14
-1
-1
-12
-15
-5
-1
-4
-5
1
3
9
21
22
21
15
4
0
-14
-15
-9
-7
1
-6
-5
-5
-8
4
21
26
18
20
6
-5
5
-5
-10
-1
-12
-22
-12
0
5
8
6
3
5
3
2
5
7
-3
-9
-2
-9
-2
-2
-8
7
-2
-4
-3
-11
-7
-10
-12
-8
-6
5
0
1
8
1
8
13
13
10
-2
-1
-7
-7
-2
-7
0
3
1
3
-11
-17
-11
-4
4
3
2
-2
0
-2
-2
14
13
1
3
-7
0
10
-2
-9
-4
-4
-8
-5
-4
-2
2
-3
4
4
-4
-6
-12
-9
-12
-6
0
-6
-3
1
7
6
6
1
1
21
15
7
3
-2
3
-1
-1
6
6
3
1
-4
1
1
1
-3
-2
4
-2
-12
-15
-10
-2
1
-2
-7
-11
-7
2
3
7
11
11
16
-1
0
12
8
16
8
-5
-6
-14
-9
-5
2
1
-2
0
2
4
7
8
6
1
-3
-5
-10
-16
-17
-21
-28
-16
-5
-6
-3
-3
6
10
0
-2
-13
-13
-1
-2
1
7
4
12
11
15
14
11
9
10
17
4
-1
3
0
7
1
2
6
3
6
3
-2
4
7
3
6
-4
-10
-11
-7
-4
-4
-3
-5
0
2
8
13
11
10
-1
-1
-2
-9
-4
-2
2
6
4
6
3
-5
-3
-4
5
6
-2
-5
-12
-3
2
-1
-1
-7
-4
-5
-8
-12
-12
-4
-3
-12
-12
-5
0
0
3
6
2
-7
-6
-6
-3
4
3
4
2
4
3
4
9
2
4
9
-1
1
-1
-3
1
2
0
-3
2
5
1
6
7
5
4
7
13
14
14
12
10
10
11
11
8
9
11
6
2
2
0
4
8
3
-6
-11
-9
-6
-4
-3
-1
-5
-8
-9
-4
-1
1
0
0
-9
-9
-4
-1
3
-2
-3
-5
-11
-11
-7
1
5
2
-8
-14
-8
-3
-3
1
-7
-13
-3
3
3
1
2
-3
-3
-1
-4
0
6
10
9
7
8
3
5
0
1
1
1
1
-8
1
4
12
15
6
3
7
6
-1
-5
-6
-9
-8
-5
-9
-5
5
11
8
3
3
-1
1
1
-5
-6
-6
-5
-7
-1
2
0
1
0
5
6
4
2
-3
-10
-8
-6
-6
-8
-10
-11
-5
2
2
1
-1
-4
-5
-11
-9
-3
-11
-11
-8
-8
-9
-7
-8
-11
-7
-4
-7
-7
-5
-6
-6
-7
-8
-10
-14
-1
7
9
13
5
0
2
8
6
-3
8
11
12
7
-2
4
-3
-1
-2
0
5
6
7
-5
-10
-5
-9
-5
2
4
15
18
17
9
0
-2
-7
-2
1
5
8
4
7
7
5
10
9
10
10
8
3
-3
-2
-1
0
2
1
-2
3
1
4
3
-8
-4
-4
-1
-1
-7
-3
-8
-8
-6
-4
-1
3
0
-9
-2
-4
-6
-4
-2
2
3
3
-2
-8
-7
-3
3
3
1
-2
-1
-2
3
4
2
7
1
-3
-2
-5
-4
-5
-5
-2
-7
0
6
8
7
3
0
-7
-1
7
3
0
6
3
7
6
2
-4
0
10
8
7
1
2
3
1
0
0
5
5
-1
-7
-5
-5
-8
-6
-4
-4
-5
-4
-1
2
2
-2
-2
-3
-6
-3
1
5
3
3
7
11
17
18
14
12
3
1
0
6
7
1
4
2
-1
-1
1
0
0
0
-6
-9
-9
-6
-6
-6
-3
-4
-7
4
9
0
-4
-3
0
-4
-1
2
-3
1
1
4
6
9
11
6
3
-4
-3
1
2
3
1
-5
-7
-11
-10
-7
-6
-4
-4
3
4
-4
-7
-7
-7
-2
1
-3
2
7
4
4
4
11
9
5
5
9
11
7
3
3
2
3
0
-7
-5
-4
-3
0
4
5
1
1
1
-2
-1
4
9
6
5
7
6
10
9
3
1
2
3
-1
0
-8
-7
1
2
5
4
-1
-3
-3
1
0
-3
-4
0
4
1
1
0
2
6
5
3
2
4
2
-4
-6
-7
-7
-5
-4
-3
-6
-5
-4
-7
-14
-14
-7
-6
-2
-6
-13
-15
-11
-4
-1
1
1
0
2
-3
-2
-5
-7
-5
-6
-6
-9
-2
2
-6
-5
-4
-6
-8
-8
-3
-2
0
-2
2
5
5
1
1
0
-6
-3
-5
0
-2
-6
0
-1
-1
-1
2
7
8
10
0
-5
0
1
0
2
2
2
12
12
6
-1
-6
1
4
6
5
5
9
2
-3
-5
-3
6
8
11
8
3
6
6
7
9
9
11
12
8
5
2
2
5
12
13
12
8
2
-5
-10
-12
-12
-8
-7
-3
-2
-5
-5
-5
-3
0
1
8
10
8
6
-4
3
1
-4
-1
-3
0
0
2
0
-2
-1
3
4
7
13
9
7
7
0
-3
-7
-2
1
-2
-4
-6
-5
-7
-8
-10
-8
-10
-12
-12
-13
-6
-7
-2
5
6
5
-1
-2
-6
-3
-1
-5
-2
-4
-5
-2
-1
3
6
3
-3
-10
-6
0
2
5
3
5
3
-2
-9
-8
-4
-4
-5
-8
-9
-3
2
1
-2
3
2
1
0
4
10
7
3
1
-4
-2
-7
-9
-4
2
5
4
2
0
-3
-3
1
8
14
10
4
4
7
6
2
0
-3
-3
-4
-5
-5
0
1
-2
-1
-2
12
9
3
4
0
-2
-1
5
5
-1
-8
-9
-1
3
7
4
-2
-2
2
4
3
3
-3
-6
2
2
5
7
0
-8
-9
-10
-2
8
6
9
4
4
2
2
7
2
9
6
3
8
7
11
9
2
-3
-2
3
7
5
2
0
0
4
4
2
1
2
4
-1
-7
-3
1
5
0
-4
2
1
-6
-12
-13
-8
-2
-2
-2
5
7
-6
-7
-5
-2
2
0
0
-6
-10
-8
-9
-16
-15
-12
-7
1
-2
-6
-21
-29
-28
-26
-12
-14
-26
-27
-13
7
13
10
9
12
11
7
3
5
17
16
10
8
5
0
-4
1
11
16
12
7
1
1
2
1
4
8
9
5
2
2
9
9
15
17
11
14
4
2
-4
-2
-1
-7
-3
-5
2
4
2
-1
1
-1
-6
4
-1
-3
0
-6
-8
-11
-4
1
2
1
-5
-1
2
-3
-4
-1
-7
-4
-9
-9
3
0
1
-9
-10
-1
-1
7
10
13
11
5
0
9
12
7
7
-2
-3
-11
-6
-3
-4
6
4
0
0
-1
-1
2
-2
-8
-11
-7
-2
-8
1
-2
-4
-2
-12
-12
-9
-9
-7
-6
-10
-16
-12
-11
-3
5
5
2
5
12
15
16
8
5
-2
-4
-8
-9
0
1
-3
-11
-12
-14
-6
1
-2
5
2
4
3
3
2
2
13
18
15
11
11
5
5
5
1
1
-1
2
1
0
5
3
9
17
12
11
5
-3
-4
1
-2
0
0
-1
-1
-1
9
8
2
3
-4
-4
-6
-12
0
-1
-5
-7
-11
-6
-2
-2
3
2
1
-3
-8
-3
-2
-2
-4
-5
-3
-1
-12
-15
-11
3
5
-2
3
1
5
9
4
2
4
8
2
1
4
5
3
-2
-4
-6
-3
-8
-6
-2
1
3
-3
-7
0
-3
-7
-7
-9
-8
-5
-3
-5
0
2
2
2
4
13
8
7
10
5
7
10
2
-4
-13
-8
-7
-12
-5
-10
-6
-4
-11
-13
-4
4
-4
-7
-7
-1
6
7
2
0
3
1
7
19
15
7
8
6
11
14
9
-1
-9
-2
-1
3
14
10
18
23
21
24
22
25
17
10
8
9
17
13
5
4
8
10
12
5
5
5
0
-3
-9
-7
-7
-5
-1
-7
-10
-10
-9
-10
-3
2
5
6
4
-3
-12
-6
-8
-10
-1
2
8
9
2
-1
4
5
-2
2
-1
-6
-8
-5
-12
-12
-5
-16
-18
-14
-7
-3
-4
-6
-12
-13
-13
-10
-3
1
2
-6
-10
1
4
4
6
6
3
2
8
6
2
0
8
19
21
16
6
4
3
-3
-6
-5
-5
-5
-1
0
-8
-17
-12
-1
2
8
5
0
-4
-11
-10
-8
0
6
2
-3
-7
-3
-4
-4
1
6
8
4
1
-8
-15
-22
-19
-21
-21
-17
-16
-17
-15
-16
-12
-3
4
7
7
2
0
-2
-2
-3
-5
1
4
11
12
6
5
1
0
2
9
8
4
3
1
-1
4
5
2
8
6
1
-2
-7
-8
-9
-4
0
0
4
5
7
6
2
3
5
6
5
3
2
0
-1
-3
-8
-7
4
11
8
3
3
-2
-1
-1
-10
-5
-2
6
6
4
3
-3
-5
-4
0
1
4
-3
-4
-4
-5
5
7
13
11
7
5
-2
-3
0
2
6
8
2
-3
-5
-7
-9
-7
-3
4
4
3
0
1
4
3
9
6
4
8
-2
-6
-11
-9
-3
5
10
9
12
10
-2
-6
-4
-7
-7
-5
1
-3
1
-4
-13
-6
-1
9
12
12
9
3
-3
-5
2
4
4
1
4
4
9
8
1
2
9
10
8
3
-3
-9
-8
-5
-2
-1
3
7
5
4
6
9
5
3
3
-2
-5
-7
-12
-9
-8
-7
-6
-6
-1
2
-1
-7
-12
-11
-6
-4
3
5
7
3
-7
-14
-16
-12
-4
5
-1
-3
-2
-7
-5
-7
-6
-2
0
2
-2
-10
-17
-18
-17
-9
5
11
9
6
8
9
13
7
3
-3
0
4
2
1
1
0
-3
-3
4
2
-1
-3
-8
-7
-8
-12
-11
-9
-3
-4
-7
-4
-3
4
5
5
4
0
2
-4
-6
-1
1
5
7
8
6
8
9
4
8
11
10
11
7
4
7
8
7
4
3
4
4
-1
-7
-3
0
2
6
5
-2
0
-2
-7
-7
-8
-13
-8
-5
-11
-15
-10
-8
-10
-13
-12
-6
-4
-2
0
-5
-5
2
-5
-6
-3
-3
-3
-5
-8
-8
-7
-1
6
6
9
7
1
-3
-4
3
4
-1
0
-4
-4
-6
-4
3
8
17
18
16
12
11
8
7
11
12
11
6
7
6
4
4
4
5
12
16
13
11
3
-1
3
3
-3
2
4
1
0
-3
-8
-10
-1
7
11
11
7
1
-6
-14
-11
-6
-4
-1
-1
-3
-8
-3
2
2
2
4
3
-2
0
-1
-7
-3
-5
-8
-6
-4
-1
5
10
11
10
10
6
2
9
9
9
15
11
6
3
0
0
-6
-9
-1
2
3
4
4
6
6
4
6
2
0
0
-2
-4
-4
2
2
-1
-3
-7
-10
-12
-12
-12
-7
-6
-2
1
-9
-9
-10
-8
-7
-6
-5
-5
-4
-1
0
-2
-4
0
3
5
5
-1
-5
2
5
7
2
-1
-3
-1
2
-4
-2
0
-5
-3
-2
-4
-2
-3
-6
-7
-7
-7
-12
-13
-11
-2
4
8
6
1
2
1
4
3
6
11
4
-3
1
-1
-4
1
4
4
7
9
8
6
8
5
5
4
1
-1
-1
3
0
-1
-1
-4
-3
-1
-7
-5
1
-1
0
5
9
6
6
5
-5
-7
-4
1
2
2
6
6
1
-6
-14
-12
-4
0
3
5
6
8
3
1
3
6
7
1
-3
-6
-9
-3
-1
-3
-3
-5
-7
-7
-6
-4
1
-2
-11
-9
0
5
6
3
-9
-11
-6
-3
-2
1
0
-4
-4
-4
-4
-5
-3
-1
0
1
2
0
-2
-4
-2
1
1
-3
-3
0
1
1
-4
-6
-5
-4
-4
-5
0
0
-6
-6
-8
-10
-7
2
8
8
4
-1
-3
0
3
2
6
1
4
8
10
12
10
14
12
9
9
9
9
5
5
7
5
0
0
0
-2
4
11
9
12
9
5
7
6
-2
-3
-1
-4
-6
-4
-3
-6
-7
-3
2
8
11
3
2
-1
-4
-5
-9
-4
-1
-2
-2
-5
-1
-2
2
6
6
7
4
5
5
6
3
-1
-1
1
4
1
1
5
6
3
1
1
3
7
4
-2
-4
-5
-12
-13
-9
-6
-6
-1
0
0
-1
-3
-1
1
1
0
-3
-1
-2
0
-2
-7
-6
-1
3
-5
-6
-3
-2
-3
-1
3
5
-1
-6
-4
-3
0
0
-2
-3
-6
-9
-9
-9
-5
-2
-1
2
9
12
7
6
-1
-7
-7
-9
-7
-4
1
7
4
2
-2
-7
-3
1
2
-7
-11
-9
-14
-19
-17
-10
-9
-4
-6
-8
-5
-5
-3
-4
-3
3
5
5
7
12
14
13
7
0
5
8
10
10
8
2
-1
-3
-2
-1
4
3
-3
-4
-1
0
0
0
-1
-3
-7
-6
-1
2
2
6
7
6
9
13
10
7
7
9
11
5
5
5
3
6
7
7
8
5
0
-4
-1
0
-1
-4
-10
-8
-4
-4
-2
0
0
3
5
4
7
5
5
-2
-1
3
3
4
7
9
8
8
8
5
4
7
3
1
-6
-6
-6
-4
-2
-4
-3
-5
-5
-5
-4
-2
1
-4
0
0
-8
-12
-10
0
1
5
1
-2
