6
-4
-5
-4
-13
-15
-8
2
12
11
4
-1
-1
1
-8
-14
-6
-1
2
-8
-6
-7
-7
0
1
4
6
14
11
7
15
1
0
3
-4
-2
-7
-9
-5
-3
-2
3
7
5
6
5
-2
-3
-1
-2
-9
-9
-6
5
7
7
14
11
-3
-19
-22
-10
1
7
-3
-8
-5
-7
3
2
7
11
5
5
6
-1
-3
-7
-4
-2
0
-3
-6
-4
-7
2
0
-5
1
-2
2
12
8
-3
-11
-8
0
8
8
-5
-12
-10
-6
9
21
9
1
-5
-7
-2
0
1
-5
-11
-18
-6
-5
-5
9
5
7
4
-3
4
-1
-4
-6
-1
13
19
17
1
-3
0
-2
7
15
19
20
10
-5
-8
-2
3
3
0
-7
-8
-5
-13
-17
-10
-2
14
11
7
3
-1
0
-3
11
16
3
-7
-16
-4
5
1
-12
-13
4
10
5
-8
-3
11
17
12
4
-4
-18
-18
-6
-4
11
15
-7
-10
-2
7
14
19
10
3
1
-5
-5
-10
-10
-3
-2
3
6
6
0
0
-6
-16
-18
-8
0
5
4
-6
-13
-5
21
20
16
15
17
16
2
-1
-3
-5
-4
-6
-16
-24
-14
-5
9
15
14
5
-1
9
6
0
-5
-10
-13
-4
17
12
7
4
0
-9
-16
-4
3
6
9
9
8
10
10
1
-11
-10
-8
-5
-1
9
10
5
6
2
-7
-6
1
5
2
-6
-7
-2
4
11
12
-4
-6
1
7
0
-9
-10
-12
3
11
3
-3
-14
-7
-2
-7
-2
-10
-16
-9
6
8
1
-2
-12
-7
9
10
7
5
-8
-13
0
10
-4
-20
-9
5
22
23
-6
-15
-15
-5
2
-5
-11
-18
1
9
9
8
-6
2
10
13
5
-10
-3
2
-1
2
-4
-11
-10
0
-4
-15
-3
6
17
20
6
3
-3
-10
-12
-8
0
-1
-8
-16
-15
8
13
3
-2
-15
-13
-4
-1
-1
-9
-3
8
6
0
10
22
11
13
8
-10
3
14
11
12
1
-6
0
8
-1
-12
-9
-6
7
17
19
14
1
-2
3
-1
-7
-12
-17
-10
-5
2
18
21
11
-15
-29
-33
-17
12
6
4
3
9
13
3
0
-1
5
2
-7
-3
0
2
-2
-2
11
10
2
-5
-15
-6
0
6
9
3
8
9
0
-4
0
7
9
9
10
9
-4
-24
-26
-10
1
11
10
-2
-6
-4
-3
3
9
13
15
11
3
-12
-17
-13
-1
7
1
-7
-7
-6
7
15
12
6
-4
-5
-8
-4
-3
-11
-5
7
13
4
-7
-7
-1
8
9
-3
-7
-11
-8
5
2
4
-5
-14
-8
-1
13
12
4
1
6
3
-5
-6
-3
-4
4
6
1
4
-4
-8
-5
-1
2
-2
-5
-10
-4
1
0
-3
2
15
18
7
-11
-16
-4
-3
-4
-1
-4
-1
-1
-10
-8
-2
-2
8
18
20
11
-2
-14
-7
2
-2
6
11
6
0
-14
-13
-12
-6
-2
-8
-3
1
-1
-7
-5
2
4
10
-3
-13
0
5
3
-6
0
17
13
5
1
6
4
-7
-10
-14
-5
8
3
-1
4
-1
-2
3
10
13
5
1
-7
-10
-9
-13
-1
15
15
13
6
-7
-1
11
8
-1
-3
-9
-5
3
-5
0
4
-3
-2
1
-1
4
6
9
18
3
-10
-6
-5
-6
-5
-6
1
4
-2
2
6
8
5
5
4
1
-5
-13
-10
1
4
5
-1
-9
-6
2
4
-1
-3
-3
-7
-4
2
-2
0
0
-7
1
10
8
10
6
-3
-5
-2
4
3
-2
-8
-16
-8
5
15
10
-8
-12
-7
4
5
1
-3
-4
5
3
1
11
2
-7
-6
-5
1
6
12
6
-2
1
-4
-4
-6
-7
-3
-2
-1
-6
-4
1
7
9
2
6
2
4
6
-3
-5
-4
-1
-1
1
2
0
7
8
3
3
-1
1
-1
-6
-10
-13
-6
-1
8
15
10
5
2
6
6
9
7
-2
-10
-14
-12
-12
-6
7
11
10
10
5
-2
-3
-2
3
3
-6
-9
-9
-8
-6
2
1
8
24
20
7
3
0
-5
-9
-4
-1
3
9
8
1
-9
-7
0
9
12
5
0
-17
-25
-12
-4
1
5
2
1
0
-6
-8
-3
8
10
-3
-17
-16
-12
-9
3
3
3
5
3
5
3
2
-3
-7
1
5
2
-1
-1
3
-3
-3
2
3
6
1
-4
-11
-10
0
-2
-1
3
3
3
-1
4
12
12
7
-1
-4
-7
-7
3
2
-2
3
4
-10
-15
-8
-2
6
12
4
-3
-6
-6
-4
0
-1
1
-1
5
9
3
2
-1
3
-3
-5
-11
-16
3
14
1
-11
-10
-2
1
1
4
9
15
11
1
-5
-6
7
-2
-10
1
-4
-4
-18
-25
-14
0
8
1
6
14
13
8
-8
-7
9
13
5
-14
-17
-14
-6
5
8
9
7
9
18
5
-5
-15
-14
-6
4
5
-21
-23
-8
-3
7
10
11
18
13
-1
-9
-12
2
7
6
1
1
3
-1
-6
-13
-11
-1
0
4
11
15
12
1
-3
0
10
10
-7
-24
-14
-2
2
2
-2
-1
-1
-3
-5
7
9
6
9
9
13
2
-7
-7
-3
10
16
7
4
3
-8
-11
-9
-2
17
15
-6
-7
-6
-6
5
0
-4
8
11
3
-16
-11
4
12
10
6
9
9
6
-6
-10
-1
-3
1
-7
-14
-3
4
3
3
10
5
3
-2
-3
4
7
11
-2
-7
2
2
5
0
-6
-6
6
20
13
-12
-15
-4
3
10
11
-4
-15
-21
-15
3
0
5
11
13
14
9
3
-5
-4
-2
-16
-18
-9
-1
6
3
6
7
11
4
-9
1
7
1
-4
-11
-10
0
6
7
2
6
8
-1
-14
-14
2
7
12
7
-12
-22
-7
11
11
1
-10
-6
-3
-8
-4
6
2
3
-1
-9
0
6
3
-7
-4
4
-7
-10
-17
-11
-1
11
14
-2
-5
3
16
21
12
2
-4
1
3
4
4
-9
-15
-14
-10
-1
8
10
-1
-10
-5
4
14
14
2
-4
-6
-2
-6
-14
-4
10
8
0
-4
1
6
1
-2
-11
-7
8
15
3
-15
-11
3
12
11
-2
-8
-14
-2
9
4
7
4
5
0
0
13
5
-1
-4
-7
-7
-16
-8
-5
-2
5
1
7
12
14
10
2
-5
-1
5
0
-6
-4
-2
-6
-8
-8
-1
10
12
14
-3
-12
-4
2
3
6
10
-4
-13
-13
-12
-7
1
7
0
2
7
-4
-6
0
4
8
4
5
-2
-16
-5
-9
-11
7
11
5
-4
-7
-8
-2
3
8
17
5
3
8
0
3
6
8
-2
-9
-18
-23
-7
-1
4
11
6
6
-6
0
5
3
5
-2
2
-4
-8
-10
-14
0
1
-1
2
0
3
7
0
0
-3
-7
-2
-2
-16
-24
-10
-1
7
10
5
0
-5
6
11
5
9
9
2
-8
3
1
-8
-1
1
-2
-5
0
-1
-3
7
8
4
2
8
3
-3
-3
1
4
5
10
5
-2
-7
-7
-6
-4
2
2
0
2
2
-10
-11
-4
-8
-1
1
-4
-15
-13
2
10
4
1
2
10
21
22
6
-5
-2
-1
5
8
-6
-3
5
-5
1
3
3
6
2
0
-6
-7
-2
-2
2
3
3
4
4
2
-5
-4
0
4
5
5
5
-1
-1
-4
-14
-14
-3
3
-3
-4
0
7
5
-5
-8
-2
4
2
1
0
-5
-6
-2
-2
-5
-6
-7
-11
-7
1
7
5
6
8
9
12
5
3
-3
-4
-4
-11
-9
-3
7
9
5
3
3
-1
-4
1
11
10
1
-3
-5
-2
7
-3
-10
-16
-9
13
13
12
8
0
-3
-3
2
0
-1
3
-4
-12
-10
-3
-3
-6
-3
0
1
14
15
-1
-8
-8
1
0
-2
-10
-10
8
16
6
-7
-10
-7
-1
7
8
-3
-15
-13
-8
3
5
-2
5
6
17
12
-5
-1
2
-5
-7
8
5
-3
11
-4
-26
-21
-5
17
10
-2
-3
-7
-10
-6
5
4
9
10
6
6
7
3
-8
-5
-2
-7
-2
5
4
-7
-8
-3
9
10
12
4
-11
-9
-6
-4
-12
-1
10
3
-2
-3
-2
-2
1
12
3
3
6
2
-1
-6
-1
-6
2
3
-3
8
9
10
-1
-14
-9
0
9
4
3
-4
-5
9
5
5
14
8
0
-3
-5
-7
-5
-9
-16
-4
7
16
20
7
9
7
0
-2
1
3
3
-7
-18
-3
10
2
-1
-3
-1
1
-4
-9
-10
-5
2
6
12
8
0
0
2
-3
-1
-3
1
1
-5
0
-3
7
8
-1
-6
-14
-4
7
2
-3
-9
-4
3
0
1
6
9
3
-1
1
-6
-9
-9
-1
-2
-5
3
-1
-4
1
1
1
-2
0
-1
7
13
3
-10
-11
-8
-8
8
8
0
0
0
-8
-9
6
9
4
-5
-9
-9
-6
-6
-4
-3
-1
6
5
11
12
6
2
1
13
2
-10
-7
-10
-3
6
5
-1
2
3
-1
-10
-11
-1
-1
-4
-3
1
2
4
-2
-15
-7
0
-3
4
4
3
3
-7
0
0
0
9
3
-6
-8
4
4
-6
0
-4
-7
-1
2
1
2
7
0
-9
-3
6
3
0
1
4
-4
-5
8
18
21
15
5
0
-1
-6
-6
-1
7
4
-4
0
7
6
0
-5
-2
15
11
1
-5
-6
3
4
-2
0
-3
-8
-9
-7
-3
5
3
-3
-3
2
13
13
3
1
-3
-6
-2
-6
-6
2
4
-2
-5
7
17
19
12
6
2
-9
-6
-6
-11
-12
-7
-5
-9
4
5
3
12
12
7
1
4
1
-2
-3
-13
-10
-3
2
-2
0
3
0
6
11
12
3
-15
-16
-8
-8
-5
-4
-5
1
14
10
-4
-2
0
-4
0
7
1
4
-1
-12
-11
-6
0
2
7
3
-4
-2
-3
2
6
-2
-9
-7
-2
-1
3
3
-2
1
-5
-4
-1
-7
0
3
5
6
-2
0
2
-6
-6
-11
-3
4
8
4
2
9
4
5
2
1
6
0
1
-2
-4
-6
-5
-3
-7
2
1
-5
-5
-2
6
4
9
12
0
-6
-7
-5
4
18
15
1
5
0
-5
4
0
-1
0
-7
-10
-16
-11
0
-1
-1
2
9
7
2
9
3
-5
-3
5
4
1
0
-16
-9
4
6
4
1
1
-1
1
-2
-3
-1
-4
0
-1
-7
-3
4
3
3
8
4
9
11
-2
-5
-4
-12
-12
-1
4
3
2
1
4
10
13
0
1
6
-1
-5
-9
-6
-3
-1
-4
-4
3
0
-1
-9
-5
4
-1
-1
-4
1
3
-3
-5
-4
3
4
-3
0
-3
-3
-4
-4
0
-1
-1
0
7
9
6
-6
-15
-9
3
6
0
-4
-1
-4
3
2
-4
-2
0
-3
-2
2
6
6
0
0
0
-4
-5
-6
0
4
-4
-11
-4
6
7
12
3
-3
-1
-6
-10
-7
-4
-2
-3
-3
4
6
2
7
10
6
3
6
-5
-8
0
-6
-5
4
9
8
0
-2
-2
3
9
0
-1
4
5
-4
-3
2
10
14
2
-2
-5
-1
-3
-12
-7
-4
4
3
6
11
6
5
-2
-2
-3
-2
0
1
0
0
-3
-2
0
-7
-3
6
11
12
0
-2
1
-1
-3
-5
-6
-7
-11
-5
0
7
15
4
3
3
2
9
2
-2
-4
-11
-12
-11
-3
0
3
-3
-8
1
-2
2
8
0
1
-2
-3
2
5
6
-2
-5
-4
-2
3
3
6
8
2
2
2
-4
-2
-6
-3
-3
-5
-6
-13
-6
0
3
3
5
4
1
1
1
0
1
2
1
9
2
-19
-14
5
22
11
-4
-27
-19
17
23
18
0
-11
-13
-7
-1
-2
-2
-8
6
8
1
-6
-8
-4
4
22
19
6
2
0
-3
-7
-8
-10
-6
2
-3
-13
-15
-3
23
26
19
14
4
-1
-2
-1
-4
-5
-6
-15
-15
1
2
15
8
5
4
3
5
-14
-8
-3
-7
-5
-10
-7
0
17
20
4
-5
-3
17
19
1
-10
-22
-19
2
6
13
1
-11
-2
6
11
4
1
5
-4
-3
-2
-9
-10
-7
2
7
17
9
5
7
-1
-2
1
-6
-11
-6
-15
-13
-11
-7
9
15
24
3
-9
-9
-13
-3
7
10
9
5
6
-4
-3
-3
-12
5
8
2
-7
-17
-7
-10
-3
4
4
4
5
5
-7
-11
-10
-8
2
12
9
5
-10
-14
-1
2
9
5
-1
-8
-17
-13
-1
16
29
12
-17
-25
-17
1
15
17
3
-5
-7
-15
-3
11
10
-4
-13
-8
1
5
12
9
-7
-10
-16
-19
-17
5
16
0
-2
-2
-3
15
36
26
-5
-14
-19
-26
-10
4
9
10
4
-2
-5
6
19
15
6
-2
-10
-10
3
13
9
2
-15
-23
-13
5
20
11
-8
-10
-9
-1
19
26
2
-17
-20
-11
8
15
9
-4
-12
2
16
14
15
7
-11
-13
-10
-13
-10
10
20
9
-5
-9
-6
-5
5
7
-7
-7
0
3
9
14
17
0
-13
-2
-2
-6
8
-2
-16
1
8
-2
-6
8
9
-5
-11
-15
-9
6
12
20
7
-1
-4
-8
2
10
23
1
-14
11
11
6
14
-1
-11
3
1
-10
-6
3
4
-8
-16
-9
4
22
13
-15
-29
-18
9
14
20
23
9
1
0
13
-4
-14
-8
-23
1
13
10
0
-9
-3
-11
2
14
10
8
-6
-16
-26
-10
10
7
28
13
-7
11
5
-8
-17
-19
-21
-11
12
16
14
14
-8
-18
0
6
12
10
1
-14
-26
-8
2
30
37
12
-6
-32
-28
-9
7
20
10
-4
-23
-17
2
8
16
-8
-17
-3
6
24
10
-6
-12
-18
7
10
4
11
5
0
2
-1
-4
9
9
-11
-12
-15
-31
-9
12
3
13
13
0
7
13
6
-4
-1
-8
-10
13
3
-5
4
-2
-3
4
-4
-16
2
3
-21
-10
-4
0
18
20
-7
-15
3
3
18
25
-3
-12
-15
-20
-6
22
25
7
-2
-27
-28
-1
8
18
16
-8
-33
-18
14
21
42
27
-2
-13
-24
-7
13
24
9
-26
-33
-26
13
50
33
-5
-38
-42
-14
21
32
18
2
-23
-32
-2
30
46
32
-4
-27
-32
-13
8
6
-2
-16
-27
-21
10
37
41
27
-13
-23
-10
-4
10
2
-11
-24
-28
-11
22
44
32
7
-20
-23
-2
16
23
10
-23
-45
-52
-23
23
35
41
4
-20
-26
-20
7
23
24
-5
-30
-23
6
42
42
13
-23
-37
-10
9
28
23
-1
-20
-21
-12
6
26
20
-6
-32
-40
-19
17
45
34
-4
-30
-29
-9
11
33
27
-12
-36
-43
-27
5
30
21
1
-4
-10
3
19
23
21
-6
-23
-29
-19
16
15
4
-16
-29
-3
11
16
11
-3
-16
-27
-8
10
28
28
0
-32
-42
4
24
31
24
-4
-22
-36
-17
7
20
32
-2
-29
-19
-16
7
28
18
-5
-33
-33
-20
13
21
19
10
-14
-9
3
14
18
16
2
-21
-14
-4
-4
3
4
-5
-7
-2
6
24
14
2
-15
-21
3
11
13
-8
-18
-9
-4
6
11
11
-8
0
-2
-4
9
2
-5
-26
-17
-9
3
22
22
21
1
0
4
16
31
26
16
-16
-33
-15
4
16
21
0
-15
-7
-1
4
17
21
1
-14
-11
-14
-1
24
16
1
-10
-25
-18
11
29
18
11
-9
-19
-12
14
33
19
4
-17
-20
-11
1
9
0
-15
-27
-18
-3
24
36
17
-5
-13
-15
-10
-3
-15
-14
-4
-9
-5
1
14
22
14
0
-12
-8
-1
5
1
-11
-10
-9
1
8
5
6
-4
-14
-9
-1
1
0
-4
-7
-14
-8
9
13
16
15
1
-20
-15
-3
8
15
6
-12
-22
-7
1
7
22
17
-4
-12
-12
-9
-3
-5
-4
-13
2
10
4
11
4
0
0
-3
-3
7
14
-3
-16
-19
-11
-1
-1
9
8
8
3
-6
-1
4
10
6
-9
-12
-13
-9
-6
1
8
17
14
-3
-4
-6
-1
1
-21
-20
-4
4
12
9
2
0
0
0
8
21
19
11
-9
-16
4
7
5
-1
-9
-2
-13
-11
-6
-1
13
0
-12
-9
9
20
18
16
-10
-7
1
-12
-5
-5
-6
-1
-2
4
5
-5
-10
3
0
-2
10
0
-5
-7
-12
-9
12
16
12
11
0
0
-5
4
17
9
2
-11
-14
-11
4
10
8
2
-9
-8
-9
1
15
1
-10
-9
-5
1
7
19
16
3
-8
-12
-3
8
13
12
5
4
-4
-3
6
5
6
-4
-11
-11
-10
6
8
6
7
-3
-5
-11
1
-1
-1
6
-3
-7
-17
-14
-3
6
12
5
-4
-8
-4
-8
-9
-6
0
-2
-1
7
8
9
-1
-2
6
2
3
5
-3
6
7
-4
-7
-7
-9
-10
-6
2
8
7
10
7
-1
-15
-12
-9
-9
3
-4
1
9
7
2
6
12
7
2
-5
-3
-12
2
12
8
14
8
9
1
10
18
-3
-1
-9
-20
-13
7
6
0
9
-3
0
6
8
10
4
3
-4
-7
-11
-15
-15
-13
0
2
3
12
20
17
12
8
-3
-4
-2
-13
-13
-1
-6
-7
6
4
3
7
6
3
5
-1
-15
-18
-20
-11
-4
0
5
5
5
11
7
-2
-1
-2
-2
3
-5
-12
-11
-9
-6
4
13
3
1
4
0
2
1
-10
-19
-12
-3
10
13
5
12
7
-3
6
9
10
11
-5
-17
-17
-11
-1
4
12
13
0
-3
-5
-8
2
4
3
8
4
-1
0
8
9
4
3
1
7
4
1
-3
-3
4
-3
-4
-3
-9
-4
-5
-8
-1
4
8
5
6
2
-4
-1
0
7
9
12
9
-3
-8
-14
-11
-6
-7
-2
5
1
6
6
1
0
-9
-5
-5
-3
1
-5
-1
-2
3
5
1
11
15
7
4
-6
-14
-3
-7
-8
-5
-4
-5
-9
-2
5
8
10
7
8
3
7
-2
-9
1
1
-1
-5
-7
-9
-10
-9
-7
0
6
2
1
10
3
3
5
-7
-3
0
-15
-16
-8
-2
-6
-13
-12
-19
-7
4
-2
-6
-10
0
7
7
9
3
-5
-8
-2
2
0
12
15
13
3
4
2
-3
5
2
-5
-3
-5
-12
-3
-4
-7
4
-1
1
7
8
15
16
3
-3
2
1
10
12
8
10
6
11
7
4
7
10
17
11
6
8
-2
-7
-1
-1
1
3
3
4
-6
-4
-7
-11
-2
5
10
-2
-2
-5
-10
-6
-9
-9
-6
2
1
2
9
8
4
-7
-2
0
1
9
14
1
-9
-8
-20
-18
2
10
14
20
10
-2
-4
5
4
-7
-6
1
-2
1
-8
-15
-14
-16
-7
-3
1
6
0
-4
-11
-1
6
4
14
15
9
6
6
0
-3
3
-5
-1
-4
-7
-1
-7
2
-1
-6
-4
5
13
-2
-5
2
-7
-10
-1
-4
-8
2
-1
-9
-7
-5
-8
-3
1
2
0
0
-1
-2
3
8
13
8
9
11
0
-8
-13
-10
-5
5
12
-1
0
-1
-1
7
4
4
3
5
-6
-17
-6
-6
3
7
0
7
11
12
13
9
7
4
-2
-13
-13
-6
-7
-8
1
3
-1
-2
-4
-2
0
3
2
-7
-5
-8
-13
-5
-3
4
10
1
2
5
-2
-1
-1
1
3
-2
-10
-11
-4
0
-2
5
4
5
14
14
15
5
-1
-8
-7
-2
1
5
-4
-4
-6
-13
-7
1
3
5
-3
-6
-2
-2
10
5
-10
-3
-3
-10
-4
3
6
5
6
-2
-7
-5
0
-1
2
8
-5
-9
-12
-10
-12
-4
9
5
5
5
14
8
6
9
2
6
-4
-10
-4
0
7
1
-4
-3
-6
-3
-1
4
10
11
8
9
6
3
6
12
13
6
2
3
0
-4
-7
-2
3
0
-5
-11
-5
4
4
1
-5
-7
1
5
3
2
-3
-8
-2
-5
-6
-1
-2
6
2
-3
1
1
-6
-10
-1
6
11
10
4
-3
-4
-6
-5
3
16
13
13
7
-5
-9
-8
0
0
3
6
0
-1
-1
-3
-5
-11
-11
-4
10
11
4
6
0
2
0
-7
-3
0
0
-2
0
3
7
-1
-9
-4
-3
2
9
5
-1
-3
-10
-12
-3
3
-1
0
-5
-2
2
7
12
14
17
6
-1
-4
-4
0
-7
-15
-16
-11
-4
-3
-5
-2
1
1
0
-1
2
-3
-14
-13
-12
-15
-10
-4
-2
-4
-3
3
0
-2
-3
-2
4
2
-1
-3
-1
4
6
2
2
3
2
1
5
9
10
6
0
2
4
3
-2
0
-3
-7
3
-1
2
4
7
19
22
24
23
19
12
3
-11
-15
-5
-1
8
10
5
7
-3
-3
-6
-9
4
2
-2
-4
-4
1
-1
4
0
-5
0
-6
-13
-16
-17
-18
-7
-4
-2
6
0
-6
-3
-4
-2
7
4
1
0
-5
-2
1
2
5
6
4
-2
-2
-4
-2
8
-1
-9
0
5
4
7
7
5
3
6
7
7
9
10
3
-7
-12
-14
-11
-6
-2
-3
-2
-4
-11
-11
-9
-2
-3
-6
0
-5
-3
-2
-1
4
3
10
2
-3
-2
-5
-2
-7
-2
2
1
4
-1
4
-2
-6
0
7
14
4
2
3
8
5
-3
-6
-1
12
11
14
11
3
3
1
-5
-8
-3
-3
1
0
0
6
2
3
2
3
8
11
2
-4
-1
-2
-9
-6
-1
0
1
-5
-6
0
5
14
11
2
-6
-9
-4
-5
3
3
3
5
3
1
-3
-8
-11
-8
-1
3
-1
-4
-6
-2
6
4
2
-2
-2
8
4
-2
-3
0
3
-10
-15
-5
-6
-3
-3
-4
-3
-5
0
5
7
9
3
2
4
2
2
-8
-9
-5
-7
3
-2
-6
-5
-1
3
4
9
3
-4
-5
-2
1
-6
-10
-6
-1
7
4
4
11
11
15
9
4
5
0
3
2
-3
-3
-12
2
14
19
18
3
-2
-4
8
11
-8
-12
-12
-7
-5
-13
-4
8
14
7
3
9
4
3
-4
2
5
-13
-21
-17
0
4
-6
-7
-1
3
-8
-14
-18
-22
-2
8
-1
-15
-17
-10
-1
-1
-4
6
13
5
8
18
23
15
2
7
20
26
9
2
1
3
4
-12
-7
5
17
25
14
-5
-8
-4
-14
-8
8
8
2
-1
-4
-5
0
-6
-1
11
18
14
-8
-16
-13
-8
0
-2
-11
-19
-6
3
-2
0
-2
-3
-7
-8
-4
-3
-3
-6
-8
-14
-12
-4
3
8
10
12
0
-12
-9
-5
-2
2
-5
-6
3
6
2
-2
2
4
-2
-3
-6
-2
-5
-1
9
6
3
7
2
7
15
14
7
2
2
-12
-14
-4
2
5
2
-3
1
-3
-12
-11
1
22
7
-12
-21
-25
5
13
3
3
3
19
18
-1
-4
0
5
6
7
6
-14
-20
-11
-4
6
8
8
6
7
2
-7
-8
-5
-1
9
-3
-15
-7
4
19
16
5
6
9
13
6
8
9
-8
-16
-16
0
7
0
2
-2
2
1
-5
-7
-1
16
10
0
-7
-17
-8
-2
9
7
0
13
1
-2
-3
-15
-16
-7
7
4
-5
4
0
-5
-1
-7
-5
-6
3
13
12
12
-4
-16
-23
-9
6
7
14
11
5
10
3
4
8
5
1
-22
-23
-8
-4
7
10
12
7
-1
1
1
8
4
2
-4
0
9
6
4
-5
-8
-14
-19
-9
1
9
16
12
7
7
2
-10
-15
-3
6
-1
1
-2
-18
-9
-6
-13
10
21
7
11
11
4
4
1
-2
-6
-1
8
13
13
-2
-16
-15
-9
11
20
12
1
-9
-6
-16
-2
12
0
0
-1
-3
4
3
-4
-5
2
1
0
-4
-10
0
-1
-13
-11
-8
4
18
15
4
-3
-9
-2
1
-4
-4
-5
-9
-11
-11
-6
6
-6
-12
-8
-12
6
11
5
-1
-9
-7
-7
7
18
10
6
-1
-2
-3
-1
7
4
7
-10
-19
-4
-1
1
-1
1
2
1
4
1
5
0
0
6
10
13
-1
-16
-9
2
3
-2
1
5
2
-1
-2
-7
-3
15
17
-18
-36
-16
-1
23
19
-17
-23
-12
15
29
16
-7
-23
-13
-11
2
1
-10
-3
0
-7
-9
-4
2
6
7
5
6
4
-7
-3
16
6
-16
-9
-4
-16
-2
12
17
35
25
-2
-16
-24
-18
-10
0
12
21
9
-7
-1
15
13
7
-1
-24
-21
-10
0
-6
6
21
10
22
21
6
-1
-14
-21
-7
8
5
3
7
8
7
8
5
8
11
6
6
-5
-12
-14
-7
-2
-7
-10
-10
7
10
0
-5
-6
10
9
9
13
0
-13
-22
-18
-14
-11
-9
-1
4
-2
1
20
30
33
14
-8
-12
-19
-21
-27
-12
10
9
5
-2
-6
4
3
-11
-14
2
9
6
-2
-25
-26
-17
-4
-5
-2
10
8
23
19
14
22
15
2
-26
-36
-31
-15
9
10
15
15
8
0
1
5
1
-1
-6
-8
2
6
7
2
4
18
16
4
-1
-4
0
-3
2
6
10
16
5
-11
-16
-9
-12
-10
2
9
19
22
15
-4
-12
-14
-6
12
10
-4
-11
-16
-11
-2
1
8
9
0
-16
-24
-11
5
19
5
-14
-12
7
17
8
7
4
1
3
3
0
-4
-2
-4
-12
-11
-2
0
3
8
8
15
11
0
-11
-16
-10
-6
0
0
-2
3
4
0
-3
-2
4
3
-2
-15
-21
-9
7
8
-2
-9
-2
0
0
10
16
18
11
-1
-1
2
-1
-2
-9
-7
3
-2
-6
-4
-1
9
9
2
-4
-7
-7
0
7
4
4
7
9
4
-5
-6
-3
-2
-2
-4
-12
-9
0
1
1
-6
1
19
21
12
-8
-10
2
9
4
-11
-11
1
9
-1
4
16
7
1
-2
-9
-3
8
5
-8
-7
-4
-3
2
4
5
12
11
0
-1
-6
0
5
-3
-2
-2
5
1
0
0
-10
-13
-10
-8
-5
3
1
-6
-12
-13
0
7
-6
-14
-6
-8
-4
5
1
7
9
-3
-8
2
5
-1
-4
-4
-10
-6
-4
-5
14
23
12
-6
-7
-4
-9
-3
10
14
18
18
-2
-19
-23
-20
-2
15
12
13
6
3
2
-2
-4
-1
5
-3
-4
1
3
-5
-10
1
5
2
1
-4
0
-1
-18
-14
-2
11
19
12
10
8
8
8
-3
-11
-12
2
20
26
8
-10
-16
-17
-3
19
30
32
24
6
-17
-30
-25
-10
-1
-1
7
-1
-1
13
18
20
19
17
5
-10
-12
-16
-14
-6
-3
7
7
-6
-8
-1
7
-1
2
13
19
12
-9
-15
-16
-15
-8
4
10
21
22
5
-3
-5
-5
0
-3
-12
-15
-13
-4
-3
-4
2
10
12
2
1
-12
-23
-19
-18
-9
3
10
9
-2
-6
1
3
5
4
7
5
-11
-15
-10
-1
2
4
5
-4
0
8
12
9
18
17
7
5
5
2
-6
-7
-9
-13
-8
-1
8
11
-2
-5
-1
0
12
17
7
-4
-10
-13
-12
-1
7
8
4
-1
1
-4
-1
12
9
4
-9
-13
-6
-8
-2
2
4
3
-5
-13
-4
15
13
0
-11
-13
-8
-3
-8
-8
6
10
10
1
-11
-7
-2
6
11
14
9
-6
-20
-24
-18
-15
-2
8
9
14
13
4
0
-4
-5
-6
-5
0
-3
-4
-2
-2
1
3
0
8
9
1
14
20
10
6
11
1
-7
-5
-2
3
10
16
10
9
7
1
-2
-13
-2
1
-6
-4
-9
-9
-3
9
0
-11
0
0
-6
-10
-6
-7
1
8
0
-3
-3
5
-1
-4
0
0
1
3
-5
-10
-4
-1
-4
-9
-1
3
4
8
2
-3
1
6
4
-3
-1
-4
-7
-7
-2
0
-7
-3
4
2
1
-2
-2
-1
-7
-7
-12
-11
3
6
9
13
13
-4
-20
-14
-2
9
6
-4
-12
-14
-15
-8
2
4
4
2
0
-1
9
2
-15
-11
-6
-11
-3
3
5
16
14
5
-5
-10
-3
-8
-6
-2
3
3
5
7
0
-4
10
17
3
0
7
-1
-1
3
-2
6
15
12
-2
-10
-4
-8
-14
-13
-1
3
-5
0
-5
1
14
12
5
-1
-2
-13
-2
8
7
12
6
1
-3
-1
-1
6
2
-5
-7
-14
-12
-11
-8
-5
-5
-5
-4
4
21
25
11
9
8
-2
-6
-7
-5
2
0
-6
-11
5
13
6
3
-1
11
11
8
12
12
9
-3
-13
-10
5
12
14
7
4
10
5
-1
2
-3
0
6
-3
-10
-1
11
7
4
6
4
1
-2
-8
-13
-6
5
2
-10
-8
-12
-10
1
1
8
15
14
-3
-7
-3
-2
2
-3
-5
0
1
-5
-9
-6
8
12
6
0
-10
1
6
0
-4
-1
-8
-10
-7
-2
8
7
3
3
-2
-5
2
2
4
7
1
0
-2
0
2
4
0
-11
-13
-7
1
4
11
9
5
1
-8
-9
-7
-1
5
12
13
0
4
-1
-1
-7
-14
-4
1
7
-4
-10
-2
0
7
-2
-10
-5
-2
6
6
6
10
12
7
0
0
-14
-21
-7
-5
-1
1
-1
4
3
0
-6
-4
1
-4
-2
3
-2
-6
-6
-7
-17
-4
9
5
15
13
1
-3
-7
-6
-7
-7
-5
-2
0
-3
0
4
-5
-3
4
-11
-6
4
3
6
2
7
-1
0
-3
-15
-6
3
10
5
-1
-9
-16
-10
7
11
4
-6
-6
3
3
14
16
4
14
8
-6
-3
-6
2
9
5
2
-5
-1
5
7
11
7
11
-2
-15
-8
1
-2
-1
0
3
2
0
-8
-7
1
3
4
-10
-7
-4
-5
5
10
8
2
0
1
-5
-7
1
5
1
-3
-7
-7
3
8
1
-5
4
11
-1
-5
-5
-1
-8
-5
1
-5
-2
0
-2
-3
5
9
3
5
7
-5
-4
4
-1
-3
5
9
-4
-1
-3
-17
-10
1
3
9
7
-1
-8
-13
-1
2
-1
13
7
-2
-2
-4
-7
-8
-2
-2
-3
1
-4
-4
3
6
7
3
-4
-6
-5
-12
-4
0
3
12
6
5
0
-4
-1
-1
-1
-7
-8
-3
4
6
11
11
3
-1
-1
-4
2
4
-3
-6
-4
4
4
-5
-6
-4
0
0
-5
-2
2
6
2
-4
-5
-4
1
-4
-8
5
15
14
10
4
-4
-1
2
-3
-6
-10
-6
0
2
7
8
11
7
2
0
-1
-2
-5
2
5
2
-4
-16
-7
1
-3
6
10
4
4
12
8
-4
2
-3
-7
-2
1
4
0
4
7
0
-2
-6
-7
-4
-1
3
-8
-8
-3
0
6
6
4
-10
-9
1
0
7
9
3
-9
-18
-11
-5
7
12
-2
-3
2
3
-6
6
9
6
17
10
6
5
2
-8
-16
-10
-8
-6
-3
7
8
7
5
6
7
1
1
-4
-6
-3
-5
-4
1
6
4
-1
-4
-7
2
2
-2
4
-5
-7
0
0
0
-6
-1
-1
-7
-4
4
17
17
7
0
-8
-2
2
-10
-17
-8
2
-2
-4
-10
0
9
10
5
-7
-2
8
10
-1
-5
7
2
-8
-11
-11
-5
2
-2
3
11
10
4
-5
-12
-1
17
10
0
-8
-18
-8
2
8
5
0
-2
-8
-12
-4
-1
-3
1
5
13
1
-14
-7
-14
-8
3
6
0
-2
-1
-10
2
8
1
5
9
14
9
4
1
-11
-14
-8
-7
-4
4
3
8
6
3
0
-6
1
-2
-7
2
6
11
9
8
4
4
12
1
-4
2
4
10
6
-6
-10
-14
-5
-2
-9
1
9
5
-1
-5
-5
-3
0
-5
1
8
5
9
3
-1
1
-4
-1
-5
7
15
0
-5
-1
-4
-3
2
3
4
0
1
0
-5
-3
-4
-2
1
-2
-10
-14
-6
2
10
23
15
5
5
4
-3
-8
-7
-12
-10
-8
-1
1
2
17
11
3
5
6
5
4
7
0
-5
3
2
-6
-8
-6
-6
-4
4
6
5
1
-3
9
6
0
2
-7
-6
3
6
0
3
3
1
1
4
3
5
4
-3
-4
-11
-13
-8
-8
-2
10
2
-11
3
3
-1
7
10
7
-3
-12
-16
-7
6
6
3
-4
-11
-12
-9
-1
7
13
5
-3
-5
-9
-7
0
5
3
-1
4
9
8
10
14
10
4
-6
-11
-16
-12
-4
-3
-1
-4
-10
-8
-6
-3
1
6
-3
-5
-5
-11
1
-2
0
8
2
6
2
1
-6
-12
1
12
13
14
5
-14
-13
-10
-4
9
14
6
8
11
1
6
-3
-8
-6
-12
-8
-3
0
2
7
7
7
12
5
-1
-2
-9
-10
-3
-6
-15
-14
-14
-14
-1
12
11
14
15
5
0
-3
-5
-4
5
6
-2
-4
-13
-6
10
13
8
2
2
-6
-8
-8
1
13
12
11
0
-4
1
-7
-7
-8
-10
0
11
16
13
7
3
2
-1
-3
4
3
2
9
3
1
17
18
6
4
-4
-5
4
13
8
3
-1
-15
-23
-18
-11
-4
11
10
6
6
-5
-10
-4
-1
1
-2
-4
-5
6
13
7
4
-4
-5
-3
-4
-7
-13
-4
7
2
5
8
5
10
11
1
-12
-8
-3
4
8
0
-11
-14
-9
-4
-1
9
11
2
-5
-9
-5
-6
-2
4
-8
-10
-8
-16
-7
3
4
0
4
8
-3
-10
0
6
6
9
4
0
-3
-6
-10
-12
-5
3
5
-14
-12
0
3
11
10
7
4
5
-6
-13
-5
-1
5
3
-5
-8
-4
6
15
17
15
5
-3
-3
-11
-4
1
-3
8
3
4
0
-8
-9
-4
9
8
7
4
-4
-3
-6
-3
-4
-9
-8
-1
0
10
19
11
2
4
-3
-5
6
9
10
9
9
-4
-13
-5
-3
-3
0
0
-1
4
7
-3
-4
1
4
3
2
5
4
1
-9
-13
-8
-3
-5
-7
-3
1
4
12
9
2
1
-5
-12
-15
-20
-17
-6
3
4
3
4
3
-1
-7
-1
5
-3
-2
-5
-8
-4
-3
-4
-3
-2
-6
-5
3
2
10
13
13
16
5
-1
-2
3
2
-8
-2
-4
-6
1
8
13
15
14
8
-1
-4
-4
-4
2
7
2
-2
-3
4
7
-1
-2
-6
-10
-5
2
4
9
13
11
11
7
-7
-8
-3
2
4
8
5
-5
-4
-2
-5
-10
-7
2
8
10
-8
-18
-13
-5
5
6
3
-2
-3
0
0
4
-3
-8
0
7
14
0
-21
-20
-14
-1
10
14
12
4
4
0
-1
-1
0
3
7
9
1
-3
-4
0
1
4
2
-13
-14
0
2
1
-2
0
8
14
10
-22
-27
-6
14
15
-4
-13
-14
-2
5
-1
-9
-9
-2
8
13
8
4
-7
-6
1
4
3
-5
0
5
5
9
-3
-16
-8
6
10
1
2
-3
-10
-14
-16
-10
-1
2
7
10
4
7
13
18
24
18
7
1
-9
-18
-22
-21
-10
0
5
0
-3
8
11
12
6
-1
-1
-5
-6
-8
-8
-4
-18
-20
-12
-2
12
11
10
15
18
15
4
-3
-9
-9
-10
-13
-7
0
3
8
12
10
2
-2
1
9
12
6
-1
-6
-3
-6
-15
-22
-17
-4
3
3
11
16
16
10
4
8
8
9
9
-1
-10
-7
-12
-18
-5
11
12
3
-4
-10
-11
-6
-1
3
7
4
-7
-17
-18
-8
8
14
8
5
2
3
3
5
10
14
14
0
-10
-16
-10
7
13
13
7
2
-2
-5
-6
2
10
6
9
12
2
-9
-18
-21
-9
8
19
16
2
-6
-10
-11
-6
4
11
8
-6
-14
-17
-10
-3
-1
11
13
4
-3
-7
-3
12
19
7
-5
-11
-13
-17
-21
-17
-6
-2
-1
5
-1
1
8
7
9
11
13
4
-2
-9
-12
-7
2
5
5
9
7
0
-10
-4
6
7
1
-4
0
-2
-6
-8
-12
-2
1
-2
-8
-6
9
17
11
4
-1
-6
-12
-13
-11
-2
4
-2
-5
-4
-1
1
1
1
6
11
8
7
3
-4
-4
-11
-5
2
10
9
-3
-6
-7
-2
0
0
-4
2
6
2
-3
-8
-3
-1
1
-3
-4
-3
-5
6
9
-1
-4
-5
-5
7
11
4
0
-1
-5
-1
6
8
11
5
2
-1
-5
-1
1
11
12
6
-2
-13
-3
11
8
0
-4
-10
-8
3
1
3
12
5
-2
-5
-5
0
5
2
-1
1
1
-2
-6
-7
-3
-4
-1
3
12
1
-13
-10
0
14
13
10
2
-5
-5
-3
5
6
10
3
-14
-10
-4
-6
-1
2
-2
1
1
-4
3
10
13
4
-4
-6
-3
1
-4
-7
-9
1
1
-4
2
6
0
-14
-12
1
9
14
11
-8
-20
-6
9
8
12
8
-5
-4
-4
-8
-7
-3
0
1
0
0
-3
-10
-4
12
21
18
9
1
-4
2
9
8
3
-9
-8
-11
-10
-2
6
13
2
-5
-7
-7
1
0
-2
4
3
-3
-8
-4
5
4
-3
-8
-5
-3
-2
-2
2
1
-1
2
4
3
1
-4
-5
1
6
6
2
-1
-1
3
2
0
1
-2
-2
0
-2
3
6
2
-2
0
1
-2
2
3
-2
1
3
1
3
4
8
7
5
14
12
1
-3
-5
-8
-8
-2
-4
-8
-14
-14
-4
2
10
9
13
9
13
14
2
-4
-12
-19
-11
-2
-6
-4
2
1
7
3
-1
2
6
3
1
5
1
-6
-5
-3
0
4
5
5
3
4
4
4
4
-1
-2
-1
4
-10
-19
-13
-4
3
2
-2
-6
0
4
1
-6
-5
-1
2
4
-2
0
2
-4
-5
-4
-1
8
7
1
0
-4
-8
-4
1
3
2
2
-8
-15
-12
-6
1
-2
-5
-7
-4
2
8
9
9
4
-6
-10
-7
-2
6
6
-1
-6
-7
1
16
21
14
8
-5
-13
-13
-10
-5
2
9
12
9
5
1
-2
0
5
4
5
3
4
3
-7
-12
-11
-10
-4
8
9
3
-1
-7
-6
0
1
-2
-9
-8
-2
-4
-4
1
-2
-2
1
5
4
5
4
4
-2
-4
5
6
4
-1
-6
-7
-10
-7
-5
4
9
5
2
9
14
7
3
7
9
5
4
-1
-7
-9
0
5
3
2
-6
-6
-3
1
3
2
2
-2
-9
-8
-1
2
4
6
0
-3
2
4
4
2
-4
-5
-4
-2
-4
-3
4
5
2
1
4
5
7
3
-3
-5
-1
-3
-9
-8
0
1
3
6
4
0
-2
-4
-2
4
5
2
-2
1
8
11
8
4
3
3
1
-6
-6
-4
-7
-1
-5
-5
0
5
3
-5
-4
-4
-4
4
12
7
3
-2
-9
-10
-12
-2
8
12
4
-1
-7
-13
-8
1
7
9
7
3
-2
-4
0
0
-9
-3
-1
-2
2
6
10
4
-2
-6
-9
-5
-6
-6
-4
-8
-6
-3
-4
1
9
7
4
7
8
5
4
0
-6
-6
-8
-6
-2
-1
-2
3
9
8
9
4
1
-1
-3
-1
-2
1
2
6
7
6
10
10
2
-6
-6
-5
-8
-1
5
0
-6
-9
-12
-9
1
5
0
2
4
1
1
0
-4
-7
-2
-3
-6
-5
-7
0
5
2
5
2
-3
-7
-9
-8
-7
-8
-8
0
3
4
5
6
6
3
0
-1
-1
1
2
-2
-3
-8
-5
0
4
9
10
12
12
11
6
3
1
-1
0
6
7
7
-2
-7
-5
-8
0
2
-4
-2
1
1
1
6
5
10
8
0
2
2
-5
-9
-5
0
4
5
6
11
9
4
-3
1
0
-1
-2
-9
-9
-2
0
-4
0
5
5
3
0
4
7
7
7
3
-5
-7
-8
0
-1
1
1
-3
-5
-4
3
1
2
-5
-8
0
-3
-1
1
-5
-2
2
6
3
-2
-5
-8
0
2
5
4
2
1
-1
-3
-2
-1
0
-1
3
2
0
8
8
7
6
-3
1
4
-2
-2
4
6
6
8
-2
-6
-2
-3
-5
-3
1
2
-1
5
6
2
-1
-1
2
3
7
2
-5
-4
-13
-8
1
3
4
9
9
2
0
-1
-1
0
-1
-1
4
-1
-4
-11
-10
-1
7
9
8
6
-2
-4
0
-3
-2
3
-2
-8
-11
-11
-6
-3
-2
1
6
1
-3
-4
-3
-2
4
6
1
0
0
-4
-4
-2
1
3
2
-4
-6
-2
-4
4
2
-1
3
-2
-1
-6
-7
2
4
-1
-2
2
-2
-1
9
8
6
0
-1
-5
-3
-1
-6
-6
-1
-2
-4
-7
-8
-3
-4
2
5
5
9
3
0
-7
-5
2
-2
-3
-4
1
4
-3
-5
-1
-3
-4
0
0
5
0
-2
-4
-8
-1
2
1
2
4
3
0
-2
-4
-2
-3
-6
-3
1
3
4
4
-1
-3
-2
-3
0
5
7
7
3
-1
-4
-6
-2
0
-1
-2
-4
-4
1
2
3
5
3
-3
-8
-10
-5
2
2
2
3
0
-3
2
-4
-5
2
4
-1
-1
-1
-4
-1
-1
-3
-4
-4
-2
-3
-5
-4
3
-2
-5
2
2
7
3
2
1
-1
1
-2
-2
-1
1
4
-3
-3
2
12
10
2
6
-1
-3
-2
-8
-9
-2
11
8
3
-1
1
2
2
1
4
7
3
0
-5
1
1
1
3
3
3
-4
-1
-1
-1
-2
-6
-4
-6
0
3
3
6
2
4
2
-1
1
6
3
2
-1
-8
-5
2
1
-5
-1
3
3
1
3
-2
-9
-6
-10
-4
0
3
9
9
2
-4
-4
-1
4
11
6
5
9
7
2
-3
-11
-8
-8
-7
4
6
2
-1
4
-2
3
2
-1
7
5
-1
-5
0
-1
-1
2
5
2
3
2
-5
-1
-3
0
0
0
6
1
-8
-7
0
3
8
11
12
8
7
8
3
3
-2
-5
-9
-9
-1
-3
-4
-3
-3
-5
-3
-3
-7
-6
-3
1
6
7
3
8
9
3
3
-1
-4
1
1
-2
-6
-7
-3
0
0
0
1
4
2
0
4
-4
-7
-6
-2
0
6
11
6
8
5
2
0
1
-2
-1
3
-1
-3
-4
-2
5
2
4
2
2
3
1
1
0
-3
-6
-1
3
5
2
4
10
9
2
-2
-5
-5
-8
-6
-4
-1
4
2
2
3
1
-3
-2
-2
-5
-3
-3
-4
2
9
7
3
3
-1
0
1
4
6
4
2
1
1
-3
-5
-6
-2
6
4
-2
-6
-7
-2
2
-3
-10
-3
5
1
-2
-2
2
-1
0
-3
-5
0
-2
-3
-2
2
6
3
3
-3
-4
3
6
11
9
3
-2
-6
-12
-16
-10
-2
2
-2
-4
-3
-4
1
1
1
-1
-1
2
-3
-6
-4
-5
-4
0
-4
-1
3
7
4
-2
0
-2
4
2
1
0
5
6
0
-4
-4
4
3
-1
-2
3
6
3
6
4
5
4
6
6
4
7
4
-3
-3
3
3
2
0
-3
-4
-1
0
1
-5
-5
-3
0
1
-1
0
-5
-2
-2
3
6
5
5
0
-5
-4
-5
-4
2
-1
2
1
3
1
-3
0
-6
-4
-10
-13
-5
-8
-1
5
4
5
7
6
0
4
4
-2
-1
-10
-11
-7
-7
0
7
6
-1
-3
2
2
4
-1
-4
-2
-6
-5
2
2
3
2
3
-2
-5
-4
-2
2
0
-4
-6
-4
-7
-4
3
6
13
10
4
2
3
-5
-7
-4
-7
3
9
1
0
3
2
-1
-1
-5
-2
-2
-12
-6
-1
6
12
11
7
3
9
1
-2
3
5
3
3
0
0
2
-2
1
6
6
2
-3
-5
-3
1
5
6
11
10
1
6
0
-10
-1
-3
-5
-6
-5
-5
1
1
-5
9
14
11
6
-1
-1
-1
5
3
-7
-5
-11
-9
-1
-1
1
5
4
-3
-5
-3
-2
17
10
-14
-11
-11
-2
10
0
-2
10
3
1
2
5
7
0
-2
-8
-3
-6
-16
-1
2
4
1
-3
6
8
14
1
-6
3
-11
3
7
-12
5
8
10
6
-11
-12
-13
2
13
15
4
-1
3
-12
-3
11
5
-6
-11
-25
-22
3
4
-10
-1
16
14
5
6
1
0
4
-7
-17
4
13
-4
-9
-9
-5
-3
3
0
-20
-11
2
-3
0
0
-4
-7
-4
1
4
13
5
-5
-6
-6
-1
0
2
-4
-3
-2
-10
4
6
-4
-9
-22
-17
-1
7
6
3
7
-7
-5
6
7
13
4
-5
-9
11
18
-3
4
-5
-26
-16
-2
3
2
5
3
-3
6
19
15
10
10
-3
-5
-1
-3
2
5
6
-3
-7
-10
-5
-1
-11
-5
4
1
-8
-5
7
4
11
8
-3
0
-4
-6
0
14
9
3
-1
-12
-8
-13
-11
1
-1
-12
-6
5
2
5
-1
-3
2
0
4
0
1
10
3
2
9
14
4
-3
-3
-11
-3
-14
-21
-5
-7
2
8
6
7
2
2
-2
-4
-5
-14
-10
-3
4
8
-3
-12
-3
-1
-10
-12
-5
8
25
30
14
15
19
8
6
3
3
26
25
6
-6
-11
1
12
13
7
2
-14
-32
-24
-16
-16
-18
-8
7
15
23
30
46
50
17
-18
-26
-8
7
9
-21
-46
-38
-47
-39
-10
10
20
-14
-45
-45
-4
36
27
30
28
14
9
8
24
43
38
-1
-8
13
-4
-23
-20
-20
-48
-60
-42
-31
2
10
-29
-42
-32
-21
-27
-9
22
27
24
22
37
84
139
170
167
116
40
-71
-145
-140
-124
-127
-157
-144
-85
-39
-15
63
166
143
102
79
19
-3
-34
-52
-6
49
62
18
-35
-54
-41
-15
39
92
47
-29
-95
-118
-77
-7
28
7
-27
-62
-39
-11
17
42
32
32
32
90
150
154
96
-43
-149
-152
-94
-47
-91
-144
-117
-45
23
96
165
193
146
12
-77
-33
116
197
143
51
-19
-21
-8
6
-33
-140
-124
-129
-181
-186
-140
-24
54
126
162
137
70
-131
-316
-216
98
331
363
223
11
-106
-13
113
193
266
221
1
-235
-321
-288
-98
153
235
134
-23
-202
-386
-427
-321
-230
-45
212
264
249
175
95
167
293
393
315
143
-49
-223
-338
-359
-234
-138
-3
113
43
-18
-8
4
-34
-36
-67
-193
-210
-153
-101
-44
51
97
102
214
309
333
428
535
504
236
-114
-362
-493
-576
-624
-539
-345
-167
-80
-136
-59
280
502
518
464
320
-10
-314
-385
-373
-164
104
101
10
70
271
471
593
599
491
227
-183
-524
-710
-643
-351
-180
-133
-121
-133
-80
-21
62
167
251
217
114
-32
-197
-74
147
134
46
60
112
147
204
213
152
131
3
-253
-299
-142
-95
-137
-100
-81
-148
-223
-291
-338
-292
-167
21
146
122
113
141
134
218
514
705
673
669
527
-48
-563
-612
-683
-923
-848
-464
-104
144
108
-104
97
533
505
270
267
165
-178
-536
-743
-562
27
503
529
361
324
428
517
529
319
-18
-296
-639
-891
-818
-460
-72
152
225
176
151
146
66
12
-1
-62
-92
-76
-145
-181
74
324
235
83
66
87
194
340
365
302
220
9
-298
-417
-376
-299
-222
-224
-314
-416
-313
-80
85
177
239
257
209
152
153
124
72
134
251
366
519
828
1027
619
-195
-705
-836
-1085
-1099
-511
-13
166
213
-29
-183
200
438
168
208
517
322
-194
-598
-782
-473
239
576
340
271
447
405
239
139
139
17
-386
-883
-1026
-594
-30
330
436
231
-2
61
169
91
75
139
-121
-492
-541
-608
-649
-182
359
350
159
285
497
621
623
490
381
239
-50
-364
-545
-467
-194
89
167
3
-265
-457
-521
-535
-337
35
212
179
178
212
242
319
323
192
290
525
445
524
985
827
-361
-1255
-1007
-695
-821
-634
-226
-50
124
-97
-880
-560
860
1143
565
673
725
129
-359
-731
-879
-202
653
467
-289
-458
-134
158
95
-124
-36
245
86
-328
-171
220
347
303
-65
-565
-414
242
691
821
592
58
-387
-544
-595
-632
-434
33
190
-237
-705
-778
-326
392
836
1090
1366
1255
668
356
268
-134
-490
-663
-985
-1238
-975
-601
-536
-376
87
322
269
356
385
241
276
222
-210
-326
-22
77
95
405
876
1448
1868
978
-703
-1002
-524
-1289
-2107
-1463
-659
-224
132
-221
-97
1485
1857
412
89
720
574
164
-204
-662
-331
361
-116
-946
-692
249
913
702
-142
-582
-305
-244
-562
-292
407
512
295
187
-162
-216
315
468
135
-2
-34
-224
-212
41
61
-62
-18
-78
-741
-1515
-1311
-512
-29
591
1383
1576
1469
1453
1199
902
742
212
-711
-1430
-1756
-1920
-1704
-919
-78
311
456
562
503
454
476
363
-33
-333
-338
-490
-612
-328
171
770
1455
2003
2471
2172
51
-1886
-1720
-1735
-2851
-2469
-876
-145
298
142
-619
696
2721
1758
94
412
563
18
-128
-676
-771
657
1159
-233
-998
-331
369
565
72
-610
-530
-589
-1448
-1569
-346
673
1006
1133
619
-26
186
419
180
246
378
-49
-506
-355
165
475
349
152
-298
-1402
-2042
-1532
-868
-246
771
1574
1665
1407
945
653
903
664
-259
-722
-843
-1213
-1328
-954
-636
-428
-71
200
172
42
266
818
815
237
-149
-364
-563
-375
1
338
694
789
950
1654
2346
1975
-17
-2076
-2131
-1819
-2824
-2719
-912
202
794
818
-538
-129
2458
2238
51
216
1052
357
-436
-893
-881
536
1541
258
-1076
-652
182
483
148
-632
-688
-98
-699
-1509
-484
706
792
849
473
-557
-709
-133
102
490
974
660
74
9
193
313
239
-89
-408
-1062
-2148
-2285
-1098
-12
597
1602
2377
1946
1207
756
354
1
-459
-1084
-1355
-1108
-914
-831
-297
552
726
258
79
65
-73
220
481
-86
-549
-168
155
-92
-336
-189
228
521
553
849
1688
2614
2349
-276
-2925
-2446
-1633
-2863
-2392
-7
901
1107
579
-1440
-421
3296
2654
-143
429
1017
-296
-725
-892
-1036
762
1904
35
-1412
-627
315
638
243
-780
-789
-208
-1160
-1893
-376
873
776
927
567
-529
-604
57
253
566
1008
632
67
400
969
623
-135
-365
-409
-1057
-1886
-1809
-838
52
500
1169
1651
1209
753
706
360
-248
-549
-848
-1075
-555
-22
82
503
907
399
-431
-658
-578
-409
210
671
205
-337
-311
-165
-108
-154
-194
108
320
114
487
1511
2367
2248
-38
-2551
-2015
-1204
-2812
-2544
113
1135
1253
394
-1719
-230
3312
1909
-1080
-32
1064
-79
-687
-1056
-843
1469
2526
161
-1569
-453
760
693
-96
-1273
-1196
-366
-1343
-2086
-360
1204
1346
1333
471
-890
-645
198
304
582
868
531
284
717
1020
542
0
-240
-859
-1908
-2388
-1760
-535
326
504
814
1528
1432
607
393
540
223
-433
-862
-830
-403
58
354
714
764
227
-325
-711
-952
-632
13
259
-46
-326
-199
-9
-10
-258
-519
-326
-37
94
830
2087
3175
3355
906
-2539
-2651
-1434
-2769
-3072
-528
910
1300
817
-1618
-968
3211
2925
-613
-443
1008
118
-622
-709
-1034
557
2615
1114
-1445
-1051
488
640
-160
-1021
-944
-81
-756
-1936
-887
678
1024
993
283
-953
-972
-192
112
609
1404
1284
661
866
1194
425
-512
-649
-905
-1722
-2285
-1888
-492
785
988
957
1442
1484
772
287
32
-342
-677
-781
-606
-182
249
525
953
1110
414
-406
-785
-1083
-1209
-728
-94
107
45
137
363
320
-199
-610
-344
-194
-245
674
2070
3066
3624
1761
-2289
-3274
-1646
-2750
-3800
-1313
726
1266
1285
-1086
-1657
2849
3977
-353
-1159
952
252
-701
-327
-961
-140
2826
2171
-1224
-1339
487
708
-45
-1143
-1751
-815
-570
-1684
-1045
765
1281
1283
712
-754
-1084
-213
111
525
1546
1540
829
1079
1326
426
-363
-570
-1154
-1788
-2217
-2351
-989
813
907
755
1522
1303
192
-65
-61
-424
-473
-433
-301
477
982
662
868
1378
522
-845
-1289
-1524
-1649
-854
117
269
76
137
224
11
-491
-777
-573
-414
-156
916
2376
3443
4273
3474
-736
-4044
-2882
-2466
-4330
-2981
114
1198
1996
801
-2033
539
4590
1325
-2360
-158
869
-632
30
215
-425
2215
3747
194
-1935
-128
570
-378
-1182
-1957
-1651
-803
-1349
-1511
122
1431
1604
1021
-469
-1492
-1030
-287
500
1759
2238
1646
1593
1747
689
-567
-998
-1542
-2206
-2294
-2361
-1702
322
1179
394
783
1527
472
-392
88
56
-319
134
525
818
1478
1294
553
625
451
-905
-1761
-1489
-1336
-1049
-116
264
-210
-219
275
152
-353
-402
-421
-660
-413
497
1782
3247
4449
4712
2202
-2802
-4919
-3304
-3630
-4481
-1509
1406
2147
2169
-656
-2470
1791
3503
-1465
-2365
1229
821
-237
1351
924
788
3785
2943
-1761
-2075
14
-809
-1708
-1411
-1693
-1255
-509
-925
-549
918
1296
686
-6
-906
-1249
-498
668
2119
3083
2367
1396
1621
1155
-597
-1644
-2081
-2560
-2407
-2156
-1720
89
1555
923
227
521
47
-734
-227
495
485
626
1013
1106
1213
1230
742
424
368
-319
-1416
-2057
-1940
-1306
-532
32
113
-76
-101
46
-77
-357
-290
-169
-294
-63
1003
2421
3658
4389
4362
2111
-3095
-6222
-4296
-3395
-4714
-2061
2109
2799
2476
564
-2595
-141
3551
-341
-3149
1322
3045
939
1841
2067
687
2521
2048
-3295
-4046
-728
-983
-1597
-92
-224
-604
6
-870
-1196
415
499
-532
-258
-106
-520
46
1285
2670
3510
2316
747
799
285
-1558
-2333
-2302
-2324
-1505
-948
-1138
-83
1281
674
-114
384
342
-162
532
1221
799
669
1104
999
743
737
274
-239
-296
-716
-1673
-1867
-1032
-534
-563
-101
301
-14
43
369
-23
-308
-240
-689
-745
372
1679
2878
3982
4500
4139
736
-5254
-6726
-3679
-3922
-4470
16
3336
3214
2649
-1145
-3420
1964
3329
-2818
-1821
3934
2575
521
2024
711
403
2981
-293
-4987
-2296
56
-1807
-949
955
173
-131
-525
-2026
-1175
490
-55
-278
634
557
24
323
1592
3197
2719
463
162
904
-459
-2016
-1971
-1977
-1679
-1073
-1854
-1670
743
1225
-334
190
1244
197
-51
1235
1187
555
911
609
-69
522
633
-160
349
787
-752
-1858
-1451
-1546
-1563
-303
240
-257
216
786
214
-75
70
-459
-756
-123
525
1370
3169
4484
4220
3590
484
-5871
-7555
-3547
-3351
-4134
1378
5072
3346
2135
-1595
-5226
-72
3209
-2401
-1557
5649
4622
1101
2048
711
-246
1736
-1760
-6059
-2223
932
-942
-120
1719
686
-101
-1495
-3406
-1807
446
26
299
1648
1526
803
262
623
2342
2029
-329
29
1428
-81
-1470
-1239
-1724
-1766
-1325
-2163
-1727
631
981
-184
413
1246
497
83
675
777
399
434
567
670
1077
1132
646
291
-492
-2091
-3032
-2636
-1947
-1074
325
1245
1137
1089
930
-136
-818
-755
-920
-850
24
955
1865
3357
4095
3610
3269
112
-6385
-7326
-2909
-3310
-3481
2677
5217
3149
1626
-4041
-7097
550
3025
-3006
932
8617
5767
1738
576
-1929
-530
961
-4538
-5914
594
2582
376
703
1252
926
-791
-4729
-5207
-1176
936
1591
2908
3113
2661
750
-2201
-1244
1391
-60
-617
2742
3291
775
-473
-1443
-2232
-2322
-3727
-4053
-735
2060
2228
1810
1539
1159
-415
-2365
-1975
15
1116
2075
3323
3055
1852
609
-1111
-2415
-2821
-2903
-2138
-404
948
1460
1479
785
-389
-1429
-2354
-2437
-993
608
1386
1805
1766
1235
1036
1460
1687
1941
2902
1137
-4657
-6388
-2367
-1960
-2924
1560
4344
2713
675
-4867
-7449
697
4526
-1216
1267
8861
6162
4
-2032
-2777
-331
1747
-2470
-3914
1665
3375
-22
-1184
-400
-193
-1858
-5201
-4662
175
2569
2457
2789
2369
820
-1711
-3861
-1562
2565
2328
1705
4366
4262
97
-2863
-3709
-3617
-2769
-2520
-1828
1089
3380
2501
232
-827
-1043
-2275
-3023
-833
2249
3560
3958
3669
1772
-392
-1787
-2730
-2552
-1192
17
618
925
908
218
-951
-1774
-2050
-1818
-1171
-118
1241
1858
1480
767
-122
-873
-323
1443
2704
4125
5206
963
-5797
-5738
-2708
-4140
-2770
3082
4554
3096
-213
-7216
-6492
2467
2135
-2090
4820
10072
4345
-860
-2420
-2010
1147
210
-4252
-1677
3994
2643
-969
-982
-59
-1036
-4829
-7104
-2860
2308
2738
2357
2894
2222
-188
-3905
-4717
578
4705
3051
3072
5502
3220
-1788
-4332
-4345
-3069
-2106
-1732
190
2919
2841
154
-2132
-2417
-2049
-2688
-1942
1612
4643
4870
3848
2213
-265
-1732
-2208
-2133
-724
950
1445
866
-101
-1190
-2111
-2795
-2738
-1499
-29
717
950
1212
1053
225
-499
-983
-859
974
3413
4365
5100
4992
-561
-6979
-6049
-3371
-3971
-646
4820
4868
2593
-2335
-9518
-6775
2263
1319
-371
8200
11032
3059
-2603
-3957
-2206
1308
-431
-3058
2318
6886
2463
-2525
-2633
-1217
-2202
-6576
-7331
-180
5151
3502
1946
2122
767
-2113
-5479
-4588
2755
7143
4948
4301
5016
1192
-4091
-6112
-4926
-1737
241
370
2033
3073
470
-2621
-4388
-4684
-3064
-868
1359
4513
6262
4156
1177
-634
-2246
-2591
-1022
714
1996
2682
1837
-591
-2959
-3713
-3416
-2671
-1004
1013
1735
1294
665
-323
-1302
-1571
-1199
-620
629
2667
4250
4681
4467
3554
-1439
-7290
-6224
-2508
-2197
-2
4857
5315
1794
-4074
-10831
-7737
2163
2388
849
9403
12038
2340
-4848
-6092
-3565
1519
1711
-651
4531
8591
1508
-5233
-4471
-2304
-2625
-5091
-4931
1543
6511
3164
-891
-665
-899
-3461
-5606
-3025
4695
8889
5541
3014
3068
-773
-5655
-5865
-2646
1430
3327
2393
2104
1577
-2838
-6479
-5451
-3506
-1447
1795
4024
4497
3915
956
-2358
-2476
-1363
-284
2038
4339
3971
1563
-779
-3275
-5050
-4158
-1281
487
1271
2264
1435
-999
-2175
-1881
-1635
-643
1059
1419
1204
1680
1691
1557
2009
2600
1830
-2211
-5066
-2197
541
-828
151
3327
2432
-1534
-7088
-8936
-1209
4882
1448
2484
8881
5062
-3901
-5856
-3319
1251
4875
2335
1243
6056
3852
-4694
-6334
-2553
-322
-837
-2518
-1146
3604
3313
-2194
-3312
-731
-706
-2663
-2666
1592
6485
5021
754
925
699
-2697
-3591
-1461
1293
3648
3134
766
366
-971
-5092
-5178
-1982
-833
482
2741
2784
1017
-112
-1674
-2453
-586
1302
2600
3904
3710
1111
-1460
-2245
-3223
-3136
-909
1028
1169
827
717
-845
-1808
-989
-476
-191
273
282
-212
-366
-122
728
2085
2349
3145
2111
-3262
-4806
-718
-164
-1557
2179
4469
1616
-1565
-6486
-6935
724
2952
-898
3389
8098
1292
-4484
-3451
-2084
1209
3527
1000
1830
5457
1136
-4863
-3382
-655
-522
-1140
-1751
405
3429
936
-2993
-1883
-328
-1442
-2382
-1031
2668
4393
1674
-196
757
-511
-2647
-1407
733
2204
2982
1497
259
574
-1996
-4335
-1862
109
-28
1272
2296
616
-908
-1362
-2579
-1669
844
2296
3129
3426
1807
-1181
-2349
-2459
-2533
-937
1481
2283
1296
598
-200
-1884
-1916
-378
85
9
563
389
-698
-765
239
862
1159
1967
2782
234
-4097
-3532
7
102
-97
2796
3751
1100
-2480
-5887
-3972
1567
1718
38
4036
5236
-1137
-4548
-2593
-533
1550
2072
985
2976
3756
-1542
-4659
-1580
274
-974
-1212
91
2278
2397
-1203
-2585
-267
-196
-2327
-1672
1596
3442
2112
-332
-175
841
-1217
-2724
-300
2289
2081
800
277
756
507
-1956
-2809
-133
1200
-21
-260
858
248
-1439
-1693
-1389
14
1538
1881
1969
1907
552
-2208
-2809
-1336
-278
829
1719
1787
667
-519
-1346
-1959
-759
796
994
675
142
-598
-1376
-848
276
869
1416
1962
2225
-936
-4846
-3119
575
531
815
3926
3611
-206
-3248
-5768
-3407
2161
2521
796
3883
3864
-2971
-5351
-1925
439
1856
2572
1992
2734
2266
-2486
-4672
-891
1136
-338
-618
1282
3030
1353
-2541
-3045
-690
-591
-1661
-307
2258
3178
727
-2412
-1554
522
-857
-1617
1376
3054
1476
-346
-644
381
786
-681
-1145
472
950
-386
-837
40
143
-411
-1031
-895
588
1018
416
115
439
-227
-1434
-1115
-464
528
1216
622
-158
-246
-268
-897
-677
778
1148
389
-267
-885
-1116
-597
437
1006
1433
1669
1504
-358
-4294
-4049
-72
1049
638
2731
3525
461
-2599
-5007
-3742
1880
3408
1296
3064
3899
-2032
-5859
-2733
319
1691
2488
2044
2365
2049
-2405
-5070
-1263
1865
174
-566
1736
2892
905
-2663
-3110
-246
192
-1402
-353
2281
2280
-681
-2767
-1131
1220
-58
-1268
1324
3008
513
-1777
-1029
633
1142
198
-405
503
955
-757
-1747
65
1281
567
-295
-231
46
-369
-784
-733
132
392
-262
-460
-363
112
106
-332
87
586
738
263
105
499
364
-252
-699
-411
-373
-549
310
748
603
814
1109
492
-2824
-3979
-1065
567
296
1902
3309
1238
-1461
-3902
-4419
777
3891
1801
2548
3995
-834
-5531
-3135
389
1793
2439
1661
1687
2073
-1928
-5204
-1458
2329
588
-460
1401
2319
1131
-1839
-3240
-379
1204
-759
-668
2014
1829
-1297
-2988
-1397
1160
910
-549
574
1983
98
-2244
-1466
1026
1976
1160
522
460
36
-1046
-1325
276
1731
1456
182
-547
-889
-1666
-1792
-858
411
1034
651
-53
-840
-1035
-998
-881
378
1434
1483
823
-25
-347
-333
-445
-271
585
725
174
294
115
-78
431
928
971
-1518
-4055
-2162
450
342
1408
3299
1774
-962
-3122
-4528
-678
3645
2386
1770
3390
315
-4416
-3872
-274
2115
2157
708
1280
1997
-1603
-4352
-1700
1575
1465
221
253
1920
1917
-1976
-3412
-221
965
-104
405
1312
738
-905
-2899
-1996
1443
1355
-514
519
1113
-805
-2001
-1061
957
2312
1500
603
690
-340
-1643
-857
629
1679
2060
554
-611
-822
-2034
-2288
-583
717
651
744
-198
-1918
-1722
-1227
-722
835
1976
1673
718
-13
-730
-754
-218
316
1278
824
-258
-226
-239
-444
248
1340
1678
328
-3383
-3886
-523
713
800
2593
2658
154
-2139
-4267
-3010
2234
3334
1783
2708
1944
-2001
-4149
-1712
1365
1830
341
778
2256
-46
-3158
-2505
179
1719
786
-108
1462
2363
-733
-3085
-1262
494
249
353
848
896
-491
-2622
-2046
914
1676
97
20
598
-497
-1925
-1765
20
1572
1388
1020
1118
-113
-1153
-323
198
1168
2084
1324
444
-199
-1651
-2643
-978
505
499
1210
628
-901
-1903
-2039
-1064
32
1514
1849
837
-194
-853
-941
-839
385
1795
1231
373
-3
-110
-94
237
1044
1332
589
-2734
-4119
-1109
344
611
2208
2327
223
-1864
-3523
-3055
1480
3401
2018
1968
1274
-1497
-3446
-2202
808
1933
614
743
2103
53
-3066
-2380
259
1587
1013
202
1028
1684
-748
-2905
-1322
783
915
907
1137
374
-1080
-2346
-1863
880
1856
376
211
556
-1095
-2453
-1480
400
1588
1449
908
777
-231
-1024
-394
367
1194
1630
893
8
-117
-1054
-1573
137
1022
129
-243
-391
-1069
-1671
-1188
-478
287
1472
1255
-346
-1336
-697
-385
-562
989
1947
828
-191
-348
-184
-42
735
1197
1696
314
-3219
-2479
290
704
625
1351
1087
-648
-2618
-4147
-1072
3302
2504
1148
1004
-279
-1985
-2388
-555
1907
2009
212
820
1452
-1368
-3023
-817
1724
2003
309
-36
1345
684
-2051
-2029
278
1135
1050
1083
188
-819
-1852
-2322
-502
1626
1052
103
588
-273
-2195
-2166
-377
1646
1940
484
-133
-53
-530
-593
229
1128
1914
1366
-221
-618
-569
-1093
56
1785
990
-281
-749
-1396
-1360
-669
-273
80
1151
1332
-413
-1730
-1250
-157
43
575
1221
951
-73
-461
-155
-32
600
1367
1362
-1150
-2473
-612
242
763
1609
984
58
-721
-2900
-3522
986
3128
1533
981
-299
-2128
-2245
-1180
436
1799
1260
511
823
-1198
-2924
-1044
891
1763
1807
414
21
830
-1006
-2688
-302
1678
1336
1512
881
-897
-1318
-1280
-963
676
1063
99
425
123
-1765
-2050
-784
326
1396
1392
-61
-680
65
-109
-84
406
949
1824
817
-432
-598
-615
68
1199
1241
7
-34
-541
-1995
-943
200
-62
427
1078
99
-1597
-1543
-657
-231
302
955
907
112
-86
-5
-364
-11
997
1536
19
-2494
-1406
948
1250
900
1045
570
-147
-1805
-3753
-975
2982
2297
916
126
-1559
-2140
-1609
-670
1332
2145
805
688
48
-2584
-2807
63
1739
1681
829
-78
479
-53
-2234
-1492
1021
1776
1624
1166
-619
-1590
-961
-543
446
1279
220
-175
274
-1152
-2337
-1023
604
1181
1117
20
-926
-613
-369
-370
558
1392
1429
945
-390
-1143
-666
357
1481
1898
817
-375
-494
-1170
-1437
-248
233
474
1072
48
-2051
-1889
-241
239
18
324
608
233
-297
-565
-1
597
1167
1035
709
-474
-3044
-1936
1117
2020
1490
886
409
-394
-1973
-3712
-801
3678
3228
1101
-740
-2247
-2036
-1286
-612
1435
2647
1271
643
-630
-3142
-2336
884
1989
1679
798
-504
-297
-551
-2185
-1221
1557
2198
1548
757
-1371
-2059
-622
272
1052
1453
506
-128
-297
-1879
-2514
-335
1489
1814
1092
-625
-1566
-740
-492
-627
685
1701
1923
908
-1120
-1882
-774
988
1944
2026
766
-444
-797
-1841
-1536
248
925
1212
1295
-382
-2554
-2113
-191
589
713
535
87
-247
-797
-1095
-386
864
1846
1477
514
-113
-2132
-2694
-6
1870
1834
1672
854
-737
-1675
-3382
-2910
2146
4272
2221
44
-1958
-2451
-1186
-740
485
2797
2196
303
-776
-3036
-3195
469
2214
1506
1307
-106
-965
-378
-1702
-2123
1171
3042
1532
398
-1092
-2417
-897
453
724
1781
1548
237
-406
-1801
-2963
-836
1884
2148
1216
-558
-1940
-1313
-694
-641
471
1802
1810
712
-1057
-2216
-959
958
1775
1764
595
-551
-751
-1119
-1510
-263
1640
1683
507
-777
-1905
-1606
-260
544
549
352
-25
-511
-1013
-1255
-391
993
1541
1477
696
-439
-707
-1827
-1964
526
2160
1809
1343
-51
-1657
-1617
-2280
-1613
2492
3660
1134
-734
-2225
-2424
-379
418
936
2597
1824
-190
-1111
-2329
-1542
1708
2152
699
451
-580
-1212
-712
-1364
-935
1890
2364
407
-444
-1507
-2086
-259
1184
1293
1393
776
-377
-1101
-2049
-1928
564
2516
1886
157
-1342
-1845
-1006
-269
107
1298
1969
915
-588
-1490
-1501
83
2058
2127
863
-186
-634
-703
-847
-361
1324
2093
785
-845
-1717
-1714
-464
587
340
281
310
-467
-1219
-1334
-639
692
1662
1390
627
-184
-294
-78
-1700
-1574
1131
2070
1468
863
-858
-1626
-765
-1877
-1144
2823
2979
396
-1181
-2597
-1741
708
336
592
2256
903
-807
-1399
-2219
-530
2570
1613
-248
45
-804
-1165
-391
-1019
-270
2080
1518
-412
-747
-1642
-1697
437
1339
1139
1300
518
-739
-1281
-1729
-965
1553
2596
1161
-647
-1751
-1813
-694
216
493
1423
1719
16
-1610
-1772
-677
1250
2322
1388
22
-517
-742
-742
-497
316
1853
1743
-291
-1576
-1657
-862
347
797
246
-121
6
-623
-1490
-1243
120
1262
1401
728
3
-85
170
-954
-2080
-33
1870
1712
994
-380
-1444
-759
-970
-1900
795
3315
1838
-376
-2174
-2564
-12
941
151
1517
1694
-275
-1073
-1726
-1532
1524
2577
267
-140
-174
-1130
-646
-458
-721
1132
2085
199
-1048
-1354
-1713
-466
1119
914
940
932
-299
-976
-1134
-1170
489
2384
1874
-182
-1490
-1542
-1022
-24
516
754
1413
676
-1309
-1981
-624
1042
1841
1464
118
-710
-669
-808
-461
540
1444
1643
7
-1726
-1651
-539
593
1008
700
-186
-602
-775
-1353
-1114
329
1254
917
126
-517
-387
375
607
-979
-1246
646
1250
680
141
-441
-497
-113
-1347
-1571
1440
2776
1039
-871
-2016
-1216
734
299
38
1464
1161
-336
-1292
-1855
-555
2068
1526
-375
-130
-281
-543
-102
-515
-270
1207
1035
-466
-972
-998
-631
380
674
475
706
432
-317
-974
-1281
-376
1241
1800
755
-714
-1213
-897
-387
46
484
1103
1301
35
-1700
-1571
78
1263
1425
618
-473
-458
-251
-627
-220
884
1473
579
-1073
-1594
-649
413
680
535
-29
-327
-454
-955
-1029
-107
1074
1022
82
-498
-327
206
587
180
-1098
-706
830
930
252
284
-8
-259
-524
-1694
-743
2015
2263
444
-1004
-1816
-703
541
-282
290
1957
1078
-769
-1540
-1520
272
2044
662
-501
69
-135
-586
-761
-788
431
1577
574
-843
-885
-604
-261
209
242
611
1026
289
-890
-1383
-782
451
1343
1268
32
-775
-877
-878
-144
487
845
1341
507
-1374
-1863
-283
1036
1397
1192
-80
-765
-415
-669
-478
702
1532
1111
-581
-1748
-1180
247
788
586
482
-63
-445
-674
-1136
-384
1021
1064
36
-606
-481
-134
216
514
-213
-923
-279
340
296
303
453
74
-288
-1048
-1814
-101
2131
1950
274
-1197
-1284
-44
-87
-597
895
2092
827
-1020
-1956
-1259
1110
1579
-103
-306
407
28
-731
-929
-265
1209
1370
-236
-1042
-559
-72
-35
-65
275
980
857
-207
-1077
-973
-23
747
897
320
-321
-433
-667
-567
190
709
892
722
-413
-1483
-767
662
1031
786
316
-448
-495
-414
-475
230
1131
1122
-122
-1306
-1133
10
881
711
257
-35
-427
-666
-746
-462
571
1025
132
-683
-597
2
481
804
325
-772
-866
-421
-30
564
1067
762
23
-864
-1915
-1297
1126
2380
1479
-162
-1339
-1114
-658
-773
378
2014
1819
-59
-1911
-2096
-225
1457
838
167
508
102
-852
-1367
-810
887
1826
674
-771
-794
-327
-200
-233
13
894
1118
12
-1034
-998
-244
492
634
119
-72
58
-465
-697
-47
443
649
561
-268
-908
-469
299
522
483
339
-62
-227
-264
-252
71
552
713
135
-610
-695
-71
363
204
151
88
-240
-361
-338
-265
212
513
27
-540
-550
-218
233
672
613
-165
-954
-941
-280
454
1115
1172
474
-466
-1524
-1732
-200
1630
2019
1015
-483
-1417
-1268
-985
-241
1459
2281
1000
-1067
-2141
-1396
364
1076
805
807
594
-457
-1471
-1336
124
1587
1377
65
-634
-554
-474
-479
-127
667
1288
703
-623
-1213
-669
166
352
122
171
327
18
-525
-528
-18
441
460
-47
-340
-60
176
131
0
-3
62
57
80
125
164
138
87
-36
-243
-187
53
119
-14
-152
-146
-182
-153
56
114
123
180
-91
-419
-427
-288
75
507
660
261
-707
-1261
-714
153
723
1146
1008
191
-811
-1820
-1453
619
2049
1821
449
-931
-1399
-1313
-844
428
2047
2023
290
-1402
-1856
-847
159
560
957
1156
515
-978
-1879
-1017
723
1439
793
-14
-325
-379
-564
-613
-98
712
1005
365
-559
-786
-247
119
-106
-152
240
354
72
-63
-70
-100
-64
-254
-283
244
680
509
30
-313
-468
-305
35
401
591
344
-111
-353
-494
-391
227
642
423
1
-294
-485
-414
29
318
409
356
-26
-533
-680
-255
301
671
733
417
-334
-1108
-1109
-443
357
1140
1358
529
-464
-1285
-1670
-693
937
1802
1493
495
-689
-1448
-1509
-832
703
1890
1512
125
-1103
-1343
-732
-23
574
1045
930
-48
-1114
-1253
-414
568
928
615
198
-126
-507
-719
-431
281
710
539
106
-255
-212
-137
-407
-480
-109
383
497
297
104
-130
-352
-568
-475
136
828
917
307
-321
-555
-530
-247
374
848
701
76
-503
-753
-509
100
505
561
317
-145
-586
-598
-173
204
444
427
105
-366
-641
-463
-46
374
584
564
177
-477
-839
-705
-198
431
844
681
242
-312
-1035
-1142
-278
767
1166
869
183
-483
-913
-1051
-485
648
1338
958
-69
-848
-815
-405
-116
306
801
721
-10
-625
-687
-148
432
351
64
25
55
-175
-411
-170
142
300
206
-83
-115
58
38
-297
-375
13
310
320
114
-112
-239
-301
-192
14
362
617
394
-85
-370
-376
-187
119
423
473
149
-165
-256
-176
-2
109
146
121
-4
-239
-319
-42
188
89
-71
-103
-74
-117
-242
-192
54
315
317
181
56
-209
-375
-415
-251
167
532
610
378
-154
-766
-846
-280
381
670
597
362
-23
-536
-888
-582
329
918
642
23
-319
-322
-255
-250
-36
417
470
54
-286
-275
77
286
96
-185
-179
2
-71
-49
220
369
233
-118
-422
-371
25
100
-60
81
251
150
-98
-244
-189
-35
23
8
129
334
273
-11
-241
-236
-58
67
214
351
251
-67
-250
-241
-99
125
214
187
134
-56
-287
-240
-9
113
75
55
56
-16
-150
-249
-141
35
95
125
184
150
9
-193
-327
-163
41
175
327
321
88
-287
-524
-423
-33
379
413
274
158
-153
-419
-378
-140
152
346
197
-18
21
-14
-121
-109
-90
-52
-8
29
135
277
209
-62
-277
-290
-206
-57
222
357
254
33
-261
-313
-109
37
60
90
135
85
-37
-167
-149
-20
-14
-56
19
154
201
102
-140
-238
-91
8
56
182
251
121
-103
-242
-179
48
206
172
40
-67
-197
-249
-123
60
160
153
15
-117
-138
-165
-78
61
71
83
120
77
19
-36
-181
-259
-116
31
159
325
301
77
-177
-374
-363
-111
182
297
260
129
-50
-197
-270
-156
34
112
117
92
77
103
67
-66
-172
-186
-97
22
145
201
157
65
-70
-154
-162
-81
53
118
95
32
-7
-9
-18
-38
-86
-92
-29
72
137
82
38
-12
-80
-109
-80
49
133
113
30
-40
-30
11
34
27
69
41
-41
-23
9
91
90
-50
-100
-66
-90
-60
56
79
48
-27
-146
-156
-89
-22
20
40
60
47
29
-2
-54
-66
-62
-55
-43
36
172
245
146
-74
-191
-180
-133
-36
79
174
204
72
-127
-190
-158
-109
-60
38
161
230
170
0
-78
-125
-179
-159
-53
113
226
237
89
-48
-90
-165
-184
-102
34
129
190
145
24
-53
-134
-178
-152
-35
100
173
166
69
-13
-77
-169
-151
-61
18
127
141
70
49
8
-88
-123
-32
-4
35
112
97
90
51
-39
-94
-56
-49
-63
28
77
77
65
-50
-105
-79
-101
-63
17
66
83
85
48
-14
-37
-101
-116
-42
56
141
197
179
16
-122
-183
-186
-68
55
108
150
120
-35
-124
-104
-94
-41
24
22
62
125
91
31
-11
-97
-153
-105
-34
64
188
222
101
-64
-172
-222
-149
-6
92
163
179
46
-90
-138
-129
-62
14
44
34
83
79
38
41
-7
-51
-57
-53
-51
28
124
107
92
13
-81
-69
-65
-58
4
96
133
102
48
-44
-79
-80
-121
-85
27
120
127
50
-59
-114
-95
-105
-74
-26
22
115
146
108
18
-76
-164
-204
-123
-1
155
243
186
8
-142
-212
-201
-67
48
124
197
111
-33
-98
-152
-165
-96
-18
61
154
181
100
8
-86
-178
-141
-49
67
202
216
118
-32
-162
-205
-136
-4
81
147
121
31
-51
-139
-120
-31
35
67
15
-53
-53
-17
9
11
-8
-35
-38
-35
-19
60
94
82
43
-39
-57
-11
19
13
15
35
54
79
58
12
-5
-36
-79
-66
5
79
101
78
-16
-104
-93
-87
-55
10
79
95
55
21
-54
-59
-48
-78
-26
30
62
82
63
20
12
-11
-69
-71
-40
9
65
70
16
-25
-57
-87
-78
-47
26
89
107
70
8
-7
-36
-33
-6
4
56
69
19
-27
-46
-17
18
33
17
-12
-22
-52
-46
4
53
64
25
-36
-86
-76
-16
46
87
75
2
-38
-47
-41
-5
40
41
2
-24
-38
-6
42
41
32
-4
-25
-41
-41
7
50
78
36
-14
-48
-61
-25
-2
19
14
4
-6
-38
-24
7
20
18
0
-12
-24
-9
9
-3
-6
-20
-36
-7
17
44
55
33
9
-30
-44
-51
-19
13
0
1
-16
-27
-23
-14
-5
10
51
43
13
9
6
33
19
-16
-18
-25
-4
12
34
45
31
9
-47
-64
-48
-27
1
24
35
1
-28
-49
-62
-12
22
53
55
22
13
6
-8
-17
14
28
4
-2
-18
-23
14
21
2
13
5
-33
-31
-7
-4
18
21
-15
-12
-7
-15
8
39
11
-5
13
-21
-13
4
-19
-26
-6
-3
-6
24
28
31
13
-15
-4
6
37
23
-14
-30
-31
-15
-38
-11
42
60
55
-34
-76
-21
7
10
24
44
37
34
-27
-129
-97
10
73
122
144
91
-4
-73
-109
-80
28
81
38
21
-14
-69
-62
-54
-42
35
121
107
16
-38
-97
-83
7
21
41
54
8
-54
-55
-28
-7
72
72
23
16
1
-28
-31
-7
-15
18
19
-24
-26
-18
-36
-31
7
9
57
69
22
-17
-37
-18
-20
24
21
-3
1
-38
-49
-35
11
37
66
60
-21
-59
-58
-40
15
53
48
22
-41
-83
-67
-18
35
59
58
15
-27
-55
-62
-30
10
77
68
30
4
-51
-71
-41
20
62
89
61
-19
-81
-76
-28
19
60
70
49
0
-62
-92
-58
11
47
64
33
1
1
-11
-13
10
53
41
31
16
-28
-45
-25
3
14
35
32
0
-25
-44
-46
-15
34
39
49
28
-26
-25
-29
-33
2
42
25
-4
-31
-54
-41
-6
54
63
41
13
-31
-47
-40
-14
18
26
9
-17
-42
-45
-7
31
52
37
27
2
-38
-33
-32
-18
5
14
2
-32
-40
-34
-12
27
37
27
-6
-8
5
-1
-7
-17
-12
-11
-1
2
5
19
-1
-14
-21
-18
13
29
19
-2
-17
-35
-35
-22
-7
28
25
18
-9
-41
-31
-2
29
40
37
7
-29
-40
-35
-16
20
52
35
11
-26
-51
-14
15
30
30
12
-19
-44
-36
-12
40
75
56
1
-50
-61
-58
-10
29
60
52
-6
-53
-83
-51
1
58
74
63
28
-45
-66
-70
-25
32
66
75
23
-32
-82
-66
-34
-2
34
53
67
35
-3
-50
-64
-19
11
40
71
40
-12
-65
-64
-39
7
57
79
70
4
-52
-93
-65
34
61
27
12
1
-30
-39
-40
-19
59
85
43
-30
-48
-70
-40
19
34
101
69
-39
-84
-51
4
32
78
40
-10
-18
-57
-75
-26
31
39
58
20
-47
-53
-51
-15
56
70
58
17
-33
-76
-77
-36
0
33
50
36
-25
-57
-82
-65
25
43
30
30
8
-2
-11
-61
-58
23
42
24
17
-2
-7
-9
-39
-52
27
74
48
-1
-56
-46
6
32
2
23
61
24
-5
-34
-43
29
89
48
-10
-4
-25
-35
-4
-21
7
90
69
1
-39
-41
-34
2
18
9
44
27
-23
-56
-37
-20
-1
45
54
79
55
-46
-95
-55
-6
66
98
50
10
-63
-119
-81
-8
65
99
63
-17
-57
-60
-62
-13
28
50
63
25
-45
-79
-62
-30
6
50
71
19
-2
-32
-74
-36
13
57
66
49
-16
-57
-40
-62
-36
7
47
63
20
-6
-38
-44
-24
-12
31
63
57
-4
-58
-74
-54
-18
15
37
22
26
2
-22
-32
-25
11
30
53
31
-6
-54
-90
-48
4
59
94
71
31
-13
-51
-36
15
60
93
51
-28
-88
-89
-28
18
79
65
-6
-38
-52
-43
6
56
40
26
21
-4
-22
-29
-17
-2
40
41
12
-29
-50
-31
0
13
6
13
-1
-2
-8
-7
-7
-1
6
-39
-26
-1
27
37
4
-6
-30
-20
-11
-12
31
7
7
-3
-27
-9
-14
0
-5
1
-6
-32
8
16
19
25
-1
2
7
-1
0
19
24
16
0
-36
-52
-22
8
45
45
16
-5
-23
-10
-9
-3
1
0
-9
-18
-16
-11
5
11
28
27
26
16
-22
-50
-30
1
11
-3
-34
-37
-8
16
14
14
15
0
1
11
7
18
18
-20
-17
13
12
3
-22
-4
14
17
11
17
6
-2
7
3
15
22
34
9
-24
-44
-62
-43
12
42
26
27
2
-25
-14
5
28
31
8
-30
-21
-11
-28
-33
-3
5
17
33
23
14
1
13
-1
-13
31
13
-15
-17
-36
-41
-39
-1
27
50
61
9
-33
-24
-8
11
28
20
8
4
-17
-23
-23
-1
5
4
13
15
31
16
-8
-34
-33
7
23
7
-7
-22
-38
-39
-33
-18
34
55
35
10
-32
-18
1
-3
7
11
27
14
-23
-53
-62
-21
8
8
33
51
38
10
-37
-66
-32
6
8
5
16
23
-20
-55
-62
-37
52
114
85
23
-16
-40
-57
-47
0
22
27
33
-35
-70
-28
-5
-4
23
45
61
89
-22
-105
-91
-34
82
78
24
1
-39
-69
-73
-17
60
139
102
-13
-70
-90
-69
-4
31
45
50
9
-50
-85
-45
5
77
104
109
71
-5
-75
-138
-72
-41
-3
91
50
21
-4
-80
-45
19
40
117
153
85
-2
-135
-219
-176
-46
27
78
146
109
20
-37
-33
-6
48
74
24
-3
-27
-43
-86
-105
-65
46
114
71
61
-20
-52
2
-12
10
18
29
13
-50
-43
-65
-59
-35
-6
34
36
80
93
25
-27
-87
-73
17
79
97
-9
-85
-110
-126
-54
19
136
190
130
18
-85
-85
-30
40
-7
-56
-39
-74
-41
19
-8
4
26
25
19
61
72
4
7
-25
-30
42
23
-21
-66
-96
-76
2
67
57
33
19
-11
-15
35
46
19
17
-42
-94
-55
-21
4
55
61
29
24
-38
-69
-4
50
61
33
-4
-34
-54
-20
-2
-17
9
8
1
58
83
16
-61
-82
-62
23
99
102
32
-104
-157
-88
16
79
118
89
-11
-64
-48
0
38
57
26
-68
-96
-55
3
17
50
90
59
24
-22
-104
-98
-10
37
79
70
22
-28
-120
-137
-65
35
77
123
81
2
14
-58
-87
-56
-16
48
31
22
-22
-60
-46
-67
1
74
67
37
-23
-40
-3
33
2
-3
18
-45
-45
-20
-22
42
74
3
-43
-7
-21
-20
38
23
-9
-7
-32
-79
-51
-3
-9
34
110
76
48
-16
-112
-55
2
28
54
36
-14
-63
-55
-91
-66
32
65
100
95
30
-52
-102
-92
-73
20
119
100
58
6
-66
-105
-74
-21
78
131
59
-52
-126
-91
-38
13
81
80
66
18
-86
-86
-6
41
85
75
-21
-58
-14
-34
-15
99
83
-28
-102
-125
-94
66
184
101
41
6
-141
-119
23
31
89
63
-111
-129
-44
43
113
134
73
-38
-49
-38
-45
56
46
-64
-74
-69
-54
17
111
87
52
63
-9
-71
-74
-42
12
47
85
54
-21
-77
-134
-137
-17
114
191
202
77
-32
-141
-192
-114
-33
138
181
92
-13
-141
-131
-96
0
116
153
141
47
-95
-187
-131
-17
19
88
88
-12
33
7
-49
42
46
28
-2
-76
-60
-19
31
64
86
46
-58
-63
-119
-64
77
120
166
72
-28
-127
-172
-61
12
127
190
72
-62
-167
-186
-69
92
137
108
79
-42
-151
-155
-84
53
180
198
74
-76
-149
-167
-142
-13
125
167
162
24
-146
-159
-115
-15
127
192
151
0
-132
-224
-209
-6
112
166
225
88
-65
-133
-187
-92
95
195
160
29
-140
-226
-159
-34
103
182
133
-3
-136
-113
-33
52
150
83
8
-49
-146
-103
-13
36
120
112
-11
-98
-112
-87
6
97
91
87
34
-39
-56
-81
-24
35
29
33
2
-43
-38
-7
-15
18
66
71
65
0
-48
-70
-61
0
15
39
70
19
1
-8
-42
6
35
11
-2
-2
-11
-18
7
-29
-35
-4
-47
-32
13
47
77
82
60
-48
-82
-78
-67
-4
42
75
55
21
-47
-90
-70
-29
54
110
111
85
13
-72
-133
-128
-40
42
86
52
-6
-56
-60
-5
42
68
13
-10
-17
-18
28
3
-11
-33
-66
-14
41
46
67
45
-39
-59
-25
11
54
92
39
-55
-89
-119
-83
26
105
122
80
-3
-77
-109
-71
21
83
74
13
-68
-101
-54
21
55
45
21
5
19
6
-3
1
-32
-7
-6
-36
-14
-20
-48
-75
-37
30
97
145
55
-44
-126
-143
-47
47
116
142
75
-43
-133
-169
-63
94
141
139
68
-49
-115
-126
-78
25
146
145
43
-41
-121
-139
-54
61
126
121
56
-58
-137
-129
-65
44
151
157
85
-16
-106
-111
-55
2
55
78
37
-43
-91
-65
1
62
61
9
-30
-56
-27
7
35
85
56
-10
-60
-91
-69
-7
65
76
45
5
-75
-71
-22
30
81
63
3
-57
-77
-47
16
57
62
29
-34
-54
-46
10
54
66
64
-16
-47
-52
-66
-5
41
68
72
18
-34
-73
-65
-29
-3
49
64
44
-5
-72
-87
-53
26
69
100
104
33
-34
-82
-118
-67
37
96
96
35
-57
-122
-111
-37
41
103
111
36
-39
-87
-96
-39
29
40
38
16
-24
-26
-37
-43
-14
23
46
38
12
1
-13
-16
-3
-12
-6
2
2
14
26
34
5
-4
-17
-21
30
55
26
-8
-36
-51
-47
-22
12
46
77
44
-12
-46
-63
-26
22
45
67
63
10
-57
-84
-77
-16
47
63
55
23
-10
-42
-42
-16
9
37
36
12
-26
-54
-66
-49
25
71
85
72
1
-43
-58
-48
8
40
52
21
-26
-37
-55
-41
-10
16
51
65
44
1
-41
-62
-30
6
36
53
14
-11
-34
-49
-20
21
50
32
11
-22
-31
-15
-13
8
20
23
5
-38
-43
-29
4
45
34
26
8
-24
-45
-58
-25
36
66
55
2
-48
-64
-56
-18
19
51
65
32
-20
-52
-59
-28
12
42
56
52
15
-45
-65
-57
-14
42
63
42
-6
-40
-69
-51
-3
26
52
42
2
-25
-29
-28
0
33
33
25
12
-4
-23
-27
-29
-6
19
24
24
4
-15
-17
-14
1
20
30
27
6
-13
-19
-9
6
3
6
8
13
12
-1
-16
-23
4
18
17
19
-10
-18
-2
-11
-8
4
0
10
9
1
-4
-17
-14
-2
13
24
24
11
-14
-31
-34
-7
18
18
20
-3
-13
2
-5
4
20
20
0
-14
-23
-32
-6
8
12
18
2
-14
-37
-46
-25
12
37
52
32
-10
-28
-39
-25
4
33
42
33
6
-34
-34
-26
0
35
47
42
6
-30
-44
-42
-6
28
35
37
13
-19
-33
-24
-20
2
25
16
12
0
-18
-24
-19
-6
5
19
17
1
-13
-21
-18
-6
14
29
39
23
-8
-28
-29
-15
8
16
29
24
-5
-13
-16
-1
15
16
11
-7
-16
-29
-32
-30
-20
0
0
-2
3
-8
-8
-2
-6
-4
-7
3
-3
-6
-6
-16
-9
-3
5
10
17
20
20
15
-11
-9
1
3
11
4
-10
-18
-4
-2
-3
1
0
-5
-9
-1
-1
-3
3
-12
-26
-9
4
2
4
-7
-11
0
17
18
10
3
2
9
5
4
22
28
14
-3
-19
-7
6
10
11
7
22
20
6
-11
-20
-10
-1
2
3
12
18
10
7
0
0
13
7
9
19
13
4
-7
-18
-13
6
20
26
25
12
-4
-5
0
8
8
-3
-13
-20
-11
2
9
11
5
8
0
-12
-8
-7
-12
-12
-6
-12
-12
0
2
1
4
-4
-9
-11
-13
-6
-8
-6
3
1
-1
3
1
-3
-2
-7
-2
12
14
14
-1
-9
-7
4
17
15
18
3
-13
-15
-9
4
11
17
4
-3
-8
-21
-21
-8
6
9
1
-9
-8
4
9
6
-1
6
-1
-11
-9
-20
-14
-6
-2
7
17
16
4
-13
-20
-10
3
14
22
14
-8
-23
-19
-6
9
12
-1
-15
-20
-13
-2
14
24
19
2
-13
-19
-21
-16
-5
-4
-8
-3
7
2
-8
-3
0
2
13
7
1
-1
-2
0
-4
3
12
16
13
-4
-5
-9
-8
-7
-6
12
17
13
0
-13
-18
-18
3
19
23
14
-2
-12
-17
-8
3
4
2
0
2
2
-1
-1
1
4
20
15
-1
-4
-8
-8
-10
-10
0
-3
-9
5
8
5
5
6
8
15
12
-3
-3
-3
0
6
-5
-8
-11
-12
-5
-7
-4
-4
6
21
20
8
-8
-13
-10
0
12
13
11
9
-3
-10
-5
-6
-2
5
3
3
-7
-14
-16
-11
1
12
15
3
-5
-8
-6
7
18
12
1
-2
-6
-4
-8
-7
-5
4
14
13
4
-14
-19
-5
11
17
8
-2
-10
-9
-9
-8
-3
10
15
5
-2
2
8
-7
-10
0
7
5
-6
-15
-18
3
14
4
-2
1
16
16
4
-16
-32
-14
10
20
17
-11
-21
-13
-6
8
8
5
5
8
14
1
-21
-37
-16
14
23
1
-25
5
32
16
4
-3
-8
8
5
5
12
-2
-9
-4
22
14
-18
-43
-33
30
46
4
-19
-13
6
15
-3
-3
-7
-3
2
6
12
-29
-7
12
1
15
8
1
-15
-3
7
9
4
-26
-12
15
37
40
5
-10
9
-7
-27
-8
1
-3
-1
18
8
1
2
-14
14
21
0
-19
-27
-13
-6
19
33
14
10
14
22
3
-35
-18
-10
-30
-23
-25
-5
28
36
2
-10
12
-4
-8
-14
-9
-2
-22
-16
-15
-19
-10
-2
6
1
16
21
9
5
-5
-3
-7
-21
-7
-10
8
21
-10
-9
-8
14
17
15
38
8
-1
-9
-14
9
8
-4
-6
13
13
4
18
4
-4
7
-7
3
15
8
3
-18
-12
6
1
-7
-7
-4
-15
-6
1
-13
2
15
6
-9
-4
-3
-20
1
15
2
1
-5
-7
-5
12
27
10
-17
-29
-14
-16
-10
15
12
-2
-3
-26
-49
-34
-3
21
16
1
-11
-9
-8
-10
4
8
11
-6
-13
18
41
30
-8
-28
-30
-25
-5
7
6
23
20
-15
-26
-6
12
25
26
17
12
-7
-22
-7
9
19
2
-20
-19
0
7
-4
5
-5
-8
4
-10
-4
11
11
3
10
23
11
0
-6
-7
29
46
9
-1
-23
-18
11
-15
-11
14
22
12
-4
3
3
13
19
-11
-28
-26
-10
-7
-14
8
3
-7
-9
6
15
-6
8
-3
-18
-1
3
8
7
5
-6
-13
6
6
-4
-10
-20
-1
3
-7
8
7
6
13
0
-9
-1
17
16
3
-6
-23
-11
-4
-1
11
26
17
-4
5
-12
-10
-3
-17
16
16
-6
-1
2
6
-20
-12
13
-3
12
6
8
4
-3
8
-15
7
10
4
15
-18
3
-2
3
12
-2
12
-5
15
-9
-31
3
-13
2
6
-2
16
7
12
10
15
9
-23
-21
-5
13
18
-5
-4
15
6
-9
-10
0
-4
1
4
-20
8
23
4
21
7
-4
-1
-12
3
-5
2
-7
-22
7
-2
4
-6
-18
14
12
15
2
-4
-17
-22
3
-38
-15
9
-5
20
15
7
4
1
-6
-6
18
-3
-5
5
-19
-1
-2
-7
18
31
6
2
28
-4
-4
8
-11
1
-2
-3
-6
-1
-11
-21
3
-10
7
28
-9
-8
6
-19
-8
16
-2
-19
1
-14
-22
11
-3
2
22
-2
-10
0
4
4
7
15
-13
-2
1
-25
13
-12
-13
21
-10
-8
-17
2
5
-2
30
-13
3
1
-47
-6
-11
2
22
-6
2
-8
8
-6
-4
20
-2
25
6
-11
-10
-33
-9
-6
-4
-1
-17
-1
-8
0
3
-2
12
4
17
2
-2
-2
-17
10
-4
5
13
-11
8
-5
8
23
-3
0
-26
-10
-4
-26
11
0
19
33
-13
-8
-22
-7
5
3
16
-11
4
-3
-11
11
-7
11
13
12
15
-15
0
-10
-5
19
-12
14
17
-13
-4
-14
0
5
5
-3
-17
5
-14
-3
16
4
19
1
9
9
-2
4
-14
11
-1
-10
11
-4
5
5
8
4
-13
-4
-6
8
18
-3
1
-9
-7
15
10
1
-8
0
-1
1
5
-18
-4
9
19
18
-5
-4
-3
-12
-13
-3
3
3
9
7
4
1
-14
-11
6
19
4
-10
1
-12
-3
-7
-11
12
-12
-14
-7
-15
0
-3
5
17
19
33
-5
-14
-20
-27
3
5
-4
-14
12
28
11
6
-17
-14
5
-11
12
13
-15
-7
-13
13
18
9
7
-8
26
5
-21
-2
-13
17
17
2
-4
-31
-7
4
24
12
-8
25
-9
-3
-16
-47
-17
-4
13
14
6
-4
-8
-7
0
7
-13
0
15
-11
-27
-16
1
16
18
13
-12
-27
-11
1
9
2
0
-2
-7
16
6
8
18
-4
1
-10
-19
9
-2
-21
-12
-3
1
5
0
3
23
22
6
-15
-18
-10
-20
-14
-5
-12
8
23
3
4
0
-4
14
24
5
-20
-8
-20
-7
1
-9
16
7
9
9
-3
11
5
-5
-12
-16
-2
9
11
-13
-6
13
3
9
-5
0
30
4
-11
0
-3
2
-8
-26
-6
0
10
25
19
-3
-10
-13
-21
8
8
5
22
1
-8
-6
2
12
13
7
4
21
18
7
7
-8
-14
-1
6
5
-9
-4
0
-13
-7
2
14
31
19
-8
-10
-3
-1
16
5
1
-5
-28
4
9
6
15
2
5
-9
-7
-10
4
21
10
6
-12
-12
-14
-19
5
8
3
-3
-10
7
8
1
2
-4
-1
-5
-6
-7
-5
8
-12
-13
-6
-6
8
10
0
-8
-16
-6
11
15
9
3
-2
-9
-2
6
13
7
-6
-23
-27
-8
-4
5
1
3
7
-14
-13
-3
4
8
14
12
5
2
-8
-7
-4
-4
6
3
-4
7
8
9
7
-5
7
-13
-21
6
13
4
-4
-22
-21
14
23
4
0
3
1
0
-4
-3
5
1
-6
-13
-7
4
15
11
1
5
-9
-1
14
-9
-3
9
0
1
-7
-20
-7
-9
-6
0
-11
16
9
-8
-1
-14
-5
8
-2
2
11
-2
5
8
2
0
1
3
10
0
-6
3
-2
3
5
-1
9
2
-8
-17
-10
7
-5
2
2
-4
7
-2
-4
-10
-3
15
6
2
-2
10
-4
4
17
-3
3
4
-9
-7
-14
-12
0
0
17
14
1
11
11
3
7
-9
-13
-13
-13
2
-3
13
23
8
17
13
9
11
-5
-7
-7
-6
-5
-7
2
4
6
2
3
6
19
14
-12
-16
-30
-20
7
-7
3
12
6
7
-5
-7
3
-1
-3
3
-14
-11
-13
-28
-4
12
11
19
2
-3
-1
2
12
8
3
-4
-10
-2
5
8
4
-5
-10
-10
-14
-7
6
4
3
-10
-16
-6
4
12
12
3
3
-2
-16
-9
7
2
11
3
-11
6
-3
0
9
8
8
-17
-14
-6
-14
8
8
0
6
4
3
2
-6
2
4
5
8
-13
-8
-1
0
1
4
7
-3
3
-8
-4
3
-5
-3
-12
10
10
-13
-10
-14
6
10
9
14
-3
1
4
2
-2
-16
-6
6
-9
-17
-11
-1
0
8
11
-3
-1
-3
-13
-13
2
-23
-55
-46
-43
-36
-29
-27
-20
-12
6
5
10
10
-14
-8
-1
-1
9
1
12
6
4
36
57
83
77
63
38
14
4
1
11
24
23
-1
-10
-17
-4
7
1
4
-3
-1
-2
3
11
18
19
1
-4
-4
-7
-8
-4
-8
-9
-8
-7
-1
4
10
11
12
-1
-10
-3
1
2
-5
-8
0
1
-5
6
-4
-11
-5
-2
-1
7
9
-2
-11
-8
-6
-15
-15
-3
3
14
10
4
1
6
6
4
6
2
7
6
4
9
3
1
0
-2
-3
-9
-12
-17
-2
2
4
13
2
-2
-3
-4
5
-8
-20
-22
-9
-8
-13
-6
-8
16
20
4
2
4
8
3
-3
-6
-3
-6
-7
7
4
-6
8
15
-1
1
10
11
1
-2
-23
-52
-22
1
4
11
4
0
6
8
1
0
0
2
9
-10
-21
-16
-6
8
1
-9
-11
-5
-8
6
7
-1
3
-8
-15
-10
-1
5
6
2
1
0
-1
14
19
8
4
2
-7
-5
-1
4
8
6
-10
-21
-19
-9
-2
-7
-7
2
15
24
14
15
21
17
14
3
-4
3
8
5
-4
4
3
-6
-2
-10
-3
10
14
10
4
-2
-6
-7
-7
-8
1
3
4
9
-4
-5
2
0
2
-4
-5
-2
6
12
4
-3
-5
-3
-5
-4
-1
10
16
4
-10
-13
1
2
-8
2
-1
7
12
-8
-6
-3
-5
-9
-16
-5
9
7
5
3
0
1
-3
-7
-10
-6
3
-5
-15
-12
-6
-4
-8
-2
5
9
13
5
-2
0
3
8
-1
-4
-4
-5
-4
-6
0
-6
-9
2
-2
3
2
-3
4
2
0
0
5
6
3
5
0
5
11
13
1
-5
2
1
3
-1
-7
-7
-9
-9
-14
-5
4
9
14
-1
-7
4
15
11
-1
-6
-10
9
14
-8
-2
0
6
13
1
-5
-5
5
-6
-8
-6
-8
-2
-9
-7
-11
0
8
3
8
4
-2
-1
0
1
17
19
3
-1
-10
-9
-9
-5
-2
-8
-9
-8
-2
-7
-6
5
4
1
2
-5
-9
7
8
3
-3
-37
-50
-30
10
24
19
12
17
23
8
3
-6
-4
-8
-7
2
-13
-2
9
8
16
17
10
-6
-7
-4
-3
12
5
0
7
-2
3
-4
-9
5
11
11
4
6
7
1
11
6
7
2
-10
-8
-12
-2
1
3
11
8
10
6
-4
-2
5
6
2
3
0
2
1
-9
-2
-2
-13
-7
-2
-2
-6
-5
-3
-12
-3
-1
-3
-2
2
6
1
1
-7
-11
3
5
-1
-2
0
6
3
10
7
2
1
-16
-9
-10
-11
-2
1
3
2
4
2
5
6
4
6
6
0
-4
-12
-13
-5
-9
-2
8
4
3
-4
-2
2
4
9
4
5
5
-3
-2
-8
-11
-7
-4
3
3
0
4
1
-6
0
10
1
-5
2
-6
-5
3
-4
-3
2
0
-1
3
11
0
-6
-5
1
0
-6
-9
-10
2
2
-1
3
-4
-10
-10
0
3
3
7
0
-2
-4
-6
-1
4
12
8
8
4
-11
-20
-14
-15
-5
5
2
8
9
10
6
14
13
1
-4
-14
-7
-4
-10
-8
-1
-1
5
12
5
5
1
-2
-12
-14
-24
-50
-36
-5
6
-9
-6
23
32
31
15
4
12
7
4
4
-2
0
1
-3
-10
-1
8
4
9
4
3
5
3
5
-2
-4
1
2
-2
-5
-7
-4
1
2
-6
-3
2
11
8
-9
-2
8
18
27
10
4
5
-5
-9
-10
-4
-9
-4
8
7
24
27
17
14
8
6
-3
-5
-1
-3
4
-3
-11
-5
-6
-4
1
10
10
9
14
2
-13
-15
-18
-9
3
1
-8
-1
3
-2
11
16
16
22
11
6
5
6
-10
-14
-4
0
3
-1
-1
2
4
3
-10
-17
-7
-3
3
-3
-4
3
-6
8
12
3
-2
-3
-1
-7
-2
-9
-17
-7
-6
1
-3
-21
-22
-12
13
20
-2
-26
-32
-15
0
9
4
3
16
17
5
6
0
-3
11
19
20
8
5
-8
-14
-7
-12
-1
-2
0
-1
3
1
-9
0
1
11
27
7
-11
-4
-6
2
-1
-15
-9
-2
14
-2
-9
-5
4
33
24
13
6
-7
-3
-1
10
5
0
0
-2
2
-14
-26
-14
2
14
18
13
2
-19
-28
-22
-17
0
11
-8
-4
1
-3
3
1
0
7
17
9
-14
-23
-19
-2
17
15
3
1
-2
-5
-7
-2
8
16
5
-8
-5
0
5
7
4
13
2
-13
-6
-5
2
-3
-9
-4
-3
22
13
-21
-15
-10
1
9
8
4
-6
-1
-13
-17
-4
0
19
8
7
6
-16
1
1
3
6
-5
-7
-13
-4
-2
-3
9
10
1
3
0
-14
-16
-4
3
5
8
-4
-6
9
1
1
12
8
-1
0
-12
-2
13
-4
-8
-9
-3
3
10
8
-1
10
9
8
8
5
3
-13
-11
-13
-6
-1
-16
-2
-5
-7
-1
-5
1
4
-3
-13
-10
0
-5
-8
-3
-3
9
14
11
19
8
-5
7
15
13
-3
-12
-18
-1
24
7
1
3
-3
2
3
0
-10
6
11
1
6
-5
-14
-6
-12
-12
-2
-4
-6
0
1
-7
11
7
-8
-7
-24
-17
-3
1
4
9
23
11
-1
-2
3
9
5
-7
-18
-6
-1
-16
-16
-1
7
2
-3
5
0
-5
7
9
2
11
3
-12
-13
-11
-8
3
10
-6
-13
-12
5
15
10
8
-4
5
-5
-1
14
-3
-5
-2
-2
-10
-14
2
3
14
21
-2
2
7
2
9
9
3
16
8
-8
-11
-7
5
14
23
1
3
8
-11
7
5
7
7
-11
-2
-16
-2
11
-6
14
8
3
-3
-20
-2
-8
-12
-9
7
22
-3
-11
-19
-9
19
21
26
18
-1
-20
-27
-14
-3
0
0
-1
-6
-6
-11
-17
3
13
9
23
19
10
-9
-26
-12
-9
4
9
2
1
-7
-5
-11
10
30
28
16
-5
-19
-18
-11
-1
8
13
12
-7
-16
-9
0
11
11
21
13
-10
-13
-10
-2
-3
-2
-2
-7
1
2
-5
-11
-4
7
0
15
13
-8
0
-9
-1
-5
-12
5
-3
3
-7
-13
0
-1
16
22
14
15
-2
-11
-10
-7
1
-5
3
0
-9
-2
-6
7
16
12
8
-15
-22
-14
-9
11
11
7
2
-3
-7
-5
4
-12
0
9
9
6
2
12
-5
1
8
-13
0
6
-6
-9
-12
-13
-8
6
11
0
10
3
1
4
-4
7
-4
5
-11
-20
-9
-13
6
3
11
12
1
4
-3
-10
-4
3
0
-4
-14
-12
-7
-3
0
9
13
13
12
-8
-7
0
-1
6
5
18
13
3
-3
-28
-15
2
7
15
3
4
-4
-9
-2
1
9
5
-2
-1
-3
-4
3
-10
-14
1
3
1
0
2
-3
0
2
1
-4
-6
-4
-5
-4
-5
1
1
7
2
-5
-5
0
21
17
10
2
0
0
-11
-16
-5
5
0
4
-3
-7
-6
-9
0
-5
7
-6
-15
7
3
3
11
9
18
17
16
5
2
8
-2
-13
-12
-10
0
7
6
0
-4
-1
-4
1
5
15
10
-5
2
-2
-14
-8
3
1
-2
2
-11
-5
3
-8
-4
7
8
-6
9
13
-13
-4
9
9
13
4
-6
3
2
5
11
11
2
-14
-18
-23
-8
21
7
-2
6
-3
-3
5
-4
-7
-4
-5
-2
-4
2
12
9
3
-8
-12
-11
-8
-1
-2
-13
-6
-17
-22
6
8
7
13
16
15
3
-3
0
11
12
4
-9
-21
-12
4
7
14
11
-2
8
6
5
2
0
13
0
-9
-9
-8
3
5
1
-3
-5
4
8
9
7
-1
-3
-6
-4
5
5
-3
-2
3
5
7
6
6
2
1
-1
-11
-17
-21
-16
-4
3
3
-10
-10
-2
-8
-2
6
7
-1
2
2
-3
4
5
3
-1
0
-8
-8
2
-6
1
3
-2
-6
-1
6
8
17
-1
-2
-5
-12
-9
-7
0
2
7
-2
1
4
-4
8
11
10
4
-2
-1
0
10
17
1
4
3
-2
3
3
5
-6
-7
-6
-5
-3
-14
-9
3
5
-4
-6
-2
3
8
-6
-6
-1
2
-2
2
5
2
12
6
-6
-10
-10
-1
0
0
-5
-6
-1
6
11
12
17
4
2
-9
-8
1
-8
-9
-9
-1
3
8
7
-7
-9
-7
-6
-13
-3
3
-3
9
3
1
9
9
6
5
10
6
7
-1
-15
-5
-5
2
4
-3
-1
-3
-1
-5
-3
0
3
9
0
0
-2
-2
-2
-5
6
-5
-12
-1
-8
4
7
4
1
-11
-5
-11
2
8
-6
11
6
5
8
-5
0
-8
6
12
-3
0
-12
-12
-9
-7
1
0
3
-8
-9
-3
-8
-3
-8
-10
-3
-5
8
21
10
1
-13
-20
-5
1
7
2
0
7
-3
10
11
2
-10
-32
-15
-4
12
11
-7
7
16
15
12
13
2
3
-1
-24
-14
-7
-2
-10
-20
-12
-3
11
11
11
7
11
19
13
7
1
1
-9
-19
-10
-7
1
15
11
12
12
-1
-5
-6
-11
-11
-13
-14
-13
-7
2
12
8
-3
-1
14
16
15
14
4
-11
-18
-15
-17
-1
10
6
7
3
18
17
6
10
8
4
-3
-1
-9
-4
3
3
0
-5
6
9
4
4
-8
-9
-4
1
2
0
-3
-12
-19
-25
-15
4
13
17
6
3
0
-6
1
3
1
2
13
7
-10
-8
-3
6
12
10
8
-3
-3
-5
-8
-8
-13
-4
-22
-17
-8
-7
16
11
20
21
9
13
2
10
12
10
-1
-6
6
-6
-3
-4
-4
7
1
9
6
3
6
-2
9
1
3
18
5
-6
-6
-2
-7
-2
0
-5
0
-1
-7
-10
-9
-9
3
8
2
11
6
-3
2
5
1
-1
12
4
-4
0
-8
-7
-2
10
7
-1
1
-4
3
6
-6
-4
-9
-13
-5
0
3
0
-2
1
2
2
-6
-3
5
-1
-6
-19
-18
-9
-2
4
6
14
14
3
6
7
8
6
-3
1
-5
-1
-1
-13
5
3
2
-9
-22
0
6
14
14
2
-3
-6
-6
-4
-10
-9
5
0
-9
-1
4
-5
3
13
7
9
5
1
-1
-4
-6
-8
-3
3
3
11
7
9
6
-11
-8
-9
-10
-5
-4
-7
-7
1
3
0
14
13
5
8
4
-1
7
14
5
1
-3
-1
11
9
13
6
-4
-4
0
-4
-7
3
4
1
-10
-13
-9
-7
4
1
-4
-2
-2
3
-2
-3
1
5
2
-11
-16
-6
2
6
6
6
9
4
-5
-3
-2
2
1
0
3
3
3
-1
-5
-2
2
5
16
16
-3
-20
-8
-5
-1
11
5
7
-3
-13
-13
-13
12
6
3
3
-4
-4
-10
-1
-5
7
14
12
11
-6
-5
-10
-14
2
-4
-3
5
0
-5
-10
1
0
-2
10
1
-10
-7
-4
-11
-4
4
8
16
13
3
-8
-9
-7
2
15
18
3
-9
2
-12
-12
6
3
8
0
-6
-9
-16
1
2
-5
6
1
-1
-5
-5
-3
-7
3
12
7
-2
-4
-7
-5
6
9
6
0
-7
-11
-8
2
6
3
2
1
-1
-1
-8
-7
-3
-4
4
9
1
-8
-1
6
13
12
4
-6
-4
-6
-11
-16
-11
-5
-5
9
10
3
0
-3
-6
2
17
13
5
0
-9
-11
-19
-6
11
10
14
6
-6
-3
4
-1
13
30
20
11
5
2
8
3
5
-6
-18
-12
-8
-6
-3
6
-6
6
14
7
7
-8
-6
-6
-9
-3
-13
-14
-6
-8
-6
1
5
12
7
-3
-9
-12
-11
3
8
-3
7
13
5
3
-2
-5
3
6
15
8
-4
-8
-13
-3
-6
-9
-5
-16
-4
17
10
16
12
3
3
0
6
2
-3
-7
-9
-7
-8
-3
-7
-6
0
1
10
8
8
9
0
0
-1
-11
-8
-1
-1
0
-5
-5
-2
0
1
-2
-8
5
12
-4
-8
0
0
6
5
8
-2
-8
0
-6
-4
3
14
9
3
9
0
-6
-3
-11
-7
5
13
18
10
-2
-3
7
18
14
10
-1
-7
-6
-13
-10
4
10
5
1
-2
-3
1
-1
-9
-6
7
7
-6
-5
-5
-3
-3
5
10
4
10
2
-7
-14
-10
0
-3
1
0
2
3
-4
-6
-3
1
-2
-15
-14
-5
2
2
0
1
10
8
2
4
2
1
2
0
-9
-5
-1
-10
-2
-4
-16
-10
9
19
5
1
3
-4
1
4
-4
5
15
4
-1
-3
-1
1
3
1
1
-8
-6
2
4
3
-1
-3
-5
-7
-5
0
4
6
-5
-7
-4
-2
2
1
-5
-7
2
-1
4
0
-6
0
0
0
6
1
6
10
8
2
0
3
-5
-4
-1
-2
-2
-2
-4
-2
3
-5
-5
4
2
-4
2
3
0
2
-2
5
4
-2
-5
-5
-2
-3
-1
1
0
9
5
1
6
1
8
11
2
-1
-3
-3
-1
2
1
4
-1
-8
-1
1
5
4
1
1
6
5
1
2
-5
-11
-7
-11
-9
-6
-8
-3
0
8
13
5
0
5
-1
-13
-4
-13
-19
-5
0
-3
-7
5
5
8
7
2
3
-6
-5
-6
-4
0
-3
5
-2
-1
0
-7
0
6
9
2
-5
-6
-7
-1
4
1
1
2
5
3
6
5
7
17
9
7
8
-4
5
7
11
6
3
0
-8
-3
-7
-4
3
-3
3
-3
-7
-7
-3
6
4
15
5
-3
4
-4
4
6
0
-5
-4
4
6
-2
-11
-8
-1
1
4
-1
-4
-4
-4
-5
-10
-1
10
4
3
2
-10
-6
0
-11
-7
-2
1
1
-2
2
-1
-2
-2
-5
-3
-1
1
-4
-6
0
-2
5
5
-6
-9
-3
-1
0
5
1
-5
1
5
0
1
3
-2
0
5
-2
-9
0
3
-1
1
3
7
7
4
7
1
-4
4
3
2
-2
-5
-2
-6
-3
2
2
6
8
6
-2
1
-3
-7
-6
-5
4
-5
-2
-5
-15
-3
5
7
5
8
3
1
4
4
6
6
1
-10
-18
-11
-3
2
8
8
8
-2
-1
0
-5
3
0
0
1
-1
2
3
4
-1
-7
-5
5
7
2
8
1
-8
-15
-16
-5
4
11
4
2
-1
-5
-5
-2
7
6
8
6
4
-2
-7
4
4
4
10
4
2
3
7
2
1
3
-4
-3
-1
-2
2
1
7
-2
-10
-2
-5
3
1
-3
-3
-10
-1
3
6
12
10
0
1
0
0
-7
-7
5
-5
1
2
-4
-2
0
9
-3
2
-1
-6
6
-5
-1
-4
6
12
3
4
-3
-4
-6
-4
4
1
-6
-3
-6
-2
5
0
-7
-4
-2
-3
-8
-5
5
7
6
8
-1
7
10
5
0
-2
3
-8
-4
0
2
8
-2
-4
-11
-10
-3
-7
-2
5
5
-2
-1
0
1
0
-1
-12
-5
7
1
10
6
-1
-4
-1
8
10
9
-2
-10
-7
-3
-7
3
0
-4
-1
-6
3
1
-6
1
4
7
4
2
-8
-13
-1
3
8
12
5
-6
-8
-9
-14
1
7
-1
6
0
1
3
0
-1
0
11
6
1
-1
-1
4
-4
1
4
-1
7
2
-5
-8
7
10
-2
-1
-1
-3
-1
8
0
-5
6
-1
-8
-6
-2
5
8
7
10
8
1
-1
-4
3
5
3
5
0
7
1
-8
5
5
0
2
-1
-9
-3
-1
-8
9
15
6
10
2
-4
2
2
2
0
5
4
-8
-8
-10
-6
6
11
0
-4
-3
-13
-8
-7
-11
-6
2
3
2
2
-1
6
-2
-1
4
1
6
5
-1
-2
-1
-7
-6
-7
-6
6
0
0
-1
-4
3
-4
2
4
2
-1
-5
-5
-5
2
-3
-6
9
4
4
-3
-10
-7
-6
3
1
-3
0
-4
-2
0
-1
-1
-3
5
1
-4
1
3
8
2
-2
-5
-8
-4
-4
8
-1
-8
14
2
-3
8
1
2
5
-2
-8
-3
-1
2
0
-3
2
5
7
-1
-1
-2
-8
-6
-11
-5
2
4
2
-6
2
1
0
3
0
0
-3
2
3
-4
-2
2
2
-2
6
4
-11
-1
0
1
12
3
1
-3
4
7
1
1
5
6
-1
-3
-8
-6
1
-1
0
0
-2
1
-3
-7
2
5
7
12
2
-5
4
2
1
10
8
6
4
-1
-1
-7
0
-2
-1
-10
-12
4
-4
-5
7
3
9
10
-4
-12
-5
5
-4
-4
-3
0
0
-8
-2
0
5
-1
1
4
-1
4
-5
-12
-11
-2
-5
1
7
3
2
-5
-3
-3
2
5
-6
-5
-5
-1
-1
5
9
6
-2
-6
1
2
5
3
-2
-1
2
0
-8
-5
-3
-7
-11
-8
-1
5
6
3
1
4
8
5
5
2
0
-1
-2
-2
-1
1
-3
-9
-13
-6
-2
5
10
0
9
8
0
1
-3
-4
-1
1
1
-1
0
-1
7
8
8
11
5
5
12
6
4
4
-3
-7
-10
-9
-3
-2
-3
-1
-3
5
4
-5
-10
-8
-6
-8
-1
0
2
5
4
6
1
1
0
-2
0
-2
-3
-12
-8
-4
-3
6
6
-1
-9
-4
-2
-5
3
8
5
6
7
6
3
5
-3
-7
-4
-5
-6
-10
-7
1
5
-1
1
6
5
5
3
2
-4
4
5
-2
-5
-15
-20
-10
1
5
8
7
8
10
6
5
-1
-8
-7
-6
-3
5
3
-2
4
5
10
7
-4
-9
-11
-6
-4
-5
-5
1
14
13
5
-2
-3
0
5
8
8
6
4
3
4
2
-1
2
4
7
4
-9
-14
-7
3
12
