-2
-3
-9
-11
-9
-7
-4
-1
-3
0
7
8
7
8
8
1
4
6
1
-4
-8
-5
-3
-1
5
-1
2
4
-1
2
-2
1
2
-3
4
0
-5
2
-4
-8
-10
-3
4
2
10
6
0
0
-9
-7
-5
1
3
-3
3
6
3
0
-1
-2
1
3
1
-1
2
6
7
3
-2
-1
-2
1
2
2
2
7
5
-4
-5
-7
-3
-6
-10
-6
-11
-2
6
0
0
3
0
-3
-2
-1
1
2
-3
-1
5
1
-4
-5
-7
-2
1
4
1
0
3
1
4
4
-1
-7
-9
0
8
10
10
4
-5
-12
-6
1
-1
2
0
2
3
2
-3
-6
5
13
8
-2
-15
-15
-11
-6
5
0
-9
-6
-4
-2
-1
6
4
6
13
3
6
4
6
10
3
1
-4
-5
-1
3
16
16
14
17
2
1
10
8
12
8
-2
-7
-6
8
3
-5
-18
-15
1
-3
3
7
6
16
6
1
0
-3
-2
-10
-5
-7
-7
-6
-19
-3
6
-6
-3
-7
15
28
5
2
-12
-16
-1
-7
-7
-10
-2
8
0
-8
-4
8
15
21
7
-19
-1
5
-7
0
-8
-16
-5
13
8
-11
-5
-12
-11
3
-5
7
11
2
11
7
-7
-14
-9
2
4
2
-15
-16
11
4
-9
0
1
-1
-10
-3
3
6
-3
-17
2
5
-2
2
-5
0
-1
-9
-10
0
15
10
4
12
5
4
17
7
0
-5
-10
11
11
-1
1
-2
-4
-8
-1
-3
0
19
9
5
7
1
-12
-15
-5
-8
-12
-9
-20
-16
-2
4
1
-5
2
2
13
18
4
8
15
7
-5
-11
-9
-1
5
-5
-14
-4
2
7
12
-2
-7
-12
-14
-16
-19
-7
0
8
3
-2
1
2
-5
-8
-1
1
-1
0
1
6
12
4
8
12
12
-2
5
15
5
4
6
16
25
13
-7
-16
-13
0
-5
-3
-4
1
4
-5
2
3
-3
3
3
0
-2
2
4
0
4
-17
-20
4
-4
-8
-6
-3
0
3
1
-10
-11
-2
-6
-2
0
-6
-6
-9
-11
-13
-5
2
12
20
15
11
-1
-3
8
8
17
22
5
-7
-13
-7
0
-7
-7
-5
7
12
0
-5
7
5
6
4
-5
-4
-6
1
2
5
-1
-4
0
3
7
12
3
6
12
-3
-6
-10
-3
-8
-7
5
0
13
23
17
13
3
-5
5
5
9
5
0
-2
-5
7
3
6
3
-7
0
-3
-14
-2
5
5
15
11
0
-17
-6
-1
2
-7
-15
-17
-15
-3
-6
1
7
5
1
0
3
-2
-4
3
4
2
4
0
1
2
-4
-6
-2
8
9
9
13
0
1
1
-5
-3
-6
-12
-2
4
5
-11
-13
-15
-1
11
-12
-1
-9
2
-8
8
-3
13
2
-15
-4
-8
6
-12
5
-5
6
-2
5
2
7
8
-3
-7
-15
-8
-5
0
-3
5
-8
-4
-8
-14
-9
3
5
0
6
3
6
2
-1
-14
-2
9
7
6
1
1
8
12
5
2
-2
3
8
6
5
-1
-3
-5
1
1
-8
-8
-3
6
13
14
-1
-8
-6
-6
-13
-10
-10
-12
-8
-6
-1
5
2
-6
-1
10
8
-2
-9
-11
-7
-4
3
7
7
7
0
1
8
2
-2
3
1
9
8
-9
-16
-5
5
7
5
-3
-3
11
13
5
5
-1
-2
11
5
-6
0
-3
-4
4
0
-7
1
-2
-13
-3
8
14
10
11
3
-11
-5
-10
-5
5
-3
1
0
0
-2
-13
-7
-9
-9
-6
-4
8
-2
-11
-18
-8
5
2
-1
6
8
18
20
5
6
1
8
1
-11
-15
-16
-2
5
2
7
-1
4
8
2
9
7
12
16
18
16
6
12
14
4
3
-8
-16
-5
-2
3
6
1
7
9
3
-6
1
0
-9
-5
-4
-10
-12
-12
-8
-4
-2
-3
-9
5
10
11
5
2
7
-2
9
14
11
16
14
14
6
4
1
0
6
0
0
5
1
6
1
-8
-7
-7
-3
-8
-10
-4
-11
-9
-6
-6
3
1
4
7
7
6
-2
1
6
6
8
2
-4
-4
4
12
11
6
-2
-6
-11
-14
-16
-20
-18
-16
-20
-20
-12
-3
-1
-6
-8
-1
-3
-8
-8
-3
1
-2
-5
-5
-3
7
10
-4
-9
-8
-3
8
5
0
4
8
3
-3
-3
-3
-3
-8
-14
-7
-1
-5
-8
-10
-12
-16
-9
-10
-14
-1
-2
0
-1
-4
-6
-3
0
4
12
20
18
13
20
17
17
16
9
16
14
7
8
13
16
18
18
12
9
14
10
5
7
1
-6
-6
1
4
5
4
1
3
4
2
1
0
-2
0
-2
-9
-9
-12
-9
-6
-6
-3
4
14
19
11
-4
0
4
0
-1
-7
-11
-11
-13
-10
-7
-5
-5
-4
-3
-5
-2
4
7
5
-4
-4
-3
-11
-11
-14
-10
-1
-5
1
-3
-2
16
6
0
0
6
8
2
2
-6
-2
5
-6
2
5
-4
-9
-5
-5
-12
-14
-14
-13
-6
-2
-2
5
3
-3
-4
0
3
2
-4
-3
6
9
5
1
-1
1
8
2
-5
1
3
0
5
2
-4
3
10
9
8
3
7
11
8
6
0
2
3
-1
1
1
3
7
3
2
1
0
3
1
3
-2
-7
-4
2
4
0
3
5
1
3
1
-3
-4
-4
2
-1
-3
-5
-9
-5
-9
-8
-9
-9
-4
-7
-7
-3
4
8
1
-1
-4
-5
-2
-2
0
-1
-6
-5
-5
-10
-16
-12
0
8
13
12
5
4
2
7
14
11
8
3
5
-3
-7
-4
-5
-3
-2
-3
-7
-13
-11
-5
0
2
1
0
1
5
8
5
3
-3
-8
-2
3
4
2
1
5
10
12
2
-6
-5
-2
0
-1
-6
-6
3
11
15
7
-1
-2
-2
0
0
-4
-11
-7
1
2
3
4
5
9
12
10
6
1
-8
-8
-3
-3
-6
-8
-6
-4
-2
1
3
8
6
-1
-5
-5
-6
-2
2
-3
-1
0
0
2
4
-1
-7
-8
-12
-10
-6
-9
-13
-6
-2
1
12
13
3
5
10
9
8
10
11
5
5
5
6
9
5
0
-3
-7
-9
-10
-18
-18
-13
-13
-12
-11
-13
-10
-8
-6
-5
-5
-5
-9
-2
0
-5
-2
2
8
14
15
13
13
13
6
4
9
9
8
5
1
0
-4
-8
-11
-10
-7
-8
0
0
-5
-7
-11
3
12
12
10
11
9
6
9
3
-1
0
7
10
8
4
0
-3
0
1
3
8
10
6
-1
-8
-11
-10
-12
-7
-4
-5
1
7
5
-5
-7
-8
-6
5
9
12
22
24
11
-2
-4
-3
-6
-8
-2
7
8
3
0
-5
-4
-2
1
3
3
2
0
-1
-8
-7
-7
-6
0
5
1
-3
-8
-8
-5
-1
-4
-6
-5
-5
-2
-5
-5
-1
4
2
-2
-6
-13
-11
-5
2
3
3
2
4
9
9
5
-2
0
-1
1
4
-2
-3
-1
-1
-2
3
3
1
-3
-5
-1
-4
-3
-8
-12
-2
3
3
1
1
2
5
8
4
1
-2
-1
-2
-1
3
6
8
9
6
1
1
1
1
9
10
8
4
8
5
0
-1
-6
-9
-7
-4
-2
1
5
1
-6
-8
-7
-3
-5
-2
1
-2
-7
-8
-10
-5
2
-8
-16
-8
2
7
8
12
12
5
0
-7
-13
-9
-12
-8
-3
-4
2
-4
-12
-9
-12
-13
-3
10
12
5
1
-4
-9
-9
-10
-3
7
8
3
-1
-2
-6
0
-3
-9
-2
0
2
4
3
1
-1
9
13
13
14
8
11
4
-5
-11
-14
-6
4
10
16
16
8
6
2
1
1
3
6
0
4
9
3
-5
-9
-5
2
6
6
1
13
6
1
9
8
8
2
4
6
6
4
2
-2
-6
3
2
-2
-1
-4
-6
-4
2
3
-6
-10
-3
0
-3
-6
-3
3
4
3
-4
-7
4
4
-4
-5
-3
-1
-7
-1
10
11
10
11
11
12
8
9
4
0
5
4
0
0
4
0
-8
0
4
4
4
4
0
-7
-4
-4
-13
-6
7
8
5
2
-1
-3
2
9
-11
-20
-9
4
-1
-9
-6
-1
9
6
9
6
-3
2
-3
-7
-9
-7
-10
-9
10
12
10
10
0
-4
1
-2
-4
-1
0
6
0
-10
-18
-10
9
11
7
1
-6
-8
-10
-19
-12
-1
2
2
-1
-5
-10
-7
2
8
7
12
20
23
14
1
-1
0
4
8
12
6
1
-4
-16
-11
-8
-7
-4
12
9
0
-2
-9
-7
-16
-13
-11
-8
-16
-18
-16
-12
-1
4
18
14
20
12
3
7
2
-3
-12
-5
-6
7
8
8
4
-5
4
6
12
-2
11
7
5
9
-4
0
-7
9
4
13
11
11
12
5
10
-8
-4
-9
-9
-10
-16
-18
-19
-6
-9
-8
-11
-5
-2
2
6
3
4
-9
-8
-13
-9
-2
-2
0
-4
5
4
12
19
26
22
17
13
5
1
-6
-5
-15
-9
-10
-12
-19
-22
-17
-11
-4
-9
9
-2
-5
-2
-7
-7
-7
-1
-5
8
5
7
3
6
3
-1
6
-6
-5
-17
-18
-17
-10
-6
1
12
11
21
20
17
13
16
10
5
2
6
9
-2
-1
-7
-8
-3
0
-3
11
18
8
6
-3
2
-2
-4
-9
-10
-4
-7
-9
-17
-14
0
8
16
22
15
3
-6
-12
-8
-8
-8
-7
3
14
19
16
10
13
11
16
12
4
11
6
-6
-1
2
10
12
10
4
1
-7
-27
-30
-20
-6
4
7
-4
-4
-11
-10
-1
6
6
-2
10
-5
-4
0
8
7
3
0
-6
16
15
11
-14
-10
-11
6
2
-5
8
-1
12
-2
17
4
12
-8
-6
0
-10
3
-33
13
8
28
3
13
1
-19
13
-13
22
-12
-13
-40
-18
-7
-23
-8
-14
-3
-15
6
-4
-2
-15
-12
-9
2
15
4
12
7
21
2
14
3
7
9
-3
19
6
7
-10
-14
-16
-4
-1
-8
-1
-4
-9
-11
-15
-17
-12
0
13
4
3
-8
-15
-14
-18
-6
-5
1
18
25
11
8
9
6
13
16
15
4
-3
-19
-35
-22
-16
-10
-1
4
24
20
25
23
12
1
-19
-21
-15
-1
-14
-30
-35
-5
22
9
6
-5
11
15
18
19
-5
-5
-8
2
16
34
25
23
8
-5
6
-7
10
-11
-15
-11
-8
13
12
-20
-4
11
-5
14
6
-3
-9
-7
-21
-24
-6
3
-11
-8
1
17
35
-3
-8
-14
-18
-8
-14
4
-6
6
-3
4
10
1
-5
-24
-10
-19
-14
-11
-6
-12
-14
1
16
56
33
14
2
-3
5
-19
-26
-22
-8
-12
-3
13
19
23
0
-4
3
21
22
5
1
10
0
-27
-15
0
29
35
14
14
-1
-11
-20
-27
-21
-2
1
10
15
18
21
15
18
7
4
6
1
-1
-11
-24
-32
-20
-3
23
33
37
21
14
8
-1
8
0
-13
-38
-31
-42
-23
-4
-2
6
-10
1
-3
5
7
-14
-11
-13
-15
-6
-9
-10
-16
-17
-13
11
28
18
7
-3
-9
-1
4
1
0
12
0
-20
-31
-32
-9
11
-1
-5
12
4
14
37
21
3
5
9
22
12
-6
-18
-18
7
9
-1
26
34
19
1
-9
1
15
2
-5
-7
-10
0
-13
-18
-8
25
31
13
11
-3
-14
-31
-15
-7
0
17
-27
-39
-8
16
24
9
-14
-14
-19
-10
5
0
-6
-18
-9
-4
-4
10
16
-6
2
3
-21
9
21
13
17
1
-2
6
-2
13
6
-7
3
0
2
5
-14
-25
-15
2
11
-6
10
26
12
-4
-3
3
6
-6
-21
-2
20
22
17
5
-4
-4
-15
-14
17
28
14
-12
-38
-39
-22
2
17
22
31
22
-20
-21
-15
-10
13
-7
-6
-6
-8
19
-6
-11
-4
1
32
23
2
-5
-13
-16
-8
-7
3
31
18
-10
-29
-24
3
13
13
9
-6
-14
-14
-29
-25
2
14
0
4
3
-12
-4
-3
1
29
30
20
18
10
8
15
28
34
15
-6
1
-1
13
11
-12
1
2
-14
-27
-5
4
-6
11
-8
-12
-11
-8
5
14
26
-4
-12
-16
-9
2
6
-8
-17
-7
-15
6
19
4
-16
-12
1
5
18
4
-4
1
-12
-18
-11
11
16
13
14
-4
8
12
1
0
-8
-11
0
13
9
-14
-10
-2
-5
7
6
10
5
5
-3
-9
-2
-8
2
10
15
10
-3
-5
9
16
-6
-13
-7
-7
7
16
-14
-24
-8
-22
-15
7
4
21
38
-10
-15
11
11
19
-6
-31
-25
-15
-13
-3
7
10
-1
-13
-5
-6
1
12
-3
-11
-4
-6
1
8
-10
-6
6
6
-1
3
8
4
0
-8
-8
7
17
13
2
-15
-10
-5
-7
7
6
-7
5
8
-16
-2
14
2
16
8
-19
-3
1
6
9
-5
-2
3
9
8
8
15
7
-8
-14
-13
-7
-2
-6
-10
3
6
-6
-1
8
4
-2
-16
-17
-4
-3
-7
-10
-17
-14
-3
-1
9
6
-2
-4
-8
-1
3
0
9
-1
-3
-5
-11
-2
-9
-12
5
18
5
-1
0
-3
8
8
4
5
4
7
4
-3
2
-2
4
6
0
-4
-5
8
7
5
-5
-10
4
6
5
-3
-9
-4
-9
-5
-6
-8
1
0
0
1
2
13
8
-4
0
-1
-3
-2
1
4
2
-8
-10
-6
-2
16
14
3
4
8
10
11
25
19
7
8
2
-5
-4
4
10
7
-7
-13
-22
-15
-4
-6
-2
-3
0
-3
-5
3
-2
-19
-25
-13
-1
10
12
12
7
-6
3
6
-3
7
9
1
-5
-14
-14
0
9
9
-6
-12
-3
0
5
3
2
1
-1
5
12
11
3
0
3
11
21
25
3
-9
-5
-4
3
14
19
1
0
-5
-13
-4
-2
9
7
-1
-4
-8
-3
0
2
-2
-2
3
8
7
3
1
-7
-6
2
-5
-8
3
7
6
12
10
6
9
12
4
-5
-6
-13
-10
4
5
6
12
8
2
1
0
4
7
8
2
-6
-10
-11
-8
-8
-11
-8
-3
-6
1
1
-12
-18
-11
-15
-12
-1
-12
-7
-4
-8
-3
1
3
10
2
-2
2
-1
-3
-7
-3
-5
3
15
-1
-8
2
0
3
3
7
8
0
-2
-6
-3
2
6
3
-5
-6
0
1
-4
-1
-2
0
11
11
-4
-13
-10
-6
-7
-1
-3
-8
-10
-13
-11
-8
-6
-1
4
3
0
0
-6
-2
4
3
-1
2
7
3
0
3
2
0
3
2
-6
-3
-6
-15
-3
10
10
7
6
7
4
1
5
5
8
19
14
-2
-11
-12
-3
8
13
13
-1
1
10
2
-4
-2
-2
-3
3
9
3
-3
-7
-9
-2
3
8
2
-5
0
1
-1
-12
-18
-7
3
6
-7
-10
7
17
20
19
12
15
4
-8
-4
-5
-10
-4
12
11
1
-4
-7
7
22
22
9
2
1
-9
-14
-15
-15
-15
-16
-16
-13
-12
-12
-9
-3
12
13
12
10
8
7
-9
-13
-5
7
12
7
-3
-11
-10
0
5
3
8
15
12
10
9
-1
-7
-11
-8
-1
2
1
-7
-7
-4
5
14
15
11
9
8
3
-3
-6
-5
1
1
-13
-8
6
3
4
1
3
0
-2
8
8
6
1
-7
-6
-6
-13
-6
4
10
12
7
7
13
15
6
3
-2
-4
-10
-14
-6
-4
0
2
-2
-1
3
6
6
8
2
-2
3
5
1
-7
-8
-6
-7
-6
-4
1
11
13
8
6
5
-2
-9
-13
-7
-7
-3
-1
-5
-3
4
4
1
-7
-9
-12
-11
3
4
0
-4
-9
-7
-3
2
3
5
4
-1
0
-6
-7
-5
-5
-4
-5
-7
-1
5
2
6
9
6
5
7
3
-5
-4
-6
-6
4
4
9
14
6
9
11
0
-8
-18
-16
-9
-1
8
0
-4
-4
-5
-3
4
0
4
11
7
0
-8
-8
2
4
4
10
8
6
5
-3
-7
-6
-4
-5
0
8
-4
-9
-2
-2
6
12
6
-3
-5
0
-2
0
-2
-3
1
7
9
8
3
-1
1
0
-3
-2
5
-2
-11
-3
-4
1
1
1
8
6
3
-5
-4
-3
-5
-2
-7
-6
2
3
1
2
-3
-3
-1
1
-3
-9
-5
0
3
1
-4
-3
-2
2
6
4
0
3
-3
-7
1
4
-7
-14
-6
-2
4
11
6
6
7
4
0
-3
-8
-12
-14
-10
0
3
2
0
2
8
1
-3
-6
-7
-6
-8
-3
0
4
3
-7
-11
-3
5
2
2
3
2
4
1
0
3
4
-2
-4
3
12
12
8
4
0
3
0
-8
-11
-14
-6
4
10
12
6
-4
-11
-11
-8
-2
2
-1
-1
-3
-2
-6
-5
2
13
11
0
-9
-9
-4
4
8
4
12
22
12
7
6
6
11
12
1
-9
-11
-13
-10
-6
-2
2
4
5
4
1
3
-1
-5
-6
-8
-14
-16
-15
-11
-6
-4
-1
2
5
8
7
9
12
13
12
11
5
-1
-4
-9
-6
0
-1
2
1
-2
-7
-8
-3
2
2
2
-2
-2
-2
-7
-14
-16
-6
-2
-2
0
1
1
7
10
8
6
2
-2
2
2
-1
-1
-1
2
0
0
2
4
4
3
-1
-3
-2
-1
0
-6
-12
-1
5
5
9
8
4
3
-2
-8
-4
4
8
5
1
-4
-8
-11
-6
4
6
4
1
1
0
-1
-1
4
5
9
11
5
-7
-5
1
2
3
-1
-9
-15
-12
-8
-3
2
9
11
9
6
0
-3
0
4
2
3
5
-1
-4
-2
-4
-4
-2
4
8
4
4
3
-3
-1
0
-3
-4
-6
-3
-1
0
-1
-3
-1
-6
-4
-8
-3
5
7
2
-2
2
3
5
6
2
-1
2
4
2
-1
-5
1
2
4
0
-5
-4
-3
-3
-5
0
3
3
5
6
1
-2
4
8
3
-2
-7
-8
-5
1
-1
0
6
7
10
9
6
0
-4
0
2
1
-1
1
2
2
0
-4
-10
-14
-9
-5
-6
-4
-8
-5
-1
-2
0
1
2
7
11
0
-3
5
8
5
6
5
-2
-7
-4
-3
-1
2
2
5
9
4
1
-2
-1
3
0
0
4
6
2
-3
-5
-3
1
-1
-7
-8
-5
-9
-10
-6
-4
2
7
-1
-2
5
5
0
-5
-5
0
9
7
-4
-6
-2
-1
4
10
9
3
3
2
-2
-2
-6
-10
-6
-3
-12
-9
-3
-1
6
6
3
1
1
-2
-2
-1
-6
-2
3
2
1
1
1
-4
-2
-3
-3
-3
-6
-6
-4
-8
-12
-4
1
1
1
-7
-12
-3
2
6
10
10
4
2
2
-5
1
4
4
4
5
1
-1
8
10
16
14
10
10
5
2
-3
-2
-7
-8
-8
-12
-4
3
8
8
4
1
3
10
8
4
-1
-8
-6
-4
-5
-7
-4
0
2
2
-6
-12
-10
-10
-8
-2
1
9
13
20
13
10
11
7
6
-2
-4
-4
-7
-10
-6
1
6
2
2
4
0
7
6
6
4
4
1
-7
-9
-13
-8
-2
-1
3
1
-2
-4
-2
-6
-10
-4
-4
2
7
8
0
1
6
5
12
13
7
6
0
0
-6
-14
-14
-10
-4
1
3
0
0
2
11
8
2
8
2
-6
-7
-10
-10
-4
-4
-1
-1
-3
-7
-9
-7
-1
7
2
-2
3
6
1
-1
-1
-2
1
13
17
7
-3
-8
-11
-9
-1
3
2
4
1
-3
-2
-6
-1
5
5
4
0
-3
-5
2
-1
0
-2
1
2
-2
2
-10
-4
3
5
4
8
3
-3
-3
1
-2
-1
-1
-10
0
-1
3
11
7
3
13
10
4
4
-6
-4
4
16
-4
-20
2
8
8
9
-6
0
17
9
4
0
-5
-16
-13
2
-4
-4
0
4
7
3
-16
-22
-20
-10
4
-2
-13
-17
-6
1
2
2
-4
-2
12
5
1
0
-17
3
5
-9
-2
-4
17
23
0
-2
-7
-8
12
-4
13
25
-3
-13
-15
-11
-12
-4
-1
7
17
-9
-22
-8
4
3
5
10
11
5
-3
-13
-12
2
-6
12
18
8
1
1
1
5
9
-4
5
-1
-13
-12
-13
-4
-7
0
6
2
9
2
-4
5
6
0
4
10
4
0
7
0
-9
7
2
3
15
7
7
-2
-16
-12
-8
0
3
5
-1
-11
2
15
5
2
1
-10
-2
1
-10
-15
-8
2
0
5
2
-4
-11
-11
10
16
5
4
13
6
2
-2
-6
-10
2
12
0
-1
-5
-8
5
9
-2
-11
-5
-3
-6
-12
-15
-20
-17
-7
-8
-3
-3
1
6
5
-1
-4
3
12
12
15
15
1
5
3
-1
2
6
13
4
2
2
0
-3
-7
-6
3
-1
1
0
-2
3
5
7
7
11
8
-2
-7
-6
-10
-11
-6
-6
-6
1
12
10
5
2
2
2
1
3
3
-4
-7
-5
-8
-2
8
11
6
6
8
7
1
-2
-8
-11
0
4
5
-4
-4
3
-1
4
6
1
1
-3
-2
-6
-13
-1
2
2
7
-2
-9
-4
-10
3
8
-1
-1
-5
-3
-8
-1
9
8
12
11
-2
-1
-1
-6
0
-6
-11
-4
-5
-2
10
11
3
4
-1
-3
0
-4
-10
-3
2
7
7
0
0
4
4
2
-3
-3
5
1
-3
-6
-13
-8
-11
-6
4
-3
-12
-3
5
0
4
4
-1
-6
-7
-2
-6
-4
-1
7
19
7
6
4
-2
5
-5
-14
-11
0
3
-6
-2
12
12
12
6
-1
3
-1
9
9
-1
-1
-4
5
9
6
2
-4
3
9
6
1
-9
-13
-6
0
3
6
7
8
5
-4
-10
-12
-8
-5
-4
-7
-8
-9
-7
-5
3
22
31
21
7
10
6
-8
-18
-26
-13
9
23
17
4
-13
-17
-17
-13
-4
-10
2
5
-6
-9
-8
-8
-1
5
9
17
26
22
3
-7
-27
-25
-15
-6
10
9
4
9
15
18
18
25
16
-12
-25
-30
-24
-5
0
6
16
14
6
0
-3
-8
-16
-13
-15
-7
9
-4
-19
-21
-6
15
31
23
7
-11
-25
-17
-9
2
2
-1
-4
-4
7
6
5
9
7
17
14
5
-2
-26
-30
-26
-16
16
36
43
16
2
-8
-6
10
2
12
12
-5
-5
-14
-29
-29
-20
6
27
34
27
8
-2
-33
-52
-35
-1
42
54
39
22
-6
-26
-50
-43
-28
-18
12
13
6
10
11
22
18
0
12
-3
-15
-38
-52
-36
-12
21
11
2
9
5
9
20
50
54
32
14
-25
-53
-83
-88
-55
10
84
130
116
82
7
-59
-91
-104
-52
-33
19
47
33
6
-18
-27
-29
22
83
112
118
45
-79
-175
-204
-123
15
102
150
135
98
30
-46
-114
-162
-74
38
95
84
18
-75
-142
-146
-25
140
254
233
92
-54
-175
-252
-256
-201
-43
150
281
304
190
4
-151
-188
-128
-26
76
115
44
-67
-153
-167
-99
15
138
239
287
234
88
-122
-298
-335
-240
-75
79
179
176
117
43
-16
-20
24
52
56
49
3
-80
-165
-197
-173
-84
81
198
239
191
80
-26
-106
-106
-86
-46
-9
-3
1
-20
-26
-19
-5
45
101
111
75
-18
-97
-110
-107
-63
-7
48
91
77
50
11
13
-3
-28
-6
7
18
-1
-57
-92
-75
-12
34
64
74
55
25
-21
-61
-68
-29
15
45
33
17
11
-17
-22
-6
8
26
25
-15
-38
-47
-47
-15
25
55
53
57
28
-17
-46
-57
-41
-26
-19
-20
-7
2
5
16
21
39
58
55
18
-18
-38
-37
-36
-43
-44
-40
-8
33
51
63
65
48
19
-9
-50
-84
-78
-39
17
34
29
16
-4
4
31
75
79
55
2
-48
-77
-102
-89
-59
-11
41
90
99
74
28
-2
-21
-22
-11
-5
-3
-27
-49
-78
-74
-17
45
89
88
59
27
-3
-20
-57
-61
-33
-15
-15
-45
-57
-36
-8
10
38
84
99
73
9
-47
-78
-77
-55
-17
22
36
32
11
-6
-1
1
20
28
48
41
-5
-51
-98
-67
-39
5
44
80
89
48
5
-26
-16
-1
3
-8
-19
-8
0
-22
-40
-21
5
34
41
33
30
2
-13
-40
-54
-33
-5
20
17
8
7
-16
-15
-8
-2
19
29
29
16
-5
-22
-42
-30
-17
-5
10
11
12
25
32
26
8
-6
-7
-7
-7
-13
-16
-17
-29
-35
-29
2
31
22
12
26
39
38
24
0
-27
-50
-38
-42
-18
20
37
26
0
-9
-14
-6
6
19
30
51
19
-24
-45
-67
-51
-17
20
35
40
30
-2
-12
-4
10
14
30
33
10
-5
-30
-27
-17
2
23
17
2
-23
-30
-18
-13
22
39
22
12
-7
-12
-16
-22
-1
37
68
37
-5
-24
-34
-29
-9
18
35
46
18
-14
-23
-14
-10
-20
-6
5
19
14
-5
-12
-23
-27
-17
5
17
17
4
-13
-16
-12
4
9
20
19
8
-4
-17
-20
-32
-32
-15
17
37
28
12
-2
-8
-20
-16
-12
-1
11
-6
-12
-10
8
12
2
-3
-3
14
16
-10
-37
-39
-38
-30
-26
-3
28
26
23
12
14
18
9
-4
-24
7
26
16
-3
-19
-13
0
19
6
11
31
29
-2
-17
-2
6
10
5
-9
-10
-13
-23
-29
-9
20
29
15
1
-13
-14
-4
-2
20
33
17
-16
-42
-57
-57
-17
32
47
39
23
-14
-47
-49
-43
-9
31
52
48
16
-2
-19
-34
-23
0
40
47
16
-15
-44
-38
-11
15
40
54
36
18
4
-23
-38
-35
-32
-24
-3
-6
-13
-5
-5
-10
2
25
31
37
27
17
-3
-10
-9
-9
-13
-25
-2
10
38
50
14
-13
-26
-20
-13
4
9
10
13
-5
-27
-16
-14
-2
22
41
49
29
-12
-40
-27
-16
-14
6
26
19
19
5
-12
-3
4
11
-3
6
-1
-20
-28
-50
-20
-2
19
20
-15
-7
-18
-16
-12
4
27
26
12
-5
-2
0
0
13
24
39
28
-8
-37
-58
-41
-15
-2
-1
30
8
-34
-16
-41
-9
30
17
37
20
6
-19
-31
-30
-23
37
22
31
17
-42
-12
-23
0
12
32
12
-29
18
-26
-50
0
13
35
79
43
-22
-24
-7
-38
13
52
9
43
10
-23
-31
-23
6
37
77
40
20
-6
-81
-76
-62
-43
4
54
39
-8
6
-48
-22
28
-1
40
49
27
-11
-31
-87
-63
37
32
66
77
24
-4
-5
-53
-38
3
-7
9
25
-21
-33
-45
-89
-22
29
21
69
69
-1
-13
-39
-82
-26
7
2
18
20
-8
-34
-14
-23
-24
35
37
32
22
-9
-34
-30
5
-33
52
57
22
11
-24
1
-18
0
-40
5
4
-27
0
-6
9
12
1
-49
6
18
-23
5
20
-1
14
6
-44
-37
7
3
50
63
19
48
-40
-41
-34
-37
37
34
42
-9
19
-49
-68
2
-16
20
78
47
-36
-5
-93
-58
-5
37
57
80
99
-34
-6
-62
-91
31
-13
39
63
13
3
-50
30
-21
55
64
-13
72
-37
-70
-80
-67
-33
17
42
6
26
-4
-14
-22
53
5
63
51
-29
-13
-46
-82
-75
16
27
80
108
10
-38
-26
-73
-39
32
41
37
69
-22
-27
-83
-47
-22
48
129
16
128
-110
-31
-81
-194
61
-35
103
24
63
-21
-92
57
-118
77
29
28
85
-26
-54
-116
-35
-71
16
71
79
14
61
-64
-132
41
-66
15
103
26
-38
57
-52
-95
79
-11
-10
157
-29
-44
13
-67
-105
38
58
-76
154
-37
-23
26
-67
-30
-19
74
-32
121
-43
-5
40
-33
50
33
34
9
16
-20
20
-19
25
5
-52
-15
-13
-44
10
71
-35
125
18
-78
80
-98
-33
-23
54
-4
33
50
-103
46
-58
15
55
-20
78
3
-11
-49
-35
-56
6
37
36
48
24
-13
-69
6
-29
27
76
11
61
-38
-86
-70
-6
-67
93
68
-57
50
-74
-16
-16
31
0
84
6
-74
-6
-179
-44
8
-15
68
77
19
20
20
-49
50
28
125
104
34
59
-47
-130
-30
-26
-67
130
-4
-32
-5
-66
-138
10
59
-40
122
5
-37
-86
-21
-133
4
32
-5
146
-59
74
-58
44
-40
55
118
-78
164
-54
-105
24
-51
-101
49
-23
38
16
10
-28
-65
48
-79
42
-70
-32
-33
-95
-20
-9
14
-19
77
22
-39
133
54
-21
73
70
-20
-12
70
-90
3
94
-36
4
73
-30
-10
-37
-6
47
-32
69
-50
-14
-55
-114
59
-138
140
49
-2
108
-28
14
-165
69
-13
-59
136
35
8
-117
98
-177
-29
187
-73
133
25
5
-50
-103
6
-42
-26
62
140
-20
-33
148
-91
-153
172
-80
-82
185
-70
-87
-77
40
-101
-122
344
-198
185
128
-126
190
-298
163
-134
-22
100
-74
108
-177
79
-46
-128
135
26
-63
143
26
-135
-52
79
-142
-65
261
-97
-48
208
-238
-108
129
-137
-7
82
-3
15
82
-33
48
-60
10
161
1
-2
124
-69
-141
47
-37
5
37
-10
139
-125
15
127
-268
30
189
-232
-49
159
-143
-161
188
-25
-220
383
-52
-70
135
-62
-41
-154
169
-204
5
88
-118
76
-52
109
-114
61
99
-54
82
-88
-44
-42
-21
0
-39
18
90
-57
-43
118
-129
12
108
-162
152
-51
-22
-24
-60
-5
25
30
-65
203
-191
152
65
-129
105
3
9
-130
217
-256
155
60
-240
327
-117
-9
188
-35
-47
175
31
-104
105
-30
-93
-18
40
-38
-74
68
-76
72
-72
-7
122
-151
162
-93
80
17
-130
206
-305
119
151
-127
135
48
8
-135
86
44
-248
279
-78
-102
190
-145
36
-126
19
-60
-50
98
-84
8
114
-148
-47
172
-333
231
7
-122
148
-60
-1
-132
280
-210
126
257
-252
321
-107
-84
204
-152
-2
91
-144
-22
97
-191
-4
97
-121
-66
259
-235
94
206
-399
251
-4
-191
210
-111
-60
90
-11
-82
180
31
-234
499
-253
42
434
-450
141
106
-273
-99
167
-258
-47
193
-161
-70
344
-285
16
436
-605
564
-244
-169
146
-243
69
-246
331
-377
254
127
-258
366
-42
-7
65
34
-56
-128
96
-178
-153
127
-123
180
-72
266
-122
-48
370
-363
338
-146
-11
-89
-146
80
-247
102
-22
0
186
-95
216
1
-168
281
-339
206
6
-225
395
-379
96
56
-76
-7
54
133
-328
382
52
-350
425
-57
-273
264
59
-296
192
53
-298
127
122
-284
123
195
-264
323
10
75
-47
272
-201
-160
223
-277
-70
75
-25
-380
507
-376
-61
399
-272
135
155
26
-302
381
-424
-64
157
-230
30
66
61
-274
391
-174
-178
390
-155
-145
411
-171
-191
61
-26
-275
112
366
-520
520
-112
-126
43
-16
29
-253
442
-319
42
3
58
-291
214
134
-388
637
-267
190
-237
104
-43
-345
499
-348
196
-42
-40
160
-407
474
-166
-28
198
-59
106
-381
436
-459
77
178
-165
123
-24
257
-331
397
-106
-133
185
-152
-131
-42
150
-376
344
-36
-243
433
-135
-64
97
65
-252
13
80
-399
153
-169
128
-206
252
201
-639
941
-480
-169
451
-277
-102
130
128
-624
590
-156
-313
767
-370
-12
320
-44
-401
507
-273
-374
686
-491
-23
324
-152
-213
408
106
-376
628
-121
-223
271
-227
-272
335
-180
-167
444
-458
208
-22
103
-312
148
357
-781
779
-433
32
148
-21
-52
-336
945
-908
437
236
-584
315
-127
-83
-99
405
-341
4
488
-575
412
330
-630
520
58
-553
318
7
-498
350
41
-300
123
307
-587
312
230
-620
655
-120
-266
189
-21
-386
-125
340
-691
374
336
-600
314
157
-340
132
396
-382
117
582
-657
10
395
-434
-34
409
-11
-394
840
-314
-139
470
-87
66
-215
604
-515
121
99
-351
318
-285
370
-375
478
-165
-54
393
-575
293
211
-470
174
419
-622
27
180
-334
-164
485
-54
-281
452
-14
-441
319
104
-464
391
43
-212
-208
515
-498
-21
545
-747
452
242
-611
358
146
-423
411
-44
-194
174
64
-176
-305
330
-333
-5
351
-306
166
-152
137
-163
-2
264
-283
272
-207
-43
-43
8
12
-24
82
24
273
-436
391
52
-377
519
-200
-185
295
70
-314
19
466
-513
39
436
-323
-10
189
106
-538
533
-133
-430
509
-262
-75
-20
295
-479
141
90
-622
591
-147
-265
319
151
-381
271
-237
51
-26
173
65
-436
562
-288
-292
322
41
-153
306
2
-406
377
213
-945
785
76
-676
546
-50
-321
74
565
-659
164
418
-155
-130
188
181
-445
247
-126
-59
-199
515
-401
-208
680
-591
273
116
-189
214
-81
-20
-140
206
136
-494
306
62
-158
-22
133
-97
-90
584
-486
-158
447
-179
-395
590
-345
-182
897
-1190
354
123
-240
189
61
134
-448
836
-725
-136
516
-320
295
-303
33
57
0
-60
-141
213
-88
112
-52
-81
5
111
-124
-509
375
4
-249
290
-178
-116
123
-74
-85
138
-44
208
-131
-119
186
-136
55
-26
-178
-25
185
-269
118
290
-242
16
272
-358
218
383
-462
267
85
-64
-33
-148
336
-59
-155
133
56
-80
52
87
-274
256
-27
-111
-33
14
358
-332
-160
168
-120
-5
148
-160
-42
444
-286
-13
140
-121
236
-50
-453
469
236
-744
738
-117
-400
491
-200
-207
449
26
-492
348
93
-289
13
-6
196
-99
-274
177
-61
-42
247
-247
-50
489
-281
-458
608
-174
-176
-122
140
-77
-323
192
-21
18
-54
155
-199
53
362
-385
-116
480
-137
-177
374
-213
320
-136
-130
208
-120
140
65
-113
-253
393
-264
154
27
-153
329
-303
-104
-100
294
-204
-35
273
-567
568
-259
-211
467
-313
2
52
61
-180
128
27
-250
215
-9
-184
82
138
-121
-167
162
-62
-40
39
47
82
144
59
-45
181
85
-157
137
52
-94
181
42
-145
105
105
-288
141
213
-333
97
145
-120
79
-195
43
-42
86
-186
-114
217
-81
132
-269
223
-44
-130
166
-195
241
-69
-93
-136
114
-66
-47
96
-90
116
-207
-83
62
257
-344
251
192
-453
464
-253
-85
256
-88
-218
126
54
-227
335
-268
-136
400
-185
-149
477
-79
-157
259
-94
-332
381
65
-301
318
-100
-147
177
-5
-130
198
230
-260
160
48
-393
128
-23
-117
-52
266
-149
-198
484
-327
-108
312
-135
-143
127
51
-226
121
-67
-316
364
66
15
144
3
20
-46
72
-149
-13
152
-81
-40
93
-66
-133
18
-37
-98
263
37
-116
127
-140
-24
-61
13
-60
12
57
-138
48
-80
50
-74
-56
90
-27
-58
72
-58
6
-15
-111
111
106
-140
-39
90
-201
104
127
-185
110
201
-159
-91
175
-210
-4
104
-136
41
17
-22
-178
-86
-24
-76
118
82
-11
-9
51
-116
-79
118
-77
-46
163
8
75
247
0
71
180
-19
99
171
63
29
35
32
6
-15
29
-9
-31
148
6
-85
193
67
-87
-28
85
-157
98
-66
-174
131
-205
20
-61
-33
-61
-20
29
-190
247
-30
-150
27
-24
-68
-101
30
-59
-17
126
-21
-66
181
-166
-93
215
-125
20
139
-83
-187
35
-124
-106
158
-121
25
184
-69
19
-55
-102
113
-9
-68
78
0
-115
117
-3
-103
175
119
-42
108
72
-14
185
-50
-14
29
-24
-33
-63
-34
-6
29
-74
-35
-64
8
-63
-141
-83
-23
-18
-83
-2
-34
-56
-80
-136
-67
13
14
91
38
-63
39
34
-118
114
150
-2
12
72
-3
-108
33
-88
-87
-10
-171
34
130
138
202
55
-48
-21
-7
-179
-67
124
90
18
-68
-149
-99
37
-32
221
374
283
412
137
-106
24
140
-1
93
348
122
192
287
43
-66
-120
-95
-91
-174
-176
-208
-196
-191
-251
-332
-383
-361
-323
-393
-379
-125
58
94
126
108
-21
-95
-87
-114
126
444
432
283
260
125
42
-9
-7
242
368
466
345
-6
-269
-388
-366
-409
-363
-156
76
264
4
-306
-319
-330
-301
-187
-193
61
427
412
194
124
92
110
377
643
778
923
898
653
93
-388
-410
-470
-233
33
147
323
189
-556
-1053
-893
-747
-668
-410
-307
-80
115
-264
-487
-505
-437
-101
188
452
723
810
732
632
533
185
-163
82
316
334
587
549
376
210
-243
-760
-1004
-881
-690
-427
-153
-91
11
-153
-456
-656
-790
-537
-226
107
564
656
559
158
-88
76
14
181
469
644
795
730
511
119
-161
-228
-173
110
470
668
730
691
350
-721
-1433
-917
-768
-352
354
330
588
464
-818
-1315
-888
-838
-524
187
359
586
469
-400
-554
-334
-472
-154
644
932
1022
872
520
480
442
-57
-151
323
356
253
270
187
-208
-453
-568
-934
-880
-863
-958
-519
-95
-88
-75
-110
-352
-431
-578
-508
-177
202
719
878
854
624
397
438
346
313
330
469
589
472
297
80
-179
-401
-372
-35
239
359
643
601
421
19
-1146
-1221
-622
-605
37
600
833
931
172
-1257
-1273
-558
-1008
-380
553
435
563
121
-681
-630
-648
-713
6
1024
1420
1212
886
382
112
-265
-563
-94
577
925
941
789
331
-723
-1151
-1212
-1624
-1234
-714
-381
77
32
-333
-386
-369
-587
-378
12
214
550
541
563
584
172
-85
97
537
941
760
824
817
267
-21
-535
-736
-463
-320
-104
141
205
146
303
325
167
432
-177
-1210
-716
-104
-196
261
619
785
878
-164
-1455
-1070
-413
-457
230
450
248
418
-473
-1179
-775
-688
-492
344
1236
1369
1124
776
97
-17
-407
-624
166
692
1135
1215
873
328
-433
-920
-1313
-1466
-1296
-1036
-514
60
270
101
-278
-761
-1016
-764
-115
644
1107
1266
1282
959
82
-426
-446
-210
472
685
628
721
290
-239
-596
-957
-996
-707
-262
116
328
305
151
241
351
354
455
-169
-1018
-387
182
-122
306
793
849
1034
-98
-1725
-964
-122
-640
122
751
370
352
-423
-1136
-661
-572
-719
310
1424
1379
1166
731
201
147
-414
-694
157
780
914
858
665
91
-954
-1541
-1331
-971
-921
-1072
-757
59
163
-250
-365
-504
-531
-115
367
674
854
992
1056
999
403
-213
-74
325
719
533
134
131
-264
-690
-733
-706
-772
-753
-364
-6
69
29
28
464
1035
1127
1007
1001
-267
-1142
-244
-252
-225
757
1084
1153
975
-1170
-2625
-1223
-784
-973
228
379
327
217
-1059
-1247
-798
-1027
-556
1173
2107
1674
1457
924
543
337
-754
-598
602
1066
1081
1034
757
-237
-1205
-1664
-1603
-1189
-1427
-1359
-255
398
34
-457
-601
-696
-450
72
542
1204
1462
1402
1459
1045
119
-350
40
580
648
245
-155
-255
-500
-996
-1178
-1045
-985
-877
-290
99
-43
183
300
712
1460
1247
1085
1555
470
-1166
-398
301
-268
498
814
491
834
-1166
-3037
-1588
-835
-1525
-619
215
172
281
-743
-1395
-535
-488
-465
1380
2572
2147
1816
1321
883
537
-572
-691
669
1227
942
791
525
-301
-1500
-2277
-2157
-1661
-1635
-1405
-340
168
-106
-453
-779
-472
-52
176
812
1481
1585
1210
1054
870
363
77
46
508
696
159
-407
-676
-827
-1172
-1315
-1299
-1217
-836
-437
-122
100
-80
-332
259
1230
1722
2027
2286
2548
1698
-879
-1693
-290
-123
-237
490
788
801
-311
-3042
-3412
-1463
-1696
-1664
439
1114
992
352
-1141
-950
-484
-796
605
2997
3386
2623
2043
1161
615
-221
-1189
-339
936
790
481
369
-329
-1609
-2682
-2658
-1904
-1460
-1494
-789
536
460
-747
-972
-499
-301
315
1322
2215
2322
1551
998
893
655
58
-306
134
955
836
-418
-1071
-1294
-1831
-1988
-1871
-1291
-690
-562
-100
3
-26
-113
-425
458
1687
2186
2383
2807
2775
2201
878
-1841
-2198
-324
-627
-553
860
653
93
-929
-3474
-3650
-1905
-2107
-1066
1612
1998
1558
749
-744
-447
226
-223
1267
3746
3427
2370
1954
806
-107
-1166
-2188
-920
506
84
-157
7
-455
-1732
-3085
-3043
-1882
-1260
-1150
-261
920
1051
44
-432
377
441
273
1290
2052
2074
1515
653
417
545
-183
-819
-77
592
298
-683
-1443
-1496
-1985
-2472
-1694
-845
-494
-178
-162
163
367
47
256
999
2003
2555
2469
2796
2647
1761
462
-2188
-2602
-378
-529
-966
476
567
-140
-1069
-4030
-4164
-1215
-1700
-1278
1988
2149
1649
1055
-751
-76
772
-294
957
3843
3533
2005
1328
270
-208
-1347
-2818
-1423
320
-172
-594
-11
-112
-1371
-2572
-2271
-880
-496
-1268
-674
1427
1862
765
114
146
686
347
278
1838
2190
1284
724
498
372
-412
-1401
-1115
265
270
-915
-1396
-1331
-1191
-1886
-1983
-810
-330
-95
95
429
850
337
88
752
1750
2423
2236
2152
2712
2383
1042
-514
-2629
-2542
-562
-993
-1135
453
237
-536
-1447
-3802
-2999
-683
-1799
-409
2774
2329
1756
964
-457
122
61
-580
1480
3904
3258
1667
996
326
-527
-2335
-2935
-824
88
-614
-205
733
317
-1546
-2830
-2191
-847
-707
-1266
85
2319
2233
1065
297
-159
136
-174
-146
1588
1847
721
777
914
4
-1077
-1718
-1327
112
18
-974
-531
-490
-795
-1380
-1918
-985
-586
-477
262
1061
1558
702
273
1079
1328
1431
1668
1739
2359
2381
1146
-608
-2768
-2692
-1159
-1366
-1124
253
487
50
-1081
-3408
-2887
-870
-1705
-177
2943
2569
1802
731
-492
319
144
-871
1213
3774
2812
1435
833
-188
-817
-2531
-3131
-859
33
-410
26
541
219
-1333
-2564
-1739
-344
-440
-948
391
2381
2464
910
328
740
-351
-917
223
712
1265
1399
490
565
310
-1545
-2271
-1239
-469
-8
-68
-119
487
-389
-1585
-1761
-1754
-1170
-604
299
1347
1463
1002
423
653
1109
1041
1514
2189
2681
2647
1561
363
-1935
-3223
-1444
-975
-1496
-304
447
282
-150
-2627
-3955
-1263
-778
-1501
1534
3035
1957
1230
289
75
154
-766
-162
2758
3479
1690
611
-213
-713
-1653
-3117
-1864
366
114
-384
428
740
-387
-1926
-1967
-548
-157
-911
-471
1540
2665
1439
-17
-142
46
-347
-450
522
1201
726
223
117
12
-663
-1466
-1280
-224
554
58
-381
-5
-163
-840
-1369
-1302
-935
-492
133
529
1177
1201
302
374
998
1228
1520
1950
2424
2493
1790
495
-2057
-3418
-1565
-976
-1593
-318
542
671
319
-2630
-4050
-1538
-1146
-1517
1510
3026
2331
1528
-95
-76
367
-991
-167
2893
3522
1981
742
32
-207
-1302
-3204
-2328
70
60
-289
625
869
-93
-1843
-2295
-878
-324
-936
-591
1334
2467
1468
88
-249
-177
-529
-512
152
889
1123
602
311
569
-275
-1481
-1320
-328
729
528
-210
2
-192
-774
-1333
-1798
-1475
-751
-46
510
1114
1085
548
505
866
1446
1670
1742
2320
2413
1922
201
-2861
-2861
-775
-1379
-1365
458
720
594
-549
-3707
-3347
-793
-1844
-1175
2318
2844
1967
737
-469
406
397
-877
822
3432
2832
1440
594
-91
-72
-1586
-3127
-1060
438
-522
-344
666
534
-899
-2235
-1886
-533
-510
-1345
-381
1444
2057
1072
-267
73
551
-478
-576
665
1048
611
325
502
583
-35
-1022
-863
189
292
-379
-992
-766
-623
-1342
-1281
-1057
-1017
-632
-366
368
907
970
1113
1262
1801
2142
1961
1923
2247
2131
1249
-1106
-2989
-1521
-613
-1474
-360
799
257
-213
-2495
-4329
-1916
-1068
-1947
908
3003
2242
1240
-381
-599
608
-130
-177
2701
3561
1898
872
149
68
-470
-2367
-1947
154
-186
-837
-91
181
-381
-1598
-2227
-1338
-582
-1296
-1304
561
1871
1671
640
-80
423
350
-341
233
981
962
796
683
882
565
-536
-1166
-615
-11
-448
-948
-1038
-691
-832
-1549
-1382
-1053
-829
-422
52
874
1391
1283
1012
1703
2537
2237
2096
2099
1966
1750
-752
-3068
-1475
-610
-1632
-589
455
173
-354
-2750
-4358
-2073
-1179
-1865
658
2745
2434
1558
-290
-427
783
-88
82
2756
3479
2124
986
222
325
-277
-2231
-1919
15
-209
-986
-607
-115
-222
-1616
-2462
-1523
-996
-1350
-1065
381
1926
2010
680
398
984
180
-117
656
855
901
790
541
709
516
-345
-883
-797
-396
-534
-1294
-1391
-1001
-1093
-1165
-1065
-964
-754
-571
-125
477
977
1222
1247
1960
2841
2756
2276
2040
1992
1167
-1534
-2785
-1094
-874
-1423
-47
823
435
-511
-3244
-4179
-1728
-1658
-2065
634
2149
2171
1553
-317
-158
941
72
640
3083
3332
2096
1345
651
517
-465
-2410
-1819
-399
-794
-975
-432
-8
-182
-1445
-2130
-1412
-1298
-1955
-1427
304
1664
1738
1042
935
1186
455
-266
148
644
908
1092
1084
1164
855
-242
-1131
-858
-544
-1082
-1490
-1177
-602
-640
-1019
-986
-874
-741
-645
-521
109
819
1051
1504
2303
2739
2614
2202
2122
2121
332
-2148
-1779
-648
-1295
-794
278
180
312
-1303
-3705
-2870
-1845
-2692
-1499
721
1533
1791
641
-401
443
418
22
1506
2608
2482
2391
1592
1149
962
-846
-1719
-665
-661
-1215
-866
-503
-202
-500
-1597
-1791
-1436
-1841
-1992
-1147
126
1049
1120
1104
1431
1271
776
643
460
223
449
697
1043
1528
1164
218
-221
-323
-870
-1794
-2029
-1417
-1051
-799
-479
-705
-836
-667
-735
-665
-246
315
1042
1944
2563
2692
2658
2441
2256
998
-1188
-1231
-349
-956
-845
507
887
409
-733
-2694
-2874
-2061
-2870
-2462
-632
183
838
767
207
674
561
-19
1016
2115
1713
1650
2024
1942
1958
964
-395
-263
-490
-1351
-1297
-960
-620
-489
-864
-961
-1012
-1682
-2266
-2056
-1206
-165
500
676
950
1265
1181
1061
798
325
304
701
1098
1378
1225
673
381
243
-396
-1353
-1950
-1855
-1393
-903
-411
-147
-175
-276
-437
-614
-657
-410
119
942
1975
2607
2536
2273
1574
15
-696
-227
-491
-630
284
729
692
176
-1326
-1815
-1415
-1979
-2090
-1345
-1000
-555
-279
-461
133
438
40
642
1292
1145
1143
1001
1051
1630
1398
777
901
776
81
-391
-695
-921
-1029
-1099
-951
-707
-823
-1195
-1427
-1413
-1066
-778
-592
23
617
901
1273
1350
874
522
263
4
253
690
986
1147
1042
727
51
-795
-1363
-1553
-1355
-802
-251
38
139
72
-236
-593
-742
-634
-200
467
1200
1732
1850
1689
922
-314
-640
-231
-402
-345
461
965
1152
781
-394
-829
-640
-1209
-1482
-901
-601
-444
-371
-515
-18
228
-237
28
597
584
417
293
421
907
863
486
698
760
373
135
-119
-215
-85
-356
-611
-628
-883
-960
-721
-610
-662
-650
-465
-249
-182
30
392
448
514
540
52
-262
-117
-69
239
842
1022
882
502
-148
-658
-1006
-1074
-735
-309
94
440
476
100
-224
-377
-745
-757
-368
9
637
1113
1195
1350
930
-220
-520
-128
-310
-313
346
809
1158
997
-202
-680
-309
-697
-1044
-680
-300
-134
-370
-581
-114
74
-201
-39
248
376
364
-38
24
756
784
494
771
655
193
110
24
-12
-93
-404
-428
-204
-302
-613
-792
-638
-282
-305
-568
-366
-180
-311
-89
138
62
134
50
-193
-126
-19
106
456
796
927
596
3
-361
-622
-875
-640
-200
0
354
374
8
19
-55
-453
-553
-274
60
319
645
967
1204
1232
597
-232
-315
-252
-404
-13
673
1095
1177
438
-526
-612
-673
-1099
-923
-386
-92
-18
-392
-614
-234
-185
-242
304
522
161
58
13
71
535
564
338
491
444
187
129
178
213
105
-105
-183
-290
-648
-868
-790
-542
-128
33
-115
-266
-363
-343
-303
-174
75
47
-17
103
-122
-399
5
538
643
773
746
179
-337
-564
-591
-425
-267
-85
80
171
147
-176
-480
-417
-259
-197
1
422
770
1037
1250
1265
691
-171
-295
-222
-442
-73
545
725
862
478
-347
-276
-121
-749
-753
-197
-65
-64
-324
-609
-230
-37
-240
46
361
255
106
-88
-18
340
241
85
361
401
274
296
233
207
255
142
-13
-106
-327
-493
-419
-282
-171
-224
-401
-470
-550
-584
-442
-215
75
243
212
47
-162
-159
120
418
586
686
471
-38
-414
-579
-590
-403
-239
-186
-23
97
-50
-198
-112
-86
-162
-60
103
224
568
1005
1276
1405
925
-121
-517
-421
-584
-421
199
794
1104
738
-164
-535
-485
-755
-766
-433
-256
-121
-329
-659
-443
-268
-392
-171
155
18
-180
-231
-192
178
404
315
414
465
342
243
178
292
307
106
27
-12
-262
-487
-330
-36
110
97
-129
-297
-405
-523
-365
-165
-3
263
302
103
-30
-51
35
397
705
671
401
33
-273
-548
-699
-601
-437
-254
35
199
77
-122
-144
-36
-66
-171
-70
210
521
893
1202
1257
957
82
-533
-457
-459
-383
66
586
925
693
-200
-713
-627
-830
-902
-490
-165
0
-183
-448
-221
-99
-304
-127
220
175
79
-15
-44
347
469
158
146
191
89
67
141
351
435
244
128
40
-247
-445
-409
-217
45
53
-204
-357
-418
-518
-476
-324
-84
179
191
45
-64
-131
15
393
594
526
330
9
-374
-600
-581
-459
-324
-185
-14
130
69
-61
-138
-95
-19
-67
-115
46
343
673
978
1214
1193
484
-387
-562
-431
-408
-61
483
883
970
353
-450
-542
-491
-712
-524
-104
47
31
-266
-480
-256
-264
-367
-37
182
65
-57
-49
169
390
217
94
276
256
165
220
301
412
347
167
115
-67
-438
-547
-313
-85
-1
-149
-352
-353
-468
-515
-289
-142
15
211
190
51
-34
3
215
537
643
416
32
-256
-439
-618
-552
-304
-190
-3
225
264
201
30
10
96
15
-68
56
207
403
837
1044
1060
794
-59
-497
-320
-372
-332
150
581
773
398
-464
-693
-428
-585
-586
-220
4
114
-140
-488
-260
-100
-315
-133
145
17
-50
-109
-68
384
469
174
177
127
-40
-19
75
121
155
10
-143
-134
-326
-535
-312
22
120
20
-224
-339
-350
-376
-282
-94
92
192
110
-32
-65
-33
152
387
474
448
178
-207
-487
-624
-572
-283
-36
42
215
345
219
74
116
250
275
231
202
235
438
614
692
785
566
-93
-448
-405
-605
-666
-159
478
943
706
-268
-590
-377
-655
-858
-525
-45
287
128
-327
-156
81
-289
-355
-89
35
213
222
281
688
755
322
10
-205
-326
-159
80
113
64
1
-7
-64
-248
-297
-37
381
524
83
-467
-658
-651
-617
-392
-61
205
387
194
-134
-339
-234
175
565
660
408
63
-291
-592
-622
-412
-123
106
303
409
378
303
151
56
35
-27
28
149
99
295
697
1007
913
98
-681
-625
-362
-448
-169
537
1011
1000
154
-777
-781
-794
-935
-454
127
388
361
-1
-23
218
-50
-287
-89
-59
-247
-317
-303
53
365
260
315
398
162
23
36
130
359
309
44
-85
-330
-613
-532
-291
-105
118
134
-16
-76
-234
-277
-128
-79
-58
-139
-366
-474
-379
-87
277
524
623
537
192
-118
-236
-348
-298
-99
-61
-10
192
157
-42
-57
-39
-23
166
224
324
719
911
932
532
-508
-979
-628
-605
-483
412
1064
1136
718
-355
-801
-559
-784
-700
-72
141
123
-125
-550
-270
162
34
114
418
195
-137
-273
-198
279
482
330
501
544
222
26
-79
-13
144
15
-36
84
-104
-292
-345
-466
-384
-396
-642
-504
-237
-150
179
317
-130
-416
-544
-807
-584
84
616
993
1087
753
306
-180
-504
-542
-337
22
235
127
-9
55
-109
-566
-762
-375
308
757
740
895
1238
1468
842
-528
-929
-610
-889
-832
406
1404
1651
849
-538
-725
-449
-887
-956
-363
-47
15
-143
-377
-94
-157
-468
-12
286
-71
-138
-119
25
525
439
295
724
411
-333
-257
-14
171
477
335
79
-48
-661
-846
-384
-493
-593
-428
-498
-298
-168
-354
56
392
97
10
0
-123
-65
129
532
954
982
677
28
-547
-606
-621
-640
-189
202
237
288
270
67
-418
-703
-326
146
628
1225
1689
1846
1084
-640
-1419
-721
-638
-759
252
1131
1551
1120
-559
-1065
-597
-1047
-974
-52
139
-125
-475
-1098
-758
115
232
639
963
135
68
551
453
759
531
-192
166
424
-393
-429
563
881
418
248
151
-556
-1469
-1629
-1214
-808
-312
-358
-575
-324
-357
45
911
539
-73
25
-199
-32
447
417
890
1445
772
63
-156
-575
-682
-638
-375
117
137
-91
-139
-122
-243
-488
-429
142
691
1136
1520
1820
1682
71
-1630
-1314
-820
-1126
39
1742
1718
1035
-517
-1951
-1299
-1012
-1297
-148
764
573
68
-762
-773
-410
-778
-177
1323
1388
671
507
638
1120
854
-295
-317
60
-414
-215
536
809
740
-14
-845
-1000
-1408
-1951
-1469
-779
-511
-301
-136
134
474
360
67
141
55
-159
213
788
1007
1009
1000
787
336
-178
-838
-1210
-731
-286
-400
-378
-295
-458
-420
-307
-478
35
832
1176
1949
2481
2053
1182
-940
-2516
-1252
-564
-1069
506
1953
1670
1493
-546
-2735
-1619
-1047
-1475
85
1134
703
96
-1108
-1017
-80
-672
-107
1599
1347
1166
1739
1196
1165
1036
-676
-904
-224
-714
-273
804
919
670
-260
-1309
-1398
-2046
-2561
-1544
-524
149
541
-24
-408
40
96
-36
-13
18
617
914
962
1644
1625
903
541
-203
-1191
-1293
-972
-732
-130
257
-17
-462
-995
-1169
-980
-655
359
1425
2178
2857
2672
1824
16
-2416
-2323
-793
-955
16
2194
2106
1623
312
-2951
-2948
-1255
-1978
-814
1559
1130
411
-226
-1346
-615
-452
-906
1348
2704
1789
1806
1558
971
1082
-453
-1859
-774
-333
-586
532
1359
1150
236
-1283
-1728
-1853
-2721
-2135
-665
10
480
360
-106
169
201
-375
-429
-167
103
685
1431
2049
1781
750
-86
-606
-857
-835
-792
-401
203
-10
-696
-1002
-1048
-967
-626
55
971
1722
2247
2650
2771
2264
137
-2708
-2592
-833
-1069
-357
1938
2159
1378
-420
-3592
-3470
-1389
-1478
-330
1982
1450
102
-880
-1787
-837
-230
-533
1701
3312
2120
1709
1391
758
772
-694
-1948
-686
-145
-329
866
1623
929
-529
-1982
-1925
-1492
-1864
-1100
-75
103
589
160
-954
-668
-156
-112
416
672
701
1161
1165
1150
892
-301
-984
-907
-645
-203
-276
-322
204
-90
-975
-1325
-1224
-769
59
964
1758
2479
2663
2264
2117
1526
-1213
-3313
-1783
-437
-538
1142
2479
1566
406
-2492
-4752
-2310
-758
-1141
1261
2557
1043
-25
-1712
-2473
-753
-280
451
3095
3476
2315
1616
407
67
-439
-2378
-1915
189
266
686
1786
1042
-112
-1293
-2632
-2136
-1339
-982
426
1067
549
398
-329
-1222
-938
-404
227
1085
1328
1249
1043
626
433
-96
-862
-738
-250
-37
110
-192
-519
-654
-1279
-1326
-567
-139
297
982
1521
1709
1913
1865
1682
1970
618
-2669
-3024
-656
-636
-359
1743
1798
837
-694
-4136
-3857
-883
-1270
-370
2477
1841
224
-664
-2149
-1239
318
55
1937
4014
2668
1409
812
-76
-339
-1822
-2770
-340
1017
769
1918
1658
-239
-1317
-2409
-2672
-1366
-804
-15
1447
1254
308
-490
-1231
-1229
-692
-8
1084
1769
1260
618
119
-197
-370
-662
-486
140
616
608
46
-514
-774
-1378
-1657
-904
-89
234
803
1622
1887
2028
2032
1571
1649
1459
-1644
-3432
-747
44
-975
871
1624
354
91
-2843
-4665
-1159
-153
-705
2054
2211
-110
-485
-1795
-2102
101
248
1379
4160
3003
894
602
-542
-1096
-1480
-2699
-715
1689
1040
1405
1935
-26
-1822
-2624
-2686
-1010
-6
78
1414
1718
305
-762
-1543
-1350
-372
135
1056
1952
1515
545
29
-142
-418
-858
-777
190
951
948
279
-872
-1274
-1590
-2197
-1363
123
749
1083
1436
1456
1448
1683
1925
2094
2315
124
-3334
-2397
-184
-1082
-231
2006
850
-305
-1826
-4726
-2347
500
-995
847
3152
550
-747
-844
-2025
-404
750
459
3233
4239
1294
73
-8
-846
-1513
-2773
-1960
1146
1423
1038
1854
614
-1396
-2501
-2860
-1294
344
50
691
1632
573
-780
-1576
-1612
-677
314
990
1917
1921
789
-144
-559
-519
-697
-557
395
1268
1343
658
-720
-1879
-1946
-1986
-1284
331
1024
1058
1192
1072
969
1166
1422
1912
2614
2088
-1538
-3472
-1012
-282
-1266
287
1270
278
64
-2786
-4297
-519
-37
-953
1916
1874
-632
-544
-1111
-1536
469
343
836
3762
2842
645
577
12
-796
-1815
-2766
-578
1806
1389
1655
1871
-103
-1925
-2679
-2028
-27
532
194
791
602
-172
-765
-1644
-1330
-37
236
758
1718
1096
-28
-316
-506
-530
-398
-183
645
1380
1160
-147
-1465
-1679
-1564
-1351
-216
950
1017
1066
1191
798
923
1320
1566
2281
2208
-1151
-3468
-1399
-303
-928
468
1692
537
-214
-2613
-4171
-552
457
-1042
1278
2175
-284
-911
-1296
-1624
415
562
730
3615
3166
648
360
-53
-959
-1634
-2354
-654
1824
1441
1174
1565
-156
-2087
-2649
-1948
-46
889
522
844
792
-297
-1408
-1983
-1242
-169
245
1187
2036
1264
-20
-577
-709
-617
-307
-228
602
1483
946
-183
-1121
-1642
-1783
-1488
-231
1177
1247
942
1095
1093
1029
1154
1597
2196
2236
-1168
-3307
-689
-143
-1064
681
1671
153
-649
-3110
-3853
79
103
-1108
1811
1805
-1008
-1185
-1445
-1648
182
15
909
4098
2880
36
-76
-203
-1086
-1914
-2321
-140
2180
1424
1433
1767
-498
-2508
-2702
-1307
588
950
782
1382
945
-376
-1356
-1977
-1140
258
486
1354
2450
1095
-269
-263
-799
-886
-491
-361
789
1813
907
-383
-912
-1614
-2056
-1372
-208
758
877
578
950
1155
1087
1261
1345
2037
1317
-2317
-2714
252
74
-347
1534
1109
-190
-945
-4119
-3081
1004
-416
-435
2562
1048
-1131
-1032
-1923
-1247
438
-174
1845
4669
2184
-31
21
-827
-1470
-2033
-1630
993
2170
1396
1682
1307
-904
-2781
-2910
-978
730
391
427
1117
459
-626
-1626
-1880
-722
-119
325
1990
2121
432
-210
-368
-686
-529
-449
-44
1212
1677
421
-738
-1032
-1559
-1654
-820
321
1050
697
343
731
1037
1082
1087
1462
2134
958
-2490
-2711
-39
-331
-383
1537
1193
304
-732
-3859
-2772
636
-935
-689
2457
860
-1198
-804
-1634
-1076
308
-279
1793
4467
1892
-255
331
-458
-1630
-2078
-1443
835
1879
1206
1506
1388
-858
-2844
-2552
-715
489
348
403
948
397
-1276
-1975
-1147
-396
-164
865
2430
2216
716
-424
-826
-407
-586
-665
324
1401
1564
279
-875
-1093
-1427
-1511
-581
976
1360
566
375
519
734
1124
1155
1577
2152
-206
-2990
-1306
345
-749
313
1683
609
134
-1931
-4137
-840
583
-1514
850
2652
-30
-1224
-992
-1678
-857
-268
-139
3087
4060
951
56
251
-686
-1626
-1908
-413
1597
1702
1207
1813
908
-1954
-3065
-1753
-101
276
46
648
931
-1
-1374
-1981
-1083
-390
-182
1182
2302
1459
-67
-672
-381
-195
-492
-172
873
1414
807
-367
-874
-913
-1269
-1272
-216
967
872
138
9
366
603
872
1261
2012
2049
-847
-2649
-726
52
-656
761
1573
653
168
-2295
-3480
-403
-210
-1319
1519
2241
-468
-1177
-1081
-1469
-558
-577
55
3314
3291
449
163
422
-754
-1655
-1362
81
1452
1448
1279
1716
518
-2107
-2744
-1153
28
3
2
340
381
-365
-1609
-1590
-537
-482
-402
1278
2153
862
-220
-470
-176
179
-239
-107
757
1010
242
-540
-622
-817
-927
-419
444
1065
467
-111
194
320
433
667
1040
1872
1225
-1557
-1990
14
-188
-509
1152
1298
586
-157
-2662
-2485
57
-936
-1062
1646
1197
-610
-590
-860
-881
-207
-684
358
3041
2110
108
503
198
-872
-1224
-784
516
1230
984
1185
1665
200
-2196
-2117
-744
-441
-653
-416
125
274
-362
-1075
-685
-45
-248
232
1683
1860
634
-198
-95
262
43
-407
-92
643
682
-51
-442
-377
-852
-1051
-262
569
545
-126
-158
180
393
757
919
1336
1609
-110
-1766
-906
-202
-750
65
1206
867
349
-1014
-2407
-1029
-346
-1374
134
1578
290
-624
-568
-893
-861
-700
-440
1473
2678
1097
352
827
-67
-1090
-1006
-159
801
1080
1164
1713
1480
-615
-2040
-1312
-601
-613
-533
-199
243
-59
-1051
-1049
-332
-481
-484
720
1610
1119
208
-22
345
361
-248
-160
633
802
324
-148
-110
-300
-1005
-797
233
671
270
45
308
358
344
485
962
1549
427
-1358
-971
-26
-313
-171
890
1141
270
-814
-1718
-1344
-572
-750
-90
1231
949
-599
-1100
-379
-569
-1072
-334
835
1780
1553
490
516
499
-706
-1149
-55
783
773
996
1353
1159
-74
-1748
-1645
-509
-573
-892
-427
-64
-483
-1009
-1104
-902
-584
-579
-73
1100
1042
39
-183
374
502
30
17
461
758
519
-71
-37
204
-328
-666
23
388
-174
-305
84
83
-79
-10
375
1148
1261
-108
-1128
-457
-9
-418
223
1335
909
-61
-455
-936
-1093
-737
-651
-136
803
397
-798
-530
54
-630
-819
39
687
996
912
485
426
179
-693
-699
369
652
470
945
1254
858
49
-704
-749
-341
-496
-765
-377
-260
-804
-973
-656
-511
-499
-353
2
548
587
-1
-5
575
423
-34
237
507
410
423
222
-17
165
2
-368
-11
307
-163
-463
-449
-629
-621
-541
-377
242
724
663
424
221
49
23
149
359
724
849
510
172
-12
-264
-351
-93
-8
28
222
71
-116
18
-215
-613
-425
-327
-556
-351
-119
-124
54
61
-99
-103
-145
-236
-90
326
416
163
132
116
109
106
-87
-240
-211
-42
202
477
499
221
-15
-69
-34
-119
-214
20
244
287
256
65
-117
-266
-381
-351
-204
-104
-135
-100
90
131
-186
-525
-500
-330
-169
214
563
715
817
611
203
118
58
-97
267
773
688
389
216
-108
-387
-430
-482
-383
-63
11
-147
9
135
-376
-668
-438
-495
-483
-176
-88
-63
94
-84
-401
-208
-106
-318
-24
381
212
96
289
292
217
147
-208
-344
-85
34
184
422
369
139
-32
-63
-40
-97
-125
2
181
120
-89
-109
-94
-174
-244
-234
-135
-22
-4
-42
69
79
-261
-454
-351
-221
53
415
599
772
781
437
303
398
254
255
534
506
317
281
-7
-325
-225
-309
-525
-220
-74
-380
-177
162
-160
-440
-403
-563
-522
-211
-212
-102
217
71
-157
-31
-27
-109
59
311
408
362
249
200
341
282
-105
-220
-80
-99
18
316
317
161
74
-134
-212
-112
-224
-217
98
165
-8
-99
-139
-172
-245
-284
-185
-119
-181
-189
7
100
-159
-400
-350
-256
-98
222
427
599
809
532
100
224
294
71
326
622
334
238
333
-39
-250
-155
-419
-502
-116
-143
-373
-96
2
-367
-443
-379
-505
-308
-9
-23
87
193
-63
-185
-71
-155
-183
-3
121
220
261
212
303
375
136
-25
23
-35
-20
173
156
7
9
-121
-289
-129
-90
-212
67
257
-34
-123
-64
-270
-316
-186
-241
-239
-90
-82
-87
61
-2
-228
-188
-141
-192
69
431
547
636
648
405
260
316
212
188
489
482
168
154
111
-173
-221
-217
-436
-349
-69
-205
-273
-70
-190
-422
-390
-432
-560
-358
-119
-90
92
183
-70
-123
13
-48
1
245
329
312
281
182
164
118
-79
-117
-57
-74
29
152
82
2
-44
-158
-152
-52
-106
-52
183
170
21
22
-54
-196
-186
-136
-113
-58
-33
-31
28
40
-107
-208
-125
-134
-86
189
341
386
494
468
276
244
250
137
247
351
171
142
224
-5
-211
-105
-138
-282
-94
22
-126
-78
-13
-171
-224
-232
-402
-346
-81
-72
-33
139
41
-81
-37
-63
-69
39
148
274
385
301
214
267
168
-5
-41
-64
-65
17
23
-16
23
-39
-129
-28
-16
-80
61
183
104
44
3
-100
-108
-130
-239
-214
-131
-128
-73
-17
-48
-105
-138
-122
-96
-32
142
281
297
374
334
113
129
222
109
152
260
74
2
60
-153
-230
-51
-156
-278
-92
-98
-268
-150
-94
-258
-270
-323
-451
-281
-116
-204
-124
48
-31
-38
81
50
72
161
155
228
298
137
83
169
51
-41
21
-18
-26
65
2
-76
-43
-140
-205
-39
18
-4
165
265
215
178
112
2
-31
-36
-103
-119
-57
-66
-131
-86
-47
-134
-129
11
27
69
274
281
212
292
166
-40
73
183
110
205
278
96
106
188
-35
-72
39
-134
-161
15
-77
-198
-78
-135
-296
-272
-347
-385
-188
-131
-188
-68
-11
-131
-90
20
9
81
165
182
275
296
154
116
149
2
-120
-95
-90
-61
9
-9
-33
-33
-104
-129
-28
39
70
158
183
128
45
-35
-74
-111
-167
-175
-99
-52
-48
-57
-75
-123
-199
-182
-101
-16
103
191
189
193
144
-29
-66
47
96
144
235
198
114
154
79
-74
23
60
-45
30
87
-24
-35
-12
-140
-219
-244
-339
-268
-94
-112
-106
-1
-18
-83
-37
0
5
86
135
146
192
149
37
44
79
-14
-64
-11
-11
1
59
47
60
79
1
-1
102
105
51
153
227
136
60
-5
-92
-123
-142
-190
-134
-48
-96
-96
-51
-124
-122
-17
-2
39
183
184
106
148
87
-41
73
132
41
159
261
139
115
162
-1
-61
48
-10
13
152
40
-106
-86
-91
-178
-215
-233
-309
-249
-189
-249
-176
-83
-85
-32
39
18
12
75
92
180
304
244
145
124
16
-135
-96
-52
-94
-24
71
41
-58
-124
-174
-126
-19
-30
-14
97
70
-52
-67
-49
-60
-40
-37
-56
-18
-1
-62
-53
-21
-80
-89
-15
22
88
157
131
111
142
102
30
78
137
88
99
125
36
15
24
-63
-62
15
2
9
97
68
-41
-40
-89
-209
-201
-196
-207
-106
-37
-72
-87
-36
-45
-77
-11
37
82
148
126
95
99
81
34
40
16
-18
36
5
-29
37
60
16
12
1
-82
-44
17
-50
-21
83
37
-52
-54
-84
-148
-133
-105
-97
-28
-11
-67
-81
-71
-64
-36
52
121
166
211
177
176
178
124
92
117
140
103
112
120
100
122
134
76
53
69
-16
-72
0
-1
-101
-116
-151
-243
-250
-282
-270
-161
-110
-130
-107
-56
-65
-63
-15
12
63
90
75
110
122
65
25
60
46
1
54
50
11
32
24
-17
-8
-15
-65
-38
6
-24
-28
56
36
-66
-81
-90
-123
-99
-94
-107
-69
-44
-36
-4
27
-17
-55
-31
-15
46
129
156
187
179
112
71
92
127
118
145
195
151
102
88
36
20
32
-5
5
30
-19
-92
-126
-167
-230
-221
-212
-229
-186
-159
-161
-85
-28
-35
15
67
77
79
65
60
93
119
86
36
17
-8
-32
9
78
81
116
118
13
-61
-118
-162
-129
-45
0
67
138
107
26
-31
-50
-48
-24
23
47
47
21
-15
-5
1
-15
-15
-22
-14
14
24
58
116
118
68
79
53
15
32
48
82
104
97
93
94
51
-7
-11
-10
-34
-42
-41
-43
-89
-127
-149
-159
-132
-142
-135
-82
-53
-47
-51
-28
4
31
69
91
80
65
55
66
54
19
18
5
-17
-42
-66
-45
4
10
-23
-47
-68
-76
-40
-11
-10
-9
8
-17
-24
-6
-38
-28
2
10
4
9
3
-21
-13
-35
-53
-11
2
12
57
89
92
107
124
113
120
107
78
120
119
84
103
104
58
23
6
-34
-23
12
-5
1
12
-73
-169
-186
-195
-218
-199
-160
-121
-78
-73
-67
-22
-23
-73
-68
-19
8
20
34
55
77
66
30
26
49
38
21
23
42
32
-4
-20
-30
-33
-47
-53
-31
-14
2
25
39
26
10
-6
-9
10
9
-4
12
35
14
6
21
20
13
2
12
37
77
100
109
134
117
75
43
52
69
79
105
121
134
94
17
-27
-71
-101
-103
-84
-57
-64
-79
-98
-110
-119
-157
-166
-145
-126
-90
-56
-24
-3
0
-9
-4
13
17
44
94
110
116
96
51
20
-10
-45
-43
4
20
4
6
4
-11
-30
-52
-59
-60
-51
-45
-42
-29
-26
-30
-26
-17
-15
-13
-8
7
25
28
34
25
17
15
13
30
37
51
81
103
111
100
108
115
94
84
80
79
92
106
96
80
68
14
-39
-48
-55
-77
-76
-78
-94
-115
-160
-183
-189
-180
-162
-157
-121
-73
-38
-16
-2
14
8
25
50
67
86
110
134
119
87
70
51
29
29
28
11
6
-6
-36
-54
-52
-55
-64
-76
-72
-66
-72
-71
-56
-37
-36
-36
-9
5
19
31
18
20
38
54
58
79
94
81
85
86
73
68
77
102
100
86
62
25
23
8
6
24
13
1
-3
-15
-46
-59
-61
-78
-80
-77
-99
-99
-85
-100
-115
-103
-100
-107
-86
-76
-61
-20
-2
15
28
13
11
23
44
55
79
96
96
109
92
73
54
45
28
-3
9
8
-9
-7
-14
-26
-58
-80
-89
-87
-58
-53
-49
-33
-33
-36
-47
-52
-33
-20
-2
23
47
57
52
67
63
59
61
73
107
110
107
99
82
66
45
27
26
31
28
23
21
15
-13
-41
-45
-49
-65
-70
-68
-68
-55
-52
-62
-66
-74
-85
-83
-62
-44
-36
-20
-14
-18
-22
-18
-14
5
20
24
47
57
45
35
35
23
26
35
29
40
42
28
15
5
-9
-20
-21
-22
-19
-22
-18
-12
-11
-13
-22
-23
-30
-32
-27
-18
-8
6
8
2
9
5
2
12
33
41
37
55
46
47
50
30
19
14
13
17
25
19
6
0
-13
-27
-40
-38
-29
-26
-23
-24
-29
-40
-45
-47
-40
-27
-13
5
13
14
14
19
13
20
29
27
36
46
46
31
35
40
25
29
23
9
12
3
-7
-7
-12
-24
-38
-43
-52
-43
-35
-46
-35
-24
-18
-20
-21
-16
-22
-13
-3
1
8
9
22
29
28
28
23
28
42
55
53
43
41
36
25
14
9
7
5
3
0
-12
-14
-21
-29
-30
-34
-33
-38
-40
-37
-29
-27
-29
-31
-35
-27
-17
-10
-12
-5
-1
-4
1
8
7
8
19
16
20
31
34
36
26
7
2
1
3
9
7
6
9
3
-7
-8
-12
-16
-12
-7
-7
-14
-11
-10
-10
-12
-20
-23
-12
1
6
11
10
17
10
1
12
18
21
26
29
27
32
29
25
27
22
18
15
9
6
1
-4
-15
-24
-24
-26
-27
-20
-25
-34
-27
-24
-21
-11
-20
-24
-22
-25
-20
-19
-7
0
1
9
15
12
15
7
-2
9
22
29
25
19
17
9
0
5
4
5
14
8
3
-4
-1
-2
-7
-4
-3
-5
-4
-2
-2
1
2
0
-11
-10
-5
-3
1
3
2
2
5
2
6
7
9
16
17
20
20
23
11
9
2
-9
0
0
5
0
-3
1
-10
-10
-12
-17
-7
-6
-16
-26
-24
-19
-25
-22
-16
-14
-4
8
12
-1
-7
-12
-20
-2
6
4
15
16
17
14
8
9
5
12
18
11
7
9
-5
-9
-9
-13
-4
-4
-4
-1
-12
-2
0
-12
-9
-14
-16
-13
-17
-5
2
0
1
0
5
10
9
13
12
15
21
18
23
23
22
18
14
-1
8
25
15
23
9
-10
-8
-16
-16
-4
-10
-9
-12
-23
-22
-19
-18
-15
-9
-6
-4
-14
-16
-11
-15
-10
-7
-7
3
4
-2
1
0
8
6
3
6
-3
8
18
11
15
15
9
4
8
4
9
15
16
19
10
5
3
-10
-8
-5
-13
-10
-11
-15
-12
-18
-19
-10
-9
-9
-7
-12
-12
-14
-8
3
4
12
11
4
5
6
8
10
17
15
18
23
19
8
5
14
5
4
14
1
3
5
-9
-4
-4
-7
-2
-12
-9
-12
-17
-11
-13
-12
-15
-21
-19
-13
-11
-7
-4
-3
-1
-6
-5
6
13
14
16
12
14
14
5
6
13
16
15
7
5
-5
-8
-1
3
0
1
1
-2
-3
-5
-7
-7
-2
-4
-1
2
1
-9
-12
-8
-1
3
5
11
15
11
8
4
-7
-3
0
-2
4
4
1
-6
-12
-12
-9
-1
6
6
6
1
6
9
-1
1
-1
-5
-1
-1
-9
-7
-6
-9
-6
-1
1
-2
-2
-1
-3
-4
-2
-7
-4
1
-6
-3
5
7
6
-3
-3
2
-4
1
2
-3
-1
1
2
-1
6
6
8
5
0
-8
-10
-3
-12
-3
1
4
11
8
6
1
0
-9
-8
-3
0
6
8
7
3
3
8
8
6
11
10
7
8
-3
-14
-18
-9
-4
2
7
4
-1
3
2
2
7
5
0
0
1
7
6
-2
-3
-4
-5
3
10
9
9
11
2
-4
-4
-6
-2
-4
0
2
3
1
-5
-1
-4
-3
-1
0
-2
-4
-8
-7
0
-6
-8
-13
-13
2
14
15
3
-2
0
4
9
4
-7
-13
0
2
4
0
0
5
6
14
11
-1
-10
-4
4
6
4
-7
-15
-8
6
12
7
-8
-16
-9
2
6
-5
-6
-7
-10
-2
-1
6
8
5
14
20
13
2
2
-2
-3
-2
-7
-2
-5
3
7
-9
-11
-5
0
8
2
-12
-17
-6
0
-4
-14
-11
-2
9
17
7
-8
-15
-12
2
9
5
-3
-5
2
1
14
3
-10
11
28
36
13
-13
-15
-18
5
1
-16
-15
-11
18
34
25
-4
-19
-19
-5
12
-1
-21
-23
-7
11
24
7
-14
-1
7
25
20
-19
-27
-27
-17
-7
0
-2
-5
17
26
16
-7
-9
-2
-7
5
-7
-15
0
4
11
9
5
11
15
33
25
-11
-49
-52
6
24
9
-21
-29
4
45
56
9
-50
-48
-15
33
47
-9
-59
-62
4
72
53
3
-36
-24
36
61
27
-53
-100
-58
28
85
25
-31
-38
-15
67
59
-5
-54
-53
5
35
32
-21
-68
-44
2
43
48
11
1
-1
11
23
12
-11
-26
3
2
-11
5
2
-2
8
3
0
21
26
6
9
-11
-34
2
18
19
-3
-50
-36
11
39
28
2
-19
-20
17
29
11
-17
-37
-11
21
29
-3
-41
-30
-8
20
41
5
-18
-12
0
18
7
-14
-44
-32
5
23
30
-4
-14
-7
2
15
0
3
1
-6
-4
-8
-15
-12
3
6
1
-1
-2
23
24
9
-6
-21
-10
11
19
6
-2
-4
4
28
24
4
-29
-40
-10
11
21
-1
-47
-35
1
19
26
2
-27
-20
24
25
6
-14
-37
-10
30
26
-4
-47
-40
2
29
36
-2
-21
-23
-7
19
12
-21
-22
-4
5
30
18
-11
-17
-4
13
16
5
-10
-7
8
8
-19
-20
-15
27
30
1
-9
-48
-20
0
11
29
0
-7
-12
-3
15
5
-5
-14
16
20
6
-5
-27
-16
5
25
25
11
-13
-6
15
9
11
-4
-11
4
18
15
-11
-32
-2
27
48
45
-7
-26
-16
-4
15
12
-17
-31
-13
8
14
4
-22
-30
-1
20
14
11
-5
-29
-11
-5
-7
-17
-15
7
-4
14
-4
-16
20
14
13
-1
-9
-10
-26
16
33
36
27
-29
-18
-11
12
38
18
21
-4
-12
-11
-20
12
-3
-8
3
-7
6
-14
-11
-6
-19
9
-7
6
5
-25
-12
-24
9
31
24
19
-21
5
-1
-22
0
-42
-15
13
7
22
-8
10
2
27
56
13
8
-42
-41
2
-10
13
-4
-1
7
1
36
21
33
20
-6
15
-15
-13
-23
-19
0
-28
-4
-13
-1
34
2
-4
-20
-23
-1
7
30
1
-5
-12
-12
32
21
35
24
2
10
-16
6
-4
-22
-2
-20
-5
15
-2
-15
-11
20
19
19
6
-20
-9
-5
13
-9
-30
-24
-31
9
17
4
11
-5
16
16
5
3
-29
-20
-10
-7
3
3
6
4
15
8
2
-2
-12
15
19
8
7
-22
-22
-13
-13
3
3
2
-3
-8
-4
-8
-16
-2
15
7
-3
-12
-12
15
17
5
12
0
-14
-9
-20
-9
14
8
18
10
-7
-16
-33
-6
16
11
16
-8
-18
-7
-5
11
16
12
9
5
5
6
-12
-9
-4
-9
3
4
-7
-6
-11
-13
7
4
5
18
10
14
1
-28
-25
-19
5
28
13
-12
-33
-28
2
13
9
-4
-13
-6
-9
-6
-12
-19
-8
3
16
4
-1
-6
-15
-4
-19
-5
-5
-24
6
0
-9
3
1
26
27
10
9
3
19
8
8
29
17
19
3
-4
14
8
4
7
18
7
-7
-2
-4
12
17
-4
6
3
3
-1
-5
-6
-14
2
8
13
21
-8
-18
-14
-12
8
7
14
12
-5
4
10
7
-5
-10
-2
-7
6
11
-11
-11
-15
-13
1
16
27
12
14
10
1
7
2
5
-11
-23
-12
-10
-2
-2
-4
9
1
-3
-4
-7
2
-3
-7
-16
-14
-4
-1
2
-9
1
5
-1
12
-4
-11
-20
-16
-1
-6
5
0
-2
-4
-11
-4
-4
10
2
-6
3
-19
-12
-2
-6
10
-1
5
9
-1
10
10
4
-1
-2
1
-7
2
-1
-11
-4
1
9
16
21
17
10
18
18
13
3
-8
-3
-2
11
15
11
11
-3
-4
-1
-4
7
5
10
9
-2
-3
-6
-7
-9
1
9
8
2
0
2
-8
-7
-15
-19
-11
-12
-4
-1
-1
-4
-6
6
9
12
8
-2
-2
-3
4
8
-1
-6
-13
-6
-8
-9
5
6
11
11
5
7
-5
-7
-4
-3
7
0
-7
-7
-2
11
1
-7
-9
-22
-24
-13
-1
7
-3
-8
-8
-7
4
1
0
4
3
13
11
2
1
0
3
0
-3
-7
-6
4
-2
-2
1
-15
-12
-2
-3
-4
2
-3
-6
6
3
6
11
8
6
-3
-12
-20
-15
4
13
7
-1
-1
7
5
5
13
12
8
5
-7
-13
-5
3
3
3
1
-8
-5
-4
1
15
7
-3
3
8
9
7
0
-10
-9
-3
-6
3
8
5
8
6
9
-3
-4
7
10
16
8
1
-3
-4
13
17
1
-15
-24
-16
-1
5
0
-2
4
-4
-14
-11
2
7
-4
-5
-1
-2
-3
-10
-9
0
9
1
-1
-6
-15
-11
-7
-3
6
10
7
1
-7
-11
-3
1
-3
3
7
3
2
-1
-2
-3
-8
-1
6
7
9
7
13
12
15
12
4
2
0
-3
-6
-5
-4
-4
-8
-3
9
12
6
13
15
8
2
-6
-9
-12
-10
-1
0
3
7
4
7
5
0
1
1
11
8
3
3
2
5
6
5
10
15
9
-6
-16
-21
-21
-21
-19
-17
-18
-15
-16
-15
-9
-2
-5
-5
-6
-3
1
-6
-11
-14
-11
-18
-23
-11
2
8
2
0
0
1
6
8
8
7
0
-4
-1
-2
-8
-8
-6
3
9
0
6
1
0
7
0
-8
-6
-5
-8
4
16
11
5
1
0
4
7
-2
-3
2
1
3
-6
-5
1
6
5
1
9
9
4
3
4
8
1
7
12
12
14
11
8
6
0
-5
-2
1
5
5
9
9
5
8
6
7
8
10
4
-6
-7
-3
-2
-10
-8
-8
-11
0
-1
-3
3
2
6
10
7
10
13
0
-6
1
5
6
7
9
8
11
10
8
6
5
5
-4
-6
-10
-15
-10
-1
4
0
-4
-4
8
12
2
-10
-20
-11
2
-4
-3
-5
-7
-5
-7
-1
-3
5
-1
-14
-12
-8
-14
-22
-19
-10
-7
1
6
4
2
7
11
3
-7
-10
-3
-1
-3
6
14
19
12
8
3
1
4
-2
-8
-2
3
4
12
16
5
1
9
9
-4
-7
-2
4
4
-7
-10
-18
-14
-9
-11
-10
6
17
5
-5
-14
-18
-18
-18
-7
-1
6
5
6
3
-17
-9
-2
6
15
10
-1
0
8
15
21
16
9
4
5
-9
-8
-13
-31
-18
-6
7
26
23
10
12
25
13
-8
-4
-5
5
6
-12
-13
-10
-3
10
16
17
28
27
11
4
-3
-16
-19
-13
-8
-9
1
14
13
3
-6
5
21
8
-7
-6
-8
-14
-19
-19
-2
21
14
-7
-8
2
4
-8
-9
-4
6
6
-5
-5
-8
-8
-1
-5
-8
0
4
3
-2
-4
-10
-8
-3
-14
-9
8
8
2
-3
-4
2
6
5
-5
-6
-7
2
9
5
2
-3
-9
-23
-18
-6
4
3
-2
4
7
11
7
-2
2
-4
2
6
0
-5
-7
-1
0
1
6
-1
-1
6
-2
-5
-4
2
8
1
6
6
-6
-12
-11
-8
-18
-12
0
4
13
8
6
4
0
6
-3
1
15
12
13
0
-7
-17
-21
-7
0
12
7
0
-1
3
6
7
9
7
7
4
0
0
-5
-4
-3
4
6
6
0
-12
-8
-7
0
5
7
4
-5
-2
2
2
7
11
2
-1
1
4
-2
-8
-2
-2
4
7
2
-2
-3
2
5
9
-9
-15
-8
-8
3
8
8
1
-7
-9
-10
1
13
9
2
-8
-10
-9
-7
-6
-9
-13
-9
-2
-5
3
14
9
12
17
9
1
-7
-10
-4
-1
0
-7
-11
-6
-4
4
-1
4
19
25
25
7
-4
-1
5
2
-7
-9
2
9
5
-6
-6
9
8
9
8
6
-3
-10
-18
-14
-6
-12
-2
13
16
14
6
-4
-9
0
-2
-5
1
0
-2
1
2
0
6
9
16
18
18
14
8
7
-2
-12
-22
-21
-1
-4
-3
0
2
2
-4
-1
-6
-10
-7
-2
-6
-6
-1
-3
-6
-3
1
1
6
8
5
-2
1
14
16
15
11
9
5
-10
-15
-18
-12
-3
-10
-17
-7
2
3
1
6
9
6
2
-1
-7
-5
0
-7
-12
-7
-2
7
10
8
7
12
18
18
1
-18
-8
-1
-4
-1
-1
1
-1
5
14
12
5
-2
-4
-6
-4
-9
-19
-19
-16
-7
-7
-8
-4
5
6
0
1
-3
-5
4
10
4
7
7
0
0
-7
-11
-2
3
4
3
1
1
-1
0
3
2
-1
-2
-1
0
0
-5
-1
9
11
16
13
8
6
7
11
3
0
-3
-2
-3
-4
-3
-4
-6
-4
-2
-2
-5
-8
-7
-6
2
2
-8
-11
-18
-11
1
3
8
13
10
0
1
5
3
5
0
5
11
2
-5
-5
-2
4
5
-2
-10
-7
3
7
6
8
6
3
6
5
-3
-8
-6
-3
-7
-9
-5
-1
-9
-8
2
1
4
7
3
3
6
1
-7
-7
-6
-8
-2
-4
-8
1
10
16
19
9
4
11
12
7
-1
-8
-8
-4
-6
-9
-6
2
10
6
2
-1
-5
-12
-6
0
0
-9
-12
-11
-7
6
1
-4
-1
4
8
1
-1
-1
2
7
-1
-2
-2
-3
4
1
1
8
8
8
7
11
6
-2
-2
2
3
-2
-12
-24
-17
-3
2
-3
-4
-5
-7
1
-4
-7
-11
-8
-3
-4
1
-2
-4
-1
-1
0
1
0
-3
4
17
19
16
7
-1
1
7
7
0
5
17
23
16
7
6
3
-7
-14
-11
-8
-6
-4
-7
0
4
2
-3
-5
3
1
-6
-7
-5
-6
-12
-15
-7
2
9
17
12
0
-2
4
5
-4
-8
-5
-8
-15
-8
-1
-5
3
3
-1
4
12
10
6
8
3
0
-7
-6
-7
0
5
6
11
4
7
0
-10
-6
-4
-6
-4
1
-3
-11
-10
-4
-1
-2
-5
0
14
19
6
-4
-1
2
-2
0
3
3
-6
-8
0
3
8
4
1
6
12
6
-5
-4
-7
-9
-9
-9
-8
-7
4
9
8
3
-4
4
11
11
8
8
6
-3
-6
-7
-6
-4
0
0
3
13
15
1
-11
-9
-4
-1
6
10
7
3
5
2
2
1
-4
-4
0
4
5
2
-6
-12
-8
1
6
1
-7
-12
-14
-9
-4
1
6
1
-6
-5
-8
-5
-4
-3
-2
0
6
4
9
11
5
5
4
3
3
1
2
4
4
2
1
1
-1
5
3
-4
-5
-11
-10
-1
0
-1
-2
-3
-1
-5
-6
-1
6
8
2
2
-4
-8
-10
-4
-3
-10
-13
-11
-7
0
9
13
9
8
15
13
-2
-10
-14
-11
0
6
12
14
16
16
2
-7
-3
1
1
0
1
-1
-4
-8
-9
-10
-4
2
-2
1
8
3
-1
-2
-11
-12
-6
1
4
-2
-8
-16
-12
2
13
13
12
10
-2
-6
-6
-5
-3
-9
-8
-4
-7
-10
-4
-4
-6
-7
-9
-10
-8
-2
2
5
8
10
-3
-4
1
2
5
0
2
7
1
-5
-6
-8
-10
-1
4
7
10
5
2
3
13
14
10
11
7
-1
-7
-8
-7
-2
0
3
7
10
6
5
3
-1
1
4
2
0
-3
-7
-9
-8
-7
-3
0
-3
-1
1
1
3
7
11
17
18
15
9
2
-3
-5
3
10
11
5
5
4
-1
-4
-8
-9
-2
2
8
9
2
1
-1
1
7
5
1
-6
-7
-8
-14
-11
-10
-10
-3
9
10
1
-10
-11
-9
-12
-11
-3
-4
-7
-6
-9
-10
-8
-7
-7
-4
9
13
8
5
3
0
-3
2
0
0
5
4
4
1
5
7
2
3
9
10
6
-1
-6
-5
-5
0
2
-3
-6
-6
-4
-5
-2
2
0
0
-1
1
3
3
0
-2
-1
2
4
5
2
2
5
-1
-6
-6
-3
-2
0
4
5
4
3
0
-2
-2
0
1
-1
-1
2
1
0
0
2
1
5
4
2
3
4
1
-1
-1
3
-2
-1
3
2
0
1
3
1
1
3
-3
-8
-5
1
0
0
0
0
-5
-4
4
0
-3
1
9
5
-2
-9
-14
-2
9
1
-5
4
15
17
2
3
8
-4
-3
-1
4
-2
-4
-1
-4
2
0
-13
-14
5
15
0
-2
5
0
-5
-8
-2
-5
-10
1
9
7
-3
-8
-3
-2
-3
0
3
14
12
1
-2
3
3
-5
-8
-6
1
-2
-3
1
2
-3
-3
4
-1
-3
-1
4
2
4
8
-1
-4
4
-4
-7
4
11
9
5
5
-4
-10
-10
-12
-10
-10
-3
-4
-5
6
12
19
14
7
7
-3
-14
-15
-15
-11
1
8
7
5
13
11
8
8
3
-4
-15
-12
-13
-16
-8
-5
-2
-3
0
8
10
12
10
0
-3
-7
-9
-16
-14
0
-5
0
10
11
20
15
20
17
-1
-11
-19
-21
-18
-16
-7
1
9
13
8
2
4
4
-5
-4
11
10
4
5
-11
-14
-8
-17
-23
-6
7
9
16
11
12
0
-1
3
-15
-9
-6
-2
2
3
9
-2
-2
0
-11
-2
10
14
2
1
12
-2
-2
-4
2
10
0
4
-6
-4
12
8
2
2
17
10
-4
-11
-18
-14
-18
-13
-4
0
17
12
8
15
9
10
-1
-5
-5
-12
-8
-7
1
0
-6
5
4
6
5
-2
5
2
0
-4
-9
-8
-15
-7
-1
0
7
4
3
-3
-10
-3
6
5
-14
-23
-22
-23
-20
-23
-9
12
13
9
6
23
22
3
7
1
1
10
3
-5
5
14
14
8
13
13
7
8
9
8
-6
-2
-6
-12
-8
-4
-4
-6
2
3
10
9
14
2
-8
0
-11
-20
-17
1
8
6
8
-4
1
1
-2
13
5
-6
1
6
1
-6
0
-1
-6
-13
-26
-28
-16
-1
6
12
18
7
-3
2
4
0
-1
6
7
-2
-8
-9
2
21
22
9
-1
-1
-6
-8
-5
-2
3
15
13
5
-7
-21
-23
-19
-2
5
6
2
2
-3
-3
-3
-8
-11
-12
7
-3
6
19
15
19
12
8
-2
-8
-5
-4
12
15
4
-4
-13
-15
-15
-12
-9
7
12
-4
16
11
3
9
-5
-12
-16
-12
-2
-1
8
13
2
0
-11
-24
-20
-9
-2
-6
-7
-13
2
10
1
10
10
8
1
-8
-13
-7
19
20
14
14
10
14
1
-10
-14
-15
-3
-1
0
9
14
11
10
8
8
13
15
8
3
4
8
3
-7
1
-2
-10
-3
-7
-5
14
21
8
1
-2
-2
-12
-22
-18
-25
-18
-3
-7
1
9
19
12
-3
-5
5
2
-3
2
-8
-7
-7
-2
7
5
16
16
-1
9
5
-14
-16
-15
-4
-2
-5
-2
-6
-7
8
11
8
11
21
11
1
-5
-7
-1
-10
-1
-8
-3
5
4
13
3
10
6
-12
-6
1
0
-4
0
7
7
1
-3
0
3
1
-8
-7
1
3
2
8
5
2
6
-7
-15
-15
-18
-11
-4
-1
-3
-4
-10
-16
-17
-8
8
11
6
10
7
1
-10
-7
-3
4
8
-14
-9
9
9
10
12
9
7
3
-2
-7
-4
0
2
0
3
3
-6
2
5
9
17
3
-6
-11
-6
-1
-8
-9
-9
-7
10
9
3
12
14
18
12
-2
-16
-16
-9
0
9
6
6
12
5
-4
-8
-6
-3
1
1
-5
0
8
2
1
8
3
2
-7
-11
-8
-8
-5
-12
-2
10
2
4
2
-3
-3
-3
8
3
-3
1
-9
-9
2
-3
-9
-6
-4
-5
-3
-3
-4
-12
-8
-2
-6
-3
3
2
5
7
-5
-8
-7
-4
-1
5
9
11
3
-10
-8
-5
-2
5
5
5
7
8
5
-1
-1
2
3
-5
-11
-3
1
14
17
4
-2
2
13
6
6
9
5
7
-3
-3
-2
3
1
-7
5
11
14
12
9
9
-2
-4
-7
-7
-9
-7
-3
-4
3
1
-8
-4
4
-1
0
-2
-5
-1
6
-1
-2
3
-3
-3
2
7
13
13
7
5
11
6
-3
-5
-12
-13
-1
3
2
7
12
14
12
9
-1
-1
-5
-7
-11
-21
-6
4
8
9
-1
-1
-1
-2
-3
-10
1
6
2
3
-8
-14
-10
-7
-1
10
5
2
9
5
7
-2
-11
-6
-6
-6
-7
-3
-2
-2
9
7
7
3
-10
-7
-4
-3
-1
-1
3
-2
4
2
-6
-4
-6
0
-1
-2
0
-3
1
-7
-7
-8
-14
-2
1
6
5
-6
-8
-11
-11
-12
-10
-7
-17
-14
-13
-4
4
4
15
19
9
4
-1
-5
-1
7
11
9
0
-7
-2
0
1
5
1
3
12
10
-2
0
10
6
-3
4
6
3
0
-5
-4
-1
0
-2
-4
7
10
3
2
-2
4
10
-1
-6
-7
-7
1
7
8
2
-6
-3
6
3
-2
-5
-7
-4
-8
-14
-14
-13
3
8
11
17
13
21
19
10
11
-2
-4
-6
-7
-4
-3
2
-5
-3
5
0
4
9
5
6
3
-6
-12
-7
0
-8
-4
-5
-5
4
4
8
2
0
-1
-9
-4
-5
-9
-12
-12
-2
-2
5
2
1
2
0
0
-3
8
5
-5
-6
-7
-3
5
2
3
9
8
7
6
4
2
-4
-10
-10
-6
-4
-8
-8
-4
-3
0
5
4
7
7
4
5
6
7
-2
-2
0
-4
2
5
4
-2
-1
2
4
1
-2
0
-5
-7
-6
-4
1
5
4
3
-8
-6
-6
-8
3
1
9
5
-1
5
7
7
