-6
2
12
8
-2
-9
-14
-15
-1
6
1
16
26
19
7
-2
4
4
-1
-1
-4
-4
0
-7
-1
6
12
23
12
8
15
4
-6
0
1
-7
-17
-14
-10
-9
2
9
16
23
18
12
6
-2
5
13
3
-1
-4
-24
-18
-21
-15
-2
-2
12
0
-11
0
-4
-3
7
2
6
5
-13
-30
-27
-14
-8
3
11
10
14
16
2
-8
3
13
2
6
11
-3
1
3
-9
-10
3
8
-6
1
15
2
0
3
-9
-5
5
9
3
-3
-7
-9
-10
-6
7
15
18
19
10
7
4
7
11
14
19
10
14
4
0
12
0
-15
-20
-10
-7
-9
-2
-4
-8
2
2
-4
7
1
-5
2
7
16
9
3
-9
-11
-13
-20
-15
-6
4
-4
-4
-4
-11
-11
-7
-3
7
4
-8
-6
-7
-8
-15
-17
5
12
1
0
5
7
11
-7
-10
-12
-14
-6
-8
-3
2
0
2
16
9
-2
0
-2
7
-1
-5
6
0
5
2
-10
-6
-7
-9
-2
0
-2
-8
-9
0
-1
1
3
1
0
-2
-3
-2
3
-6
-3
5
2
19
16
-3
0
8
7
6
4
10
9
9
13
8
10
12
8
-2
1
12
12
7
2
3
7
3
3
8
4
-6
-7
-10
-10
-7
-2
-3
8
24
22
3
-8
-5
-6
-12
-7
-3
-4
3
-10
-15
0
5
15
10
5
16
8
1
3
-8
-8
-4
4
6
-4
-3
-5
-16
-11
4
10
6
-2
-1
-2
-5
-7
-14
-19
-10
-9
-23
-19
-14
-11
0
4
8
14
-3
0
1
-10
6
5
4
7
-7
-8
-3
1
18
14
5
11
-2
-6
3
-3
-1
8
7
0
-13
-13
-6
-7
-6
2
3
1
1
-10
-1
9
4
7
5
9
14
-8
-16
-15
-19
-14
-16
-14
-9
-6
-3
-8
-8
3
-1
-7
1
2
2
5
7
11
11
-1
-8
-11
-3
16
17
13
-1
-10
-16
-17
-10
-12
-17
-11
-6
-10
-10
-9
-9
-10
-5
0
4
3
11
17
13
12
16
23
15
14
17
21
19
20
22
18
18
10
9
8
6
8
4
0
3
-7
-12
-5
-3
5
5
1
13
8
-7
-2
-4
-5
-2
-2
-4
-7
-2
-10
-14
0
6
1
6
8
6
11
12
6
-2
2
-1
-2
-3
-15
-18
-13
-5
4
2
2
-4
0
6
1
6
-2
-6
6
10
5
3
0
1
3
5
7
1
6
6
-2
-8
-12
0
-1
-4
-6
-4
2
-5
-6
-13
-13
-4
-7
-14
-21
-19
-16
-14
-15
-11
-4
-6
-13
-14
-12
-2
4
3
-3
1
9
7
9
8
10
7
2
6
9
12
11
4
3
5
4
9
5
6
10
4
-1
-2
2
4
4
-4
-1
2
4
-2
-7
-4
-6
-1
-7
-6
-2
-1
7
9
8
7
6
4
4
5
9
6
-1
-1
3
2
-9
-18
-17
-8
-4
-14
-16
-11
-6
-6
-9
-9
-9
-4
-8
-15
-8
-2
0
1
4
9
16
15
6
-2
-2
-1
-4
2
5
6
-3
-1
3
2
9
9
3
8
15
10
1
-1
2
0
-4
0
2
-3
-12
-17
-11
-8
-7
-7
-5
-3
-1
1
0
-5
3
14
14
13
9
3
0
5
5
10
11
3
-6
-15
-15
-15
-12
-11
-8
-3
0
-7
-11
-11
-16
-15
-12
-12
-7
-5
-8
-8
-8
0
7
4
6
2
2
1
-1
7
10
7
9
12
16
18
12
9
9
7
6
6
10
13
7
1
0
1
4
7
4
0
0
-2
3
8
5
8
10
8
6
1
-2
1
3
2
-2
-2
-3
-8
-6
-3
-1
0
4
5
12
17
13
8
3
5
1
-4
-3
-2
-4
-8
-10
-8
4
8
3
1
4
4
6
0
-4
-4
-5
-7
-14
-16
-5
-4
2
4
2
6
10
10
8
6
0
0
-2
-6
-9
-11
-14
-15
-9
-10
-12
-11
-3
1
2
5
3
-1
-7
-9
-9
-6
-6
-9
-11
-15
-11
-4
-2
5
5
4
10
12
12
12
11
-1
-22
-23
-8
-5
-5
1
4
6
1
-4
-1
12
13
9
9
6
-1
-7
3
13
18
19
18
19
8
0
9
12
9
3
0
5
12
9
6
-1
-4
3
8
9
5
4
-4
-14
-10
-10
-8
-3
0
0
-2
5
3
-2
3
4
1
-3
-1
-5
-11
-5
1
3
2
2
-3
-12
-11
-2
3
-6
-5
-6
-18
-17
-14
-5
3
5
3
-5
-3
4
9
5
1
3
3
-5
-6
-2
-6
-7
-1
1
9
19
17
9
5
9
11
7
5
-5
-5
1
-3
-6
-14
-9
-2
-1
1
-1
0
-1
-1
0
-3
-1
2
-3
-11
-15
-12
-9
-9
-5
0
5
7
9
6
5
6
7
3
-1
4
1
-3
-6
-6
-3
-8
-15
-12
-6
-5
-1
-3
-7
-5
-2
4
1
4
1
-4
-1
3
3
-3
0
0
5
11
10
1
-8
-8
-7
-8
-5
-3
-1
0
-5
-11
-11
-5
-6
-3
0
1
3
-2
1
5
7
4
-2
-2
3
6
4
1
-2
0
0
0
5
5
6
7
7
5
2
2
2
3
2
7
10
6
0
-4
-10
-13
-12
-9
-8
-8
-3
-5
-2
4
1
4
5
3
1
0
0
-1
-3
-9
-12
-7
-2
2
3
-4
-3
2
2
-3
1
3
1
2
4
4
4
7
11
11
7
-2
-7
-5
-4
-2
3
0
1
5
2
1
4
4
5
6
4
1
0
1
-3
-2
-2
0
3
8
13
6
-1
-2
-9
-8
-2
4
1
-3
0
5
9
12
8
2
-3
-14
-17
-10
-1
2
-1
1
5
7
8
10
6
6
4
-5
-9
-12
-14
-8
-9
-8
1
0
3
0
-2
-2
-2
-3
-2
6
8
0
-9
-8
4
11
13
12
11
11
10
7
-1
-2
1
-1
-2
-2
2
3
1
-2
-3
0
-1
-3
3
2
-2
-5
-3
-3
0
2
-2
-1
2
3
5
7
8
8
11
13
8
2
0
-1
-3
-6
-7
-8
-6
-3
-4
-7
-11
-11
-9
-8
-8
-4
-2
-1
-4
-6
-9
-8
-8
-7
-8
-8
-3
-6
-3
-4
0
7
10
11
6
6
6
7
1
-4
-5
2
7
9
10
8
8
16
15
14
22
20
18
11
5
4
0
-3
-6
-9
-3
-1
-4
-4
-3
1
5
9
8
2
1
-5
-9
-12
-10
-8
-10
-4
-3
-2
0
-2
-1
1
4
2
-6
-9
-7
-4
-2
-6
-6
-3
0
-1
-2
-6
-6
0
0
1
3
4
4
2
3
6
10
11
10
1
-5
-1
2
5
14
14
2
-1
2
5
4
9
12
8
3
-5
-9
-7
-5
-4
-4
-7
-4
0
-1
-5
-6
-5
2
2
2
2
2
0
-2
-3
3
3
-8
-11
-10
-6
-4
-3
-1
0
4
0
-9
-14
-9
-8
-8
-6
-3
1
0
-11
-6
1
-7
2
6
1
0
1
-4
-6
-4
-7
0
9
11
6
4
1
0
-1
-1
7
8
2
0
4
4
2
-3
-10
-11
-9
-3
0
-3
0
1
4
7
8
10
8
3
1
3
6
4
4
7
7
6
8
12
14
15
13
7
8
5
-4
-14
-14
-18
-19
-19
-21
-16
-12
-7
-5
-4
-5
-5
-3
-3
0
0
-2
0
-2
-8
-3
4
3
-1
-1
1
1
0
-4
-5
-2
-1
0
0
2
1
-5
-5
0
-1
-1
-1
-4
-3
-3
-3
-2
2
5
3
3
0
0
4
3
1
0
-3
-1
-3
-7
-8
-6
-3
-2
-1
-4
-4
1
4
4
6
7
2
2
3
1
-1
2
7
6
5
5
6
3
5
7
5
4
3
6
4
4
5
6
8
5
3
2
1
-2
-3
-3
-4
-4
-12
-17
-14
-16
-11
-5
-1
2
0
-2
-6
-5
-4
-2
0
0
2
-2
-6
-1
-2
-4
-3
0
0
-5
-2
6
14
13
4
1
4
9
10
3
-2
1
6
4
-2
-2
-8
-10
-7
0
10
14
17
11
10
4
-4
-8
-8
-5
-4
-1
4
0
0
2
6
10
11
8
2
-7
-12
-11
-11
-2
3
2
1
6
6
7
8
13
11
4
0
0
1
2
0
-5
-11
-11
-6
0
3
0
2
0
-1
0
-1
-1
4
7
2
-2
-2
-8
-9
-6
-8
-6
-3
1
5
10
14
11
9
6
4
1
-3
-3
3
1
-2
2
1
-2
-4
0
4
6
6
6
6
11
11
9
11
14
15
2
-4
-5
-4
2
1
1
4
3
0
-4
-6
-6
-10
-11
-13
-16
-12
-12
-14
-12
-12
-10
-4
0
-3
-10
-17
-16
-14
-11
-7
-8
-13
-17
-7
-2
-1
7
2
3
12
9
4
1
1
-1
-4
-3
7
15
16
3
9
10
9
17
3
6
14
12
9
2
2
1
0
-1
-2
-8
-13
-12
4
17
15
13
6
2
2
4
2
5
5
-3
-14
-19
-17
-8
11
7
3
-5
-6
8
17
10
0
-9
-15
-10
-13
-19
-15
-9
-4
5
11
4
0
2
-7
-9
-6
-10
-14
-13
-6
-2
5
11
11
5
-1
-3
-4
4
6
-1
-12
-16
-9
-3
3
3
4
4
3
6
14
19
20
8
-4
-9
-1
15
9
1
-6
-20
-15
-7
-6
1
2
3
4
5
7
15
9
7
6
2
9
8
3
2
1
6
5
2
0
0
0
-1
2
8
10
6
0
-9
-13
-7
-1
-2
-8
-9
-8
-8
-1
4
9
7
3
-3
-5
6
8
7
7
3
-2
-6
-8
-1
-4
-5
-3
-3
3
2
-4
-2
-1
5
6
-6
-12
-10
-3
5
6
7
1
-5
-4
-2
3
3
2
-7
-10
-3
-7
-10
-1
2
-3
-6
-5
0
2
10
12
13
19
11
3
-3
-1
8
10
7
0
-3
-2
5
17
25
18
12
9
6
5
4
-5
-2
0
-7
-10
-8
2
8
13
7
-3
-1
-2
-2
2
1
-6
-9
-4
-5
-4
-3
-4
-4
3
-4
-8
-4
-1
4
4
-1
-6
-5
-5
-8
-13
-16
-13
-11
-15
-16
-10
-8
-8
-14
-27
-30
-22
-15
-1
1
-2
-4
-6
-9
3
7
-5
-9
-7
-5
-1
6
6
14
24
24
16
9
10
7
8
8
0
-3
0
-1
1
-1
0
0
-9
-13
-7
2
7
5
-11
-22
-16
-9
0
7
11
12
8
5
2
12
23
27
24
12
12
14
0
-5
2
-3
-7
-8
-9
-3
1
-3
-2
-1
-2
-4
-9
-8
-5
-10
-10
-5
4
-1
-8
0
6
10
14
20
21
12
2
-3
2
14
16
13
8
7
9
4
4
11
5
-6
-10
-8
-3
2
0
-3
-4
-7
-11
-10
-5
0
-1
-10
-14
-13
-12
-14
-14
-2
3
2
7
8
18
16
7
2
1
8
12
12
16
28
23
8
4
-1
1
10
12
4
4
6
-5
-11
-8
-5
-2
-6
-8
-5
0
4
2
1
-8
-5
-2
-6
-3
-1
-2
-2
-2
-5
-6
2
2
5
5
-5
0
-2
-6
-12
-20
-15
-9
-3
-2
-3
-2
2
5
7
6
-1
-6
-8
-13
-15
-15
-15
-11
-10
-17
-10
-6
-8
-2
5
7
4
-1
1
9
13
17
18
12
10
7
5
1
-5
-13
-15
-6
-5
-9
-7
-10
-13
-9
-5
-3
-4
-5
-6
-8
-12
-18
-10
2
-1
-5
-5
-5
-3
5
14
16
17
17
9
7
6
5
11
10
4
0
-4
-6
-6
-3
-1
4
7
3
1
1
1
2
0
-3
-2
-1
-1
5
2
-2
-2
-2
-4
-1
3
7
4
-3
-12
-13
-7
-7
-10
-4
4
3
1
-3
-3
4
5
3
3
0
0
-1
-5
0
2
0
-2
-3
-1
2
10
9
3
5
7
1
2
3
-3
-2
-2
4
10
13
17
18
11
3
6
8
7
9
-1
-3
-5
-3
1
-1
2
2
1
3
7
11
4
-2
-11
-18
-21
-16
-10
-4
10
13
2
-1
0
2
2
-7
-9
-9
-8
-7
-9
-4
1
1
-1
0
7
11
10
5
-2
-3
-5
-10
-7
-4
2
4
5
5
6
5
-8
-12
-10
-11
-8
-7
-9
-12
-3
2
-3
-7
-5
6
9
11
17
16
22
11
-1
2
3
9
8
6
3
5
6
-1
-5
-11
-18
-21
-19
-10
-5
-2
-2
1
7
0
-7
-15
-14
-7
-7
-6
-6
-2
1
2
7
12
15
13
5
3
7
6
5
11
10
8
3
-2
2
2
1
1
-2
-4
4
9
9
11
14
16
10
-3
-7
-2
5
10
6
3
2
1
-1
-7
-3
5
3
-5
-8
-8
-2
0
-5
-2
-3
-8
-7
-2
1
4
2
-5
-5
0
4
3
5
1
-5
-4
-4
-2
-2
-7
-3
4
3
10
16
16
17
11
8
10
9
5
-4
-3
-2
-5
-11
-13
-6
-4
-3
-3
-5
0
1
-7
-10
-2
3
0
-11
-9
-4
-7
-6
-5
2
3
-3
-2
2
8
8
2
-1
3
5
2
1
0
3
5
4
2
2
3
4
6
2
0
-3
-6
-6
-9
-15
-13
-7
-5
-3
-6
-5
-1
-3
-4
-6
-5
-7
-7
-9
-9
-12
-14
-18
-18
-15
-15
-11
-3
-3
-4
-2
-1
4
5
2
6
10
11
2
-6
-4
-6
-3
2
5
10
8
8
8
10
10
4
1
1
-3
-3
-3
1
5
8
10
11
12
5
3
7
8
3
0
-1
3
4
-4
-9
-2
1
1
4
6
3
4
5
2
-1
-8
-6
-5
0
6
12
15
14
11
5
0
2
5
9
11
9
5
4
3
1
2
-1
0
1
-2
-9
-13
-16
-20
-17
-13
-15
-13
-13
-9
-5
-5
-5
-5
-3
-3
0
9
10
10
10
7
3
6
8
10
10
13
15
12
13
12
9
6
5
6
1
1
1
2
4
-1
-7
-8
-3
-4
-5
-8
-8
-9
-4
5
10
10
7
4
6
9
5
4
5
6
12
11
5
7
9
4
-3
-8
-8
-4
-4
-6
-3
0
2
-3
-4
3
3
-4
-7
-9
-10
-19
-25
-20
-10
1
2
-2
0
3
6
7
2
0
-2
-7
-9
-12
-9
-3
-3
-8
-7
-2
-2
-2
-1
-5
-3
-5
-3
0
-1
2
2
1
2
2
2
3
5
8
10
11
13
14
12
8
1
-1
-3
-4
-5
3
5
1
0
-3
-8
-10
-7
0
7
6
-4
-10
-6
2
-1
0
5
2
-2
-6
-4
0
-4
-6
-7
-4
-1
1
3
1
2
8
12
9
1
-1
2
4
3
1
-7
-10
-11
-12
-8
-4
-2
0
0
2
-3
-9
-12
-12
-15
-20
-14
-11
-6
-2
-2
-2
-5
-2
-2
-1
3
4
-1
3
2
0
0
0
1
-1
1
7
7
11
11
8
3
-1
-2
-2
1
-2
-3
2
2
0
1
-2
-6
-5
-5
-6
-4
-2
-3
-5
-6
-5
-4
-1
-2
-4
-4
-7
-7
-8
-6
0
2
7
9
8
4
-1
-1
-3
5
10
6
8
3
1
4
7
10
11
11
11
7
8
6
2
3
-3
-2
2
3
9
12
9
3
4
0
-4
-4
0
4
1
-6
-7
-7
-6
2
10
9
11
10
5
6
10
10
9
9
6
0
-4
-8
-8
-5
-1
-8
-12
-4
-1
5
2
0
4
4
4
3
1
-5
-5
-3
-3
0
2
4
6
4
2
1
0
6
6
1
-3
-7
-9
-10
-10
-6
-8
-7
-5
-7
-2
-1
-1
-2
-4
-7
-8
-7
-2
2
7
12
15
16
13
9
5
3
2
-2
1
4
4
3
-1
-2
-3
-7
-5
-2
1
4
-2
-4
-3
-1
1
-2
-2
-3
-8
-8
-10
-6
3
3
3
6
5
6
4
2
4
3
4
4
5
6
5
8
5
-1
1
0
3
5
4
0
-3
-2
-8
-9
-2
2
0
-4
-6
-6
-4
-5
-7
-8
-5
-3
-1
-1
-3
-8
-15
-18
-16
-8
-3
-1
-5
-4
1
-1
1
7
6
2
-1
3
4
7
3
1
0
-2
-2
0
-1
-1
-4
-5
3
2
2
3
-1
-3
-3
-4
-1
-1
1
3
2
1
0
-1
2
6
10
11
10
7
5
5
3
8
11
8
4
-1
-3
0
2
3
5
5
5
3
-1
-2
-1
3
5
3
5
5
9
10
12
11
10
10
8
7
0
-9
-12
-9
-8
-7
-7
-10
-13
-13
-11
-10
-9
-4
1
0
-2
-3
-1
3
7
8
11
14
20
21
20
17
15
13
9
8
4
1
3
3
-1
-3
-2
-2
-4
-5
-8
-8
-6
-6
-9
-13
-16
-10
-6
-14
-22
-20
-14
-18
-20
-12
-10
-8
-4
0
-3
1
8
1
-6
-4
0
0
0
3
4
6
13
14
11
10
15
17
16
13
6
1
-3
0
3
0
-2
-6
-12
-10
-8
-10
-13
-8
10
3
-7
-7
-7
4
5
6
1
1
10
3
4
7
1
-1
0
0
12
8
-3
0
-4
0
-2
-1
8
2
1
-3
-12
-8
-9
-11
-16
-29
-14
-8
-11
-3
-16
-15
-9
-1
-5
-4
12
10
9
5
-1
-1
-4
-3
-5
-2
6
1
5
3
6
17
20
21
8
2
-1
-8
1
-5
-8
-10
-15
-6
-13
-3
4
2
20
15
9
3
-3
2
1
1
-7
-7
0
-1
7
6
7
16
12
14
10
1
1
3
2
-10
-8
-7
-6
4
7
5
6
5
2
6
1
-6
-9
-8
-2
5
2
-2
1
3
0
-2
2
-8
-11
-7
-4
-2
5
8
-3
-9
-3
-6
-5
-3
-5
-4
-6
2
-2
-3
6
7
4
4
12
1
-4
-1
-6
-6
-10
-6
-3
-7
-10
-10
-7
-3
-1
-1
3
4
10
14
4
-1
-8
-5
2
8
4
3
6
2
5
4
6
3
3
3
0
-2
-6
-5
-1
1
8
12
9
3
0
-2
-6
-4
-7
-3
6
6
9
3
0
0
-1
-7
-12
-6
0
5
-2
-1
2
0
5
6
-2
-6
-7
-4
-15
-9
3
2
13
16
14
8
3
6
5
2
3
3
4
-5
-2
1
-3
6
2
-1
-1
2
5
-4
-6
-3
-7
-5
-1
-1
-4
-5
-4
-7
-4
-4
-9
-11
-6
-4
2
4
2
-1
-2
6
10
6
3
-1
-2
-2
2
1
0
7
15
18
10
7
1
-2
-2
-1
1
1
5
0
6
-1
-3
3
2
4
-1
-5
-7
-2
1
2
5
3
-5
-7
2
4
4
2
-6
-8
-11
-10
-2
4
7
6
3
3
3
6
3
-6
-9
-3
-1
2
4
-7
-7
0
0
4
15
7
1
3
-9
-11
-3
-6
-7
-4
-5
-9
-8
-7
-15
-9
-6
-12
-18
-17
-16
-11
-2
0
6
13
10
8
13
6
5
0
-8
-7
-2
0
-5
-3
-2
-1
2
4
7
8
4
5
6
7
4
0
2
1
-5
10
11
7
6
-3
-3
-3
1
-1
-1
3
0
5
11
12
6
2
-3
-5
5
10
9
11
10
3
5
-2
-8
0
2
3
2
2
-1
-2
-1
5
16
18
13
3
-5
-4
-5
-1
-1
-2
-3
-4
-7
-3
3
2
2
-1
-5
-4
-6
-4
-6
-6
8
3
-2
-2
-7
-7
-4
8
5
3
8
7
7
-3
-5
-10
-11
-5
-4
0
-1
0
3
-8
-7
5
6
-2
-5
-4
-12
-16
-11
-13
-18
-12
-12
-9
0
3
-5
-3
9
9
8
6
10
11
6
5
-3
-10
-12
-10
-8
0
3
2
3
2
7
8
6
5
5
3
-6
-10
-9
-7
-4
-7
-6
4
4
0
0
-1
0
2
2
-1
0
8
11
11
4
7
18
13
10
16
12
14
13
10
7
4
5
4
0
-2
-3
-9
-9
-8
-12
-8
-3
1
-4
-9
-8
-16
-18
-13
-10
-8
-3
5
1
-4
-3
-9
-7
4
10
8
9
11
8
5
5
7
7
10
9
1
1
6
-1
-3
-2
-1
-4
-1
9
6
12
12
7
5
-6
-6
-3
-1
6
0
4
-1
-8
-4
-3
1
0
4
1
-6
-2
5
15
13
6
2
-1
-7
-2
5
5
4
-5
-11
-12
-12
-13
-18
-14
-5
1
4
-3
-4
2
-7
-4
-1
-7
-6
-10
-11
-12
-15
-15
-21
-16
-5
-1
4
3
2
-5
-7
1
11
16
20
16
8
3
2
0
4
12
11
11
5
5
3
-9
-6
0
2
10
11
4
3
4
-3
-8
-7
-6
-11
-10
-9
-12
-11
-10
-2
5
9
7
4
3
1
-3
-12
-13
-6
-3
6
9
5
5
4
5
3
0
2
3
3
7
6
-1
-5
-3
-7
-4
-2
-5
-9
-15
-14
-21
-13
1
-2
-4
-6
-4
-1
3
8
6
9
5
1
2
-3
5
9
5
6
10
12
13
13
11
10
11
5
4
5
2
3
-2
-3
-2
-2
0
2
0
-5
-2
-4
-6
-1
-1
-5
-6
-7
-6
-8
-7
-3
-1
4
4
5
-2
-1
-1
-3
0
2
2
1
4
6
2
2
0
-6
-8
-10
-7
-8
-7
-2
-5
0
6
-1
-2
-5
-7
-6
-4
-3
-6
-1
-7
-9
-3
-2
0
1
2
4
1
7
6
4
6
7
9
8
7
8
6
5
1
1
2
6
7
0
0
-5
-8
-4
-1
0
-5
-3
0
-3
-8
-12
-12
-7
-2
-4
-3
-2
1
2
1
1
5
7
2
-5
-4
-6
-6
1
2
-1
0
3
2
2
3
-3
-10
-8
-6
-4
1
-3
-1
0
1
4
8
6
3
7
8
5
3
-1
0
2
3
2
3
9
11
10
7
2
0
-1
-3
0
2
5
6
2
3
2
2
1
-2
-4
-9
-10
-3
0
-1
2
4
1
3
1
-3
-1
5
2
-3
1
-1
-1
1
1
2
1
7
8
5
4
5
6
3
1
-1
-2
-3
-3
3
6
7
10
8
5
9
10
5
7
8
1
-2
-1
-4
-3
2
11
13
9
7
5
2
-2
-10
-14
-9
-7
-8
-9
-9
-7
-7
-6
-4
3
5
0
-1
-8
-11
-9
-8
-10
-8
-2
-1
-1
2
3
8
11
12
14
12
10
7
3
1
-2
-1
1
-8
-10
-5
-4
-1
-2
-1
-1
1
4
1
2
2
1
-1
-10
-12
-15
-20
-17
-14
-10
-7
-7
-8
-7
-7
-3
1
1
5
1
-9
-6
2
3
4
7
7
10
10
11
9
4
3
0
-1
5
4
1
5
7
6
8
6
3
2
4
4
0
5
3
-5
-3
-1
-3
-5
-3
3
5
5
5
3
4
3
-4
-1
-1
-4
2
1
-3
-3
-3
-4
-4
0
0
-3
-4
-2
-3
-1
2
3
-3
-2
3
3
1
3
4
-2
-3
-6
-12
-14
-15
-15
-12
-7
-2
0
-1
0
-1
-4
-5
-2
-4
-1
7
9
10
7
4
0
0
3
-1
-1
0
-7
-12
-13
-12
-9
-3
5
8
9
12
10
12
13
8
4
-1
-4
-8
-7
-6
-9
-7
-2
1
3
1
5
7
4
1
0
2
3
2
4
9
12
11
5
3
-2
-5
-3
2
7
11
10
6
1
-1
-3
-7
-8
-3
-2
-3
-1
-2
-2
-2
2
-3
-5
-4
-12
-12
-14
-13
-3
3
12
14
10
9
10
7
7
9
8
5
3
5
2
3
4
3
0
-1
-2
-6
-11
-14
-13
-11
-10
-9
-2
1
0
-2
-8
-9
-8
-7
-9
-9
-9
-8
-7
-7
-5
0
-4
-17
-17
-2
10
12
9
9
17
18
14
17
19
20
8
-4
6
2
-6
-3
-2
-12
-2
-2
-12
0
2
-7
0
8
5
3
0
-9
-10
-1
-1
-3
0
-1
-2
-1
5
3
4
3
-2
1
3
3
2
2
6
5
-2
3
0
-9
-8
-4
-2
0
1
0
-3
-1
1
1
-1
0
-7
-11
-7
-3
1
1
0
0
-4
-6
-6
-4
1
1
-3
0
0
0
-1
-1
-2
-1
6
1
-1
-1
0
3
0
0
-2
-1
6
6
6
5
5
3
5
9
1
-1
1
2
6
9
6
7
4
5
1
-3
-1
-1
1
-1
-5
-6
-8
-8
-7
-2
2
8
12
9
10
10
4
3
2
0
4
10
4
3
7
2
5
2
2
6
6
12
6
4
2
4
0
-6
-4
-5
-10
-13
-20
-6
-7
-11
18
-12
7
4
-28
17
-15
-1
-7
-7
5
-11
16
-19
7
0
-13
20
-9
13
6
-4
8
-12
-1
3
-8
4
-2
-1
4
-8
-1
-5
-9
-6
-10
-8
-13
-11
-12
-12
-7
-15
-2
2
-3
3
-2
0
0
-4
-1
-4
5
9
9
10
7
9
11
12
10
8
6
1
2
4
5
9
10
11
12
2
-2
-2
-2
-4
-11
-6
-2
-6
2
5
6
5
3
3
-4
-8
-3
-5
-1
2
2
3
9
7
4
7
0
-7
-5
-5
-3
1
1
5
5
10
9
4
-2
-5
1
1
-1
-1
0
-3
-5
-3
-1
-5
-2
-6
-6
-2
-5
-2
-4
-3
0
-1
0
-2
-3
-1
-6
-9
-8
-7
-5
-1
4
-4
-8
-8
-5
0
-2
-5
-6
-7
-8
-9
-9
-6
-2
-5
0
-1
-7
-10
-12
-4
-6
-7
-4
-5
-3
-3
-1
0
1
3
-3
-3
-6
-7
-6
-5
-5
-4
-3
-6
0
4
3
6
10
12
12
20
18
13
3
-3
-4
-6
-2
3
4
10
16
11
19
22
16
19
14
13
7
-2
-4
-9
-7
-1
4
5
6
5
4
4
3
2
-2
-5
-8
-12
-8
-5
-6
-1
1
1
2
3
4
0
1
-3
-4
-2
1
4
5
6
16
18
16
20
15
13
9
4
1
-4
0
-2
-2
-4
-8
-4
2
0
1
0
-1
-3
-9
-11
-17
-16
-12
-11
-7
-3
2
7
13
10
7
10
6
5
3
-3
-5
-6
-8
-4
-2
-3
-1
-1
0
-3
3
3
-2
-1
-2
-3
0
-1
-5
-8
-8
-3
-2
0
3
5
4
5
10
11
9
11
12
4
0
-2
-3
-4
-2
1
4
7
8
3
-6
-4
-5
-10
-11
-11
-11
-3
1
-3
-6
-9
-3
0
0
-3
-6
-1
2
6
7
4
8
5
0
1
4
4
-1
-10
-13
-12
-11
-8
-3
5
9
9
10
9
3
0
-9
-17
-16
-10
-3
2
7
9
10
10
7
6
3
3
4
-4
-1
-2
-6
4
6
6
12
12
5
3
2
3
1
-1
-7
-6
-7
-5
0
0
2
4
9
8
6
2
-6
-11
-13
-9
-10
-7
-7
-8
-9
-12
-11
-8
-8
-9
-10
-7
-3
-10
-6
-5
-7
-3
-2
2
3
5
-1
-6
-4
-8
-10
-6
-3
3
5
2
-1
-1
-2
1
1
2
7
5
2
3
3
0
4
7
6
9
8
3
3
4
3
-2
-2
1
2
3
0
-1
-4
-4
-1
-1
1
1
-1
-6
-8
-7
-3
0
-3
-3
-2
-4
-10
-12
-10
-4
7
9
11
12
16
19
13
7
4
5
5
9
15
12
15
8
2
9
5
4
2
-1
-3
0
1
-4
-2
-8
-7
-4
-5
-5
-9
-9
-10
-3
1
2
4
3
5
3
-1
1
7
12
8
7
7
7
10
7
6
3
3
4
3
3
-1
0
-6
-6
-3
-4
-3
-2
-1
-1
-6
-7
-9
-11
-13
-13
-7
-8
-4
1
4
11
9
16
13
8
9
10
6
5
4
1
7
7
8
8
9
4
-1
-5
-6
-1
-3
-1
0
0
-4
-6
-2
-2
-4
-8
-15
-20
-25
-23
-19
-22
-18
-9
-2
2
11
12
8
8
8
7
9
10
13
12
5
6
5
5
8
6
7
8
2
4
5
3
-1
-4
-1
3
3
-5
-9
-7
-4
0
-1
-2
-3
-6
1
5
2
3
1
-2
-5
-1
-1
-5
-3
2
2
3
7
5
2
4
0
-4
-3
-3
-3
-6
-10
-5
-1
4
-1
-3
-2
-4
-6
-10
-9
-8
-10
-5
-1
-1
2
2
1
1
0
-5
-3
2
8
3
-1
-3
-10
-10
-8
-3
3
6
5
1
-3
-3
-7
-12
-16
-18
-14
-10
-4
0
-3
-8
-15
-13
-6
-3
2
6
1
-1
-2
-1
2
8
13
9
5
4
7
11
11
8
1
1
3
4
1
-1
-1
1
-2
-2
-2
-1
-4
-6
-8
-4
2
4
4
1
3
6
4
2
5
8
8
7
6
6
4
7
9
7
3
4
4
-4
-6
-6
-8
-5
-2
-4
-2
-1
0
0
5
4
7
8
2
-1
-6
-7
-11
-12
-4
1
1
1
2
3
8
8
7
5
0
-6
-10
-9
-8
-6
-5
-10
-6
-1
1
6
11
9
4
-1
-2
-4
-1
-3
-6
1
-3
-3
-3
-4
-3
-2
3
5
3
-1
-3
0
-1
-1
4
8
8
6
2
1
4
3
3
5
7
6
3
2
0
1
8
9
5
9
9
4
10
10
9
8
4
2
2
3
-2
-9
-13
-9
-5
-5
0
5
6
3
-2
-7
-5
-5
3
3
-1
-1
-8
-7
1
6
4
5
8
10
6
3
-1
-2
-3
-1
2
0
2
1
1
7
11
15
14
7
-4
-14
-15
-13
-10
-10
-12
-8
-5
-8
-6
-4
-3
-2
-3
-1
-4
-5
-8
-12
-10
-6
4
11
18
14
5
-1
-2
7
12
15
14
9
6
3
-1
0
3
5
0
-3
-5
-4
-5
-5
-6
-6
-2
-2
-1
0
4
2
-1
0
2
5
6
9
3
1
5
5
8
7
0
-2
-2
1
1
-8
-8
-9
-9
-8
-10
-13
-12
-13
-9
-2
1
3
2
-2
-3
-1
-4
-5
-6
-4
-3
-5
-9
-14
-14
-14
-9
-8
-7
-9
-12
-12
-12
-9
-12
-13
-12
-8
-6
0
3
9
11
8
7
6
6
0
1
-5
-7
-10
-10
-9
-6
-1
0
2
3
2
4
7
5
6
12
15
14
4
0
0
-2
-3
1
6
10
9
9
12
7
8
12
14
12
12
15
14
12
10
10
9
9
10
6
7
4
-1
-2
-1
-2
1
3
3
7
3
-6
-8
-4
6
6
5
1
-1
-2
-4
-3
-2
1
4
-1
-3
-3
-8
-12
-12
-14
-15
-13
-9
-9
-7
-5
-3
-1
-2
-5
-6
-7
-7
-10
-8
-2
-3
-4
-8
-12
-10
-11
-7
-4
2
5
5
0
-1
2
5
9
13
15
14
16
10
6
11
14
15
11
3
-1
-1
3
3
7
10
9
8
3
-3
-2
4
11
12
9
3
1
1
6
7
2
0
-2
-2
0
-4
-8
-8
-6
-5
-9
-7
-3
0
-3
-6
-5
-7
-9
-8
-7
-4
-1
-1
0
-3
-3
0
0
3
5
3
8
1
-1
0
2
8
10
5
-6
-12
-6
-6
-9
-11
-13
-10
-9
-9
-2
7
12
5
-1
6
8
3
-2
1
0
-8
-11
-8
-2
0
1
1
1
5
6
8
7
9
9
2
-1
-2
6
6
9
10
4
-3
-12
-14
-15
-9
-7
-7
-9
-12
-10
-3
1
4
5
1
1
0
0
5
10
10
9
5
0
-2
-2
-3
-4
-4
-3
-2
1
1
1
0
2
7
8
5
2
1
1
0
-2
-9
-8
-5
-8
-11
-11
-13
-13
-9
-7
-7
-3
3
6
3
6
4
3
3
-4
-6
-6
-5
3
7
11
10
4
-1
-7
-4
3
9
7
2
-3
-7
-5
-7
-8
-7
-3
1
1
1
5
8
6
1
-1
0
2
2
5
5
4
2
-4
0
4
3
1
3
-1
-12
-16
-14
-6
-2
-1
1
2
11
10
-2
-4
2
4
3
1
-1
-4
-4
0
2
-1
-3
-6
-6
0
4
4
7
9
6
2
0
-5
-11
-11
-11
-2
5
6
10
10
8
3
-1
-2
-2
1
8
5
-1
1
-4
-7
-5
-2
4
7
6
1
-6
-5
0
1
7
9
5
-7
-9
-2
4
8
9
5
3
1
0
1
0
-2
-8
-14
-17
-14
-11
-7
-2
2
8
15
24
24
18
9
0
-10
-12
-4
2
7
5
0
-1
1
4
6
3
-4
-7
-7
-7
-2
-1
-1
-2
1
1
-1
-2
-5
-5
0
2
0
3
3
-3
-5
-6
-5
-1
-1
-1
-6
-5
-2
-3
3
5
3
4
2
4
0
-2
-1
1
6
8
8
2
0
0
-1
-2
2
5
-1
-6
-11
-15
-19
-19
-10
-1
3
5
2
-2
0
5
5
5
11
9
-1
-2
-2
0
4
4
9
6
-3
-7
-11
-8
1
6
7
9
11
9
7
6
5
1
-3
-7
-2
-6
-9
-4
-4
-4
-2
-1
1
4
7
4
1
-3
-5
-7
-4
-1
2
3
1
3
1
1
2
-2
3
4
-3
-7
-14
-16
-13
-12
-8
-3
-1
-4
-3
4
8
7
8
9
6
2
-7
-13
-12
-8
2
5
6
6
8
4
2
8
12
16
13
8
3
1
6
7
0
4
3
0
-2
0
4
7
6
-2
-7
-1
-5
-11
-8
-3
0
0
-5
-4
1
5
8
14
17
11
6
-5
-8
-5
0
7
4
6
13
9
3
-4
-6
-7
-7
-5
-2
-7
-17
-25
-24
-20
-19
-3
5
5
7
8
10
8
3
-8
-7
-1
2
2
-1
3
7
11
10
7
4
7
7
3
4
7
7
4
3
11
17
17
8
-4
-8
-6
-7
-8
-10
-6
-1
-1
1
3
3
1
5
11
8
1
-3
-5
-13
-17
-15
-13
-5
-1
0
-2
-6
-7
-8
-7
-5
-5
-2
-4
-6
-13
-15
-5
4
4
2
1
7
8
3
5
4
6
7
8
4
-1
-6
-12
-14
-8
4
6
0
1
2
-2
2
8
7
6
1
-4
-8
-10
-6
-5
-11
-11
-8
-3
-2
1
6
10
12
9
6
5
9
10
14
14
9
3
0
3
6
5
8
12
9
6
7
8
8
6
8
9
5
7
7
3
1
1
2
1
7
7
1
-3
-8
-9
-7
-2
-3
-1
7
10
13
8
-1
-7
-5
0
5
8
11
11
2
-6
-15
-17
-14
-9
-2
-5
-6
-9
-12
-10
-11
-7
-2
-3
-10
-16
-17
-12
-8
-8
-6
-2
-1
-5
-4
4
6
9
10
5
1
2
3
3
1
0
-8
-13
-12
-7
-3
0
4
4
0
0
4
9
10
10
7
1
-2
-5
-9
-11
-8
-9
-9
-6
-6
-3
-5
-3
-6
-8
-4
3
10
9
4
0
1
-4
-3
3
4
1
-3
-6
-12
-12
-5
5
9
9
9
10
7
4
-1
1
7
10
6
3
-1
-1
-7
-8
-8
-5
-4
-6
-6
-2
3
10
11
5
2
-1
-1
2
5
8
11
7
1
-2
-2
6
9
10
8
7
5
0
-6
-7
-7
-8
-9
-7
-2
6
7
2
7
8
-2
-7
-6
-6
-5
-7
-9
-8
-6
0
4
10
14
9
3
-3
-4
-12
-18
-10
-4
-5
-6
-4
1
2
2
9
9
9
11
9
1
-8
-5
-6
-7
-3
5
6
4
6
-1
-1
5
13
10
4
7
6
0
-3
1
-1
2
3
-5
-5
2
2
-1
-6
-4
-2
0
2
2
3
3
4
7
10
15
13
8
8
7
3
2
5
5
4
3
4
7
5
-2
-6
0
1
-2
1
-2
0
-5
-9
-8
-10
-8
-8
-8
-2
-6
-12
-15
-14
-10
-8
-3
0
0
-2
-5
-3
5
7
5
6
2
-1
-3
-1
-2
1
1
-2
2
9
9
4
1
1
2
3
2
4
6
6
0
-5
-7
-8
-5
-8
-13
-16
-15
-10
-4
0
2
7
4
5
4
7
11
7
-2
-4
-2
-6
-3
-4
-5
-6
-6
2
1
-1
-2
-2
-2
-1
3
3
2
-1
-2
-1
-1
-2
-4
-5
2
5
7
5
4
9
12
16
20
18
14
5
-2
-7
-9
-6
-2
-1
1
5
1
-4
-8
-10
-9
-7
-3
-5
-4
-5
-6
-5
-5
-1
2
2
1
-1
0
5
6
5
6
6
2
1
3
1
-2
-1
0
1
1
1
8
7
2
3
-1
-8
-8
-5
-4
-4
0
-2
-4
-4
1
6
6
4
4
1
1
-2
-8
-5
-2
-2
2
8
13
16
12
5
6
5
4
4
-1
-4
-12
-18
-17
-19
-21
-16
-6
0
1
5
5
7
12
8
0
-2
-2
-3
-5
-5
-4
-2
1
-1
1
6
4
2
0
-2
-4
-11
-11
-10
-7
-4
-4
-7
-7
-9
-10
-8
-4
-4
-3
0
0
-2
-3
-2
2
5
8
9
5
3
2
-6
-9
-4
1
0
-6
-5
4
4
-1
0
3
-2
-5
-5
-2
0
2
3
-2
-3
5
14
19
18
15
15
15
6
-3
0
2
1
-1
-2
3
6
8
5
3
-1
0
6
10
5
-1
-1
-1
-1
-3
-1
0
1
4
1
2
1
-4
-5
-5
-1
-4
-6
-8
-8
-6
-7
0
-2
-5
-3
0
1
-2
-2
-1
-2
-6
-8
-8
-8
-1
-2
-1
3
10
10
7
6
4
3
2
3
0
0
0
-1
-1
0
0
1
4
3
2
-1
-1
1
-2
-5
-5
-5
-9
-3
0
-2
-1
0
0
0
1
7
10
10
9
6
9
6
1
0
3
4
4
1
-3
0
4
5
6
4
-8
-14
8
20
6
-12
-19
-7
-3
0
4
-7
-11
-12
-7
0
2
-3
-16
-16
-3
8
-4
-14
-11
-9
-7
-9
1
13
5
6
2
-2
-2
-1
4
-3
-6
-1
2
7
0
-6
4
12
8
3
9
8
11
0
-8
-1
3
2
-5
-9
-10
-12
-7
2
-1
-5
8
11
10
4
-4
-6
-1
2
2
0
-6
-9
-10
-1
6
7
18
16
13
11
13
14
16
9
-8
-9
0
2
9
9
5
6
3
-2
4
10
9
9
10
4
-1
-7
-11
-5
-1
6
8
7
0
3
5
-1
-7
-10
-11
-8
-2
-11
-6
2
-3
-11
-13
-3
-3
0
-1
-9
-2
7
1
-8
-9
-6
-4
-7
-9
-4
-2
7
10
11
6
3
0
-4
7
5
0
-11
-21
-11
-3
-3
-4
-6
-9
-5
3
9
4
-7
-8
-16
-16
-1
-1
-3
-4
-7
-4
6
16
16
12
3
-1
-6
-8
2
5
3
6
7
11
14
14
17
10
0
-4
-1
0
-2
-11
-16
-14
-2
9
11
5
-2
-5
-6
-4
-2
7
8
1
-3
-1
0
2
8
4
2
3
0
-1
-2
-4
-8
-6
-6
-15
-9
-4
0
5
0
2
2
-2
-6
-5
3
3
-5
-9
-11
-4
2
-5
-6
1
-1
2
3
5
-1
-1
6
5
1
-8
-8
-1
3
2
-1
-1
2
2
-1
2
-1
-6
-9
-5
-3
3
6
6
2
-2
2
5
12
12
19
17
11
13
8
10
12
11
7
3
2
-1
-1
-2
1
0
-2
-1
2
5
7
5
-2
-3
-9
-13
-9
0
0
0
4
8
8
-3
-7
-4
3
4
-3
1
2
2
4
5
6
3
4
1
0
-1
-11
-16
-9
-8
-9
-4
-12
-16
-7
0
6
8
3
1
3
0
5
8
6
0
-8
-9
-6
-1
-2
-6
-4
7
3
-6
1
-2
-2
-2
-10
-11
-3
-3
-14
-15
-11
-7
-5
-5
-7
0
11
18
12
9
11
10
8
-1
-1
3
2
1
5
12
12
8
7
4
1
0
0
0
0
0
-4
-7
-5
-6
0
-4
-9
7
11
6
9
10
3
1
-6
-8
-3
-4
-3
-3
-3
-4
-2
-1
3
11
7
2
-3
-9
-10
-8
-3
-6
-8
-12
-9
4
10
8
4
-3
-9
-10
-4
2
4
7
1
0
-1
-4
4
7
0
-9
-14
-11
-6
-2
-1
6
6
2
1
2
3
-4
-4
-6
-9
-7
-10
-8
-4
3
14
12
17
23
14
11
11
6
0
0
1
2
8
8
7
10
3
4
8
0
7
12
8
-2
-7
-10
-15
-7
-5
-12
-16
-7
-4
-13
-14
-8
0
-9
-11
-18
-19
-11
-10
-4
-1
-1
3
6
9
15
13
11
4
1
1
7
19
25
28
18
3
-1
-1
1
3
2
0
-5
-8
-16
-16
-1
9
8
8
6
0
-2
-3
-9
-5
3
1
-5
-6
-1
5
3
-4
-8
-14
-13
1
9
16
6
-3
-4
-2
0
6
2
-4
-3
-6
-11
-11
-6
-5
2
10
14
10
7
0
1
9
8
5
-3
-6
-4
-6
-11
-11
-7
-5
-4
1
0
-2
2
-1
-8
-7
-4
-2
-1
0
-4
-8
-6
1
12
15
15
13
4
-1
-5
-8
-5
-3
-4
-6
-3
-2
0
5
3
5
5
3
2
-3
0
6
10
9
3
-2
1
9
9
8
7
-1
-7
-9
-2
8
12
5
-1
-4
-4
-5
-3
-2
-1
0
-4
-2
1
7
6
-3
-6
-6
-6
-2
2
-1
-7
-6
-5
1
11
8
8
10
12
6
1
0
-1
-2
-9
-8
-2
-3
-8
-8
-4
2
4
0
2
7
8
4
-2
-5
-9
-11
-14
-6
-1
-1
2
-5
-4
-3
-2
3
2
-3
-10
-14
-15
-16
-14
-2
3
8
6
-2
-3
0
-1
-2
0
6
8
7
2
-4
-4
-3
0
6
4
2
1
-1
2
1
-1
-6
-7
-7
-9
-4
-2
-3
0
2
-3
1
5
6
5
-1
0
1
6
10
11
15
10
6
8
4
5
11
13
6
-3
-4
-1
5
8
2
-4
-4
-4
-5
-3
-3
2
0
-8
-14
-9
-3
-4
-4
-5
-3
-1
-1
3
5
3
0
-6
-3
3
2
-1
1
1
0
-1
-1
5
10
10
4
-1
-8
-6
-3
0
6
10
10
9
8
8
6
2
3
-3
-5
-3
-3
-5
-4
-2
-2
-1
-6
-8
-6
-4
-6
-6
0
-3
0
2
3
4
2
3
2
-2
0
1
0
-1
1
3
1
5
1
-4
-4
-4
-4
-1
3
-1
-1
2
3
4
0
-4
-4
-5
-5
-4
-4
-2
0
0
-2
-4
3
9
6
5
4
5
4
3
7
7
4
2
-2
-6
-7
-2
2
1
1
-2
-4
3
7
9
4
-3
-2
-2
0
2
0
1
-3
-6
-7
-3
-3
-1
4
5
3
-1
-1
0
-3
1
1
0
1
2
0
2
6
6
4
2
3
8
8
4
5
5
3
3
-1
0
1
5
8
4
4
1
-1
-6
-10
-10
-6
-1
1
-2
-2
-1
-2
0
1
-3
-6
-5
-7
-7
-1
2
-2
-2
0
0
-1
-5
-4
-4
-5
-5
-5
2
2
1
-1
-2
-1
4
7
-1
-6
-10
-12
-5
3
4
10
10
4
-2
-3
-1
3
2
1
2
0
4
6
6
6
0
-3
-11
-13
-12
-6
-5
-7
-5
-5
0
3
5
10
10
1
-3
-5
-4
-6
-3
0
3
8
9
10
10
9
4
-2
-4
-6
-2
-1
-1
3
4
0
-1
0
-1
-2
2
3
2
-3
-7
-10
-8
-6
-1
1
5
4
-1
0
-1
-1
3
1
1
2
1
1
2
1
4
5
2
3
0
0
4
4
2
-4
-2
-2
-3
2
-6
-9
-5
-2
0
-1
-3
-4
-6
-4
-3
-3
-1
-3
-1
-2
-4
-4
0
2
1
2
2
3
5
7
3
-1
-2
-1
3
6
6
3
0
-5
-7
-8
-5
-2
-2
-4
-3
1
4
11
11
7
2
2
-1
0
5
7
7
6
8
9
7
6
5
5
5
6
7
5
5
5
3
5
3
0
-2
-4
-7
-8
0
2
-1
-5
-10
-6
-1
-2
-1
-2
-1
-1
2
5
7
3
2
2
0
-2
3
5
-3
-1
3
0
-4
-5
-6
-3
1
0
1
-1
1
1
-4
1
-2
-8
-5
-7
-7
-7
-7
-5
-6
-6
-4
2
3
6
5
0
-3
-4
-4
-2
4
2
1
2
-1
2
1
-7
-5
-2
-2
-4
-5
-7
-11
-7
-7
-2
3
4
3
1
2
4
2
0
-6
-8
-10
-14
-11
-5
-1
3
5
0
0
2
3
5
8
6
3
-1
-3
-7
-5
1
0
-2
-4
-5
-4
-1
2
3
3
3
3
2
3
1
-1
2
6
12
12
9
5
3
1
-2
-6
-3
4
4
8
10
10
10
9
8
7
9
10
6
6
4
5
10
10
10
4
6
5
3
4
0
3
5
0
-5
-7
-3
-3
-3
-3
0
0
0
0
-1
-1
-2
-1
-3
-4
0
1
-4
-8
-15
-16
-13
-9
-7
-5
-6
-7
-8
-7
-7
-1
-1
-6
-9
-9
-6
-4
-1
1
6
7
6
2
-1
0
1
5
1
0
1
-2
-5
-9
-8
-4
-2
-5
-5
1
6
2
1
5
10
8
5
6
6
4
2
2
4
7
5
3
-2
-4
-4
-2
4
6
6
1
-6
-10
-10
-12
-10
-5
-1
-3
-2
-2
-4
1
3
2
1
1
0
-3
-2
-5
-7
-7
-4
-3
1
5
3
-1
-3
-3
-6
-6
-7
-6
-2
-7
-15
-13
0
9
13
10
8
8
3
4
6
6
6
7
8
7
5
1
4
4
7
11
11
13
12
14
11
7
8
2
-4
-7
-10
-6
-5
-2
0
1
5
6
4
1
6
5
2
-1
-1
-3
-5
-2
-2
-5
-6
-6
-2
1
-1
-4
-7
-9
-11
-14
-12
-9
-9
-9
-5
-2
-1
5
9
3
2
-1
-5
-3
4
8
8
6
6
3
3
4
3
10
10
10
6
5
5
-5
-10
-3
-1
-1
1
0
2
5
1
-3
-6
-5
1
4
6
9
8
5
5
9
8
5
5
3
0
2
5
1
-1
0
-3
-6
-8
-10
-9
-4
-5
-5
-5
-6
-6
-2
1
3
4
3
-2
-4
-7
-9
-10
-9
-5
-4
-3
2
3
4
5
-1
-2
-2
-6
-5
-2
-5
-5
-7
-9
-5
-2
2
6
7
6
1
-6
-6
-4
-3
0
-2
-3
-2
4
11
14
14
11
7
7
6
8
5
3
0
-4
-5
-3
4
9
10
8
7
1
-3
-5
-8
-7
-7
-5
-1
-3
-3
0
-1
-5
-1
2
0
-5
-10
-11
-8
-3
-5
-4
-5
-5
-5
-11
-6
-3
-2
-6
-14
-17
-15
-10
-2
-3
-5
0
2
6
8
6
3
-3
-6
-7
0
3
2
4
2
-1
2
4
2
0
-6
-6
0
1
1
-1
-3
-4
1
1
-5
-4
-1
2
6
8
6
7
2
-2
-2
-3
-3
1
7
11
13
8
3
2
1
7
8
2
0
-1
2
3
4
1
-1
1
-2
-3
3
6
6
3
-2
-10
-13
-9
-3
0
4
7
9
8
3
0
-4
-6
-8
-12
-9
-7
-3
-2
0
4
5
9
9
10
11
10
10
12
8
0
-5
-4
0
7
9
6
7
10
9
0
-2
1
6
7
-1
-9
-10
-7
-6
-3
2
8
8
5
1
3
6
4
0
0
6
2
2
5
10
16
13
12
5
-1
2
9
9
11
11
1
-6
-6
-7
-6
-3
-3
-6
-14
-12
-6
-8
-12
-16
-13
-10
-10
-5
-2
1
6
9
1
-7
-11
-13
-14
-10
3
10
4
2
-5
-11
-14
-15
-7
-2
0
4
1
6
12
7
2
-2
2
4
3
1
1
-1
0
4
-2
2
13
18
16
12
9
5
-2
-4
-4
-2
-3
-2
1
1
-2
-3
-2
-6
-2
6
2
4
9
6
2
-1
0
-2
-4
-3
-5
-5
-4
-2
0
-1
3
2
-1
-5
-10
-12
-11
-4
-2
-5
0
5
6
7
2
-2
-3
0
-3
-6
1
3
-1
-9
-8
-1
3
3
8
7
-2
-6
-7
-7
0
1
3
2
4
6
-4
-10
-8
1
6
8
9
7
5
1
-7
-8
-6
-2
-1
0
2
1
-4
-6
-3
-1
1
4
13
11
6
4
0
-3
4
12
8
3
-1
-3
-6
-7
-8
-10
-9
-8
-7
-9
-9
-3
3
3
7
7
1
-8
-9
-7
-10
-4
3
0
-2
6
7
-3
1
8
4
1
4
12
12
16
9
-3
-2
3
7
7
9
10
4
-3
-10
-10
-10
-9
-2
-4
-1
0
-2
-8
-8
1
1
1
4
3
3
-2
-7
-4
-2
2
3
-2
-9
-10
-7
-6
-1
4
4
2
0
-5
-11
-10
-9
-16
-16
-8
-9
-7
-8
-13
-12
-7
2
-1
-8
-6
0
-2
-7
2
5
6
6
3
-3
0
2
-4
-7
1
18
23
15
12
14
12
18
17
9
3
5
7
6
13
17
17
15
18
15
4
0
1
-1
-2
0
2
-2
-1
4
-1
-3
3
5
4
2
6
7
-2
-2
-4
-4
-5
-1
-3
-6
-2
-6
-6
-5
-3
2
2
6
10
5
5
7
0
-7
-14
-12
-10
-5
-2
2
12
14
4
-4
-7
1
5
5
6
3
1
-7
-18
-19
-16
-12
-5
-3
-2
-3
1
-2
-6
-6
-8
-6
-6
-7
-7
-2
1
-5
-5
-2
6
3
3
10
14
12
5
-1
-3
-3
-3
-7
-5
-1
-8
-7
-8
-5
1
5
7
5
4
-1
5
9
5
3
3
-2
-5
-6
-4
-1
2
6
4
4
5
6
0
-3
1
7
4
5
5
2
-6
-13
-5
-4
2
2
-6
-6
-6
-1
1
0
2
6
8
3
0
1
-4
-6
-5
-3
-2
0
1
-2
1
1
-7
-10
-10
-2
-1
-3
-6
-8
-6
-1
-1
-3
0
0
-2
-4
-7
-5
-4
-5
-5
-5
-4
-2
-5
-8
-6
1
6
7
10
8
9
7
4
8
12
10
2
-2
-1
-1
0
-1
-2
-1
5
12
9
8
5
-1
-8
-5
1
3
1
3
4
3
-4
-5
-3
-9
-2
3
-5
-7
-5
-3
-5
-6
-5
-2
4
4
7
9
5
10
8
8
9
6
0
0
1
-3
-4
0
2
3
4
8
2
-7
-7
-9
-3
3
1
4
9
7
1
0
3
7
12
11
6
7
7
1
-4
-8
-9
-8
-4
4
8
11
10
4
-4
-9
-14
-16
-11
-8
-5
-6
-4
-5
-4
-2
1
-1
-5
-5
-6
-3
0
-3
-1
-2
-2
-7
-8
-8
-8
-2
-5
-3
3
8
10
6
7
6
3
5
3
5
4
3
6
3
5
9
12
15
15
12
2
-4
-5
-3
-2
1
-1
-10
-6
-1
2
4
6
11
12
9
6
4
2
-6
-5
0
4
8
8
2
-7
-9
-9
-6
-4
-2
7
10
9
3
3
0
2
6
1
4
5
-1
-9
-11
-10
-11
-10
-7
-5
-10
-8
-10
-9
-8
-8
-4
0
4
2
-1
1
2
1
4
11
13
12
7
0
-3
-2
-2
-7
-8
-6
-3
-3
-2
-2
0
3
-2
-4
-3
-4
-6
-5
-5
-6
-8
-7
-4
-5
-1
2
1
2
1
3
4
6
3
2
7
6
0
6
9
2
3
3
-4
-5
3
2
0
1
0
-2
-5
-11
-12
-12
-14
-14
-10
0
-1
1
4
0
3
3
6
9
9
13
11
5
1
1
1
-4
0
6
7
9
5
0
-3
3
9
10
13
8
2
-1
-2
-1
1
13
18
11
4
-4
-4
-9
-14
-14
-13
-13
-10
-4
-8
-13
-11
-15
-10
-5
-5
-6
-11
-9
-6
-4
0
5
6
4
6
2
0
0
-5
-5
-2
-1
1
-1
-3
0
0
3
0
2
10
7
3
0
0
-1
-2
-2
-1
2
6
9
8
13
11
5
2
5
7
3
-2
-4
-6
-10
-11
-8
2
5
4
3
2
6
7
4
5
5
1
-6
-3
5
3
5
11
6
6
1
-2
-5
-5
-3
-4
-2
1
5
6
5
8
7
1
-4
-8
-10
-7
-7
-11
-13
-10
-5
-2
1
1
3
3
-1
3
5
5
5
1
-4
-3
-5
-1
2
4
3
3
5
9
12
8
5
5
2
2
-1
3
1
0
-3
-2
-4
-14
-15
-15
-16
-13
-11
-7
0
3
6
6
2
1
3
7
10
11
9
8
7
1
-2
-5
-1
-1
2
8
9
5
1
2
1
-2
-3
-6
-9
-9
-10
-10
-10
-5
-4
-2
-1
-2
0
4
5
13
19
15
6
0
-6
-8
-4
-6
-6
-6
-6
-2
3
-1
1
3
0
-4
-6
-1
3
5
3
3
5
7
4
1
1
-3
-3
1
-1
1
5
3
2
1
4
6
9
10
4
-4
-11
-12
-11
-14
-12
-3
1
5
3
0
1
1
0
-5
-9
-10
-8
-7
-3
0
1
5
2
-2
-3
-4
0
1
0
-6
-8
-11
-17
-14
-4
4
9
12
13
8
6
4
-3
-9
-9
-2
-1
0
3
4
2
-1
-3
-4
1
5
6
6
2
4
8
5
3
-2
-4
-1
8
7
7
13
12
6
7
4
3
-1
-2
-3
-2
-5
-10
-13
-13
-13
-14
-17
-18
-10
-2
2
3
10
10
4
2
-2
-2
4
-1
-3
0
3
2
-3
-3
4
7
9
12
17
17
12
8
0
-8
-9
-9
-7
-7
1
12
11
7
5
0
1
-2
-5
-6
-13
-14
-13
-14
-11
-5
-4
-1
6
5
3
6
7
5
2
4
1
0
3
3
2
2
2
0
-1
-2
1
-2
-2
2
1
5
9
8
4
-2
0
3
0
2
3
-4
-8
-10
-9
-3
2
10
13
8
10
11
9
2
-5
-9
-12
-13
-8
-5
-3
1
-3
-2
5
7
8
11
13
13
11
9
5
-2
-3
-5
-5
-1
0
3
3
2
-3
-6
-6
-4
-3
-4
-1
3
9
7
0
-5
-7
-7
-8
-4
-2
-7
-8
-8
-7
-5
-3
-3
-6
0
5
0
-1
4
2
-2
0
-2
-6
-4
-2
-7
-7
-4
-3
-3
-4
-5
-7
-6
-2
3
7
7
4
-2
1
-1
-4
-5
-6
-6
1
4
3
3
2
4
8
9
4
6
11
9
5
0
-3
-3
-1
-4
-4
1
0
-4
-3
1
2
3
-1
-6
-7
-3
-1
2
9
8
5
2
2
-2
2
6
6
5
6
5
1
1
1
0
-3
-8
-6
-4
-1
2
4
9
10
11
8
5
-1
0
-2
-5
-8
-8
-5
-2
0
-2
-3
-1
1
3
11
12
-2
-7
-7
-4
1
-1
0
0
1
2
-3
-2
4
5
8
12
7
5
6
1
-6
-6
-1
2
-1
-4
-7
-8
-4
-7
-10
-10
-11
-5
-2
2
7
14
15
15
11
5
6
5
1
-4
-7
-6
1
3
3
0
-2
-3
-5
-4
0
1
0
3
6
8
8
4
0
-2
-5
-11
-9
-8
-5
-2
-5
-3
-1
5
8
5
2
2
4
3
1
-2
-10
-13
-12
-10
-9
-6
-5
-2
2
5
5
3
8
7
6
7
7
1
-3
2
2
-3
-5
-5
-10
-10
-5
-7
-3
-1
3
2
-5
-5
-7
-7
-4
-2
-5
-9
-7
-6
-6
-5
-3
-1
-2
0
2
5
5
5
7
10
9
9
13
19
19
13
7
5
5
3
1
-1
-3
-2
-1
1
4
4
8
10
8
9
4
0
-5
-6
-5
-3
-7
-15
-20
-20
-16
-10
-3
3
8
11
11
9
6
3
-2
-5
-7
-6
0
1
6
6
1
0
-1
-2
-2
-2
-6
-4
-3
-1
0
-1
2
2
5
5
4
6
7
7
5
3
2
0
2
6
9
11
9
5
4
5
1
-2
0
-1
0
6
10
9
3
-4
-9
-10
-11
-10
-9
-11
-11
-9
-10
-6
-1
2
6
5
0
0
0
-5
-9
-4
3
8
9
6
5
3
3
0
1
2
-2
-3
-7
-8
-5
-8
-10
-9
-9
-6
-5
1
8
11
6
-1
0
1
0
-2
-1
1
0
-4
-3
-2
-4
-5
-8
-10
-11
-8
-6
-3
-3
-6
-7
-7
-3
3
7
7
5
-4
-8
-6
-4
-2
1
6
3
0
2
-1
2
5
6
5
5
3
-4
-6
-3
6
10
9
8
9
8
0
-4
-3
0
0
-3
-8
-6
-1
1
2
3
4
2
-1
-3
-3
-2
-6
-11
-11
-12
-6
-5
-5
1
5
5
6
7
7
4
0
1
-2
-1
-1
2
3
3
1
1
7
9
7
8
5
0
1
2
2
0
1
-1
-1
4
5
2
1
2
-1
2
4
6
7
6
3
-1
-3
-6
-5
1
4
4
5
2
4
5
7
12
10
9
4
-5
-9
-11
-11
-5
3
11
13
16
17
8
4
-7
-17
-21
-18
-11
-8
-3
-3
-7
-9
-4
-2
2
7
9
5
6
6
3
3
2
4
4
4
6
7
6
5
3
-2
-5
-9
-13
-16
-14
-2
6
13
15
9
6
3
1
0
-4
-5
-7
-3
-5
-6
-4
-2
2
-2
-4
-2
-4
-5
-5
-6
-8
-5
-3
1
3
2
0
0
-1
-3
0
-1
-4
-6
-5
-4
0
-1
2
6
5
4
5
4
3
1
-2
-5
-8
-4
-3
3
5
3
7
9
11
11
14
15
11
9
4
1
-2
-4
-3
-2
-3
-1
-1
-4
-3
-4
-3
2
8
7
5
-1
-4
-5
-7
-7
-2
-2
-6
-9
-12
-12
-14
-10
-5
-1
1
0
-5
-5
0
1
-2
-4
4
8
7
6
1
-4
-4
-5
-5
-6
-9
-8
-6
-2
-2
1
2
-1
0
2
9
11
9
12
6
7
13
14
12
7
5
3
3
9
15
24
25
20
12
7
5
-1
1
4
5
6
3
5
2
-2
-4
-5
-1
2
3
2
-2
0
2
-2
0
2
0
-4
-9
-14
-11
-10
-14
-13
-16
-21
-28
-35
-35
-30
-29
-25
-24
-26
-26
-30
-33
-29
-24
-25
-22
-23
-22
-19
-21
-18
-21
-17
-12
-6
-1
-1
3
7
2
2
9
13
13
14
13
11
11
10
12
20
23
22
21
22
28
27
25
22
24
27
29
32
35
43
50
52
55
54
54
53
51
52
49
48
49
48
50
52
50
49
47
43
36
27
17
8
-1
-8
-15
-22
-29
-37
-48
-58
-63
-68
-73
-76
-82
-84
-88
-90
-96
-100
-97
-96
-94
-89
-83
-77
-70
-64
-62
-56
-55
-49
-36
-22
-15
-9
-1
3
7
12
16
15
20
32
43
53
60
62
58
56
48
41
45
57
64
61
56
45
33
30
27
23
24
22
16
19
16
8
9
18
14
13
23
31
37
38
42
42
48
58
54
59
77
83
78
70
66
58
55
57
56
68
66
41
24
3
-24
-35
-32
-36
-38
-36
-56
-76
-82
-89
-108
-118
-129
-149
-145
-134
-128
-118
-116
-128
-141
-141
-131
-113
-76
-51
-43
-44
-41
-45
-51
-44
-36
-24
-7
10
13
19
26
19
8
3
13
30
50
75
94
92
79
53
27
11
4
10
19
30
42
35
19
16
16
15
28
44
53
80
100
101
117
146
154
147
156
163
167
187
187
152
122
109
78
58
72
75
45
5
-34
-102
-149
-144
-155
-158
-131
-140
-194
-212
-220
-260
-247
-221
-225
-183
-96
-69
-44
30
43
25
39
20
15
86
134
141
185
209
142
83
51
-3
-25
-5
-29
-59
-28
-30
-88
-117
-135
-173
-203
-202
-190
-149
-85
-49
-32
-20
-28
-57
-51
-26
0
48
76
79
90
96
83
71
85
101
106
122
138
153
162
166
159
159
165
176
171
178
202
184
169
144
95
83
79
55
47
60
20
-52
-74
-115
-165
-140
-142
-187
-149
-116
-177
-199
-162
-182
-189
-147
-174
-171
-79
-53
-84
-26
11
-27
-26
-8
-14
31
96
97
109
148
123
60
60
59
31
30
40
33
41
58
30
0
-1
-51
-136
-116
-58
-43
0
57
68
29
-33
-112
-170
-154
-95
-101
-66
37
67
18
-16
5
-13
-19
21
29
112
234
263
241
290
349
264
196
246
314
354
413
366
252
227
117
-53
-63
56
30
-81
-105
-240
-366
-368
-486
-597
-525
-433
-562
-632
-460
-378
-401
-409
-470
-461
-288
-245
-246
39
309
275
229
322
396
479
530
515
640
771
652
468
461
467
298
16
-150
-112
-81
-182
-342
-354
-300
-498
-833
-886
-625
-487
-530
-411
-164
-44
-123
-262
-282
-147
-90
-171
-124
171
396
360
279
310
354
171
-6
88
382
651
675
701
765
650
361
142
221
510
712
679
831
853
96
-641
-784
-767
-787
-483
-105
139
183
-507
-1061
-793
-569
-751
-475
299
541
210
-125
-202
143
230
-190
-71
776
1090
594
456
928
933
171
-407
-129
542
554
48
115
698
427
-894
-1584
-1032
-559
-890
-1020
-309
330
-150
-1107
-1265
-736
-488
-850
-725
404
1153
719
208
443
669
327
-219
-146
669
1087
567
199
543
530
-302
-934
-715
-122
56
-222
-218
209
205
-425
-817
-445
64
82
57
406
862
863
534
478
827
1117
970
907
465
-426
-831
-994
-1205
-746
172
367
311
-176
-1270
-1369
-824
-1009
-1052
-2
569
130
-274
-560
-263
261
-63
-281
746
1612
1083
471
738
1113
623
-358
-533
463
1145
483
-113
273
521
-596
-2049
-1874
-761
-433
-882
-448
679
662
-468
-1387
-1243
-532
-409
-710
60
1494
1460
374
17
333
351
-49
-281
261
1165
942
-43
-167
187
-190
-923
-1017
-384
203
133
-212
-14
448
162
-516
-407
193
561
502
499
962
1336
1099
655
782
977
1170
208
-1475
-1457
-730
-1024
-1351
-39
915
739
-198
-1875
-1699
-322
-616
-1350
222
1750
831
-445
-853
-201
694
180
-466
967
2556
1516
-2
221
1098
724
-759
-1203
241
1474
443
-801
-268
485
-531
-2304
-2355
-804
19
-805
-754
845
1347
-47
-1404
-1216
-273
78
-424
40
1862
2134
559
-239
171
319
-162
-550
-149
1031
1079
-220
-740
-241
-302
-1215
-1553
-862
75
262
-201
-130
381
234
-519
-670
3
782
1019
798
1265
1787
1465
769
775
1132
1327
798
-1587
-2456
-1301
-1258
-2020
-698
1194
1108
241
-1774
-2535
-654
-137
-1678
-664
2095
1616
-404
-1092
-565
616
466
-796
152
2773
2434
147
-24
1256
1251
-660
-1960
-576
1565
996
-809
-441
856
218
-2135
-2902
-1102
348
-329
-817
833
1982
791
-994
-1348
-430
131
-474
-491
1432
2655
1377
-51
-64
119
-383
-1066
-821
448
1031
137
-569
-283
-268
-1020
-1589
-1143
-71
447
169
203
714
807
121
-409
-130
383
557
454
953
1473
1519
1132
920
1087
1304
280
-2385
-2815
-1420
-1170
-1629
-96
1616
1350
207
-2152
-2385
-61
258
-1257
180
2881
1840
-370
-1104
-508
834
472
-917
504
3231
2222
-265
-179
1103
786
-1232
-2279
-436
1841
893
-959
-413
792
-208
-2722
-3185
-857
616
-521
-630
1405
1904
249
-1274
-1456
-474
204
-605
-382
1966
2685
977
-29
242
-43
-697
-1085
-745
650
1109
-13
-669
-253
-629
-1726
-1914
-1172
-189
294
267
338
783
697
-99
-464
-65
472
586
560
1125
1724
1582
1200
1213
1346
1484
1040
-1992
-3573
-2016
-1404
-2341
-886
1904
1667
797
-1444
-2973
-632
705
-1541
-1217
2902
2704
-235
-1119
-681
695
929
-975
-596
3156
3199
-256
-693
1087
1270
-910
-2790
-1574
1450
1318
-1097
-829
904
512
-2267
-3756
-1538
987
278
-615
1375
2661
912
-1104
-1701
-734
380
-443
-823
1196
2703
1234
-164
44
-56
-585
-1373
-1412
19
1096
100
-622
-172
-460
-1370
-1890
-1463
-411
563
556
494
1107
1044
444
-55
-84
381
620
553
586
1258
1592
1511
1396
1324
1534
1611
11
-3192
-3552
-1815
-1578
-2073
161
2533
2046
464
-2268
-2432
180
205
-2205
-467
3219
1769
-1016
-1495
-515
1017
501
-1449
237
3860
2514
-724
-214
1555
996
-1509
-2893
-737
1974
850
-1181
-289
1108
-60
-2779
-3268
-428
1377
1
-183
2076
2054
-334
-1820
-1958
-1026
-181
-634
-328
1957
2434
559
-154
38
-314
-862
-1206
-973
280
823
-179
-462
-76
-641
-1411
-1516
-1049
-169
585
768
883
1283
940
144
-176
-83
61
151
561
902
1105
1345
1560
1479
1634
1979
1743
1304
-1368
-4055
-3425
-1747
-2075
-1331
2235
2714
1470
-630
-3141
-1764
711
-1049
-2521
2018
3618
97
-1408
-1038
116
1117
-598
-1820
2114
4122
558
-805
1261
1988
63
-2581
-2658
936
2211
-587
-932
1269
1361
-1338
-3608
-2402
711
857
-766
1130
3491
1721
-883
-2129
-2261
-1197
-1306
-1921
178
3008
1946
107
213
-147
-1077
-1801
-1827
-694
1065
774
-205
153
164
-944
-1923
-1690
-725
414
839
1052
1805
1782
855
87
-207
-239
-200
111
510
1174
1581
1361
1540
1601
1706
1519
1625
-182
-4136
-4627
-2720
-1742
-2104
732
3183
2502
754
-2933
-2885
359
460
-2628
-187
4245
1881
-1217
-1642
-496
1248
552
-2086
-40
4627
2848
-690
472
2545
1364
-1912
-3576
-1040
2085
466
-1448
354
1805
-143
-3299
-3636
-635
1122
-373
197
3299
3127
32
-2034
-2460
-2085
-1828
-2491
-932
2423
3093
1406
866
910
-539
-1661
-2037
-1140
355
897
445
331
559
-415
-1679
-2044
-1178
-252
282
1059
1797
1856
1261
530
-338
-936
-800
-689
-101
977
1315
1366
1514
1705
1543
1826
2123
1841
-749
-4917
-4674
-2062
-1899
-2245
1481
3919
2464
-149
-3665
-2518
1121
-176
-3225
1006
5031
1304
-1705
-1528
-100
1431
-527
-2974
907
5262
1969
-1013
1363
2996
906
-2868
-4046
-473
2229
34
-1288
1036
2017
-833
-4165
-3801
-43
974
-798
882
4012
2959
-490
-2282
-2221
-1679
-1827
-2407
-57
3124
3127
1485
591
504
-753
-2187
-2693
-1019
720
590
504
538
393
-654
-1852
-2486
-1410
-10
196
1041
2018
2089
1220
178
-825
-994
-474
-398
148
1455
2033
2153
2193
1914
2300
2192
2026
-901
-5106
-4815
-2195
-1600
-2433
1942
4502
2469
-189
-3812
-2880
643
-51
-3423
983
5927
1629
-2034
-1491
-168
824
-637
-2927
767
5501
2340
-1171
1133
2966
488
-3244
-4177
-428
2712
384
-1253
1057
1909
-1306
-4837
-4322
-472
877
-560
1294
4659
3527
-143
-2099
-2702
-2164
-2181
-2683
-272
3365
3546
1564
1474
1011
-787
-2163
-2549
-1362
360
867
436
767
585
-906
-2188
-2557
-1770
-447
493
1474
2535
2618
1573
293
-753
-1257
-1097
-675
159
1304
1779
1705
1887
1901
2278
2202
2133
-38
-5200
-5883
-2913
-1744
-2464
1596
4852
2768
582
-3738
-3914
455
520
-3387
391
6336
2376
-1544
-1368
-686
696
-46
-2806
327
5908
3357
-436
1237
2698
531
-3120
-4547
-960
2709
540
-1074
1110
1551
-1365
-4548
-4424
-907
710
-629
1410
5163
3618
-78
-1428
-2400
-2911
-2695
-2726
-347
3411
3821
1956
1743
1177
-1353
-2748
-2728
-1241
261
684
739
747
181
-1399
-2220
-2571
-1946
-696
443
1842
2613
2246
1474
837
-445
-1438
-1347
-390
377
1480
2096
2457
2866
2492
2198
1938
1003
-4604
-7150
-3819
-1963
-2666
143
4965
3689
1459
-2626
-4827
-415
1616
-2375
-1220
6189
4544
-1005
-1740
-922
472
292
-2114
-431
5602
4828
-112
446
2506
1023
-2995
-5045
-1665
2728
1493
-922
787
1733
-1156
-4813
-5578
-2188
353
-812
580
5128
4850
495
-1363
-2002
-2891
-3093
-2909
-1003
2905
4264
2306
1905
1458
-1029
-3085
-2948
-1451
243
1097
851
1250
597
-1636
-3294
-3282
-2486
-1447
69
1511
2795
2696
1538
550
-103
-969
-1596
-620
730
1861
2037
2539
2835
2648
2435
1860
1633
-3553
-7387
-4775
-1754
-2518
-1182
4808
4587
2062
-1912
-5161
-1388
1705
-1967
-2933
4933
5383
-916
-2298
-1225
371
691
-2205
-1784
4979
6065
509
-279
2552
1882
-2511
-5812
-3193
2674
2605
-893
389
2378
-52
-4589
-6219
-2682
866
-281
-113
4867
6014
1256
-1877
-2177
-2589
-3050
-3552
-1776
2794
4418
2329
1160
1300
-440
-2645
-2893
-1324
903
1268
605
964
726
-1252
-3236
-3456
-2356
-1151
-96
1056
2749
2945
1655
681
245
-473
-653
-354
229
1973
2734
2795
2688
3689
2815
1521
-2425
-7887
-5849
-2246
-2060
-2074
3980
5703
2271
-1260
-5699
-2791
1462
-963
-3403
3745
6824
146
-2433
-1671
-322
511
-1742
-2154
4166
7125
1496
-486
2055
1509
-2455
-5685
-3916
1859
3280
138
838
2624
42
-4163
-6091
-4248
-425
208
77
4460
6739
2371
-1146
-1560
-2749
-3714
-3055
-1514
1852
4584
3336
1647
1060
-518
-2868
-3239
-1732
-109
1235
1189
1199
774
-848
-2688
-3727
-2978
-1564
-243
973
2509
3076
2117
1189
335
-448
-387
-31
688
1717
2844
3046
3386
3496
2557
257
-6419
-8036
-4212
-1812
-2040
1180
5894
3783
1025
-4662
-5801
-70
1069
-2639
316
7458
3678
-1941
-2660
-1891
-91
-782
-3006
1047
7877
5511
342
841
1804
-1166
-5814
-6681
-1183
4223
2398
408
2596
2677
-1853
-6874
-6731
-2053
540
-281
2606
7367
5485
211
-2340
-3196
-3870
-3677
-2938
388
4456
4680
2477
1155
116
-2294
-3528
-2981
-606
1733
1763
1446
1367
-106
-2547
-3843
-3665
-2321
-367
997
2082
3033
2437
793
170
-255
-538
-306
907
2462
3600
3905
3290
3019
2322
-126
-6972
-8482
-3990
-1562
-1532
1967
6064
3209
-95
-6270
-7311
-196
2016
-2032
934
8257
3969
-2264
-3382
-2724
-482
-747
-2668
1762
8717
5912
437
1122
1870
-1359
-6211
-6803
-913
4421
2707
835
2842
2585
-2212
-7127
-6784
-2020
251
-376
3378
7807
4965
-466
-2327
-3205
-3929
-3657
-2651
1058
4743
4468
1820
1303
295
-2450
-3725
-2927
-29
1624
1553
1235
1124
-393
-2903
-3963
-3526
-1793
-196
929
2410
3249
2080
334
-27
-367
-951
-119
979
2702
4033
4595
4306
3557
1307
-6808
-9361
-5368
-2308
-1904
1628
6559
4220
1381
-5518
-8322
-2211
872
-2064
332
8268
5189
-1000
-2594
-2570
-1036
-1489
-3175
792
8034
6331
904
1132
2281
-452
-5372
-6110
-703
4294
2318
188
2135
2161
-1901
-6370
-5930
-1237
853
-391
2418
7024
4716
-938
-2794
-2932
-3059
-2926
-2307
810
4344
3700
645
170
191
-1634
-2941
-2004
524
1686
832
48
42
-1031
-2762
-3211
-2225
-257
960
988
1072
1709
962
-311
37
557
1372
2002
2879
3403
3672
3762
2656
2042
-3298
-8329
-6220
-2219
-1650
-369
5469
4687
625
-3927
-7526
-3901
867
288
-346
6089
5682
-1432
-3693
-2897
-1597
-1209
-1430
1162
7449
7131
1122
-62
853
-1450
-4834
-4877
-359
4996
4191
626
871
583
-3057
-6286
-5819
-2095
1453
1750
2647
6163
4417
-1795
-4289
-3425
-3200
-2113
229
2415
4978
4136
-23
-2194
-2057
-2673
-2552
-21
2331
3395
2497
-140
-1867
-2997
-3950
-3733
-1613
1146
2715
2978
2033
998
-656
-1956
-1792
-669
861
3190
5424
5583
5447
3948
1997
-1464
-7981
-9630
-4884
-170
-402
3528
7526
3523
-2384
-8676
-8386
-2324
1849
634
4040
8627
2613
-3738
-4618
-3281
-2539
-2188
-773
5024
9394
4665
-156
601
123
-4368
-6792
-3205
3550
6318
3081
1278
1614
-1696
-7056
-8062
-4039
616
2419
2744
5342
6155
869
-4935
-4960
-3115
-2678
-978
2005
4950
4755
1504
-1524
-2056
-2251
-3036
-1329
1663
3980
3287
660
-1018
-1979
-3569
-4459
-2455
141
1855
2251
1656
1444
898
-647
-1606
-173
1440
1940
3077
4128
5090
4432
3492
-835
-7456
-7752
-4454
-2360
-1640
3973
5751
2405
-2241
-8047
-6479
-1216
669
-186
5191
6926
292
-3179
-2907
-1826
-1459
-1149
539
5625
6605
1350
-589
956
-155
-4219
-4897
-421
4404
3993
905
1137
1117
-2409
-6074
-5792
-2167
962
1572
2385
4850
3573
-2156
-4549
-2312
-1547
-1179
616
2651
3529
2281
-311
-1972
-981
-1111
-1401
327
2159
2615
1156
-376
-1552
-2829
-3210
-2320
-315
1300
1725
1187
-57
-391
-715
-915
422
1985
2607
3368
4010
4056
3295
3130
-85
-6475
-6823
-3458
-949
-353
3124
4303
1206
-3284
-9017
-6886
-618
1891
767
4351
5645
-396
-4361
-3761
-1540
-1177
-276
2619
6885
6676
1224
-1500
-467
-375
-3367
-3617
1129
5559
4423
567
-516
-769
-3113
-5487
-4064
-496
1443
1227
1594
3172
1734
-2470
-4523
-2571
-751
9
1366
2426
2799
1184
-1047
-2050
-715
-164
-56
1442
2302
1800
-165
-1155
-1500
-1313
-1467
-1298
84
820
746
-20
-382
-489
-400
-172
808
2143
2351
2345
2835
3783
3022
2341
-1574
-6562
-5634
-2522
-893
71
4065
3716
659
-3940
-8125
-4560
627
1615
869
4396
2944
-2694
-4315
-2526
-225
14
672
3236
6195
3860
-576
-962
728
150
-2456
-1356
2894
4468
1132
-1596
-1162
-1202
-2868
-3703
-1650
1020
960
-514
151
1367
-440
-3584
-2791
234
718
486
858
1793
1332
-237
-1749
-832
1600
1098
586
1217
1542
-218
-1698
-1579
-761
54
-207
147
1033
1152
-584
-1648
-945
-97
516
881
2512
2933
2496
1943
2542
3346
2734
891
-4936
-6011
-2918
-675
-637
2189
4201
784
-2895
-7776
-6535
-593
3122
2078
3183
3549
-2072
-5568
-4450
-749
648
1025
3146
5927
4497
-536
-2147
-558
639
-881
-1293
2457
5625
2883
-1673
-2570
-2015
-2648
-3499
-1807
1438
2381
286
-691
191
-825
-3159
-3455
-574
1117
518
86
436
743
-433
-1823
-1541
1439
2663
1233
1357
1828
289
-1818
-1669
-925
-277
139
41
583
847
-446
-1932
-752
717
840
655
1716
2308
2197
2031
2458
3447
3540
2323
-3491
-6232
-4331
-1599
-904
1243
3741
1495
-1500
-6703
-7349
-2077
2517
2183
2630
3745
-684
-4363
-4286
-1235
822
1443
3042
5078
4038
-312
-1821
-452
1014
358
-441
2096
4626
2522
-1917
-3005
-2284
-1854
-2000
-1387
404
1051
-120
-929
-368
-887
-2104
-2092
-101
1098
213
-905
-752
141
-186
-564
-226
1692
2655
1210
9
-372
-737
-1312
-452
546
922
935
353
-66
-413
-1240
-2063
-836
1288
1869
1262
1443
1770
1627
1682
2337
3614
3855
3858
-1064
-5604
-4726
-2006
-986
45
3037
1239
-1531
-6113
-7847
-2772
2053
2334
1934
3216
-784
-4616
-4587
-1942
871
1808
3461
5498
4369
-859
-3079
-1190
1051
1412
569
3005
5845
3225
-2280
-3760
-3041
-2348
-1035
-57
951
1274
-498
-2151
-1670
-1489
-2098
-1450
722
2000
1048
-720
-1294
-322
-269
-763
-296
1022
2151
1038
-216
-530
-551
-511
-216
559
511
407
25
-258
46
-209
-1030
-553
863
848
84
438
1255
1826
2931
3907
4212
4000
2216
-3651
-6066
-3119
-239
836
2842
3076
-449
-4076
-8601
-7511
-1353
2972
3051
3024
1370
-3024
-4914
-3993
-932
1453
2631
4595
5090
1293
-2420
-2404
-980
978
1748
2398
5010
5168
785
-2757
-2736
-2362
-819
842
686
195
-784
-2209
-2422
-1825
-1792
-1144
-21
858
21
-1323
-1707
-498
827
706
1089
1537
1934
779
-1079
-1806
-1087
426
1176
1407
885
-477
-1353
-1022
-306
177
380
1059
1365
919
-982
-1510
121
1418
2340
3734
4532
3881
2465
-3121
-5556
-3067
111
1445
3267
3263
-462
-3141
-7579
-6583
-378
3029
2276
1305
-1009
-4504
-4424
-3172
-106
2919
3022
3555
3499
-765
-3738
-1234
787
1930
2608
2516
3615
3062
-1244
-3533
-1675
-283
1521
2863
1190
-1177
-2840
-3900
-2788
-1242
-796
382
1365
407
-1754
-3177
-3274
-1086
1118
1294
1627
2043
2084
760
-809
-1243
-672
957
1713
1264
-49
-1173
-1322
-510
651
787
486
437
634
-228
-1816
-1141
1203
2766
2415
2911
2871
2112
1241
-3312
-4244
-1209
1897
2156
2879
2041
-1573
-3478
-6791
-4807
1512
4568
2782
304
-3428
-6693
-4927
-2151
1401
4150
3766
2848
1570
-2569
-4514
-802
2036
3556
3892
2730
2457
1334
-2176
-3477
-800
1229
3044
3682
883
-2117
-3274
-3567
-2306
-470
391
706
25
-1865
-3348
-3132
-1804
601
2289
1549
218
-236
-248
-389
-57
817
1888
2789
1481
-1146
-2490
-2184
-829
889
2298
2233
1062
-376
-1348
-1871
-1483
837
3328
3748
2723
2051
789
820
-1253
-4328
-1922
2085
3116
2111
1883
-1006
-2958
-4922
-5815
95
5120
4066
452
-2359
-5847
-5216
-2500
47
3285
3333
1333
300
-2157
-4600
-665
3597
3673
3379
2134
833
642
-1350
-2942
28
2802
2745
2580
52
-3592
-4092
-2614
-697
1279
1834
786
-262
-2292
-4258
-3953
-1733
1090
2256
730
-1334
-1324
-678
-278
563
1554
2386
2740
1323
-1379
-2221
-1006
505
1777
2153
902
-465
-1046
-1552
-1639
-725
1732
3231
2797
1134
375
263
1084
386
-2892
-1409
1504
2348
996
412
-1600
-2358
-2890
-4906
-191
5203
4508
91
-3117
-5658
-4023
-897
143
2490
3490
1353
-59
-1663
-3509
-311
3437
2589
1776
1419
421
546
7
-1085
791
2732
2262
1548
-724
-3880
-3520
-841
874
1215
367
-1056
-1907
-2710
-3025
-1517
868
2187
1706
-822
-3064
-2224
-48
1047
1127
1362
1466
1345
15
-2016
-1618
810
2481
2580
1598
-85
-1236
-1104
-759
-61
883
1970
2310
976
-619
118
2008
3077
1522
-2909
-2747
311
1470
701
1188
357
-1025
-2415
-5514
-2364
3749
4062
203
-2641
-4447
-2919
-180
-431
574
2209
1062
-7
-947
-2594
-399
3086
2158
1314
1284
690
848
257
-1050
610
3059
2510
1189
-1141
-3806
-3234
-64
1583
1381
359
-1296
-2914
-3545
-3032
-1587
710
1730
655
-1758
-2858
-1585
643
1544
1007
1295
1439
977
-396
-1752
-638
1763
2667
1722
855
-107
-798
-326
33
548
1476
2157
1001
-268
-1005
83
2071
3096
1560
-3401
-3278
-356
1170
294
367
238
-314
-1365
-5162
-2419
3899
4198
-329
-3806
-4662
-2081
916
-283
30
2058
1236
-477
-2255
-2957
258
3853
2174
1031
1289
700
369
-701
-1219
1007
3550
2657
870
-1569
-3722
-2476
615
2013
862
-416
-1371
-2554
-3530
-2793
-319
1562
1370
-1042
-3103
-3064
-988
1337
2037
1576
1463
1368
118
-1419
-1830
548
3194
3233
1328
-89
-497
-515
396
732
1010
1865
1728
-216
-1368
-759
1264
3007
2922
-198
-4567
-3111
-75
1377
926
631
-323
-828
-2117
-5401
-949
5495
4707
-540
-4356
-4668
-881
1783
-250
353
2688
1388
-1269
-3352
-2809
1945
5058
2026
172
528
398
-64
-1349
-875
2496
4563
2518
-341
-2868
-3372
-643
2060
2178
273
-1117
-1949
-3221
-3511
-1673
1031
2098
420
-3109
-4806
-2811
198
1891
1991
1158
655
162
-1229
-2181
-1093
2098
3699
2339
396
-385
-143
-16
678
1275
1789
2270
1407
-310
-871
558
2677
2870
1198
-1420
-4464
-3004
-141
1199
1059
677
-1105
-2805
-3715
-5318
-480
5665
4226
-1339
-4558
-4437
-1172
1520
315
1082
3306
1377
-2181
-3721
-1806
3081
4953
1163
-624
496
598
-233
-964
592
4000
4277
371
-2745
-3648
-2339
806
2754
2248
436
-1563
-3195
-4314
-3246
-167
2652
2276
-926
-3778
-4001
-1311
881
1653
1617
971
157
-915
-1584
-1267
651
2676
2220
214
-724
-97
596
795
1216
1683
1718
1211
2
-634
916
2395
3142
2201
780
-508
-3715
-3358
-613
1842
1522
146
-1672
-2830
-2151
-4143
-1137
4781
4018
-1645
-5137
-4548
-1002
2343
780
562
2472
719
-2927
-3473
-481
4251
5646
754
-1774
-220
599
-90
-604
1383
4604
4162
-539
-3335
-2944
-1084
1255
2426
2033
459
-1623
-3252
-3822
-2431
464
2109
764
-2013
-3903
-3233
-276
1541
1511
1207
339
-683
-1132
-1181
-296
1466
2467
1044
-729
-556
280
713
799
1020
1496
1552
648
-287
-6
1741
2513
2217
1673
727
262
-2431
-2827
-413
1549
1162
-1170
-2478
-2753
-1526
-2878
-1179
3952
3442
-1896
-5488
-4229
-363
2907
1185
0
1556
276
-2965
-3288
318
4235
4551
106
-2106
57
1128
406
7
2007
4192
2818
-1297
-3136
-1868
21
1428
1825
1380
-125
-2116
-3401
-3411
-1385
1084
1418
-834
-3267
-3927
-2271
552
1530
857
514
-151
-891
-819
-234
852
1479
1228
-297
-849
485
1137
960
808
1165
1267
1120
536
296
1008
2329
2396
1935
1656
640
473
-2245
-2189
546
2151
804
-1940
-2916
-2857
-1054
-2588
-892
3839
2380
-3162
-5801
-3525
587
3315
608
-709
1145
-254
-3141
-2488
1585
4641
3641
-1196
-2172
950
1802
648
181
2319
4077
1929
-2123
-2672
-440
937
1296
757
284
-696
-2468
-3100
-2124
176
1539
502
-2192
-3675
-3074
-1166
1054
1169
34
-505
-789
-977
-350
514
1072
1131
344
-920
-674
1216
1779
971
476
682
800
586
155
353
1487
2293
1442
901
1322
1254
1025
-1705
-2149
680
2200
582
-2052
-2713
-2143
-770
-2740
-1512
3609
2808
-2474
-5454
-3427
691
3164
340
-1060
1272
405
-2573
-2215
1428
4251
2762
-1697
-2161
1423
2475
682
-229
1965
3776
1453
-2035
-1932
374
1317
862
223
445
-94
-2315
-3136
-2026
128
1350
-59
-2202
-2911
-2204
-1113
455
514
-582
-558
-724
-872
56
997
970
680
84
-859
-298
1502
1384
389
714
1150
831
605
338
456
1403
2052
1171
1202
2346
1341
751
-1268
-2469
165
2434
1369
-1560
-1896
-2076
-1057
-2193
-2179
2540
3036
-1843
-5632
-3881
70
2733
547
-1490
840
801
-2250
-2557
1150
4105
2731
-1609
-2490
1306
2648
842
-404
1833
4119
1860
-1922
-1846
738
1613
767
-53
413
375
-2014
-3034
-1321
636
1271
-647
-2974
-2768
-1449
-740
31
625
-337
-869
-935
-1227
-108
1026
897
149
-176
-399
-230
1190
1152
35
255
1243
1087
409
531
543
1380
1790
1237
929
2076
1794
578
30
-1861
-428
1431
1475
-666
-1663
-1808
-1618
-1511
-2798
637
2918
-406
-4684
-4590
-964
1892
1229
-1730
-330
1046
-1346
-2663
95
3800
3206
-828
-3040
313
2883
1380
-261
1104
3717
2314
-1478
-1967
1010
2406
969
-308
81
552
-1562
-3176
-1700
676
1404
-822
-3290
-2981
-1281
-925
-387
305
-377
-910
-1048
-1425
-373
1461
994
-345
-572
-440
-136
1189
1308
314
771
1453
500
2
1067
1294
1343
1550
1280
1140
2392
2050
471
612
-1071
-1231
464
1445
-65
-1188
-1291
-1761
-1304
-2263
-236
2568
497
-3747
-4725
-1432
1522
1547
-1122
-474
1203
-960
-2669
-297
3561
3410
-340
-2696
192
2972
1304
-470
875
3666
2781
-1007
-1786
1106
2434
538
-902
-118
880
-832
-3064
-1808
544
892
-1370
-3207
-2309
-708
-784
-989
-108
-71
-781
-1180
-1067
178
1333
474
-609
-348
257
253
444
771
404
494
911
712
367
854
943
571
914
1048
1148
1630
1812
405
682
-272
-1961
-246
1249
908
-931
-1526
-2305
-1296
-1324
-1563
1639
1780
-2001
-4841
-2814
477
1982
76
-1136
661
14
-2213
-1618
2162
3816
973
-2176
-933
2661
2316
133
216
2905
3591
229
-1817
378
2691
1412
-743
-663
762
-13
-2716
-2283
-24
1056
-971
-3325
-2815
-870
-511
-1369
-281
66
-601
-1103
-1030
170
1328
794
-691
-500
169
296
351
891
657
346
711
741
534
867
1236
627
845
1087
1130
1601
1947
695
453
170
-1800
-700
1028
1178
-521
-1552
-2379
-1518
-1007
-1951
606
1868
-1069
-4104
-3210
-122
1898
664
-1405
19
342
-1664
-1558
1482
3581
1506
-1720
-1510
1966
2528
431
58
2161
3338
835
-1443
108
2591
1759
-472
-850
519
475
-1762
-1976
-272
884
-621
-2957
-2749
-761
-318
-1247
-569
-314
-751
-926
-1075
-189
1120
781
-584
-347
164
226
475
809
515
435
766
592
625
827
1022
710
720
730
811
1300
1484
651
368
484
-1405
-1054
506
1128
-110
-1553
-2364
-1576
-498
-1732
-143
1586
-347
-3250
-3484
-776
1836
1430
-1099
-464
316
-1389
-1764
499
2830
1861
-1177
-1935
1322
2641
695
-18
1581
2948
1195
-1130
-335
2294
2145
-63
-711
490
745
-1261
-2079
-709
835
-167
-2451
-2523
-699
-3
-1062
-796
-368
-446
-756
-1107
-357
953
844
-654
-647
-40
318
454
512
361
365
530
277
546
825
1087
848
604
743
931
1401
1388
1042
626
956
-509
-1110
258
1081
636
-1028
-1975
-1821
-406
-956
-831
1026
171
-2276
-3572
-1799
951
1759
-342
-1156
-204
-944
-1472
-112
2042
2129
-313
-2011
-202
2040
1239
205
780
2064
1558
-477
-597
1457
2112
429
-699
-45
615
-388
-1639
-1064
443
283
-1736
-2490
-1066
-29
-712
-1011
-621
-478
-554
-886
-469
796
912
-448
-742
-130
246
451
546
372
356
548
318
420
746
1029
928
680
649
808
1284
1348
1033
468
891
-162
-1288
-270
973
1216
-534
-1718
-1810
-352
-563
-1201
604
839
-1239
-3397
-2445
482
1857
41
-1360
-369
-544
-1447
-807
1550
2567
232
-2150
-905
2031
1692
245
408
1867
1873
-326
-931
1074
2452
995
-587
-201
753
-57
-1643
-1228
323
526
-1417
-2448
-1376
23
-396
-1174
-632
-388
-595
-1086
-643
655
1017
-352
-1246
-476
135
326
351
444
383
251
67
254
830
1112
1155
659
540
681
962
1276
1280
1031
961
754
-1035
-1181
262
1371
759
-1178
-1984
-1366
-418
-1128
-400
1282
429
-2197
-3557
-1289
1491
1476
-586
-828
-244
-965
-1382
9
2459
1987
-1019
-2096
355
2048
925
100
1035
2157
861
-922
-147
1830
1870
157
-453
428
544
-985
-1498
-204
646
-413
-2164
-2098
-559
-98
-1021
-927
-156
-380
-1089
-1135
-6
1030
566
-754
-757
86
459
246
319
661
553
261
194
603
949
1242
928
365
533
715
798
899
1048
998
943
736
-884
-1274
178
1338
799
-992
-1673
-1417
-566
-964
-784
917
858
-1682
-3675
-1600
1305
1424
-581
-1096
-108
-505
-1582
-814
2013
2436
-687
-2358
-145
2171
958
-334
808
2335
1161
-1221
-810
1688
2530
388
-856
325
840
-641
-1674
-231
1150
198
-1963
-2256
-512
122
-912
-1252
-100
80
-1115
-1749
-478
1062
621
-723
-1019
59
362
-204
-180
735
1053
222
-230
28
967
1404
922
483
673
814
481
674
1160
1584
1437
655
-678
-1118
-32
1073
900
-216
-958
-1357
-1077
-1218
-830
633
930
-1021
-3095
-2118
48
709
-452
-717
156
-394
-1888
-1590
1002
2144
140
-1738
-438
1374
503
-526
609
2406
1700
-653
-995
1164
2137
428
-454
564
1247
-134
-1575
-681
821
492
-1235
-1553
-427
-228
-1217
-1515
-142
481
-671
-1708
-1046
304
454
-294
-409
434
317
-562
-584
474
1194
686
59
155
823
962
777
830
1028
1030
490
380
877
1485
1347
771
470
-202
-621
-291
603
943
416
-620
-1378
-1125
-964
-776
153
792
-410
-2042
-2167
-1074
-44
26
124
123
-590
-1709
-1586
181
1359
717
-253
118
527
-119
-365
760
2024
1593
288
11
687
612
-174
-17
1280
1692
186
-1239
-1067
-232
-15
-184
-45
130
-605
-1821
-1585
-184
471
-32
-872
-951
-624
-696
-699
-39
491
122
-441
-478
50
373
287
436
642
691
567
493
513
753
861
915
1098
902
712
819
803
552
273
1
26
218
119
88
-122
-543
-753
-900
-746
-115
301
-267
-994
-1265
-981
-433
-299
-256
-130
-266
-753
-881
-260
355
74
-624
-468
162
278
-60
-132
338
621
173
-159
291
660
432
0
154
612
410
-180
-230
256
435
6
-449
-203
141
-197
-431
-107
63
-264
-545
-501
-44
144
-282
-507
-329
-274
-468
-419
-133
103
29
-163
-98
117
346
406
309
297
420
356
256
494
740
841
742
346
173
505
531
253
425
550
311
47
-91
83
229
-89
-515
-392
-142
-222
-463
-492
-364
-568
-993
-921
-430
-99
-277
-709
-802
-428
-209
-313
-160
173
218
-41
-190
32
313
333
140
54
264
427
264
229
436
496
353
99
-20
235
419
291
169
120
-100
-221
-348
-326
-22
-42
-282
-369
-296
-328
-331
-305
-212
-93
-171
-154
-21
14
37
116
132
198
273
293
455
603
424
274
356
351
368
559
601
608
522
257
177
296
337
281
251
-20
-218
-181
-139
-128
-258
-398
-576
-709
-661
-368
-80
-141
-390
-631
-531
-238
-59
76
231
147
-213
-431
-208
246
457
333
155
141
161
159
258
489
612
411
130
33
246
475
385
217
117
-84
-263
-302
-210
-16
44
-219
-489
-510
-454
-463
-419
-230
-58
-161
-289
-169
-65
-60
-132
-103
134
253
65
100
433
358
35
-24
150
383
419
284
396
487
168
-117
-21
169
195
-9
-188
-94
-136
-317
-397
-377
-385
-550
-715
-568
-272
-197
-398
-525
-445
-260
-176
-144
67
244
167
13
-50
140
350
274
160
206
350
387
283
234
293
353
298
247
258
314
316
168
151
214
131
32
-72
-139
-126
-109
-185
-266
-327
-420
-339
-223
-205
-164
-119
-72
-35
-64
-1
97
102
144
269
334
386
382
210
184
195
149
319
521
408
200
96
20
86
138
93
130
114
-61
-208
-221
-214
-281
-399
-447
-430
-474
-516
-467
-384
-309
-344
-471
-342
-159
-120
-83
11
58
38
-54
-126
86
234
156
130
200
214
177
116
85
204
213
93
103
251
284
146
103
102
43
-27
-78
-118
-103
-70
-169
-328
-390
-405
-388
-276
-203
-158
-148
-181
-188
-189
-65
52
71
140
259
329
363
428
334
254
278
201
317
542
533
422
324
178
142
271
250
191
193
66
-25
-79
-154
-216
-276
-342
-406
-445
-434
-398
-417
-490
-540
-490
-379
-333
-295
-189
-90
-28
-47
-52
-2
70
86
103
189
254
312
266
169
198
226
240
246
259
304
309
241
150
116
84
39
36
1
-47
-66
-110
-194
-300
-371
-381
-338
-269
-230
-203
-218
-227
-237
-212
-71
22
67
104
148
226
268
281
242
150
168
240
299
387
392
380
333
237
196
213
224
207
187
104
55
-4
-179
-314
-346
-338
-361
-436
-439
-362
-362
-428
-449
-376
-287
-263
-244
-104
42
21
-29
-27
19
46
4
20
170
234
199
175
159
177
143
115
158
224
294
326
216
98
97
47
5
24
-9
-44
-56
-161
-268
-259
-253
-269
-261
-222
-158
-108
-94
-121
-102
-62
-64
-30
41
100
146
219
239
234
277
213
158
226
209
197
288
315
293
256
178
118
105
53
27
61
3
-38
-127
-196
-202
-267
-291
-247
-240
-286
-296
-287
-279
-256
-240
-161
-119
-80
-15
-38
-78
-32
27
43
66
19
46
133
79
38
84
123
31
-72
-76
-4
132
156
88
48
16
-66
-186
-164
-55
-57
-126
-156
-205
-223
-220
-274
-258
-173
-105
-106
-76
-23
-47
-31
19
67
104
129
192
246
286
285
259
323
287
196
206
210
285
355
314
222
171
115
-26
-57
37
112
120
-32
-127
-145
-195
-281
-327
-263
-219
-290
-342
-269
-204
-207
-228
-223
-135
-66
-79
-29
59
39
-24
5
92
90
61
89
128
158
127
81
58
45
-27
-68
34
136
142
66
-16
-70
-103
-121
-123
-85
-86
-164
-159
-117
-104
-144
-190
-140
-115
-125
-106
-25
38
3
-42
-13
60
93
99
121
206
260
254
253
296
320
201
149
206
237
252
209
160
137
100
16
-4
43
-45
-90
-96
-137
-120
-170
-246
-231
-202
-246
-261
-221
-171
-162
-211
-201
-107
-62
-58
-17
100
171
132
75
84
93
83
83
70
130
141
81
102
129
75
16
18
13
25
33
-16
-18
-34
-127
-163
-105
-94
-152
-190
-161
-127
-127
-133
-152
-115
-83
-95
-49
45
108
68
77
146
166
190
195
269
356
331
288
272
298
281
266
275
267
296
201
114
146
163
172
111
29
-66
-135
-169
-183
-148
-160
-176
-233
-271
-276
-283
-242
-230
-273
-269
-197
-185
-166
-142
-162
-100
-41
-40
24
121
142
94
64
33
39
22
22
93
108
124
89
7
-13
-34
-80
-76
-42
-47
-69
-52
-56
-88
-111
-163
-162
-105
-88
-87
-59
-37
-41
-64
-48
6
29
35
69
119
142
157
130
140
202
214
225
243
275
287
268
271
276
238
188
154
133
191
223
177
148
89
14
-35
-61
-83
-85
-92
-153
-154
-176
-201
-185
-193
-187
-184
-194
-167
-145
-161
-133
-96
-92
-55
-37
-34
16
42
50
101
118
83
75
54
41
72
56
55
90
54
-15
-45
-35
-24
-21
-31
-23
-26
-80
-120
-146
-141
-138
-145
-130
-128
-118
-99
-87
-77
-63
-37
8
52
76
81
96
137
173
191
174
188
186
174
219
258
290
317
310
233
196
184
99
93
123
102
86
37
-49
-115
-158
-203
-185
-122
-154
-209
-268
-297
-295
-310
-273
-220
-207
-219
-217
-211
-155
-95
-104
-86
-47
-1
53
104
148
142
124
131
110
105
142
146
137
133
94
55
43
18
-29
-18
6
-30
-40
-37
-53
-64
-84
-115
-98
-84
-109
-124
-100
-92
-102
-97
-65
-11
20
21
54
103
165
169
146
176
190
192
203
238
265
268
261
241
251
213
167
148
120
147
136
90
47
-30
-113
-169
-157
-151
-133
-159
-197
-203
-224
-229
-255
-235
-219
-226
-224
-196
-143
-122
-102
-65
-24
10
25
46
74
105
120
119
130
153
135
92
94
119
130
130
122
72
41
27
2
-5
-7
-19
-63
-106
-123
-138
-151
-156
-139
-138
-124
-108
-120
-113
-100
-94
-84
-49
-19
18
60
73
104
141
179
213
216
210
206
206
227
264
270
262
255
213
181
164
115
100
86
50
35
-7
-80
-133
-154
-192
-190
-161
-171
-185
-216
-251
-263
-259
-232
-217
-210
-182
-162
-144
-101
-69
-62
-52
-26
10
58
97
122
143
132
93
90
94
92
85
50
51
50
15
-17
-32
-16
-19
-38
-71
-86
-90
-131
-155
-150
-172
-183
-182
-180
-136
-94
-75
-82
-73
-23
7
26
40
66
94
122
151
175
206
212
215
233
258
276
270
265
270
263
214
176
150
113
96
64
40
22
-13
-67
-123
-134
-143
-147
-164
-190
-214
-253
-261
-258
-236
-220
-229
-221
-197
-176
-166
-143
-116
-82
-46
-27
1
50
78
86
106
119
119
116
101
95
104
96
81
73
61
46
23
-5
-32
-47
-56
-78
-87
-91
-107
-122
-146
-166
-145
-117
-92
-79
-63
-43
-35
-26
-3
33
76
107
128
146
164
188
203
211
220
222
221
221
232
248
242
225
192
142
107
82
70
82
65
32
-3
-61
-117
-152
-162
-178
-181
-197
-212
-212
-226
-236
-242
-230
-219
-220
-198
-152
-110
-76
-53
-32
-14
2
28
64
99
110
113
114
117
110
100
86
87
101
104
91
66
43
4
-27
-49
-68
-75
-87
-109
-125
-131
-145
-164
-169
-161
-144
-119
-95
-82
-71
-57
-41
-12
10
30
56
84
104
129
148
160
171
172
182
188
196
196
185
179
169
142
113
90
62
38
19
-5
-33
-63
-92
-116
-131
-158
-184
-191
-199
-214
-213
-207
-203
-189
-184
-160
-138
-126
-109
-86
-55
-31
-3
16
41
64
77
101
128
150
161
159
158
161
155
138
124
120
112
96
92
79
48
24
-1
-30
-53
-77
-98
-110
-123
-139
-145
-143
-138
-143
-151
-151
-129
-98
-74
-47
-23
-9
5
17
32
61
75
83
97
103
107
115
117
123
129
130
134
133
118
112
91
66
49
20
3
-7
-20
-47
-65
-81
-95
-100
-102
-101
-112
-108
-103
-101
-93
-93
-87
-74
-69
-69
-60
-39
-23
-2
7
11
21
29
47
61
73
71
63
58
48
46
43
52
48
36
13
-10
-20
-29
-34
-45
-56
-60
-65
-67
-55
-43
-41
-47
-55
-50
-41
-28
-14
-2
6
14
17
26
46
60
66
78
82
80
91
95
89
87
86
78
79
75
67
58
46
28
18
3
-9
-7
-13
-20
-23
-40
-57
-65
-79
-90
-92
-82
-70
-66
-59
-54
-46
-44
-45
-36
-26
-13
2
16
19
22
23
16
24
31
36
33
35
37
33
37
36
42
35
29
17
5
9
13
15
6
3
0
-12
-14
-11
-14
-17
-22
-22
-20
-16
-9
-7
0
5
7
10
16
15
20
31
27
25
31
29
23
24
27
22
24
14
3
0
-2
-6
-12
-10
-9
-15
-19
-21
-21
-26
-29
-28
-22
-22
-30
-37
-32
-23
-16
-16
-21
-17
-11
-8
-7
-2
7
16
20
17
14
8
5
9
12
12
12
9
9
15
22
19
20
14
-1
-4
-5
-4
-3
-6
-9
-10
-12
-18
-19
-19
-14
-9
-12
-10
-6
-3
6
8
7
2
-1
2
9
20
30
38
40
37
36
35
34
37
36
37
34
31
33
40
38
28
29
27
28
27
27
25
24
18
7
10
10
6
2
-3
-2
0
-4
-12
-13
-7
-7
-11
-9
-6
-11
-13
-12
-14
-16
-15
-16
-10
-6
-9
-17
-23
-28
-35
-41
-34
-31
-29
-27
-23
-20
-20
-19
-18
-18
-20
-24
-28
-26
-23
-11
-8
-6
3
7
15
14
13
6
3
7
6
7
10
15
15
16
13
10
11
7
-2
-1
2
7
19
27
28
33
38
34
30
21
9
0
-6
-8
-13
-11
-6
-2
-1
8
17
21
21
23
26
19
12
6
9
13
11
11
7
9
10
11
15
16
14
2
-7
-17
-20
-16
-14
-11
-10
-13
-10
-9
-14
-16
-18
-23
-23
-22
-28
-32
-29
-34
-42
-46
-38
-21
-9
-1
-3
-3
-2
-5
-5
-7
1
6
4
6
2
0
-1
-3
-1
-2
-3
3
4
7
8
8
10
8
9
3
-1
1
0
1
7
8
4
6
10
19
26
27
28
29
23
17
25
28
37
39
29
19
11
8
1
3
5
-4
-3
-3
-3
2
-3
-10
-11
-12
-18
-18
-20
-19
-18
-14
-15
-19
-14
-12
-14
-19
-20
-18
-15
-10
-4
0
4
14
21
22
25
27
24
22
21
20
24
25
22
16
10
7
8
6
2
0
-3
-2
-7
-11
-15
-12
-6
-1
-3
-7
-1
4
5
4
5
4
-1
-3
-6
-2
0
8
10
13
19
19
18
17
18
9
3
3
0
-3
0
2
2
1
1
1
-1
-8
-13
-17
-14
-5
-5
-10
-10
-8
-11
-10
-3
0
-7
-16
-16
-19
-20
-22
-25
-19
-3
6
9
10
11
15
15
16
16
22
22
14
10
3
-5
-5
-3
4
11
14
9
-3
-17
-20
-25
-26
-23
-24
-18
-15
-20
-17
-14
-14
-18
-17
-19
-16
-14
-14
-16
-19
-23
-24
-15
-3
11
22
30
28
21
18
14
14
15
13
13
12
0
-9
-13
-17
-16
-16
-19
-18
-17
-19
-24
-22
-23
-24
-21
-25
-23
-23
-28
-29
-28
-22
-20
-11
-4
-3
2
4
3
9
19
24
32
34
31
24
19
23
28
23
22
23
27
30
23
17
12
8
6
6
5
2
0
-4
-8
-13
-14
-13
-15
-15
-17
-19
-16
-12
-16
-21
-19
-14
-7
0
0
2
0
1
5
4
2
-2
4
12
22
25
21
18
13
10
2
-1
-2
-4
0
-2
-7
-13
-19
-32
-38
-34
-29
-19
-17
-22
-23
-20
-23
-21
-16
-20
-18
-17
-15
-10
0
10
10
12
17
26
28
30
34
36
36
35
32
24
17
13
9
4
6
5
6
7
7
3
-2
-1
-1
-5
-8
-7
-9
-14
-16
-18
-13
-6
-8
-9
-5
-5
-7
-8
-3
-2
-8
-9
-4
8
14
15
22
20
26
27
22
21
15
9
8
3
-4
-7
-5
-8
-14
-14
-14
-12
-9
-10
-8
-10
-11
-11
-16
-21
-19
-17
-17
-18
-15
-13
-9
-2
1
4
7
9
16
21
17
8
7
9
6
5
0
4
11
14
12
9
4
-5
-11
-12
-10
-3
0
-5
-9
-6
-7
-11
-9
-8
-2
4
5
7
8
6
-1
-1
0
2
5
8
8
6
2
-1
2
4
10
15
16
20
17
12
8
6
6
5
2
-4
-3
-1
0
0
-2
-5
-5
-6
-9
-12
-14
-12
-14
-16
-18
-19
-19
-23
-27
-24
-21
-12
-8
-5
2
9
10
11
13
10
12
8
7
8
3
6
7
5
8
10
7
6
3
2
-1
-3
-2
3
8
7
4
4
2
3
0
3
4
0
-7
-12
-10
-8
-4
-1
4
2
2
9
10
8
6
9
13
10
8
6
2
-2
-7
-10
-13
-15
-12
-8
-6
-5
-3
-2
-1
-2
-1
-1
-5
-5
-4
-8
-10
-7
-7
-9
-6
-6
-4
-2
3
5
6
8
4
3
3
1
-1
-2
1
5
5
3
4
4
5
11
6
-1
-1
-2
-5
-4
-6
-7
-8
-4
-1
2
0
2
7
10
9
10
10
1
1
0
-1
-5
-8
-8
-9
-7
-3
4
5
8
12
12
10
5
4
-3
-8
-5
-5
-1
6
9
7
6
3
-1
0
1
-1
-8
-12
-16
-21
-19
-17
-11
-7
-6
-1
-1
-3
-2
-3
-1
4
5
6
5
7
9
13
20
25
24
20
17
14
7
-1
1
4
2
3
4
5
6
2
-2
-3
-2
-3
-6
-4
-4
-1
1
0
3
5
1
2
6
7
7
4
2
1
0
-2
2
8
3
-3
0
-2
-6
-6
-6
-4
-2
-3
-6
-4
-7
-8
-3
-1
-1
0
3
0
4
5
8
7
3
-1
-2
4
6
6
5
2
5
2
0
0
1
2
-3
-11
-13
-5
-3
-2
-2
-3
-1
2
5
8
7
2
-4
-10
-12
-12
-9
0
0
1
5
5
-2
-1
5
4
8
6
0
-3
4
6
-2
-3
-1
-2
-1
4
4
8
8
0
2
4
2
0
-2
-3
-2
1
2
9
12
5
1
4
9
9
10
9
4
-2
-2
-6
-10
-7
-11
-10
-8
-6
-8
-4
4
3
6
4
1
4
6
4
3
5
-3
2
8
6
4
7
1
-5
3
3
1
4
3
-1
-3
-3
-3
-1
-4
-8
-9
-9
-5
1
6
11
5
3
1
-5
-5
0
2
1
4
6
8
8
3
1
4
1
-6
-9
-11
-10
-4
-4
-10
-13
-11
-13
-14
-8
-7
-6
-5
-8
-16
-15
-19
-19
-13
-7
-6
-9
1
-5
-11
-5
-7
-10
3
7
-5
20
7
-19
0
16
5
11
23
-1
14
13
-28
-16
5
-10
-12
11
3
3
18
1
-6
6
4
-2
8
9
4
11
16
10
6
7
-4
-7
-8
-14
-12
-7
1
-2
-4
1
5
7
-2
5
17
19
13
6
3
-1
1
0
-1
1
0
2
3
2
3
3
3
1
-2
-6
-7
-10
-10
-8
-3
-1
-1
-1
0
0
-4
-3
-3
-3
-1
-5
-4
-11
-18
-15
-5
2
5
17
13
8
10
2
-4
-1
5
1
11
11
6
11
8
6
4
1
-1
1
-1
1
2
-2
0
-8
-12
-7
3
11
10
10
8
6
3
-7
-8
-6
-2
4
10
9
5
6
4
3
6
7
7
4
2
0
2
1
-6
-9
-2
5
6
7
3
-4
-1
-4
-6
-1
1
5
-1
-7
-14
-15
-9
-10
-5
2
9
12
9
4
0
1
4
3
2
2
1
-3
-7
-7
-7
-1
3
3
3
1
-5
-9
-10
-13
-10
-2
-4
-6
-9
-12
-9
-4
1
9
14
11
11
10
0
-3
-3
-8
-4
1
-1
-1
1
0
4
8
7
7
7
4
-5
-11
-9
-7
-6
0
5
9
12
5
1
-2
-5
-5
-3
0
-3
-5
-6
-8
-5
0
-2
0
5
5
5
5
0
-5
-8
-7
-5
2
2
-4
0
4
1
2
-3
-2
-2
-2
2
1
5
6
4
2
-3
-7
-4
4
9
11
13
11
9
5
2
5
1
0
4
2
2
3
-1
2
6
9
7
4
2
-8
-13
-13
-8
-6
-3
1
2
4
2
-2
-2
-2
2
0
-1
1
3
3
2
0
-4
-8
-7
-8
-10
-8
-10
-13
-16
-17
-11
-5
-2
0
2
7
11
6
0
-2
-2
-3
-2
-3
-6
-3
-2
2
4
5
8
7
1
1
3
3
6
7
12
14
16
13
5
3
2
2
-2
-5
-9
-13
-9
-6
-9
-10
-2
4
-1
0
1
3
2
0
-1
-6
-4
-1
3
5
4
5
5
6
3
2
3
1
3
3
4
7
6
5
6
4
-5
-5
-3
-2
-5
-3
5
5
2
-2
-8
-10
-6
-6
-6
-5
-3
-2
0
-1
0
4
3
0
-2
0
4
3
0
-2
-3
-2
-2
1
3
5
5
4
6
6
8
14
13
9
6
5
6
16
18
15
10
6
7
-3
-7
-7
-7
-5
-4
-5
-4
7
12
13
15
14
23
20
15
12
6
1
-7
-7
-4
-3
0
-4
-8
-2
0
0
-1
-4
-7
-8
-7
-6
-8
-6
-8
-14
-13
-9
-2
8
12
11
7
6
3
1
3
4
3
0
-3
-3
-7
-11
-13
-12
-8
-6
-8
-7
-3
0
-6
-11
-10
-9
-5
-6
-8
-13
-13
-10
-6
3
5
7
3
2
0
-3
-3
-1
0
-1
1
2
-2
-7
-9
-15
-13
-8
-7
-5
-3
-1
-1
-1
-6
-8
-10
-9
-4
-4
0
1
2
2
2
5
5
11
12
8
-1
-10
-9
-7
-4
-1
0
-2
-2
-1
-1
3
7
9
8
9
7
6
0
-4
-6
-4
0
-1
2
4
0
-1
-1
-2
2
5
6
4
0
1
1
-1
2
5
6
10
12
9
3
-1
-6
-4
-1
0
4
-2
-4
-10
-12
-9
-8
-5
0
6
11
6
7
3
-2
-2
-5
-3
-4
-2
-7
-4
-3
0
0
3
12
16
17
11
11
8
2
0
8
10
11
10
5
-3
-10
-5
-4
0
1
-1
-2
-1
-5
-6
-4
2
0
2
6
7
8
4
4
-1
-4
-5
0
-1
4
4
0
1
2
1
0
-2
-2
3
5
2
-1
-4
-5
-2
-9
-8
-7
-12
-21
-31
-32
-26
-19
-12
-3
-1
-4
-6
-10
-12
-10
-10
-8
-4
-3
-1
2
0
0
3
2
5
8
11
11
8
4
-1
-5
-4
1
8
9
6
5
0
-3
-3
1
5
8
8
9
8
5
4
1
6
7
7
7
5
3
-4
-6
-4
-1
-2
-2
-3
-9
-11
-11
-13
-10
-1
6
7
12
13
6
-2
-4
-6
-9
-5
-3
-2
-3
-2
-2
-4
-2
0
1
1
3
2
-4
-9
-5
-4
-3
-3
-1
0
-2
-2
3
2
-3
-8
-9
-12
-12
-11
-11
-1
7
10
12
10
6
5
5
0
-3
-7
-10
-9
-9
-7
-1
1
-4
-1
2
0
0
2
2
-2
-3
-2
2
4
5
2
-3
-5
-9
-9
-6
-2
2
6
4
1
2
0
2
7
7
12
13
9
10
9
9
12
8
3
-2
-4
-3
2
3
7
7
3
2
2
4
2
2
4
1
0
-1
3
4
4
6
6
4
6
6
8
9
8
7
5
7
7
5
8
5
4
3
2
5
5
1
0
-2
-1
-2
-6
-12
-10
-4
-1
0
0
-1
-5
-8
-5
-6
-3
-1
-4
-11
-14
-16
-13
-2
3
5
0
-2
-2
-6
-7
-4
-9
-10
-8
-6
-3
-2
-3
-7
-9
-8
-6
0
3
-6
-8
-5
-2
1
3
2
-3
-3
2
-2
-2
0
-2
-1
2
4
2
4
4
1
1
6
6
1
-3
-2
5
10
14
13
6
1
-1
-2
-5
-5
-7
-10
-7
-4
3
7
5
5
3
-1
-3
2
7
7
6
11
14
10
5
3
-1
0
3
5
6
5
3
-2
-3
1
6
7
9
6
2
0
-2
-8
-12
-9
-6
0
4
4
0
-2
-8
-9
-4
-2
0
3
4
11
14
13
9
8
7
2
-2
-6
-4
0
0
-1
-2
0
0
1
2
-1
1
4
-1
-2
-3
-4
-4
-3
-4
-7
-5
-4
0
5
5
3
1
-3
-3
-3
-7
-9
-8
-16
-17
-14
-13
-8
-7
1
2
5
4
2
3
-3
-4
0
1
5
9
4
-1
-3
-3
-3
-1
3
2
-1
2
0
-3
-8
-14
-12
-5
-3
-4
-2
5
9
7
6
8
8
5
2
2
6
10
7
5
6
11
14
16
12
7
6
3
5
8
8
7
-1
-1
-1
-3
1
4
7
5
1
2
6
5
3
1
-2
-5
-4
0
7
13
16
14
10
9
7
6
4
0
2
4
1
3
1
2
3
3
4
0
-2
-2
-3
0
2
-1
-1
-5
-10
-10
-7
-6
-3
-1
-1
1
3
10
9
2
3
2
0
3
6
5
4
4
2
-2
-4
-5
-4
-5
-5
-1
2
2
-2
-8
-10
-8
-4
-3
-4
-6
-5
-6
-9
-11
-15
-9
-2
1
1
2
5
6
5
5
3
0
1
-1
-5
-2
-1
-2
-2
3
5
0
2
3
1
2
-1
-4
-3
-4
-8
-7
-5
-6
-3
3
10
5
5
6
5
7
9
7
7
3
0
-2
-1
2
-2
-3
-6
-2
2
-2
2
3
0
-3
-6
-1
3
2
2
4
7
6
3
1
4
9
2
2
5
4
3
4
7
9
11
11
6
3
1
-2
-6
-7
-7
-11
-10
-11
-5
-1
1
0
-6
-9
-11
-12
-14
-8
-6
-4
-3
3
9
9
8
2
1
-2
-2
-3
-3
-3
-10
-3
2
2
6
4
5
10
11
8
10
12
12
8
6
3
2
2
-4
-7
-8
-5
0
-1
1
-3
-7
-8
-9
-11
-10
-7
-4
-4
-2
1
7
8
6
2
0
4
4
8
3
-1
-1
-4
-3
-4
-3
2
1
4
9
8
5
7
5
0
-3
-8
-14
-23
-26
-19
-10
-3
2
2
1
1
1
4
3
3
7
6
6
9
7
2
3
-1
1
7
8
10
4
1
-4
-3
-3
-4
-6
-10
-7
-10
-10
-6
-3
0
0
0
-2
-7
-8
-3
1
1
1
3
2
-1
-4
-3
-3
-4
0
-4
-3
6
13
10
6
2
-2
-3
-5
2
6
4
-2
-7
-7
-4
-9
-5
-4
-9
-5
-6
-6
-2
-2
-4
-8
-4
-4
-8
-2
2
3
-3
-5
-6
-9
-1
7
9
10
6
6
6
5
3
3
0
0
3
-3
-7
-8
-9
-8
-4
-4
1
5
10
9
4
2
-5
-8
-5
2
5
2
-1
-2
-1
-2
-5
-3
-1
0
-2
1
3
-2
-2
-3
-1
6
10
9
10
8
2
-3
-6
-7
-7
-3
0
2
5
11
12
8
8
7
6
3
-2
-2
3
3
0
-5
-10
-7
-7
-11
-9
-8
-5
-5
-5
-6
-4
-2
-4
-6
-6
-4
6
7
4
4
2
2
2
3
-1
-2
-2
-4
-9
-13
-8
-6
-6
-3
7
13
10
5
6
7
6
1
-1
-2
-4
-3
-9
-9
-6
-11
-12
-5
2
7
7
11
13
10
5
2
-1
-4
-4
-5
-7
-4
-2
-5
-8
-7
-3
-2
2
5
7
10
10
4
-2
-4
-3
-4
-5
-5
-5
1
-6
-11
-5
1
2
0
-7
-8
-1
0
-5
-6
1
4
-2
-2
-4
6
9
9
9
1
1
2
-3
-12
-14
-10
-10
-7
-5
-8
-6
-4
3
2
3
8
11
9
1
-1
-8
-12
-8
-5
-1
2
13
22
17
10
-2
-9
1
6
8
6
1
-6
-14
-15
-10
-5
1
3
7
7
6
6
4
1
2
-2
-5
-8
-4
0
-3
-2
1
4
-4
-10
-6
-9
-1
11
12
9
6
10
9
6
0
-4
-5
-4
7
8
9
9
5
11
8
5
13
15
12
10
12
11
12
6
5
6
2
-1
-4
-1
7
16
15
12
13
0
-10
-8
-8
-6
1
3
3
4
-1
-7
-2
-5
-8
-1
-4
2
3
-6
3
2
-4
-2
0
1
0
0
-1
0
2
11
12
6
6
4
-8
-12
-3
-2
-7
-14
-14
-12
-11
-18
-17
-3
10
8
-12
-14
3
3
-1
-8
-12
-9
-14
-22
-14
-3
-2
-7
-5
1
12
14
2
-3
3
8
7
0
-2
3
10
12
13
13
9
12
8
-3
-2
-1
0
0
0
-9
-19
-19
-17
-13
-14
-9
2
5
3
3
-3
-6
-7
-9
-9
-6
-3
-8
-10
-4
-3
-1
1
-5
2
2
-1
7
3
6
9
4
3
-4
-1
-1
0
10
12
12
14
13
8
4
7
5
3
7
6
6
0
-12
-2
3
-1
-1
-5
-1
6
3
1
5
14
13
11
8
3
8
12
6
5
-1
-3
3
-4
-7
-10
-13
-9
-11
-9
1
11
15
11
9
8
5
-1
-2
2
0
-10
-10
-5
3
10
4
5
6
8
14
18
17
9
7
3
0
1
-5
-3
0
-6
-2
-5
-3
-3
-16
-8
-2
-7
-3
-5
-4
1
4
3
-5
-8
-6
-8
-9
-10
-1
6
5
3
0
1
3
10
15
9
7
4
-3
1
7
7
8
8
16
16
5
5
4
0
5
-1
5
3
1
7
-2
2
4
-2
-6
-3
3
-1
-1
-2
-3
5
1
-2
0
-3
-2
-5
-7
-5
-1
-1
4
11
7
3
-6
-8
-7
-8
-10
-9
-6
5
10
6
10
10
13
16
8
0
-2
-10
-10
-10
-9
-2
1
3
-3
-8
-9
-5
-2
-7
-10
-2
4
3
2
5
12
15
6
-5
-3
5
3
4
2
1
4
-3
-8
-5
-5
-5
-4
-9
-13
-12
-10
-9
-7
-7
-4
-1
-6
-6
-3
2
3
-4
0
-5
-8
5
1
4
15
7
0
-4
-7
1
7
9
7
1
1
5
3
-5
-11
-11
-10
-14
-17
-11
-13
-9
0
-5
-4
-1
0
0
8
8
6
-1
-3
2
-7
-5
-1
-4
3
0
-3
-6
-10
-1
6
11
16
13
11
11
5
3
0
-3
-2
-3
0
-5
-3
3
3
-5
-13
-12
-6
-1
-2
-1
-1
11
8
5
4
4
9
6
12
9
16
24
7
6
-3
-7
3
2
5
11
3
8
0
-7
-2
-4
0
-8
-7
-2
-4
-1
-13
-11
-3
-11
-14
-20
-19
-10
-19
-15
-9
-11
-1
0
1
9
14
21
17
5
-1
-9
-5
-3
0
4
0
5
12
8
6
6
2
-4
-3
-2
-6
-12
-9
-2
-2
-6
-4
1
0
6
2
-8
-4
-7
-8
-5
-5
9
14
17
16
-2
-2
-3
-6
-7
-16
-18
-18
-11
-6
-3
5
7
9
14
8
3
6
13
8
-2
-6
-1
-2
-5
-2
3
6
8
3
-1
6
4
0
2
-1
6
3
-3
7
7
4
6
-2
-6
-4
0
9
2
-6
-1
-3
0
-3
-2
0
-5
-4
-4
-12
-6
-2
-3
4
4
-2
-7
-8
-6
-9
-10
-10
-2
3
-4
-2
-9
-7
3
-1
0
0
1
8
4
9
8
2
7
-5
-12
-7
-2
7
-2
-8
-6
-5
6
-1
-1
0
1
9
5
10
9
3
4
3
-2
-9
-5
-8
-9
-10
-9
-7
-2
5
1
2
8
6
7
-2
-8
-5
-4
-3
-1
0
7
5
2
-1
-4
-3
-5
1
2
2
5
-1
-8
-4
-5
-3
0
-4
5
6
10
4
-2
3
-4
-9
-5
-1
8
7
7
4
-3
2
3
4
2
1
4
4
0
3
0
5
6
7
3
-7
-5
0
7
11
9
9
6
1
-3
-11
-9
0
-1
-4
-9
-6
1
-6
-6
2
6
8
8
11
5
1
-5
-9
-4
-2
2
12
9
8
8
-3
0
-5
-5
-3
-9
-5
-6
-2
6
1
0
1
0
2
3
8
8
5
11
6
1
3
0
-3
-9
-3
2
-2
3
-1
-4
5
0
-5
-2
-1
3
-5
-11
-7
-7
1
2
-8
-10
-8
-4
-6
-6
5
4
3
9
4
5
4
4
1
-7
0
2
-6
-7
-7
2
1
1
7
4
11
10
6
5
0
3
-4
-10
0
1
1
-2
-8
-4
-8
-8
-4
-2
4
3
-5
-6
-7
-11
-8
-12
-7
-1
1
6
9
7
5
7
8
12
10
1
1
-1
1
12
4
1
-7
-10
-3
-6
1
1
2
14
12
11
15
8
10
11
11
10
0
-1
1
-1
1
0
6
13
10
2
-6
-4
3
2
-7
-11
-11
-10
-10
-15
-14
-8
-1
-3
-11
-10
-4
1
-1
-5
-2
-1
4
8
6
9
10
12
10
7
6
2
-2
-3
3
9
3
-5
-5
-6
-6
-4
-2
0
-2
2
1
5
7
3
0
-5
-7
-8
-8
-10
-10
-7
-7
-7
-7
-7
-4
0
2
2
4
-1
-3
-1
-2
0
0
-4
-1
0
-4
-1
0
1
2
5
1
0
4
6
10
9
5
2
2
5
6
7
9
9
7
4
2
4
3
1
1
1
-1
2
5
7
7
11
16
12
5
6
3
-4
-8
-11
-6
-5
-4
-4
-1
4
9
6
-1
-3
-7
-8
-8
-6
-2
2
-2
-4
-5
-5
3
5
1
-2
-4
-7
-7
-10
-6
-3
3
10
6
4
4
5
3
0
-1
-5
-7
-11
-15
-19
-11
0
6
9
8
5
4
-3
-2
0
3
6
4
0
-5
-6
-7
-13
-16
-12
-6
-4
-6
-7
-5
1
5
10
14
11
14
14
4
-2
-2
-3
-6
-8
-11
-11
-10
-3
8
11
15
20
17
14
12
13
10
6
3
3
6
1
-8
-11
-13
-7
-3
-1
5
6
4
2
-1
-3
-4
-7
-9
-13
-18
-21
-12
1
3
3
4
7
9
7
3
-1
-2
3
3
4
5
0
-3
-7
-3
-1
-2
-3
-2
1
-1
-4
1
0
-4
-4
-6
-4
2
3
1
-2
-3
1
-1
-5
-3
-3
-7
-5
-5
-9
-11
-12
-11
-5
4
12
11
3
6
2
-7
-16
-17
-13
-11
-8
-4
-1
5
10
8
5
7
9
11
11
10
6
6
6
1
-4
-7
-5
-4
1
2
3
4
7
9
7
3
3
5
5
3
0
3
4
2
0
-4
-6
-4
-2
-1
4
9
13
16
8
2
-1
-3
-4
-8
-9
-6
3
7
5
1
0
3
8
13
17
17
13
5
-8
-14
-17
-18
-18
-17
-13
-1
0
-2
1
7
7
2
-3
-9
-12
-14
-19
-14
-9
-7
-1
-5
-6
1
1
4
4
1
2
-1
-1
-1
0
5
7
8
6
2
-6
-7
-4
0
8
5
14
20
19
21
12
1
-2
-6
-9
-13
-14
-8
-4
-4
-6
-8
-7
-6
-8
-13
-13
-10
-6
-6
-5
-8
-5
-1
3
8
8
9
6
6
5
7
4
3
13
19
20
18
18
21
16
11
7
4
1
-3
-7
-9
-7
-4
-2
-8
-11
-9
-9
-6
-11
-18
-13
-7
-1
0
-3
1
3
3
2
0
1
-3
-5
0
3
7
11
9
7
6
6
1
-4
-3
-7
-10
-12
-8
-7
-7
-8
-9
-5
-3
2
1
3
6
3
1
-2
-3
-2
0
9
8
-1
-3
-4
-3
0
3
3
7
9
9
8
12
13
9
6
-2
-3
-4
-10
-12
-11
-13
-12
-1
1
4
10
11
12
10
4
4
3
3
4
-2
-3
-5
-4
-2
-3
0
8
14
15
17
16
11
5
-4
-5
-3
-5
-11
-15
-17
-11
-6
-5
-2
4
6
7
3
0
0
3
0
-6
-6
-4
-3
-2
-1
2
8
11
8
5
5
-1
3
-1
-3
-8
-12
-11
-13
-13
-18
-16
-13
-9
-8
-6
-4
0
7
7
3
-4
-8
-2
1
4
8
8
6
7
7
8
6
9
8
3
2
2
5
-1
4
9
5
4
-3
-6
-2
-4
-6
-7
-8
-5
1
2
-4
-7
-9
-11
-3
-1
1
4
5
3
-3
-4
-4
-2
-2
4
6
6
9
9
10
10
14
12
12
11
9
10
7
4
4
1
-4
0
-4
-5
0
-1
-4
-5
1
3
3
1
5
6
2
3
0
-1
-1
-4
-5
-11
-16
-16
-14
-5
3
11
12
11
14
10
11
10
8
10
8
7
4
-4
-8
-13
-7
-6
-5
-6
-7
-6
-4
-2
-3
-7
-2
0
0
5
3
7
7
1
-1
-7
-6
-5
-3
-2
0
-6
-9
-9
-8
-5
-7
-3
4
7
4
3
5
5
0
-5
-5
-8
-4
1
3
10
14
10
5
-2
-4
-5
-9
-6
-6
-4
-2
1
1
0
-2
0
1
2
4
0
-2
-9
-7
-5
-8
-5
-4
1
3
3
6
6
6
6
2
-1
-7
-8
-9
-6
-8
-10
-4
-4
0
4
8
10
10
6
12
9
4
5
1
0
-2
0
-3
-2
1
3
6
7
7
7
4
3
-2
-8
-11
-9
-15
-20
-15
-10
-6
-6
-2
0
0
-2
-7
-12
-15
-13
-13
-11
-12
-4
2
2
3
-1
5
13
12
7
5
8
12
11
9
8
3
5
6
7
6
6
6
5
4
5
6
6
4
3
2
-2
-2
-2
-4
-3
-5
-6
-3
-1
-3
-2
2
3
4
5
4
0
-2
-5
-6
-1
5
5
6
9
4
1
6
8
8
8
6
9
9
9
9
4
3
5
1
0
-5
-2
-7
-7
-6
-12
-12
-9
-8
-4
5
9
7
4
-1
-3
-2
-4
-5
-4
-7
-5
-4
-5
-5
-4
-5
-9
-11
-10
-6
-9
-7
-7
-6
-5
-1
2
2
7
8
6
3
-1
-7
-9
-6
1
9
9
5
0
2
3
4
4
3
6
8
6
3
2
2
1
-7
-11
-7
-7
-5
-3
-4
-1
-2
-1
-5
-5
0
1
1
2
-3
-2
5
0
-2
-3
-10
-7
-3
-5
2
3
0
-1
-2
-5
-7
-6
-3
0
1
-2
-5
0
4
2
0
-2
0
3
5
0
-2
-2
2
4
5
8
10
5
1
-9
-9
-8
-10
-5
-6
-6
-3
0
5
1
-2
0
7
8
6
4
-2
-7
-3
-2
-3
-1
1
3
5
8
9
8
7
3
-3
-3
0
-1
-2
-1
-2
2
3
-1
1
1
-3
-3
-2
1
6
5
7
7
3
1
0
0
-3
-4
-1
4
5
4
3
-1
-2
-1
5
12
11
11
15
10
6
4
1
1
-1
-4
-2
-2
-2
1
3
3
4
5
6
-1
-3
0
1
2
1
-4
-4
-3
1
2
1
1
3
-4
-10
-10
-10
-9
-9
-6
-1
1
7
10
8
12
10
6
1
2
1
-6
-8
-11
-10
-2
2
3
0
2
-1
-8
-6
-9
-8
-6
-9
-3
2
5
4
3
-1
-1
-1
0
1
-1
-2
2
0
1
8
8
8
10
8
7
11
10
7
2
0
1
-2
-3
-3
-6
-8
-9
-10
-6
-8
-11
-10
-7
-5
-4
-1
-2
-3
-1
0
0
-3
-2
-4
-4
-2
-3
0
6
9
9
4
1
-1
-4
-4
-5
-8
-7
-7
-14
-16
-18
-14
-6
-3
-1
-1
1
1
0
7
8
6
3
-1
-5
-6
-5
0
3
7
8
4
5
2
-2
6
9
11
9
4
0
0
-1
-2
3
-2
-4
-5
-3
-5
-7
-6
-5
-4
-2
-2
0
0
-3
-2
0
3
6
1
0
2
-5
-5
-11
-15
-13
-12
-4
4
9
5
-3
-5
-3
-8
-10
-6
-5
0
5
9
8
5
3
3
2
5
4
2
2
4
2
3
10
12
10
7
12
13
4
1
-1
-6
-3
-4
-3
-2
-1
5
5
6
9
8
10
10
10
5
4
4
-1
-10
-7
-6
-8
-8
-5
0
0
0
-3
-4
-2
-1
4
0
-1
2
4
6
6
5
5
8
11
8
5
6
5
3
4
0
1
2
5
8
4
2
3
-1
-8
-6
-9
-10
-8
-6
-9
-12
-10
-11
-10
-10
-9
-4
-1
1
2
4
8
8
8
9
10
11
3
1
6
9
6
1
0
0
-1
-7
-9
-7
-1
2
-2
-2
1
6
5
2
5
0
-1
-3
-5
-10
-10
-5
-7
-4
-4
2
10
9
14
16
14
6
1
-4
-7
-2
4
6
6
9
8
4
6
6
3
5
6
4
-3
-5
-2
-1
-1
-3
-4
-1
-1
-1
-1
-1
0
4
6
0
-3
-4
-10
-14
-13
-12
-13
-9
-7
-11
-4
1
1
3
2
6
3
1
-1
-7
-8
-8
-7
-9
-12
-2
5
7
12
12
11
4
-1
-5
-6
1
1
4
3
9
16
9
5
2
-6
-12
-7
-4
-3
-1
-2
0
0
0
-1
-2
-4
1
4
2
4
3
1
0
1
-1
-2
11
9
9
14
9
4
2
3
2
-2
0
3
5
7
6
4
3
0
2
-3
-9
-6
-4
0
0
-2
-7
-11
-6
-4
-5
-3
1
0
2
3
2
0
-2
-6
-11
-15
-15
-18
-20
-13
-11
-9
-10
-2
4
5
10
8
-1
-2
2
-2
-10
-11
-7
-6
-3
-2
-1
3
1
1
4
3
6
11
13
17
22
26
25
24
17
7
5
6
3
-2
0
4
2
4
4
3
6
4
2
-3
-4
-6
-7
-6
-3
0
-2
-2
-3
-3
-6
-6
-2
5
6
14
20
20
14
10
6
4
5
-1
-1
-2
0
-2
-8
-6
-3
1
2
-3
-8
-10
-14
-15
-17
-17
-16
-15
-12
-14
-10
5
10
15
18
9
3
-3
-7
-7
-8
-9
-4
-1
1
4
8
8
11
16
15
16
15
15
14
8
1
-3
-8
-11
-7
-4
-3
-2
-2
-1
0
2
1
2
5
3
0
-3
-1
-8
-8
-4
-12
-13
-6
-6
-4
2
4
3
-1
0
2
4
6
5
6
6
5
5
2
2
2
1
-4
-7
-8
-10
-11
-11
-9
-4
-3
-3
-8
-9
-1
5
0
-3
-9
-8
-6
-10
-10
-6
-1
-1
-6
-5
-3
-3
3
6
6
14
13
11
4
4
8
6
1
0
0
-1
-3
-7
-7
-10
-8
-7
-2
6
8
7
9
11
7
8
10
13
8
2
-1
-9
-9
-7
-7
1
5
6
3
0
-1
-1
-1
-2
0
3
1
-2
-1
-6
-5
1
7
8
9
9
12
10
-3
-5
-8
-14
-12
-8
-8
-1
8
6
1
3
5
0
-3
-1
0
4
5
2
-8
-11
-11
-6
-1
3
7
2
6
7
2
-2
-1
0
-2
-2
1
3
0
0
-4
-9
-10
-11
-9
-7
-5
-1
1
1
7
8
4
4
3
3
2
0
2
6
7
8
4
3
2
1
8
12
12
14
7
6
3
-3
-5
-9
-8
-7
-2
2
0
-2
0
-1
-2
-4
-2
2
-4
-7
-12
-9
-2
-1
2
6
6
4
0
-6
-12
-14
-14
-7
0
0
-2
0
0
-6
-6
-4
-2
-2
-8
-13
-8
-4
-8
-8
-7
-9
-8
-3
-6
-2
3
10
12
7
10
12
14
12
8
11
12
11
7
4
6
7
3
-1
0
3
5
4
3
2
-3
-12
-18
-14
-13
-13
-7
-1
0
1
3
0
-3
1
3
7
11
10
8
1
-1
-2
-7
-7
-2
1
5
12
16
14
14
11
3
-2
-1
0
-4
-7
-7
-8
-4
0
-2
-6
-8
-8
-4
-6
-5
1
-5
-7
-5
-6
-1
3
8
6
3
5
1
2
0
1
3
4
1
-2
-1
-3
-2
-2
3
12
10
8
6
1
-5
-8
-7
-5
-3
-3
-2
0
-2
0
1
8
7
2
-7
-11
-10
-9
-12
-10
0
5
9
9
9
9
14
10
3
4
1
0
1
0
1
1
4
6
8
10
11
13
10
11
10
4
-1
-1
-5
-2
-3
-5
-5
-5
-2
-4
-12
-13
-13
-14
-11
-9
-7
-8
-11
-8
-6
-7
-6
-1
1
0
-3
-6
-9
-8
-1
2
3
0
0
1
-4
-5
-5
-4
-1
2
-2
-2
-5
-11
-13
-12
-9
-10
-13
-9
-7
-5
3
3
2
5
7
7
4
-3
-4
-3
-6
-5
-1
5
9
7
4
5
6
7
4
-3
-6
-2
0
-2
-4
0
2
2
4
1
5
7
6
4
6
7
8
10
11
13
13
10
6
3
2
3
-1
-2
8
16
16
13
7
3
-2
-6
-4
-5
0
5
6
5
2
0
2
2
3
4
2
4
-5
-10
-11
-13
-12
-11
-7
-8
-6
-3
-6
-3
0
0
1
-3
-5
-6
-5
-8
-1
5
5
6
1
6
7
3
1
2
5
2
0
-1
2
7
8
5
3
5
3
0
1
1
-2
-3
-1
2
-1
-1
-1
0
3
3
2
-1
0
0
1
-1
-1
-2
-3
0
2
4
3
7
4
2
3
7
8
0
-6
-6
-3
-2
-3
-3
-3
-2
-4
-2
4
6
6
4
3
2
-3
-5
-3
-4
-1
2
3
1
-7
-6
-8
-8
-3
-2
-3
-4
-2
-6
0
4
4
5
2
-3
-5
-2
-1
4
8
7
7
6
0
0
1
1
-1
0
2
-1
-1
-3
-8
-7
0
-2
0
2
-4
-3
0
3
1
-2
2
5
0
-3
0
-1
-4
-7
-11
-11
-5
-5
0
5
3
1
-1
-3
-5
-3
-2
-3
0
2
0
-1
-1
-1
1
-1
-1
1
0
1
1
-2
-2
-2
-7
-8
-2
-1
-4
-2
-1
-1
2
3
1
3
0
3
5
3
3
3
-3
-3
-5
-4
-5
-4
4
7
7
4
-1
-1
5
7
4
2
3
7
6
3
2
4
2
0
3
0
1
3
-2
-6
-7
-7
-6
-3
1
1
2
6
6
8
8
5
4
-3
-9
-7
-8
-3
-1
-1
1
1
4
1
-3
-7
-4
-5
-3
-1
1
3
7
10
8
4
5
7
6
7
10
10
5
7
10
7
6
6
6
8
10
7
2
1
5
1
-3
-2
-6
-8
-4
-1
-2
2
3
3
4
4
4
5
8
8
6
5
2
-1
-1
-1
-4
-3
-4
3
8
3
-3
-3
5
5
3
3
0
-2
-4
-7
-8
-7
-8
-8
-11
-14
-9
-10
-8
-13
-18
-16
-16
-12
-5
-1
9
16
16
15
13
10
4
-2
-3
-4
-3
0
-3
-3
-1
-2
-2
3
2
0
-2
-9
-12
-11
-14
-16
-10
-9
-6
-4
-5
-5
-2
0
2
1
-1
2
1
-1
1
3
3
4
7
5
5
5
-4
-9
-8
-11
-12
-13
-11
-5
-1
-3
-5
-3
-3
-6
-5
-4
0
2
1
-4
-7
-7
-3
-2
-1
2
2
-1
-5
-4
0
0
-5
-4
-6
-9
-9
-3
2
5
7
7
9
10
9
10
9
10
8
5
8
13
10
5
3
3
7
6
4
0
0
4
3
5
8
4
1
0
0
2
0
-3
-4
-4
-2
-1
-3
-3
-4
-2
2
3
3
4
1
1
3
3
0
-2
-4
-9
-5
-3
-1
-1
-3
-5
-12
-11
-7
-2
-1
-2
1
6
10
6
0
-3
0
0
-5
-3
2
0
2
3
0
1
-2
-1
-1
-2
-4
-3
-3
-5
-5
-4
-3
-4
-5
-6
-5
0
3
6
4
5
9
8
7
7
7
8
7
6
8
9
13
14
9
5
-1
-5
-3
1
0
-1
2
0
0
0
0
4
5
4
2
0
-2
-5
-8
-8
-4
0
5
3
6
8
10
9
6
5
3
-2
-6
-6
-7
-8
-7
-3
-2
-3
-1
-1
-2
-4
-3
-3
-3
-6
-9
-8
-3
-2
0
4
8
10
6
9
11
9
9
4
1
-3
-3
0
-1
-3
-8
-5
5
11
15
15
12
10
5
1
-4
-5
2
2
-3
-1
4
9
10
7
6
5
0
-2
-4
-8
-8
-5
-5
-1
0
-1
-2
-6
-8
-5
2
1
-1
2
4
5
2
-3
-7
-12
-14
-11
-3
3
1
0
-1
0
4
6
5
8
10
9
6
3
5
0
-4
-8
-11
-6
-2
1
0
-2
-4
-4
-3
-3
-2
-2
-1
-3
1
4
2
0
-1
-2
-5
-3
3
9
10
9
5
2
1
-2
-3
-3
0
0
1
5
5
2
-2
-3
-4
-4
-4
-3
2
5
4
-2
-5
-7
-8
-5
-4
0
2
1
2
5
6
2
-2
-3
-4
-5
-7
-7
-7
-7
-9
-8
-6
-4
-7
-4
1
5
7
4
4
5
5
8
9
12
13
14
16
11
3
0
-2
-1
4
10
10
7
0
-3
-7
-7
-7
-7
-6
-6
-7
-8
-12
-11
-9
-13
-11
-5
-3
-3
-2
-2
-3
1
2
3
1
0
3
4
0
-3
0
-1
-3
-6
-6
-3
-2
-3
-6
-6
-7
-8
-6
-8
-8
-6
-6
-6
-5
-2
2
3
2
-3
-6
-6
-6
-6
-5
-4
-3
0
1
-2
-7
-8
-6
-3
0
-3
-2
-1
5
5
-1
-3
-1
1
1
1
3
5
7
8
12
14
13
10
9
12
9
4
0
-1
1
1
-2
-3
-2
0
2
6
6
9
11
8
4
5
6
9
8
5
8
12
12
12
10
8
4
-3
-6
-8
-8
-4
-5
-5
-2
0
3
1
-3
0
2
2
0
-1
-5
-12
-14
-12
-11
-7
-6
-7
-4
0
1
3
4
6
6
8
10
5
-2
-3
0
2
6
11
10
7
3
2
5
3
-1
4
6
5
3
2
0
0
-2
-6
-5
-1
0
-8
-14
-12
-9
-4
0
-1
0
-1
-5
-6
-5
1
4
3
1
-6
-9
-9
-9
-7
-5
-2
-2
-5
-7
-3
-1
1
2
4
7
10
8
4
6
9
3
2
3
-2
-3
-2
-5
-6
-5
-9
-12
-12
-8
-8
-9
-10
-9
-5
-11
-10
-5
1
3
1
0
-7
-10
-5
-2
-1
5
8
7
9
12
11
10
16
15
15
11
6
4
0
-2
-3
-3
1
3
0
-2
-1
2
5
6
5
1
0
1
5
5
1
2
2
4
6
5
2
-3
-4
-6
-10
-7
2
9
7
11
14
9
4
-3
-9
-13
-11
-11
-16
-12
-4
1
3
1
0
0
-2
0
1
1
0
2
1
-1
-1
-1
0
1
0
2
1
4
8
9
12
7
-1
-5
-11
-14
-13
-8
1
2
2
2
3
1
-3
-6
-9
-11
-5
-4
-1
6
15
18
11
4
2
0
2
0
0
1
-1
-7
-10
-10
-7
-3
-1
3
-1
-1
-5
-6
-5
-7
-9
-8
-4
-3
0
2
7
9
12
12
4
0
0
0
-1
-1
2
4
3
-1
-3
-2
-2
-7
-11
-8
-3
0
-3
-2
0
0
1
0
2
7
6
8
8
7
6
7
6
8
9
10
12
8
2
-1
1
2
-2
-5
-3
-3
1
3
6
9
1
-5
-4
-6
-5
-3
1
3
3
6
5
4
4
5
7
3
5
4
2
4
2
0
-2
0
1
3
4
3
1
-5
-8
-11
-8
0
-3
-4
-4
-4
-3
-2
1
5
13
11
5
1
-5
-4
-7
-12
-12
-13
-13
-10
-9
-6
-3
-5
-11
-10
-6
-5
-6
-8
-3
2
7
8
7
9
6
4
2
1
-2
-3
-1
1
3
2
3
3
5
8
12
14
8
3
2
1
-4
-7
-7
-3
1
-1
-1
3
7
4
0
4
9
9
5
4
3
-4
-6
-11
-10
-4
-5
-6
-6
-2
1
3
0
-6
-4
-4
-5
-1
1
0
2
2
2
7
6
3
1
3
7
6
6
7
3
0
-1
0
-1
0
2
2
1
-1
-1
-2
2
7
4
-1
-2
-5
-7
-6
-4
-1
1
4
7
6
5
4
2
2
1
0
-3
-3
-4
-12
-11
-6
-3
6
9
6
6
-1
-2
-4
-4
-5
-7
-7
-5
1
5
10
11
13
14
8
3
1
-2
-2
1
-1
-4
-7
-6
-3
-4
-6
-3
1
0
-1
-3
-7
-9
-12
-11
-10
-6
-4
-2
1
2
3
4
3
0
-2
-4
-3
0
1
0
-2
0
1
2
7
10
12
10
6
3
0
0
1
-1
-4
-7
-12
-16
-13
-6
-1
1
0
-3
-4
-6
-7
-9
-9
-8
-2
2
1
1
5
11
12
10
11
7
9
9
2
1
-1
2
1
-5
-11
-8
-6
-7
-7
-3
1
6
8
4
1
1
-2
-5
-6
-6
-1
2
-2
-6
-8
-3
-2
3
7
5
4
2
-3
-4
-6
-6
-3
-2
-4
-8
-8
-6
-7
-7
-5
-4
1
7
8
8
3
1
3
2
4
6
6
5
4
3
5
7
4
-2
-7
-6
-7
-7
-4
-6
-6
-1
0
-2
-3
-2
0
-3
-1
0
5
6
2
1
2
7
11
10
5
4
2
2
4
5
8
9
6
4
3
3
5
1
1
0
-4
-7
-9
-4
-2
2
8
13
9
3
4
6
5
8
7
3
-3
-3
-2
-2
-1
4
9
12
13
6
-1
-2
-4
-8
-5
-3
-2
1
1
3
4
2
2
7
10
9
7
-1
-15
-19
-17
-8
-1
1
5
4
-1
-1
-1
4
9
7
5
-1
-1
0
0
5
8
5
5
4
4
4
5
4
2
2
0
-3
-1
-2
-1
-5
-6
-8
-7
-6
-10
-11
-10
-7
-1
3
6
5
2
1
0
-1
0
2
-4
-5
-4
-2
2
4
3
3
3
-1
-5
-3
-1
-2
-6
-8
-9
-10
-8
-3
1
2
2
2
1
1
2
3
4
6
8
10
8
2
-2
-6
-7
-9
-10
-7
-3
-2
1
7
12
14
12
12
9
11
9
4
0
-3
-4
-2
-4
-8
-9
-10
-9
-11
-13
-10
-4
-3
-8
-4
-3
-3
-3
-3
-5
-1
4
1
2
-1
0
-1
-3
-1
1
0
-1
-3
-7
-9
-9
-7
-5
-4
0
2
1
-1
-5
-6
-4
-3
0
-2
-7
-12
-12
-9
-5
-5
-2
-2
-2
-1
-2
-2
-1
0
4
6
8
8
10
8
3
3
7
10
10
10
5
3
2
0
0
2
4
5
6
6
7
5
6
10
13
10
6
-1
-6
-6
-4
-4
-1
-2
-5
-2
2
6
5
5
3
-1
-2
-7
-6
-3
-5
-7
-5
0
5
0
-8
-12
-12
-13
-13
-10
-5
-5
-3
-4
-4
-2
-1
-2
0
2
-1
-6
-9
-9
-7
-1
5
7
8
10
10
13
14
10
8
7
6
2
-3
-3
2
7
9
7
7
5
1
-3
-5
-6
-4
-2
1
1
-2
-7
-8
-8
-4
4
8
12
9
5
-1
-1
9
15
17
15
13
12
8
0
-7
-8
-10
-12
-10
-9
-4
-3
-2
-1
2
10
10
6
3
0
-1
-3
-7
-8
-11
-15
-16
-13
-10
-2
6
6
3
2
1
2
2
3
6
10
12
11
19
20
14
7
-2
-5
-4
-2
1
6
9
10
10
10
8
8
14
12
9
5
1
2
0
-2
-5
-9
-11
-12
-9
-4
-5
-6
-6
-9
-6
-7
-4
2
4
6
7
7
7
4
6
7
5
-2
-10
-13
-8
-6
-10
-13
-11
-12
-10
-8
-7
-4
-3
-4
-11
-13
-14
-12
-5
-1
-1
-1
-5
-4
-6
-7
-1
2
3
-1
-4
0
1
6
6
5
5
3
2
0
-6
-3
0
4
4
5
6
5
7
12
16
11
8
7
-1
-6
-6
0
4
5
2
0
-2
-2
-2
-1
0
4
3
3
6
5
1
-3
-2
-1
0
3
10
7
2
2
0
-5
-9
-11
-15
-14
-13
-13
-12
-11
-6
-3
-1
2
3
-1
-5
-6
-7
-6
-5
-6
-7
-5
-4
0
9
14
18
16
9
3
0
-1
0
-2
-6
-10
-9
-11
-9
-8
-8
-6
-9
-12
-11
-9
-9
-11
-7
-7
-4
1
4
4
6
12
11
11
12
11
7
4
0
-6
-7
-5
-2
0
4
7
7
6
3
4
6
2
1
-1
-3
-2
0
3
6
15
18
16
22
20
13
6
1
0
-2
-8
-9
-11
-10
-6
-4
-3
-7
-10
-12
-16
-8
-3
-5
-5
-3
2
8
10
14
12
8
4
1
-1
-6
-7
-3
1
8
11
10
3
0
-2
-1
3
5
3
0
-1
-3
-8
-8
-4
-1
-4
-3
-1
-2
1
6
10
12
16
11
7
7
7
8
9
7
4
1
-7
-14
-20
-18
-14
-7
3
4
5
6
2
-2
2
2
1
3
-1
-4
-6
-5
0
5
7
7
7
5
2
6
5
0
2
2
0
-4
-3
1
-1
0
2
3
5
4
2
-5
-6
-2
-4
-2
0
-1
-7
-11
-7
-3
-5
-5
-1
2
5
7
6
-1
-9
-8
-10
-7
-3
-5
-4
-4
-4
-2
1
3
6
6
4
-3
-6
-1
0
1
1
-1
-2
-1
-3
-6
-5
-7
-3
3
5
-1
-3
-1
1
4
4
7
7
4
1
-1
-3
0
4
2
-1
-4
-4
-2
2
-1
-3
0
2
1
-2
-3
-5
-8
-6
-5
0
8
13
14
6
1
-3
-4
1
2
5
5
0
-2
1
6
6
-1
0
1
-2
-3
0
2
1
-4
-9
-8
-1
4
5
4
2
3
3
5
6
6
7
2
-5
-9
-9
-8
-7
-4
-3
-3
-6
-1
2
3
2
3
7
8
8
7
-1
-9
-12
-15
-13
-6
2
3
4
9
9
6
5
7
9
10
13
10
7
5
3
1
1
3
1
-1
-2
0
0
1
-1
0
2
2
4
4
2
0
-1
-5
-7
-9
-11
-7
-4
1
-3
-8
-4
-1
0
0
-3
-7
-6
-1
3
7
8
6
3
4
5
5
8
6
2
-4
-4
-4
-5
1
0
-4
1
3
3
3
1
-4
-10
-16
-18
-16
-14
-15
-13
-9
-3
2
5
5
3
3
2
5
6
5
2
1
2
3
9
12
13
8
4
2
-1
-1
4
8
11
10
5
3
3
3
2
3
-3
-7
-16
-17
-11
-4
2
4
4
3
2
2
5
5
6
7
6
3
-2
-5
-9
-11
-13
-10
-5
-1
0
1
0
-1
-3
2
5
5
7
4
5
4
0
-1
0
-1
-1
7
7
1
-3
-6
-8
-11
-17
-19
-16
-16
-16
-11
-8
-9
-7
-6
-4
0
5
8
8
6
5
7
5
2
-1
-2
1
3
5
5
4
3
4
5
-1
0
10
14
10
6
0
-1
-5
-12
-8
-5
-6
-6
-2
1
-1
3
3
4
7
6
6
3
0
1
0
-3
0
3
2
-3
-6
-7
-4
-4
-3
1
1
-1
-2
-2
-3
-10
-12
-9
-10
-6
-5
-9
-10
-9
-2
2
5
9
7
5
5
0
-5
-8
-6
-6
-5
-3
-3
-1
2
6
6
11
15
10
4
-2
-1
-1
7
12
18
13
5
4
-1
-7
-11
-11
-10
-5
3
5
5
4
4
4
5
4
4
6
6
8
3
0
4
4
-1
-7
-4
-4
-12
-14
-10
-5
-2
-4
-6
-2
-4
-17
-26
-29
-24
-18
-10
-3
6
9
8
10
11
15
14
6
4
3
10
16
18
20
21
19
14
7
2
-3
-3
0
-2
-2
0
-1
1
7
8
7
7
8
8
8
8
12
13
13
10
6
0
2
-1
0
0
-3
-6
-5
-4
-5
-2
-4
-5
-8
-6
-5
-7
-6
-4
-4
-7
-6
-6
-4
0
1
4
3
-1
-4
-5
-5
-3
5
8
8
13
18
17
8
2
-1
-2
-4
-3
-4
-10
-5
-2
-3
0
3
1
0
-1
-2
1
1
-3
-6
-8
-13
-13
-8
-3
0
-2
-3
-1
0
-3
-5
-5
0
-1
-7
-13
-14
-11
-9
-3
6
13
13
6
0
-5
-6
-9
-9
-3
-2
-3
1
5
6
8
13
15
17
14
8
4
1
0
-7
-11
-10
-9
-4
-3
-2
-1
-3
-4
-10
-14
-12
-11
-12
-17
-18
-13
-9
-8
-6
0
1
0
-4
2
9
16
21
21
22
21
20
14
10
13
13
13
11
9
5
0
-3
-4
-5
-5
-3
3
1
-1
-4
-9
-9
-9
-2
3
7
6
3
0
-3
-6
-9
-8
-4
0
1
3
3
-1
-1
-2
-4
-1
6
7
4
3
-2
-5
-4
-1
3
5
6
8
6
0
-3
-1
0
-1
-5
-6
-2
-4
-3
3
5
3
0
0
1
3
5
6
7
3
2
-1
-2
-4
-7
-4
-4
1
6
9
8
8
9
4
-1
-7
-10
-6
-6
-3
-4
-1
0
-3
-6
-8
-5
-1
1
5
8
5
4
5
5
8
10
8
5
7
5
-4
-7
-4
-2
-2
1
2
3
4
0
-6
-7
-5
-3
-2
-3
-1
-5
-9
-4
2
2
0
1
0
0
0
-2
-1
-1
-1
0
1
0
-3
3
4
3
2
1
-1
1
0
-2
-1
2
4
3
2
0
-2
-3
-4
-6
-5
-3
-4
-1
-1
0
-2
-4
-5
-3
1
2
4
4
2
-2
-11
-17
-15
-10
-6
-4
-5
0
3
3
3
1
-2
-6
-6
-3
-6
-4
-2
-2
-6
-8
-9
-13
-11
-12
-10
-6
-5
-2
-1
4
8
4
1
1
-1
0
-2
-3
-1
3
2
0
0
0
4
5
6
-2
-4
-5
-7
-9
-5
4
4
3
3
3
4
5
10
13
11
11
7
1
4
6
4
2
1
1
2
3
6
3
3
3
3
2
3
1
0
-2
-4
-2
-3
0
4
6
9
12
12
14
12
13
18
15
13
7
5
3
2
1
2
1
-6
-7
-6
-8
-9
-5
-1
3
2
1
0
0
-2
-8
-9
-7
-2
-1
4
10
11
8
4
1
-1
-1
1
1
-3
-5
-9
-13
-15
-15
-10
-7
-4
-2
-3
0
2
0
-5
-11
-8
-8
-7
-2
2
3
5
11
14
14
14
9
3
-2
-3
-3
-1
-3
-6
-4
1
5
5
9
11
11
15
11
10
5
-1
-5
-7
-4
-5
-4
-5
-9
-8
-9
-6
-4
-1
0
-5
-5
-4
-4
-10
-13
-11
-8
-4
1
5
-1
-6
-2
0
1
4
4
-1
0
0
4
6
10
10
2
-2
-3
-6
-10
-14
-15
-14
-8
-5
-6
-5
0
-2
-4
2
7
12
11
9
5
5
6
5
5
1
-3
-8
-10
-10
-6
0
-1
3
4
5
9
8
3
-5
-2
0
1
2
0
0
-5
-6
-4
-2
-3
-3
-2
-5
-5
-3
1
6
14
18
19
16
16
11
5
3
2
-1
-2
-4
-6
-2
2
3
2
-1
-4
-4
-2
0
-6
-6
-5
-7
-9
-11
-10
-9
-7
-8
-11
-8
-3
-3
-4
0
5
7
7
2
-2
-2
2
4
3
3
3
4
4
5
7
9
7
5
3
1
-4
-6
-6
-7
-8
-8
-9
-5
-3
0
2
5
8
7
6
6
5
0
-3
-6
-8
-5
-5
-2
2
6
8
4
2
3
5
6
10
7
0
1
-2
-3
0
2
3
2
0
-3
-3
-3
-1
5
6
8
7
5
2
1
-2
-4
0
2
3
3
1
0
-1
-7
-8
-7
-4
4
4
3
4
7
3
2
4
2
1
-1
-4
-5
-2
-3
-5
-7
-8
-6
1
3
1
-4
-10
-16
-14
-8
-4
0
1
3
4
2
0
2
4
3
3
0
1
2
1
1
2
4
6
6
10
11
8
10
13
9
10
13
9
6
3
2
3
1
-2
-3
-2
-1
-3
-6
-4
-6
-11
-12
-12
-6
-6
-6
1
1
2
0
-1
1
-1
1
-3
-6
-6
-6
-1
3
7
8
7
4
2
-2
-6
-5
-3
-4
-6
-8
-7
-7
-11
-10
-8
-4
-2
-4
-5
-6
-2
3
5
5
7
10
4
-1
-6
-5
1
7
10
9
9
9
5
3
6
8
3
2
-2
-5
-3
-3
0
3
2
-1
0
4
8
9
11
10
7
5
0
3
11
18
18
15
13
14
17
18
15
18
14
8
6
3
2
-1
-2
-4
-2
1
1
3
4
3
0
-3
-2
-1
-2
