7
11
10
9
8
4
-1
0
-2
-1
3
5
6
4
5
0
-1
2
2
0
-2
0
-4
-3
-3
-1
2
8
15
15
11
6
3
0
-2
2
6
7
5
-2
-3
-3
-4
-7
-2
2
0
-5
-6
-5
-9
-12
-6
-6
-4
-1
-1
-2
-7
-9
-9
-4
-1
-1
-2
-5
-5
-6
-9
-10
-5
-1
-3
-1
-3
-7
-4
-7
-5
-1
1
4
4
5
6
7
3
-2
0
0
-3
-2
-1
-1
-4
-9
-12
-14
-10
-8
-6
-1
-1
-1
-4
-7
-5
-8
-9
-9
-4
0
2
3
0
-1
-3
-6
-6
-2
1
4
8
7
7
6
6
6
5
4
5
8
7
7
5
1
4
3
4
2
5
1
-2
1
-1
1
-3
-3
-3
-6
-4
-2
-2
-2
0
-2
-5
-7
-4
-6
-11
-7
-2
2
3
3
3
8
8
3
3
1
2
2
3
3
4
3
-2
-3
-3
0
1
0
-1
0
-1
-2
-4
-4
-4
-5
-5
-1
-1
-3
-2
0
1
1
0
2
-3
-3
0
0
2
1
-5
-8
-3
-2
1
4
5
2
-3
-5
0
3
3
3
6
12
10
9
12
10
14
10
11
12
11
12
2
-5
-6
-6
-2
0
1
3
2
1
0
0
0
5
6
5
2
-1
-1
-1
-1
-4
-2
0
-1
-1
-6
-9
-6
-4
-4
0
3
4
3
2
4
4
-1
-7
-7
-5
-3
0
1
-1
-2
-1
0
3
10
10
10
8
5
3
-2
-4
-3
-2
2
4
7
6
5
1
0
0
-1
-5
-5
-5
-10
-9
-13
-12
-8
-5
-2
-5
-5
-5
-5
-3
-3
-5
-4
1
0
-4
-1
-1
-1
1
0
0
0
-4
-1
0
-8
-14
-13
-10
-10
-7
-2
2
7
8
6
5
4
1
-4
-5
-5
-5
2
7
12
9
12
8
0
0
-3
-9
-11
-9
-9
-10
-10
-11
-8
-6
-5
2
8
7
7
3
0
3
6
4
-1
-2
4
10
11
11
9
6
4
0
-4
-6
-2
-1
-2
-1
1
4
2
2
-4
-6
0
0
-2
-2
-1
1
-2
1
2
1
4
-2
-1
-2
-5
-6
-8
-4
-4
-1
4
11
9
2
-2
0
0
0
0
-2
-5
-5
-6
-3
-1
3
8
6
3
1
3
1
1
2
-1
2
3
-4
-5
-4
-2
-2
0
-1
3
4
4
3
3
6
5
7
8
7
8
11
6
1
6
6
8
6
5
4
1
0
-3
-6
-9
-9
-9
-7
0
6
3
6
5
2
-2
-5
-4
-3
1
3
-1
-1
-1
-3
-1
1
7
6
1
0
-1
-3
1
3
6
6
2
0
-3
-7
-7
-7
-3
-1
-4
-6
-10
-7
-4
-4
-3
0
0
-1
-1
-2
-3
-4
-1
3
3
2
-1
-2
-1
-4
-6
-4
2
7
7
3
2
3
4
8
7
7
2
-5
-5
-3
3
3
7
11
9
8
7
-2
-7
-4
1
4
5
6
2
0
0
0
-1
-2
-1
0
-3
0
-1
-1
-1
-2
-1
-3
-2
-1
-2
-3
-5
-2
-1
2
2
4
2
3
0
-6
-4
-4
-2
-4
-5
0
1
-1
-2
0
1
1
3
2
1
4
4
4
2
-1
-1
1
2
4
1
1
3
3
4
5
4
2
-3
-8
-10
-11
-5
-2
-5
-2
-1
-5
-5
-3
-2
-2
-4
-3
-2
-3
-4
-9
-14
-9
-4
3
8
6
6
4
-4
-8
-12
-11
-3
4
9
10
7
5
6
4
4
7
6
7
8
8
6
3
1
-3
-2
0
-1
0
1
1
-3
-1
-1
-7
-14
-15
-10
-10
-4
1
1
0
-1
-2
-1
-1
-2
-2
-2
1
0
0
2
4
6
5
1
-2
-4
-8
-5
2
7
10
8
3
-1
2
2
1
5
3
3
0
-2
-3
-2
-2
-6
-3
1
4
2
1
3
4
3
-2
-8
-8
-4
-1
3
5
2
-4
-9
-10
-8
-7
-8
-4
0
2
2
1
1
0
1
0
0
-1
2
2
-2
-2
-1
0
-1
-1
2
0
2
6
6
5
2
-1
-1
-1
-2
-4
-5
-2
0
1
1
4
4
4
2
2
3
3
0
1
4
4
6
3
4
5
6
6
8
8
6
4
0
-2
0
3
2
0
4
3
-1
-2
-2
-1
2
-2
-5
-3
-3
-2
0
-3
-7
-7
-7
-7
1
10
11
6
5
-1
-2
0
3
6
9
10
1
-3
0
3
-2
-5
-1
2
5
-2
-6
-10
-12
-10
-6
-1
2
6
6
7
7
0
-8
-7
-1
3
5
0
-4
-8
-7
-1
3
1
3
1
-5
-5
-3
-6
-10
-10
-5
8
18
17
10
5
3
2
1
0
-1
1
-3
-7
-14
-17
-13
-3
5
0
3
3
2
-7
-18
-16
-3
7
0
0
-1
-1
-3
-10
-11
-5
1
2
7
4
-2
-6
-10
-12
-6
3
8
11
13
11
6
0
0
1
9
10
10
5
1
-4
-10
-5
-1
8
14
14
10
13
8
-5
-3
-4
3
12
13
8
1
-5
-15
-15
-8
1
7
10
4
-4
-3
-13
-12
-9
-4
10
16
14
0
-5
-15
-18
-9
1
18
20
14
2
-7
-10
-13
-11
-11
2
11
11
5
-7
-15
-18
-12
-5
3
9
6
3
-5
-10
-14
-11
-2
7
12
9
8
-3
-10
-11
-9
0
12
19
13
-1
-9
-9
-8
-5
0
11
20
24
15
4
-1
-9
-4
0
7
15
16
10
0
-6
-10
-4
4
7
12
9
-3
-19
-20
-10
-1
11
20
10
-4
-7
-14
-17
-10
3
13
21
21
8
-1
-8
-11
-13
-4
9
11
3
0
-7
-18
-16
-5
4
10
21
22
5
-8
-16
-22
-17
-4
9
8
6
-1
-13
-15
-12
-7
-1
7
13
6
-4
-9
-16
-22
-16
-3
6
12
14
5
-14
-21
-18
-4
15
21
24
16
3
-11
-21
-20
-13
0
11
12
12
-1
-17
-20
-21
-10
6
23
26
15
4
-16
-32
-24
-8
9
20
28
21
3
-6
-14
-13
0
14
20
21
13
-4
-15
-17
-11
-1
9
19
15
9
-4
-14
-21
-20
-7
2
11
15
5
-8
-20
-29
-17
3
11
27
24
13
-1
-17
-26
-23
-5
9
16
22
10
-7
-20
-22
-11
7
25
30
26
15
3
-13
-14
-11
-2
11
18
18
13
6
-3
-7
-6
5
21
26
27
17
0
-11
-16
-11
0
13
21
22
13
-3
-18
-19
-14
-1
12
21
21
11
-2
-14
-16
-19
-8
4
12
16
10
0
-18
-24
-16
-2
13
14
7
-5
-17
-18
-13
-10
-4
7
11
8
9
1
-11
-17
-18
-17
-3
12
11
2
-7
-13
-17
-13
-1
7
11
8
2
-7
-17
-23
-26
-17
-4
9
13
14
12
-2
-9
-10
-4
9
13
8
0
-10
-11
-14
-16
-9
-1
3
1
3
1
-2
-8
-18
-15
0
14
21
12
9
5
-10
-13
-5
5
11
14
9
-5
-9
-6
-7
-3
11
21
17
11
8
3
-4
-4
-1
-1
10
14
8
-2
-7
-10
-14
-6
6
10
7
-2
-10
-14
-6
1
1
2
4
1
-6
-10
-7
-4
-6
-5
-6
-2
7
5
0
-5
-6
-3
-8
-4
4
5
5
4
-3
-7
-7
-4
-2
5
8
8
5
2
-3
-6
-6
3
11
7
7
3
-5
-5
-4
3
5
9
7
1
0
-5
-3
-1
2
9
11
11
9
0
-4
-2
-3
-4
3
9
8
1
0
-6
-7
-1
-1
-7
-7
3
2
-1
-1
1
-2
-7
-2
3
6
7
2
-2
-6
-5
6
10
11
7
4
0
-2
1
0
-1
-4
-3
-1
-4
-3
-8
-6
-3
3
7
6
3
1
-2
-3
-3
2
6
5
2
3
3
4
9
7
8
9
8
3
-3
-2
-3
-2
0
-4
-4
-3
-2
1
1
-6
-12
-9
-13
-10
-3
-2
-4
-5
-3
0
0
1
3
0
0
7
6
7
2
0
4
3
7
7
9
14
11
8
4
1
-4
-3
2
0
-2
-3
-6
-8
-9
-9
-12
-14
-13
-12
-8
-3
0
4
0
1
0
-3
-7
-5
-1
-3
2
-1
-5
-10
-8
0
-1
3
4
-4
-6
-1
1
2
9
11
6
-3
-4
-6
-7
-5
-5
-4
-5
-6
-2
-5
-5
-2
1
7
9
5
4
5
2
-5
-5
-4
-3
3
4
5
1
-1
-8
-7
-4
-2
1
-2
1
6
10
9
7
5
6
5
0
-5
-4
-4
-2
4
0
-5
-1
5
8
11
13
8
4
4
4
1
5
4
-2
-2
1
1
-1
-2
-2
3
3
5
8
5
1
-4
-5
-5
-2
0
1
0
-2
-4
-5
-1
1
3
4
4
-3
-6
-8
-10
-8
-7
-7
-3
6
5
6
4
3
6
7
13
9
5
2
-2
0
1
2
1
2
5
5
4
6
4
5
3
-4
-7
-9
-8
-10
-5
1
-1
-1
-4
-10
-13
-13
-9
-6
-4
0
-4
-3
-4
-7
-5
-5
0
7
13
14
13
11
5
1
1
4
0
-3
-4
-6
-7
-3
1
-1
-2
1
1
1
5
8
8
3
1
-5
-2
-1
1
4
7
9
2
2
3
-1
1
2
4
7
8
7
2
-4
-7
-5
-4
-1
-1
-5
-8
-8
-3
3
3
3
6
3
-4
-5
-3
-1
-2
3
1
2
4
-2
-6
-6
1
-3
-5
-7
-8
-6
-4
-2
-5
-5
-5
-5
-4
-2
0
-3
-7
-10
-7
0
5
5
2
-4
-7
-6
-2
0
2
4
4
5
8
7
4
5
2
2
5
4
7
12
13
10
8
3
0
0
-5
-6
-3
1
-3
-4
-5
-8
-11
-12
-10
-11
-8
-2
-2
-6
-4
-2
-3
-3
-2
1
1
1
-2
-4
-5
-6
-4
-2
-1
1
3
3
4
4
2
-1
-3
-2
0
2
8
11
13
8
2
-3
-1
6
15
14
11
8
5
1
4
5
2
1
0
-3
-4
-1
1
0
-1
3
4
4
3
-2
1
1
1
5
7
4
0
-4
-7
-10
-9
-4
-6
-4
-1
-2
-1
-3
-6
-6
2
1
1
3
-1
-5
-6
-7
1
5
5
7
6
4
0
4
-2
-5
-8
-7
1
1
3
4
2
0
2
11
8
0
-4
-9
-9
-6
-6
-4
-2
1
0
0
2
-1
0
0
2
3
1
-1
1
3
5
3
4
4
5
5
1
2
-4
0
4
-1
-5
-3
-4
-3
-1
2
1
3
7
3
0
2
5
2
-1
-5
-7
-7
-8
-3
2
3
2
-2
-3
-5
-7
-5
-8
-7
-6
-3
0
5
11
9
8
6
12
12
8
10
11
10
8
3
2
5
1
1
1
-3
-8
-9
-11
-8
-6
-7
-5
-4
1
1
-1
1
-1
3
7
4
-2
-4
-2
-6
-5
3
9
4
-1
4
1
0
2
-2
-3
2
10
6
6
8
6
0
-4
-3
-1
6
6
3
0
0
-6
-8
-8
-5
0
1
2
5
5
4
-1
-5
-9
-8
-8
-6
-6
0
5
2
4
1
-3
-4
-5
-2
5
10
9
1
1
-1
0
3
8
8
8
6
4
7
12
10
6
6
2
1
2
1
0
-1
1
0
-2
-4
-4
-5
-8
-5
-5
-7
-7
-5
-5
-2
-2
-1
3
3
3
2
-1
-6
-11
-12
-13
-16
-8
-1
1
6
7
1
-4
-6
-7
-9
-8
-8
-10
-9
-3
-4
-9
-10
-4
3
4
8
13
10
5
2
-3
-5
-5
-10
-13
-14
-7
0
0
-1
2
3
2
3
2
1
-1
-3
-5
-3
-1
-2
-4
-2
4
10
13
11
8
5
6
2
0
-1
1
2
1
3
4
7
7
4
6
4
0
-6
-9
-6
-7
-7
-5
-5
-1
3
4
4
2
3
4
6
10
4
-1
-3
-5
-3
-3
1
0
-3
2
5
6
8
14
17
10
1
-1
1
3
1
-2
-3
1
5
-1
-2
0
3
4
2
-1
-3
0
1
4
2
-1
-5
-7
-12
-13
-11
-13
-10
-7
-9
-5
-1
2
0
1
-3
-6
0
-1
1
1
-4
-2
3
4
1
2
1
2
4
1
3
4
3
1
1
2
-2
0
3
5
6
2
-1
3
6
6
5
4
0
-5
-8
-9
-1
2
2
2
5
3
2
2
2
1
6
3
-4
-6
-5
-4
-4
-5
-7
-3
2
3
3
4
4
0
0
0
1
4
3
2
-3
-2
-3
-7
-9
-7
-4
-2
1
1
2
-1
-3
0
-4
-10
-8
-5
-7
-9
-10
-10
0
10
10
5
5
7
6
4
0
-2
4
3
0
2
1
-1
-2
2
2
6
7
6
2
1
2
-3
-7
-7
-6
-3
5
8
6
4
1
0
0
-1
-4
1
2
2
1
2
3
4
3
-3
-6
-5
-1
2
5
7
7
3
-3
-6
-2
1
6
7
1
-1
2
5
2
-1
-1
0
-2
0
1
2
-1
-4
-6
-4
1
1
-2
-7
-7
-3
-3
-2
-1
0
1
-1
-1
4
7
12
12
8
5
1
-4
-3
-3
0
3
3
5
5
4
3
4
6
3
-4
-12
-19
-20
-21
-14
-9
-5
-3
-4
-8
-13
-18
-15
-10
-8
-8
-9
-10
-12
-12
-6
1
11
15
11
4
1
2
2
3
7
10
5
-2
2
1
2
7
10
14
15
11
5
-1
-1
2
2
5
5
1
-1
-2
-6
-11
-14
-9
-3
2
4
5
3
7
11
10
6
5
9
8
3
1
3
3
4
5
4
-2
2
9
7
8
8
5
1
0
5
3
6
6
-2
-5
-3
1
-1
-2
0
1
1
4
4
1
-3
-6
-8
-8
-3
-2
-2
-1
-4
-6
-4
-1
-2
-3
-3
-4
-9
-11
-8
-8
-2
3
8
9
11
10
4
2
-1
-1
0
4
5
1
1
0
1
-2
-2
0
-2
0
0
-4
-5
-5
-5
-5
-4
-1
-2
-4
-5
-7
-6
-8
-7
-5
-4
1
4
5
9
16
15
7
-3
-2
1
3
5
1
-1
-1
-1
-3
1
2
1
-1
-5
-10
-8
-8
-6
-1
-1
0
-1
2
4
6
4
-2
-5
-8
-5
1
3
2
5
4
0
-3
-1
2
5
9
4
1
0
0
-2
-3
-5
0
0
-2
0
-3
-4
-4
-3
5
9
10
6
2
-1
-3
-7
-7
-4
-2
-1
-2
-1
-5
-4
0
3
8
7
5
1
-3
-5
-8
-8
-5
-2
7
10
5
1
-1
1
4
5
2
-1
0
-1
0
-3
-3
1
1
1
1
-1
0
3
4
6
2
-5
-7
-8
-6
-5
-9
-10
-2
2
2
4
6
4
1
-1
0
-1
-1
3
3
6
8
9
7
4
5
6
2
-1
0
-1
-1
-4
-7
-4
-5
-6
-8
-12
-7
-1
-2
2
5
6
7
3
2
1
0
2
4
8
9
7
3
0
-4
-6
-3
-1
-2
-3
-5
-3
-4
-2
2
1
-2
0
1
5
6
1
-4
-2
-4
-7
-4
0
5
7
11
3
2
3
-1
-7
-6
-3
-4
-2
-2
-3
-5
-3
-1
-1
-1
-1
-2
2
1
0
-1
-2
-2
-4
-4
-7
-6
-4
-3
-5
-6
-5
-2
0
-3
-2
3
-1
1
2
0
2
2
2
2
3
6
7
5
8
8
6
6
5
5
7
8
6
5
5
7
2
0
1
3
6
5
4
1
2
2
-1
1
-3
-3
-3
-1
-1
-1
-1
-4
-1
0
-2
-3
1
4
5
4
2
0
2
-1
-2
-2
-4
-4
-2
0
-4
-5
-5
-10
-7
-6
-2
1
3
1
-8
-11
-8
-7
-8
-5
0
0
0
-3
-4
-4
-4
-3
1
5
5
3
-2
-7
-3
-1
3
5
0
-4
-5
-3
-2
-1
0
0
2
5
5
-2
1
3
5
7
4
-1
-4
-2
2
3
0
-1
-4
-9
-6
-1
-2
-2
-1
0
3
10
17
12
8
4
5
4
6
6
1
-3
-6
-8
-7
-1
0
-2
-2
1
1
5
6
5
5
3
-2
-5
-10
-13
-11
-4
1
6
6
2
-3
-1
1
1
6
0
-4
-2
-5
-6
-2
-2
-1
-1
4
2
1
-3
-5
-5
-4
-2
-2
-2
4
8
4
2
4
5
10
14
13
7
3
3
1
-3
-5
-4
0
-3
-4
0
0
2
-2
-4
-1
-3
0
-2
-1
4
8
6
0
-3
-2
0
5
6
7
5
7
5
2
2
2
6
7
2
-3
-5
-3
-2
-4
-10
-9
-5
-2
-4
0
0
-2
1
-3
-4
-6
-7
-6
-4
-1
0
5
4
1
-1
-3
0
3
4
1
-2
0
4
7
10
10
7
6
2
1
3
5
2
0
2
1
-6
-6
-2
1
1
1
0
-6
-8
-11
-8
-3
1
4
3
4
7
5
2
0
-6
-8
-7
-3
1
0
2
2
-2
-5
-6
-7
-5
0
1
2
6
3
-2
-1
-2
-2
2
5
3
0
-3
-2
-2
3
7
7
5
5
6
5
1
1
3
5
11
10
9
3
-1
-3
-4
0
-3
-4
-7
-5
-4
-6
-1
5
8
7
-1
-4
-4
-3
-1
-4
-6
-4
-1
-3
-3
-8
-8
-10
-16
-13
-13
-9
-2
-1
5
8
4
0
-3
-1
1
6
8
4
0
1
-1
-3
-8
-9
-10
-3
-2
-1
3
8
8
3
-1
-3
-3
-2
0
3
1
-2
-8
-8
-5
-1
5
6
6
5
3
2
1
5
3
-1
-3
-4
-6
-5
-2
-1
3
6
0
1
-4
-4
-1
-1
1
1
2
3
0
0
1
-2
-1
0
1
4
5
1
-1
-4
-2
1
1
5
4
5
8
5
4
5
3
1
2
-1
-4
-6
-6
-8
-6
-7
-9
-7
-3
1
1
-3
1
2
-2
-3
-2
-2
-2
-2
2
4
7
7
2
1
2
1
-1
-4
-5
0
3
3
5
2
2
1
-1
0
1
5
6
1
-5
-5
-8
-8
-4
-1
4
7
5
0
2
4
2
2
3
4
2
-1
-4
-3
-4
-4
-5
-6
-3
1
5
4
4
-1
-4
-3
-5
-1
2
6
8
9
8
1
0
-2
-5
-4
1
7
7
2
1
2
3
3
3
3
1
0
-2
-6
-11
-5
2
-1
0
4
5
7
4
1
0
4
10
12
8
3
2
2
1
2
3
3
1
-3
-5
-5
-5
-4
-7
-7
-6
-3
1
2
1
0
0
1
0
0
-1
-1
2
6
7
10
11
5
2
4
4
0
2
3
0
-4
-4
-3
-5
-5
-6
-3
0
1
1
-2
-4
-4
-4
-1
4
5
5
8
6
2
-2
-1
3
3
4
0
-2
-5
-11
-15
-15
-7
-1
0
-2
2
2
-1
3
0
-4
-1
0
0
2
-1
-3
-8
-8
-2
-1
0
5
3
2
0
-2
-5
-8
-6
-2
0
3
5
2
2
2
-2
1
3
4
2
-1
1
-1
-8
-6
-4
0
7
9
5
0
-2
-2
2
2
4
5
3
-1
-5
-5
-2
2
-2
-3
-2
-3
-1
-3
-2
0
2
4
3
-2
-5
-1
-1
-3
0
-2
2
5
4
-1
-5
-3
1
2
6
11
14
11
5
3
2
0
2
2
1
1
-2
-4
-1
-1
-1
-1
-3
1
5
3
-4
-3
-4
-5
-3
-4
-1
2
5
3
2
4
2
2
-3
-9
-11
-10
-4
-4
-3
-5
-7
-4
-4
-13
-14
-11
-5
-3
-3
-1
-4
-7
-3
1
0
3
4
3
3
4
5
3
-4
-3
2
0
0
0
0
-2
-2
-5
-10
-11
-5
2
2
5
9
6
5
6
5
0
0
4
5
7
5
7
5
4
3
5
8
11
7
-1
-1
-3
-3
-1
-1
-2
-7
-7
-2
2
4
2
0
1
1
-3
-8
-11
-9
-12
-11
-5
-2
0
1
3
1
-1
0
3
1
2
4
7
6
1
1
1
2
3
2
0
3
-1
-1
2
2
3
-1
-1
2
5
6
4
2
6
9
7
-2
-3
0
-4
-9
-6
-3
1
4
-3
-5
-3
-4
-3
-1
0
0
-1
-4
-5
-4
-2
5
7
5
7
10
6
3
2
0
5
2
1
-1
-1
-1
-2
4
9
6
-1
-2
-3
-2
3
2
-1
-2
-1
-3
-4
0
4
0
0
8
10
3
1
4
4
1
1
1
-3
-6
-4
0
6
13
11
5
1
-5
-7
-7
-2
-1
0
-1
-1
3
1
0
-1
4
10
10
8
4
0
0
-3
-7
-7
-4
0
4
8
7
5
0
-3
-1
-3
-3
0
4
8
5
-1
-2
-4
-2
0
0
-1
-2
-4
-4
-6
-4
-1
-6
-11
-13
-13
-8
-4
-2
-1
-1
-6
-4
0
0
-3
-5
-9
-11
-6
1
2
1
5
6
7
6
4
1
0
2
1
4
4
-2
-7
-6
-1
-1
0
6
9
5
2
-4
0
1
-2
-2
1
2
-3
-10
-12
-10
-8
-5
-3
-4
1
5
0
-2
2
-2
-6
-4
-7
-4
3
5
6
4
1
7
3
-5
-2
2
3
7
12
8
6
5
2
-3
-5
-1
0
-2
1
0
-1
-4
-2
-2
-1
6
6
5
-1
-5
-6
-7
-5
1
7
9
5
2
-3
-3
-1
-3
-2
-2
1
3
2
3
2
-3
-6
-4
-3
-3
-2
2
5
1
-2
-3
1
2
2
6
11
14
10
4
1
3
2
2
-2
-1
-1
1
3
-3
-3
4
7
0
-4
-3
-7
-8
-8
-7
0
0
2
3
-2
1
2
-1
-1
2
0
-6
-4
-4
-4
-1
-2
-6
-7
0
5
-1
-3
0
0
1
1
3
6
3
3
4
3
-1
-6
-9
-9
-4
-2
0
1
-3
-1
-1
-4
-3
0
-2
0
4
5
2
2
2
0
-3
-1
3
1
3
3
0
-5
-3
-1
2
6
7
4
4
5
3
7
9
8
8
7
4
3
3
1
-6
-10
-9
-9
-5
-7
-7
-6
-2
0
6
11
7
3
1
4
6
4
4
-3
-4
0
2
6
8
8
7
6
6
6
11
10
9
9
4
4
3
-2
-4
-3
-4
-9
-8
-4
-1
-1
-7
-9
-5
2
3
3
3
-1
1
0
-2
0
2
6
4
4
3
1
0
-3
-1
2
2
1
-2
-7
-11
-12
-10
-14
-14
-13
-15
-11
-10
-10
-10
-7
-5
-1
0
-2
-3
0
-3
-4
2
8
11
10
9
9
8
5
-1
-1
-2
1
8
11
5
2
3
3
0
2
4
2
4
3
4
2
2
1
-4
-4
-2
-1
1
2
-3
-7
-1
1
1
-6
-4
-4
-12
-10
-7
-6
-5
0
4
3
4
5
5
6
8
4
1
-2
1
0
-3
-4
-7
-9
-10
-6
-7
-11
-6
-5
-5
-8
-6
0
-1
-1
0
-2
-1
0
-1
-1
0
-1
-1
-4
-4
1
-1
-3
-3
-1
3
5
9
8
6
4
4
5
1
-4
-2
-1
-1
0
3
4
5
10
8
6
5
7
8
10
6
7
10
5
7
5
7
6
5
7
3
4
6
3
0
5
10
6
4
-1
0
-1
-1
2
1
3
-2
-1
-3
-5
-1
2
3
-1
-3
-4
-7
-1
3
1
2
7
3
-3
-4
-7
-10
-13
-7
-5
-7
-7
-10
-9
-7
-9
-8
-8
-6
-4
1
-2
-4
-4
-6
-4
-4
1
2
1
1
0
0
2
9
3
1
7
4
-1
2
6
8
9
5
5
0
-6
-8
-9
-10
-7
-3
3
7
7
4
-5
-2
-1
-3
-1
2
10
6
2
4
0
0
1
3
2
2
4
-1
-3
-7
-8
-8
-5
-3
-3
-2
-7
-6
-2
-2
-2
-8
-6
-2
2
6
8
4
-2
-1
-1
-1
-1
5
8
4
-3
0
0
-5
-3
2
3
5
5
3
1
-2
1
-1
-2
-4
-3
-2
-3
1
-1
-1
2
2
-2
-7
-6
-3
-4
-3
-7
-5
0
-3
-6
-3
1
5
7
5
6
4
3
-1
-4
-1
0
-2
1
5
8
8
2
1
1
-1
-1
6
1
-2
6
8
5
5
6
0
1
3
-1
-1
3
6
-1
-1
5
2
-1
2
10
9
6
4
0
-2
-4
-7
-10
-4
1
-3
3
8
5
6
5
3
-3
-6
-5
-5
-6
-9
-3
-1
-4
-9
-7
-3
-5
-8
-7
-4
0
5
4
9
7
-2
3
6
8
6
8
5
-8
-4
-4
-9
-2
-4
-5
-9
-7
-11
-9
-2
-11
-4
-1
1
0
3
2
-7
0
-1
0
2
4
2
-5
-4
-4
-3
5
3
4
10
1
-3
1
3
6
2
6
-2
-2
5
-4
-5
2
6
2
10
11
0
5
15
6
1
4
6
3
-4
1
-4
0
-3
-1
4
9
12
7
7
5
10
7
4
-3
-5
4
1
10
10
-4
-12
-13
-9
-11
-5
-3
-12
-13
-3
-5
-1
1
2
-1
-11
-1
-4
-9
-6
-2
-5
-14
-6
-16
-14
-2
4
7
13
22
0
8
5
-1
-1
4
1
-17
1
6
-2
-3
6
2
-11
2
5
-8
0
11
-8
-14
6
5
-15
1
15
-8
4
15
-6
-8
14
7
-16
8
10
-7
5
27
11
-6
26
8
-12
9
16
0
3
19
-12
-20
9
-4
-17
10
18
-6
-3
8
-4
-7
12
10
-6
5
2
-9
-11
-3
-13
-17
0
-4
-6
-4
-4
-9
-5
-7
-1
5
-3
0
0
0
0
1
-7
-7
6
-4
3
18
-7
-3
6
-5
1
5
-2
-13
1
4
-17
9
20
-2
5
18
-6
1
20
12
8
18
11
-9
1
-3
-13
0
-15
-3
1
-5
7
-5
-7
7
2
-6
11
5
-4
5
-6
-10
-1
-4
-3
-2
-1
1
14
-5
-2
11
-16
2
13
-1
8
6
-15
-10
-7
-12
7
1
2
10
-3
-9
2
-2
-7
12
-5
-5
1
-19
-12
-14
-21
-13
-4
-1
-3
-1
-2
-3
-6
0
5
-4
11
10
-14
7
13
-17
10
14
-5
10
8
18
3
3
22
-7
-7
15
17
-25
15
15
-46
10
2
-32
-7
19
-16
-22
15
-8
-17
-1
19
-8
-6
32
-7
-20
13
-4
-11
8
17
-1
-6
15
3
-12
16
13
-10
6
19
1
-9
14
10
-15
15
29
-9
3
24
-26
-7
15
5
-10
-11
16
-32
-6
16
-21
-7
9
-10
-12
5
5
-1
-8
-2
-11
-14
5
-12
-1
-2
-12
10
-6
-10
14
4
10
9
8
9
-21
28
-8
-17
24
-19
3
-4
3
-2
-19
18
14
-26
26
0
-16
16
-4
0
-21
14
5
-26
29
9
-12
9
5
4
-15
35
5
-21
19
-2
-11
-9
28
-18
4
15
-8
-1
12
12
-23
16
-4
8
6
7
2
14
-5
-8
16
-18
8
-8
-1
-11
-1
7
-21
11
3
2
-22
5
-4
-24
8
4
-10
-3
13
-11
-24
9
-4
-23
13
16
-10
-21
31
-11
-38
25
-11
-30
23
9
-23
-16
41
-28
-42
52
-12
-21
21
23
-16
-28
67
-42
-27
63
-14
-36
34
45
-61
13
58
-65
9
60
-39
-3
36
0
-46
27
21
-47
31
21
-17
2
14
-41
1
10
-24
9
-5
5
-7
18
-9
-16
45
-23
-1
30
-8
0
9
15
-18
15
34
-36
6
7
-15
-8
6
10
-5
12
-13
3
-15
-1
-2
-12
4
-15
13
-17
-4
9
-6
0
9
17
-5
9
20
-12
-32
33
-22
-28
36
-20
-13
3
22
-29
3
16
-17
5
-8
28
-21
16
23
-16
16
-4
40
-18
16
36
-29
6
-8
6
-17
-16
46
-53
-12
37
-47
-19
15
28
-45
32
45
-45
14
23
-11
-12
38
-4
-10
30
5
6
8
13
8
-8
18
5
-4
19
-11
8
-22
-12
9
-30
15
-19
-7
-23
0
10
-36
32
-5
-7
9
9
-14
-3
17
-14
-4
-9
17
-23
-2
28
-13
2
17
15
-48
40
11
-58
37
-4
-44
1
16
-51
18
26
-42
18
16
-9
-15
18
5
-18
28
-10
9
5
16
-9
-12
25
-32
9
21
-32
18
0
-28
5
26
-38
16
44
-56
32
7
-50
9
41
-29
-8
67
-47
-2
37
-33
-14
16
18
-52
16
21
-49
6
23
-47
3
33
-53
-11
21
-43
1
40
-23
20
15
-11
1
10
-19
2
-4
-1
14
5
22
-17
44
1
-1
-7
43
3
-40
56
-51
6
12
-23
-1
-7
24
-27
-21
33
10
-56
40
1
-46
17
10
-33
-25
81
-67
-20
77
-37
-16
41
23
-47
34
54
-93
51
47
-78
56
14
-13
-3
11
-19
-11
41
-34
-1
36
-19
-29
37
1
-48
59
-26
-52
54
-21
-27
2
27
-18
-19
34
-37
11
2
-7
2
-25
35
-29
12
0
5
24
-39
32
28
-32
24
4
-38
30
-2
-22
9
14
-1
-7
25
7
-22
39
-4
-50
50
-21
-31
31
-28
18
-21
29
-40
-20
38
-61
-15
22
-12
-26
10
7
-7
-35
57
-5
-23
55
-4
15
-17
43
7
-58
65
-1
-68
64
34
-103
51
48
-64
-22
75
-14
-79
114
-32
-60
74
-13
-59
21
41
-49
-1
63
-27
-39
64
-36
-42
44
-32
-5
14
4
-3
5
16
-5
20
-11
19
16
-22
8
-1
-10
-21
27
-27
-21
55
-36
1
11
17
-31
-19
43
-55
18
19
-33
-1
28
-12
-41
57
-32
-6
24
-10
12
-9
7
-20
5
7
-19
-3
16
-12
10
-6
-12
7
-16
6
-3
14
6
13
-10
-10
16
7
-23
14
4
-32
16
-26
28
-16
-7
40
-45
37
-23
-13
17
-32
27
-35
27
-2
3
13
-8
44
-23
18
31
-54
20
7
-38
-21
36
-17
-31
42
15
-31
36
24
-47
49
7
-63
26
19
-56
25
3
-46
50
14
-21
4
66
-10
-59
86
-33
-42
43
-11
-14
-4
53
-40
-14
69
-46
-12
36
11
-46
41
14
-64
51
9
-38
10
15
-34
-21
-9
6
-36
20
10
-36
32
-12
1
15
-19
16
-12
2
0
11
17
-43
67
-24
-39
72
-51
9
5
-5
-20
20
-5
-62
77
-34
-28
35
2
-12
15
30
-38
42
7
-5
-14
21
23
-35
39
-1
-13
13
16
-15
-9
39
17
-56
24
44
-55
-3
42
4
-64
39
24
-105
63
7
-68
25
7
-4
-31
-8
73
-75
4
66
-65
20
16
15
-46
6
81
-125
63
27
-52
21
-24
71
-79
49
24
-61
19
-1
13
-66
73
6
-52
61
0
5
-28
67
-17
-21
75
-65
62
-39
6
15
-36
50
-56
43
-33
-6
40
-71
37
4
-49
28
-7
-18
-8
14
-48
21
16
-41
26
-15
4
-14
-5
-9
5
-16
-21
12
-49
36
-26
5
2
-6
4
-34
47
-30
26
-12
15
8
-16
25
-26
19
-3
24
-28
11
40
-44
-10
48
-21
-43
50
-8
-43
18
36
-60
38
31
-49
36
0
-13
-15
54
-36
4
55
-47
10
53
-39
-28
52
-11
-72
46
36
-103
71
40
-85
48
65
-68
-17
121
-51
-69
141
-37
-123
153
-58
-72
84
-4
-32
-16
112
-109
-27
125
-132
38
26
-71
61
-57
34
-23
8
37
-82
92
-44
3
40
-30
25
29
-52
2
24
-40
4
-27
35
-44
21
28
-78
85
-4
-33
1
26
-3
-58
36
-29
-2
30
-13
-18
25
-4
-48
25
4
-3
19
-25
22
11
-15
-20
51
-24
-30
40
-30
-39
58
-2
-76
71
11
-55
16
76
-45
9
64
-42
-23
76
-42
-62
119
-44
-45
52
-17
-41
34
34
-76
67
50
-116
51
19
-69
37
32
-34
14
49
-52
4
39
-54
18
19
-35
5
-21
16
-27
-3
20
-27
36
-38
38
-9
-34
47
-43
13
14
-31
11
13
-22
3
17
20
-28
34
17
-35
46
-15
-20
23
-29
2
-16
-34
36
-18
-26
-21
43
-51
9
48
-42
33
24
3
-60
64
-4
-59
66
-44
10
-15
-7
27
-36
13
57
-50
17
61
-54
28
8
8
-34
33
9
-77
92
-13
-57
82
-8
-57
69
-16
-22
51
-7
-41
24
55
-123
55
82
-128
34
59
-97
-8
65
-56
-22
81
-37
-63
84
-45
-65
94
-56
-50
77
-50
-78
102
-40
-53
86
-10
-40
42
61
-67
27
101
-93
13
60
-44
-9
22
5
-40
24
41
-87
75
18
-60
106
-89
5
46
-87
4
34
13
-120
120
13
-173
166
-60
-87
100
34
-106
21
131
-147
40
59
-37
-12
67
1
-73
104
-38
-30
13
-8
2
-70
79
-86
37
30
-65
75
-85
101
-20
-3
13
-38
83
-148
33
67
-113
65
64
-56
-68
122
62
-168
203
4
-88
135
-52
-3
-36
91
-103
-44
110
-118
17
45
-92
62
-67
53
13
28
110
-148
153
-126
-11
66
-175
181
-91
-22
15
-81
126
-130
74
105
-98
129
-43
-13
6
-97
59
-39
-76
103
-87
-89
119
-175
109
50
-3
28
-121
190
-148
81
59
-185
235
-106
-173
96
-85
-32
-24
-18
83
-32
115
-41
-147
280
-151
-7
58
19
25
-162
129
-173
130
-13
64
-122
33
151
-248
270
-73
92
28
5
64
-196
95
-45
-80
60
-79
-1
56
-5
-18
-51
129
-244
299
-79
-65
166
-230
255
-319
346
-69
-272
564
-377
146
33
-26
119
-95
136
-74
-119
284
-393
214
-107
-104
454
-594
382
-149
-196
318
-323
274
-270
161
145
-475
493
-258
4
133
-251
299
-213
56
252
-408
248
180
-500
227
109
-188
18
130
-37
-166
259
-67
-384
550
-143
-239
299
-138
100
-136
183
-16
-271
443
-243
-139
335
-207
8
-140
129
105
-312
371
-283
33
216
-332
199
-303
341
-197
-126
374
-513
174
221
-348
64
120
8
-104
169
37
-404
616
-144
-261
451
-331
163
-52
-119
158
-74
112
-70
-63
-49
-60
85
-144
-29
273
-225
-19
-2
-158
46
231
0
-157
352
61
-458
263
265
-509
411
119
-498
379
-39
-466
264
179
-249
87
76
-76
-33
176
-263
186
171
-293
81
-17
127
-209
134
-191
-2
266
-319
311
-141
146
2
-246
387
-303
28
252
-186
-30
141
-179
-135
286
-60
-29
-57
400
-438
-63
402
-391
236
-236
312
-210
-192
489
-585
181
264
-470
208
-106
56
12
-375
554
-140
-303
326
149
-320
-89
617
-625
3
548
-715
125
521
-496
-71
440
-218
-174
359
-158
88
319
-416
329
192
-370
223
105
-37
-84
187
-111
-186
378
-277
-230
413
-109
-334
258
109
-310
282
112
-387
523
-82
-308
465
-180
-40
36
37
-25
119
133
-267
213
34
-206
33
175
131
-239
85
75
-146
83
-137
38
-147
230
-180
-351
487
-416
-157
162
-94
-14
-111
23
-21
-20
-164
141
103
-43
120
-58
-88
256
43
-422
287
340
-387
-112
470
-291
-175
406
-285
-101
362
-25
-353
317
221
-593
218
186
-266
208
-22
-59
21
-52
-86
-153
370
-31
-224
208
-61
-110
-50
78
-71
77
274
-284
-28
145
-54
-39
168
185
-268
105
43
-55
-48
-52
79
-230
158
-13
-150
89
27
-113
-18
-47
83
35
53
150
-127
12
-44
94
124
-144
46
82
-98
70
22
25
112
-2
-10
172
-9
29
-120
10
71
-52
37
-52
-101
64
-92
-94
57
-43
-109
11
136
-122
86
56
-138
131
-42
-80
22
-60
133
27
-62
134
-84
117
-8
23
110
-82
128
-34
-31
-72
-64
3
-146
-60
-15
-335
-7
115
-355
21
71
-249
53
9
-219
-12
39
-231
-54
150
-272
135
182
-142
108
124
11
66
169
-58
118
333
-14
33
262
1
101
161
177
30
-36
169
-204
-81
194
-105
62
54
-146
-171
-175
-22
-48
-4
62
-42
-28
-122
-116
-153
-28
151
7
4
95
-15
73
-80
-17
185
-100
165
208
-137
52
70
-289
15
230
-205
-40
239
-209
-173
59
-90
-117
7
84
22
122
179
-16
24
157
-65
48
123
163
195
89
198
-19
-20
-37
-38
32
0
143
-118
-112
19
-124
15
-44
-134
-184
-193
-159
-227
-192
-273
-280
-243
-370
-228
-109
-20
17
6
-26
-56
-4
18
105
109
224
283
259
286
162
75
142
213
189
233
284
101
73
39
-142
-177
72
40
-223
47
-31
-187
94
-19
-150
20
164
98
121
448
332
-11
35
-213
-298
128
292
384
459
344
-70
-431
-522
-311
12
187
218
-39
-386
-447
-740
-752
-336
-285
-10
131
-94
-211
-351
-344
-193
-65
140
290
438
462
193
38
-15
-1
134
268
299
314
183
45
105
37
24
61
-54
-118
-94
-247
-350
-147
-169
-149
-105
-48
-158
-214
-10
-150
-28
54
-12
256
108
102
234
287
695
822
781
333
-128
-256
-259
177
558
706
634
268
-406
-1119
-1142
-397
249
496
336
-208
-669
-1009
-1158
-815
-220
185
310
300
125
-331
-337
-326
-156
206
337
581
733
713
209
-98
-55
4
388
639
538
457
94
-406
-548
-361
-187
-49
56
-144
-469
-551
-560
-398
-161
-90
75
-18
-214
-350
-320
-201
1
282
332
510
682
450
346
434
647
859
975
780
66
-385
-316
-247
189
781
782
638
42
-1113
-1753
-985
-137
149
433
-95
-817
-1062
-1333
-1259
-368
292
300
348
312
-166
-384
-242
-182
96
366
499
886
1223
857
289
-4
-270
-11
441
650
792
532
-290
-779
-763
-745
-516
-39
94
-257
-562
-897
-959
-540
-299
-279
-41
40
-104
-149
-99
-128
40
308
499
893
873
616
509
526
673
844
1029
1471
920
-404
-693
-362
21
561
766
470
304
-534
-2153
-2097
-544
103
154
131
-623
-1220
-1424
-1546
-1231
-63
266
6
424
479
-98
-142
11
210
570
587
905
1541
1542
512
-1
-70
-7
442
804
819
608
136
-707
-840
-338
-415
-479
-136
-146
-628
-974
-1127
-981
-482
-432
-569
-69
158
-82
-97
-186
-305
-32
387
791
1124
1017
529
269
406
489
646
1320
1614
1658
994
-897
-1405
-586
-12
308
1013
791
147
-456
-1965
-2954
-1422
97
224
588
191
-990
-1540
-1864
-1927
-858
473
764
1086
1256
104
-706
-662
-332
549
1347
1608
2027
1981
951
-233
-604
-368
392
1084
1255
995
300
-714
-1465
-1270
-951
-641
57
313
-379
-1085
-1759
-1977
-1248
-532
-242
259
699
-176
-872
-798
-613
-89
807
1267
1271
986
330
-236
208
809
919
1263
1456
1203
923
386
457
908
-503
-1542
-690
261
407
857
201
-556
-710
-2276
-3695
-1005
1848
1303
752
-107
-1888
-2494
-1981
-1495
362
2011
1296
501
565
-466
-1451
-811
342
1517
1975
1449
1336
1483
381
-1025
-754
404
1358
1531
1005
238
-500
-1487
-1629
-467
267
50
-230
-488
-1174
-1573
-1684
-1121
47
512
-271
-438
106
-322
-739
-293
96
380
867
822
551
387
3
-284
441
1133
1084
907
660
252
80
14
557
1565
1878
721
-1516
-2360
-1376
-169
497
1225
862
-62
-1063
-2741
-3235
-689
1610
1563
1146
68
-1542
-1995
-1581
-1362
198
1629
1210
859
705
-519
-1395
-879
83
1132
1660
1601
1430
1111
-6
-1222
-972
326
1596
1860
1160
346
-240
-1493
-1906
-713
109
267
638
349
-971
-1683
-1883
-1881
-541
994
759
421
553
-631
-1731
-986
-2
365
1328
1630
751
-282
-961
-986
-60
1086
1418
1106
592
228
-204
-365
201
1637
1970
1402
605
-1613
-2652
-1094
301
815
1748
1187
-235
-1016
-2565
-3540
-772
1987
1622
984
-5
-1580
-2106
-1813
-1730
-53
1597
1217
791
533
-832
-1778
-1178
-77
1279
1985
1737
1453
1158
-111
-1252
-891
508
1807
1777
985
511
85
-880
-1351
-816
-199
-31
170
114
-695
-1224
-1446
-1636
-975
271
459
460
578
-552
-1588
-935
-209
1
983
1281
527
-64
-502
-597
223
1096
1084
962
638
-61
-457
-375
319
1611
1909
1404
1306
-313
-2865
-2514
-309
966
1917
1845
270
-417
-1432
-4143
-3305
1201
2831
1621
789
-1152
-2754
-2685
-2354
-1246
1427
2388
1377
738
-144
-1880
-2405
-889
1382
2900
2623
1589
918
239
-1107
-1599
-279
1820
2698
1719
456
-249
-1082
-1675
-1006
419
619
-236
-246
-364
-1628
-1979
-1578
-1265
-35
932
76
-449
-163
-925
-1375
-180
837
830
956
844
-25
-868
-678
356
1240
1612
1210
191
-555
-366
-253
-53
1163
2279
1749
802
762
-1112
-3527
-2300
403
1490
2157
1481
-484
-952
-1801
-4512
-2980
2178
3533
1746
262
-1816
-3112
-2675
-1615
-58
2406
2760
1262
366
-437
-1908
-2169
-330
2333
3389
2088
979
564
-77
-1306
-1516
-131
2234
2851
1214
-370
-1195
-1919
-1827
-271
1054
1024
106
-803
-1664
-2390
-2246
-1198
69
1381
1236
-485
-1124
-975
-1234
-379
1313
1574
1160
905
-132
-979
-846
-187
1029
2033
1604
355
-844
-1324
-878
-252
299
1358
1911
1254
385
164
-341
-2420
-2664
-181
1837
1891
1509
127
-970
-1215
-2996
-3927
357
4218
2957
829
-1098
-3096
-3152
-1591
-377
1423
2899
1828
254
-506
-1862
-2658
-1218
1563
3275
2595
976
194
-273
-1147
-1627
-754
1419
3272
2325
-52
-1385
-1948
-1902
-526
1352
1732
683
-552
-1500
-2537
-2407
-994
332
1403
1965
358
-1615
-1452
-809
-361
1173
2239
1358
545
-77
-1345
-1710
-350
1296
2009
1666
481
-1046
-1799
-1262
-207
408
881
1717
1301
64
-165
216
-811
-2317
-1112
924
1851
1941
1016
-521
-613
-1128
-3376
-2121
2656
3966
1770
-210
-2547
-3379
-1918
-478
323
1985
2201
527
-665
-1278
-2273
-2282
-38
2577
3010
1423
187
-382
-779
-1126
-1136
174
2850
3550
939
-1542
-2223
-1942
-606
1318
2195
1564
-47
-1662
-2413
-2323
-1203
328
1301
1634
894
-1367
-2513
-1397
-95
819
1671
1476
441
-345
-1353
-1766
-850
694
1855
2060
865
-739
-1615
-1529
-415
678
823
1026
1264
534
-180
68
823
-513
-1970
-687
1102
1472
1426
703
-583
-438
-1385
-3747
-1446
3248
3356
908
-966
-2901
-2920
-1201
-211
373
1689
1450
309
-432
-1438
-2243
-1485
1059
3050
2413
388
-245
-143
-333
-754
-666
812
3181
2842
-256
-2251
-2096
-887
761
1810
1469
432
-915
-1819
-2290
-2010
-428
973
1274
1247
-29
-2256
-2140
-427
353
1198
2001
967
-63
-511
-1617
-1816
-129
1776
2184
1380
-66
-1336
-1711
-934
291
931
1089
1449
758
-389
-201
625
722
-822
-1526
-397
1146
1465
1098
188
-303
-380
-2145
-3269
120
3579
2723
311
-2046
-3473
-2269
-270
195
712
1590
1074
176
-985
-2155
-2049
-258
2128
2941
1344
-381
-247
55
-201
-650
-270
1637
3528
1886
-1474
-2769
-1706
345
1765
1664
686
-23
-1167
-2140
-2242
-1256
456
1543
1265
386
-1442
-2751
-1488
423
1175
1560
1253
-99
-626
-906
-1628
-877
1333
2462
1612
30
-1274
-1682
-1059
65
975
1113
973
873
183
-330
96
1053
498
-1322
-1134
216
1151
1442
969
-355
-455
-676
-2777
-2002
2032
3469
1512
-967
-3257
-2983
-964
68
17
840
1303
734
-546
-2007
-2185
-928
1017
2469
1853
-99
-341
151
59
-236
-499
437
2863
3060
-237
-2577
-2240
-273
1805
1976
797
128
-604
-1791
-2263
-1787
108
1849
1614
225
-1154
-2690
-2292
19
1302
1625
1539
102
-1183
-1076
-1374
-1180
643
2488
2150
423
-1257
-1859
-1251
89
1240
1393
952
726
113
-660
-20
1195
1612
-73
-1382
-954
271
926
1129
657
107
10
-1678
-3169
-641
2831
2605
385
-2020
-3278
-1888
-278
-216
-8
1094
1219
266
-1423
-2309
-1264
589
1914
2040
519
-517
254
246
-49
-237
126
1713
3063
1119
-1876
-2211
-734
1167
2001
1105
109
-292
-1374
-2476
-2320
-585
1418
1859
361
-1244
-2432
-2707
-691
1336
1848
1667
623
-1132
-1529
-950
-732
563
2631
2546
556
-991
-1638
-1088
374
1372
1287
803
465
-41
-580
-210
1083
1983
473
-1626
-1783
-558
674
1300
889
58
-38
-1527
-3590
-1758
2125
3247
1481
-1267
-3361
-2432
-709
-357
137
1598
1833
588
-1579
-2794
-1509
684
2104
2160
999
-139
124
-41
-446
-183
439
1629
2817
1200
-1730
-2206
-939
677
1724
1344
323
26
-1132
-2738
-2507
-631
1445
2048
720
-1211
-2437
-2661
-954
1187
1866
1681
712
-995
-1612
-1113
-741
765
2698
2545
338
-1297
-1785
-938
633
1422
1187
697
166
-563
-1022
-534
1047
2292
2103
-766
-2993
-2256
284
1709
1805
975
216
-237
-2423
-3861
-1027
3078
3872
1585
-2143
-3736
-2133
-782
-363
892
2344
1908
-163
-2794
-3268
-998
1289
2247
2068
582
-537
-661
-1078
-489
644
1393
2194
2343
-164
-2180
-1768
-327
1459
2194
1293
255
-315
-1907
-2730
-1585
512
1961
1742
-5
-1778
-2627
-2203
-184
1492
1773
1266
-137
-1646
-1609
-1111
-280
1580
2750
1405
-750
-1686
-1597
-96
1238
1382
958
500
-417
-1094
-1069
275
1981
2561
1873
-1083
-3092
-2278
233
1571
2114
1663
526
-320
-2369
-4107
-1658
2940
4129
1988
-1611
-3545
-2529
-1228
-810
771
2823
2636
212
-3181
-3847
-1352
1227
2323
2576
1109
-747
-1406
-1755
-892
959
2097
2385
2181
-215
-2507
-2282
-337
1828
2730
1357
-121
-669
-1861
-2359
-1116
807
2072
1889
-352
-2377
-2687
-1735
208
1708
1707
826
-539
-1910
-1696
-928
43
1783
2635
991
-1062
-1892
-1325
399
1695
1556
855
351
-564
-1345
-1007
302
1926
2352
1378
-175
-2303
-2471
-763
1036
1921
2086
804
-461
-1223
-2904
-2905
500
3461
3091
594
-2336
-3024
-1736
-1036
-155
1919
3249
1850
-1446
-3947
-3093
-237
1673
2627
2267
455
-1298
-2277
-2197
-169
2024
2619
2459
1020
-1952
-3040
-1442
1024
2970
2678
653
-590
-1183
-2101
-1902
19
2145
2685
822
-2019
-3106
-2219
-538
1107
1709
1188
52
-1436
-2331
-1565
-251
1111
2427
1755
-622
-2053
-1821
-547
1228
1870
1087
491
-239
-1256
-1268
-159
1325
2381
1843
262
-751
-1467
-1475
-87
1305
1760
1597
382
-1011
-1092
-1427
-1807
72
2219
2176
751
-1362
-2483
-1497
-814
-429
1130
2344
1493
-711
-2954
-3061
-798
1029
1812
2201
1132
-945
-2405
-2463
-565
1919
2617
2262
1341
-909
-2467
-1888
99
2398
3293
1682
-87
-1053
-2235
-2253
-141
2149
2778
1402
-1219
-2503
-2235
-1333
114
1570
1899
790
-1210
-2776
-2285
-598
797
1903
1810
64
-1539
-2041
-1239
423
1592
1611
1115
23
-1340
-1615
-433
1217
2184
1721
422
-427
-671
-427
4
544
1002
1013
143
-533
-853
-569
103
113
-363
-290
229
275
-116
-556
-650
-488
-682
-832
-170
513
475
-144
-1088
-939
-244
-189
79
880
810
63
-531
-896
-363
523
956
1309
1334
228
-964
-971
44
1195
1322
707
637
241
-1101
-1675
-645
966
1688
743
-879
-1339
-994
-766
-319
480
944
527
-697
-1598
-1239
-448
382
976
744
-48
-723
-854
-211
374
653
652
458
154
-369
-565
-28
763
962
440
-176
-196
68
242
561
623
184
-292
-564
-466
-31
418
692
701
83
-876
-1263
-576
539
1058
697
3
-589
-1261
-1425
-740
598
1539
1081
-229
-1325
-1472
-971
-216
746
1316
937
-157
-1207
-1199
-259
629
1240
1439
747
-400
-1080
-783
110
834
1037
702
182
-460
-1161
-1016
37
1001
1024
211
-641
-896
-743
-366
154
654
764
186
-584
-1055
-770
-154
414
759
473
-183
-652
-706
-207
304
484
612
388
-89
-489
-608
-208
492
873
615
5
-199
-138
-195
69
269
328
450
248
-98
-247
-183
-91
15
48
82
200
107
-94
-324
-397
-439
-365
46
304
299
61
-310
-500
-405
-176
26
372
560
250
-146
-353
-241
48
157
342
507
312
-115
-418
-374
-34
250
169
110
80
-123
-368
-400
-147
136
220
97
-84
-202
-238
-185
-153
-59
4
5
52
-72
-128
-76
-71
62
57
57
139
101
105
-98
-181
-11
86
257
375
291
85
-177
-278
-39
272
395
310
148
-40
-232
-289
-132
140
412
397
36
-217
-306
-333
-192
193
365
163
-54
-278
-313
-183
-122
-16
122
228
52
-278
-262
-44
146
253
103
-47
-63
-56
80
124
96
147
120
0
-82
-106
-34
157
328
171
-110
-150
-50
-32
47
58
30
122
33
-121
-245
-339
-158
78
137
57
-17
-70
-96
-27
-145
-155
8
51
43
-116
-156
-105
-95
52
103
8
-75
-43
52
77
50
57
34
64
187
103
0
101
109
149
151
75
91
16
-10
48
71
39
-14
-13
-63
-56
-48
-120
-35
55
-27
-130
-107
11
106
111
7
-137
-184
-153
-56
45
138
166
45
-149
-227
-191
-83
214
312
205
44
-241
-306
-145
78
250
250
225
56
-115
-242
-330
-85
185
360
304
-10
-157
-228
-205
-93
-14
75
126
32
-149
-199
-202
-151
15
97
60
-88
-191
-98
-9
65
116
136
157
86
-35
-70
76
286
321
154
-6
-161
-164
40
137
150
123
-61
-175
-281
-336
-152
-24
74
79
-142
-213
-201
-117
89
54
88
114
-24
-72
-190
-123
134
268
374
207
-99
-34
-91
-56
219
225
302
277
-39
-140
-147
-116
141
260
240
156
-49
-279
-363
-236
-70
166
244
75
6
-110
-291
-234
-159
15
244
194
-20
-213
-235
-163
-21
190
244
167
99
-35
-109
-56
53
212
223
60
-76
-178
-145
82
173
142
104
-27
-181
-195
-154
-55
28
-42
-80
-153
-253
-167
-131
-69
57
-11
-65
-62
-69
-42
-46
29
71
26
35
23
15
94
161
169
213
96
-64
-44
26
157
171
92
97
55
-36
-89
-86
15
111
103
64
-111
-197
-66
-32
63
131
-10
-34
-57
-131
-111
-146
-49
37
-6
-13
-83
-82
9
8
24
2
-34
-24
-38
3
33
17
100
141
112
179
82
-24
12
-24
89
156
36
9
17
-7
-44
-61
-46
11
58
7
-118
-181
-120
-110
-171
-157
-64
57
84
36
-77
-134
-37
18
42
51
68
97
8
-34
-109
-164
29
122
100
92
-11
-16
15
-26
11
55
62
60
59
47
24
15
-20
-88
-64
-31
-38
61
67
-63
-131
-127
-99
-58
24
63
63
45
-48
-96
-29
28
32
46
38
75
91
52
76
82
104
133
85
53
6
-11
55
23
2
46
93
123
33
-25
-49
-80
15
44
-18
-6
-78
-172
-166
-221
-173
-38
23
66
36
-77
-136
-125
-144
-87
93
214
198
83
-91
-171
-110
18
182
278
203
39
-85
-149
-89
41
121
217
211
45
-61
-92
-64
16
78
75
-1
-91
-136
-134
-62
47
67
43
-14
-90
-119
-116
-10
91
94
86
67
-31
-98
-72
10
117
172
144
28
-72
-98
-115
-52
102
188
137
19
-66
-69
-37
50
89
60
33
-27
-89
-88
-34
15
34
-17
-87
-111
-101
-71
-20
-41
-95
-144
-171
-145
-74
24
45
16
-11
-82
-104
-59
-11
88
132
98
44
-43
-40
-11
-46
-7
25
14
5
-42
-38
-21
-19
22
-9
-29
-22
-98
-119
-49
-9
-8
-10
-26
-13
-9
-46
-22
9
59
108
69
56
56
37
-19
-31
34
90
123
92
32
21
26
24
46
94
98
82
59
17
31
44
33
78
85
38
11
-8
-27
-28
-3
-31
-56
-42
-62
-88
-68
-63
-62
-31
-50
-87
-83
-52
-21
-15
-23
-49
-59
-65
-65
-27
18
35
0
-42
-41
-22
-5
27
40
41
34
-9
-35
-13
45
65
51
71
35
20
15
-4
54
99
75
42
23
-13
-26
-4
35
69
65
0
-86
-126
-115
-77
-14
32
29
-9
-99
-147
-95
-8
60
102
85
19
-25
-36
0
66
127
136
90
51
44
52
92
125
119
82
23
-44
-87
-47
13
44
28
-27
-87
-121
-138
-116
-34
23
4
-60
-131
-151
-86
17
81
101
59
-16
-51
-23
52
110
141
153
80
-38
-96
-81
25
122
108
59
-13
-70
-77
-56
2
80
117
72
1
-34
-28
-11
0
-2
-10
-7
-36
-75
-63
-40
-12
13
-29
-57
-59
-59
-27
-3
10
21
12
0
-11
-11
3
35
78
117
122
92
47
-1
-2
22
39
73
93
63
8
-28
-36
-12
2
-7
-16
-29
-55
-89
-119
-86
-65
-80
-52
-45
-58
-51
-51
-22
21
10
-17
-30
-17
15
26
28
49
45
35
20
9
52
56
21
50
65
41
47
20
32
46
32
39
18
1
-27
-60
-39
11
12
-37
-93
-118
-109
-103
-81
-16
8
-30
-86
-136
-112
-52
-13
31
27
19
20
-21
-19
17
51
102
105
60
35
18
42
82
44
24
25
-7
-20
-9
27
55
36
-14
-64
-96
-75
-32
30
76
30
-27
-74
-102
-47
14
41
61
26
-55
-104
-88
-3
77
118
125
56
-33
-81
-90
-27
69
105
97
49
-23
-70
-59
14
89
119
89
19
-25
-37
-47
-25
16
16
-14
-48
-75
-52
-31
-27
-20
-41
-66
-89
-89
-43
10
34
22
-27
-70
-64
-28
19
82
94
76
48
-7
-36
-24
30
102
118
85
35
-18
-22
-15
-3
38
56
46
13
-50
-74
-60
-31
19
37
27
-10
-61
-83
-68
-20
17
11
-11
-31
-55
-67
-37
5
52
62
22
-19
-33
-29
-1
43
62
71
43
-7
-20
13
62
98
106
97
51
4
-11
-6
21
44
26
4
-22
-55
-70
-65
-23
28
23
-19
-63
-103
-104
-75
-32
11
22
7
-17
-43
-41
-6
30
69
67
35
14
-8
-6
16
26
25
32
21
9
7
0
-2
-10
-25
-37
-30
-6
11
2
-1
-13
-45
-44
-28
2
26
12
-10
-33
-48
-51
-31
9
36
33
21
-10
-40
-33
-5
34
66
65
50
37
7
1
26
46
77
99
65
29
3
-3
9
21
40
42
14
-20
-44
-45
-23
-2
0
-19
-51
-81
-100
-79
-34
-5
-3
-18
-38
-63
-54
-25
14
47
46
25
-27
-47
-15
28
57
68
65
35
2
-22
-20
3
47
81
67
33
8
-5
-7
-5
11
21
19
0
-39
-57
-37
-33
-28
-20
-25
-33
-37
-38
-29
-16
-13
-4
-7
-27
-49
-68
-46
-15
-7
-11
-22
-13
-1
-10
0
21
40
38
16
6
-4
-1
13
17
19
18
3
-20
-22
-6
7
16
30
26
1
-23
-43
-36
-16
-11
1
7
-9
-6
-3
-1
13
21
17
6
2
0
-12
-5
13
11
6
2
-6
1
19
31
33
25
17
8
0
-5
-8
-12
-9
-12
-18
-10
11
32
31
6
-23
-48
-53
-36
-10
24
42
25
-10
-56
-79
-56
-19
25
50
41
14
-17
-22
3
20
36
40
14
-12
-12
-1
22
49
62
44
8
-22
-35
-31
-8
11
20
23
2
-21
-28
-23
5
23
16
14
5
1
9
12
18
34
50
50
42
43
45
37
25
14
15
24
24
15
6
2
-5
-15
-16
-9
1
-1
-4
-14
-25
-37
-45
-38
-24
-13
-12
-30
-56
-64
-61
-42
-2
34
47
40
-31
-140
-194
-169
-66
89
222
245
158
-8
-216
-313
-241
-77
141
311
322
200
6
-194
-289
-220
-60
125
262
279
182
24
-122
-209
-190
-101
11
113
159
137
81
6
-65
-107
-128
-108
-45
30
96
135
121
59
-26
-115
-154
-131
-49
62
134
153
122
59
-9
-71
-84
-48
7
39
48
53
26
-3
-24
-39
-44
-40
-39
-18
30
44
40
29
-2
-31
-42
-39
-21
15
36
35
23
2
-19
-21
-17
10
34
48
42
12
-10
-48
-57
-35
-30
4
23
17
26
7
-13
-23
-32
-20
-8
10
24
27
40
22
12
4
-16
-3
-9
-2
16
21
42
21
7
-1
-46
-66
-76
-82
-19
26
46
57
-34
-127
-201
-209
-137
-47
54
113
123
65
-68
-145
-158
-119
-32
40
108
135
121
58
-17
-31
-45
-24
56
119
169
166
80
12
-40
-90
-49
9
28
83
72
23
-17
-46
-95
-120
-60
-53
-22
79
95
54
48
-34
-132
-139
-128
-95
33
141
148
124
79
-47
-143
-132
-139
-39
96
140
144
98
6
-122
-147
-102
-54
76
120
90
43
-46
-90
-90
-33
65
104
125
78
-2
-68
-77
-16
42
74
89
64
-2
-50
-97
-114
-62
-1
18
7
-22
-55
-57
-26
-1
18
42
42
-3
-28
-11
-38
8
46
-5
16
38
3
16
39
31
30
14
-18
-29
-21
-3
34
32
-7
25
-24
-56
-36
-39
-31
7
84
25
26
71
-17
8
69
36
53
68
1
-25
11
9
10
67
56
-14
-13
-38
-62
1
72
57
43
-15
-102
-212
-181
-51
-11
144
204
90
-17
-156
-262
-284
-62
164
216
328
253
-40
-239
-330
-333
-157
162
303
271
241
-1
-242
-267
-264
-176
59
196
209
201
117
21
-31
-79
-193
-206
-77
-4
120
326
323
203
33
-202
-455
-446
-150
42
343
527
401
53
-150
-364
-535
-263
49
299
464
466
155
-226
-251
-365
-236
21
205
387
236
112
-14
-277
-165
-66
-151
73
134
66
61
152
-21
-283
54
-109
-292
129
36
-106
267
171
-235
74
45
-255
-38
225
-228
-19
341
-237
1
120
-262
-158
208
-91
-104
465
-24
-223
247
-352
-317
321
71
42
465
38
-351
163
-176
-390
348
252
-184
276
151
-538
121
149
-219
195
194
-291
-257
166
-272
-219
442
73
-212
207
-253
-332
36
99
55
125
337
-181
-164
-20
-335
125
113
41
378
-137
-144
322
-258
-232
327
115
-186
64
260
-528
119
259
-559
394
152
-131
19
-149
136
-449
105
-7
-240
259
-4
184
-135
179
64
-468
155
-120
-131
185
209
44
46
202
-340
-201
154
148
-203
258
333
-486
254
-148
-396
407
217
-267
48
288
-491
-142
308
-286
151
417
-296
-40
20
-144
-154
213
204
-223
323
-22
-258
161
-105
11
232
-84
71
122
25
36
83
25
-297
58
59
-50
180
106
24
256
-361
-202
66
-270
288
35
74
93
128
-241
-326
32
-26
-61
42
210
-116
55
30
-160
-250
71
93
-129
54
301
-128
91
73
-448
100
-96
12
88
158
306
-252
171
-209
-157
2
-164
412
126
-67
302
-260
75
-300
28
105
-132
535
-235
-78
220
-116
-146
97
-15
-84
-47
182
-175
-15
399
-237
235
-345
-222
331
-267
243
165
249
-211
-68
21
-708
462
281
-401
471
47
-203
-371
201
-71
-352
592
-190
-15
5
-57
35
-199
402
-377
69
54
-379
265
-176
125
113
84
-71
-244
224
-500
96
436
-406
213
605
-269
-204
295
-330
-290
210
282
-151
352
452
-370
-130
-268
-466
275
197
230
345
-55
-134
-218
-618
-112
267
282
203
303
-95
-513
16
-198
-279
240
453
115
-138
278
-347
-530
598
-61
-497
546
208
-381
127
218
-632
129
373
-507
104
196
56
-221
253
-6
-265
255
-186
-5
34
100
107
22
-105
-179
172
-252
-333
513
13
-213
443
-19
-491
123
197
-323
105
428
-375
67
274
-284
-133
166
161
-8
-278
337
-220
-169
366
-135
216
99
93
195
-721
198
289
-393
254
499
-287
-283
460
-525
-463
609
-17
-81
573
-214
-130
-96
-115
-166
41
353
-163
550
-462
-98
370
-705
118
268
-138
-40
312
-284
-164
128
-143
-311
345
231
-434
439
-77
-523
358
-168
-200
546
36
-170
148
-142
-446
297
179
-307
648
-34
-402
215
-372
-157
533
-177
360
-38
-326
215
-324
-74
-98
377
-99
210
130
-344
14
33
-33
-379
567
-406
306
299
-440
477
-410
191
-262
-46
183
-281
377
107
-91
-56
-223
-266
121
-134
364
-27
157
323
-642
147
-176
81
124
106
331
-496
270
81
-514
419
-10
-16
-23
376
-162
-384
518
-141
-348
384
-82
-372
482
-57
-248
121
-80
-10
-110
-110
98
252
-231
26
195
-293
-20
532
-639
87
597
-772
486
-133
-110
242
-76
145
-385
185
-196
-31
296
-285
579
-296
-298
406
-502
175
230
164
-43
-19
-5
-352
111
-72
290
23
28
296
-420
-96
147
-86
96
82
313
-188
17
45
-356
23
54
226
-451
260
253
-689
244
146
-299
-228
428
-411
-138
531
-179
-77
-74
306
-460
-47
442
-321
-168
498
-151
-222
262
2
-62
-243
623
-418
102
348
-499
300
-241
357
-262
-135
494
-372
40
69
-108
-139
73
277
-268
139
-35
86
-42
-86
234
-280
235
-4
28
6
24
228
-715
453
194
-531
571
-99
-204
116
3
46
26
145
-61
-83
7
-64
-72
77
-25
-87
62
-261
303
-335
129
119
-130
246
-434
645
-339
-198
549
-449
73
245
149
-486
479
75
-847
989
-142
-611
705
-62
-486
406
-29
-593
505
374
-669
368
74
-538
171
309
-500
277
175
-311
-94
141
-118
-30
357
-307
-22
403
-431
25
392
-586
366
237
-503
142
216
-482
91
554
-558
85
564
-753
61
581
-759
156
681
-681
106
346
-84
-431
465
158
-790
1014
-429
-251
395
-18
-38
-347
761
-572
-270
734
-706
70
174
-79
-82
61
583
-820
333
164
-457
431
-225
344
-396
245
57
-518
372
-357
70
99
188
-10
17
65
-509
287
-229
-3
483
-243
113
208
-275
-143
35
58
-76
545
7
-345
182
-164
-121
122
58
35
146
163
-414
172
139
-330
342
-228
-44
441
-49
-141
-66
-16
44
0
182
-228
155
-289
0
199
-272
517
-310
-129
-172
166
125
-324
680
-293
-189
-105
-199
-68
-41
259
180
-369
321
-116
-228
62
-96
152
-377
1040
-161
-555
511
-454
-408
234
359
-445
565
349
-801
-22
404
-578
207
448
-284
40
115
-21
-392
429
-65
-55
110
45
49
-19
159
-110
-113
62
88
-209
339
95
-229
-29
-81
5
139
126
63
-171
88
-141
-235
191
-215
195
-145
100
2
-6
-27
-200
230
-158
104
120
213
-196
80
-149
-187
366
-259
378
-57
-135
190
-295
73
18
41
74
-255
443
-312
60
139
-502
286
-179
-9
148
66
-128
-106
331
-519
151
95
-253
200
328
-116
-444
474
-330
-236
674
-237
-214
510
-241
-160
188
146
-486
304
217
-542
445
-213
44
4
-99
-40
-73
64
-72
231
-266
143
17
-161
-54
177
-78
-4
160
-308
158
120
-100
-28
167
-29
36
33
-30
16
-47
73
152
-301
214
160
-304
267
-32
-258
-30
421
-246
-52
415
-378
-47
97
-141
-102
338
126
-575
369
-35
-376
260
-25
-129
-25
391
-309
-203
540
-507
70
187
-49
21
202
-38
-205
202
45
-164
103
187
-165
-30
16
-63
-65
174
9
-108
-4
147
-316
-15
221
-341
394
-114
-140
14
-119
-50
114
132
-257
358
-70
-189
269
-125
-122
108
101
-197
145
291
-85
-263
210
-112
-335
539
-182
-60
246
-182
-196
-24
217
-286
352
96
-393
427
-371
-76
304
-145
-51
122
-6
-258
162
63
-220
148
212
-288
-50
206
-77
-313
216
138
-384
319
144
-372
131
319
-465
69
482
-511
347
-26
-145
130
-82
51
-215
336
-5
-137
158
-223
67
171
-132
-237
272
65
-325
470
-217
-334
444
-143
-269
249
320
-438
174
29
-287
224
-39
80
-97
197
-163
43
12
-170
250
-131
48
105
-56
-67
191
3
-316
192
-85
-2
148
-203
-53
77
80
-339
197
147
-160
188
-172
-179
141
44
-85
-49
403
-345
84
251
-405
143
37
28
-277
424
-23
-554
523
-52
-363
357
-46
-128
313
25
-277
82
220
-335
209
2
-146
206
-216
136
-71
-110
162
-66
-117
128
0
-119
168
34
-92
18
143
-69
-30
9
99
-135
111
177
-142
-49
98
14
-239
77
58
-28
57
65
-131
-85
76
41
-254
194
125
-94
121
-150
167
-263
206
0
-245
383
-126
-160
114
117
-180
-140
253
-229
-56
255
-139
-188
344
-365
-51
171
-186
148
37
-140
45
179
-328
121
278
-309
180
154
-243
181
75
-189
81
148
-84
-71
137
-11
-85
-24
76
-320
188
175
-268
215
35
-199
-131
288
-255
51
304
-375
148
14
-176
-27
210
-213
-56
270
-282
174
40
-68
-32
25
-27
-101
358
-148
-69
107
-100
99
-83
223
-150
19
168
-350
190
114
-85
80
-102
-17
7
1
79
21
-21
-28
-54
87
-178
107
91
-298
238
-116
-112
47
52
3
-134
276
-240
-24
280
-97
-57
168
-79
-205
370
-68
-123
137
86
-140
-7
190
-381
280
37
-239
135
40
-45
-8
134
-196
55
65
-149
180
7
-107
63
14
52
-219
296
-217
50
324
-402
309
-63
-7
-212
123
96
-251
263
-26
-237
161
176
-371
234
92
-285
24
139
-259
45
326
-314
160
63
-214
126
79
19
-137
228
-120
-196
351
-209
-38
161
9
-175
173
49
-227
136
-8
-70
-166
221
-187
-71
195
-194
191
-24
56
-57
-115
84
-23
-12
-25
202
-95
-119
120
-202
122
167
-117
55
-1
-95
-66
-26
30
59
-155
77
-117
92
28
24
-41
62
67
-174
168
-170
181
-115
-106
148
-100
100
21
7
-71
11
62
-143
23
287
-343
129
65
-235
151
-34
20
-20
103
-117
-10
142
-123
-55
99
-147
26
205
-228
64
208
-170
32
142
-203
-19
146
-101
-199
290
-156
-191
426
-344
20
210
-156
92
37
30
-193
143
-61
-85
164
-68
39
45
-21
-33
101
54
-70
151
-120
-84
84
-75
58
63
2
-117
124
16
-122
158
-30
-29
2
29
-65
-23
235
-195
24
155
-124
64
184
-96
-68
62
3
-119
89
100
-243
213
21
-234
130
35
7
-80
103
-145
7
156
-181
92
11
-100
58
33
-98
106
94
-287
163
24
-253
151
30
-158
-1
127
-231
56
191
-177
108
-32
18
-23
-77
88
-16
-56
-108
199
-216
15
329
-220
59
160
-62
-196
291
-53
-226
275
-138
-87
35
56
-21
-113
235
-134
-12
126
-102
-95
40
97
-203
110
117
-176
22
198
-241
63
171
-182
110
-27
-1
-116
87
52
-172
171
-50
-16
32
63
-58
-21
93
-57
-101
130
-92
-32
134
-139
13
67
-22
-8
105
-88
96
-68
48
-16
-73
102
-32
9
-17
69
-139
93
29
-120
69
34
-125
55
22
-153
145
-41
-17
20
11
0
-27
114
-137
61
72
-124
5
96
-86
8
82
-55
-132
174
-95
-119
228
-129
18
9
57
-109
104
155
-295
216
-11
-154
115
28
-43
-48
175
-170
-53
263
-170
7
201
-204
39
15
19
-151
91
65
-182
164
-68
5
-43
50
-33
-35
123
-77
-40
38
-4
-72
70
-21
-71
121
-50
-21
121
-75
-20
71
-28
-77
110
14
-132
166
-107
-86
87
-57
72
-37
48
-39
-72
107
-126
60
60
-125
123
-115
-51
121
-17
-26
69
39
-113
-5
166
-159
43
155
-192
63
40
14
-107
134
16
-148
159
-57
48
14
-8
4
-66
29
-11
5
1
-20
50
-66
-36
98
-93
-50
132
-39
-119
189
-76
-139
148
-49
-103
92
113
-216
145
-6
-103
44
9
-12
-38
131
-98
0
38
4
-15
54
28
-63
102
-70
-57
80
-42
20
8
-43
39
-28
15
-27
-26
53
-46
-9
60
-81
86
-46
12
-60
93
-30
-144
221
-199
58
75
-32
-80
139
-16
-175
254
-178
9
69
-62
-63
71
24
-119
199
-120
11
131
-102
12
62
-22
-93
152
-55
-124
228
-179
16
108
-96
89
-75
82
-90
0
78
-114
140
-145
110
25
-183
193
-42
-73
94
64
-172
63
177
-239
52
173
-189
-7
236
-185
-81
298
-228
-11
206
-174
-7
60
1
-169
147
-34
-152
153
-115
37
16
25
11
-80
42
-53
-1
-12
45
-45
-22
72
-95
21
34
-77
82
-40
9
12
-49
-6
-24
19
-43
55
19
-9
9
9
16
-63
113
-47
8
61
-59
63
-75
65
1
-70
94
-72
46
-27
-18
58
-124
68
-33
-63
86
-45
-3
18
-1
3
-85
107
-71
-27
125
-130
8
81
-62
-33
66
-4
-74
77
28
-125
101
28
-84
-3
137
-105
-51
190
-187
67
49
-65
78
-16
112
-105
27
38
-101
139
-73
72
44
-79
150
-108
30
-2
45
11
-74
175
-170
50
66
-147
54
30
37
-94
73
70
-182
174
-53
-91
119
-40
-12
-4
59
-64
-4
60
-88
36
-1
-24
19
-15
20
-12
-40
29
-40
-55
33
-6
-78
39
-14
-62
23
41
-11
-14
92
-59
-18
85
-28
-52
77
27
-26
3
65
-51
-25
114
-98
-40
102
-45
-37
41
-8
-58
35
13
-68
32
14
-9
-28
11
20
-55
59
1
-16
20
-17
33
-32
21
-12
-7
-26
49
-4
-59
97
-52
-8
-9
-10
-13
-33
93
-116
19
55
-101
52
-30
9
-35
3
45
-79
69
15
-30
15
3
15
-58
90
-20
-46
37
-19
-1
-4
34
-43
42
7
-13
53
-36
44
-5
5
1
16
49
-108
130
-4
-137
163
-38
-94
93
41
-142
74
101
-204
80
54
-113
-14
88
-61
-85
167
-94
-69
103
-73
-25
-25
46
-87
-4
86
-107
49
8
-2
-16
8
85
-75
36
47
-74
40
-17
6
-17
2
65
-87
39
35
-59
36
-24
3
-2
-6
14
7
-42
19
26
-52
-4
86
-39
-32
130
-71
-10
71
-11
-10
-15
65
-20
-31
88
-11
-54
19
88
-117
-29
125
-82
-61
132
-23
-140
123
41
-152
66
86
-144
-2
108
-78
-51
85
-9
-93
48
50
-115
52
45
-66
21
-10
21
-36
-18
27
-25
20
-10
28
-45
-40
83
-69
-35
74
-28
-18
54
33
-41
51
58
-50
40
19
-9
-6
23
-8
-26
40
-17
49
-5
-34
86
-44
-16
72
-21
-54
87
1
-89
73
21
-93
61
64
-133
58
92
-134
45
66
-107
2
54
-59
-48
113
-14
-76
98
-10
-104
87
-13
-71
69
7
-23
6
33
-42
-31
34
-9
-21
5
22
-23
-28
23
-8
-43
67
12
-71
36
25
-43
-11
72
-40
-53
85
-38
-48
61
-10
-56
23
40
-87
12
71
-53
15
41
-10
-39
50
15
-70
61
26
-66
47
1
-42
10
-25
-2
-29
26
24
-11
43
-11
-13
-3
2
-1
-13
2
18
-26
0
27
-33
13
30
-7
-23
48
-13
-24
48
-37
-29
26
24
-39
29
21
-49
24
26
-18
-2
22
-26
-24
12
-21
-8
8
-19
-6
-9
-20
1
-6
-3
7
-12
-7
2
-15
-5
-5
-3
-2
-11
0
6
-7
9
8
-5
5
-8
2
-6
8
10
-24
10
0
-31
-3
14
1
8
12
8
-11
6
15
-18
9
24
-6
1
15
-7
-17
8
4
-10
8
12
-10
12
32
-8
14
18
11
18
5
11
-8
-5
0
-3
17
-3
-7
11
-17
1
13
-23
3
-3
-13
-9
-2
-3
-10
9
-14
-12
12
-2
3
17
5
10
19
1
1
18
1
13
15
-3
7
2
8
-14
0
5
-31
24
1
-16
15
-19
-12
-9
-11
-11
-7
15
-5
9
9
-4
16
9
9
6
3
0
8
-20
-2
2
-22
11
-7
-22
-2
-2
-11
-18
-6
-8
-29
16
-9
-23
16
-11
-22
7
8
4
20
20
0
3
13
-15
14
12
-10
12
5
-8
9
11
-8
12
3
-5
-1
2
-7
-14
3
-9
-6
7
13
11
8
16
7
-1
12
0
-16
-3
-7
-6
0
7
4
-7
0
-4
-21
-5
-1
-15
4
-5
-10
10
-9
-1
4
-13
10
6
2
-2
-3
-4
-12
12
-4
-1
16
-11
-6
2
-16
-11
6
-10
-11
-4
-8
-5
-3
-10
-9
6
8
18
17
0
5
1
-3
8
6
-7
-10
0
-4
0
-4
1
-2
-2
3
-8
-2
0
0
4
2
1
-3
-8
2
-5
-14
6
4
-7
6
3
-12
11
3
-12
15
14
11
26
14
-2
12
7
-3
3
5
-8
2
1
-2
9
3
-2
-8
3
-5
-7
-7
-16
-7
-9
-9
8
4
-1
9
9
3
8
3
-6
2
1
4
5
4
7
6
5
3
8
3
8
10
0
0
9
-8
-8
1
-11
-1
-2
-4
-6
0
5
4
9
4
-4
1
-5
-3
-3
-9
-8
-5
-5
-5
5
8
11
5
3
3
4
4
-1
-2
-5
-5
2
-4
-4
2
-3
2
6
4
5
9
5
-5
6
4
-9
-9
-10
-19
-14
-10
-14
-13
-13
-12
-12
-10
-11
-10
-13
-8
-2
-1
1
-3
-2
5
13
21
23
24
21
16
13
10
9
6
8
13
12
12
4
6
2
-1
5
2
-1
8
6
-1
-1
-8
-17
-10
-14
-14
-3
-10
-5
-2
-5
-7
-5
-3
-10
-7
-1
-3
-4
-6
-1
-2
-4
2
-4
-4
4
2
2
3
4
3
2
3
-7
-10
-9
-9
-1
1
1
-1
-1
0
-2
9
6
0
5
4
-2
2
9
2
5
4
4
1
8
9
-2
3
-1
-1
-1
-5
-10
-11
-12
-17
-8
-2
2
7
4
-5
-2
-2
-1
3
7
6
3
8
0
3
6
9
12
6
7
-1
0
8
7
9
8
7
8
3
-1
2
1
2
-5
-4
4
0
1
-3
-3
4
3
3
-3
-3
-1
3
3
2
11
6
-1
-2
-8
-9
-10
-9
-5
-6
-4
0
-3
-2
2
4
8
6
4
5
5
7
10
7
2
4
3
0
3
8
9
4
4
4
4
2
2
0
-7
-6
-8
-7
-6
-7
-11
-14
-5
-1
-3
-3
-7
-7
1
-3
-4
2
5
10
13
8
5
7
2
-9
-8
-6
-5
-1
-2
-7
0
6
1
-3
-7
-1
2
0
-4
-6
-5
-3
-2
-3
3
4
2
0
4
0
-3
1
-5
-4
1
0
2
4
1
1
6
9
7
1
-8
-15
-9
-8
-2
3
1
1
2
2
0
3
1
3
4
1
-3
-5
-2
0
1
-1
-1
-2
0
-4
2
-2
-5
-8
-10
-4
-4
-4
-2
-4
-5
-7
-4
-3
-2
2
-6
-5
0
2
3
2
6
3
2
3
-1
5
4
-2
2
-2
-7
-7
-4
-3
-3
0
1
-4
-3
6
3
5
6
2
-1
1
1
-4
-7
-9
-3
2
-1
3
10
9
9
6
-2
-9
-4
0
-4
1
1
6
3
1
0
0
1
5
8
1
0
7
6
0
-1
3
3
7
1
-6
3
0
1
-2
-11
-19
-21
-16
-15
-6
1
0
0
2
-2
0
1
-3
-1
5
7
10
5
-2
3
5
7
6
7
7
-1
-1
-3
-5
0
-6
-7
-6
-9
-3
-6
-9
-15
-20
-25
-24
-13
-13
-15
-6
1
3
4
6
9
17
26
34
33
27
24
19
16
12
10
8
7
7
7
4
1
3
2
2
-1
-2
-2
-8
-9
-9
-4
-3
-5
-6
-5
-4
-6
-3
-4
-6
-5
-6
-4
1
7
11
11
11
10
13
7
5
2
2
0
-1
1
-4
-7
-2
-2
-2
-1
0
1
4
1
0
-5
-16
-17
-16
-16
-12
-4
-3
-1
0
-7
-10
-5
-1
-1
-1
0
-3
-4
-3
-4
-3
3
2
4
5
3
7
7
9
8
9
5
-8
-7
-3
-4
-1
-5
-5
-4
-3
-1
-2
1
1
1
-1
-8
-7
-4
-3
-1
-5
-3
-5
-7
-7
-4
-2
-6
-5
-4
-3
2
2
3
4
7
3
4
6
8
3
4
2
-2
3
5
6
10
12
8
7
8
8
4
-2
-2
1
4
6
2
2
7
5
-1
-2
2
4
2
6
5
4
3
-2
-5
-9
-8
-4
-3
1
3
4
4
0
-2
-1
1
4
8
8
5
3
-1
-4
4
10
5
-1
1
3
0
2
-3
-7
-6
-4
0
-1
-2
1
3
0
-1
-1
-6
-14
-10
-3
3
4
6
6
4
-1
-7
-5
-6
-4
-1
-1
-5
-7
-7
-8
-6
-2
0
0
1
-1
-3
-3
-5
-8
-3
0
1
0
-1
1
3
1
2
-1
3
6
3
2
4
2
2
5
8
6
-2
-3
-3
0
1
-5
-6
-6
-5
-2
1
-1
-3
0
-2
-4
2
5
2
0
-1
-3
-9
-4
-1
1
3
1
-1
-2
-2
-1
0
1
4
1
2
4
-2
-3
4
9
6
1
2
3
5
7
8
6
4
3
1
2
-1
-4
-9
-5
-4
-3
0
0
1
6
3
6
8
3
4
2
5
0
-3
1
-4
-3
-3
-5
-1
0
-2
2
2
6
4
4
5
3
2
-6
-2
0
-1
-4
-2
2
6
8
4
2
1
3
0
3
2
2
4
0
-4
1
1
-7
-9
-13
-14
-10
-13
-14
-9
-2
2
3
6
4
1
1
-1
-1
6
9
7
3
-2
-2
-7
-10
-9
-6
-3
-4
-4
-3
-3
-2
0
-1
0
3
7
10
6
-2
-1
3
3
4
6
9
7
2
1
3
0
0
0
3
2
0
2
3
-1
-1
-2
-1
-2
-4
-5
-2
-2
-3
-3
-6
2
8
8
4
0
1
3
2
3
3
4
0
-6
-7
-10
-8
-6
-5
-2
1
-1
-5
-4
-6
-5
2
2
-1
-1
0
-2
0
0
1
8
10
7
4
1
-5
-10
-9
-5
-4
-2
-2
0
4
2
0
1
3
5
4
4
6
3
2
2
1
1
1
1
-1
2
9
9
1
-4
-5
-2
-2
-4
-6
-5
-5
-9
-7
-8
-5
1
-4
-3
1
0
1
1
5
8
3
0
-2
-3
-3
2
4
4
2
0
2
0
-1
0
6
8
5
3
0
1
4
3
-4
1
3
-1
-4
-7
-6
-6
-1
4
5
5
0
-2
-2
3
6
3
4
6
4
-1
-4
-8
-7
-3
2
0
-1
-2
-3
-1
0
0
1
0
-1
3
1
-3
-2
-5
-8
-5
-2
0
2
6
6
7
5
2
-1
-3
-7
-11
-8
-7
-3
-2
-5
-4
-3
-3
-4
-3
3
2
1
0
-6
-4
0
5
11
13
15
16
9
5
1
1
3
3
9
5
2
1
0
-1
1
1
1
0
-3
-1
-2
-9
-11
-7
-7
-2
-2
-2
-1
-3
1
4
6
6
5
4
7
8
7
11
13
8
4
5
5
2
2
3
4
-2
-3
-3
-2
0
-1
-4
-5
-12
-11
-11
-11
-9
-6
-3
-2
0
1
-2
-2
3
4
2
-1
1
0
-4
-3
-3
-4
-1
2
3
1
-4
-6
-4
-2
-7
-10
-12
-12
-10
-14
-15
-12
-5
0
0
-1
-1
3
1
0
7
13
11
8
4
2
4
5
4
5
10
9
8
6
3
1
1
5
2
-2
-2
1
4
-2
-1
-3
-1
2
3
4
1
3
3
2
6
5
3
4
3
0
-3
-3
-3
-3
-2
-4
-6
-6
-10
-11
-8
0
3
2
6
9
7
8
7
3
0
2
5
4
2
0
6
1
-6
-6
-5
-6
-7
-8
-11
-9
-11
-10
-7
-7
-6
-4
-2
0
6
2
-1
-1
-3
-7
-11
-14
-12
-3
4
9
7
9
12
10
11
12
10
7
6
8
6
3
2
3
8
11
7
5
1
-4
-7
-11
-10
-8
-10
-7
-3
-4
-6
-4
-4
-4
-5
-5
-7
-10
-13
-14
-12
-9
-3
-2
-2
-1
-2
-3
-4
-2
-3
-3
-2
0
-3
-4
-4
-4
-3
0
6
11
16
12
8
1
-1
4
6
3
6
7
6
1
1
3
3
5
4
5
5
3
-2
-4
-3
0
2
0
2
5
2
5
8
2
2
1
0
-1
-7
-9
-8
-3
3
6
9
9
7
8
8
8
8
6
5
5
4
7
5
2
-1
-1
-1
1
6
6
4
4
0
1
6
7
9
9
6
5
3
-1
0
1
-1
-4
-6
-8
-11
-9
-10
-11
-7
-2
-1
-4
-3
-2
-1
-1
-3
-1
-1
-4
-5
-3
-4
-4
0
4
5
4
3
4
4
3
7
3
1
2
2
1
3
1
0
1
1
-2
-8
-8
-3
-2
-3
-3
1
2
-2
-2
0
4
5
4
1
3
4
0
1
-2
-5
-1
2
3
2
1
3
3
0
-1
-5
-8
-4
-5
-4
-2
-2
-3
-2
2
4
2
0
1
1
2
5
2
0
-1
-1
0
-1
2
3
-3
-4
-7
-8
-7
-2
4
8
4
4
4
3
7
4
-1
-4
-1
1
0
-1
-2
-1
1
-1
-4
-2
-2
-5
-4
-1
-1
0
-1
-1
-4
-5
-8
-11
-6
-5
-2
3
3
2
0
0
-1
0
7
8
7
5
0
-6
-4
-3
0
0
-2
-3
-4
-1
3
8
4
4
7
6
5
-3
-7
-4
-5
-6
-8
-8
-2
-3
-7
-5
-3
-4
-5
0
2
3
0
-5
-6
-2
1
2
0
-2
-1
-1
3
4
5
1
-3
-4
0
1
1
1
-2
-1
4
2
-1
1
2
4
5
3
2
1
0
-1
-4
-2
1
4
4
1
4
6
6
3
3
3
5
7
5
8
7
6
4
-1
-4
-5
-5
-3
2
4
4
2
-1
-2
-2
-2
-3
-4
-2
-5
-7
-5
-2
-1
-3
-1
3
4
3
6
6
5
3
1
-1
-4
1
2
0
2
-2
0
2
2
4
4
0
-3
-1
-2
-2
-2
1
5
5
7
6
7
7
9
7
3
0
-6
-9
-8
-8
-8
-5
-3
0
-2
-3
-4
-6
1
4
3
2
-1
-1
-2
-2
-4
-2
-1
-6
-7
-8
-6
-4
-4
-3
-5
-1
4
5
5
6
7
7
3
5
7
10
6
2
2
2
6
5
4
2
3
3
1
2
-1
0
0
0
0
-3
-5
-8
-9
-6
-4
-5
-3
2
0
2
4
4
2
1
1
-2
2
1
-4
-3
-6
-10
-11
-8
-3
-2
-1
0
4
7
5
6
3
-1
-3
-1
-1
0
4
4
0
-2
-2
2
5
5
3
5
4
4
1
-2
-3
0
3
4
5
4
0
-6
-6
-7
-5
-2
-1
-1
-2
-4
-3
-7
-7
-5
-4
2
4
4
2
2
1
1
6
5
5
2
-5
-8
-6
-4
-7
-7
-4
-2
-4
0
1
-3
-1
-1
-1
2
-1
0
-2
-3
-1
2
2
0
2
2
1
1
-3
-6
-8
-6
-1
-1
0
1
-1
-1
-1
-3
-2
-3
1
3
1
0
2
5
5
4
-1
4
4
0
1
-3
-2
-2
-6
-4
-1
-1
3
3
-1
0
3
3
1
2
-1
0
5
8
4
6
8
6
7
7
5
7
9
5
8
6
4
3
-3
0
-2
-4
-3
-3
-3
-5
-2
-1
2
1
-4
-2
-4
-1
-2
-5
1
6
4
3
-2
3
3
2
2
-1
4
0
-3
-1
-2
2
0
0
2
0
0
-7
-5
-2
-8
-9
-3
-1
-1
1
5
2
0
-1
-1
-1
3
4
1
0
-2
0
3
0
2
2
-2
2
2
-3
-2
1
-4
-5
0
5
6
5
3
1
-2
1
1
1
0
-3
-4
-9
-6
-3
-5
-5
-3
4
5
4
4
2
-3
-5
-9
-9
-4
-7
-3
7
8
10
8
4
3
6
6
6
10
3
1
3
2
7
4
2
5
2
1
2
2
0
2
1
5
5
-1
1
0
2
3
7
6
1
5
4
-2
0
-4
-4
-2
-5
-10
-6
-1
-1
3
0
-4
-7
-9
-8
-2
3
4
0
-6
-8
-7
-3
3
3
2
6
1
-2
-4
-3
2
4
-1
-3
0
3
-1
-7
-6
-6
-10
-9
-6
-3
-6
-7
-9
-14
-11
-8
-4
3
6
2
1
2
-3
-7
-11
-6
0
-6
-2
2
5
8
7
10
6
0
-1
-4
0
5
5
6
6
3
-3
-6
-3
-1
2
4
5
5
0
1
1
5
5
4
9
6
2
0
2
6
0
3
2
-1
4
1
4
7
12
5
-1
6
3
0
-1
-5
-6
-3
-4
-9
-3
1
1
3
5
8
3
5
3
-3
2
1
0
-3
-5
-1
-4
-4
-8
-12
-7
-10
-7
-2
-2
-7
-9
-6
-9
-9
-8
-2
-1
-9
-11
-8
-8
-4
4
-1
-2
6
-1
-7
0
3
1
1
6
1
-7
-3
3
4
9
12
5
1
-3
-1
-1
1
7
4
2
7
5
3
5
6
11
8
1
7
8
7
3
-2
-5
-9
-4
-4
0
7
10
7
3
4
1
0
1
-5
-5
-8
-4
-1
-7
1
5
3
-5
-2
-2
0
3
-2
-6
-8
-4
-2
4
7
5
3
0
-2
-1
-1
-3
2
-1
1
0
-8
-6
-5
3
7
3
1
0
3
4
0
3
4
-1
4
5
6
5
-1
0
-5
-9
-5
-7
-10
-6
3
-1
3
6
-2
4
10
8
5
2
8
0
0
9
0
5
3
-1
-1
1
8
5
-1
3
1
3
3
4
5
4
6
0
-6
-6
-4
-5
-10
-10
-10
-10
-4
1
1
-1
1
0
1
0
-2
1
-5
-1
4
-2
-3
-4
-3
-10
-11
-10
-10
-3
-2
2
-2
-6
-3
-6
-3
1
-1
1
3
2
1
-5
2
2
-3
2
-1
-2
3
4
6
8
8
12
7
1
4
9
7
6
3
-6
-1
-3
-7
-3
-2
3
7
12
8
2
4
1
-1
1
0
-4
-5
-1
0
4
3
1
8
3
2
3
-2
6
10
12
4
-2
-1
-2
4
4
2
-2
-4
-8
-6
-1
-3
0
-1
-3
-1
-6
-9
-5
-5
-3
-2
-3
4
-3
-6
0
-1
2
-3
-4
2
-5
-2
2
3
1
-3
2
1
1
-3
-5
-7
-11
-5
-7
-2
-1
-3
3
3
10
5
2
3
-2
-4
-6
-3
-5
-1
7
4
5
13
16
10
12
7
-1
7
5
-6
-1
-2
-4
-1
-10
0
0
-11
-3
-11
-12
-7
-7
-4
-4
0
5
0
0
7
-5
-5
-1
-9
0
-3
-9
8
5
0
8
5
6
5
-3
-4
6
11
7
2
2
6
0
2
7
-4
1
3
-10
-3
-11
-10
3
-13
-6
-2
-4
-5
-4
-8
-5
-2
-7
1
-3
5
6
-9
-2
-2
-8
0
-7
-10
0
-4
-4
-1
-11
-5
4
-3
13
13
-1
7
-5
4
8
0
9
-1
0
10
6
0
9
3
2
14
4
7
3
-4
1
-6
2
1
-6
8
10
-3
3
0
-4
6
-1
-2
3
4
7
-2
-9
0
-1
-3
4
-7
-4
8
-5
0
1
-7
8
5
3
12
2
-3
-8
-9
2
4
6
9
-4
-2
10
4
7
11
5
1
-8
-7
0
-2
-6
-1
-6
-4
6
-1
0
11
7
4
-7
-7
3
-1
4
2
-4
-4
1
-4
-4
1
-1
7
6
3
6
-4
-6
-11
-12
-4
-11
-10
-3
-4
-8
-3
2
-4
-7
-1
7
6
2
-2
-4
-7
-3
5
4
1
4
3
1
0
8
7
-6
2
5
-4
3
-2
-5
-7
-10
-3
-4
0
5
-2
1
8
6
3
1
-2
1
-4
-3
6
3
-1
1
-6
-5
6
1
6
1
4
8
-5
3
6
8
7
1
-4
-7
-8
-10
-5
-2
-2
4
-4
-1
8
-3
9
0
-13
-6
-12
-6
-5
-2
8
3
2
0
2
3
7
7
4
5
4
3
-4
-1
6
1
5
3
-6
2
5
2
-4
-5
2
0
-4
1
5
0
-3
-6
-6
0
5
2
-3
0
3
4
-3
-6
-1
-6
1
5
3
4
5
10
0
3
9
0
-4
-1
-4
-5
-2
-5
-11
-1
7
2
4
1
4
4
-9
-6
-3
-5
2
4
8
11
10
4
-4
-2
2
-1
-2
7
6
1
5
-4
-4
4
-1
1
-7
-4
-1
-2
0
-6
-2
-2
6
4
5
4
-5
7
8
6
7
-7
-3
5
-2
6
9
1
-3
-6
-5
-6
3
10
11
-3
-2
-5
-18
-6
-9
-7
3
1
1
-2
-3
-1
-5
-5
1
-5
3
1
-7
5
2
-14
-3
-3
-7
12
4
-4
1
-2
-4
-5
-1
8
8
10
8
2
0
-6
-11
-4
8
10
10
-5
-11
-2
-7
-2
8
5
5
5
-2
-5
-5
-9
-9
-4
0
8
11
4
-6
-7
0
0
3
6
-3
0
2
-2
2
2
0
3
2
-4
-10
-3
6
2
0
-4
0
3
4
2
-6
-4
2
9
6
7
6
3
6
3
0
1
10
10
-2
-3
-7
-6
-9
-12
-8
-4
6
5
4
2
-5
3
-3
-4
0
-10
-2
-9
-6
-4
-5
7
10
13
5
4
3
-2
-9
-21
-11
-8
-3
4
-4
-3
-4
-8
-2
0
5
5
1
2
1
5
5
1
-5
-4
6
7
6
-3
-8
-9
-8
7
8
10
12
1
3
2
-2
0
0
-6
-7
1
-2
0
8
0
2
4
7
14
13
11
2
-1
-4
-7
-3
-1
-1
3
3
-4
-5
-6
-10
-4
3
1
4
4
1
-6
-15
-11
-8
-5
1
-3
-3
4
5
1
0
-3
-3
3
2
2
3
0
-6
-9
-6
-3
0
-1
-3
-8
-9
-6
-4
-3
-5
-2
-1
-7
4
8
8
13
9
1
-1
4
7
2
5
7
4
11
11
3
3
7
5
5
9
7
1
-5
-11
-6
-6
0
8
2
6
1
-4
-9
-13
-7
-6
2
6
6
0
-4
-1
-5
-3
-4
-2
-2
-11
-13
-13
-13
-8
-2
4
1
1
2
0
9
10
2
3
5
2
-6
-7
-7
-9
-2
-4
-4
7
7
2
4
5
10
11
8
0
-2
4
8
4
5
8
3
-1
-2
7
9
0
-1
-9
-19
-15
-8
-7
-5
4
7
4
1
2
-3
-10
-6
3
2
6
5
0
2
8
7
6
8
13
11
9
8
-1
-1
1
-4
-2
4
4
1
3
-1
-1
0
-3
-3
-1
1
-4
-5
-9
-14
-6
-5
-8
-7
-9
-7
-5
-7
-9
-10
-5
-2
-6
-1
-1
-3
3
2
8
12
6
1
3
-3
-1
7
5
10
1
1
2
-5
-3
-6
-4
7
7
1
-2
-7
-9
-7
-11
-2
8
11
11
5
5
2
-3
2
4
6
7
7
4
1
0
0
2
0
7
8
3
1
-3
-3
-5
-7
-4
0
0
-2
-7
-8
-1
5
-2
1
3
2
7
-2
-2
5
7
6
0
-2
-7
-11
-1
-4
-5
4
3
-2
-8
-9
-6
3
4
-1
1
-3
0
-8
-14
-5
-4
2
7
6
6
-4
-7
-6
-9
-4
1
6
3
6
1
-1
4
9
14
3
1
9
0
-3
-3
-5
-3
0
2
2
0
4
6
1
-2
1
-2
-1
3
-2
-5
0
3
-1
-4
6
9
6
11
12
7
2
-1
0
-3
1
5
-1
-9
-11
-4
-6
1
9
3
1
1
-2
-10
-9
-6
-5
0
5
4
-4
-1
-4
-7
-5
-1
3
3
2
0
-6
-8
-5
-5
-3
-3
0
5
3
3
6
3
2
-1
1
0
0
4
-2
-3
0
-1
1
5
6
1
-1
1
3
2
2
3
7
0
-6
-6
-3
-1
-2
1
-2
3
4
-2
-3
-5
-7
-1
-4
-7
-6
-8
0
2
6
9
6
9
5
3
2
3
5
4
3
0
-3
-3
1
-1
-3
2
6
2
2
4
1
2
4
4
1
4
6
-1
-7
-5
-4
-3
8
14
10
5
1
1
-2
2
6
8
8
10
10
1
-1
1
2
-3
-2
6
1
-3
-1
-5
-6
-6
-5
-7
-4
-1
-5
-13
-12
-10
-10
-6
-9
-10
-6
-3
2
0
3
6
9
9
12
14
3
1
-3
1
6
5
15
10
2
2
-7
-8
-4
-7
-6
-4
-6
-2
-5
-6
-7
-5
-5
-5
-1
6
4
-1
-1
-4
-1
5
10
8
3
1
-3
-1
4
4
3
9
9
6
5
5
6
1
-3
-4
-2
-1
-5
-6
-4
-8
-6
-2
-5
-2
0
0
-2
-1
2
-1
-4
-2
-5
-5
1
1
2
3
0
2
0
-2
-1
-3
0
5
1
-2
-9
-12
-9
-7
-2
0
-8
-8
-6
-9
-8
-3
1
-2
2
4
5
5
2
2
1
4
1
4
4
-5
-8
-7
-4
2
1
-4
1
0
4
8
4
6
3
2
2
-4
-4
1
4
1
0
1
5
10
8
6
-1
-3
-1
-2
1
1
-1
-2
-1
5
3
4
0
-1
-6
-13
-5
-7
-5
1
3
7
6
3
1
-3
-3
0
1
3
0
-3
-10
-7
-1
2
1
2
-1
-7
-3
-4
-5
-3
2
2
-1
-3
-1
-2
-1
2
2
7
5
6
4
-1
-2
-6
-3
-2
0
-2
-6
-3
2
5
3
3
5
5
8
2
-1
5
2
6
4
3
4
0
-4
-2
-3
0
0
-9
-8
-4
-7
-5
-4
-2
3
1
3
2
-1
7
4
4
5
2
5
3
-1
2
4
3
7
6
8
8
6
5
1
2
0
-4
-8
-4
0
-4
-2
-1
0
1
0
-2
-4
-3
2
4
6
7
2
1
-4
-3
-2
-1
0
-1
-1
-2
-6
-7
-4
0
2
3
6
7
3
1
-2
-7
-10
-12
-9
-2
0
-1
-5
-5
1
-1
-4
1
1
-1
-3
-5
0
0
0
5
1
4
8
7
8
2
0
-1
-1
-2
4
3
-5
-2
-4
-7
-6
-6
-6
-12
-4
-2
-5
0
-3
-2
-4
-1
3
3
5
13
15
16
21
18
8
0
1
2
1
4
4
4
3
2
2
2
5
2
-2
-7
-9
-6
-7
-12
-10
-11
-12
0
2
1
-1
-4
-5
-10
-12
-9
-6
-1
0
-1
1
-1
-4
-2
-2
-3
0
-1
-1
3
4
4
7
11
13
8
7
5
4
11
9
3
1
-2
-6
-5
1
5
6
9
6
1
2
3
1
-1
0
0
-1
-2
-1
0
-2
-5
-4
-4
3
4
0
-3
-1
2
0
2
9
11
7
4
1
-1
-3
0
-3
-7
-3
0
5
6
1
-4
-1
2
3
4
0
-1
-4
-5
-4
-5
-4
-2
-2
1
1
-2
-5
-3
-6
-2
-3
-7
-2
-9
-10
-8
-6
-4
-4
-4
-1
2
3
0
-6
-4
-4
0
3
-2
0
0
4
5
0
-3
-3
2
-3
-7
-4
-3
-2
-4
-4
-6
-2
0
-4
-3
1
-2
-2
0
1
7
7
6
7
7
5
4
8
5
7
10
4
0
1
-2
-4
-4
-2
-4
-1
2
1
3
5
5
5
0
-1
0
0
0
-1
-2
-3
3
3
-1
1
1
1
4
2
1
4
10
11
0
-5
-8
-7
-3
-1
5
5
3
3
1
-1
2
5
3
-2
-7
-12
-13
-15
-14
-14
-9
1
4
6
6
6
4
2
2
1
7
6
6
3
-5
-4
4
5
-2
2
3
-1
0
-2
-4
-1
-1
-5
-8
-2
1
-1
-1
-3
-2
4
0
-5
-10
-7
-2
1
3
2
2
5
3
1
-1
1
3
2
1
-6
-2
2
1
2
4
5
4
4
1
-1
0
1
3
8
9
12
15
16
13
6
6
2
-1
-1
-5
-1
0
4
-1
-4
-2
-5
-3
-1
-2
2
3
-4
-6
-9
-10
-8
-6
-1
3
4
7
5
1
1
-2
-1
1
-4
-4
1
2
4
-1
-5
-10
-11
-7
-2
