3
0
1
0
-5
5
6
1
1
6
15
16
11
13
10
11
17
9
8
5
3
4
-7
-16
-24
-35
-40
-38
-27
-18
-15
-12
-2
3
8
10
9
11
10
7
5
-4
-8
-11
-19
-25
-27
-28
-28
-29
-26
-21
-21
-16
-14
-8
7
8
7
6
8
16
11
10
-2
-8
-11
-12
-4
-6
2
-3
-11
-15
-24
-19
-12
-6
1
0
9
24
25
33
28
27
33
19
18
20
12
9
-14
-26
-30
-35
-26
-18
-13
-13
-7
6
16
17
11
10
14
23
19
17
19
4
0
-4
-13
-10
-10
-19
-19
-17
-10
-1
-5
-4
-2
-11
-11
-3
1
4
11
10
11
6
7
14
10
7
-1
-8
-10
-10
-19
-21
-16
-18
-11
-7
-2
7
10
14
10
7
9
12
12
12
13
5
-7
-14
-16
-17
-13
-6
-4
-1
-2
2
-1
-1
3
3
5
-1
-1
-1
-7
6
9
5
-2
-4
7
6
8
7
9
16
10
-1
-4
4
13
7
-5
-5
-3
-1
7
9
9
13
14
10
6
6
4
2
-4
-9
-13
-20
-12
2
8
10
10
7
2
1
-7
-17
-10
-12
-6
3
-5
5
3
7
20
9
12
14
7
13
10
-3
-10
-16
-18
-19
-14
-10
-8
-5
-11
-7
-1
7
27
29
18
13
-3
-6
1
-5
-4
0
-4
2
12
10
12
10
12
14
1
-1
-7
-12
-9
-13
-16
-17
-19
-16
-11
-7
-6
-8
-2
2
7
8
1
-6
-2
-6
-9
-10
-11
-2
-2
0
4
9
9
7
5
7
11
12
10
0
-4
-2
-2
4
7
7
6
7
8
12
10
5
6
0
4
0
-6
-6
-12
-12
-15
-19
-16
-10
-9
-6
1
2
-1
-2
5
0
3
3
-7
-4
-8
-8
-3
3
-4
-4
2
0
4
7
9
14
12
9
6
3
-1
-7
-13
-12
-13
-19
-13
-7
-4
-5
-9
-8
-2
1
8
11
10
6
-1
1
9
18
19
23
15
10
6
-1
-5
-4
4
11
8
0
-5
-5
-1
6
8
4
10
3
-5
-9
-8
-2
-1
-4
-7
-12
-17
-16
-13
-10
-9
-11
-1
9
9
6
8
11
12
23
21
18
11
6
0
5
9
-1
-2
-2
-2
-4
-11
-16
-19
-15
-10
-14
-19
-15
-17
-20
-16
-10
-4
5
9
4
4
2
-3
-3
-2
4
9
10
3
1
1
3
10
13
13
12
14
10
7
6
4
-1
-2
-1
1
11
11
10
4
-8
-9
-3
2
1
-5
-13
-17
-14
-14
-11
-11
-12
-10
-3
5
2
-2
-8
-7
-7
-12
-11
-13
-13
-10
-10
-2
3
12
16
18
16
11
12
9
8
13
15
5
-1
-4
-9
-3
1
6
11
7
7
3
0
2
7
8
0
-3
-2
-2
2
-1
-6
-6
-3
-6
-8
-4
-1
-1
-4
-5
-9
-9
-1
0
1
6
9
6
6
8
10
9
7
6
5
1
-7
-16
-13
-10
-10
-15
-19
-16
-10
-6
-1
8
10
13
12
11
12
9
14
9
2
1
-4
-7
-5
-1
2
3
8
8
5
8
4
8
15
8
3
2
3
4
2
-2
-2
-3
-9
-17
-21
-16
-13
-9
-5
-8
-3
1
1
1
-1
-3
-4
-4
1
3
3
2
2
-2
-2
2
1
3
-1
-6
-6
-12
-12
-10
-3
-2
-3
-1
3
2
1
8
4
-1
-4
-13
-21
-25
-26
-21
-13
-15
-8
-7
-9
0
5
9
10
15
20
25
28
22
11
4
6
6
1
0
-2
-1
0
-3
6
10
16
14
11
11
7
12
11
8
5
7
15
22
21
10
1
-4
-9
-4
-1
-10
-12
-12
-11
-9
-5
-1
-1
0
2
5
-2
-4
-4
-6
0
0
3
7
2
1
0
4
11
5
4
11
9
5
4
1
0
2
0
-5
-10
-13
-15
-17
-16
-9
-4
-3
-1
-5
-6
-3
4
2
0
5
-3
0
2
-6
-6
-10
-7
-6
-8
-2
-3
0
4
4
0
-5
-6
-2
-1
-2
-1
3
4
2
4
8
12
12
15
17
13
14
10
0
-2
-4
-2
-2
-2
-1
0
1
0
-2
-3
-5
-5
-2
-2
-4
-3
-3
-5
1
1
3
7
2
2
3
0
-2
-1
2
-1
-1
-2
-6
-7
-6
-2
-5
-5
-10
-9
-8
-14
-9
-10
-4
0
-6
-6
-7
-5
1
4
7
7
7
6
5
7
7
2
2
2
0
1
2
-2
-2
0
-1
-3
-4
2
2
2
5
3
6
3
5
6
4
11
9
4
2
3
9
4
1
-7
-10
-10
-6
-2
1
5
3
3
1
0
2
7
12
11
8
4
4
2
1
3
7
4
-2
-3
-4
-8
-7
-11
-10
-3
0
5
6
0
1
-1
-9
-9
-7
-9
-14
-15
-9
-5
0
4
4
6
9
8
2
-2
1
-2
-9
-7
-8
-7
-4
-4
1
-3
1
5
4
1
-2
-3
-3
0
5
6
9
7
6
2
2
7
4
4
5
5
-8
-9
-4
-8
-7
-8
-4
-3
-7
-1
0
-3
-3
-6
-7
-5
0
3
5
4
3
3
5
8
7
8
7
1
-4
-5
-1
1
-6
-5
2
10
12
12
9
9
10
10
3
1
3
1
2
3
1
1
3
7
4
4
5
2
1
-1
-5
-11
-12
-13
-8
-3
1
2
5
7
6
5
-1
-7
-2
0
-1
-2
-3
-4
-5
-5
-1
6
5
5
7
5
6
1
-2
-4
-4
1
-6
-4
-6
-11
-6
-5
0
3
6
-2
-8
-5
-7
2
4
3
-1
-2
0
-3
-7
-10
-8
-12
-10
-8
-11
-7
0
-5
-6
0
6
10
11
7
4
8
7
3
5
9
2
-1
2
13
15
11
4
-5
-8
0
-1
0
10
-1
-3
0
2
5
8
8
0
1
6
6
9
12
4
3
5
14
6
-3
0
-11
-5
-1
-1
-6
-2
6
1
1
-1
-5
-4
-2
-1
-10
-20
-25
-21
-20
-4
-5
-8
-12
-16
-7
-5
4
9
-3
10
13
7
14
2
-12
-10
1
8
12
6
-7
-15
-11
-10
-10
12
9
-2
4
10
14
6
2
-2
5
17
3
0
12
14
5
-1
4
6
2
-12
-24
-25
-21
-7
-9
-2
0
-17
-4
-5
-5
4
10
11
15
31
26
15
15
-2
-6
13
20
8
0
3
-4
0
3
-17
-19
-12
10
13
-4
-6
-15
-29
-9
-7
-11
-4
-5
-10
-2
16
3
3
-16
-28
-11
-1
18
16
-5
-33
-24
17
13
29
21
-17
-7
-27
-18
7
5
8
-2
-7
-11
10
3
-15
2
16
22
29
-2
-52
-32
-10
23
58
16
4
-5
-9
5
15
20
-3
11
15
-24
-23
-29
-26
2
40
68
41
16
-9
-40
-27
15
12
5
16
2
-20
-14
6
-5
-7
-3
-23
-32
-31
-6
9
-7
-23
-6
-11
2
32
-15
-19
1
-10
2
20
43
34
28
28
-2
-1
2
3
30
23
5
-14
-39
-18
-13
-13
18
29
20
-9
-27
-23
-8
21
8
0
7
-11
-16
-4
3
-5
-22
-14
3
27
29
7
-19
-40
-28
-12
-9
5
50
55
18
3
-39
-42
-23
0
19
3
41
13
-22
-12
-57
-56
-13
32
69
19
-4
-10
-41
-13
7
11
13
26
15
-19
10
32
-6
-20
4
-2
-29
-33
-37
-4
40
23
-17
-40
-12
0
-7
22
17
-4
-4
-25
-23
24
46
35
8
-7
-6
-13
4
4
19
32
-13
-28
-38
-35
27
46
46
31
13
8
-15
-5
-4
11
29
-8
-26
-60
-72
-30
-5
31
27
-6
-31
-63
-35
24
33
23
10
-16
-16
3
-1
14
27
40
26
-20
-22
-27
-11
46
82
119
79
-15
-59
-78
-31
28
26
19
-6
-57
-99
-57
12
51
85
73
51
53
25
-40
-88
-111
-87
-57
-71
-71
-40
9
43
49
53
51
92
110
75
66
15
-33
-53
-120
-129
-70
-53
-68
-47
20
69
98
118
94
75
95
89
52
10
-24
-100
-193
-190
-108
-55
38
107
75
73
49
6
-4
-3
3
14
18
1
-9
-57
-78
-67
-53
-9
29
71
45
26
63
8
-12
-30
-78
5
51
48
30
-20
-24
-15
-27
-33
-22
13
-10
-24
9
-7
29
47
-7
1
-9
-32
-15
-9
8
27
33
10
8
46
7
9
30
-10
10
5
0
-20
-54
0
4
-17
-10
-37
-25
18
27
-1
12
53
22
8
24
-6
-24
-33
-59
-30
48
20
-42
-13
-3
8
31
-8
-17
30
43
15
-1
-27
-58
-65
-48
0
18
4
-21
-25
10
48
79
20
-24
-23
-67
-56
-29
10
60
76
74
-10
-50
-40
-55
-3
15
36
43
12
9
-26
-21
15
9
24
36
-3
-35
-61
-92
-43
36
49
15
4
35
29
30
17
-35
1
25
-7
39
82
54
4
-32
-85
-57
-13
-52
-51
4
46
65
31
-24
-23
28
71
60
22
-3
20
15
-57
-75
-44
-48
-29
29
38
18
29
-16
-64
-15
30
3
-25
-1
10
5
40
45
15
10
23
-6
-29
-36
-53
-64
-46
-2
-40
-40
-25
-63
-32
19
70
100
53
48
38
-10
-24
-37
-17
3
39
9
-36
3
-39
-65
-23
-13
48
82
36
25
49
63
23
-19
-41
-72
-46
2
-7
-10
15
-22
-68
-48
10
42
53
71
15
-29
-21
-28
3
52
66
39
3
-37
-103
-125
-96
-59
-3
39
79
89
84
55
9
-18
-26
-9
-20
-27
-13
-19
-33
6
45
-2
6
21
20
57
27
-7
-40
-47
-41
-56
-15
-16
4
34
-21
-5
-4
-38
-10
35
76
83
88
54
-24
-52
-79
-100
-69
-14
14
12
30
16
-11
39
73
74
67
13
-20
-44
-65
-65
-73
-43
-12
15
45
41
50
50
36
52
43
-3
-23
-25
-18
2
-24
-69
-108
-105
-51
-28
18
50
65
72
36
39
17
7
20
-20
-34
-31
-27
-44
-44
0
29
63
66
23
-15
-7
21
15
-1
14
19
10
32
29
-21
-22
-17
-46
-53
-24
1
12
20
4
21
40
28
40
6
-13
5
-37
-62
-33
-9
2
33
63
35
16
19
3
-6
-15
-36
-41
-32
-31
-30
-39
-41
-25
-7
3
50
97
98
82
33
-24
-49
-48
-35
-31
-27
-17
-12
1
-2
-25
-3
29
37
59
45
12
-8
-38
-45
-33
-32
-29
-34
-15
-1
-11
7
14
19
43
31
20
26
12
16
7
5
2
-32
-40
-19
14
43
27
10
19
16
21
13
-12
-8
2
13
15
2
3
5
6
22
10
-20
-8
14
9
3
-12
-19
-18
-18
2
-10
-18
-10
-34
-42
-40
-42
-36
-11
12
15
27
33
15
1
-4
4
5
11
6
-16
4
10
2
6
-2
11
32
23
11
-4
-7
-20
-56
-62
-66
-34
12
15
37
47
42
58
37
9
-5
-40
-66
-62
-32
-27
-44
-13
16
24
48
50
39
35
32
15
-46
-68
-36
-26
3
56
58
12
-22
-24
-14
25
32
-25
-58
-28
29
52
24
10
27
59
91
83
30
-25
-50
-41
-25
-42
-63
-86
-63
-9
11
19
1
12
30
5
34
43
14
13
9
-5
-26
-18
10
5
22
33
18
7
5
13
-4
-4
-14
-36
-17
-5
9
15
10
14
15
-1
-32
-19
-14
-26
-2
4
-12
-22
0
30
26
29
18
-10
-11
-6
-4
-13
-15
-9
-20
-11
10
-3
-10
-12
-10
-5
18
28
6
7
8
9
31
20
-8
-16
-5
6
9
7
-7
-6
17
19
4
7
-7
-33
-12
20
10
-7
-24
-49
-38
2
12
-6
-19
-23
-20
1
13
14
-3
-8
24
35
9
-17
-21
-25
-2
42
24
-26
-33
-40
-29
10
29
7
-31
2
25
31
42
12
5
-5
13
21
-26
-21
-25
-39
-24
9
27
-2
4
7
-33
-24
-2
-5
-9
-4
-3
-2
29
33
11
11
13
17
8
-10
-6
-14
-27
-23
-7
9
2
-4
-18
-27
8
25
3
13
26
26
26
23
20
5
1
-14
-34
-24
-20
-38
-52
-45
-7
47
71
55
26
18
33
48
35
5
-42
-61
-42
-27
0
3
-2
-2
-1
47
63
37
22
11
15
29
25
-16
-38
-25
-24
-29
-28
-16
0
8
15
16
-11
-31
-33
-7
24
40
32
-12
-26
-12
-22
-7
5
2
4
8
18
18
7
0
-22
-44
-28
-6
9
5
-5
-5
-12
-13
-7
-13
-5
13
12
2
-7
-3
-3
-11
7
10
-10
-9
1
-1
0
12
16
5
12
18
4
3
16
14
4
6
-2
-14
-23
-22
-24
-32
-17
-6
-8
12
27
6
-1
6
23
36
35
24
-5
6
12
1
-3
-18
-13
-10
-5
4
-1
-18
-23
0
17
26
19
-8
-21
-16
-3
8
3
-14
-20
-14
7
8
3
-4
-1
10
9
24
30
17
10
0
-4
-1
-10
-22
-23
-10
-2
4
15
13
9
10
8
4
11
9
-14
-11
-7
-23
-19
-17
-20
-19
-18
-10
1
13
13
1
1
0
2
6
0
-10
-9
-8
-6
9
25
22
1
0
6
14
28
22
0
-4
0
1
-1
-7
-9
-12
-11
-5
5
6
-3
-13
-6
11
23
27
-1
-19
-14
1
9
4
1
-10
-10
-4
-4
-11
-22
-23
-25
-4
27
29
24
14
11
10
8
9
-8
-13
-14
-15
-6
-10
-17
-15
-3
16
22
18
17
15
14
13
-1
-12
-21
-32
-38
-25
-5
2
-3
-6
-1
17
31
20
19
14
-9
-5
-5
-2
3
-15
-27
-23
-8
4
9
12
2
-5
-4
-3
-2
4
7
4
-2
-1
-7
-6
-2
-10
-8
1
6
-1
-9
-8
-6
12
16
3
4
-8
-14
-5
-4
1
-5
-10
-1
6
10
10
16
5
5
15
9
5
3
-3
-3
7
21
15
5
-3
-21
-19
-10
0
3
-9
0
8
6
7
-7
-7
4
11
24
20
8
1
-9
6
18
19
20
4
2
3
4
13
9
2
-4
-5
10
19
9
1
-14
-21
-17
-5
7
5
4
6
-5
-13
-27
-34
-19
-14
-3
-5
-9
-7
-19
-8
8
26
25
-3
-7
-16
-8
6
-5
-8
-15
-13
-4
4
25
27
7
12
9
13
18
-2
-9
-16
-20
-6
9
21
8
-3
0
-4
6
3
-12
-13
-14
-3
1
0
-5
-25
-21
-21
-24
-3
-1
4
0
-1
-1
-18
-17
-19
-13
17
17
17
13
2
-3
-16
-11
-5
-4
10
16
9
5
-1
6
7
3
1
-8
-11
-19
-18
-1
11
15
7
-3
-5
1
7
11
14
21
20
2
1
2
-2
10
8
8
11
17
15
-4
7
3
0
3
2
6
-12
-17
-12
-5
4
2
5
-3
-6
1
-11
-10
-5
5
16
6
7
-4
-5
-4
-2
4
7
17
11
1
3
3
3
-2
-15
-9
6
13
10
-6
-11
-8
4
12
7
3
-11
-16
-8
-5
-7
2
4
14
29
24
13
-10
-9
1
1
11
1
-10
-12
-17
-6
-11
1
9
-9
-10
-14
-1
9
-3
-4
-11
-8
8
3
-2
-1
-2
-2
-3
10
10
-4
1
-4
-1
9
19
24
6
5
5
2
3
0
-2
-4
-7
-6
-10
-17
-10
-13
-21
-16
-12
-7
-4
9
11
-2
-5
-14
-17
-15
-6
2
0
-3
-4
-2
-3
-5
-4
-5
-1
6
3
-1
1
2
2
-1
1
-1
-9
-6
3
6
6
3
-3
4
8
4
-4
-4
-4
-1
5
7
7
1
-3
1
7
5
1
-3
-4
-9
-8
4
0
-3
0
0
4
3
3
-11
-16
-4
-2
1
7
9
10
9
5
3
9
15
18
19
9
7
7
-4
0
4
0
-8
-9
8
18
20
9
-5
1
4
-1
0
2
3
-5
-15
-13
-3
-1
1
4
5
2
2
4
10
8
0
-2
-2
4
-2
-5
-7
-15
-9
-3
7
12
4
2
2
9
5
-3
1
-5
-4
-4
5
18
8
0
-5
-6
4
4
5
6
-2
-6
-3
3
4
5
4
2
1
0
-2
-2
3
0
-5
1
4
5
1
0
-1
-7
-10
-7
-3
-8
-15
-13
-3
-1
-3
-7
-12
-13
-6
0
4
6
8
3
-5
-4
-9
-12
-6
1
1
6
3
-3
-9
-11
5
7
16
18
3
-1
-11
7
14
14
7
-11
2
0
-2
8
10
13
-1
0
4
3
4
-16
-4
16
13
-5
-17
-12
-8
-5
-3
0
-6
-8
-3
-1
1
-9
-2
2
-5
-5
-1
4
4
0
-4
6
0
-12
-7
13
21
3
-14
-15
-9
-16
-13
2
11
5
-5
-1
6
1
2
6
11
11
11
7
-1
5
6
5
6
4
4
4
4
-9
-19
-9
-5
-6
-12
-15
-13
-10
5
2
-7
8
4
-2
-2
-8
-1
-8
-8
-5
-3
7
5
7
8
-2
-7
-3
1
4
-5
-10
-14
-13
-1
4
12
13
2
-1
1
7
2
-5
0
7
12
-2
-11
-8
-7
1
5
14
11
3
8
3
8
7
-7
0
14
11
1
-6
-16
-9
4
6
8
-2
-4
-4
0
8
5
5
-4
-9
-3
-7
4
2
-5
13
9
4
-8
-17
3
11
21
9
-8
0
-7
0
11
2
2
0
-7
-9
-14
-4
-9
-11
6
2
0
0
-5
2
2
-8
-13
-13
-1
11
7
5
-3
-3
1
-5
6
7
2
14
7
-1
-8
-10
-1
6
18
19
5
-9
-20
-7
10
12
10
-7
-11
-13
-11
-3
9
21
5
-1
-6
-9
-7
-11
-1
5
6
6
4
6
4
10
11
3
10
2
-3
-4
-2
9
12
13
7
7
0
-6
-1
-5
2
5
1
-7
-15
-7
-2
0
7
-2
-1
-1
-10
-9
-15
-7
-2
3
13
4
-5
-10
-8
4
0
-2
-9
-8
-4
-2
10
7
2
0
-1
2
5
15
11
6
4
-5
-6
-2
-4
-13
-7
4
7
2
-3
-7
-4
16
18
1
0
-3
-6
8
12
7
5
2
-6
1
18
6
-5
-8
-11
-14
-11
-11
-12
6
13
4
-2
-5
-13
-2
4
-4
2
-3
-9
-6
-1
-5
-16
-8
2
2
8
3
-12
-12
-1
3
9
11
0
-2
-6
-4
-7
2
5
-1
6
-1
5
11
8
12
7
6
1
-9
-5
-7
-6
-10
-8
4
3
3
-4
-9
-9
-13
-12
-2
9
-2
-11
1
-3
0
4
-7
-2
5
10
4
1
4
3
16
19
12
11
6
2
2
7
7
4
2
-9
-12
-11
-9
-8
-7
-4
-10
-14
-10
-10
-3
1
5
5
9
9
6
0
-3
5
-1
-5
-2
-6
-6
-6
-6
-2
8
6
-4
3
11
13
13
6
9
9
3
-4
-8
2
6
8
7
4
4
4
9
0
-6
0
4
9
8
3
-8
0
11
5
9
12
7
-1
-7
-5
-5
0
-6
-7
5
2
-7
-11
-1
3
5
10
-2
4
0
-12
-16
-11
-1
-9
-8
-13
-15
3
7
-5
-4
0
-2
2
10
10
8
1
-11
-6
4
8
17
17
7
-6
-4
-2
3
5
6
10
5
2
-6
1
3
0
4
13
6
1
8
0
3
0
-7
1
8
7
0
-1
-4
-7
2
3
-1
-2
-5
-4
3
1
-9
-8
-5
-5
2
-2
-7
-11
-19
-21
-20
-11
-5
-9
0
-2
-4
-3
-9
-4
-7
-3
-8
-7
-6
-11
2
0
-1
-1
5
7
11
13
11
10
10
8
-9
-7
-5
3
4
6
5
-2
2
-7
1
-11
5
2
3
-2
-3
11
0
7
-12
0
4
9
13
0
11
2
4
-1
2
-4
4
10
1
6
-1
10
6
11
3
5
1
3
5
6
1
1
10
-5
3
-1
9
4
-2
2
-7
5
-8
-3
-4
-4
-8
-13
-12
-13
-6
-10
-14
-9
0
-8
-3
1
0
-4
-7
-3
-10
-1
-6
-8
1
-4
3
2
3
4
-1
-7
-11
-2
0
-3
-3
-2
5
0
3
2
-4
-1
-2
2
1
2
3
-1
1
1
-1
2
2
3
5
-4
-10
-7
-2
4
8
1
-4
4
12
9
5
3
4
11
8
8
4
0
0
1
13
14
14
15
10
4
-1
-8
-10
-7
-5
-1
1
-4
-8
-11
-10
-7
-9
-4
-4
-4
-6
-13
-11
-3
3
10
4
-1
5
4
4
5
15
14
4
-1
-9
-7
-5
-2
-6
-3
11
11
8
7
5
1
2
5
-3
0
-1
-1
-2
0
7
7
4
3
3
3
-1
-4
-7
-7
-3
-2
-1
-3
-3
-6
-9
-6
-3
1
-5
-5
2
4
8
7
5
2
0
-2
-1
6
8
3
-3
-4
-3
0
8
7
4
1
-2
-5
-6
-2
3
0
-1
-7
-9
-6
-4
-3
-6
-8
-9
-5
-3
3
6
3
-3
-8
-8
-6
-1
0
3
1
3
3
-1
2
7
12
9
10
4
-2
3
1
0
0
4
-1
-2
-1
-5
-6
-5
-1
-2
0
-2
-5
-7
-3
1
-1
-6
-3
2
2
-1
0
7
9
8
4
0
2
2
-1
-5
-7
-9
-11
-6
0
-2
-3
-2
-3
-8
-7
-5
-2
-2
-7
-6
-4
-6
1
1
-6
1
8
5
2
0
0
-2
2
1
-2
3
7
7
9
12
12
9
4
-1
-3
0
6
5
-1
-1
-2
0
-1
0
3
-1
-2
-3
-9
-5
5
6
2
-7
-7
-10
-8
-1
3
7
6
5
-3
-6
-2
-3
-2
2
11
16
12
8
3
4
8
13
14
16
13
3
0
0
0
-6
-8
-8
-9
-4
-1
-1
-1
-3
-4
-2
-9
-6
-6
-10
-6
-7
-6
-3
-5
-7
-8
-6
-6
-12
-11
-10
-8
-2
4
6
3
6
6
9
16
16
12
5
5
2
-2
-1
1
3
3
3
6
3
3
5
4
-1
0
4
4
2
-1
-5
-7
-4
-4
-8
-2
1
-9
-9
1
3
0
-3
-7
-6
7
13
15
17
17
13
4
2
3
4
2
-5
-9
-10
-9
-9
-9
-3
-2
-1
-3
-7
-4
-6
-3
3
-2
-5
-4
-2
1
2
1
0
-3
-9
-7
6
11
10
5
-1
-5
0
3
0
3
2
-1
-3
-1
-5
-9
0
8
5
8
12
11
6
3
0
2
3
-2
0
1
0
-1
0
4
6
10
8
5
1
-4
-9
-5
-4
-12
-12
-6
1
1
2
-2
-3
-1
1
2
0
6
10
6
-1
-4
0
3
1
-3
-4
-3
-2
-10
-15
-8
-6
-6
-4
2
7
-1
-5
-7
-7
-1
1
-3
-6
-8
-6
0
6
12
11
8
5
-4
-5
-4
-2
3
0
-4
-5
1
5
8
14
8
3
7
5
1
1
0
3
3
2
3
3
2
2
2
3
5
7
4
5
9
11
13
11
1
-7
-7
-3
1
-7
-16
-16
-12
-4
2
1
-1
2
-4
-7
-2
6
5
2
-1
-3
3
5
6
0
-1
4
1
-2
-6
-4
-4
-4
-2
-8
-6
-2
-5
-4
0
3
4
3
2
3
8
9
4
0
-1
1
1
2
5
4
-4
-13
-17
-16
-10
1
2
1
7
10
6
1
2
8
6
0
-1
-2
-1
-4
-5
-3
0
7
3
0
1
1
0
-1
0
-4
-6
-7
-10
-11
-7
-7
-6
-4
-5
-8
-10
-9
-6
-1
4
3
0
0
-1
-4
1
6
7
6
3
-2
-7
-4
-4
-2
3
4
4
5
1
-3
-3
4
5
3
4
7
5
5
6
3
3
4
-2
-7
-2
0
2
6
6
5
0
-1
-4
-4
4
6
8
1
-2
-4
-1
5
-1
-2
-3
2
1
4
5
1
4
4
4
3
4
-1
1
-2
-1
-3
-2
4
4
4
1
-1
-2
-5
-8
-8
-4
-6
-3
-3
-3
0
2
6
0
-3
-3
-8
-8
-7
-9
-10
-9
-7
-10
-5
-1
-5
-11
-11
-8
-1
2
-2
2
4
7
3
3
9
9
10
6
4
6
12
17
13
10
3
-3
-1
-1
4
0
-2
1
-4
-4
-1
1
3
3
4
4
3
0
-4
-4
-1
-2
1
0
-4
-6
-10
-9
-5
-3
-4
-2
2
1
3
2
-4
-3
0
-1
1
2
0
2
-1
2
5
5
-1
-6
-2
-1
1
2
8
11
8
8
7
8
2
-1
-5
-9
-9
-6
-7
-13
-15
-10
0
5
6
4
4
4
3
4
5
9
2
2
5
5
4
2
2
0
0
-6
-10
-11
-5
1
0
-3
-7
-3
0
5
9
12
9
6
6
6
9
8
7
3
-2
1
-3
-4
-5
-1
-3
-6
-8
-13
-10
-1
6
4
5
3
1
-2
0
1
-4
-6
-9
-4
-5
-1
-4
-6
-3
-9
-11
-7
-3
-6
-4
0
5
7
6
-2
-3
-5
-5
-2
-5
-8
-11
-1
2
8
5
5
3
7
10
11
4
0
-1
-5
3
0
-3
-7
-3
-1
-5
-6
-6
-1
-1
-2
-3
1
1
6
5
1
0
3
4
6
6
6
9
9
10
4
4
5
7
4
0
2
0
-1
-10
-12
-14
-11
-9
-6
0
-5
-4
0
4
-2
1
-6
-6
-2
-5
-5
-1
5
5
1
-2
-2
-5
1
3
11
10
3
2
0
-1
-3
0
2
3
3
1
1
2
-1
-1
2
8
7
-3
-5
0
8
7
6
5
3
6
8
3
1
-4
-5
-3
4
9
7
6
7
6
5
5
5
1
-2
3
0
-3
-4
-5
2
0
4
5
1
-1
-1
-5
-12
-7
5
3
-3
-4
-5
2
2
6
2
-3
5
1
-7
-3
4
4
-2
-8
-7
1
18
7
-8
-14
-12
-3
-4
5
-9
-17
-13
-1
11
-1
-9
-16
-18
-2
12
1
-4
-12
-14
-3
3
12
6
4
6
-5
-6
-5
-3
8
-1
-3
5
2
12
18
11
8
9
3
-3
3
18
8
2
3
-3
-1
3
4
-2
-2
1
-4
-9
-4
-8
-14
-7
-6
-4
-7
-15
-9
-9
-4
3
-4
-7
3
9
10
12
10
17
8
-1
-4
-6
5
6
0
-4
2
2
1
1
-3
-6
-2
-6
-11
-10
1
3
-1
3
-9
-3
9
-1
2
-3
-4
2
2
10
11
-2
-4
0
7
17
10
3
-6
-2
0
-5
-1
-2
3
1
-5
1
-1
-2
3
-2
-3
4
5
8
5
5
-4
-8
-2
-6
-3
-5
4
9
-3
-15
-5
-1
8
18
3
-13
-14
-5
-2
-2
7
7
5
11
3
-6
-3
10
5
-4
2
-6
-7
-2
-9
-1
5
1
3
2
9
9
-1
-1
-1
5
3
-10
-7
7
1
0
5
4
1
0
12
6
1
9
5
-1
8
2
-6
-2
-3
-7
-9
-3
-18
-22
-11
-3
7
10
4
-8
-10
-5
2
12
5
-2
1
-5
-8
-13
-3
11
10
5
-10
-16
-10
-6
-3
1
4
8
10
8
3
10
13
4
5
2
10
12
-4
-16
-16
-13
0
4
3
-3
-8
-4
2
0
-9
-5
-10
-5
10
17
16
15
11
8
5
4
2
3
4
-9
-8
-11
-6
2
1
11
9
-1
-6
-14
-17
-10
-4
0
1
-4
-13
-17
-6
12
11
7
6
5
1
-13
-9
-4
1
7
-4
-9
-12
-10
4
13
4
-7
-9
2
9
9
4
-15
-11
-3
5
13
8
16
7
3
11
1
2
8
7
12
9
-5
-16
-21
-3
11
-3
-6
-16
-21
-9
-6
3
2
10
21
9
5
-4
-7
-7
1
16
11
6
-2
-5
-13
0
15
-2
-7
-5
-7
-6
-1
4
-1
7
18
11
-2
-2
1
-3
-1
8
2
-3
-12
-18
-8
-3
-3
-12
-20
-14
7
5
-7
3
10
5
-1
-9
-11
-7
15
13
-7
-10
-9
-4
-2
1
8
2
-5
-2
-3
-3
6
15
3
3
5
-2
1
-3
-12
-24
-12
7
13
0
-8
1
5
7
5
0
-7
7
12
5
-2
-7
1
8
7
12
16
13
7
-4
-21
-6
10
-1
-8
-12
-8
-2
2
4
-1
-1
5
9
-1
-3
-4
-2
-6
-2
9
4
6
17
21
7
-3
-2
-5
-3
-1
1
-1
1
4
2
6
21
15
6
8
11
11
-4
1
-3
-10
-14
-28
-26
-12
-2
8
10
10
11
2
-18
-17
-8
-4
-1
-3
5
1
-2
-4
-17
-4
18
16
14
16
7
5
3
3
15
18
20
12
0
1
0
-8
-10
-14
-9
-5
-11
-15
-12
-15
-10
1
-7
-6
-4
-3
-3
-10
-17
-23
-14
7
14
5
-7
-12
-7
2
15
13
3
2
10
13
6
5
-1
-3
3
6
0
2
13
-7
-19
-9
12
19
3
5
0
-6
-13
-30
-20
-2
12
24
7
13
16
-5
-9
-18
-4
15
17
8
-9
-20
-22
-22
-28
-21
7
25
30
26
1
-11
5
12
-3
-24
-5
23
25
22
-3
-23
-21
-10
3
5
14
24
19
16
-4
-32
-42
-12
9
5
6
-10
-14
-7
-4
22
39
45
30
3
-15
-34
-31
-16
-11
-12
-24
-23
-15
-14
22
52
60
55
14
-24
-36
-46
-42
-29
-23
17
19
-14
-13
-21
-8
28
62
79
63
42
6
-34
-58
-60
-19
11
24
21
-4
-7
-20
-31
-10
2
4
3
12
16
-5
-19
-34
-20
9
1
4
14
10
11
6
-2
0
3
4
23
28
14
0
-17
-8
-15
-45
-45
-30
7
18
23
20
-22
-18
-22
-16
23
29
44
25
-5
-11
-33
-28
-27
-8
12
6
26
14
-5
4
24
45
34
16
24
5
-34
-41
-45
-13
33
2
-48
-37
-9
9
53
72
45
42
23
-36
-93
-102
-49
-2
9
12
-3
-30
-37
-46
-34
56
130
145
107
43
-38
-96
-86
-74
-31
21
29
27
-3
-50
-45
-6
23
62
90
66
35
-8
-43
-36
-49
-27
-10
-22
-33
-38
-11
-38
2
51
31
61
37
13
16
23
51
-1
-4
-4
-34
-11
-27
-6
-18
-23
4
-22
35
55
25
20
17
43
20
0
-19
-24
-2
-40
-29
11
37
60
18
-20
-71
-40
30
15
31
16
-5
-25
-54
-43
-57
0
19
-11
5
-1
2
-24
-10
60
68
73
35
-53
-92
-59
12
-1
3
41
22
-16
-107
-108
-40
37
145
100
29
-6
-26
-27
-102
-79
-34
-33
-8
-55
-57
-36
15
83
62
54
60
51
42
40
39
-12
-66
-63
-66
-46
38
87
66
15
1
-13
-61
-77
-43
2
4
21
-4
-67
-39
-4
7
50
64
57
41
79
102
21
-50
-124
-152
-158
-68
36
19
43
38
6
-4
2
50
102
146
137
85
-1
-125
-106
-23
5
45
15
-51
-72
0
-15
-46
-12
2
57
15
-5
-30
-24
77
68
25
6
46
35
-57
-76
-69
11
44
-42
-37
-30
19
81
90
92
78
83
-28
-115
-92
-80
-49
-37
-4
11
-23
-36
-86
-105
-41
59
129
115
82
-77
-175
-128
-77
-26
32
143
87
-17
-78
-121
-83
-36
76
176
176
98
-75
-211
-228
-121
18
54
118
70
-39
-111
-129
23
148
236
127
-21
-95
-199
-186
-158
-78
-40
3
75
103
55
-43
-118
-84
30
114
214
207
160
-14
-158
-112
21
158
246
312
288
229
92
-8
-60
1
72
33
13
-68
-120
-182
-66
90
116
96
-57
-101
-142
-59
35
21
15
-88
-118
-121
-95
-39
-21
5
10
-19
-3
89
145
72
-52
-72
-34
-5
39
56
90
160
170
6
-103
-101
-85
-40
-79
-34
-9
-79
-205
-271
-122
26
68
-76
-140
-34
-33
-70
-64
40
186
162
24
-98
-76
15
-3
15
7
31
61
31
92
132
146
73
-1
-10
-33
14
39
116
77
-125
-218
-261
-85
48
73
87
56
22
-136
-129
18
87
-14
-189
-209
-100
20
25
50
146
211
114
-18
-8
60
172
185
178
101
-33
-91
-160
-139
-58
55
71
-2
-51
-117
-100
7
40
19
-22
-100
-124
-206
-267
-293
-209
-94
-57
46
96
196
210
102
127
181
253
227
106
58
89
125
133
105
62
51
81
173
272
375
292
170
85
7
-77
-296
-289
-232
-174
-141
-189
-123
-174
-195
-329
-274
96
201
97
-144
-268
-279
-191
-74
22
117
3
-235
-291
-15
360
462
227
77
78
89
-18
-186
-99
136
200
51
-57
-15
80
36
-115
-104
76
147
-26
-214
-206
-27
3
-106
-72
-16
-19
-158
-245
-146
64
155
-36
-53
58
62
-4
-133
-47
46
75
89
78
228
299
152
-5
-13
-10
-94
1
216
326
176
-243
-345
-97
237
326
155
-27
-196
-343
-444
-137
283
408
89
-407
-531
-308
-2
193
385
354
69
-250
-364
-61
304
367
141
4
-26
-20
-119
-73
246
473
343
66
-201
-308
-196
-145
-1
96
16
-178
-260
-225
-20
131
79
33
6
-28
14
190
266
139
-129
-316
-270
-148
78
311
391
205
-144
-256
-133
105
149
121
81
-44
-208
-376
-262
-24
187
215
123
267
203
25
-251
-271
254
414
376
8
-347
-401
-434
-327
-11
422
341
-8
-341
-440
-75
127
115
65
-16
-173
-304
-228
90
321
269
81
32
132
132
140
107
105
111
-14
34
48
-36
-87
-175
-7
97
6
-210
-313
-99
28
38
-28
-91
-20
-155
-203
-15
267
452
207
-151
-249
-56
176
173
156
18
-85
-254
-413
-225
-26
157
107
31
45
137
96
-69
-89
-18
78
293
347
193
41
-326
-266
31
244
388
212
26
-211
-327
-360
-66
306
168
-98
-441
-420
-134
-15
52
183
99
-110
-221
-116
187
475
423
204
258
203
130
75
123
322
317
125
-47
-126
-199
-272
-251
-158
-19
-105
-451
-481
-393
-255
-32
-80
-126
-255
-366
-455
-213
133
138
73
-243
-262
-78
146
279
333
158
-44
-101
-82
202
254
255
97
43
21
-68
130
217
387
400
425
322
181
-156
-444
52
513
859
386
-186
-588
-631
-555
-332
401
563
107
-787
-1218
-777
-31
266
266
267
-36
-259
-350
-48
664
841
463
144
174
92
9
18
361
824
644
30
-288
-320
-250
-84
-49
134
137
-294
-782
-764
-388
-40
168
-159
-459
-404
-453
-206
129
343
291
98
-135
-163
122
219
209
69
-44
-16
75
171
206
175
-34
-68
-68
-88
-7
-25
98
324
366
428
364
183
-97
-473
-317
301
1021
662
-69
-575
-698
-409
-207
366
906
583
-496
-1403
-1148
-172
494
387
243
144
-343
-768
-561
220
989
831
155
5
85
-29
-281
-34
588
858
213
-534
-549
-319
-228
-194
-28
185
27
-570
-910
-535
-18
156
-176
-428
-277
-318
-352
-110
269
608
504
121
30
245
185
175
381
463
384
141
-199
-211
-47
40
81
219
165
-160
-452
-414
150
350
269
109
-42
153
-58
-716
-397
401
805
536
13
-437
-454
-591
-836
238
1267
919
-150
-1339
-1285
-263
228
258
719
555
-354
-813
-714
303
1003
431
-143
91
220
91
-122
-38
590
712
-19
-362
-184
-162
-207
-339
-44
508
99
-729
-797
-534
-201
-25
-285
-156
46
-230
-563
-50
509
730
462
-192
-27
313
408
311
495
578
250
-289
-635
-252
208
247
147
78
-101
-228
-524
-388
116
438
376
76
97
160
375
-59
-707
-275
409
1085
847
147
-353
-368
-650
-781
377
1211
870
-375
-1594
-1235
31
296
190
407
4
-716
-1062
-708
530
1123
312
-307
-62
150
133
-86
55
691
588
-171
-213
56
-89
-327
-474
-29
488
-68
-867
-717
-335
-13
184
6
-56
-180
-707
-789
188
818
743
300
-198
-161
11
119
416
817
610
10
-551
-448
52
269
218
111
9
-406
-529
-406
3
150
19
70
-24
172
267
304
503
-57
-824
-263
896
1418
954
-145
-688
-385
-617
-575
983
1603
806
-847
-1909
-999
526
476
255
560
-117
-767
-1026
-575
895
1099
-47
-238
306
281
73
-343
133
1162
712
-204
-191
-163
-626
-797
-582
393
711
-416
-1292
-1052
-451
213
202
-76
299
-210
-1077
-755
349
1097
933
114
-359
95
126
-40
679
1120
851
114
-585
-365
299
293
138
202
13
-394
-794
-732
-106
261
45
-118
-15
127
345
369
760
734
-988
-1460
-56
1433
1660
658
-555
-552
-540
-1326
3
1970
1677
-14
-2169
-2338
-393
369
-225
602
715
-498
-1321
-1399
192
1604
660
-464
205
290
-310
-720
-311
1236
1549
-46
-623
-75
-424
-682
-388
514
1337
188
-1532
-1545
-619
-21
440
125
34
-65
-1096
-1371
-77
1118
1107
687
-165
-347
-101
-155
445
1319
1333
407
-450
-754
-212
218
283
375
174
-505
-1025
-936
-420
271
229
-89
-259
-211
14
276
638
1010
997
-834
-1640
-199
1429
2206
1102
-259
-685
-698
-1445
-433
2030
2452
1010
-1734
-2828
-1283
192
122
871
1347
-172
-1639
-2173
-750
1457
1333
-31
128
333
-366
-855
-595
1045
1937
682
-517
-205
-385
-1032
-783
230
1467
827
-1144
-1753
-997
-318
329
630
646
110
-1100
-2093
-820
1181
1541
1117
44
-530
-577
-314
601
1734
2028
744
-682
-1051
-482
300
812
671
314
-646
-1425
-1025
-370
327
314
-146
-357
-663
-436
36
850
1252
1158
488
-1648
-1681
-159
1529
2501
1382
-263
-1020
-1184
-1686
332
2693
2644
892
-2315
-3385
-1311
394
325
1504
1115
-862
-1886
-2059
-258
1786
1325
-40
230
-284
-875
-780
-291
1510
2107
446
-503
-244
-963
-1004
-360
781
1740
310
-1746
-1894
-1029
-457
609
666
457
-304
-1703
-2033
-451
1389
1629
1351
0
-661
-600
-265
962
2131
2175
790
-716
-1270
-551
386
1097
1105
347
-842
-1554
-1146
-303
507
473
-71
-762
-1203
-885
94
1016
1460
1163
612
-860
-2358
-932
1219
3042
2380
-90
-1592
-1507
-1529
-771
2270
3303
1893
-1487
-3943
-2433
341
754
1035
1628
-212
-2016
-2897
-1460
1779
2447
557
-223
-129
-896
-889
-576
1241
2750
1252
-782
-950
-719
-794
-256
519
1765
883
-1688
-2499
-1252
33
748
819
145
-215
-1424
-2322
-998
1161
2010
1199
-141
-1024
-617
-146
574
1802
1997
873
-710
-1370
-565
656
960
747
255
-506
-1216
-1176
-280
471
608
-103
-700
-1022
-787
-184
579
1281
1258
444
-74
-854
-1980
-522
1710
3444
2407
-716
-2337
-1521
-685
-241
2277
3140
1574
-1736
-4313
-2454
913
1636
1237
1279
-650
-2306
-2700
-1235
1986
2483
187
-946
-376
-590
-277
3
1374
2566
714
-1284
-903
-5
-276
-66
360
1276
413
-1931
-2227
-553
569
695
348
-372
-378
-1359
-1787
-816
1156
1590
286
-243
-839
-215
54
493
1388
1408
592
-864
-860
-5
587
698
666
221
-344
-1134
-1041
116
517
385
-465
-1049
-1190
-715
278
1120
1386
912
-19
-110
-266
-1498
-512
1357
3160
2284
-598
-1903
-911
-241
-689
1361
3027
2071
-1171
-4065
-2583
842
1654
593
982
-192
-1892
-2495
-1374
1757
2675
234
-1337
-443
-169
-78
-193
830
2224
949
-1198
-808
372
38
-344
58
1204
951
-1363
-2081
-562
615
520
36
-581
-479
-750
-1942
-1027
1059
1402
358
-388
-647
-132
266
282
883
1378
735
-278
-472
66
482
469
272
344
-113
-757
-765
-270
224
15
-364
-567
-870
-720
-53
724
866
878
153
-59
-7
-1719
-990
979
2942
2212
-317
-1928
-1196
-342
-867
1554
3357
2291
-925
-3972
-2856
631
1857
803
1276
-312
-2173
-2520
-1520
1637
2609
277
-1531
-504
-531
-400
-286
703
2356
1141
-962
-725
323
-374
-447
194
1411
1244
-1243
-2022
-604
522
498
331
-407
-374
-747
-2090
-873
1142
1483
451
-599
-924
-244
257
307
1065
1537
608
-484
-645
-12
638
670
362
245
-174
-723
-655
-94
246
-282
-453
-719
-650
-353
270
728
637
802
211
607
-696
-1904
-431
1835
3295
1287
-837
-1817
-538
-851
-491
2738
3451
1485
-2702
-4066
-1694
1707
1378
936
1052
-1378
-2825
-2532
93
2685
1945
-948
-1172
-128
-590
-339
88
1749
1955
-126
-1366
-8
333
-740
-228
882
1684
-290
-2370
-1775
212
615
381
193
-434
-684
-1874
-1942
309
1648
728
-347
-657
-554
-94
198
830
1859
1360
-175
-492
101
667
864
526
361
171
-504
-657
-59
367
50
-715
-712
-928
-835
-244
689
981
758
408
-41
97
-1794
-1437
941
3074
2677
-246
-2102
-1575
-220
-870
1079
3659
2650
-630
-4231
-3381
226
2146
1021
1247
-86
-2790
-3171
-1512
1820
2829
553
-1618
-878
-696
-701
266
1516
2488
755
-1315
-871
609
-72
-439
707
1424
650
-1993
-2150
-108
1022
523
503
158
-798
-1595
-2379
-565
1780
1452
-189
-742
-910
-880
-166
654
1651
1608
-33
-1098
-487
528
1069
1024
739
244
-700
-1100
-176
968
919
-352
-724
-687
-846
-559
313
1299
1006
601
-42
51
-1478
-2201
350
2826
3749
728
-2107
-2125
-263
-621
-26
3338
2998
478
-3781
-4357
-717
2101
1167
1126
993
-2225
-3297
-2255
1003
3015
1186
-1230
-1108
-342
-1138
-171
1454
2913
1360
-1337
-1365
270
417
-434
761
1599
1061
-1935
-2727
-339
1176
953
520
384
-657
-1668
-2490
-1081
2049
1652
-59
-818
-952
-1057
-418
967
1844
2020
111
-1544
-678
476
728
1064
997
249
-772
-1491
-419
986
1178
-350
-958
-562
-1002
-786
355
1622
1370
573
-264
-465
-2148
-1870
834
3274
3829
-106
-2806
-2398
-298
-337
1038
3617
2254
-553
-4484
-3802
230
2501
953
952
503
-2666
-3085
-1719
1648
2873
703
-1702
-1191
-720
-1468
-78
1896
3089
766
-1755
-1377
183
126
-174
1190
1740
328
-2796
-2530
201
1400
791
514
364
-579
-1899
-2446
130
2527
1542
-349
-903
-789
-786
-98
1100
2232
1710
-621
-1495
-273
794
1003
1232
1010
6
-1246
-1481
-140
1269
835
-562
-855
-692
-977
-553
835
1336
1033
177
-66
-1601
-3039
-733
2135
4212
2035
-1663
-2893
-1226
-402
107
3538
3881
992
-3379
-4746
-1444
2360
2208
627
947
-1379
-3310
-2291
719
2891
1699
-801
-1746
-357
-865
-694
1079
2976
1792
-1034
-1513
-323
139
-587
502
1708
1085
-1787
-3019
-668
1290
980
295
478
-446
-1499
-1976
-942
2071
1909
-534
-1197
-474
-675
-485
1030
1898
1837
288
-1515
-665
769
782
961
1266
157
-1225
-1480
-253
950
1084
-124
-734
-587
-920
-1171
337
1697
687
-92
-63
-588
-3313
-1661
1451
3732
3434
-790
-2964
-1357
223
-960
2081
4545
1726
-1716
-4879
-2705
1633
3110
614
790
-175
-3375
-2485
227
3007
2145
-293
-2111
-872
-479
-903
714
2313
2016
-1075
-1815
-273
606
-163
210
1631
1332
-813
-2993
-903
1568
1377
188
303
-343
-1586
-2023
-1106
1694
2220
-369
-1843
-686
-557
-463
761
1578
1461
149
-1209
-807
944
929
451
1082
434
-1129
-1263
110
1030
1063
-411
-1112
-450
-452
-921
212
1842
1050
-318
-123
1
-2601
-1980
661
3466
3162
-687
-3234
-1703
811
-921
854
4265
2482
-1360
-4579
-3176
1195
3652
753
274
65
-3045
-2993
122
2996
2197
-325
-2604
-1511
-445
-948
548
2475
1930
-1163
-2052
-256
1031
45
-28
1534
1280
-848
-2833
-846
1865
1609
-56
-19
-148
-1574
-2116
-796
1681
2250
-482
-2089
-507
-234
-505
762
1798
1054
-473
-1371
-832
1168
890
-261
584
655
-1177
-1411
313
1162
861
-449
-1135
-151
502
-507
180
1955
1157
-576
177
-789
-2859
-631
1502
2952
1894
-1279
-3052
-483
822
-886
2266
3567
1038
-2541
-4033
-1822
2180
2964
197
405
-1153
-3142
-1869
1245
2839
867
-1046
-2044
-851
-765
-507
988
2381
938
-1674
-1153
357
446
-445
521
1409
476
-1588
-2161
505
1712
469
-149
236
-645
-1824
-1408
-87
1998
933
-1620
-787
443
-270
-17
1368
1459
649
-400
-1088
632
1537
-63
-150
968
94
-722
126
678
739
198
-982
-798
723
178
-518
576
1269
-591
-25
287
-2634
-1375
971
2304
1657
-457
-2886
-1158
1710
-742
409
2782
1442
-1184
-2759
-1985
682
2707
-223
-375
-378
-2327
-1943
497
2334
1031
-765
-1681
-427
55
-302
248
1144
992
-1070
-1162
550
980
-368
-167
830
448
-579
-1419
356
1687
442
-1040
-390
154
-821
-596
-215
866
713
-1568
-1207
552
737
-90
372
568
-15
132
-165
675
1581
119
-1218
31
135
-448
552
807
268
-366
-991
-1087
695
872
98
644
673
-169
-513
910
-1505
-1836
481
2085
2273
-538
-2251
-1816
1504
549
-419
2314
1585
-725
-2977
-1674
471
2445
587
-1330
-193
-1558
-1787
54
2342
1513
-855
-1752
-1003
506
222
523
758
538
-1012
-1408
379
988
181
-333
873
214
-907
-1317
282
1954
616
-930
-1246
-488
-794
-503
688
1183
594
-1744
-1376
419
902
684
869
612
-300
-436
-438
1101
1834
394
-908
-127
-20
-697
481
1084
534
-398
-1176
-1176
431
915
7
648
1005
-125
-861
597
-1395
-2241
554
1929
2323
-102
-2283
-2289
1250
781
-630
2596
2065
-505
-2688
-2119
-82
2387
1237
-1132
-215
-1775
-2276
-100
2237
1795
-653
-1741
-1471
39
98
1024
1362
798
-952
-1521
497
1227
176
-447
1033
325
-1209
-1618
-86
2147
1301
-897
-1174
-241
-1200
-648
441
1138
861
-1662
-2032
-178
931
28
855
1082
-223
-367
-381
385
1508
867
-980
-31
531
-600
305
1301
613
-706
-614
-985
162
989
-226
237
1007
470
-858
803
-916
-2606
293
2031
2588
-228
-2227
-2250
882
1113
-990
2186
2210
-119
-2843
-2158
571
2329
1307
-1198
-322
-1414
-1947
-430
1823
2124
-497
-1627
-1174
247
34
820
1071
539
-619
-1403
384
1143
51
-919
610
429
-940
-1221
-190
1753
752
-831
-1184
-406
-730
-1032
294
994
947
-1379
-1501
127
414
207
594
733
-99
-262
-548
625
1485
357
-718
-241
92
-488
717
1294
342
-988
-1293
-508
639
1052
-335
119
531
136
-371
1110
203
-2349
-353
1478
2676
636
-2003
-2357
599
1340
-1134
1349
2155
132
-2408
-2481
-54
2036
1630
-1152
-538
-918
-1719
-421
1522
1827
-412
-1401
-1216
73
190
758
1097
390
-592
-1255
593
1504
432
-648
517
539
-863
-912
80
1683
866
-792
-1514
-467
-308
-554
347
551
-91
-1847
-1280
294
607
211
247
454
-479
-550
-209
1198
1667
251
-857
-171
426
-235
785
1358
519
-918
-1102
-426
1067
1410
-64
-114
261
-3
-276
1121
-780
-2128
308
1617
1770
-520
-2239
-1911
1126
231
-1429
1854
1491
-469
-2254
-1603
613
2291
802
-1225
71
-989
-1299
76
1271
861
-757
-1026
-716
164
12
996
1099
57
-885
-765
1047
1210
-149
-417
821
117
-1203
-733
565
1623
14
-1676
-641
-114
-361
-382
267
400
-338
-1695
-1216
1095
778
1
653
85
-807
-208
542
804
1265
-307
-1025
382
220
-496
886
1875
35
-1076
-629
-6
938
1011
-303
-275
666
-341
-120
216
-1400
-941
1261
2452
392
-1408
-2054
-171
1087
-757
489
1998
652
-1832
-2634
-301
2313
1943
-905
-811
-694
-1056
47
802
910
-305
-1356
-1346
167
371
439
840
63
-840
-892
512
1225
328
-430
296
406
-817
-748
319
1798
707
-1554
-1371
-255
128
77
378
267
-60
-1413
-1714
759
1185
-87
22
-81
-1081
-312
556
594
1090
4
-1248
-38
1039
7
490
1557
546
-591
-448
34
646
1434
493
-283
485
215
-251
-180
-896
-1291
442
2063
259
-1310
-1530
-311
649
-453
15
1255
898
-1287
-2382
-612
1729
1837
-785
-1040
-785
-949
-122
663
854
-36
-1094
-1542
113
879
566
582
-20
-559
-435
612
925
369
-242
227
498
-368
-406
248
966
318
-933
-1115
-5
56
-362
24
383
184
-835
-1112
117
843
50
-186
102
-505
-269
274
242
246
-18
-468
137
1193
180
-249
725
581
90
437
351
119
682
452
104
652
814
-299
-1436
-593
274
1311
1218
-782
-1987
-778
836
-335
-325
1281
647
-515
-1680
-1992
-283
2045
407
-1348
-780
-941
-523
661
915
-117
-313
-916
-1297
531
1369
769
-316
-982
-942
203
1311
575
-296
139
505
-277
113
713
527
532
-164
-752
-74
357
-300
-74
218
-690
-1035
-655
99
629
139
-741
-580
-437
-411
481
665
351
-162
-819
-343
809
879
500
606
250
-156
286
712
631
1041
1079
184
60
541
-968
-1197
803
1495
1052
-420
-1799
-1846
904
803
-1167
658
673
-764
-1648
-1024
-250
1303
1219
-1640
-1353
-951
-497
498
1223
141
-1307
-773
-963
-130
903
1629
542
-926
-1085
-405
1423
1570
193
-281
463
-410
-1086
844
1835
1070
-403
-1305
-1137
384
843
214
466
-239
-1824
-1915
256
965
232
-52
-492
-1100
-813
-127
38
942
633
-1207
-783
588
474
593
1488
465
-602
57
489
985
2377
1767
316
-600
-1917
-607
2559
3713
390
-1964
-1973
-641
373
-519
516
1252
-158
-2773
-3217
-628
1416
1448
-1134
-1606
-1713
-1574
63
1153
1041
-511
-1314
-1562
-191
891
1507
1645
-47
-1037
-578
1311
1780
878
320
304
107
-681
315
1559
1310
-162
-1276
-950
-149
-101
-346
395
199
-1437
-1983
-816
289
26
-424
-784
-1069
-850
-452
44
602
206
-833
-622
427
632
758
1156
855
174
574
1166
1241
1369
-113
-258
1321
1992
1087
179
-11
-386
266
-209
-435
750
335
-951
-2042
-1633
-877
288
94
-1251
-1785
-1893
-775
-18
-15
-495
-826
-656
-715
-169
550
1140
139
-579
250
1248
1493
629
260
773
1168
560
348
1053
850
608
331
-36
203
-7
-308
96
335
-788
-1374
-679
-574
-651
-506
-783
-1189
-916
-686
-487
187
-21
-641
-483
-85
-24
504
1261
763
300
760
1416
1057
-518
-66
1787
3037
1507
-974
-844
1098
1938
-380
-584
1091
658
-417
-1798
-1331
-2
880
-795
-1943
-1207
-1477
-715
-97
-339
-1076
-1149
-1031
-1148
-29
638
779
-653
-1307
-220
1303
1982
634
-69
412
764
216
815
1856
1027
-33
-386
178
862
624
-155
7
565
-546
-1287
-335
464
-54
-835
-1102
-1116
-812
-402
-490
-421
-153
-738
-950
-438
-301
-100
628
631
-310
38
847
1439
1468
-251
-432
1319
2672
1634
332
215
340
1072
-31
-250
1348
1302
-195
-1740
-1478
-362
1053
420
-1249
-1672
-1635
-656
-121
-179
-567
-819
-1118
-1676
-879
402
1250
-160
-1570
-811
311
848
372
123
510
613
-298
-186
1400
1585
746
146
115
442
808
744
739
701
-431
-1091
-385
512
464
-187
-935
-1508
-1341
-364
245
-67
-571
-953
-956
-273
47
149
724
407
-661
-466
707
1047
1118
-36
-1110
263
1549
1361
504
323
75
655
613
-223
1060
1524
472
-1179
-1435
-367
871
935
-973
-1415
-1239
-685
-322
-473
-422
-632
-717
-1207
-592
410
1004
238
-1130
-641
433
875
642
514
458
257
-237
-304
803
1337
823
-81
-531
-258
351
646
520
278
-628
-989
-411
318
495
135
-618
-1501
-1310
-384
322
233
-592
-1113
-994
-337
23
245
212
-171
-397
-39
731
1172
688
-765
-586
962
1870
1326
120
-182
223
844
53
-21
1260
991
-150
-1410
-1091
261
1193
247
-1243
-1157
-877
-97
-54
-394
-413
-503
-723
-1147
-546
429
901
-264
-1052
-325
287
502
219
252
435
175
-465
-105
1082
1256
675
-203
-328
118
367
683
671
164
-575
-655
-264
217
384
-41
-617
-1116
-786
169
466
-169
-795
-871
-495
55
-10
21
190
-68
-362
72
696
918
154
-790
116
1354
1601
664
-183
-339
459
1103
123
457
1177
454
-697
-1243
-430
706
1215
-293
-1545
-1290
-602
96
-25
-221
-571
-814
-1025
-883
111
706
236
-1100
-997
101
741
712
152
119
354
42
-452
411
1290
1110
452
-407
-693
95
939
876
564
-207
-947
-553
213
477
362
64
-958
-1313
-538
343
491
123
-598
-1145
-524
96
231
320
106
-522
-489
302
691
900
345
-759
-574
811
1596
756
-95
-409
111
606
50
210
1076
894
-572
-1507
-556
781
1205
130
-1043
-1229
-582
74
-2
-27
-171
-465
-764
-767
-56
612
540
-568
-941
-93
604
397
-40
201
469
188
-405
-163
761
1031
565
-318
-544
-82
536
829
396
-107
-618
-494
46
282
221
64
-402
-963
-543
221
441
135
-379
-790
-520
112
170
238
16
-236
-322
-30
387
463
484
-499
-528
307
1049
962
-128
-423
-165
634
86
-109
784
604
-70
-1219
-729
463
1113
460
-850
-934
-697
197
286
-25
-238
-519
-558
-750
-111
375
562
-299
-1067
-375
443
618
-25
-92
261
231
-175
-156
485
833
613
-190
-539
-162
455
745
605
-56
-662
-316
162
349
266
182
-349
-751
-517
-109
273
60
-276
-582
-516
-187
-185
26
80
-94
-279
-91
136
194
528
-74
-631
37
944
1073
189
-308
-171
652
470
-358
440
1076
628
-785
-1158
-92
754
743
-504
-1032
-865
-266
111
-112
-103
-428
-575
-681
-469
130
598
137
-981
-797
30
532
221
-130
138
251
-21
-300
483
849
526
16
-283
113
365
553
357
388
-67
-612
-97
382
436
78
-162
-688
-621
108
47
-335
-506
-286
-258
-175
-216
-391
90
124
-336
-342
352
460
127
226
-234
-294
359
1039
938
94
-305
-211
660
625
112
492
749
317
-848
-553
550
1082
561
-596
-842
-603
136
296
84
-248
-611
-567
-568
-191
27
290
-58
-883
-733
115
711
147
-360
-155
99
-94
-215
447
916
441
-475
-415
338
658
366
81
220
100
-199
-206
228
542
320
-71
-414
-315
94
289
-22
-266
-161
-89
-122
-323
-306
122
201
-376
-667
-64
520
376
-6
-409
-504
109
733
955
339
-426
-445
248
677
198
186
499
381
-472
-998
-180
854
842
-364
-1136
-942
-244
272
227
6
-479
-813
-823
-359
286
523
233
-574
-874
-338
438
638
156
-126
-84
61
60
212
597
605
48
-461
-175
422
570
233
-49
-27
-83
-260
-212
218
509
170
-402
-574
-245
139
167
6
-147
-217
-214
-214
-4
159
192
19
-251
-208
82
406
402
84
-433
-536
102
697
712
171
-376
-387
163
485
223
209
376
277
-261
-689
-351
474
832
11
-862
-818
-89
439
304
-103
-462
-462
-312
-25
338
345
46
-319
-303
-25
244
374
262
97
-2
-119
-146
-20
196
400
258
-143
-473
-343
95
449
271
-240
-499
-444
-20
254
211
-50
-302
-367
-306
-22
170
173
-51
-313
-281
-4
130
73
49
5
30
-108
-195
-93
135
354
244
27
-232
-188
246
531
477
61
-234
-124
198
433
284
177
145
44
-34
-117
6
282
385
119
-271
-417
-254
15
158
130
-88
-291
-346
-193
101
248
98
-172
-238
-94
90
233
189
65
-59
-58
54
173
228
73
-13
-35
-10
-46
-136
-68
-19
-15
-153
-254
-146
7
54
-115
-221
-160
-101
-99
-117
-90
-40
-36
-150
-226
-100
49
95
-10
-116
-111
12
130
41
14
38
47
87
84
128
124
100
104
180
258
211
138
100
120
134
129
149
208
178
46
-44
-73
-33
1
41
-44
-231
-345
-314
-154
-7
-2
-209
-324
-211
-50
100
81
-28
-58
-29
35
66
121
157
139
83
10
55
154
138
87
47
-56
-62
13
72
27
-130
-188
-162
-83
-113
-251
-250
-126
-71
-154
-223
-151
-57
-46
-70
-125
-160
-104
14
83
52
-41
-72
14
219
305
145
-1
6
164
310
307
147
21
53
83
95
112
200
196
47
-75
-89
46
128
104
34
-56
-157
-207
-78
76
105
-81
-249
-242
-129
14
96
113
42
-45
-81
36
197
213
122
1
-64
70
235
218
84
-31
-36
35
101
96
58
-10
-161
-190
-94
-11
-18
-191
-285
-244
-177
-187
-212
-178
-165
-187
-226
-205
-87
41
72
-15
-95
-64
38
139
173
130
73
49
33
46
143
227
189
49
-67
-56
84
206
157
-33
-185
-143
28
144
130
30
-78
-118
-65
58
150
129
20
-58
-32
70
142
106
75
77
85
107
95
67
37
65
129
119
61
21
26
63
68
5
-75
-44
51
78
26
-59
-123
-122
-74
-30
-31
-60
-114
-137
-147
-132
-93
-129
-143
-139
-137
-113
-127
-142
-146
-114
-95
-70
15
54
41
-4
-15
26
35
39
70
101
85
24
-40
-34
59
100
44
-31
-76
-63
1
31
-30
-174
-251
-179
-26
76
71
-13
-98
-62
8
76
142
153
116
57
58
93
150
184
164
110
55
49
85
139
122
65
-4
-53
-4
39
44
-10
-68
-91
-120
-138
-107
-20
-22
-122
-158
-98
-51
-50
-72
-46
17
23
7
-3
25
74
55
37
56
49
44
52
42
14
0
51
96
102
59
3
2
0
32
42
18
11
31
54
22
-22
-61
-59
-60
-64
-67
-85
-97
-123
-105
-48
-7
-29
-83
-82
0
84
60
-8
-35
-7
60
128
147
127
132
90
45
73
137
163
119
43
-22
-15
32
54
73
50
-11
-41
-23
38
44
4
-73
-130
-135
-111
-58
-78
-140
-169
-165
-160
-127
-89
-72
-65
-81
-51
0
50
56
38
61
68
54
43
65
102
103
94
95
51
0
28
72
49
-6
-42
-41
-7
-30
-48
-58
-81
-93
-100
-46
-30
-62
-81
-86
-56
-28
-19
-3
-18
-48
-31
29
81
102
92
87
71
78
94
96
97
52
55
75
33
11
6
18
25
8
-24
-58
-43
-33
-27
-27
-62
-94
-99
-48
-39
-46
-45
-60
-54
-2
42
40
40
35
28
19
47
87
99
105
112
106
76
82
117
129
137
108
63
48
56
35
11
18
10
-22
-63
-67
-53
-66
-88
-101
-96
-88
-72
-58
-80
-80
-55
-49
-38
-38
-21
15
4
-11
-12
-6
31
18
-4
33
45
12
-22
-7
24
37
27
-19
-65
-54
-20
10
10
-26
-49
-54
-50
-75
-74
-57
-61
-61
-52
-41
-42
-55
-63
-22
16
11
-4
-10
3
8
20
34
30
33
29
13
-1
-15
-9
14
8
-35
-14
45
43
17
-24
-21
13
35
17
-5
21
-2
-26
3
35
60
51
24
14
50
102
94
55
50
62
95
79
57
82
85
66
20
-13
7
67
55
-14
-19
17
24
-7
-27
-44
-22
-10
-41
-46
-10
3
-32
-33
-23
-13
-5
9
-1
-12
-36
-77
-66
-57
-34
-26
-16
-22
-64
-62
-36
-48
-71
-59
-50
-64
-74
-71
-66
-70
-97
-134
-112
-80
-63
-60
-86
-101
-122
-105
-54
-14
-8
6
20
4
-4
16
66
94
73
43
62
73
62
78
93
98
102
87
78
89
96
79
70
49
26
44
77
87
75
29
-3
4
-18
-27
3
27
8
-40
-69
-69
-25
13
-6
-21
6
48
45
20
-2
4
14
-3
3
22
52
55
25
-10
-7
19
38
40
23
8
22
19
-5
-4
-10
-25
-42
-50
-29
7
16
-17
-36
-38
-32
-20
-10
-10
-37
-53
-41
-22
-3
3
-10
-22
-28
-16
-4
10
-1
-30
-37
-33
-12
17
28
18
14
5
8
13
13
32
47
57
46
22
19
23
22
20
31
40
42
34
21
-7
-29
-23
-10
3
1
-10
-26
-40
-49
-63
-47
-19
-20
-35
-44
-37
-35
-43
-37
-32
-25
-29
-35
-15
-6
-8
-22
-20
-6
-14
-12
3
25
32
24
9
8
7
9
32
39
18
-13
-32
-19
-9
-8
-5
-1
8
-19
-47
-33
-6
7
-6
-23
-22
-8
3
10
8
5
0
6
15
44
71
65
46
19
14
28
49
55
44
30
-8
-26
-10
21
41
26
9
15
25
13
3
10
9
-10
-40
-41
-10
7
14
-10
-37
-37
-32
-8
7
23
22
2
-24
-41
-17
16
35
33
28
43
50
52
24
3
1
24
46
42
29
-8
-15
1
6
-3
9
26
10
-14
-45
-60
-48
-23
-21
-43
-36
-27
-30
-33
-35
-22
-5
4
2
-6
-14
-7
7
8
0
6
5
-6
-18
-15
4
25
11
-15
-18
-13
-4
1
-2
3
7
-2
0
2
-4
-4
9
13
8
5
-1
13
22
19
13
13
17
15
19
1
4
14
1
-3
6
0
-1
6
-10
-11
13
25
21
-2
-23
-26
-21
-18
-26
-25
-22
-18
-23
-33
-19
-7
-15
-21
-18
-13
0
12
5
8
8
2
6
12
23
30
31
21
8
11
10
12
24
26
17
12
14
20
33
39
28
13
13
12
9
8
5
-7
-20
-30
-54
-74
-71
-54
-37
-47
-55
-44
-30
-17
-20
-20
-18
-13
-13
-22
-19
-13
-7
-10
-6
13
16
20
21
28
40
28
17
21
31
46
40
27
11
13
12
9
22
24
18
16
19
4
-7
-2
-2
3
-3
-17
-24
-18
-11
-8
4
4
-4
-3
3
0
-12
-14
-17
-17
-18
-22
-9
7
9
10
6
6
7
7
8
9
2
-6
-2
-2
-1
-2
-7
-16
-22
-20
-21
-5
5
4
-2
-16
-11
7
17
12
3
-3
-18
-19
-7
13
23
23
18
4
-1
-6
1
8
9
16
14
6
3
2
1
6
9
-1
-6
-5
-9
-7
-5
-9
-13
-8
-9
-21
-28
-24
-13
-16
-22
-24
-11
2
-1
1
14
27
25
29
32
26
22
11
8
3
2
3
19
36
31
27
23
24
21
19
18
18
8
-9
-9
-12
-17
-9
6
15
8
0
-9
-11
-15
-24
-21
-11
-5
-8
-8
-2
-13
-15
-7
-7
-15
-23
-19
-23
-24
-26
-21
-5
-3
2
2
16
22
5
-5
-11
-7
-5
-7
-1
5
9
19
29
19
16
13
7
6
5
5
7
14
12
8
10
13
20
26
37
36
22
13
9
7
9
15
15
12
9
-4
-9
-9
-8
-4
-7
-13
-14
-11
-13
-12
-12
-10
-8
-10
-9
-5
3
1
-7
-8
-2
8
6
7
5
1
0
-6
-7
2
14
18
14
12
12
9
3
-6
-5
-8
-15
-21
-30
-32
-24
-22
-21
-15
-15
-17
-15
-14
-11
-4
-7
-12
-9
-2
-1
1
2
-3
-2
-3
1
7
4
10
8
-3
-7
-3
8
10
11
12
4
-1
-10
-9
1
8
10
1
0
5
2
1
-1
4
4
3
6
3
0
-3
-10
-13
1
17
19
4
-8
-11
-1
10
15
22
16
4
-4
-9
-11
-12
-3
1
-1
-1
-10
-13
-8
-3
-3
-6
-8
-14
-12
-16
-15
-12
-6
2
-3
-7
-9
6
18
25
29
29
18
7
13
17
25
23
20
0
-45
-59
-49
-13
14
21
6
-22
-30
-42
-33
-4
7
-3
-16
-16
-7
5
5
5
10
3
-4
-8
4
17
26
32
23
8
-9
-11
-3
5
21
17
7
9
11
2
2
17
28
43
28
0
-15
-29
-32
-18
-8
-16
-15
-31
-49
-25
3
13
15
-2
-26
-14
-11
-13
5
11
7
-9
-24
-21
6
38
50
55
23
-21
-36
-45
-12
39
57
47
17
-21
-43
-16
18
54
78
38
-10
-51
-72
-49
8
57
56
40
-2
-44
-54
-29
17
64
87
42
-8
-32
-33
-2
44
57
36
-4
-48
-49
-11
27
59
61
16
-40
-55
-41
9
51
28
-9
-36
-72
-84
-17
51
94
84
-6
-84
-133
-96
7
102
135
82
-22
-130
-133
-144
-16
236
246
87
-58
-182
-281
-127
23
94
310
237
-87
-283
-276
-178
91
332
237
106
-43
-227
-322
-200
107
384
424
110
-223
-394
-277
-37
110
317
376
131
-191
-367
-340
-57
313
355
249
71
-248
-390
-256
-84
126
353
279
50
-201
-368
-269
-1
230
270
157
-65
-233
-286
-171
106
247
262
147
-82
-266
-190
-8
107
225
163
31
-101
-209
-158
22
195
229
112
-90
-178
-172
-114
78
206
169
38
-135
-260
-181
28
145
200
137
-47
-161
-191
-120
50
199
187
83
-81
-214
-200
-73
85
186
191
58
-121
-198
-161
-15
126
168
111
-26
-130
-162
-85
52
148
130
5
-99
-160
-137
-20
99
166
121
15
-127
-184
-85
44
170
195
117
-47
-172
-171
-92
71
179
165
43
-98
-182
-153
-7
105
178
154
10
-125
-189
-133
7
138
187
121
-20
-165
-199
-113
40
168
183
96
-38
-146
-182
-96
50
142
167
72
-63
-135
-125
-23
79
131
110
24
-86
-136
-106
-26
55
109
72
-19
-84
-102
-64
24
94
89
39
-44
-104
-114
-36
56
91
83
15
-62
-109
-79
0
75
111
82
1
-78
-100
-67
15
93
100
68
-3
-67
-74
-50
31
90
104
59
-13
-65
-83
-28
40
79
75
34
-36
-75
-67
-22
42
67
58
14
-41
-71
-82
-48
6
41
46
25
-7
-34
-51
-26
18
45
46
12
-24
-47
-37
3
35
51
40
-2
-37
-23
0
22
33
25
14
-4
-7
-21
-23
-3
29
32
-3
-17
-15
-12
10
34
37
21
-1
-39
-17
1
38
47
28
7
-28
-29
-32
2
15
16
15
-3
-28
-63
-52
-21
0
14
22
0
-32
-33
-25
-9
18
25
-7
-26
-29
-24
-11
22
37
46
46
28
2
-12
-13
31
38
29
38
4
-24
-14
5
20
47
31
-9
-27
-19
-19
-5
11
12
9
2
-28
-50
-33
2
6
7
-14
-28
-27
-13
0
22
42
38
25
-32
-45
-38
-4
9
5
1
7
3
-11
-15
-6
16
31
18
14
-18
-53
-51
-37
2
-7
5
-3
-26
-7
-5
15
18
10
-20
-25
-15
-5
4
-15
8
-1
22
27
41
43
8
24
21
1
-17
-21
-20
15
18
-3
9
6
40
18
-4
10
11
10
-9
-10
6
-17
-7
13
-18
-9
-7
-3
8
8
-3
-14
-29
-7
3
6
35
33
16
-8
-10
11
7
17
38
33
7
-20
-27
-27
-1
27
37
25
13
-37
-56
0
38
21
-16
-28
-6
-42
-60
-6
-19
8
11
9
13
4
0
-41
-7
62
50
18
-8
-20
38
40
0
17
31
37
69
58
30
-13
-30
-32
-31
18
22
-57
-52
34
39
39
12
-8
-30
-39
-1
-55
-22
79
-21
-78
-34
-10
66
70
-1
-6
-36
-6
5
-12
18
-78
-86
-28
53
126
16
-47
-47
-51
-4
-21
9
56
-62
-109
22
29
-109
-54
13
23
46
27
-21
-12
55
-54
-37
92
4
-87
5
71
35
-24
-12
15
10
44
38
31
45
1
-22
31
10
-36
-4
27
2
-6
40
70
17
-10
-40
-43
-57
-88
-3
50
30
-53
-112
-14
49
21
30
-8
6
13
0
-18
-55
24
-20
-57
-16
1
111
94
-11
-79
-86
2
-9
36
20
-19
-20
-89
-12
12
21
-36
-97
3
32
37
45
1
1
34
-18
-37
47
135
64
-38
-53
-33
31
45
51
4
-41
-41
9
51
28
-22
-109
-34
80
50
-40
-34
30
-4
-15
11
49
13
-20
4
44
67
-32
-103
-75
-9
40
31
-39
-6
52
-33
-22
36
32
35
7
4
19
12
-2
-29
-37
-34
-34
-17
41
106
27
-86
-84
-31
33
111
91
-34
-56
-57
-16
36
8
-5
-25
-56
-23
83
49
-83
-63
-11
40
33
-31
-39
14
67
16
-11
-44
-70
-13
15
40
-4
-102
-68
-8
69
70
12
-39
-99
-43
29
44
12
-55
-33
-28
-17
38
22
40
8
-31
-35
-37
29
34
29
16
-62
0
40
44
-23
-83
28
77
96
29
-48
-33
11
114
68
-58
-136
-143
79
174
62
-23
-93
-52
18
86
112
83
39
-105
-111
10
43
87
80
-20
-81
-73
12
84
119
50
-36
-75
-106
-8
98
111
-4
-161
-106
37
96
81
-39
-31
9
11
-10
-81
-23
-10
48
85
-78
-78
-15
100
90
-2
8
-57
1
-13
-52
-21
-40
-28
-33
45
93
-27
13
93
60
-25
-96
5
32
42
-48
-146
-4
19
30
64
63
31
-61
40
69
14
6
-93
-63
62
18
-56
-61
-16
13
35
46
1
41
14
-26
-5
8
-4
-41
-20
-38
-45
-14
-58
-33
32
32
38
8
-4
-73
-45
48
-11
9
33
1
-23
-56
4
83
94
15
-51
-32
2
78
55
-45
-9
28
-19
-11
59
23
5
9
-90
-73
31
28
-52
-52
-14
3
42
8
-33
-24
-10
-16
-24
-27
-57
-14
-10
-72
-33
34
4
-15
37
62
40
72
-2
-65
12
20
-21
-20
17
-33
-44
41
51
76
96
20
-5
-7
-15
16
48
4
-53
-27
11
19
30
9
-10
13
18
-16
7
54
-9
-50
-38
-39
3
41
23
-43
-59
-11
34
71
23
-29
-24
-8
10
28
-13
-40
7
-14
-40
18
58
30
11
-20
-51
3
29
-22
-17
8
-46
-26
18
-2
5
-1
-24
-6
44
30
-7
-13
-27
-21
35
17
-17
20
21
-8
-22
-12
-24
-13
-1
-27
6
29
-24
-41
23
28
-22
-19
-25
-7
37
-24
-46
-7
15
10
-15
17
21
21
-6
-55
-19
-1
2
29
26
4
-32
-2
18
1
27
-32
-52
6
2
2
26
3
-37
-15
16
5
40
45
-22
-13
17
14
19
20
6
14
46
4
-5
38
22
-1
32
45
9
14
4
-39
-7
22
-1
10
2
-38
-18
36
2
-43
-26
-59
-52
25
14
-10
-9
-42
-25
35
55
19
-21
-30
-48
4
50
-4
-27
-45
-42
-3
39
22
-10
28
3
-33
6
33
32
23
-9
-23
-7
18
-6
-5
16
-17
-4
7
5
18
-2
-13
10
35
5
0
13
-31
-9
29
-8
-12
15
5
-9
-1
-3
-19
6
23
4
1
-5
-17
-10
-5
-20
-15
10
-1
-11
-8
-5
25
42
-3
-45
-3
26
18
30
3
-27
-4
9
-14
-11
13
3
-7
2
1
-1
-19
-36
-14
7
0
-40
-47
-14
2
-24
-32
15
33
33
32
1
0
3
-5
16
26
-17
-71
-38
28
63
25
-36
-39
-26
6
34
22
-2
-16
-10
18
37
33
-1
-2
16
5
4
-27
-22
28
12
-6
0
7
16
23
33
7
11
10
-17
2
-14
-37
-22
-7
-1
-18
-19
-9
6
37
32
26
15
5
6
22
29
-37
-59
-32
-29
-2
-27
-50
-44
-9
40
31
68
40
-9
16
1
21
36
-1
-11
-25
-24
-15
-1
0
-10
-4
-11
-2
-10
-13
28
66
30
-20
-2
-9
5
12
-32
-3
10
-13
-16
-13
7
24
35
10
1
11
-10
8
5
-35
-49
-6
10
-21
1
16
-2
-6
-22
-9
29
31
-19
-54
-28
13
13
0
-19
-7
-2
-7
42
62
50
8
-14
-19
-13
-2
-19
-19
0
1
-20
-13
4
10
5
9
3
-1
10
-11
-25
1
6
2
-10
-12
28
29
9
-10
-10
16
30
10
-20
-13
1
-5
-26
-19
7
30
28
-3
-6
7
-2
3
-10
-20
-8
-22
-25
-8
22
11
-24
-12
-1
11
23
-5
-9
9
20
15
-4
-2
11
7
11
1
5
35
17
6
4
-1
12
7
0
6
12
3
-21
-9
7
20
33
12
9
14
2
-2
-2
-6
-10
-19
-29
-25
-10
-16
-5
15
17
4
-13
-9
-6
2
13
4
-4
-2
-14
8
21
14
10
4
16
0
3
-15
-34
-21
-14
4
-1
-17
-23
-10
21
-2
-11
-8
-3
9
-15
-20
0
18
2
-16
-7
11
22
21
-6
-21
0
10
-2
-1
-2
-13
9
3
-12
-1
7
9
-11
-7
-3
10
15
-20
-10
-2
-10
-14
-9
15
13
11
-15
-13
18
20
2
2
14
15
9
-11
-20
4
9
4
-2
-18
-2
-4
-1
0
16
29
-1
-4
-11
8
35
3
-14
-9
4
-4
-38
-17
-10
2
12
-22
-10
7
7
-4
-14
2
1
-9
-14
-15
-6
-5
-7
3
15
18
25
9
-11
-19
-8
0
0
6
-7
-5
13
-10
-27
-7
20
22
-1
9
3
6
4
-18
4
14
21
22
2
12
11
1
2
-2
2
-9
9
21
11
12
5
-6
-9
-3
14
24
17
-6
-24
-9
11
1
-7
-5
6
11
-13
-21
-18
0
8
1
-8
-3
13
11
-6
-14
-10
-4
2
-10
-8
4
0
-9
-11
-7
-5
-16
-5
12
11
-7
-37
-19
-2
6
5
-7
3
-4
-6
-1
10
34
21
-13
-14
-2
11
24
11
1
-3
2
3
5
5
1
-1
-3
-23
-27
7
22
11
-15
-18
-6
4
-3
-10
-1
4
-11
-23
-18
-5
10
6
-5
-2
6
5
11
18
10
-4
0
-4
-7
9
-4
6
10
-2
-1
-10
-9
-3
17
19
0
0
-13
2
20
0
-7
-6
-1
0
-9
-13
-2
14
-11
-19
-10
-12
-2
4
-4
-7
10
3
-5
7
-2
-11
-4
-5
-4
11
15
8
-3
-3
8
21
33
20
16
14
-4
-3
-1
-1
5
10
10
5
8
6
-3
8
-3
-9
6
0
-9
-14
-13
-16
-14
-8
-9
-13
-16
-5
-6
5
11
12
3
-1
5
-4
6
14
5
6
9
5
0
-1
0
5
-1
-2
-8
-23
-22
-13
-14
-24
-15
-5
-9
-4
-3
-2
12
12
14
13
17
17
-6
-14
-1
18
10
-7
2
2
9
13
-1
3
11
11
5
-11
-4
-4
-8
-2
-7
0
-2
-4
-3
-9
5
9
3
-2
-10
-8
-12
-4
18
9
8
-1
-19
-9
-7
0
-9
-3
15
3
7
13
5
9
-3
-10
3
8
18
3
1
3
-13
-14
-12
1
4
-5
-3
-4
-10
-18
-13
6
11
6
3
-2
1
6
11
11
14
5
-5
5
6
10
15
11
4
-10
-7
-1
4
4
-1
-9
-13
-8
-3
-2
-5
0
-2
-6
-4
-7
-8
-13
-11
-9
-8
-6
-14
-13
-7
-2
-3
-8
-5
-5
-4
-5
-7
1
2
9
21
15
6
0
-1
3
9
0
-7
3
7
10
9
12
13
5
2
6
9
5
5
4
-1
-2
-2
-8
-3
6
-1
-6
-6
-14
-19
-18
-10
-9
-10
-15
-24
-28
-31
-16
-4
-2
3
0
-5
8
20
16
12
14
19
20
22
29
27
19
10
7
2
7
10
-1
-5
2
7
6
10
5
1
3
2
-3
-6
-9
-4
-3
-8
-10
-9
-7
-10
-3
0
8
10
3
2
1
2
2
1
2
-1
-4
4
2
-4
-5
-5
-1
-2
2
1
1
-2
-6
-9
1
11
7
11
9
9
14
11
7
5
2
2
-7
-10
-5
-10
-15
-10
-5
-7
-10
-7
1
5
12
6
-2
4
1
-2
-6
-8
-4
-1
6
13
17
20
9
0
-9
-11
-4
-11
-11
-5
1
2
5
10
1
-4
-1
-2
-4
-4
-6
-5
-2
2
1
-4
-1
2
2
1
1
2
-4
-4
5
-4
-4
-4
-5
4
4
1
-3
3
12
4
3
7
6
2
-2
-2
-5
-7
-2
1
0
1
1
-3
-2
-6
-8
-3
1
0
-6
-8
-2
1
-3
-3
5
4
5
5
6
4
-1
0
-1
3
7
3
-6
-3
3
-3
-5
0
-1
5
9
2
-6
-7
-1
1
-1
-3
-5
2
-1
-5
-8
-9
2
2
0
2
1
-2
-4
-3
-9
-9
-7
-6
-1
-2
-5
-4
3
3
1
4
7
9
9
7
2
-4
-2
4
8
10
6
2
-7
-6
-7
-5
2
3
-3
-13
-9
-1
-4
-4
-1
-2
-2
-3
-6
-5
3
11
9
10
13
11
7
4
1
8
9
4
1
-4
-1
5
4
-1
-5
-4
2
6
5
-1
-3
-4
-10
-9
-5
0
2
-1
-4
-5
1
6
1
1
-1
-2
-3
-8
-6
-3
-1
-3
-5
0
-2
-1
-5
-4
4
4
4
-1
-3
-1
-3
2
8
8
3
5
4
0
4
5
-1
-5
-4
0
8
5
-1
-7
-8
-3
-2
0
-1
-3
-2
-2
-7
-3
1
4
1
-3
-2
1
3
-1
-5
1
1
1
-2
3
4
1
1
-1
7
10
8
4
0
-1
2
2
-4
-2
-2
-5
4
8
8
5
3
4
-1
-3
-3
-3
-1
-1
0
4
5
3
-3
-1
1
3
8
5
2
-3
-4
-2
0
-4
-5
-9
-6
0
6
9
3
2
1
-4
-4
-4
-9
-13
-11
-6
-4
2
2
-1
-2
-4
-7
-8
0
4
-1
-5
-14
-16
-9
-10
-11
-5
0
0
2
-3
-3
-1
-1
1
0
4
6
8
4
-5
-7
-3
4
3
-1
0
0
3
4
9
11
6
5
-1
-6
-5
-2
-1
-3
-5
3
-2
2
4
-3
-4
-6
-1
3
3
8
11
14
20
17
13
13
10
7
5
8
3
-5
-3
3
5
5
3
5
6
1
-2
1
0
-4
-4
-4
-1
4
4
2
-4
-8
-7
-7
-5
-2
-8
-12
-10
-11
-11
-11
-6
-3
1
4
2
0
-2
-3
-1
4
2
4
5
3
1
1
2
2
0
-4
-7
-4
-5
1
7
2
-1
-3
-7
-8
-3
-3
-4
0
2
4
-2
-2
1
3
4
2
2
3
3
-2
-6
-10
-9
-3
2
0
-1
3
1
3
1
-5
-3
-3
-2
3
12
10
5
12
12
9
13
13
9
8
6
9
11
12
9
4
3
-2
-3
-3
1
0
1
3
7
8
-1
-5
-4
-3
-1
-2
-5
-4
-2
-4
-2
3
6
3
-3
-5
-4
-3
-7
-13
-14
-6
0
1
2
5
6
3
-1
-2
2
1
-1
1
4
9
6
0
1
-1
1
-1
-4
-3
-4
-9
-11
-11
-12
-16
-21
-17
-12
-6
-2
-7
-11
-13
-18
-20
-16
-13
-13
-14
-15
-12
-5
3
5
10
18
28
29
27
22
15
8
5
9
7
2
1
-4
0
3
6
6
2
-1
-15
-19
-11
-6
-7
-7
-3
5
19
30
26
24
27
16
8
9
6
3
0
-3
-7
-4
6
7
10
15
14
11
7
3
1
6
12
11
6
-1
-8
-8
-6
-4
3
9
9
11
6
-2
-8
-17
-20
-19
-17
-28
-32
-33
-29
-26
-25
-17
-14
-10
-5
1
-1
4
2
-4
3
10
12
6
-3
-5
-5
0
5
6
10
10
11
14
12
13
15
18
14
9
2
-4
-10
-11
-9
-12
-16
-12
-6
1
8
7
7
9
7
8
1
-4
-7
-3
1
0
-4
-2
4
6
5
-2
-1
0
-2
-2
1
6
7
4
4
5
10
10
1
1
0
-1
-8
-7
-5
-3
-3
-7
-8
-5
-6
-5
-1
-4
-5
-6
-5
-5
-2
4
7
12
8
6
2
2
4
2
-2
-6
-8
-7
0
5
2
-1
-2
0
-4
-3
1
3
-4
0
3
1
5
3
4
4
3
6
4
1
-4
-3
-1
2
9
2
1
3
0
-1
-1
0
1
3
-1
-1
1
0
2
4
3
-4
-4
1
4
5
0
-2
-2
-1
1
1
-3
-5
-4
-3
2
-2
-9
-14
-8
-2
-5
-3
0
-2
-3
1
5
6
4
2
2
3
8
8
4
2
5
3
-5
-7
-13
-13
-9
-8
-7
-10
-7
-4
-4
-2
5
12
11
6
0
-3
-3
2
0
1
7
16
13
8
13
9
5
1
-3
-3
-1
0
-1
1
4
5
3
-1
0
4
4
-2
-2
-1
-2
-8
-7
-1
4
8
6
1
2
1
0
-1
-5
1
4
3
3
2
0
4
6
3
3
0
-1
-6
-6
-7
-7
1
9
9
4
2
2
2
-1
-6
-8
-5
-5
-3
-5
-11
-11
-9
-5
-4
-5
-2
-3
-2
2
2
-2
1
5
7
9
7
2
2
3
3
5
1
0
1
0
-2
-1
-5
-8
-3
-1
2
4
3
4
6
7
4
4
1
0
0
1
1
1
1
-2
-5
-3
-1
-1
2
1
-8
-16
-12
-10
-7
-5
-7
-11
-13
-12
-4
-2
-5
-4
-5
-5
-1
2
2
4
5
4
8
11
10
8
1
-5
-7
-5
-1
3
8
5
5
12
8
11
13
8
2
-1
-2
-5
-3
-1
-1
-3
-3
0
2
3
5
6
6
2
1
2
5
8
0
-5
-8
-8
-6
-3
3
1
-1
0
1
6
4
-6
-9
-9
-7
1
3
5
1
-1
-1
1
7
7
7
2
-4
-6
-10
-10
-5
-1
3
5
7
9
10
11
8
5
5
6
1
-2
-1
0
0
1
0
0
-2
-4
-5
-2
-2
-7
-8
-10
-9
-8
-4
1
6
8
8
7
5
-2
-7
-9
-4
0
3
3
1
-2
1
-1
-1
5
7
3
-2
-8
-11
-5
-6
-6
-8
-11
-15
-13
-7
-7
-3
-3
-5
1
-3
-7
-5
-2
1
4
5
1
1
0
1
5
12
15
14
14
10
1
-5
-4
2
0
3
5
3
7
7
10
6
7
7
7
7
6
1
-9
-3
-1
-3
0
6
9
5
1
-1
-4
-5
-2
-3
-9
-11
-10
-5
-4
-5
-6
-5
-4
-2
-5
-4
0
-1
-5
-2
4
4
2
1
3
3
2
-2
-2
-2
-7
-12
-7
-4
-6
-6
-6
-4
-2
-6
-4
-3
0
1
1
1
0
-1
-1
4
6
8
5
6
0
-3
-2
1
4
2
1
0
-3
-2
-2
0
4
5
5
6
8
9
6
5
5
10
9
6
0
-2
0
0
4
0
-1
1
3
6
4
3
-3
-3
-1
-2
3
8
6
6
2
0
0
0
6
3
1
-7
-13
-5
-2
2
3
1
-3
1
-6
-8
-5
-5
-3
-1
6
2
5
10
7
7
6
4
3
0
-5
-7
-1
-1
-5
-8
-4
1
-1
2
-1
3
2
-5
-5
-1
3
-1
-7
-7
-6
-7
-8
-7
-2
1
-4
-7
-8
-3
1
3
8
5
1
-1
-8
-15
-12
-10
-5
4
3
-1
-1
-6
-4
-1
1
0
-1
2
4
4
2
-1
-4
-2
0
2
3
3
2
-1
3
5
5
5
4
4
4
5
1
-2
2
4
-1
2
5
6
9
9
8
10
7
2
-3
-4
-3
-6
-9
-8
-4
-3
-9
-6
2
4
0
-2
-6
-5
1
4
0
-2
-1
-3
5
11
10
7
8
8
4
4
5
2
4
11
10
7
3
0
-5
-4
0
1
0
3
5
4
4
0
-5
-6
-8
-9
-8
1
5
2
0
4
5
8
8
7
3
2
0
-2
-1
1
5
4
1
2
1
2
-1
-8
-12
-14
-12
-6
-4
-2
3
7
5
4
6
7
7
0
-5
-5
-5
-5
-4
-2
-3
-2
0
5
6
3
4
-1
-3
-2
-3
-1
1
1
0
-4
-3
-1
-6
-5
-1
-1
-2
0
-2
-8
-11
-14
-20
-12
-5
-4
-2
-4
-6
-8
-4
1
-1
-5
-2
1
-2
-5
-5
0
5
7
7
9
7
7
7
7
7
5
1
-2
0
3
6
5
4
5
7
2
-1
-6
-8
-7
-6
-2
1
6
9
9
2
0
-5
-9
-8
-5
-1
3
1
2
1
2
2
1
3
2
4
6
5
7
0
-6
-7
-9
-5
-4
-1
-1
-6
-6
-8
-8
-5
-7
-9
-9
-10
-5
-2
-6
-8
-11
-8
-3
-2
-2
0
1
-1
-5
-8
-2
5
7
7
6
1
0
-3
-5
-5
-1
5
7
6
6
0
2
5
2
4
9
7
6
3
1
-3
-4
-4
-9
-8
-10
-8
-6
-3
4
7
10
7
7
8
-2
-6
-1
1
5
7
11
12
12
5
-2
-2
1
4
-3
-4
-1
-1
-2
-7
-9
-10
-9
1
8
6
3
-1
0
-1
-1
2
6
14
16
15
12
3
-2
-3
-2
4
10
10
6
3
5
5
4
0
-1
1
7
7
4
1
-3
1
5
5
8
17
19
16
8
4
2
3
4
1
0
-1
-3
0
4
10
11
2
-3
-8
-2
6
8
9
4
1
-9
-13
-9
-11
-12
-9
-4
7
8
2
-3
-8
-11
-9
-2
5
7
4
-6
-12
-7
-6
-5
0
3
5
5
0
-6
-7
-6
-7
-6
-4
-2
1
3
3
4
5
3
-2
-6
-8
-8
-5
-3
-7
-9
-8
-12
-10
-4
-2
-1
-4
-6
0
-2
-4
-4
-2
2
3
5
3
3
3
4
4
-1
-3
-6
-7
-5
5
5
2
0
-4
-4
-4
-6
-2
-1
1
-6
-14
-18
-14
-10
-8
-1
1
5
1
-8
-6
-2
-4
-4
3
6
4
5
6
5
7
8
-3
-4
-2
1
2
-1
2
5
6
7
5
5
7
9
10
7
9
7
3
4
-1
-7
-8
-7
-3
1
4
5
1
-2
-3
-1
0
1
4
0
-5
-4
2
7
8
6
2
2
2
2
0
1
2
-2
1
4
4
5
8
14
14
13
6
2
2
-5
-9
-6
-10
-1
1
-1
1
-2
2
-1
1
0
-1
3
1
-4
-7
-7
-4
-3
-4
-5
-2
-3
-5
-6
-2
-2
-2
-5
-11
-10
-8
-5
-5
-8
-9
-2
0
-7
-6
-2
10
13
12
11
6
2
-3
-4
0
-2
-2
-7
-9
-8
0
6
7
7
5
9
6
6
3
-2
-1
-7
-2
4
3
4
0
-3
-4
-1
4
7
7
7
5
4
2
-1
-2
-4
-3
1
2
2
2
-7
-7
-4
-3
-2
2
7
5
6
5
1
1
2
4
3
7
7
5
3
1
-2
-8
-6
0
6
12
10
7
2
-4
-7
-7
2
4
3
0
-1
-1
-3
-4
-4
-5
-2
2
3
-2
-4
-8
-10
-8
-8
-4
-4
1
0
-6
-5
-6
-5
0
3
6
5
6
6
3
3
-3
-2
2
4
-2
-5
-5
0
4
3
0
1
4
3
4
4
6
1
-2
0
1
1
-6
-9
-12
-4
4
3
1
-2
-3
-5
1
3
5
8
3
4
0
-6
-6
-10
-13
-17
-19
-15
-4
2
0
-4
0
4
5
2
3
6
8
5
5
5
5
11
13
10
6
-2
1
6
8
10
4
1
-8
-9
-5
1
9
5
4
6
2
0
1
3
8
12
7
1
-6
-11
-11
-6
-1
6
9
3
2
4
-2
0
9
8
4
-5
-12
-10
-13
-10
-10
-3
2
-9
-7
5
7
3
-3
-3
3
8
8
0
-6
2
2
3
9
3
-1
-3
-8
-1
1
-2
-10
-12
1
2
-3
-10
-7
2
-5
-4
-2
-2
6
2
-5
-2
-8
-9
-1
3
0
-7
-9
0
4
-1
-5
-6
2
-1
-11
-13
-4
5
2
-6
0
1
2
6
5
9
14
15
7
-4
0
7
9
4
-4
-6
-2
3
4
-2
-2
3
2
10
14
8
-5
-12
-7
-5
4
9
3
3
5
5
-3
-6
7
11
16
6
-1
2
3
12
11
5
-2
-4
-6
-8
-3
-1
-1
2
2
2
-2
-4
-2
-1
8
5
2
0
-1
1
1
7
2
-7
-6
-6
-3
-7
-15
-10
-7
-4
2
2
2
1
4
10
9
4
-5
-13
-7
0
-1
-2
0
8
5
5
5
1
3
-1
-6
-6
-6
-8
-10
-5
2
4
1
1
8
16
16
7
-4
-12
-6
8
8
12
9
-3
-3
0
8
5
-2
-2
0
4
-1
-9
-10
-5
3
1
-9
-11
-1
3
5
10
9
3
4
-7
-8
5
8
7
6
2
-6
-3
0
-10
-20
-22
-7
2
-2
-5
-7
-7
-6
-15
-8
0
-2
7
12
6
-5
-14
-7
7
5
-3
-3
-8
-3
5
9
8
-5
-7
-4
1
-1
-13
-8
-3
-5
-2
3
9
2
-5
-4
1
9
7
4
1
-9
-6
4
9
10
2
-3
-3
0
2
-1
7
4
-5
5
11
0
6
7
1
7
1
0
9
7
0
-1
0
-7
-12
-6
0
3
-1
-8
-2
7
12
11
0
-6
-16
-16
-6
-8
-3
-7
-12
-16
-19
-7
1
9
5
-13
-15
-13
0
9
0
-1
2
-2
0
5
0
-1
9
3
-1
-5
-7
-1
6
7
-3
-7
-5
2
12
9
4
3
1
3
6
-3
-5
5
11
9
-2
-12
-15
-11
8
7
1
7
5
8
7
5
3
-1
3
0
3
7
-2
-2
-1
0
6
7
6
7
14
7
-4
5
4
7
6
-2
-5
-1
4
1
4
3
-1
4
4
7
10
7
5
0
1
-1
8
8
0
0
2
-1
-10
-11
-8
-11
-9
-10
-7
2
6
2
-6
-12
-4
10
10
1
1
0
-1
7
8
6
4
2
-6
-6
2
3
0
-6
-16
-19
-13
-5
3
6
7
6
1
5
16
23
25
14
7
6
4
4
0
-2
5
6
1
-2
-3
-2
-2
-1
0
-1
-4
-4
-2
-3
-4
-4
-4
-6
-7
-3
-4
-2
7
8
-1
-3
-3
-1
6
3
0
-2
0
-1
-2
-3
-6
-8
-4
0
-3
-5
-9
-10
-5
-5
-4
2
4
-1
-4
-6
-7
-4
-2
-3
0
4
-1
-5
-4
2
6
4
1
-3
-2
1
2
5
6
3
0
-3
2
10
5
-5
-8
-8
-8
-2
-1
-7
-9
-7
-7
0
2
-1
-1
-3
2
-2
-3
-4
-8
-4
-12
-7
-1
2
3
1
6
9
14
10
-1
-2
0
3
0
-6
-1
-1
0
2
4
4
7
6
3
-3
-12
-11
-7
-8
-15
-13
-8
0
8
10
5
0
-7
-10
-2
2
-1
-6
-10
-14
-14
-4
9
15
10
4
-2
0
4
8
8
-1
-6
-5
2
8
9
10
3
1
1
-8
-1
0
-13
-14
-17
-8
-2
3
3
-5
-7
-10
-6
2
-4
-4
1
-8
-5
0
-3
-2
2
4
-1
2
2
-1
6
6
-1
1
7
11
10
6
6
11
10
6
3
4
3
2
5
2
-1
-4
-10
-5
-4
-6
-7
-6
2
8
13
10
6
10
9
12
13
7
7
9
8
6
10
8
2
1
-2
-1
2
1
-1
-4
-2
2
5
3
-2
-7
-9
-7
-3
1
3
1
-4
-4
-1
1
6
9
9
9
0
0
2
-1
0
-1
-1
1
2
3
1
-4
-7
-4
-2
0
-2
-3
-2
-1
-1
-3
-3
-4
-3
1
2
-1
-1
0
-2
-4
-8
-5
6
7
2
2
0
-5
-2
1
6
10
6
0
5
2
-1
-6
-6
2
4
8
6
-1
-5
-3
-7
-8
-5
-1
4
6
1
-8
-8
1
7
12
7
2
-5
-13
-15
-15
-11
-4
-1
3
14
14
7
-3
-7
1
5
0
-7
-11
-6
-9
-9
-4
-5
13
26
17
14
7
-7
-18
-22
-18
-9
6
13
7
7
2
0
8
2
-3
3
-4
-5
-2
-15
-13
-9
-7
-2
3
10
11
8
-1
-6
-4
-3
-3
-5
-11
-5
5
4
7
8
-1
-3
3
8
9
9
2
-5
-6
-4
-3
3
15
13
8
4
-5
-6
-3
-5
-4
2
7
-1
-10
-6
-7
-3
4
7
3
5
9
4
1
-4
-2
-1
-3
5
6
4
3
-3
-5
0
8
11
7
12
14
0
-5
-6
-5
4
3
7
7
-2
-7
-14
-16
-5
4
11
17
13
-4
-17
-16
-7
6
10
10
5
-5
-6
-8
-9
9
21
14
10
8
7
-6
-20
-15
-13
-12
-2
-1
6
10
7
0
-9
0
4
0
3
0
-7
-6
-6
-8
-7
2
10
11
14
10
-3
-17
-21
-8
-2
-4
4
-4
-6
4
3
5
0
-5
8
3
0
7
-6
-10
-6
-11
-4
10
17
7
-9
-11
-18
-20
-2
8
14
15
5
-2
-4
