3
-5
-11
-4
-17
-10
12
2
0
10
-14
-16
15
-10
-2
19
-7
6
6
0
-7
-12
7
-7
5
17
-25
5
15
-17
16
-7
3
18
-25
-1
-11
-8
20
-20
0
3
-22
16
-19
-17
15
-24
7
9
-13
0
-11
12
0
-12
18
-16
1
25
-10
8
14
-4
-6
0
18
-11
8
25
-22
8
23
-12
-10
1
2
-1
4
15
3
1
14
5
-4
-12
-1
4
-21
-8
1
-30
-11
22
-12
-12
28
11
-6
17
21
-15
-2
37
-2
-15
18
-30
-34
23
6
6
16
-4
-6
-8
-22
-21
-6
5
3
8
-4
-31
-3
2
-20
19
13
-27
16
24
-21
0
16
-2
7
25
8
0
22
8
-18
2
4
-13
14
9
-17
4
0
-23
-4
16
-4
-6
-5
-36
-12
10
-24
0
23
-12
2
13
-25
-5
23
-28
-22
22
-18
-8
21
-24
-11
14
14
2
-3
22
-9
3
21
-23
9
27
-8
9
0
-1
26
11
-1
5
14
-10
2
26
-18
0
28
-12
0
18
-8
-8
5
7
-17
4
16
-24
12
8
-14
11
0
3
-1
-3
22
-14
7
22
-16
26
-4
-23
16
-26
-7
3
-18
10
-9
-10
-17
-22
11
-35
-13
24
-33
18
8
-31
21
-5
-16
-1
-5
4
-10
12
-1
-18
20
-12
-13
19
-14
5
18
-2
9
-7
7
3
-3
13
-14
-4
8
-16
0
8
-4
2
10
10
-11
3
7
-23
11
6
-21
7
0
-8
6
0
8
12
4
-4
-7
4
-6
-7
6
-13
-8
18
2
0
26
8
-5
14
-9
-20
17
6
-12
14
13
0
13
18
-7
-3
13
-12
-12
4
-17
-9
6
-6
-4
5
6
-9
-18
-5
-12
-7
2
-21
-7
3
-15
-1
5
-8
0
7
6
7
8
-3
-6
2
4
7
18
10
3
17
12
3
6
-12
1
16
-8
-5
7
-14
-9
9
2
5
10
1
-10
1
3
-13
-7
-4
-1
9
-1
-1
-2
-8
3
-5
-7
10
10
4
-1
-4
-11
-10
1
0
7
11
2
2
-1
-7
1
7
-1
-7
0
1
-4
4
11
0
7
4
-10
-11
-16
-16
-22
-17
2
8
8
6
2
-1
-7
1
2
-1
14
1
6
14
0
14
13
-2
12
1
-7
11
7
-5
3
8
-12
-8
4
-16
-7
7
-11
2
2
-10
-3
-8
0
9
5
11
7
-1
4
4
-3
2
2
5
15
6
5
13
0
4
7
-7
2
8
-9
-13
-9
-7
-8
-6
-1
-6
-8
1
-3
0
5
4
5
11
10
2
4
6
-11
-8
8
2
-1
-8
-15
-4
-4
-10
2
5
5
10
-5
-1
11
4
6
-6
5
9
-11
-7
-5
-4
4
1
-7
0
-2
-4
3
5
13
2
-5
4
-4
3
3
-3
10
-3
-5
7
3
16
14
-2
-3
8
19
5
-4
4
-9
-9
7
-13
-10
6
-7
-10
-5
-4
2
1
-6
-9
-5
-15
-15
-5
-7
-3
2
-4
0
7
7
4
6
14
5
8
0
-19
-3
-12
-17
3
-16
-16
1
-4
-3
5
2
1
12
14
9
7
8
0
-3
2
9
8
3
12
0
1
6
0
14
8
-6
-1
-2
-7
-2
-3
-5
-3
-7
-11
1
14
5
3
4
-5
3
2
-10
-5
-11
-7
-6
-17
-2
4
4
16
9
11
12
-1
5
-3
-8
4
2
5
7
-2
-1
0
2
8
6
9
-4
2
10
-3
-3
5
3
8
6
-7
-2
-5
-15
-3
-9
-8
1
-13
-11
-6
-11
-6
-4
2
3
-8
3
9
-1
10
6
-1
11
2
3
0
4
7
-10
-5
-1
-11
1
-3
-10
1
-8
-14
-8
-18
-17
-4
-8
-13
-9
3
4
11
6
-2
5
5
-6
-9
-3
0
-9
-11
1
3
4
5
-4
-1
4
7
14
17
14
12
11
4
-2
-6
-9
2
4
-2
0
0
7
12
8
12
6
9
12
1
1
2
-4
0
0
-1
6
5
8
4
1
4
-2
3
3
2
8
2
1
7
0
-3
-1
-9
1
11
6
4
-4
2
6
-4
0
1
-8
-8
-3
-9
-14
-8
-11
-7
4
8
8
10
9
8
4
-7
0
3
-11
-12
-10
-10
-8
-3
2
-4
2
2
-13
-5
-2
-7
-7
-9
-6
-10
-7
-7
-8
-2
1
2
4
-7
-3
6
-4
11
8
3
18
8
8
4
-1
4
-2
1
3
-4
4
-5
-8
6
-5
5
11
-3
5
-1
-14
-13
-12
-7
-15
-15
-9
-18
7
9
-10
5
14
12
14
12
15
5
16
16
0
7
2
-3
4
0
4
1
-11
-11
-10
-5
-6
-4
4
-5
2
8
0
7
7
8
7
-2
3
1
-2
10
3
-2
2
-4
-2
-3
-2
2
-4
-1
-2
-2
2
-1
4
1
-8
-3
-1
-2
2
5
8
7
4
3
-3
0
-1
-3
-1
-6
0
-4
1
9
-7
2
4
-5
2
-4
-11
-2
-4
3
-1
-9
1
-3
4
6
-5
0
-9
-8
-9
-15
-3
0
-2
0
6
11
6
7
9
-2
-1
5
-3
-1
-2
-10
-8
-6
-3
-11
-19
-5
-14
-12
-3
-8
-2
4
12
16
6
9
12
12
23
13
14
19
14
19
8
1
8
0
3
4
3
4
-2
5
5
6
12
-1
-4
-8
-7
5
1
4
7
3
1
2
-3
-7
-3
3
6
6
8
-4
-6
-8
-6
-1
-4
1
0
-2
0
2
3
0
2
2
-11
-10
-6
-8
-3
2
3
0
5
5
-4
-3
-2
-7
-1
1
-5
-5
0
-5
-5
-1
-3
-7
-6
-4
-3
1
-6
-7
-5
-8
-6
-1
0
-4
-8
-17
-17
-3
-4
-5
-6
-4
-11
-9
-11
-15
-14
-16
-14
-11
-4
2
5
4
10
8
10
12
11
10
2
0
5
-2
-3
4
3
10
9
5
4
0
6
5
-1
5
-2
-4
5
0
6
8
1
-2
-7
-4
-5
-3
-5
-12
-9
-1
3
5
1
-5
5
9
6
11
12
4
4
6
10
16
7
2
3
6
6
5
3
-5
-9
-2
1
4
7
-2
-6
-5
-12
-12
-6
-6
-9
-7
-1
-3
-4
-13
-14
-9
-5
-1
-4
-5
-8
-6
5
-1
5
12
1
3
6
3
5
5
2
7
10
9
2
-3
-3
-7
-1
3
-5
5
11
7
11
8
3
0
2
3
-2
5
2
-1
9
1
-2
3
-3
-3
-3
-9
-11
-5
-9
-13
-6
-1
2
5
1
-3
-2
-3
-4
-2
-4
0
-3
-2
9
10
8
7
8
10
6
12
9
5
9
9
6
7
5
5
11
11
11
9
3
5
2
1
-1
-3
-4
-4
-11
-12
-1
6
11
11
9
8
5
3
-2
-6
-1
-2
1
2
-2
-4
-7
-6
-2
1
2
7
3
1
-5
-5
-5
-10
-3
-4
-5
-3
-14
-10
-11
-23
-20
-23
-18
-3
-5
-3
0
3
2
4
3
-3
2
1
1
5
3
-1
-1
-4
-9
-3
-1
-3
-1
-3
-3
-5
-4
-3
-3
-4
-7
-4
-3
0
8
8
7
10
7
0
-1
-2
1
-1
-6
4
3
10
17
11
14
11
10
11
5
6
1
-4
-7
-12
-4
3
2
1
-2
1
1
-6
-11
-7
-7
-10
-2
7
2
0
-5
-5
5
12
7
3
9
11
11
5
6
6
9
13
10
8
8
5
4
2
5
3
-4
-4
1
2
3
-1
-4
0
-1
-1
-4
-6
-5
-4
-5
1
3
0
-3
-5
-11
-9
-5
-3
-4
-1
7
8
9
3
-4
-6
-14
-11
-7
-2
4
3
8
9
8
7
3
6
7
6
1
-3
-7
-13
-17
-16
-14
-5
5
7
5
-2
-4
-4
-3
-4
-2
-2
-3
1
-1
-3
-7
-7
-6
-3
6
7
10
12
10
5
5
5
8
12
13
10
4
-2
-3
1
3
0
-3
-6
-6
-7
-8
-7
-2
2
-4
-13
-6
3
7
5
4
2
-1
2
1
-1
5
4
-3
1
6
2
-1
4
1
2
7
4
1
0
-2
-4
-2
-5
-7
-8
-10
-14
-15
-6
-3
4
7
-1
2
-2
-8
-4
0
4
9
5
-4
-1
-3
-4
-2
1
2
5
1
-8
-6
-6
-2
-1
2
2
3
4
2
-3
-6
-1
-1
-6
-1
3
-1
-1
-4
-8
-4
-1
0
6
13
12
8
8
9
6
4
5
8
5
0
-7
-9
-8
-4
3
3
8
8
-2
-3
-3
-6
-6
-2
2
-2
-7
-14
-13
-7
-9
-10
-9
-6
-4
-9
-8
-2
-7
-11
-6
-4
-1
-2
-1
-3
-5
-5
-11
-9
-2
-3
-3
-1
-3
-3
3
1
1
10
11
12
13
8
4
6
7
7
8
7
8
11
13
9
5
7
7
3
4
9
5
2
3
2
7
15
12
7
9
7
4
1
2
5
5
1
-3
-5
-6
-7
-7
-9
-8
0
4
6
6
-2
-7
-4
-4
0
-1
-6
-5
-7
-7
1
0
-1
1
3
5
-1
-5
-7
-6
-5
-5
-6
-6
0
2
-1
0
1
-1
1
-3
-1
0
7
6
4
6
-1
-1
-2
-4
0
2
-1
1
2
2
0
0
1
6
10
13
12
7
4
2
6
10
7
3
1
-1
2
4
6
5
1
1
-1
-3
-5
-10
-14
-15
-13
-12
-13
-12
-11
-8
-7
-4
-1
-2
1
5
3
3
5
0
-1
3
5
6
7
4
5
9
13
7
7
6
4
10
6
2
1
1
0
-1
1
2
3
-3
-3
-5
-5
-2
-4
-2
-5
0
7
6
2
0
-2
2
3
-1
-4
-3
-1
0
3
3
-1
-5
-4
-4
-4
-1
0
-3
-3
-3
-4
3
1
-3
-3
-3
0
4
6
8
10
3
-1
-2
-3
-4
-4
-3
-6
-6
-12
-13
-8
-7
-1
1
2
2
2
5
2
3
0
-3
3
10
8
2
3
2
0
-1
0
-1
-2
-3
-3
3
4
4
3
8
10
8
6
2
4
-3
-5
-1
-2
-3
-4
3
7
5
5
2
0
-5
-7
-4
-1
-2
-8
-10
-12
-9
-5
-5
-3
0
3
0
-8
-12
-7
-7
-8
-3
8
14
14
12
7
3
0
-5
-4
-6
-10
-13
-13
-8
-6
-4
1
-6
-12
-11
-6
-5
-6
-2
-1
4
5
0
1
4
8
7
10
16
14
5
3
2
2
5
9
11
10
8
2
-3
-3
1
1
0
0
-2
-3
-4
-5
-6
-1
-2
-1
3
1
5
10
9
10
10
8
5
6
5
-3
-4
-4
-10
-11
-10
-1
5
1
-7
-13
-13
-17
-20
-15
-11
-7
-4
-8
-2
4
3
-3
-1
8
5
0
1
0
1
2
5
9
9
6
7
5
0
1
1
2
1
-1
2
6
8
1
1
6
5
4
3
0
-1
-6
-9
-6
3
7
5
2
-1
-2
-2
3
0
1
7
8
6
-3
-3
-3
-3
1
1
0
0
1
1
2
1
0
-1
-3
-6
-7
-10
-10
-6
-3
0
3
-2
-5
-3
-5
-9
-13
-8
0
0
3
2
3
5
2
1
5
10
11
5
-2
-9
-12
-9
-1
-3
-1
-5
-14
-15
-15
-8
0
1
1
4
5
2
4
0
-1
5
6
16
21
25
23
20
19
13
12
8
5
3
-1
-3
-2
-4
-12
-6
-5
-9
-9
-12
-14
-10
-9
-6
-5
-8
-3
2
1
-1
-3
4
4
6
9
6
8
5
2
-5
-6
-4
-5
-5
-9
-10
-15
-14
-5
-3
1
3
1
1
-3
-6
-5
-2
3
6
1
0
5
1
1
6
6
3
-1
6
10
15
12
4
4
7
11
1
1
8
5
5
4
0
5
7
7
5
4
5
3
5
6
-2
-4
-4
-9
-9
-12
-14
-11
-2
1
-3
-3
-6
-12
-12
-9
-3
-4
-10
-4
-2
-8
-5
-2
-5
0
-2
-5
-4
-5
0
-3
-6
-2
-3
-7
-2
3
8
8
5
5
1
7
13
15
12
8
10
4
8
9
1
1
1
3
1
2
9
8
10
11
5
1
1
-5
-13
-11
-4
5
-1
-9
-5
-14
-10
-5
-2
2
6
4
-2
-3
-1
-3
-4
4
3
8
12
5
3
-3
-7
-5
-8
-5
3
1
-3
-11
-18
-18
-15
-6
-7
-9
-6
-9
-6
-2
0
5
3
-3
-1
2
-4
-3
-3
-3
5
8
9
12
8
0
-3
-1
1
-6
-10
-9
-13
-8
-2
-4
-6
-2
4
6
6
1
-5
-9
-6
-4
-1
9
12
7
6
5
-2
-3
-8
-2
0
-3
0
-1
3
4
4
10
9
15
15
15
13
3
0
-3
0
4
3
3
2
-1
6
7
8
7
7
7
4
6
7
3
6
12
12
4
-9
-16
-15
-12
-2
4
10
12
11
10
-2
-3
-4
-4
-3
1
4
1
-3
-12
-12
-14
-6
-3
0
4
-1
-8
-10
-11
-11
-13
-12
-3
0
6
8
7
13
8
-3
-5
-6
-9
-13
-14
-8
-8
-11
-12
-9
-4
1
9
8
6
3
-1
-4
-11
-11
-8
0
9
12
8
12
15
14
13
11
10
6
0
-4
-5
-4
-5
-4
-6
3
6
8
13
12
15
14
17
16
4
-1
-4
-4
3
9
14
15
12
12
8
7
2
-3
1
-7
-10
-9
-6
-5
-10
-12
-8
0
0
-2
-5
-14
-7
-6
-7
-2
-10
-18
-16
-5
1
8
6
-1
-1
0
-1
3
10
5
-1
3
12
7
2
3
-1
-2
0
0
-3
1
-4
-8
-6
-3
-6
-10
-8
-11
-5
-2
-2
4
-1
0
-2
-7
-7
-13
-11
-10
-15
-18
-16
-14
-16
-2
2
-3
3
-1
0
10
22
26
22
9
4
2
-3
2
3
2
-3
3
-1
-2
20
20
16
17
6
2
6
3
7
6
5
5
-1
-1
2
6
-6
-19
-12
-7
-1
8
0
-2
16
0
-11
8
24
31
16
5
-27
-32
-13
-4
8
-3
-16
-15
-9
5
21
20
0
10
8
-4
0
7
-11
-48
-39
-6
31
19
-6
12
11
9
10
9
21
6
-20
-20
-10
-6
-11
-9
-10
-10
-5
10
20
2
-7
-10
-5
-7
-14
-12
3
12
-6
-4
21
25
4
2
-2
-11
1
11
-7
-23
-2
6
17
11
2
6
3
11
-3
-21
-8
13
-8
-31
-23
-23
-13
9
6
15
45
43
13
15
8
-10
-13
-20
-23
-37
-45
-18
0
-1
20
30
17
10
17
21
23
27
8
-4
-4
-3
2
7
8
18
19
-11
-15
-4
-1
18
10
-21
-23
3
9
-9
-12
-8
-13
-26
-14
21
33
4
-18
-15
7
25
8
4
-2
-18
-8
9
17
15
0
-7
-5
12
22
12
-6
-21
-18
-22
-21
-6
-2
-8
-3
-1
-27
-29
-11
-6
-4
12
13
-16
-2
25
19
2
9
-4
-18
7
23
4
-11
-10
-7
-6
-19
-19
-3
-4
10
8
-10
-5
4
8
11
7
-10
-20
-16
2
4
0
-2
-10
-21
-4
17
6
-9
-17
-20
-14
1
6
9
6
-7
-7
-14
-2
17
40
48
16
-10
-18
7
24
19
6
-4
-21
-21
5
23
10
-17
-24
-11
-2
-13
-5
4
4
-4
-17
-17
-8
8
8
23
12
3
9
2
16
17
-9
-10
1
-19
-21
10
26
22
-4
-15
-15
-7
12
24
26
8
-22
-40
-23
7
16
0
-16
-18
-5
12
35
40
21
-2
-4
4
-1
-4
12
10
-15
-10
7
17
20
16
5
-5
-5
-3
-3
3
18
16
0
-8
-6
2
4
10
4
-3
9
-3
-11
6
7
-3
-17
-18
5
20
17
16
5
-14
-35
-29
-1
19
23
-5
-28
-23
-17
-14
2
24
32
17
6
12
16
22
2
-4
-3
-2
-1
-11
-2
-4
-12
-2
5
24
5
-10
10
-6
-22
-36
-19
-13
-9
11
4
-6
-15
-1
3
-2
13
8
17
9
-19
5
9
-26
-18
2
18
38
26
-1
-4
9
-3
-17
2
1
-27
-32
-9
9
1
-23
-23
3
9
15
11
-11
-14
-19
-23
-21
9
36
5
-14
-20
-9
15
23
39
23
-8
-24
-20
5
22
9
-11
-22
-20
-12
-3
7
9
5
10
9
-2
4
6
-10
-22
-27
-24
-14
4
13
22
25
10
-4
-8
13
30
13
-4
-8
-25
-24
-14
4
12
8
6
1
10
6
-3
-12
-7
8
-1
-9
-9
-4
-13
-31
-18
-7
-1
2
-2
12
13
1
0
8
28
32
3
-10
7
1
5
14
8
3
-4
0
5
12
17
1
-3
8
4
-10
-7
-12
-9
0
-4
-8
-22
-23
-1
16
34
21
-11
-12
5
16
4
-14
-21
-12
-2
1
3
0
7
7
-3
-15
-42
-25
12
7
-20
-38
-45
-34
-1
16
20
2
-19
-3
34
51
31
-10
-29
0
35
25
1
-3
-7
19
52
62
48
26
-9
-11
2
20
20
3
-4
-23
-22
-6
12
10
-7
-21
-12
-1
-1
10
10
-13
-19
-13
-3
6
12
0
-16
-12
-6
10
9
-6
-21
-35
-20
-19
-15
2
-3
-23
-22
1
38
45
17
-5
-13
-3
8
13
3
-17
-33
-28
0
27
44
38
3
-21
-16
10
43
31
-9
-35
-36
-10
16
42
27
4
-11
-9
11
24
24
3
-17
-38
-27
6
25
18
-5
-17
-15
14
32
39
30
-14
-28
-22
8
20
0
-19
-14
11
16
10
0
-7
-15
-26
-11
-5
-12
-12
-7
-3
-8
-6
-11
1
17
9
-8
-9
-10
-2
3
-8
-6
0
-1
15
24
10
2
4
4
-2
-8
-8
-22
-27
-7
2
-2
-15
-20
-4
13
20
7
-8
-7
-16
-20
-9
-3
-5
-21
-23
-12
4
18
30
27
11
10
8
5
9
3
-9
-14
-26
-25
5
23
26
20
1
1
-2
-1
5
10
8
-12
-12
-1
6
15
15
8
15
22
16
8
1
-3
4
15
2
-14
-22
-23
-6
3
-7
-20
-23
-10
3
19
28
9
-13
-29
-14
7
8
1
-8
-17
-24
-11
2
10
14
-5
-4
8
5
-9
-24
-11
4
10
11
4
-5
-18
-13
8
26
22
-1
-17
-11
9
22
16
15
8
-10
-6
13
19
3
-11
-14
-12
-3
8
7
5
-8
-15
-23
-27
-17
-7
1
5
12
2
-7
0
5
17
27
20
2
-15
-8
-7
-16
-7
-2
7
6
-14
-18
-11
1
11
3
-11
-20
-19
-10
-7
-9
-12
-24
-25
-14
8
25
24
15
-5
0
0
-13
-15
-15
-8
-9
-5
0
4
25
34
24
29
22
-4
-6
-7
-4
1
5
24
31
29
20
13
18
12
21
13
1
-1
-8
-9
-7
1
-8
-28
-25
-13
1
19
17
4
-4
-9
-4
1
4
2
-3
2
6
6
10
14
11
6
3
-1
-6
-3
-6
-10
-10
-9
-3
4
7
11
10
0
-1
8
5
5
5
-4
2
7
1
-3
-9
-8
-7
0
3
-4
-7
-9
-10
-12
-14
-14
-10
-9
-18
-18
-7
-2
-1
1
6
13
14
11
8
3
0
-3
11
20
10
-9
-14
-14
-9
6
4
4
-1
-10
-8
1
8
-1
-8
-10
-12
-5
3
-5
-16
-22
-15
-2
5
16
15
6
-4
-6
-5
1
12
13
13
3
-2
1
8
11
8
6
-2
-2
0
5
6
0
-2
-5
-1
1
4
8
0
-13
-15
-13
-6
1
6
5
-4
-1
-2
-1
-6
-9
-3
-4
-6
-5
2
9
9
2
-3
-8
-10
-4
4
7
1
-3
-2
5
11
14
12
10
10
3
-5
-3
3
-3
-14
-17
-8
-2
6
9
2
-1
-7
-9
-2
10
14
7
0
-5
-2
5
8
5
2
-2
2
6
12
14
9
4
1
0
4
7
11
15
8
-2
-2
3
8
16
8
-8
-12
-13
-9
-7
-2
-9
-9
-1
6
12
7
-2
-8
-2
-4
-9
-14
-11
-10
-4
-5
-10
-9
-15
-7
1
5
11
9
4
-1
2
7
11
6
-2
-10
-6
-2
-3
-3
-2
2
0
-2
-3
6
7
0
-6
-15
-9
-6
-7
-10
-8
-10
-10
-2
-1
-3
-1
4
3
-2
-2
-1
-1
-1
0
4
6
8
4
1
7
8
0
-3
-4
-6
-8
-6
-3
3
4
3
3
-5
-1
5
1
2
-2
-7
-5
-5
3
9
6
6
2
1
2
4
7
5
8
5
2
9
9
7
6
5
2
0
6
4
7
12
7
4
2
3
7
8
3
-4
-6
-7
-5
0
-1
-7
-4
-9
-11
-11
-4
2
-1
1
-3
-1
2
1
1
-7
-6
1
4
3
4
5
1
0
4
2
4
6
8
1
-5
-3
-8
-10
-2
0
2
6
3
-3
2
5
2
1
-1
-6
-8
-4
-3
-7
-6
-6
-9
-4
-5
-5
-4
-4
-2
-9
-13
-16
-8
5
1
1
-1
6
13
11
10
5
1
4
6
3
3
0
-1
0
-4
0
4
6
7
10
5
-11
-10
-8
-4
0
2
1
1
0
1
2
2
3
-2
-1
1
4
-1
-7
-4
-4
-4
-6
-5
-4
-4
-4
-5
-2
1
-3
-12
-11
-10
-12
-9
-3
-2
1
1
3
8
7
0
-2
0
1
6
6
2
4
7
8
9
7
2
5
8
1
1
5
6
5
1
1
1
4
2
-4
-5
-2
1
-1
-3
-5
-8
-5
-4
-4
-2
5
12
12
9
8
8
13
13
8
5
0
-5
-6
-1
4
1
0
-1
-5
-6
-6
-4
3
2
-1
-2
0
-5
-7
-5
-1
-6
-4
-1
-1
4
7
3
0
2
4
-2
-5
-4
-7
-4
2
-1
-3
4
8
5
6
4
-2
-1
-3
-4
-1
3
4
0
-1
1
3
3
7
4
6
2
-4
-2
0
2
3
2
1
2
-1
-8
-8
-8
-7
-3
-2
-6
-10
-9
-12
-14
-12
-12
-10
-7
-2
0
-1
3
0
1
3
4
5
6
8
6
4
0
0
3
2
4
4
-1
0
5
0
-4
1
-2
-1
1
5
-2
-3
2
0
3
1
-1
-4
1
-2
-2
0
2
2
-2
4
11
7
-1
0
7
12
14
13
15
15
12
6
-1
-6
1
7
4
3
1
-1
-1
3
2
-3
-2
-4
-9
-9
-6
-4
-5
-7
-5
2
5
1
-6
-4
-4
-5
-7
-8
-2
-1
2
2
1
-1
-2
-5
-8
-3
-3
-1
1
-2
1
3
2
1
-1
-1
4
2
-1
1
2
5
1
-3
-2
-1
0
-2
-1
2
3
4
3
2
0
-4
-3
-6
-2
5
2
3
3
-1
-6
-8
-5
-16
-18
-13
-8
-11
-3
8
10
16
10
6
6
5
4
-1
2
0
-1
2
2
5
3
-2
3
2
-2
-5
-7
-3
1
0
-2
-2
-2
-2
-5
-2
-5
-6
-4
-7
-8
-8
-9
-6
-2
-1
-7
-5
-1
4
6
5
4
2
3
4
6
9
7
7
11
10
11
9
5
7
3
6
6
5
1
-6
-2
-2
-3
-5
-10
-13
-11
-7
-8
-8
-8
-11
-10
-6
-4
0
1
-2
-6
-3
5
7
2
-3
-1
3
5
7
5
4
4
4
5
6
3
2
-1
1
2
1
-2
-1
0
-4
-3
3
0
-2
-3
0
2
7
6
0
0
-2
-1
0
3
7
0
1
4
6
10
13
9
4
8
11
11
14
11
5
2
0
4
4
2
-4
-6
-5
-10
-9
-12
-16
-14
-16
-18
-19
-24
-21
-9
-5
-5
-8
-8
-7
-7
-5
-7
-2
5
5
4
5
11
15
11
9
5
3
5
8
5
-2
-3
-7
-8
-2
2
2
-1
-2
-4
-3
-2
-4
-9
-7
-4
-1
1
3
4
2
0
-1
2
0
0
0
-1
3
4
4
-1
3
2
4
9
4
2
6
7
4
-1
-2
-1
-2
-1
3
7
4
0
-2
-1
2
3
1
1
1
1
-2
-10
-9
-5
-3
-5
-5
0
6
13
17
14
15
16
9
9
9
4
1
2
0
-2
-4
-5
-5
-9
-10
-4
1
7
10
7
6
10
15
14
14
12
6
-1
-4
-3
-2
0
-3
-7
-6
-3
-2
-3
-4
-3
-5
-6
-1
-3
-6
-4
-1
2
3
3
2
4
2
-2
-1
2
0
-1
4
5
4
-3
-6
-2
-1
1
-5
-8
-3
-3
-7
-8
-5
-8
-5
-5
-9
-8
-1
3
-1
-6
-4
-6
-1
3
6
7
1
-4
-1
0
2
-2
0
1
-1
3
6
7
6
9
2
-2
2
-4
-6
-8
-7
-4
3
11
0
-4
-2
-3
-1
-2
-2
-3
0
-1
-7
-6
-1
3
4
10
14
9
5
3
1
2
4
2
-1
-5
-9
-7
-4
-4
-4
-3
-10
-12
-9
-6
-3
-1
3
4
4
8
7
6
10
16
14
11
12
3
1
2
-3
-3
1
7
11
13
8
-1
-5
-10
-6
-6
-7
-4
-5
-2
-6
-5
-13
-13
-4
1
6
11
9
4
3
0
-5
-1
6
12
10
6
-2
-5
-4
0
3
1
1
1
-2
-5
-11
-16
-12
-9
-2
3
7
7
2
-5
-4
-1
4
3
-6
-6
-4
-2
-1
2
4
9
8
1
-5
-4
-5
-7
-7
-6
-5
-1
2
2
5
1
1
-2
1
9
6
5
1
-5
-10
-8
-6
-7
0
3
5
2
-4
-7
-7
-3
-6
-11
-7
0
-3
0
2
-4
-4
-2
6
10
8
2
-5
-8
-10
-4
-3
-2
6
10
6
4
6
3
7
4
3
8
5
4
0
4
11
15
13
7
11
9
4
1
0
-1
-4
-4
-7
-3
8
9
2
-5
-10
-11
-12
-12
-13
-12
-9
-3
-3
-11
-5
-9
-11
-1
2
12
14
4
2
0
3
4
7
6
6
1
-13
-13
-3
4
4
8
6
5
0
-12
-10
-5
-4
-19
-26
-13
-8
-14
-21
-12
3
8
6
6
5
1
1
-3
-5
-2
-3
-3
5
6
12
16
14
16
19
18
15
10
2
-3
1
4
5
1
-1
4
8
5
4
4
0
-2
-6
1
9
7
9
6
0
-2
-5
-3
-7
-7
-2
-2
1
-2
-3
-3
-3
0
-1
2
-2
-6
-3
1
2
4
11
11
8
7
8
10
7
3
-4
-7
-3
1
3
4
6
-1
-3
-2
-2
4
2
3
4
-7
-9
-6
-5
-5
-3
-3
-5
-3
-2
-6
-5
-2
-3
2
6
10
6
6
5
4
6
2
2
2
5
7
4
0
-3
-8
-5
-3
-5
-2
0
1
-2
-3
-7
-4
-4
-8
-7
-2
-1
-2
-9
-9
-2
2
0
1
6
6
1
-12
-17
-10
-7
-8
-3
2
1
4
1
-10
-5
-6
-10
-8
-10
-8
-2
-6
-2
-1
-4
1
12
17
15
13
13
6
7
10
8
7
5
4
-1
2
8
3
-1
3
5
-3
-7
-5
-5
-6
2
7
0
-1
-1
-4
1
8
8
1
-2
-3
-6
-10
-5
-4
-7
-6
-1
3
0
1
-2
-10
-9
-2
-1
0
-2
-6
-8
-6
2
0
1
8
11
13
14
12
5
-1
-2
3
6
5
2
0
-2
2
5
0
2
5
3
-5
-9
-1
4
1
-1
3
6
11
11
13
4
1
1
-3
6
14
11
7
6
7
1
2
7
4
7
1
1
1
1
4
1
2
0
-1
-4
-8
-7
-8
-9
-4
4
8
1
-7
-6
-7
-4
2
-1
1
0
-7
-9
-6
1
3
3
3
3
5
3
2
-1
-2
-5
-5
-6
-14
-11
-13
-13
-5
-5
-5
-7
-6
-1
6
8
5
4
10
12
4
2
1
-4
-6
-6
-3
-5
-6
-7
-3
-3
-4
-4
-9
-8
-10
-5
-7
-10
-9
-12
-6
-2
-1
2
-2
-3
2
1
1
5
9
8
5
4
-1
-4
-4
-5
-3
-4
-2
-4
-9
-7
-7
-8
0
7
16
13
6
-1
1
0
-2
1
7
10
8
8
1
2
5
3
5
4
3
0
-4
-4
-5
-3
4
5
3
1
1
7
9
9
7
7
1
-3
1
-4
-2
1
-3
-9
-11
-10
-8
-6
-6
-7
-7
-8
-12
-7
-8
-1
-1
-3
6
-2
-8
-12
-3
8
11
8
7
0
-7
-7
-3
4
2
4
5
6
5
0
0
-1
1
-2
-7
-7
-1
0
-2
0
-4
-4
5
12
14
10
10
6
4
5
5
4
7
7
2
-1
0
3
6
5
4
10
7
1
-2
4
10
9
9
7
7
8
3
-1
-1
1
0
-7
-8
-5
-6
-6
-6
-5
-7
-10
-8
-8
-2
1
-3
-4
-3
-4
-8
-9
-8
-5
-5
-2
2
3
4
1
2
2
5
5
3
6
5
2
2
3
3
4
6
7
5
-2
-8
-12
-11
-8
-4
6
8
8
8
1
-1
-3
-1
-2
-2
-2
-2
-2
-8
-7
-4
-4
2
8
4
5
7
7
9
10
11
12
11
10
4
2
1
-1
-5
-10
-13
-18
-17
-14
-12
-9
-4
-11
-12
-13
-6
-3
1
5
6
14
18
11
7
6
11
13
6
2
3
2
4
6
2
3
3
6
7
8
6
1
-1
-9
-10
-8
-8
-7
-4
-3
-5
-11
-15
-13
-2
0
-2
-6
-5
-3
-4
-5
-6
0
1
0
-3
-5
-3
-5
-6
-4
-2
4
7
6
4
6
10
8
8
3
0
0
2
-4
-9
-8
-12
-12
-7
-5
-5
-6
-5
-3
0
3
0
-2
-4
-6
-3
1
4
9
12
13
9
8
6
7
8
4
4
0
-3
0
-5
-10
-4
-2
-2
1
2
4
7
3
-1
-2
-1
6
9
7
5
3
3
3
6
6
6
7
1
-7
-4
1
5
8
6
2
-1
0
1
-1
0
6
6
2
-1
-5
-3
0
-2
-3
-10
-8
-4
-2
2
6
3
-7
-6
-5
-3
-1
-2
2
5
3
6
2
0
-3
0
-1
-3
-2
-5
-3
-6
-5
2
3
3
-5
-7
-5
-3
-8
-11
-6
-3
-4
-2
-2
-3
-2
2
7
8
5
4
-3
-6
-4
-2
5
0
-5
0
3
3
0
1
2
1
0
-2
-2
2
4
4
1
1
-1
3
5
5
4
1
7
9
8
5
6
4
3
6
3
1
3
-1
-6
-4
-6
-9
-9
-8
-6
-8
-5
-7
-8
-2
-1
1
0
3
1
-1
1
4
5
4
8
12
10
7
4
1
-5
-3
-4
-9
-4
-1
4
0
-4
-5
-2
2
0
-2
0
4
0
-5
-3
-4
-3
4
4
0
4
4
-3
-7
-9
-9
-5
-5
-4
3
7
3
-2
-3
-3
-7
-11
-10
-11
-14
-18
-20
-12
-7
-3
2
5
6
4
7
7
3
0
-1
3
9
14
20
19
21
20
20
17
14
14
13
17
14
7
1
0
-4
-3
1
2
4
2
0
-1
-5
-5
-3
5
9
7
3
-2
-6
-7
-4
1
5
-1
-3
-7
-10
-11
-10
0
8
0
-4
-7
-8
-6
-5
-3
-7
-6
-7
-11
-8
-7
-7
-3
-4
-1
1
2
4
-1
-2
1
5
6
0
-6
-10
-8
-6
-2
3
-1
0
2
1
2
6
9
6
7
9
6
5
1
2
7
11
13
10
3
-2
-1
1
-2
-1
0
-2
-5
-7
-8
-5
-7
-8
-1
0
-5
-8
-6
-5
-5
-7
-13
-11
-6
-5
-1
0
1
4
4
4
6
8
7
10
9
8
8
6
5
2
4
6
9
9
10
11
10
8
6
10
12
17
14
7
0
-6
-6
-8
-5
-2
0
-2
-5
-9
-13
-15
-8
-1
-1
1
1
0
-3
-5
-4
-2
-4
-1
1
-2
-2
-1
3
0
2
3
1
4
-1
-6
-2
-4
-7
-9
-9
-8
-9
-10
-11
-12
-7
-4
-3
-7
-7
-7
-4
1
0
4
8
7
9
10
0
-11
-12
-9
-5
0
-1
-2
-3
-11
-7
-2
-1
6
6
8
9
8
8
8
7
7
10
13
12
10
8
8
6
-2
-7
-5
0
4
6
8
10
8
8
3
-4
-9
-8
-2
-1
2
2
-1
-5
-8
-11
-8
-4
-3
-3
5
9
1
-5
-5
-1
3
9
8
2
2
-2
-7
-7
-3
4
1
-9
-11
-8
-4
1
7
9
7
4
4
6
5
5
4
2
2
3
0
-1
2
2
2
0
-4
-5
-3
-5
5
12
13
9
4
3
-1
-3
-3
0
4
4
0
-4
-4
-7
-8
-7
-10
-9
-4
-3
-7
-10
-7
-1
6
8
7
7
0
-7
-5
-3
-7
-7
-5
-8
-6
0
-2
-2
-1
-2
-6
-9
-10
-8
-6
-2
-1
0
3
4
2
2
3
2
2
6
5
5
4
2
-1
5
10
6
8
8
-4
-4
3
6
11
7
0
2
0
-2
-6
-8
-6
-5
-1
-1
6
8
8
5
-3
-5
-9
-8
-11
-10
-7
-8
-2
-1
0
-5
-4
-3
0
7
8
8
0
-9
-6
-4
0
2
0
-2
-1
1
-6
-6
2
3
4
8
8
4
2
-1
-1
7
-4
-12
-5
1
6
2
1
4
4
6
4
-1
-5
-3
4
1
5
7
3
2
-2
-4
-7
-3
3
5
4
4
3
2
2
4
3
4
11
17
14
8
10
12
10
11
9
4
2
-2
-7
-7
-4
-5
-5
0
0
-1
7
11
5
-3
-11
-16
-18
-12
-4
-4
-11
-12
-5
-3
0
4
-2
0
3
4
0
-1
0
-9
-12
-10
-8
0
4
2
-2
-3
-2
-2
-5
-5
0
4
4
5
7
7
6
4
3
0
4
5
2
4
4
2
-3
-4
-8
-12
-7
-8
-9
-8
-5
-5
-7
-1
-2
-3
-1
1
1
-8
-9
-13
-12
-2
8
5
4
6
4
-3
2
12
12
11
8
6
2
1
-2
-3
2
6
3
3
9
7
5
5
5
5
9
13
7
6
4
5
3
1
2
-2
-2
2
5
9
10
7
3
-1
0
4
6
4
2
-1
-3
-2
-3
-5
-9
-11
-9
-6
1
2
-2
-5
-6
-3
-2
0
-5
-7
-8
-8
-9
-6
-12
-20
-17
-18
-21
-14
-7
-4
-6
-4
4
9
12
13
9
8
7
7
-1
-6
-1
-8
-14
-10
2
8
13
7
-3
-5
3
2
-4
-5
-1
2
0
3
2
3
5
7
6
7
11
9
2
-6
-8
-2
3
7
14
14
13
16
17
17
15
8
2
-3
-1
-2
-6
-9
-9
-7
-1
4
2
0
-1
1
6
5
6
1
-14
-21
-22
-16
-17
-13
-10
-8
-4
-2
-4
-3
-2
-5
-8
-9
-8
-6
-3
-4
3
8
10
9
2
-1
-1
1
2
-3
-4
-7
-3
-1
-1
3
6
10
8
7
3
1
-2
-8
-9
-13
-14
-15
-11
-7
-7
1
5
3
7
9
12
11
7
6
6
6
2
-1
-2
-3
6
10
14
21
20
18
10
6
6
6
6
8
4
1
5
4
-2
-7
-7
-12
-12
-9
-5
-7
-9
-13
-10
-3
-4
-1
1
3
4
-1
-2
-5
-3
-7
-8
-6
-9
-7
-7
-6
-3
-3
2
0
-2
-1
0
2
5
9
11
9
7
2
1
4
-2
-9
-8
-6
-7
-6
-1
2
-1
-2
-3
2
8
9
6
0
2
-3
-6
-5
-5
-2
1
2
1
1
1
0
5
9
8
8
8
5
-1
2
-4
-10
-6
-7
-2
-2
-8
0
4
4
2
-3
-2
-2
2
3
2
2
0
4
5
4
10
8
7
3
-2
2
2
2
2
-2
-3
-2
-1
-2
-1
0
0
3
6
5
6
7
2
-1
3
7
8
6
2
-2
-6
-5
-5
-3
2
5
4
5
8
6
2
-3
-4
-4
-5
-4
-4
-3
2
7
10
9
4
1
3
8
7
5
5
4
3
2
1
0
-7
-12
-13
-11
-10
-9
-12
-12
-8
-5
-12
-18
-13
-9
-7
-3
-5
-6
-3
0
1
0
1
2
4
4
3
2
1
3
1
-4
1
2
8
12
12
14
9
9
4
-4
-6
-3
1
2
5
7
8
0
-2
0
1
6
3
4
6
7
6
5
4
3
-1
-5
-4
-8
-9
-4
-1
0
1
-2
0
-2
-6
-4
0
3
4
3
-1
0
-1
-3
-5
-2
-2
-3
-2
-2
-1
-4
-9
-6
4
10
14
13
8
4
0
-3
-7
-8
-7
-9
-11
-12
-14
-12
-10
-3
-1
3
4
0
1
6
13
13
6
4
4
5
3
0
-1
-3
0
-1
-3
2
8
4
-2
-4
-6
-1
4
2
-3
-2
1
0
-4
-5
0
-1
-3
-6
-11
-12
-9
-4
-5
-2
2
0
-5
-7
-2
3
6
6
1
-1
-3
2
3
0
3
6
7
5
7
13
10
10
8
4
2
2
2
-4
-5
-3
-6
-6
-10
-16
-16
-17
-19
-14
-8
-4
1
0
-2
-3
-4
-3
-1
0
0
2
1
-1
5
7
4
4
5
3
3
7
8
8
11
10
7
2
3
3
1
7
5
0
3
3
2
2
1
2
-3
-6
-9
-8
-5
-5
-4
-1
-3
-7
-5
-4
-3
1
4
2
2
1
3
4
4
4
2
3
6
4
4
5
7
7
6
3
-3
-9
-14
-15
-13
-8
-8
-5
-4
-5
-4
-1
3
5
-1
-7
-8
-9
-8
-2
-2
1
-1
-6
1
7
3
0
0
6
10
11
10
7
5
4
0
-2
0
0
2
1
1
2
2
2
3
-1
-3
0
-1
-2
-2
-2
-4
-7
-3
1
0
-1
-2
1
1
3
9
9
10
9
3
0
4
3
3
4
1
-1
-3
-7
-8
-8
-2
4
4
1
0
1
1
0
-1
-2
-2
-4
-3
-2
1
1
-2
-2
1
4
4
1
3
4
-1
-4
-1
4
4
-1
3
3
2
5
7
4
1
-1
-8
-8
-8
-8
-5
-3
-4
0
1
-2
-5
-3
1
3
5
6
8
8
3
-2
1
2
2
-3
-3
0
3
7
4
2
-1
-1
-2
-4
-2
-5
-6
-6
-5
-4
3
2
0
-1
-3
-1
2
6
1
-1
-4
-9
-8
-5
-4
-3
2
1
3
5
5
5
5
8
9
12
11
10
7
2
0
-1
0
0
-1
-2
-4
-3
0
-3
-8
-8
-5
-3
1
3
1
3
4
7
9
12
10
11
7
1
-2
-2
-1
-1
0
-2
-1
2
3
-1
-3
-3
-5
-6
-6
-3
-2
-1
0
-2
-2
-2
-4
-2
-3
-7
-3
2
2
8
10
10
11
6
1
0
0
-6
-8
-6
-7
-5
-2
-3
-2
-5
-6
-6
-7
-8
-4
-1
-4
-4
-7
-8
-6
-8
-4
1
3
0
-5
-5
-7
-8
2
7
7
4
2
5
4
6
6
1
-3
-2
4
7
5
-5
-10
-6
3
7
0
0
-2
-6
4
9
11
9
5
-4
-2
-1
-5
-5
-5
-5
1
8
9
3
3
0
-3
10
12
9
4
-5
-9
-8
-2
0
-3
-4
-6
-4
0
-1
-3
-2
-1
-3
-2
4
5
-1
-6
-5
-6
-1
3
1
5
-1
-3
0
3
3
-1
-5
-8
-8
-8
-4
4
1
-2
-1
1
5
3
-1
-2
2
2
1
5
7
3
-1
-2
0
-3
-5
-5
-3
2
5
2
4
0
-1
0
1
2
2
5
1
0
0
-2
3
3
1
1
-1
-1
-4
-2
-4
-3
8
6
2
3
5
2
3
2
3
5
2
-1
-5
-5
-4
-1
-1
-2
-2
1
1
-1
-4
-8
-11
-9
-5
-4
-6
-7
-7
-5
-1
3
4
8
9
7
7
8
10
8
5
7
8
5
0
-3
-5
-6
-3
-3
0
2
0
-2
1
6
12
10
4
-1
0
-3
-5
-1
-3
2
5
5
5
4
2
-2
-5
-6
-6
-7
-7
-4
-6
-5
-4
-9
-8
-10
-9
-1
4
4
5
8
6
6
4
3
1
0
-3
-4
4
10
10
10
8
3
2
3
1
-4
-11
-9
-8
-4
1
-4
-11
-11
-9
-5
-5
-8
-12
-14
-17
-19
-15
-11
-6
-1
2
6
9
10
10
9
4
1
0
-4
0
6
7
1
0
0
4
8
8
11
13
8
5
3
4
3
2
1
2
2
1
2
8
8
10
7
4
3
3
8
9
13
11
11
7
-2
-4
-1
-1
0
-2
-3
-1
1
1
0
0
-2
-2
-2
0
3
1
-6
-12
-11
-7
-7
-5
-5
-8
-6
-2
5
6
3
2
1
1
0
2
7
7
3
-5
-6
-3
-2
-3
-7
-4
-7
-9
-6
-5
0
3
6
4
4
4
1
-1
0
3
0
1
4
4
2
1
3
6
4
5
2
-2
-3
-3
-2
-4
-1
2
4
4
-1
-2
-3
-3
4
2
-2
-5
-7
-1
1
6
5
1
4
3
-3
-2
-1
-6
-11
-6
-4
-1
0
-2
-7
-11
-10
-8
-6
-6
-7
-3
-3
0
2
3
-1
-5
-3
5
10
8
5
2
3
0
-2
1
5
9
6
1
1
6
2
-2
3
5
3
-4
-10
-10
-4
-1
0
2
3
4
1
4
9
11
10
9
5
-1
-3
-1
0
-4
-4
-2
-3
-2
-5
-4
-1
0
-3
-6
-4
-1
2
4
1
4
3
0
0
6
5
5
7
3
2
0
-3
0
-1
-2
-4
-7
-10
-10
-8
-5
-1
-2
-4
-4
-3
-1
1
1
5
2
-2
-2
-1
6
7
6
5
1
2
6
7
5
2
-2
0
1
1
-4
-6
-4
-3
-2
1
4
-1
-2
-1
0
1
0
2
3
8
7
6
3
2
5
5
5
7
8
4
2
0
-4
0
3
1
0
0
0
0
2
2
4
8
4
3
4
-4
-7
-8
-4
1
-2
-1
0
1
1
-1
-3
-4
-1
-2
-1
-1
-3
-8
-9
-7
-6
-7
-5
1
1
1
1
0
-4
-3
-3
-2
-2
-3
-4
-3
2
2
1
0
-2
1
1
1
1
-3
0
5
3
2
1
-1
-2
0
2
2
2
2
0
-2
-1
-3
-8
-7
-6
-3
-1
3
-1
-7
-5
-1
0
2
4
0
-2
-2
-2
4
7
6
2
-4
-2
3
4
3
3
4
-4
-5
-4
-5
-6
-4
-1
-1
1
0
-4
-2
-6
-4
-1
3
3
4
8
9
6
5
4
6
8
5
5
3
-1
-4
-7
-3
0
2
1
-4
-5
-8
-10
-10
-5
-2
1
4
5
4
3
4
1
1
4
5
10
8
5
5
2
3
2
-1
-1
-1
0
2
1
0
-4
-5
-8
-9
-8
-3
6
8
5
3
2
1
1
4
8
2
0
0
-1
-1
0
1
-1
-3
-7
-12
-13
-12
-9
-5
-3
-5
-7
-8
-4
-3
-4
-1
6
5
6
11
9
7
4
1
-3
0
3
4
6
8
8
2
-4
-8
-6
-4
-4
-5
-3
3
8
8
5
1
-3
-5
-6
-3
-1
-2
-5
-8
-8
-4
-1
2
6
9
10
10
5
1
3
2
1
-1
-2
-4
-4
-5
-9
-9
-4
2
1
3
3
0
-6
-10
-7
-4
1
2
4
4
5
3
2
-2
0
1
4
2
-3
-3
-1
3
-3
-6
-5
3
3
-2
-2
-1
-2
-4
-4
-3
1
3
3
-4
-5
-3
-3
2
2
5
7
7
4
-1
0
0
2
0
1
2
4
2
-3
-2
-4
-4
-6
-2
6
5
7
8
7
4
5
5
6
6
1
2
3
8
5
-4
-5
-6
-7
-3
-1
-4
-3
0
-2
-3
-2
-4
-1
2
-2
-2
1
4
5
3
0
-2
-1
-4
-7
-9
-11
-8
-5
-5
1
6
6
2
-3
0
-3
-6
-7
-6
-3
-3
2
7
5
1
-4
-8
-8
-2
-2
-6
-5
-3
-3
-2
0
1
2
4
2
0
-1
2
3
3
4
4
5
4
1
0
0
0
1
1
2
1
1
-3
-7
-2
-2
-2
3
0
-3
-3
-2
6
7
8
12
7
2
2
4
3
3
1
0
1
-2
2
4
3
8
13
16
17
12
10
8
5
3
3
6
7
5
2
0
3
6
7
6
2
-1
-6
-7
-9
-11
-9
-13
-11
-10
-10
-11
-13
-13
-8
-10
-10
-10
-10
-7
-10
-11
-10
-11
-8
-5
-6
-9
-10
-14
-13
-11
-8
-4
1
5
0
-2
-5
-8
-4
-2
5
6
0
1
0
-1
2
6
10
11
9
8
7
6
7
8
8
9
10
10
14
14
12
12
12
10
4
-3
-6
-7
-11
-11
-5
-5
-2
0
1
1
-3
2
6
9
4
0
-1
4
9
7
5
1
2
4
4
4
1
-1
-2
-2
0
3
5
5
3
3
4
4
3
3
4
4
2
-6
-9
-8
-6
-1
2
3
2
-1
-2
0
1
2
2
5
3
-4
0
3
-1
1
-2
-2
-3
-6
-8
-11
-10
-11
-10
-7
-6
-4
0
1
-1
-1
-1
-5
-7
-7
-9
-7
-5
-6
-4
-1
0
4
8
8
7
4
5
8
7
4
0
2
3
3
1
-3
-2
-3
-4
-7
-9
-11
-5
0
4
5
2
3
3
0
-4
-8
-11
-11
-8
-7
-8
-11
-7
2
2
0
-1
-5
-6
-3
1
6
6
3
-1
1
1
1
6
8
5
2
2
3
1
5
9
7
8
7
2
4
6
7
7
7
6
1
-2
0
1
1
-3
-1
-3
-7
-2
-6
-11
-9
-7
-1
1
2
3
4
8
7
7
7
5
3
5
7
5
2
1
0
-6
-6
-5
0
0
-5
0
-2
-4
-3
-5
1
8
7
6
-1
-4
-4
1
5
3
6
5
3
2
4
4
6
9
10
14
12
6
0
-1
3
2
-1
-2
-1
-6
-7
-7
-7
-3
2
10
4
0
1
0
-2
1
-2
-5
-2
3
4
1
0
1
4
9
9
8
8
8
9
15
17
14
11
10
6
0
-7
-13
-9
-5
-4
-8
-11
-13
-14
-18
-11
-6
-1
-2
-6
-6
-6
-3
-1
0
7
13
12
5
4
5
-2
1
3
2
3
5
4
4
7
7
0
1
1
-1
-3
-11
-22
-29
-28
-18
-5
-1
-3
-2
-2
-7
-7
-1
9
11
10
2
-3
-6
-8
-3
6
11
18
18
14
5
-3
-3
-1
3
5
3
-6
-13
-18
-14
-9
-6
-2
-2
-2
-12
-15
-10
-6
3
6
3
3
-3
-8
-5
-2
-3
1
4
11
8
3
4
6
11
8
8
4
2
1
-1
-3
4
7
9
9
5
1
-4
-7
-4
-3
-3
-4
-6
-5
-7
-8
-7
-2
0
-3
-2
-1
2
3
4
0
-4
-7
-12
-7
0
2
3
1
-2
-6
-6
-3
5
8
6
5
-3
-7
-11
-12
-10
-11
-2
-2
-6
-13
-24
-21
-17
-4
5
7
2
-5
-8
-11
5
12
15
19
12
10
8
8
15
22
32
28
22
11
10
14
19
27
25
24
13
2
-5
-6
-4
6
21
2
-19
-21
-22
-25
-22
-11
-6
-9
-18
-39
-50
-44
-27
2
28
41
21
-19
-22
-17
-4
24
67
70
32
0
-33
-36
20
72
70
46
10
-30
-65
-43
3
36
52
24
-47
-93
-70
-52
-21
4
-17
0
-51
-69
-44
-19
-6
3
23
-12
2
53
-10
-45
-20
-35
-26
19
59
64
68
65
5
-12
51
94
101
59
45
48
41
4
-20
-51
-30
-6
4
-16
25
-1
-121
-202
-198
-53
51
69
12
-60
-132
-188
-138
-75
75
182
125
-5
-95
-98
-38
83
142
207
209
141
9
-77
-21
74
148
145
106
-7
-96
-149
-253
-133
38
91
4
-143
-299
-368
-258
-160
-58
84
98
-48
-178
-174
4
195
297
277
253
184
136
117
190
394
569
520
286
23
-113
-12
107
219
295
179
-134
-487
-718
-574
-129
160
104
-169
-529
-821
-784
-539
-82
328
406
110
-378
-521
-230
188
499
689
645
360
58
-133
-34
300
612
636
443
123
-84
-195
-228
-88
61
207
110
-171
-493
-595
-480
-393
-139
-18
-113
-187
-384
-617
-566
-172
169
293
245
85
-138
-162
-81
128
372
599
590
247
29
21
183
406
622
675
514
241
-229
-424
-208
124
356
329
16
-382
-701
-903
-663
-82
325
282
-122
-724
-990
-836
-488
102
532
570
215
-340
-593
-241
353
707
864
736
339
4
-231
-138
331
699
707
406
10
-302
-363
-329
-175
111
168
36
-281
-671
-740
-544
-347
-121
20
-29
-279
-454
-547
-448
-4
254
300
138
-107
-219
-184
48
383
489
533
432
178
25
64
320
492
553
530
396
258
138
-151
-352
-24
313
334
286
38
-361
-658
-873
-801
-77
463
346
-159
-841
-1184
-794
-348
88
635
605
83
-515
-855
-405
497
900
824
704
382
66
-94
-13
477
1009
976
524
-11
-372
-313
-221
-165
88
229
26
-330
-811
-904
-546
-276
-169
-140
-223
-472
-529
-498
-380
39
348
265
-36
-244
-198
44
299
508
482
391
366
208
45
150
445
589
592
443
265
319
345
188
-307
-364
110
337
277
133
-171
-489
-809
-1086
-690
379
792
272
-662
-1411
-1335
-618
-225
344
767
480
-284
-1059
-1133
-37
1145
1218
796
415
159
-38
-221
-42
754
1268
972
350
-248
-458
-202
-57
-17
262
405
82
-569
-1204
-1021
-436
-12
77
-20
-327
-548
-589
-597
-216
290
386
154
-230
-469
-111
189
416
464
274
102
133
86
142
473
620
673
459
119
122
435
506
428
-133
-555
24
323
187
289
177
-344
-654
-1212
-1202
288
972
421
-480
-1412
-1487
-638
-284
196
940
616
-288
-966
-1337
-303
1202
1156
654
504
176
0
-102
-130
579
1303
937
363
-31
-248
-31
-17
-207
121
354
-64
-420
-935
-1026
-447
-64
-151
-200
-422
-730
-588
-398
-150
159
287
102
-129
-269
-16
393
552
517
267
121
263
473
353
333
355
357
285
160
283
553
755
507
54
-773
-691
180
598
525
353
-80
-690
-1158
-1554
-708
942
1244
190
-1107
-1884
-1579
-601
-138
568
1098
521
-514
-1355
-1398
145
1504
1161
678
558
174
-143
-257
-93
991
1659
1026
212
-347
-612
-356
-232
-149
431
625
-187
-1011
-1434
-1208
-270
300
62
-288
-657
-928
-929
-425
217
606
528
121
-383
-499
-16
554
666
595
414
84
114
251
230
352
543
574
232
-1
158
518
725
635
671
-191
-1214
-599
142
322
769
685
-239
-888
-1661
-1920
34
1678
1208
209
-1223
-2086
-1178
-723
-263
1251
1476
265
-754
-1758
-1217
1130
1549
678
989
841
177
-287
-830
30
1742
1682
745
173
-438
-596
-446
-648
120
1279
926
-649
-1743
-1827
-1116
64
506
372
61
-602
-1310
-1695
-453
953
1137
736
-144
-896
-671
-4
524
805
1074
624
-245
-486
-404
332
771
943
644
-194
-414
-190
20
334
1054
1141
680
-513
-1892
-1197
298
977
1205
898
-273
-1060
-2075
-2280
148
2315
1801
244
-1483
-2491
-1395
-645
106
1758
1924
299
-1225
-2454
-1563
1203
1738
927
1115
609
-336
-885
-1243
154
2277
1961
665
-126
-863
-942
-485
-461
536
1741
863
-941
-2099
-2037
-834
432
630
323
-175
-1049
-1777
-1767
-209
1528
1670
628
-598
-1294
-929
255
1111
1292
1227
496
-603
-889
-333
690
1246
1055
496
-537
-814
-384
-78
479
1243
1366
727
254
-1664
-2599
-558
962
1508
1689
471
-933
-1525
-2825
-2271
1760
3736
2154
-180
-2993
-3300
-1036
-487
913
2974
2076
-292
-2189
-3509
-1106
2780
2262
911
988
-134
-806
-1229
-1745
804
3297
1918
304
-479
-1352
-996
-395
-475
1330
2561
863
-1406
-2925
-2497
-561
1103
1213
776
-419
-1860
-2472
-2335
29
2642
2254
643
-1006
-2129
-1351
366
1537
1624
1456
336
-1099
-1182
-405
1086
1673
1290
482
-909
-926
-263
-75
464
1111
1370
782
362
-776
-2538
-1283
680
1774
1914
994
-363
-1553
-2772
-3094
184
4079
3626
621
-2650
-3902
-1966
-540
586
2752
2959
356
-2488
-3979
-2379
2141
3331
1241
486
58
-572
-1312
-1951
57
3250
2961
537
-619
-962
-1020
-612
-664
753
2936
2155
-885
-3273
-3159
-1128
909
1546
1066
124
-1531
-2874
-3074
-869
2601
3205
1072
-1018
-2229
-1738
62
1420
1867
1734
952
-970
-1834
-947
788
1981
1599
707
-333
-1024
-484
-141
202
1091
1913
1377
473
-316
-2828
-2477
286
1736
2220
1726
-26
-1378
-2798
-4073
-1167
4269
4744
1434
-2232
-4630
-2650
-205
49
2590
3955
1095
-2461
-4505
-3729
1622
4293
1490
386
436
-529
-1106
-2110
-964
3524
4058
665
-780
-1129
-1412
-699
-764
-26
2880
2689
-706
-3252
-3676
-1780
847
1462
1104
538
-1496
-2875
-3189
-2009
1674
3638
1660
-694
-1826
-2143
-645
1401
1898
1870
1297
-472
-1780
-1434
354
2193
2144
1034
-396
-1112
-764
-66
14
828
1899
1413
234
-534
-403
-1736
-2053
327
1980
1926
1211
-530
-2000
-2215
-2657
-818
4049
4428
716
-2296
-4319
-2894
371
720
2005
3337
510
-3038
-3671
-2644
1670
4377
1263
-349
453
-427
-998
-1125
-409
3134
3764
48
-1241
-617
-928
-492
-319
51
2588
2430
-876
-2804
-2866
-1334
503
1147
681
400
-1025
-2762
-2839
-1744
1293
2987
1062
-678
-1556
-1783
-614
833
1664
1661
1353
-237
-1466
-917
367
2047
1924
741
-364
-1057
-648
-111
209
925
1634
1091
110
-400
295
-462
-2303
-841
1370
1785
1368
183
-1664
-1581
-2419
-2762
1866
4809
2116
-791
-3741
-4218
-366
588
704
3328
2084
-1944
-3063
-3353
-581
4349
2549
-571
467
-170
-1107
-635
-969
1633
4435
1206
-1242
-211
-611
-731
11
-465
1518
3058
128
-2208
-2350
-2029
-132
890
184
527
-180
-2228
-2463
-1749
-121
2139
1492
-719
-803
-909
-937
634
1212
1209
1370
296
-871
-711
85
1381
1976
772
-146
-358
-520
-86
300
257
1330
1403
206
26
322
675
-1485
-2594
-411
1745
1897
651
-833
-1282
-1563
-3238
-2034
3485
4531
1094
-2244
-4528
-2458
541
-63
1380
3318
787
-2581
-3487
-2813
2071
4399
469
-632
491
-291
-714
-1300
-363
3767
3749
-546
-1009
49
-644
-438
-572
95
2894
2043
-1618
-2726
-2293
-1283
435
422
140
526
-1285
-2819
-2381
-1098
1172
2183
454
-944
-590
-886
-320
1251
1469
1501
1031
-473
-963
-286
745
1861
1721
679
-256
-401
-334
160
453
641
1552
850
-89
-269
551
-407
-2767
-1433
890
2027
1462
-347
-1336
-1142
-2696
-3081
1505
4729
2514
-762
-3972
-3710
71
267
844
3213
1730
-1790
-3375
-3613
301
4558
1834
-720
211
-353
-611
-903
-976
2676
4348
374
-1286
-26
-303
-611
-568
-364
2328
2660
-894
-2748
-2272
-1354
311
462
-66
678
-749
-2507
-2322
-1333
920
1959
206
-1467
-465
-49
-291
914
945
1076
1028
-450
-634
69
804
1291
984
292
101
124
-288
-169
252
354
1164
944
-63
37
509
969
-1895
-2747
134
1915
1947
737
-940
-808
-1080
-3577
-2066
3838
4063
975
-2192
-4944
-1883
961
-495
1670
3430
140
-2528
-3482
-2715
2941
4187
-408
-370
481
-844
-547
-1253
-25
4252
2830
-1311
-552
176
-910
-372
-598
617
3404
1294
-2260
-2370
-1713
-564
896
50
114
368
-2087
-2782
-1661
-41
1991
1429
-1066
-1498
-74
-488
246
1521
975
1312
235
-1218
-342
631
1176
1358
719
139
187
17
-488
40
402
530
1417
296
47
552
1045
-129
-3364
-1718
1215
2322
1447
-565
-1093
-470
-2402
-3870
740
5193
2827
-701
-4259
-4276
437
328
-156
3087
2588
-1302
-3416
-3876
-98
5013
2055
-1448
123
29
-583
-967
-1215
2622
4837
389
-1722
242
284
-389
-287
-353
2200
2856
-1009
-2969
-1996
-712
609
431
-395
155
-1019
-2969
-2163
-587
1467
2050
-509
-2185
-854
4
-104
1271
1377
897
407
-1246
-1013
687
1267
1427
744
-92
-41
-27
-282
67
747
596
691
616
-150
350
782
1505
-1010
-3123
-371
1380
1566
625
-971
-551
-401
-3469
-3142
2917
4299
1267
-1704
-4976
-2090
1420
-1144
492
3627
968
-2141
-3379
-3127
2520
4627
-520
-1019
1101
40
-368
-1374
-275
4557
3639
-1315
-769
1032
-86
-548
-773
274
3235
1485
-2694
-2779
-1331
-347
680
-273
-338
251
-1855
-3073
-1709
251
1902
1176
-1365
-1844
-52
-243
239
1690
1263
1064
-180
-1463
-343
1082
1587
1422
685
-142
-86
-112
-197
557
803
669
710
-52
131
499
1009
971
-2671
-2365
742
1657
1296
216
-1108
-542
-1506
-4422
-772
5015
2946
-102
-3188
-4660
13
896
-1347
2299
3380
-1187
-3171
-3230
-799
4892
2781
-1975
413
1314
-682
-939
-1034
1867
4985
931
-2390
437
937
-1216
-1069
-427
1880
3339
-606
-3473
-1619
-531
-393
201
-180
225
-169
-2915
-3023
-470
1319
1456
-250
-1796
-952
250
-318
580
1740
1011
342
-751
-864
994
1726
1397
1016
364
-27
-192
-40
46
868
829
449
466
152
185
390
1391
-792
-2902
-431
1130
1423
634
-1118
-880
-228
-2984
-2768
2746
3784
732
-1792
-4791
-2046
1663
-622
447
3291
507
-2552
-2887
-2269
2792
4370
-747
-1010
1257
-166
-761
-997
208
4267
3152
-1622
-794
1272
-332
-1069
-538
774
3070
901
-3135
-2481
-592
-412
-33
-435
-345
-125
-2168
-3147
-1091
1019
1350
143
-1484
-1181
518
173
515
1640
1085
689
-356
-769
565
1647
1298
730
402
201
207
15
-155
461
727
235
504
311
428
405
1040
-832
-3388
-695
1270
1717
861
-1186
-1296
-509
-3042
-3203
2815
4635
1209
-1695
-4762
-2472
1624
-474
409
3701
1127
-2610
-3299
-2573
2630
4787
-588
-1195
1406
-109
-892
-1255
-95
4314
3252
-1873
-947
1341
-131
-1097
-749
630
3204
903
-3009
-2113
-201
-55
-35
-398
-126
17
-1884
-3093
-902
1354
1438
-272
-1821
-923
343
60
330
1551
1356
296
-738
-826
373
1573
1262
701
500
386
-32
-292
14
641
870
260
283
250
381
152
860
-322
-3150
-1036
1033
1558
1165
-700
-1331
-363
-2426
-3547
1952
4697
1413
-1353
-4262
-2916
1254
-279
-174
3522
1650
-2668
-3293
-2509
1866
4871
-49
-1698
1447
332
-1080
-880
-80
3710
3593
-1742
-1376
1634
314
-1070
-487
278
2689
1206
-2966
-2325
168
78
-11
-319
-646
-69
-1782
-2953
-903
1409
1586
-305
-1953
-1397
327
385
264
1666
1163
26
-765
-877
672
1613
1426
733
285
324
93
-11
140
377
907
171
-54
443
680
414
1011
362
-3118
-1553
582
997
1884
-13
-1698
-346
-2293
-4217
1089
4689
1969
-303
-3935
-4047
697
-345
-599
3868
2252
-2420
-3203
-3013
747
5079
957
-1476
1610
378
-1510
-740
-305
3054
4087
-1169
-1724
1649
411
-1269
-171
321
2246
1641
-2795
-2690
260
-19
-228
14
-618
-239
-1475
-2960
-895
1389
1481
-111
-1797
-1667
234
491
-18
1528
1190
-124
-491
-798
745
1781
1177
510
204
63
300
340
139
314
745
-323
-186
570
649
954
663
551
-2620
-2593
241
1653
2437
556
-1416
-881
-1739
-3867
-590
4830
3380
-56
-3477
-4714
-268
583
-736
2899
3275
-1525
-3997
-3261
-161
4605
2338
-1699
488
841
-1570
-1205
-35
2808
4383
-239
-2565
865
1108
-1288
-449
920
2115
1737
-2318
-3263
-66
581
-263
313
-163
-674
-1633
-3221
-1295
1355
1744
165
-1714
-1984
-732
502
173
1498
1686
-518
-687
-706
587
1939
1372
698
77
-261
58
586
564
331
655
-232
-389
424
886
1530
897
1252
-1474
-3827
-698
1051
2175
1646
-732
-1389
-1059
-3737
-2840
4012
4633
866
-1836
-5266
-2233
1238
-1052
1587
4649
-183
-4286
-3580
-1708
3602
4193
-1135
-376
1334
-1702
-1988
-160
2139
4700
1666
-2784
-203
1880
-1056
-1210
1204
2063
2138
-1135
-3617
-855
1050
-402
239
685
-775
-1741
-3067
-2114
1181
1995
326
-1283
-1862
-1598
-15
648
1229
2157
-158
-1294
-585
186
1493
1514
808
216
-277
-151
778
1248
550
469
77
-642
132
638
1240
1258
1078
145
-3184
-2215
459
1871
2234
463
-1264
-1164
-2560
-4018
751
5263
2456
-736
-4026
-4405
-157
92
48
4063
2430
-3209
-4260
-2639
1277
4890
1302
-1174
1041
-349
-2275
-632
1623
4065
3102
-1608
-1762
1476
458
-1414
545
2155
1850
-321
-3113
-2048
761
241
-223
819
98
-1870
-3083
-2478
5
1925
797
-1141
-1525
-1767
-1120
300
1336
2148
617
-1429
-1191
83
1156
1386
1282
633
-221
-825
-39
1328
1149
672
209
-480
-297
174
850
1615
1239
1219
-1223
-3724
-1090
1171
2439
1818
-338
-1586
-1454
-3477
-2899
3386
4801
1066
-1743
-4924
-2931
879
-131
1530
4257
-37
-4572
-3778
-1111
3426
4057
-659
-835
761
-1552
-1973
455
3083
3949
898
-2564
-387
1965
-209
-1034
1779
2440
834
-1806
-2928
-266
1497
-121
-239
928
-974
-2893
-2681
-1379
1645
1789
-624
-1961
-1676
-1365
-459
1348
1754
1443
-812
-2208
-260
1032
1447
1421
634
-29
-796
-116
1153
1801
1022
71
-97
-510
77
848
1591
1424
677
217
-2796
-2390
491
1747
2162
612
-1532
-1829
-2104
-3442
-51
4786
2607
-735
-3359
-4773
-720
1228
342
2934
2424
-3019
-4589
-2079
1237
4449
1893
-1647
-120
-22
-1815
-590
2305
3755
2232
-1367
-2217
813
1385
-995
122
2463
1282
-1001
-2530
-1661
1097
1227
-580
124
266
-2450
-3048
-1585
493
2105
440
-2050
-1817
-953
-775
631
1932
1470
-39
-1894
-1189
956
1562
1175
818
221
-537
-380
952
1882
1507
15
-410
-278
-220
814
1221
1711
836
489
-1074
-3200
-632
1330
2462
1791
-570
-1917
-1729
-2581
-2325
2620
4432
587
-2149
-4673
-3188
1139
917
1336
3176
-371
-4841
-3570
29
3644
3993
-580
-1658
297
-922
-1510
1161
3638
3163
40
-2466
-539
2123
565
-1114
1472
2228
-248
-2154
-2169
193
1826
32
-962
390
-791
-3258
-2274
-116
1629
1272
-1525
-2738
-1240
-432
-241
1153
1654
297
-1280
-1482
414
1936
1230
306
343
170
-517
444
1472
1271
519
-340
-216
-290
-21
914
1529
1476
457
260
-1822
-2667
-18
1523
2504
1175
-1436
-2276
-1687
-2302
-1191
3387
3416
-197
-2740
-4989
-1794
1917
740
1470
2151
-2036
-4645
-1953
1497
4197
2696
-1809
-1479
404
-802
-481
2243
3341
1674
-1213
-2304
580
2595
211
-481
2068
1478
-1013
-2052
-1014
1270
1504
-666
-1091
174
-1222
-3232
-1419
589
1152
-5
-2075
-1777
-246
-163
-500
847
1566
-467
-1397
-625
504
1625
783
-58
405
188
-359
829
1761
1061
190
-272
-143
91
593
1260
1363
831
53
422
-813
-2212
-485
1296
2530
1009
-1769
-2209
-1136
-1701
-1118
2605
3123
-56
-3067
-4601
-1327
2178
969
547
1349
-1444
-4119
-1911
1671
3838
2239
-2236
-2102
582
67
-264
1973
2932
998
-1362
-1866
836
2805
431
-856
1495
1034
-1290
-1684
-378
1513
1234
-997
-1157
261
-1032
-3259
-1201
1090
704
-676
-2008
-1391
176
-334
-1007
815
1705
-779
-1471
-162
879
1590
381
-547
501
578
-195
869
1749
812
1
-192
-105
573
696
792
1238
872
258
669
-505
-2290
-1014
849
2142
1388
-1042
-1990
-1079
-1929
-1791
2281
3458
217
-2817
-4281
-1747
1729
716
37
1322
-1054
-4079
-1865
1704
3083
1767
-1930
-1976
792
148
-630
2157
3155
679
-1263
-1374
1150
2895
270
-1121
1506
1353
-1350
-1486
299
1603
849
-1300
-1052
729
-707
-3148
-706
1308
225
-1145
-2024
-1090
236
-428
-1257
606
1540
-1079
-1061
625
792
909
-140
-215
1284
826
-429
731
1949
584
-140
316
684
900
269
294
1062
1157
270
535
493
-1870
-1955
143
1890
2038
-457
-2095
-1242
-952
-2025
334
3582
1356
-2301
-3882
-2614
1115
1315
-489
895
511
-3040
-3068
776
2813
2188
-822
-2219
204
586
-1028
692
3184
1790
-1006
-1538
331
2288
995
-845
896
1949
-682
-1903
7
1706
941
-738
-757
328
-216
-2434
-1671
980
388
-1442
-1328
-618
-456
-1032
-1714
89
1709
-368
-1574
40
561
-136
-141
272
1193
944
-755
-176
1975
1065
-240
495
1077
748
-275
-337
1277
1718
618
317
1080
-571
-2625
-1094
1648
3015
764
-2040
-1962
-722
-1833
-1372
2581
3141
-686
-3855
-4057
-633
1711
135
102
1351
-1233
-4050
-1461
2310
3143
989
-1857
-853
814
-479
-324
2640
2983
-131
-1853
-657
1757
1966
-37
-62
1815
628
-1786
-852
1549
1276
-357
-843
-96
308
-1634
-2524
133
1114
-742
-1535
-877
-720
-775
-1100
-436
1274
240
-1765
-832
504
233
31
333
833
448
-641
-297
1911
2091
-104
-348
836
1031
9
-20
1477
1689
502
142
888
1242
-1308
-2732
406
3076
1757
-766
-1765
-1385
-846
-1933
-364
3582
1988
-3052
-4224
-2059
359
1374
204
284
477
-2768
-3988
588
3390
1572
-1035
-2006
-753
101
-471
785
3268
1982
-1840
-1718
1135
2095
918
229
785
1419
-477
-1899
447
2438
804
-809
-245
49
-639
-1665
-1057
1072
894
-1547
-1885
-753
-911
-930
-177
668
637
-846
-1961
-534
952
124
4
668
18
-657
-228
885
1964
901
-663
200
1247
317
-15
1196
1567
580
68
588
1796
413
-2565
-965
2050
2323
286
-1185
-1378
-623
-1475
-1840
1801
3213
-910
-3817
-2741
-640
1054
434
-368
661
-1104
-3723
-1652
2504
2436
-135
-1793
-1156
242
-129
77
2126
2643
-512
-2233
61
2055
1272
264
608
1388
579
-1449
-449
2087
1726
-376
-543
562
-453
-1549
-1065
687
1507
-765
-2671
-1060
114
-875
-715
803
369
-1412
-1955
-1328
1041
1398
-902
-627
313
-830
-769
1215
1727
549
-717
-841
860
1644
399
456
1733
786
-190
924
2345
1453
-1871
-1887
1097
2676
1170
-622
-1076
-248
-933
-2431
889
3630
237
-3187
-2837
-1150
636
413
-861
533
-271
-3551
-2520
1858
2141
-232
-1523
-1280
-39
-448
-759
1635
2844
-213
-2251
-101
2111
1366
218
562
1603
849
-1300
-412
2302
2072
-332
-599
318
122
-690
-869
855
1378
-1337
-2450
-386
180
-671
-236
4
-323
-1042
-2183
-1004
1805
444
-1690
-608
-261
-723
59
771
792
744
-606
-730
1413
1610
91
431
1258
481
219
1430
2139
-15
-1199
-249
1284
1931
497
-1103
42
802
-2020
-1280
2251
1503
-1333
-2253
-1882
-157
664
-1320
-608
636
-1775
-3317
-35
1833
-9
-1440
-1567
-306
287
-749
-493
1984
1303
-1578
-887
1455
1521
334
39
731
1528
216
-699
1258
2496
232
-1189
150
1136
732
-219
-164
664
-87
-1881
-983
1040
352
-1119
-1013
-788
-601
-674
-1102
93
384
-1605
-1849
-170
261
-121
114
104
192
53
-429
511
1697
846
-75
956
1212
699
189
-167
757
1614
1196
380
238
-342
-71
168
234
842
530
-666
-1379
-893
-522
269
18
-875
-1103
-1589
-1377
-368
433
-332
-1010
-1196
-930
-477
-103
409
589
70
-1044
-463
918
1138
496
422
591
442
127
374
1274
1463
703
-63
98
598
204
68
796
880
-228
-951
-702
-51
156
-423
-623
-388
-694
-1181
-611
159
-151
-994
-1016
-281
68
-112
-71
-119
-26
-293
-222
777
1349
876
147
494
-240
-389
1257
2277
1536
-65
-1025
-311
1427
510
10
1275
855
-1390
-1766
-99
765
851
-839
-1221
-653
-1147
-1674
44
1537
-384
-2186
-1796
-46
295
-101
40
523
-26
-1563
-804
1448
2050
55
-614
178
331
-209
38
1235
1668
333
-1457
-462
1135
893
441
677
183
-746
-978
-221
1022
951
-497
-1409
-961
-609
-274
435
655
-138
-1115
-1225
-380
439
441
6
-206
-77
-362
38
1189
1330
-388
-1007
353
1541
1387
360
-16
430
660
-698
-257
1902
1314
-764
-1190
-358
79
391
-408
-204
26
-1456
-1918
26
1222
-447
-1374
-818
-183
-620
-668
339
840
-132
-1755
-733
1095
1015
-235
283
839
-237
-948
-22
1432
1539
191
-882
-70
372
-108
274
1153
501
-965
-993
-188
511
423
-108
-404
-393
-826
-869
183
736
4
-838
-630
-438
-157
186
430
318
-107
-339
-177
830
1251
969
-123
-828
-38
1375
2044
1069
-319
-697
353
333
349
1397
1555
17
-1507
-1380
-218
1288
723
-549
-748
-1233
-1756
-550
1032
395
-967
-1628
-1253
-546
-27
447
585
37
-1317
-1104
633
1358
433
117
151
-423
-479
264
1128
1343
398
-694
-352
459
270
373
1040
546
-852
-1004
-40
664
444
-332
-575
-406
-610
-853
-9
751
37
-1142
-1014
-216
-77
-4
255
115
-252
-541
-468
609
1371
600
-171
-683
-650
441
1877
1892
412
-778
-532
333
569
850
1460
1035
-676
-1738
-794
1021
1504
57
-718
-845
-1204
-967
329
910
-228
-1476
-1494
-446
26
-138
36
124
-658
-1431
-507
940
996
-79
-332
-134
-322
-222
541
1230
979
-213
-1008
-14
845
739
700
525
-342
-790
-136
713
992
366
-448
-809
-572
-372
82
684
285
-822
-1153
-438
2
171
233
116
-269
-435
-430
155
1134
1072
-237
-1360
-588
818
1645
1043
-240
-652
70
178
-123
1161
1916
571
-1196
-1195
-27
1199
1267
11
-547
-922
-1195
-417
1172
963
-631
-1222
-786
-348
-213
530
674
-123
-1316
-1416
-40
1105
493
-390
-18
-381
-926
-68
1180
1130
205
-668
-775
37
303
397
839
504
-914
-1144
81
862
534
-67
-350
-589
-578
-245
388
551
-49
-812
-698
50
132
71
363
221
-560
-550
-85
536
1005
708
3
-905
-829
293
1598
1377
-161
-1102
-220
682
121
246
1231
1014
-646
-1474
-576
948
1264
-120
-757
-676
-906
-770
594
1264
-69
-1510
-1231
-63
201
284
480
323
-694
-1451
-371
1250
1184
-167
-295
13
-496
-624
588
1397
560
-602
-796
99
439
189
441
786
-269
-1367
-564
788
818
-287
-731
-486
-377
-417
34
628
278
-678
-972
-49
481
197
38
150
-195
-570
-203
600
1041
585
-86
-701
-590
381
1568
1548
241
-903
-613
639
733
367
723
948
-280
-1515
-1020
560
1325
236
-699
-770
-809
-935
-70
896
305
-1070
-1404
-339
199
39
196
364
-289
-1083
-568
758
1238
132
-472
24
64
-361
155
1135
859
-320
-865
-151
496
387
325
454
-115
-1026
-700
556
919
21
-726
-538
-254
-382
-270
238
179
-524
-895
-358
197
33
-145
-1
-24
-394
-387
201
809
649
131
-309
-677
-195
899
1632
792
-534
-782
343
1032
429
238
816
763
-607
-1156
-136
1086
794
-389
-651
-610
-714
-612
330
749
-163
-1222
-1016
-35
71
-17
168
125
-619
-911
49
986
553
-440
-227
331
75
-270
369
1063
430
-598
-441
510
593
111
217
444
-158
-699
-101
835
563
-500
-703
-75
103
-273
-209
241
-118
-854
-630
160
256
-268
-399
-107
-36
-382
-336
333
635
98
-277
-175
-282
-98
724
1332
584
-629
-781
368
1137
392
-96
472
703
-256
-819
-57
862
579
-386
-378
-118
-298
-492
114
651
-83
-1083
-880
114
211
-154
-134
51
-324
-642
-103
676
501
-382
-342
264
327
-167
-54
444
236
-437
-454
331
514
54
-168
99
20
-251
52
653
575
-262
-514
52
415
13
-249
-26
-17
-441
-521
87
444
27
-489
-387
-84
42
-41
62
233
9
-346
-215
199
8
-123
131
372
183
-169
-211
225
598
125
-132
312
675
125
-433
-161
494
614
-31
-285
-242
-164
-302
-3
471
150
-653
-741
140
404
48
-226
95
122
-362
-378
283
720
55
-437
-127
245
-24
-195
199
394
-110
-643
-270
287
161
-269
-83
211
-104
-466
-90
513
294
-285
-369
18
92
-211
-117
317
267
-290
-328
115
290
-47
-269
20
231
-20
-303
-94
101
-44
-197
4
143
-127
-339
-29
454
415
-70
-418
-150
285
354
213
174
158
12
-75
-10
112
200
84
-147
-216
-111
12
-22
-97
-97
-65
-77
-98
13
139
152
29
49
199
231
164
157
117
44
46
135
201
85
-143
-175
90
192
-46
-179
-77
-19
-188
-312
-180
-34
-103
-296
-234
-88
-165
-278
-163
-18
-122
-207
-78
63
-2
-107
39
250
233
11
-6
146
145
54
150
291
80
-214
-144
227
338
90
-140
-74
25
55
161
249
136
-153
-135
178
280
-10
-216
-98
57
23
-125
-107
6
-40
-99
51
185
74
-38
-19
44
45
50
73
111
67
-62
-43
84
98
50
118
99
-76
-190
-53
156
187
20
-121
-107
-69
-42
21
47
-103
-253
-219
-113
-107
-178
-191
-185
-167
-143
-69
-31
-56
-121
-146
-78
-25
-25
6
70
78
31
-29
-8
67
123
120
76
83
74
16
38
115
128
69
-43
-53
22
72
51
32
7
-94
-79
123
272
168
-2
-38
-16
-8
49
144
137
-31
-187
-109
103
176
95
4
-35
-114
-86
85
173
46
-114
-80
43
76
21
65
105
0
-151
-105
44
117
66
-25
-82
-148
-126
-58
11
-18
-125
-212
-208
-157
-123
-59
-28
-74
-184
-202
-101
22
68
23
-78
-107
-68
-28
37
93
100
32
16
52
85
115
99
84
46
-27
-20
86
149
95
-4
-29
-15
63
150
164
87
-26
-25
78
170
155
110
61
7
31
128
169
104
22
-5
-17
-41
-28
36
46
-33
-96
-94
-25
-3
40
121
110
-20
-136
-110
12
99
45
-30
-139
-210
-142
2
96
38
-73
-123
-62
-25
-11
12
-8
-81
-81
12
46
-8
-99
-79
-36
-59
-123
-108
1
40
-36
-96
-26
27
24
21
58
63
-2
-53
9
107
60
-19
-19
4
12
54
100
60
-59
-105
8
114
65
-45
-47
33
5
-52
-19
20
-26
-109
-102
4
44
-16
-16
23
7
-47
-33
36
72
49
25
21
2
-31
-6
78
80
7
-50
-68
-22
4
10
-19
-66
-120
-104
-25
-58
-131
-140
-99
-57
-14
-3
-10
-35
-54
-41
-1
24
-38
-75
-14
0
-44
-32
21
42
6
-6
4
52
113
110
149
147
91
70
90
146
154
137
99
62
25
34
92
128
94
-16
-56
-44
15
53
46
14
-54
-94
-76
5
38
-7
-72
-85
-54
-32
-24
-41
-42
-52
-86
-99
-59
-14
17
35
15
0
23
85
134
117
61
11
-6
3
46
81
87
45
-12
-4
31
47
45
17
-12
-34
-36
6
46
22
-43
-93
-84
-61
-63
-63
-55
-76
-129
-139
-85
-23
13
19
-5
-28
-29
7
66
84
32
-34
-34
4
31
42
34
-1
-64
-74
-7
52
44
-4
-34
-44
-27
27
89
61
-29
-75
-47
-3
2
-33
-79
-107
-116
-108
-76
-55
-78
-96
-83
-77
-64
-41
-6
21
11
6
44
80
79
63
57
75
75
67
82
88
54
14
12
50
104
88
50
49
39
17
15
44
64
53
42
23
-15
-36
-34
9
42
10
-36
-60
-68
-85
-55
25
57
21
-14
9
59
95
99
92
94
71
31
13
36
42
12
1
-9
-52
-96
-99
-71
-56
-82
-98
-74
-85
-89
-52
8
19
-19
-26
-28
-11
14
17
15
6
-12
-17
-21
-31
-15
29
39
28
28
24
15
-3
-9
15
51
58
50
42
49
55
51
49
53
44
28
38
32
4
-21
-40
-33
-21
-18
0
14
4
-29
-43
-25
3
38
53
34
-4
-14
9
31
57
56
30
1
-26
-32
-5
24
25
15
-1
-17
-22
-10
8
4
-19
-36
-25
-7
-13
-34
-43
-41
-48
-79
-90
-66
-57
-51
-36
-35
-26
-13
-25
-19
18
59
65
32
-2
-18
-15
-8
4
7
13
12
-2
-28
-27
4
18
-7
-41
-45
-38
-25
-14
-3
-17
-46
-48
-35
-32
-33
-25
-25
-28
-34
-33
-4
15
5
9
52
54
34
37
52
70
63
57
53
64
66
77
86
84
75
51
51
52
58
63
68
60
34
14
-6
1
17
8
-18
-30
-50
-61
-51
-51
-60
-53
-32
-25
-17
-2
7
28
38
35
29
18
4
-24
-22
-1
11
8
6
1
-3
10
24
20
6
10
5
-5
-27
-42
-53
-62
-77
-111
-110
-95
-93
-99
-88
-80
-90
-68
-31
-2
12
6
12
25
31
52
70
73
63
37
23
23
15
0
9
51
58
35
23
18
37
39
17
5
-10
-31
-33
-31
-36
-39
-49
-58
-79
-90
-79
-57
-47
-49
-38
-29
-33
-14
33
48
40
21
12
24
54
64
52
37
37
58
64
48
35
39
44
32
16
9
11
9
-2
-14
-22
-36
-56
-47
-27
-15
-15
-14
-12
-14
-20
-3
22
25
17
8
2
-5
5
29
45
43
20
8
12
31
26
-3
-10
7
19
31
58
55
46
42
29
18
7
14
15
6
-19
-52
-53
-53
-48
-37
-14
-8
-21
-36
-42
-21
-8
-9
-10
-1
2
-15
-28
-9
20
24
11
-2
-14
-17
7
16
15
16
21
25
1
-6
15
33
17
-18
-36
-40
-26
-19
-31
-31
-35
-52
-45
-19
2
-2
-10
-16
-22
-15
3
26
29
24
23
20
18
11
17
30
38
35
26
20
21
22
27
38
52
47
32
26
26
21
17
26
21
5
-6
-32
-47
-50
-39
-23
-18
-16
-35
-51
-41
-28
-17
-11
-8
0
4
7
11
16
1
-22
-22
-7
18
30
21
1
0
11
19
32
30
17
6
-17
-25
-9
0
-4
-4
-1
0
9
-7
-19
-8
-20
-32
-37
-30
-34
-48
-34
-24
-20
-10
-4
0
1
6
3
13
20
1
-8
2
17
24
33
39
30
33
47
54
68
79
64
36
6
-12
-8
4
2
-11
-7
-19
-39
-35
-19
-8
-12
-36
-44
-21
-6
-20
-14
11
17
12
3
6
17
24
22
15
19
12
1
-2
5
11
5
8
26
21
-1
-10
-6
1
-9
-17
-20
-18
-25
-27
-6
2
3
-2
4
9
4
-7
-13
-9
-13
-17
-21
-4
5
8
5
-7
-14
-12
0
10
22
22
13
5
6
7
8
13
10
7
3
-11
-22
-22
-22
-12
-13
-6
2
-5
-16
-25
-18
-2
-1
-11
-18
-13
-4
0
-2
-9
-11
-5
-6
1
1
-6
-5
-10
-11
-10
-1
5
2
-7
-17
-15
-3
5
12
20
14
-4
-30
-36
-21
-6
-10
-13
-7
-4
-12
-16
2
17
20
22
22
14
16
26
21
17
9
11
11
3
-5
-3
10
3
0
8
29
31
25
23
17
14
7
-3
4
10
0
-19
-34
-33
-34
-33
-25
-17
-8
-5
-10
-3
10
23
29
24
26
24
17
15
17
8
-1
-7
-7
-3
-6
-5
-7
-7
-16
-22
-24
-15
-5
-9
-7
-4
-10
-9
-6
-3
0
2
2
4
-1
-20
-29
-16
0
8
7
7
3
1
8
11
18
17
1
-8
-7
0
15
22
17
14
11
1
6
18
23
23
19
7
-5
0
9
12
3
-9
-12
-9
-4
-7
-7
-10
-27
-30
-18
-9
-2
1
2
-1
4
3
0
4
2
-3
-1
3
1
-3
1
11
5
4
5
3
7
6
6
12
12
-6
-14
-10
-14
-28
-34
-30
-34
-41
-40
-28
-11
-11
-15
-5
15
18
17
26
38
33
16
11
21
24
16
5
2
4
-6
-5
2
5
10
6
5
8
1
-15
-25
-22
-22
-24
-21
-23
-32
-31
-22
-10
-2
-2
0
-1
-6
-10
-1
8
8
6
3
9
14
19
25
21
18
15
14
15
13
15
9
5
3
7
9
4
-4
-8
-6
-4
-5
-10
-15
-11
-9
-18
-18
-18
-15
-9
-16
-10
-5
4
8
8
12
18
21
13
12
12
9
7
8
10
10
11
4
3
5
4
11
13
15
18
13
8
7
0
2
7
6
0
-8
-20
-21
-18
-23
-21
-11
-11
-9
-5
-2
5
7
8
2
-8
-8
-7
2
3
-5
-6
-9
-13
-15
-18
-14
-8
-5
-2
2
8
17
18
19
22
12
2
-4
-6
-4
-10
-9
0
-1
1
2
7
14
18
12
2
4
3
8
11
18
11
7
13
14
19
16
6
1
-2
-8
-2
4
3
1
-1
2
13
21
18
20
17
9
4
-8
-11
-7
-7
-24
-25
-12
-10
-4
-5
-12
-10
-8
-12
-12
0
13
8
-2
-7
-11
-10
-15
-16
1
2
-9
-16
-13
-9
-2
2
0
8
10
6
7
11
9
16
8
7
11
16
15
7
8
2
5
9
-5
-6
0
-15
-25
-13
0
2
-5
-8
-4
-1
-3
-9
-10
-14
-18
-18
-4
8
15
12
8
11
16
19
16
21
20
7
3
17
26
17
12
6
3
5
-2
-13
-12
-12
-18
-22
-18
-11
-17
-19
-17
-12
-10
-4
-5
4
9
2
-16
-25
-13
4
-2
-16
-2
17
15
-9
-13
2
21
18
-8
-10
15
27
-9
-28
-10
12
8
-23
-27
-4
18
4
-21
-18
4
12
2
-16
-9
-1
3
3
-7
-10
-19
9
24
9
-18
-21
38
45
9
-62
-24
96
94
-39
-127
12
156
84
-105
-138
65
180
11
-188
-107
155
178
-94
-230
-38
235
137
-150
-223
33
241
63
-198
-194
122
223
-29
-243
-101
202
157
-94
-223
5
216
81
-158
-158
97
172
22
-141
-76
114
123
-46
-97
-11
91
24
-60
-57
28
91
-35
-68
-11
52
28
-50
-10
2
31
-48
-35
33
30
-21
-74
13
41
5
-62
-50
40
50
-4
-47
7
62
15
-34
-18
38
40
-25
-46
-14
33
13
-6
2
-6
16
-18
-2
13
12
-17
-39
33
0
-27
-22
9
37
-13
-29
-16
22
41
-27
-47
17
51
0
-60
-19
28
39
7
-42
-12
37
28
-20
-25
17
33
13
-17
-28
-15
14
25
2
-34
4
19
17
-31
-45
11
48
55
-48
-55
4
43
27
-61
-23
44
60
-8
-80
-9
57
60
-29
-74
19
76
19
-75
-39
95
82
-20
-70
16
84
3
-67
-20
103
65
-84
-90
33
106
-4
-106
-25
100
47
-115
-91
60
116
-22
-129
-42
124
94
-91
-109
61
150
17
-125
-61
100
100
-78
-125
14
113
12
-122
-58
104
101
-64
-118
4
92
9
-88
-41
65
45
-66
-66
40
52
-28
-53
17
66
-8
-83
-30
62
47
-46
-51
49
92
-27
-115
-6
123
56
-110
-114
54
132
-3
-157
-69
126
102
-96
-179
11
174
46
-168
-145
110
179
-28
-205
-76
195
139
-129
-204
25
206
62
-156
-108
128
166
-42
-159
-14
163
110
-70
-93
57
131
25
-91
-50
70
77
-25
-86
-26
25
13
-44
-48
-2
16
-8
-38
-3
28
27
10
10
15
7
3
-3
3
19
28
19
14
14
-13
-16
-13
-2
12
21
12
-6
-24
-17
10
9
-8
-17
-7
-1
-19
-31
-5
28
38
5
-21
6
30
20
-32
-30
32
38
-1
-50
-27
18
25
-11
-33
7
30
4
-51
-46
14
52
14
-42
-28
15
17
-17
-30
-2
46
16
-40
-33
5
26
4
-12
7
26
18
-4
-23
-17
3
10
12
-1
-12
-11
4
18
11
2
-12
-13
-7
-7
-19
-9
20
21
-10
-22
12
41
29
-13
-21
8
29
11
-10
4
20
13
-11
-1
27
24
-13
-19
7
26
4
-18
-4
13
20
0
-9
8
21
-15
-55
-39
0
14
-15
-34
-19
5
3
-23
-22
9
40
7
-27
-15
18
15
-25
-35
-12
24
18
-13
-19
12
31
19
-1
0
2
5
9
0
-6
-13
-10
-5
-10
-19
-3
18
14
0
-11
5
25
31
8
2
33
34
5
-23
-20
-1
14
9
0
5
0
-10
-25
-13
14
18
0
-20
-11
10
2
-25
-33
-3
22
9
-12
-4
18
10
-12
-9
25
32
-1
-19
-7
22
16
-11
-9
5
12
-17
-35
-20
-2
-8
-24
-21
3
23
4
-20
-16
16
24
6
-15
-7
14
6
-13
-22
-5
11
-3
-21
-12
13
9
-19
-31
-16
5
4
-11
-13
15
35
25
8
7
20
15
-5
-12
0
4
-8
-15
-8
8
12
-6
-16
-7
7
5
-3
0
0
-7
-13
-11
3
10
1
-4
3
9
3
-14
-12
7
18
6
-1
11
17
2
-22
-23
-1
10
0
-18
-1
24
24
5
-4
15
25
15
-7
-10
11
19
0
-15
-1
17
9
-14
-15
6
21
13
-9
-12
-1
3
-2
2
8
8
4
-6
-8
-1
-9
-17
-15
-9
-1
-2
1
12
15
10
-5
-9
14
22
11
-1
8
15
5
-6
-17
-1
7
3
-4
-6
4
3
-2
-9
2
9
3
-3
-3
2
4
3
-6
-10
-4
-1
-8
-11
-2
4
-4
-12
-8
-2
0
-8
-11
-4
1
-6
-12
-10
-4
2
-6
-9
3
17
12
-2
0
11
13
-6
-13
-5
0
-5
-15
-17
-6
1
-8
-11
-3
16
13
2
-7
0
6
-7
-18
-13
1
6
-2
-7
-3
4
-4
-13
-7
5
11
-5
-11
-1
5
2
-1
-3
-3
2
3
-1
-5
-3
-2
-6
-5
-4
1
2
0
-7
-3
13
15
12
9
7
5
6
4
5
1
3
6
0
-3
2
6
0
1
2
8
9
0
-9
-7
3
10
9
3
5
2
-5
-3
2
3
-7
-11
-10
-6
-3
-10
-10
-10
-1
3
4
8
6
11
6
7
12
9
5
-6
-6
-4
1
11
2
-10
-12
-2
3
3
8
7
6
8
4
-2
0
6
0
-8
-9
-6
-6
-18
-23
-11
1
4
1
1
3
11
9
5
4
9
9
0
-3
-2
-2
-4
-1
-1
9
13
7
1
-4
-1
-3
-4
-2
-4
2
10
1
2
9
9
7
8
12
8
8
3
-4
-2
2
-1
-7
-4
1
-3
-5
-8
-6
-2
-2
-5
-5
2
8
9
2
0
8
6
0
4
13
11
8
0
-5
-1
0
3
-6
-5
0
-3
-9
-6
3
8
14
3
-10
-4
0
2
-3
0
-2
-6
-4
-9
4
10
7
1
1
3
1
-2
-8
-10
-10
-7
-11
-6
-1
-3
-8
-9
-8
-16
-23
-12
1
7
10
0
-7
-5
5
2
4
12
9
-4
-9
3
11
18
15
3
-2
-1
1
-1
-2
5
3
-2
-5
4
8
6
2
-3
-3
-3
4
9
12
11
10
3
4
10
10
6
2
3
-2
-6
-7
-8
-6
-5
-10
-6
0
-5
-6
-7
-4
-4
-3
1
2
5
4
0
-1
1
6
8
5
0
-5
-5
-5
-3
7
10
12
6
0
1
-4
-10
-17
-16
-11
-9
-14
-17
-8
-3
3
7
10
13
12
7
4
2
3
9
9
6
4
3
2
1
0
4
7
5
8
8
2
-6
-8
-5
-5
-9
-13
-16
-15
-8
-3
-5
-7
-4
-5
-3
1
0
0
-3
-5
-6
-3
3
0
-7
-2
2
6
5
4
3
2
-1
-2
2
14
18
17
8
-1
2
8
8
2
-1
-7
-8
-10
-12
-11
-8
-5
-12
-17
-15
-17
-14
-8
-9
-9
-6
-9
-11
-9
-9
-8
-3
-8
-8
-2
0
-1
0
0
1
11
15
15
19
17
6
-1
-2
1
7
6
-1
-3
3
11
13
13
17
17
15
12
7
4
1
-3
-7
-10
-5
-1
-4
-9
-8
-5
-8
-10
-9
-5
-4
0
2
5
2
3
4
6
8
9
16
11
6
0
0
1
-2
-4
-6
-1
-2
-7
-8
-4
3
8
9
16
19
13
6
2
0
2
3
5
8
3
-4
-12
-9
-3
-2
-1
-5
-7
-10
-10
-7
0
8
7
8
3
5
4
3
8
10
12
12
10
4
3
5
5
5
3
-1
1
4
5
2
-1
2
-8
-10
-6
-4
-2
-7
-9
-12
-10
-7
-10
-7
-4
-4
-9
-7
-5
0
5
7
11
13
5
2
3
4
4
2
2
3
3
-2
-4
-3
0
-10
-12
-10
-12
-12
-8
-4
-5
-6
-5
-3
-1
1
-6
-12
-5
-4
-7
-10
-9
-3
-3
-3
0
-2
-2
-1
-4
-1
1
-1
-1
0
-1
-4
-2
3
1
3
1
-6
-6
-3
-3
-3
-1
0
5
4
6
6
5
5
3
5
5
4
2
-1
0
-2
-3
-3
-9
-7
-3
-4
-12
-21
-18
-15
-8
-4
-2
-3
-4
-4
-8
-6
-5
2
3
6
10
8
7
7
10
16
21
21
21
19
13
7
8
10
10
9
3
2
3
2
-3
-2
-2
-2
-2
-6
-4
-3
-3
3
1
-1
6
4
1
-5
-4
-3
-7
-5
-6
-4
2
4
6
1
-4
0
-2
-4
-6
-12
-12
-12
-9
-5
-2
-1
7
13
20
23
21
20
17
12
10
8
3
2
8
11
7
4
0
1
-3
-7
-8
-10
-6
-11
-15
-14
-15
-14
-5
-2
-8
-4
-4
-6
-7
-3
-4
-5
0
-7
-9
-5
1
3
5
8
10
9
4
2
5
11
9
0
0
-2
-1
10
2
-2
4
3
5
0
-2
-1
-6
0
-1
0
3
0
0
1
4
5
5
13
22
-5
-19
3
15
25
6
-4
3
-7
1
11
18
15
4
-2
-3
2
6
-12
-18
0
-14
-25
-25
-15
-6
-8
0
7
5
0
-7
16
15
-9
7
7
6
-7
-24
-8
-5
0
1
8
19
14
-2
-4
2
-1
-2
1
8
1
-13
-9
-3
4
0
-2
9
5
-2
-3
3
9
0
-9
-4
-4
1
2
3
8
-5
1
0
0
8
2
8
0
-17
-17
-12
-5
-4
-3
2
6
3
3
6
9
6
2
1
-6
-4
-4
-8
-5
-10
0
8
7
8
4
-1
-3
2
3
1
5
9
-4
-13
-13
-13
0
0
-12
-17
-13
-12
-12
-12
-9
-6
-1
-1
-8
3
7
0
-6
-3
14
14
14
16
8
13
9
-5
-7
-4
5
10
2
-2
4
11
11
13
12
11
4
-2
-6
-6
-2
1
-6
-8
5
2
-14
-11
2
1
-4
-5
-2
4
-2
-6
3
1
-4
-3
-8
-6
-3
-2
-5
-2
2
-7
-7
-1
-7
2
10
12
12
3
3
0
0
-1
3
9
1
-1
-4
-5
3
3
1
4
-1
-3
-5
-4
7
12
8
-3
-9
-8
-2
2
5
0
-5
-5
-5
2
-2
3
3
9
11
7
6
-2
1
-3
-4
-6
-3
4
9
12
12
11
-2
-4
-9
-4
-2
-6
-3
0
3
3
-1
-5
-3
-1
0
-5
-7
-3
-9
-12
-12
-4
2
7
9
2
3
9
14
10
3
3
0
5
2
-1
-5
-4
2
1
8
9
10
3
-1
1
10
13
3
1
1
6
3
1
-5
-7
-8
-14
-10
-8
-10
-17
-10
-4
-3
-2
-6
-1
9
1
-12
-6
1
4
-2
-5
-2
-2
-4
-4
-1
-5
-5
2
8
9
1
-2
2
-1
-1
1
-4
1
-2
1
1
-2
-2
-4
-2
-5
-6
-10
-7
-7
0
4
5
5
-2
2
1
-1
4
7
6
-2
-4
-7
-4
-5
-6
-2
4
11
5
1
-3
-5
-8
-4
0
2
11
13
9
5
10
6
4
4
4
5
4
1
5
10
6
10
13
11
9
4
1
2
1
-3
-4
1
-6
-6
4
6
4
-1
-3
-7
-10
-5
-7
-7
-11
-11
-7
-10
-3
-4
2
-2
-5
-1
0
7
-3
-5
-5
0
4
6
4
0
1
-7
-1
-1
-5
-4
-5
-4
-9
-4
-8
-8
-4
-5
-5
-3
5
14
11
-2
-3
-4
-5
-4
-7
-15
-6
11
4
7
7
7
5
3
4
-2
-5
-1
0
-6
-5
-5
-1
-5
-9
-2
-4
6
4
-12
-13
-11
-8
-2
3
11
12
7
6
9
14
18
15
11
4
1
2
-5
-12
-4
3
6
-1
-1
0
-3
5
5
1
1
0
-7
-9
-6
-6
-6
-8
-5
-3
1
-3
-4
3
8
3
-5
0
-1
3
2
0
3
9
11
8
11
3
8
14
4
1
-6
-3
-6
0
0
-7
-2
-2
0
4
7
1
1
2
-8
-5
-4
1
5
2
10
4
7
17
12
11
3
1
-1
-5
4
7
6
10
9
3
10
10
11
7
-6
1
-5
-5
-1
-2
0
-7
-9
-6
6
11
10
4
3
-2
-8
-4
-11
-3
-4
-5
-4
-6
1
2
1
-4
-2
3
2
2
6
6
4
-4
-8
2
2
-1
-7
-9
-6
-2
0
2
0
-8
-10
-12
-6
-5
-3
-2
-7
-3
-8
-13
-14
-13
-14
-10
-7
-2
3
-1
1
-4
-2
-3
0
4
-7
-3
-2
-5
5
11
9
9
9
2
7
12
10
7
5
3
-1
3
3
3
6
-2
-4
-2
-7
-2
3
-2
-3
-3
-1
4
7
9
3
3
0
-2
6
1
-2
2
-4
-2
-2
-6
3
5
3
-1
-2
-3
-5
-6
-11
-5
-1
-5
-9
0
5
3
7
4
11
8
1
1
-1
2
6
9
6
8
8
9
7
1
1
1
1
-9
-6
0
-10
-7
-4
-5
2
2
3
5
12
9
-1
1
2
0
-2
-5
-4
0
4
-1
0
-4
-6
-7
-4
2
-3
-4
-6
-4
-3
0
-2
-3
3
-5
-6
1
3
-1
-7
-1
-6
-1
3
3
5
-3
-4
-3
-2
-5
3
5
3
7
-2
-7
-1
0
-2
-3
-4
-4
-2
4
0
-1
0
1
4
5
3
-5
-3
0
-3
-1
-3
-1
-2
-7
-2
-3
0
2
-2
-1
0
-3
-7
-4
-2
-1
3
1
0
6
10
7
12
12
7
3
3
1
-2
-5
-13
-7
-4
-8
-2
-1
-5
0
0
-1
7
8
0
0
-3
-6
-5
-8
-11
-5
-2
1
5
10
5
9
8
10
15
9
7
3
5
3
2
6
5
11
6
1
6
4
3
10
11
6
10
8
2
-10
-14
-8
-10
-14
-12
-12
-12
-11
-10
-8
-3
-3
-6
-4
4
5
5
5
-3
-1
2
-5
-10
-12
-4
-2
-2
-6
-5
2
-1
-2
0
2
8
10
5
0
-2
-1
-1
-2
-3
4
8
7
2
-1
4
1
4
4
0
5
0
-2
-2
1
4
0
-1
1
10
7
-3
-1
2
4
0
-3
-3
-6
-4
-5
-5
4
11
11
7
2
1
4
9
5
-2
-1
-1
-5
-10
-7
-5
-1
0
-4
0
2
0
0
2
5
3
0
0
6
7
-2
-2
2
1
-2
-6
-13
-10
-5
-3
7
15
24
19
9
2
-2
5
10
12
9
3
2
-2
-5
-3
0
1
0
-2
-2
1
1
-4
-1
1
0
1
1
0
1
-1
-4
-5
-7
2
5
3
2
-4
-3
-6
-5
-6
-6
-8
-13
-16
-12
-4
0
0
4
5
7
5
2
4
1
-6
-7
-7
-6
-3
2
2
-1
-4
-3
-1
5
7
0
0
0
-8
-13
-12
-8
-2
-4
-8
-10
-8
-4
0
-1
-3
-5
-8
-10
-8
-7
-11
-9
-8
-13
-9
-5
2
11
1
-3
7
15
13
8
10
11
15
13
7
6
4
2
4
5
7
4
-1
-3
-3
0
2
-4
-5
-2
-2
-6
-8
-3
-1
3
-1
-4
-4
-1
-2
-5
-4
0
7
9
12
8
2
1
1
-3
-7
-6
-5
-5
-4
-3
-3
2
5
10
11
9
9
5
-1
-1
-8
-8
-5
-8
-7
-3
-4
-7
-2
1
2
7
7
7
8
7
4
2
1
-1
-3
-1
-1
2
4
2
2
-3
-6
-3
-1
1
-1
2
3
2
3
8
10
10
11
13
10
7
9
5
3
0
-2
-5
-8
-5
1
-1
-2
-3
-6
-2
-1
-11
-15
-9
-1
-3
0
3
-2
-6
-6
-10
-9
-5
-4
-3
-3
-1
-3
-3
0
2
2
-3
-9
-6
-2
5
6
4
2
0
-3
-1
-5
-8
-2
1
4
7
9
10
12
12
11
13
13
12
8
-1
-2
1
2
2
-2
-2
-6
-9
-9
-8
-4
-3
-10
-14
-8
-3
-3
-3
2
4
7
6
9
6
3
4
1
6
12
16
14
7
8
4
4
10
8
9
8
6
-1
-6
-7
-5
-2
0
-3
-4
-5
-4
-3
-2
-1
-2
-5
-5
-6
-4
-6
-4
-1
-1
-2
-3
-6
-7
-4
-5
-5
-7
-6
-6
-7
-5
-11
-10
-5
-6
-8
-4
2
4
3
1
1
3
5
2
-4
-5
0
-1
-5
-5
-3
0
0
2
2
4
3
-3
-3
1
1
4
4
1
-7
-9
0
5
10
12
13
12
1
-3
-1
1
5
7
9
4
4
6
3
2
7
7
2
-2
2
-4
-6
-2
-4
-6
-4
4
1
-4
-5
-5
-5
1
10
6
-2
-8
-11
-17
-16
-6
-1
8
20
18
10
-4
-9
-7
-14
-11
-1
-1
3
3
0
3
6
7
-2
-2
1
-1
4
7
5
0
-5
-9
-10
-9
-6
-4
-1
0
-1
-5
-9
-5
-4
0
7
12
15
13
11
8
6
8
7
11
10
8
3
-7
-10
-8
-9
-9
-4
6
7
10
8
4
2
-2
-1
-1
0
4
4
2
2
1
-1
4
7
7
6
6
3
3
-1
-4
-4
0
4
7
9
9
5
3
-1
-4
-7
-12
-11
-12
-16
-16
-20
-15
-5
1
-1
-1
-2
-3
1
3
2
-2
-2
-5
-6
-2
2
-1
0
2
2
8
9
9
11
9
6
7
8
10
9
3
2
1
4
0
-2
0
-4
-5
-7
-2
-3
-7
-9
-9
-3
-1
-4
-9
-3
6
2
1
-1
-1
0
0
1
-3
11
15
8
2
5
14
11
6
0
-3
-2
-7
-2
4
2
-2
-7
-4
0
1
-8
-13
-5
3
1
-8
-5
-3
-6
-4
-2
1
-8
-13
-9
-10
-6
-16
-12
-9
-9
-5
-10
-13
-13
-12
-13
-10
-6
-5
0
3
-8
-11
-4
0
9
15
5
1
0
-1
8
13
15
13
16
16
13
15
13
2
-9
-9
-6
4
4
-7
-7
1
9
14
21
21
17
7
1
-2
-3
-8
-13
-4
7
5
-4
-1
10
15
13
13
14
9
7
3
-3
0
2
0
4
8
3
-6
-5
-4
-7
-5
-6
-2
4
8
8
7
2
0
1
2
6
2
-2
-1
-2
-10
-18
-14
-12
-13
-11
-5
-8
-12
-11
-11
-3
5
4
-3
-5
-1
1
3
2
-5
-4
4
-3
-4
2
2
0
-4
-7
-2
4
3
1
4
8
7
2
2
0
-1
1
3
1
-6
-5
0
5
2
-8
-12
-8
-2
3
4
0
-2
1
-2
-6
-3
1
-1
0
-1
-8
-8
-3
-3
-8
-6
-9
-13
-12
-9
-2
11
19
12
8
5
3
3
2
3
2
2
1
5
8
5
-1
-1
1
2
1
-7
-2
-3
-4
-2
-3
-1
-4
-3
1
7
10
12
12
6
4
8
12
6
-2
-11
-10
-3
7
7
7
6
-2
-6
-7
-3
4
3
2
2
-1
-2
-3
-8
-3
-1
-7
-7
-3
0
0
2
3
4
9
13
12
5
3
4
3
3
5
5
3
-2
-5
-1
1
2
3
5
8
7
5
5
2
-2
-1
-7
-8
-7
1
10
4
-6
-7
-10
-8
4
6
-2
-4
-4
-5
-2
2
3
8
11
0
-8
-7
-5
-3
2
6
14
17
8
2
2
0
-5
-4
0
-6
-6
2
7
9
4
0
-2
-4
-6
-5
-6
-10
-14
-18
-14
-6
-1
1
2
-3
-2
-1
4
8
10
8
3
2
5
4
3
4
7
8
11
12
4
1
-2
-8
-6
-5
-5
-4
-3
-4
-6
-4
-8
-8
-9
-9
-2
-4
-11
-14
-10
-8
-5
-1
3
9
7
1
-3
0
3
1
-5
-3
1
5
11
13
11
8
8
10
7
9
7
4
2
-4
-9
-5
0
4
7
7
4
4
7
5
4
6
5
6
9
4
-5
-7
-3
-2
4
4
4
2
-3
-1
-5
-1
-1
-4
-2
-3
2
7
5
6
9
12
10
6
3
-8
-9
-7
-9
-6
-4
-3
-5
-9
-8
-5
-2
-10
-10
-8
-4
-5
-9
-8
-4
1
3
2
0
-1
-3
-3
-3
-3
-3
-7
-11
-11
-5
1
0
3
7
9
8
5
6
4
2
5
6
2
-4
-6
-2
-2
-5
-4
-3
-2
-2
0
-2
-4
-8
-5
3
5
4
5
3
1
1
-6
-9
-4
-2
0
3
8
5
2
1
0
6
9
3
-1
-4
-4
-5
-2
7
9
9
7
-1
-7
-1
3
2
6
0
-8
-4
-3
1
0
-2
-3
-1
8
12
8
1
-6
-4
-2
-3
-1
-7
-3
3
3
0
2
8
3
3
6
6
6
5
2
-1
-3
-7
-6
-7
-11
-10
-8
-12
-16
-21
-27
-15
-6
-3
-6
-11
-13
-11
-4
2
6
12
9
2
-3
2
4
-1
-2
-2
4
8
3
0
1
0
-2
-4
-3
-6
-9
-9
-8
0
1
0
0
0
-6
-7
-10
-5
5
4
5
3
-1
-7
-9
-3
3
7
9
9
7
2
-2
-4
-1
1
7
10
6
2
-2
-4
-4
5
12
10
9
1
-10
-12
-2
-2
-4
5
5
-3
-1
6
2
3
10
14
16
16
15
8
3
0
-2
-1
3
4
1
-3
-3
-2
-1
4
5
-4
-3
-1
-4
-3
-4
-3
-8
-10
-10
-12
-6
-10
-14
-6
-8
-5
-4
-1
3
6
13
19
18
14
14
14
9
8
1
-4
-5
-6
-3
4
-1
-5
1
4
1
-2
-7
-8
-7
-6
-2
1
2
-4
-8
-4
1
4
4
8
3
-5
-3
-10
-16
-15
-8
1
0
6
13
8
10
15
16
17
19
17
8
8
7
2
1
-2
-4
-5
-1
-1
-3
-2
-1
-4
-6
-1
3
1
0
6
7
11
11
11
12
10
5
-7
-12
-2
3
0
1
1
2
1
2
7
9
11
8
12
12
9
3
0
2
4
8
9
6
7
6
0
-8
-11
-8
-9
-1
1
-3
-1
-3
-3
0
-1
0
3
1
-2
1
3
-2
-8
-8
-3
-2
-4
-4
-9
-10
-8
-12
-10
-5
-3
-6
-7
-8
-9
-2
-1
-3
-5
-6
-6
-7
-5
-10
-12
-10
-7
-7
-5
-2
-2
-2
-2
-4
-6
-2
0
-4
-7
-8
-12
-11
-6
-3
2
7
6
0
-6
-7
-2
-1
3
5
2
2
-1
-1
-6
2
12
14
11
14
9
0
-1
-5
-6
-2
2
-1
-2
-2
-2
3
5
7
7
2
3
5
4
-3
-6
-10
-12
-6
-2
3
3
4
0
-2
0
1
4
-1
1
2
5
3
1
0
-2
2
5
0
-4
-3
-4
-5
1
3
1
0
4
3
-1
4
6
1
2
2
5
8
7
-1
-8
-6
-7
-10
-13
-15
-10
-18
-31
-32
-27
-17
-13
-13
-7
4
6
4
7
10
15
16
18
23
22
14
-1
-6
-6
-6
-11
-11
-9
-6
0
6
4
0
-1
0
8
13
16
17
13
10
8
8
11
6
2
3
2
1
-3
-4
-7
-3
5
6
11
10
6
5
4
0
1
-1
-4
-2
-1
2
-1
2
6
3
4
2
1
3
5
7
7
10
13
10
10
13
17
14
20
24
22
26
23
15
6
0
-1
-5
-9
-7
-11
-19
-24
-22
-16
-16
-13
-13
-12
-7
-5
1
1
0
-2
-1
6
10
12
8
8
19
24
28
25
16
11
6
13
13
5
1
-5
-5
2
8
0
-10
-13
-2
4
2
-3
-11
-11
-7
-3
-9
-5
6
6
-2
-10
-13
-9
-6
-9
-7
-12
-9
-7
-3
1
-6
-8
-8
-4
-1
-1
0
0
1
-2
-3
-3
-3
5
0
-3
-7
-13
-10
-4
3
4
2
0
-2
2
6
3
3
-2
-9
-6
-3
-1
-4
-6
-6
-10
-6
-4
-5
-3
-2
2
1
0
2
-4
-4
-5
-7
-7
-8
-6
-6
-5
-3
-3
-1
-1
-5
-5
-4
-7
-7
-3
-8
-10
-7
-5
-1
0
-1
-4
-6
-5
-5
-4
-5
-8
-5
0
0
-6
-9
-5
-5
-2
-1
2
4
-2
-5
-2
3
6
0
-3
3
8
8
3
1
4
1
-7
-10
-7
-2
2
-2
4
12
8
8
6
7
7
3
0
-7
-7
-7
-8
-5
-5
-11
-12
-9
-3
3
4
3
2
8
14
11
14
13
9
8
9
13
9
5
0
-4
-3
-3
1
-2
-8
-7
-4
5
9
3
-4
-4
2
4
1
5
6
8
8
9
9
7
2
-2
0
2
11
6
-10
-14
-9
-2
3
7
8
4
0
-3
4
9
4
0
5
2
-3
-2
-5
-3
2
5
2
2
9
7
10
12
10
11
6
4
7
6
9
5
0
-2
-1
2
-3
-8
-11
-13
-6
0
0
-3
-3
-6
-7
-7
-3
-5
-4
1
-3
-1
-1
0
6
5
3
2
-2
-4
-4
-7
-10
-7
-4
-6
-6
-2
0
0
-3
-9
-11
-12
-8
-2
-6
-11
-15
-7
-3
2
4
3
8
7
10
11
10
6
5
2
1
1
1
5
10
12
10
6
0
-4
-7
-5
-3
-3
-2
-6
-10
-11
-15
-15
-5
-2
-5
-5
-5
-7
-1
-1
-2
-2
3
9
12
14
7
0
2
5
7
3
1
1
0
1
2
1
-2
-1
0
5
8
8
5
2
2
3
3
-1
-4
-4
1
6
8
7
12
13
6
1
1
-1
-7
-11
-18
-17
-6
4
5
4
-2
-8
-7
-4
-1
-3
-3
-2
-4
-6
-10
-7
-3
-4
-7
-4
-2
2
6
7
7
2
2
1
5
9
6
7
9
2
-7
-4
-7
-3
5
3
1
-2
-1
-2
-2
-2
-2
-6
-4
0
-3
0
5
2
-1
0
8
10
9
12
7
1
0
3
4
6
6
2
2
5
5
4
5
4
1
-6
-13
-18
-21
-13
-8
-4
0
0
-2
-3
1
1
-1
-6
-7
-1
7
6
5
8
9
9
7
11
12
9
9
3
-2
-5
-1
0
1
-1
0
-6
-10
-7
-9
-3
1
0
-1
-1
-1
-3
-5
2
4
3
2
-3
-3
-1
-1
-3
-6
-1
4
-4
-8
-3
3
4
4
7
4
1
-4
-7
0
8
8
1
1
5
1
-4
-3
0
2
0
-4
-7
-9
-8
-7
-4
0
0
-5
-9
-8
-11
-8
-1
1
6
4
1
-4
-8
-6
-1
0
3
6
6
3
2
2
4
15
14
2
-3
-3
1
2
0
-1
-5
-3
0
0
2
-2
-2
-8
-12
-6
3
2
-4
-7
-7
-4
-1
2
4
7
7
-1
-7
1
6
8
6
3
7
4
0
-4
-4
1
2
0
-3
6
5
1
2
3
3
0
2
1
6
2
-7
-11
-11
-8
-7
-6
-4
-1
5
7
8
5
5
6
6
1
-1
-1
-1
0
-4
1
1
2
7
5
2
0
2
1
-4
3
2
-8
-9
-5
-2
-1
1
-2
-10
-10
-3
3
6
9
8
6
6
4
2
1
3
6
0
-3
-5
-2
-3
-5
-2
-1
-4
-2
4
-2
-5
-2
-1
-4
0
7
10
8
10
8
-1
-1
3
6
-1
-3
2
2
6
3
-4
-5
-2
-2
3
10
10
10
13
10
11
7
1
-6
-6
-3
-3
-1
-3
-2
-2
-1
1
5
1
-5
-6
-4
-2
-1
0
-5
-4
0
6
1
3
5
2
1
0
-1
-3
5
8
5
-2
-4
-5
-6
-3
-2
6
5
1
-1
1
7
3
-2
-6
-3
0
3
1
-3
-3
-1
-1
1
8
9
-5
-13
-7
-1
4
7
7
4
-2
-4
-9
-7
-2
-1
-1
-6
-7
-33
-31
5
15
15
5
-10
-17
-11
7
26
24
8
-11
-20
-13
-5
8
-1
-13
6
8
3
21
8
-4
-5
-9
15
13
14
13
9
9
-17
-2
20
8
-5
-11
-9
3
-1
-11
-2
-17
-21
-10
-11
8
9
-1
-7
-18
-17
-10
-1
16
7
-12
-2
0
-2
1
7
9
0
-3
-5
-5
-3
-1
6
5
-6
-9
-4
3
3
13
20
15
9
1
-1
3
7
13
10
2
-8
-19
-7
5
11
10
-5
-10
-14
-15
-5
0
6
5
1
4
7
6
3
-2
-2
-1
-1
11
13
6
2
-9
-7
15
15
8
0
-1
3
-1
-6
-9
-9
-10
-7
2
4
6
1
-2
-1
3
0
3
4
-3
-9
-13
-8
-6
4
10
4
7
2
1
7
0
-2
-4
-8
-7
-16
-21
-16
-7
3
6
7
8
-2
-10
-4
2
12
8
-6
-6
-7
-1
-4
-2
14
14
4
-5
-4
-3
3
12
17
3
-2
-6
-6
1
4
4
-10
-19
-17
-6
3
2
5
0
-5
0
1
-3
4
7
-6
-9
-3
-4
-5
-3
-3
2
5
4
6
3
7
9
16
11
-2
-2
-7
0
-5
-10
-6
-14
-10
6
8
8
3
-11
-11
-11
-5
4
0
-2
1
-1
4
10
10
17
14
3
3
5
10
7
3
-1
-7
-8
-7
-11
-10
-3
0
-3
-12
-18
-12
6
17
12
3
-6
-10
-5
1
7
9
1
-1
1
5
13
17
19
13
4
8
15
16
8
-7
-7
1
2
7
7
3
5
-7
-10
-8
-7
-6
-5
1
2
9
12
0
-6
-8
-7
-1
3
8
1
-12
-15
-7
5
9
5
9
0
-4
-3
-6
2
-7
-6
-6
-18
-1
1
1
13
10
0
-6
-11
-10
-6
-4
2
1
5
4
-2
0
-7
-6
2
6
7
-1
-3
1
4
9
10
8
7
3
0
0
-1
-3
-11
-19
-17
-10
-2
-1
0
0
-3
-3
0
0
0
2
-3
-5
-3
5
3
-2
-3
1
9
6
1
-2
2
-3
-2
2
-8
-2
-5
-12
-5
4
10
8
1
2
5
9
9
0
-1
-5
-11
-26
-22
-9
-7
-5
-7
-1
8
7
4
4
4
8
3
-5
-3
1
1
0
4
3
5
0
-8
-1
1
0
-1
-2
-4
-6
1
8
12
17
16
8
1
-4
0
7
3
-2
-7
-7
0
1
6
6
5
4
4
9
12
12
-2
-14
-16
-10
-1
0
-4
-3
-1
3
4
4
8
0
1
-1
-3
3
-2
-11
-12
-7
0
1
7
8
6
-2
-6
-8
-4
1
-1
-3
-6
-6
-7
-8
-9
-10
-7
1
5
6
4
-5
-10
-13
-15
-7
-3
-3
0
4
4
-2
-5
-7
-1
11
16
14
7
0
1
4
7
7
2
-1
1
-2
-1
1
2
2
1
4
8
5
0
0
-10
-13
-12
-9
-2
-1
3
2
-6
2
7
4
3
-2
2
1
2
3
-3
0
0
0
-4
-9
-4
-1
-2
-3
5
3
2
3
2
3
4
3
4
6
8
4
-7
-1
1
-1
-6
-12
-13
-9
-7
-11
-9
-7
-9
-12
-12
-1
1
4
3
2
6
10
7
10
6
2
8
9
13
7
2
-5
-7
5
12
17
12
-2
-9
-5
1
10
13
4
2
-5
-5
4
12
12
1
-5
-10
-4
1
-2
-9
-8
0
4
7
11
12
8
1
-2
0
-2
-6
-6
-9
-6
-3
-4
-1
-4
-6
-4
-2
2
6
2
-2
-2
-1
-4
-2
1
-5
-6
-6
-6
-4
2
-1
-4
3
4
10
6
2
11
4
1
0
2
3
2
3
6
4
1
3
4
6
3
-5
-9
-8
-10
-9
-4
2
5
4
0
-1
-4
-1
9
9
1
-5
-5
-7
-10
-8
-11
-1
8
3
0
5
9
5
5
6
8
8
3
5
3
-3
0
4
8
13
12
1
-4
3
5
8
8
5
-1
-9
-4
-2
0
7
1
-2
-6
-8
-1
1
8
11
9
7
8
5
2
1
0
-2
-8
-12
-12
-10
-8
-5
0
-2
-7
-11
-8
3
6
4
-6
-10
-6
-1
0
0
6
6
8
8
4
4
-2
1
-1
-2
1
-1
-3
-8
-8
-6
-4
0
-1
4
0
-6
-5
-4
-4
-4
-3
1
3
7
7
1
-1
-5
-6
-5
-4
-4
-9
-11
-8
-3
1
2
4
4
4
5
3
-2
1
0
-1
0
0
1
-5
-4
-3
-1
9
13
15
5
-6
-1
6
6
7
2
-3
-7
-6
-4
1
9
7
6
4
5
3
4
2
-4
-3
-1
-1
-2
0
1
-2
-1
0
-1
-3
3
4
4
5
-1
-3
-3
-4
0
-1
-6
-10
-10
-10
-8
-5
-5
-3
-1
-4
-7
-7
-6
-5
0
-4
-3
-3
-3
6
5
1
-1
2
1
1
7
11
14
9
5
3
-3
-10
-8
-4
-5
-7
-5
-6
-5
-4
-4
0
2
3
8
2
-4
0
-8
-9
-7
-7
-2
4
4
3
6
7
6
11
8
4
0
3
9
11
15
12
9
7
5
10
8
7
7
5
8
8
9
5
3
2
-6
-7
-1
0
1
0
-2
1
1
0
-3
-3
-5
-8
-1
5
5
2
-5
-3
1
5
3
-1
0
-5
-3
-3
-6
-4
0
2
-2
2
-2
-7
-4
-2
4
9
9
7
4
-2
-3
-8
2
10
12
9
5
0
-5
-2
-6
-4
5
8
7
5
-2
-9
-9
-9
-12
-19
-20
-17
-18
-19
-15
-15
-18
-15
-13
-11
-16
-26
-33
-31
-24
-17
-13
-11
-2
-2
-1
2
9
10
8
11
13
21
23
24
23
17
19
21
21
16
8
4
3
3
5
3
2
-2
-8
-7
-5
-6
-4
1
6
11
13
9
12
20
21
17
6
8
14
17
13
16
16
7
0
-3
2
5
7
10
8
4
4
1
-1
0
3
1
-6
-6
-7
-5
-1
-1
-3
1
-2
-5
-5
1
-1
-10
-15
-11
-4
3
5
-2
-8
-7
-5
2
3
6
7
3
-1
-6
-4
-3
-5
-5
-6
-7
-6
-10
-13
-12
-12
-13
-11
-11
-7
-7
-9
-3
-3
-5
-5
-4
-3
-4
-7
-7
-5
1
4
7
5
2
3
-2
-5
-4
-3
-2
-10
-10
-10
-14
-13
-6
3
11
12
7
2
1
-2
1
6
8
5
2
-2
-5
-7
-2
-2
-1
0
1
8
12
12
6
2
-2
-1
3
1
1
-2
-1
-5
-5
-1
-4
0
7
3
0
0
3
8
7
9
9
11
16
14
12
7
0
1
3
4
7
7
8
6
3
1
3
11
11
4
3
1
-6
-6
-4
-6
-12
-12
-12
-12
-10
-8
-4
-3
0
-1
-5
-6
-5
-5
-5
-4
-1
1
-3
1
0
-4
2
6
6
6
5
5
5
6
4
-1
2
0
-2
-2
-3
-5
-1
1
1
7
5
5
3
-6
-13
-15
-10
-4
4
8
5
2
0
-2
1
3
5
6
1
0
-6
-3
2
6
8
4
-1
-3
-3
-1
-3
-6
-11
-14
-14
-15
-7
-4
-3
-5
-10
-12
-13
-6
2
3
1
2
2
10
12
7
4
0
0
1
2
0
2
1
-2
3
4
3
4
7
5
-2
-6
-4
-2
-3
-3
-3
-2
-8
-4
-6
-6
2
2
0
1
5
3
1
1
2
3
-1
0
3
3
5
5
10
12
10
8
9
11
8
7
2
-2
-2
0
-1
-6
-9
-10
-9
-5
0
3
5
-2
-7
-6
-4
-1
-5
-1
1
4
6
2
2
6
5
2
3
5
7
9
6
7
5
1
-6
-3
5
8
8
3
-2
-2
-3
-4
2
3
3
1
2
1
2
5
6
4
3
-2
-4
-7
-7
-4
-3
0
0
2
-2
1
1
0
2
0
0
-2
-2
-3
-1
-1
-2
2
3
3
0
-4
-2
-10
-13
-10
-5
-4
-9
-5
0
-1
1
3
8
7
3
3
6
8
4
0
-1
-3
-6
-7
-10
-10
-8
-7
-2
0
0
-4
-3
-1
0
1
1
2
0
2
2
2
4
2
1
2
3
5
4
4
1
4
10
8
7
4
-2
0
-2
-8
-8
-10
-7
-5
-7
-6
-8
-1
3
2
0
3
5
5
1
-3
-5
-6
-3
1
2
0
-1
-2
-2
-2
3
6
9
4
-5
-10
-16
-19
-18
-14
-8
-7
1
7
7
12
16
15
13
11
10
9
4
1
1
3
2
1
2
1
4
9
8
8
7
-1
-7
-11
-12
-6
-3
-3
-2
-5
-8
-7
-5
-2
0
2
-3
-5
-8
-9
-9
-6
0
4
6
5
1
2
5
7
6
9
15
16
15
9
7
5
4
4
7
4
0
-2
-7
-12
-13
-10
-8
-5
1
1
-3
-9
-10
-7
-6
-8
-9
-7
-5
-4
0
2
4
11
10
9
8
3
-8
-10
-9
-6
-5
-4
-6
-5
3
8
12
13
10
8
8
-1
-10
-11
-14
-17
-14
-6
3
10
12
14
11
7
5
3
8
4
-1
-4
-10
-9
-10
-4
1
5
7
7
8
9
10
9
6
0
-7
-16
-14
-8
-6
-2
-1
7
9
9
8
11
7
3
-1
-5
1
-1
-2
-3
2
10
9
5
4
0
-3
-12
-19
-16
-9
-3
-3
0
1
7
10
11
7
5
8
7
0
-10
-12
-6
-8
-2
4
10
11
6
-1
-5
-4
-6
-4
1
-1
1
-1
-2
-2
-6
-3
3
7
8
6
-2
-6
-4
1
4
2
2
5
4
3
3
0
-2
-1
-2
-5
-4
8
10
9
9
6
7
4
-1
-1
1
0
0
-6
-4
-5
-8
-7
-6
-9
-8
-7
-1
8
7
3
-6
-7
-3
-2
6
6
5
2
1
1
0
1
3
6
8
8
7
-1
