1
-2
2
2
3
-2
-2
2
7
4
1
3
-4
-11
-8
1
1
-3
-8
-11
-5
6
6
2
5
6
5
-4
-11
-13
-6
4
6
1
-3
2
3
4
3
-1
-4
-2
0
1
6
2
-5
-4
0
2
2
4
4
0
-2
-7
-10
-7
-3
2
6
-2
-11
-4
6
6
0
-3
-1
3
-1
-6
-11
-8
2
5
-1
-5
-1
-2
-5
-3
0
4
5
5
7
1
-2
-6
-5
1
4
-3
-10
-8
1
8
6
1
5
9
5
-4
-4
-2
2
6
0
-4
-3
-3
-4
-1
0
1
1
3
1
-1
-2
-2
2
2
6
7
3
-1
-1
1
0
-1
2
2
3
0
-4
-3
0
3
1
3
2
-3
-1
-2
-2
2
0
2
5
5
3
-1
-1
-2
-2
2
-1
-3
1
0
-3
2
-2
-6
2
7
1
1
6
2
-14
-15
16
18
-8
-8
8
9
12
-11
-30
1
23
11
-7
-12
-6
13
11
-10
-15
3
14
10
-7
-15
-4
5
10
2
0
6
2
0
-4
-8
-15
-17
-3
11
13
3
-4
4
9
12
5
-13
-9
4
8
-7
-19
-17
7
22
13
3
-4
-5
-1
-3
-16
-13
5
21
17
6
-16
-19
5
16
0
-11
-6
8
7
-13
-16
1
16
9
-7
-1
9
9
-3
-8
8
7
-8
-10
-9
6
12
-11
-19
9
31
16
-7
-17
-9
-1
-14
-22
4
35
31
6
-17
-21
-3
2
-4
-4
6
13
3
-11
-13
-6
6
6
4
4
8
8
1
-10
-12
1
4
-3
-7
-14
-6
6
1
2
14
16
6
1
-9
-9
-3
-18
-15
7
14
15
5
-5
-4
4
-2
-20
-9
10
15
11
-6
-9
4
-1
-13
-16
11
27
11
-4
-10
3
9
-6
-13
-14
-7
-1
-9
6
17
13
18
2
-11
6
-3
-17
-9
0
1
3
3
-5
0
1
-3
5
2
5
12
-4
-7
-8
-19
-2
9
2
10
12
-7
-9
6
3
-8
-8
-14
10
17
-2
-6
-4
13
4
-13
-8
8
21
7
-17
-22
-6
7
-3
-3
4
11
19
-5
-15
2
-10
-3
4
3
16
9
-16
-9
11
8
5
-17
-33
-6
24
5
3
9
5
10
-15
-32
-10
20
24
9
-5
-4
6
1
-24
-19
20
15
7
-19
-18
0
4
-1
-9
5
17
-3
-17
-14
2
40
32
29
6
-9
-31
-65
-34
3
15
37
21
4
20
3
-16
-15
9
8
-19
-3
-6
-11
6
-6
1
9
7
36
12
-22
-32
-14
4
11
15
-1
-6
17
-9
-42
-9
16
26
17
4
3
-5
-8
-17
-31
-3
5
0
-4
-37
4
25
22
56
52
25
-17
-45
-48
-24
-17
-42
-16
40
45
45
17
-15
28
24
-23
-38
-29
-4
12
-18
-35
31
89
66
-9
-56
-28
7
-17
-56
-57
0
40
20
-7
-18
38
76
11
-33
6
52
24
-33
-76
-61
4
-4
-38
-7
37
54
41
1
-9
3
-3
-51
-67
-22
34
69
41
8
8
3
1
-25
-29
18
37
15
-18
-43
-36
-16
-7
-11
14
49
78
54
-15
-23
-12
-15
-30
-42
-23
-12
-8
-20
-18
57
93
63
7
-18
-16
-12
-38
-75
-43
3
9
-2
4
9
22
44
33
20
20
1
-27
-62
-80
-44
-23
-5
18
26
44
50
42
42
32
9
-7
-19
-27
-49
-58
-48
-46
-14
16
17
35
41
37
37
22
-1
-23
-31
-44
-47
-13
19
27
8
3
25
27
7
-22
-21
-6
2
-2
-31
-9
15
-9
-1
4
13
42
31
-6
-23
21
12
-27
-15
-22
-15
-12
-7
9
13
25
16
8
19
-18
-28
-19
-20
3
34
50
35
32
2
-22
-19
-38
-60
-34
-2
12
6
9
20
36
46
6
-3
-1
-5
-3
-10
-8
-7
3
-1
-26
-17
-5
14
14
-12
6
35
50
38
9
-25
-54
-44
-37
-24
0
23
51
41
21
16
25
19
-21
-25
-38
-36
-15
-38
-21
-7
11
45
45
42
16
9
14
-3
-9
-30
-19
-3
-30
-34
-18
6
13
13
6
10
46
30
7
-4
-20
-9
4
-2
-13
-1
-2
-17
-8
7
13
19
-7
-10
11
-4
-16
12
32
31
17
-14
-25
-40
-62
-40
13
38
45
50
27
7
4
-6
-5
-6
-21
-32
-32
-22
-14
9
2
6
31
32
36
23
-5
-6
6
-4
-26
-25
-22
-48
-26
-3
-7
20
36
40
59
46
6
-12
-29
-49
-36
-11
-19
-11
3
2
-7
-27
-24
19
50
35
19
24
9
-3
-21
-53
-45
-20
-14
-6
2
9
33
26
17
13
0
-7
-5
7
-1
-5
-16
-33
-27
-11
4
5
-10
4
27
30
19
-10
-20
-18
12
7
-19
-13
-3
-2
-25
-39
-18
26
52
37
14
29
32
5
-21
-29
-13
-13
-25
-25
-21
-15
6
23
35
33
19
17
12
15
-6
-21
-8
-12
-10
-13
-21
-10
-7
3
8
14
27
33
46
10
-23
-25
-32
-28
-26
-11
-3
8
35
21
7
9
11
15
1
-4
-8
-8
-7
-9
-6
-15
-22
-20
-15
6
25
30
27
36
32
-6
-27
-26
-33
-22
0
-5
3
33
37
18
-7
-17
-9
-12
-16
-7
11
13
5
5
-5
-13
-7
-10
-14
12
29
13
12
22
4
-7
-19
-44
-47
-28
7
12
15
23
16
8
3
11
1
-5
-5
-12
0
-4
-17
-16
1
-6
-18
-10
-16
-3
20
24
15
22
29
21
6
-24
-45
-28
-5
-1
10
25
26
17
-7
-27
-21
-16
0
11
9
24
23
3
-21
-26
-17
0
12
14
21
12
-10
-25
-19
-10
-5
9
4
-7
-3
12
18
-3
-15
-11
-2
15
7
5
13
25
9
-26
-28
-17
-16
-15
-11
-10
2
17
27
17
1
7
3
-3
12
28
22
9
-2
-15
-25
-27
-24
-9
8
14
8
3
3
5
7
4
2
7
3
-15
-30
-25
-4
13
29
28
18
18
-1
-26
-25
-7
14
11
1
-12
-19
-6
-19
-23
2
30
36
22
7
3
13
8
-18
-30
-26
-12
0
-5
-12
-4
13
17
13
8
12
14
-14
-31
-27
-10
-4
-15
-13
7
19
18
11
12
27
17
-11
-17
-10
-5
-1
-14
-20
-4
18
15
-13
-20
-11
6
11
1
14
28
29
17
-6
-15
-19
-22
-21
-33
-14
25
33
19
13
14
5
-3
-18
-29
-11
18
16
9
22
17
-3
-22
-40
-26
-3
12
24
29
24
6
-10
-14
-5
-1
-14
-20
-2
0
-1
-5
2
25
21
12
-7
-15
4
10
5
-6
-11
1
-1
-16
-25
-9
26
23
7
-3
6
35
34
4
-17
-17
-19
-28
-26
-13
-1
11
1
-11
0
27
24
10
14
12
-3
-18
-15
-6
-1
2
-19
-30
-9
-2
3
15
15
15
22
0
-22
-21
-5
6
8
-3
-20
-17
8
11
8
25
25
15
-3
-19
-28
-24
-11
-17
-10
6
16
25
16
1
-3
2
3
-1
-5
-6
-8
-5
-7
-8
13
18
-2
-14
-15
-14
5
9
-6
4
18
-3
-21
-20
-8
15
16
4
12
29
19
-13
-20
-12
0
-1
-14
-21
-11
6
10
2
0
8
17
13
2
15
22
11
-6
-21
-26
-7
2
-20
-31
-12
3
12
25
23
34
38
0
-12
-15
-24
-22
-20
-7
5
14
3
-11
5
9
13
18
8
5
0
-6
-25
-27
-8
3
0
-9
5
32
42
28
2
-11
-11
-18
-19
-23
-6
15
11
1
-17
-2
19
19
11
4
-2
-21
-28
-19
0
20
26
14
13
21
7
-19
-29
-13
10
10
-11
-17
-11
2
8
-5
-6
13
24
21
10
-3
2
4
-12
-20
-15
-12
-5
5
8
10
21
22
11
9
1
-8
-4
3
1
-10
-18
-10
-6
-1
6
0
9
22
19
9
-9
-23
-22
-11
-8
-19
-10
12
20
20
12
10
15
18
0
-27
-15
-4
-4
-10
-17
-23
-14
5
10
11
24
17
13
20
3
-12
-8
-13
-24
-17
-21
-22
3
13
1
12
25
11
11
10
-15
-18
-6
-19
-19
3
2
-4
10
10
6
2
-5
-11
-3
9
2
-4
-4
-10
1
3
-9
-15
-8
2
-1
7
16
17
21
9
-9
-14
-9
-13
-14
-5
-1
5
5
-4
-2
4
8
5
5
8
4
-2
-19
-27
-16
0
12
17
16
21
22
3
-18
-23
-12
2
9
1
-5
-3
-1
-11
-13
-6
1
14
13
10
14
16
13
4
-2
-11
-24
-13
-6
3
11
10
10
9
-2
-14
-7
-2
-6
9
18
19
17
2
-14
-10
-9
-13
-2
11
19
10
-13
-20
-12
-6
-2
13
16
17
13
4
-3
-13
-14
-9
-1
6
7
1
-4
-1
0
-4
1
9
8
4
2
0
-9
-14
-9
-9
-3
4
4
11
19
12
0
-3
-9
-9
-16
-29
-19
1
2
1
8
19
18
4
-5
-7
2
5
-6
-15
-10
-9
-14
-10
-5
-1
12
16
15
16
13
7
2
-3
-14
-12
-7
-1
3
-3
-9
-10
-10
1
18
32
29
10
-4
-9
-15
-23
-16
-2
5
9
0
-9
5
17
10
-1
-8
-2
2
-7
-13
-5
-2
-5
-2
-1
8
16
6
-7
-12
-5
3
6
5
5
9
1
-12
-24
-29
-13
8
10
6
11
19
16
2
-11
-7
5
-1
-15
-14
0
15
20
10
-1
2
7
-5
-9
2
1
3
3
-6
-6
-4
-2
-1
-3
5
16
11
-3
-5
-3
-5
-5
-7
-2
10
8
1
-4
-5
6
8
7
14
10
-1
-7
-11
-20
-17
-4
3
7
9
-2
-12
-9
-4
2
8
5
4
2
-2
-8
-4
1
5
14
14
3
-3
1
5
1
-5
-10
-6
-1
-3
-8
-8
0
12
11
7
7
9
3
0
-8
-17
-6
3
1
-4
-2
-2
-8
-4
-3
8
19
8
2
-1
-4
4
3
-6
-3
0
0
-5
-10
-9
3
16
12
3
0
0
1
-3
-15
-17
-5
2
-5
-14
-9
5
13
8
7
6
9
8
-4
-12
-15
-5
-3
-6
6
10
2
-3
-6
-10
-1
7
2
1
4
1
-3
-5
-7
-3
3
1
-4
4
11
7
2
-8
-8
7
9
5
7
8
5
-1
-8
-7
1
9
10
4
1
-1
-3
-10
-15
-9
-2
1
0
3
4
4
4
4
-1
5
11
8
9
6
0
-4
-7
-9
-1
1
2
2
0
2
4
1
1
7
12
11
2
-5
-6
-7
-8
-11
-6
6
10
2
-6
-4
2
10
6
-1
1
5
4
-1
-4
-7
-5
-1
-2
-2
-2
3
4
1
0
-3
-3
2
2
-3
-7
-4
-3
-2
1
6
11
1
-9
-3
0
1
-3
-5
-2
5
6
-3
-4
1
4
2
-4
-6
-3
1
4
3
-8
-11
-8
-5
-7
-2
7
12
15
8
1
0
1
-1
-4
-9
0
4
-2
-7
-4
5
6
1
1
6
9
6
-8
-15
-7
-3
-4
-6
1
9
10
6
-3
-1
0
-1
-2
-8
-4
-1
1
-3
-5
2
8
6
4
3
5
6
0
-4
-6
-2
1
1
-1
0
1
-5
-4
4
9
11
10
-1
-8
-8
-7
-2
9
14
10
2
-10
-9
-3
-2
0
4
12
16
9
-5
-9
-2
2
-1
-4
-1
6
2
-5
-9
-5
2
4
1
2
4
7
3
-4
-3
0
1
-2
-3
-4
-4
-3
-3
2
8
9
0
-5
-8
-4
-4
-3
2
3
0
-2
-3
-5
-3
3
4
0
2
0
2
1
-7
-5
1
1
-1
0
0
-1
-3
-8
-9
-3
-6
-7
-2
3
8
6
0
-2
-1
-4
-10
-9
2
8
4
-1
0
4
0
-5
-5
3
6
3
-1
-4
-3
0
-5
-5
4
8
6
0
-6
-5
-1
0
-3
-1
3
7
3
-5
-7
-4
-1
1
5
9
10
6
3
0
0
0
3
2
1
0
-1
-1
-7
-9
-5
3
9
8
8
2
-4
-8
-10
1
10
11
9
4
1
-1
-4
-6
-8
-1
5
1
2
-2
-3
-1
-1
-1
2
5
7
7
4
1
1
-1
2
6
8
6
1
0
-3
-5
-9
-6
1
2
2
-3
-2
1
2
1
-1
-1
1
3
3
4
2
-2
-2
-5
-4
0
0
1
3
1
-1
-2
0
-1
0
3
4
7
4
1
0
-4
-3
-3
-1
-2
-3
-1
1
5
6
2
-3
-4
-5
-7
-2
4
3
4
3
1
0
0
0
6
8
5
-1
-5
-3
-4
-5
-3
0
-1
-1
-2
-3
-3
-1
-2
1
4
5
4
2
-2
-5
-7
-6
-3
3
6
-2
-6
2
7
1
-1
2
3
3
1
-5
-3
2
1
-2
-5
-3
1
5
1
-4
-1
2
0
-1
-1
0
2
0
-2
-1
0
0
1
2
3
2
3
5
5
4
-2
-5
-6
-5
-2
-2
-3
-2
-1
-1
-5
-8
1
4
6
3
1
0
1
3
0
-1
-1
-4
-5
-3
1
3
2
4
5
2
2
-2
-5
-3
-4
-7
-7
-6
-3
4
6
3
4
4
1
-2
-7
-7
-6
-3
0
-2
0
7
10
5
-2
-2
2
2
-1
-6
-1
4
3
1
-4
-1
2
-1
-3
-4
1
6
6
7
6
6
3
0
0
1
2
1
1
-2
-4
-6
-6
-2
2
7
5
1
1
3
5
3
-3
-3
-4
-4
-1
1
5
5
0
1
3
1
-4
-3
-3
-1
-2
-4
-6
-4
2
-3
-5
2
6
5
4
2
4
4
1
-6
-7
-5
-8
-2
6
9
9
6
3
4
1
-3
-3
-4
-3
-5
-3
-1
4
6
7
9
7
4
0
-2
-4
-5
-5
-3
-4
-2
1
2
2
-1
0
1
-3
-6
-5
2
5
3
1
2
4
2
-7
-15
-15
-5
3
2
-1
6
11
12
7
-5
-5
0
0
-3
-8
-7
-1
6
7
4
4
3
2
-1
-4
-5
-2
-3
-4
-4
-6
-6
-3
2
6
8
7
0
0
-2
-8
-12
-11
-10
-3
4
2
2
6
8
0
-6
-5
0
4
0
-4
1
2
1
-5
-5
0
3
6
2
2
5
6
-6
-14
-8
2
8
7
3
5
8
6
-4
-9
-6
-2
-1
-2
-1
2
5
5
1
0
2
2
0
-2
-2
2
3
0
-3
1
-2
-2
-3
-3
4
7
5
3
2
1
0
0
-3
-1
1
-2
-1
1
1
7
9
6
5
4
0
1
0
-6
-5
-4
-2
-3
-2
1
4
6
5
8
3
-3
-4
-2
-2
1
-3
-2
-1
-7
-2
-2
-4
-3
1
-1
-7
-3
-1
0
5
9
8
9
6
-5
-5
-1
-5
-6
2
1
-5
-1
0
-1
-1
0
-6
-5
2
7
1
-1
-1
3
9
6
-2
-4
-3
-2
-5
-7
-1
3
2
-1
1
6
8
6
3
1
3
0
-5
-7
-7
-2
-3
-6
-3
-2
0
1
3
4
1
1
0
-6
-7
-3
3
0
-5
-5
-7
-1
2
4
6
16
12
1
-2
-3
-4
-1
-1
1
1
-2
-2
-3
-2
2
5
5
3
1
1
2
-5
-6
-3
-1
-2
-5
-2
4
7
4
2
6
11
11
5
-1
-5
-11
-9
-8
-6
-1
4
9
12
8
1
-4
-3
-4
-1
1
0
1
-1
-2
2
3
5
6
3
1
-3
-5
-1
2
-1
-7
-11
-6
-3
-1
-5
-4
1
2
-1
-1
0
0
-2
-3
-4
0
4
5
4
2
0
-4
-4
-3
-6
-4
0
-4
-5
-1
1
3
6
5
-1
-1
1
2
3
5
3
0
-4
-8
-10
-3
2
-2
-4
-3
1
7
9
2
1
0
0
4
4
2
-2
-2
-2
-2
0
-1
-1
2
4
5
4
-1
-2
-3
-7
-4
-1
-1
-2
-3
-5
-6
-4
3
6
3
-2
2
9
8
4
-1
-5
-3
1
-2
0
7
7
4
-1
0
-1
1
2
0
1
0
-1
-6
-6
-2
0
2
7
4
-2
1
1
-1
0
2
-1
-4
-3
0
1
-1
1
3
2
5
4
-4
-7
-2
-5
-8
-6
0
4
0
-5
-5
1
3
4
2
2
7
4
-3
-3
-1
1
4
4
0
1
5
-1
-4
-4
-2
1
0
-1
-1
-3
1
1
-1
0
1
1
-2
0
6
6
6
2
-5
-6
-3
-6
-5
-1
1
0
1
1
-1
0
0
-3
1
3
4
4
-2
-4
-3
-5
-3
3
7
9
3
-5
-7
-4
1
0
2
4
4
3
2
-1
-1
-2
-4
-3
-3
-1
-3
0
3
2
3
0
1
0
0
3
3
1
0
0
2
0
-5
-5
-5
-7
-7
-1
5
5
2
1
3
1
-2
-5
-2
-2
1
2
1
4
4
1
1
4
3
2
1
4
4
2
-1
-1
0
-1
1
-1
-6
-4
4
4
2
1
5
5
3
1
1
2
3
3
-1
-1
-3
1
-5
-5
-3
0
2
1
3
-1
-2
-2
-4
-3
-1
0
-3
-8
-7
-1
-3
-4
-2
1
4
6
3
-1
2
-2
-3
-2
3
4
1
-3
-4
-1
1
3
3
5
0
-3
1
2
3
0
1
0
0
0
-2
0
3
6
1
1
1
2
1
1
-2
0
2
0
-2
-6
-4
-7
-5
-2
-1
-2
-2
-2
-3
0
3
7
7
4
-1
-4
-1
-1
-3
-5
-1
1
0
0
0
5
4
2
2
4
7
3
-2
-3
1
-1
-3
-4
-2
-2
1
2
-2
0
-1
-2
-3
-1
0
-2
-4
-4
-3
0
6
10
9
5
2
-6
-11
-7
-1
3
-1
-5
-1
0
5
5
1
3
3
3
0
-2
-1
-1
-2
-4
-7
1
2
0
-1
-5
-1
2
6
7
4
3
0
-3
-1
0
0
0
0
4
1
-2
-2
0
4
4
2
-2
-4
-6
-3
-6
-2
-1
2
6
5
6
3
4
4
-3
-2
3
2
2
-3
-5
-5
-2
2
1
-1
-4
-4
-2
1
5
6
4
4
2
-3
-4
-1
4
0
-3
-2
2
2
-1
-1
0
2
3
-3
-5
-3
0
3
0
-1
3
5
2
-4
-8
-3
-1
-1
0
0
2
0
0
-2
-1
-1
-5
-5
1
1
0
1
3
4
4
3
-1
-3
-6
-4
-4
-6
-1
4
4
2
3
-2
-4
-1
1
1
1
-1
0
-3
-4
0
2
0
-1
4
0
-2
1
2
2
1
0
-5
-7
-3
-3
-3
2
8
9
7
6
1
0
3
-4
-6
-5
2
5
5
4
3
5
3
-1
0
-1
-2
0
0
2
2
2
0
-5
-3
0
3
7
6
6
1
-7
-11
-11
-6
-2
0
3
4
1
-2
-3
-2
0
0
-2
-1
-2
-5
-5
-5
-4
1
8
8
4
2
-1
0
-4
-9
-8
-8
1
5
5
5
4
2
-2
0
1
-1
-1
-2
-4
-5
-8
-2
0
2
5
2
5
2
3
5
1
-9
-9
-4
-3
-1
1
-5
0
7
1
-2
-1
0
-2
1
0
-4
0
3
2
5
7
3
3
8
8
1
-4
-2
1
-3
-7
-8
2
6
3
2
-3
-3
-3
-4
-3
-5
0
2
2
4
-2
-6
-5
3
4
3
3
-3
-9
-1
2
-1
3
6
1
-4
-2
0
4
10
5
-1
-1
-4
-1
10
11
3
1
-2
-10
-6
0
-2
-1
5
6
4
0
-4
-7
1
4
3
7
12
9
-2
-3
-3
-6
-4
-1
6
7
6
6
-1
2
-1
-6
-5
-1
3
2
2
1
-7
-1
-1
-6
2
1
0
0
-4
-2
-6
1
11
6
-1
-17
-17
-8
2
14
2
-1
-10
-20
7
11
3
9
8
0
-13
-10
-11
-3
25
5
-11
-2
-11
-2
6
0
-4
2
11
-11
1
17
-26
-17
2
5
11
4
7
2
14
7
-12
0
-2
-5
7
-1
-1
7
5
2
-6
-8
-8
5
22
12
-4
-6
-13
-13
-5
-1
9
4
-4
-6
2
16
8
-8
-12
-8
-3
-3
12
24
10
0
-26
-28
-4
-2
21
22
7
4
-11
-18
-23
1
21
20
23
-9
-20
-6
-17
5
28
6
-6
-5
-11
-27
-8
21
11
17
9
-18
-17
-5
-3
6
15
12
5
7
-12
-22
-1
12
14
5
-4
0
10
-5
-12
1
9
8
-11
-7
4
2
17
8
3
-12
-22
2
5
18
7
-23
-23
-26
-5
28
39
36
-10
-26
-15
-26
-5
31
29
8
-16
-25
-19
4
10
-5
13
19
-6
-17
2
26
13
-19
-35
-33
11
46
23
-2
0
-5
-14
-28
-28
-3
33
32
-8
-10
15
24
6
-26
-29
22
43
12
-5
-12
-7
-8
-10
-22
-10
34
43
10
-17
-17
-7
-7
-19
-11
12
30
-2
-34
-25
12
39
10
-21
-4
34
5
-26
-2
21
3
-31
-40
0
26
-3
-11
1
16
17
-9
-35
-27
18
26
-5
-6
-3
2
18
-2
-9
-3
6
-6
-17
11
22
24
7
-21
-3
-2
-15
1
11
21
-2
-25
-23
-22
15
30
5
-20
-25
-8
-12
-4
25
35
19
-8
-22
-18
-13
29
37
-1
-19
-21
-22
-9
35
35
-12
-21
-23
-28
15
37
39
31
-20
-45
-20
9
24
19
33
12
-37
-36
-21
13
35
24
-2
-32
-12
0
-13
25
28
4
-17
-52
-23
26
22
6
4
6
-7
-26
-4
7
22
5
-30
-13
-5
4
2
-3
7
-4
-3
-2
-9
12
1
-14
-11
-5
33
28
-7
-29
-36
6
16
-6
-5
18
22
-13
-35
-16
4
27
35
6
-9
-9
-2
-17
-10
8
-19
0
22
-15
-19
-6
-1
-5
-20
-18
-5
29
29
-2
3
-2
-26
-19
-2
26
37
15
-3
-21
-14
-10
-26
-7
13
5
-19
-57
-45
-10
19
9
9
51
3
-58
-31
-4
3
16
28
9
-46
-25
-8
5
45
26
24
29
8
8
11
26
12
-22
0
26
21
-36
-53
10
38
29
-3
-18
30
53
-1
-21
6
21
-11
-42
3
41
37
8
-33
-43
25
76
35
-12
-24
-3
-11
-33
-20
14
37
31
-24
-51
-11
30
32
-7
0
19
9
-13
-42
-31
11
29
-15
-57
-15
45
24
-14
-13
16
17
-23
-26
14
42
28
-46
-68
5
45
-1
-48
-25
20
33
-9
-32
-11
29
20
-20
-2
36
43
11
-58
-45
40
56
-5
-78
-46
19
17
-7
-17
34
87
12
-75
-89
-11
42
-11
-21
25
84
62
-23
-45
-18
21
26
-45
-41
41
53
5
-40
-24
0
-6
-8
11
36
47
5
-58
-48
6
39
4
-37
-10
23
13
-25
-42
1
41
14
-22
4
48
26
-21
-32
-8
35
17
-22
-33
-21
8
-3
-19
-7
39
31
-27
-39
-5
36
33
-2
-34
-29
6
6
-17
11
43
46
-7
-53
-1
34
15
-8
3
29
20
-1
-36
-42
-4
0
-22
-20
19
70
53
-3
-32
-23
-7
-13
14
45
31
-3
-23
-31
-13
1
-2
-13
-6
5
3
32
53
34
-4
-26
-21
-2
12
14
-5
2
19
6
-1
-7
-1
8
-1
-7
4
10
9
-15
-31
-31
-19
4
15
31
32
28
7
-28
-13
13
20
-2
-31
-12
8
4
-15
-23
-9
19
31
13
7
14
-2
-21
-10
-3
9
-7
-32
-20
9
21
17
7
-12
-5
3
-17
-30
-11
4
25
41
23
7
-10
-43
-40
3
41
39
-8
-37
-25
20
24
-31
-42
-13
13
15
-19
-26
-14
-6
-6
-15
9
32
31
4
-11
21
24
-19
-59
-64
-37
-24
-18
16
56
62
21
-8
5
-1
-16
-25
-2
-4
-23
-21
-23
-6
6
-3
-33
-36
23
77
75
64
41
-25
-117
-136
-51
29
67
35
20
53
50
-15
-36
-24
-55
-27
13
30
59
66
5
-90
-107
-52
18
93
113
71
9
-41
-51
-45
-23
56
59
-23
-90
-65
15
36
51
34
1
-31
-43
-46
-9
19
47
69
32
16
-20
-12
0
-19
-38
-25
-32
-28
8
42
67
22
-38
-93
-47
27
69
76
10
-25
7
8
-52
-78
-19
28
51
67
29
-5
-14
-36
5
32
-17
-55
-17
11
32
40
18
-11
-21
-58
-103
-31
74
106
40
-4
-10
-26
-69
-66
-9
61
58
2
-17
5
41
4
-66
-73
-40
-11
30
102
164
107
-26
-150
-160
-63
24
72
74
50
33
4
-17
-8
24
38
-3
-29
-43
-34
12
23
22
24
20
5
14
7
-24
-44
-63
-88
-85
-15
48
75
43
-24
-70
-84
-68
15
68
73
31
-33
-47
-72
-82
-80
-48
12
78
106
78
14
-32
-56
-80
-48
9
50
85
79
4
-66
-63
-23
13
29
47
32
-6
-42
-43
-11
15
11
3
11
71
112
10
-105
-130
-76
10
89
118
97
59
23
-55
-95
-34
25
18
-55
-68
-11
41
55
16
-29
-26
-10
28
61
41
-7
-58
-76
-42
5
24
25
55
83
70
10
-56
-48
9
58
44
22
26
36
-1
-65
-96
-31
21
6
17
10
0
41
53
8
-43
-38
29
54
31
-23
-20
14
14
32
42
1
-22
-27
-50
-75
-63
-10
31
61
34
-42
-43
-18
-23
-8
32
71
69
36
-8
-23
-48
-117
-108
-20
68
61
4
-14
11
56
50
61
90
81
-3
-96
-113
-60
16
37
17
19
32
19
-9
-23
11
7
-24
-24
-2
12
46
102
77
22
-36
-49
-31
15
72
62
3
-54
-100
-92
-15
66
102
78
45
-14
-43
-16
-4
21
32
-18
-56
-71
-58
-7
42
69
40
4
-19
-60
-62
-15
7
4
-8
14
80
79
-6
-95
-99
-52
-30
-25
4
45
86
62
-13
-56
-96
-87
-32
65
109
89
5
-78
-72
0
36
40
34
31
9
-60
-85
-46
30
64
28
-9
-18
5
8
2
-12
-22
4
1
-7
-8
12
24
16
44
98
111
63
-51
-163
-183
-151
-88
32
174
251
174
-9
-139
-129
-29
26
0
-9
15
7
-68
-134
-95
-10
51
89
106
83
48
-25
-117
-130
-80
-22
24
53
29
16
39
36
41
70
66
-7
-66
-100
-99
-71
-80
-46
46
116
104
51
26
28
-58
-131
-132
-43
63
59
13
-30
-14
19
37
82
100
24
-58
-111
-128
-66
-3
8
-4
-3
36
96
92
28
-1
-18
-14
-21
-79
-99
-55
7
47
61
56
-3
-100
-71
-15
61
132
104
89
58
-2
-110
-173
-100
15
41
28
-27
-22
46
39
44
42
19
-3
-34
-38
-5
-17
-52
-56
-11
62
64
40
20
14
33
61
63
26
-50
-73
-60
-32
50
86
38
-28
-42
5
12
-20
-7
22
25
-9
-26
-36
-26
9
22
-11
-3
18
-1
1
19
34
52
43
-22
-79
-77
-40
-12
23
67
80
49
-37
-114
-107
-60
-14
62
115
107
62
-46
-106
-55
-29
-52
-40
22
69
70
18
-37
-49
-18
25
16
21
50
4
-95
-120
-69
-5
50
75
74
53
16
-38
-24
27
29
-39
-102
-105
-53
48
107
89
47
34
11
26
11
-51
-61
-60
-47
-34
7
63
25
-61
-76
-32
28
81
90
69
16
-30
-55
-35
6
-2
-47
-48
-13
28
40
35
13
13
35
-9
-32
-46
-64
-36
16
55
60
39
3
-33
-62
-53
17
78
135
122
27
-77
-162
-164
-89
8
95
107
50
18
-3
-30
-37
19
45
44
63
-1
-57
-47
-55
-51
-14
-3
-11
13
66
82
27
13
11
-15
-48
-80
-64
-21
31
50
25
-2
-20
-7
45
66
9
-28
-39
-62
-38
0
-16
-6
-14
-28
-12
24
79
90
64
-2
-61
-92
-85
-26
30
34
44
15
-9
25
33
46
47
21
-2
-27
-41
-38
-35
-7
2
26
82
85
45
-27
-91
-98
-40
63
99
70
23
-48
-84
-64
-11
27
49
32
-30
-43
-2
19
45
10
-28
-15
-1
-5
-30
-34
-15
22
55
25
-17
-8
7
-1
-20
1
14
-22
-53
-58
-28
1
1
2
25
38
30
15
-6
11
9
-15
-19
-11
1
-37
-64
-53
-48
-19
29
83
100
94
24
-59
-79
-67
-27
15
48
46
-4
-51
-68
-53
-14
32
85
93
29
-13
-5
-29
-51
-34
8
31
45
44
18
16
-5
-64
-49
12
53
58
42
41
2
-47
-70
-53
9
34
12
32
54
36
12
-31
-49
-14
-12
-33
-28
-8
12
34
55
43
-4
-21
-29
6
61
99
87
11
-35
-76
-61
7
18
32
46
26
1
-29
-24
2
8
-13
-19
0
15
14
-9
-3
6
-13
-48
-31
29
39
16
-46
-85
-50
-44
-25
24
44
57
25
-25
-10
37
35
-19
-48
-53
-45
-14
-6
-6
9
10
-10
-11
26
50
25
1
-7
-4
0
-39
-35
-13
-2
4
-19
-10
3
25
32
-2
21
37
-13
-33
-27
-30
-15
-9
-4
22
20
-4
-22
1
40
54
31
-3
0
-17
-52
-3
20
19
68
23
-53
-35
-12
1
8
-20
-48
-56
-23
2
21
22
-2
-28
-48
-11
52
85
44
-10
-22
-30
-21
-7
22
12
-9
-40
-56
11
45
54
52
16
13
-10
1
14
-15
-3
-33
-74
-30
24
34
14
-10
-36
-21
23
38
73
59
13
-37
-91
-110
-47
6
9
45
40
2
-34
-35
-6
14
51
68
42
20
-41
-81
-77
-36
23
44
71
39
6
11
-11
11
8
27
43
5
-6
-43
-26
-9
-22
-7
0
24
44
30
11
-25
-62
-50
-37
9
54
47
-5
-9
-29
-44
-17
-27
2
32
45
13
-4
-14
-45
-38
-12
10
32
37
34
0
-38
-49
-55
-14
-4
-1
19
26
42
-1
-31
-27
-5
-2
5
19
-8
26
-25
-49
-42
-54
-2
-5
23
49
24
19
10
9
0
-40
-40
-7
40
65
42
12
-6
-20
-4
16
66
104
69
34
-8
-11
29
33
47
40
18
27
26
23
15
3
-20
-37
-23
25
76
68
49
-30
-97
-90
-61
-7
-3
1
6
-17
-15
-13
-9
10
-8
-67
-33
-36
-28
11
-23
-21
-30
-24
-3
1
-3
46
-19
-13
30
-2
24
-22
-13
-14
9
-2
-10
-12
11
32
24
20
16
42
-51
-35
-21
-28
20
-14
-11
34
-1
8
28
8
14
-46
-53
-44
-19
-4
-1
11
-6
-15
-46
-51
-2
41
61
41
11
-8
-11
-20
-16
20
31
32
24
18
16
3
0
-13
-19
-6
25
42
22
7
-31
-66
-84
-97
-35
4
25
38
-15
-43
-29
-47
-40
-25
4
34
51
38
38
23
-10
30
-44
39
49
48
98
23
57
-50
16
13
-2
113
50
1
-7
-32
-11
-8
-7
61
-16
-4
3
-47
18
-17
-35
-18
-59
-1
1
-11
-10
-44
-34
-68
-42
38
10
55
-8
-23
4
-36
8
-17
-3
26
10
-17
34
14
7
22
14
46
38
34
36
33
28
17
24
41
22
24
3
-5
18
2
19
16
0
-10
-47
-30
-1
-22
0
-1
-40
-19
-45
-28
-33
-30
-18
-53
-27
-26
9
-25
54
-20
-3
80
-46
80
19
5
40
-32
23
-47
5
55
-27
27
-25
11
17
-43
58
-43
-11
4
-61
-2
-1
-22
-35
-3
-26
10
-40
-38
5
-27
10
6
7
39
-7
-29
-30
-20
9
9
50
43
31
14
5
-2
21
32
36
52
33
54
16
21
55
23
40
27
24
39
31
22
4
-1
20
8
-3
4
-16
-19
-43
-51
-53
-59
-21
-21
-33
-11
-34
-35
-22
-15
-6
-17
-33
-49
-35
-43
17
-11
35
1
-11
33
-52
91
-30
28
49
-66
29
-52
18
-14
-36
47
-25
27
-14
21
-8
-22
0
-63
-35
8
-53
-32
-35
-40
-27
-58
-25
-26
42
-8
-20
-6
-16
11
-41
-20
18
30
2
29
9
18
-2
-17
31
25
56
62
59
51
35
22
26
23
32
23
15
26
11
25
4
25
17
1
4
-33
7
-8
-1
-10
-32
-22
-33
-25
-14
-20
-12
4
-14
15
2
4
-17
-61
-42
-12
10
49
31
-49
50
-63
-21
24
24
79
-7
47
-18
-36
-26
-66
16
-17
-7
39
-70
3
-28
-44
-39
-13
1
-40
16
-26
-33
-77
-69
-14
-39
-2
-16
-13
2
-49
21
17
20
37
-46
-2
15
19
42
31
30
10
-8
20
39
73
87
54
38
30
6
51
47
48
51
20
41
4
22
22
12
22
-10
-10
13
5
4
-21
-31
-29
-35
-21
-23
-35
-34
-58
-64
-27
-22
6
-12
-31
12
-28
15
61
-1
55
14
-23
52
-1
-25
55
31
-2
29
27
37
46
-14
24
15
-44
-46
15
5
27
-43
-58
-24
-97
-19
-77
2
27
-30
-3
-63
-37
-27
-70
-14
-26
-36
-17
-31
11
-22
11
13
-3
51
57
23
67
21
-1
77
18
76
68
34
59
0
6
35
29
63
59
14
11
5
-4
-9
-7
17
2
-40
-14
-20
-36
-43
-67
-39
-28
-33
-34
-35
12
1
20
18
26
4
-81
-73
-25
3
28
102
30
46
23
-48
14
75
0
47
10
-37
40
-117
29
-2
-5
-1
-59
16
-33
-11
-18
-66
-5
-66
-118
-11
-129
12
-71
-73
1
-63
-19
4
-37
1
3
-34
26
-17
26
26
0
17
2
35
21
23
37
30
78
92
78
90
60
32
26
11
43
69
64
67
31
-11
-26
-28
1
10
21
23
-21
-11
-12
-22
-19
-30
-42
-56
-45
-34
0
12
-9
-14
-45
1
19
32
24
-51
8
-40
0
61
66
30
68
-47
-62
86
-36
51
45
32
-5
-91
45
-116
11
57
-65
13
-38
14
-18
-69
54
-44
-57
15
-71
-3
-14
41
-52
-12
32
-58
-34
31
-40
-22
53
-33
-2
17
11
-38
-24
3
16
-2
25
7
17
41
28
48
39
40
27
10
22
56
52
40
25
16
-2
4
4
-20
28
-2
-53
-25
-10
-6
-34
-73
-55
-60
-66
-7
-13
21
21
-14
-48
-14
38
71
39
23
78
-35
106
34
122
64
63
40
-98
92
13
35
9
79
-58
-46
4
-85
6
-44
-27
-37
-72
-19
-3
-52
-44
-93
-112
-34
-24
7
-34
25
-86
-26
-69
-19
57
15
-11
-62
21
-54
-69
9
-2
16
-5
15
38
24
36
23
38
85
61
72
52
28
27
-8
7
53
54
28
29
12
9
14
47
53
13
-6
-58
-45
-7
-24
-25
-35
-75
-87
-64
-40
36
27
-23
-35
-50
-35
-10
22
66
9
-37
-47
5
91
75
36
85
15
-42
35
-35
106
89
-30
-47
-29
-23
-81
-17
59
-67
15
-71
-122
25
-26
-25
-66
-98
-29
-52
-113
-26
21
-73
-67
-4
2
28
-45
55
2
-9
-3
-22
86
6
10
24
9
83
16
-9
144
60
43
76
56
59
1
32
9
14
75
24
-7
41
-30
-46
-44
-30
19
-9
-32
-48
-4
27
-4
-58
-22
-39
-117
-56
9
64
9
-35
23
-4
-22
21
72
119
18
-70
30
74
71
47
98
91
44
-51
-52
133
98
12
-104
49
-8
-159
34
-24
83
0
-89
-79
-37
68
-107
-52
-56
-13
-166
-44
-3
-104
5
-64
-91
-37
-61
-3
-37
14
3
-73
47
-2
-35
-18
67
50
-33
62
54
74
30
24
60
92
58
-47
25
17
36
36
51
77
32
-10
-49
-13
-14
6
-12
-39
-32
-64
-18
-23
-26
-15
-28
-56
-117
-48
24
0
-38
-43
-10
-15
6
31
123
83
-29
31
17
17
61
85
-3
108
-4
-85
100
84
5
-6
71
-75
-24
0
9
16
-1
-18
-108
-42
-31
-52
-13
-47
-118
-57
3
-76
-98
101
-54
-88
42
-34
32
-52
28
-35
-36
8
13
77
1
43
51
40
23
37
45
121
51
26
118
57
10
10
-6
71
42
59
84
40
22
-77
-25
-15
-63
27
-3
-75
-46
-44
-16
-43
-45
-42
-29
-31
-45
-23
34
1
-69
11
38
44
49
99
30
10
8
94
12
102
105
-53
109
-63
42
58
115
67
9
-20
72
-64
17
26
-10
53
-35
-62
-8
62
-92
20
-8
-115
-37
-95
-78
-12
1
6
-95
3
-9
-106
41
-17
-17
25
-36
108
-105
68
27
-28
73
21
51
95
23
31
54
68
65
-33
62
40
-6
29
60
66
50
6
-2
27
-19
-83
-39
1
-32
-29
0
7
-25
-67
-49
-78
-31
-54
-15
46
-3
-41
4
23
-7
4
100
58
-21
83
54
50
79
75
-66
134
-68
30
63
62
35
-80
128
-170
101
-63
-24
45
-172
66
-160
-24
51
-158
1
-187
-67
9
-259
160
-122
-66
2
-165
39
-70
19
-33
-12
8
-50
-97
56
-36
-3
54
-18
72
18
29
93
-54
88
56
-6
100
-28
45
22
-18
80
88
57
7
-42
0
-16
-46
-15
2
19
-102
-75
43
-6
-2
-47
-64
-33
-107
-87
42
39
3
-80
-47
-6
7
47
91
113
-49
-40
-19
55
55
98
84
-65
26
35
-64
79
180
-22
-61
29
-110
-10
24
-5
-59
81
-186
-163
51
-162
100
-179
-101
64
-134
-44
-25
17
-29
-124
-24
-11
23
55
-28
96
-62
-13
0
-44
190
-16
89
53
55
13
101
69
47
113
34
44
-19
21
12
-4
31
122
72
84
43
1
0
-55
-54
-11
54
-32
-36
14
55
-32
-72
33
-10
-66
-81
-33
54
29
-9
-12
26
17
15
85
133
12
20
-2
-84
79
-19
68
19
34
84
-112
111
63
-99
137
-149
-69
47
-83
53
-93
51
-84
-144
-87
-80
46
-81
-171
14
-137
-71
-125
-62
121
-132
-118
144
-52
-79
63
-54
-12
-53
-64
11
28
4
65
70
102
-29
106
108
62
89
75
30
-8
-28
54
49
105
170
-16
59
27
-95
-26
-43
-45
24
-2
-38
-10
-7
2
-112
-95
-46
-46
-18
-62
11
51
-141
-141
-43
-73
30
44
170
117
-52
-13
90
-64
35
88
-44
170
97
-87
195
30
-124
2
-218
197
-94
-50
74
39
-29
-273
-59
-113
-29
-60
-68
98
-95
-191
86
-83
-185
156
-96
-173
179
20
-158
155
-17
-54
-46
19
167
-104
70
72
29
-50
48
72
39
106
27
62
40
-15
-63
49
103
39
96
74
3
-19
-110
-35
-35
-57
22
-33
12
-59
-74
-18
-73
-107
-59
-35
-45
14
53
67
-19
-104
-70
15
57
116
196
221
1
-42
37
4
10
35
240
36
59
88
-22
162
-59
-33
52
-76
-24
24
-97
192
-164
-89
-9
-231
88
-251
328
-240
-121
50
-333
67
-162
67
83
-74
-100
18
-30
1
-8
-22
96
-75
-46
53
198
27
-31
149
112
-25
164
174
204
178
-81
27
-108
54
26
111
256
95
6
-114
-47
-90
-44
2
12
43
-41
-64
-75
-60
-118
-156
-91
-13
2
40
50
6
-98
-229
-146
-44
47
180
187
190
21
-150
-72
44
133
132
158
53
167
-9
-41
0
150
-53
-206
234
-22
21
3
-23
-129
-115
-334
160
-88
-149
402
-385
-49
5
-291
-26
16
77
-91
-124
91
-119
-18
-4
2
42
-135
135
29
-129
235
-75
-165
181
45
15
230
83
129
-75
-142
47
-108
31
145
165
142
-15
-125
-129
-42
-128
-79
88
131
37
-91
-96
-137
-130
-204
-120
143
136
36
13
16
-82
-234
-200
-9
135
127
154
178
149
-40
-184
14
126
178
195
263
88
-46
-34
-262
-13
161
-179
156
125
-3
-76
-141
-210
8
-287
-50
284
-195
260
-192
-163
-161
-116
-107
37
180
48
-50
-127
-87
-8
89
-21
182
131
3
-7
115
-99
31
-90
-83
108
29
297
121
45
-24
-283
-146
-65
74
254
183
84
-70
-300
-180
-71
-87
168
96
88
-22
-175
-74
-108
-151
-87
31
81
123
73
54
-45
-148
-159
-76
101
224
264
159
77
-40
-106
-84
19
229
122
131
77
54
-158
12
-69
-109
181
-71
150
-97
-20
-75
-204
-215
-67
129
-42
77
57
-126
-78
-241
-82
251
-26
124
96
-99
30
-123
-89
30
156
94
-34
147
141
-72
-50
-156
-33
76
-18
272
181
77
-31
-354
-151
-34
-21
226
207
131
-53
-309
-157
-58
-91
35
113
76
-82
-155
-19
-16
-73
-74
4
124
55
48
159
14
-68
-166
-126
216
110
101
231
121
-80
-207
-50
187
54
92
98
72
69
-242
-72
-1
-68
-60
-12
113
200
-93
-130
-6
-161
-192
-35
125
66
-32
-60
-35
-269
60
60
-22
26
90
170
-87
89
90
-152
-8
-93
-54
167
-18
53
27
-84
-25
15
133
254
-5
-268
-118
-116
-96
82
267
266
-151
-403
-270
58
110
-4
221
204
-172
-379
-189
205
154
-88
-48
127
77
-126
-83
159
75
-281
-124
282
355
101
-9
-2
-158
-225
-48
340
353
-54
-199
-237
-126
25
96
190
234
-58
-211
-223
-54
30
-89
7
-13
105
77
-29
-145
-85
-60
-58
95
219
343
-66
-422
-20
-67
-27
256
272
272
-228
-268
92
-138
145
151
-64
24
-4
-74
-120
117
205
-445
-328
90
13
232
286
230
-76
-652
-341
173
309
238
-39
121
-4
-464
-280
272
391
96
-110
170
118
-233
-209
134
279
-34
-216
279
424
-108
-434
-233
150
70
21
352
326
-143
-418
-330
108
151
-47
86
208
6
-250
-383
-61
122
-68
107
94
159
-43
-51
-81
-182
-97
50
45
281
300
-226
-76
-153
8
5
-56
143
498
-73
-385
-88
68
-43
-200
-46
175
62
-47
12
171
-204
-476
-104
154
417
312
-18
-68
-578
-571
65
346
399
234
73
-191
-489
-415
171
475
210
47
188
133
-164
-307
-140
228
105
-56
287
295
-144
-369
-187
18
79
76
278
247
-105
-299
-348
-127
105
37
61
163
-15
-157
-178
32
27
17
73
94
100
0
-334
-221
25
41
335
96
441
168
-271
-451
-282
334
46
283
245
121
-117
-500
-166
113
-57
20
368
428
82
-248
-371
-537
-380
101
332
430
442
142
-233
-754
-480
170
339
245
98
270
116
-570
-433
228
554
110
-93
305
318
-362
-718
3
563
222
-188
306
522
-252
-604
-127
297
120
-185
8
292
-80
-414
-208
100
289
-111
-136
245
-31
-275
-262
71
212
-92
-58
93
10
-47
-269
10
325
-18
131
62
7
-26
-154
-157
-34
214
36
-57
-147
208
-185
-238
179
30
174
-68
55
108
-137
145
-361
-715
-79
198
502
396
198
73
-506
-684
-156
409
570
10
-125
256
-162
-460
-189
325
457
-176
-11
439
19
-411
-495
211
484
-48
-90
217
36
-555
-305
408
582
-89
-354
100
135
-121
-227
23
238
-50
-233
54
152
-90
-304
-84
211
222
139
-9
-164
-215
-210
41
218
138
-6
6
80
23
10
-126
-59
-80
67
52
18
54
38
-196
-179
120
71
184
-66
-43
186
-48
-416
-358
85
337
253
258
276
-9
-625
-641
446
889
183
-331
-154
24
-240
-437
243
919
261
-347
-48
274
-93
-737
-300
521
433
-157
-117
248
-39
-432
-103
386
268
-266
-211
82
-88
-197
-35
206
215
-183
-245
149
50
-263
-182
262
329
-48
-250
-199
-170
-180
-29
287
414
127
-103
-119
-294
-67
97
198
225
83
-109
-137
-47
-147
-21
-197
-207
107
133
178
81
-104
-166
-660
-354
413
522
289
60
2
-361
-673
-181
602
840
78
-278
161
47
-521
-520
173
819
262
-235
309
171
-585
-721
129
721
136
-395
50
164
-395
-383
314
434
-141
-401
-29
173
-218
-360
0
274
222
-144
-196
167
-45
-223
72
269
94
-188
-1
60
-61
31
96
8
-90
-82
29
75
5
41
28
78
21
-24
32
-20
-42
-21
-50
-18
34
57
17
113
337
37
-598
-599
94
504
323
4
7
-71
-520
-352
351
809
310
-120
151
161
-334
-509
27
609
274
-107
136
86
-397
-639
145
699
181
-283
76
133
-476
-489
336
618
49
-357
-66
215
-218
-242
228
301
36
-293
-196
94
48
-106
61
283
-7
-275
-187
-102
-60
107
275
265
-93
-220
-20
-31
-38
1
122
224
-59
-199
-135
-155
31
23
-10
19
-73
-21
132
120
41
92
44
-630
-306
343
404
227
8
29
-250
-565
-60
566
476
-106
-127
268
-69
-567
-416
442
737
-87
-259
228
-40
-536
-290
618
761
-164
-402
198
29
-521
-200
530
438
-351
-449
149
103
-420
-175
467
456
-142
-415
-153
-45
-50
-35
270
323
-139
-302
-145
-148
-192
183
490
145
-239
-162
61
55
-5
123
230
79
-269
-158
24
-59
-32
-82
91
72
77
68
67
89
140
-153
-703
-213
516
449
-57
-61
114
-212
-774
-208
810
799
-253
-394
233
179
-508
-601
426
862
-41
-380
220
42
-609
-454
504
688
-112
-278
335
74
-689
-233
736
393
-395
-474
31
91
-510
-171
626
511
-75
-495
-145
124
-237
-82
342
282
-209
-378
-130
-264
-250
198
387
225
-155
-149
44
-103
-154
-20
118
107
-206
-279
-30
-27
40
74
62
-58
-66
242
222
99
122
203
-478
-814
17
594
420
-25
25
225
-316
-563
169
807
416
-353
-102
212
-352
-726
-103
829
547
-213
21
247
-384
-618
126
774
235
-531
-59
267
-471
-726
258
804
202
-460
-112
274
-392
-454
335
607
67
-479
-252
16
-90
53
244
444
24
-418
-192
-174
-294
136
577
365
-316
-403
90
45
-123
30
281
143
-243
-259
-34
-21
-42
-1
143
-5
-99
75
192
33
169
184
-604
-547
189
421
209
44
146
42
-612
-384
539
770
-55
-322
234
238
-471
-727
170
902
183
-274
270
136
-428
-392
344
520
-127
-254
416
102
-822
-439
710
558
-203
-288
265
102
-668
-156
532
375
-40
-261
-157
-137
-174
118
174
184
-73
-29
66
-426
-415
209
390
-113
-410
82
300
-151
-175
84
136
-106
-251
-97
-6
-101
62
49
-156
-283
-18
273
128
37
310
502
-373
-1143
-237
675
422
-75
132
416
-298
-893
-94
802
562
-302
-103
384
-130
-640
-286
605
687
-60
81
316
-395
-628
-33
608
308
-285
13
308
-347
-723
-2
492
32
-290
19
220
-168
-453
64
337
124
29
6
29
-138
-149
103
155
30
-28
103
24
-303
-13
375
141
-166
-153
90
-50
-249
31
117
-40
-166
-170
-35
-87
-42
30
-74
-195
-118
134
212
-86
108
159
-644
-505
285
524
219
123
157
17
-453
-275
499
697
-95
-176
373
176
-445
-577
172
717
72
-130
359
-79
-542
-230
315
238
-179
-17
434
-157
-860
-128
722
172
-389
-80
307
-85
-520
189
519
17
-164
77
-73
-360
-133
224
78
-134
-129
206
166
-357
-158
434
296
-387
-486
79
169
-155
-21
228
53
-316
-179
-1
-64
-42
134
155
-265
-420
10
358
214
140
276
-435
-678
37
350
311
296
232
180
-488
-467
467
801
102
-155
327
180
-450
-627
88
709
171
-223
357
89
-573
-351
191
216
-244
-190
445
-29
-924
-295
698
232
-515
-106
397
-73
-622
39
602
34
-302
113
88
-206
-81
316
281
-189
-306
108
209
-298
-248
499
485
-308
-513
-36
125
-212
-30
407
203
-342
-452
-144
-51
-45
224
232
-123
-388
-289
141
149
113
467
-169
-675
-72
321
266
287
333
193
-378
-568
174
805
274
-246
292
316
-322
-487
-39
745
387
-316
229
209
-532
-410
187
303
-147
-214
332
226
-672
-534
568
398
-460
-221
277
64
-523
-272
354
189
-1
45
-97
-190
-50
203
273
141
38
137
190
-309
-427
267
462
-40
-301
12
150
-133
-119
254
161
-116
-232
-285
-243
-86
105
167
-66
-203
-88
83
-20
9
121
-445
-244
334
245
185
257
91
-133
-543
-110
723
750
-41
-207
173
-53
-384
-328
248
816
188
-276
122
-211
-364
7
163
45
-221
-186
147
-172
-552
68
587
16
-428
-133
173
-34
-427
11
294
24
-44
-179
-314
-105
198
213
8
36
55
-52
-156
-332
47
497
185
-283
-328
-54
60
-132
57
202
-18
-148
-217
-260
-183
45
174
-181
-330
1
218
240
139
250
-324
-712
-7
299
295
515
462
186
-523
-667
227
837
407
-125
304
349
-318
-447
-95
538
465
-104
148
46
-502
-183
177
191
-36
-113
189
-42
-750
-472
485
429
-323
-221
237
-30
-431
-198
208
159
192
164
-276
-376
91
277
96
30
141
122
-17
-228
-226
300
470
-68
-266
98
97
-177
-121
148
138
-21
-47
-153
-276
-126
40
60
-197
-276
118
236
57
206
1
-564
-172
215
109
206
447
321
-72
-516
-83
772
655
-94
-12
299
-35
-317
-262
348
640
-70
-145
210
-246
-288
139
183
-42
-264
-124
72
-406
-571
268
603
-225
-604
-159
58
-205
-228
267
240
-73
-9
-193
-380
33
382
135
-139
20
66
-108
-42
-14
257
563
93
-491
-294
48
-30
-164
147
98
-148
-138
-240
-230
13
156
47
-202
-217
3
70
32
198
-52
-711
-159
303
206
412
556
270
-219
-729
-283
557
662
47
70
310
-136
-444
-295
332
728
105
-135
67
-479
-414
24
85
40
-83
-1
129
-415
-727
67
541
-51
-332
-5
-15
-244
-380
-22
223
89
166
-46
-332
-15
215
122
57
130
161
-22
-148
-271
59
468
242
-197
-127
34
-185
-213
161
144
-92
-135
-211
-333
-208
53
130
33
-158
-74
176
2
-22
274
-277
-502
99
287
278
369
394
282
-297
-588
122
783
416
-111
294
278
-209
-339
-136
600
450
-146
97
-41
-567
-288
8
89
-37
-120
153
46
-626
-464
394
340
-340
-364
175
60
-374
-137
327
191
26
57
-135
-292
201
339
1
67
223
80
-54
-188
-163
255
495
160
-282
-91
-4
-244
-189
110
132
-11
-153
-330
-313
-78
78
-54
7
37
135
50
82
-147
-671
-28
495
164
205
496
349
-201
-698
-151
494
748
226
-21
224
-51
-334
-276
181
692
171
-122
148
-357
-390
-26
68
13
-144
-128
8
-274
-430
80
469
-52
-310
-106
-138
-143
-265
-47
224
219
215
-43
-174
79
107
21
3
139
181
25
-80
-141
79
290
69
-127
-34
23
-149
-279
75
147
-55
-130
-201
-244
-135
-43
26
-88
-128
-9
7
84
153
295
-444
-664
50
220
276
576
457
221
-387
-552
158
632
449
54
288
188
-276
-328
-40
528
335
-176
194
-44
-560
-120
81
4
-126
-120
118
-116
-682
-288
481
197
-289
-139
-13
-102
-330
-180
186
105
204
97
-160
-73
26
63
117
124
148
119
101
-140
-153
257
213
-71
-158
5
29
-301
-170
124
18
25
-113
-248
-186
-174
-56
-89
-27
46
39
69
56
41
-502
-397
344
119
113
566
415
42
-583
-438
320
609
372
122
277
50
-416
-300
54
671
448
-91
161
-225
-599
-117
7
9
13
-50
73
-238
-610
-185
419
107
-296
-83
18
-143
-245
-11
191
109
144
-13
-303
-27
289
182
65
124
86
-39
-25
-100
7
340
261
-66
-163
19
16
-224
-28
207
18
-86
-236
-389
-245
-184
-19
-15
-70
111
86
-20
42
242
-300
-629
33
204
170
607
445
172
-369
-695
25
598
536
343
410
120
-414
-521
-187
485
520
78
329
35
-669
-304
-13
56
27
-141
57
-64
-659
-419
334
247
-155
-78
48
-112
-426
-176
299
140
116
157
-153
-245
37
246
205
208
217
38
-90
-220
-179
271
359
122
-85
12
32
-348
-202
239
105
-57
-134
-258
-285
-237
-90
-121
-139
26
44
155
128
277
52
-755
-343
187
127
451
759
512
-50
-695
-453
262
662
354
408
575
-129
-581
-506
58
574
140
91
391
-396
-593
-127
32
36
-96
-22
62
-478
-732
13
501
-70
-298
68
-77
-299
-251
164
334
74
29
-135
-235
96
273
198
174
152
2
-125
-56
-138
121
489
212
-195
-115
41
-166
-300
57
197
-11
-137
-295
-385
-230
-147
-125
-107
-18
57
127
39
140
241
-466
-563
111
220
323
669
567
249
-470
-597
114
697
441
259
502
129
-480
-481
-53
602
413
-10
267
-174
-676
-253
56
87
-20
-97
112
-212
-741
-255
467
220
-205
-55
67
-171
-370
-93
260
230
147
112
-120
-96
191
203
28
78
205
113
10
-149
-60
300
303
-81
-135
46
-48
-236
-94
127
87
7
-192
-351
-329
-215
-70
-107
-150
55
150
101
44
263
-74
-660
-216
195
120
484
666
453
-159
-649
-216
445
502
233
371
432
-284
-724
-370
317
481
27
174
192
-500
-508
-102
59
19
-202
-27
28
-599
-615
185
309
-116
-136
70
73
-317
-345
145
227
119
115
-2
-60
-59
116
190
83
209
187
78
-68
-265
15
220
49
-103
-58
6
-207
-216
55
89
60
-66
-250
-286
-380
-249
17
36
15
135
179
74
152
-201
-614
-72
261
123
348
687
620
-116
-713
-272
507
631
171
274
479
-140
-665
-501
325
597
64
148
180
-488
-553
-170
105
62
-199
50
149
-533
-757
100
504
-54
-297
57
62
-287
-362
129
420
227
44
-89
-160
-25
62
200
294
178
163
96
-155
-290
32
397
203
-175
-93
53
-151
-268
-21
184
107
-112
-298
-238
-194
-189
-22
30
-13
78
215
192
187
-168
-561
-182
200
129
356
685
596
-97
-738
-391
389
576
269
232
461
24
-647
-571
216
580
142
100
205
-336
-555
-279
55
106
-254
-83
187
-387
-722
7
637
253
-187
-227
-79
-204
-548
-68
638
504
58
-301
-202
-124
-88
375
451
175
99
-60
-265
-412
-83
393
334
45
-222
-85
35
-222
-112
121
82
-125
-435
-315
-118
-142
44
194
140
78
72
175
95
-523
-570
84
371
177
354
659
458
-453
-851
-142
709
515
25
197
379
-264
-895
-428
615
636
-38
41
56
-471
-684
-246
332
263
-193
16
161
-466
-672
58
586
129
-322
-131
152
-154
-411
46
542
340
-146
-273
67
175
-73
112
401
201
-43
-44
-68
-104
0
169
132
-98
-171
8
50
-82
-38
112
51
-162
-292
-171
-1
-29
-113
-43
63
137
165
269
327
-152
-668
-413
82
337
526
641
567
-56
-822
-736
171
695
435
255
389
-2
-720
-801
11
686
383
62
83
-172
-555
-623
-108
368
58
-106
148
-104
-543
-318
313
409
-6
-134
-8
-41
-268
-263
157
497
330
-145
-209
89
62
-21
134
174
174
97
-155
-245
-30
161
93
-25
-15
53
-7
-187
-145
31
26
-46
-124
-115
-72
-175
-120
93
183
207
230
408
161
-613
-727
-133
281
417
547
626
307
-483
-985
-513
425
679
347
216
133
-297
-763
-571
252
694
442
66
-210
-363
-505
-474
-16
328
189
80
-13
-193
-306
-222
72
182
61
35
83
77
-23
-103
14
198
217
0
-78
44
40
11
44
96
183
152
-56
-228
-176
-13
-3
-49
-3
72
31
-140
-204
-110
42
12
-27
-8
-81
5
-111
-253
-1
226
261
293
311
69
-465
-648
-327
126
507
651
608
247
-415
-806
-594
15
487
506
413
162
-319
-565
-447
-89
283
365
207
-23
-193
-258
-226
-39
42
-5
39
13
-76
28
161
134
-28
-142
-78
-60
71
256
251
135
-44
-165
-165
-89
77
239
185
-4
-145
-134
-43
-8
-14
-35
-28
-105
-177
-43
58
-31
-84
-147
-121
-42
-41
117
115
29
-32
-98
-43
-20
-45
31
123
138
232
322
272
-24
-347
-459
-303
83
453
640
613
153
-425
-710
-560
-135
181
440
511
190
-216
-446
-363
-120
-8
100
175
116
4
-120
-75
29
-56
-119
-51
76
146
170
219
168
26
-114
-164
-63
50
133
199
128
20
-81
-101
-45
-29
-43
-38
15
21
12
30
45
-15
-143
-200
-205
-185
-38
161
201
101
-32
-78
-134
-137
-52
90
274
192
11
-10
-18
-64
-65
11
131
179
143
149
180
30
-259
-345
-241
-58
263
446
401
93
-339
-562
-479
-200
155
406
373
17
-349
-367
-191
-3
117
146
49
-129
-194
-71
139
235
101
-89
-199
-190
33
299
412
265
24
-184
-298
-257
-7
271
315
162
-18
-96
-137
-156
-120
3
9
-94
-107
-38
50
10
-62
-94
-76
-105
-32
124
143
107
98
6
-89
-30
-26
29
130
139
101
68
19
-12
17
-35
-108
-118
-98
-9
108
172
325
280
-160
-546
-583
-334
56
435
643
563
54
-594
-814
-501
-30
310
500
456
136
-280
-412
-219
18
139
118
82
116
69
60
155
104
-144
-379
-296
-23
208
325
359
203
-208
-491
-407
-88
208
350
321
241
48
-163
-244
-171
-81
-19
21
42
159
162
120
79
-97
-176
-78
-3
14
93
98
102
-13
-109
-82
16
62
-23
104
7
12
-38
-142
-67
-85
-55
-75
-99
-135
-13
124
237
360
234
-184
-481
-640
-549
-13
525
724
542
94
-421
-641
-498
-142
225
528
500
122
-256
-325
-84
81
141
158
92
56
-39
-85
36
106
-39
-190
-222
-96
141
325
329
149
-77
-307
-332
-141
56
193
171
17
-88
-143
-161
-5
116
42
-144
-187
-37
111
103
20
61
-43
-236
-288
-34
282
315
116
22
-63
-104
-93
47
223
194
72
-116
-60
-124
-90
-48
-56
53
-15
134
290
305
20
-454
-624
-614
-376
72
545
863
559
-67
-563
-747
-411
-85
201
465
495
146
-264
-275
-53
148
129
98
91
87
7
16
142
125
0
-113
-119
2
112
172
111
-44
-155
-242
-185
7
132
68
-72
-131
-152
-123
-7
138
174
8
-253
-329
-212
-22
144
206
242
194
-55
-214
-133
65
228
265
273
144
-45
-174
-293
-319
-113
184
179
38
-20
-41
-20
7
175
351
65
-550
-791
-473
-115
240
649
969
675
-185
-802
-658
-257
-88
150
474
534
185
-214
-107
209
152
13
-34
9
-93
-185
20
194
140
-24
-79
-125
-247
-225
11
141
67
-87
-86
-18
-173
-364
-293
-50
94
96
144
255
206
8
-196
-253
-92
89
173
164
154
210
110
-61
-67
81
224
164
28
-99
-117
-67
-141
-174
-35
74
120
112
115
203
359
102
-597
-781
-493
-242
-33
484
968
881
131
-508
-596
-269
-219
-185
187
504
179
-295
-57
356
347
64
20
19
-216
-475
-207
280
335
140
62
-37
-315
-408
-176
126
161
84
18
-1
-83
-170
-158
9
169
53
-84
-12
56
44
4
-35
105
181
66
-121
-77
88
99
53
63
258
251
25
-204
-187
-76
-61
-158
-54
27
-22
-7
120
268
437
263
-466
-767
-635
-317
-128
340
866
837
88
-542
-520
-97
-137
-226
150
367
18
-503
-209
444
556
196
51
112
-196
-664
-411
234
340
206
323
249
-188
-418
-134
156
-12
-128
54
149
-42
-236
-2
193
77
-101
-139
-17
84
-45
-66
31
38
35
-35
-83
-150
-23
109
97
18
123
255
139
-144
-205
12
-5
-252
-283
-82
-16
68
163
360
434
579
104
-792
-815
-525
-414
-244
384
1111
862
-56
-345
-152
-69
-568
-512
130
173
-289
-303
281
704
351
-26
31
-198
-662
-673
53
377
195
350
597
61
-391
-208
236
156
-379
-121
214
-35
-292
-29
433
399
0
-6
7
-74
-197
-253
-25
-51
-123
38
116
-12
-1
116
140
-124
-192
154
249
93
11
168
122
-254
-453
-244
-134
-36
166
451
577
539
676
-174
-783
-545
-440
-487
-128
552
1053
384
-271
-29
130
-234
-611
-284
126
-286
-758
-180
479
637
346
340
314
-367
-850
-544
-50
-1
37
565
523
-105
-111
178
390
-57
-496
107
115
-489
-246
252
494
375
20
151
46
-350
-317
-189
-272
-245
-92
23
-4
-51
182
274
-28
-266
-98
19
-85
-112
-5
246
169
-224
-204
-22
-136
-89
151
368
458
556
861
-26
-775
-397
-426
-612
-122
507
1028
607
-298
-104
280
-339
-759
-172
52
-281
-738
-428
425
608
320
567
502
-245
-646
-676
-418
-267
-234
334
541
-50
48
480
619
247
-249
-13
-109
-765
-540
126
402
591
490
403
263
-96
-299
-334
-455
-492
-299
-217
-222
45
407
492
344
-100
-169
-56
-240
-344
-89
176
137
-152
-178
-125
-148
-36
149
294
373
365
570
777
-293
-665
-88
-398
-813
-69
700
932
436
53
286
190
-495
-633
-209
-290
-556
-699
-364
193
558
497
816
706
-155
-578
-557
-478
-416
-317
134
301
23
292
634
828
527
139
108
-342
-863
-554
-204
67
660
726
342
197
236
166
-235
-657
-466
-315
-641
-518
98
332
334
448
224
6
-112
-332
-381
-284
-136
-89
-190
-220
-38
149
248
226
215
237
283
279
620
205
-525
-16
-122
-835
-442
353
657
763
376
301
220
-299
-686
-435
-246
-429
-691
-563
-110
442
520
518
1002
460
-289
-525
-584
-587
-651
-380
275
100
-25
262
674
922
451
293
446
-182
-821
-490
-245
-191
-48
470
684
354
236
412
-58
-489
-255
-422
-1040
-728
5
17
17
311
401
253
298
226
-57
-404
-393
-456
-512
-252
2
-15
90
278
363
362
465
664
924
509
-562
-420
-387
-1080
-642
424
706
696
529
562
336
-181
-588
-448
-232
-480
-932
-983
-477
264
577
794
1257
705
-135
-394
-495
-661
-807
-606
-87
-275
-345
61
607
1149
911
669
745
118
-692
-935
-555
-238
-571
-225
499
497
471
758
526
-134
-27
153
-767
-1204
-603
-280
-304
36
625
834
588
405
217
-126
-270
-438
-695
-686
-358
-266
-323
38
519
638
771
796
917
1137
30
-728
-600
-1153
-1490
-332
479
659
717
782
788
470
-59
-281
-218
-504
-1004
-1239
-919
-338
363
678
1232
1240
394
-81
-136
-329
-799
-1033
-487
-512
-925
-292
522
1131
1232
988
1263
996
-372
-1043
-777
-634
-678
-435
1
132
160
738
1140
620
296
335
-422
-1273
-1164
-700
-593
-419
-19
253
424
641
609
437
306
97
-469
-984
-928
-746
-590
-124
402
559
707
1028
1278
1272
879
-180
-540
-801
-1673
-1494
-225
410
637
697
747
967
725
233
109
68
-570
-1387
-1560
-1011
-299
112
564
1430
1345
453
95
-8
-190
-630
-930
-731
-911
-1002
-345
406
1199
1341
1239
1486
816
-356
-724
-747
-840
-929
-678
-232
-150
114
810
1041
811
842
478
-498
-1008
-906
-963
-954
-583
-117
72
263
795
1096
765
517
270
-413
-970
-1075
-989
-837
-413
72
362
710
1170
1492
1697
726
-234
-295
-1090
-1928
-1207
-268
201
430
613
943
933
642
435
412
-21
-947
-1572
-1532
-1033
-430
-194
737
1466
851
389
486
513
31
-741
-655
-599
-1263
-1161
-409
602
1248
1053
1101
1235
365
-379
-368
-272
-560
-899
-673
-487
-544
70
953
946
758
842
399
-453
-781
-674
-778
-934
-562
-273
-273
161
868
1078
809
641
271
-410
-818
-915
-910
-622
-346
-120
126
515
1163
1831
1289
179
211
-212
-1605
-1629
-465
0
-89
-36
437
799
768
633
764
638
-145
-1018
-1465
-1393
-824
-497
-94
859
885
236
278
690
607
-85
-363
-176
-872
-1379
-961
-34
882
876
931
1260
752
113
22
-27
-162
-452
-628
-769
-880
-494
330
665
622
924
839
19
-492
-448
-506
-676
-727
-602
-553
-327
276
742
852
928
729
47
-488
-562
-717
-727
-319
-124
-100
198
790
1521
1191
261
499
291
-1042
-1270
-478
-194
-392
-376
201
515
528
677
888
670
-120
-680
-921
-1104
-718
-479
-242
510
507
79
191
612
647
-40
-226
123
-569
-1183
-816
-47
554
439
529
1134
661
-4
183
215
-19
-241
-385
-651
-852
-414
312
395
335
597
554
-59
-365
-153
-122
-315
-369
-492
-669
-550
-74
406
546
646
619
170
-298
-406
-496
-567
-386
-185
-216
-40
567
1317
1155
373
460
252
-831
-1049
-355
-62
-269
-411
-40
153
210
490
854
853
260
-453
-864
-1013
-682
-443
-323
308
371
-56
-48
471
790
256
-135
215
-246
-941
-850
-226
450
458
397
830
728
218
248
323
151
-90
-232
-490
-769
-600
19
250
181
411
509
1
-238
-69
-126
-325
-405
-443
-590
-486
-69
296
424
489
441
120
-193
-187
-310
-404
-233
-166
-122
83
637
1337
866
157
474
122
-837
-658
-12
50
-343
-400
147
165
-121
144
680
636
-22
-494
-564
-582
-397
-320
-29
394
144
-251
-212
324
620
131
-65
136
-384
-811
-593
62
586
480
481
669
269
-29
201
376
286
-90
-293
-380
-646
-563
4
257
149
239
275
-72
-112
142
88
-227
-415
-398
-486
-475
-35
357
380
249
129
-72
-244
-164
-61
-154
-132
-34
-51
-15
544
1289
688
56
328
-116
-858
-524
85
229
-274
-419
82
50
-119
340
796
492
-204
-532
-559
-545
-283
-286
51
346
-59
-313
-150
331
508
-22
18
158
-436
-669
-399
302
639
267
351
638
240
-41
104
371
277
-181
-350
-477
-671
-402
252
377
92
194
215
-210
-215
156
251
-63
-348
-476
-632
-484
-16
315
363
226
50
-157
-269
-105
-29
-96
-98
-51
57
197
905
1200
247
94
257
-485
-750
-155
249
139
-346
-257
31
-171
-187
355
717
341
-259
-517
-621
-454
-199
-196
180
214
-272
-405
-37
421
300
-35
226
66
-519
-550
-93
516
498
104
299
387
-17
-38
303
528
253
-174
-311
-458
-542
-144
252
150
52
170
6
-214
3
239
39
-248
-277
-361
-470
-136
261
237
97
3
-155
-307
-219
29
61
-16
2
13
44
344
1038
767
6
262
90
-768
-545
165
367
13
-364
-65
-17
-194
106
511
478
-12
-498
-593
-526
-175
-73
-57
300
114
-415
-477
18
353
-79
-192
187
-213
-550
-268
262
688
488
383
592
163
-137
79
194
263
131
-159
-431
-528
-308
29
182
234
215
76
-187
-196
8
64
-26
-136
-293
-424
-275
61
211
215
203
-57
-312
-329
-255
-197
-158
-109
-99
15
285
837
1146
429
209
407
-374
-802
-147
218
85
-246
-156
157
-61
-59
389
606
263
-371
-671
-599
-399
-121
-94
182
295
-168
-413
-99
418
365
-90
79
26
-599
-553
-97
388
552
267
323
428
81
73
291
300
94
-159
-298
-481
-498
-84
234
51
-42
138
31
-218
-29
196
78
-208
-311
-368
-472
-223
148
142
105
162
24
-130
-72
42
-30
-106
-79
-42
32
318
944
842
59
207
250
-597
-580
161
320
-61
-399
-71
115
-154
19
486
442
-102
-573
-593
-480
-226
-47
-61
200
163
-239
-331
126
560
196
-171
134
-78
-520
-306
229
628
469
238
425
307
-32
86
257
202
2
-134
-213
-370
-307
93
197
-28
11
152
-82
-210
60
154
-94
-309
-296
-352
-363
-21
212
99
61
68
-47
-120
-6
48
-69
-46
32
-12
35
499
1021
454
-148
184
-118
-882
-524
191
240
-149
-256
133
108
-71
233
489
227
-256
-545
-547
-464
-178
-69
-53
134
-36
-333
-226
252
474
50
-98
69
-372
-626
-223
373
590
273
239
452
114
-85
211
301
99
-163
-244
-301
-373
-145
178
85
-120
-6
101
-95
-65
201
149
-164
-337
-306
-340
-244
80
189
68
6
-21
-109
-134
-11
-15
-162
-132
-57
-23
170
733
1111
427
2
311
-158
-771
-332
193
148
-283
-333
56
61
20
318
558
307
-293
-553
-486
-361
-36
-18
15
173
-55
-282
-63
441
508
-51
-154
-62
-465
-525
-114
476
659
280
244
361
56
-4
229
282
95
-129
-209
-298
-282
-21
259
137
-123
-16
80
-104
-30
200
108
-220
-397
-389
-358
-137
183
230
164
92
12
-21
-51
17
-73
-251
-213
-204
-97
224
741
993
251
-148
142
-307
-704
-135
321
228
-233
-274
62
25
24
358
575
258
-390
-580
-443
-348
-91
-146
-88
6
-278
-405
-75
458
550
30
-90
-18
-344
-335
0
516
628
181
121
316
63
28
299
305
18
-244
-284
-354
-340
0
248
23
-112
118
143
-97
2
200
-2
-422
-503
-389
-355
-219
57
112
40
-23
-111
-181
-65
68
-92
-164
-65
-57
20
302
843
1054
239
-32
270
-293
-734
-134
223
-14
-420
-317
40
136
259
466
581
218
-415
-590
-478
-311
-18
-164
-114
29
-147
-177
163
645
506
-131
-163
-159
-496
-355
76
564
585
163
300
509
221
243
391
277
-69
-373
-426
-516
-493
-203
-11
-98
-123
113
171
-18
108
243
40
-258
-369
-260
-247
-221
81
188
125
165
166
54
90
64
-195
-291
-134
-106
-12
307
805
1006
210
-106
266
-122
-606
-100
263
43
-447
-390
41
178
260
389
446
80
-514
-734
-581
-334
-60
-218
-205
-69
-184
-255
39
589
567
-80
-128
-63
-409
-346
-6
492
531
59
121
390
217
187
312
408
171
-225
-329
-302
-241
-40
157
83
14
152
132
-109
-63
86
-24
-308
-405
-180
-174
-251
-63
9
-65
-72
-39
-29
16
-15
-182
-343
-220
-66
116
401
858
1071
269
-169
90
-207
-603
-116
334
165
-403
-423
53
188
187
411
595
242
-340
-567
-427
-219
-23
-182
-185
-89
-224
-357
-98
460
445
-142
-210
-87
-342
-265
145
571
567
126
114
348
182
130
267
234
-26
-317
-377
-386
-308
-72
-20
-163
-152
69
102
46
173
252
31
-281
-387
-207
-101
-74
112
150
45
-39
-25
-23
50
118
-27
-216
-177
-75
89
395
860
963
208
-94
156
-190
-523
4
392
144
-417
-408
14
144
171
281
382
79
-487
-729
-513
-216
-20
-163
-198
-130
-223
-277
39
556
498
-31
-79
9
-249
-188
182
491
293
-116
-46
134
60
180
335
267
21
-259
-279
-207
-121
42
42
-168
-244
-103
-34
10
161
242
93
-182
-318
-198
-115
-117
-38
-38
-129
-208
-117
45
121
137
74
-59
-66
0
102
391
731
801
171
-246
-26
-162
-533
-186
288
132
-357
-441
-41
146
175
270
386
158
-325
-601
-418
-148
-14
-111
-186
-135
-224
-215
81
484
472
16
-165
-61
-220
-195
161
468
396
10
-72
163
201
210
352
378
153
-216
-276
-176
-187
-69
72
-67
-209
-99
21
32
54
134
36
-185
-229
-112
-68
-62
41
77
-111
-276
-114
33
-26
-44
-54
-159
-219
-93
117
369
704
835
269
-187
5
-73
-510
-300
259
138
-388
-444
-34
119
125
215
316
113
-325
-592
-454
-194
-31
-125
-264
-192
-165
-124
93
492
550
55
-225
-83
-207
-253
68
329
238
-62
-102
134
266
237
334
410
178
-176
-199
-77
-95
-74
24
-52
-166
-72
51
59
56
91
-12
-215
-269
-131
-51
-110
-57
86
-13
-157
22
155
80
70
48
-129
-247
-142
-2
179
499
818
538
-36
-19
40
-355
-408
127
205
-209
-412
-99
112
175
298
398
277
-109
-481
-471
-206
-95
-113
-177
-152
-146
-118
46
420
642
273
-170
-83
-61
-237
-57
301
345
-3
-237
49
327
196
212
482
336
-205
-242
93
10
-146
81
72
-284
-230
72
81
53
166
88
-236
-408
-257
-117
-164
-84
79
-12
-213
-111
101
65
69
149
-54
-264
-120
34
70
267
643
660
23
-165
126
-73
-400
-48
250
-43
-408
-224
80
101
218
282
175
-51
-376
-505
-293
-106
-79
-209
-206
-154
-172
-89
217
502
304
-147
-144
4
-181
-145
146
299
94
-243
-163
212
228
83
276
356
-63
-310
-32
58
-147
-1
146
-151
-281
33
133
-34
-35
21
-137
-325
-236
-48
-59
-95
-10
8
-68
-17
156
153
17
37
-3
-242
-261
-106
-45
85
346
676
621
144
113
229
-151
-387
2
182
-128
-351
-143
30
90
247
272
239
53
-293
-413
-271
-117
-122
-251
-251
-204
-214
-115
203
468
220
-144
-2
76
-167
-46
262
264
-109
-317
-20
223
153
213
410
351
36
-38
164
58
-87
30
-101
-371
-200
104
88
-37
-41
-100
-311
-384
-230
-66
-48
-82
-89
-96
-97
35
172
184
103
84
8
-174
-174
-11
67
122
393
675
671
234
74
80
-241
-534
-205
95
-77
-258
-143
92
204
293
296
310
127
-255
-504
-353
-174
-247
-354
-254
-199
-217
-63
292
487
221
-55
57
134
-54
8
259
219
-230
-365
-38
219
186
172
293
204
-60
-49
192
166
23
-48
-215
-400
-260
86
162
59
36
-20
-182
-226
-36
73
-20
-117
-155
-146
-31
104
136
107
-18
-107
-186
-195
-86
-9
24
81
296
497
667
489
155
-21
-208
-455
-422
-84
17
-164
-279
-26
196
250
267
312
189
-244
-604
-450
-217
-321
-371
-213
-203
-255
-15
329
485
425
213
66
156
116
-57
47
231
-33
-375
-79
343
233
134
337
267
-10
36
237
200
33
-12
-133
-342
-259
8
33
-125
-127
-82
-182
-158
13
34
-89
-95
-62
-69
-5
146
97
-98
-174
-117
-89
-81
10
21
-6
33
262
499
749
638
122
-201
-324
-528
-676
-290
53
-120
-368
-66
304
310
255
369
328
-116
-527
-395
-165
-291
-424
-271
-213
-254
1
383
576
501
253
39
116
110
-82
-28
203
-26
-385
-113
332
254
126
336
319
34
-5
176
105
-148
-239
-257
-357
-280
-40
10
-103
-141
-126
-123
-73
11
-28
-120
-114
-124
-66
105
240
168
-25
-138
-110
-75
-83
-55
-54
-127
-85
129
374
566
772
459
-127
-239
-204
-453
-469
-21
46
-310
-292
174
323
280
387
365
87
-257
-402
-262
-201
-323
-335
-168
-125
-101
114
367
360
222
112
138
161
30
-64
7
-43
-299
-268
50
124
44
221
292
110
141
300
184
8
-53
-126
-270
-279
-218
-171
-117
-88
-72
22
130
93
38
-15
-76
-100
-50
-11
7
-14
-111
-193
-97
12
36
77
102
-28
-94
143
352
389
528
623
116
-309
-203
-153
-395
-242
103
-94
-377
-118
242
218
258
336
155
-163
-380
-374
-243
-222
-285
-181
-2
-43
8
276
362
198
86
56
-5
-91
-165
-147
-112
-176
-213
-67
98
125
200
295
265
228
239
184
111
64
-43
-142
-155
-178
-226
-124
-5
-2
36
137
119
0
-33
-8
24
35
71
89
8
-89
-97
-55
-76
-33
59
20
-113
-86
123
202
215
319
433
128
-287
-242
-122
-317
-360
4
54
-234
-175
174
223
176
268
225
-14
-230
-339
-275
-194
-265
-296
-77
22
-43
153
417
353
133
106
74
-46
-101
-83
-75
-66
-101
-94
91
229
215
235
285
201
82
90
74
-56
-167
-193
-222
-253
-219
-128
-17
14
-2
24
69
32
-33
-37
-39
-65
-58
-42
-59
-34
7
-10
7
77
92
53
27
-17
-29
71
151
160
221
280
3
-258
-156
-84
-262
-162
159
58
-200
-23
221
91
50
198
116
-152
-281
-198
-105
-138
-117
36
152
50
46
236
254
63
25
53
-76
-151
-107
-91
-107
-37
12
2
89
170
109
60
93
52
-46
-42
-30
-119
-198
-147
-116
-147
-103
1
9
-48
-27
39
26
-37
-27
-39
-74
-50
26
80
101
111
92
57
20
61
68
8
-42
-80
-104
-106
23
201
321
243
87
14
-45
-163
-144
71
94
-69
-56
77
48
11
157
215
35
-107
-115
-130
-191
-196
-118
-47
-63
-33
98
181
182
166
173
118
63
35
-36
-94
-94
-121
-168
-93
9
42
52
92
69
9
15
6
-63
-85
-71
-99
-154
-152
-93
-57
-33
14
69
63
33
-14
-68
-99
-105
-75
-42
3
39
40
54
80
99
119
140
83
-9
-68
-69
-51
-11
86
170
163
90
69
48
-9
-38
2
-34
-120
-100
-46
-75
-71
39
70
21
40
79
19
-44
-38
-41
-55
-9
57
69
52
61
57
21
31
55
43
7
-32
-55
-52
-20
14
43
76
75
38
1
-2
1
-41
-94
-94
-68
-66
-63
-31
-3
-32
-76
-66
-68
-89
-105
-98
-118
-114
-59
-26
49
133
160
139
158
143
53
1
-5
-78
-169
-130
-76
-79
-66
-3
35
16
24
53
32
-23
-28
-1
-31
-48
28
67
24
36
71
18
-14
41
30
-45
-55
-48
-86
-75
-8
44
57
92
124
127
122
106
91
47
-41
-111
-114
-176
-239
-216
-144
-106
-48
54
113
118
89
66
56
51
30
3
-11
-17
-32
-46
10
68
67
48
56
37
-3
0
41
49
36
56
60
60
82
79
57
56
36
-30
-53
-26
-41
-71
-31
20
5
-1
20
20
0
1
0
-24
-23
-26
-52
-71
-82
-76
-63
-47
-38
-23
-18
-45
-48
-22
-7
-15
-1
15
6
8
42
63
59
80
78
45
14
6
9
-27
-41
-22
0
-9
-14
6
4
-11
-26
-8
11
6
-2
6
22
10
7
31
39
19
7
16
1
-38
-44
-44
-65
-83
-58
-12
16
31
58
69
43
35
36
34
15
14
7
-4
-1
10
8
6
40
43
5
-4
18
-7
-46
-23
-4
-28
-35
-1
26
27
59
107
98
73
56
28
-22
-58
-61
-78
-98
-104
-86
-62
-25
45
101
121
135
138
92
37
5
-16
-65
-113
-130
-139
-142
-117
-60
-13
15
34
41
15
-11
-24
-36
-53
-67
-82
-79
-59
-23
3
32
71
67
56
58
67
46
19
-2
-36
-59
-52
-39
-18
16
32
32
42
35
25
42
57
58
35
18
1
-25
-46
-45
-37
-23
-32
-37
-7
17
23
31
55
48
25
20
36
37
31
31
4
-31
-38
-37
-32
4
49
52
38
41
36
27
16
21
7
-18
-46
-53
-51
-58
-68
-73
-64
-55
-42
-17
14
28
25
6
-4
-8
-15
-2
14
20
24
20
26
26
38
53
50
38
28
26
13
5
5
3
-10
-24
-52
-74
-72
-59
-51
-46
-29
-23
-23
-2
26
25
15
8
-9
-35
-41
-20
-3
10
10
17
30
51
76
92
78
48
19
-12
-42
-53
-42
-29
-37
-20
7
6
6
28
38
20
1
-22
-50
-81
-89
-85
-67
-47
-25
2
21
39
42
50
61
57
41
27
17
8
6
24
38
35
26
32
46
42
47
60
65
48
35
25
13
4
-1
-8
-14
-11
-18
-33
-34
-26
-29
-37
-29
-31
-44
-45
-46
-48
-45
-35
-44
-63
-61
-48
-56
-61
-49
-56
-64
-45
-18
4
17
27
25
24
35
36
28
24
30
22
11
10
22
29
28
24
23
42
47
39
44
49
45
37
28
17
12
12
9
4
7
14
16
15
22
31
42
42
29
14
11
5
-13
-22
-26
-33
-49
-61
-56
-35
-9
9
22
36
46
34
25
24
6
-18
-35
-40
-44
-40
-33
-35
-41
-24
-1
1
2
21
34
27
17
19
14
-1
-14
-22
-20
-30
-28
-23
-23
-17
-6
6
8
19
16
-1
-13
-19
-26
-26
-27
-30
-37
-42
-38
-30
-20
-10
2
5
-4
-14
-10
-8
-3
-3
0
6
12
16
15
23
25
30
26
19
6
-7
-12
-16
-6
2
6
11
10
9
14
17
15
19
24
24
28
23
19
15
6
6
14
22
19
11
7
8
6
1
-2
-2
-4
-16
-26
-29
-19
-11
-8
-2
0
-1
2
5
4
-1
-2
1
-5
-2
6
5
-8
-18
-16
-13
-10
-5
7
18
16
14
14
15
3
-7
-4
-8
-15
-12
-2
-2
-2
1
7
7
9
8
0
-13
-26
-42
-46
-42
-40
-32
-20
-10
-13
-17
-22
-23
-31
-33
-29
-30
-35
-37
-31
-26
-23
-12
8
23
39
59
68
70
72
63
57
51
50
42
36
34
32
37
40
42
52
62
60
56
55
50
33
17
5
-5
-17
-23
-25
-26
-27
-21
-16
-11
-6
-9
-10
-12
-24
-39
-52
-64
-73
-77
-71
-63
-54
-50
-37
-26
-14
-4
-5
-9
-15
-22
-30
-31
-27
-26
-21
-10
5
23
39
52
60
56
50
45
40
37
35
25
13
9
5
2
7
19
32
36
43
53
52
47
43
42
31
14
5
-4
-16
-29
-33
-35
-37
-33
-24
-19
-15
-10
-10
-19
-27
-29
-36
-52
-63
-71
-71
-70
-69
-61
-46
-31
-22
-17
-6
5
4
-2
-5
-10
-19
-18
-13
-2
13
22
31
49
68
75
77
80
77
70
68
57
49
44
37
36
32
34
40
44
45
43
48
49
35
19
10
-4
-14
-21
-28
-29
-31
-39
-46
-42
-41
-41
-43
-44
-44
-39
-40
-46
-44
-52
-62
-67
-68
-70
-73
-70
-67
-57
-45
-29
-15
-1
12
19
22
23
20
12
6
1
1
2
6
7
15
26
39
51
61
73
77
68
55
47
41
30
24
23
20
21
27
28
32
38
39
37
29
23
16
8
-1
-17
-26
-33
-43
-49
-48
-44
-39
-40
-35
-29
-21
-19
-20
-17
-16
-19
-28
-26
-29
-33
-33
-28
-24
-21
-18
-11
-5
1
2
-5
-4
2
2
-3
-3
-7
-10
-11
-7
-2
7
13
20
22
23
26
28
29
29
24
27
31
34
35
35
32
26
27
31
28
27
23
19
19
13
11
4
-4
-10
-14
-13
-12
-14
-12
-13
-14
-17
-26
-25
-27
-28
-27
-27
-28
-30
-32
-34
-36
-37
-39
-37
-31
-32
-31
-28
-25
-22
-18
-16
-16
-12
-5
-5
-5
3
13
18
16
14
11
9
13
22
28
32
34
33
29
31
38
40
43
43
42
40
37
31
31
30
24
19
14
9
4
2
0
-2
-9
-10
-5
-6
-9
-10
-14
-16
-16
-16
-19
-23
-22
-21
-19
-16
-13
-12
-11
-11
-13
-13
-12
-12
-14
-16
-13
-9
-12
-14
-16
-19
-19
-19
-16
-9
-3
-2
-2
2
3
2
4
7
13
12
11
15
16
12
12
11
11
10
12
12
8
9
12
11
15
17
14
12
9
7
7
8
8
6
3
2
-2
-3
-4
-8
-11
-12
-8
-6
-7
-11
-12
-8
-5
-3
-1
-1
-2
-1
-2
0
3
6
5
2
6
12
11
10
7
4
7
7
7
7
3
0
-2
-2
-2
-1
0
1
-1
-2
2
2
0
-1
-1
-5
-8
-8
-9
-6
-5
-7
-11
-10
-6
-6
-2
-2
-4
-3
-6
-6
-7
-10
-9
-10
-11
-9
-6
2
5
5
7
9
8
4
3
0
-4
-3
-5
-8
-7
-6
-3
-2
-1
4
4
5
10
12
12
9
4
3
1
3
3
2
3
3
6
6
6
9
10
9
12
14
10
8
7
5
6
4
2
1
-1
2
3
4
3
0
1
1
3
2
0
-2
-5
-8
-14
-16
-14
-15
-11
-7
-1
3
6
10
7
3
3
3
-1
-2
-4
-6
-4
2
7
7
8
7
3
2
1
0
-1
-3
-7
-9
-4
1
4
7
7
4
1
0
-1
-5
-6
-6
-6
-3
1
2
-3
-6
-9
-12
-12
-12
-10
-10
-12
-10
-9
-8
-7
-6
-6
-6
-5
-1
3
0
-3
-6
-5
-5
-2
-3
-2
1
1
-1
0
3
1
0
-2
0
-1
2
2
3
5
4
2
2
1
2
3
5
5
4
3
8
10
7
4
6
9
10
7
4
7
6
2
1
3
3
-4
-7
-4
-3
-2
2
5
2
0
-1
-1
6
9
10
9
5
2
2
2
-3
-5
0
2
-1
-2
-2
0
2
2
4
5
7
2
-7
-8
-9
-9
-6
-5
-5
-5
-7
-6
-4
0
1
-1
3
5
4
0
-7
-9
-2
-2
-3
1
8
10
6
5
5
2
-3
0
-1
-6
-9
-14
-15
-9
-2
-1
-6
-6
-5
-3
2
0
3
4
0
-3
-6
-4
-3
2
6
9
10
7
6
5
6
7
1
6
9
5
-1
-3
-7
-8
-5
2
6
6
7
4
3
5
6
5
8
3
1
-3
-1
-2
-3
-4
-7
-4
-3
1
8
6
1
-9
-17
-10
-3
2
2
-4
-6
-5
1
9
7
0
-4
-1
2
3
2
1
-5
-6
-2
3
4
1
-3
-3
0
7
10
8
0
-7
-9
-14
-9
3
14
15
-1
-16
-16
-5
9
14
15
5
-1
-2
-10
-9
-11
-12
-9
-14
4
21
24
12
-3
-1
-7
-18
-9
2
-2
-7
0
15
14
7
-1
-12
-14
-11
8
38
38
13
-17
-29
-18
-9
15
22
11
13
17
23
7
-24
-30
-18
4
1
12
32
12
-19
-27
-29
-25
15
53
37
-16
-28
-35
-41
-31
-5
22
23
10
2
-8
-34
-54
-36
10
32
48
46
25
-15
-44
-33
-12
11
15
21
16
4
4
1
-9
-29
-37
-10
24
32
34
52
42
-18
-71
-71
-44
-14
24
49
47
14
-20
-33
-33
-35
-25
6
42
52
35
8
-39
-62
-55
-26
6
38
71
52
-1
-50
-66
-50
-15
35
66
64
23
-16
-37
-44
-48
-28
14
39
50
38
24
2
-23
-39
-32
-20
11
45
66
41
-6
-40
-59
-54
-41
6
56
78
44
1
-31
-53
-45
-17
15
41
38
20
21
13
-27
-59
-43
-3
30
67
79
41
-23
-72
-81
-73
-29
55
114
113
49
-37
-92
-92
-35
41
96
90
64
10
-44
-75
-69
-44
-8
49
71
65
32
4
-15
-28
-37
-30
-8
23
47
52
44
4
-53
-90
-65
-8
33
61
79
51
-1
-55
-91
-84
-35
40
87
91
52
-16
-82
-108
-71
-6
55
82
64
34
-2
-41
-83
-69
7
40
45
52
39
-16
-71
-52
-20
-14
11
51
61
46
17
-12
-56
-69
-37
-6
35
48
39
5
-28
-49
-48
-21
22
58
55
44
8
-47
-94
-66
-22
16
58
60
11
-33
-21
20
34
6
-24
-45
-41
-11
51
79
32
-20
-68
-107
-90
-35
62
138
141
61
-63
-137
-152
-110
-3
77
91
47
-31
-98
-154
-119
-32
49
83
57
17
-17
-38
-43
-29
7
28
0
-34
-35
6
39
24
-2
-39
-34
3
40
87
89
54
-10
-61
-43
3
60
88
58
13
-44
-56
-3
73
122
62
-36
-103
-104
-38
47
104
85
15
-46
-87
-63
-1
67
103
67
13
-32
-64
-49
-10
38
40
13
12
5
-12
-20
-22
10
24
20
1
-33
-25
-14
3
35
30
9
-8
-43
-31
13
41
20
-22
-21
-36
-44
-33
-31
-7
4
6
28
57
49
-12
-72
-89
-64
-29
17
77
101
46
-45
-92
-84
-62
-26
24
45
47
32
1
-21
-17
12
26
7
19
35
39
17
-30
-30
-14
0
9
17
34
17
-9
-5
25
44
29
-9
-23
-30
-39
-8
32
56
34
-8
-34
-20
19
27
21
18
-14
-34
-21
4
32
18
-17
-41
-18
35
52
41
18
-12
-36
-56
-37
13
36
36
22
10
5
9
17
-9
-34
-27
-6
10
19
20
-2
-42
-48
-7
53
67
28
-15
-59
-67
-29
47
96
58
-32
-93
-76
-5
53
64
47
-15
-81
-83
-24
40
32
-7
-25
-23
4
49
57
6
-51
-58
-45
-17
32
51
30
-25
-61
-36
5
18
12
2
14
5
-18
-23
-4
26
32
34
55
31
-23
-61
-44
3
48
86
71
1
-73
-96
-39
42
99
103
49
-19
-47
-37
-14
0
12
1
-47
-46
6
53
49
7
-45
-80
-69
-10
51
81
70
11
-61
-87
-60
-19
12
34
24
8
12
17
2
-16
-31
-48
-44
-6
41
52
30
-13
-48
-53
-48
-26
7
28
36
36
61
57
-7
-72
-99
-79
-35
25
76
88
36
-46
-107
-98
-46
21
78
94
74
29
-9
-45
-61
-50
-14
21
53
60
35
-1
-35
-48
-35
-4
26
34
29
6
1
6
4
-4
-16
-30
-26
1
27
39
48
46
5
-46
-73
-41
14
55
62
27
-12
-44
-50
-26
19
51
53
17
-19
-24
-20
-11
-13
-13
-17
-20
-12
19
45
43
6
-32
-59
-54
-12
31
50
35
-3
-35
-37
-20
11
32
43
21
-16
-49
-59
-35
11
59
63
27
-23
-51
-45
-10
30
62
56
9
-33
-44
-24
-3
19
21
-1
-13
-11
-4
17
31
7
-19
-29
-16
-1
21
52
50
26
-12
-46
-57
-41
-15
24
49
52
23
-11
-31
-49
-38
-17
7
32
46
46
25
-7
-34
-63
-61
-28
15
61
66
38
-5
-53
-80
-84
-40
22
56
52
22
-10
-32
-42
-32
-16
-2
14
20
29
34
28
5
-31
-50
-50
-22
16
46
57
41
5
-34
-50
-32
1
38
57
43
21
-11
-38
-46
-36
-17
7
24
37
34
20
6
-13
-24
-36
-18
12
33
52
47
18
-22
-41
-38
-25
2
27
33
28
6
-10
-22
-28
-17
-1
11
14
13
7
-15
-30
-27
-12
10
22
25
17
-1
-26
-50
-50
-24
7
37
39
16
-2
-19
-20
-5
17
27
14
-1
-14
-20
-19
-22
-22
-20
-16
3
31
51
43
12
-19
-29
-17
4
22
35
26
4
-26
-38
-25
-10
5
15
20
19
11
-4
-7
-10
-9
-10
-6
-2
0
10
13
2
-12
-25
-31
-12
10
39
53
42
12
-24
-36
-36
-19
8
27
31
18
7
1
-8
-11
-11
-6
8
19
27
17
-4
-20
-36
-35
-20
7
34
46
41
17
-8
-26
-34
-23
0
14
20
14
3
-4
-9
-13
-9
1
7
9
17
28
24
11
-14
-39
-38
-27
-6
18
36
37
19
-4
-27
-40
-27
-2
22
34
28
12
-13
-26
-25
-16
-1
8
9
11
8
6
8
4
-6
-17
-19
-13
4
18
14
10
0
-14
-22
-21
-17
-6
7
17
15
5
-3
-11
-17
-19
-14
0
17
27
15
3
-6
-14
-17
-17
-8
9
19
24
23
13
5
-4
-8
-10
-6
4
14
23
18
5
-4
-12
-17
-10
-10
-2
5
7
11
5
1
-5
-8
1
3
7
5
-1
-3
-7
-5
-2
-6
-10
-14
-8
4
8
18
14
3
-15
-24
-14
-5
15
20
10
0
-13
-15
-11
-6
10
14
10
5
-5
-8
-8
-3
3
4
12
5
-3
-1
2
7
6
0
-1
-9
-9
-6
-1
10
17
11
-2
-7
-3
-3
-4
-2
-4
-6
-2
6
9
10
12
7
-4
-8
-3
1
0
0
-1
-2
2
5
7
3
3
2
0
5
5
4
2
2
2
-5
-8
1
5
4
3
3
0
-1
0
-2
-3
-4
-4
-11
-10
-10
-7
0
4
5
2
1
3
2
-3
-7
-9
-4
0
3
4
0
-3
-2
-4
-5
-5
-1
1
10
15
9
2
-6
-9
-12
-9
1
11
12
10
0
-8
-14
-18
-12
2
5
4
1
-2
-11
-16
-7
-3
5
13
11
4
-3
-11
-12
-9
-8
-9
-8
-8
-4
5
10
10
3
-11
-14
-9
1
15
16
9
-2
-9
-11
-9
-3
6
11
6
-1
3
5
4
-1
-7
-9
-7
-3
2
2
2
1
0
-2
-4
-3
1
3
5
9
3
-7
-14
-7
5
11
8
8
7
2
2
-2
-3
-4
-1
4
3
2
3
3
3
-2
-3
-2
1
10
12
11
6
0
-7
-12
-4
5
8
4
2
-2
-6
-4
-1
5
7
4
-3
-5
2
7
7
6
-1
-6
-8
-8
1
2
2
-2
-4
-4
-5
-1
4
6
1
-3
-8
-7
-3
4
6
6
4
1
-5
-6
-5
-2
3
4
6
8
7
-1
-3
2
4
5
6
9
6
1
-1
-2
2
7
5
-1
-4
-6
-7
-5
-3
0
1
1
1
2
4
3
2
2
5
6
3
-2
-5
-3
-5
-4
2
6
6
1
0
3
2
2
8
9
3
0
-4
-8
-7
-5
-6
-2
5
6
1
-4
-6
-5
-3
-1
-3
-1
3
3
-1
1
5
4
3
-1
-3
-1
-2
1
5
6
3
-2
-4
-5
-2
0
1
0
0
1
0
1
2
1
4
2
-1
-1
0
-2
-2
-2
-2
-2
1
0
-4
-5
-6
-6
-3
-1
2
5
4
-3
-8
-7
-4
-4
-1
2
1
-1
-2
-2
-4
-6
-2
2
10
9
6
5
-2
-4
-3
-2
-2
0
-3
-1
-2
-1
0
2
4
4
2
-2
-2
0
0
-1
-3
-7
-4
3
6
6
7
8
3
-1
-4
-6
-6
-3
-3
-4
-2
1
2
1
4
5
6
7
3
0
-2
-1
-2
-2
-4
-7
-8
-5
0
4
1
-2
-2
-1
3
4
3
-2
-4
-3
-4
-7
-4
2
2
1
0
-1
1
2
2
-3
-5
-4
-6
-11
-10
-4
-3
-1
4
5
2
0
-4
-5
1
0
-3
-1
0
-3
-5
-2
-1
-4
-4
-4
-3
3
5
4
-1
-5
-3
-2
-2
1
1
0
-5
-4
-4
-2
3
1
-1
2
4
3
2
0
0
0
0
-1
0
3
2
3
3
0
-1
0
1
4
1
0
1
1
0
0
0
-3
-3
-2
-7
-7
-4
2
6
4
2
4
0
-3
-5
-5
-3
-1
0
1
2
0
-4
-6
-2
5
8
4
4
5
0
-5
-5
-5
-2
0
0
0
1
0
-5
-4
3
6
8
7
2
-1
-1
1
0
-3
0
2
0
0
2
4
5
10
9
3
1
0
-6
-6
-4
-4
0
1
0
0
0
-1
0
3
2
0
-2
0
7
10
9
12
8
4
1
0
-1
-3
-4
-8
-7
-1
-3
-4
-5
-2
-1
-3
-1
5
7
5
1
1
1
-1
-1
0
2
5
4
1
-2
-4
-3
-5
-4
-1
0
3
4
-1
1
-2
-3
2
3
1
-3
0
2
2
3
0
-1
-4
-3
-1
3
4
6
5
-4
-7
-7
-7
-4
2
2
2
1
2
3
6
9
6
5
2
-1
-3
-2
-3
-3
-1
3
5
7
10
8
8
7
3
-4
-8
-4
1
1
3
7
8
8
7
3
5
4
9
11
8
4
2
-3
-5
-3
1
2
1
3
2
1
-2
-3
1
0
0
0
-1
0
-1
-3
-5
-5
-3
-1
0
1
1
1
-1
-4
-4
-1
2
1
-1
-4
-4
-2
-2
-4
-3
-1
-2
-1
-1
3
2
-1
-2
-4
-4
-2
-3
-2
-3
-6
-2
-2
-4
-4
-5
-6
-9
-7
-6
-3
-1
-5
-8
-3
-2
-2
-2
-2
-1
-2
-1
1
2
5
4
4
3
4
2
2
0
-2
-3
0
5
5
5
5
3
0
1
1
0
-2
0
2
2
3
5
0
0
2
0
1
0
1
4
0
-2
-2
-1
-3
-3
0
1
3
4
0
-1
1
-3
-7
-6
0
1
-1
-2
-1
3
5
2
0
1
1
1
1
-1
1
3
1
1
2
3
4
3
3
1
1
3
2
2
3
0
2
2
-3
0
0
1
1
-1
2
2
-4
-10
-13
-11
-8
-5
-4
-2
0
0
-5
-9
-8
-9
-4
-2
1
2
-1
-2
-3
-6
-8
-9
-5
-1
1
4
5
4
1
-3
-8
-7
-4
-4
-4
-4
0
2
3
5
3
3
2
2
-1
-3
-3
1
1
1
5
6
7
4
3
5
2
3
4
4
2
-1
1
3
1
1
1
3
3
3
0
-1
1
0
-3
-2
2
2
-4
-11
-10
-4
1
2
2
6
9
6
5
7
8
9
8
6
4
0
-9
-10
-7
-2
2
3
3
3
1
0
-4
-5
-1
-1
-2
0
-1
0
-1
-3
-4
-1
2
-4
-3
1
-1
-2
-3
-3
-2
0
3
5
3
1
-3
-3
0
2
2
0
-2
-2
-1
-2
-1
-3
0
1
-1
1
1
0
0
1
-1
-1
1
1
0
0
-4
-4
-3
-3
-1
1
-1
-5
-4
-2
-5
-8
-8
-7
-1
2
4
4
5
8
6
3
5
2
1
4
5
1
-4
-4
-4
-3
2
6
10
8
3
0
-2
-4
-2
-4
-4
-1
3
3
4
3
3
3
3
3
2
1
1
-2
-4
-2
-2
1
3
4
5
2
2
1
0
-2
-3
-2
-2
-3
0
4
7
6
3
0
-3
-4
-2
-1
1
1
-2
-7
-9
-9
-6
-1
2
5
4
6
6
3
3
6
4
0
0
1
3
4
4
3
0
0
-2
-4
1
4
2
1
2
2
2
2
0
-3
-1
-3
3
6
5
3
3
1
-1
-1
-4
-5
-3
-4
-2
-2
-2
-1
-2
-1
-1
-2
1
0
0
-2
-5
-5
-4
-1
1
3
1
-2
-4
-5
-4
-3
-3
-1
3
3
3
4
1
-1
-3
-3
-1
0
2
4
1
-2
-5
-6
-6
-4
-1
0
4
5
3
1
-3
-1
0
-1
0
3
3
1
-6
-7
-6
-4
-4
-5
-3
-2
-1
0
-5
-4
-4
-7
-6
-3
-1
0
1
2
-2
-5
-4
-1
-3
-3
1
0
3
6
3
2
0
0
1
2
6
5
3
0
-2
-4
-3
-1
1
2
0
-1
0
2
0
3
3
1
1
2
-4
-6
-7
-8
-7
-6
-1
4
6
4
2
2
2
4
5
4
4
3
2
5
6
4
4
4
1
0
1
1
3
1
0
3
4
1
-1
1
3
1
1
1
0
1
1
3
0
-2
0
-2
1
3
4
4
2
-1
-3
-4
-4
-4
-4
-2
1
2
3
4
3
2
-2
-1
0
1
0
3
-1
-3
-3
0
4
6
5
4
4
-1
-5
-6
-8
-6
-5
-2
0
-2
3
5
1
-1
0
2
-1
-1
1
1
-1
-4
0
4
5
5
1
-1
-1
-2
-2
-1
2
3
3
1
-3
-2
1
4
2
3
3
3
1
-3
-6
-6
-5
-6
-2
-3
-3
-7
-7
-6
-4
-1
2
3
4
4
3
2
2
4
6
7
1
-3
-3
-5
-7
-6
-3
0
3
4
4
3
0
0
0
0
1
-1
-2
3
4
1
-3
-8
-6
-2
-2
1
8
11
6
-1
-5
-3
-1
1
0
0
-1
-5
-6
-11
-12
-7
-7
-6
-4
-1
0
2
4
6
6
7
6
4
2
2
5
5
2
2
-2
-1
-1
-2
-2
1
3
2
3
6
5
5
0
-2
-2
-3
0
0
0
0
1
1
5
7
6
5
1
-3
-5
-3
0
0
0
-1
0
-3
-3
1
0
-2
-4
-6
-4
0
5
4
2
1
1
0
-2
-4
-4
-3
-3
-2
-3
-2
-3
-5
-4
-2
0
2
3
2
1
2
4
3
0
-1
0
-2
-3
-1
3
3
0
-1
-2
-1
0
-5
-5
-2
-2
0
3
1
-3
-2
1
0
1
3
2
3
4
0
1
-1
0
0
1
4
5
4
3
1
1
-1
-2
2
1
1
1
2
3
2
-2
-4
1
2
4
4
5
6
3
-1
-3
1
0
-3
-1
1
3
4
7
6
3
1
-2
-2
-3
-2
-1
0
1
-3
-2
-1
-1
1
-1
0
3
-1
-2
0
3
3
0
-4
-3
-1
2
0
-1
1
-1
-1
-2
-2
-2
-1
-6
-7
-4
-1
-2
-4
-3
-2
3
1
-2
-1
2
3
3
-2
-3
0
-2
-6
-3
4
2
0
0
3
3
-3
-1
1
2
1
3
0
-6
-4
-4
-4
-2
-1
3
6
3
2
-1
1
3
0
0
2
3
2
-1
-2
1
-2
-1
1
0
-1
-7
-4
0
6
6
1
4
5
0
-1
0
2
3
2
-2
-6
-5
-4
-7
-3
0
2
2
4
1
-2
0
-1
0
-1
0
1
1
0
-2
0
2
1
-1
1
0
-1
-1
0
1
0
-3
-1
-3
-8
-5
1
5
3
1
1
-1
0
0
-2
-1
0
-2
-4
-2
2
1
3
1
4
5
2
2
1
0
0
2
4
6
5
2
1
2
2
2
1
0
-1
-1
-1
0
-1
-3
-2
-5
0
5
8
6
3
0
4
5
3
3
1
1
-5
-10
-9
-9
-8
-6
0
5
7
10
7
5
3
-2
-4
-3
-2
1
3
7
7
3
2
-2
-2
-1
-2
-1
1
1
-1
-3
-6
-5
-2
0
6
5
1
2
0
-2
0
-2
-4
-3
-5
-4
-1
-2
-5
-2
3
2
4
6
1
0
-1
-1
-2
-1
1
1
1
0
-5
-5
-1
0
1
1
3
4
3
6
7
7
2
-5
-7
-6
-6
-2
4
9
7
1
0
1
1
-3
0
2
0
-2
-1
-3
-4
-6
-5
0
3
6
6
2
0
-3
-5
-7
-6
-4
-4
0
3
4
5
4
4
2
-1
-1
-4
-4
-1
-3
-3
-3
3
3
1
-4
-4
-1
2
1
-1
-1
-2
-4
-1
4
6
2
-1
-3
-3
1
0
1
1
-3
-2
-2
-3
-1
0
0
6
5
5
6
3
0
-3
-8
-10
-7
-4
-2
0
2
1
0
-2
-1
1
2
-1
-1
-2
-3
-1
-2
2
3
3
1
-3
-3
-6
-4
2
1
-1
0
-2
2
1
0
-1
-2
1
3
-1
-4
-5
-5
-7
-7
-3
-1
1
1
0
1
-1
-1
2
0
-2
-1
0
0
-1
1
4
1
0
3
6
6
3
4
2
-2
-1
0
0
0
2
2
1
4
6
3
-1
-2
-3
-3
-1
-1
1
3
3
2
-1
1
1
-2
1
3
-1
1
-2
-1
-1
-3
-3
0
4
5
2
-1
-3
-1
-4
-7
-3
0
4
3
-1
0
0
0
0
1
0
-3
0
0
1
-2
-4
-5
-7
-5
-3
-2
2
2
1
0
0
3
3
1
0
-2
-1
4
1
3
5
5
3
3
1
1
-2
2
1
4
5
4
5
2
3
-1
-1
0
-3
-1
-1
-4
-3
0
1
-3
-8
-1
3
2
-3
-3
-1
1
0
-4
-4
0
2
3
3
4
3
2
-3
-7
-10
-9
-8
-7
-3
-1
0
2
1
-1
-1
2
4
5
4
5
4
3
4
3
2
3
4
6
8
6
4
2
-2
-5
-3
-2
-4
-2
1
3
2
2
3
6
8
5
2
2
-1
-2
-3
-3
-4
-2
0
2
2
3
2
2
1
-1
-1
0
0
0
-1
-2
-1
2
2
2
0
-2
-4
-5
-2
0
2
2
-1
-1
0
2
5
3
5
4
-1
-5
-5
-2
3
3
2
3
5
3
-1
-2
-2
-1
-1
0
-1
0
-3
-4
-5
-1
3
5
3
2
2
1
-3
-5
-4
-3
-1
1
-1
-1
1
3
1
-1
-1
3
5
1
-3
0
2
1
-2
-1
2
0
-6
-4
-2
0
0
-4
-4
-1
2
1
1
-2
-2
-3
-4
-3
2
2
2
3
3
1
1
-2
-6
-1
5
5
1
2
-3
-2
-4
-7
-4
1
7
14
7
0
-5
-8
-8
-5
1
2
3
5
1
-1
-2
-4
-2
0
1
2
0
0
-1
3
6
1
-4
-2
-2
-4
-6
-6
-3
1
5
3
0
3
3
0
1
-4
-7
-3
-1
-1
-4
-4
-1
3
3
-1
2
4
3
5
4
1
-1
-2
0
0
-5
-9
-6
2
5
3
-1
-3
-1
1
2
1
1
4
2
0
-2
-4
-8
-7
-3
-3
-3
-4
0
2
0
-2
-3
-3
0
3
2
1
2
2
3
2
0
-1
0
1
1
1
0
2
6
4
0
-3
-2
0
3
4
3
3
2
3
0
-2
-2
-2
1
3
2
1
-2
-4
-2
1
1
-1
2
2
2
0
-3
-4
0
2
0
1
3
6
6
5
6
1
-3
-1
1
1
4
8
9
7
6
0
-2
-2
-3
-4
-4
2
4
5
4
1
-1
-2
-2
-4
-4
0
0
-2
1
4
2
1
-1
-1
0
1
-1
0
2
0
-3
-3
0
1
1
3
4
2
-3
-7
-3
3
5
4
1
-2
-1
-1
-5
-5
-2
-2
-1
1
0
0
1
0
-4
-2
-3
-1
-1
-3
-4
-2
1
0
0
-1
0
-3
-6
-4
0
0
-1
0
-1
-2
-2
-4
-3
-1
1
2
2
2
-2
-2
2
4
1
1
-3
-5
-6
-5
-3
-3
1
-1
-2
1
3
4
1
0
0
2
0
-4
-2
-3
-4
-4
-2
1
2
4
3
0
-1
-2
1
-1
-1
4
7
5
-2
-2
2
0
-1
0
1
-1
-2
-3
1
4
-1
-3
-2
1
5
4
4
3
1
-2
-1
3
5
3
-1
-4
-5
-6
-7
-2
1
3
7
7
2
0
-2
-3
-1
1
1
-3
-6
-6
-3
-1
2
-1
-4
-2
-1
2
7
3
3
7
0
-4
-1
1
0
-1
0
0
1
2
3
0
-2
3
5
1
-2
-2
-2
3
6
2
-2
-1
3
4
3
-1
-5
1
2
2
8
4
-1
-2
0
1
-6
-5
5
9
8
3
-4
-3
0
-4
-7
-2
-2
0
4
4
1
1
6
4
3
2
-5
-5
0
4
4
-3
-5
-6
-4
6
3
-2
2
7
5
-2
-9
-11
-3
6
3
2
-1
-2
-1
-4
-3
2
-2
-2
4
1
-3
-5
-7
-4
-7
-6
2
11
15
5
-2
-3
-1
2
-4
-2
2
2
2
-4
-1
-2
-3
0
2
8
1
-4
-1
-3
-4
0
-1
3
5
4
2
1
6
1
-1
-7
-9
-3
-3
2
5
4
4
2
-4
-7
2
5
2
-3
-1
3
4
6
4
3
3
-2
-8
-9
-5
1
2
6
10
8
5
1
3
-5
-6
-3
0
0
1
5
8
7
2
-5
-8
-10
-10
-5
6
16
13
9
4
-3
-10
-15
-8
4
6
4
7
15
7
-9
-14
-8
3
11
13
4
-2
-4
-9
-10
-5
-7
0
12
10
-1
-6
-4
-7
-12
-8
3
10
12
2
-8
-5
0
-3
-6
2
6
5
7
4
3
-3
-7
1
3
2
1
0
0
-5
-7
-8
-12
-3
8
13
11
3
-3
-5
-8
-7
-3
6
8
1
-2
-8
-3
-1
-7
-7
-5
5
7
0
0
1
-2
-4
-3
0
2
4
-3
-14
-5
-1
1
-3
-7
-3
9
14
2
-7
-6
-2
-2
-5
-2
5
0
-4
-2
3
8
0
-7
-8
1
5
4
3
3
0
-9
-11
-10
2
10
11
11
6
4
-2
-9
-12
-6
7
13
10
3
-5
-7
2
5
6
11
15
6
-6
-13
-17
-14
-5
4
11
13
10
1
1
0
0
-2
-6
-2
0
-5
-9
-7
-3
3
1
3
6
8
5
-4
-10
-6
5
7
0
-1
0
-2
-6
-12
-13
-8
0
4
7
9
8
5
-2
-1
6
5
2
-7
-12
-11
-8
2
6
4
6
5
3
2
1
5
6
2
-8
-10
-7
-2
3
3
4
6
-1
-7
-10
-8
3
9
10
10
9
0
-10
-11
-8
-4
2
5
5
8
8
1
-2
1
3
3
-3
-10
-9
-2
-1
-2
-1
2
7
8
5
4
-1
-5
-6
-8
-7
-6
-6
-1
4
1
2
7
9
12
8
3
-3
-8
-10
-10
-2
4
1
-1
-1
-7
-11
-6
-1
6
10
9
4
2
7
9
5
2
5
6
-2
-4
-4
-3
0
3
6
3
2
1
1
-2
-2
2
6
3
-1
-1
1
4
1
2
1
0
1
3
3
3
1
0
3
4
2
-3
-5
-5
-5
-5
0
2
3
7
7
3
-3
-9
-11
-3
0
-2
1
3
2
0
-5
-4
-2
0
1
2
0
-2
-3
-4
-6
-5
-5
-6
-4
4
3
-3
-3
-1
0
0
-2
-3
-4
-6
-3
-1
3
5
3
-2
-2
6
8
4
6
2
-1
-1
1
-2
-9
-8
-1
5
6
4
0
-1
0
-5
-7
0
9
6
5
5
1
-5
-7
-6
-5
-1
3
1
-5
2
7
6
8
5
1
-3
-4
-5
-4
-2
0
-3
-4
-4
1
4
4
5
4
0
-4
-4
-2
-2
-1
3
6
5
1
-2
-4
-2
3
7
5
0
-6
-6
-1
5
9
9
5
4
2
0
1
0
-2
-2
1
4
1
0
-2
-1
-1
-4
0
4
2
-1
-5
2
4
0
-1
-3
-3
-3
-4
-4
-2
2
-2
-7
-4
2
3
3
6
7
6
4
-1
-2
-5
-7
-8
-9
-6
-3
7
5
-2
0
-1
1
-1
-3
1
9
15
6
-4
-2
0
-3
-4
1
5
4
1
-3
-4
1
8
3
-4
-1
2
6
5
-2
-9
-7
0
0
0
9
11
5
-2
-7
-7
-4
-5
-6
-2
1
3
1
-3
-2
0
0
-2
1
2
0
-5
-7
-6
-3
-4
-8
-6
1
9
6
1
-1
-1
1
1
0
3
0
2
1
-4
-5
-7
-1
3
5
7
8
2
-3
-5
-9
-10
-5
-1
2
3
-2
-6
0
3
5
2
3
5
3
-3
-8
-9
-6
-2
-1
0
3
1
2
3
-1
-4
0
2
3
5
7
7
2
-2
-2
-3
-3
-1
1
-2
-6
-6
-3
0
2
2
-4
-4
0
2
2
5
10
7
5
4
3
2
0
0
-5
-5
-1
-2
2
7
8
6
0
-4
-2
-5
-4
1
1
1
1
3
-1
-3
-4
-8
-8
-3
4
6
6
8
5
-7
-6
-2
-1
2
4
4
1
-5
-4
-5
-5
-2
2
5
5
2
1
1
2
-4
-8
-6
-2
2
8
9
5
0
-3
-4
-7
-8
-5
0
5
10
13
9
0
-7
-12
-12
-8
-2
1
-1
2
3
-1
0
2
4
5
0
-6
-5
-7
-6
-3
-3
-1
-1
-1
0
-2
0
3
3
-1
-3
-4
-1
0
-6
-10
-5
-2
-2
-4
0
3
5
0
-1
0
-1
2
1
2
5
9
8
7
2
-2
-3
-3
-2
-2
-2
-1
0
3
5
4
8
7
4
1
1
0
-7
-6
-2
1
5
3
4
7
6
3
3
-1
-2
-1
0
-1
0
0
0
4
7
4
1
2
-3
-8
-4
4
2
-3
-3
2
2
1
-1
1
9
9
2
0
4
1
-4
-6
-2
4
7
3
0
1
5
5
0
-1
0
3
3
-2
-6
-4
4
5
1
1
1
-5
-9
-10
-8
1
4
0
-5
-6
-1
-2
-1
0
3
3
-1
2
-1
-3
-3
-4
-6
-2
4
5
1
1
3
3
-2
-3
-2
-4
-3
1
2
1
1
2
1
2
-1
-3
-5
-4
-1
-3
-3
1
4
5
5
4
-2
-3
3
3
2
2
3
-2
-7
-8
-5
-2
0
-2
-6
-5
1
3
0
0
2
1
0
0
1
2
2
1
-2
-4
-3
-3
-1
0
1
0
1
3
3
-3
-3
-1
-4
-1
3
4
3
2
1
1
0
3
1
0
1
0
-1
-5
-3
1
4
5
3
-2
-3
1
2
2
1
6
6
5
0
-3
-3
-8
-9
-7
-3
1
2
-1
-3
-4
-7
-4
1
5
8
8
6
0
-4
-4
-5
-1
3
3
-2
3
4
2
3
0
0
-2
0
0
-3
-2
-1
-1
1
2
7
10
13
9
3
1
0
0
0
3
3
1
1
-2
-4
-6
-4
1
5
5
2
-3
-1
2
0
-1
-2
-3
-4
-3
-2
2
2
0
-4
-2
1
4
5
3
1
3
1
-1
3
0
-3
-5
-3
-2
-1
2
1
0
-3
-1
1
5
7
7
5
1
0
-3
-5
-2
-3
-3
-1
2
3
-1
0
1
-2
-3
-5
-7
-6
-6
-3
-1
-1
-1
-1
0
0
4
1
-4
-6
-3
1
4
1
-3
1
0
-3
1
5
7
9
5
-2
-3
-1
-3
0
1
0
2
0
-1
-3
-1
2
-1
-3
1
3
2
-1
-1
-2
-1
2
-1
-6
-4
-2
-1
1
0
0
-1
0
-1
-3
1
0
-1
1
2
5
2
-2
-6
-10
-7
-4
5
10
10
7
1
-2
-1
0
2
1
4
5
0
-3
-2
0
-2
-1
0
0
0
0
-1
-2
-1
3
5
0
-5
-6
-5
-4
0
3
5
2
-2
-3
-3
-4
-4
-2
2
7
2
-2
-2
-1
-1
-1
0
-1
1
4
6
5
3
0
-4
-3
3
5
3
4
6
5
5
4
1
-5
-6
-3
0
4
3
1
-1
-2
-2
-1
1
3
6
4
-1
-5
-8
-9
-7
-4
0
2
3
2
1
1
2
0
-4
-6
-3
2
3
3
1
-1
2
1
1
2
-1
-1
-3
-1
2
3
3
4
2
-2
0
0
-1
-6
-6
-6
-4
-2
0
1
1
4
5
4
-1
0
3
2
0
1
4
1
0
0
2
-2
-4
-3
0
-1
0
1
2
1
4
4
2
5
2
3
2
0
2
2
6
5
0
-2
-1
-2
-5
-5
-4
1
9
8
2
-1
0
0
-1
0
2
3
0
-5
-5
-1
2
4
1
-1
1
1
-1
-1
-3
-1
-1
-3
-3
0
5
3
0
-2
-1
4
5
3
-1
-1
1
-2
-5
-5
-3
0
1
-2
-2
0
2
-1
-6
-1
2
3
-1
-5
-4
-2
2
3
2
3
2
-2
-3
-2
-1
-3
-4
2
6
9
3
-1
-3
-4
-6
-5
-5
-3
-1
0
2
1
2
0
0
0
0
1
2
1
0
-3
-5
-2
-1
0
0
-1
0
-3
0
-1
2
5
4
4
1
1
-2
-2
-2
4
10
6
-1
-3
2
3
0
-2
-5
-2
0
0
-2
-1
1
3
0
-2
0
0
-1
-6
-7
-4
-1
0
2
8
7
4
-1
-6
-4
2
2
-4
-1
3
2
-2
-1
-1
-2
1
2
-5
-2
2
2
0
-2
1
2
3
4
2
0
4
0
-7
-9
-6
-4
-4
-1
-2
0
2
-1
-4
-1
5
4
1
-1
-4
-2
-3
-3
2
4
3
-1
-6
-3
3
1
-3
-2
3
5
5
3
0
-4
-3
-3
-3
0
4
4
6
7
6
3
2
1
1
2
0
-2
-2
0
1
1
-1
0
0
-2
-5
-3
-3
-4
0
-1
1
0
2
3
-1
0
0
2
-1
-3
-1
0
-1
0
3
4
5
5
3
-4
-5
-6
-3
3
1
5
5
7
5
2
2
0
1
3
1
1
0
1
1
-1
-1
2
5
2
0
0
2
-1
-3
-5
-6
-3
-4
-2
1
5
7
5
3
2
1
4
1
-1
-4
-2
3
5
7
5
-1
-3
-4
-2
1
-2
-2
-8
-5
-2
0
4
6
1
-5
-3
-3
-5
-3
-2
-3
-2
0
2
1
2
1
-1
-3
-3
-2
-4
-4
-3
-3
-1
4
5
4
-1
-1
0
0
2
5
0
-3
-5
-4
-2
-2
-4
-4
-5
-7
0
3
0
-3
-1
0
-2
-3
-1
2
2
1
1
2
1
-1
-4
-6
-4
-1
1
-1
-1
0
2
4
6
7
4
-1
-5
-2
2
2
-3
-5
-5
-4
-4
-2
-3
-6
-6
-5
-1
3
3
0
-4
-3
0
3
-1
2
4
0
-4
-3
-4
-3
-1
-3
-1
1
1
-2
-1
4
2
-1
-2
3
2
0
0
1
-1
-3
-4
-2
1
4
8
9
6
3
2
1
2
2
2
0
-1
2
1
-2
1
3
1
1
1
3
4
0
-3
-2
2
1
0
-1
0
5
4
2
2
7
6
3
1
-1
-4
-5
-4
-1
5
4
1
-4
-5
-4
0
4
6
4
-2
-5
0
1
-2
-5
-6
-4
1
3
6
3
-3
-3
-3
-4
0
3
5
6
2
2
4
6
4
2
-2
-5
-1
-1
-2
-2
-3
-2
-2
-1
-2
-4
-4
3
3
-1
-5
-7
-7
-2
7
8
4
2
-2
-4
-3
-5
-5
-3
1
-2
-5
-3
-2
-1
0
3
4
3
2
-2
-12
-15
-5
3
2
-4
-7
-5
-2
5
6
3
1
-3
-7
-9
-4
0
2
3
-1
-5
1
5
7
7
0
-4
-6
-1
2
0
-5
-10
-6
0
6
10
9
4
-1
-5
1
1
1
0
5
9
6
4
2
3
1
-7
-8
-1
5
4
1
-4
-9
-7
3
12
11
7
-2
-7
-3
4
7
3
-3
-6
-3
1
-4
-5
-3
2
8
3
-2
-1
2
7
-3
-6
-4
2
7
7
8
1
-5
-11
-11
-6
1
9
4
0
2
7
7
-1
2
0
0
1
1
-1
0
4
6
4
0
-2
-3
-3
-1
0
-4
-3
-4
-4
1
1
2
9
10
7
3
-1
-5
-5
4
11
8
1
-12
-15
-1
14
17
1
-23
-29
-13
18
30
15
-7
-27
-22
-3
11
17
19
15
3
-8
-14
-11
-4
16
46
30
-35
-61
-21
40
71
30
-42
-65
-24
26
48
31
-12
-32
-26
-13
13
28
21
11
-12
-27
-22
-4
29
45
19
-30
-55
-29
30
74
43
-35
-68
-38
17
49
28
-6
-31
-21
5
13
8
3
-11
-33
-40
-33
-2
38
58
28
-20
-47
-36
18
52
42
-1
-46
-57
-22
30
57
44
-2
-49
-57
-19
28
45
22
-6
-29
-39
-23
5
35
37
12
-28
-34
-7
19
25
16
-2
-19
-19
-6
16
30
18
-12
-29
-19
7
26
13
-9
-4
7
6
-1
-15
-15
-2
8
18
7
-15
-22
-14
2
18
18
1
-15
-9
-5
6
14
7
-1
-21
-29
-19
0
11
8
-3
-13
-14
-3
4
8
6
10
-4
-12
-9
0
21
30
21
-5
-22
-22
-3
17
23
6
-11
-19
-7
12
16
12
-7
-28
-25
-15
20
38
15
-15
-35
-24
11
36
29
10
-10
-29
-13
10
21
21
-3
-24
-12
9
12
14
9
0
2
1
-5
-8
-3
2
-6
-17
-14
-3
6
5
-7
-12
3
25
21
-6
-22
-36
-10
37
48
17
-27
-45
-31
6
42
38
5
-30
-37
-23
1
27
31
21
-15
-37
-29
-9
18
24
9
-11
-23
-18
-14
0
31
40
18
-25
-43
-24
5
42
37
5
-21
-43
-32
1
34
38
16
-11
-31
-26
-7
18
33
19
1
-24
-29
-5
17
20
4
-13
-6
4
12
2
-14
1
24
34
8
-24
-24
-12
20
33
7
-15
-22
-13
4
20
11
-9
-18
-18
-4
3
11
15
9
-2
-19
-4
10
23
16
-12
-3
1
12
12
-16
-18
-16
3
13
6
5
-8
-11
-3
2
7
3
3
12
6
-4
-14
-8
11
20
17
3
-3
1
4
2
1
-5
-7
-12
-16
-12
-7
2
12
6
-8
-18
-15
-2
7
14
2
-8
-3
-9
-3
5
9
12
-2
-9
-15
-10
9
7
-1
-8
-6
2
0
-1
-4
0
10
0
-14
-21
-7
7
12
11
-4
-6
-7
-12
-6
8
15
0
-11
-10
-7
8
10
6
10
-4
-18
-18
-4
21
19
6
-8
-21
-8
1
18
27
13
-3
-24
-20
3
13
25
17
-3
-19
-24
-6
17
29
22
3
-17
-33
-32
-1
31
36
9
-26
-36
-21
7
32
34
17
-5
-28
-32
1
34
39
22
-3
-15
-11
-3
14
22
16
-5
-30
-28
-9
16
28
13
-1
-15
-26
-6
9
25
21
-7
-12
-13
-7
9
14
14
2
-13
-22
-27
-5
13
4
5
-7
-16
-5
8
24
22
0
-23
-33
-15
13
25
21
-3
-29
-42
-23
20
40
33
5
-22
-31
-21
-4
15
31
21
-9
-28
-26
-5
24
28
12
-7
-19
-26
-7
17
20
