5
5
4
2
-2
-9
-10
-1
7
3
-1
2
5
5
2
2
5
10
3
-6
-6
-1
6
3
4
15
14
10
5
-2
-6
-9
-8
-9
0
7
10
12
3
4
3
1
4
6
9
2
2
1
-2
2
2
0
5
10
6
-5
-9
-9
-9
-1
5
2
4
6
3
-3
-3
-2
2
4
2
-1
1
0
-1
-1
-5
-1
2
6
3
-1
-5
-10
-8
-2
4
5
5
2
2
1
-2
-5
-1
11
11
6
0
-3
-4
-4
-3
-5
-3
-1
-4
-8
-10
-9
-4
-3
-3
-1
-1
2
8
6
7
6
-1
-5
-13
-13
-7
-1
3
5
2
1
-3
-5
0
1
0
-4
-3
3
9
9
0
-6
-6
-3
2
-1
2
8
6
0
-4
-5
-6
-3
-1
-4
-2
2
1
0
-2
2
2
2
4
2
4
1
-4
-3
-4
-4
5
3
1
1
-6
-9
-10
-2
-2
-2
2
1
2
9
13
9
2
-2
-9
-5
-2
-1
3
-1
-2
-3
-1
2
1
-4
-8
-3
-3
-7
-5
-2
3
7
7
7
8
9
8
6
8
6
-3
-10
-9
-9
-5
-4
-4
-1
0
1
5
3
-1
-7
-5
-3
-3
0
-3
-2
3
1
0
0
-3
-4
0
2
6
3
-2
-1
-3
-7
-8
-8
-1
11
13
10
9
8
9
4
-5
-8
-5
-6
-8
-5
1
4
7
-1
-7
-6
-2
2
3
1
-1
-2
2
2
3
5
5
1
2
-1
2
3
-1
-6
-8
0
4
2
-1
-4
0
0
-1
-5
-3
3
3
4
-2
-7
-8
-7
0
5
8
7
2
1
0
-1
1
0
-2
-5
-7
-2
-1
1
3
0
2
-1
-3
-2
0
3
2
0
-4
-3
3
3
0
-4
-10
-9
-6
-4
-2
-1
-1
0
1
-1
-2
1
1
-8
-9
-1
8
11
3
3
3
6
6
0
0
-3
-4
-5
-8
-9
-7
-3
-5
-5
-3
-3
3
2
-3
1
3
4
4
5
10
7
2
0
-3
1
5
11
8
5
4
-2
-4
-4
-1
3
2
2
-3
-4
0
3
7
9
7
3
-2
-6
-6
-3
3
3
3
-1
0
-1
-3
1
4
6
3
-2
-1
1
2
3
0
1
0
1
-3
-5
0
2
3
0
1
3
2
-2
-9
-11
-7
-4
-1
0
0
-1
1
3
5
10
8
3
-4
-6
-5
-4
-5
-4
1
1
1
0
4
9
8
3
2
1
-1
-5
-11
-9
-9
-7
0
5
12
13
10
3
1
-4
-3
-2
-8
-12
-11
-8
-5
1
4
4
3
1
-1
-1
-1
-4
-6
-4
0
1
-2
-5
-2
2
5
10
9
1
0
1
-2
-5
-6
-6
-3
-1
0
1
2
4
-2
-6
-2
4
5
5
8
6
4
0
-6
-5
-2
3
6
7
7
5
1
-2
1
5
7
3
0
-1
1
-2
-2
-4
-7
-3
1
0
6
3
3
3
0
-2
-5
-3
-3
-2
-3
-2
1
3
2
5
5
3
1
0
-5
-7
-8
-6
-3
-2
1
2
1
2
1
-2
-4
-2
0
-1
1
1
3
2
2
0
-1
-2
-6
-2
0
1
3
1
4
7
4
2
-2
-2
0
-2
-3
1
5
6
5
3
1
2
1
-1
-4
-4
-2
1
5
1
-4
-2
-1
1
3
5
2
3
-2
-7
-5
3
6
5
4
5
4
6
5
-3
-8
-5
-3
-2
4
3
1
2
-2
0
2
3
3
1
-1
0
-3
-9
-6
1
5
4
-3
-10
-4
-1
2
2
3
5
5
4
-2
-3
-4
-4
0
1
1
0
1
2
1
5
7
3
1
0
-1
-4
-5
-7
-7
-3
-3
0
1
2
2
-2
-4
1
3
1
2
-2
2
4
8
5
-3
-1
4
-1
-6
-6
-5
-3
-1
-4
-3
-1
2
2
2
6
8
4
2
0
-2
-2
-2
-1
-5
-6
-3
2
0
1
1
0
3
6
5
0
-5
-5
-8
-9
-5
-1
-1
2
9
7
9
10
2
-2
-3
-5
-8
-6
-7
-4
3
5
6
6
0
1
5
3
4
3
-3
-5
-3
-5
-4
1
3
6
-1
-5
-6
-10
-4
0
1
3
1
1
-3
-6
-7
-9
1
10
11
10
3
-1
-4
0
-3
-10
-6
-7
-2
3
4
10
12
9
1
-3
-5
-10
-12
-10
-5
1
2
0
3
7
7
10
10
0
0
0
-3
-4
-3
-4
-5
-1
-6
-2
-3
2
6
5
6
-1
-1
-3
-3
-6
-3
-2
-2
-3
-3
-2
0
3
0
2
2
-1
-4
-1
0
-1
6
1
-3
0
0
4
5
7
3
2
4
0
-2
-2
-1
1
-1
-5
-12
-9
-1
7
9
4
3
1
-5
-8
-5
-1
5
8
3
-2
-7
-7
-2
-3
-5
-7
-7
2
4
6
7
6
5
0
0
-3
-6
-1
0
-1
-1
-3
0
0
1
3
4
10
8
0
-3
-2
3
4
3
1
-3
-4
-4
-3
-3
-1
3
-3
-2
-8
-4
-1
-1
6
5
7
8
4
6
3
6
2
-2
0
-4
0
-4
-7
3
4
-2
-3
-8
-2
2
7
7
3
2
2
4
4
-1
-1
1
1
-2
-1
2
6
5
3
1
-1
-4
-5
-2
1
1
0
1
3
6
6
5
-3
-5
-4
-10
-11
-4
0
6
9
6
5
6
3
1
-2
-1
-3
-3
-4
-8
-5
-3
-5
-4
2
3
-1
0
-4
-4
-1
-9
-6
3
4
4
0
-2
-5
-4
-6
-5
1
5
6
0
-4
-6
-2
-3
-12
-12
-3
1
1
1
0
-1
4
3
-1
-3
-1
2
4
0
-3
-1
-1
2
0
-3
-1
1
2
1
1
2
0
1
0
1
6
9
12
14
4
0
-4
-2
-2
-1
5
5
4
-3
-11
-6
-5
-3
0
2
6
7
9
8
8
10
9
8
4
3
-2
-7
-8
-3
0
3
0
-6
-2
-4
-3
0
1
8
9
0
-13
-15
-13
-11
-2
7
13
5
-4
-2
-1
7
6
-2
-3
-10
-17
-16
-10
4
8
9
3
6
5
3
9
8
5
4
-4
-17
-18
-11
-4
-4
2
6
0
2
8
2
5
10
1
2
2
4
10
1
-1
1
4
8
7
6
4
5
6
4
-4
-6
-4
-3
-5
-6
-2
-1
9
8
2
4
5
6
-3
-7
-7
-4
4
-1
-5
-1
-2
-6
-4
4
7
5
8
12
13
6
-7
-11
-7
1
5
-3
-1
5
10
10
1
0
-6
-8
-7
-7
-4
0
-1
-7
2
9
3
1
1
2
2
1
2
-4
-2
-2
-4
-2
1
1
-1
1
7
10
7
6
4
-6
-10
-7
-5
-9
-8
-3
-3
5
6
4
4
0
-2
-5
-1
0
-4
-4
0
1
-1
-5
-3
0
1
1
0
-4
-7
-3
-7
-3
-2
3
1
-2
-1
-10
-5
-1
-6
-5
-7
4
0
-6
-4
-4
3
2
-5
-8
-7
5
3
3
3
1
1
-6
-4
-8
-6
5
7
11
7
1
-2
-13
-8
-6
-3
1
-5
-5
-7
-4
-3
-2
8
9
11
4
-5
-4
-6
-7
-6
-2
-2
1
6
5
7
9
5
-2
-8
-9
-2
0
3
6
2
4
5
3
3
2
5
-3
-4
-3
2
5
1
-1
-5
1
4
1
3
1
5
2
-5
-4
-4
-1
0
8
9
8
6
-1
6
8
3
-4
-7
-6
-4
-3
1
5
-1
-3
-4
-3
1
2
4
2
0
-1
-5
2
4
11
8
5
7
-4
1
3
1
-3
-8
-8
-11
-6
-3
-5
-1
2
11
6
2
4
-2
-1
-3
-8
-6
0
8
5
3
5
9
5
2
-3
1
4
5
-1
-4
-1
-5
-1
2
2
5
0
0
1
-4
-6
0
-3
-8
-2
-4
-3
1
-4
-2
-4
5
7
6
7
2
3
-6
-8
-3
0
11
9
7
-1
-4
0
-5
-4
0
3
0
2
1
-6
-1
-4
-1
-1
-4
0
-1
3
8
11
10
10
6
1
-4
-6
0
-2
-1
-4
-10
-10
-6
-3
-5
4
0
-4
1
-5
-4
-1
1
4
-1
2
1
5
9
5
7
-3
-1
-5
-6
0
-1
-1
-1
-3
-4
1
4
1
-1
-6
-8
-8
-8
-4
-1
3
3
-1
-1
2
4
5
2
-3
-4
-5
-3
4
13
19
16
8
0
-1
-1
0
-2
-5
2
-4
-8
-6
3
9
4
0
-7
-11
-7
3
3
1
6
1
-4
-10
-9
-11
-7
-3
-4
-1
6
13
4
9
6
-6
-3
-6
-2
1
1
9
2
1
-1
-7
0
1
10
9
8
11
6
3
-4
-8
-11
-9
-1
-3
-6
-1
-5
4
4
3
6
-2
-1
-5
-1
4
1
-4
-9
-7
0
0
1
-5
-5
-6
-2
3
-1
1
-2
-1
3
-1
4
6
1
3
-3
-3
5
1
7
5
2
2
-3
-3
-2
2
7
10
4
-1
-3
-1
1
2
-1
-2
1
2
6
3
1
4
-2
1
-1
-6
0
-4
-3
-5
-5
8
3
0
-8
-14
-6
3
6
2
0
1
-3
-4
7
9
5
1
7
7
7
7
-1
-8
-6
-11
-10
-1
-5
-2
-1
-1
8
11
6
6
5
5
-2
-3
-1
-3
1
-4
-9
-7
-4
-6
-8
-2
-1
8
9
1
3
-6
-1
2
-2
8
8
4
-3
-6
-1
1
7
1
-4
-4
-8
-3
-1
0
8
5
3
0
4
4
1
1
-5
-5
1
2
-1
-4
0
-4
-5
0
-2
-5
-1
2
-3
-6
1
1
5
6
0
4
-3
5
7
2
4
-5
-8
-10
-9
-7
-6
2
5
9
8
0
3
1
0
6
1
6
9
5
-1
3
7
5
4
2
2
3
-2
-7
-13
-12
-2
5
11
10
8
0
-6
-2
5
10
5
1
-1
-1
-3
-7
-9
-6
-1
3
1
1
2
1
4
4
7
6
3
3
-4
-2
6
2
1
2
-2
-2
2
3
-1
-1
-9
-11
-3
0
6
-2
-3
1
-3
-4
-5
1
3
6
8
-1
4
1
-4
-4
-7
1
3
8
6
-2
-4
-6
-3
5
5
6
4
-1
1
-8
-4
-2
-5
-6
-6
-6
4
6
2
2
-5
-5
-5
-1
-3
-2
-3
-4
2
4
6
7
2
-5
-6
0
1
7
7
-2
-5
-5
-9
-6
-6
-7
2
0
-2
-6
-3
3
-2
-1
-3
-1
5
4
-3
-3
1
1
8
3
2
3
0
-2
-6
0
2
13
4
4
-2
-11
-8
-5
4
4
5
-2
5
5
-3
-2
-4
2
1
-1
-2
-7
-6
-7
-4
0
0
-6
-5
-4
-3
4
6
-2
-1
-4
-6
7
6
6
2
-6
-17
-12
4
4
12
6
-12
-11
-8
-3
3
2
-4
1
1
-6
0
7
10
12
7
8
2
5
13
14
19
19
17
11
5
5
5
4
1
-2
1
-1
-6
-13
-10
-2
0
4
0
-4
-4
-1
5
5
1
0
-3
-3
-5
-2
-1
-1
3
4
4
3
4
4
2
5
1
-3
-12
-12
-6
-1
0
3
-2
-4
2
-3
5
3
0
-6
-6
-2
-2
3
4
5
3
7
5
2
5
-2
-9
-14
-12
-3
3
0
0
-1
6
5
-1
-4
-3
9
3
7
1
6
5
-7
3
-2
1
0
1
1
0
-4
-3
1
-4
-7
-11
-2
-3
2
0
-1
-4
-12
-8
-7
-10
-14
-3
4
5
1
1
1
9
7
-4
-1
-6
-2
-5
4
8
3
3
-11
-7
-14
-9
-8
-6
-1
-4
-1
-11
-5
-1
2
8
-5
-4
2
7
8
2
2
0
3
-4
1
8
6
4
-6
-5
4
4
4
4
3
3
-5
-8
-6
-2
-5
-6
-7
-9
5
7
8
1
-10
-4
10
23
11
-3
-13
-12
-1
5
16
18
8
-10
-21
-18
-4
19
16
13
6
-3
-2
0
4
3
-1
-7
-19
-17
-7
-3
6
2
-9
-16
-18
-3
15
18
-3
-17
-19
-9
13
18
27
22
-5
-31
-22
16
42
31
-3
-31
-34
-16
16
33
12
-11
-35
-25
7
27
22
-14
-26
-25
-2
27
30
10
-23
-27
-12
7
20
12
-1
-20
-17
8
27
32
6
-18
-19
-4
21
16
6
1
-12
-7
5
15
8
-9
-17
5
21
15
18
-2
-18
-14
4
8
4
-8
-28
-18
7
19
7
-4
-20
-13
14
26
21
7
-5
-11
-9
-3
14
23
17
0
-25
-20
-1
21
24
8
-6
-18
-4
20
28
12
-16
-24
-23
-4
21
19
3
-14
-22
-11
17
30
20
-6
-18
-15
-5
3
0
-3
-11
-20
-13
-2
12
17
6
-2
-6
2
16
7
0
-24
-34
-19
3
22
18
3
-24
-19
6
11
17
7
-10
-33
-32
-11
9
31
18
-6
-24
-25
1
36
43
33
6
-25
-30
-21
7
24
43
-5
-65
-69
-25
51
53
25
-36
-57
-17
23
70
51
-19
-72
-67
7
74
55
-9
-69
-68
-10
39
75
47
-13
-59
-36
34
51
38
7
-58
-68
-18
41
90
37
-26
-73
-63
13
62
95
18
-79
-102
-81
32
91
82
-2
-75
-68
-40
59
106
45
-25
-78
-53
5
53
69
-3
-28
-17
-10
20
10
21
12
-21
0
-20
6
16
-10
-15
-25
13
8
-15
6
-18
-4
5
-2
27
-14
-15
-7
15
49
23
18
-26
-27
-1
-7
32
21
0
-19
-30
15
18
10
4
-22
-11
-4
3
12
-16
-12
-29
-25
-16
-15
36
25
31
15
-30
8
10
30
-11
-47
-16
-21
32
23
2
-10
-44
2
-2
31
35
-27
-26
-27
24
39
14
-20
-57
-26
17
58
58
7
-23
-25
-20
-3
22
10
-5
-26
-20
-10
5
17
-16
-13
0
13
27
36
31
2
-5
-10
-9
6
-11
-15
-30
-18
10
2
7
-4
-16
-3
-6
10
-9
-15
-9
-8
26
23
24
5
-5
16
15
38
4
-22
-17
-26
20
6
-27
-33
-41
-17
18
43
17
-25
-13
-18
8
50
46
11
-39
-35
-19
26
50
1
-15
-29
-23
12
10
38
17
-33
-16
-22
24
36
1
-2
-42
8
23
16
29
-28
-18
-38
-25
18
3
23
-6
-9
-6
-18
34
16
11
15
-12
-3
-9
1
-1
-18
3
-23
-3
34
26
33
-5
-26
-21
-13
12
11
13
-20
-42
0
12
16
34
-20
-19
4
2
24
3
25
4
-22
11
-14
29
13
-8
-4
-40
21
12
33
22
-50
-48
-76
-32
9
6
-5
-34
-26
-21
14
29
5
-14
-23
-18
5
31
4
-1
-20
-29
3
1
25
15
-3
2
-13
-8
-13
-10
17
6
6
15
-6
0
-17
3
14
3
27
-15
11
7
-18
21
-14
1
-15
-6
32
20
31
-32
-16
-2
-26
17
1
12
2
-5
-3
-18
28
15
1
-5
-23
0
3
24
14
1
11
-9
-5
10
25
33
30
-1
-24
-5
7
28
22
-1
-30
-22
4
6
48
8
-36
-37
-40
16
27
36
4
-30
-15
-38
1
36
35
31
4
-11
-20
3
10
-1
12
6
-26
-29
-7
8
36
29
6
-17
-49
-26
7
32
48
-1
-28
-46
-18
31
34
35
-11
-37
-41
-15
29
30
26
-14
-44
-29
5
31
20
-11
-18
-32
-20
32
31
24
-11
-30
-31
-12
50
24
13
-21
-59
-26
14
57
40
3
-38
-55
-18
5
56
50
-1
-17
-26
-11
16
28
3
-3
-10
-15
-4
3
17
-12
-24
-11
3
27
19
13
-25
-12
-4
-6
26
10
13
-18
-13
19
7
27
-4
-10
-4
-11
21
7
2
-4
-24
-11
3
23
31
6
16
-3
-11
14
-8
1
-21
-50
-19
-13
28
41
14
-15
-46
3
39
67
68
8
-18
-22
-8
19
21
25
2
-29
-25
-28
7
40
25
10
-37
-31
-5
2
26
3
-5
-6
-17
0
-2
10
18
5
-12
-29
-9
8
16
18
1
-11
-9
-12
-3
12
13
12
2
-14
-22
-23
-14
2
3
-12
-9
-1
9
12
9
9
-15
-36
-22
-2
21
29
11
-19
-27
-19
-12
9
14
-11
-17
-15
-17
-4
7
8
3
-10
-8
4
15
16
-4
-18
-22
-5
23
17
7
-11
-24
-4
17
36
27
5
-17
-38
-22
-4
9
14
-8
-15
-20
-8
15
8
4
-6
-16
-4
6
22
15
-8
-10
-19
-7
7
12
16
4
-7
-17
-7
-1
2
19
7
10
-1
-22
-13
-9
1
12
4
-4
-10
-12
1
9
11
3
-11
-17
-1
19
21
13
-13
-22
-14
0
25
20
17
-5
-17
-6
-3
18
22
12
-4
-6
2
6
13
7
-13
-22
-23
-14
-7
-10
4
-3
-2
11
1
3
-5
-3
-1
-6
16
14
13
5
-15
3
27
39
20
-10
-22
-24
14
29
26
5
-28
-30
-23
1
18
22
7
-23
-23
-6
17
35
19
-1
-18
-17
10
23
16
-2
-25
-18
-5
12
23
9
-3
-22
-24
-12
4
21
12
8
-5
-8
4
-3
6
-9
-4
6
-2
5
-1
-5
-7
2
10
13
15
-2
-15
-16
-10
1
19
12
-11
-15
-7
-2
7
10
-1
-5
3
3
2
-4
-17
-18
-9
6
9
6
-1
-14
-15
-9
4
13
15
-1
-22
-13
-9
7
12
4
3
-17
-7
-2
11
10
-8
1
-10
1
2
-11
-13
-19
-3
0
9
5
-19
-7
-5
12
25
15
13
-7
-12
-10
-7
14
3
4
-10
-23
2
2
10
8
0
7
4
9
3
-6
-2
-3
1
8
9
-6
-23
-16
-15
10
30
14
7
1
15
12
8
0
-24
-6
-2
0
7
-3
-9
-12
0
11
14
12
-3
-18
-23
-1
12
8
-5
-20
-18
-2
-4
8
10
16
21
2
-2
-8
-8
-5
-6
12
12
11
-2
-7
1
0
11
-2
3
6
6
16
-7
-15
-22
-18
9
8
15
6
-5
2
-1
4
-1
-12
-8
-10
8
14
1
-5
-18
-15
-10
5
20
10
3
-8
-7
2
13
21
11
-6
-9
-9
-5
1
6
1
-7
-7
-11
1
15
18
11
2
-1
-12
-15
-20
-14
7
2
5
6
-7
4
9
7
15
15
9
-11
-12
-16
-14
9
3
6
-9
-9
15
18
23
9
4
-8
-20
-4
-8
-11
-6
-12
-9
11
17
-3
-5
-7
-15
10
12
-5
-3
-17
-10
-3
-3
3
0
9
5
7
11
4
12
-1
4
0
-7
16
4
13
6
-3
-3
-18
3
-5
-9
5
-6
-11
-12
-15
-10
11
7
-9
-6
-9
9
33
24
7
5
-11
-6
8
4
-6
-6
11
-5
8
3
-11
1
-9
-9
-5
22
11
11
8
-26
-3
9
10
30
-4
-10
-1
-19
14
8
33
-19
-38
-15
-33
67
31
15
-13
-31
-2
-12
47
12
11
-30
-60
3
5
28
12
-3
-13
5
18
-11
-6
-9
-13
15
23
1
5
-15
-27
-2
4
5
18
8
-19
-1
25
-4
-17
-10
-10
29
39
0
-35
-39
-41
-11
31
24
40
-11
-43
-32
-6
50
25
9
-26
-21
-4
-10
13
-15
18
34
11
20
-11
-15
-26
-9
30
-8
16
-19
-56
5
-1
13
28
15
-8
-33
-23
-7
16
29
-6
-7
-8
-17
11
-4
-3
7
5
-2
-4
28
-5
-6
3
-12
12
13
4
-6
-16
-20
-13
12
17
25
0
-33
-11
9
21
18
6
-6
-6
6
2
11
10
-9
-6
-13
-5
19
-6
-27
-30
-4
11
18
29
-6
-11
-16
-27
10
16
-1
-6
-23
-4
24
15
-16
-32
-9
-7
22
20
-13
-6
-26
-25
13
35
30
7
-27
-31
-6
24
34
18
11
-16
-42
-1
25
32
31
-9
-34
-25
-13
-6
17
9
7
-5
-26
-5
19
32
14
-2
-20
-26
-2
-4
24
22
1
4
-1
-16
-8
11
-12
1
12
-16
-7
11
-13
-7
10
-8
-8
4
-7
-9
8
9
19
29
7
-15
-3
8
-4
5
4
1
-10
-9
-6
-5
21
20
-5
12
12
2
-8
-14
-12
7
19
2
19
13
-19
-19
-14
5
12
-4
-17
-31
-15
-15
-11
16
14
14
-2
-7
6
9
11
1
13
3
-5
9
6
1
-12
-25
-9
19
17
8
-8
-5
15
11
3
-6
6
8
-15
-31
8
49
17
-17
-22
-14
18
26
-9
0
8
-10
-12
-18
1
34
13
-36
-21
-1
1
13
-11
-5
-6
-4
-9
-13
15
3
-1
-25
-12
14
-14
-8
-8
-3
14
-1
3
3
9
10
-2
-5
-2
0
-17
-12
5
-15
-25
-3
8
8
5
-3
-26
-11
10
-4
9
23
-18
-22
-6
-6
23
30
9
-2
0
-14
-17
6
4
12
7
-9
-13
-1
2
-18
14
20
-8
5
-6
-12
8
8
-2
7
23
-5
-6
5
6
31
6
-20
-24
-9
-2
-1
18
5
9
7
1
0
5
12
-15
-3
-1
-12
16
10
3
3
-3
-1
3
-4
-13
4
6
-12
-5
-13
-4
3
12
4
-6
13
4
-4
-5
6
19
14
6
-12
-11
-6
-10
-2
11
7
3
-9
-23
5
20
18
7
-9
-2
-11
-4
6
2
7
-16
-26
-15
-5
25
12
-14
-18
-26
-8
9
25
24
1
-16
-25
-9
6
19
18
-1
-3
-18
-5
16
8
19
6
-6
-2
-1
5
0
-8
-17
-9
-3
-1
5
0
-9
-10
-3
2
22
7
-9
-15
-13
11
14
22
4
-3
3
-4
8
9
30
19
-6
-22
-27
5
22
11
-2
5
-5
-12
-5
1
22
29
5
-13
-11
2
11
4
2
11
5
-1
-5
2
19
14
8
-2
-15
-13
-11
-14
-3
16
11
11
8
0
-2
-6
-4
-15
-3
6
-7
4
1
-7
-3
-15
-15
0
8
5
-2
-5
-9
-6
0
3
9
12
-1
-13
10
15
0
-5
-14
-15
4
17
-2
-5
-6
-13
-15
-10
3
9
16
1
-1
3
-5
8
6
1
7
2
-10
-10
6
3
0
7
-1
5
11
1
-2
-6
-9
-12
-18
-18
-2
6
0
-5
-6
-10
-3
14
10
0
8
0
-10
-4
-8
4
12
1
-2
-5
5
0
-7
-5
-5
4
0
-20
-16
8
8
2
15
14
7
5
-17
-29
-12
-1
-2
5
9
-1
-2
-5
3
24
11
0
-3
-16
-17
-2
-2
-3
10
-10
-8
13
19
25
11
11
8
-5
4
-3
-2
14
11
-6
-7
-2
2
20
8
2
10
-15
-9
-2
-10
8
10
-8
-14
-5
0
9
10
-8
-4
-3
1
11
-1
5
-3
-11
-7
-5
15
17
9
1
-13
-9
7
7
-1
6
4
-4
5
-9
-7
6
-10
5
-3
-5
3
-7
1
2
13
-3
-13
-1
-11
1
6
2
13
8
-2
-7
-1
0
-10
-5
-10
0
9
-1
-6
-12
-6
0
0
3
2
2
1
-1
3
9
12
2
-14
-1
3
-1
2
-15
-26
-21
-17
-6
14
21
0
-6
-9
-13
9
3
-2
-5
-18
-17
-12
12
19
13
16
0
-6
-2
3
3
8
18
4
5
-2
-11
-7
-3
2
3
-2
-15
-14
-15
-16
2
2
-2
3
4
10
9
5
12
28
22
5
6
-5
7
18
0
2
6
4
9
4
2
2
7
6
-9
1
-1
-10
-10
-15
-2
11
15
9
-1
1
2
-2
6
-2
4
7
-13
-10
-2
-1
4
2
-8
-3
4
-2
1
2
-4
6
-7
-3
10
-8
-1
-3
-12
-6
-22
-21
-16
-5
1
5
16
2
6
-2
-16
-8
-11
3
-1
-1
2
-14
-2
3
9
16
-1
-5
-1
3
6
-2
0
-5
-3
-10
-6
10
2
8
1
-12
4
1
4
6
3
12
5
-3
-6
-4
5
7
7
-3
1
1
-2
2
5
10
4
-1
-14
-3
16
5
11
2
-16
-3
-2
-10
-3
5
-10
-11
2
-7
12
11
-5
-2
-6
2
-7
-2
5
-6
11
1
-5
10
7
-3
0
7
3
15
17
-2
0
3
-13
-9
-7
-12
0
-3
-9
-3
1
-6
-3
-1
-15
-7
-5
-10
5
-2
-2
3
0
1
-9
-1
1
-2
8
1
9
8
-2
1
-7
-9
-8
-3
-7
0
12
6
9
2
-7
-5
2
4
7
14
2
-7
-5
-12
-6
-1
-6
-4
9
11
7
6
1
0
2
-3
-8
-6
-6
-9
6
3
5
8
-4
4
1
8
17
13
11
-1
-9
-11
-16
-5
-5
-1
-8
-6
10
10
18
12
14
7
-3
0
-11
-1
2
-6
7
-10
-10
7
1
7
13
4
5
9
1
0
2
-9
-8
-8
-13
-3
1
0
-3
-5
-1
-5
-5
9
6
4
1
-10
-1
3
-2
3
2
3
-6
-2
-1
2
15
-3
-1
2
-6
0
-2
-2
0
6
-2
-9
8
3
2
5
-7
4
7
2
3
3
6
4
-4
-8
1
3
3
4
0
5
5
3
3
6
4
1
-7
-7
-3
-4
1
-4
-5
9
5
-6
0
-3
-2
5
-6
-8
4
-7
0
-2
-9
7
2
0
3
1
3
1
2
2
-2
-9
-6
-4
1
2
-10
-9
-3
-3
6
3
1
10
0
2
-2
-7
2
-3
1
-1
-1
-6
0
3
-5
5
-2
-3
7
-1
1
-3
0
1
-6
4
-1
-3
-1
-7
-3
2
3
4
9
2
-5
4
-3
2
2
-8
-5
-5
-3
-2
3
4
-4
3
-2
-8
1
2
3
3
-5
-5
-3
0
2
-4
0
-3
-1
0
-7
-4
-7
-1
-9
-3
3
-6
5
-2
-3
3
-6
-5
-1
0
6
7
4
1
-4
0
-5
-3
-1
-5
1
11
10
-1
1
-2
-4
6
1
-4
7
2
4
3
2
4
-5
-2
-3
4
8
-1
-5
-9
-4
6
10
-1
-1
1
-12
-1
-8
-9
0
1
6
6
7
11
11
10
7
-3
3
-6
2
3
-8
5
-5
-7
-4
-1
5
3
8
-2
1
3
-7
3
1
2
7
1
8
-4
7
1
-12
12
-3
4
6
-2
5
-2
5
0
-1
4
1
6
4
4
0
3
11
0
0
1
1
11
-5
-5
-3
-1
9
0
3
6
-4
-4
-11
-7
4
6
9
-2
-6
-7
-2
5
-1
-4
-10
-1
10
4
2
0
-2
3
-3
-2
1
9
16
-1
1
2
0
7
2
2
-8
-7
-2
-14
-4
-4
-2
1
-7
-4
-16
-3
-4
-11
-2
-6
10
8
2
10
6
4
9
6
0
-4
-2
0
0
3
8
-1
-4
8
-1
-4
2
1
1
8
2
4
3
-5
-5
-8
-7
0
-1
-1
-5
-11
-9
-5
-5
0
-2
-1
-1
1
-2
-7
2
0
0
4
5
-1
1
5
3
7
12
-2
4
7
-4
1
-2
-8
-3
-2
-5
1
1
-2
-3
-7
2
10
10
2
-4
-14
-10
-1
-8
2
1
5
6
-5
0
-12
-8
1
3
9
-4
-9
-11
-16
-4
1
0
0
-5
1
4
7
2
-8
7
6
-3
-4
-5
6
6
7
3
-1
-1
3
3
18
-2
-9
-14
-6
28
11
12
0
-7
-5
6
21
11
15
-8
-7
5
-6
-5
0
-1
-5
0
-19
-24
-6
-1
9
30
12
-5
1
-12
-12
-1
-2
15
18
-19
-28
-17
-14
2
17
13
3
7
-9
-12
6
-8
-5
7
-2
2
-7
-8
5
9
12
17
12
-2
10
17
-1
-7
-10
-7
-9
-5
-1
-7
5
3
5
-3
-4
16
8
-2
-11
-18
-11
4
-1
-1
10
18
19
-15
-16
-7
-7
7
3
-7
-4
7
12
-2
-6
14
18
8
6
-8
-11
2
5
-8
-3
6
-5
-4
-8
-5
0
6
1
-11
1
-7
5
21
4
13
14
-16
-17
-1
-9
-1
10
-3
-13
5
2
-8
0
-1
-5
-4
-1
5
6
11
4
-3
6
3
4
-1
-15
-3
3
-9
5
12
-12
-4
3
0
5
2
4
-10
-13
-3
-6
-6
-3
1
-3
4
9
5
-3
-16
-10
-16
-8
8
8
14
18
9
-6
-11
-12
-6
4
17
22
6
-12
-12
-8
-8
15
20
14
9
-2
-9
-14
1
-4
-7
10
-4
-12
-12
-8
5
3
6
8
9
-6
-10
-1
-13
3
6
-5
-2
-2
0
-9
-1
8
1
8
8
4
0
1
6
-7
-2
5
6
7
-5
-5
-5
-9
-1
-2
-8
-9
9
4
-11
-11
-9
-6
-5
13
10
2
9
-10
-8
-4
7
14
0
0
-4
-3
-11
-6
7
3
11
-7
-21
-3
1
30
17
-4
16
-7
-6
3
-11
-2
2
9
-3
-8
5
4
1
-7
0
18
14
13
5
0
-3
-2
-1
-4
8
8
2
0
-6
0
1
12
16
0
3
0
-8
-9
-2
2
-1
-3
-8
-2
-4
-3
5
2
-2
-4
10
3
-2
6
-3
-1
12
5
-1
14
1
-16
-2
0
-4
3
3
-3
3
-10
-9
-1
-3
4
2
6
5
8
8
-13
-13
-7
-17
-7
8
3
-3
3
-7
-7
7
7
8
10
1
-3
-5
0
9
5
3
-6
-17
-2
3
7
16
-3
-4
4
-10
-1
0
-2
4
-4
-1
-5
-9
3
-2
3
6
-1
5
-3
2
10
7
-5
-10
-3
-7
10
3
-10
7
2
0
-9
-4
5
-8
-1
-5
1
14
5
0
-5
-9
2
6
1
3
5
1
-4
-4
-6
6
7
1
-2
-5
0
-5
-10
-10
-5
-2
0
3
-9
-2
9
4
3
2
0
-4
4
-2
-10
7
6
7
5
-4
3
0
1
5
3
5
3
9
-3
-7
7
1
1
-2
2
6
5
7
-1
2
12
13
0
-12
-6
-2
0
0
-6
-5
5
7
3
4
7
4
1
-1
1
8
1
-5
-9
-22
-21
-13
-1
1
-2
3
-4
-3
1
-6
5
5
2
-1
-8
-7
-8
-5
-2
2
3
-2
1
0
-5
-2
0
-4
-5
-4
7
5
0
0
-1
3
2
4
3
3
4
1
2
6
5
8
8
8
9
-1
-2
-2
-8
-8
-4
1
-1
-5
-9
-19
-22
-9
10
10
11
14
-2
-5
-5
-6
-9
-7
-2
-4
2
2
-2
2
5
9
5
-1
6
9
3
2
-1
-9
-8
-7
-6
-4
5
11
9
12
11
-1
-7
1
8
3
4
1
-4
4
4
1
0
1
3
4
2
0
0
-5
-3
4
-5
0
1
-11
-6
1
-2
5
8
5
2
-2
-8
-6
1
-4
-9
-11
-12
-1
-1
6
8
5
6
7
7
1
-2
-2
-2
-1
4
-5
-5
-3
-2
2
0
6
4
0
2
0
2
2
1
2
2
4
-2
-4
0
-8
-9
1
3
5
3
-3
-12
-17
-12
-12
-5
5
5
6
-5
-7
-3
-4
-5
-8
-3
-5
-4
-3
-6
0
5
4
-2
-5
-3
-6
-4
-4
-7
-4
-4
-2
-5
5
12
3
1
-3
3
7
5
5
-2
-6
-8
0
5
-1
6
3
-1
2
0
-1
2
7
1
-2
5
4
5
6
5
3
4
5
3
-1
0
2
2
3
4
2
-3
-1
-1
-5
-8
-4
0
-3
-5
-2
0
3
8
4
2
10
3
2
2
-5
-1
3
0
-3
-2
-1
-2
-6
-10
-3
0
2
0
-3
2
3
-3
2
4
5
2
1
6
8
8
3
-1
-3
-3
-1
-6
-4
-2
3
9
1
-3
-1
-1
-1
-1
8
5
2
5
-6
-1
3
-7
-6
-4
-1
-1
-4
4
6
5
1
-2
-3
-2
5
8
9
7
3
2
-5
1
12
11
5
-7
-14
-9
-1
2
2
2
2
-7
-14
-17
-13
-3
0
2
3
4
5
8
3
-2
2
3
7
2
-1
-1
1
-1
3
1
-3
1
-9
-7
0
-1
2
3
7
6
1
2
-3
-1
1
-1
4
-4
-2
1
2
6
-1
-3
-8
-15
-10
-9
-5
-3
-3
1
4
7
7
10
11
5
-1
-3
-2
-6
0
3
0
-7
-5
-5
-8
0
2
3
3
2
-1
-2
-3
-5
1
6
8
7
6
4
-1
0
-2
-1
-3
-5
0
2
5
6
4
1
0
-4
-3
2
4
9
7
8
7
-1
-3
-5
-2
-2
-3
1
-2
-3
-3
-6
-3
0
4
8
5
1
-4
-5
-1
-2
-3
-6
1
5
6
1
-4
-10
-9
-3
-2
1
10
11
3
-3
-2
-5
-1
6
-1
-4
-1
4
4
6
6
1
3
4
-1
-1
6
5
-4
-3
2
6
5
-1
-5
-9
-7
-1
-1
1
4
9
4
0
-1
-6
-2
0
-1
-1
-1
-1
-5
-11
-12
-5
-4
3
4
-1
2
10
5
-6
-1
-2
-11
-2
6
3
9
6
-3
-2
-2
1
-1
1
4
3
1
-10
-5
-8
-11
-2
-1
2
9
17
5
1
9
-2
-5
-4
-3
-4
-7
-2
-6
-5
3
4
7
2
6
6
-1
-4
-16
-9
-2
-4
-2
-3
1
2
-1
-3
5
16
10
5
2
-6
0
1
2
4
-2
1
-3
-5
4
8
6
-2
-1
-3
-4
2
-4
-2
1
2
1
0
2
3
7
4
-2
0
-4
-6
-8
-5
3
10
9
3
-3
-4
-4
-1
6
3
-6
-3
-2
-2
-3
-5
-2
-7
-7
-1
0
-3
-5
-8
-9
-4
6
2
2
9
3
-4
-6
-3
-1
2
9
13
6
-3
-2
-5
-9
-4
4
4
8
10
-4
-1
14
11
7
7
7
1
-1
-3
-7
-8
-8
-9
-7
-12
-4
3
0
-3
3
7
4
4
-6
-10
-4
0
0
1
4
2
2
2
3
3
-5
-2
5
0
-2
5
-2
-8
-4
-4
2
3
6
-2
-4
-4
-9
-6
0
-3
3
4
-6
3
3
-3
1
3
3
4
11
-8
-4
2
-3
7
12
4
-7
-7
0
0
7
7
-8
-4
-2
-1
1
2
7
4
2
-9
-3
11
2
2
-3
-3
12
11
10
2
8
8
-10
-4
-11
-10
6
10
1
-9
0
-2
-4
2
-6
1
8
-4
-4
-6
-2
-3
-6
-2
-3
11
9
1
-6
-19
-6
1
0
12
-5
0
0
-17
-3
2
8
3
3
-3
-7
1
-8
-1
5
1
5
4
0
-7
-8
-3
3
11
4
-6
-13
-15
-9
-7
-2
-6
-11
-2
-1
8
16
7
7
1
-9
-10
-5
-7
-10
7
6
6
8
-1
-1
-1
3
-1
2
5
1
9
3
-4
-9
-8
0
9
11
5
6
3
-10
-14
-8
-1
16
14
-1
-9
-5
5
3
5
-4
-6
8
0
9
11
10
9
-11
-2
-14
-6
12
-8
12
18
11
-2
-17
-17
-15
11
10
3
5
3
8
1
9
5
-11
-5
-2
-18
3
13
-6
11
-1
-2
1
11
9
2
8
-14
-1
-3
-12
-1
-9
10
10
13
8
-2
-4
-11
-7
-1
-5
-8
0
-2
-4
10
-2
-16
4
4
-1
14
7
-5
5
-1
-8
12
13
-2
9
-4
-14
-1
-10
-4
12
9
9
12
7
-11
-12
-8
0
22
13
3
0
1
-15
-9
1
-2
0
2
-5
-6
10
8
1
0
-11
-22
-11
7
0
5
17
2
-3
4
-16
-2
15
4
-11
7
14
1
19
11
14
2
-12
-4
-10
10
-2
4
17
8
-1
-15
7
9
-7
-2
-9
4
9
-3
-1
2
-3
-14
-2
7
9
2
-4
-3
3
-3
-1
-4
-7
8
-11
-11
-4
-6
2
-2
2
-22
-6
6
-1
1
0
14
16
11
-9
-14
-8
-9
-11
-12
1
27
25
-2
15
4
-10
0
-16
-26
-10
7
7
11
8
1
14
10
-7
-5
-7
7
26
7
6
1
-6
-12
-21
-9
6
16
10
9
15
-3
1
-13
-33
-17
-7
-7
16
18
-2
8
2
-13
-11
-9
0
7
-10
-11
6
-1
10
-2
-20
2
-3
1
5
2
7
6
-5
-16
5
-5
-22
-1
-13
-3
18
-13
-13
7
10
-6
-1
-13
-24
14
-5
21
25
-10
8
-29
-19
14
11
9
6
-7
-15
20
-22
-21
29
8
29
27
-11
-10
4
-12
2
23
12
16
-9
-12
-12
-3
19
-3
5
13
-6
-18
14
-7
5
50
-27
-1
16
-17
27
10
-11
-7
-17
-40
-20
3
19
38
-15
-23
-14
-39
-15
0
-6
28
10
-27
11
7
19
44
0
-10
10
-13
-8
19
-40
-37
-42
-81
-3
1
-18
7
-31
-48
19
13
-2
44
-4
-36
9
-27
-42
27
-31
-39
11
-6
62
61
37
26
-23
-31
-17
-14
9
77
25
-9
30
-25
-1
47
28
38
53
6
-20
0
-32
16
29
-5
16
3
-3
9
-3
-1
3
-7
8
-3
10
12
-12
-16
0
7
-13
10
20
7
27
9
-22
1
-18
-24
-13
-16
-9
-5
9
6
11
11
-24
-17
4
9
24
29
3
-28
-17
-30
-22
23
21
23
21
-6
-10
-4
-15
-23
-5
-9
-9
0
7
22
15
-3
-9
-29
-13
1
-18
30
18
10
27
-8
-26
-18
3
-20
-7
-7
-34
6
-10
-1
22
-5
-4
-15
-33
-31
-7
14
26
4
-5
2
-19
-26
-6
12
18
48
15
5
33
0
-2
-30
-23
-5
12
37
31
38
7
-2
-30
-52
-4
-14
-24
-2
-24
-2
22
18
30
26
-7
-36
-21
-24
-8
24
-5
-13
-12
-16
-5
17
34
31
27
2
-13
-15
-4
3
-1
-2
-18
-17
-13
-2
11
31
43
18
24
-12
-15
-8
-32
-4
-12
9
0
-10
2
-14
3
-11
2
12
17
26
-15
-23
-43
-33
-15
-5
27
31
20
0
3
14
23
32
33
33
26
-9
-37
-22
-7
9
11
8
8
8
8
6
19
23
22
12
-22
-22
-34
-27
-4
7
16
14
11
-20
-23
-20
-25
-15
-4
1
4
-9
-28
-9
-16
-16
7
12
27
35
23
20
15
9
-8
-15
-4
-3
0
0
12
15
6
-3
-2
11
13
-10
-34
-34
-3
31
18
-9
-37
-10
-35
-47
-11
30
58
27
18
-31
-8
24
34
47
16
-21
-63
-23
12
52
51
-6
8
2
-13
9
-13
-16
8
-21
-47
-81
-41
-11
7
33
-32
-16
9
10
10
-30
-23
-53
-53
-45
-15
88
70
4
6
12
29
24
3
-8
25
36
-7
-8
9
66
106
87
94
87
48
-25
-139
-184
-96
-12
5
-28
-36
11
-68
-75
14
44
53
-17
-83
-53
4
10
-42
-22
27
26
-5
-31
-1
-13
-30
-48
-50
-27
33
10
-57
-4
19
15
42
92
63
25
29
17
-5
-10
4
-16
-17
-14
-3
-5
74
113
31
61
73
44
-15
-51
-35
-35
60
43
-43
-13
-24
-63
-41
-16
-7
-12
-53
-146
-211
-144
-62
-13
-4
-2
14
24
82
104
85
131
142
101
58
-41
-63
-63
-79
-20
-27
-17
46
-8
-99
-17
51
13
10
-41
-86
-58
76
63
56
78
-11
-4
28
117
134
80
12
-137
-220
-230
-99
98
43
-56
-155
-181
18
170
249
284
294
233
149
153
198
347
413
180
-89
-230
-318
-300
-279
-199
-42
-8
-143
-360
-238
26
86
32
-53
-20
-61
-254
-388
-334
-13
248
189
136
174
330
323
118
119
210
279
145
-171
-409
-456
-349
-299
-190
116
321
317
131
-8
24
77
178
16
-172
-60
-55
-82
-149
-99
50
215
314
209
199
285
249
47
-107
-140
-153
-143
-243
-479
-458
-322
-286
-168
-48
42
113
145
106
178
259
357
576
597
586
519
114
-176
-77
-159
-486
-342
-101
-103
-161
-370
-539
-49
518
164
-276
-107
116
-29
-464
-685
-304
304
389
-60
-207
232
710
555
129
189
446
355
-154
-731
-712
-131
217
-69
-337
-209
-24
58
-2
-61
164
313
137
-289
-453
-173
254
498
166
-94
5
102
152
26
-48
104
232
-25
-388
-251
49
309
305
-207
-424
-265
-175
-270
-523
-461
-4
335
157
-46
210
548
672
585
422
581
1015
1108
171
-829
-600
-213
-820
-1253
-817
-106
442
222
-606
-431
750
742
-155
-364
96
455
-161
-1023
-751
293
764
269
-180
42
924
1218
291
-198
256
292
-397
-979
-981
-373
201
114
-142
10
367
543
378
47
-44
-51
-235
-522
-934
-800
-14
518
341
68
-20
99
324
188
5
326
635
316
-191
-526
-533
-110
79
-244
-489
-317
-86
-95
-187
-154
116
264
13
-168
-24
162
430
524
281
167
413
683
855
862
172
-422
-412
-760
-1482
-1403
-558
123
559
188
-636
-80
1130
773
-92
94
597
457
-413
-1277
-962
417
952
245
-381
-39
826
702
-408
-680
21
151
-472
-1044
-1173
-359
739
773
375
406
551
478
225
-192
-341
-21
45
-400
-905
-869
-157
400
146
-234
-69
301
503
339
-17
149
574
407
-41
-272
-239
94
187
-313
-722
-476
-133
-117
-99
-33
77
202
-72
-277
-80
193
442
372
139
-6
166
304
454
764
979
1210
313
-1201
-1119
-537
-1276
-1562
-687
-84
249
67
-915
-264
1934
1754
221
227
818
814
-238
-1612
-1257
429
646
-517
-1011
-226
1349
1558
-119
-643
507
386
-993
-1606
-1218
-80
965
717
54
371
886
735
475
101
-216
-53
73
-395
-1132
-1096
-324
302
2
-531
-181
289
499
360
64
364
889
811
86
-192
114
206
85
-498
-1056
-834
-412
-447
-694
-531
-157
244
436
336
418
507
438
234
-134
-292
67
492
398
381
755
1308
1728
582
-1198
-948
-244
-1694
-2620
-1518
-531
440
467
-1137
-318
2849
2473
-220
-141
1328
1549
121
-2028
-1893
548
1147
-580
-1477
-468
1452
1624
-656
-1244
588
692
-1050
-1841
-1403
-180
1174
843
23
570
1025
735
635
321
-385
-279
-2
-443
-781
-986
-708
286
-89
-1496
-1356
-90
616
806
800
737
1347
1706
673
-267
-125
168
87
-516
-1388
-1599
-998
-487
-392
-376
-57
670
700
39
-25
249
385
568
339
-330
-425
331
624
186
145
832
1565
1976
1826
24
-1841
-1406
-963
-2837
-3668
-1704
219
1216
427
-1454
369
4132
2993
-385
-221
1434
1674
-274
-3095
-2258
1456
1931
-569
-1702
-519
1696
1637
-1379
-2085
436
742
-1231
-1904
-1365
158
1884
1357
222
509
696
446
464
-51
-879
-552
185
243
-198
-629
-119
665
-26
-1713
-2463
-1438
158
775
563
846
1934
2524
1862
574
-117
-5
-207
-1256
-2598
-2718
-1333
34
431
276
351
721
961
514
-206
-244
292
498
-169
-873
-580
416
790
456
110
73
816
1512
1697
1925
595
-1924
-2251
-1254
-2716
-3778
-1345
893
1883
1258
-1463
-666
4159
3823
-707
-924
1429
2060
442
-2908
-2933
1610
2931
-444
-2411
-1157
1377
1931
-1037
-2724
-171
1106
-919
-1927
-1195
390
2304
2143
484
-213
-391
-528
217
334
-897
-702
828
1649
1000
-485
-475
1358
1083
-2304
-3992
-2163
-134
424
175
345
2098
3818
2720
164
-863
-448
-400
-1474
-2773
-2800
-1251
375
668
183
397
1129
1289
184
-1047
-1113
-494
89
49
-645
-594
808
1595
552
-670
-707
63
707
802
886
2208
2542
-570
-2781
-1336
-952
-2935
-2077
50
673
1138
-554
-2075
2108
5517
1550
-1699
418
2137
1043
-2049
-3833
-144
3471
959
-2358
-1620
1423
3420
916
-2954
-1529
1185
-739
-2864
-1978
-178
1802
2362
731
-313
-181
-314
-130
411
-285
-867
445
1996
1977
512
-469
728
1611
-831
-3741
-3392
-1126
294
189
-458
507
2749
3013
914
-886
-917
-350
-636
-1667
-2172
-1088
1148
2229
1143
296
570
901
527
-632
-1652
-1502
-266
195
-559
-762
489
1724
1311
-162
-1272
-1071
160
591
295
980
2532
3455
1178
-2615
-2544
-386
-1639
-3195
-1898
-564
1333
1613
-1863
-929
4918
3999
-1240
-1279
1017
1491
59
-2724
-2320
2243
3145
-147
-1455
137
2494
1650
-2671
-3767
-673
-162
-1981
-1713
-366
1198
2620
1686
65
25
-185
-669
-44
115
-616
176
2015
2526
1178
-653
-587
497
-822
-3683
-3910
-1765
-94
455
91
394
2197
2991
1436
-150
-534
-639
-774
-908
-1299
-798
1034
2297
1570
323
41
162
-220
-1146
-1950
-1963
-1005
168
229
-452
206
1652
1569
293
-879
-1287
-479
492
399
892
2892
4382
3016
-1265
-3330
-1503
-1637
-4110
-3567
-1438
692
2251
-584
-2165
3770
6342
498
-2167
240
1512
910
-1896
-3488
835
4308
1655
-1231
-794
1473
2177
-1446
-4582
-2269
-24
-1419
-1954
-695
747
2547
2725
970
71
-417
-1203
-449
622
-240
-339
1803
2984
1893
19
-968
-267
-224
-3186
-5042
-2867
-195
790
823
824
1792
3015
2244
95
-1122
-1223
-855
-472
-720
-816
670
2547
2484
837
-435
-551
-566
-1504
-2776
-2813
-1444
280
1141
605
473
1739
2178
769
-976
-1720
-1167
-28
299
553
2225
3821
4242
1899
-2931
-4133
-1407
-2381
-5377
-3757
-377
2606
3397
-943
-1586
5283
5833
-1275
-3141
-388
1454
1074
-2248
-2698
2841
5447
1712
-1568
-1370
1011
980
-3917
-6142
-2180
424
-415
-291
838
1917
3159
2402
42
-958
-1432
-1683
-61
1163
85
206
2586
3558
1828
-996
-2351
-1232
-1325
-4162
-4964
-1782
1390
2284
1772
976
1576
2684
1497
-887
-1746
-1143
-181
210
-494
-382
1610
2914
1872
-151
-1400
-1355
-1049
-1974
-2870
-2253
-659
1152
1706
696
461
1569
1621
96
-1548
-1972
-533
895
665
974
2925
4649
4575
460
-4653
-4304
-2058
-4243
-5753
-2377
1811
4857
3100
-1904
591
6612
2869
-3886
-2850
1082
2571
625
-2823
-788
5005
4650
-723
-3425
-1766
356
-1743
-5446
-3905
767
1798
542
669
1011
1539
2032
775
-810
-1174
-1397
-637
1627
1663
-112
868
3238
2781
-356
-3116
-2643
-742
-2102
-4794
-3519
205
2401
2609
1459
894
2210
2333
73
-1494
-1413
-407
628
379
-446
270
1820
1765
85
-1691
-2120
-1207
-1255
-2167
-1948
-706
1059
2343
1670
489
1022
1601
387
-1342
-2378
-1499
559
930
925
2702
4108
4285
2380
-3336
-6598
-3441
-2518
-5405
-3519
1003
4090
5247
580
-2305
4071
5982
-1652
-4385
-424
2422
2424
-935
-2588
2215
5046
609
-3958
-3705
-473
446
-3025
-4586
-502
2613
1294
355
845
1055
1686
1290
-557
-1001
-847
-993
1035
2547
492
-330
1699
2284
-21
-3113
-3634
-837
89
-2879
-3773
-414
2546
2927
1666
357
1318
2667
792
-1764
-1752
-591
540
835
-397
-634
1010
1496
36
-1703
-2402
-1436
-781
-1365
-1336
-360
904
2112
2136
605
183
1289
996
-878
-2239
-1820
57
1354
1424
2002
3452
4441
1768
-4439
-6510
-3168
-2701
-4120
-1625
1464
4528
5542
-372
-2733
4208
5131
-2572
-4345
-23
2665
2082
-1390
-2032
2838
4712
-204
-4678
-3772
-46
486
-3093
-3466
996
3033
1117
32
259
632
1547
932
-564
-611
-982
-921
1429
2035
-478
-704
1702
2130
-433
-3555
-3216
143
279
-2834
-3028
198
2995
3076
567
-732
1350
2564
361
-1644
-1568
-451
934
567
-1137
-748
1289
1480
-233
-1805
-2041
-718
-138
-1149
-1213
7
1089
1751
1337
165
164
862
380
-1091
-2057
-1590
249
1750
2072
2579
3446
3524
4
-5425
-5843
-2528
-2556
-2939
152
2547
4637
3663
-2495
-2218
4921
2884
-4524
-3107
1975
3438
1608
-1837
-871
4169
3444
-2991
-5637
-2398
1367
393
-2825
-1468
2539
2523
-128
-1060
-899
213
1317
329
-450
-1
-455
272
2634
1543
-1247
-312
1768
878
-2233
-4061
-1735
1456
88
-2625
-1555
1375
2814
1570
-1129
-929
1996
2178
-106
-1107
-864
146
1250
208
-1439
-236
1629
1231
-700
-2170
-1600
-255
-351
-1320
-1172
343
1772
1717
309
-239
515
824
-17
-1354
-1413
21
1360
1684
2063
3082
3899
1185
-4762
-6061
-2804
-2996
-3518
125
2739
4664
4636
-1899
-3857
3639
3858
-3974
-3907
1923
4368
2797
-1149
-1821
3266
4463
-2220
-6695
-3053
2059
1137
-2706
-1784
2433
2615
-397
-2006
-1842
-227
1322
363
-466
774
654
502
2600
2144
-1386
-1748
888
1126
-1791
-3704
-1323
1763
539
-2375
-2267
262
2413
1324
-1756
-1177
2280
2567
199
-588
-255
436
922
-268
-1300
-300
1299
1509
-7
-1625
-1292
-455
-938
-1555
-1474
-436
1446
2156
498
-638
245
731
-223
-1427
-1363
669
2536
2168
1793
2737
3138
1980
-2765
-7542
-5042
-1350
-2954
-1845
2571
4352
5338
1727
-4990
-1970
4086
-472
-4839
-63
4724
4965
1954
-1506
4
3332
246
-5644
-5533
-491
2324
124
-1852
758
2800
171
-2333
-2336
-1618
134
1299
754
1135
1562
907
1994
2738
-167
-2310
-656
997
-299
-2768
-2310
1079
1757
-1688
-3748
-1728
1126
1298
-451
-324
2253
3370
1287
-1216
-1660
-375
205
-808
-644
990
1949
1973
1059
-1133
-2082
-1457
-2134
-2753
-1475
108
1273
2336
2117
491
-176
-22
-907
-1859
-1337
664
2589
3059
2795
2755
2925
1820
-3527
-8217
-5307
-1830
-3215
-717
4111
4710
5278
1458
-6067
-2846
3509
-1294
-4345
2064
6181
5160
1789
-2064
-406
3152
-858
-6924
-5127
1082
3328
572
-1397
1014
2593
-1258
-4919
-3985
-1228
1320
2268
1642
2331
2676
731
505
1174
-1168
-2271
485
1757
118
-1170
-917
593
116
-3685
-5296
-2263
1028
1592
841
1329
3519
3814
329
-3153
-3151
-982
79
-72
810
2749
4074
3135
-305
-3264
-3030
-2158
-2883
-2521
-541
1483
3031
2585
437
-997
-1039
-999
-1640
-1742
-213
2332
4042
3717
2551
2165
2070
869
-3282
-7904
-6025
-735
-758
-785
3047
4697
4536
981
-6720
-5883
3033
2766
-2223
1693
7032
6185
1917
-3059
-3476
1031
775
-4704
-4559
1570
4843
2287
-1528
-1481
163
-2089
-5633
-4628
-628
2864
4487
3262
1916
1477
-513
-1507
-202
-664
-1040
1931
3769
1866
-626
-1722
-1388
-1526
-4301
-6020
-2611
1874
2830
1993
1923
2498
2045
-645
-3794
-3764
-393
2064
2136
2283
2993
2856
1357
-1718
-4800
-4623
-2121
-933
-540
993
2422
2390
982
-1398
-3150
-2716
-804
428
735
1698
3463
4132
2278
76
238
920
645
-1025
-5136
-5876
-435
690
-2256
1025
3779
1683
90
-4628
-7103
1148
5734
200
852
6507
5271
1111
-2233
-3812
-466
1978
-1706
-3701
489
3609
1652
-1899
-2883
-1264
-1802
-4328
-3329
441
2957
4242
3246
362
-566
-1061
-1848
296
1754
735
2408
4358
1836
-1572
-2730
-2631
-2241
-3407
-4968
-2045
2474
3065
1813
1141
662
312
-766
-3068
-2383
1882
3972
2946
2157
1799
679
-564
-2271
-4146
-3288
-283
604
-73
592
1182
421
-836
-1949
-2435
-1397
678
1683
1300
1248
2110
1722
577
535
778
1414
3028
1597
-4229
-5832
-1861
-1224
-2556
224
2513
2547
1998
-3817
-7402
328
5330
739
781
5476
5118
2086
-1486
-4103
-940
2539
-798
-3406
-3
3116
2361
-997
-3055
-1894
-1669
-3853
-3474
138
2992
4101
2738
196
-758
-1748
-2197
659
2659
1798
3158
4540
1922
-1403
-3238
-3339
-2316
-2627
-3761
-1917
1429
2143
1079
50
-442
-113
-301
-1496
-1304
1687
4047
3233
1654
760
316
-325
-1652
-2651
-1958
-52
515
-385
-595
-47
-182
-1259
-1558
-1161
-819
536
1882
1262
204
891
1514
765
682
1762
2598
3498
2231
-3805
-6656
-2649
-1393
-2773
1007
3889
2185
562
-4620
-8059
-1129
3954
1123
3183
7607
4741
767
-1664
-3639
-1085
1711
-465
-906
2084
2352
808
-898
-3087
-3368
-3355
-4259
-1957
1971
3264
3538
2361
-850
-2638
-3394
-2568
1603
4296
3787
4571
4776
898
-2591
-3684
-3543
-2187
-1482
-1478
-299
1049
114
-1300
-1663
-1849
-1147
160
707
842
1829
2798
2164
549
-477
96
819
297
-511
-490
58
-42
-1216
-2073
-1173
-421
-874
-806
-298
-287
-355
171
387
4
619
1503
1565
1764
2498
2498
2552
2201
-2676
-6634
-3276
-487
-1445
1443
4505
2064
-932
-5131
-8853
-3432
3175
2084
4095
8725
4828
-892
-2394
-3438
-1507
2113
1542
1635
3786
1643
-1350
-1432
-2616
-4133
-3702
-3061
-775
2219
2317
1844
1348
-1508
-4081
-3927
-1715
2683
5741
4721
4388
3997
-336
-3969
-3510
-1868
-193
908
145
189
411
-2267
-3736
-2043
-1578
-1495
799
1955
1083
1044
1191
651
541
331
349
1960
2747
768
-1141
-798
-730
-2118
-2217
-537
616
297
-330
-934
-1605
-1690
-1041
-407
166
1447
2047
1683
1877
2249
1822
2287
2395
-2439
-5452
-1708
352
-590
2134
3866
839
-1643
-6318
-9715
-3007
3547
2019
4210
8328
3145
-2648
-3080
-2822
-326
3102
2766
3100
4426
694
-2573
-1464
-1821
-3385
-3043
-1881
515
2137
649
-31
91
-2527
-4700
-3785
-799
3585
5463
3610
3116
3079
-823
-3491
-1512
549
1419
1462
-64
-867
-1084
-3138
-3818
-1039
166
-1022
-90
787
-736
-1333
-321
946
1751
2032
1803
1964
1948
-261
-2161
-1405
87
-60
-198
1171
1415
-440
-2198
-2507
-2456
-1942
-346
978
1420
1759
1285
31
240
1049
1240
2579
3109
-880
-3400
-914
-151
-813
1723
2859
638
-1064
-4914
-7400
-1933
2350
1063
3478
5972
1080
-2816
-2082
-1452
562
2946
2673
3328
3824
33
-2502
-916
-990
-2569
-2375
-1104
1126
1829
-163
-725
-363
-2478
-4144
-3056
-323
3254
4061
2009
1895
2035
-1063
-2630
-246
1661
1775
943
-131
-539
-1119
-2244
-1860
318
556
-1036
-1291
-850
-1203
-1500
-289
1645
2506
1699
709
986
547
-931
-1080
88
1146
1058
522
293
-146
-1327
-2401
-2129
-1115
-207
327
761
1161
961
-266
-1018
198
1229
1354
2433
1807
-1518
-1982
-480
-966
89
2472
1609
57
-1301
-5269
-4716
458
941
609
4155
3199
-1883
-2435
-1261
-776
1684
2655
1947
3468
2408
-1851
-2049
-170
-764
-1765
-1288
311
1834
858
-1169
-1152
-1240
-2756
-2985
-1185
1375
2957
2045
1061
1456
124
-1777
-736
1452
1802
1328
529
-726
-936
-1618
-2311
-454
1558
792
-779
-929
-1606
-2270
-1375
189
1972
2710
1680
334
-417
-1098
-1417
-210
1350
2096
1815
732
-237
-1265
-2057
-2028
-892
371
659
438
269
68
-326
-386
70
1148
1773
2222
1821
-1267
-2326
-573
-337
-104
2042
2166
511
-634
-4133
-5123
-343
1494
612
3116
3299
-1040
-2590
-1799
-1313
1188
2465
1740
3185
2943
-1171
-2252
-249
-479
-931
-413
316
1638
1026
-1530
-1996
-1364
-2333
-2319
-717
813
1766
1249
246
521
374
-689
-196
1422
1913
752
-192
-470
-1023
-1043
-537
601
1400
617
-780
-1923
-1907
-1729
-1027
749
1962
1900
521
-688
-1185
-1383
-776
606
1942
2151
1333
130
-878
-1290
-1151
-806
-18
879
271
-574
-750
-941
-798
-144
692
1449
1996
1275
1034
-24
-2818
-2181
223
584
1275
2567
1020
-707
-2182
-5093
-3261
1296
1956
2153
3383
856
-2714
-3051
-2123
11
2225
2603
3226
3365
300
-2517
-2174
-1017
176
545
473
1958
1781
-1142
-2570
-2218
-2250
-1415
47
614
1457
836
-1073
-724
263
-54
650
2145
2243
1339
-621
-1681
-1099
-1029
-55
1592
2018
1058
-281
-1991
-3201
-1848
-920
303
2456
2350
675
-1093
-1836
-1955
-1067
887
2124
2273
1392
182
-1233
-1723
-696
-77
348
1154
817
-712
-1511
-1543
-1098
20
1098
1872
1816
1388
998
-1018
-3192
-1601
817
1062
1871
2470
731
-924
-2619
-4708
-2253
1724
2216
2429
2435
-401
-3393
-3323
-1413
570
2078
3036
3739
2408
-366
-2410
-2256
24
1155
734
1156
1955
188
-1955
-2311
-2401
-1695
-65
847
713
6
-1375
-2161
-1143
97
938
2043
2751
2063
209
-1391
-1988
-1364
-43
1759
2866
1885
450
-1218
-2810
-2661
-1599
-165
1800
2506
817
-902
-1875
-2478
-1235
751
1630
1817
1496
509
-886
-1546
-755
531
1180
1285
891
-393
-1306
-1381
-1315
-631
652
1550
1645
1367
804
-214
-2164
-2433
-143
1386
1924
2332
1465
-336
-1781
-3598
-3617
230
2660
2410
1838
95
-2602
-3652
-1961
223
1439
1908
2650
2555
462
-1646
-1928
-195
1526
1470
1082
1642
1067
-1243
-2219
-1828
-1256
-299
1013
1349
-149
-2069
-3065
-2188
-423
504
1603
2907
2246
-110
-1554
-1600
-692
817
2108
2576
1786
261
-1158
-1750
-1527
-590
229
1102
1498
-403
-1942
-1772
-1569
-1021
598
1705
1090
45
-737
-864
-672
41
1233
1646
1447
475
-989
-1652
-1228
-381
303
1025
1178
694
372
468
-340
-2438
-1765
768
1652
1909
1834
578
-344
-1315
-3623
-2470
1711
2703
2076
875
-1555
-3419
-2849
-745
812
1505
1426
1624
549
-1534
-1927
-726
1687
2773
1402
981
1666
428
-1658
-1449
-675
-449
766
1463
393
-1106
-2496
-2708
-1308
-336
0
1124
1684
244
-1306
-1658
-589
1060
1489
1771
1774
310
-609
-632
-275
544
973
644
688
82
-1962
-2364
-1060
-259
510
820
21
-833
-1222
-1137
-751
107
1486
1775
760
272
-405
-1256
-686
802
994
555
902
435
120
471
-1394
-2771
-311
1463
590
837
1285
-85
-745
-1705
-2441
402
2961
2461
1178
-613
-2717
-3071
-1542
721
1479
689
1212
1197
-1515
-3268
-1788
563
2242
2066
584
1096
1487
-605
-1561
-186
650
1027
1849
1214
-652
-1994
-2165
-655
529
31
-22
457
-547
-2441
-2430
-1071
695
2129
1822
1136
-163
-1269
-999
-221
1182
1990
1859
1631
899
-1382
-2765
-795
494
387
1080
637
-1198
-1913
-1634
-1274
-342
1001
1426
501
-298
-725
-1251
-425
1437
1623
1089
1330
786
-338
212
-523
-2480
-417
1872
1233
691
528
-1074
-1824
-1729
-2360
144
3099
2868
1409
-793
-2704
-2732
-1189
949
2150
1132
792
1279
-1160
-3077
-1767
252
1885
1845
-108
-314
854
-437
-1521
-48
1197
1584
1765
561
-1261
-1738
-1195
271
1539
851
210
616
-440
-2215
-2667
-1763
367
1213
521
199
-105
-578
-545
-340
-131
1242
1966
1512
927
-844
-1694
-39
1443
1133
370
23
-763
-1659
-1611
-979
-149
1253
1571
-503
-2222
-1561
-795
57
1286
1077
435
619
610
-165
-54
742
1401
821
-888
-1045
-259
669
1236
364
-751
-508
-1009
-2300
-655
1361
1452
1321
203
-1593
-1611
-887
-353
686
926
835
1072
38
-1422
-1088
-101
651
819
-11
376
981
-297
-1209
-222
654
891
1182
424
-585
-778
-674
-30
698
383
160
608
96
-1086
-1627
-1099
-285
20
-97
-23
229
-47
-308
-479
-344
524
1268
1316
786
-150
-552
374
1165
689
291
201
-445
-1170
-1215
-599
-28
595
638
-716
-1456
-937
-386
-137
43
186
218
758
984
268
244
790
1121
583
-1153
-1190
321
1185
1220
612
-239
-445
-869
-2648
-2062
949
1835
1525
438
-1804
-1886
-817
-343
585
969
1079
1377
265
-1802
-1640
39
1099
1632
392
-217
754
-167
-1637
-1001
214
1188
1914
695
-1138
-1348
-961
-105
994
833
605
940
-59
-1527
-1699
-812
656
990
19
-573
-736
-533
-244
-179
-150
599
1310
657
-22
-671
-698
692
1384
872
215
279
79
-832
-970
-648
2
703
419
-640
-1314
-667
-115
-479
-229
-62
-59
443
319
-96
316
1147
1330
1246
-329
-1865
-436
910
1114
1313
750
163
-301
-2416
-3141
-85
2137
1912
838
-1387
-2138
-854
-794
-102
1173
1005
1186
645
-1639
-1849
322
1143
1361
967
-177
489
545
-1434
-1565
185
1357
1770
788
-1177
-1651
-886
-424
586
1197
743
806
65
-1834
-2129
-353
693
1086
935
-808
-848
-64
-778
-950
-232
723
1236
868
-291
-1142
-787
148
1081
934
572
1050
42
-1155
-795
-593
139
1283
738
-920
-1310
-520
-324
-186
232
6
-219
-331
-698
-690
221
1276
1108
925
722
-1442
-1973
206
1369
1530
1682
980
66
-910
-2845
-2323
1127
2462
1646
-271
-2350
-1749
-825
-907
535
1509
1122
1081
-712
-2767
-841
1300
1195
1397
532
-248
433
-549
-1628
131
1692
1655
982
-810
-2030
-1316
-441
291
1401
1018
161
-81
-1480
-2236
-915
922
1573
1028
380
-452
-566
-322
-454
-129
383
880
510
-575
-881
-888
-184
968
1106
513
290
441
-712
-1450
38
924
961
849
-433
-1531
-1044
-67
72
440
1106
250
-884
-1123
-1211
-471
1037
1552
691
493
324
-1821
-2211
-110
1358
2281
1918
295
-571
-1094
-2075
-1310
1435
2821
1960
-693
-2969
-2230
-1039
-410
1206
1578
1026
552
-1625
-2750
-169
1830
1439
1332
412
-572
-35
-809
-1274
915
2281
1586
376
-1158
-1887
-1215
-526
489
1583
1163
104
-978
-2289
-1961
-11
1181
1307
758
-216
-838
-717
-239
316
889
898
338
-307
-646
-483
-325
118
765
400
-206
-220
-281
-685
-626
282
785
580
193
-474
-865
-306
400
425
511
798
-23
-1160
-1040
-692
-81
1106
1279
455
231
314
-1323
-2022
-209
1253
1814
1458
23
-855
-829
-1379
-1142
1263
2935
1982
-760
-3171
-2298
-241
225
1140
1684
806
-122
-1821
-2965
-605
1973
1617
1029
465
-308
-46
-357
-980
557
2096
1506
204
-1129
-1716
-991
-279
281
1292
1445
283
-1329
-2350
-1835
-209
1090
1071
572
138
-561
-756
-329
198
826
829
131
-354
-283
-58
53
257
274
187
-70
-478
-340
-419
-315
528
801
459
-41
-623
-850
-303
351
454
561
604
-58
-861
-929
-561
46
643
547
-16
13
359
-760
-1783
-579
969
1544
1360
343
-570
-467
-887
-1315
672
2791
2279
-55
-2404
-2417
-685
100
724
1476
1063
-15
-1565
-2737
-900
1908
1926
820
57
-597
-397
-383
-873
471
2267
1752
16
-1297
-1425
-697
-245
0
827
1381
563
-984
-2159
-1867
3
1039
603
492
426
-239
-707
-683
-397
776
1521
507
-579
-660
-337
-17
310
528
643
117
-554
-782
-938
-278
859
867
216
-51
-591
-974
-269
441
521
901
747
-333
-779
-654
-456
40
484
440
354
287
124
-698
-1780
-806
945
1416
1361
784
-251
-612
-1177
-1692
372
2796
2214
-40
-2076
-2307
-623
101
520
1633
1450
67
-1712
-2840
-1138
1733
2002
789
43
-492
-554
-596
-710
672
2315
1689
22
-1155
-1275
-510
-122
12
812
1302
437
-991
-1923
-1620
-217
877
732
532
381
-412
-885
-803
-246
950
1642
753
-471
-715
-562
-309
195
642
760
208
-629
-958
-848
-206
635
708
253
21
-491
-858
-155
405
379
673
614
-214
-581
-425
-205
283
465
345
286
161
-56
-1003
-1575
-277
1175
1267
857
179
-686
-750
-982
-1054
946
2557
1626
-421
-1957
-1629
-196
338
802
1588
986
-694
-2152
-2424
-160
2149
1799
599
-248
-857
-1009
-871
-72
1676
2408
997
-736
-1404
-1013
-256
74
373
1010
982
-40
-1173
-1652
-1035
-26
444
561
548
131
-605
-1145
-1051
-139
1247
1675
735
-370
-963
-947
-363
671
1405
1217
258
-1055
-1583
-932
147
1046
1144
556
-365
-1294
-1292
-339
469
863
926
378
-370
-758
-829
-366
405
692
695
494
28
-167
-836
-1450
-393
895
1260
1177
294
-819
-907
-1110
-1228
708
2415
1806
225
-1609
-1991
-712
-170
538
1810
1600
112
-1635
-2437
-932
1229
1466
851
514
-372
-1062
-1233
-728
974
2009
1163
-202
-858
-765
-435
-146
339
1015
1023
-28
-1191
-1273
-852
-363
385
717
892
577
-715
-1611
-1166
-121
772
1342
1051
136
-552
-1135
-933
259
1089
1327
739
-437
-981
-811
-293
555
1089
651
-124
-682
-980
-781
-87
406
601
651
136
-447
-664
-503
-101
167
492
858
703
188
-408
-1118
-953
153
867
1004
683
-72
-607
-1166
-1479
-269
1522
1904
1016
-404
-1454
-1256
-878
-325
1154
1928
1038
-722
-2040
-1569
86
1012
1277
1416
660
-673
-1652
-1468
132
1527
1420
393
-440
-612
-540
-523
-2
938
1019
218
-555
-926
-774
-377
-143
68
573
643
-152
-780
-839
-566
27
729
950
666
206
-507
-923
-576
277
1058
963
360
-214
-721
-627
-128
247
589
672
189
-457
-642
-481
-229
133
214
109
-9
-246
-360
-288
-53
244
482
453
171
68
-183
-546
-309
80
346
601
502
188
-81
-717
-1098
-332
487
900
970
232
-365
-669
-1262
-915
457
1281
1116
194
-853
-840
-408
-245
371
862
659
127
-603
-651
215
648
325
-11
-70
-32
-98
-180
65
374
99
-382
-478
-238
184
285
-131
-399
-282
-319
-390
-8
261
204
183
-64
-288
-53
216
212
151
72
-5
-6
-13
51
178
202
153
32
-163
-129
86
57
17
94
-74
-206
-117
-116
-124
95
184
13
-14
-66
-150
-71
16
258
500
265
-271
-587
-539
-140
349
548
702
506
-386
-1025
-900
-211
681
1001
616
153
-424
-1098
-955
-120
679
951
496
-109
-281
-239
-381
-107
482
580
240
-199
-295
0
181
-7
-105
166
231
71
-97
-155
22
-25
-264
-227
-62
26
9
-194
-305
-185
-169
-138
4
63
109
35
-138
-70
156
272
170
60
83
39
-51
33
213
243
129
-101
-237
-40
118
87
76
26
-52
-244
-317
-94
65
131
152
37
-140
-128
-135
-194
-34
124
287
400
321
20
-476
-664
-448
-28
481
782
737
218
-543
-1049
-871
-42
692
981
686
122
-447
-994
-850
-128
479
728
520
116
-152
-279
-312
-139
111
196
124
-18
93
300
260
107
-170
-355
-285
-139
61
280
416
275
-198
-533
-531
-408
-172
72
98
134
198
-70
-249
-219
-248
-72
125
237
335
257
155
63
-175
-230
63
291
367
303
10
-115
-53
-166
-218
-67
95
129
-33
-156
-137
-35
15
-71
-139
-15
136
-25
-134
-86
-72
109
172
163
281
130
-246
-487
-440
-101
359
555
504
331
-210
-675
-661
-327
266
672
585
266
-97
-443
-536
-291
100
334
302
91
-24
-3
16
70
14
-78
-124
-153
-10
297
422
216
-55
-304
-469
-288
15
300
502
268
-97
-346
-495
-407
-166
57
245
270
13
-195
-264
-302
-156
-10
68
252
276
93
96
67
-43
18
0
-11
154
149
44
57
69
42
9
-124
-202
-106
-99
-17
196
255
174
-54
-336
-422
-221
67
261
384
316
41
-222
-315
-224
117
346
189
-31
-188
-222
-102
39
144
320
281
-108
-337
-359
-193
158
289
248
305
154
-188
-375
-366
-176
101
255
295
367
214
-120
-291
-354
-197
72
225
362
352
148
-163
-366
-256
-85
100
182
105
-11
-163
-240
-231
-35
193
137
-18
-188
-227
-94
7
109
112
-8
-96
-118
-67
18
133
153
53
25
-57
-64
105
131
70
18
-84
-104
-6
34
20
103
74
25
73
-56
-130
-81
-111
-55
44
130
226
173
-73
-285
-339
-233
82
287
369
420
209
-160
-446
-514
-326
63
383
470
417
160
-221
-436
-396
-116
185
280
246
151
0
-151
-148
-82
-70
-35
-93
-112
112
264
259
168
-96
-305
-331
-245
28
384
419
249
42
-210
-274
-180
-127
-17
130
127
74
41
-88
-128
-119
-218
-140
-7
-18
36
82
62
34
7
-72
-87
-50
-102
20
166
153
200
79
-134
-147
-114
-45
102
209
99
16
-10
-127
-70
-14
-11
43
44
47
41
-16
-91
-129
-102
-95
7
155
148
106
-38
-178
-165
-113
-9
117
245
270
90
-122
-233
-180
-13
140
209
222
157
-6
-178
-235
-146
4
87
84
125
69
2
0
-148
-186
-127
-81
49
106
138
106
35
-23
-119
-86
-31
24
66
25
38
90
118
38
-110
-168
-169
-70
49
60
106
105
-32
-168
-213
-160
-86
21
27
49
137
87
24
-83
-163
-97
-23
21
119
195
129
53
-61
-136
-41
-6
-34
22
60
153
172
52
-7
-65
-85
-114
-73
14
90
151
8
-103
-100
-95
-24
-30
-63
-20
73
87
8
36
29
7
61
-9
-27
68
78
34
53
76
24
57
-22
-155
-74
-43
6
98
70
34
5
-122
-198
-95
-65
0
66
56
99
90
-12
-67
-28
-39
0
73
60
72
64
7
-19
15
20
-60
-81
-65
-73
41
108
55
36
-42
-141
-108
-74
-38
67
61
19
24
-33
-47
-4
-70
-90
27
74
130
145
27
-61
-148
-137
-72
56
180
185
102
-18
-85
-107
-78
-22
36
76
110
72
-6
-28
-80
-127
-114
-83
10
89
80
82
58
-14
-81
-118
-92
6
127
107
122
126
18
-36
-113
-122
-23
79
103
66
39
-33
-87
-92
-65
-11
44
46
-7
-2
-7
9
6
-25
-25
-42
4
35
56
45
7
-35
-87
-81
-37
19
80
74
25
-5
-75
-54
-29
-19
46
24
78
70
7
-53
-138
-62
-8
56
94
76
6
-92
-139
-188
-37
51
76
178
53
13
-60
-167
-73
9
97
105
68
55
-7
-43
-55
-12
-19
10
-12
-58
61
-5
36
67
-37
-1
-111
-96
-2
51
135
117
80
-26
-59
-122
-81
35
53
173
110
7
-41
-115
-63
-58
-17
24
62
62
13
-17
-46
-4
-42
-32
13
4
62
56
-17
8
-9
-60
-29
-26
-2
21
21
22
-3
-36
-63
-80
-91
-36
25
66
89
30
-33
-67
-129
-32
52
99
220
74
-82
-142
-166
-96
67
195
154
96
-78
-207
-177
-58
67
152
138
13
-110
-162
-53
46
112
102
47
-58
-120
-23
10
104
130
12
-20
-66
-81
-70
31
90
53
76
-41
-54
17
-5
37
-1
23
55
81
54
-28
-14
-42
-22
-39
-17
60
74
52
-8
-41
-66
-20
-16
32
72
38
52
-37
-55
-26
-31
-3
23
12
-4
-9
-36
6
23
6
-6
-33
-11
-16
19
37
22
17
-64
-70
-55
-5
58
55
30
-34
-56
-55
-4
53
68
63
6
-57
-84
-27
26
54
69
-38
-101
-100
-47
40
97
86
-27
-46
-106
-95
25
45
96
62
-26
-46
-52
-12
26
53
61
31
16
-33
-35
19
28
43
35
14
-32
-59
-76
-50
81
128
113
60
-60
-130
-139
-88
17
111
140
80
-19
-101
-111
-68
-14
64
99
82
55
-18
-56
-53
-55
-44
-29
29
37
70
74
-24
-57
-95
-79
7
50
83
79
22
-63
-88
-57
1
94
104
55
-29
-95
-105
-61
59
85
84
34
-62
-78
-83
4
54
52
44
-41
-55
-69
-26
34
37
35
-49
-53
-54
-13
37
8
22
-6
-24
-35
-32
19
35
11
2
-8
-12
53
21
-7
-35
-25
-14
41
92
7
29
-35
-95
-47
-10
97
82
38
-36
-71
-46
-5
102
94
65
-4
-106
-106
-13
48
83
76
13
-60
-112
-83
-62
32
90
57
10
-77
-81
-45
8
37
44
40
-14
-32
-27
-11
38
48
25
-5
-47
-44
-10
41
22
26
22
1
-15
-51
21
18
26
25
-42
1
-7
22
27
0
-21
-57
-16
-19
63
72
27
33
-74
-70
-71
2
81
44
72
-52
-76
-108
-54
83
98
160
19
-69
-100
-86
4
65
142
78
-2
-75
-97
-51
43
63
34
-14
-70
-52
-38
44
50
57
16
-50
-71
-64
49
50
95
70
-9
-16
-55
11
10
42
3
-19
-6
-67
32
62
51
41
-54
-84
-66
1
28
57
72
-19
-64
-96
-60
19
57
71
41
48
3
-17
-53
-28
5
10
45
24
31
-53
-80
-113
-68
31
34
75
18
5
-44
-37
10
10
1
-45
-17
-9
25
-12
-44
-60
-12
45
13
85
49
3
-18
-23
-35
-76
-6
35
29
3
2
18
26
-13
-9
18
64
47
-5
4
-61
-28
-46
-24
84
39
23
-33
-27
-25
-46
7
1
15
-1
16
3
-48
-77
-89
-77
28
80
86
38
-62
-16
-102
-22
48
6
108
16
-38
-64
-36
25
4
22
-17
40
33
0
12
-7
-5
-39
-65
-19
40
67
33
-21
-30
-29
-20
-18
14
41
20
10
11
19
-6
-5
23
-6
68
42
-26
-26
-67
-28
-48
36
68
-6
5
-63
-47
-23
19
52
0
7
-14
-12
17
19
36
17
24
47
19
10
22
-5
-17
-9
3
17
4
25
-30
-44
-58
-16
80
53
33
-12
-36
-46
-29
-5
15
64
20
-29
-34
-5
-4
-37
21
64
58
50
-12
-58
-49
-6
26
26
10
-23
-10
-17
2
2
1
36
18
31
20
1
-23
-76
-44
13
28
18
35
11
-32
-37
-42
36
77
51
-7
-54
-28
-28
-8
23
42
28
0
-23
-20
21
28
1
-15
-13
-41
-31
-21
-25
26
21
12
16
2
25
-20
27
38
-18
7
-46
5
3
1
39
-28
45
-28
-26
-17
-58
9
-32
46
10
16
6
-41
24
-47
13
-15
-9
47
-15
37
-23
-12
-15
-52
19
-21
81
13
-33
-15
-94
30
5
27
32
14
49
-46
-10
-38
22
55
-37
-13
-24
63
35
-3
-11
-32
-4
-46
8
4
55
29
-34
1
-35
5
-22
-13
-25
20
90
-14
22
-61
-63
17
-14
38
26
54
6
-19
-15
-49
0
-63
-3
16
9
81
-4
-1
-46
-60
-34
-17
88
55
60
-8
-76
-27
-60
39
-4
30
26
-37
61
-65
11
-33
-54
11
-36
54
28
58
-11
-27
12
-17
-1
-17
2
16
40
24
7
-32
-27
-26
-17
54
39
27
-19
-8
-40
-33
5
-5
57
-24
-11
-26
-35
56
-24
9
-15
-33
-8
-51
33
19
17
38
-16
-8
-40
-30
-6
-23
26
16
7
42
14
13
-21
-7
-47
-49
38
13
78
7
-27
-10
-60
20
-4
27
48
22
14
-52
-30
-46
1
22
10
56
-7
-16
-16
-52
-7
-3
19
31
21
42
-43
-26
-7
-30
18
33
39
15
-3
-17
-45
-24
-14
26
42
13
41
-26
-52
-27
-25
40
66
78
25
-25
-24
-67
-31
10
63
97
10
-23
-60
-61
-14
0
65
56
34
-6
-101
-57
-48
5
76
79
93
19
2
-71
-87
-24
15
78
50
31
1
-54
-82
-77
-17
54
87
46
9
-48
-57
-69
-43
47
60
70
0
-27
-62
-71
-8
-24
70
86
45
50
-72
-77
-120
-25
106
106
144
-40
-73
-97
-107
-2
34
156
102
45
-48
-133
-28
-40
43
41
61
52
-68
-58
-121
-41
52
88
131
63
-18
-105
-121
-75
18
125
135
102
-16
-143
-154
-104
9
106
134
118
25
-49
-116
-124
-77
26
94
105
124
-14
-41
-135
-88
3
31
190
75
37
-72
-96
-67
-72
79
31
113
48
-64
-58
-122
11
-23
65
98
39
40
-77
-52
-87
-12
34
64
106
57
-19
-116
-101
-94
9
77
95
60
-20
-40
-91
-2
1
50
85
48
41
-96
-72
-88
-56
28
26
125
82
33
-54
-121
-85
-54
96
100
90
17
-87
-88
-109
9
-1
76
76
15
18
-80
-2
-40
27
7
-17
-13
-102
-6
-57
86
116
97
59
-156
-110
-143
6
122
153
157
-17
-57
-189
-138
-36
28
148
96
66
-24
-110
-97
-90
15
85
130
110
-30
-90
-127
-88
9
91
171
106
18
-74
-156
-92
-42
55
98
105
60
-47
-66
-118
-50
-4
50
94
41
19
-39
-70
-52
0
28
31
53
7
-6
-24
-6
1
13
67
1
-18
-64
-44
-26
-15
53
38
45
-25
-79
-69
-66
57
62
88
52
-23
-39
-92
-22
-10
36
41
27
48
4
-12
-56
-63
-15
24
48
10
-24
-52
-80
-20
34
78
110
10
-52
-101
-83
-29
24
91
50
59
6
-61
-76
-91
-33
16
98
91
73
9
-95
-129
-128
-4
74
115
89
18
-35
-86
-87
-65
27
100
109
84
4
-66
-111
-115
-36
22
107
118
28
-30
-110
-79
-32
48
71
51
34
-15
-18
-75
-47
-20
13
82
65
59
-5
-78
-81
-53
3
33
68
55
27
-10
-58
-56
-25
7
41
57
44
33
-51
-60
-62
-35
93
85
79
-12
-65
-61
-74
-16
16
113
80
29
-44
-145
-60
-38
52
116
91
94
-35
-78
-157
-76
23
86
198
50
28
-119
-148
-101
-53
127
102
148
22
-55
-99
-132
-3
-4
121
84
67
33
-80
-42
-97
-1
33
99
48
-23
3
-80
8
-34
-3
29
15
40
-31
5
-64
-18
-17
-7
68
26
55
-26
-7
-25
-29
-2
-13
39
-14
5
-15
-30
-13
-24
15
21
44
8
-38
-58
-65
-9
35
89
78
50
-34
-84
-67
-43
25
63
79
44
25
-39
-78
-65
-55
25
87
113
79
-16
-87
-125
-82
3
78
115
72
19
-79
-91
-65
-23
59
65
69
28
-28
-47
-54
-24
10
43
39
7
-6
-43
-42
-13
22
38
24
22
-11
-24
-26
-34
19
27
29
21
-1
-12
-24
-14
-14
5
16
30
36
32
-2
-25
-29
-21
20
12
19
11
-2
-16
-33
2
1
19
17
5
26
12
1
-42
-34
-32
4
15
-2
33
11
23
-22
-3
-16
-2
38
-2
27
-16
-2
-33
-31
10
-15
33
-15
-2
-12
-7
18
-3
25
8
26
-3
1
-20
-54
-40
-36
15
36
55
37
1
-10
-48
-26
1
12
36
24
8
-5
-25
-27
-29
-8
11
30
19
0
13
-15
-5
-11
-4
0
-5
24
4
32
9
-2
-5
-40
-2
-34
-5
21
10
30
-4
4
-12
-13
8
-5
10
-12
-4
26
9
23
24
-9
1
-6
-14
9
8
13
-15
-27
-15
-10
32
21
12
-6
-37
-12
-11
16
33
34
8
-16
-20
-34
-9
10
22
6
16
-6
-20
-21
-26
33
12
38
14
-16
-2
-47
-2
-23
18
11
-13
-3
-25
5
-33
9
4
13
26
15
14
-34
-2
-30
2
7
16
35
-18
-7
-44
-16
-6
25
40
9
18
-27
-21
-36
-5
-2
-18
8
-6
20
-2
11
2
-12
0
-23
-8
-23
7
5
14
32
12
15
-20
3
-11
-10
4
4
17
-9
-10
-43
-16
1
8
29
-5
1
-2
15
14
11
12
-22
0
-7
-1
8
4
19
-5
-6
-12
-7
-4
-1
16
8
35
19
-1
-6
-19
-8
-14
11
12
31
32
-23
-18
-23
14
24
-7
7
-22
-2
13
6
12
-6
-4
-29
-7
12
7
16
-1
1
-5
3
1
2
3
-13
10
1
0
-1
9
18
-18
9
-8
5
14
-20
2
-17
5
12
-1
-1
-19
-7
-8
10
-3
-1
6
-13
0
-12
10
4
15
9
-3
4
-23
3
-6
7
16
-4
12
-2
-1
-5
0
-4
3
-8
-16
5
-25
-2
-14
-17
9
9
22
-20
-2
-10
-6
20
-4
14
-8
-8
5
0
9
17
17
-8
-6
-19
-19
6
7
-2
-1
-1
-3
18
6
-7
-10
-19
-6
-7
8
16
0
7
-4
6
4
0
0
-17
-3
-6
9
4
-1
7
-8
8
-6
-4
3
3
10
-6
5
-12
-7
3
-16
6
-9
-5
-2
-2
10
8
7
-7
-7
-12
-7
-5
-8
0
-1
10
0
-8
-8
-15
8
12
22
15
-6
-25
-34
-6
0
17
18
3
-7
-23
-13
-1
19
19
13
6
-13
-11
-24
-4
7
-2
12
1
4
0
-1
1
1
27
15
11
-1
-19
-6
-18
-9
6
0
-2
-12
-16
-15
-2
13
9
8
-8
-18
-8
-8
8
13
17
13
3
-2
-7
-2
-8
9
15
15
10
-3
7
-8
-14
-2
-3
12
17
7
-6
-11
-8
-8
11
18
7
-2
-6
-8
-4
0
5
10
16
6
-5
-10
-15
2
12
14
10
-8
-10
-5
-5
5
16
20
21
0
-17
-20
-15
-4
9
15
17
8
-11
-12
-9
4
10
6
5
-3
-12
-11
6
10
5
1
-8
-6
-13
-5
-2
5
10
4
4
0
-2
-13
-19
-3
8
14
14
7
-3
-19
-18
-5
10
22
20
8
-1
-9
-15
-11
3
6
4
0
-9
-8
-7
-8
-1
-1
0
3
-3
-1
-4
-2
-1
5
8
5
2
-6
-10
2
9
7
-4
-15
-16
-16
0
4
4
8
3
-5
-9
5
7
-7
-1
1
1
0
-1
-5
-3
8
8
-3
-10
-1
2
-8
1
1
-3
1
-1
-3
-7
5
10
5
2
9
1
-9
-13
-14
1
1
3
-1
-5
-3
3
12
9
12
5
0
1
3
-1
-11
-1
-1
5
2
-3
0
1
10
5
6
5
5
-1
-5
3
6
11
13
5
2
-5
-3
-4
-5
3
9
1
-6
2
-5
-3
2
-8
0
5
6
6
5
3
10
11
11
11
1
-11
-5
-4
-2
5
4
4
-1
-3
-9
-9
-2
-4
11
7
-2
2
-12
-9
-3
-7
3
10
8
8
4
-6
-14
-1
1
6
9
1
-2
-7
-8
-3
8
11
0
-5
-6
2
5
12
5
-3
5
-15
-8
1
-3
4
0
2
-4
-14
-5
-3
-5
-6
-5
-5
-3
-4
2
5
8
4
0
5
-2
-9
-9
-6
-2
6
3
-6
-5
-9
-14
-8
-7
2
9
12
7
-6
-11
-7
3
9
8
7
3
-1
-7
-5
0
2
13
6
2
-1
-12
-3
-6
2
5
-3
5
2
1
-3
5
12
5
5
1
-7
-12
-9
-8
6
15
13
5
-8
-11
-10
-8
-1
5
9
0
-3
1
8
14
10
8
1
-3
-6
-2
-1
-3
2
-6
-5
-17
-9
-4
-3
18
7
3
-9
-22
-9
0
3
10
14
7
3
-23
-30
-9
-7
8
17
-1
4
7
-7
-13
-8
7
6
5
6
8
9
-1
-12
-16
2
14
5
-15
-12
-2
-9
-1
-10
-4
4
0
-1
-14
5
12
14
15
2
5
-8
-15
-11
-1
6
7
6
-3
0
2
14
5
-1
2
-6
-6
-19
-25
-20
-27
-17
-1
4
8
12
6
-2
4
5
9
9
6
-12
-13
-11
-16
4
5
13
24
15
19
0
0
-11
-8
11
4
21
-10
-16
-10
-11
19
18
17
6
-4
-17
-21
12
16
10
-5
-14
-19
-9
1
-8
26
26
13
12
-7
-18
-19
-7
-11
11
25
5
-3
-23
-14
4
4
8
14
2
-9
0
8
20
4
0
0
-15
10
4
-12
8
10
5
2
-1
0
-40
-33
-16
-6
8
19
16
4
6
-21
11
-3
8
43
7
-1
-20
-29
-33
-7
8
4
7
-6
20
-14
-1
-3
-22
7
-6
28
-19
-25
12
22
25
3
1
-11
17
39
11
-2
-26
-15
0
-3
20
-13
-40
-17
-9
6
-7
5
6
2
22
4
13
-9
-9
12
28
23
-14
-9
-20
7
16
-7
3
-32
-20
-8
20
50
-3
-21
-11
17
17
9
-12
-19
-12
-12
33
34
12
-5
-25
-20
17
17
12
20
-44
-29
1
14
31
6
-17
-18
8
7
16
2
-34
-26
-3
32
26
-7
-11
-24
-22
21
9
17
-2
-44
-7
-9
32
30
-1
-49
-46
3
16
47
11
-15
-10
-1
5
15
-2
-17
4
-11
26
34
18
3
-31
-24
-35
33
42
15
8
-34
-5
-24
10
32
-5
13
-12
-15
3
18
13
-1
-14
-19
37
19
25
5
-51
-10
13
30
36
27
0
-16
-15
0
20
21
16
6
-18
-4
-3
-31
-27
7
21
29
29
-5
-18
-59
-33
0
4
89
31
-48
-42
-42
26
74
77
8
-56
-65
-78
35
77
23
7
-65
-32
10
21
13
-28
1
4
20
28
30
-8
-66
-30
-31
13
62
8
-5
-25
-34
-14
-5
16
30
12
-3
-18
-2
22
-13
-20
-33
-17
47
32
34
-3
-35
2
-10
24
-8
-39
26
3
12
28
2
-8
-12
0
14
29
11
-4
-57
-44
12
-9
42
19
-31
14
-24
-29
17
17
45
90
-1
-53
-61
-70
22
53
23
9
4
-21
-33
52
-13
9
22
-22
-7
-1
-7
-63
-46
-39
83
73
54
28
-118
-41
-12
36
83
-27
52
-70
-73
19
-86
15
26
67
39
-38
6
-136
3
31
-3
149
31
-11
-79
-84
-34
0
92
88
77
-7
-75
-103
-105
60
69
82
90
-83
-115
-92
-117
51
169
176
96
-102
-143
-99
-35
32
121
102
-36
-9
-113
-135
-4
-34
95
121
65
2
-83
-88
-95
29
77
122
114
-76
-80
-151
-61
56
37
167
20
-22
26
-119
-82
-4
55
99
53
-4
-102
-56
-17
19
44
-7
38
8
-51
21
2
9
45
-25
45
39
-5
3
-59
-33
-1
59
76
26
-28
-140
-21
24
33
113
-48
-58
-54
-91
39
61
101
30
-31
-27
-64
61
52
22
-41
-107
6
-16
31
27
-46
39
-7
-5
16
-30
-35
-39
15
31
52
43
-23
-36
-82
9
49
-9
60
49
-25
11
-3
-48
-7
7
29
14
-37
-6
-52
-58
28
9
18
69
24
-34
-57
-13
63
51
42
-52
-94
-19
62
105
19
-9
-32
-112
-7
40
24
75
16
-11
-59
-67
17
22
57
66
15
-74
-89
-16
-38
11
76
54
74
13
-13
-44
-97
13
21
23
83
46
-54
-140
-45
38
90
137
19
-78
-66
-31
-34
-38
51
94
11
-58
-93
-84
-32
76
116
108
88
-23
-106
-154
-59
84
46
75
16
-90
-69
-88
-25
23
47
58
-3
-32
-45
-30
-19
-1
34
5
-11
24
26
-21
-22
-35
-13
33
63
105
-19
-49
-2
-68
-9
45
18
-17
-13
-18
-23
15
14
28
-1
5
44
-1
-13
24
58
-23
-76
8
6
10
55
56
-8
-61
-76
-75
-12
86
110
29
14
-19
-89
-66
-15
39
89
77
17
-35
-105
-82
40
-2
37
102
61
-27
-102
-79
-109
-9
48
27
90
19
-21
-101
-124
-4
69
117
60
69
14
-69
-61
-102
-43
17
83
103
-26
-38
-72
-102
-42
66
130
103
103
-106
-227
-121
7
159
126
20
-48
-123
-48
24
7
4
54
132
93
-8
-112
-226
-109
103
173
102
-9
-48
-136
-52
76
66
103
27
1
29
-27
40
-61
-145
-96
-22
30
34
111
29
-69
-36
1
78
128
141
-19
-195
-101
-60
-115
-19
14
22
156
181
71
-28
-64
-113
-60
10
51
86
-9
-25
-35
-97
-72
-42
29
111
167
137
23
-48
-97
-110
-95
-48
36
81
38
-13
-65
-56
40
68
61
97
38
-78
-145
-174
-85
161
246
119
-41
-177
-177
-129
-36
50
151
228
98
-35
-113
-103
-54
-45
35
81
67
-20
-188
-194
-80
111
237
156
66
-82
-144
-86
-49
58
90
39
-51
-114
-71
7
148
109
-44
-23
-56
-97
-56
-16
57
111
122
-22
-71
-2
-11
8
8
21
10
-85
-64
-17
-25
60
139
108
55
29
-51
-104
-74
-19
42
77
114
34
-29
4
-53
-50
-17
52
98
44
-49
-125
-84
8
64
114
100
-37
-137
-139
-93
54
221
227
35
-110
-161
-137
43
139
102
50
6
-29
-134
-156
-42
47
68
79
92
13
-17
-101
-190
-82
72
220
201
-4
-134
-153
-119
-18
76
94
124
83
-80
-160
-151
-9
167
138
78
-17
-144
-145
-130
-54
79
143
151
156
18
-176
-174
-81
15
130
114
13
-32
-107
-169
-67
55
170
161
-8
-75
-73
-40
-14
-20
-18
27
85
37
-34
-85
-63
61
87
100
99
-55
-145
-131
-95
46
137
130
64
-89
-105
-98
-44
106
132
30
-44
-51
-72
12
2
-43
-11
-82
-1
112
49
10
30
-110
-148
-18
2
122
184
79
-74
-165
-94
23
113
80
3
-33
-99
-67
30
43
35
64
-7
-112
-54
30
15
70
108
-73
-46
78
-18
-4
-25
-57
25
18
-13
-35
18
39
65
69
-30
6
-19
-96
-50
31
42
-13
-48
-88
-22
121
140
54
-19
-53
-80
0
85
52
47
-33
-77
-61
-93
-46
1
68
47
-8
76
42
57
13
-148
-93
-28
80
99
-22
-20
-66
-45
23
34
79
100
25
-34
-85
-137
-21
46
24
58
39
2
-16
19
20
10
26
23
-9
-58
-40
-39
-8
98
85
-24
-77
-79
-47
0
69
105
96
46
25
-73
-153
-101
5
82
68
42
-25
-79
-5
-10
-95
-17
95
97
19
-16
-15
-46
-30
-4
-16
62
138
22
-136
-86
-5
32
102
59
-17
-45
-99
-54
18
11
97
99
-79
-115
8
51
56
88
-22
-114
-48
-42
-49
-15
52
69
21
1
-42
-26
-17
-29
11
-36
-12
52
9
-44
-15
86
19
14
69
-81
-54
33
-25
14
41
0
10
9
-57
-65
1
-32
43
113
7
-7
-48
-111
-59
79
104
48
33
-98
-86
17
42
73
71
57
-44
-106
-84
-56
73
72
0
23
-29
-2
-7
-44
-35
5
80
19
33
-13
-65
4
-92
-56
37
47
100
43
-35
-95
-24
61
17
75
16
-57
-51
-116
-92
15
166
172
67
-77
-226
-108
27
75
118
37
-30
2
-29
-45
-14
12
55
17
-35
-56
13
80
6
-34
-105
-56
116
94
28
-52
-58
-1
94
91
-117
-127
-35
60
127
63
21
-47
-26
-61
-92
83
66
36
-6
-129
-16
103
-1
-55
13
-34
20
13
-52
41
43
34
-2
11
52
70
47
-110
-82
-71
-78
56
-17
-49
2
-6
41
84
41
-9
-50
-22
71
82
86
4
-117
-94
-57
-40
30
28
-73
17
24
-114
42
74
44
109
-33
-73
41
53
-78
-120
-94
-38
155
127
4
11
3
26
15
-56
-84
-27
29
-41
-102
-30
53
93
85
21
-14
32
32
-71
-60
-13
48
85
-47
-99
9
55
73
-2
-58
-10
-32
-16
-30
8
60
56
41
-70
-80
-2
19
-15
-39
-8
-26
40
45
-35
36
22
77
82
-10
21
5
-4
-46
-40
-17
10
65
-64
-72
-45
-23
54
65
90
19
-15
-36
-59
9
19
31
-23
-44
-23
-44
-8
-52
28
61
-9
63
58
-39
-28
27
-45
8
113
13
-4
-8
-86
-60
-17
11
39
55
26
33
47
-59
-34
6
-30
-36
-32
26
20
42
34
-68
-6
47
1
11
7
-36
-18
53
-24
-38
-17
-89
-19
30
48
79
14
-53
-62
-19
37
90
92
-1
-50
12
-11
-56
-12
-28
3
39
9
-42
-17
15
-42
-2
-1
66
148
19
-51
-107
-116
-8
24
55
34
10
59
-20
-7
14
-28
82
21
-25
-28
-34
14
-43
-26
-74
-3
104
46
31
-44
-40
25
-32
26
24
6
35
-44
-28
-75
-6
97
-16
-1
-18
33
54
-17
30
-31
-38
14
-48
-52
33
42
24
22
-43
-77
16
54
11
35
-8
-57
-39
-70
-1
47
63
83
-41
-50
28
-13
-43
-9
42
45
39
-22
-99
-25
18
17
64
24
-9
-21
-85
-72
-5
27
82
103
47
-43
-66
-33
-71
30
35
-28
77
-28
-53
-10
-28
74
42
26
-4
-30
11
-33
-16
-22
13
61
-15
-35
-33
-16
36
38
42
34
52
33
-43
-50
-45
-20
47
2
-5
-11
-40
48
24
32
83
23
-18
-97
-80
-11
52
89
29
17
-39
-31
-11
-98
-32
51
68
101
13
-74
-72
-22
27
44
4
-11
20
-11
-50
-31
6
64
82
-5
-48
-33
-39
6
7
-10
49
53
11
-61
-76
-50
29
83
19
33
-6
-48
5
-43
-53
51
82
17
-46
-68
-59
-19
15
-8
-9
23
54
55
-10
-26
-14
-5
25
26
24
5
-19
4
-8
-13
15
-1
-6
-23
-10
-10
-9
18
7
4
23
9
-40
-42
-34
-26
32
63
19
-12
6
-2
9
3
-27
3
31
22
12
-16
-60
-37
-22
-14
27
34
8
2
20
-16
5
15
1
31
-22
-38
0
5
-1
-8
-19
-42
-8
5
0
21
45
22
-22
-22
-19
15
40
19
-16
-38
-12
-28
-8
8
-3
36
11
-15
-16
-27
-14
11
28
-8
-1
9
-25
-20
-32
-30
-17
16
51
40
39
13
-43
-17
-24
-9
41
13
20
-33
-62
-25
-14
38
31
23
19
-19
2
-7
1
10
-2
20
-5
2
-9
-28
-12
-16
24
32
22
17
-12
-18
-16
-1
-6
-6
-3
-10
-4
-16
11
19
0
27
12
19
27
-9
-28
-40
-20
-19
8
30
7
0
-22
-31
-33
-7
42
32
30
19
-4
-20
-16
-20
-8
23
1
3
-17
-18
19
23
21
25
17
-20
-20
-27
-28
9
20
7
-7
0
16
2
-16
-21
-27
-4
14
1
25
23
-3
15
3
-17
7
28
14
-3
-29
-31
13
22
15
-4
-45
-30
4
15
11
26
7
-16
-7
-16
23
41
19
-15
-45
-34
-19
6
2
34
47
-2
-16
-7
13
27
27
-6
-40
-34
-24
-17
-5
17
25
20
-2
-7
1
7
18
7
-3
-9
3
3
-19
-13
17
23
13
15
-4
-17
-14
-10
2
21
23
8
2
-15
-24
-23
-15
-3
2
6
-1
20
13
-6
2
-5
-8
3
2
-17
-11
6
-12
1
21
5
25
25
2
-16
-29
-10
2
9
10
5
10
-8
-9
-6
-8
2
3
-11
-16
-8
-13
-14
-10
6
21
24
28
-12
-16
-11
-20
6
5
19
13
-6
-7
-31
-22
-13
12
23
13
31
10
-8
-16
-37
-21
5
23
29
-2
-26
-21
-13
7
23
17
4
-4
-27
-35
-14
8
23
8
16
19
4
-8
-15
-13
-9
33
29
9
7
-29
-28
-12
-1
19
20
15
-3
-18
-16
-14
4
6
10
11
-5
-5
-17
-18
0
9
29
28
1
-8
-16
-12
4
8
13
15
2
-11
-17
-1
9
8
-4
-7
13
-1
7
9
-11
-2
5
13
15
0
-20
-33
-18
2
15
26
12
1
-14
-15
2
0
16
15
3
1
-8
-5
-1
-7
-14
-5
12
16
10
10
8
-2
-3
-3
-1
15
17
0
-6
-10
-6
10
9
-6
-13
-10
-2
12
1
-1
7
-6
-19
-5
9
10
12
-8
-15
-7
-3
0
7
13
6
-3
-9
-4
6
16
10
3
0
-11
-8
-9
-1
2
2
-8
-19
3
6
1
2
-6
2
12
8
-3
1
9
-1
-1
1
4
12
3
-8
-12
-1
14
10
9
16
10
-3
-13
-7
2
5
-6
-16
-7
5
6
2
-6
-2
9
0
-2
1
1
11
9
-6
-17
-7
-9
-17
-1
4
15
17
1
-11
-13
4
21
19
4
-7
-15
-24
-14
-2
5
13
2
-14
-15
-6
3
9
5
-1
-2
-10
-10
-4
11
19
8
7
-8
-7
3
-4
-5
-6
-12
-19
-4
14
6
1
-8
-7
-5
-5
9
16
17
3
-18
-19
-14
1
13
5
2
-1
-4
2
0
-7
-15
-16
-8
-8
4
9
3
-1
-12
-5
6
5
10
2
4
3
-6
-1
-2
6
6
-1
4
8
7
-4
-8
-8
-3
5
2
4
3
1
0
-2
1
2
7
-5
-13
1
7
4
5
10
11
2
-5
-2
4
7
4
-5
-8
3
-4
-16
-9
4
4
-4
-2
-6
-1
3
3
-1
-1
10
3
1
-6
-11
-4
-6
-10
-10
0
9
5
-2
-7
-1
10
-1
1
-6
-14
-7
-9
-6
-9
3
5
-5
2
6
19
15
2
-2
-6
2
2
11
13
5
2
-7
1
7
17
22
8
2
5
6
3
-6
-15
-19
-12
-2
7
11
1
-8
-12
-7
-6
3
14
13
9
-5
-2
3
-2
0
15
23
14
3
-6
-6
-2
-5
-2
2
8
3
1
3
-8
-6
-3
-4
2
2
-2
0
4
-9
-5
8
0
7
0
-8
-12
-19
-12
-4
16
12
2
-7
-13
0
-1
6
14
13
6
-5
0
-2
2
2
-8
-6
0
-3
-4
-2
6
7
4
7
1
-3
-4
-4
4
11
18
8
-9
-17
-17
-6
-3
5
16
12
15
7
-10
-13
-7
-3
-17
-14
1
7
12
4
-3
1
7
1
-11
-6
0
8
15
0
-11
-9
-3
1
-8
-3
-3
-6
-2
5
5
2
-3
-4
4
-4
-4
-11
-14
-4
7
-11
-31
-13
6
16
13
-2
-12
-8
-1
2
7
6
8
4
7
6
8
4
-15
-6
-7
-6
4
3
10
12
8
-7
-15
-4
7
6
-7
-9
0
0
5
15
14
2
-13
-12
-5
-1
11
5
5
13
3
-13
-13
4
9
5
1
-4
-1
5
8
-4
-1
5
6
3
1
-5
-9
7
8
9
10
-5
-3
-7
-5
7
15
11
-4
-7
-12
-7
7
6
6
6
-1
9
1
-5
0
-3
0
-6
-6
-3
8
13
3
0
-6
-11
-15
-7
0
1
0
-5
-8
-6
-2
-4
0
3
6
-2
-6
2
9
13
8
-1
-7
-13
-12
-2
2
5
-2
-6
-12
-8
7
13
15
0
-11
-11
-9
1
2
-3
1
5
-5
4
13
9
7
6
4
5
2
-7
-3
-2
1
3
6
2
-11
-16
-12
0
15
21
11
1
0
-6
-8
4
4
10
6
-2
2
6
14
4
-3
-17
-19
1
-1
6
5
3
3
-6
-13
-10
2
10
13
10
-1
-7
-5
-5
1
9
6
6
3
-7
-14
-15
-6
2
-2
-1
3
6
2
-7
-6
-3
9
11
5
8
3
-6
-17
-10
-1
3
1
-8
-9
-4
4
7
1
-1
2
5
-1
0
1
-9
-4
-4
-1
-5
-1
8
4
2
-1
4
2
-3
0
-6
-10
-4
-2
-1
3
7
10
7
6
-3
-13
-11
-7
-1
-2
2
4
2
4
2
0
2
6
5
-3
-2
-2
-5
-8
-11
-13
-2
6
10
13
6
-7
-15
-8
1
3
3
3
6
5
3
-6
-8
-4
1
2
0
4
5
1
-5
-8
-13
-15
-3
4
0
5
4
1
7
5
3
6
5
4
2
-8
-7
4
7
0
1
-2
-8
2
7
4
3
5
-1
-8
-1
4
2
3
6
5
1
-1
-6
-5
6
7
7
7
2
-3
-10
-4
3
11
9
0
2
3
4
0
0
4
5
-1
-3
6
13
9
-2
-9
-15
-7
1
-1
0
2
-1
-5
-3
0
2
3
-2
-4
-1
-3
-5
-4
-2
7
13
9
-2
-4
-2
-9
-10
-6
0
5
5
-6
-9
2
6
7
7
4
2
3
2
2
-2
-6
-5
-1
1
0
-1
4
5
7
5
-6
-5
-9
-12
-11
-7
0
5
10
0
-6
-5
-2
2
-2
-2
6
7
2
-4
-7
-1
7
9
6
-3
-3
0
-6
-5
0
6
11
4
-8
-14
-9
-4
2
9
7
4
-4
-11
0
6
3
3
3
-2
-11
-9
-7
-8
-3
-5
-4
-3
1
4
1
6
12
6
1
0
-3
-2
1
2
-2
-10
-14
-17
-17
-14
-2
-2
-12
-8
-7
-8
-2
0
-3
-1
7
6
-2
-6
-13
-7
-1
4
3
-7
-9
-3
3
0
0
0
-8
-6
-6
0
5
7
7
1
2
5
3
10
6
-1
-3
-8
-4
-2
-1
-1
3
4
3
8
6
4
5
4
5
7
6
12
22
27
21
6
-1
-2
0
9
13
14
14
5
0
-7
-15
-7
2
3
2
2
0
-2
7
10
5
5
4
6
5
3
2
-5
-8
-6
-2
4
7
5
0
-4
1
-2
1
4
5
7
2
1
9
6
-2
1
0
-3
1
2
-1
3
9
4
-6
-3
1
-3
-4
-6
-8
-7
-3
0
-3
-1
1
2
-2
-8
-5
-3
3
12
12
4
-4
-2
-1
3
1
-2
-4
-4
-4
-9
-1
5
5
2
4
6
0
0
3
3
0
-4
-3
-3
-4
3
7
5
1
-3
-10
-10
0
5
3
0
4
1
3
10
2
-5
-1
3
5
-2
-10
-9
-9
-8
-7
-10
-10
0
6
4
-4
-8
-8
-9
-4
-4
-10
-9
-12
-19
-18
-13
-4
5
10
5
-1
-7
-8
-3
1
-2
1
-1
-7
-7
-5
-1
5
9
3
2
9
11
10
6
3
1
-4
-11
-13
-11
-1
8
2
-3
-7
-2
-2
-2
2
-5
-1
4
3
-3
-6
-1
0
6
7
-2
-7
-10
-6
3
7
8
10
3
-6
-2
3
3
4
6
3
0
-1
-2
0
4
14
14
8
3
4
5
4
4
4
2
1
2
0
0
6
10
9
1
-5
-3
5
7
4
1
-3
-3
1
-3
-3
0
1
0
-1
-2
-2
-5
-1
2
0
0
-2
3
8
2
-4
-8
-4
-1
5
6
7
9
3
-3
-8
-7
-6
-5
-4
3
6
2
5
3
-4
0
0
0
1
1
2
1
1
1
-9
-10
-1
9
10
8
8
-2
-7
-4
-4
-2
5
6
2
-4
-7
2
6
5
-3
-7
-6
-1
1
-13
-10
-5
-2
1
3
7
2
0
-2
-11
-6
3
3
2
1
4
3
-2
-3
-6
2
6
5
0
-4
0
-1
-4
-7
-2
2
6
7
9
8
10
5
-5
-7
-4
4
6
2
-1
-4
-8
-8
-8
-5
0
4
3
0
1
-7
-5
-1
-2
-1
-2
4
5
6
6
2
0
-2
-4
-7
-2
5
7
11
9
3
2
1
1
2
2
5
3
-1
-4
-1
2
0
-3
-3
-2
-4
-2
0
0
-1
4
5
3
0
-2
-1
-2
-1
2
4
3
2
3
0
1
2
0
-1
0
1
-1
-2
-4
-4
-1
1
4
4
3
2
-3
-4
-10
-11
-8
-5
1
3
8
8
9
6
0
-1
-3
-5
-7
-4
1
4
2
-2
-1
-7
-7
-5
-2
4
2
-1
-4
-4
7
9
3
-3
-1
1
0
3
4
0
1
-1
-5
-4
-2
4
2
-2
1
2
-2
-1
-3
-5
-1
3
2
3
7
5
-1
-4
1
4
0
-1
0
0
-4
-1
-3
-1
2
1
-2
-9
-7
-2
3
2
1
-4
-9
-9
-3
2
5
4
-7
-11
-7
-4
-5
1
10
6
4
0
-3
-5
-1
4
5
4
-2
-7
-9
-6
-4
-1
2
-3
-1
0
1
5
0
-3
-2
-1
5
5
2
-5
-8
-7
-8
1
8
9
6
-3
-6
-5
0
4
2
10
8
6
1
-2
0
0
2
2
2
5
2
-1
-2
-1
4
4
3
-2
-3
0
0
1
4
5
1
-1
-6
-6
-6
-4
-1
-4
-2
2
0
-4
-5
-2
-1
7
8
10
7
1
-7
-12
-6
1
6
1
-3
-7
-14
-11
-2
3
6
11
8
0
-5
-7
-4
0
10
10
4
-2
-1
-1
-3
-2
-1
-2
-2
3
5
2
3
4
3
4
6
5
1
-5
-5
-7
-5
0
-3
1
3
7
4
-2
2
8
7
-2
-2
-3
-7
-1
6
4
2
2
0
-4
-4
-6
0
4
4
2
-2
2
7
7
4
0
0
-3
-5
-2
2
5
4
0
0
4
7
3
1
-1
-3
0
-2
-4
-2
0
-3
-6
-1
0
4
10
6
-2
-5
-8
-6
1
1
0
-4
-5
-5
-6
-2
1
6
3
-1
2
4
5
6
4
2
-1
-2
-3
-3
0
-1
2
1
-4
-8
-8
-9
-5
3
-1
-2
-2
-4
-6
-4
-4
-6
-6
-2
3
8
10
8
8
6
4
1
-1
-3
-6
-3
-2
-1
-4
-6
-1
1
-1
-2
-4
-6
-2
-2
-9
-5
0
-1
1
7
6
1
2
4
7
8
5
0
-5
-5
1
3
4
4
5
4
-1
-9
-13
-13
-6
-2
-3
5
11
12
5
0
2
4
5
3
4
1
-5
-5
-8
-9
-5
-5
-1
2
6
10
5
-1
0
2
7
6
3
-3
-2
-4
-9
-6
-3
3
7
6
3
0
0
0
2
0
-4
-5
-6
-7
-8
-6
-1
1
7
12
9
7
3
0
-1
-1
-1
-3
-3
2
2
-3
-3
-8
-7
2
9
12
13
10
4
-2
-8
-4
0
1
-1
-9
-12
-11
-7
2
10
15
16
9
7
5
-2
-7
-6
-6
-10
-12
-13
-12
-8
-3
2
7
10
12
7
1
3
-1
-9
-11
-14
-15
-9
-2
0
6
13
15
15
11
10
6
0
2
-3
-8
-8
-7
-2
7
8
4
-2
-3
-5
-7
-5
-1
5
4
0
-3
-5
3
7
3
-1
-3
1
4
-2
-4
-6
-11
-6
-3
5
9
5
2
-5
-8
-2
6
7
6
7
0
-1
-4
-8
-4
2
6
3
3
5
4
0
-9
-8
-4
9
11
4
0
-11
-11
-9
6
14
10
11
6
0
-3
-1
-11
-8
0
-6
-11
-17
-15
-7
-5
0
0
-7
-10
-10
-6
-3
5
8
7
3
-7
-10
-10
-9
-1
3
6
8
8
6
2
0
1
6
13
7
0
6
4
5
5
-1
-2
-6
-6
5
14
15
9
6
6
0
-12
-13
-20
-25
-19
-19
-18
-17
-5
13
23
24
21
22
16
9
5
0
-1
-7
-13
-13
-6
1
12
18
15
5
-9
-6
-6
-6
3
-4
-28
-43
-39
-27
-14
-9
-12
-4
1
4
-1
-7
-2
8
12
2
-5
-6
-6
-1
1
1
-2
2
2
-5
-1
8
14
19
7
-5
-3
-1
3
7
16
19
10
-4
-1
6
5
10
9
6
5
2
-2
-3
4
15
15
12
7
4
3
0
2
1
-1
-9
-14
-6
-1
11
11
2
2
2
3
10
6
0
-3
-3
3
6
6
5
3
-3
-11
-7
-7
-5
5
9
8
1
-2
-7
-11
-6
0
7
9
7
3
-1
4
