4
3
3
0
-2
-6
-4
-3
-4
-5
-3
-9
-10
-9
-9
-10
-9
-3
1
4
12
17
14
15
14
9
7
7
8
7
3
0
1
1
6
12
8
8
10
10
8
8
5
2
0
-2
-11
-17
-13
-9
-11
-12
-11
-9
-3
0
3
5
4
5
0
-6
-5
-2
0
-5
-10
-8
-6
-5
-6
-5
-1
1
-3
-5
-8
-10
-5
-2
-1
0
2
5
5
3
2
3
2
3
3
-3
-3
-4
-5
0
2
6
10
8
10
7
7
4
1
-1
-1
0
-2
-4
-1
-1
-3
2
1
1
-3
-4
-5
-4
-2
0
0
-1
2
2
0
-3
-5
-9
-12
-16
-15
-9
-4
4
5
7
4
8
11
10
12
9
9
11
13
9
7
7
4
5
1
-1
5
3
3
2
-2
-1
-5
-6
-6
-8
-6
-6
-6
-4
-6
-3
-3
-5
0
-2
-2
1
1
-2
-7
-5
-2
-1
-3
-4
-8
-5
4
4
4
7
10
10
6
9
6
3
2
3
0
0
4
3
-1
-5
-4
-4
-1
4
5
4
8
5
3
3
2
3
5
6
5
1
2
4
2
1
1
4
6
4
3
0
-3
-8
-11
-14
-12
-9
-8
-4
-5
0
3
5
6
5
0
-3
-2
-5
-5
-1
-3
1
2
-1
1
4
7
9
9
7
4
1
3
1
-3
-11
-17
-18
-19
-14
-4
-1
6
8
4
4
3
-3
-5
-2
-1
-2
-2
-3
-6
-5
-2
-4
1
12
9
9
12
10
7
1
1
0
-1
-2
-2
-1
-3
-4
-7
-11
-9
-2
-3
-4
-3
-6
-7
-7
-3
-1
-2
3
4
1
5
4
3
3
3
1
1
2
1
1
-2
4
13
13
13
12
8
10
15
14
11
8
5
0
-2
0
-4
-7
-4
-8
-11
-17
-13
-10
-5
-2
2
0
-7
-12
-16
-17
-13
-5
-3
1
2
-2
-8
-7
-3
-3
2
10
15
13
18
18
14
12
11
11
7
4
-6
-17
-22
-15
-7
-3
-1
-3
3
6
4
1
3
4
5
5
1
-1
-5
-3
-3
-5
0
2
1
0
-3
-5
-9
-10
-10
-11
-11
-7
-3
2
1
5
10
9
10
4
-7
-11
-8
-14
-13
-5
-1
-2
-1
4
3
2
9
9
3
2
4
-1
-2
-1
0
0
8
13
10
17
18
17
16
20
15
11
13
13
11
14
18
15
7
2
-1
-2
-5
-13
-21
-26
-25
-16
-12
-6
-6
-1
5
7
10
14
15
10
1
-7
-12
-13
-12
-11
-5
-1
0
-6
-9
-7
-3
3
1
3
-2
-2
-4
-12
-15
-19
-17
-14
-18
-19
-14
-6
2
6
8
8
9
8
3
1
0
0
-4
-4
0
-1
-1
3
12
7
5
4
-8
-11
-6
-2
0
2
0
-8
-9
1
9
9
9
12
12
4
0
-1
-5
-4
-8
-8
-5
-2
0
0
1
4
5
9
8
9
6
2
6
3
3
3
4
8
3
1
-1
-4
-1
2
2
-1
-2
-5
-10
-10
-9
-10
-10
-10
-9
-15
-13
-11
-8
-3
-5
-2
1
-2
-1
2
6
8
11
12
11
9
8
7
6
6
12
13
10
8
5
2
1
-4
-7
-5
-4
-2
-4
-13
-14
-10
-11
-7
-8
-4
2
0
-1
-2
-1
0
-2
-1
7
9
9
6
5
6
8
12
17
15
12
9
3
-6
-4
-5
-7
-2
-4
-3
-2
-1
3
1
3
3
0
-1
-1
-2
-1
-1
1
-1
-8
-4
2
2
1
-2
-6
-10
-14
-10
-5
2
7
9
8
3
1
0
0
-4
-6
-7
-8
-6
-4
-5
0
3
0
4
8
8
11
13
11
7
6
6
-3
-7
-8
-6
-2
0
-1
-3
-1
5
5
4
9
8
2
1
1
-1
1
0
-1
-2
0
2
-1
0
-5
-6
-3
-2
1
7
11
12
9
5
4
3
3
4
6
6
6
5
5
1
1
4
3
-5
-11
-11
-11
-6
-3
-2
1
-2
4
4
-5
-6
-5
-7
-8
-6
0
2
0
-1
-2
-1
1
0
1
3
2
-5
-12
-12
-8
-7
-6
0
-1
-2
0
1
4
6
3
0
-2
-4
-5
-10
-5
1
5
7
7
5
-3
-5
-10
-7
-5
-1
5
5
8
8
10
9
4
2
2
6
4
1
1
2
1
1
2
3
7
7
4
4
7
7
5
5
5
2
-1
-9
-13
-17
-21
-14
-3
0
-1
4
10
10
9
8
4
1
-2
-3
-5
-4
2
-3
-9
-10
-10
-7
-5
-4
-7
-8
0
2
0
4
10
11
12
8
1
2
0
-2
-3
-3
-2
-4
-2
-1
1
1
-1
-4
-4
1
0
-2
1
1
1
-1
-4
-3
1
4
5
6
6
10
8
4
5
3
2
0
1
4
5
4
-3
-5
-4
-5
-8
-8
-9
-11
-9
-9
-6
-1
2
0
-1
0
5
6
5
5
3
6
6
5
9
9
13
16
8
4
1
-5
-7
-2
1
0
0
-1
-7
-9
-3
2
-2
0
-1
-8
-11
-14
-14
-14
-11
-10
-10
-4
-2
-3
-1
3
-1
-3
-3
0
4
3
3
1
-2
0
0
4
7
7
5
3
0
0
2
4
4
2
0
3
5
2
-2
-1
-2
-3
-1
-3
-5
-7
-11
-13
-10
-6
-2
3
5
12
15
14
13
8
2
-2
0
1
3
1
0
-4
-7
-3
2
4
5
2
-1
-4
-12
-14
-11
-11
-4
1
1
6
6
2
4
6
7
5
5
8
4
2
1
1
1
3
0
-2
2
8
5
-4
-6
-2
1
0
-6
-14
-18
-14
-9
-7
-2
1
2
4
5
9
4
-3
-5
1
3
0
6
8
3
2
6
3
-1
4
7
4
-1
-1
1
-3
-7
-13
-11
-5
0
8
16
22
20
14
11
10
6
3
0
-5
-10
-12
-9
-4
-1
0
4
9
10
6
4
-2
-3
-1
-4
-4
-7
-15
-18
-21
-19
-10
-3
0
5
11
8
8
8
3
-6
-8
-7
-2
1
-4
-6
-2
3
7
15
19
18
11
2
-3
-11
-10
-7
-4
1
2
1
4
4
6
12
15
15
10
8
8
8
2
-4
-3
-1
-3
-4
-7
-5
4
11
5
2
1
-1
-3
-2
-2
0
1
2
1
0
-1
0
-3
-3
-4
-5
-6
-6
-4
-8
-9
-9
-4
-4
-9
-11
-13
-7
-2
5
7
7
3
5
10
8
6
5
-1
-2
-2
-8
6
22
20
11
-6
-8
-4
1
10
9
4
7
11
2
-2
-4
-10
-15
-2
10
5
1
-2
-3
-2
-4
-5
3
6
7
9
-1
-16
-14
-3
-3
-2
2
1
-2
-8
-12
-16
-12
-3
-1
-1
6
7
-1
-6
-5
-8
-10
-5
0
-2
-8
0
5
0
0
9
13
13
7
-3
-3
9
12
3
-5
-6
0
3
5
11
3
-4
-7
-8
-13
-19
-13
-9
-6
-6
-7
-4
5
5
1
1
3
-2
-4
-4
-9
-7
-4
0
5
2
-1
-3
1
8
11
15
15
10
6
9
8
5
2
1
4
1
-3
-8
-9
-7
-3
-3
-4
-6
-6
-5
-3
-3
-2
-4
-3
2
5
-2
-6
-8
-9
-10
-4
3
3
8
11
13
12
7
0
-4
-2
-1
0
-1
-9
-12
-6
-2
2
5
5
2
3
3
-2
-5
2
10
10
12
15
11
6
8
6
4
5
5
1
-9
-12
-13
-10
-1
2
-4
-13
-13
-13
-7
4
9
13
13
11
12
8
5
3
8
7
3
4
-1
-5
-2
-3
-2
4
4
-2
-2
-6
-11
-8
-8
-7
-7
-3
-6
-5
4
3
-2
-3
-1
-3
-1
1
0
-1
-1
0
-3
-6
0
2
2
5
6
6
6
6
3
-8
-15
-13
-11
-7
0
-2
-8
-11
-5
-2
-1
-2
-4
-5
-6
-8
-9
-4
5
9
8
5
4
0
0
4
7
6
1
-1
-3
2
5
4
9
10
10
7
1
4
5
6
10
7
-2
-1
4
7
4
0
-3
-4
0
0
-5
-4
-4
-6
-5
-5
-6
-6
-5
-4
-4
-4
2
-3
-11
-9
-1
3
-2
-4
-3
-2
7
5
6
14
9
8
6
1
5
4
0
-7
-10
-9
-6
1
2
-3
0
7
9
-1
-10
-13
-16
-10
-9
-11
-6
-3
-6
-7
-5
-7
-2
-3
-1
1
1
3
6
8
10
12
15
9
8
9
3
3
0
-6
-2
1
5
7
5
1
3
4
1
0
1
-3
-5
-1
0
-1
4
8
8
2
-3
-3
-6
-3
-2
-2
-2
-3
2
2
11
17
11
4
4
2
1
-1
3
5
4
3
-3
-3
1
4
7
2
-7
-12
-14
-10
-4
-5
-4
-5
-6
-5
-1
3
4
2
-2
-3
-1
4
10
12
4
5
5
10
13
12
8
1
-2
-6
-9
-8
-4
-1
-3
-9
-11
-4
-3
-5
5
5
5
4
0
-1
3
5
3
3
2
2
3
8
7
6
6
5
10
10
9
8
7
3
-2
-5
-1
-1
-6
-4
-7
-9
-7
-4
-4
-8
-8
-9
-11
-12
-16
-13
-8
-2
0
-3
1
6
7
5
2
1
-6
-8
-11
-15
-10
-3
5
6
7
8
6
3
6
9
11
9
5
4
3
3
7
6
6
6
5
-1
-5
-3
-3
-2
-3
-2
0
-4
-1
0
-3
-4
-4
-7
-12
-8
-7
-8
-5
-7
-4
0
0
0
1
2
5
1
-1
-3
-2
-2
1
0
-4
-2
-3
-8
-12
-11
-10
-4
0
0
-6
-6
-5
-9
-4
-2
-2
-5
-7
-6
-5
-1
0
-2
3
6
8
2
-2
-2
0
9
10
12
15
9
3
4
10
19
21
20
9
-5
-10
-11
-5
1
8
8
4
6
6
2
5
13
9
2
1
0
-2
0
3
3
0
1
-3
-4
-1
2
-1
-9
-7
0
9
16
15
10
1
0
0
-6
-5
1
3
0
-6
-10
-9
-4
-3
-1
2
2
-2
-2
-3
-8
-10
-9
-5
-2
-5
-4
-5
0
4
1
4
10
9
4
2
-1
-2
-3
1
3
5
9
13
7
-1
1
1
0
0
-3
-2
-1
-4
-5
-3
-3
-3
0
3
5
12
11
5
3
-2
-7
-10
-9
-8
-10
-3
0
1
4
1
-3
-5
-1
0
1
4
-1
-2
2
2
5
4
-2
-3
-6
-10
-12
-14
-12
-6
-5
-3
-1
-3
-5
-4
0
-1
4
1
3
5
4
8
4
9
12
6
0
-4
-7
-10
-5
1
1
3
7
2
-3
-3
-1
2
2
5
8
10
10
6
0
3
5
6
8
10
9
4
0
4
7
13
17
12
7
3
-2
-5
-3
-2
-5
-3
-1
-4
-5
-6
-9
-10
-8
-9
-6
-2
-4
-6
-3
0
5
4
0
1
-3
-3
2
0
0
-4
-8
-5
1
3
2
-1
0
0
-2
-4
-6
-8
-8
-10
-7
0
3
1
-2
2
1
0
2
3
3
6
5
2
-2
-2
-4
-5
0
1
6
12
15
6
1
1
-1
-1
-6
-6
-3
-2
2
3
3
1
1
-3
-3
-3
0
5
2
-3
-4
-1
-3
-1
-1
2
1
4
6
-2
-4
-2
0
0
2
2
2
4
1
-2
-4
-3
-3
-6
-4
-1
0
-1
-3
-2
-3
-3
-1
2
4
3
1
-2
-1
3
7
10
8
11
10
6
4
2
-3
-4
-4
-8
-12
-10
-6
-5
-4
-1
-3
-2
3
9
7
7
9
3
3
7
6
5
5
8
12
10
6
2
-3
-2
0
2
3
5
8
5
0
-3
-6
-6
-5
-6
-11
-15
-15
-12
-7
-4
-1
-2
-5
-6
-5
-4
-2
-3
-1
4
7
5
8
2
-1
0
-7
-5
-8
-9
-6
0
3
2
-1
-4
-8
-11
-7
-1
4
2
4
3
-2
-4
-5
-6
-7
-3
2
7
9
9
8
6
5
6
4
-1
1
5
5
4
6
3
2
3
3
3
10
13
6
-1
-5
-1
3
4
8
4
2
-1
-4
-7
-11
-11
-8
-2
4
8
10
9
6
4
4
1
-2
-3
-4
-6
-7
-8
-8
-3
-1
-3
-4
-7
-9
-7
-6
-4
-5
-8
-9
-11
-8
1
5
3
7
9
6
3
0
-2
-7
-7
-4
-3
-3
-6
-7
-9
-3
5
13
14
10
7
5
-1
-5
-10
-11
-10
-10
-7
-8
-6
-3
-4
-4
-1
-1
-4
-7
-6
-1
2
-2
-5
-7
-7
-3
0
3
10
17
18
9
2
2
4
5
4
6
2
2
4
-1
-4
-5
-5
-8
-10
-12
-12
-12
-5
-2
-2
6
12
14
15
13
10
6
4
5
1
0
4
2
4
6
7
13
19
18
15
12
5
3
1
-4
-5
-4
-5
-12
-14
-9
-5
-2
3
-1
-5
-3
-4
-9
-10
-7
-3
0
4
8
7
5
-1
-3
-7
-5
-5
-7
-6
-6
-3
-1
0
2
5
8
4
-1
-2
-2
1
-1
-6
-6
-5
-6
-11
-7
2
11
13
13
7
3
4
6
7
5
4
3
3
-1
-2
5
8
6
4
3
1
4
9
4
3
3
4
6
7
9
13
18
16
12
6
0
-1
-3
-5
-2
3
4
5
5
3
0
-3
-6
-9
-9
-8
-5
-9
-9
-10
-10
-7
-8
-4
2
1
-1
2
-1
-2
0
-5
-10
-6
-7
-12
-13
-7
-3
-2
1
7
8
8
7
4
3
1
2
5
5
0
0
-3
-10
-12
-11
-8
-3
-3
-6
-8
-5
-1
-1
0
4
5
5
7
6
4
8
12
8
5
3
2
-1
-2
-1
0
0
-1
-2
0
3
5
7
6
8
4
0
-5
-7
-5
-4
-5
-9
-13
-12
-5
2
5
3
2
0
-2
0
-1
-6
-7
-5
-7
-8
-5
-6
-4
1
2
5
7
5
6
3
-1
-5
-7
-9
-4
1
2
1
-3
-3
-1
1
2
-2
-2
-4
-9
-10
-6
-3
0
4
6
4
6
4
5
8
8
4
2
-1
-2
2
3
-2
-4
-6
-2
-2
-6
-4
-7
-12
-17
-12
-8
-11
-4
-3
-5
3
4
-2
-5
-4
-3
-8
-12
-10
-7
-4
1
4
3
3
6
9
8
6
5
6
4
3
1
0
-1
-1
-3
-4
-2
1
6
8
12
10
3
2
5
5
4
6
3
5
3
4
2
-1
2
0
-5
-2
-1
-4
-3
1
1
0
3
8
11
11
11
3
1
0
-3
-3
-3
-2
-2
0
-2
-3
1
-1
-1
2
5
4
5
1
-4
-7
-8
-7
-5
-4
1
1
0
2
0
1
3
6
7
5
3
1
0
-3
-3
2
1
0
-1
-3
-1
3
10
4
2
-3
-13
-16
-11
-7
1
4
9
13
12
10
4
-1
-1
1
2
1
6
11
10
12
14
11
4
3
7
8
11
12
7
-1
-4
-5
-7
-9
-12
-15
-13
-10
-9
-10
-7
-5
0
3
3
6
6
6
1
-1
-2
0
3
1
-4
-6
-4
-3
-4
-5
2
7
11
9
0
-3
-1
1
-1
-2
-2
-4
-4
-1
0
2
4
3
0
1
0
-4
-5
-6
-6
-2
-1
1
6
10
11
9
10
4
-5
-5
-6
-9
-5
-3
-3
-9
-11
-8
-9
-5
-6
-5
-4
-4
-5
-14
-13
-9
-8
-7
-2
1
-1
-3
-7
-10
-6
-2
-2
-4
-1
3
4
4
5
8
7
7
4
3
2
-4
-3
-2
-1
2
-1
-3
2
5
5
10
16
16
15
11
-2
-4
-1
0
3
7
12
9
7
3
5
8
10
11
9
7
4
0
-8
-10
-8
-1
7
10
6
4
-3
-3
-1
0
3
2
3
-2
-6
-9
-12
-7
-4
-4
-1
0
4
1
-2
-3
-4
-1
-2
-3
-2
-1
1
1
1
0
1
-1
-1
-1
-7
-13
-17
-19
-16
-15
-7
0
-2
-9
-14
-15
-16
-18
-15
-13
-6
1
3
6
0
0
2
-1
-1
4
10
11
10
10
11
13
14
13
14
20
24
18
14
11
7
10
9
7
5
3
2
0
3
9
7
4
5
4
10
6
5
-5
-14
2
-19
1
1
-2
8
-6
10
-5
3
6
-6
13
2
8
6
-7
-1
-6
4
9
7
10
-1
-3
-5
-3
2
-5
-10
-15
-18
-14
-13
-9
-5
-5
-4
-3
2
-2
-1
-2
-6
-3
-3
-1
-4
-5
0
-2
-3
0
0
2
0
-4
-12
-11
-3
1
3
1
5
8
4
4
2
-1
1
1
-5
0
2
4
7
9
9
9
8
9
3
-1
0
-2
-2
-1
0
1
-2
-5
-5
-6
-12
-13
-5
2
3
9
10
7
6
2
-1
1
2
-1
0
9
15
13
8
2
-4
-9
-9
-6
-6
-3
-1
-5
-11
-15
-13
-12
-9
-2
2
1
4
6
-1
-4
-2
-3
-4
-3
-2
-1
-2
-6
-8
-9
-9
-7
-11
-12
-11
-10
-11
-8
-4
-6
-5
-2
2
8
8
8
2
1
1
4
6
5
9
11
11
10
10
12
9
7
9
10
11
10
7
5
5
0
-5
-8
-9
-9
-10
-8
-8
-5
-4
-9
-9
-9
-10
-9
-6
-3
1
2
6
2
-4
-3
-1
-1
-4
-5
-6
-6
0
6
7
10
12
7
6
4
4
4
2
-2
-1
-1
-2
2
3
7
5
2
-2
-2
-5
-10
-8
-1
5
4
5
4
1
-4
-7
-10
-6
0
1
1
-1
-1
-6
-8
-4
-3
-1
-2
-3
-3
-1
2
4
3
4
4
-2
-2
3
9
17
18
17
13
7
5
4
7
6
3
-2
-2
-7
-11
-11
-5
4
5
4
4
7
10
9
7
7
5
2
2
-2
-3
-6
-8
-8
-3
3
7
8
6
5
5
8
6
4
0
-6
-8
-4
-1
0
1
4
7
9
7
5
5
6
1
-2
-1
2
4
2
2
3
7
8
8
8
5
4
1
0
-1
-2
-5
-11
-10
-9
-9
-7
-4
1
5
1
1
-3
-11
-8
-7
-8
-5
-4
-7
-7
-7
-6
0
6
5
1
0
-3
-10
-11
-6
-6
-2
1
2
6
7
7
6
1
-6
-5
-7
-8
-6
-4
1
8
13
13
5
2
4
3
2
4
2
-5
-5
-5
-6
-3
-2
1
1
1
-2
-6
-10
-18
-21
-23
-20
-9
-4
-4
-3
1
-3
-1
3
4
4
1
-1
-4
-4
-4
-7
-7
-8
-7
-5
-4
3
3
1
0
0
1
-2
-2
0
2
4
6
2
0
-1
0
-1
-2
0
0
2
2
5
4
0
-5
-6
-8
-8
-1
1
1
2
3
7
7
10
13
13
12
9
4
3
4
8
4
-2
1
0
-2
3
5
4
1
-4
-6
-12
-15
-10
-8
-7
-5
-3
-2
-3
-2
-2
-2
1
3
6
9
11
12
13
9
5
8
9
11
7
2
1
0
0
2
3
8
8
9
11
9
11
7
1
0
0
-1
-7
-10
-5
-2
1
4
6
4
5
6
3
4
-1
-1
2
-2
-3
-2
-3
-1
1
4
5
7
8
7
8
7
3
2
0
3
2
4
8
7
4
4
6
3
0
-4
-5
-7
-7
-9
-9
1
4
5
2
-4
-9
-6
2
4
4
2
1
-1
-5
-7
-5
-2
-1
-3
2
3
1
-1
-2
1
-1
-3
-3
-5
-6
-7
-10
-16
-18
-13
-8
-5
-11
-15
-7
-1
-1
1
4
4
4
2
0
1
3
-1
-1
-1
-2
2
0
-1
0
0
6
5
5
5
5
3
-5
-10
-9
-8
-12
-13
-12
-8
-6
1
-1
-4
-4
-4
0
-1
3
5
0
-3
0
-3
-5
-3
-6
-7
-5
0
0
-1
-2
-2
2
5
0
-2
-3
-4
-3
-1
2
4
3
3
2
-3
-6
-6
-8
-4
-3
-1
8
9
9
7
6
7
8
9
8
8
12
10
7
8
11
11
11
10
8
9
8
2
-4
-9
-4
-4
-6
-3
-3
3
6
3
6
8
6
0
-6
-6
-9
-12
-16
-17
-13
-10
-4
1
4
7
9
11
7
1
-2
-4
-3
-4
-2
1
4
10
9
9
6
4
2
-3
0
3
0
-5
-11
-14
-12
-15
-18
-16
-16
-14
-14
-15
-14
-12
-13
-5
4
9
16
23
26
26
22
16
10
11
12
9
11
11
9
11
12
7
8
8
11
13
13
11
7
2
-6
-15
-18
-20
-19
-14
-6
0
2
-1
-5
-9
-10
-10
-8
-5
-1
-2
0
-2
-4
-7
-10
-10
-8
-6
-7
-4
2
4
1
-2
-4
-1
1
1
-3
-4
-3
-4
-9
-14
-15
-13
-11
-9
-5
1
7
8
8
6
7
11
9
10
11
15
17
18
14
9
7
3
3
6
13
18
17
16
13
12
10
8
11
17
22
21
20
23
17
10
1
-4
-3
-4
-4
-6
-6
-7
-7
-8
-8
-7
-5
-3
-6
-6
-5
-8
-12
-17
-21
-25
-20
-11
-8
-3
3
5
5
5
3
2
4
6
-1
-4
-3
-7
-10
-13
-13
-13
-8
-7
-9
-6
0
3
1
0
-1
-1
-1
-6
-9
-10
-14
-19
-21
-22
-19
-16
-14
-8
-5
-4
2
4
7
10
12
4
-2
-1
5
9
4
2
3
6
6
4
6
7
5
4
6
4
4
-1
-5
-4
-3
-3
-3
-4
-2
-1
-4
-7
-6
-2
-1
2
0
-4
-3
-5
-5
-8
-12
-6
-3
-5
-2
1
6
6
8
9
8
10
6
5
-1
-5
-3
-7
-7
-1
5
9
11
10
7
2
3
-2
-6
-4
-5
-9
-9
-4
2
9
11
9
11
15
16
8
3
-2
0
3
6
9
9
11
7
5
7
4
4
3
-2
0
3
7
7
7
6
7
8
8
6
2
-3
-7
-10
-14
-17
-17
-15
-9
-4
2
7
9
7
4
6
10
12
10
13
10
7
3
1
6
8
10
8
8
10
7
3
4
4
-1
0
0
1
-1
-4
-4
-5
-5
-4
-11
-13
-8
-10
-12
-13
-11
-12
-11
-12
-18
-14
-5
-3
-2
0
-2
-4
-6
-1
1
0
-1
-5
-3
-6
-9
-10
-5
2
3
2
3
2
3
1
-5
-7
-9
-3
1
-2
2
6
7
3
1
-2
-3
0
2
-5
-8
-7
-7
0
-2
-6
-9
-10
-10
-11
-6
0
5
7
9
12
9
2
11
21
24
25
20
13
7
5
-3
-7
-10
-9
-9
1
14
16
16
14
15
11
9
8
6
4
7
8
7
6
1
-7
-6
-4
2
1
-3
-4
-4
-3
0
0
-1
-4
-7
-5
-3
7
12
9
3
-2
-7
-8
-6
-2
-3
-6
-6
-7
-14
-15
-13
-12
-6
0
-1
-4
-4
-5
-2
9
15
12
6
-2
-11
-14
-14
-15
-13
-12
-8
-6
-6
-7
-3
1
6
10
8
2
-4
-11
-15
-12
-9
-5
-7
-6
-3
-1
1
5
8
14
17
15
13
6
-2
-6
-7
-8
-6
-4
-4
-5
-5
-5
-6
0
2
6
2
-3
-3
-8
-6
-6
-3
0
-3
-3
4
4
1
-4
-7
1
6
10
14
16
17
17
12
9
11
9
3
-1
-6
-10
-10
-9
-3
-2
3
6
3
4
4
4
2
3
3
-2
-3
-5
-6
-4
0
-4
-9
-7
-6
-1
2
7
10
4
-1
1
1
2
4
5
6
10
12
10
9
9
8
10
9
8
2
-5
-5
-4
-1
1
4
-2
-1
3
4
1
-3
-2
-8
-6
-9
-12
-9
-4
-5
-4
0
7
11
9
10
6
3
5
-3
-5
-6
-6
-6
2
9
5
4
5
2
-1
1
-3
-4
2
1
1
-1
-3
-7
-9
-5
0
5
5
4
3
1
-3
-3
-2
-3
-6
-6
-8
-10
-5
0
2
6
5
-1
-1
-2
-4
-7
-5
-5
-4
-6
-3
-3
2
4
-1
-4
-6
1
5
3
1
3
-1
1
-1
-2
-6
-5
-3
-6
-6
-5
-7
-5
-1
1
3
2
4
4
3
2
4
8
9
12
8
3
-2
-8
-11
-14
-16
-17
-17
-15
-8
-2
-2
-1
-4
-11
-16
-13
-7
-8
-2
-2
-1
-3
-11
-4
1
8
15
12
7
6
6
8
5
4
8
5
5
9
11
8
5
8
5
2
3
2
-2
-3
-2
-1
-1
2
1
-1
-4
-6
-9
-4
6
10
10
3
1
-6
-6
-5
-1
9
8
11
11
10
11
9
7
3
2
3
-3
-5
-7
-9
-6
5
12
12
13
11
7
5
1
0
3
3
0
-2
-6
-2
1
4
7
4
4
2
2
0
0
-1
-4
0
-3
-12
-8
-9
-7
-4
0
3
2
4
4
1
-3
-3
-2
-3
2
3
0
0
4
3
3
5
-2
-5
-5
-5
-4
-5
-1
2
2
7
13
14
14
11
14
14
10
2
-8
-9
-3
0
-3
-5
-7
-6
-2
-4
-7
-8
-8
-8
-9
-13
-10
-9
-11
-12
-10
-6
-4
4
5
2
2
-2
-2
2
4
7
9
7
5
4
1
-2
-1
4
6
5
4
1
-3
-5
-6
-10
-11
-11
-9
-10
-13
-13
-10
-5
0
-1
-2
-2
-4
-5
0
0
4
3
0
0
-1
0
1
4
5
6
6
1
-2
-1
-1
1
-2
-5
-7
-8
-5
-6
-5
-4
-3
1
-1
-5
-7
-6
-7
-9
-4
0
1
3
1
-1
-2
1
3
7
10
14
12
11
11
4
4
3
2
5
6
7
8
10
8
7
6
2
1
0
1
-2
-2
1
0
-2
-1
1
1
0
1
0
-4
-5
-1
-1
-1
2
2
3
4
4
5
7
8
12
12
8
4
5
9
10
11
11
4
0
-4
-5
-5
-3
-1
-6
-11
-13
-17
-19
-17
-14
-11
-9
-5
-3
3
5
4
3
3
6
5
6
6
7
2
-5
-7
-6
0
5
6
7
6
6
7
2
0
4
2
1
-2
-1
-4
-6
-6
-5
-1
-1
0
3
2
-2
-6
-6
-7
-5
-2
-2
1
4
3
0
-4
-5
-5
-5
-4
-7
-9
-11
-11
-5
-5
-3
-2
-2
-1
-5
-5
-2
-1
1
3
6
9
8
2
-3
-4
-8
-12
-8
2
8
10
9
5
4
7
5
5
2
1
3
3
4
5
4
3
2
3
3
2
0
0
2
6
7
8
7
5
4
1
4
6
6
6
2
0
-3
-5
-3
-2
2
4
6
3
0
-4
-8
-4
-2
0
2
3
-3
-5
-4
-1
1
0
0
0
2
6
10
12
12
8
3
-1
-5
-6
-7
-7
-4
-3
-1
2
1
-1
-3
-3
-3
-3
-4
-7
-8
-10
-10
-10
-7
-5
-8
-10
-9
-7
-5
-4
-5
-5
-2
-1
0
2
3
-1
-4
-4
-5
-1
0
-3
-4
-3
3
5
2
-4
-5
-2
-3
-5
-6
-5
-3
-3
2
4
3
4
-1
-5
-3
1
2
2
5
2
-4
-5
-3
-5
-6
-6
-4
-4
-8
-3
-3
-2
3
4
4
9
8
4
2
2
3
0
1
1
2
0
-2
1
4
7
7
3
0
-2
0
4
4
6
1
-6
-8
-8
-3
-2
-3
-4
-3
2
1
4
6
6
5
2
3
6
9
6
4
4
5
7
8
8
8
10
8
7
6
1
1
4
2
1
4
-1
-3
-4
-9
-10
-12
-10
-6
-6
-2
-4
-4
0
-3
-5
-5
-7
-5
-1
-1
-1
-1
3
4
8
6
5
-2
-4
1
0
3
5
4
4
5
6
6
7
9
9
5
0
-2
1
0
-3
-5
-5
-1
4
-2
0
1
10
16
10
15
7
4
4
-3
-1
-1
6
8
1
4
4
0
2
3
0
1
7
3
-9
-13
-7
-8
-10
-4
-5
-4
10
9
5
3
1
4
7
13
12
0
2
0
2
4
-4
-2
-2
2
8
-4
-5
5
10
0
-8
-7
-13
-9
-1
-10
-12
-2
0
4
4
3
2
1
3
-1
2
-2
-7
-4
-6
-10
-6
-1
-3
0
2
-3
1
2
1
3
5
9
6
1
-4
-6
-4
-1
3
6
7
10
12
7
0
-2
-4
-2
-2
-3
-3
-1
4
6
4
2
-1
1
5
3
7
5
2
4
4
-2
-4
-2
0
-3
-3
-8
-10
-2
-3
4
2
0
8
3
-1
-2
-5
-7
-6
-4
-9
-11
-3
-2
-1
1
1
2
1
2
-3
-5
-7
-12
-10
-10
-17
-10
-4
-8
-4
-2
-8
-9
3
8
4
7
5
-2
-3
0
2
-4
-3
-1
-6
-1
3
-4
-7
-1
1
-3
-2
2
1
-4
-4
-4
-11
-10
-7
-6
-3
-2
-2
-1
0
3
-2
-2
0
-3
-2
-4
-2
-3
-4
3
6
12
15
13
11
6
5
3
-1
5
5
-3
-4
1
6
2
2
7
11
14
13
11
6
11
13
6
4
4
6
2
-3
1
-6
-15
-10
-7
-10
-15
-15
-12
-6
0
1
-1
3
-2
-8
-8
-8
-4
0
4
-4
-10
-11
-6
5
8
6
3
1
5
9
9
2
1
2
1
0
-2
1
9
16
20
26
30
27
20
14
17
15
12
13
8
6
3
6
3
-3
-5
-13
-16
-11
-7
-2
-1
-5
-7
-4
-2
0
5
5
3
3
6
5
1
3
4
-1
-4
-6
-3
-3
-5
-5
-12
-14
-9
-15
-13
-4
-4
-9
-7
-1
-5
-9
-7
-3
4
3
2
-2
-8
-5
1
-6
-14
-10
-3
-6
-6
-3
-8
-10
7
11
7
7
5
2
0
-6
-10
-12
-11
-3
-1
-2
-7
-13
-14
-8
-2
5
7
9
7
-3
-8
-9
-6
1
1
6
7
4
2
-2
-6
-8
2
9
8
6
5
2
2
7
9
13
17
14
12
10
14
12
4
0
-1
-1
-8
-13
-15
-19
-15
-7
-5
-3
-7
-13
-10
-3
-1
1
3
-3
-2
2
-3
-4
-2
-6
-9
-9
-10
-11
-8
-4
-2
2
3
-4
3
8
11
11
9
10
6
6
2
1
6
8
8
1
-1
4
6
3
5
3
1
2
2
-4
1
7
1
5
6
2
2
6
5
-3
-4
-3
-6
-3
3
5
8
8
5
-3
-9
-12
-15
-20
-16
-7
1
5
9
4
-1
1
1
-5
-5
-8
-12
-9
-6
-2
3
10
6
-1
-5
0
6
4
3
-5
-6
1
-1
-5
-4
-2
0
-1
3
9
5
3
7
8
11
13
6
9
13
6
2
5
11
13
16
23
19
18
19
8
4
1
4
5
4
6
2
-1
-5
-7
-6
-12
-11
-10
-13
-16
-21
-16
-9
-5
-5
-10
-6
-5
-4
-7
-9
-8
-9
-7
-8
-11
-14
-14
-9
-7
-5
4
7
9
5
2
1
1
2
3
2
0
-2
-1
-1
-3
-5
0
3
-3
-8
-10
-8
-5
2
6
8
7
8
6
1
1
2
1
0
-1
5
4
0
0
-1
4
11
11
10
9
6
7
2
-8
-3
6
5
7
7
2
2
3
-4
-1
5
-1
-4
-4
-7
-6
-1
4
4
2
-1
-6
-10
-9
-4
-3
-5
-9
-5
-1
-2
1
6
5
6
8
2
1
6
7
2
-2
1
2
3
3
-2
-7
-9
-7
-1
3
8
8
9
7
2
-1
-2
3
2
-5
-3
-4
-8
-2
0
7
9
6
4
0
1
2
4
5
4
5
1
-4
-4
2
7
10
12
12
11
7
7
5
5
8
5
8
4
-8
-10
-10
-7
0
-1
-2
0
1
-2
-11
-17
-17
-14
-10
-7
-5
-5
-6
-7
-11
-12
-6
-4
-8
-12
-15
-13
-8
0
4
2
6
6
7
8
7
11
10
7
3
-3
-1
2
3
4
4
6
7
11
11
8
7
2
-5
-4
-1
1
2
1
-3
-4
-2
-1
-2
0
1
-2
-1
-2
-3
-2
-2
-2
-7
-7
-1
2
1
3
6
11
12
10
6
4
3
3
0
-2
3
5
4
2
-4
-4
-6
-9
-10
-11
-8
-4
-5
-5
-11
-6
-1
-1
1
0
0
0
1
3
3
0
1
-1
-3
-6
-6
-1
3
6
7
4
0
-2
-1
8
14
12
13
14
9
6
6
3
5
6
2
-4
-6
-8
-7
-2
-4
-2
1
3
-2
-6
-10
-14
-9
-6
-2
2
3
3
2
2
5
2
4
8
5
4
6
2
-2
-5
-5
-5
-5
-1
-2
4
7
3
2
-5
-9
-11
-14
-14
-13
-11
-6
1
7
5
0
-3
-8
-11
-6
-4
-4
-1
-4
-8
-8
-6
-4
1
6
7
4
6
3
3
3
-1
-2
1
0
-2
-3
-2
-1
-4
0
0
0
0
5
4
-2
-2
-7
-6
-6
-3
3
5
4
3
3
3
2
0
-2
-4
-3
-4
-8
-8
-6
-5
-4
-3
-5
-2
1
5
6
5
5
3
-2
-2
1
0
1
1
1
-1
-2
1
3
8
8
7
5
0
-4
-9
-6
3
10
14
14
13
13
7
6
10
9
9
5
0
-3
-5
-2
1
5
5
7
10
7
6
3
5
5
5
4
-1
-4
-9
-16
-18
-15
-11
-9
-9
-10
-5
-1
0
1
-3
-8
-10
-7
-7
-8
1
8
13
15
13
9
9
8
4
4
1
-2
1
9
5
1
1
-4
-4
4
3
2
0
-4
-8
-9
-7
-2
0
4
3
-3
-4
-1
4
3
3
5
4
3
4
10
10
12
11
1
-8
-12
-11
-11
-6
-1
2
9
13
13
11
5
1
-5
-7
1
2
-1
-3
-4
-6
-7
-5
-5
0
8
7
11
12
5
0
-2
-6
-9
-6
-5
-7
-3
-1
0
1
4
7
8
9
10
2
-10
-14
-14
-11
-8
-5
-1
3
6
6
1
-5
-4
-7
-10
-10
-10
-13
-6
1
5
8
7
7
4
-4
-5
1
2
1
-1
0
1
1
8
7
-4
-10
-13
-21
-19
-16
-15
-10
-7
-21
-42
-41
-25
-9
-6
-7
-6
-6
-2
4
12
14
13
8
-1
-2
-4
-10
-11
-11
-12
-6
2
6
11
15
15
11
7
3
0
7
5
5
6
6
10
7
5
7
2
5
13
12
18
12
2
6
13
17
16
17
21
20
26
24
13
8
5
8
11
11
10
8
10
11
5
3
3
0
-2
-2
0
-1
-4
-2
-9
-9
-7
-11
-10
-13
-11
-7
-11
-13
-6
-5
-4
-1
-1
-5
-9
-10
-11
-15
-13
-12
-14
-11
-7
-5
-3
3
13
7
5
3
-1
-1
4
4
4
4
3
1
-7
-14
-15
-11
-9
-5
0
-5
-7
-8
-13
-17
-17
-8
-8
-5
4
7
3
-3
-3
-4
-3
-5
-7
-8
-4
-5
-11
-11
-8
-5
-2
4
4
-2
-2
0
9
12
10
10
5
7
11
10
12
16
16
18
17
15
6
5
7
8
11
7
6
7
11
7
0
0
2
5
2
1
-1
-4
1
3
0
0
0
-3
-7
-10
-10
-9
-5
2
0
-4
-4
-5
-6
-3
3
8
11
11
8
10
14
14
14
16
20
20
14
9
9
10
17
16
12
7
0
-4
-10
-7
-7
-11
-4
-7
-7
-5
-10
-6
-3
-1
2
2
-3
-9
-12
-14
-8
-4
-6
0
4
1
3
1
-1
2
3
5
-4
-7
-11
-18
-11
-5
3
7
8
6
1
-1
-1
0
0
0
1
4
4
1
3
2
0
-1
-2
-1
1
-2
-8
-11
-13
-8
-10
-9
-5
-7
-5
-2
0
-2
-3
-1
-3
-3
-4
-2
-3
-8
-8
-4
0
3
2
0
1
0
-4
-4
-4
-5
-6
-4
-3
-3
-7
-11
-7
1
2
-2
1
7
5
7
9
7
2
3
3
-2
-3
-2
0
2
5
4
-1
-3
1
-1
-3
-5
-5
-5
-5
3
5
4
10
9
5
5
8
7
4
4
4
5
5
4
3
3
10
14
14
12
9
6
-3
-7
-7
-10
-13
-13
-16
-13
-7
-8
-10
-10
-3
-1
3
3
-3
-6
-6
-5
-3
-3
-2
-2
2
1
0
-1
1
10
11
5
6
12
12
12
3
-5
-6
-3
-2
-1
4
8
9
6
1
-2
-5
-4
-2
4
6
10
9
5
3
4
5
3
3
-3
-5
-5
-7
-6
-3
0
-2
-2
-3
-1
2
0
-3
0
4
3
-4
-3
-5
-10
-9
-8
-9
-8
-5
-2
-2
2
5
4
2
2
8
5
5
3
-4
-3
-3
-1
-1
-1
5
6
8
11
8
9
9
10
4
2
3
2
2
2
3
3
3
5
7
8
8
5
2
-1
-7
-11
-14
-14
-11
-9
-4
1
1
5
2
2
1
4
10
11
4
-2
-6
-5
-3
2
6
5
5
0
-6
-10
-9
-8
-9
-5
0
1
0
-2
-2
-3
-5
-7
-4
-4
-3
-1
-4
-5
-6
-5
-2
-1
-1
-2
-2
4
2
-1
-2
1
5
2
1
-4
-9
-7
-10
-11
-16
-16
-15
-18
-15
-9
-7
-2
3
4
4
6
6
4
3
4
4
5
4
1
3
7
6
4
0
3
3
3
3
1
1
0
2
5
11
10
12
9
1
7
9
4
-2
-6
-5
-4
1
6
5
5
3
-4
-4
-4
-3
2
7
6
5
3
1
2
3
6
8
4
2
0
0
-1
-4
-2
-4
-3
0
6
4
1
-1
-4
-8
-8
-11
-10
-11
-14
-14
-13
-12
-11
-7
-6
-6
-8
-11
-9
-6
-1
3
7
7
8
10
12
14
15
13
9
6
-2
-9
-13
-18
-18
-15
-8
-1
4
3
0
2
-1
4
3
3
5
3
-1
-6
-10
-12
-9
0
8
16
17
18
12
10
9
7
5
5
1
-6
-6
-5
2
7
9
14
11
11
5
-3
-4
-2
-3
-9
-12
-14
-13
-5
1
1
3
10
8
6
6
0
-1
-5
-10
-11
-12
-11
-14
-13
-9
-6
1
5
7
13
14
14
9
4
2
0
-1
-1
3
2
-1
-1
3
6
9
12
9
4
-1
0
-1
-3
-6
-8
-12
-11
-15
-10
1
4
2
1
6
6
5
3
-1
-5
-7
-9
-9
-7
-8
-6
-5
-2
-3
-2
0
-3
0
-1
-2
3
3
-1
-8
-10
-10
-9
-3
0
2
7
9
5
0
-2
-1
-4
-7
-3
-2
2
7
13
19
22
21
20
16
12
4
-3
-8
-11
-10
-5
2
7
14
17
20
17
9
1
-4
-9
-15
-15
-22
-25
-24
-24
-18
-10
1
3
2
-3
-5
-6
-12
-11
-9
1
1
2
7
12
14
7
7
-3
9
12
7
13
1
0
1
9
14
21
29
13
18
17
5
3
-3
-16
-18
-16
-17
-12
-12
-14
-18
-20
-22
-19
-16
-19
-17
-15
-16
-10
0
9
10
12
9
12
13
9
0
-9
-2
2
10
17
28
31
29
32
39
39
37
34
24
12
2
-7
-15
-11
-7
-6
0
7
5
4
5
4
6
1
-1
-4
0
2
-4
-1
-2
-1
6
6
1
0
-2
0
3
5
5
3
2
5
3
3
4
4
4
-2
-4
-12
-16
-17
-20
-24
-23
-18
-21
-28
-37
-36
-34
-29
-26
-27
-31
-30
-35
-35
-34
-38
-38
-36
-27
-21
-10
-3
-3
1
0
2
-2
5
13
23
37
38
41
50
56
57
59
55
40
34
33
26
24
22
23
18
11
-1
-15
-14
-19
-23
-23
-23
-20
-25
-30
-36
-36
-27
-14
-1
2
11
22
28
35
39
51
57
65
74
73
70
73
64
50
48
31
10
9
0
-21
-16
-13
-29
-43
-61
-98
-125
-126
-146
-164
-152
-159
-165
-155
-150
-151
-143
-131
-130
-115
-87
-80
-62
-31
-14
9
35
56
70
101
122
120
128
145
144
139
153
152
151
149
138
125
118
111
88
57
36
14
-11
-13
-9
-5
-11
-14
-30
-66
-81
-91
-111
-116
-108
-100
-83
-51
-18
10
51
98
109
127
150
152
151
166
172
143
149
157
128
127
130
108
86
78
18
-56
-77
-117
-162
-168
-181
-217
-233
-249
-304
-313
-294
-336
-344
-316
-315
-286
-230
-208
-186
-103
-87
-84
0
50
61
95
172
136
162
266
181
203
287
253
209
245
254
168
227
209
115
173
176
81
44
76
15
-43
-8
-56
-100
-76
-106
-164
-130
-80
-142
-135
-63
-68
-45
-2
36
25
74
141
91
202
280
263
280
306
361
326
357
368
355
379
331
301
255
245
195
102
95
41
-55
-110
-157
-231
-287
-292
-343
-360
-332
-372
-413
-405
-392
-411
-411
-377
-379
-356
-303
-272
-204
-122
-63
-54
-7
79
92
119
181
204
202
225
222
206
252
270
223
214
223
149
66
50
3
-57
-79
-148
-215
-205
-229
-295
-284
-237
-255
-291
-299
-314
-323
-298
-313
-287
-194
-145
-118
-34
50
85
132
166
184
246
311
337
415
508
526
524
531
531
537
542
516
507
493
412
323
282
234
171
139
62
-54
-110
-183
-306
-330
-329
-388
-406
-421
-487
-529
-508
-510
-527
-487
-474
-470
-403
-317
-251
-175
-71
4
57
120
190
261
312
391
414
412
450
394
337
327
316
240
211
208
116
102
59
-83
-149
-185
-312
-398
-408
-457
-515
-491
-470
-507
-488
-512
-561
-501
-450
-465
-399
-338
-306
-228
-187
-137
-24
78
114
221
406
481
504
591
631
594
543
546
538
548
670
704
729
821
753
543
403
368
256
191
314
312
94
-77
-218
-451
-549
-555
-672
-648
-540
-678
-828
-741
-645
-662
-619
-587
-558
-316
-133
-89
111
311
304
234
233
296
408
514
578
725
851
821
719
623
570
469
257
33
35
47
-157
-298
-389
-550
-687
-819
-883
-760
-579
-574
-627
-509
-428
-531
-638
-648
-524
-339
-229
-81
170
364
394
339
332
385
394
343
397
629
818
829
855
883
810
694
508
425
516
601
565
492
540
443
-8
-427
-514
-477
-510
-453
-290
-211
-300
-586
-905
-927
-693
-771
-856
-551
-290
-286
-343
-202
10
63
-129
-320
-86
296
411
472
740
1024
936
637
576
775
896
677
427
507
558
212
-241
-313
-145
-359
-779
-908
-828
-773
-927
-1072
-953
-725
-821
-1149
-1041
-613
-453
-441
-246
103
373
297
58
89
327
330
208
419
779
876
731
588
573
549
317
75
169
433
504
378
340
445
360
59
-137
-96
38
107
233
423
684
859
443
-442
-921
-847
-940
-963
-411
200
362
81
-538
-921
-686
-699
-1053
-747
-45
216
-24
-128
114
361
201
-298
-204
517
821
632
764
1354
1510
789
125
241
658
573
85
102
614
570
-301
-991
-771
-518
-1081
-1476
-933
-373
-469
-960
-1238
-964
-830
-1284
-1434
-478
512
545
490
860
1132
917
304
-71
320
685
383
177
708
1086
621
16
-237
-184
-293
-657
-617
-18
468
321
-20
7
83
-131
-430
-328
295
678
686
838
1254
1487
1340
1016
-232
-1196
-984
-1057
-1074
-161
912
1067
541
-452
-1518
-1151
-673
-1337
-861
574
918
230
-314
-228
168
184
-622
-670
959
1700
1053
862
1386
1742
603
-935
-780
385
687
-58
-262
364
402
-988
-2574
-2202
-918
-1137
-1818
-1001
550
737
-358
-1102
-800
-274
-960
-1520
-33
1806
2033
1367
1208
1368
772
-483
-1198
-325
820
533
73
429
752
146
-1149
-1622
-1002
-546
-721
-577
362
933
466
-251
-590
-335
-1
-66
322
1394
2048
1738
1355
1490
1565
1362
1076
-234
-1570
-1320
-1241
-1625
-889
528
882
148
-979
-2379
-1792
-463
-1218
-1103
888
1532
332
-665
-544
253
903
181
-306
1679
3000
1682
629
1121
1653
651
-1329
-1625
176
1192
-67
-896
38
332
-1192
-3028
-2781
-740
-172
-1219
-875
948
1293
-377
-1620
-1350
-149
-120
-1155
-35
2374
2678
1182
593
840
447
-580
-1520
-894
851
926
-360
-606
-55
-515
-1940
-2499
-1533
-284
58
-256
341
1379
1072
-58
-668
5
854
788
736
1513
2470
2299
1434
1318
1618
1708
169
-2751
-2797
-1114
-1471
-1907
-26
1657
1056
-375
-2639
-2810
22
-217
-2043
278
3048
1810
-473
-849
-79
1114
710
-1003
831
4034
2933
390
542
1768
1107
-1438
-2887
-1226
1219
419
-1553
-627
964
-289
-3340
-4006
-1457
185
-721
-849
1173
2399
951
-1207
-1742
-437
289
-1056
-895
1928
3152
1772
649
738
563
-448
-1889
-2146
-198
757
-380
-746
-4
-169
-1470
-2459
-2241
-938
-18
-240
86
1297
1566
580
-191
-63
561
702
417
1101
2273
2738
2298
1691
1616
1817
869
-2774
-4200
-1671
-1133
-2151
-510
1979
1828
457
-1899
-3516
-654
782
-2032
-1077
3214
3198
83
-854
-143
1042
1236
-1065
-791
3502
4089
604
-328
1542
1875
-886
-3377
-2085
1187
1435
-1157
-1285
907
633
-2621
-4536
-2081
891
80
-1027
1240
3187
1495
-1122
-2014
-1081
91
-523
-1054
1140
3250
1915
-111
-55
360
-386
-1752
-1962
-309
736
-144
-868
-375
-84
-889
-2026
-2071
-735
195
-24
290
1347
1562
853
242
149
596
865
799
986
1627
2190
1908
1333
1240
1451
1362
214
-2677
-3919
-2108
-1640
-2629
-864
2181
2044
521
-1115
-2418
-596
472
-1897
-1330
2638
3070
108
-711
318
1325
1205
-961
-909
2838
3600
245
-744
1422
1908
-842
-3240
-2175
754
1088
-1323
-1731
426
631
-2359
-4414
-2107
1013
183
-1110
1013
3265
2077
-643
-2147
-1379
-103
-1192
-2265
208
3179
2114
-59
26
293
-551
-1971
-2328
-595
1196
803
-538
-253
317
-877
-2388
-2410
-981
188
386
795
1660
2188
1504
193
-164
286
328
-75
281
1386
2000
1882
1651
1600
1826
1335
782
495
-2599
-4777
-2637
-1139
-1966
-573
2747
2629
803
-1326
-3272
-573
1312
-1864
-1568
3251
3885
-18
-1181
197
1394
1439
-1355
-1769
2899
4172
356
-983
1589
2582
-815
-4169
-2854
1108
1224
-1700
-1510
1008
946
-2407
-4754
-2457
1133
410
-1247
1359
4102
2361
-598
-1630
-1163
-858
-2081
-2779
-357
2568
2078
789
693
312
-616
-2351
-3051
-1197
729
273
-265
741
683
-605
-1748
-2381
-1532
-194
116
594
2245
3214
2259
1032
174
-516
-811
-1040
-426
1109
1905
1974
2145
2332
2059
1779
1377
756
-18
-3692
-5690
-2386
-907
-2332
-372
3411
2884
550
-1946
-3643
99
2067
-2463
-1797
4563
4432
-989
-1907
346
1632
775
-2565
-1631
4475
5058
-72
-831
2805
3251
-1438
-5328
-3036
1939
1517
-2332
-1463
2159
1389
-3397
-5573
-2014
1664
-147
-1983
1770
5007
2442
-1171
-1857
-846
-631
-2800
-3708
-37
3330
1876
184
1371
1529
-601
-2864
-3107
-823
820
118
-42
1330
1551
-536
-2420
-2525
-1519
-641
-640
398
2628
3329
2085
528
-201
-574
-1508
-2018
-1049
726
1526
1429
1769
2150
2235
2023
1219
1163
1451
-2750
-6526
-3202
-560
-2643
-1021
3651
3401
1406
-736
-3611
-485
3001
-1695
-3142
3732
5218
-412
-1978
155
1628
1345
-2111
-2635
3219
5314
500
-1185
2283
3340
-714
-5084
-3905
972
1306
-2303
-2112
1421
1856
-2166
-5166
-2532
1614
189
-2424
1065
4804
2564
-863
-1627
-1054
-332
-1705
-3730
-757
3724
2447
-336
1127
2139
-306
-2375
-2640
-1284
468
213
-764
360
1822
340
-2097
-2327
-1284
-897
-1077
-436
1225
2618
2673
1378
319
181
-540
-1809
-1833
-395
767
1044
1226
1516
2241
2773
2431
1830
2156
2405
-2433
-7155
-4056
-892
-2751
-1664
3306
4344
2706
329
-3483
-1073
3275
-1676
-4733
2543
5916
663
-1785
155
1794
1723
-2080
-4296
1615
5901
1470
-1451
2078
4315
316
-5092
-4985
-59
1484
-2078
-2714
1337
3047
-888
-5053
-3179
1260
291
-2965
-268
4597
3807
203
-1147
-716
-294
-1824
-3823
-1619
2568
2357
-220
491
2013
337
-2288
-3060
-1743
-57
-305
-934
366
1911
1189
-1072
-2042
-1446
-1437
-2044
-1372
800
2573
2610
1836
1177
493
-601
-2107
-2627
-1236
534
1025
1130
1855
2817
3351
3091
2515
2630
2960
-1536
-7664
-5302
-404
-2046
-2570
2979
5546
3456
727
-3529
-2302
3088
-570
-5383
1305
7079
2142
-2164
-560
1416
1520
-2213
-5184
415
6294
2527
-1794
1263
4532
1278
-4960
-5865
-637
1974
-1417
-2897
1111
3692
127
-4785
-3824
1048
808
-3066
-781
5096
4799
427
-1273
-855
-444
-1658
-3749
-2495
1908
2648
-395
-273
1848
828
-2113
-2886
-1382
-129
-248
-791
187
1895
1314
-1109
-2246
-1520
-1356
-2020
-1200
838
2330
2618
2226
1571
757
-315
-1862
-2399
-1108
154
505
848
1608
2309
2857
3071
2588
2230
2830
2170
-3774
-7882
-3494
-726
-3341
-1334
4167
4387
2291
-687
-4265
-399
3263
-3195
-4758
4277
6468
366
-1383
53
1024
804
-3415
-4476
2808
6047
657
-1121
3020
4150
-542
-5425
-4310
825
1262
-2473
-1736
2634
3232
-1428
-5142
-2523
1523
-687
-3343
1508
6017
3020
-719
-907
-416
-851
-2968
-4440
-1579
1999
1170
-590
558
1669
123
-2463
-2944
-777
429
-484
-27
1718
1999
623
-1186
-2240
-1970
-1592
-2070
-1015
1521
2651
2528
2012
1161
192
-711
-1672
-1898
-836
232
625
835
1617
2959
3746
3454
3067
3261
2850
-2695
-8366
-4983
-755
-3267
-2472
4565
6468
3329
-197
-3805
-979
2746
-3175
-5771
3356
7126
625
-1917
592
1929
622
-3954
-4997
2146
5884
615
-1680
2946
5192
114
-5969
-4555
1195
1245
-2835
-1612
3273
3630
-1170
-4930
-2568
1472
-865
-4091
734
6103
3448
-647
-649
21
-852
-3164
-4669
-2108
1833
1167
-945
905
2791
766
-2301
-2405
-603
-34
-904
-669
1308
2200
1048
-950
-1986
-1533
-1830
-2661
-1649
907
2586
2813
2805
2086
642
-808
-1709
-1678
-1160
-420
581
1633
2594
3744
4795
4395
3040
2780
-1349
-8202
-6797
-1863
-3129
-2751
4178
6677
3712
1073
-3332
-2842
2025
-2000
-6680
1062
7152
1959
-1484
641
2103
1394
-2894
-5368
767
5789
1759
-1131
2675
5251
743
-5998
-6007
-118
1193
-2717
-2045
3021
4480
282
-4403
-3389
549
-1238
-5215
-1234
5359
4054
-359
-629
488
-354
-2979
-4604
-1987
1549
1381
-187
793
2287
1161
-1688
-3369
-1518
164
-1086
-916
1882
2883
1408
14
-1222
-1888
-1993
-2818
-2782
-114
2445
2520
2565
2906
1877
-7
-1607
-2013
-1517
-747
206
1673
2982
3466
4215
4329
3113
2975
-289
-8118
-8020
-1739
-2308
-3380
3477
7117
4102
1726
-3189
-4170
2214
-143
-6946
-131
7753
2541
-2152
199
2001
1683
-1982
-5471
-115
6320
2804
-1628
1604
5555
2065
-5708
-7032
-386
2097
-2479
-2724
2744
4965
847
-4561
-4386
519
210
-4826
-2101
5774
5523
83
-950
181
-382
-2785
-5045
-2570
2067
2094
-369
303
2306
1305
-1996
-3891
-2196
78
-1024
-1649
1215
2994
1696
-634
-2009
-2019
-1879
-2591
-2651
231
3034
2907
2132
2049
1557
157
-1219
-1787
-1236
47
1052
1951
3385
4599
5012
3944
2965
728
-6259
-9019
-4148
-2138
-3047
2101
7269
5283
2460
-1973
-5101
-407
285
-5769
-2047
6753
4538
-1233
-271
1523
683
-2074
-4935
-779
5964
3697
-809
1957
5295
1853
-4743
-6522
-1725
1697
-1352
-3006
1880
4791
584
-4273
-3691
209
-34
-3827
-1686
5457
5810
159
-906
822
-690
-3733
-4843
-2310
1669
2417
433
715
2624
957
-2982
-4107
-2120
-702
-1858
-1398
1748
2507
820
-357
-1006
-1858
-2193
-2097
-1453
1071
2768
2061
2244
2609
859
-1050
-1347
-762
-522
-207
1002
2771
4096
4022
3900
3756
3174
39
-7479
-9286
-3315
-1713
-3363
1881
7427
5403
1846
-2920
-5436
59
868
-5639
-1719
7403
4925
-1511
-1090
1297
1113
-1962
-4846
93
7267
4476
-1136
1030
5061
2223
-5332
-7369
-1072
2794
-1314
-3436
1614
4540
-255
-6315
-5389
584
1270
-3073
-588
7156
6847
-295
-2826
-856
-959
-3940
-5455
-1984
3089
3845
1058
628
2327
813
-4022
-5906
-2231
513
-896
-1171
1626
2900
784
-2105
-3208
-1871
-797
-1627
-524
3133
4548
3013
1545
689
-391
-1359
-1883
-1312
876
2884
3124
3290
4498
4761
3052
1670
-3432
-9885
-6884
-1637
-3468
-1832
6207
7064
2585
-176
-4361
-3883
963
-2187
-4119
4279
6988
153
-2339
234
373
-1368
-3657
-1948
5618
7811
2013
-27
3111
2633
-3629
-7948
-3922
2205
1516
-1475
1158
4613
1649
-4665
-7190
-3661
14
-1598
-1508
5846
9896
3795
-1999
-1580
-1388
-4145
-6201
-4342
892
4527
2990
1100
2754
2747
-2493
-6428
-4157
-899
-868
-1219
916
2912
1864
-1041
-3278
-3084
-1673
-1637
-1138
2084
5011
4325
2451
1872
1077
-564
-1745
-1571
-37
1848
3011
3790
4321
4614
3913
2605
-3474
-10467
-7891
-2592
-3432
-1731
5812
7010
2760
-1031
-5357
-4293
809
-1979
-3652
4950
7685
494
-2156
333
-392
-2737
-4291
-1639
5836
7882
2438
837
3952
2456
-4615
-8385
-3417
2520
1292
-1276
1755
4366
606
-5219
-7144
-4036
-957
-2180
-1236
6287
9460
2823
-1895
-226
-697
-4439
-5870
-2968
2166
4172
1767
594
2209
922
-3710
-5031
-1903
811
569
-475
817
1756
-857
-4158
-4112
-1797
-969
-1043
527
3493
4529
2482
894
1235
1051
-338
-951
579
2677
3027
2353
2625
3532
2774
1635
-1674
-8097
-8146
-2562
-1968
-3102
2157
5517
2687
-598
-4608
-5010
354
656
-2561
2659
6819
1686
-2523
-813
-14
-1558
-2846
-1231
5158
8171
3372
32
2075
2099
-2746
-6781
-3815
2783
3589
200
792
3467
674
-5377
-7541
-4811
-1126
-426
-113
5125
9034
3823
-2650
-2270
-1118
-3897
-4955
-2016
2269
4789
3388
624
355
73
-3252
-5217
-2389
1499
2203
1250
1528
1454
-1221
-4461
-5428
-3933
-1717
-447
670
2860
4535
3252
896
366
538
155
357
1725
3388
4404
4235
3798
2850
2050
-1626
-8888
-9710
-3990
-1383
-1406
2831
5515
2701
-1099
-5840
-6660
-1049
1103
-1023
2960
6326
1913
-2415
-1780
-1252
-2434
-2382
55
5996
8967
4579
789
1686
978
-4185
-7328
-3424
2672
3788
1602
1587
2915
305
-5473
-8102
-5407
-1476
-284
1100
6068
8372
2901
-2979
-3044
-2233
-3986
-4407
-1298
3023
4496
2212
189
424
-475
-3286
-4027
-1144
2165
2593
1225
1082
567
-2446
-4683
-3968
-2204
-909
142
1314
2779
3234
1531
152
854
1387
689
1569
3366
4121
3908
3846
3340
2081
793
-4791
-9041
-5710
-1709
-2110
74
4151
2414
-1383
-5371
-8340
-4601
1817
1606
1971
5970
4333
-1167
-2942
-1893
-2334
-2241
-315
4421
8785
6757
2243
1328
1894
-1040
-5488
-4971
885
4298
2239
334
1005
195
-3888
-7073
-6223
-2561
-130
429
3274
6731
3822
-2957
-3971
-1408
-2431
-3620
-1214
2284
3705
1924
-1231
-1670
-261
-1776
-3383
-859
2660
2563
460
181
273
-1812
-3652
-2732
-376
757
63
-155
1010
1940
183
-1409
876
3214
2621
2249
3694
4297
3365
3035
2835
2549
165
-6782
-8697
-3745
-1460
-2654
550
3626
934
-2481
-6229
-6853
-1601
1936
283
2282
4404
1187
-2359
-1959
-363
-626
-11
2528
6448
6912
2903
-185
76
640
-1257
-2744
465
4820
4126
361
-1624
-1766
-3153
-5280
-5184
-2797
-59
1578
2174
2891
2075
-1816
-4907
-3180
-602
-517
-103
1508
2268
1227
-1147
-3072
-1981
17
494
1085
2878
3575
1602
-1152
-2696
-3188
-3611
-2625
124
2330
2348
1341
795
363
-415
-1345
-692
1882
3728
4169
4629
5087
4215
3050
1897
1159
-1921
-6974
-6307
-1939
-228
-467
1944
1922
-2011
-5907
-9071
-6736
-4
3447
3496
5022
2888
-2035
-3985
-2929
-2395
-1791
1321
5353
8241
6455
1857
-323
-675
-2060
-3672
-1710
3448
6099
4478
1831
-661
-3264
-5318
-5973
-4541
-2195
132
2477
3846
3196
268
-3550
-4811
-2681
-1107
-638
1340
3424
2701
506
-1407
-2469
-1764
-890
-249
1642
3390
2851
900
-727
-1967
-3427
-3542
-1374
1021
1756
801
267
583
127
-858
-578
1154
2790
2981
3419
4488
5096
5041
4029
3898
-377
-7306
-7120
-3005
-1349
-635
1753
1867
-35
-3735
-9148
-8212
-1248
2013
1869
3275
1645
-1422
-3050
-2814
-1966
-802
1940
4852
6239
4091
1105
147
608
250
-1483
-634
2884
4092
2357
306
-1563
-2510
-2867
-3528
-3393
-1784
-65
876
1461
765
-1314
-3094
-2677
-851
-135
279
1323
1768
1228
151
-1056
-818
817
1033
1000
1669
1539
1060
472
-808
-2255
-1801
-271
713
1555
1721
257
-462
456
729
645
1481
3461
3901
3808
3493
2787
3192
3065
3384
-369
-4780
-3233
-58
220
-37
657
-589
-2041
-4939
-8557
-5850
738
2079
1297
1796
-284
-2518
-2485
-955
-642
510
3908
6332
5911
2712
-518
-1569
-370
398
49
1771
4635
3800
599
-1906
-3368
-2833
-2154
-2506
-2539
-1922
-1292
-857
-833
-1519
-2561
-3051
-1874
276
1095
243
29
521
-264
-945
-375
1521
3094
2037
698
118
70
-260
-1086
-510
630
825
423
-231
102
-155
-153
900
994
974
600
1386
2287
2888
3472
4896
5633
4621
3362
-1996
-5197
-2927
584
1738
2487
2745
-85
-1871
-5302
-7557
-2984
2018
1624
473
-749
-3831
-4475
-2908
-1623
-175
2167
4667
6078
3832
180
-702
-39
1220
1880
1917
3229
3482
1324
-1557
-3284
-3287
-1666
-465
-1058
-1664
-1963
-1569
-1397
-2214
-2881
-2095
-1737
-1866
-750
-616
-2277
-2618
-652
-34
-144
88
1350
2160
1070
159
-554
-255
-590
-1428
-787
454
1445
1586
342
-460
-439
-333
1254
2491
2108
2045
3234
5291
4991
3096
2341
2804
2493
-3430
-6835
-3396
704
2979
3676
2327
-161
-2175
-6267
-6949
-1400
2769
2734
3289
-1
-3967
-3759
-3472
-2228
307
3202
5698
6556
2827
-968
-154
756
793
2294
3586
5003
4943
1977
-598
-2492
-2712
-63
638
-2029
-4334
-4365
-2400
-1972
-1145
-714
-144
197
-1093
-676
-2392
-4329
-2402
-823
-1461
-1686
-603
433
-224
-1469
-1772
10
2321
2847
1730
-1546
-2587
-263
1237
1393
890
-172
328
749
-43
247
1130
2675
2638
2567
1886
1942
759
-4115
-4491
-1276
1273
1481
1291
-690
-3555
-5438
-8127
-4735
1872
3287
1226
-1630
-4687
-4874
-4402
-3226
-562
3247
5645
5998
4323
-397
-532
966
857
1985
3332
5854
7392
3969
-1531
-3208
-2282
-132
2064
1664
-1052
-3326
-3956
-3256
-1327
-253
-150
-535
-1266
-2313
-2751
-2411
-1085
13
-39
41
-462
-483
609
-361
-1296
525
2177
2133
663
-1668
-1975
-1850
-1948
-529
445
1251
1043
254
-714
-696
1387
1671
986
1342
1850
2843
1066
-3961
-6012
-5235
-1650
719
744
-1855
-4575
-5057
-6074
-3156
2554
4596
2155
-1577
-6244
-8371
-7193
-4625
-1069
2780
4295
3686
1305
-2267
-1833
932
2561
4694
6321
5613
3440
-123
-2314
-1119
1325
3084
2572
293
-2472
-5125
-4815
-2460
208
675
-757
-857
-1309
-1680
-2445
-1020
2029
2545
2718
2054
1586
2322
1369
-248
-781
994
4484
4874
1012
-2429
-2382
-786
325
1244
2716
2078
67
-825
-1646
-1109
418
2830
2755
1332
1789
1478
-2227
-7850
-9193
-4578
2111
5319
3801
12
-3189
-5496
-7882
-4729
2544
3898
-808
-6262
-8144
-5548
-3078
-356
1058
1934
3646
3087
1574
-1106
-717
2004
1242
656
1126
787
-344
-2406
-3641
-1263
3534
5463
2314
-761
-3047
-4284
-2038
434
992
1659
335
-2897
-5158
-5231
-2731
-105
1814
3734
3475
1088
-2165
-3512
-2741
-163
4096
6453
6437
3833
1007
-607
98
1031
786
1893
1880
558
-1003
-3111
-1932
2365
6325
6897
4385
2028
831
2052
-495
-5350
-3743
275
3423
1431
-2605
-4631
-5080
-6248
-7049
-2592
3381
5273
367
-6623
-8899
-5762
-1982
-684
-689
1213
1303
-1404
-2680
-2935
117
4018
5099
5324
5494
4426
2830
14
-1496
1758
5875
4586
302
-1962
-4709
-4207
-766
-41
-301
-857
-1354
-3019
-5703
-5407
-3209
-1544
-288
-261
-2447
-4139
-864
314
-1126
1576
4394
4459
1577
160
532
1606
4398
4872
2687
1373
835
1171
449
733
3498
4406
3635
2507
1544
876
811
508
-1557
-2311
-843
43
-1440
-2205
-1637
-640
-1282
-2510
-1013
1788
3119
651
-4040
-6361
-3213
-195
-1210
-1868
178
1916
1272
1144
1067
2266
4523
3766
1704
696
1682
5057
4235
1715
2941
3467
2997
1885
-1145
-3111
-2160
-405
-255
-724
467
175
-1218
-2242
-3145
-2392
-658
103
-680
-2696
-2458
-1098
-1204
-387
-312
698
1336
-2349
-1850
-284
1146
5212
4234
2471
1738
-578
803
2164
2129
4124
3670
1109
-634
-424
879
1719
3402
2968
-2389
-3344
574
1059
96
-461
-1264
-2919
-4320
-2949
874
4155
3385
-1799
-5736
-4808
-1427
-857
-1435
1302
2489
8
-1866
-1534
243
2524
3087
2241
1438
1869
3739
1740
4
3013
5247
5296
2851
-537
-1671
-1934
-343
1089
-653
-1234
-2406
-4340
-4797
-4683
-566
1390
-1138
-2279
-3715
-2944
-1211
55
2004
2264
3061
2165
781
2767
3618
4019
2553
-317
-286
-419
-528
822
1102
1543
2454
2497
3555
2815
1044
1345
1288
1068
-302
-4134
-3232
133
1125
1107
-1223
-2392
-2109
-3883
-4907
-2351
1334
1745
-2612
-5786
-4504
-554
2131
296
885
3048
868
-1871
-2392
902
5773
5411
2815
1435
776
2077
1620
2034
5202
7543
6273
1578
-2114
-2180
-536
712
794
-1396
-2611
-4061
-5734
-3215
875
2319
2347
-1053
-3943
-2620
-1725
896
1177
-1094
-501
-763
-1844
-1027
1330
3915
2906
1331
2160
1929
1074
1470
1633
2022
2562
2262
1739
1891
1514
-450
-476
1450
2763
2480
166
37
858
57
-461
-1274
-2563
-4108
-5549
-5689
-2986
976
-1211
-6600
-7858
-5545
-1602
-132
-412
1519
3336
874
-2995
-2554
-669
3906
5197
-406
-791
840
2978
4232
2811
4867
5341
240
-3294
-2789
-483
2277
2839
2171
958
-751
-2499
-3866
-2445
-867
-1203
-735
-1740
-2980
-2992
-3772
-1016
1862
554
-273
-1619
-1463
699
1129
1810
1750
1560
1432
-516
60
685
1080
2479
2183
2689
1850
1367
3712
2876
2907
4383
3135
2426
-2607
-4966
-81
683
-1105
-988
-1846
-2069
-2230
-4186
-2240
2030
1768
-3181
-7642
-5390
-1798
-138
-815
-2523
-631
-1610
-3881
-498
2920
4971
3691
-205
155
2059
2468
1642
1395
3290
5774
3596
379
1010
2230
1654
858
46
-833
-1193
-2507
-4729
-3651
-1106
-821
-1353
-4326
-4427
-2641
-3284
-2805
-1522
1635
2838
-249
-931
16
1481
1479
-936
-1309
-184
419
1354
2299
3656
3785
1324
-174
782
1514
1312
795
1259
2634
1122
1503
1066
-2563
-121
2192
846
311
-2694
-3834
-2704
-4343
-4305
-1532
1284
-659
-6455
-6736
-3965
-474
637
-1555
110
1988
-775
-1898
713
4146
5069
61
-2660
937
2818
2445
2454
3048
5303
4645
420
-997
1039
2422
1243
-338
-944
-572
-1693
-3045
-1780
-1425
-2297
-2345
-4173
-5160
-3564
-3177
-1739
-200
-1288
-1999
-2386
-1473
1687
1964
635
-871
-790
637
-596
-337
1748
1302
2049
2410
545
913
1906
3545
3906
1657
1690
1723
880
1157
-1243
-865
1832
1978
1200
-721
-652
-441
-950
-1450
-1522
-393
-3697
-8379
-8195
-4639
-294
-41
-3714
-2315
485
-384
-1408
28
2652
4224
1410
-550
1382
3513
5126
2842
2172
4516
4084
1596
411
2007
3505
1582
-538
-108
-607
-1723
-3733
-4219
-1688
-1327
-2619
-3805
-3827
-1849
-1708
-2628
-1477
-1807
-1464
-1621
-1462
1068
1735
472
-547
-914
1100
2995
3648
4499
3324
3006
2062
-694
-379
1770
3445
2412
679
1028
843
1062
2342
545
49
1434
0
-2236
-3327
-2979
-2208
-1822
-2649
-2887
-891
-2135
-4565
-3610
-3102
-2315
-1748
-2795
-1666
11
113
-1673
-1758
1639
2368
-130
-381
2272
3888
3003
1987
2671
3641
2701
1073
217
629
2624
1317
-509
1285
2538
2112
-354
-1221
87
-1489
-2924
-3148
-3288
-1919
-2627
-2752
-1359
-1425
-1817
-1715
-960
300
1121
-602
-2635
-2146
-83
405
1007
2530
2864
1977
1447
2730
3775
3851
3620
2879
1578
2431
3168
2248
1729
-2005
-2096
706
894
801
-715
-729
-491
-2351
-3754
-3481
-828
-962
-4353
-5161
-3929
-2560
-1951
-2745
-2650
-1459
-2436
-2682
1328
4532
4578
1771
187
3097
3597
1402
306
1783
4807
3189
147
493
2933
4958
2255
248
890
493
-826
-3481
-2342
1220
251
-2786
-4363
-4119
-2309
-2807
-4089
-3686
-3134
-3148
-2968
-2006
-502
1
-534
-831
-310
1010
-573
-1028
1960
2415
2099
1910
1963
2731
2685
2835
3583
3817
3724
2051
1084
1224
-946
-1875
114
489
500
448
-2010
-2673
-2180
-2525
-1749
101
-302
-3454
-4423
-2235
551
1000
-2295
-2656
-654
-2343
-3953
-1592
2259
2751
-443
-2117
32
2942
3538
2479
3954
5828
2893
-1338
-894
3499
5517
2734
-434
406
2262
-83
-3155
-2047
-459
-1792
-3896
-4799
-3123
-886
-1334
-3109
-2791
-2222
-2831
-3133
-2851
-479
1040
-122
-240
1599
2322
620
640
2245
1582
456
1365
2159
2775
3602
3020
2712
3015
3820
3473
1673
1655
-169
-1325
6
-800
-1697
-2610
-3799
-2434
-1850
-3753
-2283
735
-1225
-4690
-4421
-1443
1025
-19
-1688
-504
-366
-1595
-1567
686
3743
3799
-318
-2201
2431
5394
3774
2812
4246
4918
2496
191
1718
4078
2947
494
-753
869
2476
529
-508
399
134
-1062
-3265
-4071
-2622
-1851
-3061
-3898
-2094
-1697
-2987
-2633
-1656
-1069
-985
-841
275
130
-837
-175
1588
2993
2221
1201
1902
2220
2452
3339
3051
2842
3500
2866
1488
1857
1886
-1066
-1802
3
-373
-2030
-2986
-2799
-2773
-3279
-3545
-2523
-1175
-2428
-3995
-3324
-1473
587
-1049
-2931
-1789
-679
-620
-660
2365
4964
2455
-409
725
3503
4107
1970
1737
4214
4523
2950
2517
3136
3767
2352
-201
-679
762
1289
-1306
-1663
849
-41
-2243
-2598
-1674
-1355
-3209
-3758
-2770
-1906
-2104
-3536
-2692
-1238
-1579
-1948
-1436
-252
436
421
508
922
1687
1214
328
1665
2626
1730
2195
2847
2572
2195
2791
3238
3224
2321
612
917
2017
939
-1078
-1628
-2385
-2657
-3497
-5348
-4110
-3200
-5139
-5739
-4198
-1926
-293
-1247
-1371
-27
-669
-2435
-1840
248
1724
527
-1188
880
3654
4195
3425
2408
3613
4335
2294
2306
4853
5432
2229
379
964
2440
2349
-1137
-1827
-291
-876
-1865
-3317
-3230
-2041
-3287
-4985
-3866
-2763
-3172
-3189
-3158
-1668
-1361
-2462
-1240
299
791
512
487
1787
3251
2680
2107
3046
3276
2515
2382
2331
2889
3535
2769
2540
3449
2123
25
471
733
-199
-929
-948
-564
-1141
-2365
-3576
-2790
-1633
-4507
-6397
-4322
-1625
-788
-2575
-3165
-1808
-1200
-1356
-1409
1060
2828
616
-1316
566
3259
3054
1722
2251
4107
3916
2407
2436
3853
4242
2167
787
1351
2076
1635
-285
-663
1157
-173
-2442
-2283
-1518
-1063
-2221
-3567
-2731
-2582
-3241
-2663
-2707
-1827
-1656
-2244
-1506
-334
495
410
647
1296
1265
1188
2266
3366
3187
2202
1822
1942
1777
1842
1664
2020
3414
2404
722
1708
1773
1395
-339
-1616
-1931
-1088
-592
-2472
-2209
-1531
-3006
-4769
-3838
-2151
-1095
-2457
-3637
-2742
-2402
-2567
-1830
-527
782
846
-1596
-668
962
673
946
717
3187
4950
3384
2973
3619
3944
1716
-341
993
1968
1481
41
-661
373
-645
-2883
-2447
-2125
-1348
-984
-2849
-1998
-1060
-2891
-3963
-2637
-1231
-949
-2400
-2336
-146
557
-227
-514
847
1418
1435
1755
3713
5286
4765
4073
4172
4592
4293
3897
2798
2866
2574
-348
-196
2140
1367
-500
-1523
-1545
-490
-2014
-3874
-1512
-693
-2905
-5062
-5687
-3043
-1070
-3691
-5388
-3635
-3142
-3666
-2774
-633
1707
90
-1983
505
2920
2342
867
371
1922
2756
1670
1821
4670
6268
3031
-401
43
1510
1331
-1105
-1483
-159
-186
-2105
-3005
-1741
-903
-2628
-4114
-2443
-1073
-2553
-3644
-2828
-2951
-2699
-3138
-2100
-318
-681
-1137
-2062
42
2586
993
460
2414
3184
3115
3290
3903
3955
2343
2956
3054
3225
3280
-401
-786
1626
2748
1352
-548
-1190
229
385
-1403
-585
378
-2176
-6223
-6087
-3522
-2188
-3562
-5386
-4515
-3459
-4310
-3692
-254
1725
855
-1391
-468
4373
5267
2030
1077
3583
5267
3889
3325
5564
7204
5253
2964
2779
4631
4207
1336
605
855
463
-2683
-4813
-2663
-1257
-3217
-5033
-4286
-1729
-2562
-5538
-3577
-1408
-2138
-3327
-3666
-415
2066
93
-705
1839
2674
1862
1531
2242
4318
5460
4420
4883
6014
5183
4239
4290
4927
4436
789
-451
1538
1322
-599
-2341
-2760
-1991
-1542
-3408
-2469
113
-1586
-5099
-6375
-3445
-1433
-2808
-5189
-4746
-2517
-2208
-2725
-1140
1962
1278
-1302
-330
3504
4551
2094
879
1491
2646
2683
2313
4169
6132
4385
741
259
4677
4485
475
-2138
-1484
264
-1771
-4048
-3702
-2475
-3133
-4563
-4967
-2794
-2384
-3906
-4009
-2958
-1937
-2459
-3296
-1389
818
-387
-815
1068
3404
3022
2018
1878
3258
3462
2629
3477
4109
5169
4515
4830
5239
5224
2878
-284
784
2381
1530
-1525
-2969
-2547
-1153
-2603
-3356
-1036
-1360
-5035
-6006
-3187
-2018
-2187
-3899
-4250
-2692
-2354
-3054
-998
2300
1945
-1023
-952
3458
6632
4628
1990
3161
3776
3362
2845
3907
6009
5050
1564
492
2853
3463
1816
22
-4
-417
-1954
-3296
-2312
-719
-2612
-5020
-5304
-3488
-1937
-3078
-3463
-2618
-3093
-3882
-4177
-2314
289
677
-757
-740
866
1312
981
1569
2211
3089
4237
3988
4030
4738
4570
5062
5404
4402
2804
116
27
2736
2977
591
-1515
-2823
-2513
-2342
-3162
-1971
-709
-1712
-4150
-4236
-2964
-3427
-4000
-5394
-4992
-3426
-4271
-3245
-22
1089
-31
-1015
1142
5041
4565
2378
2783
4501
3924
2661
2311
2957
4698
3088
1009
2256
2886
2507
1338
-183
755
197
-2700
-3171
-2551
-3618
-5215
-5954
-4331
-1999
-2501
-3531
-2281
-2237
-3323
-4310
-3588
-1194
-792
-978
-469
-188
725
480
-392
1343
3222
3630
3802
4461
5392
4901
4243
4265
4522
4949
2389
79
1145
2339
2139
84
-1881
-2474
-1617
-933
-1340
-821
-1425
-4770
-6263
-4201
-2419
-1678
-3808
-4842
-3025
-2785
-2719
-494
1611
1525
20
-840
2098
4656
3765
2046
2494
4458
4469
3614
4705
6039
4971
1886
808
2097
1680
224
-406
-295
-146
-1704
-2488
-722
21
-1548
-3768
-4071
-1444
-1082
-3688
-4258
-3843
-3358
-4223
-5338
-3266
-2064
-2762
-2677
-464
2294
2474
1427
1657
3587
4884
3427
3569
4704
3928
3866
4736
5020
5018
3678
1424
996
1746
1566
-702
-2066
-1843
-2163
-2902
-3625
-2697
-1041
-2979
-6437
-6000
-3790
-2815
-3459
-5083
-5201
-3923
-3608
-2412
460
2202
1440
-409
964
3374
3061
1702
1480
2967
3177
1858
2887
4934
5661
3506
977
1623
2846
2910
1179
-571
335
240
-2161
-3264
-2983
-1736
-2692
-4260
-2989
-2808
-3542
-4431
-3822
-1278
-1612
-2713
-1908
-1232
-547
-757
-1188
164
1539
362
-370
1130
3067
3853
2363
2121
3480
2691
2457
3711
4471
4335
1753
-855
-415
1824
2472
214
-1677
-2120
-2241
-2733
-3584
-1719
-900
-3496
-5434
-4585
-2544
-2234
-2876
-2821
-2268
-2492
-2930
-2643
-1147
309
-376
-1604
-525
2314
2314
381
1638
3357
2762
2053
2122
3987
4507
2491
1932
2524
2496
1395
-622
-1431
-545
-945
-2050
-2337
-1767
-1958
-3726
-3588
-2207
-1586
-2132
-3230
-2203
-924
-2068
-2311
-1095
-170
-11
-613
-308
804
966
644
1116
2128
3847
3111
2099
3437
4349
4836
4493
4037
3847
3233
1115
-76
745
1833
1273
-512
-1255
-1434
-1126
-1897
-2702
-1314
-1325
-4017
-4958
-3278
-1837
-1224
-2739
-3663
-3161
-3297
-3362
-1816
477
571
-1145
-709
1325
2490
2540
1856
3176
4040
2037
1230
2044
3723
4198
1831
1113
2448
2690
1376
-44
431
1114
-369
-1733
-1745
-2166
-2459
-3130
-3066
-1937
-3367
-4488
-3633
-2577
-1831
-1842
-2731
-2177
-653
-216
-136
519
1382
1413
1071
1710
3196
3420
3274
2876
2748
2673
3082
4104
4180
4203
3597
2217
1114
1405
2388
2350
128
-1975
-2100
-1433
-1407
-1985
-2185
-2217
-2715
-4159
-4130
-3132
-2450
-2998
-4162
-2830
-1662
-2759
-1952
-68
1036
519
-653
1198
2955
2671
1463
1091
2679
3566
2847
3168
4056
3725
2518
1238
1315
1709
370
-918
-427
-708
-1837
-2666
-3151
-3064
-3551
-4239
-3972
-2948
-2991
-4198
-4537
-3030
-2037
-2317
-2593
-2518
-1521
-991
-374
851
984
72
45
715
1380
2262
2818
2897
2669
3358
3753
3457
4224
4537
3891
2887
1416
1560
2631
2224
256
-1840
-2105
-1089
-1393
-2306
-1247
-521
-1323
-3438
-4652
-2554
-894
-1845
-2537
-1889
-1302
-1325
-1987
-405
1727
907
93
1433
3102
3752
3214
3223
4258
3991
2550
1667
2877
3731
2306
855
817
1301
587
-598
-311
264
-962
-2736
-2961
-2137
-2128
-2952
-3626
-3314
-2999
-3823
-4492
-3768
-2810
-2801
-3093
-3102
-1947
-1487
-1462
-439
433
663
468
631
1503
2441
3104
2903
2377
2535
2640
2788
2945
2798
2857
3053
2528
1893
1673
1953
1749
-54
-1783
-1630
-1433
-2065
-1827
-1551
-1860
-3366
-5163
-4161
-2370
-2113
-2254
-2507
-2261
-1887
-2815
-1790
436
1270
1529
640
1261
2935
2979
2831
4094
5341
4804
2943
2901
3888
3605
2662
1522
1743
1715
237
-955
-624
480
-95
-1969
-1985
-1758
-2434
-2749
-2721
-1943
-1930
-3595
-4626
-3493
-2651
-2589
-2859
-2125
-565
-663
-882
-278
760
1100
-2
-339
928
2464
3071
2310
1807
2588
2890
2951
3821
4490
4023
2525
962
804
1643
2072
1297
-19
-792
-1319
-1646
-1785
-2138
-1779
-1645
-3415
-3789
-2393
-1417
-1299
-1933
-1872
-1658
-2062
-1591
0
1105
881
-23
-131
1041
2024
1472
1872
3506
4055
3439
2283
2769
3772
3343
2139
2201
2571
1815
624
-232
70
244
-643
-1110
-948
-1536
-2143
-2400
-2299
-2242
-2981
-4443
-4535
-3281
-2642
-2497
-2084
-1028
-551
-879
-1196
-324
1229
1831
941
229
793
1764
2039
1484
1388
1701
2195
2929
2999
2781
2288
1297
975
1490
1155
218
-153
-533
-899
-1537
-2568
-2697
-2053
-2064
-3250
-4160
-3017
-2102
-2425
-2787
-2875
-1655
-810
-1414
-1413
-796
-303
-318
-344
560
1580
1805
1912
2389
2630
3046
3047
3079
3602
2994
1877
1074
1395
2287
1620
450
498
491
286
-294
-1112
-1057
-1331
-2128
-2690
-2131
-1814
-2726
-2785
-2235
-1945
-1435
-1695
-1873
-1093
-404
159
-40
330
570
-106
168
669
1433
2631
2662
1873
1377
1719
2497
2414
2084
1268
307
524
750
178
436
593
71
-209
-517
-421
-267
-166
8
-447
-1216
-1578
-1751
-1312
-851
-1628
-1971
-1432
-1310
-1093
-679
-231
-105
-339
-180
92
688
710
122
898
1681
1551
1479
1214
1320
1454
969
783
594
747
986
376
-6
349
492
551
711
606
238
-235
-290
-201
-306
-515
-1017
-1436
-1425
-1103
-1330
-1283
-829
-489
281
389
-89
-233
195
807
868
959
963
756
963
1270
1382
1355
1319
999
467
873
1283
1442
1601
1279
768
568
763
933
158
-952
-1373
-1310
-877
-1342
-1448
-950
-1007
-1452
-2035
-1849
-1342
-981
-620
-1066
-1601
-1019
-773
-525
1
188
122
113
419
715
1012
1307
1231
1288
1435
1247
966
1047
1375
1185
1115
825
80
-178
-322
-155
203
-189
-562
-771
-1117
-1083
-1128
-1031
-854
-1155
-1373
-1380
-1142
-710
-506
-462
-451
-372
-97
163
441
1069
1471
1455
1075
729
1199
1519
1490
1444
1439
1529
1188
911
1054
492
258
22
-403
-372
-545
-950
-1199
-1137
-1011
-1059
-1326
-1415
-1064
-762
-1176
-1367
-1210
-1207
-975
-1012
-1016
-667
-254
198
384
416
664
815
873
1303
1266
957
1131
1136
1113
1021
856
1072
1253
931
313
-281
-501
-346
-218
-453
-905
-1348
-1580
-1440
-1034
-723
-711
-883
-965
-1047
-1060
-1106
-1031
-456
-570
-488
161
200
403
548
663
1010
1126
1454
1486
1246
1405
1485
1395
790
295
251
564
1089
854
629
444
22
27
-340
-830
-551
-374
-545
-1121
-1284
-1116
-1513
-1449
-1369
-1595
-1161
-742
-429
-258
-208
-163
-245
35
279
541
697
691
847
964
993
825
636
1077
1219
840
501
99
267
388
48
-579
-670
9
112
-152
-283
-683
-1053
-1309
-1447
-1484
-1215
-894
-930
-786
-811
-1059
-931
-535
-263
-283
-32
325
403
558
527
678
1091
1133
1003
1090
1615
1641
1073
893
799
727
1221
1194
834
521
257
349
57
-111
-231
-644
-593
-678
-975
-930
-1005
-1061
-1016
-1078
-1101
-873
-433
-163
-373
-464
8
47
151
533
639
1009
1204
941
1131
1349
1371
1463
1063
1165
1367
1119
1104
821
781
843
66
-256
81
173
-31
-751
-1060
-1125
-1077
-980
-1117
-1011
-1306
-1664
-1533
-1364
-1130
-961
-570
-271
-562
-575
-176
78
322
308
48
237
706
995
1191
1260
1430
1134
836
1172
1239
986
877
684
465
567
133
-235
-272
-571
-536
-733
-990
-976
-1390
-1335
-1220
-1555
-1342
-1080
-1052
-559
-222
-549
-448
-192
-139
305
833
961
939
1034
1053
1048
1111
1414
1581
1547
1330
752
620
844
804
611
635
484
-61
-281
-120
-334
-901
-1189
-1452
-1481
-1665
-2050
-1927
-1618
-1575
-1666
-1388
-1388
-1282
-1061
-1055
-445
-142
-393
-257
-150
209
537
601
831
914
1032
924
745
917
1159
1186
883
751
1084
801
471
663
477
177
-87
-473
-516
-465
-900
-1054
-1102
-1173
-1212
-1324
-1366
-1588
-1478
-1130
-879
-865
-849
-509
-448
-115
299
-40
99
679
854
1440
1328
698
929
1428
1232
1079
1158
1159
1447
1284
945
928
938
792
634
315
332
446
303
-145
-545
-722
-869
-994
-984
-683
-973
-1555
-1802
-1548
-1242
-897
-1074
-1033
-573
-841
-632
-71
216
422
288
229
694
1080
1221
1032
1009
1020
761
889
702
767
1193
698
592
574
80
104
133
-161
-340
-713
-948
-757
-771
-849
-997
-1417
-1361
-1057
-1383
-1146
-700
-698
-457
-342
-241
-21
236
668
662
769
1084
1332
1409
1298
1463
1292
1182
1392
1341
1561
1561
904
634
712
529
430
327
-81
-38
167
-597
-908
-567
-631
-804
-997
-1111
-1133
-1039
-1009
-856
-965
-1086
-914
-518
-218
-172
-8
22
503
773
776
1200
1106
1033
1209
973
921
1133
1154
966
1013
946
639
712
518
209
76
-311
-261
-457
-869
-745
-1065
-1556
-1632
-1837
-1549
-1178
-1355
-1586
-1611
-1413
-1084
-1111
-1175
-838
-550
-167
-141
-45
310
425
659
743
1080
1189
1123
1629
1477
1489
1589
1182
1395
1493
1226
878
677
821
634
180
54
-159
-630
-527
-428
-687
-866
-1165
-1289
-1209
-973
-936
-1091
-999
-977
-826
-532
-419
-271
-238
-144
44
160
315
596
817
753
943
784
761
935
792
979
1205
966
542
706
716
484
400
100
-21
-104
-651
-966
-977
-893
-796
-1382
-1580
-1477
-1619
-1466
-1369
-1595
-1457
-1468
-1429
-852
-867
-932
-646
-245
32
87
-29
186
727
731
665
763
932
1016
919
852
911
844
791
504
435
508
183
108
-92
-191
-305
-693
-765
-611
-590
-569
-951
-1044
-746
-711
-694
-658
-472
-225
70
1
267
686
663
977
1049
894
1294
1357
1257
1557
1351
1134
1155
998
1036
953
559
541
734
393
62
-21
-193
-256
-390
-914
-955
-737
-709
-682
-1029
-1200
-1174
-1430
-1354
-1099
-1158
-1153
-884
-700
-495
-213
-436
-266
288
318
501
660
694
1041
1044
691
778
868
714
810
716
611
739
299
123
362
-188
-303
-281
-617
-613
-452
-545
-686
-629
-590
-513
-582
-638
-445
-267
-338
-260
-240
-40
230
187
245
633
892
894
1001
921
1225
1271
1106
1180
1287
1421
1291
1106
1085
1138
794
481
420
360
285
33
-129
-13
-348
-688
-675
-806
-731
-873
-978
-1025
-1053
-1055
-1289
-1119
-769
-758
-648
-583
-609
-312
-395
-200
42
-106
53
207
217
343
347
316
509
313
88
80
266
325
147
75
-188
-109
-174
-469
-243
-339
-491
-554
-856
-597
-648
-978
-729
-668
-651
-736
-667
-525
-349
-232
-225
129
371
558
479
512
834
937
797
797
824
934
824
741
1019
1065
898
799
606
522
512
230
274
91
-153
-173
-378
-428
-450
-575
-566
-675
-823
-711
-645
-553
-531
-422
-418
-338
-121
-114
76
286
358
296
308
556
413
480
632
351
612
486
387
527
267
373
219
6
65
-96
-256
-368
-566
-706
-875
-784
-810
-833
-785
-935
-714
-634
-776
-740
-724
-671
-496
-568
-349
-159
-28
245
46
237
239
283
456
546
849
724
812
745
780
860
623
593
635
597
467
322
322
329
69
-123
-257
-214
-205
-278
-356
-453
-410
-332
-627
-526
-538
-703
-370
-466
-279
-125
-127
-35
-5
78
200
210
326
476
409
546
477
613
550
556
515
461
572
442
363
306
306
113
59
-87
-192
-290
-303
-359
-428
-362
-466
-472
-453
-486
-501
-234
-405
-518
-252
-414
-443
-320
-420
-92
-115
-116
114
-96
228
223
206
346
287
462
376
429
532
449
441
298
259
307
188
197
127
37
-55
-223
-240
-197
-223
-107
-63
-203
-65
-266
-335
-177
-261
-177
-188
-161
-37
-11
-25
60
27
138
156
19
102
169
212
287
183
205
285
299
306
146
269
322
276
249
251
154
101
42
-4
81
34
69
0
-35
29
-47
-57
-78
-23
-15
-75
8
-4
9
-70
-54
-33
8
-15
-73
-40
-153
-208
-153
-154
-128
-17
-37
-18
-81
-87
-29
-184
-40
-83
-94
-29
-172
31
-90
-153
40
-127
-22
25
-139
-146
-160
-227
-164
-168
-227
-261
-124
-41
-99
-45
-64
-147
-119
-106
-154
15
-163
-111
-44
-3
193
98
93
292
250
386
363
199
431
310
420
283
129
266
187
221
185
171
185
180
129
179
59
-5
72
-23
11
-72
-184
-144
-122
-179
-174
-223
-237
-172
-307
-292
-228
-128
-147
-242
-154
-110
-109
-166
-110
41
61
-38
181
83
260
224
49
215
158
256
118
139
37
35
158
201
284
206
153
80
-54
-78
-144
-199
-211
-169
-298
-412
-286
-519
-420
-476
-506
-304
-505
-272
-326
-193
-80
-152
44
-5
95
83
182
345
211
287
404
274
474
385
301
567
386
344
371
391
491
402
380
335
236
226
222
211
93
24
-4
-97
-152
-237
-378
-276
-155
-231
-242
-315
-367
-221
-239
-326
-295
-228
-207
32
176
109
215
42
75
243
169
129
171
153
287
291
170
230
146
122
104
44
45
-8
-44
-69
-33
-24
-175
-94
-341
-319
-194
-504
-337
-367
-401
-348
-411
-450
-279
-133
-265
-235
-236
-158
30
29
-15
273
105
26
227
160
298
233
239
412
404
330
323
272
223
282
196
139
203
151
22
36
-68
-137
-136
-298
-338
-223
-266
-229
-228
-282
-181
-121
-4
-4
21
-11
-28
77
121
270
280
323
400
421
355
383
348
339
442
365
378
432
237
246
304
160
215
114
45
21
-74
-193
-254
-371
-387
-387
-491
-459
-603
-613
-598
-581
-582
-623
-548
-581
-534
-449
-515
-405
-318
-344
-125
-55
-38
139
75
69
323
165
149
352
210
318
271
124
220
198
44
144
86
82
233
83
65
126
-14
44
93
-112
-107
-152
-71
58
144
123
163
177
-10
223
271
301
479
318
348
452
350
468
498
509
591
498
538
560
523
455
344
332
299
269
340
217
135
19
-206
-140
-301
-416
-426
-613
-663
-595
-718
-708
-595
-729
-654
-635
-642
-551
-506
-611
-404
-325
-353
-175
-179
-63
30
32
57
164
118
208
262
174
181
105
128
162
199
110
122
147
111
100
-8
-85
-42
-118
-133
-97
-109
-102
-120
-138
-207
-104
-171
-128
-31
-78
-68
-41
32
102
289
241
356
407
434
505
478
602
622
624
613
684
677
647
640
522
453
451
316
248
154
12
-63
-237
-314
-343
-354
-478
-528
-560
-557
-612
-685
-680
-667
-650
-683
-593
-617
-492
-477
-442
-317
-237
-93
-79
33
94
65
210
294
259
422
283
303
352
299
470
391
378
340
325
250
174
91
63
64
-48
-152
-168
-219
-300
-255
-356
-281
-292
-319
-199
-193
-219
-106
-120
-72
123
59
193
261
201
356
433
393
549
529
493
585
348
395
434
308
398
333
212
233
47
-60
-55
-179
-230
-301
-336
-406
-341
-511
-549
-519
-631
-498
-587
-514
-443
-467
-422
-415
-356
-264
-191
-123
-144
33
91
137
273
239
434
362
377
451
450
498
449
424
437
318
249
216
167
211
51
65
-96
-136
-158
-340
-339
-460
-477
-495
-579
-482
-512
-557
-371
-362
-321
-320
-277
-146
-171
-48
32
40
122
162
273
256
309
342
265
525
470
472
528
398
524
509
453
407
336
225
270
205
67
110
-56
-75
-66
-168
-227
-216
-300
-217
-219
-414
-385
-445
-450
-327
-258
-281
-109
-186
-91
35
-135
-52
-38
-26
143
179
195
272
227
224
251
240
157
269
148
141
166
-12
79
2
-41
-15
-120
-134
-90
-224
-217
-241
-248
-233
-297
-158
-183
-164
-110
-148
-23
78
79
114
58
25
117
104
100
117
198
164
294
262
201
287
138
154
234
185
138
90
-47
77
-26
-105
-89
-125
-120
-221
-235
-297
-186
-257
-282
-267
-324
-257
-213
-254
-98
-11
-80
125
22
126
180
123
303
293
300
370
355
295
324
296
252
178
184
175
178
114
25
-21
-171
-166
-227
-335
-361
-367
-363
-317
-416
-377
-332
-372
-322
-347
-298
-321
-288
-233
-212
-139
-82
-82
-17
55
171
182
223
345
251
374
380
339
395
275
279
317
176
250
163
144
324
142
91
36
-40
-17
-86
-192
-209
-236
-207
-193
-251
-291
-269
-268
-348
-193
-239
-266
-100
-181
-77
-20
-94
89
65
52
145
61
176
231
180
160
158
159
113
167
124
159
202
100
86
68
19
-4
-86
-144
-108
-128
-149
-181
-165
-197
-196
-177
-199
-124
-114
-121
-66
-88
-135
-14
7
76
48
2
82
38
114
103
95
117
80
127
136
77
120
110
111
133
53
0
-19
-20
-9
7
-100
-26
-45
-99
-9
-63
-63
-34
-84
-90
-29
-142
-113
-42
-116
-86
-49
-48
39
12
-23
81
54
101
103
131
112
101
97
64
173
52
45
95
73
140
130
68
128
93
42
57
25
-14
-43
-61
-149
-67
-150
-129
-80
-118
-59
-71
-75
-33
4
-33
0
-63
-35
-53
-40
9
32
63
51
106
136
88
107
125
126
134
77
113
41
72
54
-9
-6
-87
-16
-7
-40
65
-45
-26
26
-51
-2
-94
-130
-85
-111
-48
-9
-15
67
49
12
28
-28
-10
8
9
54
2
24
-15
-16
57
0
6
-18
-48
-12
-43
-8
39
1
40
-64
-77
-1
-19
53
37
55
28
-6
9
-53
-26
-38
-86
52
30
-4
31
-82
20
29
-8
97
15
47
56
-2
109
33
-18
-17
-30
12
-46
-31
-69
-55
-33
-67
-46
-35
-5
19
-17
-13
8
-37
11
1
-4
-42
-59
16
-24
3
18
-57
-6
-50
-79
6
-59
-11
6
-63
6
-40
30
45
-22
50
4
39
31
-29
63
-30
10
21
-74
10
-41
36
20
-96
-40
-80
-19
5
-15
46
-6
24
39
-58
48
-8
-45
35
-51
97
106
46
131
25
32
105
17
81
56
55
46
-13
34
1
52
25
-10
-19
-31
-2
4
-42
-26
-33
-111
-68
-35
-17
-10
-2
21
87
77
64
17
58
63
61
48
-29
47
23
9
44
20
65
72
21
84
-29
-58
-26
-70
48
-27
-66
-10
-66
16
-45
-59
-16
-115
-61
-64
-51
-26
-47
-14
-56
-57
-26
-72
1
-19
-4
17
-46
15
-7
16
51
52
124
120
124
141
108
88
85
110
72
60
90
83
52
52
33
11
36
15
19
-7
0
45
15
20
40
9
30
69
-12
9
-12
-43
6
-49
-20
-3
-20
9
-18
-37
-38
-36
4
-21
0
-27
-75
-24
-38
-5
-12
-86
-56
-38
-36
22
-27
11
30
25
47
-20
-9
-23
-32
-29
-51
-84
-57
-28
-33
-31
-68
-40
-16
17
21
-21
0
-11
-30
13
-8
8
7
-2
32
-3
62
45
24
77
34
66
47
42
89
70
71
-4
-41
-33
-66
-49
-35
-34
-43
-35
-1
1
-1
0
16
12
-18
-25
-18
16
41
-1
1
11
-1
34
20
37
21
4
27
-30
23
31
-30
14
-2
13
34
-23
16
-1
-18
29
5
-3
-54
-86
-103
-84
-76
-58
-20
-52
-17
-38
-62
-37
-71
-83
-86
-84
-55
-32
-11
-16
-17
-29
-22
-3
22
56
85
100
130
112
71
57
40
66
62
89
100
112
108
68
51
94
44
-3
-43
-119
-71
-47
-39
-50
-94
-74
-15
-33
-12
-22
-48
3
-2
-18
4
9
-11
16
29
64
86
83
72
11
3
-42
-45
-39
-44
5
13
35
27
-21
-2
19
-7
-21
-40
-44
-35
-21
-52
-25
1
1
-1
-31
-40
-7
-14
3
2
-24
46
3
-7
3
-31
-22
19
41
64
81
72
47
36
54
17
45
58
55
86
51
47
22
-1
-2
-56
-68
-64
-73
-57
-51
-55
-65
-56
-39
-75
-66
-32
-17
15
-26
-29
-4
-10
47
51
50
92
71
103
103
79
58
28
44
9
21
30
-15
46
66
26
38
-26
-32
6
-20
22
-4
-17
33
15
6
-21
-45
-39
-35
-3
-19
-36
-23
-19
-12
-45
-84
-78
-64
-40
-9
-46
-54
-30
2
-2
-36
-36
-13
23
20
25
42
37
39
17
4
7
-5
4
17
-9
-55
-19
-12
-5
28
-31
-28
-29
-51
-40
-73
-71
-31
-32
0
-9
-17
17
23
68
47
37
29
-12
31
43
38
57
35
34
1
-21
17
6
-21
0
-14
-9
-22
-74
-54
-53
-46
-49
-59
-36
-52
-19
-25
-55
-17
-34
-23
5
21
76
71
27
36
2
-10
21
34
73
53
40
34
17
18
9
-7
-26
-49
-53
-28
-11
-26
-61
-53
-59
-69
-39
-48
-55
-23
-32
-38
-40
-23
9
13
-8
4
7
9
34
7
-11
-6
22
49
44
43
57
47
58
36
37
37
17
59
55
52
53
17
4
1
-17
5
-7
-9
10
-16
11
4
13
10
-3
39
24
-9
6
-27
-27
-8
-35
23
21
-16
22
-20
-20
17
1
48
52
20
-15
-30
-5
-13
27
8
8
37
-29
-15
-42
-72
-43
-79
-43
-42
-63
-11
-26
-14
-2
-5
29
20
35
16
-17
32
35
32
25
-9
15
-6
-22
4
13
40
61
77
74
74
86
60
40
37
34
52
27
30
23
4
20
2
-32
-49
-55
-76
-65
-41
-25
-41
-60
-37
-45
-33
-10
-13
20
3
-12
5
-12
38
37
23
57
10
58
73
42
66
26
29
54
25
36
32
6
52
13
2
11
-16
15
10
-15
-24
-54
-33
-42
-20
-7
-75
-57
-92
-88
-66
-45
-25
-32
-24
-25
-24
-17
-36
-22
-13
-7
10
30
47
31
17
10
7
-9
15
2
-4
38
8
5
5
-7
41
0
-5
-19
-35
-18
-46
-48
-50
-41
-17
6
41
33
24
40
42
86
63
70
67
40
41
3
-5
-3
-4
-5
-5
-10
10
8
17
-4
-36
-1
3
12
4
-32
-36
-59
-66
-70
-88
-72
-65
-45
-58
-45
-21
-1
0
-9
25
32
46
49
-4
18
16
17
55
-1
46
7
5
36
-15
30
1
-8
31
16
29
18
8
42
5
24
11
-36
-24
-39
-48
-25
-63
-28
-27
-22
30
-48
-34
-43
-39
-12
-11
-17
-51
-42
-31
-38
-20
-27
-11
5
2
48
10
44
49
57
84
72
80
49
78
69
55
32
4
20
15
12
11
7
5
10
11
11
5
8
16
8
30
9
21
14
0
-18
-26
30
10
25
3
-14
0
-26
18
3
-8
27
10
12
23
3
29
0
-6
23
-36
19
-10
-32
-4
-71
-4
-51
-59
-13
-63
0
-23
-37
-3
-47
-14
-25
-25
18
16
39
18
34
34
-3
18
20
19
49
40
42
61
24
57
15
-9
11
-39
6
-9
-19
-6
-30
2
-3
-9
4
-16
-4
-15
-27
-10
-26
-49
-65
-95
-81
-64
-60
-16
-4
4
15
15
21
13
9
7
7
4
-1
-1
3
7
15
21
14
13
3
7
18
12
1
-3
-10
-5
0
17
8
-10
2
-2
5
-18
-6
-9
-14
-4
-19
-15
-32
0
4
1
-13
-28
-31
-27
-32
-32
-25
-22
-15
-29
-17
-21
-6
1
16
-2
-3
-5
14
43
40
15
-28
-24
-33
-18
-26
-11
-20
-6
-11
-21
-6
-32
-16
-32
-40
-44
-46
-35
-10
6
9
7
11
20
5
15
10
9
8
-8
10
-7
4
21
-3
22
21
15
36
12
36
34
-2
17
1
3
-2
-13
-7
-18
-4
-8
-16
14
-1
-6
6
-19
-23
-43
-35
-33
-21
-12
3
17
4
33
27
24
38
17
30
30
27
53
12
24
13
20
29
-4
40
27
44
58
8
1
-28
-44
-21
-47
-29
-31
-58
-40
-65
-41
-31
-53
-37
-57
-23
-8
-25
18
-5
8
39
19
32
19
40
63
29
47
47
23
42
22
42
6
-9
12
-27
14
18
20
49
9
22
33
19
40
-19
-3
11
-11
12
-17
5
-1
-13
15
-29
-33
-31
-43
1
0
12
5
-26
-5
18
4
8
-1
-3
24
33
37
35
27
-12
-14
-11
-32
-44
-44
-34
-17
-24
-37
-48
-47
-23
6
13
17
29
24
12
-12
-16
-14
-21
-17
-10
7
18
19
23
6
-2
-2
-10
7
-2
14
37
0
-14
-37
-20
9
-2
16
-5
-5
-4
-27
-10
-18
-8
15
-5
9
12
-6
5
-9
-15
-19
-24
-9
-33
-37
-27
-19
10
29
33
29
23
17
15
-15
-19
-53
-40
-10
-11
15
-17
3
17
-3
18
19
29
9
-12
-10
1
1
-7
3
3
6
-10
7
-6
-14
-22
-39
-24
-38
-37
-47
-51
-30
-24
-14
0
12
2
-6
13
24
17
-3
2
14
9
11
-12
-17
-32
-33
-11
-7
5
-5
7
19
-2
1
-37
-3
51
37
20
-21
20
31
15
24
6
19
28
47
41
19
20
12
25
35
23
-3
-26
-4
9
8
-12
-20
-16
-16
4
-1
8
-15
-22
-22
-25
-4
6
21
2
-24
-27
-25
-15
-16
-14
25
28
24
12
27
67
61
58
55
46
50
45
31
45
27
14
20
2
25
38
53
65
19
6
-13
-12
-6
5
6
-25
-21
-26
-26
-22
-23
-16
-22
-27
-18
-32
-44
-35
-24
-2
3
-15
-11
-3
-9
9
19
22
34
37
51
38
15
16
13
9
19
4
0
6
-5
-10
-40
-10
-9
3
26
24
38
13
9
-5
-12
4
13
10
30
19
3
14
15
28
22
25
16
-25
-34
-32
-17
5
11
53
70
61
52
22
7
13
9
14
10
-4
-8
-23
-14
-26
-33
-22
-35
-24
-10
-8
4
-5
-16
-8
-22
-18
-29
-9
10
7
15
3
7
4
-1
-12
-14
11
22
13
35
23
16
15
10
34
13
-7
-18
-26
-26
-31
-30
-37
-26
-6
-24
-33
-40
-37
-33
-59
-39
-31
-38
-46
-40
-32
-30
-9
-13
7
10
17
9
-3
-6
0
8
7
21
6
10
22
32
20
5
8
24
15
5
4
-5
-2
1
17
-6
-5
-9
-25
-21
-11
2
12
29
45
42
35
21
1
10
2
12
-1
-5
-13
-38
-34
-38
-4
7
9
0
6
23
17
19
25
3
-5
-5
-9
11
-3
-4
-22
-11
-9
-10
-15
-17
-1
4
8
7
5
10
29
9
-10
-10
5
37
60
56
52
47
28
8
4
23
14
23
24
-4
-13
-29
-29
-16
-3
-4
-6
-4
3
-13
-11
-14
-12
22
38
26
16
12
18
37
11
30
21
16
25
0
-1
-6
-2
4
2
18
32
5
28
15
13
27
26
34
6
8
-15
-9
-20
-6
4
1
2
-9
-2
7
23
20
26
7
25
24
16
5
11
-11
-20
-33
-37
-22
-32
-27
-49
-31
-22
-26
-30
-30
-37
-34
-21
-14
3
-9
-16
-27
-19
-24
11
16
-7
-13
-38
-21
-28
-12
-11
-17
-10
14
14
17
28
9
3
-1
11
-5
-11
-8
9
13
9
-9
-5
14
3
-1
-1
-4
-34
-35
-28
-11
10
26
20
26
19
-9
-8
-3
15
1
0
0
-6
-9
-12
-24
-31
-8
-7
-11
-18
-7
-3
6
7
-13
-19
-17
-16
1
-9
-12
-4
-9
5
1
12
9
21
26
22
13
4
37
23
28
13
10
17
3
-1
-9
-10
-13
-22
-17
-15
-26
-14
-20
-23
-20
-26
-32
-23
-14
2
-6
-23
-10
-25
-19
-13
-19
-9
-21
-21
-17
-25
-29
-37
-51
-32
-32
-14
-13
-3
27
19
26
25
33
38
31
21
19
5
-6
-5
18
19
21
33
12
21
25
33
52
50
31
16
-11
-13
-10
-14
-24
-30
-26
-31
-29
-43
-38
-37
-23
-12
0
6
0
4
-5
6
14
23
30
25
35
30
16
-2
-4
8
5
16
25
0
-4
-15
-18
-16
-16
-7
-16
-10
1
-2
2
10
4
6
2
5
-11
-9
16
-5
7
7
5
11
5
14
27
39
38
33
22
24
6
-9
-5
-6
12
18
18
22
16
17
12
0
-2
-13
0
7
7
-3
4
-2
-14
-11
-18
3
11
20
24
25
24
19
12
24
30
19
18
5
4
6
12
-6
-16
-5
-15
-9
-12
-4
8
17
21
9
6
-32
-48
-38
-39
-36
-33
-30
-14
-3
-10
-20
-37
-27
-21
-17
-5
9
8
-5
-9
1
6
7
11
1
6
9
17
16
15
7
-6
-12
-18
-12
-16
-5
-12
-25
-9
-10
-10
11
21
21
29
34
23
-4
-19
-8
-9
-22
-18
-29
-31
-30
-27
-16
-11
-8
-4
4
4
-6
2
14
20
28
22
15
2
-5
-14
-8
1
0
4
-8
-20
-16
-5
-13
-15
-3
-4
-8
-9
-2
0
-11
-12
-9
-3
4
-3
6
7
7
18
9
1
3
-2
-6
-13
-8
3
9
12
13
13
-2
-5
-5
-9
-4
-9
-9
-10
-11
0
0
6
10
12
10
7
5
4
5
7
7
-3
-12
-19
-16
-15
-11
-10
-4
-3
-3
-2
5
20
15
13
6
0
-4
4
7
9
8
8
1
-12
-9
2
8
4
11
15
19
10
2
-5
9
18
19
28
19
14
15
11
7
2
4
0
4
11
9
-2
-1
13
12
8
12
10
-4
-10
-19
-17
-10
-12
-10
-8
-6
4
4
0
-15
-2
15
10
22
10
8
12
10
13
-2
-14
2
19
20
11
8
23
25
25
21
16
17
12
5
11
7
9
15
9
22
16
5
-7
-26
-18
-18
-16
-18
-9
-3
8
7
3
0
-6
1
-2
-3
-11
-20
-20
-20
-13
-8
-9
-6
-13
-9
6
5
13
10
5
8
4
8
6
-3
-9
-2
-1
0
1
4
5
3
7
0
5
5
9
7
-7
-21
-19
-16
-18
-17
-22
-12
-14
-3
1
-4
-1
3
14
8
2
-12
-16
-17
-15
-15
-17
-3
3
-5
-10
-4
4
13
14
6
-7
-14
-18
-19
-8
-8
-9
-9
-17
-9
3
12
17
22
21
12
2
16
23
1
7
1
4
4
-1
-3
-3
4
3
-1
-15
-8
-15
-10
-14
-21
-26
-24
-9
-11
-7
-8
-2
8
6
-3
1
-3
-17
-22
-26
-25
-30
-29
-24
-17
-6
-2
-3
9
16
16
15
16
20
11
15
14
5
5
7
12
18
24
21
15
8
-2
3
7
7
7
-3
3
2
-3
-3
-2
-7
-2
-1
-12
-5
-10
-12
-23
-21
-19
-16
-8
-12
-9
-1
12
12
6
4
11
16
15
20
12
20
15
-13
-15
-5
-4
8
12
14
11
-5
3
3
0
-5
-8
-13
-6
14
5
4
7
5
4
7
2
-8
-13
-12
-5
0
2
8
1
3
0
0
5
9
6
-4
-3
-9
-30
-29
-21
-16
-7
-15
-21
-19
-19
-16
-12
-1
5
23
24
26
25
16
16
19
31
23
13
7
11
15
2
1
6
10
20
22
20
18
10
11
1
-5
-11
-12
2
6
7
2
5
16
11
2
-4
-9
-10
-10
-16
-5
-6
-10
-10
-6
4
12
11
5
0
4
12
-2
0
1
1
2
-4
-4
-11
-6
1
1
-4
-4
-7
-3
-1
-1
-2
-15
-10
-6
-9
-17
-18
-16
-7
3
4
-3
0
-2
-13
-16
-20
-13
-10
-12
-14
-6
-4
-3
1
-2
-8
-10
-9
-12
-13
-21
-29
-23
-17
-16
-23
-17
-1
-1
-3
-10
-3
12
11
16
10
11
7
-2
13
12
14
17
23
27
15
15
7
5
7
4
9
14
9
-1
0
-8
-10
-5
-2
11
10
9
0
-16
-16
-16
-18
-17
-9
-3
5
11
15
13
3
-1
3
8
9
3
-4
-6
-11
-7
-5
-2
-1
1
8
2
-6
-17
-20
-29
-28
-12
-12
-10
-7
-7
4
6
3
9
12
19
26
16
11
16
18
20
21
18
18
17
13
11
14
10
7
7
4
8
3
5
7
3
11
16
16
5
1
1
5
3
1
2
-5
-6
-7
-7
-8
-2
-10
-18
-9
-5
-6
-12
-1
12
12
2
-6
-17
-16
-14
-7
3
1
8
8
1
6
10
9
10
14
11
14
5
-6
-6
-12
-7
-3
-2
0
1
8
13
8
5
0
-17
-21
-16
-1
-3
-4
5
0
-4
3
8
5
-2
-14
-11
-12
-5
-6
0
16
13
15
8
1
0
4
7
12
10
2
-3
-3
-3
-5
2
2
4
1
-2
-8
-19
-21
-22
-18
-14
-7
-2
-5
-1
7
13
16
13
4
5
10
11
10
9
-1
-11
-10
-6
-15
-18
-13
-15
-7
-6
-6
-5
1
-3
-6
-2
-2
-9
-18
-17
-10
-3
0
2
-4
-11
-12
-3
3
7
7
4
4
0
-5
-4
-2
-1
4
5
11
9
10
14
6
0
5
6
4
0
2
6
5
5
-1
0
1
-1
-5
-8
-5
0
3
-9
-12
-18
-13
-7
-2
1
6
-4
-15
-7
-2
2
2
4
7
7
10
14
13
11
6
4
4
4
-1
-3
2
2
9
6
1
3
-3
-4
-6
7
13
11
10
-3
-5
4
6
5
9
4
2
-3
-5
0
-3
-7
-2
-9
-10
-2
-3
5
14
13
12
4
-2
2
1
0
3
3
-2
-3
5
14
14
5
-4
-5
-1
7
9
9
11
11
9
4
-7
-13
-8
-2
-3
0
5
10
9
3
-4
-4
-7
-18
-13
-7
-2
0
4
12
15
10
10
15
13
12
15
9
-3
-4
-12
-11
-8
-6
-1
1
7
11
7
5
8
-2
-17
-24
-10
-6
-6
7
12
18
14
21
21
10
8
15
12
1
-2
-7
-3
4
5
9
6
4
10
4
-3
-4
-14
-17
-4
-1
-3
5
6
8
10
8
5
5
0
-5
-2
0
4
12
7
-5
-5
-19
-20
-13
-17
-7
-1
-7
-14
-20
-20
-12
-13
-9
0
-1
1
-4
-18
-21
-12
0
9
4
-1
-8
-10
-9
-6
1
-1
-4
-1
6
-2
1
9
14
17
18
21
19
16
17
9
1
1
-1
2
1
-5
-11
-12
-6
-11
-18
-22
-20
-11
-10
-9
-6
-7
-8
-16
-15
-11
-10
1
4
12
15
13
11
10
12
7
-1
-3
-7
-11
-5
-2
-6
-12
-7
-7
-8
-1
8
11
1
-5
-2
2
0
-2
-2
6
4
6
5
-7
-6
-4
1
-3
-9
-9
-2
5
11
9
1
12
9
-1
-6
-5
-5
-12
-5
4
3
-1
-3
-1
0
5
5
6
9
8
7
0
-4
-7
-6
-11
-12
-13
-3
5
-1
-4
-16
-15
-12
-14
-9
1
3
5
7
10
8
-3
-2
-5
-5
-1
2
-1
3
8
11
11
2
1
-2
-3
0
0
5
9
10
7
2
0
0
3
3
-7
-5
-7
-6
-9
-14
-13
-9
7
11
4
-1
3
-5
-5
1
3
7
4
3
4
8
14
18
13
9
6
4
-1
-9
-13
-12
-1
-4
6
5
6
8
9
8
8
9
7
-1
-9
-1
-3
10
12
9
9
10
10
7
7
0
-4
-5
-2
-4
6
4
3
0
-2
-3
-8
0
-7
-10
-13
-13
-12
-10
-6
-2
4
2
1
-5
-4
-1
0
-5
-9
-8
-4
3
4
-1
-7
-9
-3
0
-7
-4
-6
1
7
9
8
2
3
-1
-10
-11
-15
-22
-23
-29
-17
-10
-9
-9
-14
-19
-20
-9
-6
1
-2
2
-4
-10
-6
-4
1
2
7
2
-2
8
14
11
5
-5
-9
-9
-2
1
-5
-3
-2
-2
-3
3
7
7
12
12
15
17
17
15
9
-2
-3
0
0
-4
0
2
1
5
8
9
3
3
3
1
-7
-14
-13
-13
-8
-6
1
2
3
-2
-11
-10
-18
-21
-22
-26
-22
-19
-16
-16
-16
-9
-4
4
14
17
17
20
23
19
24
20
14
15
17
24
21
19
13
4
0
-1
-3
-8
-10
-5
-3
1
1
-2
-4
-5
-6
-12
-11
-2
5
13
18
22
21
20
17
12
0
-4
-2
-3
-1
6
7
2
3
-1
-1
6
14
18
10
9
10
13
10
8
5
3
3
-3
0
2
2
9
8
4
-5
-8
-2
-3
-5
-3
1
4
6
-4
-5
-14
-10
-3
-6
-3
-1
4
0
-2
1
-4
-5
3
3
0
-1
-7
-9
-7
-3
-5
3
8
11
9
8
10
4
5
3
5
9
4
-2
1
6
4
2
0
4
7
6
10
10
6
5
2
-5
-11
-2
3
6
5
-1
-2
5
6
0
-5
0
3
0
-1
-5
-4
-6
-14
-16
-13
-14
-16
-18
-11
-6
-3
-6
-7
2
0
-7
-2
-1
-1
1
10
9
-2
-1
0
1
-3
-6
-3
1
4
-6
-13
-9
-7
-4
0
2
4
4
6
4
9
13
10
14
6
-1
-5
-8
-4
-5
-7
-9
-11
-17
-19
-17
-17
-14
-10
-11
-14
-10
-7
-4
-1
-1
-4
-5
0
-1
-4
-7
-6
-6
-5
-6
-15
-14
-12
-10
-9
-5
1
6
6
-1
1
9
12
21
24
24
29
21
13
8
10
21
24
18
14
13
12
3
0
5
8
11
5
-7
-12
-10
-5
-11
-14
-7
-6
-2
7
9
18
25
20
17
9
4
1
-3
-2
-1
-9
-13
-12
-14
-17
-17
-18
-13
-2
-3
-5
-9
-4
3
3
8
4
1
3
4
7
7
1
-5
-3
1
6
5
2
-3
-5
1
10
12
16
20
20
19
14
15
15
9
8
10
7
9
12
7
0
-5
-4
-3
-5
-6
-9
-9
-5
-3
-6
-10
-14
-13
-9
-9
-4
-2
-1
-1
-7
-10
-9
-2
4
4
7
9
10
6
1
-2
-4
1
5
11
8
7
7
7
2
-3
-11
-16
-16
-12
-9
-6
-1
3
7
7
6
5
8
10
10
6
5
-2
1
5
-1
3
4
5
10
10
8
5
8
13
14
10
4
-4
0
2
1
3
2
0
1
-3
-9
-5
1
3
0
-1
1
5
0
-5
-7
-6
-6
-11
-11
-5
3
6
7
1
-8
-18
-24
-18
-17
-27
-25
-19
-18
-17
-19
-15
-12
-12
-12
-12
-9
-2
0
-4
-6
-3
-2
0
0
0
1
-2
-5
-2
-5
-5
0
3
0
-6
-6
-2
-1
-2
0
7
17
20
19
20
23
28
27
20
14
11
9
-2
-8
-5
0
3
4
8
13
16
15
11
5
-2
-3
-2
-7
-11
-4
3
-2
-2
1
5
7
1
-8
-14
-12
-10
-9
-11
-17
-17
-19
-17
-10
-6
-1
-5
-3
-1
1
6
5
11
14
12
12
10
7
3
-1
-2
-3
-5
-3
-2
-1
4
8
7
1
-3
-5
-3
2
1
0
0
2
9
14
15
10
9
5
3
1
-1
4
4
7
7
2
2
-2
-5
-5
-3
-9
-10
-6
-2
0
-2
-8
-21
-27
-24
-16
-5
1
2
-2
-2
5
7
7
10
11
7
-4
-15
-12
-10
-12
-9
-6
-2
0
-2
2
4
-2
-8
-7
-3
-3
-5
-3
-3
-4
3
-1
0
1
8
5
-3
-5
-5
5
10
11
12
8
0
-8
-8
-5
-8
-5
-1
5
9
2
2
3
1
3
2
7
7
2
-1
-2
-1
-5
-4
1
1
-1
-7
-5
-1
-5
-2
5
7
5
2
0
-6
-6
-7
-7
-1
-4
-8
-7
-3
-1
-2
3
10
12
15
16
16
12
6
4
3
1
5
13
17
18
16
10
8
10
11
13
15
17
15
8
5
0
-6
-6
-2
4
6
3
-4
0
0
-4
1
1
0
-1
3
2
4
-2
-5
-9
-16
-20
-18
-14
-12
-12
-12
-14
-15
-12
-4
-3
-4
-2
-10
-18
-15
-11
-3
-5
-12
-18
-28
-26
-19
-21
-15
-11
-10
-7
-8
-4
-1
-1
3
2
5
14
16
19
16
12
7
6
4
0
-3
-4
-2
5
10
5
1
-1
4
6
1
-5
-6
1
2
3
6
5
-2
2
15
17
12
14
10
7
8
8
5
-3
-7
-4
-2
3
3
-3
-8
-10
-2
3
-3
-8
-8
-12
-12
-5
-3
-5
-7
-2
-1
1
2
-1
-5
-8
-7
-6
-4
2
6
9
6
4
2
3
4
-3
-5
-2
-5
-6
-1
5
8
10
13
12
7
7
2
-4
-8
-14
-12
-8
-5
-7
-6
-6
-5
-4
2
12
19
12
7
8
2
0
-5
-6
-3
0
-1
-1
6
13
13
14
5
-2
1
4
2
1
1
5
6
4
2
1
-3
-7
-4
-4
0
7
10
9
5
5
5
8
13
14
9
5
5
7
6
4
-5
-7
-12
-13
-13
-20
-19
-17
-13
-5
4
2
3
6
2
0
-5
-8
-7
-9
-6
0
6
7
5
2
-4
-6
-4
-3
0
0
2
3
7
7
8
11
9
6
3
-4
-9
-9
-16
-21
-18
-15
-16
-11
-9
-10
-9
-7
-7
-6
-4
1
2
-1
-2
-4
-4
2
7
7
7
8
6
2
2
5
1
1
7
13
14
11
9
7
4
5
7
3
1
-6
-15
-16
-12
-9
-2
3
2
-3
-1
0
-2
-3
-5
-7
-12
-13
-8
0
-1
-2
-5
-4
5
-3
-5
-6
-9
-8
-11
-5
-5
-4
-2
-6
-7
-2
2
2
4
4
2
-1
2
-3
-4
0
-1
1
1
2
3
-4
-6
-2
1
4
8
5
3
4
5
10
9
9
16
15
10
2
-2
-3
-4
0
-1
-5
-2
-4
-2
-5
-4
2
5
12
14
11
7
5
9
1
-9
-10
-13
-14
-15
-13
-5
-1
-2
-4
-3
0
3
9
7
8
13
18
21
21
16
15
27
29
26
17
5
-2
-9
-11
-16
-19
-15
-11
-1
-5
-6
0
1
2
4
4
1
2
2
0
-4
-5
-6
-6
3
5
-1
-2
-8
-12
-13
-13
-12
-8
-6
-5
-4
-5
0
0
-2
1
-4
-14
-16
-14
-13
-14
-15
-12
-5
4
8
10
4
2
2
0
7
8
2
0
-1
0
5
5
3
0
11
15
8
9
12
9
9
9
-2
-5
-4
2
3
5
7
4
-2
-8
-10
-19
-23
-28
-28
-25
-22
-13
-14
-17
-11
-11
-11
-2
7
13
14
8
9
7
4
12
12
6
14
16
7
4
-3
-5
-3
-1
3
0
4
9
8
13
9
11
12
-2
-7
-3
-5
-9
-12
-10
-4
-1
-1
-1
-5
-3
1
-2
5
5
1
0
4
4
10
15
13
14
10
5
7
5
2
-2
-7
-7
-8
0
4
9
15
10
8
7
4
6
6
-1
0
-14
-18
-19
-18
-8
3
8
4
5
3
8
8
4
4
4
3
2
9
13
18
19
14
13
9
8
6
-2
-1
-5
-7
-7
-9
-4
-1
-2
1
4
8
1
-7
-3
-12
-8
-9
-15
-17
-11
-7
-4
4
5
12
10
6
6
4
0
-2
-3
1
3
4
9
10
7
8
6
-1
0
-1
0
-3
-7
-6
-7
-7
-7
-10
-9
-3
1
-3
-3
6
9
7
5
2
-6
-7
-4
-5
0
4
-3
-3
2
-3
-4
-1
-4
-8
-2
3
7
11
16
26
21
19
16
4
6
10
6
6
3
2
3
-2
-3
-5
-8
-4
0
6
4
-3
-4
-5
-8
-3
2
-3
-2
3
3
0
-3
2
2
2
4
6
4
3
-1
-1
4
-3
1
6
7
15
14
8
11
9
3
4
1
0
1
-3
-5
-6
-3
-2
-3
1
-3
-3
-5
-10
-11
-9
-13
-18
-15
-8
-9
-15
-18
-13
-9
-7
-2
-8
-9
4
2
2
4
1
-2
-6
-10
-10
-10
-9
1
7
6
3
0
1
-2
-5
-9
-10
-10
-8
-10
-13
-10
-2
4
2
3
3
0
-1
-2
-1
-1
0
-2
-3
-2
-1
-4
-8
-5
-1
4
8
8
13
20
23
25
22
19
19
21
13
8
8
2
2
7
6
8
9
6
2
-8
-8
-8
-13
-12
-13
-10
-5
-3
0
0
-3
-4
0
2
2
-2
-6
-6
-3
-4
-4
-7
-6
1
2
2
5
9
7
3
1
3
5
5
6
4
2
5
1
3
4
5
10
8
10
3
3
0
-3
2
0
0
3
-3
-10
-7
-5
-3
0
0
-1
-1
-6
-7
-4
-1
7
10
10
7
-1
-11
-8
-5
-15
-12
-9
-8
-7
-11
-2
2
-6
-4
-4
-8
-7
-6
-6
-4
0
5
11
16
17
11
10
6
1
-1
-3
0
-3
-2
0
-1
-4
-6
-5
-9
-6
-5
-8
-6
-10
-10
-9
-15
-18
-19
-20
-16
-10
-4
2
11
17
17
13
12
8
7
5
2
3
5
6
7
6
6
5
4
6
6
4
1
-3
-1
7
10
16
16
14
13
12
9
3
3
-1
-4
-4
-11
-8
-7
-4
1
1
2
5
2
0
-4
-7
0
1
2
2
1
2
1
-2
-5
-2
2
6
7
7
6
5
2
-1
1
-2
0
4
2
4
7
1
-6
-5
-11
-13
-12
-8
-6
-8
-7
-5
-3
-1
-4
0
3
3
4
4
2
-2
-2
-2
-2
-2
-2
-2
-2
0
3
3
-4
-3
-1
-7
-6
-7
-9
-8
-6
-4
-8
-4
-5
-8
-7
-3
-4
-7
-3
-3
0
-1
3
3
2
10
8
6
10
10
10
11
9
8
7
2
2
1
3
6
5
3
3
10
12
5
0
0
4
3
1
4
0
-7
-10
-9
-8
-8
-4
-2
-7
-14
-13
-3
-4
0
2
2
-1
-4
4
3
0
7
0
-7
-2
-1
-1
-1
-3
-1
-4
-8
-11
-15
-19
-14
-9
-6
-6
-1
0
3
8
3
0
1
5
4
-4
-6
-6
4
8
6
8
9
11
19
16
12
12
5
6
8
10
6
-4
-8
-7
0
1
6
10
10
8
3
-7
-19
-14
-7
-6
-8
-4
-5
-8
-7
-6
-1
1
6
7
-2
-6
-12
-17
-14
-11
-2
-3
-3
0
-5
-3
0
0
5
4
7
14
11
14
16
9
6
7
7
5
0
-2
-6
-4
0
2
1
2
3
5
3
-2
-2
-2
-4
-1
0
1
1
-4
-13
-15
-13
-9
-5
0
1
3
8
10
2
-1
3
-2
-6
-2
3
1
2
3
-2
-5
-2
-2
-6
-8
-12
-16
-19
-17
-17
-20
-18
-13
-12
-5
1
3
-3
-6
-3
-3
2
9
14
13
14
18
11
10
15
14
15
12
8
-1
-3
0
-9
-9
-3
-1
1
4
3
1
-3
-7
-11
-11
-6
-3
-9
-10
-7
-7
-3
3
6
3
0
1
3
6
9
11
4
7
10
7
4
-2
-5
0
2
1
-1
-5
-4
-4
-3
-3
-5
-7
-3
3
6
6
2
-1
-6
-10
-10
-4
7
8
5
-3
-7
-12
-15
-3
6
5
0
-4
-5
-16
-13
-6
-3
6
9
4
-8
-15
-10
-3
6
19
22
24
26
17
12
0
-10
-11
-22
-14
-4
-9
-1
4
11
19
34
42
31
33
26
-10
-41
-56
-61
-53
-41
-28
-13
-1
3
8
27
58
75
63
38
10
-6
-18
-25
-24
-18
-8
-17
-31
-19
-6
12
29
36
36
36
30
10
0
1
8
15
-4
-22
-24
-32
-37
-43
-36
-17
9
45
47
25
4
-9
-6
4
13
11
-6
-23
-40
-39
-19
5
22
13
21
35
33
25
-4
-20
-25
-23
4
20
20
8
-7
-18
-25
-15
-8
-2
-3
-1
13
15
2
-16
-24
-21
-3
16
29
42
45
29
13
8
2
1
-4
-5
-6
-1
6
-5
-14
-20
-18
-7
10
18
15
10
-1
-7
-17
-28
-13
1
0
-9
-18
-20
-18
-4
-6
-16
-16
-17
-21
-19
-6
10
20
18
7
1
7
10
2
-6
-15
-14
-1
11
26
33
31
23
9
-1
-6
-3
-6
-11
-6
-5
-3
1
-4
-4
11
29
39
28
9
-7
-18
-20
-24
-28
-24
-13
-4
2
6
11
13
4
1
-3
-3
4
2
-6
-4
-11
-23
-29
-24
-10
-7
6
16
10
20
28
28
15
8
2
2
12
10
6
-4
-11
-8
3
7
10
17
14
4
-4
-1
4
10
8
3
2
-8
-17
-32
-31
-12
-1
4
-1
-6
-5
4
6
-1
4
8
5
2
-3
-10
-14
-19
-28
-27
-23
-14
-3
2
-2
-5
-3
4
5
-2
13
18
8
4
0
-7
-7
-7
-8
2
2
-3
-7
2
20
11
0
-7
-5
10
13
19
16
0
-15
-30
-24
2
8
9
10
14
19
18
10
-3
-7
-16
-16
3
22
33
26
1
-9
-21
-22
-5
2
6
-8
-26
-30
-18
-4
3
14
18
15
14
8
-2
-8
-21
-32
-27
-8
16
26
19
21
25
19
16
15
22
20
12
0
-21
-29
-30
-17
5
15
32
33
18
12
11
15
20
16
9
2
-7
-12
-18
-20
-10
0
14
26
21
7
2
-13
-29
-24
-5
15
22
25
27
23
21
3
-20
-25
-16
-4
-10
-16
-16
-30
-36
-31
-22
-7
6
4
1
2
3
2
-6
-17
-19
-13
-8
-2
1
-4
-6
-2
-4
-9
-3
-2
-6
-2
4
-1
-8
-6
2
6
10
14
16
17
10
3
-5
-10
-11
-9
-7
-6
3
3
-3
5
14
15
10
10
21
19
3
-7
-7
-6
1
10
4
-3
-2
-8
-15
-3
8
8
12
17
10
-5
-8
-9
-15
-18
-5
11
21
25
18
8
16
22
0
-15
-13
-4
-9
-21
-22
-22
-14
-2
7
15
19
13
-1
-14
-18
-9
-9
-12
-10
-11
-10
-8
-12
-18
-19
-10
11
20
15
3
2
13
16
21
25
17
9
-3
-19
-17
-6
6
15
8
3
6
2
0
7
8
3
-4
-8
-12
-9
3
7
6
1
-10
-12
-4
-1
11
9
5
4
-9
-19
-21
-20
-20
-13
-1
6
8
-2
-18
-13
8
24
31
19
-1
-10
-14
-15
-15
-16
0
14
13
1
-3
2
14
18
17
12
1
-10
-12
-5
0
3
-1
-16
-20
-15
-7
-2
1
7
8
8
-1
-8
-9
-6
2
9
12
9
3
-11
-22
-15
1
12
20
25
15
10
18
22
18
8
-4
-14
-13
-8
-10
-12
-6
7
13
18
28
31
22
7
-7
-7
3
6
-2
-15
-23
-27
-15
6
17
22
20
15
4
-8
-14
-15
-9
-12
-5
2
5
12
24
24
15
10
-1
-5
-8
-9
-2
3
3
3
0
-4
-2
1
-1
-5
-10
-11
-16
-19
-24
-23
-15
-12
-7
-7
-5
0
1
-1
1
12
14
4
-12
-15
-11
-3
-3
-9
-4
-1
-3
-4
-4
0
5
3
3
7
11
16
18
11
12
10
3
2
0
-3
-11
-8
-4
-10
-14
-13
-10
-9
-4
7
19
26
30
23
10
3
3
11
11
15
16
11
10
1
-4
-6
-5
1
1
-9
-19
-14
-13
-10
-4
-2
1
3
1
-1
-3
-10
-14
-15
-8
5
10
11
3
-5
-1
9
16
11
10
4
6
4
-1
-2
-11
-13
-14
-13
-6
-6
-11
-15
-13
-13
-14
-3
12
14
11
4
7
12
12
13
7
-7
-17
-24
-30
-18
-9
-1
-1
1
6
14
18
22
25
28
28
22
16
15
16
13
6
-3
-7
-2
-5
-5
-2
2
15
13
3
1
-1
-5
-11
-17
-16
-8
-7
-11
-15
-10
-5
-8
-8
-12
-8
-1
-2
-2
-7
3
17
23
25
18
9
2
2
4
6
-4
-15
-14
-20
-23
-21
-15
-16
-17
-17
-19
-19
-16
-19
-21
-11
-2
5
5
2
7
10
9
3
1
4
9
12
8
2
6
3
-7
-4
-4
-1
3
4
9
14
15
12
6
0
-3
-3
-7
-11
-13
-15
-14
-7
-1
-2
-5
-4
1
3
18
29
26
26
25
15
4
9
13
7
3
-1
6
15
16
3
0
4
7
12
16
22
26
24
12
1
-7
-9
-16
-24
-27
-26
-23
-23
-17
-18
-18
-17
-13
-5
0
1
2
-4
-14
-20
-24
-20
-9
0
7
2
2
-9
-13
-11
-12
-8
-11
-9
-8
-5
4
6
9
18
18
16
12
3
-2
-6
-9
-14
-8
-8
-5
-3
-3
9
21
24
13
3
1
1
-4
-5
0
5
7
4
3
4
4
2
-3
-4
-3
-1
-1
-9
-10
-7
-1
2
9
17
13
8
12
9
7
-1
-11
-20
-34
-30
-20
-9
6
11
5
-4
-6
-5
-8
1
12
12
10
5
-1
0
4
5
3
8
8
2
-3
-4
-6
-11
-7
3
3
-4
-8
-7
-8
-9
-8
-4
3
-1
-6
-8
-12
-18
-14
-13
-4
14
21
18
12
14
7
4
18
26
23
17
14
9
1
5
8
5
9
8
1
-4
0
2
5
2
1
-3
-2
-4
-8
-8
-8
-12
-14
-8
-5
-4
-6
-16
-21
-19
-14
-1
3
2
-3
1
9
13
16
22
22
12
3
-4
-14
-13
-5
-4
0
-1
-1
0
-1
-2
2
0
0
-6
-6
-9
-6
3
4
4
4
8
5
2
6
6
14
16
12
6
6
9
7
2
3
0
-5
-5
-12
-19
-23
-18
-14
-15
-9
-9
-16
-19
-18
-15
-4
5
7
12
14
12
6
3
-4
-14
-12
-8
0
8
12
10
11
4
0
9
7
6
4
4
4
2
7
11
5
2
3
4
5
-1
-12
-19
-13
-9
-10
-4
4
10
8
7
10
13
13
10
1
-3
-5
-1
2
0
6
6
-2
-6
-7
-6
3
13
9
5
9
14
13
8
2
5
10
4
2
0
-5
-8
-5
-5
-5
-3
6
10
12
18
10
8
12
4
0
1
3
1
-3
-5
-5
-4
-9
-15
-10
0
3
1
-2
-4
-8
-8
-10
-12
-8
-4
-1
0
5
3
-4
-1
-2
-2
-3
-5
-8
-6
-4
-5
-2
-4
-8
-10
-7
-1
2
7
13
8
3
1
-4
-6
-4
-2
0
5
6
-1
-2
-2
4
12
16
16
14
8
2
0
-3
-6
-5
-4
-5
-5
-5
-5
-5
-5
-3
5
4
4
-1
-7
-3
1
6
7
5
-3
-3
-6
-7
-5
-3
-3
-1
2
-1
-2
-3
-1
-1
7
7
-1
-7
-16
-10
-9
-8
-2
3
5
0
1
1
3
3
-1
-3
-4
-9
-14
-8
-5
2
3
2
6
4
5
12
17
16
13
8
3
1
-1
-7
-12
-8
-5
-1
0
-2
-1
1
6
7
3
-2
-5
-7
-8
-9
-7
-4
0
5
6
12
18
19
16
20
23
22
23
18
12
7
6
2
2
7
7
5
1
-2
-7
-13
-13
-11
-9
-8
-8
-10
-9
-9
-7
-8
-10
-6
-1
5
7
9
8
9
14
14
12
8
0
-4
-6
-5
-11
-13
-5
-4
-6
-7
-5
-5
-5
1
2
-2
-2
-1
-4
-8
-12
-19
-22
-18
-11
-5
3
10
15
17
18
23
21
19
18
18
12
5
3
6
6
3
4
4
6
4
-2
-10
-11
-14
-18
-18
-17
-17
-14
-11
-9
-8
-9
-13
-11
-5
-3
0
-4
-11
-13
-10
-7
1
4
3
0
-2
1
3
7
7
10
9
9
6
0
-5
-13
-17
-15
-12
-8
-4
2
3
-4
-11
-13
-3
4
1
-4
-8
-14
-17
-17
-9
-2
-2
3
5
2
4
8
10
11
11
4
-2
-3
7
14
13
18
13
7
2
-2
-1
6
14
11
11
13
4
2
2
5
2
-5
-4
-3
-5
-2
1
-5
-1
6
8
5
5
7
0
-3
-2
-4
1
4
0
0
-3
2
2
-2
-4
-14
-13
-5
-5
-8
-14
-17
-15
-12
-1
8
8
4
-2
0
5
11
10
1
-5
-3
1
4
7
7
5
4
1
2
8
7
4
2
-1
-1
-6
-1
4
9
13
7
5
4
3
2
4
6
5
-1
-7
-11
-9
-6
-2
0
-5
-8
-6
-3
-5
-7
-4
0
-1
0
3
7
12
10
5
6
6
5
0
-4
-5
-1
6
8
3
2
5
-3
-9
-9
-11
-10
-11
-15
-15
-10
-8
1
6
5
5
4
2
5
6
5
4
6
7
5
7
6
4
1
2
-2
-5
-3
1
2
5
5
0
-2
-2
-5
-10
-14
-15
-15
-14
-7
-6
-5
-5
-6
-8
-9
-5
-2
-2
-4
-7
-7
-5
-2
5
6
10
15
17
18
18
19
18
17
11
5
6
7
5
5
2
-4
-5
-5
-2
3
4
7
7
7
0
-3
-5
-10
-11
-14
-10
-6
-4
-4
-7
-7
-5
-4
-4
-1
2
2
3
2
3
4
5
7
7
5
-1
-1
2
4
0
2
2
-1
-3
-3
0
0
6
8
7
6
-1
-10
-11
-16
-17
-14
-14
-12
-9
-3
-3
-1
8
14
12
9
6
0
0
2
1
-2
-8
-12
-10
-5
5
12
11
10
9
5
-4
-7
-7
-6
-2
-1
4
5
7
12
12
9
5
-1
-11
-20
-16
-10
-4
3
2
3
6
3
7
11
10
12
13
15
12
8
9
9
10
10
7
7
1
-5
-8
-3
-1
-4
-9
-11
-11
-12
-9
-10
-8
-4
-6
-9
-15
-20
-20
-17
-13
-9
-11
-4
-2
-4
-4
-5
-2
0
2
0
-3
-2
3
6
5
9
9
9
9
9
7
2
-2
0
-1
-2
-2
-3
-2
-1
3
5
8
9
8
2
-8
-7
-7
-8
-6
0
3
2
7
10
8
12
17
18
13
10
11
5
3
2
-2
1
2
-1
-1
0
3
6
2
-3
-7
-10
-9
-7
-7
-12
-9
-4
-2
2
7
13
16
13
8
7
10
7
2
-1
-2
-4
-1
1
-1
-1
1
4
4
0
1
-1
-4
-8
-8
-10
-17
-17
-14
-12
-10
-9
-7
-5
0
2
-1
-5
-6
-8
-11
-11
-11
-12
-13
-11
-7
-4
0
4
2
0
4
11
10
11
11
6
1
1
-4
0
8
13
14
8
7
7
5
4
2
-1
-2
-3
-1
1
4
7
4
2
-1
0
2
5
6
5
1
-2
-6
-6
-4
-9
-8
-1
1
2
-1
0
2
2
3
2
4
6
5
8
4
1
-4
-5
-2
-7
-7
-7
-7
-6
-9
-7
-5
-5
-9
-9
-11
-13
-5
-3
-6
-8
-6
-7
-5
-8
-14
-8
-4
0
7
