-4
8
9
-1
-9
-7
-1
4
-1
-9
-3
7
9
-1
-7
-6
6
12
3
-7
-7
-3
2
8
0
-8
-8
2
8
5
1
-3
4
7
4
-2
-11
-12
-2
3
2
-4
-4
2
10
11
2
-7
-1
5
5
-1
-6
-3
1
2
-1
0
1
2
1
-2
-5
-5
-4
1
8
5
-4
-6
3
6
1
-10
-14
-5
7
14
4
-8
-13
-3
5
4
-1
-7
-5
2
4
3
0
-1
1
1
2
-3
-11
-8
-3
-1
0
-4
-2
2
6
2
-7
-6
-4
0
7
4
0
-4
-2
6
9
5
-6
-10
-4
2
0
-3
-3
0
2
2
0
0
3
5
4
2
-1
-2
1
3
2
-3
-4
-1
4
5
-2
-6
-6
-3
-4
-1
0
1
2
2
1
3
3
3
6
4
-1
-5
-7
-1
5
6
-1
-3
3
8
12
2
-7
-9
-5
1
5
5
3
0
-3
-5
-3
3
7
6
-2
-8
-6
-1
4
6
2
-5
-6
0
2
3
2
2
4
2
0
-2
-3
2
3
3
1
0
0
2
7
3
-1
-3
-2
-1
1
1
1
3
-2
-3
-2
-6
-6
-1
3
5
5
4
3
4
2
0
-4
-4
0
2
-1
-2
0
-5
-2
3
1
-2
0
0
0
-2
0
-4
-6
-1
2
5
4
0
-5
-3
0
-2
-4
-2
2
6
7
2
0
0
1
1
7
5
-1
-5
-7
-5
2
8
5
1
-1
-3
-1
-2
-2
-1
0
2
2
0
1
0
0
3
3
6
-1
-5
-6
-3
5
4
-1
0
-3
-3
-1
2
2
-2
0
3
7
7
-1
-6
-8
-7
-2
0
7
7
7
3
-1
2
-1
-1
-3
-2
4
3
1
3
-2
-5
-1
3
3
2
4
-2
-5
-4
-3
2
-1
-3
-3
-1
1
0
-2
-2
-6
-5
0
2
5
5
0
-4
-2
2
2
1
-2
-3
-6
-6
-1
8
7
5
0
-7
-11
-3
1
-1
-1
-2
-2
-3
0
0
1
-1
0
6
9
7
3
-2
-7
-5
-2
1
-1
-1
4
3
2
2
2
-1
-1
-4
-8
-3
1
1
6
13
9
0
-5
-7
-6
-4
2
6
5
4
-3
-10
-8
0
3
-2
-7
1
4
3
2
-3
-1
-1
3
0
-4
0
2
-2
-7
-11
-5
4
5
7
5
0
-3
-4
-3
-3
3
6
1
4
3
0
-3
-1
2
0
-3
-6
-2
2
2
4
5
-5
-11
-1
2
-4
1
5
4
1
0
-3
-7
-3
0
0
3
5
6
-2
-4
-7
-8
-3
2
6
6
2
0
-4
-11
-8
-3
7
6
4
3
2
1
-2
-3
-4
-4
-3
-2
1
3
-1
0
-2
-4
0
6
11
8
-3
-8
-5
0
0
1
1
-3
-2
1
5
5
3
-2
-7
-6
-2
8
5
1
2
-3
-7
-6
3
9
9
6
0
-3
-1
-1
1
4
0
-3
-4
-3
-1
3
1
1
6
5
2
0
3
-1
-8
-11
-8
-1
8
13
11
8
-2
-8
-6
-1
3
0
-4
-3
3
8
1
1
3
-3
-8
-7
2
2
0
3
5
4
2
1
2
0
-1
-4
-3
-1
-4
-2
3
5
2
1
-1
-1
1
3
0
-1
1
-5
-3
6
7
1
-5
-6
0
4
2
1
-1
-6
-9
-5
5
2
3
2
-3
-6
-5
-3
-3
-2
1
4
1
4
1
-3
0
3
3
-2
-4
-6
0
1
3
2
0
0
-3
-4
-3
1
2
6
5
-4
-7
1
2
4
5
-2
-3
0
-2
-5
-4
-3
0
9
11
2
-1
-2
-4
-4
-5
-2
4
8
5
2
-1
-1
-4
-4
-1
0
4
5
1
0
1
2
1
-3
-6
-5
-1
3
2
1
-4
-5
0
-1
1
4
2
1
2
3
1
1
-3
-3
-4
3
5
5
1
-1
6
1
-4
-1
1
4
5
2
-4
-1
0
-3
-2
1
0
6
4
0
3
-3
-8
-8
-7
-4
2
9
9
3
3
-1
-6
-4
-6
-5
1
6
3
-6
-6
1
-3
-3
4
8
6
1
1
-4
-6
-2
0
-1
-2
-2
1
0
-1
5
6
-1
-5
-4
-2
-2
-3
-11
-8
3
8
9
6
4
0
-8
-10
-1
4
3
5
1
-4
-8
-8
-6
-2
10
14
6
2
2
4
1
-6
-7
-3
6
10
7
3
-1
-6
-5
-5
1
2
6
3
-2
3
1
-5
-9
-5
-2
-2
4
7
7
6
3
-7
-10
-6
-1
2
3
0
-4
-2
-3
-5
1
5
5
3
2
-3
-5
-6
-5
1
0
2
3
-1
-4
-1
5
6
1
-1
-4
-1
2
0
1
-3
-5
-3
-4
4
7
6
-1
-3
3
0
-6
-5
2
1
-4
-7
-1
3
7
3
3
3
0
-14
-19
9
26
19
-8
-16
2
3
0
4
3
-3
-5
-5
3
12
14
5
-3
-5
-9
-4
6
11
2
-7
-17
-8
15
17
1
-14
-16
-12
5
22
19
5
-11
-14
-6
6
9
3
2
-1
-11
-12
5
18
11
-2
-7
-12
-5
8
10
4
-3
-13
-6
13
16
6
-9
-19
-20
-8
8
17
20
4
-15
-24
-17
-3
14
22
16
-1
-17
-22
-14
2
3
-9
-7
6
14
15
10
1
-15
-28
-21
-2
17
20
10
0
0
-6
-17
-11
6
22
7
-4
-3
-1
0
-10
-14
-5
2
-1
4
16
20
7
-9
-16
-10
1
1
4
17
19
0
-12
-15
-1
14
8
-9
-19
1
23
18
-1
-27
-30
-5
17
28
12
6
-3
-29
-23
-2
10
18
20
16
5
-26
-51
-1
68
55
-27
-66
-30
12
33
30
15
-1
-30
-41
-17
33
48
21
-6
-32
-36
-10
19
41
33
-9
-53
-35
30
57
24
-15
-37
-38
-4
42
51
6
-40
-53
-14
39
46
14
-17
-21
-25
-17
21
52
26
-32
-51
-33
22
60
39
-3
-47
-64
-28
35
81
57
-4
-58
-71
-25
15
43
51
22
-17
-41
-18
9
21
15
-2
-18
-22
-4
20
38
15
-38
-59
-28
19
49
42
10
-15
-37
-45
-21
24
40
18
-4
-5
4
2
-13
-19
-9
-6
-4
22
50
32
-19
-60
-55
-6
40
47
33
1
-28
-34
-13
20
22
-1
-24
-16
18
31
17
2
-12
-33
-35
-17
18
49
41
8
-27
-39
-30
-6
21
27
9
-9
-10
3
6
-1
-12
-23
-21
-4
32
42
11
-17
-30
-23
-3
14
21
16
0
-15
-18
1
18
3
-20
-19
-5
13
21
17
5
-11
-31
-33
-7
23
32
14
-9
-17
-4
-1
-10
-5
6
8
9
7
-3
-17
-16
-5
-4
-1
6
14
21
7
-17
-26
-19
-3
24
30
11
-7
-15
-13
-7
8
9
2
4
5
6
2
-5
-12
-13
-10
2
30
32
4
-13
-30
-27
-9
8
22
17
1
-9
-11
-3
2
-3
-4
-2
14
17
6
0
-10
-18
-22
-9
18
30
18
-10
-18
-14
-10
-3
-1
16
24
3
-15
-3
3
-7
-6
5
16
11
-5
-7
-4
6
4
-13
-7
1
0
0
12
18
-1
-20
-15
5
15
2
4
6
-1
-14
-21
1
11
4
0
8
18
9
-16
-20
-4
15
13
2
0
-8
-10
-9
-3
13
14
-1
-5
-6
-5
4
7
13
-3
-13
-11
-17
-4
9
26
27
-4
-20
-20
-5
10
12
17
10
-3
-13
-11
10
24
2
-22
-28
-10
12
22
19
1
-15
-22
-14
11
19
2
-12
-15
0
16
17
11
-12
-22
-22
4
38
29
0
-19
-30
-14
10
13
11
5
0
-9
-7
1
1
-2
-3
3
8
3
5
-6
-5
-1
-14
-9
10
20
7
-7
4
9
2
-14
-19
4
17
14
1
-16
-18
-19
-5
9
13
15
-1
-8
-2
-2
-3
0
11
13
-5
-14
-10
-4
12
11
7
2
-8
2
12
1
-2
-3
0
0
-7
-12
-11
1
7
2
2
5
4
0
1
5
-4
-10
-8
-7
0
-4
-3
11
15
4
-11
-14
-1
6
5
-2
-6
1
9
8
4
0
-12
-16
-5
4
4
3
2
6
5
-6
-9
-9
3
13
8
5
-4
-11
-11
-5
12
8
-3
-6
1
13
12
1
-7
-7
-14
-15
-1
18
21
5
-15
-23
-6
12
18
17
7
-6
-19
-19
2
10
5
-2
-3
0
2
8
7
0
-4
-4
1
9
3
-6
-8
-5
1
7
9
1
-8
-7
-4
5
11
2
-5
-3
3
0
-8
2
5
-1
-5
-11
-6
2
6
2
6
10
1
-9
-17
-10
3
9
13
4
-3
-5
-10
1
9
0
-1
-4
-4
0
8
7
1
-1
-3
0
0
1
3
3
2
-1
-1
0
0
0
3
1
5
12
3
-7
-13
-9
7
14
6
0
-3
-4
-1
0
4
0
-2
-3
-9
-5
2
6
2
4
6
0
-7
-11
-8
1
12
11
-1
-8
-10
-9
3
10
9
4
-11
-16
-6
2
13
12
0
-10
-11
-6
-1
3
-1
0
-4
-4
-1
1
5
1
-1
1
-1
-5
-2
1
7
9
2
-2
-4
-4
0
9
14
2
-7
-6
-4
2
4
0
-3
-3
-5
-4
2
4
-1
-2
3
5
3
-1
0
3
-2
-7
-7
2
14
5
-4
-9
-3
5
6
11
7
-2
-11
-11
6
17
9
-5
-8
-5
-1
0
2
9
6
-5
-13
-6
0
7
10
7
1
-8
-14
-1
9
9
0
-10
-6
-3
3
9
3
8
2
-3
-4
-6
-1
-1
7
10
6
-1
-2
3
4
2
0
-3
-5
-7
-4
1
5
4
2
1
-4
-1
-1
1
2
-2
-3
-2
3
3
-3
-6
-2
-2
-2
-2
-6
-1
2
3
3
7
2
-8
-12
-6
8
8
0
-13
-8
3
5
6
6
-5
-12
-6
-2
6
6
-5
-8
2
11
12
1
-11
-14
-10
-2
7
16
10
0
-9
-6
1
1
-1
-2
-3
-3
-5
1
5
4
0
-7
-7
-1
3
-1
-3
4
2
-1
5
3
-1
-3
-1
4
5
-1
-10
-11
-6
5
3
1
1
-4
-2
0
2
5
4
-1
-4
-7
-2
5
7
4
-6
-11
-12
-8
6
8
9
5
-5
-10
-9
11
15
8
-1
-16
-10
-3
3
10
12
-2
-15
-15
0
12
13
8
-1
1
4
5
10
8
-5
-17
-14
1
12
13
2
-6
-13
-10
-2
6
11
8
3
-4
-5
-4
1
5
4
0
-1
-5
-5
2
1
5
5
0
-9
-10
0
9
11
9
-1
-11
-11
1
12
10
1
-11
-6
5
13
9
-2
-7
-13
-2
9
18
13
-7
-13
-5
4
15
15
11
7
-7
-8
-4
7
7
-2
-8
-11
1
12
10
2
-7
-10
-10
0
13
8
-3
-11
-15
-2
6
3
4
5
4
-1
-5
-5
-2
-3
-3
-2
2
6
0
-2
-2
-5
-12
-11
-3
6
7
0
-5
-6
0
2
1
4
1
-7
-10
-2
5
6
0
-5
-4
0
3
3
7
6
-1
-7
-4
-2
4
3
-3
-2
0
0
1
6
3
0
0
-1
-4
-2
-1
1
3
-1
-5
-4
-2
1
4
5
-1
-2
-6
-12
-7
0
1
-1
-2
2
7
7
1
-2
1
0
-3
-7
-3
-1
-4
-1
0
5
8
2
-1
3
6
6
4
5
3
1
-1
-5
-7
-3
5
8
6
5
0
-1
-4
-4
1
0
-1
-2
-3
-4
-1
0
2
7
3
-2
-3
0
5
10
10
4
-1
-3
-3
-2
3
5
3
-2
-5
-8
-4
1
0
1
6
5
0
1
3
-2
-2
0
-1
-1
-2
-3
-4
-5
-4
-3
-3
0
-1
0
6
3
1
-2
-7
-6
-4
-1
6
8
6
-4
-10
-8
-1
2
1
0
-3
0
2
5
2
-3
-2
-2
-1
-1
-1
-4
-5
-1
-2
1
5
7
3
-4
-6
-3
1
3
-1
-5
0
7
7
4
-2
-7
-4
-5
0
6
9
4
-4
-5
-1
3
1
-2
-6
-2
8
6
1
-4
-7
-8
1
4
2
4
1
-3
-2
7
8
7
-3
-11
-6
3
8
5
0
-5
-2
4
10
13
10
-4
-14
-5
4
9
8
-2
-11
-10
0
5
7
1
-8
-9
-3
3
4
6
8
2
-6
-4
6
6
-1
-4
-3
-4
1
1
4
4
-3
-5
-5
1
8
4
-4
-7
-6
-5
-1
8
11
7
-2
-10
-11
-1
6
7
2
-2
-3
-2
7
12
6
-6
-16
-12
-1
11
14
4
-6
-11
-3
9
16
10
-7
-22
-20
-4
13
12
0
-13
-16
-6
12
30
22
-9
-34
-30
-4
27
34
15
-11
-26
-23
1
23
20
3
-12
-15
-2
12
15
3
-7
-11
-1
7
9
-2
-15
-12
-4
10
15
10
-1
-10
-9
-5
0
1
1
-3
-1
0
-3
1
1
1
2
1
1
0
-4
-6
-2
6
6
2
1
0
5
5
2
-3
-10
-10
-3
4
6
4
-3
-2
-1
0
2
2
-2
-10
-4
7
13
12
5
-4
-9
-7
-1
5
7
2
-3
1
5
7
-2
-9
-5
2
5
5
6
-2
-7
-8
-2
5
8
6
4
-2
-9
-10
-6
-4
-1
1
1
2
5
1
-5
-3
2
1
3
3
1
-1
0
-1
0
2
-1
-4
-1
3
3
-2
-5
-2
2
1
1
2
-2
-8
-6
-2
2
6
4
2
-2
-1
-2
-5
-7
-5
-4
-2
3
3
3
1
-1
2
0
-1
-5
-6
-3
-2
-1
-3
-7
-3
0
2
2
3
1
0
-1
-2
0
5
3
-4
-4
-3
-1
2
3
2
1
-1
-2
0
2
-1
-3
-2
0
4
3
2
3
2
-3
-3
-4
-2
-2
-3
-1
2
2
2
2
3
4
1
-1
0
2
3
1
0
-3
-3
-1
2
4
-1
-2
3
4
4
1
0
-1
-3
-4
-3
-2
0
4
5
4
0
1
-2
-2
1
-2
-4
-3
0
1
2
-3
-4
0
2
4
1
-3
-5
-6
-6
-3
1
5
5
1
-1
-3
-1
-2
-5
0
3
6
4
3
0
-2
-3
-6
1
7
6
4
3
4
5
1
-4
-7
-5
0
2
2
1
2
1
-1
0
0
3
1
2
-1
0
1
3
4
6
7
6
2
-1
-2
-1
-1
-3
-2
2
3
0
-1
-2
-5
-2
-2
-5
-4
1
2
0
2
-2
-2
-1
-2
-4
-2
0
1
-1
0
-1
-4
-2
3
4
1
-1
-3
-7
-7
-3
-3
-3
1
3
5
6
4
-1
-3
-1
-2
-3
-4
-5
-3
-1
3
4
3
-1
-4
-5
0
5
4
1
2
4
2
-2
-6
-9
-7
0
1
2
3
0
2
0
-5
-4
0
2
-3
-7
-3
0
4
9
7
3
-1
-2
-2
-3
0
2
5
4
2
-3
-4
2
5
8
2
-2
0
-2
-1
-2
-4
-2
-2
1
5
3
1
-1
-4
-4
1
-3
0
5
11
6
-3
-4
-4
0
2
-1
-4
-3
4
2
-3
-1
0
-1
-2
-1
2
7
9
5
0
-5
-5
-1
4
7
8
5
0
2
1
1
0
-5
-3
-1
-1
-2
1
1
-2
1
-1
1
4
3
2
0
-3
-3
-5
-4
0
-2
0
0
1
2
1
0
-2
-2
1
2
-1
-6
-2
4
1
-3
-8
-11
-7
-1
4
6
8
4
-3
-6
-8
-5
-1
3
3
2
0
-1
3
3
-2
0
-2
-1
4
2
-1
-2
0
1
0
-1
-2
-1
-2
0
5
5
7
6
2
-4
-6
-4
1
4
2
0
-1
6
2
0
-4
-3
-1
-1
-1
0
2
1
3
0
0
4
2
0
1
1
1
1
2
0
0
6
4
2
4
0
2
0
1
5
5
5
0
-5
-4
-2
1
6
7
3
-3
-10
-9
-4
-1
0
4
4
0
-2
-2
-2
-4
-3
-4
1
2
2
3
-2
-2
-1
-2
-2
2
3
3
2
3
2
1
0
0
2
6
5
4
0
-2
-6
-6
-3
0
1
1
0
1
2
-1
-1
1
1
-2
-1
-2
0
0
0
5
6
3
0
-4
-6
-6
-6
-3
2
2
3
2
0
-1
-6
-4
-3
-2
0
1
1
0
-1
-4
-6
-1
4
2
3
4
1
-3
-6
-1
-1
-2
0
2
1
1
1
3
3
3
0
-1
-2
-2
2
1
4
4
2
-2
-4
-1
-1
1
4
3
4
3
0
-1
-5
-6
-3
-2
1
4
3
1
3
0
-2
0
3
3
2
1
-1
-3
-1
0
2
-1
-3
-4
-3
-3
0
2
0
-1
-2
-1
-4
-4
1
1
0
-1
2
5
-1
-4
-4
-3
-4
-4
-2
2
5
6
2
1
3
2
-3
-8
-9
-2
5
5
1
1
2
1
-1
2
4
0
0
-1
-1
-1
-3
-2
2
1
0
-1
-3
-3
-2
0
-2
-4
-2
-1
4
6
4
4
4
3
-1
-2
3
6
0
-5
-3
0
1
1
0
0
-1
-3
1
4
3
1
0
0
-1
-4
-2
1
3
4
7
4
-1
-4
-7
-4
-1
0
2
5
7
0
0
2
1
2
-4
-6
-3
0
-3
0
4
3
-1
-1
6
7
0
-5
-2
0
-3
-3
2
6
3
2
3
4
0
0
0
0
-6
-7
0
5
1
-1
-1
3
3
-1
2
1
1
-4
-3
1
3
0
-4
-3
-4
-1
0
-4
1
8
6
-2
-9
-5
-1
-6
-6
4
13
5
-4
-1
1
-2
-4
-1
4
4
-1
3
-1
-11
-12
2
8
0
2
6
4
-4
-9
4
11
6
-2
1
-2
-9
-9
0
1
-6
0
7
5
-7
-6
0
1
-6
1
13
6
-10
-7
2
1
-5
-1
9
3
-13
-9
8
6
-9
-2
14
6
-5
-1
7
-3
-20
-10
7
1
-7
2
8
-3
-17
-9
9
9
-2
1
12
8
-6
-7
2
2
-8
-11
1
11
6
2
4
6
3
-4
-2
0
3
0
-3
0
4
1
-7
0
8
6
-9
-13
-5
1
-6
-8
8
16
5
-7
7
13
-8
-15
7
18
-2
-17
2
19
-7
-24
6
32
4
-25
0
31
-2
-39
-9
38
8
-50
-4
67
15
-73
-36
62
44
-44
-39
47
44
-42
-42
41
44
-34
-38
25
46
-11
-44
-3
26
-3
-30
6
25
-12
-29
3
20
-6
-19
1
21
-1
-16
5
16
0
-13
2
14
5
-6
2
14
11
-3
-6
3
3
-4
-9
2
7
-1
-10
1
13
5
-9
-8
3
8
-2
-9
3
5
-7
-10
9
15
3
-5
4
16
4
-3
4
11
-1
-9
1
12
4
-4
1
6
4
-5
-1
6
1
-4
0
5
1
-5
-3
-2
-4
-4
-5
-1
2
-5
-4
-3
2
4
0
1
3
0
1
-1
-1
-4
-3
2
2
-1
0
-4
-4
0
0
-1
-5
2
3
-5
-8
-1
8
5
-6
-3
6
3
-1
4
12
5
-6
-8
-1
0
-4
0
6
4
-5
-7
1
6
2
-1
1
2
-1
-5
0
2
-5
-7
3
9
3
-4
-3
-2
-1
2
0
2
7
7
1
-6
-5
-1
3
4
1
0
-4
-8
-8
-5
2
7
10
9
2
-4
-11
-16
-10
-5
0
4
3
3
1
1
-4
-1
5
7
3
2
1
-2
-3
-6
-6
-2
3
5
4
3
2
0
-4
-5
-4
-5
-7
-7
-7
-3
-1
-4
1
2
-1
-4
-2
-2
0
-1
-1
1
-3
-6
-7
-3
-3
-3
1
4
4
1
-1
-3
0
3
3
-4
-5
1
4
1
0
2
2
2
1
0
1
1
-4
-5
-1
2
1
0
2
2
-1
-3
0
0
2
2
2
3
0
0
1
-1
1
-3
-7
-3
-2
-3
1
2
2
5
9
8
0
-3
-5
-7
-3
2
3
0
1
1
-2
2
4
0
2
-1
-2
-4
-3
0
1
1
1
2
3
6
2
2
4
3
2
0
2
1
0
0
1
-1
1
-1
-3
-3
-2
-2
-1
-1
-4
2
10
16
6
0
5
4
0
3
8
11
7
-1
-1
4
4
2
-4
-6
-1
5
0
-10
-7
5
8
1
-3
6
7
3
2
-7
-8
-3
-1
-5
2
2
-6
-5
-3
-2
2
3
-3
-1
9
10
-9
-18
10
37
5
-46
-25
22
36
7
-27
-14
3
-5
-2
10
6
-10
-9
4
16
13
0
-12
-6
2
-8
-7
13
34
26
-7
-31
-14
16
18
-2
-23
-21
-11
0
17
21
-2
-30
-21
13
15
-10
-18
-5
-6
-5
-1
4
9
4
-8
-17
-14
0
21
14
-15
-21
-3
12
7
0
-5
-2
-3
-3
2
4
-1
-11
-13
-4
13
17
-4
-18
-12
4
16
7
-7
1
10
-10
-20
0
19
17
-10
-17
0
13
5
-15
-13
8
19
6
-6
-1
7
-2
-4
5
15
12
-8
-8
9
18
9
-10
-19
-10
4
8
4
0
-8
-14
-3
7
14
15
4
1
3
-3
0
-1
-5
-14
-18
-7
1
11
10
7
13
3
-5
6
17
11
-9
-14
-1
10
5
2
-4
1
7
10
11
7
0
-16
-15
-10
-8
4
15
5
-9
-1
11
4
-10
-8
-2
0
2
-7
-1
10
1
-13
-12
-1
10
16
2
-11
-13
-7
10
17
7
4
4
5
8
-1
-6
-3
-1
-4
-8
0
19
21
4
-7
-10
-6
2
0
2
6
3
-4
-11
2
14
6
-11
-19
-7
-6
0
10
4
2
0
-6
5
9
3
2
-1
0
5
11
-4
-13
-6
0
-3
5
4
4
0
-6
4
10
11
-1
-8
4
7
-10
-14
-5
-7
-17
-10
5
5
3
-4
-16
-5
7
2
-4
-10
3
25
2
-27
-14
1
3
-3
18
19
-48
-44
77
94
-61
-133
19
134
72
-68
-158
-35
130
91
-71
-140
-8
137
88
-54
-95
16
110
33
-76
-98
-27
53
39
-4
-18
-2
24
39
41
6
-60
-78
-26
3
-9
5
13
-19
31
101
75
-26
-77
-36
-7
2
-25
-39
-15
57
64
-10
-53
-18
81
64
-37
-97
-25
59
47
-38
-62
-12
47
81
17
-31
-45
-18
3
-5
-24
15
47
72
-7
-88
-56
15
57
-30
-18
71
33
-33
-16
15
7
-44
-83
-35
74
103
20
-25
14
30
-10
-109
-111
5
93
44
-10
-20
29
86
35
-47
-97
-31
9
-21
-61
-2
81
132
88
-20
-38
24
18
-96
-135
-42
45
1
-53
3
104
152
78
-36
-69
-50
-57
-74
-52
-27
24
56
73
62
50
40
-50
-64
-16
16
2
-21
-5
-11
-38
0
38
21
83
20
-29
13
57
54
-50
-63
-76
-34
9
2
26
97
52
-32
-36
3
27
22
51
8
-21
-40
-123
-103
33
137
90
66
37
5
9
-21
-55
-139
-121
-80
12
158
186
79
19
28
-20
-136
-140
-26
29
49
15
-31
32
19
-56
-43
17
66
38
-17
19
-18
-77
-71
-45
63
67
27
4
-1
67
63
-78
-112
-77
-58
6
70
53
-16
-22
-19
-64
-26
52
40
19
64
6
-70
-130
-107
13
50
103
64
86
33
-83
-141
-80
-5
-44
-16
66
108
76
45
-32
-72
-47
-34
11
55
138
43
-30
-110
-172
-32
5
39
51
112
72
-6
7
-33
-38
-65
-102
-64
12
25
41
-17
-23
46
61
43
-46
-6
61
-69
-164
-177
-36
158
139
46
28
36
33
-49
-65
30
-1
-44
-53
-8
91
12
-10
31
23
-9
-162
-67
34
38
68
103
59
-37
-128
-109
-14
3
32
8
84
132
21
-77
-145
-32
31
-20
10
-20
30
24
9
-9
18
21
25
-10
-23
-22
-48
30
-46
-35
7
45
82
-5
27
66
53
-42
-108
-23
37
65
35
-3
3
-17
-52
-15
42
101
36
6
24
6
21
-47
-57
-19
1
50
24
43
100
83
19
-71
-129
-92
3
27
30
57
130
72
-45
-78
-43
25
-84
-109
-15
87
138
63
3
16
27
-27
-53
-43
28
19
-11
-37
-16
56
39
7
7
-16
-56
-38
-65
-8
93
86
8
-26
-38
-22
-34
-36
7
40
56
1
-54
-83
-64
-17
-21
32
102
107
52
-43
-71
-5
0
-95
-91
48
100
28
8
-68
5
23
-118
-109
-9
161
135
32
-37
-86
-23
-19
-60
-72
-31
30
43
15
21
35
52
13
-72
-59
-88
-71
-16
19
85
58
50
-13
-16
44
-26
-83
-57
-15
19
26
29
44
-9
-40
-102
-113
53
99
85
23
-34
68
0
-119
-76
-29
21
33
50
58
50
68
-38
-105
-5
13
-16
-26
-15
3
-12
29
35
9
83
81
-18
-14
-13
-64
-21
-43
-81
13
72
84
52
12
-7
-24
40
0
-74
3
-5
-38
30
-27
-9
111
75
14
-37
7
-20
-82
-57
-58
21
80
-8
1
54
34
-17
-29
45
-48
-77
8
9
65
21
-54
-54
-64
15
-7
-42
43
-16
-20
54
37
72
36
-5
2
-34
-28
-28
7
35
-30
-36
25
-15
10
23
-11
37
16
-15
-20
26
0
-69
-18
21
26
65
39
-23
5
-45
-61
-20
-14
49
67
36
34
6
-29
-43
-53
-54
-82
-53
31
34
68
82
28
23
12
-30
-60
-12
59
10
-73
-77
-121
-96
16
64
105
138
127
22
-30
-72
-169
-112
-7
24
52
78
100
61
-90
-125
-88
-12
58
25
60
78
98
50
-101
-77
-5
-3
26
2
-17
-2
-26
-43
-8
53
99
86
31
-29
-6
-15
-134
-144
-83
-2
97
90
22
62
113
40
-81
-94
9
61
50
2
28
42
-63
-117
-105
-32
90
76
30
59
49
24
-38
-80
-37
33
43
23
33
3
-32
-61
-98
-50
43
71
72
52
17
8
-40
-75
-24
50
52
40
82
5
-43
-26
-69
-58
2
-7
13
60
42
-3
-36
-52
-99
-42
70
67
54
12
-50
-64
-55
-27
-3
89
139
96
25
-52
-135
-147
-91
-24
24
78
123
87
12
-29
-87
-111
-21
13
48
131
90
-9
-66
-75
-37
-40
-51
6
72
83
33
-11
-15
-30
-54
-91
-56
11
32
86
112
52
1
-41
-109
-73
-26
14
35
51
72
52
22
-57
-60
-18
-54
-68
-53
-27
33
37
22
33
42
54
25
-42
-47
-14
4
-41
-49
10
28
47
-4
-65
4
78
22
-33
-18
-6
-18
-28
-48
-55
21
72
41
46
61
64
16
-71
-78
-52
-46
-28
19
19
34
70
33
-2
9
-30
-24
12
-48
-49
8
52
71
47
-18
-31
4
-44
-94
-44
0
6
8
-2
19
63
53
25
16
6
1
-46
-103
-67
-13
-11
7
68
57
19
24
-22
-26
1
-12
2
41
53
11
-35
-58
-81
-52
-21
35
99
57
25
34
6
-35
-42
-27
-25
-19
5
7
36
45
-10
-12
31
46
6
-34
-37
-22
8
-8
-48
0
58
38
8
18
45
55
-3
-65
-66
-39
14
6
-6
11
33
36
6
-12
-24
-2
30
11
-60
-21
26
-10
-51
-47
25
46
68
59
15
19
35
-23
-85
-68
-37
-18
13
39
51
88
60
-28
-43
-21
-20
-19
-18
-12
-1
16
-13
-53
-19
33
61
49
5
-33
-10
-10
-59
-64
-18
32
48
2
-12
23
24
16
-24
-7
29
17
-11
-63
-61
-12
12
4
21
1
12
34
9
-20
-21
3
13
13
-2
25
46
17
-38
-56
-38
-35
-3
-2
-9
12
9
23
44
24
-15
-20
-18
17
41
33
15
-15
-68
-99
-39
12
42
59
62
64
49
7
-28
-44
-71
-46
9
10
-6
-2
5
35
57
33
-11
1
9
-53
-46
4
38
61
56
24
-20
-27
-57
-95
-69
0
35
72
102
40
-11
-30
-49
-47
-26
7
55
61
30
1
-15
-43
-72
-59
-6
66
102
53
-15
8
28
-20
-68
-92
-57
31
43
23
22
29
21
-38
-82
-52
24
64
42
-11
-2
6
-22
-43
-50
-12
33
20
0
16
19
9
-8
-31
-23
11
40
-6
-40
-8
7
3
6
8
11
22
-5
-27
-15
25
40
34
35
30
12
-20
-37
-52
-56
-34
14
42
56
63
49
-13
-47
-35
-38
-15
30
35
12
30
26
-40
-94
-62
-3
27
45
56
66
49
-9
-78
-86
-41
-9
-5
15
69
90
53
-9
-57
-73
-65
-41
-7
34
65
64
20
-10
-22
-7
15
-16
-23
-17
-9
-12
-3
13
21
35
21
22
7
-14
-31
-56
-53
-7
25
18
25
36
23
-12
-31
-42
-21
7
-3
-6
15
43
27
-12
-38
-22
-13
-16
-7
1
14
16
14
15
16
12
2
-16
-24
-30
-22
-1
4
18
7
-5
17
20
-8
-27
-15
-1
-14
-7
6
17
51
27
-25
-31
-12
-24
-53
-36
16
38
47
39
21
18
-9
-45
-59
-46
-28
-4
28
35
33
24
-10
-21
-16
-11
2
2
12
24
6
-6
-26
-22
8
2
-1
3
14
20
12
-7
-10
13
19
-3
-17
-5
-10
-31
-46
-32
-2
28
44
30
18
8
-25
-47
-47
-27
8
33
59
56
26
-1
-43
-60
-44
-23
13
59
66
56
27
-9
-38
-59
-55
-37
14
49
52
57
41
3
-36
-49
-44
-21
2
12
24
46
44
16
-19
-26
-18
-15
7
19
15
18
5
2
6
1
-15
-29
-13
0
0
11
30
13
-13
-17
-11
-6
-6
1
-3
7
15
2
7
2
-14
-19
-11
-7
-5
-6
2
21
31
23
0
-2
-6
-24
-27
-20
2
19
22
20
4
-11
-25
-37
-5
29
23
8
4
1
-4
-9
-17
-22
-12
12
15
14
14
7
4
2
-12
-28
-26
-5
6
6
12
14
1
-8
-21
-16
4
8
11
8
5
19
21
-2
-18
-17
-9
-7
-16
-8
6
7
15
10
2
1
6
-2
-11
0
3
-9
-9
-20
-30
-11
8
13
8
13
12
9
1
-18
-17
-6
-5
-7
-6
0
14
9
-6
1
8
12
0
-12
-8
-6
-12
-10
7
19
21
14
4
0
-3
-2
0
-5
-3
0
-4
-2
6
5
-4
-7
-3
8
3
2
1
5
14
12
1
-13
-11
-10
-11
2
20
19
4
-5
-6
-5
0
0
-3
0
4
2
-9
-14
-12
-3
5
6
-3
-1
10
4
-6
-5
5
13
4
-8
-12
-2
4
-1
-5
8
19
15
4
-10
-11
-5
-3
-3
4
9
1
1
5
11
13
5
7
9
4
-3
-20
-36
-14
-1
3
5
0
4
10
11
0
-11
-3
2
-3
10
13
0
-11
-14
-7
-7
-4
3
8
16
19
4
-2
-2
-8
-11
-9
1
7
16
14
1
-4
-3
-4
-9
-11
-2
7
16
17
2
-4
-7
-14
-16
-10
-4
2
12
18
9
-3
-8
-16
-13
2
5
12
12
11
7
-5
-12
-6
-7
-14
-6
1
13
17
-2
-8
-1
1
-1
-10
-8
-6
2
12
5
6
4
-9
-15
-7
-4
3
17
19
15
10
-1
-12
-16
-16
-9
-3
4
12
8
1
1
3
1
-8
-10
3
4
6
4
0
3
1
-5
-10
-5
12
11
0
-1
-2
3
5
0
-7
-11
-8
-1
5
6
7
6
4
0
-3
1
2
-2
-2
-7
-8
4
7
2
-2
2
3
0
0
-1
3
6
3
2
6
3
-2
-5
-1
1
-3
0
1
4
4
-1
2
4
3
1
2
-1
-5
-5
2
7
6
6
-4
-2
-2
-9
-6
-1
5
5
5
1
3
4
-3
-8
-5
2
3
1
2
5
3
-8
-10
-3
-2
-3
-2
3
8
11
5
-2
-5
-6
-6
-5
0
0
-3
-5
-2
1
2
-2
0
2
1
3
-1
-4
-1
-3
-5
-4
1
-3
-9
-2
6
6
3
-1
1
3
-4
-8
-3
0
-1
-5
-4
4
9
0
-4
-3
1
-1
-4
-4
-3
5
9
4
2
4
-1
-6
-7
-3
-8
-9
-3
4
13
16
8
2
-2
-8
-9
-7
-3
8
9
0
-6
-4
1
1
0
1
5
6
0
-4
-6
-3
1
-1
-5
-1
5
8
5
-1
-6
-3
-3
-3
-2
5
12
9
4
-2
-3
-10
-9
-9
-3
6
7
5
6
6
6
-3
-14
-9
4
5
1
1
5
6
-1
-1
-4
-5
-5
-7
-1
7
15
13
5
-3
-7
-9
-13
-10
-2
-1
0
8
11
6
0
-3
-5
-7
-7
-5
-1
1
3
5
4
4
0
-5
-4
-4
-6
-6
2
9
10
3
-3
-3
1
7
3
-1
3
2
-5
-10
-5
0
4
2
4
14
20
13
1
-8
-8
-10
-10
-7
-2
5
8
0
-7
-5
0
3
-1
-3
-1
0
-3
-10
-8
-3
2
3
8
13
11
6
2
-2
-3
-5
-5
-6
-4
0
7
8
4
4
3
-2
-3
-1
0
-1
-3
-2
1
4
9
9
0
-2
2
-3
-7
-7
-4
-3
0
3
6
5
2
1
-1
-1
3
4
-2
-4
-6
-4
3
2
-3
-1
1
5
1
-3
-4
-1
4
4
4
0
-6
-7
-7
-5
2
6
1
0
2
3
1
0
1
3
4
0
-2
-2
0
2
0
-3
-3
0
-2
-3
-2
-4
1
1
0
1
1
-1
-1
-4
-7
-7
-5
-3
-2
0
0
-1
2
3
5
6
7
6
1
-2
-2
-4
-3
-4
-3
-1
5
6
0
0
-1
1
-4
-5
-4
-6
-5
-2
-1
-3
-1
0
1
2
0
-2
-1
-5
-5
1
2
4
4
2
1
-1
-7
-4
0
1
3
4
5
7
7
0
-3
-4
-8
-11
-9
-1
2
5
5
7
7
1
-3
-5
-1
2
-1
-4
2
5
1
3
6
2
2
2
0
2
2
-1
-1
1
2
5
5
1
-4
-4
-3
-1
1
0
-4
1
1
1
1
1
1
-1
0
-1
-4
-1
5
5
6
5
2
-2
-1
-1
0
1
-1
1
1
0
-1
-4
-6
-5
2
5
6
0
0
-4
-8
-4
1
8
7
2
0
1
0
-3
-4
1
1
1
0
1
2
0
-3
-1
2
6
4
1
1
-2
-2
-2
3
6
2
3
3
2
3
2
2
1
0
-1
0
3
3
2
1
-7
-10
-9
-3
1
-1
-1
-1
-3
-3
-6
-2
4
2
0
1
3
4
3
0
-4
-8
-5
-5
-3
1
0
1
2
2
2
-4
-8
-8
-5
-2
3
7
4
-3
-5
-4
-1
1
3
3
3
-1
-4
-4
-4
2
6
5
2
0
-3
-5
-5
-2
3
6
6
3
1
-1
-2
-5
-6
-3
-1
0
-3
-3
-3
2
4
3
2
1
2
2
0
-1
-1
-1
-1
3
2
0
3
3
2
-2
-1
-3
-4
0
5
6
2
-1
-2
0
0
1
0
1
4
-1
-5
-6
-4
1
2
3
5
7
3
-1
-1
-1
-1
2
0
-2
0
-1
-2
-4
-3
1
3
3
3
5
1
-5
-4
-5
-2
2
4
1
-1
-1
2
3
3
0
1
3
2
1
-1
-3
-3
1
2
2
1
0
-1
-3
-3
4
3
1
-2
-7
-8
-5
-3
0
3
3
0
0
-1
-5
0
0
2
3
-2
-2
-3
-8
-3
-2
1
3
1
-1
0
0
-2
-2
-2
-2
0
0
1
1
2
2
1
-2
-2
-2
-4
-6
-5
-2
2
2
-1
2
2
0
1
1
2
3
-1
1
-1
-3
1
2
1
0
0
-1
0
1
1
-1
1
3
5
6
3
0
-5
-8
-5
-3
-2
3
7
4
1
-4
-4
-1
-3
-1
1
1
4
6
6
2
0
-1
-2
-2
-2
2
4
6
6
6
1
-1
-3
-4
-3
-3
1
0
-1
-4
-4
-4
0
1
2
2
1
-1
-4
-4
-3
0
7
8
4
-1
-3
-2
-4
-1
2
1
3
3
2
2
-2
-7
-8
-4
-2
4
1
-2
0
0
-1
-2
-1
1
1
-1
-4
-4
-1
-1
-3
-2
0
1
0
0
2
3
0
-1
1
4
2
1
4
2
1
0
-2
0
-1
-2
-3
1
5
2
1
4
5
5
0
-4
3
7
2
-1
-6
-5
-1
-2
-3
-1
1
5
2
2
1
0
-1
-3
0
3
6
3
2
-2
-2
1
1
1
-1
0
2
3
-1
0
2
6
5
1
-1
0
1
-2
-5
-1
2
3
0
-3
-1
-1
-2
-1
0
-1
-2
0
1
4
3
1
2
0
0
-2
-4
-2
2
3
2
-1
-5
-5
-1
0
-1
-1
-3
-2
1
1
0
1
4
4
1
-2
-2
-3
-4
-3
-1
1
5
4
-1
-1
-3
-4
-3
-2
0
2
1
1
1
1
-2
-2
2
2
1
2
4
1
-1
0
0
3
1
-3
-4
-2
0
2
3
5
3
1
-1
-4
-7
-6
-5
-3
-1
-1
0
-1
-1
-1
0
2
4
1
-1
-1
2
1
-1
-4
-2
5
4
1
2
4
4
0
1
2
1
-1
-7
-10
-7
0
2
2
3
6
5
2
-1
-3
-2
-2
-3
-3
3
2
0
-4
-4
-1
1
5
5
4
1
-3
-5
-4
-3
0
5
4
1
1
4
4
1
3
1
0
-2
-2
-3
0
4
5
2
-1
-1
0
3
3
3
4
3
0
-3
-5
-2
1
3
3
0
0
2
0
-4
-4
-3
-2
-1
1
1
2
3
0
1
-3
-5
-5
-3
0
0
3
4
3
0
-2
-3
-2
-3
-3
-3
0
0
-1
-1
0
-2
-3
1
2
4
5
0
-3
-6
-3
0
0
1
0
0
0
0
-1
0
-1
1
2
3
0
-3
0
-1
-2
0
-2
-3
-3
-2
-2
-1
2
-2
-1
1
2
0
-4
-2
0
2
3
-1
-5
-7
-3
-1
1
3
2
-2
1
2
5
6
5
3
-1
-2
-3
-3
1
2
1
3
-1
-1
-2
-2
-1
-1
2
3
3
1
0
1
-3
-3
1
4
4
0
-4
-5
-5
-4
1
5
5
4
3
1
-6
-4
-4
-3
1
5
5
1
-2
-1
-2
-2
1
3
2
3
2
-2
-1
-4
-6
-2
0
-1
-3
-1
2
1
2
2
3
2
0
1
2
0
-1
0
2
4
3
4
4
1
-4
-5
-1
-3
-3
-3
-2
1
2
-2
-5
-1
-3
-2
0
3
3
1
0
-4
-3
-1
-3
-1
-1
-1
-1
0
-1
-3
1
1
-1
0
1
2
5
5
-1
-8
-8
-3
0
5
5
3
1
-4
-8
-7
-1
2
4
7
6
0
-5
-7
-5
2
6
7
7
5
0
-1
-3
-5
-5
-3
1
4
3
4
4
2
-2
-4
0
3
4
2
5
7
5
-1
-5
-2
1
2
-2
-3
0
2
0
-3
-3
-3
0
2
3
1
-1
0
0
0
-1
-1
1
4
4
2
-1
1
4
2
0
1
5
2
-3
-6
-5
-3
-3
-4
0
1
0
0
1
5
3
-1
-4
-3
-4
-1
2
2
2
0
1
-3
1
1
-4
-5
-6
-5
-1
2
2
3
2
0
0
2
1
-1
-1
1
2
1
1
-2
-2
-2
-2
1
4
4
2
-1
-2
0
-3
-4
1
6
7
6
4
0
0
-2
-6
-5
-1
-2
-3
0
4
5
3
3
2
1
3
0
0
1
-2
0
-3
-3
1
4
6
7
3
0
-3
-3
-3
1
5
5
4
0
2
-1
-3
-2
1
4
3
2
1
-1
-3
-3
-1
-3
-3
-2
-1
0
2
5
2
3
0
-2
-2
-2
0
-1
-2
-1
2
1
-1
-2
-2
-4
-5
-3
-3
1
2
-1
-3
1
1
1
1
1
-1
0
-3
-2
3
1
-2
-3
0
2
-2
-1
0
-1
-2
-2
-3
1
1
-1
0
3
4
1
0
0
-1
-2
0
-1
-1
2
2
1
-2
-2
1
1
3
2
2
3
-1
-1
-3
-3
0
3
4
6
5
0
-3
-3
-2
2
2
1
3
0
2
4
5
3
-1
-2
-2
-2
-3
-3
0
-1
-1
0
2
2
2
1
1
1
0
-2
-2
-1
0
1
0
2
3
4
3
0
-3
-4
-4
-3
0
1
0
-2
-2
-1
0
0
2
5
5
5
4
3
0
-3
-3
0
2
3
1
0
0
0
-1
2
4
4
2
1
2
4
3
2
-2
-3
-1
2
0
1
-1
-1
1
5
2
-3
0
-2
-1
-1
-1
1
2
1
-3
-4
-2
-2
-5
-6
-2
2
2
-2
2
3
1
0
-6
-5
-6
-5
-3
-2
1
5
6
4
0
1
1
-1
-3
-3
-2
-1
1
2
-2
0
2
1
-1
3
5
1
-1
-4
-7
-3
1
-2
-2
0
0
0
-2
2
1
-2
-2
0
2
-3
-5
-3
2
5
4
0
-3
-1
-1
-1
-2
-2
0
-3
-3
-2
-1
0
1
2
1
0
0
0
-2
-1
-1
0
1
1
1
0
-2
-1
0
0
1
2
1
-3
-6
-5
-1
4
2
4
6
2
-3
-4
-2
-2
0
1
2
3
3
1
-3
1
2
1
-1
2
3
-2
-5
-3
-1
1
4
2
-2
-3
-4
-2
0
3
3
2
2
4
1
-4
-4
-2
1
2
3
4
4
4
1
0
2
3
0
1
0
-1
-2
0
-2
0
0
-3
2
2
4
4
1
1
0
0
-2
-3
1
3
3
2
0
-3
-3
1
0
0
1
3
3
2
1
-1
-1
-1
1
1
-3
-3
-3
-1
1
2
1
-3
-3
-1
-1
-1
-1
0
0
2
0
-2
0
-1
1
1
0
-1
1
0
-3
-4
-2
-1
-2
-1
2
0
0
-3
-3
-1
0
-1
1
3
0
-3
-4
-2
1
3
1
3
2
2
1
-2
-2
-2
-3
-2
0
4
4
2
0
-1
1
0
3
3
3
2
-1
-3
-4
-3
-2
0
1
1
0
4
1
-1
-3
-4
-5
-1
5
4
4
3
0
-2
-3
-6
-4
0
0
3
3
0
-2
-3
0
-1
2
2
-1
-3
-1
2
1
2
0
2
2
0
3
3
0
1
1
3
2
2
1
-1
-1
-2
-1
1
0
0
-2
-3
-5
-3
-2
-1
2
6
5
1
-2
-6
-5
-4
-2
1
0
0
-1
0
1
1
0
0
-1
0
1
0
0
1
1
1
1
0
0
-1
0
-2
-4
-3
-2
1
-1
-2
-1
-1
-1
1
0
-2
-3
-3
-4
-3
0
1
5
4
2
-1
-3
0
-3
-3
0
2
4
1
-3
-4
-2
-2
0
0
0
0
0
1
-1
3
4
0
-2
-3
-1
0
4
5
5
3
0
-4
-6
-3
-1
3
6
7
5
2
-1
-5
-4
-3
-4
-1
3
1
-1
-2
-2
-1
-2
2
0
0
1
0
1
3
4
3
2
1
3
3
0
-2
-2
0
-2
1
1
2
4
2
-2
0
2
-2
1
3
2
2
-1
-5
-5
-1
1
4
4
4
2
1
-4
-3
-1
0
-3
-5
0
0
0
0
1
3
4
1
-2
-6
-4
0
-1
0
-2
0
1
1
1
1
0
-2
1
1
0
2
3
2
-2
-5
-4
-2
2
5
1
-1
-1
0
2
-1
-1
0
0
5
4
1
-2
-1
3
0
-2
1
3
0
-1
1
-1
-1
-1
0
-1
-1
-1
-2
0
4
5
3
-2
-4
-2
4
3
0
-1
-2
-3
-4
0
0
1
2
-1
-1
-5
-3
-1
-3
-4
0
0
-2
0
2
4
5
5
-1
-3
1
3
0
-2
1
0
-1
0
2
3
3
2
1
0
0
0
1
1
-2
0
-1
2
1
0
-3
-1
0
2
1
-1
-4
-6
-1
-1
-2
1
5
1
-2
0
1
3
4
0
-2
-4
3
6
3
2
2
3
1
0
0
0
-2
-4
-3
-1
1
0
1
3
-1
0
0
0
-1
-1
-2
-3
-1
1
1
3
2
-1
-1
0
0
-1
-4
-2
0
0
0
-1
1
2
4
4
2
1
3
3
-1
-4
-1
5
1
3
4
4
3
2
-1
-3
1
4
3
-2
-4
-4
0
1
-2
2
1
-3
-3
-1
0
2
2
3
3
1
2
-5
0
2
0
-1
3
0
-3
-2
-5
-3
-2
-3
-2
-1
-1
0
2
2
0
-1
1
2
-1
1
2
-1
0
3
3
2
-3
-4
-4
-3
0
-4
-6
-2
0
1
2
4
3
4
1
-1
0
1
0
-3
-4
-1
3
3
0
-1
-2
-1
-3
-1
-1
-1
0
-1
-2
-1
1
2
3
2
5
4
-1
-4
-4
-3
-3
-2
1
2
2
2
1
3
3
0
1
4
3
-1
-5
-4
-1
2
3
6
4
0
1
-1
-2
-1
-1
-2
-4
-3
-3
-2
1
2
4
2
-2
0
1
-4
-3
1
1
0
1
1
0
1
-1
1
3
3
2
-2
-4
-1
-1
-3
0
4
5
5
3
-2
-4
-5
-7
-2
4
8
7
4
2
-1
0
0
2
3
0
-1
-2
-4
-3
-1
3
3
-3
0
-1
0
-1
-2
1
-1
-1
-1
-3
-6
-2
0
0
-1
-3
-2
-3
-4
-2
3
4
2
-1
2
0
-2
-3
-4
-2
1
1
-2
1
-3
-2
1
6
3
-3
-5
-5
-8
-6
-3
0
0
-1
3
2
-1
-5
-1
3
7
9
15
11
2
-5
-11
-10
-4
1
5
7
5
1
-6
-4
-1
2
0
1
2
-2
-1
-1
0
-3
-3
0
2
6
5
1
1
2
-2
-2
-2
0
0
-2
0
0
4
2
3
3
2
2
3
0
0
1
-2
-6
-3
4
5
2
0
1
0
-3
-6
-7
-5
-2
2
1
-1
-2
-3
-3
-2
0
5
3
-3
1
0
-2
-2
-1
1
2
5
1
-3
-2
-3
-5
1
7
6
4
1
-3
-9
-6
-3
1
3
5
3
0
-2
-6
-4
-2
3
2
-3
-3
-1
1
6
8
5
3
-4
-7
-2
1
3
3
0
2
-2
-5
-5
-2
4
7
5
4
2
1
-4
-6
0
3
3
2
1
0
1
0
-1
-1
2
2
-2
3
0
-2
-2
-4
1
7
9
6
1
0
-1
-1
0
-1
1
3
-1
1
3
1
0
-5
-4
-2
0
0
1
0
0
0
-4
-3
0
1
1
3
5
2
-3
-7
-6
-2
2
2
4
-3
-5
-1
-4
-1
1
3
-1
-1
-1
-2
0
1
1
1
0
0
1
-6
-4
-3
-4
-3
1
4
1
-3
-3
-3
0
1
2
3
4
3
-1
-2
-1
4
4
4
1
1
1
0
-1
0
1
0
3
2
2
3
2
1
0
4
2
0
-2
-1
-1
-1
2
3
1
0
-2
-3
2
3
1
-1
-1
-1
-3
-1
-1
0
1
-1
-2
1
0
-2
-4
-8
-3
1
-2
0
2
6
5
2
0
-3
-4
-3
-1
1
-1
2
4
1
4
0
-3
-2
-3
-2
-1
0
-3
-2
-5
-4
4
6
2
0
6
4
2
-1
1
1
2
0
-2
-3
-1
3
1
0
-1
0
-6
-7
-6
-5
2
3
0
-2
1
-4
-4
-6
-6
0
0
-2
-3
1
1
0
0
-1
3
3
0
-5
-2
0
-1
-1
0
0
0
2
-1
5
6
1
0
-4
-3
-2
-5
0
1
3
5
4
2
0
0
1
-2
-4
-4
0
2
0
2
4
3
4
0
0
-2
-1
-3
-2
3
1
-2
-2
0
3
4
0
-3
-4
-7
-6
-4
3
5
2
-1
-1
3
3
4
6
5
-2
-4
-5
-1
2
-3
-4
-3
1
2
2
4
2
0
-3
-9
-4
1
-1
4
8
5
0
-3
-5
-5
-3
0
5
5
1
-1
-5
-4
0
2
4
7
5
1
-3
-7
-4
-4
-1
4
7
5
6
2
-1
-4
-6
-4
1
2
3
5
2
-6
-7
-6
-5
1
3
1
3
5
-2
-2
-3
-1
3
4
3
8
6
0
-2
-4
-1
1
6
10
6
-2
-6
-4
-4
-5
0
4
5
7
0
-3
-2
-1
-1
-3
1
1
5
3
-1
1
-3
-8
-2
-2
2
8
0
-2
-4
-6
-7
-5
2
4
5
0
-2
-6
-6
-4
-1
2
4
5
4
4
-4
-7
-6
-3
0
5
6
2
2
-1
-3
-1
2
0
3
8
5
1
0
-5
-6
-3
-2
4
7
10
9
4
-6
-12
-10
-9
-2
8
9
11
6
1
-7
-9
-5
-4
0
3
9
10
2
-4
-4
-1
0
2
6
7
5
0
-5
-4
1
-1
-3
-4
1
1
2
0
0
1
1
2
1
-1
1
3
0
1
2
2
1
1
3
1
-1
-2
-4
-3
0
3
2
2
2
1
-4
-6
-1
0
-3
-5
-1
3
3
4
3
0
-1
-2
-3
-2
1
4
0
0
3
2
-3
-6
-1
2
3
4
2
0
-1
-4
-7
-2
0
1
4
4
2
4
0
-3
-2
-3
-1
-2
0
1
1
0
0
-2
-5
-1
1
1
0
-1
-3
-5
-1
0
-2
0
2
-1
-2
-3
-3
-3
0
3
4
7
8
2
-5
-6
-2
1
3
7
5
1
-2
-6
-6
-2
2
6
5
7
6
4
1
-6
-2
-1
0
1
2
3
-1
-2
-3
-2
-2
2
4
8
8
1
-6
-10
-8
-5
0
8
11
8
2
-4
-10
-9
-6
0
1
2
5
5
-1
-5
-4
-1
0
2
3
1
-1
-8
-6
3
3
3
-1
-1
-3
-5
-1
-2
-1
-2
-3
1
8
5
0
0
-1
-3
-2
1
4
2
1
-2
-6
-3
-1
-2
-1
3
3
4
3
-2
0
1
0
-4
-4
0
1
-1
-1
1
0
2
2
2
1
3
2
-1
0
2
1
-1
-1
-2
-4
-1
0
1
1
0
0
-2
-2
0
-1
-1
1
0
0
0
2
0
-3
-4
-7
-4
-1
2
3
2
2
2
3
3
1
0
-1
0
1
0
0
-1
4
5
4
2
1
-4
-7
-7
-7
-1
1
4
2
-2
-1
-1
1
2
5
3
-1
-7
-5
1
1
0
-1
0
0
-3
-2
1
4
5
2
0
0
0
-3
-4
-1
-2
0
1
-1
-3
0
1
-1
2
2
2
0
-3
-4
-3
-2
1
2
2
1
4
2
3
0
-4
-5
-4
-1
2
4
6
5
5
0
-2
0
0
-2
-2
0
1
3
1
-3
2
1
0
-1
-3
-3
-4
-3
-2
0
1
1
1
0
1
-1
-3
-3
0
-2
-3
0
2
3
4
4
0
2
3
0
0
4
1
1
0
-2
-3
2
2
0
2
2
-1
0
2
5
4
2
3
2
0
2
0
0
1
4
1
-1
0
1
1
-2
-3
-4
-4
-2
0
1
-2
0
1
4
3
-1
-1
0
-2
-3
-1
1
1
1
-4
-2
0
0
2
1
3
0
-1
-6
-6
-2
-1
0
-2
0
1
-2
-4
-3
-4
-1
1
1
1
-3
-3
-2
-2
2
2
0
2
0
-2
-1
-3
-1
-3
0
0
3
10
9
3
0
-1
-1
-1
-2
-3
-2
1
5
4
4
1
-1
-2
-6
-4
-2
-2
1
3
2
-1
-1
-1
-3
0
4
5
3
0
-4
-3
-1
-3
-1
-2
2
3
1
-2
-5
-3
-1
-1
-2
1
2
3
-1
-1
0
-1
-2
-3
-1
2
1
-1
1
3
4
1
-3
-1
3
5
1
-3
-4
1
2
-3
-2
4
6
2
-3
-3
-1
-1
-2
1
4
4
2
0
0
-2
-2
-1
2
6
8
5
1
-2
-7
-5
0
6
7
3
3
-2
-3
-2
0
3
3
0
-1
1
1
1
-5
-6
-4
2
6
3
5
2
-2
-1
0
0
5
5
1
3
3
0
-1
-1
0
-4
-5
-3
-4
-1
4
-1
-1
0
0
-2
-4
0
5
3
-1
-5
-6
-5
-2
2
7
7
5
3
-3
-3
-4
0
2
4
5
4
2
-6
-11
-12
-10
-4
4
11
9
5
0
-4
-7
-7
-3
2
5
5
1
-2
-2
-3
-1
0
1
3
4
-2
-4
-6
-8
-4
1
4
5
7
7
4
-2
-8
-8
-3
-1
0
-2
-1
1
0
-2
-1
1
3
1
-1
3
2
-2
-5
-4
1
3
3
3
1
0
-2
-2
-1
0
5
3
0
3
4
0
-5
-6
1
4
5
2
1
1
-2
-1
1
-1
-2
-1
3
2
0
-1
1
1
-3
-4
-2
0
1
1
2
0
0
-1
0
2
5
5
0
-1
-2
-2
-4
-3
-2
-4
-1
0
-1
3
4
0
-2
-1
0
1
2
4
1
0
-3
-7
-2
3
5
4
5
2
-3
-5
-5
-6
-3
3
5
8
4
-4
-7
-7
-3
1
4
4
4
3
-2
-6
-2
0
0
1
5
3
2
-3
-7
-7
-7
0
3
5
7
5
1
-2
-5
-3
-2
1
5
8
9
2
-4
-3
-4
-5
-4
0
5
6
3
-1
-2
-2
-4
-1
2
4
3
-1
-4
-3
-6
-9
-4
1
5
7
4
-2
-4
-2
-4
-7
-5
2
6
3
-2
-1
-2
0
4
5
3
1
3
-3
-4
-5
-7
-2
1
2
4
5
3
1
-1
-2
3
3
3
-1
-5
-4
-1
0
-3
-1
3
3
1
-1
1
0
-3
-2
2
2
0
0
0
-1
0
0
-2
-3
1
1
1
4
0
0
0
-2
-2
1
-2
-3
-2
-2
0
6
6
4
3
1
0
-2
-3
-3
-1
1
3
1
0
2
0
-1
-2
-1
-3
-4
-1
2
3
5
5
1
-2
-3
-3
-2
2
4
2
0
-1
-1
1
1
0
-1
0
-1
-2
-3
-2
-3
-3
-3
1
7
6
3
-1
-4
-8
-9
-11
-8
1
4
3
2
1
-2
-4
-5
0
3
5
3
0
-3
-1
-2
-2
0
0
1
3
6
3
-3
0
0
-3
-2
2
1
3
4
2
0
-1
-1
-1
0
1
4
6
4
4
4
1
1
2
0
1
0
-2
-3
-3
-2
-3
1
6
9
8
5
3
-2
-5
-3
-3
-2
-2
-1
0
-2
0
0
1
2
3
3
4
1
-3
-5
-6
-5
-2
-1
-1
2
4
1
-3
-4
-4
-5
-2
-1
-3
-4
-3
-2
1
2
2
-3
0
4
3
0
-2
-3
-1
-3
-3
0
4
6
6
4
2
0
-2
-2
-1
0
2
5
5
2
-2
-7
-8
-1
5
3
2
3
-2
-1
-2
-1
2
4
3
3
8
6
0
-3
-4
-2
0
0
-4
-3
-2
1
0
2
3
2
1
-2
0
2
0
-2
-2
0
3
3
2
1
-1
3
3
2
1
0
0
-2
-3
-4
-1
-3
-3
-3
-2
1
4
5
3
2
-2
-5
-3
0
0
1
3
0
-1
-1
-1
-3
-2
2
0
1
0
2
-1
-5
-5
-6
-3
-1
-1
0
1
1
-2
-3
0
1
4
6
6
1
-3
-1
-1
-1
1
2
1
1
-1
-1
-2
1
2
-1
-1
-1
0
-1
-3
1
0
1
1
1
2
3
0
-2
-4
-3
-2
-2
1
2
3
1
1
-1
-1
2
2
0
-2
-3
-3
-1
-3
-2
0
3
6
4
1
-1
-2
-2
-4
-2
0
-1
-4
0
2
4
1
0
0
-1
-1
-3
-4
-2
0
-3
-2
-1
1
2
1
-2
-4
-6
-7
-4
-3
-1
1
0
2
2
7
5
0
-2
-2
1
0
-1
0
4
3
3
1
1
4
0
-3
-2
-1
2
5
3
-1
-4
-6
-8
-2
6
6
8
9
6
5
1
-1
-5
-6
-3
-1
0
0
-1
2
3
-1
2
1
2
6
3
2
-1
-1
-4
-2
0
3
4
3
-1
3
4
1
5
8
7
6
2
1
4
1
2
-2
-3
2
2
2
-1
-5
-5
-3
0
2
4
3
3
0
-2
-3
-5
-5
-4
1
5
4
2
-1
-4
-4
-3
2
2
0
1
0
-3
-4
-3
0
2
1
-2
-4
-2
2
2
-1
-1
1
2
0
2
4
-1
-5
-9
-3
-2
0
1
1
1
4
0
-3
-4
-6
-5
-4
1
2
-3
-3
0
-1
1
-1
-2
-1
-3
-3
-5
-1
-2
-3
-1
-2
0
0
-5
-6
-3
-1
-2
-2
1
0
1
5
1
2
-1
-2
0
-1
0
-1
0
-2
0
3
-1
0
-1
-1
-1
-1
-3
-1
3
4
3
1
1
0
2
1
0
2
5
3
2
1
-2
-3
-4
-4
-2
1
0
1
2
3
3
2
1
1
-1
0
-2
-4
-6
-5
-1
4
6
3
3
3
3
-1
1
-3
0
4
5
1
-2
-3
-2
-3
-2
2
4
5
2
1
0
-1
3
0
-3
-6
-2
3
4
2
0
4
6
3
3
4
1
-2
-5
-4
0
1
3
2
1
1
-2
-2
-3
0
2
1
0
0
0
-1
0
-2
-1
-2
-1
0
2
-1
-3
-2
0
0
-2
-1
-1
-1
-2
-3
0
4
7
7
5
4
4
3
0
-3
-3
0
2
-1
0
2
2
1
-1
2
5
3
-1
0
1
5
5
0
2
3
2
1
0
1
3
-1
-3
-2
2
4
4
2
0
1
0
1
0
0
-4
-4
-1
-1
2
3
2
-2
-5
-4
-1
0
0
3
6
4
0
-1
-4
-5
-4
-3
-2
0
-2
-3
-2
-2
-4
-4
-3
0
3
4
1
1
-1
-4
-4
-3
0
6
3
-2
-7
-7
-6
-5
0
0
-1
0
-1
0
1
-1
-1
1
1
2
2
-1
0
0
-4
1
0
3
1
-2
-4
-5
-5
-6
-4
-2
1
1
2
1
0
-1
-4
-2
0
0
-1
-1
-2
3
5
6
5
1
0
0
-3
-3
-3
-3
-1
1
3
0
-1
2
2
4
0
-2
-4
-3
-2
2
0
-3
-2
0
2
2
2
0
0
1
0
2
5
4
1
0
-2
-3
-6
-5
-3
-5
-6
-7
-4
1
5
5
-1
-4
-1
-1
0
0
0
1
-1
-1
-1
-3
-2
-2
3
4
3
3
1
-2
-4
-4
-1
0
2
4
3
4
1
-3
-3
-2
5
1
-2
1
1
-1
-1
0
1
4
1
-1
-3
-1
0
1
5
6
5
1
-1
-1
1
0
-1
-2
-1
2
1
-1
-2
-1
1
2
0
-1
-3
-6
-3
0
3
5
4
1
2
2
1
1
1
-1
-2
-3
-5
-2
0
0
0
0
1
0
0
-1
-3
-2
0
2
3
4
3
-1
-1
0
4
5
0
-1
-1
-2
0
0
-2
-1
3
4
2
0
2
3
1
1
2
2
2
0
-1
0
-1
3
3
2
0
-1
-3
-5
-3
0
2
1
0
0
3
1
-2
-1
-1
2
0
-3
-1
0
-1
-1
-3
-4
-2
0
1
0
1
0
0
0
1
1
1
-1
-2
-1
-3
1
0
1
0
-1
2
3
1
2
4
4
0
0
-1
0
1
1
2
0
-1
0
1
0
-3
-2
0
0
1
2
5
0
-2
-1
1
3
0
-1
-1
-2
-1
2
2
-2
0
1
-1
-1
1
2
0
3
1
-1
-2
-2
-1
-2
-4
-7
0
2
2
4
1
1
-2
0
0
2
1
-2
-1
-2
0
1
4
3
0
-3
-3
1
4
2
-1
-1
1
2
1
2
4
2
2
0
-1
-2
-6
-6
-5
-1
2
5
5
3
-1
-4
-7
-7
-5
-5
-1
-2
-4
-3
-3
-2
1
4
3
-1
2
-1
-3
-5
-5
-2
0
1
1
4
2
-1
-2
-4
-2
1
-1
-2
0
4
5
1
1
2
2
3
-1
0
1
0
-1
-1
-3
-3
-4
-2
1
4
4
1
-2
-4
-1
0
0
0
1
0
1
-1
-1
0
1
1
0
-2
-1
0
3
1
-4
-2
3
4
1
-1
0
1
-2
0
0
2
5
3
0
-2
-2
-2
2
3
3
0
-1
0
0
2
2
1
4
3
3
2
2
1
1
-1
0
2
0
0
1
3
1
1
0
-2
-1
2
2
1
-2
-3
-3
-3
-1
-1
0
1
4
1
-1
0
-1
0
0
-1
0
3
3
2
0
-1
-4
-1
1
1
2
1
0
1
1
2
2
-1
-4
-2
-1
-2
-1
-2
2
3
2
0
-1
-2
-1
-2
0
4
3
5
2
2
2
-1
0
-3
-3
0
1
1
0
1
0
2
2
0
-4
-5
-7
-7
0
1
0
2
4
6
6
6
-1
-2
-3
-1
-2
-1
-2
1
4
3
0
-2
-3
-4
-2
0
-3
0
-1
-3
2
3
2
2
4
3
3
1
-2
-4
-3
-1
-2
-2
1
1
0
-1
-4
-1
2
0
-1
2
2
0
2
2
0
-3
-1
0
2
2
1
-3
-2
-3
0
3
3
4
4
1
1
0
-2
-3
-1
-2
-3
0
0
2
5
5
2
2
0
0
-2
-3
-3
-1
-1
1
3
1
3
1
3
2
1
2
-2
-5
-4
0
1
0
0
-1
-1
-2
-2
-2
-1
-1
1
3
4
4
4
-1
-3
-1
-1
-1
-1
0
1
1
3
2
2
0
-1
-2
1
-1
-3
-2
-4
-2
2
2
-1
-1
-4
-6
-3
2
3
4
2
0
-3
-4
-2
-3
-1
3
1
-1
1
0
-1
1
0
-2
-2
-1
1
4
4
2
3
1
-2
-1
1
2
0
0
1
-1
-3
1
1
5
2
-2
-2
-2
-2
-2
-2
-2
2
1
-2
-1
3
6
3
3
0
-1
0
0
0
2
0
1
3
0
1
1
0
0
-1
1
3
1
-2
-3
-1
1
1
-1
0
2
3
4
2
0
1
-5
-3
-1
-2
-3
-2
-3
-4
-4
-3
-2
-1
-1
-2
-6
-8
-8
-4
-1
0
-1
2
3
2
1
-1
-2
0
2
-1
-2
-2
-1
-1
0
0
-1
-1
1
2
3
6
4
1
-3
-3
-3
-1
0
3
3
2
2
0
1
0
0
0
-1
-1
0
0
-1
-2
1
2
-2
-1
0
0
0
2
1
1
2
3
1
2
2
-1
1
0
1
1
-1
-1
1
2
-2
1
2
-1
-3
-3
-4
-2
-1
-1
-1
1
1
-2
0
0
-2
-1
-1
-1
3
4
3
1
1
1
-1
-1
0
3
2
-1
1
4
3
3
2
-2
-2
0
-1
-3
-1
2
2
4
3
2
-1
-4
-5
-1
-2
1
3
1
-3
-5
-1
-1
0
0
-2
-2
2
4
0
2
4
3
3
4
1
-1
0
1
-1
0
-2
-1
3
5
3
-2
-4
1
2
-1
-4
-3
0
-2
-1
0
-1
2
3
3
4
3
2
-1
-2
-2
-4
-2
-2
2
2
-2
-4
0
-1
-1
0
0
3
3
3
-1
-2
-3
-1
2
2
-1
-3
-2
0
3
0
1
-2
-1
-1
0
-2
1
5
3
1
2
-1
-4
-4
-1
2
1
2
3
3
3
0
0
-1
-1
-1
-4
-4
-5
-3
1
5
2
2
1
-2
-4
-7
-6
-3
1
3
2
1
1
0
-4
-3
0
5
4
1
0
1
2
0
-2
-4
-4
-3
-1
1
4
1
2
-1
2
2
-2
-1
0
1
-1
-1
3
1
1
1
-1
2
3
1
-1
-2
-2
-3
-3
0
2
2
0
-1
-1
-1
-2
-6
-8
-5
-1
2
2
4
4
0
-1
0
0
-1
2
2
0
0
-1
-3
-3
-1
-2
0
2
2
1
-1
-3
-2
1
-5
-4
1
-2
-1
3
3
0
-3
-4
-3
-1
0
2
3
1
-1
1
1
3
-2
0
0
1
5
3
1
0
-1
-2
1
3
3
1
1
-1
-1
1
2
4
-2
-3
-2
-1
0
-3
0
-1
-3
-1
1
0
-3
-4
-2
1
3
3
4
4
2
4
6
4
1
-1
0
3
0
0
-1
-3
-2
0
1
3
3
0
-3
-7
-5
-1
4
5
6
3
5
3
-2
-1
1
-3
-3
-4
1
5
4
7
-1
6
-10
-5
5
-9
6
3
-2
9
-3
7
0
-2
1
-7
0
-5
1
-1
0
9
3
3
3
-8
-3
-1
2
1
-2
1
1
4
-1
0
-2
-2
-6
-5
-1
0
4
4
3
-3
7
1
2
2
-3
10
3
8
4
-6
-3
-8
-4
3
1
5
5
4
-1
-2
-2
-1
-4
-4
-3
-4
3
-5
-1
-3
-2
7
9
1
1
-4
-6
-8
-14
3
-16
12
4
0
8
-8
-2
0
0
-1
19
-9
-2
8
-19
8
-3
-2
6
0
8
2
-4
5
-6
-6
-12
-11
-2
-5
5
5
0
-6
-2
1
1
-2
2
1
1
7
0
6
2
-2
3
-4
4
5
3
6
-6
-6
-5
0
2
-1
3
7
1
2
-1
-11
6
-8
-6
0
-13
8
3
-4
3
1
-6
-1
-2
-2
-6
-2
2
4
12
7
0
-5
1
-27
7
0
-6
39
-23
7
20
-34
20
-17
3
4
-12
16
-10
14
11
-21
13
-8
-13
14
-9
2
11
-9
15
9
8
7
-10
8
-17
-9
-2
-6
9
4
-2
12
5
3
7
-1
-3
-5
-15
-6
0
-2
6
-3
8
8
4
13
0
-3
-5
-17
-9
0
3
12
4
3
4
-7
-11
-13
1
4
-4
4
7
0
12
-5
-10
1
-3
-4
4
10
8
6
-10
-11
7
-3
-24
28
-8
3
21
-2
9
7
-16
-24
25
-27
6
12
-2
-9
26
-8
-25
43
-36
7
7
-8
5
5
0
-11
18
-8
4
4
17
-9
14
-7
-8
3
-17
7
1
0
-3
8
2
9
-1
6
0
-4
-8
-12
12
-8
8
7
-6
10
2
-5
-11
4
-9
-10
4
-2
6
2
6
1
-9
-2
-15
-1
12
-3
11
0
-5
-7
-15
7
-12
26
9
3
12
9
-23
-4
-4
-11
11
-17
46
-31
27
-6
-12
12
-42
39
-20
5
18
-5
-11
0
-14
13
-6
3
-2
-10
14
-21
32
-14
13
12
-5
-11
13
-8
-9
12
-18
31
-14
0
-1
-10
8
-13
0
-6
17
1
1
12
1
-9
-8
0
-6
13
0
1
5
0
-5
3
9
-15
-3
2
-6
-5
-1
0
5
0
-3
-8
-9
-13
3
5
5
21
9
0
-9
-4
-15
-4
5
2
11
11
-23
14
17
-46
41
-14
-19
45
-37
14
-3
-20
31
-35
-1
45
-39
40
-15
15
-2
-18
15
-24
14
-3
-34
9
36
-51
53
-15
-9
7
-7
-15
0
36
-34
20
0
-15
2
-22
15
-7
11
3
-13
20
-14
-1
9
-12
21
-7
4
5
-21
12
-31
1
18
5
13
-6
16
-8
-10
10
-4
-3
4
-1
-17
11
-15
-5
16
4
7
13
6
-14
-4
1
-15
-2
-1
4
8
7
10
-6
-17
41
-36
10
21
-23
14
-14
11
-27
46
-8
-37
8
27
-73
34
8
-38
20
30
-52
42
1
-42
14
-13
3
-9
-9
17
3
-16
-4
13
-10
-25
28
-5
-13
15
-13
8
0
-11
19
-14
-16
13
-32
9
12
-14
39
-37
35
-17
-8
10
-15
9
-14
4
2
7
-7
0
16
-3
-17
19
5
-24
11
7
-22
16
-8
8
4
8
7
-16
11
-2
4
-1
4
23
-24
12
17
4
-28
31
33
-79
101
-60
-6
73
-99
69
-10
16
24
-76
85
-51
-20
34
-33
25
-34
47
-16
-34
109
-114
10
122
-147
68
32
-47
-33
98
-74
-44
109
-27
-88
152
-44
-43
121
-107
57
-49
5
5
-12
29
-6
50
-43
3
24
-45
9
45
-30
16
38
-20
-28
16
-10
-49
68
-12
-23
24
-16
-26
-2
9
-37
45
-9
-16
-2
-7
-2
0
17
-13
30
-39
-11
16
-27
5
1
18
-14
33
17
-44
26
-31
-10
9
14
13
-34
54
-17
-16
-2
23
1
-51
78
-44
-44
94
-136
26
90
-89
22
82
-19
-110
136
-59
-30
73
-16
-30
60
1
0
20
1
7
-56
33
18
-73
48
-43
57
-31
24
33
-58
4
20
-59
59
-25
20
-5
-23
65
-79
60
-12
-17
34
-30
16
11
-42
27
-17
-20
41
-16
5
48
-32
-1
-9
-8
20
-33
36
11
-32
7
-29
4
10
-10
10
2
4
5
-21
-31
-5
21
-59
49
39
-90
57
-32
8
-47
68
-61
27
5
-38
27
14
-32
-15
87
-141
109
-39
14
-17
19
42
-121
88
-34
-68
121
-22
-11
53
-34
10
7
-19
-2
49
-44
-20
87
-26
-14
56
20
-113
76
-5
-95
80
-44
-7
-32
-9
47
-93
93
-29
-13
51
-26
19
-9
3
29
2
28
20
-20
18
-17
-6
20
-5
4
-15
18
15
-23
36
10
-36
7
-4
-22
-17
23
2
6
81
-6
3
-25
-64
119
-149
91
27
-20
84
-180
225
-202
2
175
-280
204
28
-152
142
-54
-59
12
86
-172
209
-35
-98
150
-79
-5
-8
38
-22
62
-3
20
45
-87
61
-31
-81
136
-133
95
-45
31
54
-125
167
-109
39
-38
43
-23
-77
123
-124
-3
111
-123
33
69
-102
53
20
-54
6
-52
-16
3
-27
30
5
4
42
-43
27
-19
-11
4
-39
33
-62
-8
-7
-17
-32
2
18
18
-7
-6
-25
20
-25
-32
29
9
-37
-44
131
-152
91
30
-65
21
36
-7
-118
157
-41
-15
-67
223
-306
211
16
-224
204
58
-183
65
139
-226
112
-11
-11
-135
273
-176
-25
220
-146
-7
100
-51
29
-45
56
53
-202
192
-83
-37
178
-238
246
-137
-31
55
-90
76
-58
44
22
-43
8
4
-49
43
-45
89
-104
37
43
-110
20
23
-24
8
48
-22
25
-24
-10
-8
9
-2
-10
42
-35
10
6
-35
13
-10
27
-64
16
53
-75
-2
8
-2
-60
-19
36
1
-14
29
74
-193
59
50
-203
130
-21
-40
135
-109
107
69
-150
227
-307
224
19
-185
286
-87
27
9
-18
98
-143
185
-37
-2
97
-50
45
-174
235
-123
-80
221
-140
-25
236
-216
56
141
-146
-24
42
-29
-41
30
-39
25
43
-76
-4
151
-79
-31
89
-77
31
-106
-21
29
-62
85
-58
69
11
-48
16
-21
-51
-14
-22
-48
38
-26
33
3
-21
-24
-17
-46
7
24
9
50
16
20
2
43
-100
-37
58
77
-176
275
-18
-175
262
-319
204
-89
17
75
-178
159
-37
-116
78
19
-76
78
-134
214
-77
-103
167
-189
113
-68
-132
306
-241
68
76
-33
78
-90
20
76
-47
-37
31
-1
-24
-42
56
-10
15
46
-80
42
37
-88
-22
60
-111
51
27
23
-13
100
11
-119
58
-26
-55
-27
118
-38
60
-52
-39
103
-86
-19
58
22
-57
-26
39
10
-39
0
-14
9
7
-74
62
48
-76
5
-26
-11
7
-8
-104
133
-40
-15
81
-86
136
-103
-59
79
55
-273
293
-83
-3
171
-143
243
-306
190
2
-280
442
-184
-217
511
-337
155
-87
73
81
-242
240
-60
-38
91
-59
-46
210
-292
338
-199
-6
210
-223
62
64
-49
-46
10
45
-76
30
34
-265
212
73
-308
224
-17
-53
-41
-21
-2
-68
-28
21
116
16
16
-112
41
-80
-84
85
93
-19
-2
-39
14
29
-158
13
106
-79
-4
63
90
88
-71
3
-26
-32
-47
-52
97
53
-13
81
46
-151
38
-122
-170
86
149
-218
158
57
-196
165
-264
206
-162
-19
-83
332
-73
-105
220
4
-316
221
-89
-202
402
-399
303
-97
70
37
-135
202
-139
58
-46
-38
76
-183
34
183
-158
23
92
-221
140
-145
4
103
-35
58
-38
99
-94
-173
79
-62
-133
259
10
105
-41
-76
17
-110
-76
-11
165
6
13
115
-61
26
-51
-127
40
96
-89
17
172
68
2
-65
79
-63
-26
-96
222
128
-106
17
146
-201
-45
-54
74
-75
-22
141
-199
355
-311
192
-50
-309
327
-239
-91
480
-373
341
-229
109
86
-441
542
-338
224
24
-85
301
-485
410
-148
-217
372
-184
-8
399
-263
213
-153
-58
201
-404
211
-49
32
51
-96
158
154
-254
86
-236
25
-31
-268
282
74
173
60
-158
18
-211
-116
-137
-9
311
25
-35
90
-72
-66
-120
-111
159
19
-21
14
120
42
-97
-72
-64
36
-67
-121
293
141
-11
-81
-46
-10
-194
-85
186
96
-21
65
-251
303
-187
-126
196
-81
-74
94
-173
211
190
-318
19
159
-75
-178
97
71
126
-251
206
-26
113
-35
-196
340
-519
417
-141
-69
298
-135
55
-307
78
40
-399
285
49
-152
432
-158
-113
84
-187
-164
37
-134
43
265
114
231
-34
-154
-226
-115
-115
-80
452
102
10
-5
-118
28
-186
-71
71
162
-46
-195
236
217
-114
-45
9
-71
-119
-39
188
274
105
-152
-84
-110
-210
-56
-30
330
311
-233
-52
142
-453
211
-296
274
430
-401
405
-283
207
-327
-214
273
-264
438
144
-175
439
-87
-534
390
-312
-177
552
-250
215
84
-194
148
-218
203
-34
45
279
-383
75
-73
-370
213
-56
133
211
145
88
-357
-105
-200
-308
95
263
219
369
-170
-124
-20
-404
-113
55
170
84
7
-2
88
12
-141
-48
77
70
-185
-20
324
81
-139
-84
3
-82
-180
-4
340
290
-9
-143
-129
-156
-312
-85
229
364
159
-12
-66
-11
-247
-431
223
47
120
38
92
147
-94
-138
-174
10
-45
-68
112
363
-14
36
-199
-25
37
-104
185
197
166
-90
-271
90
-328
211
-19
-172
587
-230
-50
9
-178
87
-142
-12
334
189
-149
-303
66
-215
-285
237
355
320
68
-349
-169
-114
-368
4
299
358
-10
-102
153
-69
-228
-179
15
272
-29
-59
298
221
-225
-352
-149
87
45
-37
330
429
-24
-427
-227
-46
-206
-105
236
297
278
-83
-219
82
-252
-295
117
113
140
41
-29
96
-249
-55
-77
-54
349
-24
-103
392
-143
-262
-186
-62
250
18
90
242
101
-259
-499
234
71
-277
433
-62
-5
333
-464
-112
-87
-107
138
-164
420
552
-191
-440
-267
-70
-242
-83
636
630
92
-362
-447
-121
-195
-341
319
699
305
-244
-240
140
-195
-439
-116
350
496
-124
-163
346
19
-546
-512
67
363
-3
-28
498
289
-521
-556
-51
170
-8
-80
325
379
-136
-539
-203
230
15
-113
105
457
126
-273
-168
-9
45
-322
-132
487
353
66
-134
-42
-201
-266
-36
162
323
279
-311
10
120
-238
-59
63
83
199
-33
-139
150
-51
-226
-150
-30
61
65
177
473
160
-441
-537
-203
-143
41
486
653
275
-445
-638
-259
21
-65
249
669
363
-450
-471
-39
39
-222
-78
520
588
-48
-313
128
73
-507
-508
183
651
291
-178
149
216
-593
-733
40
600
309
-106
107
98
-231
-486
-173
510
279
-193
-94
108
-24
-354
-210
252
349
-83
-95
267
226
-345
-234
55
64
113
64
154
158
-13
-512
-206
544
187
-224
278
62
-316
-150
-79
104
214
-174
-217
263
48
-87
116
226
232
-367
-693
-12
142
-56
248
625
297
-587
-676
-104
313
40
-66
460
440
-409
-688
6
459
-58
-346
401
685
-68
-578
-174
300
-155
-502
190
777
266
-477
-332
120
-98
-534
49
780
431
-422
-445
59
-82
-392
19
486
335
-206
-360
-61
103
-15
-249
121
350
-81
-265
39
295
-65
-290
80
264
219
-113
-80
186
-157
-298
-63
373
421
-115
-334
31
-47
-152
-141
133
388
-191
-336
42
257
221
121
15
-372
-406
-63
-83
322
665
349
-69
-700
-541
105
248
84
407
606
-93
-722
-371
120
207
-205
-70
845
459
-622
-498
130
65
-498
-268
806
895
-344
-858
-14
156
-544
-301
716
859
-112
-757
-109
52
-404
-149
291
655
318
-373
-279
-63
-101
-313
-220
694
622
-175
-307
-116
9
-303
-74
500
517
204
-317
-361
11
-39
-177
128
398
403
-273
-151
97
-239
-114
-208
126
235
-84
-137
66
204
22
75
95
-615
-371
211
-40
366
610
326
-337
-1066
-404
336
398
50
503
624
-489
-968
-288
327
395
-170
63
937
110
-910
-568
338
224
-488
28
1027
533
-865
-842
261
173
-339
67
831
567
-613
-829
4
82
-195
-17
479
509
-183
-374
-207
-88
72
-97
-7
530
291
-333
-383
0
90
-87
47
419
299
-183
-368
-180
183
122
-78
-42
195
-13
-376
-41
329
126
-176
-183
-43
-46
-141
26
279
464
144
-615
-813
125
149
-53
536
796
168
-822
-973
67
550
-6
-64
715
599
-687
-855
16
491
-101
-540
698
1276
-304
-1184
-399
326
-83
-324
653
1196
-166
-1334
-561
573
164
-390
343
829
53
-925
-435
332
87
-226
76
439
292
-276
-477
-209
221
262
-31
128
423
-123
-633
-300
254
390
97
20
109
-46
-324
-281
196
434
144
-170
-156
191
-100
-316
57
441
242
-421
-383
100
-10
-237
328
548
563
-499
-1208
-67
354
-26
344
750
302
-705
-1129
-31
829
205
-424
483
772
-401
-802
-248
376
119
-631
426
1375
-45
-1192
-503
401
182
-299
402
925
-78
-1157
-524
712
224
-449
120
666
143
-783
-410
246
77
47
163
464
232
-672
-546
-121
153
551
218
55
41
-335
-440
-167
319
422
228
58
-96
-87
-262
-393
46
329
447
161
-263
8
-197
-311
-11
330
465
-106
-470
-112
66
56
29
445
67
-1003
53
438
-119
135
212
310
-279
-826
266
803
-295
-786
496
875
-338
-610
-93
344
152
-666
359
1292
-413
-1216
-183
595
260
-395
80
785
-66
-1159
-227
860
6
-574
210
691
-1
-758
-391
103
88
161
199
388
82
-440
-430
-218
321
513
17
-63
130
-46
-272
-171
101
186
99
79
104
100
-214
-450
-71
227
299
115
45
42
-316
-359
-23
209
223
-106
-227
89
4
73
239
522
-268
-1055
113
463
-148
26
440
426
-395
-1024
275
970
-135
-778
542
919
-367
-816
-312
422
315
-657
276
1386
-221
-1253
-307
570
167
-427
67
858
121
-1024
-374
736
-82
-713
370
841
44
-557
-303
55
-11
51
165
282
183
-330
-291
-143
73
477
-60
-210
259
30
-286
-139
61
52
88
170
3
-58
-94
-262
-19
162
137
83
-21
-54
-77
-144
-3
158
133
-199
-152
296
171
-131
404
-206
-983
242
570
53
-10
141
379
-18
-1165
-96
1177
-4
-1055
415
961
-303
-763
-502
426
687
-516
-16
1191
-286
-1367
-309
642
424
-180
-259
443
84
-1023
-261
1103
92
-791
103
747
-10
-768
-321
235
236
165
109
147
-118
-382
81
66
43
464
-38
-531
-43
189
-54
-131
80
243
280
-79
-312
-40
-51
-157
118
218
93
-122
-133
-16
-71
-64
-44
135
-3
-235
-80
222
240
0
344
-202
-1038
251
539
-79
272
365
288
-351
-1215
12
1168
112
-881
572
1030
-528
-848
-387
348
573
-495
55
1175
-320
-1159
-44
538
57
-223
159
430
-141
-845
-78
949
-235
-628
556
636
-348
-784
-140
243
164
341
127
65
-54
-500
-70
6
253
631
-49
-438
-161
46
34
-143
-17
210
269
3
-401
-79
131
-92
90
144
39
-195
-231
-114
2
24
102
97
-41
-223
-42
281
297
377
-733
-642
692
196
-525
123
427
392
-510
-862
709
1130
-611
-857
793
512
-651
-719
-139
714
365
-642
473
888
-870
-947
373
524
20
-246
99
365
-463
-928
311
1015
-246
-546
526
568
-576
-765
145
301
365
324
-157
-21
-260
-403
114
47
393
706
-239
-599
-67
119
-116
-12
248
222
234
-174
-517
-27
172
-71
167
234
77
-173
-190
-195
-150
142
133
43
26
-144
-7
361
137
375
-457
-893
368
246
-259
327
535
447
-380
-1125
267
1049
-233
-867
619
901
-493
-964
-387
599
497
-619
246
1032
-568
-1007
87
429
-19
-57
310
374
-371
-863
25
634
-420
-275
783
418
-637
-591
268
184
33
345
-117
-75
-54
-400
89
38
169
698
31
-527
-161
78
-136
-222
237
397
279
-276
-615
38
269
-83
28
219
16
-269
-218
-23
-68
-18
111
171
23
-172
214
421
292
-847
-848
875
417
-434
159
505
275
-521
-1093
427
1152
-231
-795
669
646
-517
-657
-570
425
904
-458
-24
841
-661
-912
190
456
76
80
125
132
-437
-822
187
898
-257
-411
499
298
-515
-581
87
399
392
114
-224
-209
-189
-208
111
90
343
610
-116
-580
-230
56
6
-162
121
359
236
-272
-508
-101
318
249
-111
-100
126
-178
-371
30
197
217
129
-134
-173
-188
45
241
619
249
-1186
-86
907
-199
-249
477
336
133
-992
-681
916
813
-779
-148
1176
3
-744
-729
-544
838
572
-473
733
401
-1180
-676
246
168
150
329
174
-162
-561
-462
485
250
-391
307
719
-95
-829
-250
248
66
509
239
-167
122
-333
-337
77
182
658
271
-491
-357
-29
57
-135
29
366
322
-29
-647
-481
181
160
32
24
167
88
-279
-334
-77
25
99
63
69
-62
93
288
513
-428
-1239
598
872
-246
-165
397
474
-268
-1297
41
1297
306
-967
169
799
-308
-677
-638
138
897
-175
-222
808
-388
-1038
-123
431
137
38
141
195
-370
-821
36
965
-64
-562
448
373
-503
-577
243
409
359
325
-139
-309
35
-51
-110
16
405
610
-60
-630
-225
128
48
38
129
141
215
-141
-685
-269
504
361
-217
-144
46
-130
-205
-105
72
154
43
-95
-102
-160
128
341
528
-113
-1133
210
693
-277
-89
558
517
-18
-1183
-453
1011
492
-834
50
951
-65
-631
-717
-69
875
36
-388
716
-32
-1026
-351
274
101
139
311
187
-247
-769
-243
608
114
-390
342
700
-448
-849
219
135
143
515
-83
-112
111
-147
-159
-40
181
542
163
-596
-284
405
-79
-265
170
113
215
6
-601
-227
483
151
-288
28
234
-184
-291
-192
41
275
43
110
57
-27
48
613
-460
-1355
579
896
-52
169
249
230
-329
-1442
14
1327
341
-676
412
455
-615
-422
-535
-90
1029
163
-190
519
-549
-788
-43
194
135
391
244
-166
-600
-618
183
864
-1
-155
626
71
-791
-722
324
314
171
627
77
-347
-101
-348
15
55
356
907
-154
-756
-204
127
-35
-196
251
375
134
-198
-658
-189
381
204
-68
36
181
-93
-483
-229
102
243
158
39
71
15
-2
631
-715
-1162
973
667
-172
140
154
264
-386
-1376
233
1432
66
-856
512
349
-532
-334
-682
107
1027
-217
-213
660
-647
-820
74
310
156
375
192
-170
-523
-724
202
873
-330
-224
706
113
-653
-420
422
188
254
361
-306
-105
41
-403
22
51
418
724
-344
-665
4
279
-40
-174
149
201
-52
-405
-375
269
381
57
-48
-37
63
-144
-306
-223
175
284
90
-61
20
76
324
330
-1158
-267
1005
88
-190
321
190
273
-1039
-1038
982
1061
-505
-180
681
-276
-447
-414
-594
593
691
-364
461
121
-985
-178
203
-56
278
487
44
-327
-644
-393
525
498
-284
248
562
-264
-762
-173
217
173
518
54
-216
104
-235
-261
116
165
628
241
-582
-407
66
-17
-68
99
190
258
-144
-577
-254
357
86
38
127
138
-121
-391
-381
32
209
201
332
308
-56
82
412
-1356
-541
1017
308
127
393
-87
216
-781
-1320
704
1376
-236
-341
717
-347
-682
-520
-613
860
946
-472
380
450
-1224
-678
260
269
374
517
-37
-382
-765
-652
562
687
-253
338
785
-334
-1196
-394
566
-71
584
580
-313
-34
-454
-622
348
197
845
591
-702
-461
9
-144
-290
370
558
190
-22
-610
-701
358
246
-1
242
385
-47
-626
-648
-97
313
309
140
345
145
-63
147
-1329
-519
1093
467
161
358
82
-101
-1066
-1166
805
1396
-95
-361
490
-371
-650
-456
-503
871
882
-239
178
13
-1055
-520
107
323
513
655
51
-495
-844
-484
651
683
-175
211
577
-480
-1086
-251
486
298
686
197
-414
-159
-262
-525
141
450
604
395
-613
-630
121
76
-203
389
492
228
-72
-652
-613
365
428
-191
260
347
-318
-392
-391
-85
375
450
140
208
27
195
-587
-1276
370
827
379
423
149
-181
-421
-1327
-145
1323
680
-404
278
-16
-750
-388
-652
282
1297
44
-208
552
-826
-939
-33
163
470
763
133
-277
-570
-851
75
815
262
33
426
-209
-814
-525
200
265
640
508
-267
-289
-179
-337
-223
225
706
724
-248
-728
-280
41
-174
108
578
478
90
-529
-778
-248
336
149
106
495
201
-316
-618
-317
8
385
456
263
94
461
-440
-1684
-7
764
431
563
387
-33
-255
-1625
-845
1305
1197
-411
208
399
-796
-736
-865
31
1506
542
-294
786
-379
-1501
-431
321
325
862
591
-260
-496
-1038
-494
759
572
93
594
291
-900
-1123
-25
292
522
763
-73
-118
-230
-762
-272
363
490
918
175
-798
-485
-38
-196
-100
408
562
549
-325
-879
-336
246
211
132
262
300
-187
-875
-359
82
350
540
668
123
344
-464
-1931
-127
784
470
970
685
-268
-401
-1643
-1083
1013
1412
92
437
390
-918
-870
-1082
-187
1596
737
-195
845
-411
-1452
-593
147
393
890
798
10
-596
-1200
-616
651
647
67
625
368
-914
-1057
-114
288
598
740
64
-149
-290
-706
-604
225
632
932
297
-684
-577
-123
-287
-48
564
605
485
-382
-864
-408
343
127
-56
506
516
-379
-608
-513
-107
494
482
590
535
402
-1529
-1308
406
137
747
1254
375
-35
-1123
-1826
138
983
499
386
889
-348
-872
-1005
-1244
731
1412
88
706
755
-1460
-1380
-566
242
926
1099
449
-11
-960
-1451
-152
677
263
806
1014
-315
-1100
-914
-276
104
1019
741
155
81
-642
-1046
-324
247
942
993
4
-413
-511
-740
-391
390
579
735
421
-574
-976
-206
129
-14
398
729
254
-583
-829
-443
198
423
742
683
927
-682
-2296
-187
343
177
1314
1237
366
-540
-2201
-1107
743
771
212
1268
791
-989
-1226
-1576
-467
1386
706
520
1535
-565
-1847
-1112
-481
316
1281
1241
554
-343
-1442
-1024
65
187
573
1411
605
-833
-1167
-656
-443
405
1111
640
395
-101
-998
-1024
-280
622
1152
478
-125
-268
-594
-829
-195
523
804
716
-131
-867
-655
-26
-139
88
760
728
-227
-799
-722
-263
239
801
878
1134
-410
-1886
-382
-358
74
1321
1336
737
-316
-2149
-960
425
242
242
1422
983
-447
-1253
-1874
-307
1071
274
745
1737
-419
-1406
-1328
-750
477
1120
1029
893
-200
-1325
-945
-286
-92
620
1636
780
-513
-883
-860
-750
154
665
851
985
57
-885
-985
-639
291
968
481
226
63
-616
-934
-305
286
522
783
95
-500
-385
-350
-436
-77
595
733
237
-579
-465
-271
33
362
1090
1026
-1105
-801
14
-485
-57
1159
1131
636
-1067
-1478
-61
280
-454
376
1498
605
-508
-1448
-1282
299
468
-148
1321
1184
-589
-1182
-1015
-365
305
655
995
734
-551
-913
-397
-445
-442
828
1437
516
-557
-484
-572
-730
106
504
681
794
15
-772
-731
-430
425
489
191
301
34
-686
-784
-269
249
709
583
-31
-256
-255
-452
-478
-219
583
769
-47
-376
-58
-38
68
245
1180
37
-1089
59
-134
-278
394
815
905
-89
-1602
-308
466
-173
-336
786
632
52
-845
-1432
-94
654
-220
333
1309
151
-607
-1169
-690
301
325
243
948
226
-771
-357
-156
-382
53
728
735
65
-469
-157
-446
-332
95
387
723
381
-191
-530
-759
-164
504
31
142
448
-123
-604
-503
-215
406
485
-10
41
104
-296
-440
-410
-115
591
491
-211
32
192
28
-33
729
549
-813
-389
142
298
104
319
879
464
-1529
-934
503
549
-346
74
746
436
-756
-1423
-337
588
142
-135
876
696
-411
-1264
-749
152
368
237
749
646
-411
-806
-238
-34
-375
346
1150
540
-507
-306
-293
-388
-224
155
803
639
-117
-382
-447
-570
85
338
150
264
275
-327
-651
-478
-77
372
291
115
217
156
-381
-468
-124
30
315
271
-97
159
162
-83
186
937
313
-898
-443
-13
103
57
524
1216
337
-1398
-908
73
443
-271
81
956
678
-838
-1479
-457
540
-34
-233
981
1019
-203
-1424
-908
158
221
4
862
1180
-20
-1102
-691
-233
-306
147
939
979
174
-470
-647
-409
-322
-93
572
869
329
-367
-764
-566
-61
121
195
561
563
-122
-578
-720
-301
256
257
237
537
237
-317
-627
-441
97
372
152
152
317
135
-138
42
691
20
-656
-439
130
340
182
341
776
-70
-1273
-877
274
561
-5
219
597
476
-869
-1434
-327
573
126
167
748
798
-103
-1238
-1009
139
362
-42
588
1033
143
-813
-798
-456
-145
207
650
873
493
-323
-766
-546
-214
33
285
574
538
-28
-705
-576
-53
-120
-59
434
565
218
-401
-735
-191
21
-56
211
525
470
-39
-659
-435
33
312
55
56
443
124
-238
-149
317
846
204
-624
-539
-272
-114
41
591
1020
564
-764
-1227
-672
109
176
512
901
966
-318
-1354
-1012
-230
176
446
755
915
464
-780
-1137
-621
-8
199
532
744
594
-81
-800
-846
-362
64
282
452
559
362
-327
-607
-401
-251
-64
263
509
333
20
-249
-205
-185
-217
-47
298
364
214
-122
-230
-124
-150
-266
-7
357
339
-34
-259
173
138
-153
-309
-35
95
-5
33
146
420
336
203
-236
-545
-508
-247
34
347
629
811
227
-838
-958
-574
15
310
537
842
803
-392
-1318
-874
-26
270
310
496
754
315
-778
-981
-167
122
-34
210
501
430
-74
-476
-327
-103
-165
-109
149
398
322
45
-92
-149
-286
-333
-159
246
444
217
93
162
-104
-410
-355
54
259
350
78
66
97
-140
-305
-287
55
353
231
27
101
25
-126
-352
-314
53
188
15
86
116
160
300
165
-262
-489
-550
-255
-19
346
826
973
127
-772
-894
-559
-129
177
442
970
926
-251
-1015
-810
-277
-89
186
615
982
490
-550
-945
-427
-264
-310
178
591
612
257
-186
-255
-300
-475
-381
158
523
445
297
201
-10
-356
-498
-235
244
372
220
363
394
-58
-530
-615
-177
216
309
309
361
243
-110
-511
-552
-138
346
219
138
209
230
-51
-517
-357
-6
97
-34
82
389
386
166
234
-181
-621
-688
-466
3
572
1007
1066
422
-663
-1201
-989
-343
96
552
1110
1096
-8
-1033
-1094
-528
-130
152
583
1055
730
-394
-975
-683
-418
-225
180
622
757
409
-128
-353
-367
-445
-338
17
403
461
302
224
72
-308
-500
-337
33
223
132
232
418
181
-220
-463
-328
10
-124
-128
168
421
324
-189
-329
-131
43
21
-119
132
448
96
-231
-255
-132
-151
-142
-113
382
638
518
373
-273
-725
-819
-545
-205
425
1072
1230
518
-596
-1268
-935
-409
-126
425
1227
1223
13
-960
-899
-426
-176
-90
325
1021
745
-261
-585
-300
-304
-413
-234
388
682
399
71
90
8
-351
-540
-315
88
224
266
500
505
102
-372
-580
-329
-59
-72
127
527
556
113
-325
-407
-227
-263
-349
-53
467
681
124
-227
-84
-141
-125
-293
-60
493
264
56
-139
-85
-16
-405
-148
255
453
759
150
-360
-740
-705
-365
-182
543
1135
939
45
-871
-928
-507
-430
-179
668
1365
720
-423
-685
-434
-441
-482
-148
829
1010
183
-279
-139
-168
-590
-650
42
578
502
256
229
160
-285
-762
-585
7
163
127
409
473
250
-188
-402
-254
-71
-179
-239
176
545
389
39
6
-47
-258
-524
-535
55
586
438
205
184
156
-254
-714
-434
-157
405
338
-62
304
89
-281
-276
-179
533
649
-136
-593
-742
-321
-345
46
960
1418
842
-439
-1183
-795
-551
-497
89
1237
1549
369
-739
-745
-514
-523
-587
290
1368
1034
-69
-523
-352
-456
-922
-575
459
971
627
192
177
1
-532
-894
-496
154
276
203
418
568
253
-247
-324
-116
-102
-303
-123
447
575
143
-127
48
-36
-476
-673
-214
459
580
250
232
365
-12
-706
-696
-246
134
116
-75
53
265
90
-212
2
549
919
10
-895
-959
-374
-128
29
950
1840
1210
-466
-1413
-1113
-540
-701
-208
1452
2060
647
-853
-981
-670
-943
-1100
191
1749
1440
-20
-445
-243
-737
-1332
-693
715
1164
536
275
472
-4
-858
-1057
-238
340
66
91
629
632
19
-507
-193
246
-58
-467
-138
393
358
-168
-271
138
52
-431
-506
-26
461
230
-76
77
281
-23
-456
-468
-65
16
-129
-49
312
497
217
220
587
941
-130
-1064
-1018
-495
-406
-1
1208
2128
1391
-384
-1183
-883
-908
-1444
-756
1245
1917
751
-302
-130
-142
-1108
-1617
-330
1109
826
-135
166
562
-248
-969
-466
329
174
-150
396
1014
327
-300
-66
280
-262
-925
-310
510
308
-54
225
674
377
-528
-808
-270
39
-219
-337
82
348
-89
-377
-304
-2
214
25
-138
-22
132
39
-171
-195
106
112
-84
-171
85
379
477
621
1304
704
-801
-1210
-1001
-635
-725
498
2206
2166
265
-934
-761
-581
-1778
-1673
602
1664
564
-585
-36
560
-447
-1112
-29
990
326
-1008
-465
509
31
-110
746
1199
248
-832
-386
268
-142
-166
817
1321
295
-995
-592
-96
-545
-452
323
833
489
-226
-407
-303
-405
-266
-65
-188
-295
-162
-68
-180
-116
522
669
88
-290
-214
-28
-199
-239
326
580
86
-328
-123
205
94
500
1142
1699
418
-1209
-1306
-1055
-1229
-979
999
2601
1821
-27
-616
-666
-1274
-2184
-1189
1029
1183
-60
-338
410
274
-497
-218
704
735
-331
-1085
-388
45
-228
364
1383
1326
144
-507
-263
-152
-390
-58
843
979
-10
-775
-509
-346
-595
-133
508
462
23
-298
-546
-466
-203
197
214
-276
-351
-304
-501
-435
294
1036
859
389
193
-4
-385
-435
88
514
88
-282
-115
84
-50
188
936
1577
1485
-385
-1190
-1211
-1497
-1870
-670
1575
2344
1078
69
-83
-469
-1742
-2157
-309
894
35
-750
-195
447
237
407
1241
1509
418
-1214
-1499
-669
-559
-220
979
1743
1271
86
-302
-66
-265
-726
-263
611
587
-401
-681
-168
-158
-450
26
562
319
-256
-616
-660
-580
-110
406
268
-30
-29
-186
-495
-279
357
756
542
278
326
302
-144
-123
268
234
-303
-525
-296
-144
-170
397
1164
1703
1627
-254
-1104
-1264
-1855
-1975
-724
1130
1974
1098
253
148
-164
-1263
-1418
-219
111
-512
-885
-554
94
530
1179
1900
1835
804
-565
-1145
-1237
-1179
-672
244
859
1053
564
372
599
339
-209
-203
81
-464
-1104
-1305
-806
-119
114
693
1002
471
83
-416
-764
-618
-369
-24
-112
-153
237
281
237
481
634
619
248
-8
-194
-283
-219
-10
167
235
-15
-116
-178
-242
-183
180
663
1158
1527
-119
-991
-879
-1599
-1716
-519
617
1180
1056
396
-54
161
-502
-878
101
39
-574
-868
-918
-331
562
1100
1514
1941
1200
-295
-729
-884
-1042
-722
-219
154
564
199
-150
579
981
404
156
272
-238
-879
-1559
-1384
-561
-267
277
895
676
678
571
-110
-574
-127
92
-830
-917
-230
-53
133
676
1157
1140
595
312
74
-334
-583
-257
-305
-492
-369
-249
-311
-23
395
534
911
1494
1555
-311
-1294
-1062
-1911
-2249
-667
903
1404
1025
831
555
173
-423
-616
-48
-367
-751
-937
-1264
-526
561
1031
1640
2266
1677
21
-569
-740
-1188
-1262
-820
-262
15
-89
136
923
1300
1014
865
441
-463
-1110
-1799
-1722
-892
-323
222
728
737
909
934
444
59
160
-157
-1038
-1168
-754
-627
-129
809
1290
1242
874
675
380
-154
-510
-453
-685
-945
-816
-713
-568
130
630
873
1372
1737
1641
-149
-1225
-980
-1809
-2431
-1238
269
1056
1108
1013
725
726
388
-266
-93
-397
-829
-1150
-1653
-1094
47
793
1611
2356
2177
748
-96
-407
-1029
-1351
-1230
-876
-598
-534
-184
666
1412
1318
1120
847
182
-542
-1499
-1720
-1192
-1003
-737
15
543
951
1229
1173
857
703
291
-710
-1234
-1066
-1141
-810
73
660
985
1000
1082
1045
502
-107
-304
-580
-1042
-1194
-1107
-970
-312
292
671
1313
2155
2242
497
-575
-728
-1742
-2344
-1582
-430
426
450
491
667
996
832
622
913
108
-731
-1357
-2122
-1556
-478
221
1272
1985
1948
1100
519
194
-304
-787
-1229
-1065
-933
-1249
-838
183
991
1241
1237
1241
754
-31
-872
-1205
-1167
-1144
-767
-453
-354
285
880
1048
1267
1349
910
-8
-785
-1048
-1271
-1153
-418
136
313
585
1116
1125
784
561
297
-185
-808
-1218
-1271
-1182
-700
-126
421
1040
1954
2109
511
59
-102
-1399
-1750
-1142
-591
-126
-192
-139
310
945
814
875
1297
400
-233
-1034
-1930
-1133
-571
-504
628
1535
1440
803
618
452
264
-178
-906
-655
-565
-1349
-1154
-177
576
968
874
1006
850
123
-644
-609
-468
-765
-609
-599
-788
-186
310
583
1182
1444
1029
219
-215
-511
-904
-1009
-589
-161
-128
75
752
924
744
595
291
-68
-505
-930
-1164
-950
-392
-47
318
918
1814
1523
15
30
-63
-1072
-1099
-824
-270
-44
-465
-420
164
779
480
718
1126
464
-139
-1123
-1518
-478
-350
-259
663
1203
826
134
256
478
425
-147
-777
-430
-557
-1231
-837
6
799
800
439
620
512
-86
-637
-373
-127
-471
-542
-684
-556
80
191
481
942
965
645
65
-118
-211
-553
-634
-363
-159
-296
-131
486
682
619
468
269
13
-375
-757
-1054
-720
-370
-113
411
993
1757
1082
-182
-19
-258
-991
-866
-470
82
-249
-618
-346
217
649
271
709
1058
375
-296
-1090
-893
-192
-478
-249
475
920
481
21
532
612
324
-144
-500
-218
-686
-1278
-765
184
775
524
472
610
262
-230
-492
-34
56
-459
-535
-683
-521
-59
187
657
908
811
414
-7
-1
-230
-470
-345
-245
-245
-366
-92
360
508
492
427
368
26
-377
-643
-825
-513
-261
-59
348
1099
1692
477
-220
225
-469
-1052
-749
-208
182
-372
-643
-329
233
370
92
833
915
182
-345
-982
-418
73
-436
-73
641
803
-10
-272
528
597
210
-234
-266
14
-736
-1161
-466
289
587
258
261
489
242
-164
-226
69
-91
-383
-437
-697
-357
-7
-8
409
813
710
279
99
113
-168
-384
-284
-52
-174
-476
-75
403
469
405
391
269
-37
-278
-601
-705
-343
-263
-93
425
1212
1365
159
-49
195
-586
-853
-561
-29
50
-608
-570
-168
285
248
225
978
713
7
-591
-896
-121
-72
-446
51
528
536
-144
42
811
541
45
-368
-238
-176
-928
-820
-24
416
493
164
363
546
44
-372
-129
168
-290
-555
-492
-533
-182
15
127
601
709
428
62
128
253
-95
-320
-197
-73
-273
-417
28
344
276
249
261
159
-119
-277
-510
-497
-215
-181
2
459
1217
1147
-27
-20
134
-698
-836
-457
84
54
-583
-484
-54
312
119
139
846
523
-166
-682
-744
34
0
-208
284
659
370
-453
-131
617
400
78
-221
-63
-100
-905
-756
103
522
322
75
370
301
-127
-371
-139
196
-121
-314
-364
-412
-115
-100
44
460
596
408
-7
1
63
-180
-210
-59
-47
-340
-412
15
238
262
286
245
35
-222
-314
-491
-355
-33
-54
171
486
1077
1130
-17
-12
181
-645
-788
-456
34
66
-464
-408
-205
199
102
127
865
575
-54
-508
-730
-102
-61
-247
274
618
378
-418
-127
572
377
140
-159
-34
-18
-747
-748
-2
472
362
71
274
415
113
-364
-179
251
-174
-400
-390
-438
-106
-1
151
457
534
378
4
81
186
-73
-224
-249
-181
-298
-434
-28
370
364
180
135
64
-134
-241
-390
-316
-59
-157
-41
343
937
1272
271
-77
177
-485
-862
-590
-98
165
-310
-483
-265
150
187
17
667
736
129
-422
-803
-251
42
-298
-35
464
454
-281
-297
516
600
226
-189
-274
-58
-571
-805
-73
470
388
-26
33
337
245
-140
-185
338
110
-449
-414
-415
-195
-31
-52
332
447
228
82
89
240
43
-168
-172
-247
-312
-404
-128
293
333
283
188
82
-81
-197
-288
-348
-99
-39
-170
122
475
1008
884
-1
151
66
-593
-588
-356
47
-22
-522
-521
-151
301
118
265
793
453
-134
-668
-492
164
-37
-213
117
317
5
-553
36
710
533
139
-232
-34
-81
-658
-541
132
428
132
-160
129
374
246
-76
127
383
-206
-520
-337
-242
-22
7
127
328
52
-5
112
168
152
31
-118
-203
-267
-381
-281
112
306
261
120
43
4
-142
-155
-159
-158
-117
-202
-57
231
510
1102
736
-16
65
-203
-589
-503
-221
168
-184
-629
-406
54
266
47
453
770
247
-339
-726
-381
54
-123
-95
181
381
-156
-606
69
548
449
82
-136
174
-141
-715
-353
261
347
13
-12
251
276
29
-159
158
225
-335
-384
-123
-62
32
44
226
191
-111
-85
9
89
78
-19
-78
-179
-331
-303
-85
147
262
184
52
70
-78
-225
-85
-90
-189
-229
-185
-17
226
494
1080
898
-2
-76
-193
-665
-467
-102
223
96
-486
-493
-206
141
159
382
700
310
-218
-676
-588
13
42
-121
143
309
-94
-658
-161
472
363
167
64
113
-89
-474
-279
234
352
162
-19
-11
110
51
-155
108
315
-111
-264
-83
-19
4
19
133
155
-78
-219
-72
109
95
86
-16
-193
-242
-261
-213
-30
231
222
46
19
-47
-47
54
-78
-158
-237
-278
-206
-63
423
861
1098
500
-82
-51
-458
-586
-249
13
330
-61
-521
-418
-113
169
82
415
628
140
-356
-582
-228
16
-198
-41
109
29
-351
-418
201
436
336
82
-89
40
-175
-388
-7
456
457
-11
-113
124
40
-104
-55
314
203
-211
-96
-41
3
103
53
112
7
-238
-227
-112
-24
11
56
12
-35
-43
-144
-86
77
144
66
-56
43
26
-52
83
-27
-129
-225
-320
-221
-28
328
802
1067
439
-31
33
-370
-516
-221
121
366
-160
-500
-343
-144
18
-15
367
492
86
-362
-572
-138
57
-154
-107
5
62
-323
-375
294
513
324
7
-106
48
-172
-271
81
422
280
-147
-182
-56
30
-29
-42
345
277
-37
-17
-67
48
88
-37
-35
-116
-189
-221
-181
0
158
173
7
-49
-35
-164
-168
-87
40
105
-27
56
69
0
77
37
-48
-225
-315
-226
-185
181
601
943
867
185
27
-169
-432
-256
-90
302
112
-440
-458
-366
-42
-17
141
540
314
-98
-535
-332
93
-60
-3
48
83
-117
-559
-115
408
399
150
-95
43
-66
-305
-154
280
511
46
-241
-74
-15
-27
-30
255
448
148
-60
-59
-60
-66
-94
-121
-166
-227
-258
-158
-29
77
129
91
68
-61
-207
-142
9
-7
-59
-23
20
30
-29
-26
109
80
-135
-248
-247
-202
-32
270
524
791
570
46
2
-79
-154
-45
101
249
-175
-600
-561
-301
-36
-20
269
480
150
-294
-504
-152
129
74
61
0
-36
-339
-466
45
408
443
188
-42
-72
-165
-191
-53
341
395
0
-168
-88
58
104
58
264
337
47
-114
-119
-90
-79
-124
-165
-152
-128
-136
-136
-26
163
179
14
-23
54
17
-79
-23
39
-61
-151
-84
54
88
76
134
127
-23
-200
-279
-153
-78
65
312
591
776
307
9
88
-80
-184
-196
24
73
-417
-592
-457
-110
33
36
393
387
73
-268
-300
34
59
2
8
81
80
-253
-164
205
283
140
-104
-119
-52
-124
-83
129
352
167
-87
-46
47
119
55
57
218
60
-138
-46
7
71
37
-45
-91
-188
-196
-141
-91
32
108
30
-68
-7
59
18
-10
49
51
-93
-114
-14
58
63
37
64
33
-43
-143
-211
-90
-14
85
229
420
628
257
-25
83
-31
-146
-214
-70
-9
-420
-560
-361
-45
99
119
374
303
-29
-297
-273
38
139
109
77
73
26
-262
-244
81
190
46
-117
-61
6
-55
-51
121
310
131
-137
-114
12
68
33
35
122
51
-146
-128
13
98
51
-58
-106
-174
-234
-175
-82
18
49
4
-12
30
89
98
69
60
7
-109
-145
-52
2
6
25
-3
-43
-90
-114
-124
-102
-47
2
151
299
470
478
170
54
-59
-277
-320
-204
-23
-104
-319
-298
-170
-20
29
162
298
159
-36
-158
-40
132
156
106
23
-5
-135
-292
-132
136
199
50
-50
-24
-38
-56
66
269
245
27
-133
-178
-110
-15
28
117
137
6
-61
15
123
149
107
12
-130
-243
-286
-151
6
83
143
107
61
46
51
103
88
12
-80
-185
-159
-31
66
116
127
49
-74
-139
-120
-71
0
65
56
84
164
267
313
124
42
-15
-213
-271
-189
-15
-41
-216
-224
-137
-34
19
162
350
291
57
-169
-128
26
18
18
61
84
-79
-276
-140
121
190
53
-27
-27
-94
-167
-74
164
244
57
-142
-142
-55
-6
48
145
210
98
-118
-109
28
82
13
-51
-69
-143
-236
-173
17
135
139
88
58
48
49
74
102
84
14
-110
-164
-87
31
51
16
-6
-51
-111
-115
-12
30
-6
-52
-93
18
145
294
375
194
37
-162
-295
-262
-153
59
70
-64
-115
-145
-54
33
156
276
176
-2
-133
-97
12
75
102
71
-30
-176
-236
-117
85
151
60
-18
-98
-132
-94
45
221
217
44
-123
-169
-118
-36
63
154
155
30
-81
-52
10
54
39
-23
-102
-209
-231
-126
24
130
144
105
64
72
103
146
146
46
-101
-232
-237
-140
5
111
137
95
-14
-114
-121
-89
-46
-43
-40
-69
-64
79
240
335
201
50
-43
-179
-215
-145
2
37
-109
-240
-278
-138
30
154
311
343
186
-71
-162
-44
43
61
46
34
-55
-204
-198
-21
98
44
-21
-38
-20
-11
25
115
159
68
-118
-182
-76
51
101
68
65
10
-136
-152
-34
146
181
67
-13
-90
-118
-105
-41
64
91
43
-5
19
85
128
114
81
32
-69
-114
-66
34
84
30
-18
-79
-121
-74
8
74
37
-26
-66
-87
6
125
260
273
106
-37
-138
-178
-140
-33
53
2
-119
-202
-171
-48
48
125
161
114
-26
-99
-1
116
171
144
87
41
-55
-127
-81
24
29
-52
-106
-89
-14
32
73
104
95
-17
-150
-109
-15
42
16
-28
-15
-74
-60
32
113
176
99
-41
-161
-212
-143
-42
50
101
76
14
-51
-15
83
149
149
80
-28
-122
-147
-116
-32
-5
-20
-84
-160
-130
-65
22
75
56
11
-62
-62
51
171
291
280
157
15
-118
-165
-137
-39
49
4
-104
-187
-179
-99
-10
105
171
118
10
-62
-22
48
76
98
71
22
-41
-90
-52
35
48
-29
-105
-121
-76
-24
41
107
96
-6
-112
-102
-7
73
114
113
53
-41
-98
-86
7
79
88
21
-65
-85
-88
-25
75
137
134
43
-12
14
51
83
96
77
1
-109
-152
-102
-18
54
23
-50
-97
-152
-129
-58
33
92
53
-8
-33
4
137
237
288
201
10
-123
-233
-213
-102
22
75
-3
-98
-148
-120
-16
79
154
127
8
-81
-108
-10
101
174
183
110
-8
-122
-143
-76
-10
-26
-60
-80
-102
-83
9
118
157
101
-2
-74
-61
-15
-4
12
14
-18
-82
-77
-1
62
98
76
32
-9
-46
-22
20
37
34
10
-9
2
39
109
134
116
49
-48
-100
-112
-70
-22
-6
-17
-68
-140
-150
-84
22
104
116
77
0
-66
-66
-19
88
170
185
117
-47
-118
-153
-119
-39
34
64
-27
-127
-172
-124
-21
69
138
158
100
30
-26
8
70
84
54
-31
-81
-114
-112
-67
5
58
46
34
26
31
43
38
26
-20
-68
-84
-84
-65
-53
-24
5
19
26
29
40
42
29
19
12
0
-4
-12
-13
-14
-11
-9
-4
13
16
5
9
21
18
16
24
18
-4
-19
-16
-3
13
4
-20
-39
-71
-74
-54
4
48
38
8
-55
-64
-60
-16
63
113
137
33
-33
-62
-50
6
56
103
64
-7
-38
-38
0
54
63
62
-4
-59
-74
-38
42
77
73
18
-21
-45
-49
-5
51
31
-37
-95
-106
-86
-50
20
55
27
-22
-53
-64
-30
28
66
53
13
-12
-23
-18
19
41
33
11
-9
-1
-6
16
40
29
8
-25
-22
-6
7
26
14
-7
-22
-26
-6
5
30
45
13
7
-1
-13
-9
-26
-20
-16
-26
-17
-41
-50
-46
-38
16
27
69
89
71
58
6
-2
1
16
32
27
-13
-65
-106
-94
-41
24
75
63
31
-15
-42
-23
19
49
47
14
-22
-52
-56
-30
-6
1
-22
-33
-33
-17
28
47
60
33
0
-8
-17
3
22
33
30
6
-4
-1
18
48
37
17
-4
-25
-25
-31
-29
-26
-37
-44
-45
-20
18
42
45
21
11
4
-8
7
26
18
-13
-47
-67
-58
-32
2
25
32
30
7
-10
3
11
19
17
22
11
-24
-33
-34
-25
-18
3
14
30
27
22
26
17
13
14
26
19
16
8
-5
-21
-31
-25
-14
-3
-1
-11
-25
-21
-31
-25
-12
5
8
-3
-11
-27
-13
0
19
30
30
28
13
6
-9
-6
-5
-4
-7
-13
-10
-11
-10
-8
-6
-6
-4
7
22
24
25
8
-15
-24
-14
-2
-5
1
-1
-11
-15
-14
-7
22
41
34
21
4
-6
-5
4
23
30
22
0
-16
-27
-28
-21
-18
-15
-18
-14
-5
7
23
32
32
17
6
0
-4
0
-4
-7
-28
-39
-34
-29
-18
0
9
5
2
-1
14
31
31
29
18
12
2
4
12
19
22
12
-6
-15
-13
-7
-1
7
3
-11
-23
-31
-27
-15
-8
-4
-5
-14
-11
-3
14
23
30
29
19
1
-16
-23
-15
-7
1
6
0
-1
-16
-21
-13
-6
7
13
20
28
27
21
7
2
8
11
14
8
-1
-6
-20
-25
-22
-19
-7
-2
0
8
17
17
16
15
21
19
13
7
-12
-26
-30
-29
-24
-13
0
12
10
5
1
2
9
12
19
23
14
5
-8
-15
-10
-9
-6
-10
-13
-17
-20
-10
6
18
24
20
8
-12
-18
-15
-9
-3
-3
-6
-12
-17
-18
-4
10
22
26
14
6
2
-1
3
6
9
8
0
-3
-5
-4
-6
-3
-2
-6
-5
0
2
6
10
2
-10
-17
-14
-3
3
12
11
4
-4
-9
6
8
9
7
2
4
1
3
0
0
3
-6
-4
-1
6
9
8
8
1
-3
-5
-3
6
14
12
1
-15
-21
-23
-21
-12
-2
9
9
-1
-8
-11
-10
-2
4
16
17
15
3
-9
-13
-20
-13
-4
9
16
17
9
-3
-12
-17
-12
-1
14
18
13
6
-2
-6
-5
2
6
3
5
0
-5
-5
-5
-5
-3
-2
2
2
1
2
1
-1
-7
-7
2
9
16
18
17
11
-1
-1
2
7
11
13
8
-7
-18
-16
-9
-4
4
5
-1
-11
-15
-8
3
11
9
1
-5
-6
-7
-1
5
15
15
5
-5
-17
-17
-14
-5
0
6
11
6
0
0
5
6
6
9
10
4
-1
-4
-7
-9
-8
-2
6
13
13
9
1
-13
-21
-24
-15
-6
4
7
2
-6
-15
-12
-3
9
16
17
9
-1
-11
-14
-12
-9
5
9
1
-3
-6
-4
-1
7
10
7
1
-1
-2
-3
-1
-4
-3
-6
-4
1
1
0
0
-5
-9
-12
-8
0
11
17
13
7
-2
-14
-19
-13
-2
7
8
8
5
-1
-5
-5
0
8
9
8
6
2
3
0
-3
0
6
6
0
-4
-3
-2
-1
-1
0
-2
-6
-5
-3
4
9
9
2
-3
-8
-6
-6
-4
2
7
8
0
-5
-7
-3
1
6
12
12
4
-7
-11
-8
-1
3
5
7
4
0
-1
1
-1
-3
-1
-1
0
-3
-2
-1
-1
-2
0
0
2
2
7
7
-1
-1
-6
-9
-7
-5
-3
-3
-4
-2
-2
-3
-3
-2
2
7
6
3
-1
-2
-6
-9
-5
-1
1
1
-2
-3
-2
0
2
5
7
5
4
3
1
1
2
5
4
4
2
-1
-6
-7
-4
0
5
6
5
1
-1
-5
-7
-5
-1
5
7
9
5
0
-6
-11
-14
-13
-2
2
5
4
6
3
-3
-4
-6
-4
-2
-2
-1
-1
-1
-1
1
4
11
14
9
6
0
-2
-4
-5
-6
-3
-2
-2
0
0
-2
-1
-5
-3
-2
-1
1
2
11
9
7
4
-2
-8
-10
-6
-1
5
2
-1
-3
-2
3
5
10
11
6
0
-4
-5
-3
-1
-1
1
0
-3
-2
2
3
0
-1
-2
-5
-2
-1
3
4
2
-2
-5
-3
-5
-5
-3
-3
0
0
0
-1
1
1
4
4
0
0
1
4
1
0
3
3
2
1
2
8
9
5
1
-4
-5
-5
-3
0
3
3
2
-2
-4
-7
-3
0
-1
2
0
2
2
1
-2
-1
-1
-1
1
2
6
5
-1
-4
-2
1
4
8
10
9
5
-1
-5
-3
-2
-1
1
1
-2
-6
-7
-10
-6
-1
2
3
3
2
-3
-4
-4
0
1
3
5
4
5
3
1
1
-4
-2
0
3
2
4
4
1
1
-1
-3
-2
0
1
2
4
1
0
0
-2
-2
-2
1
2
3
0
0
-3
-4
-2
-3
-1
2
5
4
-1
-4
-7
-1
2
1
3
3
-1
-4
-2
-3
-3
-3
0
2
1
3
3
7
4
-1
-7
-3
2
2
1
1
2
0
-5
-6
-5
-3
-2
0
1
1
4
4
0
1
4
-3
-6
-2
3
1
2
2
-2
-1
-3
-1
-1
2
1
3
5
2
0
-4
-6
-4
-4
-1
0
2
4
2
3
2
-2
-4
-5
-3
0
4
10
6
2
-1
-6
-5
-5
-2
3
4
0
1
4
2
2
3
4
0
-4
-4
-5
-7
-5
-2
2
5
6
1
-3
-2
2
2
-1
-2
0
-2
-3
-5
-6
-2
1
0
-3
-1
-1
-1
-2
1
3
4
0
-2
0
0
0
1
1
2
3
3
-1
-2
-2
-3
-4
1
6
10
3
-1
-1
-3
-1
3
5
5
3
1
1
1
0
2
-3
-6
-5
-3
-1
-1
3
6
3
-1
-1
2
2
-5
-4
-2
3
7
3
1
3
1
0
0
-1
1
-3
-3
-2
0
3
3
2
-2
-4
-1
1
2
5
3
0
0
-1
-4
-3
1
4
5
3
1
-1
-2
-2
-3
-7
-4
3
4
4
-2
-3
3
4
1
-3
0
5
2
2
7
5
0
-3
1
4
2
-2
-4
-5
-7
-6
-1
4
3
1
-1
-3
-1
-1
-4
-3
1
3
4
2
1
3
1
3
3
3
5
2
2
1
0
-5
-11
-8
-4
-2
0
3
6
10
5
1
-3
-4
-4
-3
1
2
3
-1
-1
-3
-8
-5
2
9
9
3
1
1
0
-4
-7
-3
-2
0
1
-2
1
0
-1
-3
-2
2
4
0
0
-3
-7
-4
-3
3
6
7
5
-1
-2
-6
-6
-3
1
1
5
8
2
0
-5
-5
-6
-4
-3
0
4
1
-1
-1
1
1
3
0
0
0
-1
-1
-7
-9
-5
1
2
2
5
6
4
-3
-4
-4
0
-2
-2
0
-2
-1
-3
-5
-3
2
-1
-3
-2
3
3
1
-1
-1
1
-1
1
0
-3
0
2
-2
-5
-2
-3
-5
-4
-4
-5
0
2
1
1
5
4
0
-4
-2
-2
-2
-1
4
8
9
9
3
0
-2
-3
-9
-6
-1
1
2
2
1
0
2
3
2
0
-1
-3
0
-2
-8
-6
-4
-1
1
4
3
7
5
2
1
1
6
3
-2
-2
1
0
-5
-6
-1
2
3
3
3
7
5
-1
-5
-4
1
0
1
1
0
1
1
-3
-4
-3
2
5
1
-4
-5
-1
2
5
1
-2
-7
-8
-6
-5
2
7
10
5
3
0
-1
-3
-2
0
-2
3
5
10
4
2
5
7
4
2
4
4
1
-3
-5
-3
3
6
3
3
-1
-6
-7
-4
2
5
9
5
2
1
-1
-6
-11
-8
-4
3
5
5
5
3
2
0
0
-2
-1
1
-3
-5
-4
2
1
1
1
1
0
-4
-3
-2
-2
3
3
-1
0
-1
-4
-6
-3
2
5
6
3
-1
-4
-2
-1
-1
5
3
-1
-2
0
-2
-3
-3
-3
-3
-2
0
3
3
-2
-5
-6
-5
-1
-1
0
1
0
-1
-3
-2
1
3
1
-5
-8
-3
-3
-4
-3
3
7
9
6
-2
-4
-4
-1
-2
0
4
5
8
0
-7
-7
-2
1
4
7
11
5
-2
-3
-8
-7
-2
0
3
3
8
7
0
-2
-7
-5
0
5
7
3
0
-2
-2
-3
2
3
2
2
1
1
0
-3
-1
1
0
0
3
2
0
-1
-3
-6
-4
5
5
5
3
-5
-9
-9
-4
4
8
6
-1
-2
-4
-6
-4
-3
2
2
3
2
0
-1
-4
-7
-6
-1
0
3
2
1
0
-5
-2
-1
1
2
4
3
-2
-2
2
2
8
7
2
4
2
-1
-6
-8
-5
1
6
4
5
4
0
-1
-2
-2
1
3
3
0
0
4
9
6
1
2
1
-1
-2
-3
0
1
-1
-1
3
4
0
-3
-4
-4
-1
4
1
0
2
2
0
-1
-1
2
1
4
1
-1
-1
-5
-4
-1
1
1
-3
-2
-2
-1
-1
-1
-3
2
6
5
7
1
0
-4
-8
-7
-2
2
0
1
2
1
2
3
0
2
1
-4
-4
-6
-6
-8
-4
-2
0
5
4
2
3
4
0
-2
0
1
4
3
0
-4
-3
1
0
-5
-6
-1
0
1
0
2
4
-2
-4
-2
1
0
-3
-5
-4
-2
0
1
3
3
3
2
-5
-6
-3
2
3
0
-2
-2
-2
0
5
5
7
4
0
-1
0
2
3
-2
-2
0
1
0
-5
-3
-4
1
3
-3
-3
-2
-1
-1
0
2
5
4
1
-2
-4
-3
0
-1
2
1
1
-2
-4
0
0
5
4
4
5
5
3
0
-4
-4
0
-1
-1
1
2
3
-4
-7
-5
-2
3
3
1
1
-1
-2
-2
0
2
-1
0
2
1
2
-2
-2
0
-2
-1
-1
2
5
5
0
-4
0
-3
-2
-2
1
6
3
3
3
3
-1
-2
-3
-2
-1
-2
0
-4
-4
-3
-3
-4
-2
1
6
4
2
-2
-3
-2
-1
1
2
1
-1
-6
-7
-4
-3
1
4
3
-1
-6
-3
1
1
3
2
5
4
0
1
-4
-5
-5
1
5
5
0
-5
-6
-5
-4
-4
1
4
3
3
-1
-7
-8
-5
-3
0
6
6
6
3
1
1
2
5
5
1
-3
-4
0
6
4
3
0
-1
0
-2
1
3
1
-2
0
2
0
1
1
-4
0
0
4
4
3
2
2
3
1
-1
-3
-2
0
0
2
5
3
2
2
1
-2
0
0
0
1
1
4
3
2
1
0
0
-1
1
2
1
1
-4
-6
-1
2
1
1
-1
-4
0
-1
0
-2
-1
2
4
3
-3
-4
-3
-2
-1
2
5
1
-2
-2
-1
-1
1
0
0
0
0
-1
-2
-1
-5
-5
-3
-5
-2
0
3
5
5
4
0
-1
-1
-1
0
0
-1
-2
-3
-4
-2
0
1
0
0
3
5
3
-3
-3
0
3
1
1
1
3
4
1
-4
-2
-1
-4
-5
-1
0
-2
-5
-1
3
5
3
-1
-1
-1
-1
-1
2
1
-1
-1
-2
-1
4
5
0
2
1
1
0
-5
-8
-6
-2
0
3
3
4
3
0
-1
0
-2
-2
-1
-2
-3
-1
3
3
3
2
1
-3
-2
1
-2
-4
-6
-8
-6
0
3
3
3
5
7
6
2
-4
-7
-5
-4
1
3
5
3
5
3
-1
-1
-1
-1
-2
-4
-3
-1
2
2
1
-1
-1
-3
-2
-2
-1
1
-4
-2
-3
-1
5
5
4
3
3
-2
-4
-1
1
4
3
-2
-2
3
2
-2
-2
1
4
7
5
1
0
0
1
1
0
-1
-1
-2
-1
-1
-1
2
6
6
7
4
2
-3
-3
-3
-4
-4
-4
-2
-1
0
-2
-4
-1
3
2
1
1
0
1
0
0
-2
-2
-1
2
0
2
2
-1
-3
-4
-2
3
1
1
2
1
0
-2
-2
-2
0
-1
-5
-1
3
2
-2
-4
-2
-2
-2
0
0
0
2
1
1
1
0
-2
-3
-2
1
2
3
1
0
-1
-1
-1
0
1
3
2
-1
-3
-4
-2
-3
-5
-6
-1
2
1
-1
-1
2
-2
-4
-4
-3
0
-2
-3
-1
1
0
0
0
6
5
2
0
-4
-1
0
3
4
4
2
0
3
5
4
0
-1
0
2
1
3
4
5
3
-3
-5
-3
3
1
0
3
3
-2
-2
-4
-3
-1
-1
-2
-1
2
2
2
0
-2
-1
0
1
2
1
-1
-3
-4
-2
-3
-2
0
-2
-4
-1
-1
1
1
1
2
1
-1
-1
0
2
0
1
1
2
4
2
-1
-2
-2
0
0
1
2
-3
-2
-1
-2
2
2
2
2
-1
-3
-3
1
0
-4
-2
-2
-3
-3
-3
-1
2
2
2
-1
-4
-4
-2
0
4
4
4
0
-6
-7
-3
0
3
4
6
6
6
3
-1
3
1
0
-1
0
-4
-5
-5
-4
2
4
6
3
-1
1
0
2
4
4
4
0
-4
-3
-2
-2
-1
0
2
1
-1
1
-2
-2
-1
2
9
3
-7
-7
5
10
8
-4
-7
-3
5
5
-1
0
2
1
-9
-7
0
6
5
-2
-4
-7
0
6
7
1
-9
-12
-4
3
8
8
-1
-3
-3
-3
-4
1
6
3
0
2
1
2
4
3
0
-6
-4
-4
5
8
1
-8
-10
0
6
7
1
0
3
4
-1
-2
1
-1
-2
-3
-4
0
3
1
-4
-3
-3
-5
-1
3
6
5
2
0
-2
0
-4
-7
-4
-2
5
9
7
5
4
0
-5
-4
-1
0
1
-1
-2
-2
0
1
-3
-3
0
2
3
3
-1
-2
-6
-6
-2
4
8
4
-4
-7
-6
-4
1
2
1
-2
-4
-4
-3
0
3
5
2
2
-2
-2
-1
0
6
6
3
0
-3
-3
-5
-1
-2
-1
1
3
4
4
0
0
1
-1
1
0
0
0
-3
-2
-3
-1
3
1
-1
-3
-1
-2
-2
-3
-2
-1
0
1
0
3
3
1
2
-2
0
2
-1
-1
-4
-4
-3
0
3
4
5
4
-1
0
-1
4
7
5
-1
-8
-7
-3
2
5
2
-1
-1
-2
0
-3
0
2
1
1
1
-3
-1
1
4
3
4
6
6
6
2
-1
0
2
3
7
3
-3
-6
-5
-2
-4
-1
-2
0
2
4
3
0
2
4
1
-3
-5
-7
-3
-1
3
6
3
3
2
3
3
1
-3
-4
-2
1
3
2
1
2
2
1
0
0
2
3
4
3
0
0
0
1
-2
-6
-5
1
5
7
3
1
-1
-5
-6
-5
-4
-3
0
3
4
3
3
1
-1
1
1
2
-1
-1
-1
-5
-3
0
2
0
0
3
-2
-2
-1
-1
1
1
1
2
1
-1
0
3
1
0
-2
-2
-1
-3
-4
-5
-4
-1
-1
-2
-4
-4
-1
2
1
-1
0
-3
-2
-5
-3
2
2
3
3
2
1
1
1
0
0
-1
-1
1
0
-1
-1
-2
0
4
5
4
3
0
0
1
2
2
1
-1
-3
-3
0
2
2
0
-4
-2
1
2
3
1
-1
1
1
-2
-3
-3
-1
-1
-2
-1
0
3
3
-3
-5
-6
-5
-2
1
3
5
3
-1
-3
-4
-3
-1
3
4
5
3
1
-1
-1
1
-3
-1
3
3
2
0
-2
-4
-3
1
0
1
2
-2
-2
-1
-2
3
2
1
1
0
1
1
1
-2
-1
0
4
3
-1
-3
-3
-3
-3
2
0
0
2
2
-1
-2
-2
-5
-7
-6
-2
0
-3
-3
-1
-1
-2
-3
-1
3
4
0
0
0
-1
-2
-4
-5
-4
0
0
2
6
3
2
0
-2
-1
-1
0
1
-1
-3
-5
-4
-1
1
1
0
2
1
1
-2
0
-3
-4
0
0
5
4
3
1
-4
-2
-1
0
-2
-3
-2
1
3
2
-1
0
2
1
1
1
3
3
1
1
-1
-1
1
-1
-1
0
-2
-1
-2
-2
3
5
1
-1
-2
-1
0
2
0
-4
0
1
-2
-4
-2
-2
-1
-4
-4
-2
0
0
0
-2
0
4
5
5
2
-3
-4
-3
-2
-2
5
5
2
0
-3
0
0
-2
-1
1
-1
-3
-2
2
4
3
1
1
1
1
2
4
4
3
1
-4
-3
1
0
2
2
1
-1
-2
-2
-1
2
1
0
0
2
0
0
-1
-2
-2
-2
0
2
3
1
1
-4
-1
3
2
3
3
5
5
3
2
-3
-6
-4
-3
-1
4
1
0
1
1
1
0
0
0
0
-2
-1
3
3
-1
0
0
-1
0
0
-1
-1
1
2
3
0
-3
-5
-3
-1
2
3
2
2
1
-2
0
1
3
3
1
1
2
3
1
4
1
-1
0
-1
-1
0
3
1
1
-1
-3
-1
-2
0
-2
-6
-5
-3
0
1
3
3
0
-1
-1
-1
2
0
-1
-1
-3
0
0
3
2
-2
2
6
4
3
-1
-3
-4
-6
-5
-2
0
1
-2
-4
-5
1
2
0
-3
-3
1
4
3
2
-1
-2
-3
0
0
0
0
0
2
2
0
2
3
2
0
-1
1
-1
-3
1
2
2
2
2
4
2
0
0
2
1
1
0
1
3
0
-2
-4
-4
-3
0
3
1
-1
-3
-2
2
0
1
-1
-4
-5
-4
-4
-2
-2
-3
0
-1
0
2
0
-1
0
2
2
0
1
0
-1
-1
-3
-2
-5
-3
2
4
4
4
-1
-2
-2
1
3
1
1
2
0
-4
-3
0
2
5
3
0
-3
-1
0
-2
-1
0
3
1
0
0
0
-1
-4
-5
-3
0
0
1
6
7
3
1
-2
-1
1
0
-2
-2
2
4
1
-2
-1
1
-1
0
3
2
2
2
1
-1
-1
-1
1
0
-1
2
3
1
2
1
1
1
3
4
-1
-1
0
-1
0
-2
-3
1
4
5
4
3
2
2
3
3
3
2
-1
-5
-4
-2
0
0
0
0
-2
-1
1
1
-1
-1
-4
-7
-6
-1
3
3
3
0
-1
-1
0
0
0
-2
-4
-5
-5
-6
-4
-4
-1
5
6
3
-3
-4
0
2
1
2
4
5
1
-3
1
2
3
1
-1
0
-2
-2
-1
1
4
2
0
2
1
1
2
1
3
2
0
3
4
5
3
-2
-2
-4
-5
-2
-1
0
-1
1
1
1
0
0
-2
-1
-2
-1
2
5
2
2
2
-1
-2
0
4
3
0
-2
-2
0
2
0
1
4
3
5
2
1
-2
-6
-1
0
0
4
2
-1
0
-5
-5
-2
1
4
-1
-3
-1
1
-3
-3
1
0
-5
-4
-3
3
7
4
2
1
-3
-3
0
1
-1
-4
-4
-5
-4
-1
3
6
1
-3
-3
-2
1
-1
-6
-7
-4
-2
-1
2
4
3
4
1
-4
-4
-1
-1
-2
1
1
0
0
-1
-1
1
-1
-1
2
5
6
4
0
0
2
1
1
-2
-1
0
-2
-4
-1
2
4
2
0
1
-3
-1
3
3
2
0
0
-2
1
1
0
4
3
0
-1
0
0
-1
-4
-5
-2
-2
-1
1
3
1
-1
-1
0
3
1
2
-1
-4
-1
1
-4
-4
-1
2
4
4
2
-2
0
2
2
1
-2
1
-1
-3
-1
-1
-3
-1
3
4
-1
-1
0
2
0
-1
-1
-1
-1
-1
1
4
7
2
-2
-6
-6
-3
-2
3
7
8
6
1
-1
-3
-2
4
2
4
4
1
2
1
-1
0
0
2
2
2
3
-3
-3
-4
-3
2
0
1
3
5
6
3
0
-3
0
0
-3
-1
0
2
1
0
-2
-1
-5
-8
-6
-1
4
6
5
5
5
2
-4
-1
3
2
3
3
0
0
1
-4
-3
3
5
2
0
-4
-7
-3
-2
-1
2
5
5
-2
-4
-5
-4
1
4
6
4
1
1
-4
-6
1
3
5
5
1
2
2
0
-4
-6
-2
-2
0
3
7
5
0
-7
-7
-6
-2
0
-2
-2
-3
-1
0
0
0
-4
-4
-3
2
5
2
1
1
-1
-2
-1
1
3
1
0
1
-3
-5
-2
3
3
1
0
5
4
-3
-7
-5
-1
-2
-1
1
3
-2
-2
-2
-4
0
0
1
1
3
-2
-9
-8
-2
1
5
9
9
7
-1
-7
-10
-6
-3
-2
1
5
10
10
3
-2
-5
-5
-2
1
5
3
2
-1
-1
-4
-3
-1
-2
-1
3
3
3
3
0
-3
-3
-2
3
6
6
3
1
-1
-5
-7
-8
-6
-2
3
4
6
0
-9
-8
-5
-2
3
4
5
-1
-3
-5
-7
-6
-5
-2
-1
5
6
7
4
0
-2
-4
-2
0
2
3
7
4
-1
0
-3
-2
-2
-2
1
4
3
0
0
-1
-5
-1
3
3
4
2
1
-1
-4
-6
-7
-2
4
8
5
0
1
0
-2
-2
-1
-3
-4
0
-2
0
3
2
6
6
3
-1
-2
-2
0
-2
-6
-2
3
2
1
1
1
0
1
-2
-4
-6
-3
3
3
2
-2
-2
-6
-3
3
5
5
6
2
-8
-10
-6
1
5
6
6
0
-4
1
-3
0
3
3
2
0
2
-1
-3
-6
-8
-4
2
3
4
5
3
-2
-5
-6
-1
3
0
-1
4
5
-1
-5
-5
-2
1
2
-2
1
3
-1
-1
0
-1
3
3
0
0
1
-4
-4
0
2
1
-2
-2
0
2
1
-2
-5
-1
2
1
0
0
-1
-1
-2
-4
0
-1
-2
-5
-3
2
2
0
-2
0
5
8
4
5
5
2
-3
-2
0
0
2
4
3
4
3
0
0
1
2
1
3
5
2
2
1
-1
-1
-4
-5
-1
1
1
1
4
0
-5
-7
-6
1
7
4
4
3
1
-4
-6
-1
-1
-2
-6
-3
5
4
1
-2
0
1
0
-1
-2
3
2
2
1
-1
-1
0
-2
-2
2
2
0
-2
-2
-4
-4
-3
2
3
0
-1
2
0
1
2
-1
2
-1
-3
-5
-1
5
3
1
-2
-1
1
1
-2
-1
2
2
0
-2
-1
2
-2
-2
-2
0
0
-2
-3
1
3
3
1
1
4
4
1
-2
0
0
-1
-1
-1
1
1
-1
0
-2
-2
3
4
0
-6
-8
-3
0
2
3
4
3
1
-2
-3
-2
0
1
2
3
6
8
3
-5
-4
-2
-1
1
2
4
3
0
1
3
-2
-4
-3
0
4
4
2
-1
-2
0
2
2
0
-2
1
3
0
-3
-2
1
3
1
2
2
-1
0
-1
0
2
1
1
1
4
5
1
0
-1
-2
0
-1
0
4
4
-1
-4
-4
0
1
0
1
6
6
-2
-8
-5
-2
-1
-1
-1
5
9
5
-2
-3
-2
-3
-6
-4
2
8
6
2
2
-1
-5
-5
-1
1
5
2
0
2
0
-2
-3
0
0
-1
-1
-1
0
-2
-6
-6
-2
0
0
-2
-4
-1
1
-1
0
4
2
-1
-3
-3
-2
0
-1
-2
1
2
1
1
-2
-2
0
1
0
2
5
0
-1
-1
-3
-1
0
0
1
0
2
-1
-2
-2
-4
-3
-2
5
5
2
1
-2
-7
-6
-3
1
3
3
6
3
1
1
-3
-4
0
0
1
2
3
2
-2
-2
-1
-3
-1
2
1
-1
-3
-4
-1
3
4
4
3
4
5
5
1
-3
-2
-3
-4
-2
2
5
5
0
-4
-4
-3
-2
-4
-1
5
7
4
0
0
0
0
0
-1
0
4
3
1
0
0
-2
-7
-8
-3
0
3
4
1
-1
-4
-1
1
0
0
-1
0
-1
0
1
-2
-5
-4
0
3
5
3
4
2
-2
-1
-2
-2
-1
-3
-4
-4
-1
1
2
7
7
2
-5
-7
-6
-1
-2
0
4
8
10
6
-2
-6
-6
-5
-3
4
6
4
3
2
1
1
-2
-1
-1
-2
1
2
2
3
2
-3
-4
-1
2
2
4
5
0
-3
-5
-2
1
-1
1
4
5
4
1
-3
-7
-5
-5
-4
-2
2
1
-3
-5
-4
1
2
1
2
0
-3
-2
-1
0
1
-2
-1
1
3
1
-2
-4
-5
-7
-4
-1
2
3
-1
-2
-4
-5
-1
0
1
5
5
7
3
1
0
-3
-3
0
3
3
-1
1
3
0
-3
-2
0
0
2
1
1
0
1
-4
-3
0
0
3
5
7
6
8
3
-1
-6
-4
-2
-3
4
5
6
3
1
2
1
2
2
2
0
-2
-3
-3
-2
-1
-1
4
6
4
2
-2
-2
-6
-3
-1
1
1
-1
0
-2
1
1
-2
-1
1
3
2
2
0
0
-1
-2
-2
0
2
3
1
4
2
-1
-1
0
-3
-1
-1
-3
0
5
9
9
6
1
-3
-4
-3
-3
-2
-3
-6
-4
-1
1
1
1
-1
0
-1
2
3
-1
-4
-6
-6
-2
3
6
6
3
0
-4
-6
-4
-2
0
-3
-5
0
2
6
5
2
2
-2
-4
-5
-5
0
0
2
-2
-3
0
2
1
3
1
2
2
-3
-5
-5
-3
1
2
3
5
2
1
-3
-3
-1
-2
-2
0
0
-1
0
1
3
3
4
-1
-4
0
1
1
4
5
4
1
-2
-8
-6
-3
2
5
5
5
1
-1
-6
-2
3
4
0
-3
-1
3
3
0
-2
1
1
-3
-6
-5
-2
-3
-4
-1
3
4
5
3
0
-3
-2
1
2
2
1
3
2
-2
-1
-5
-2
2
-2
-4
-1
1
-4
-5
-1
6
5
2
-1
-3
-2
-1
-1
-1
2
-2
-7
-6
-1
2
-1
-2
-2
0
3
3
5
3
-1
-5
-4
-2
-2
3
5
3
2
3
6
5
2
2
3
2
3
4
4
-2
-5
-8
-8
-3
3
2
3
6
5
1
-1
-4
-9
-6
1
6
9
11
7
3
-2
-3
-3
-6
-5
-2
1
0
0
1
0
-1
0
0
0
2
3
3
-4
-8
-6
-6
-4
1
1
4
3
-1
-2
-4
-4
-3
-3
1
2
4
1
-1
-3
-2
-1
3
5
4
4
-3
-5
-5
-3
1
1
3
5
6
6
3
1
-1
-5
-5
-5
-1
-1
-1
1
5
0
-2
-3
2
5
4
1
1
2
-1
-3
-4
-5
-5
-2
1
3
2
-2
-2
-1
-1
1
0
1
0
1
0
-2
-3
1
3
5
7
4
0
0
-1
-2
-4
-2
4
3
2
-2
-4
-3
-5
-4
0
0
4
6
1
-2
-4
-1
0
4
6
6
3
1
-4
-6
-3
-5
-2
2
2
2
-2
-2
-3
-4
-2
-1
1
4
4
3
0
2
2
-3
-3
-2
1
5
5
0
-2
-5
-11
-13
-8
-3
1
3
5
3
-5
-2
-4
-3
-2
-4
1
1
1
-1
-5
-3
-2
-1
1
2
0
-4
-9
-5
-4
-1
0
-1
-2
0
2
1
-1
-6
-3
-2
-4
0
7
9
2
0
0
-1
0
-3
-1
2
4
3
1
0
-2
-5
-6
1
3
5
2
2
1
1
0
-1
1
2
0
-1
2
0
0
0
0
3
1
2
1
5
1
-2
-4
-5
-3
0
2
3
5
2
2
2
-2
-2
-3
-3
-2
-3
-1
0
-1
2
2
1
3
0
-4
-4
-1
3
1
-1
2
5
6
3
3
4
2
1
-2
-5
-2
-1
0
2
2
4
5
2
-4
-6
-1
0
0
4
4
6
5
0
0
2
3
2
3
4
7
1
-2
-2
-4
-3
-4
-4
-1
2
0
1
0
-1
-2
1
2
2
2
-1
0
3
3
2
0
0
2
6
4
3
2
1
0
-1
-4
-4
-4
-4
-4
-1
-1
0
4
2
2
2
2
1
1
2
0
-3
-5
-9
-8
-3
3
6
5
3
-1
-4
-4
-3
0
1
0
-4
-3
1
1
-3
-3
-3
0
4
2
1
0
0
-1
3
6
3
2
-4
-5
-4
-1
1
3
2
4
5
4
4
0
-2
-1
0
-2
0
-1
1
0
-1
3
7
10
8
0
-7
-10
-10
-6
1
6
7
7
3
0
-5
-6
-5
-3
1
1
3
5
4
0
0
2
0
-1
0
1
1
3
0
-1
2
0
-1
-1
-1
0
0
-1
-1
-2
-2
-2
0
1
1
1
0
-1
-3
0
2
-1
-2
1
-1
1
2
1
-1
-1
-4
-3
-1
-3
-3
-2
1
1
1
0
-1
-3
-2
-5
-6
-4
-2
3
3
3
0
-2
-3
0
0
0
4
6
3
1
2
2
0
-3
-4
3
6
4
1
-1
-1
-1
-1
1
5
2
-2
-3
1
-1
-1
1
4
8
6
1
-1
-1
-3
-3
-1
-1
0
-1
0
0
-1
-1
1
2
0
-1
-1
-1
-3
-2
-3
1
4
3
3
2
2
0
-3
0
3
2
3
3
1
0
-3
-2
-1
2
4
4
0
-2
0
-1
-1
0
2
0
1
-2
-4
-2
-2
-3
-2
1
4
5
5
8
5
-2
-5
-5
-4
-6
-6
-1
2
4
2
-3
-4
-5
-3
-1
-1
2
4
0
-4
-2
-4
-4
-4
-2
1
1
-1
-3
0
3
2
0
-1
1
1
-2
0
3
2
1
0
0
1
2
1
-1
0
3
4
2
0
-2
0
1
0
0
-2
0
-1
-3
-4
2
2
0
4
4
1
-3
-6
-6
-4
-2
0
2
3
4
1
2
2
3
0
-1
-3
-3
-4
-5
-5
-2
6
10
9
7
3
2
-2
-5
-4
-1
1
6
9
5
3
-1
-2
-3
-1
0
0
2
3
6
8
9
5
0
-3
-6
-4
-3
1
3
3
0
-2
-2
0
-2
-3
-4
-3
0
2
0
-5
-3
0
2
0
-3
-3
-5
-5
-2
5
5
1
0
-1
-3
-2
-1
-1
0
3
4
1
0
-1
-4
-4
-2
1
3
1
-1
-3
-5
-2
-3
-2
-1
-2
-3
-6
-3
-1
-1
-3
-5
-4
-3
-3
-3
-1
-2
0
0
-4
-6
-2
2
3
6
10
7
2
-2
-5
-6
-4
-4
-3
0
4
5
4
2
2
2
4
3
2
2
1
1
0
1
4
4
6
7
4
1
2
-1
-5
-4
-1
-1
2
5
3
2
-1
-4
-3
-1
1
1
-3
-4
1
4
2
0
1
-2
-2
-1
2
-2
-4
-1
1
3
2
1
2
0
-2
-4
-6
-3
0
2
0
0
2
1
-2
-1
-1
0
1
1
-1
-6
-5
0
1
3
1
-2
-1
-2
-3
-2
-1
0
0
4
4
2
2
-4
-6
-1
1
1
2
4
8
2
-4
-4
-5
-1
5
4
3
4
2
-5
-8
-6
-2
-1
2
1
1
4
3
1
-1
-4
-5
-3
-2
1
2
3
2
-1
0
1
1
-2
-3
2
2
0
-2
-1
0
1
1
0
3
5
5
2
-1
-1
0
-2
-3
-1
2
0
1
1
3
2
-1
-4
-2
-1
-1
-1
0
1
3
3
2
2
0
3
-1
-5
-5
-4
-3
-1
1
2
4
2
-1
-3
-2
-2
0
1
-2
-4
0
3
3
1
0
1
1
1
-1
-2
-2
-1
-1
-1
0
3
3
4
1
1
-2
-3
-3
-2
1
3
4
2
1
0
-1
-1
0
0
0
0
-2
-3
-4
1
3
2
3
0
0
-1
-3
-2
-3
-1
1
2
1
1
2
0
-1
0
-1
-1
0
-3
-4
-1
0
2
-3
-3
0
-1
-2
0
2
5
4
2
0
1
3
1
-1
0
-1
1
-1
-2
0
-2
-3
-1
0
1
4
3
0
-2
-1
2
2
2
0
-1
1
1
-3
-3
-1
0
-1
1
2
0
0
2
4
4
4
2
0
1
-1
-1
-1
1
-1
-1
0
1
1
2
4
3
4
4
3
0
-1
1
0
1
3
1
-1
-2
-2
-6
-2
0
1
1
-1
-1
-1
5
4
1
2
2
1
0
0
1
2
0
1
-1
-1
-1
-1
-1
-1
1
2
2
1
0
0
0
1
-3
-3
-1
-1
2
-1
-1
1
0
0
1
2
-1
-2
-2
-1
1
-1
-2
-1
2
2
2
0
1
-1
-5
-3
1
1
2
4
4
2
0
-2
-4
-4
-4
-2
2
3
0
-1
-1
-3
-3
-4
-2
-3
-5
-5
-3
-2
0
0
-1
2
3
3
-2
-3
-3
-1
-1
-2
0
-1
2
2
4
2
0
-4
-3
-1
-1
1
1
0
-2
1
1
1
3
3
2
0
-1
2
3
3
-1
0
0
-1
-3
0
2
1
2
0
-1
-2
-1
-2
-3
1
3
3
0
1
1
2
2
1
3
2
1
0
-3
-4
-4
-1
2
2
3
4
0
-4
-4
-4
1
2
4
4
5
5
2
1
1
-2
-1
-1
0
3
1
1
0
1
-1
0
0
-1
0
-3
-6
-5
-2
1
3
3
5
4
1
-4
-2
-3
-3
-4
1
3
3
4
4
1
-5
-7
-3
-1
0
0
0
-1
1
1
-1
-4
-4
1
3
3
-1
-2
-4
-4
-2
1
3
5
4
-1
-2
-6
-6
-6
-4
-1
-1
-1
2
3
2
2
0
-3
-4
-3
0
1
1
-1
-2
-5
-5
-2
0
0
4
2
3
1
0
0
-3
-2
0
3
1
1
3
1
-1
-1
-3
-4
-2
-1
1
-1
-1
-3
0
0
1
4
6
6
2
1
0
-3
-3
-2
-2
1
7
9
5
-1
-5
-5
-4
0
0
0
5
6
4
2
1
-1
-1
2
2
3
0
-3
-7
-4
-2
2
5
4
5
5
5
0
-3
-5
-4
-1
-1
2
4
4
0
-3
-4
-3
-4
-2
1
2
4
2
1
0
-2
-2
-3
-2
-1
2
3
3
1
-2
-3
-4
-3
-3
1
0
2
2
0
4
3
-1
-1
0
0
0
-2
-2
-4
-1
2
1
-2
-4
-2
-2
-2
-1
2
1
-2
-4
-5
-3
0
3
3
4
3
4
3
1
1
-2
-1
-1
-2
-4
-1
1
1
1
1
4
3
2
0
-2
2
0
-1
1
3
3
2
-1
-1
0
-1
0
-2
0
1
-1
1
1
0
-1
-3
0
-4
-1
1
-2
0
1
4
5
4
2
1
-2
-6
-6
-3
-1
0
4
2
0
-2
-3
-3
-4
0
0
1
3
2
0
-4
-3
-4
-2
0
-1
0
0
0
0
0
1
-1
-1
0
2
3
1
1
1
0
-1
-1
-1
3
4
3
3
0
-1
0
-2
-2
2
2
1
4
0
-1
0
-3
-1
0
1
3
3
2
0
-3
-2
-3
-1
0
-1
-1
0
1
2
-1
0
0
0
1
0
0
-1
-1
-3
-1
4
2
1
4
4
4
1
-4
-1
1
1
-1
-1
1
0
0
-3
-3
1
1
-2
1
2
1
-1
-1
0
1
1
2
2
-1
-1
-2
0
-1
-4
-1
0
2
2
2
3
2
0
-4
-3
1
2
1
3
1
2
1
-2
-4
-1
1
2
2
4
5
2
3
1
-2
0
0
-3
-5
-3
-3
-2
1
2
3
2
-1
-1
1
1
0
-3
0
1
0
-1
3
5
4
2
-1
-2
-2
-5
-7
-4
1
2
3
1
1
3
0
-1
-2
0
-1
0
0
-2
-2
0
0
0
1
-2
3
4
3
3
1
2
0
0
-1
-3
-5
-5
-4
-2
3
3
5
1
-2
-4
-5
-1
-1
2
2
4
4
1
0
-1
0
1
3
3
2
3
-1
-1
-2
-3
-3
-4
-2
1
1
0
-1
-2
-4
-3
2
4
5
2
0
-3
-5
-4
-2
1
2
0
-1
1
3
2
2
2
3
1
3
1
-2
-3
-3
1
0
1
0
0
-2
-4
-4
-4
-2
0
0
1
3
2
4
3
0
0
-1
3
1
1
1
2
0
-1
-3
-4
-1
-1
-2
-3
-1
-1
-2
0
-2
1
2
1
0
-3
-2
-2
-1
1
1
2
2
3
3
0
-1
1
-1
-2
-2
-1
1
1
-1
0
2
2
4
4
3
1
-2
-4
-2
3
2
0
2
3
3
1
0
1
1
-2
-3
-4
-2
0
-2
-3
1
0
-1
-2
-3
-2
-2
-2
-2
-1
1
-1
1
2
0
2
-2
0
-3
-3
-1
0
0
2
1
1
-1
-2
0
1
2
1
-2
-3
-2
-3
-1
2
3
2
0
0
-1
2
-1
-2
-3
-6
-2
-1
0
-1
-2
-2
0
3
3
2
2
1
-2
-2
0
0
1
2
3
1
1
1
1
3
3
1
-2
-2
-1
1
2
0
2
0
-2
-2
-2
-2
1
4
2
2
5
3
-1
-2
-5
-4
-2
-5
-1
2
4
6
5
4
1
-3
-3
-3
-1
0
1
2
1
0
-1
-2
-2
0
-1
-2
0
4
5
1
2
5
5
2
1
1
0
-4
-6
-2
-1
-2
-3
-2
1
-1
0
2
2
3
3
1
3
-1
-2
-1
-3
0
0
1
3
3
-1
-4
-4
-1
0
0
1
1
1
3
2
1
-4
-5
0
4
5
2
-2
-2
-2
-4
-2
3
4
2
3
0
-3
-2
-3
-3
-3
-3
-1
-1
-2
-3
-3
-3
-1
3
5
3
1
0
-3
-3
-3
-2
1
4
4
6
5
1
-1
-4
-2
-2
-4
-3
-1
0
2
1
-1
-1
2
3
0
1
1
-1
-4
-7
-5
0
2
6
7
5
2
-1
-1
-1
-4
-4
-3
1
2
2
2
-1
-4
-3
0
2
4
5
3
-2
-1
-4
-4
0
1
1
0
-2
-1
0
2
0
-1
-2
-3
-2
-2
2
0
1
0
0
-1
0
0
1
0
-3
-5
-2
0
3
4
3
0
-3
-3
0
5
6
4
0
-3
-3
-3
0
3
1
-2
-1
0
2
2
0
-1
-1
-2
-2
2
3
2
0
2
4
2
1
1
0
-2
-2
-1
-1
-1
-1
-3
-2
-3
-2
0
0
0
2
2
-2
-2
0
2
3
4
2
1
0
0
-1
0
-1
0
0
2
4
5
3
-1
-2
1
5
6
5
2
-2
-5
-2
-3
-1
-1
0
2
2
1
-1
2
1
-1
0
2
1
-1
0
0
1
3
4
1
1
4
2
1
-2
-2
-1
0
-1
0
1
0
-2
-2
0
1
0
3
2
1
-1
-1
-3
-2
-1
-2
0
1
3
4
1
2
1
-1
0
-2
-1
1
1
-2
-3
-3
-1
-1
0
1
4
4
0
-1
3
1
-1
-1
-4
-2
1
-1
-3
-6
-5
-4
-2
1
4
4
3
4
3
-1
-3
-6
-2
0
3
6
6
3
1
-1
-3
-2
-2
-2
2
6
3
2
1
-1
-1
-3
-3
-4
-2
0
2
0
-1
0
0
0
-3
-2
-2
-1
1
2
3
1
-2
-4
-5
0
4
3
1
2
1
-2
0
1
2
1
-1
-2
-3
-3
-2
1
4
5
4
2
1
0
-3
-4
-2
-2
-2
0
5
4
3
3
1
-3
-2
0
-1
0
1
-1
-3
-3
1
4
4
3
0
-4
-5
1
2
1
2
0
3
3
-3
-6
-3
-1
-1
-1
5
5
-1
-3
-4
-2
-1
-2
0
1
-1
0
-1
2
4
4
6
2
-2
1
2
-2
-6
-3
-2
-2
2
4
0
1
1
-2
-3
-4
-2
1
-1
-1
0
3
5
5
5
-1
-3
-2
-3
-4
1
2
6
7
6
7
0
0
-2
-2
-3
1
4
1
2
0
-2
0
6
4
2
2
-2
-3
-6
-4
-5
-4
-1
2
3
0
-3
-3
-2
2
5
3
0
1
-1
-3
-8
-5
0
-2
-2
0
1
3
1
-2
-3
-1
-2
-2
-1
3
5
3
0
1
3
-2
-6
-3
1
2
3
6
7
6
1
0
-2
0
0
-1
-1
-3
-3
0
0
-1
1
2
4
0
-1
0
-4
0
3
0
1
4
0
-3
-2
-1
3
4
5
2
0
-2
-3
-3
-4
-2
-2
0
1
0
-2
-3
0
-1
-2
1
5
3
2
3
1
-1
-3
-9
-9
-4
-4
-6
-4
2
4
4
4
3
-1
-3
-3
-1
3
5
1
-3
-3
-3
-3
-1
5
4
1
0
-1
-3
-4
-4
2
3
1
-1
-2
-4
-5
-3
-1
1
4
3
-1
-2
-2
-2
-3
1
1
-1
-1
-4
-6
-2
2
3
5
6
2
-1
-3
-1
-1
-2
-1
4
1
-2
-1
-1
-1
0
2
2
7
8
5
3
0
-2
-4
-4
-5
-2
-2
1
7
5
1
-1
-1
0
1
3
1
2
1
-2
-2
0
0
-3
-1
0
3
5
3
2
-3
-5
-4
4
7
8
6
0
-2
-1
-2
-2
-5
-6
-4
-3
-2
2
3
3
-2
-3
-1
-3
-2
-6
-6
-2
1
5
7
7
5
-4
-6
-5
-2
3
7
6
5
-1
-1
-2
-2
0
2
1
1
-2
-3
-1
0
2
-3
-6
-8
-8
-7
-2
1
6
5
2
3
2
0
-2
-2
-3
0
2
-4
-9
-7
-6
-5
-2
1
3
-1
-4
0
2
1
-2
-4
-3
2
3
1
-3
-3
-4
-1
2
8
12
8
2
1
-3
-4
-5
-7
-2
4
6
9
8
5
-4
-5
-3
-2
1
3
-3
-1
1
-1
-2
1
-1
-3
0
3
6
2
0
-2
-2
-2
1
1
-2
2
1
-4
-2
0
2
2
0
1
3
1
-1
-4
-2
2
2
3
5
2
-1
-2
-3
-1
1
3
-1
3
3
1
-2
-4
0
4
5
4
4
-1
-5
-8
-6
-2
2
5
4
3
1
-3
-3
2
2
-2
-5
-3
3
5
2
0
-3
0
0
2
3
2
-1
-4
-5
-1
2
3
-1
1
3
5
8
5
5
4
-1
-3
-5
-5
-4
-3
-4
-1
-1
1
1
3
3
-1
2
4
4
-1
-2
0
-2
-2
0
-2
0
2
2
1
1
2
3
0
-1
-3
-6
-2
0
3
5
3
0
-2
-2
1
0
-1
-1
4
10
5
-1
-3
-3
4
4
1
-2
-3
-2
0
-1
0
3
3
1
2
1
-6
-4
2
3
2
0
-3
-2
-3
-6
-6
1
4
4
0
-3
-5
-2
0
2
3
0
-4
-4
-1
0
-2
0
-1
-4
-3
-4
2
-1
-3
0
3
6
8
6
4
1
0
0
-2
-2
-5
-6
-6
-3
-1
1
3
1
2
0
1
0
0
3
5
6
4
1
2
1
0
2
2
0
-1
-1
-2
-2
-4
-5
-1
3
1
1
1
0
-3
-2
0
2
2
2
-1
-1
0
-3
-2
-4
-3
-1
2
4
5
3
2
-3
-3
-2
1
5
2
-1
-3
-3
-4
-3
0
4
6
3
2
-2
-3
-2
-3
-2
0
1
-3
-3
-2
2
5
4
7
5
0
-3
-3
-4
-2
5
6
3
-1
-3
-2
0
-1
-1
1
3
0
-1
0
1
1
-3
-4
-3
0
3
2
1
1
1
0
0
-2
-2
1
2
1
0
4
4
2
2
0
-1
-2
-3
-5
-1
2
5
3
1
-2
-1
2
2
3
3
0
-2
0
1
-1
1
2
3
-1
-3
1
2
0
-2
-3
-1
1
2
-1
0
2
0
-1
-1
-2
0
-1
-2
0
-1
0
0
-1
3
3
0
0
1
2
0
-3
-5
-4
-2
1
5
5
7
3
0
-4
-5
-1
-1
-1
0
0
3
3
0
-2
-2
0
-1
-2
0
0
1
0
-4
-4
-1
-2
0
2
1
2
1
1
-4
-3
-3
-4
-1
-1
1
3
3
1
1
1
0
-1
-4
-1
-1
-1
-2
1
3
3
1
1
-1
2
3
-2
-4
-4
-1
-1
2
4
3
3
1
-3
-4
0
4
4
2
1
-4
-6
-4
-1
3
6
4
2
-1
-1
-6
-5
2
6
8
6
2
-1
-3
-4
-5
-2
1
1
0
-3
-4
-5
-6
-2
2
4
1
0
-2
-1
1
0
-1
1
3
0
-2
0
-1
0
1
1
1
3
1
-1
-3
-4
-2
-2
1
1
1
2
2
0
-2
-2
-2
-2
-3
-3
-2
-2
-2
-2
0
0
0
3
3
3
2
0
0
-2
-3
-4
0
3
3
2
1
1
-1
1
3
-2
-4
-3
0
0
-2
-3
-2
2
4
4
2
1
0
-1
-4
-4
-1
-1
1
3
3
6
2
0
1
-2
-4
-6
-4
1
3
1
0
2
3
1
0
-1
-1
-4
-6
-5
-4
0
2
2
5
5
3
5
0
0
-2
-3
-2
-3
1
4
5
3
-2
-4
-2
1
1
1
1
1
1
-2
-4
-4
-3
0
3
4
3
1
-2
-7
-8
-7
-4
1
2
4
5
0
-3
-1
-4
-2
2
3
2
2
0
-3
-5
-1
1
1
2
2
3
3
1
1
-2
-4
0
5
8
7
2
0
-2
-4
-4
-3
-1
1
0
1
0
-3
-4
-2
0
0
2
6
6
3
2
-2
-3
-2
-1
0
2
5
2
-1
2
4
1
1
0
1
5
0
-1
-2
-4
-4
-2
1
1
1
-1
-1
0
0
-4
-1
0
-3
1
7
7
3
0
-4
-7
-5
-1
0
4
3
1
-2
-1
0
1
-1
-2
1
1
-1
-1
-1
-2
2
4
3
1
0
2
-1
-4
-4
-1
0
1
2
6
7
4
-3
-9
-7
-5
0
5
8
5
-2
-5
-6
-6
-6
-1
3
3
0
-1
1
2
3
2
4
2
0
-1
-6
-9
-7
-3
1
4
5
7
5
3
-5
-10
-7
0
2
3
3
2
1
-3
-2
-1
1
4
1
2
3
1
0
-2
-3
0
0
3
6
8
4
1
0
-1
-1
-3
-2
-3
-1
0
2
3
1
0
-2
-2
-3
-1
2
1
3
0
-2
-1
1
2
2
0
-1
-3
-6
-9
-10
-4
0
4
7
6
3
4
-1
-7
-6
-5
-3
1
2
3
3
-2
-3
-1
2
2
0
-1
1
4
1
-1
-2
-2
-3
-3
1
4
7
5
-1
-4
-1
1
4
4
0
-4
-2
4
6
6
1
-1
-2
-2
-2
-1
0
-3
-5
-4
-3
3
5
5
3
2
2
-2
-6
-4
0
1
0
0
2
3
1
2
0
2
0
-1
0
1
-1
-2
-1
-1
1
2
4
2
1
1
0
-1
-4
-2
0
1
3
5
0
1
5
1
1
-2
-6
-6
-5
-1
1
3
5
1
-4
-2
0
1
-3
-3
0
0
1
0
4
1
-5
-3
-3
0
1
3
5
3
0
0
2
0
-1
-3
0
3
5
5
2
0
0
-5
-6
0
5
6
-2
-3
1
-1
-4
-3
0
-1
-1
-3
-5
-6
-1
3
0
3
8
6
5
2
4
4
1
-1
-1
5
4
0
-5
-5
-1
2
2
3
7
7
3
-1
-5
-5
-7
-7
-2
1
1
1
1
3
3
0
0
1
4
4
0
-4
-5
-2
1
2
6
6
2
-4
-6
-3
2
3
4
1
3
3
-1
-2
-4
0
-4
-6
-2
3
4
1
-1
-5
-6
-6
-6
-2
0
1
1
1
3
3
2
-1
-4
-2
-1
-1
1
-2
-2
-2
1
5
4
4
1
-1
-2
-1
2
2
1
-2
-2
0
0
1
-1
-2
-1
-4
0
6
5
1
-3
-2
-1
1
4
4
3
1
-2
-1
2
0
0
-4
-4
-5
-2
3
5
1
-1
-2
-3
0
-1
0
0
-1
-2
-2
-1
4
4
2
-2
-3
-2
-3
-1
1
2
3
2
2
3
2
2
3
3
-2
-2
-1
-1
-1
0
-1
0
-1
-4
-2
1
3
4
2
-1
-1
-3
-2
-2
-4
-4
2
4
3
2
1
-2
-4
-6
-5
0
1
-3
-1
3
4
0
1
3
-1
-1
3
2
-2
-6
-6
-3
-2
-1
0
3
3
-1
-3
-2
-4
0
3
4
3
3
1
-2
-4
-2
1
4
5
6
4
1
-4
-7
-3
1
1
4
7
5
-1
-4
-5
-5
-2
-2
-1
4
4
1
-4
-4
-4
-4
0
5
6
3
-3
-6
-7
-3
1
3
5
2
0
-2
-1
-2
-4
-3
0
3
6
6
3
0
0
-2
0
5
4
1
0
2
-2
-4
-7
-7
-2
1
2
3
1
-2
-2
-3
1
0
0
1
1
3
0
-3
-2
0
1
5
4
3
1
1
-1
-5
-3
-1
3
4
4
2
0
-4
-4
-3
1
3
6
8
3
0
-4
-5
-2
1
2
2
5
1
-3
-5
-4
-4
0
1
-2
3
3
3
1
2
0
-1
-1
-1
1
-1
-4
-8
-6
-5
-1
3
3
3
0
0
-1
2
0
0
1
-1
-3
-6
-3
3
5
1
1
-1
-3
-1
-2
-1
-3
-1
-1
-1
3
6
4
-1
-2
-1
-2
-2
0
-1
-1
-1
0
-5
-6
-4
-1
1
1
0
1
1
-1
-1
-3
-1
2
5
5
2
1
-2
-4
-4
-2
-3
-1
2
4
3
-2
-4
-5
-2
0
-1
2
4
3
0
-4
-4
-3
1
5
7
4
0
-5
-3
-1
1
6
2
-1
2
1
1
1
3
3
0
-1
1
5
3
1
1
0
2
5
3
2
1
-2
-3
-2
2
3
2
-1
-5
-7
-3
-1
-1
2
2
2
3
1
0
0
0
4
4
2
4
5
3
-3
-7
-4
-4
-2
-2
-2
-1
0
0
5
7
3
3
-1
-5
-3
-3
-3
0
3
0
3
5
6
2
-2
-1
0
0
-5
-3
-1
-1
0
3
5
8
6
2
-2
-2
0
1
4
2
2
2
1
2
2
2
1
-2
-1
2
5
1
-2
-2
-2
0
2
3
3
1
-2
-1
0
-1
3
2
-1
1
1
1
-1
-5
-4
-5
-5
-2
1
3
2
0
-1
-1
-1
-2
-2
0
5
2
1
2
0
-2
0
-2
-1
2
0
-3
-3
-3
-4
-7
-6
-2
2
2
0
1
1
-2
-2
-2
0
3
2
-1
-2
-1
3
2
-3
-3
-2
-1
1
1
1
1
0
-3
-1
0
-1
-1
-1
1
3
6
8
8
3
-3
-8
-8
-3
2
3
2
-2
-6
-9
-6
0
2
2
1
2
0
-5
-4
0
1
0
-1
6
8
3
-2
-3
-5
-3
-1
1
1
-1
-2
-3
-2
2
2
3
3
3
2
0
-1
0
0
0
2
1
-2
-2
-2
0
-1
1
2
2
4
3
1
-2
-4
-3
-3
-2
1
5
2
-1
-2
-4
-3
-1
-2
-4
-1
-3
-1
-1
0
0
1
1
2
5
3
-1
0
4
3
2
2
3
0
1
2
1
0
-3
-5
-8
-5
-1
0
1
3
2
1
1
-3
-6
-6
-4
-1
2
5
4
3
2
2
-1
-2
0
2
4
3
-1
-3
-2
0
-1
0
1
3
4
3
0
-3
0
0
0
-1
2
3
2
1
-1
-2
-3
-1
4
3
0
-1
-1
-1
-1
0
0
-4
-5
-2
0
2
1
-2
-4
-6
-3
-1
1
4
2
0
-3
-3
0
3
4
1
-3
-3
-2
1
4
0
-2
0
0
-3
-2
0
2
3
2
2
-2
-1
-2
-3
-4
-5
-4
-5
-4
0
3
3
0
-2
-2
0
3
0
-3
-1
-1
-1
0
3
3
2
5
4
3
0
-3
-2
0
-2
3
4
2
-1
-3
-3
-2
2
3
8
10
8
3
2
-1
-5
-9
-9
-4
-2
2
2
5
5
4
2
0
2
2
-1
-4
-3
-2
0
0
2
2
2
0
-1
-1
-1
1
0
0
-1
-2
-4
-3
-1
-2
1
3
1
-1
-1
-1
-2
-1
3
5
5
0
-1
-4
-4
0
0
1
3
1
-2
0
-1
-2
-2
-1
1
1
4
7
4
2
0
-2
1
1
2
3
1
0
-2
-4
0
1
3
4
2
-3
-6
-4
-4
-3
-1
4
5
4
-1
-4
-4
-4
-1
2
3
3
0
0
2
2
-1
1
1
1
1
2
5
5
1
-2
-5
-1
1
1
0
-2
0
2
1
4
6
4
-2
-2
1
-1
-2
-3
-3
-4
1
4
4
2
2
4
3
1
-1
-3
1
3
5
3
2
-1
-3
-2
-3
-3
-2
-3
-2
0
3
1
-5
-4
-2
-3
-2
-2
-1
-4
-5
-3
-2
-3
0
2
2
5
3
1
4
-1
-4
-3
-2
1
3
0
-2
-2
-1
-4
-1
3
1
0
2
1
0
-1
0
1
3
3
4
2
1
-1
-5
-4
-3
-1
1
4
5
1
-2
-1
-3
-3
-1
1
3
5
2
-2
-4
-5
-1
1
3
4
2
1
-2
-3
-2
1
2
-1
2
0
-7
-6
-2
0
1
2
2
3
0
-2
-4
-5
-2
1
1
3
4
3
2
0
1
-3
-3
0
0
3
2
3
2
-2
-3
-1
-1
3
5
4
0
-3
-3
-4
-7
-6
-6
-3
4
4
5
1
-2
0
1
1
-1
2
2
-1
-2
-3
-3
1
2
3
5
1
1
