0
-1
-3
-4
-1
1
3
2
-1
0
0
1
2
2
1
1
1
2
1
-2
-4
-3
-1
0
0
-1
-2
-4
-1
1
1
1
-1
-1
0
2
3
2
2
1
2
3
1
1
2
1
2
1
-1
-1
-3
-3
-3
-2
-2
0
0
0
0
1
-1
-3
-1
-1
2
4
3
2
1
2
3
3
2
1
-2
0
3
7
6
4
0
-1
0
-1
-2
-3
-6
-5
-2
2
3
1
-1
-1
1
2
4
3
0
0
1
1
1
0
-2
-2
1
2
2
1
-1
-2
-3
-2
-2
-1
-1
1
3
3
0
-3
-4
-2
-2
-3
-2
0
0
1
0
-1
-1
-2
-1
0
2
1
0
-4
-3
1
2
4
2
-2
-3
0
2
1
1
-1
-3
-3
-1
0
-2
-2
-2
-3
-1
-1
1
-1
-3
-2
1
3
2
0
0
-2
-1
2
2
0
-1
-2
0
2
3
3
0
0
0
-1
-1
2
3
1
2
1
-3
1
-1
-3
1
-1
0
1
0
2
0
1
-1
-3
2
0
2
2
-2
0
-2
0
2
2
3
-2
-1
0
1
4
3
3
0
0
1
0
-2
-2
-3
0
0
1
-1
-3
-3
-2
0
0
1
3
1
0
0
0
3
2
2
3
1
1
1
2
3
2
3
1
-2
-3
-3
-3
-3
-3
-2
-2
-1
1
2
2
2
1
3
1
2
1
1
0
-1
-2
-2
-1
-3
-3
-1
1
1
2
1
0
-1
-1
1
2
2
1
0
-1
-1
-2
-1
-1
-1
-1
-3
-3
-3
0
-1
0
2
1
1
0
-2
1
2
4
3
2
3
2
2
1
1
0
-2
1
2
2
2
0
-2
-2
-1
0
0
1
1
2
2
0
0
-1
-3
-2
0
2
2
2
1
0
-1
0
0
0
2
3
4
3
1
1
-1
-1
0
1
0
0
0
-1
-2
-1
-1
0
-1
-1
-1
-3
-2
-2
-1
0
2
4
2
1
0
-2
-2
-1
1
2
2
1
0
-2
-3
-1
-2
-1
-2
-2
-1
0
-1
-2
-3
-3
0
1
0
-1
-3
-3
-4
-1
0
1
1
-2
-1
-1
-2
0
0
1
0
1
1
1
1
2
1
0
0
3
1
1
0
-2
-2
-1
-1
0
-1
0
-2
-1
-1
-1
-2
-3
-1
-1
0
1
3
4
2
2
3
1
1
1
1
0
2
1
3
3
1
0
0
0
2
2
3
0
0
2
0
0
0
-1
1
-2
0
-2
-2
-2
-1
2
2
1
1
0
-1
0
1
2
4
2
0
0
-3
-3
0
0
3
2
1
3
1
-1
-1
0
0
-1
3
3
0
-1
-3
-3
-2
1
2
2
3
2
1
0
-3
0
3
1
0
0
-1
-2
-2
1
1
1
5
2
0
-3
-4
-3
0
0
3
4
2
3
2
-2
-4
-2
-5
-4
-1
1
0
-2
1
-3
-8
-5
0
0
0
4
3
1
2
0
-1
0
0
-3
-4
-1
0
-1
3
0
0
0
-2
-1
-3
-1
-4
-4
-1
-3
-3
-3
-8
-4
-5
-9
-2
0
-1
0
1
-2
-2
-5
-5
-3
1
4
-2
5
4
-5
-2
0
-1
0
4
7
4
3
8
0
-5
-1
-5
-5
1
-1
-2
-2
1
5
3
5
1
-5
-6
-8
-6
1
0
1
5
3
-4
-3
-2
-6
-3
0
0
4
2
5
3
-4
2
-2
-2
2
0
1
0
2
7
4
5
4
5
8
5
3
5
1
1
2
2
8
3
0
4
2
3
4
0
4
3
1
4
-3
-1
-1
-3
0
-2
3
2
-4
-4
-1
-6
-4
0
1
-1
6
8
4
8
10
1
-1
4
-4
0
3
-1
-1
-3
0
-1
0
5
-4
-10
-6
-8
-10
-11
-2
5
-7
-1
3
-7
-7
-7
-6
0
-1
8
7
-8
-4
-8
-14
-7
-7
-1
1
-3
1
3
1
-4
-12
-4
4
-5
-10
1
5
-4
-1
4
5
2
0
4
0
-4
0
0
2
1
1
-2
3
8
0
-3
4
5
2
-3
0
4
0
-2
4
5
-4
-2
1
-3
-6
-6
-2
-8
-12
-9
-8
-10
-6
0
1
-5
-4
3
2
1
3
5
6
2
-2
-2
3
2
1
6
4
2
-9
-10
2
-5
-9
5
9
7
10
9
7
0
0
9
2
3
10
1
2
1
-8
7
4
-3
3
-1
1
-1
0
24
-2
-29
29
10
-22
2
4
0
-6
34
13
-46
59
52
-93
16
64
-54
-28
27
14
-38
-8
27
-29
-21
3
-11
-4
2
-3
-9
4
9
2
3
7
-5
-5
22
-1
-13
19
5
-3
13
9
6
-4
-3
8
17
-2
-42
-13
46
17
-34
3
41
14
3
-14
-34
21
55
-16
-71
11
73
-16
-61
18
45
-18
-39
16
43
-1
-18
15
34
7
-23
-3
20
-3
-17
5
6
-8
-2
7
-8
-16
14
14
-18
-15
9
13
-11
-24
-1
9
-2
-5
-1
-3
-4
-9
-18
-5
-1
-9
-5
3
6
3
0
4
11
2
3
8
5
4
8
6
-4
-2
7
5
0
-1
-1
-10
0
12
-4
-10
4
4
-1
-1
-3
-11
-10
4
7
-14
-16
10
10
-9
4
21
9
-5
-5
2
9
-1
-9
-5
-15
-12
-14
-10
11
-3
-13
1
-2
-7
-16
-21
-8
-6
-6
-3
3
15
8
2
3
-10
-11
-5
-5
1
0
-1
9
10
11
12
5
10
10
0
-1
-2
-3
-4
3
0
-13
-6
4
1
-2
-1
-3
-1
0
2
2
-3
3
9
1
0
3
12
12
-1
4
5
0
7
8
5
5
5
0
3
0
-7
-7
-14
-10
-7
-16
-12
-10
-5
-8
-22
-9
-8
-13
-3
-7
-3
5
7
5
1
5
16
6
-9
-2
2
5
12
-1
2
13
7
7
1
1
10
7
7
14
1
-4
12
13
4
-5
6
10
-14
-13
-4
-3
6
9
2
-4
-7
-1
0
-2
1
-4
-1
15
7
-7
-3
1
-4
-3
3
1
-5
-1
11
10
-2
2
8
4
-4
-8
3
12
0
-11
-9
4
10
-1
-3
5
6
5
3
7
8
3
9
14
7
1
5
7
4
-3
-6
-1
-6
-6
7
-1
-1
0
-14
-4
4
-2
7
13
9
13
10
5
4
-2
3
11
2
-1
9
9
-2
-5
8
8
-5
2
8
-5
-2
8
4
1
-1
-3
-4
1
-1
-7
-6
0
-1
3
-3
-11
-3
6
4
8
13
2
0
6
0
2
13
16
3
-5
7
16
12
-9
-21
-9
7
4
0
-6
-26
-2
32
-16
-49
-22
6
18
-6
-30
-44
-18
65
3
-85
21
36
-1
35
-13
-10
21
4
35
-16
-32
19
2
26
11
-33
19
31
10
1
-35
-11
10
4
14
-21
-24
25
7
-4
-12
-21
9
-6
-12
14
0
0
4
-4
2
-4
-8
5
-6
-15
4
7
5
-2
-9
-2
-3
-12
-9
-1
4
-7
-12
-7
-10
-9
-10
-18
-13
-7
-3
1
-8
-12
-3
-2
-1
-2
-10
1
1
-7
-4
-3
-10
-13
-3
-1
-8
-2
4
0
-5
-12
-14
-5
-7
-16
-22
-26
-13
-15
-21
0
-9
-14
3
-7
-14
-8
-11
-6
2
-5
-6
-4
-2
-1
-1
6
-1
-7
6
3
-4
0
1
7
6
9
17
11
10
14
12
6
4
-7
-8
-4
-3
5
3
7
3
-12
-5
1
-2
-4
6
8
7
11
12
9
-2
0
12
4
0
-5
-4
5
-6
-12
-10
-4
5
3
2
7
2
5
8
3
12
13
6
12
5
-2
4
-4
2
5
-2
4
0
-1
-2
-6
-1
-3
2
10
13
18
4
4
14
1
-1
3
8
15
8
0
2
-9
-7
-11
-16
1
1
-2
2
5
14
8
3
9
7
9
0
-9
2
3
-2
-7
-12
2
12
3
-3
1
-3
-5
7
-6
-11
-1
-8
-1
4
-1
2
-1
-1
10
6
0
-1
-2
9
8
-5
5
12
10
12
-2
3
7
3
5
-12
-22
-7
2
2
-3
10
20
7
11
14
-4
-13
-9
-15
-8
2
-5
-6
1
4
-6
-20
-10
-2
-5
8
11
9
10
-4
3
6
-2
5
8
23
25
11
10
-3
-9
-3
-1
-4
-6
-5
-8
-7
-8
-2
8
2
-7
-3
1
-4
-9
-9
-7
-5
1
9
6
6
8
-5
-4
-8
-5
10
6
2
-1
-12
-10
-9
-2
2
8
13
1
3
5
-6
-14
-12
0
6
8
16
5
-8
-7
-9
-16
-15
-12
-4
1
1
6
-3
-6
-4
-6
-5
-1
10
17
12
12
13
1
-4
-3
0
5
9
6
1
-7
-4
-2
-8
-2
0
-3
-1
-4
-9
-13
-13
-12
-3
5
3
-2
-7
-10
-17
-13
-3
-2
1
4
3
-6
-15
-19
-16
-4
6
10
12
10
7
-4
-10
-9
-7
1
2
5
7
1
-6
-13
-16
-9
-3
0
5
3
1
0
-8
-13
-6
2
9
9
10
5
0
-2
-5
1
11
11
9
7
5
2
1
9
9
9
12
1
-2
-1
-2
1
1
5
6
-7
-7
-10
-11
1
-1
-2
1
7
7
-5
-6
1
-10
-16
-7
3
6
12
12
6
-2
-14
-16
-12
-5
5
9
9
6
-3
-7
-8
-18
-10
7
9
7
5
4
8
3
2
1
2
8
0
7
18
6
6
4
-4
3
6
16
20
6
1
-10
-20
0
15
10
18
9
-6
-8
-18
-9
9
15
19
7
-15
-21
-25
-9
3
2
15
11
-2
-1
-11
-16
-7
-5
-1
0
3
8
-3
-3
-4
-16
-12
-10
-10
-2
-2
-7
-11
-14
-16
-12
-4
6
5
0
-6
-13
-20
-19
-7
6
13
13
9
-4
-18
-21
-17
-8
6
10
9
9
-2
-9
-10
-8
2
7
8
8
2
-2
-8
-5
1
-2
0
-3
-3
3
3
6
7
5
9
11
11
12
9
11
5
-5
0
5
9
13
13
17
5
-6
-4
-3
3
11
15
13
1
-2
-7
-17
-11
-1
5
13
11
4
-4
-7
-1
-5
3
8
2
8
10
3
0
0
3
-3
-6
-3
-4
-3
7
3
-3
-1
-4
-6
-2
-2
2
2
-2
7
2
-6
-10
-10
-2
-4
-3
5
0
0
5
1
-3
-5
-12
-8
-8
-9
5
9
10
15
9
4
-2
-9
-1
6
8
13
6
4
0
-5
-3
-2
5
15
12
13
12
5
4
2
4
9
9
12
10
6
8
8
4
9
2
0
9
9
10
7
1
-4
-1
-2
2
10
6
4
4
3
1
2
0
3
1
2
1
-4
-2
-2
-1
6
6
-1
-3
-7
-7
-4
-1
8
10
9
14
11
6
4
-3
-3
-6
-9
1
5
8
11
0
-2
-6
-8
-1
1
5
7
-1
2
-1
-11
-6
-6
-7
2
1
2
4
2
4
-1
-2
1
-4
-3
-3
-4
2
0
3
2
-3
-5
-6
-8
-4
-1
1
2
-1
-1
-1
-5
-8
-8
-9
-5
-3
-1
4
4
-1
-3
-8
-7
-9
-5
1
1
2
4
4
2
-4
-7
-7
-9
-4
0
0
3
1
-2
-5
-12
-15
-14
-10
-7
-8
-2
0
-1
0
-3
-4
0
-3
1
1
-1
6
1
-4
-4
-6
-8
-10
-8
0
-1
1
6
2
2
1
-4
-3
-5
-1
3
3
7
4
-1
-3
-4
-6
-4
-3
1
5
4
3
1
-4
2
0
1
5
1
4
1
-3
0
-7
-1
2
-2
2
3
2
4
0
0
5
0
0
-3
-6
-1
-3
-1
4
3
2
1
-2
0
-6
-6
-1
-1
2
2
3
5
1
-1
-3
-6
-5
-3
-2
1
5
6
6
0
-4
-5
-6
-2
3
5
8
6
2
0
-1
-1
-2
1
1
2
1
0
-2
0
-1
0
-1
-2
4
2
3
1
-1
2
3
1
1
-1
-4
-1
-5
1
4
1
6
5
2
3
1
1
2
0
3
0
-2
2
1
-1
0
-1
2
-1
-2
2
-4
-1
3
1
4
2
-1
2
1
3
4
1
3
0
-2
1
2
3
5
5
5
1
-2
1
1
1
4
3
2
1
1
2
1
1
-1
-3
0
-3
-3
0
-1
-1
0
0
-2
-4
-4
-2
-4
-3
-2
-2
-3
-3
2
6
6
6
4
0
0
-1
-1
3
1
6
5
1
3
-3
-5
-1
-1
-2
-4
-2
0
-2
0
6
0
3
6
0
-1
-2
1
1
1
7
-1
-4
4
-5
-7
-1
-4
-1
-4
-1
0
-6
-4
0
-3
-2
-3
-4
2
2
3
5
3
1
0
-3
-3
-2
-2
4
2
3
5
-3
-3
-3
-3
2
2
3
4
4
3
-1
-4
1
0
-1
4
3
-1
-1
-2
-2
-4
-3
0
-2
1
4
0
3
4
-2
0
-2
-3
-5
-7
-2
-4
-6
0
0
0
1
-2
0
-1
-1
2
1
2
5
4
3
4
-3
-3
-4
-2
1
2
4
3
1
0
-2
-2
-3
-4
-1
5
3
6
8
4
4
0
-1
-3
-3
0
3
1
1
0
-1
-1
0
2
2
1
2
2
3
4
2
4
4
-1
0
-2
-3
-5
-5
-3
-1
-1
-1
0
2
1
-1
0
0
1
3
4
6
4
1
-1
-4
-6
-3
-4
-3
0
1
0
-2
-1
-1
-2
-3
-1
1
4
3
1
2
0
-2
-4
-4
-3
-3
-2
-2
0
-1
-1
0
-2
1
1
1
4
4
5
7
5
6
3
2
0
-3
-3
-2
-1
1
4
3
5
5
2
1
2
2
1
2
3
3
1
1
-1
-2
-2
-3
-4
-2
-2
-1
3
4
3
1
-1
-1
-1
-2
-1
2
1
1
0
-2
-3
-4
-4
-3
-3
-5
-4
-2
-2
-1
1
2
0
-1
1
0
2
2
4
6
3
-1
-3
-5
-6
-5
-3
1
2
1
1
3
2
1
3
4
4
3
2
2
2
-1
0
-1
-5
-6
-5
-5
-3
-2
0
0
0
-1
-1
1
1
1
3
3
3
2
0
-1
-2
-4
-2
-3
-2
-1
1
1
0
-3
-2
-2
-1
-1
0
1
1
-1
0
-1
-4
-5
-7
-4
-4
-5
-4
-3
-2
-2
-2
-1
-2
-4
-2
1
3
4
3
5
3
-3
-4
-3
-3
-1
-1
0
1
1
2
2
2
-1
-1
-1
0
2
0
1
2
0
-2
-3
-3
-3
-4
-3
0
3
3
0
1
2
1
1
2
3
2
2
4
4
1
0
-1
-1
-2
-4
-4
-1
-2
-2
0
2
-1
-4
-1
-1
-1
1
1
1
-1
-3
-2
-3
-3
-3
0
1
0
0
2
2
2
1
1
3
2
2
1
1
0
0
0
0
-2
-2
-2
-3
-4
-3
-1
1
1
0
1
2
2
1
-1
0
0
0
1
0
2
3
4
4
4
3
2
0
-1
0
-2
2
4
3
6
6
4
1
-2
-4
-5
-5
-3
1
3
2
1
0
1
-3
-5
-4
-3
-1
2
4
6
3
1
-1
-4
-6
-6
-4
-2
-2
-1
1
1
-1
-2
-1
0
-1
0
2
4
4
3
5
4
0
-3
-3
-3
-3
-2
0
2
0
-1
-1
-1
-4
-2
2
3
4
4
5
3
1
1
1
1
1
2
4
3
2
0
-1
-3
-4
-3
-1
0
0
0
2
2
0
-3
-3
-1
-1
1
4
7
5
2
0
-3
-5
-7
-7
-6
-3
-1
5
8
6
2
0
-2
-4
-6
-4
0
1
3
4
4
2
-3
-6
-5
-4
-2
1
4
5
6
4
2
-3
-5
-6
-3
2
2
2
4
2
0
-2
-3
-5
-6
-3
2
4
5
6
3
1
-2
-3
-2
0
1
2
5
4
3
2
-2
-3
-5
-6
-2
1
4
4
4
3
0
-2
-3
-5
-5
-1
2
4
4
3
1
-3
-6
-8
-8
-5
-2
1
5
7
5
2
-1
-2
-4
-3
-2
-1
1
3
3
1
-2
-2
-4
-4
-2
1
3
4
4
2
-1
-3
-4
-4
-4
1
3
2
2
2
-1
-3
-5
-5
-5
-3
-1
4
7
5
4
5
2
-1
-2
-1
0
0
1
3
4
2
0
-2
-4
-3
-3
-1
4
3
4
4
3
1
-1
-1
-1
-1
0
0
2
1
1
0
-2
-3
-3
-2
-2
-1
0
1
2
2
1
-1
-3
-2
-3
-1
0
0
1
0
-1
-2
-2
-3
-1
-1
2
4
5
4
2
1
-1
0
1
0
3
2
1
1
3
0
-3
-3
-3
-2
0
3
5
5
5
3
1
1
0
-1
-1
2
0
2
3
2
0
-1
-1
-1
0
1
1
3
4
4
0
-1
0
-2
-1
0
-1
1
2
4
3
1
0
0
0
-1
-1
2
2
2
1
1
1
1
-1
-3
-2
-1
0
1
1
0
-2
-1
-1
-1
-1
-2
-1
2
1
2
1
1
2
1
2
3
4
3
1
2
2
1
-3
-3
-2
-1
0
1
2
3
2
3
2
1
2
-1
-1
-2
0
2
1
2
1
-1
0
-2
-3
0
0
1
0
1
1
-1
-2
-1
-1
-1
0
0
-1
-2
-2
-2
-1
-1
-2
-1
-2
0
1
0
1
0
0
0
-1
-2
-1
-2
-3
-1
-1
0
-1
-2
-3
-4
-3
-2
-3
0
1
1
1
1
2
0
0
1
0
0
-2
1
1
-1
-1
-1
-2
-3
-4
-2
-3
-2
0
1
2
2
1
0
0
1
0
1
1
2
1
-1
0
0
-1
-2
-1
-1
0
-1
0
0
-1
-1
1
0
0
0
0
1
0
0
-1
-1
-1
-1
0
-1
0
-1
0
-2
-2
-1
-1
-1
0
-1
-1
0
1
3
2
0
1
0
-1
-3
-2
-1
-2
-2
-1
2
0
0
0
1
0
-1
-2
-2
-2
-2
-2
-1
-2
-3
-2
0
-1
0
1
2
1
-1
-1
1
0
1
0
0
0
0
1
3
4
1
1
-1
-1
-2
0
1
-1
0
0
0
1
1
1
0
1
3
5
4
3
1
0
1
-1
0
0
-1
0
-1
0
2
1
1
2
1
1
0
-1
1
1
1
2
2
2
-1
-3
-4
-3
-2
-2
-2
-1
-1
0
0
0
-2
-4
-1
-1
0
0
1
0
-1
-1
-1
-3
-4
-3
-2
-1
-1
1
1
2
1
3
2
0
0
0
0
-1
1
0
0
-1
-2
-1
-2
-2
-1
2
2
2
2
0
0
0
1
2
1
0
1
1
1
0
1
0
-1
-2
-2
0
-1
-2
-3
-1
-1
1
4
3
1
0
0
0
1
2
1
0
0
0
1
0
0
1
1
1
1
1
1
-1
-1
1
1
0
0
1
0
0
-1
-1
0
-1
-1
1
1
0
0
1
0
-1
-1
0
1
0
1
1
1
0
0
1
0
-1
-1
-1
1
0
0
0
-1
-1
0
1
3
4
2
2
4
2
2
0
-1
1
-1
0
1
-1
-1
0
0
1
0
2
2
0
-1
0
0
-1
-3
-2
-2
-2
-2
-2
0
0
-1
0
2
1
1
1
1
2
1
2
2
0
-2
-3
-1
-1
-2
-1
0
-1
-1
0
-1
-3
-4
-3
0
0
1
2
4
3
2
1
2
1
0
-1
0
-1
-2
-2
-3
-3
-4
-3
-1
0
-1
0
0
1
1
0
2
2
1
2
0
0
-1
0
0
-2
0
0
0
1
0
1
2
1
3
3
0
-2
-2
-2
-2
-1
1
1
1
0
0
0
-1
-1
0
2
2
3
3
2
0
-1
-2
-2
-1
-1
1
0
-1
0
-1
-1
-1
1
2
3
2
3
2
0
-1
-1
-1
-1
0
1
1
0
1
0
-1
-1
0
1
0
-1
0
-1
-1
0
0
1
1
0
0
-1
-1
-1
-1
-1
-1
0
0
-1
-2
-2
-2
-2
-1
-2
0
0
0
0
-1
-1
-1
-1
0
0
0
0
0
-1
-2
-3
-1
0
1
1
2
1
0
1
1
0
0
-1
-2
-1
0
1
1
0
0
-1
-1
-1
-1
-1
1
0
1
1
0
-1
-2
-2
-2
-1
0
0
0
1
0
1
1
1
1
0
0
0
1
0
0
-1
0
-1
-1
-1
-1
-1
1
2
1
0
0
1
0
1
-1
-1
1
-1
-1
0
1
1
1
0
0
-1
0
1
2
0
0
1
1
0
1
1
3
2
3
1
1
1
0
-1
-3
-2
-1
0
1
1
1
-1
-1
0
0
0
0
-2
-1
0
1
2
1
-1
-1
-2
-1
1
1
2
1
0
-2
0
1
1
2
1
0
2
0
0
0
-1
-1
1
1
1
0
0
0
0
1
1
0
2
2
-1
1
2
2
3
1
0
1
0
-1
1
1
2
3
0
0
0
-1
0
-1
-1
1
1
3
3
2
1
0
0
0
-2
-1
0
-1
-1
-1
-2
-3
-4
-3
-1
0
1
1
2
2
1
0
-2
-2
-4
-2
0
0
-1
-2
-2
-3
-3
-3
-2
-1
-1
-1
-1
-1
-1
-2
-4
-2
-1
1
1
2
2
1
1
1
0
0
0
0
0
-1
0
2
2
2
1
-2
-2
-4
-5
-4
-2
-2
-1
1
0
1
1
1
0
0
3
3
2
1
1
1
0
1
0
1
1
0
0
1
2
1
0
0
0
0
0
2
2
2
1
-1
0
0
-1
-1
-1
0
3
2
2
1
1
0
-1
0
0
0
0
-2
-1
1
0
-2
-2
-1
0
0
3
3
2
1
2
1
1
1
2
1
0
1
-1
-1
-1
-1
-1
-1
-1
0
0
-1
-1
0
1
1
0
-1
0
-1
-1
1
2
1
1
1
1
0
-1
-1
-2
-1
-1
0
1
0
-1
-2
-1
0
-1
0
2
3
3
3
2
1
2
-1
-2
0
1
0
2
3
2
1
0
0
2
2
4
3
1
0
1
2
0
-1
-1
-1
-1
0
-1
-1
-1
0
-1
-2
-2
-2
-2
-2
-2
-1
0
0
-1
0
0
-1
-1
-1
0
-1
-1
1
-1
-1
-2
-1
-2
-4
-3
-1
1
0
0
0
-1
-3
-2
-1
0
1
0
0
-1
-2
-2
-2
-2
-2
-1
-1
1
1
1
1
-1
-2
-2
-2
-2
0
-1
-1
0
-1
-1
-1
0
0
0
0
1
0
1
0
0
-1
-2
0
0
-1
0
0
0
1
1
2
1
1
0
0
2
2
3
2
2
0
0
0
1
-2
-1
0
0
1
2
2
3
1
-1
0
1
1
2
1
0
0
0
1
1
0
0
0
0
-1
-2
0
-1
0
0
0
0
1
1
0
0
2
2
3
1
2
2
3
3
4
3
1
2
1
-1
-1
-1
-2
0
-1
-2
-2
-2
-2
-2
-2
-2
-3
-2
0
-1
0
-1
-1
0
-1
2
2
1
0
0
-1
0
-1
1
0
0
-1
-1
-1
-1
0
1
3
2
1
1
-1
-1
0
0
0
-1
0
-1
-3
0
-1
0
0
0
0
-1
-2
-2
-1
-1
0
1
1
2
2
2
0
0
1
3
3
3
2
3
2
2
2
2
0
0
0
-1
-1
-2
-1
-1
-1
-2
-1
-1
-2
-3
-2
-1
-2
-2
-3
-3
-3
-4
-3
-3
-2
-2
1
1
-1
-3
-2
-1
-2
-2
-3
-4
-4
-3
-1
-1
-2
-1
1
0
0
1
1
1
1
3
2
2
1
-1
-1
0
-1
0
1
2
2
3
2
1
1
0
-2
-3
-1
2
1
2
2
3
1
-1
-2
-1
-1
0
1
2
2
4
3
3
1
0
0
-1
-2
-2
-2
-1
0
0
1
1
1
0
0
1
0
1
2
1
3
2
4
4
2
1
0
0
1
2
1
-1
0
1
1
1
1
1
1
2
1
0
0
-1
-2
0
-1
-1
0
-1
-2
-1
-1
-3
-3
-2
-1
-1
-1
0
1
0
-2
-1
-2
-2
-3
-3
-2
-1
0
1
3
4
2
0
0
1
-1
0
0
2
2
2
1
-1
-2
-2
-1
1
1
2
3
2
2
-1
-2
-2
3
3
4
6
4
4
3
3
2
-1
-4
-2
-1
0
3
3
3
3
1
0
-1
-3
-3
-3
-2
0
-1
0
1
-1
-3
-3
0
-2
-1
1
2
2
3
1
0
-1
0
0
-1
0
-1
-3
-3
-2
-2
-2
-2
-1
1
2
1
1
3
1
2
1
-1
-1
-1
-2
-3
-4
-2
3
4
3
2
-2
-3
-3
-3
-3
-3
-4
-3
-2
0
1
3
3
2
1
0
0
-2
-3
-3
-2
-2
0
2
1
-1
-2
-1
1
0
2
3
3
0
-1
-1
0
0
-1
-1
-2
-1
1
1
2
1
-1
0
0
0
0
0
-1
0
0
1
-1
0
0
2
6
6
7
6
5
2
1
3
4
1
0
-1
-1
-2
-3
1
3
4
5
4
3
1
0
-5
-7
-8
-8
-7
-4
-3
-1
0
1
2
1
-1
-1
-1
-2
0
0
0
-3
-4
-3
-4
-4
-5
-4
-1
-1
1
6
7
4
1
-3
-3
-5
-4
-1
1
2
4
3
3
1
0
0
-2
-3
-2
-1
1
0
0
0
-1
-3
-3
-3
-3
-2
-1
1
3
3
3
2
0
-2
-1
0
-1
-2
-3
0
1
3
3
3
1
2
0
1
1
-1
0
0
0
-4
-3
-2
-1
-2
-1
0
-1
-1
-2
-1
-1
-1
-2
1
0
-1
0
1
2
0
0
1
1
1
0
1
-1
-1
-2
0
-1
-2
-1
1
1
-2
-2
-2
-1
-1
-3
-2
0
1
1
3
3
1
0
-2
0
-2
-3
-2
0
2
1
0
0
-1
-1
0
1
2
3
2
1
-1
-2
-2
-1
-2
0
0
0
3
2
1
-1
-1
0
1
0
1
2
3
2
1
2
2
2
-2
0
1
0
-1
2
2
4
3
3
1
-3
-5
-4
-3
-3
-3
0
-1
-2
-1
-1
0
0
-2
-2
-3
-2
-2
0
1
2
2
2
1
-2
-3
-3
-1
-1
1
1
2
2
1
1
1
2
2
1
-1
-1
-2
0
0
1
2
1
0
0
-1
-2
-2
-1
0
1
0
-1
-3
-3
-4
-4
-3
-1
0
-1
-2
-1
1
1
2
3
3
2
1
2
2
0
0
3
4
4
1
0
-1
-4
-3
0
2
4
5
5
2
2
1
2
0
0
0
0
-2
-3
-2
0
0
-1
-1
-1
-2
-4
-4
-1
-1
-1
-1
1
0
-2
-1
1
2
3
4
1
1
-1
-2
-2
0
5
7
7
6
5
3
1
1
2
5
5
5
3
2
1
0
-1
-2
-1
-2
-5
-3
-1
0
0
0
1
1
-1
-3
-5
-4
-4
-2
0
0
2
2
0
-1
-2
-1
2
2
3
3
1
1
1
0
-1
-2
-2
0
0
1
-1
0
1
-2
-3
-1
0
-2
-2
0
2
3
2
2
0
-1
-2
-2
0
2
2
2
4
3
0
-2
-1
0
-1
0
1
1
0
-1
-1
-2
-4
-3
-1
0
-1
-1
-2
-1
-2
-2
-1
-4
-4
-4
-2
-1
-1
0
0
1
0
0
-1
-2
-3
-2
-1
2
5
4
3
3
1
0
-1
-3
-1
0
0
1
2
2
2
3
2
2
1
-2
-3
-2
-3
-3
-1
0
1
-1
0
3
3
2
1
0
0
-1
-1
0
-1
1
1
2
3
2
1
0
-1
1
0
-1
-2
-1
0
0
0
1
1
3
5
5
5
1
0
-2
-2
-1
-1
0
2
4
6
6
6
4
2
1
1
2
-1
-2
-2
-1
1
2
3
3
2
0
0
1
0
1
1
1
0
-1
-2
-2
-5
-6
-3
-2
-1
-1
0
-1
-4
-7
-6
-7
-6
-5
-2
0
1
2
2
1
-2
-5
-5
-4
-4
-2
2
5
4
1
1
0
-3
-4
-4
-2
-1
1
3
3
1
0
0
-2
0
0
-1
1
0
0
1
2
0
-2
-2
-2
-4
-4
-1
1
1
1
2
-1
-6
-6
-7
-6
-5
-1
2
4
0
0
0
-1
-4
-5
-2
0
-2
1
2
2
-3
-3
-1
0
-1
-2
-1
1
0
0
4
4
3
3
2
0
-2
-4
-3
-1
1
1
1
0
0
0
3
5
5
3
1
-1
-4
-7
-7
-5
-2
-1
-1
0
-4
-2
-2
2
6
4
3
-2
-4
-6
-1
3
3
6
6
5
2
0
-2
1
4
4
7
6
4
3
0
0
1
3
3
-1
1
3
2
2
6
11
8
4
3
-2
-8
-12
-10
-6
-1
1
2
-1
-6
-5
-2
-3
-2
0
1
0
-1
-3
-3
-6
-6
-4
-2
-2
-1
-1
1
2
7
8
5
2
-2
-9
-13
-10
-7
-6
0
7
10
10
12
10
7
5
2
1
-3
-3
0
5
6
8
8
7
5
3
0
-4
-5
-2
0
1
1
2
-1
-6
-7
-6
-4
-6
-4
-2
-2
-3
-3
0
-2
-5
-5
-3
1
0
-3
-8
-5
-3
-4
-2
-2
-4
-7
-6
-2
-3
-1
2
5
5
6
4
4
1
0
1
2
4
5
6
7
7
9
7
4
1
-2
-2
0
1
0
-2
-3
-1
0
4
5
2
2
0
-2
-7
-8
-7
-6
-2
-2
1
2
5
3
3
2
-1
-3
-1
5
6
6
8
14
16
12
8
4
2
1
1
1
7
8
4
0
1
2
2
3
4
2
1
2
7
8
10
14
14
9
-1
-6
-2
-1
-1
0
6
12
9
2
-1
-3
-2
-2
-1
-2
-5
-5
-2
1
0
-2
-1
-4
-4
-4
-5
-4
3
5
5
5
5
4
0
-1
-1
-4
-7
-6
-7
-6
0
1
-1
-5
-1
6
8
0
-7
-7
-7
-13
-15
-10
-5
-5
1
6
4
1
-1
-5
-10
-8
-2
4
7
8
7
9
5
0
-2
-2
0
0
-2
-5
-4
1
9
9
3
5
11
10
-5
-10
-1
0
-3
-3
1
11
11
4
6
3
-3
2
6
2
-9
-6
-1
1
-6
-10
-3
1
3
-5
-11
-4
0
-4
-3
-2
-1
-7
-8
-6
-11
-5
4
4
-1
3
8
2
1
-1
0
4
3
0
-2
7
8
1
2
3
4
8
5
-3
-9
-3
5
8
6
4
8
6
-4
-13
-13
-9
-1
10
7
2
-1
3
1
-6
-13
-5
7
6
-9
-14
-1
2
-4
-8
-3
-1
-3
-6
-7
-12
-10
-3
-3
-7
-6
-1
-1
-5
-20
-19
2
10
-2
-10
0
8
2
-9
-12
-8
-1
8
9
0
-3
9
18
5
-8
-8
2
9
2
-5
2
6
-1
-6
3
2
-4
-4
1
5
8
8
5
-4
-5
-3
-8
-11
-13
3
14
14
7
0
-8
-9
-5
-10
-7
-1
-4
-9
-2
2
-4
-1
21
17
-10
-7
10
2
-14
-17
-8
8
8
-10
-21
-6
3
-12
-12
10
6
-14
-27
-21
-5
13
21
-3
-17
9
22
-3
-20
1
5
-3
0
-4
-19
-10
11
12
12
12
-13
-27
4
17
-16
-24
29
55
19
-3
10
21
35
49
38
15
19
45
36
1
4
25
26
14
-2
-2
12
16
-3
-21
-14
-3
-23
-45
-29
-5
-12
-23
-19
-18
-8
8
7
-1
7
21
9
-5
-14
-30
-37
-19
-10
-11
-2
15
17
-2
-6
-3
-12
-24
-28
-11
5
12
12
7
14
28
31
20
6
0
4
11
2
-13
-3
28
42
13
0
20
18
-6
-13
-5
-3
-10
-4
4
-12
-20
-15
-10
-1
-13
-13
12
7
-10
-11
-3
-5
-25
-40
-32
-17
-2
-11
-22
-12
11
21
17
5
-12
-2
10
-20
-47
-19
4
-13
-12
15
33
8
-18
3
29
14
-8
-4
0
-23
-32
4
25
11
4
5
19
35
18
-9
-15
-7
12
14
-11
-21
14
41
25
8
17
46
63
38
-10
-23
-3
-8
-27
-22
24
54
34
-3
-17
-19
-27
-39
-34
-21
-25
-27
-13
-13
-32
-18
19
11
-21
-18
-26
-32
-2
0
-21
3
25
-1
-18
-33
-65
-58
3
18
-4
6
14
-14
-36
-26
-6
8
22
20
1
-4
3
1
7
13
1
8
18
-5
-30
-22
9
39
41
19
5
16
-10
-62
-27
54
47
-1
-5
10
2
-7
-18
-16
19
39
14
-2
4
-21
-25
4
6
-4
5
-4
6
26
20
16
25
25
32
24
-15
-24
4
32
21
-3
0
-10
-26
-1
17
-13
-22
8
15
-15
-38
-20
13
6
-13
4
26
24
24
29
27
32
26
8
-6
-13
6
48
46
3
-16
-3
28
52
30
26
47
22
-21
-45
-60
-20
34
17
-9
5
-5
-32
-6
16
-22
-48
-17
-21
-62
-52
-21
-18
-13
-1
13
12
-18
-40
-23
-12
-46
-68
-34
10
4
-29
-11
18
-7
-30
0
18
-22
-25
22
17
1
36
49
18
13
32
36
24
18
19
17
19
8
-7
13
33
-2
-50
-28
20
-15
-46
-1
37
30
13
-7
-19
8
29
-10
-21
52
56
-5
-5
-3
-32
0
31
-4
-30
-10
7
-3
-40
-51
-4
21
18
20
14
-5
-12
-19
-23
-13
16
11
-7
8
7
-17
-1
16
-15
0
32
-36
-100
-38
17
-13
-24
25
63
56
13
-21
-12
0
-13
-29
-44
-30
17
9
7
62
42
-27
-48
-54
-36
19
25
-33
-33
35
47
21
31
41
51
55
16
-34
-21
44
56
1
-36
-23
36
29
-63
-42
34
13
1
-21
-79
-42
9
-27
-19
42
20
-47
-70
-69
-45
18
54
39
10
17
22
-23
-23
67
89
24
41
75
11
-30
-13
-2
2
18
69
53
-68
-70
35
24
-12
1
-31
-15
38
6
-39
2
58
30
-33
-27
11
46
69
53
27
38
57
5
-26
24
28
0
8
-38
-88
-24
9
-43
-31
27
21
-27
-70
-98
-73
-13
-37
-87
-43
7
-31
-85
-27
73
54
6
32
12
-52
-39
13
18
39
89
61
-75
-110
21
42
-76
-48
50
-13
-75
-24
-2
-36
-16
37
28
-13
-27
-6
73
99
1
-71
-7
72
48
18
41
38
13
49
55
-10
-21
40
20
-34
29
75
-34
-104
-18
30
0
-34
-72
-38
69
51
-56
-52
14
27
10
-19
-48
-8
109
125
-29
-123
-83
5
58
25
-11
30
42
-7
-12
29
52
39
50
53
-33
-46
20
-34
-46
96
144
36
-28
-27
-21
-9
-17
-48
-63
-61
-60
-35
-5
24
109
161
91
8
-67
-125
-77
-66
-92
38
116
17
-21
33
57
57
-1
-86
-18
85
12
-87
-72
-23
14
7
-27
4
84
106
27
-71
-69
-34
-68
-55
39
54
-10
-4
11
-18
-25
-7
46
74
2
-23
-10
-85
-86
-15
-4
13
19
-21
-21
-12
-17
-8
-9
-22
-1
78
68
-90
-134
11
92
5
-57
32
96
34
-28
-17
54
91
15
-27
14
-1
-27
11
94
134
39
-31
-10
-26
-52
-20
-2
-8
8
-15
-62
-36
39
76
57
47
77
38
-69
-100
-57
-33
-19
12
53
68
31
-37
-68
-16
14
14
43
26
12
53
0
-99
-94
-35
11
33
40
43
8
-40
-59
-71
-51
40
134
114
-5
-82
-49
-38
-67
7
84
57
71
79
-45
-135
-105
-68
-56
15
59
9
2
36
-29
-78
8
41
-28
-25
18
-35
-72
-1
46
41
56
70
82
90
46
7
36
45
8
9
30
17
-13
-45
-36
-27
-56
-41
-42
-81
1
91
44
5
-5
-52
-73
-62
-57
-14
22
8
-32
-75
-66
36
111
76
26
15
1
-78
-141
-72
2
-7
29
85
55
12
35
60
25
-40
-64
-58
-55
-33
25
71
25
-37
-31
-3
28
63
50
-28
-81
-70
-61
-74
-73
-29
33
50
0
-29
2
38
71
93
32
-69
-56
12
-1
-18
19
64
70
48
53
47
9
-1
-5
-41
-36
-18
-49
-57
11
60
52
36
-9
-42
-9
17
-13
-12
45
39
-52
-56
21
29
18
80
89
0
-48
-48
-70
-67
-13
-4
-28
-22
-9
-19
-32
0
43
12
-65
-109
-89
-65
-101
-128
-57
40
37
-15
20
65
0
-80
-92
-35
51
99
66
10
15
35
8
13
56
80
123
136
65
40
39
-20
-63
-20
37
2
-40
-4
-17
-60
-11
12
-27
19
91
76
40
10
-44
-88
-61
27
70
47
34
51
66
62
27
-3
1
9
-27
-95
-116
-85
-24
14
-7
-38
-50
-58
-73
-81
-83
-73
-38
8
17
-3
4
35
60
31
-37
-61
-63
-51
-23
-40
-34
31
15
-57
-60
-22
25
63
71
77
72
21
-17
-4
26
38
35
89
142
102
29
-7
14
71
60
32
97
114
-11
-118
-93
-28
-9
12
45
15
-47
-57
-41
9
96
115
83
98
112
75
70
94
79
32
-20
-79
-120
-120
-131
-200
-257
-234
-210
-190
-99
-2
23
1
-44
-66
-60
-56
-68
-73
-61
-39
-20
-25
-18
55
118
93
69
117
151
99
57
56
23
-28
-53
-41
14
39
30
56
75
53
1
4
60
57
46
83
50
-7
30
56
16
55
152
126
24
-42
-110
-98
-18
-51
-71
44
101
38
-6
-15
18
77
91
95
136
175
171
94
-21
-73
-82
-101
-143
-209
-241
-235
-254
-274
-240
-145
-24
46
54
6
-21
8
-11
-80
-112
-81
-37
-27
-30
-18
16
76
131
138
124
137
143
98
31
-24
-34
-19
4
17
-5
-32
-28
-20
-28
-27
5
40
52
43
19
35
107
146
104
53
52
67
49
42
47
25
14
25
-5
-60
-76
-43
-44
-74
-58
-48
-66
-63
-22
43
114
189
226
175
96
4
-67
-98
-155
-203
-208
-210
-224
-275
-301
-205
-49
46
45
19
49
107
101
14
-81
-113
-113
-143
-176
-145
-55
44
94
107
123
166
218
222
159
94
40
-17
-44
-35
-50
-83
-81
-77
-73
-27
58
127
157
159
139
101
94
136
153
107
52
5
-13
-2
17
17
25
60
15
-99
-110
-68
-81
-83
-73
-99
-131
-76
-17
-41
-3
112
163
173
229
270
212
132
116
74
-14
-91
-151
-214
-294
-343
-357
-332
-224
-111
-75
-57
-9
57
97
91
60
15
-31
-104
-191
-184
-61
38
45
39
106
205
269
304
319
307
276
220
138
75
59
53
0
-90
-160
-135
-51
-5
4
50
103
100
109
125
122
96
42
-5
-40
-97
-138
-138
-129
-121
-139
-152
-121
-54
-21
-31
-23
-18
-5
39
86
118
158
221
259
237
220
178
86
11
-53
-116
-203
-255
-248
-290
-380
-381
-278
-162
-111
-124
-113
-69
-34
-23
-40
-53
-58
-59
-73
-106
-81
43
169
170
124
166
258
286
279
291
278
209
139
110
64
-6
-47
-78
-135
-175
-132
-69
-56
-32
26
55
40
42
107
128
47
-29
-35
-48
-99
-115
-104
-109
-101
-61
-32
-31
-13
37
64
37
23
91
175
200
226
289
329
295
185
71
-14
-108
-194
-267
-364
-442
-445
-416
-431
-414
-268
-109
-73
-92
-32
76
101
54
25
-17
-58
-52
-21
10
54
155
222
206
217
303
386
398
370
356
298
192
125
59
-23
-92
-154
-219
-267
-247
-175
-143
-124
-58
15
19
4
38
64
34
-3
-19
-36
-46
-41
-26
-30
-37
-7
36
35
13
41
113
134
105
129
230
299
276
244
218
140
34
-60
-169
-295
-377
-391
-448
-544
-560
-503
-453
-440
-398
-289
-200
-131
-20
61
68
74
110
122
97
110
181
237
226
187
195
241
292
333
347
336
317
274
204
133
76
18
-70
-177
-272
-318
-321
-307
-279
-264
-232
-152
-80
-35
23
102
123
75
60
97
109
89
102
131
102
60
89
130
105
94
136
154
139
169
256
315
312
321
327
224
77
-6
-97
-255
-401
-460
-499
-576
-621
-601
-552
-483
-363
-237
-167
-109
-4
96
121
129
185
237
244
243
286
346
355
342
361
378
387
403
399
376
337
271
191
81
-25
-99
-174
-286
-409
-449
-417
-409
-393
-325
-245
-180
-116
-25
45
71
114
141
101
88
157
206
176
167
205
194
143
137
159
145
117
104
101
107
134
198
269
273
239
183
77
-53
-159
-239
-348
-482
-572
-615
-662
-701
-701
-619
-482
-385
-314
-211
-88
33
127
173
185
211
274
335
348
343
385
439
417
364
361
394
427
427
377
286
172
66
-34
-161
-288
-379
-464
-586
-676
-654
-564
-478
-389
-255
-116
-22
78
197
260
246
237
259
225
157
189
259
220
152
186
227
153
98
162
172
49
-2
67
86
58
118
202
165
119
121
23
-163
-289
-310
-365
-518
-607
-617
-611
-587
-629
-600
-389
-199
-125
-110
-18
140
204
270
352
337
348
415
398
301
299
437
451
323
314
396
398
349
312
242
148
56
-82
-261
-397
-469
-567
-705
-737
-680
-628
-514
-381
-282
-134
73
237
266
331
502
505
394
409
457
414
319
331
387
288
205
217
136
11
-26
-4
-42
-125
-139
-115
-112
-91
-28
81
180
149
-26
-167
-233
-311
-377
-429
-531
-645
-656
-566
-551
-525
-220
110
125
24
110
328
443
435
421
365
303
291
264
237
289
401
418
298
205
235
369
447
335
176
74
-29
-223
-412
-415
-456
-679
-823
-866
-885
-825
-643
-404
-328
-246
21
182
281
490
674
700
539
478
556
487
437
431
340
276
192
155
139
42
2
-101
-265
-325
-375
-338
-261
-283
-288
-239
-92
81
169
231
109
-155
-305
-369
-408
-457
-447
-365
-426
-500
-438
-254
108
359
337
237
181
299
392
308
308
302
196
84
-52
-17
213
400
425
252
174
327
419
447
461
389
283
33
-303
-459
-498
-533
-665
-934
-1047
-966
-852
-641
-450
-247
51
205
281
429
586
779
815
647
510
387
350
370
256
217
249
185
121
60
98
134
-14
-119
-220
-363
-330
-295
-350
-399
-414
-301
-217
-162
94
323
270
43
-152
-132
-35
-39
-67
-113
-209
-297
-391
-415
-202
105
237
131
-76
-61
188
313
286
229
187
172
64
-12
131
330
429
330
131
103
220
377
475
374
179
5
-184
-332
-410
-442
-461
-611
-851
-909
-808
-649
-400
-184
-15
119
186
352
543
602
655
594
412
304
232
250
243
126
108
44
-55
-4
33
89
83
-57
-125
-248
-341
-280
-307
-341
-382
-440
-328
-202
1
320
432
340
152
61
138
83
10
41
-65
-230
-338
-417
-407
-227
72
153
-88
-227
-52
159
184
168
216
191
76
-9
7
139
289
328
212
54
22
139
324
404
293
190
140
-5
-196
-246
-162
-206
-511
-748
-721
-663
-597
-382
-176
-124
-79
105
314
363
453
651
568
265
147
224
254
110
48
104
-12
-74
40
76
54
5
-16
-92
-316
-324
-157
-156
-253
-345
-276
-143
-66
197
503
592
471
223
125
113
54
83
15
-166
-296
-400
-473
-536
-349
65
117
-163
-310
-162
95
131
111
180
133
32
-42
-32
113
243
333
262
36
-36
146
444
541
396
314
223
-6
-201
-191
-103
-233
-484
-631
-715
-737
-572
-279
-130
-143
-70
90
189
268
439
580
448
195
114
168
181
145
164
142
-25
-102
22
115
52
2
23
-103
-335
-316
-105
-102
-259
-249
-110
-81
-12
317
647
658
412
223
142
46
30
43
-84
-301
-449
-462
-534
-571
-251
150
151
-167
-271
17
212
179
188
202
92
-62
-87
-8
58
201
329
216
5
13
326
595
571
438
339
193
-58
-213
-188
-248
-476
-692
-794
-851
-829
-545
-210
-122
-89
69
238
307
408
595
577
319
169
169
145
95
123
159
30
-86
24
166
173
141
138
62
-127
-223
-160
-142
-249
-348
-335
-281
-201
47
423
628
478
228
186
211
129
52
23
-129
-381
-477
-512
-620
-481
-48
142
-133
-328
-49
228
195
182
264
191
-10
-87
-22
24
99
212
191
31
-26
188
473
537
461
412
308
74
-121
-122
-125
-360
-665
-809
-850
-888
-764
-438
-184
-109
0
210
355
432
578
681
503
205
130
191
115
-1
40
80
-42
-80
99
231
194
150
126
-22
-235
-268
-191
-294
-488
-518
-427
-362
-236
91
459
554
386
266
277
280
237
183
45
-191
-315
-312
-450
-594
-353
27
6
-302
-302
38
210
174
208
235
97
-31
-3
19
-10
72
189
108
-77
-25
283
494
477
446
455
305
55
-20
29
-95
-410
-654
-756
-848
-872
-684
-428
-302
-190
16
191
283
447
677
675
395
204
251
277
145
44
65
15
-112
-60
102
128
97
139
100
-135
-293
-163
-65
-254
-424
-365
-293
-283
-94
283
492
396
246
182
132
124
202
174
-75
-287
-299
-348
-544
-472
-39
161
-111
-357
-187
92
143
162
232
160
10
-6
78
104
158
320
328
95
-32
176
464
511
431
410
312
54
-121
-77
-102
-374
-657
-787
-870
-938
-802
-497
-346
-285
-65
172
275
414
703
836
583
335
342
350
249
180
197
118
-44
-3
147
148
97
126
101
-123
-330
-257
-143
-260
-444
-465
-411
-400
-273
52
349
462
429
326
201
161
277
360
167
-129
-227
-211
-352
-568
-441
-88
-31
-261
-347
-149
47
116
227
263
120
49
135
164
83
128
274
186
-42
-47
166
323
340
388
407
224
20
-9
53
-23
-270
-489
-645
-774
-793
-680
-529
-434
-305
-75
59
136
355
640
731
531
359
370
345
259
206
151
46
-87
-68
25
5
22
94
59
-119
-268
-189
-88
-192
-291
-294
-288
-280
-158
135
363
402
353
249
150
134
200
197
-10
-192
-207
-261
-448
-552
-305
10
-32
-220
-241
-82
67
123
211
219
116
93
102
73
76
192
303
161
-36
17
195
318
358
403
382
184
8
-29
-69
-201
-401
-607
-795
-904
-859
-730
-578
-388
-179
-13
96
270
526
721
738
573
406
352
326
266
168
92
29
-74
-71
3
10
48
101
51
-112
-213
-125
-93
-236
-325
-335
-349
-328
-190
71
282
361
296
157
96
131
195
164
3
-157
-215
-250
-422
-540
-277
51
15
-190
-172
36
112
129
262
243
106
85
91
33
16
177
242
57
-49
45
171
255
334
413
378
174
-32
-99
-91
-183
-416
-617
-746
-851
-844
-677
-523
-389
-111
124
144
210
533
814
728
527
465
357
217
193
175
31
-107
-81
-41
-100
-42
138
173
39
-109
-118
-89
-155
-241
-284
-314
-362
-348
-185
50
255
378
315
136
43
131
228
98
-71
-60
-28
-189
-448
-408
-46
131
-10
-219
-244
-122
-35
76
158
115
98
117
37
-32
86
327
310
80
5
86
169
236
363
468
371
151
2
-26
-23
-131
-325
-534
-708
-789
-761
-660
-580
-376
-71
25
-17
171
560
741
596
477
452
291
173
175
140
13
-57
15
-9
-100
36
223
208
47
-84
-60
-66
-153
-192
-253
-359
-428
-381
-203
-43
135
352
322
109
26
157
286
201
74
40
-68
-235
-378
-402
-216
-21
-9
-172
-307
-204
-30
63
123
136
150
123
32
22
148
293
254
85
15
52
108
202
325
423
389
223
29
-53
14
3
-213
-509
-699
-748
-743
-706
-632
-440
-151
-33
-42
142
496
723
685
586
496
328
254
246
116
-31
-76
-56
-122
-167
13
167
149
74
-47
-113
-131
-162
-186
-283
-359
-401
-415
-237
-15
200
426
394
205
126
212
331
236
148
142
-29
-205
-361
-484
-342
-92
-7
-231
-431
-246
-44
-5
76
164
166
84
17
24
103
303
371
198
53
47
114
170
290
433
423
287
66
-70
11
14
-205
-510
-696
-722
-804
-793
-624
-469
-216
-43
-42
83
387
726
736
493
458
407
257
189
103
57
-30
-100
-64
-110
6
229
223
135
2
-57
-41
-160
-236
-286
-368
-377
-435
-338
-65
161
396
435
284
212
230
342
338
175
133
64
-107
-314
-511
-406
-152
-86
-214
-375
-306
-91
16
127
214
218
190
91
40
100
249
331
172
4
13
53
99
232
432
544
404
146
-9
10
44
-105
-379
-591
-700
-774
-794
-714
-536
-237
0
-3
21
308
685
773
585
500
447
273
153
96
49
-21
-75
-67
-125
-88
157
263
160
12
-69
-63
-169
-270
-246
-282
-364
-435
-385
-157
86
381
569
421
252
252
324
329
237
205
96
-155
-354
-532
-549
-296
-74
-135
-381
-410
-180
-30
66
201
250
181
38
-51
-3
146
287
204
1
-89
-65
26
189
403
532
465
267
54
-13
55
-33
-328
-613
-728
-791
-895
-816
-544
-291
-94
-28
33
274
580
792
690
444
366
296
155
19
-54
-21
-112
-246
-212
-109
77
205
197
138
-37
-93
-61
-190
-293
-332
-331
-387
-488
-262
101
339
468
370
246
192
187
321
303
171
104
-51
-260
-548
-628
-255
-15
-125
-308
-338
-157
-47
80
300
297
207
115
-16
-34
83
305
308
58
-35
4
50
160
361
594
542
243
4
-67
16
-53
-302
-526
-715
-811
-876
-823
-564
-286
16
128
35
206
570
803
690
433
427
322
61
2
23
28
-69
-143
-73
-128
-6
301
316
151
-13
-22
-53
-337
-393
-297
-410
-528
-545
-287
27
225
490
439
201
190
252
318
204
101
172
-27
-341
-546
-539
-190
-20
-119
-238
-340
-191
-10
122
299
296
272
168
-72
-51
151
309
245
2
-42
-34
-43
140
364
534
494
233
33
-72
-27
-38
-323
-582
-726
-827
-897
-868
-577
-273
-78
74
102
295
647
845
794
544
472
428
130
-15
25
32
-68
-234
-172
-91
-18
248
300
130
-16
-58
-62
-297
-425
-318
-417
-581
-607
-410
-74
175
467
524
280
227
307
392
372
218
203
55
-264
-513
-652
-384
-56
-111
-264
-393
-325
-93
51
242
287
198
152
-50
-134
56
248
280
62
-83
-52
-62
73
352
561
568
319
70
-24
6
-2
-243
-530
-690
-806
-912
-908
-664
-312
-73
57
99
259
600
867
855
591
444
429
220
-28
-68
13
-6
-177
-173
-25
68
229
341
261
70
-67
-54
-169
-393
-402
-409
-557
-661
-522
-158
131
404
644
552
354
358
475
515
352
163
14
-237
-504
-691
-623
-279
-87
-196
-337
-314
-115
116
303
408
347
224
101
-33
-14
163
254
141
-54
-109
-28
65
293
577
681
555
272
96
89
23
-188
-518
-799
-909
-994
-1016
-835
-507
-161
19
96
301
592
837
907
692
431
309
207
26
-143
-121
-23
-123
-209
-33
201
324
380
448
372
107
-32
-43
-188
-405
-495
-516
-627
-632
-350
-20
251
500
593
469
311
359
479
399
177
-52
-234
-408
-671
-822
-570
-170
-75
-258
-313
-94
138
292
461
503
352
180
62
3
33
142
179
35
-138
-116
40
195
392
584
628
451
183
107
126
-63
-429
-793
-937
-974
-1086
-1008
-712
-412
-176
-30
198
508
778
993
894
547
346
293
176
-98
-268
-171
-155
-263
-173
114
353
403
410
428
239
-16
-59
-91
-333
-642
-735
-694
-765
-712
-372
2
333
599
677
557
412
484
595
388
19
-222
-332
-489
-821
-969
-629
-205
-136
-306
-280
13
242
359
481
472
275
79
-16
-79
-128
-97
-55
-127
-245
-170
64
252
455
694
759
524
209
142
161
-126
-605
-938
-1011
-1029
-1129
-1022
-646
-286
-50
121
350
613
817
952
801
402
188
156
22
-242
-376
-224
-128
-167
-31
253
480
573
598
569
323
9
-86
-156
-403
-681
-814
-778
-705
-581
-281
125
559
947
1025
800
593
573
644
485
14
-388
-544
-625
-858
-1105
-845
-239
44
-71
-153
91
423
547
578
515
269
-14
-205
-259
-232
-149
-60
-41
-67
18
275
526
738
954
990
739
346
108
119
-81
-633
-1140
-1298
-1154
-1097
-1078
-697
-164
181
346
459
717
935
955
806
338
-103
-193
-223
-366
-540
-470
-159
-26
79
370
657
842
810
647
404
19
-242
-356
-561
-796
-986
-1010
-827
-576
-210
235
681
1140
1366
1202
874
590
470
316
-115
-611
-920
-999
-1026
-1180
-1114
-576
25
279
201
196
429
610
604
462
192
-144
-451
-605
-557
-422
-269
-93
116
327
537
735
948
1184
1252
1008
527
44
-183
-319
-702
-1204
-1500
-1378
-1089
-962
-739
-237
312
645
665
682
821
820
633
230
-240
-501
-611
-622
-575
-464
-180
96
334
643
875
988
944
755
490
63
-393
-660
-809
-897
-993
-1063
-912
-534
-57
440
861
1256
1619
1597
1126
557
168
5
-301
-897
-1301
-1383
-1289
-1180
-1100
-636
92
583
710
541
444
528
464
244
-63
-401
-704
-942
-884
-532
-162
101
334
670
981
1102
1098
1115
1188
1049
529
-152
-628
-713
-736
-995
-1296
-1370
-1057
-651
-404
-88
314
651
756
524
350
310
195
29
-299
-561
-605
-628
-472
-180
125
444
575
710
890
885
787
560
291
8
-437
-822
-963
-928
-805
-714
-598
-349
47
522
951
1272
1501
1656
1484
857
132
-379
-582
-742
-1120
-1357
-1273
-990
-695
-550
-164
514
954
975
613
236
76
-146
-408
-629
-818
-924
-965
-743
-178
416
837
1078
1288
1450
1359
1059
792
664
463
-33
-655
-1026
-948
-707
-627
-694
-737
-526
-202
-43
59
164
262
257
-60
-369
-439
-380
-227
-215
-290
-232
-140
83
398
644
786
674
482
435
393
284
96
-96
-210
-394
-632
-748
-644
-390
-176
-97
-97
29
335
669
930
1020
1082
1121
811
232
-346
-679
-675
-740
-944
-1022
-907
-590
-371
-301
5
437
669
512
65
-257
-415
-561
-620
-586
-486
-421
-395
-129
431
957
1198
1198
1172
1143
914
509
212
151
153
-90
-535
-756
-592
-262
-57
-139
-310
-382
-414
-392
-359
-325
-254
-292
-407
-481
-491
-310
-9
187
288
257
153
126
209
431
588
432
163
2
-1
95
107
85
83
-7
-157
-350
-457
-344
-152
18
79
63
171
390
648
907
1114
1251
1103
566
-100
-633
-853
-875
-933
-965
-875
-698
-527
-430
-169
346
778
794
336
-240
-603
-811
-912
-832
-592
-405
-429
-397
38
810
1452
1692
1673
1532
1251
763
254
87
122
-5
-423
-850
-840
-509
-161
154
346
334
13
-486
-706
-608
-443
-439
-657
-810
-823
-775
-568
-185
331
750
799
593
341
225
322
416
370
174
-141
-404
-468
-280
65
336
423
347
190
46
-7
69
243
386
350
161
-37
-101
110
514
894
1011
635
-47
-692
-1046
-989
-749
-518
-332
-327
-442
-596
-596
-189
373
661
451
-167
-775
-1184
-1324
-1021
-408
157
321
151
180
669
1329
1751
1851
1767
1407
632
-285
-722
-471
-11
140
-9
-84
-13
-10
2
253
645
663
-67
-1077
-1661
-1696
-1464
-1214
-839
-293
2
-105
-223
64
756
1227
1101
636
105
-361
-787
-1001
-661
14
489
500
278
286
552
836
1008
1000
796
309
-380
-909
-995
-627
-110
235
370
397
424
481
646
962
1152
881
63
-983
-1696
-1826
-1471
-841
-220
211
263
-83
-411
-386
-36
311
294
-63
-640
-1323
-1800
-1698
-857
327
1203
1578
1647
1548
1251
859
723
942
1067
644
-151
-734
-823
-629
-313
294
1143
1630
1272
355
-397
-738
-1056
-1497
-1669
-1413
-1125
-1190
-1335
-948
-97
607
864
866
856
628
-64
-816
-1098
-861
-505
-354
-137
342
805
1039
1078
1189
1393
1287
803
184
-346
-698
-1004
-1156
-932
-451
104
555
796
914
868
676
503
382
345
272
-59
-616
-1263
-1707
-1696
-1265
-516
329
976
1178
752
-39
-692
-978
-980
-910
-777
-569
-517
-705
-853
-582
156
945
1484
1808
1926
1592
727
-226
-699
-585
-261
40
467
998
1238
951
477
322
420
336
-26
-379
-554
-813
-1361
-1821
-1718
-1130
-512
-81
346
745
705
80
-705
-1105
-1060
-876
-639
-220
349
752
786
680
727
908
974
820
602
392
89
-314
-606
-575
-290
51
357
614
802
812
585
253
-79
-325
-446
-443
-304
-107
133
396
524
409
73
-323
-585
-725
-782
-677
-383
-4
212
162
23
-90
-218
-414
-588
-550
-356
-265
-331
-357
-199
18
124
238
602
1109
1363
1186
780
423
119
-233
-445
-285
159
575
718
732
794
746
446
-28
-398
-532
-654
-844
-932
-829
-623
-558
-651
-636
-460
-247
-123
-60
72
171
97
-88
-247
-263
-180
-71
104
339
536
577
472
371
347
350
324
289
293
350
415
444
405
271
68
-167
-386
-518
-530
-443
-308
-181
-92
-17
92
205
281
309
240
60
-229
-543
-761
-826
-702
-418
-40
367
659
751
638
363
29
-319
-616
-769
-756
-594
-329
34
448
749
827
683
422
138
-140
-345
-388
-248
-8
223
426
602
698
647
441
192
-21
-202
-365
-479
-479
-369
-245
-111
68
256
359
267
26
-234
-489
-730
-925
-989
-849
-605
-314
30
381
701
862
821
677
454
200
-47
-238
-267
-163
2
209
410
591
696
644
466
223
-34
-275
-486
-604
-604
-502
-335
-179
-63
20
49
22
-19
-44
-55
-58
-65
-52
-16
7
-12
-81
-137
-139
-118
-52
76
257
434
509
465
335
144
-63
-259
-386
-396
-324
-207
-72
71
217
324
333
250
119
-28
-186
-327
-392
-329
-170
7
165
291
373
378
285
120
-62
-218
-347
-449
-469
-364
-156
86
289
415
456
390
223
2
-221
-375
-445
-442
-334
-128
121
337
457
496
454
307
98
-110
-254
-321
-333
-282
-160
32
228
348
373
303
141
-70
-266
-370
-353
-245
-92
69
204
281
277
206
97
-24
-140
-230
-273
-246
-160
-35
104
233
321
323
250
134
-7
-144
-237
-264
-219
-134
-36
50
101
117
94
38
-27
-78
-98
-88
-54
-22
-13
-34
-80
-133
-187
-235
-250
-220
-152
-76
-2
82
169
243
271
242
181
102
12
-63
-104
-99
-54
12
85
146
178
181
157
108
41
-31
-103
-165
-200
-206
-189
-157
-102
-35
11
50
93
127
143
127
89
30
-54
-130
-174
-164
-95
4
98
157
180
176
146
113
77
36
5
-20
-30
-29
-33
-15
20
68
107
108
91
63
20
-33
-93
-125
-103
-52
10
63
95
106
76
2
-95
-192
-260
-298
-310
-288
-235
-153
-54
29
89
117
103
61
10
-22
-20
4
43
87
106
117
137
170
206
191
141
92
39
-3
-47
-72
-40
23
67
44
-68
-177
-229
-253
-249
-223
-162
-44
62
101
88
53
33
19
-24
-77
-119
-107
-41
13
57
111
124
91
56
32
21
11
10
43
73
30
-89
-193
-184
-94
-24
44
166
313
385
320
202
141
128
126
141
231
401
498
374
97
-185
-412
-592
-698
-622
-324
41
250
249
133
-20
-247
-525
-702
-653
-404
-127
62
215
341
383
298
169
153
210
207
164
157
218
236
124
57
177
348
385
271
194
227
101
-247
-526
-521
-299
-155
-173
-94
95
120
-120
-449
-551
-454
-453
-489
-371
-108
148
202
187
304
393
336
178
52
77
61
-63
-55
122
345
441
376
375
413
287
41
-212
-326
-292
-308
-318
-178
33
190
152
-10
-93
-153
-258
-379
-457
-363
-189
-117
-54
88
293
438
370
236
188
133
22
-134
-227
-164
-102
-95
-38
60
148
134
21
-29
-57
-163
-277
-308
-225
-150
-180
-165
-32
93
135
106
133
250
284
200
121
108
137
105
32
43
105
138
111
37
29
74
53
-21
-114
-195
-234
-287
-340
-330
-271
-209
-178
-151
-81
-8
40
79
97
101
102
82
91
135
162
185
232
295
339
321
280
246
190
99
-13
-96
-115
-138
-190
-210
-181
-138
-111
-106
-103
-100
-98
-113
-181
-243
-272
-285
-236
-110
24
145
243
279
227
120
22
-34
-39
-12
21
65
119
136
111
79
55
47
30
-17
-76
-105
-106
-105
-96
-58
-31
-19
-21
-49
-70
-54
-15
12
31
63
98
114
113
105
89
63
22
-17
-44
-65
-74
-67
-58
-49
-31
6
41
60
65
55
17
-31
-64
-80
-73
-47
-10
37
81
111
128
127
107
66
19
-10
-19
-17
-5
13
42
66
69
63
52
31
4
-45
-100
-142
-157
-142
-112
-74
-30
14
39
40
21
-2
-6
-4
-6
2
37
81
90
65
48
50
52
38
35
64
100
102
81
48
18
8
-13
-52
-73
-72
-64
-63
-53
-6
32
37
12
-45
-92
-107
-120
-116
-72
-3
49
52
38
40
44
26
6
12
38
31
3
5
12
5
-18
-48
-40
-14
4
14
18
30
18
-17
-43
-58
-70
-69
-54
-11
53
99
112
99
77
42
-4
-41
-53
-45
-31
-19
-8
-3
-7
-12
-18
-30
-41
-34
-15
-5
-1
11
17
13
-18
-68
-93
-83
-52
-18
22
65
86
83
69
57
53
57
48
19
-20
-60
-87
-105
-111
-95
-57
-19
15
47
64
51
11
-31
-69
-114
-135
-133
-107
-57
-3
47
96
136
172
179
146
109
60
-12
-87
-140
-143
-104
-52
12
69
100
115
92
32
-13
-30
-35
-45
-55
-39
-28
-37
-34
-20
-5
10
12
-2
-11
-24
-39
-59
-74
-73
-74
-63
-34
-8
26
79
124
154
143
98
48
-32
-104
-132
-130
-93
-43
-3
41
70
90
95
70
40
9
-39
-65
-72
-71
-57
-51
-44
-38
-22
12
41
58
71
60
26
-15
-62
-107
-137
-143
-116
-61
3
60
109
143
170
174
145
103
61
10
-45
-97
-110
-85
-54
-15
11
45
90
106
96
76
55
45
9
-30
-25
-7
18
24
21
42
50
34
12
-5
-3
1
-14
-25
-41
-56
-61
-62
-50
-30
-10
0
-6
-19
-32
-38
-41
-48
-41
-31
-19
5
36
71
80
69
58
43
25
2
-20
-16
4
11
3
-1
8
22
30
36
43
47
41
29
16
-14
-35
-52
-79
-108
-122
-102
-67
-33
11
53
81
93
76
53
23
-18
-53
-87
-96
-66
-25
27
76
111
145
137
98
69
26
-21
-56
-82
-89
-90
-74
-51
-40
-21
17
43
54
56
45
26
-6
-54
-91
-101
-94
-67
-30
9
51
63
51
34
0
-25
-43
-57
-42
-22
-3
10
-11
5
28
5
12
17
11
3
-28
-44
-63
-72
-24
-6
4
94
134
100
54
17
5
-21
-20
-7
-42
-53
-19
-13
-29
-11
32
59
63
69
69
47
11
-29
-75
-105
-80
-58
-60
-49
-20
17
26
30
46
50
58
61
35
21
16
-10
-29
-37
-24
2
18
37
48
60
84
84
61
47
40
27
2
-21
-26
-26
-30
-32
-37
-26
-2
8
-5
-17
-18
-16
-32
-54
-63
-60
-45
-30
-19
8
43
57
52
33
13
-12
-43
-55
-48
-23
14
39
59
77
91
90
66
44
29
3
-38
-67
-70
-59
-35
-9
5
22
36
32
11
-14
-13
-24
-51
-59
-54
-38
-19
-5
11
28
52
59
45
32
16
-9
-43
-77
-93
-91
-81
-70
-62
-45
-15
9
28
42
51
68
70
55
43
34
24
5
-4
-1
11
32
45
50
59
69
61
42
29
17
-2
-25
-37
-44
-44
-38
-29
-15
-1
6
-10
-23
-27
-32
-43
-65
-79
-82
-84
-71
-41
-3
45
75
71
59
38
16
-7
-22
-3
29
47
57
71
81
88
79
59
48
34
19
-16
-59
-78
-85
-83
-76
-57
-28
0
16
18
2
-14
-18
-31
-48
-48
-42
-41
-49
-53
-40
-19
6
33
53
67
74
65
37
15
-3
-23
-37
-48
-39
-26
-21
1
25
47
62
59
62
62
40
13
-16
-32
-40
-51
-50
-38
-14
11
20
23
28
25
11
-13
-35
-44
-49
-50
-49
-36
-15
1
10
15
11
0
-11
-22
-37
-41
-35
-28
-16
3
26
48
58
71
74
60
60
45
18
-1
-8
-4
0
-1
12
18
17
18
8
-1
-5
-11
-19
-39
-58
-62
-74
-82
-72
-53
-28
-2
19
38
41
27
6
-19
-37
-46
-48
-41
-28
-9
18
43
56
71
74
70
70
56
40
27
6
-5
-14
-21
-14
-5
8
25
28
26
19
5
-4
-15
-28
-38
-52
-64
-69
-62
-47
-26
-4
9
14
9
-4
-16
-26
-33
-37
-39
-31
-17
-7
7
21
29
39
45
48
46
46
47
42
35
32
28
18
15
13
14
21
21
22
12
3
-1
-9
-9
-3
5
12
10
11
19
15
11
10
0
-18
-39
-65
-83
-97
-93
-80
-61
-30
3
28
44
58
59
47
24
2
-15
-31
-33
-29
-17
1
19
36
51
57
65
71
66
56
38
13
-8
-30
-45
-48
-43
-33
-20
-13
-9
-11
-16
-23
-38
-46
-54
-64
-67
-59
-52
-43
-30
-12
8
21
31
40
43
40
36
21
13
12
16
22
31
42
57
64
60
53
42
29
20
9
2
-1
-9
-16
-17
-13
-9
-7
-3
-1
-4
-10
-17
-32
-46
-43
-44
-48
-45
-32
-18
-13
-7
3
6
5
-3
-13
-19
-21
-25
-25
-21
-8
8
19
36
51
61
62
52
40
23
8
-4
-16
-22
-15
-2
8
16
31
42
45
44
32
22
11
-9
-32
-52
-58
-57
-59
-53
-39
-25
-9
-2
1
1
-4
-6
-14
-23
-22
-19
-16
-11
-4
8
18
21
25
27
29
28
26
23
24
24
21
17
18
16
9
1
-3
-6
-11
-14
-16
-15
-13
-12
-15
-18
-20
-17
-18
-18
-14
-10
-7
-5
-7
-5
-2
0
1
0
3
12
20
24
33
36
37
37
30
22
18
15
8
3
-2
0
3
4
15
15
17
17
11
7
5
-1
-4
-14
-21
-20
-24
-23
-23
-21
-14
-9
-5
-3
-3
-2
-6
-13
-19
-19
-16
-15
-12
-5
5
6
7
8
11
17
16
16
18
20
19
18
13
10
9
2
1
1
2
5
6
8
8
5
0
-6
-13
-16
-19
-22
-24
-27
-29
-29
-31
-31
-28
-25
-23
-16
-8
2
10
16
19
16
17
11
4
-1
-5
-11
-11
-7
4
16
25
36
43
44
45
38
25
15
2
-9
-16
-20
-18
-18
-20
-15
-12
-10
-3
-2
-1
-3
-4
-3
-8
-13
-13
-19
-20
-19
-19
-15
-13
-7
2
5
7
14
18
19
21
18
15
9
5
3
-3
-3
0
0
5
8
12
16
17
16
9
1
-2
-3
-6
-9
-11
-10
-10
-12
-12
-7
-2
1
3
3
2
-2
-7
-14
-15
-20
-22
-21
-17
-10
-4
2
7
10
12
12
8
7
8
7
5
6
9
13
13
13
14
14
14
12
6
2
1
-2
-1
-1
2
0
-1
0
-2
-5
-9
-12
-14
-16
-14
-13
-11
-6
-2
1
3
6
11
10
10
10
6
3
-1
-6
-9
-10
-6
-2
1
4
9
11
10
9
5
2
1
0
-2
-5
-6
-9
-9
-9
-7
-5
-3
-2
1
2
2
2
0
-2
-6
-9
-11
-10
-11
-6
-4
0
4
7
11
11
9
7
6
3
0
-2
-4
-2
-2
-2
0
2
6
7
9
11
9
6
3
-1
-3
-5
-9
-9
-9
-8
-5
-2
1
3
5
5
2
-1
-1
-4
-6
-5
-4
-1
-1
-1
0
-1
-3
-2
-4
-4
-3
-3
1
-1
3
3
1
1
2
1
2
-1
-3
-2
-4
-3
-3
-3
-1
1
5
8
10
12
11
5
4
1
-3
-7
-10
-9
-6
-3
-1
1
4
4
1
-2
-5
-6
-6
-8
-10
-9
-7
-4
-2
0
1
3
2
1
1
1
0
-1
-2
-3
-5
-5
-3
-1
5
8
8
10
10
10
7
4
0
-2
-7
-7
-5
-3
1
4
7
9
10
10
7
4
3
1
-2
-7
-8
-6
-5
-3
-1
3
6
7
7
5
5
3
0
-4
-5
-3
-3
-4
-2
-1
-1
-1
0
1
0
-1
-1
-2
-2
-1
0
-1
-1
1
1
-1
-2
-1
1
0
-2
-2
-3
-2
-3
-3
-1
2
2
2
4
5
6
6
3
1
-1
-3
-4
-3
-4
-3
-1
2
3
5
7
8
7
7
3
-1
-3
-7
-8
-9
-9
-8
-6
-2
2
3
7
7
5
5
-1
-4
-6
-7
-7
-8
-6
-2
0
1
3
4
3
3
0
0
-3
-5
-5
-5
-4
-2
-2
-1
0
2
2
2
3
2
3
3
3
-1
-1
-1
-1
0
1
2
3
3
5
3
2
2
3
0
0
-1
0
2
2
3
2
3
2
2
1
0
-2
-2
-3
-2
-1
1
0
2
3
3
2
2
0
-1
-2
-3
-4
-4
-1
-2
0
2
7
8
9
7
6
5
2
2
-1
-3
-2
-3
-4
-3
-2
-3
-1
0
-1
0
2
0
-2
-5
-7
-8
-8
-7
-6
-4
-2
1
2
4
4
4
5
2
2
0
-1
-2
-3
-3
-2
1
4
7
8
9
9
7
5
2
2
2
0
-1
-2
-1
-1
-1
0
0
-1
-1
-1
-2
0
2
2
1
-1
-2
-2
-3
-3
-2
-2
0
0
-1
0
-1
-2
-2
-2
-3
-2
-4
-2
-1
0
-1
0
2
1
0
0
0
0
1
0
-1
0
3
4
3
4
3
3
3
0
-2
-1
-3
-3
-4
-3
0
2
3
2
3
4
2
0
-1
1
-1
0
-2
-1
1
1
1
0
-1
-1
-1
-1
0
2
1
2
1
1
1
1
1
-2
0
0
-1
-2
-2
-3
-4
-4
-3
-3
-1
1
2
1
3
2
2
2
1
2
1
0
1
0
1
1
0
2
0
0
-2
-3
-2
-2
-2
0
0
0
-1
-2
-1
-2
0
-1
-1
-1
-2
-1
0
-2
0
1
1
1
0
2
2
2
1
-2
-2
-4
-5
-6
-6
-5
-3
-2
0
2
4
3
1
0
0
-3
-4
-3
-3
-3
-2
0
1
3
4
5
4
3
4
3
2
1
-1
0
0
0
1
-2
-1
-1
-2
-2
-2
-3
-3
-2
0
-1
-1
-2
-1
0
1
-1
0
1
0
-2
-2
-1
-1
-1
-2
-2
0
0
1
1
1
1
0
0
1
0
0
0
0
1
0
0
1
0
0
0
1
0
1
-1
-1
-1
-2
-3
-1
0
1
0
1
1
1
0
2
1
2
3
3
4
3
3
2
1
1
2
1
1
1
1
-1
-1
-1
-2
-2
-2
-2
-1
0
0
0
-1
0
0
0
1
1
1
1
0
-1
-2
-1
-3
-3
-2
-4
-1
-1
1
4
4
5
4
3
4
1
0
0
-1
-1
-1
-1
0
-1
0
0
-1
2
2
1
3
1
1
0
-2
-3
-2
-1
-1
-2
0
1
0
-1
-1
-1
0
0
0
1
1
2
2
1
1
1
0
0
0
0
0
1
2
3
2
2
2
1
1
0
1
1
1
2
3
3
3
2
2
0
1
0
-1
-3
-2
-2
-2
-1
0
1
1
2
3
2
1
-1
-1
-2
-3
-3
-4
-4
-3
-4
-3
-1
0
1
3
3
1
1
0
0
0
-2
-1
0
-2
0
2
0
2
2
1
1
0
-1
-2
-3
-2
-2
-2
-2
-2
-1
-3
-3
-3
-3
-2
-2
0
0
0
0
1
0
-1
-1
0
-2
0
0
-1
-2
-2
0
0
0
1
-1
0
1
1
1
-1
-1
-1
-2
-3
-3
-3
-2
-3
-2
-1
0
1
1
1
1
1
0
1
1
2
2
2
1
1
2
1
1
3
1
0
-1
-1
1
0
-1
0
-1
-1
1
0
2
1
2
1
1
0
0
0
0
-1
-1
-1
-2
-2
-2
-2
-1
-1
-1
-1
0
2
1
0
-2
-2
-1
-1
-2
-2
-3
-1
0
-1
0
-1
0
0
1
-1
0
1
-1
0
0
0
1
1
2
2
1
1
1
1
0
1
1
0
-1
-2
-2
-3
-2
-2
-2
-1
-2
0
0
0
0
0
-1
-1
-1
0
-1
2
2
2
0
1
1
0
1
0
-2
-2
-1
-1
-2
-1
0
0
2
3
3
3
3
2
2
2
1
-1
-2
-2
-1
-2
0
1
2
0
1
2
0
0
1
2
0
1
1
2
0
0
1
1
1
1
3
1
0
1
0
1
0
0
0
0
0
2
1
0
1
2
3
4
1
0
1
3
3
2
3
2
1
1
0
-1
-1
-1
1
1
2
2
0
1
1
0
0
2
1
0
0
0
1
0
1
0
0
-1
1
1
1
0
0
0
1
0
-1
-1
-1
-1
-1
-1
1
1
0
0
1
1
0
0
0
-1
0
0
0
0
-1
-1
-1
-2
-1
-1
-2
-1
0
-1
-2
-2
-2
-1
-1
-2
0
0
0
-1
-1
-1
1
0
-1
-1
-1
-3
-1
-1
-1
-1
-1
0
-2
-1
0
-1
0
0
1
1
2
3
3
1
1
1
1
1
1
2
1
2
2
1
2
1
0
0
1
1
2
2
1
0
-1
-2
-3
-3
-1
-1
1
0
0
0
1
4
1
0
0
0
-1
-2
1
1
2
1
1
1
0
2
0
-1
0
0
0
1
0
1
1
-2
-1
-1
0
0
0
0
1
-1
0
0
-2
1
1
0
0
0
0
-1
-2
0
1
0
-1
-2
-1
0
0
1
1
0
0
0
2
2
2
2
2
2
0
1
1
1
0
1
2
0
0
0
2
1
2
3
1
1
0
-1
-1
2
1
-1
-2
-2
-2
-1
-2
-2
-3
-3
-2
-1
0
1
1
2
0
1
0
-1
-1
-1
0
-1
0
1
1
2
2
2
2
3
2
3
4
1
1
2
1
0
0
1
1
1
1
-1
-3
-2
-2
-2
-1
0
0
1
1
0
0
0
0
-1
0
-1
-1
-1
-1
-2
-2
-2
-3
-4
-3
-2
0
0
0
0
0
1
0
0
-1
0
0
0
0
-2
-2
0
0
0
0
0
-1
-1
0
1
0
0
0
-1
0
-1
-2
0
-1
-1
0
2
2
2
2
2
2
0
-1
-2
-2
-4
-2
-3
-2
-1
2
1
1
1
0
0
-1
-1
-3
-3
0
-1
0
0
-1
-1
-1
-1
-2
-1
1
2
1
1
1
0
-1
-1
-1
-1
-2
0
0
0
0
1
2
1
1
0
1
2
2
2
1
1
1
0
1
1
2
1
1
1
1
1
0
-1
-1
-2
-2
-3
-3
-2
-2
0
0
0
-1
-2
-2
-2
-3
-2
-2
-1
0
0
0
2
2
1
2
1
0
0
1
3
4
4
3
2
3
2
1
1
-1
-1
-3
-1
0
-1
0
0
-1
-1
-1
-3
-2
-1
0
0
0
1
1
1
1
0
-2
-4
-2
-1
1
1
2
1
1
1
1
-1
-1
-2
-1
-1
-1
-1
-1
-2
-1
-1
-2
-2
-4
-2
-2
-1
-1
-1
1
1
3
3
1
-1
0
0
1
0
2
3
2
1
1
1
1
0
1
1
1
2
1
1
1
2
1
0
2
3
1
0
2
2
1
2
1
0
0
-1
1
0
0
-2
-2
-2
-1
0
0
-1
0
-1
-2
-1
-1
-2
0
2
2
1
2
1
1
1
0
0
1
1
0
0
0
0
0
-1
0
0
-1
0
-1
-1
0
0
-1
0
1
2
1
1
1
0
-1
-1
-1
-2
0
1
1
1
2
1
4
2
0
0
0
0
0
-2
-1
-3
-4
-3
-3
-2
-2
-2
-1
-1
-2
0
1
0
0
0
1
0
-1
-2
-2
-3
0
-1
-3
-1
-1
0
-1
0
1
-1
-1
0
0
0
1
0
1
0
0
0
-1
-1
0
1
2
2
2
2
3
2
2
-1
0
-2
-1
0
-1
-2
-2
0
-2
0
1
1
1
2
3
2
1
0
0
0
-1
-1
-2
-4
-3
-1
-1
0
1
0
1
0
1
0
1
1
1
-1
0
2
1
1
0
0
1
0
-1
-1
0
2
1
2
2
0
-2
-2
-2
0
-1
-1
0
1
2
2
0
1
1
1
-2
-2
-1
0
0
2
2
3
3
2
2
0
0
0
0
0
1
1
2
1
3
2
2
1
0
1
0
1
1
0
0
-1
0
-1
-2
1
1
-1
0
-1
0
-1
-1
0
-2
-3
-3
-5
-4
-3
-3
-1
0
1
2
2
2
3
3
2
0
1
0
1
2
1
2
2
1
2
2
2
1
0
1
1
1
1
1
0
1
0
0
1
0
0
1
1
1
0
0
-1
-1
-1
0
-1
-1
-2
-2
0
-1
-1
-1
0
2
1
2
1
0
0
-1
-1
-1
0
0
0
0
-2
-2
-2
-3
-3
-2
-2
0
0
1
1
1
2
2
0
0
-1
-2
-2
0
0
-2
-2
-2
-1
-1
-2
-2
-1
-1
-2
-2
-2
-1
-1
0
0
0
1
1
0
1
2
1
0
0
0
0
0
0
0
-1
-1
-2
0
0
0
1
1
2
2
2
1
1
1
0
0
-1
0
1
2
2
1
1
-1
-1
-2
-3
-1
-1
-1
-1
-1
0
1
0
0
0
-1
0
0
-2
-2
-1
0
0
0
1
0
0
0
-2
-4
-3
-1
-1
1
2
1
1
2
1
0
0
0
-2
-2
-2
-1
0
1
1
1
2
1
-1
0
0
-2
-2
-1
-2
-2
0
1
1
1
2
2
2
1
1
-1
-2
-1
1
2
1
1
1
2
1
0
0
-2
-2
-1
0
1
4
4
3
1
1
1
-1
-2
-1
-3
-4
-3
-1
-1
0
1
1
0
-1
-1
-2
-1
-1
0
-1
-2
-1
0
1
-1
-1
-1
-1
0
0
0
0
1
-1
-1
0
0
-1
-2
0
0
-1
-1
-2
-1
-2
-2
-1
-1
-1
-1
-2
-1
-1
-1
-1
-1
0
-1
-1
-2
-3
-2
0
-1
-1
0
1
0
1
1
1
2
0
0
0
2
3
3
1
1
1
1
1
1
1
1
2
2
1
0
0
1
0
0
1
1
0
1
2
2
1
2
1
1
-1
1
2
2
2
2
2
3
1
2
0
0
0
-1
0
0
1
2
3
0
-1
0
2
0
0
1
1
1
0
-1
0
0
-1
0
0
-1
-1
0
0
0
0
1
2
1
0
-1
-1
-1
-1
-1
0
0
0
1
1
0
-1
-2
-1
-2
-2
-2
0
1
2
2
1
1
2
1
2
3
2
2
2
3
3
4
2
1
2
1
0
0
1
0
-1
-1
-1
0
-1
-1
0
-1
-1
0
-2
-2
-2
-4
-3
-1
0
-1
0
2
1
0
0
-2
-3
-2
-1
-1
0
0
2
4
4
2
2
2
4
2
2
2
1
1
1
1
2
0
-1
-1
-1
-1
-2
-2
-1
0
0
-1
0
-1
-1
1
1
2
1
2
1
1
2
3
2
0
1
-1
-1
-1
-2
0
-1
0
-2
-2
-1
-2
-1
0
-1
-1
0
0
3
1
1
2
2
3
1
0
-3
-3
-2
-2
-1
2
2
2
2
0
0
1
2
1
-1
-2
-3
-2
-3
-3
-1
-1
-1
0
0
0
0
0
-1
-1
-2
-2
-3
-2
-2
-1
-2
-4
-4
-3
-2
-1
0
1
0
1
0
0
0
0
1
-2
-1
0
2
3
3
3
2
2
2
1
-1
0
0
0
-1
0
1
1
1
1
2
3
3
2
1
2
2
0
0
0
-1
0
0
0
0
0
0
0
-1
0
0
1
3
3
4
4
3
0
0
0
0
0
-1
0
0
-1
-1
0
1
0
0
0
0
0
1
0
0
-1
-1
-2
-1
-2
-3
-3
-2
-2
0
1
0
-1
-1
0
0
0
-1
0
-2
-1
-1
-2
-3
-3
-1
-1
1
2
2
2
3
1
2
1
0
0
1
-1
-2
-2
-2
-1
-2
-1
0
0
1
0
1
1
2
2
1
0
-2
1
-1
-1
-4
-2
-1
-1
-1
-1
0
-2
0
1
-2
-1
-1
-1
0
0
1
-1
-4
-2
0
1
0
2
1
1
0
1
0
-1
-1
0
-1
0
1
1
0
-1
-1
-1
-1
-1
1
0
1
1
-1
-1
0
0
1
3
2
2
0
0
0
-1
-3
-3
-1
-1
0
1
1
1
0
1
1
2
1
2
3
3
4
2
2
0
0
1
-1
-1
-1
0
0
-2
1
0
0
0
-2
-3
-2
-2
-2
-1
1
2
2
1
1
1
1
1
-1
-1
-1
-1
-1
1
3
1
1
1
0
-1
0
0
-2
-2
-2
-1
0
0
2
0
0
2
2
2
1
1
3
2
2
1
-1
0
-2
-1
0
0
0
0
1
2
1
2
0
-1
-1
0
0
0
0
-1
-2
-1
-1
-3
-1
-2
-3
-4
-2
-2
-2
-2
-2
-1
-2
-2
-1
-2
-1
0
-1
0
0
2
1
1
2
2
1
0
-2
-2
-1
-2
-1
-2
-1
-2
-3
-2
-2
-3
-1
-1
-1
1
1
0
2
2
2
2
1
1
-1
-2
-1
0
1
1
3
1
-1
-1
-1
-1
-2
0
1
0
2
2
2
2
2
1
1
1
0
0
2
2
1
2
2
3
3
2
2
1
1
0
0
1
0
0
0
0
0
-1
-2
-3
-3
-4
-1
0
0
2
-1
1
1
1
-1
-2
-1
-1
-1
-2
-3
-2
-1
-1
0
0
1
0
-1
0
0
-2
-1
0
1
-1
-2
-1
1
1
1
2
2
2
2
1
2
4
1
1
0
0
0
0
1
0
-1
-2
-2
-2
-2
-1
-2
-2
-1
2
2
1
2
0
0
-1
-1
-2
-1
0
0
1
1
0
0
-1
-1
-1
1
2
1
0
1
3
3
3
1
0
2
0
0
-1
-1
1
0
1
2
0
1
1
1
0
-1
-1
-1
0
0
0
0
-1
-2
-3
-2
-1
0
0
-1
0
0
0
2
1
1
0
2
3
0
0
0
0
0
-1
0
-1
0
0
-1
0
0
1
0
-1
1
2
1
0
0
0
0
1
1
0
0
1
3
1
0
0
-3
-2
-2
-2
-2
-2
0
0
-1
1
1
0
2
2
1
0
1
1
2
1
2
2
0
1
0
0
1
0
-1
0
1
1
0
-1
-1
-2
-3
-1
-1
0
2
3
1
0
-1
-2
-1
-1
0
0
0
0
3
2
3
2
4
1
-1
-1
-2
-1
0
0
-1
-2
0
0
1
-1
-2
0
1
1
1
0
0
0
0
2
2
1
-1
-3
-4
-4
-3
-3
-3
-4
-1
0
-1
-2
-2
-1
0
0
0
-1
-3
-3
-3
-3
-3
-1
-1
-1
-1
1
1
1
2
1
1
0
0
0
1
-1
-1
0
-1
0
0
1
1
0
0
0
-2
-2
-2
-1
-1
0
-1
-1
-1
0
0
-1
0
0
1
2
1
1
1
-1
-1
-2
0
0
-2
-2
-2
-2
0
0
0
0
-1
-2
0
0
-1
-1
1
2
2
2
3
2
2
1
1
1
2
2
2
1
1
2
1
-1
-2
-2
-1
1
1
2
2
1
0
-1
-2
-2
-1
-1
-1
-1
-1
0
0
1
1
1
1
1
1
1
0
0
0
-1
1
2
0
2
2
2
0
-1
-1
0
-2
-1
-1
0
1
0
-1
0
0
-1
1
2
2
2
3
3
3
3
2
1
2
1
1
1
1
0
-1
-2
-1
0
-1
0
1
-1
0
0
2
1
0
2
1
2
1
0
-1
-1
-1
-1
-1
-2
-1
-1
-1
-1
-2
-1
-2
-1
0
-1
-1
-1
0
1
-1
-1
-1
0
0
0
-2
-1
-1
0
-1
0
2
0
0
0
-1
-1
-2
-3
-3
-3
-1
0
-1
-1
-2
-2
0
1
1
3
2
0
0
1
1
2
2
2
1
0
2
4
1
0
-1
-1
-1
0
-1
-1
-1
1
3
2
3
3
4
3
1
0
0
-1
-1
-2
-2
-2
-1
-2
-2
-2
-1
-1
-2
-1
0
-2
0
0
0
1
1
1
1
-1
0
1
0
0
-1
0
-1
-1
0
1
0
-1
-1
0
1
1
3
2
1
1
2
0
0
1
1
2
2
4
4
2
2
1
0
0
1
0
-2
-2
-1
-1
-2
0
-1
-1
0
1
2
1
1
1
1
0
1
-1
0
-1
-1
-2
-3
-1
0
0
-1
0
-1
0
0
0
0
1
2
2
1
0
0
1
0
0
1
2
1
0
1
0
-1
-1
0
0
0
0
0
-2
-2
0
0
-1
-2
-1
-1
0
0
0
1
3
3
3
2
2
1
0
-2
-1
-2
-2
-2
-1
-1
0
0
0
1
1
0
0
-1
0
0
0
-1
1
1
2
2
1
0
0
-1
-3
-2
0
0
0
3
3
1
1
1
1
0
-1
1
0
-2
-1
0
0
1
2
2
1
1
1
0
-1
0
-1
-1
-1
-2
-2
-1
-2
0
-1
-1
-1
-1
-1
-1
-1
1
0
0
0
-1
-1
-1
1
2
0
1
1
2
0
-2
-1
-2
-1
1
2
2
0
2
2
-3
-2
2
2
0
-2
0
0
-2
1
3
-2
-1
4
4
-3
-3
2
2
-3
0
5
0
-2
1
3
-2
-2
4
2
-5
0
3
-3
-4
0
3
-3
-3
4
1
-5
0
3
-1
-2
2
4
-3
-2
4
0
-2
1
3
-2
-3
2
3
-4
-2
4
1
-4
1
3
-2
-3
5
3
-5
-2
6
-1
-5
2
4
-2
-4
2
1
-5
-1
4
-2
-5
3
2
-3
-2
4
3
-3
0
5
-2
-4
3
1
-4
-3
2
0
-4
1
4
-2
-2
1
0
-3
-2
2
-1
-4
2
1
-2
0
2
0
-2
0
1
-1
-1
1
1
-1
1
1
1
0
0
0
-2
-1
2
-1
-3
1
1
-2
0
2
0
-1
-1
2
-1
-1
2
1
-3
1
1
1
-1
0
3
-1
-1
3
0
-2
0
1
0
-3
-1
1
-3
-1
3
0
-1
-1
1
0
-1
1
1
-1
0
1
0
-1
0
1
-1
-1
0
0
-1
-1
-1
-1
0
1
1
0
0
2
1
0
0
1
0
0
1
1
-1
0
1
0
1
2
0
-2
0
3
1
-1
0
0
0
-1
1
-1
-3
1
1
-1
-2
0
-1
-3
-1
1
-2
-2
0
2
0
-1
2
0
-1
-1
0
-1
-1
1
2
0
0
2
0
-1
0
0
-1
-2
0
0
-2
0
0
-1
0
1
1
0
1
2
0
1
1
0
0
-2
-1
-2
-1
2
1
0
2
2
2
1
1
2
0
-1
0
1
0
0
0
0
-1
1
2
-2
-1
2
1
-2
-1
1
1
-2
0
0
0
1
2
-1
-3
0
3
1
0
2
3
1
2
4
3
1
2
4
1
0
3
3
0
-1
1
2
1
1
2
2
1
2
3
1
-2
1
2
-2
-2
0
-1
-2
2
3
2
-1
2
0
-4
-2
1
0
-1
1
1
-1
-2
1
-2
-4
-2
0
-4
-4
1
0
-1
0
1
0
-1
1
-1
-3
-1
2
1
-1
1
2
-1
-1
1
1
-4
-2
1
-1
-5
-1
2
-3
-3
3
1
-4
-1
4
0
-5
2
2
-5
-3
2
-2
-8
-2
2
-4
-4
1
2
-3
-2
3
3
0
3
6
-1
-2
3
2
-3
0
6
1
-2
2
6
-1
-3
2
3
-2
-1
2
-2
-4
2
4
0
-2
4
3
-3
-1
3
-2
-4
1
3
-2
-3
2
1
-4
1
4
0
-2
3
2
-2
0
4
1
-4
0
2
-3
-3
1
0
-3
1
4
0
-2
2
3
-3
-3
2
1
-4
-1
1
-2
-3
2
2
-2
0
4
2
-1
2
4
1
0
2
1
-1
-1
2
1
-1
0
0
-2
-3
0
-2
-5
-4
-1
0
-2
0
2
-1
0
1
1
-2
-1
0
-1
0
1
2
0
-1
1
1
-3
-2
-1
-1
-3
0
3
0
0
2
3
1
1
2
0
0
1
1
-1
-3
0
-1
-2
-2
-1
-1
-1
1
2
1
0
2
1
1
1
1
-1
-2
-1
0
-1
0
2
2
1
1
0
1
-1
-1
0
-1
0
0
-1
-2
-1
-2
0
0
0
1
0
0
1
0
1
1
1
0
-1
-1
-1
-1
0
-2
-2
-2
-1
1
-1
-1
0
-1
-2
1
0
1
0
2
1
-1
1
2
2
0
0
1
0
0
0
1
-1
-1
-1
-2
-3
-1
0
-1
0
1
0
2
1
1
0
0
0
0
-1
-1
-1
0
-2
-3
-3
-3
-2
-1
1
2
-1
0
2
2
0
1
1
-1
-1
0
0
-2
-2
0
-1
0
2
2
0
1
4
2
-1
1
3
2
2
0
-1
-2
-2
-1
-1
1
2
1
1
0
2
3
1
0
1
0
0
1
1
-2
-2
0
0
1
1
1
0
-3
-2
0
0
0
1
0
-1
0
1
0
0
1
0
0
1
1
0
0
2
1
-3
-2
0
0
-2
-2
1
1
-1
1
1
-1
0
1
-1
-2
-2
0
-1
-2
1
1
0
0
2
2
1
2
3
0
0
3
1
0
1
1
0
-1
-1
-2
-2
-2
1
1
0
-1
-1
-1
-1
0
0
0
1
2
2
1
2
4
3
3
3
2
1
1
1
1
2
2
1
-1
0
1
0
0
0
1
1
0
-1
-2
-2
-1
-1
0
-1
-2
0
-2
-1
-1
-2
-2
-1
0
-1
-2
-1
-2
-2
-2
-1
-1
-1
1
0
-1
0
0
0
0
-1
0
1
1
-1
-1
-2
-2
-2
-1
-4
-3
-3
-2
0
0
1
1
-1
-2
-2
-2
-2
-2
-1
0
-1
0
0
-1
1
0
0
0
-1
1
1
0
1
1
1
2
2
1
1
0
2
2
3
4
5
4
1
1
1
1
0
1
1
1
1
2
1
0
2
0
0
0
0
0
-1
0
1
1
-1
0
-1
-1
-1
0
-1
1
2
2
2
0
-1
-1
-1
-1
2
0
0
0
-1
-1
-1
1
1
1
2
1
-1
0
-1
-2
-1
-1
0
0
-1
-1
0
-1
0
0
0
0
0
2
1
0
0
1
1
1
1
0
0
-2
-1
1
0
1
1
-1
1
2
1
2
0
1
1
1
0
2
-1
2
1
0
0
1
-1
-1
-2
-2
-2
-1
-1
-1
-2
-1
-1
-1
2
1
1
0
0
0
-1
0
1
2
1
2
0
0
1
0
0
0
0
2
1
-1
-2
-2
-4
-3
-4
-3
-3
-3
-2
-1
2
1
2
2
3
3
0
1
1
0
0
1
0
-2
-1
-2
-1
-1
-2
-1
-3
-2
-2
-4
-3
-3
-3
-2
-2
-2
-2
-1
0
0
-1
0
1
1
1
1
0
1
2
3
3
3
1
-1
-1
0
1
1
2
1
1
0
1
-1
0
1
2
3
3
2
2
1
1
0
1
0
1
1
0
-2
0
0
1
0
0
0
0
1
0
1
1
0
0
0
0
-1
-1
1
1
1
2
2
2
1
0
-1
-1
-1
0
0
0
0
1
2
4
3
4
3
3
3
1
-2
-3
-2
-2
-1
-1
-1
0
-2
-1
-1
0
0
-1
0
0
-1
0
1
2
0
1
1
0
-1
-2
-3
-4
-3
-2
-1
0
0
-1
0
-1
0
1
0
1
1
0
-1
-1
-1
2
1
0
0
-1
-1
-1
-2
-1
0
0
-1
-1
-1
0
-1
-1
0
0
1
1
1
1
1
0
-1
-2
-3
-2
-2
-3
-2
-3
-1
-1
-1
0
0
1
1
0
0
-1
-1
-1
0
0
0
1
2
1
2
1
0
0
-1
-2
-1
-2
-1
-1
-2
-2
-3
-2
-1
-2
-1
-1
-1
-1
-2
-1
1
2
2
3
1
1
1
0
1
0
1
1
-1
-2
0
-2
-3
-3
-1
0
-1
-1
-1
-2
0
0
-2
0
0
0
2
1
3
2
2
3
3
2
2
-1
-1
1
1
1
0
-1
-1
-2
1
1
0
2
1
2
1
0
1
0
0
1
1
0
0
0
0
-1
-1
2
0
-1
0
0
1
1
3
2
0
0
-1
-1
-1
-2
-1
-1
-1
0
2
2
3
2
1
-1
-2
-2
-2
0
-1
-1
0
-1
-1
0
0
0
0
0
0
0
0
1
2
2
3
4
3
3
1
0
0
0
1
0
1
2
3
2
2
3
2
-1
1
1
0
2
3
3
2
1
0
-1
-2
-2
-3
-2
-2
0
0
-2
-2
-1
-1
-1
-1
1
1
1
0
0
-1
-1
1
1
1
0
-1
1
0
0
1
1
2
2
1
0
0
-1
-1
-2
-3
-3
-1
-1
0
1
0
2
2
1
1
1
-2
-2
-2
-1
0
1
1
0
1
1
-1
0
2
1
1
2
2
2
1
-1
0
-1
0
-2
-2
-2
0
-1
-2
0
1
1
2
2
0
2
1
1
0
-1
-1
-2
-2
-1
0
0
1
1
0
-1
0
0
-1
0
-1
-2
-3
-2
-1
-1
1
1
1
0
1
0
-1
-1
-2
-2
-2
-2
0
-2
0
0
1
0
0
0
-1
-1
-1
-2
-1
0
0
0
1
1
1
1
2
3
0
0
-1
-1
0
0
-1
-1
-1
-1
0
-1
-2
-2
-1
0
0
0
1
0
1
0
1
0
0
-1
-1
-1
-2
0
0
0
1
1
2
1
1
1
0
0
0
0
0
-1
-2
-1
-1
-1
0
-2
-2
0
1
2
1
1
1
1
2
1
0
1
1
2
1
-1
-1
-2
-3
-3
-2
-2
-2
-1
-1
-1
-1
0
0
0
-2
-1
-2
-2
-3
-3
-2
-1
-2
-1
-1
-1
-2
-1
-2
-2
-1
-1
0
0
-1
0
-1
-1
-2
0
0
-1
-1
-1
-1
-1
0
1
1
0
1
1
2
1
0
-1
-1
0
0
2
2
2
2
3
1
1
3
2
0
0
1
1
0
0
-1
-1
1
-1
-1
-1
-1
0
1
1
1
-1
-1
0
-1
1
1
2
3
3
4
4
1
0
-1
0
0
1
2
2
3
2
2
2
2
3
3
2
1
0
0
-1
-2
-1
-1
0
0
0
0
0
1
1
0
0
-2
-2
-1
-2
-2
-3
-3
-2
0
0
0
1
0
2
3
4
3
2
3
3
2
2
3
3
3
2
2
1
2
2
3
4
4
3
3
2
2
3
3
1
0
0
-1
-1
0
1
0
0
0
2
2
1
1
1
1
0
1
0
1
1
1
1
-1
-1
-1
0
0
1
1
1
3
2
2
0
1
-1
-1
2
3
1
2
3
2
1
2
2
2
2
3
2
2
0
-1
-1
0
-1
1
1
0
0
-1
-1
-1
-2
-2
-3
-3
-1
0
1
1
1
1
2
1
1
2
0
1
0
-1
-1
0
-2
-3
-3
-3
-2
-2
-1
-2
-2
-2
-1
-1
-1
-1
-1
0
0
-2
-2
-1
-1
-2
-2
-2
-1
-2
-1
-1
0
0
-1
0
-1
0
0
0
0
-2
-1
0
0
2
2
1
0
1
2
2
1
1
1
0
-1
-1
-2
-1
-2
-3
-2
-2
-2
-1
-2
-1
0
0
1
0
0
-2
-2
-2
-2
-3
-2
-3
-2
-1
-1
-1
-1
-1
-1
-1
1
0
1
1
1
1
1
0
0
0
-1
-2
-1
0
0
1
1
-1
-1
0
-2
-2
-2
-1
-1
-1
-1
0
-1
-1
0
-1
1
0
-1
-2
-2
-2
0
0
2
1
0
0
-1
-1
-1
-2
-2
0
1
0
0
0
1
2
1
2
2
1
1
2
0
1
1
1
0
0
1
1
2
1
1
1
1
1
2
0
0
2
1
1
0
-1
0
0
-2
-1
-2
-2
0
1
-1
-1
0
0
0
-1
0
-1
0
0
0
-1
0
0
0
2
1
0
1
0
0
1
2
2
2
1
0
-1
0
-1
0
1
1
0
-1
-2
-2
-2
-3
-2
-2
-2
-4
-3
-2
-2
0
-1
0
3
1
1
2
0
0
0
0
-1
0
0
1
1
1
0
2
2
0
-1
-1
-1
-1
-1
-1
-2
0
1
0
-1
-1
0
0
1
2
1
2
1
2
2
2
2
2
1
0
0
0
0
1
0
1
2
2
1
2
1
0
-1
0
0
-2
-2
-2
-1
-2
-1
-1
0
0
-1
-1
-1
-2
-2
-2
1
1
0
1
0
-1
-1
-2
-1
0
0
1
0
0
1
1
1
0
-1
-1
-1
-1
-1
1
1
2
2
3
3
4
3
3
2
1
2
2
2
0
1
1
-1
-2
-2
-1
-2
-2
-1
0
0
0
0
0
0
1
0
-1
1
0
0
1
0
1
0
1
2
2
1
2
1
0
1
1
2
1
1
2
3
2
1
1
-1
-2
-4
-2
-3
0
-2
-1
-1
-1
0
0
1
0
-1
-1
-1
0
-1
-2
-1
1
1
1
1
0
0
1
0
-1
-2
-2
-2
-2
-2
-1
-2
-1
-2
-1
-2
-2
-3
-1
1
0
-1
-1
0
0
0
0
1
0
-1
0
0
0
0
-1
-1
-2
0
0
-1
-1
-1
-1
-2
-2
-1
-1
1
0
-1
-1
0
-1
-1
0
1
2
2
2
0
0
1
1
2
1
-1
1
-1
-1
-2
0
1
1
2
1
1
1
2
0
0
1
1
0
-1
1
2
3
2
3
1
1
1
0
1
1
1
0
0
0
1
1
0
0
0
-1
-1
-1
-1
-1
1
0
1
1
0
-1
0
0
-1
-2
0
-2
0
1
0
0
-1
-1
-2
-2
-2
-1
-2
-1
0
0
0
1
-1
-1
-2
-1
-1
-1
0
-2
-3
-2
-2
-1
-1
-1
0
0
0
0
0
1
0
0
1
1
2
2
1
0
0
1
0
0
0
0
0
2
0
-1
0
-1
0
0
1
1
1
0
1
2
2
2
4
4
3
3
2
-1
-1
-2
-2
-2
-2
0
1
0
1
0
0
1
2
1
0
0
-2
-1
-3
-3
-1
-2
-1
-1
0
1
1
0
2
1
1
2
3
2
0
0
0
0
-1
-1
-3
-2
0
0
-1
-1
-1
0
-1
-2
-1
-1
-1
-1
-2
-3
-2
-2
-3
-1
-1
1
3
1
2
2
1
2
2
2
0
1
0
0
0
0
1
1
1
1
0
0
-1
-2
0
2
2
3
3
1
2
2
1
1
0
0
0
-1
-2
-1
-2
0
-1
-1
0
0
1
1
0
1
-1
0
-1
-1
0
-1
0
0
1
1
1
1
1
1
1
1
0
0
-1
0
-1
-1
0
0
0
0
0
1
1
3
2
0
1
1
0
0
1
1
0
0
0
0
0
0
1
1
0
1
0
2
0
0
-1
0
1
0
0
0
1
-1
0
0
-1
0
-1
1
1
1
1
1
0
-1
-2
-1
-2
-2
-1
0
0
-1
-1
-1
-1
0
-1
-1
-1
-2
-1
0
0
0
-1
-1
-1
-2
-1
-2
-2
-1
-1
-1
1
0
0
-1
0
0
0
1
2
2
1
3
2
1
0
0
1
0
-1
-1
-3
-3
-3
-3
-1
-2
-2
-1
0
1
1
1
1
-1
0
0
0
-2
-1
0
0
0
-1
1
0
1
0
0
0
2
4
4
3
2
1
0
1
0
-1
0
-1
0
0
-1
-1
-1
2
3
3
3
1
0
-2
-1
-1
-2
-1
-2
-2
0
0
-1
0
2
2
1
1
2
1
0
1
1
0
0
-1
-2
-1
-1
-1
-1
0
-1
0
0
1
-1
2
2
2
2
0
-1
0
1
1
1
2
1
0
0
-1
-2
-3
-3
-2
-1
0
1
0
1
1
1
-1
-1
1
-1
-1
0
1
0
1
0
-2
0
-1
-1
0
1
1
0
0
0
0
1
1
1
0
1
1
1
1
1
1
1
2
1
2
1
0
1
0
0
1
2
1
1
0
0
0
0
1
1
1
1
1
1
1
1
1
0
2
1
2
2
0
1
0
0
1
0
1
1
-1
0
-1
0
1
2
3
2
1
-1
0
1
1
0
2
1
0
0
-2
-2
-1
0
0
0
0
1
-1
-1
-1
-1
-1
-1
-1
-1
0
1
1
0
1
1
1
0
-1
-2
1
0
-1
-1
0
0
1
0
0
-1
0
0
-1
-1
-1
0
-1
0
0
0
-1
-1
-1
0
0
0
-1
0
0
0
1
0
0
0
0
-1
-1
1
0
0
-1
-2
-2
0
0
-1
-1
-2
-1
-2
-2
-2
-2
-2
-1
0
0
-1
-1
-3
-2
-2
-1
0
0
1
2
2
3
3
3
5
4
4
4
3
1
1
1
0
2
2
0
2
0
-1
1
2
1
0
0
0
-1
1
2
1
1
0
0
-2
-1
-1
1
1
0
-1
0
-1
-1
0
-1
0
-1
-1
0
1
-1
1
0
0
-1
-2
-2
-3
-3
-2
-2
-1
-1
0
0
-1
-2
-1
-1
-1
-1
0
1
0
1
0
0
-1
1
2
2
1
0
0
-2
-1
0
-1
0
0
1
1
0
0
-1
-1
0
0
2
1
4
3
4
3
2
1
0
-1
-1
-1
0
-1
-2
-3
-4
-2
-1
-2
-1
0
-1
1
0
-2
-2
-1
-1
-1
0
1
2
1
1
0
1
0
-2
-2
-1
-2
-1
-2
-2
-2
-1
-1
0
0
0
-1
-2
0
0
2
2
1
1
-1
-2
0
0
0
0
1
1
2
1
1
0
-1
0
0
-1
0
0
0
0
0
0
1
1
0
0
-1
-2
-1
0
-2
-2
-1
-1
0
-2
-1
-1
-1
-1
-1
-2
0
0
2
3
2
3
2
0
0
0
-1
0
0
1
-1
-1
-1
0
-1
-1
0
0
1
2
1
0
0
1
1
1
2
2
1
0
0
1
1
0
3
1
0
0
-1
-1
1
1
0
1
0
0
0
-1
0
0
-1
0
-2
-2
-3
-2
0
-1
-2
-2
-2
-1
1
1
2
1
0
-1
-2
-2
-4
-5
-3
-4
-4
-3
-1
-1
-2
-3
-2
-1
1
0
-1
0
1
1
-1
0
2
0
0
-1
-2
-1
-1
-1
-1
-2
1
2
1
1
2
2
1
0
2
0
2
3
1
2
2
1
2
1
-1
0
-1
-2
-2
-2
-1
-3
-3
-1
-2
-1
0
1
2
0
1
0
-2
1
-1
-1
1
1
0
-2
-2
0
0
-1
-1
1
2
1
0
-1
0
0
-1
0
0
1
0
0
1
1
1
2
2
-1
0
1
0
0
-1
0
2
2
1
1
-1
1
1
1
1
0
0
0
0
2
1
0
0
1
0
1
0
-1
-1
-1
-1
-2
-1
-1
0
1
0
0
0
0
1
0
1
0
1
2
2
2
2
0
0
0
-2
-3
-2
-2
-1
-2
-2
-1
-2
-1
0
-2
-2
-2
-1
-2
-2
-2
-1
1
1
2
3
1
1
0
-1
1
2
2
0
0
1
0
-1
-1
0
-1
-1
1
0
1
0
1
2
1
1
1
2
1
-1
1
1
1
1
-1
0
0
0
-1
-1
-1
-1
-1
-2
-3
-3
-3
-1
0
0
0
-3
-1
-2
0
2
1
3
2
1
3
4
4
4
4
5
3
2
1
1
0
0
1
1
1
0
0
0
-1
-2
0
1
0
0
0
0
0
0
2
1
1
2
2
1
2
1
1
0
0
0
0
1
1
2
0
-2
-2
0
-2
-3
-2
-2
0
0
-1
-2
-3
-1
-1
-1
-2
-1
0
0
0
-1
-1
-1
-1
1
2
1
1
0
0
0
0
1
2
2
0
1
1
-2
-3
-2
-3
-1
0
0
0
-2
-2
-2
-3
-4
-3
-3
-2
-2
-1
-1
-1
-1
-2
-2
-1
-2
-1
-1
0
0
0
1
1
2
2
2
1
0
0
0
-2
-1
-1
-2
0
-1
0
1
1
1
-1
0
-1
-1
-1
0
1
2
1
1
1
3
3
0
0
0
0
0
0
0
1
1
0
1
1
0
-1
0
-1
1
1
-1
-2
-1
0
0
-1
-2
-2
0
0
-1
0
1
1
1
1
1
1
1
0
-1
-1
1
1
0
1
1
1
1
0
0
0
0
2
0
0
2
2
2
2
3
3
1
-1
0
0
0
1
0
1
1
1
1
1
0
-1
-1
-1
-1
-1
-1
-1
-1
-1
1
1
2
1
0
1
2
0
-1
-1
0
-1
-2
-1
0
1
1
0
-1
1
0
0
-1
-1
-2
-1
1
-1
0
0
1
0
-1
-1
0
1
1
2
2
0
-1
-1
-1
-1
-1
0
0
0
2
1
0
0
3
3
2
1
1
2
1
2
1
2
4
3
1
1
1
1
2
1
0
1
1
1
1
1
2
2
2
1
2
1
0
0
1
1
0
-1
-2
-2
-2
-1
-2
-3
-2
-2
-2
-1
-2
-2
-1
-1
-1
-1
0
0
-1
-3
-2
-2
-1
-2
-1
-1
-1
-1
-1
-1
0
-1
0
0
-1
1
1
0
2
3
2
1
1
1
2
2
1
0
-1
0
0
-1
-1
0
1
1
1
2
1
0
0
1
0
-1
-3
-3
-3
-1
0
0
1
1
2
1
1
1
0
2
1
1
1
2
1
-1
0
0
2
2
1
0
-1
1
1
2
1
0
1
1
1
1
1
-1
1
0
0
1
2
3
3
3
3
2
1
1
0
-1
-1
-2
-2
-2
-3
-1
-1
-2
-1
-1
0
-2
-4
-2
-3
-2
-3
-3
-1
-2
-3
-3
-2
0
1
-1
-1
-2
-1
-2
-1
0
0
0
-1
-1
0
0
2
2
0
-1
-2
-2
-3
-2
-1
-1
-1
-1
-1
0
0
0
0
1
1
1
1
1
0
1
1
0
1
2
1
1
1
1
2
3
2
2
2
3
2
1
1
1
0
0
0
0
0
-1
1
-1
-1
-2
-2
-2
-2
-2
-3
-2
-3
-1
0
0
0
-1
2
1
0
0
2
2
1
-1
1
1
1
1
0
1
1
0
-1
-4
-3
-2
-1
1
1
0
1
1
2
1
0
2
2
2
2
1
2
2
2
2
1
1
0
-1
0
-1
0
0
-1
-1
0
-1
0
-1
-2
-2
-2
-2
-2
-1
-1
0
-1
0
1
1
1
0
1
1
0
-1
0
-1
0
0
0
0
-1
-1
-1
-2
-2
-2
-1
-1
-1
0
0
0
-1
-1
0
-3
-3
-2
0
0
1
1
1
0
1
0
0
-2
-1
0
1
0
1
0
-1
-2
0
-1
-2
0
-1
1
0
1
1
0
2
3
3
1
1
1
0
-1
0
0
-1
0
0
-1
0
-1
0
1
1
2
1
1
1
0
-1
0
1
1
0
0
0
3
1
0
1
-1
0
1
0
1
0
1
1
2
3
1
0
-1
0
-1
0
0
0
-1
-2
-2
0
0
-1
1
0
0
1
0
-1
-1
0
0
2
1
2
1
1
1
0
0
0
1
2
0
0
-1
-1
0
-1
-1
-1
-2
-1
1
-1
0
-1
-1
-1
-2
-1
-1
1
0
-1
-1
-1
-1
0
0
0
1
1
0
0
0
0
2
1
2
2
0
1
0
0
0
1
1
1
0
-1
-3
-2
-2
-2
-1
0
1
1
1
1
2
0
1
1
0
1
2
1
1
2
2
3
2
0
0
0
0
-1
-1
-1
0
0
-1
-2
-1
0
1
0
1
1
1
0
-1
-1
-1
-1
-1
-1
0
0
-1
0
1
1
0
-1
0
-1
-1
0
0
0
-1
-1
-2
0
-1
-2
-1
-1
1
1
1
2
1
1
1
-1
0
0
0
-2
-1
-1
-1
-1
0
-1
-1
0
0
1
1
2
2
0
-1
-1
-1
-2
-2
-2
0
-1
0
0
0
-1
0
-1
-1
-1
-1
-1
-1
-1
0
1
0
0
0
0
0
0
-2
-3
-2
0
0
-1
-1
0
0
0
1
0
1
1
2
1
1
0
0
1
2
2
1
-1
-1
-2
-1
-1
-2
-2
-1
-2
-1
-1
-1
0
-1
-1
-1
1
1
2
1
0
1
0
0
0
0
0
-1
-1
-1
0
0
0
0
1
0
0
0
1
1
3
1
2
1
1
3
3
1
0
-1
1
0
-1
-1
-2
0
-1
-1
0
1
0
-1
-1
-2
-1
1
0
-1
1
1
1
0
0
2
2
2
3
1
1
1
0
1
0
1
1
1
0
0
0
-1
-1
0
0
0
2
2
3
3
3
2
1
0
1
0
-1
-1
-3
-2
-2
0
0
1
0
1
-1
0
-2
0
1
0
0
0
1
0
0
-1
0
1
-1
-1
0
0
0
0
0
0
1
1
0
0
0
0
0
-1
1
1
1
1
0
0
0
0
1
0
1
0
0
-1
0
0
1
1
1
0
0
1
-1
0
0
0
0
0
1
0
0
1
1
0
1
1
1
0
0
-1
-3
-2
-2
-2
-2
-1
-1
-1
-1
0
-1
1
1
1
0
0
1
1
0
-1
-1
-2
-2
0
0
1
2
0
1
1
1
1
-1
-1
0
0
1
1
1
2
1
1
0
0
0
0
-1
-1
0
1
0
0
1
1
1
0
-2
-2
-2
-2
-2
0
-1
0
1
1
2
0
0
0
-2
-2
0
-1
0
-2
-1
0
0
1
-1
-1
0
1
1
0
-1
-1
0
0
-1
-1
-1
-1
-3
-2
-1
-2
-2
-1
-1
0
-1
0
0
-1
-1
-1
-1
-1
-2
-1
-2
-1
-1
-3
-2
-2
-2
-1
-2
-2
-2
-1
