0
2
0
0
4
7
5
5
4
-3
-7
-8
-9
-10
-6
-7
-9
-7
-7
-7
-9
-6
-6
-8
-9
-5
-4
-6
-6
0
2
5
5
1
-1
2
4
4
5
5
9
7
4
3
-1
-2
-1
6
7
8
8
3
3
-4
-4
0
-1
-1
-2
3
4
4
8
12
14
6
3
1
-1
-3
-4
-1
-1
3
1
-1
1
5
5
0
-1
-3
1
5
6
5
7
9
6
4
5
4
2
0
-1
2
6
7
5
5
1
-1
-4
-7
-4
0
-1
-3
-3
-3
0
2
0
0
0
2
5
7
3
-4
-2
-5
-12
-6
-1
0
4
1
3
0
-7
-8
-5
2
5
4
3
7
7
4
2
-3
-5
-6
-3
-2
-5
0
3
3
-1
-3
-3
0
0
1
1
-2
2
7
10
3
0
2
9
5
2
-1
-1
2
5
4
2
2
-1
-1
1
10
5
0
-1
0
3
1
-2
-8
-3
2
4
4
-5
-7
-5
-5
-3
-3
2
2
-1
-10
-13
-7
-1
6
9
7
-1
-7
-5
-2
-2
-2
-3
0
2
0
-1
2
3
-1
0
5
10
10
4
0
-3
-4
-12
-12
-5
-5
-8
-4
2
5
4
2
1
-1
-1
-1
-2
-2
-1
-1
-7
-7
-4
-2
-1
0
6
4
3
6
3
1
2
0
-2
-2
6
9
7
8
8
7
5
5
2
-1
-3
-2
-1
-3
-2
0
-3
-5
-7
-5
-5
-6
-7
-7
0
-1
-6
-9
-12
-9
-8
-6
-2
-1
-2
-5
-7
-2
2
6
8
5
3
-1
-4
-2
2
6
1
-4
-1
-3
-7
-3
2
6
6
6
8
4
-2
-7
-5
1
3
-3
-6
-6
-5
-5
-3
5
12
19
18
7
-1
-5
-3
-4
-7
-3
5
3
4
4
1
0
2
6
6
2
-3
-5
-7
-7
-4
7
15
13
9
7
5
1
4
8
9
2
-1
-2
-3
-7
-13
-14
-11
-6
-7
-8
-8
-6
-3
-1
2
6
3
3
5
2
4
-1
-2
-2
-2
-3
-8
-8
-5
-1
0
1
4
11
16
13
7
0
-6
-12
-11
-5
-4
-6
-6
-4
-3
-2
-2
2
8
3
0
2
5
4
2
-3
0
4
4
1
-2
-3
-6
-4
-3
2
7
9
15
12
5
5
9
12
13
12
4
1
5
0
-3
-1
9
13
4
-5
-7
-3
-3
-7
-11
-9
-4
-1
-3
-2
-3
-4
-3
-3
4
1
-9
-14
-16
-7
3
7
3
1
-5
-6
0
5
3
-1
-1
0
-1
-5
-5
1
-3
-11
-10
-3
0
-6
-3
-2
1
8
8
3
5
3
-3
-6
-8
-3
-3
-3
-4
-7
-8
-8
-2
1
4
1
-5
-5
-6
0
4
4
1
-1
2
7
10
11
7
5
2
0
1
6
12
11
6
7
3
-1
-4
-5
-1
4
5
-1
-5
-6
-10
-12
-11
-11
-1
7
2
-5
-7
-1
3
3
10
12
8
2
3
5
-1
-3
-6
-9
-6
-1
2
5
8
13
7
4
8
5
4
1
-1
-4
-9
-8
-8
-4
0
-1
1
5
9
6
5
8
10
5
0
2
8
7
6
-3
-17
-17
-13
-7
-4
-5
-6
-1
-3
0
4
1
6
5
-3
-8
-8
-9
-4
5
6
3
-3
-3
3
11
17
16
8
7
7
-6
-10
0
4
1
4
3
5
4
4
3
2
-3
-5
-3
1
3
-1
-4
-3
-1
-2
1
7
6
6
6
-1
-9
-6
-2
-4
-2
-8
-13
-13
-9
-4
-5
-4
5
3
0
-3
-1
7
7
4
3
1
-6
-11
-6
-6
-2
3
2
9
13
7
3
7
14
12
5
0
-6
0
7
3
-2
-2
-3
-7
-4
2
6
3
-1
-6
-5
-7
-6
-3
-8
-9
-8
-3
-3
1
4
2
2
1
-2
3
7
7
7
9
16
12
10
11
9
9
5
1
-1
-5
-1
3
0
-3
-4
-5
-6
-2
-1
-3
-4
-5
-10
-8
-4
-6
-4
1
-1
-2
-4
-7
-12
-13
-10
-3
5
8
1
-5
-7
-6
2
9
8
2
-2
-2
1
-2
-3
-9
-17
-15
-4
2
-1
-2
-2
4
9
5
5
1
-6
-5
-5
-1
0
-4
-7
-11
-8
-6
-8
-2
0
1
3
4
8
10
11
9
1
1
4
4
4
4
3
-1
2
4
1
-2
-5
-3
-3
6
16
12
3
0
1
2
-1
-1
-2
-10
-13
-11
-10
-6
-11
-16
-17
-7
0
3
2
1
2
0
6
2
1
0
1
10
10
8
7
-1
0
-2
-2
4
1
2
5
8
11
14
10
8
9
4
-2
-4
-5
-6
-9
-16
-14
-9
-10
-10
-12
-11
-8
-3
-4
-4
0
2
-2
-4
-4
-4
4
7
5
0
-3
2
6
11
16
19
16
10
8
6
7
9
6
6
7
5
-1
-1
-1
-4
-4
3
10
14
18
14
2
-5
-7
-5
-2
-1
3
7
6
5
-1
-4
-5
-4
-4
-2
-1
-6
-16
-22
-21
-13
-10
1
13
16
16
9
3
3
3
4
7
8
7
5
3
-4
-4
1
3
5
0
-2
1
0
0
2
4
8
6
2
-1
-7
-10
-7
-9
-4
0
-1
-2
-3
-1
-6
-10
-3
-1
-4
-3
-3
-1
2
1
-7
-9
-5
-8
-13
-9
-3
-3
0
3
-3
2
6
2
3
7
6
6
-3
-4
-7
-6
-4
-10
-12
-9
-4
-1
-3
-8
-9
-10
-5
-4
-3
-4
0
-1
-6
0
3
5
12
11
2
1
13
16
10
7
9
10
9
11
6
-1
-1
-5
-8
-5
-7
-13
-10
-3
0
-1
0
0
-5
-10
-7
-2
2
6
6
3
0
0
-3
2
5
7
5
0
-4
-7
-3
1
-3
-1
1
2
7
7
16
12
5
1
1
5
14
10
2
4
3
-2
3
2
-2
2
2
-2
-5
-6
-4
2
8
8
5
3
-1
-6
-5
-7
-4
0
-4
-5
-6
-10
-14
-12
-1
3
3
0
1
-5
-9
-11
-18
-19
-16
-4
6
8
7
1
-4
1
2
4
5
3
2
-2
1
5
2
3
4
2
1
-4
-1
0
2
4
-2
-3
-1
2
-1
-3
-3
1
5
6
5
4
2
-4
-8
-6
-1
-2
-6
-3
-5
-4
-3
0
3
2
5
4
0
-4
-3
-7
-3
6
8
9
6
9
11
14
10
7
12
15
8
4
5
5
4
6
7
4
2
-5
-9
-6
-3
-4
-3
-2
-2
-2
-4
-2
-1
-6
-4
-5
-1
-1
-3
-1
-2
-3
-6
-9
-10
-12
-11
-7
-10
-4
1
8
18
19
16
15
11
9
6
2
3
9
9
3
3
4
3
1
3
0
-4
-5
-2
-4
-5
-7
-18
-14
-11
-15
-16
-11
-6
-11
-12
-12
-10
-6
-5
-5
-3
3
6
4
1
1
7
9
10
10
5
5
7
4
2
5
3
0
1
1
-4
-6
-3
1
5
8
13
7
0
-8
-11
-10
-6
0
2
5
12
16
9
6
8
10
8
3
3
3
3
-1
-2
4
5
3
4
8
8
0
-3
-2
4
9
7
6
7
3
0
5
8
7
5
0
1
3
1
-2
-2
-5
-7
-7
-2
0
-5
-7
-4
0
1
-4
-8
-5
-4
-1
-2
-2
-3
-10
-14
-11
-4
-1
2
5
1
-2
2
0
-2
-3
-8
-5
-3
-6
-9
-5
2
5
3
-1
-3
1
-2
-6
-6
-6
-2
-4
-8
-8
-9
-8
-4
-4
-3
-2
0
-1
-3
-2
-1
-2
1
-2
-3
2
3
3
3
0
-2
2
11
8
-5
-10
-4
4
2
-2
-4
-1
-1
1
1
-6
-8
-9
-6
5
6
4
-2
-7
-1
5
11
11
7
2
-6
-1
2
-1
1
2
2
1
6
13
15
7
-4
-4
3
5
2
3
-3
-10
-9
-6
5
11
5
-5
1
4
2
2
0
-1
-3
3
9
8
4
-5
-9
-11
-5
7
12
9
0
-1
2
4
4
-4
-7
-2
3
4
5
5
-1
-5
4
17
23
19
6
-10
-8
2
10
11
3
-9
-15
0
14
-6
-24
-26
-10
12
9
3
-7
-12
-6
8
15
2
-13
-20
-18
-5
6
-4
-19
-14
-5
9
13
14
8
2
2
8
14
12
4
0
-3
-7
0
8
6
-7
-5
4
16
19
6
0
-1
-2
-1
6
13
0
-13
-22
-16
3
7
9
6
-13
-21
-10
8
3
-12
-16
-10
5
12
10
-2
-14
-9
4
17
22
8
-5
-12
-6
2
-4
-11
-8
-5
1
1
-7
-6
-4
-7
-1
5
4
-2
-7
-7
-9
-10
2
6
1
-5
-12
0
8
8
8
5
6
5
-2
-1
-10
-16
-7
-1
1
-2
-5
-5
-9
-5
1
2
5
11
9
7
-1
-11
-6
-3
-1
-1
9
11
0
-4
-9
4
15
8
10
5
2
1
2
4
0
1
-7
-1
20
14
5
-5
-9
4
1
5
14
8
-4
-9
-5
1
-5
-7
-5
-9
-8
2
1
-5
-5
-7
-3
3
3
-2
1
4
1
-2
-3
2
10
9
0
-4
2
4
1
7
5
11
5
-10
9
31
16
2
4
3
10
15
17
9
-7
-16
-17
-1
11
13
9
-4
-7
-7
-1
8
1
-15
-12
8
6
-8
-21
-24
-18
-2
14
4
-7
-8
-6
4
17
17
6
-7
-7
1
6
10
9
-2
-6
5
21
23
10
2
3
0
12
19
7
-8
-16
-15
-14
4
5
-14
-15
-1
6
1
5
0
-9
-4
2
8
12
7
-2
-8
-4
10
22
14
-10
-25
-21
-10
3
6
-11
-26
-16
-4
0
3
-8
-17
-14
0
14
14
6
-17
-23
-11
5
18
7
-11
-15
-1
24
31
5
-19
-21
-7
3
6
-2
-23
-40
-31
-2
20
17
2
-5
1
15
17
14
6
-8
-9
-12
8
26
16
-4
-18
-5
6
12
19
4
-14
-18
-18
-12
-4
-2
-13
-9
0
2
2
0
1
-7
-3
8
6
-2
-12
-2
7
5
8
9
7
8
4
-2
1
4
-3
-1
0
0
5
-3
-7
-6
-5
-11
-13
-9
-7
1
-2
-10
-12
-14
-10
-4
3
2
-9
-9
-3
2
4
1
4
6
3
14
19
12
14
7
-1
6
8
4
3
8
9
6
-1
-3
4
7
3
-7
-5
-3
-5
-7
-2
11
16
13
6
3
4
9
17
18
11
1
-7
-5
9
21
21
2
-10
-17
-11
2
2
2
6
2
-2
5
15
10
-2
-8
-16
-16
-9
-7
-5
-10
-7
-1
1
10
12
9
10
16
20
17
13
2
-7
-11
-9
-9
-9
-13
-20
-14
-2
8
1
-11
-11
-8
-8
-7
-11
-13
-13
-10
-3
0
9
3
-3
-3
-1
5
10
9
-2
-10
-5
2
-2
-11
-18
-15
-7
-2
0
-2
-3
-3
0
17
15
11
5
-3
-4
0
-6
-9
-5
-12
-16
-11
-3
-5
-11
-7
-7
2
11
13
7
-10
-14
-5
3
7
4
4
3
-3
5
18
23
22
16
2
0
-1
0
2
-2
-6
-9
-5
-2
-6
-3
-1
-2
0
-6
-13
-7
-11
-11
1
10
6
0
2
-2
10
23
20
16
0
-3
1
8
12
4
-1
-4
-7
-4
5
13
9
-1
-1
-7
-8
-1
-3
-6
-8
-3
3
5
5
2
-4
-4
7
6
3
13
8
1
5
8
11
12
8
3
3
5
1
2
-2
-5
-7
-9
-7
0
0
-17
-24
-19
-7
-2
0
-12
-13
-2
-4
6
8
2
-8
-7
6
9
2
-2
-11
-11
5
14
16
8
1
3
7
14
3
-1
1
-5
3
6
7
8
-5
-18
-10
1
-1
-12
-9
-7
-10
-5
-5
-7
-8
-2
0
0
2
7
1
0
3
1
0
-5
-11
-3
3
-1
-1
9
4
-6
-4
-10
-6
7
20
14
1
0
1
0
-2
0
0
4
4
-5
-5
-1
-4
-4
-5
-6
-3
-5
-8
-7
-16
-7
4
5
4
-1
3
-3
-1
-1
-3
-1
-1
-10
-10
-1
1
0
-1
2
8
6
6
1
-1
5
10
20
19
17
11
5
1
0
-1
1
4
2
6
-2
-7
-11
-7
1
0
5
3
4
12
13
5
-1
-9
-7
-5
-1
4
5
13
9
-3
-8
-5
1
4
10
6
-2
-10
-18
-18
-11
-3
0
-5
-7
-8
-7
-3
-3
-4
3
1
-7
-14
-13
-6
-4
-6
-8
-6
-2
7
14
13
13
16
7
5
13
16
11
3
-1
-5
4
5
-9
-9
-5
2
-4
-3
-4
-4
8
5
5
1
-7
-13
-14
-5
6
11
3
-8
-7
2
2
0
3
14
13
2
0
4
1
-8
-10
-4
1
9
7
3
4
-1
-5
-8
0
1
4
3
-6
-15
-6
6
3
7
7
9
14
10
0
-3
1
2
-7
-12
-2
2
-3
-6
0
6
7
9
9
5
5
8
4
0
-5
-5
-6
-9
-5
-8
-14
-12
-5
-2
1
0
0
-4
-8
-8
-6
-4
-4
9
10
11
13
9
4
-1
2
5
10
15
13
5
4
6
8
6
1
1
5
13
19
12
0
-6
-9
-4
0
2
1
-1
-8
-19
-14
-11
-12
-3
3
1
-1
-5
-6
-7
-6
-8
-8
-1
1
3
0
-2
-5
-7
-6
2
6
2
0
-3
-7
-10
-13
-7
4
10
6
-1
-3
-4
-7
-6
-3
4
4
0
-3
-2
-1
0
4
6
8
6
2
-2
-2
9
13
14
16
16
4
2
8
-1
0
0
-11
-11
2
12
-10
-16
-5
9
3
-11
-13
-19
-16
-8
-2
3
4
8
-3
3
14
6
-3
-16
-6
-9
-16
-10
-10
-5
3
-3
13
19
13
11
6
8
3
5
10
1
-3
-1
-2
8
20
17
11
-6
-17
-9
-5
5
6
-3
-7
-9
-14
-14
-6
-1
0
0
5
4
-3
4
8
7
11
3
-2
-6
-13
-12
-2
9
12
10
10
12
11
1
3
10
9
-2
-15
-10
-4
5
3
-2
-4
-4
-1
-5
-10
-10
-10
-9
-10
-10
-5
1
-1
9
11
8
7
-4
-9
-5
0
1
-2
3
9
-3
-7
0
5
15
12
-2
-4
-5
-4
-6
-9
-5
-7
-12
-4
-5
-7
-10
-12
-4
3
5
7
-2
-5
10
14
15
9
-6
4
6
0
-2
0
9
11
-2
-9
2
20
-10
-11
8
13
9
-29
-11
-4
-12
6
6
12
12
2
-18
-9
12
10
-7
-12
8
-2
9
14
3
2
3
19
20
12
-11
-17
11
3
-16
8
27
17
-9
-8
3
11
10
-1
-2
8
-4
-35
-8
11
4
4
-5
2
6
-8
-4
15
11
-4
-12
-11
6
3
6
8
5
4
-20
-7
9
7
9
17
16
-3
1
0
-10
-6
-7
-8
-18
-11
-14
-20
2
18
4
-7
-8
-13
-14
-17
-17
-22
-19
-9
-11
9
13
14
13
-14
-4
7
12
20
2
-15
-15
-11
4
16
22
22
3
-20
-13
-3
3
5
1
-2
-8
-7
-20
-9
2
-3
8
-4
-4
9
2
-9
2
8
13
17
14
0
-3
16
5
-5
-1
-1
0
9
12
8
2
-14
-17
-16
-17
0
-12
-20
-6
-13
-11
-10
0
14
3
4
-8
-1
10
8
3
-15
10
19
-8
6
15
-5
2
8
-5
2
2
10
16
17
18
0
-5
-2
-7
-1
3
4
-3
-20
-11
-8
-17
4
16
-1
0
-5
1
13
1
-3
2
5
8
11
-9
-6
5
2
6
12
9
8
9
-5
-5
-8
-10
-1
-12
-13
-1
3
-9
-17
-3
-4
-7
13
14
5
8
-10
-23
-5
18
27
16
12
16
2
-4
8
5
1
15
9
-8
-11
-1
-9
-13
-1
-8
-6
-2
3
-9
-19
2
-3
-10
5
11
-1
-6
2
-3
-3
2
1
-2
-6
-3
-5
-2
5
-2
-2
-14
-7
-2
-4
5
11
9
-6
3
-10
-13
20
15
13
3
2
5
-5
6
13
6
-5
4
-9
-11
-9
-22
-7
4
6
5
-7
-2
4
-7
5
17
15
11
-1
3
-1
-3
9
4
5
16
7
-4
-2
14
22
9
0
-7
-13
-10
-6
-7
-8
5
6
-7
1
-3
-6
3
-2
7
-2
-5
11
-3
-6
-6
-7
-9
-3
10
5
1
-3
-7
-20
5
17
-8
7
9
-9
-13
-3
8
7
11
7
-5
0
9
0
9
10
2
-1
-11
-9
0
4
-4
4
-4
-17
5
5
3
10
2
-5
-10
-4
-6
-1
12
7
-1
-9
-4
-2
-1
6
9
0
-19
-6
-2
-9
0
3
-13
-13
-3
-6
0
-4
2
-2
-18
-9
-7
-5
0
0
-6
-5
11
10
-6
-5
6
-1
3
10
0
-4
-6
4
5
1
10
11
2
-5
7
-2
-5
7
-3
-5
13
12
-2
1
-4
-7
-3
-4
-3
-9
-9
2
6
11
11
12
2
-4
7
-6
-6
4
6
3
1
4
-3
-9
4
4
3
-1
-5
-11
-15
-7
8
13
15
12
-3
-9
-10
-4
12
17
9
1
-15
-9
1
-8
5
9
-8
-10
-2
5
6
11
7
5
11
1
-5
-4
-1
6
-2
-5
-5
5
10
8
3
-11
-13
-2
6
4
12
12
6
-1
-6
-6
-7
1
3
-7
-16
-15
-15
-9
7
2
-2
-2
-11
-10
-8
4
4
-2
2
-3
5
-3
4
16
3
-9
-5
-1
-16
-3
2
-3
15
9
-4
2
13
5
-10
-8
-10
-10
1
2
1
-3
-6
-5
0
5
5
4
4
-4
-7
-2
2
10
3
2
6
4
4
-2
5
10
7
8
7
-3
-8
-1
-3
2
8
11
8
-7
-4
-7
-9
-2
5
1
-6
-3
-12
-9
0
0
-1
-1
5
6
0
-2
-10
-14
-6
-1
0
1
-3
-4
-12
-8
4
4
13
13
9
5
-3
-4
-8
0
5
4
2
-5
0
4
3
2
7
3
-2
0
-2
5
14
10
0
1
-1
-13
-9
1
-2
-3
6
7
12
7
5
5
-5
-2
-4
4
10
9
16
12
14
6
2
4
5
10
-4
-5
-7
-13
-8
-10
-3
-3
-4
-4
-3
2
-3
-6
-10
-7
-3
-5
-3
2
4
5
-2
5
3
0
4
-4
-2
-2
0
4
2
7
0
-7
-4
1
2
8
12
6
1
-4
-9
-8
-6
-3
7
7
3
-1
-5
-4
-7
-8
-4
-2
-9
-10
-2
-2
-5
-10
-6
9
14
6
-6
-8
-10
-7
7
9
3
0
-9
-17
-12
-4
6
8
9
4
3
5
2
6
6
4
6
-4
-4
-4
-1
4
4
9
2
-3
-6
-3
1
1
3
0
-3
-5
-1
-3
-3
-1
-2
5
5
9
5
3
5
2
-5
-5
5
7
8
1
-3
-3
1
2
0
-3
-4
0
-1
0
2
3
-3
-9
-5
-1
3
1
-5
-9
-7
1
7
6
2
2
0
2
9
10
8
8
-1
-8
-7
-6
-5
-4
-1
-2
-1
3
4
6
13
11
2
0
3
5
5
7
6
6
2
-2
1
4
4
2
3
-3
-3
2
5
9
4
-3
-2
1
0
0
2
-2
-2
-7
-8
-5
2
5
1
2
-4
-7
-2
4
5
-5
-7
-7
-8
-8
-8
-3
-1
2
0
-1
1
8
7
2
0
1
1
0
1
4
-5
-11
-3
-5
-5
-4
-2
-2
-3
-7
-9
-4
1
3
1
-7
-9
-7
-4
-5
-5
-4
-7
-5
-2
-4
-2
-10
-12
-7
-3
3
-1
0
-1
-4
-4
-5
-10
-15
-14
-7
-1
2
0
1
1
2
8
16
21
12
7
4
3
6
4
4
2
4
5
7
8
2
-1
4
7
5
7
7
2
-1
-1
-3
3
11
3
4
0
-15
-15
-7
-3
-6
-11
-7
-4
3
10
14
12
9
2
-5
-4
-6
-3
-7
-2
-1
1
3
-2
-5
-7
-8
-10
-4
4
6
6
-4
-6
3
1
2
1
6
13
1
-4
-5
-3
-5
-4
1
-1
2
2
-2
-7
-10
-6
4
15
14
12
9
5
-1
-1
2
5
9
4
-3
-5
-4
-3
-3
-2
3
8
5
0
0
1
-3
-5
0
2
4
0
-6
-11
-11
-13
-11
-1
0
2
2
-1
-6
-4
2
3
9
8
4
-1
-1
-2
-5
3
1
8
12
4
-1
-3
3
7
8
6
5
8
4
2
10
11
6
5
2
-4
0
-2
-9
-8
-5
-3
-5
-4
1
0
0
3
4
5
6
6
7
2
4
-1
-5
-7
-12
-14
-9
0
-1
5
11
1
-3
-4
-3
-1
-4
-5
-1
4
-3
-6
3
8
10
3
-2
2
5
3
0
1
5
7
5
2
-1
-3
-5
-5
-3
-2
3
3
-3
-6
-5
-5
-6
-3
-3
-2
5
3
-2
-8
-4
2
0
-3
-4
-1
0
3
5
5
6
1
1
1
2
0
-6
-9
-10
-13
-10
-1
-1
-8
-9
-10
-13
-9
-7
-5
-5
-4
-3
-7
-4
0
4
7
7
6
13
13
9
8
7
7
6
5
4
1
0
-3
-4
0
3
6
7
7
4
1
-1
0
1
2
-1
-1
-1
-2
-4
3
6
5
9
6
3
3
-2
-9
-3
3
-2
-7
-9
-7
-4
-5
-6
-6
-5
-4
-4
-6
-7
-3
-7
-9
-6
1
8
9
6
2
4
-1
-7
-2
0
5
11
7
0
-1
-5
-5
-9
-4
0
0
5
4
7
7
4
4
4
5
6
5
6
3
-2
-11
-17
-10
-9
0
4
2
-1
-6
-5
6
7
7
7
2
0
2
1
-5
2
2
-3
-2
-4
-1
-1
2
-2
-6
-5
0
4
4
3
0
1
-1
-4
-3
0
2
-4
-3
-4
-5
-2
-5
-9
-3
5
3
4
2
-1
-3
0
-3
-4
2
2
2
4
-1
-4
-2
1
-2
3
10
11
6
2
1
1
4
3
3
2
5
5
0
0
-6
-7
-6
-3
5
5
8
6
8
3
-6
-5
-6
-5
1
-1
-3
-4
-4
2
3
1
6
5
-1
-3
2
6
2
3
5
5
3
-1
-4
-3
-1
2
3
-1
-2
-3
-8
-9
-5
-1
0
-1
0
1
-1
-6
-7
-8
-8
-6
-5
-2
-1
3
-4
-7
0
0
3
1
4
4
2
4
5
5
4
5
6
14
16
18
12
6
6
-1
-4
-7
-6
-5
-5
-7
-8
-9
-8
-3
-5
0
4
2
0
-6
-2
-3
-5
0
-1
5
8
6
5
1
1
1
3
8
11
8
5
0
-1
-3
-7
-3
-6
-5
1
5
7
6
8
12
11
9
7
6
13
7
-4
-12
-12
-11
-10
-7
-5
-4
-8
-15
-11
-8
-10
-8
-2
-3
-2
-4
-3
-5
-1
-1
-6
-6
-1
-3
-9
-7
-13
3
19
9
-2
-1
10
3
-1
4
12
15
0
-7
-1
6
-1
-1
4
1
1
-7
-10
-4
4
-3
-12
-1
7
9
7
4
3
1
10
12
11
9
2
2
3
-3
-12
-9
-11
-5
-1
-10
-3
-3
-10
-4
7
3
-8
-6
-2
-5
3
0
-9
-3
1
6
9
6
11
8
8
6
-3
5
6
1
-8
-9
2
0
-7
-5
-5
-1
4
8
16
3
-10
-2
-2
1
3
7
14
13
6
-6
-12
-3
-2
-7
-7
-7
-4
4
0
1
3
2
-5
-8
-2
-3
1
7
3
-4
-6
-1
7
2
-6
-6
-6
-9
-6
1
2
-3
-8
-11
-6
9
9
-3
-6
-3
-7
-3
5
7
0
-6
1
6
3
2
-1
-9
-5
-1
0
5
9
6
1
-5
-6
7
10
13
8
-4
-1
4
0
-2
0
6
3
-2
2
4
6
10
9
2
1
7
6
8
11
6
3
4
8
7
9
14
11
5
3
3
-5
-7
-5
1
0
-4
-9
-12
-4
3
0
-12
-17
-12
-9
-8
-1
2
-3
-2
8
16
13
5
-5
-9
-7
2
2
4
6
-6
-13
-12
-4
-5
-7
-5
-5
1
13
7
5
6
0
-1
-3
1
-2
-9
-12
-15
-8
-2
0
1
-8
-8
-3
-2
-3
4
5
-3
0
2
5
5
6
6
6
8
0
-3
-8
-5
-5
-7
0
-1
-4
-6
-3
-2
0
3
6
1
-2
-1
7
8
3
0
1
7
6
0
-6
-7
-6
-7
-6
-2
2
-3
-2
-3
-4
4
10
4
-6
-2
0
0
5
6
5
2
-2
4
7
4
1
4
5
2
7
3
-3
-3
-5
2
8
1
-4
3
7
-7
-9
-3
6
8
1
-1
0
1
-4
-4
12
13
1
-3
3
10
5
1
-1
-5
-14
-17
-13
-5
1
-4
-3
-1
-6
-4
2
2
-1
-5
-14
-14
-6
-5
-6
-3
0
6
7
6
5
6
14
20
22
15
9
8
4
-8
-7
-3
-3
1
-4
-7
-7
-5
-6
-9
-6
-2
-4
2
2
2
2
0
1
0
3
7
7
5
-2
0
8
16
16
9
4
3
6
13
12
9
3
-9
-9
2
7
1
-9
-18
-11
-3
1
2
-1
-2
-5
-2
1
-3
-6
-12
-19
-13
-7
-1
4
2
-1
-3
3
9
11
12
11
8
6
7
8
4
1
4
4
7
7
3
7
9
5
-4
-5
1
-1
-11
-21
-21
-13
-14
-16
-6
-3
-5
-3
3
6
3
0
-1
8
14
10
7
8
9
19
19
18
19
9
1
3
9
9
3
0
1
-1
-3
-7
-5
0
0
-3
-4
-6
-6
-9
-11
-5
-3
-3
-3
-1
-1
-5
-4
-3
3
4
8
4
-2
-7
-14
-9
-6
-8
-13
-9
-8
-7
-9
-13
-12
-13
-7
-4
4
8
3
3
4
10
13
13
9
3
4
4
2
-5
-11
-10
-3
0
2
4
-3
-12
-13
-7
-1
-7
-11
-15
-15
-10
-3
-3
-6
-5
-8
-12
-10
5
16
15
14
8
2
6
8
4
5
3
5
8
8
9
5
-3
2
0
-2
7
3
-7
-2
1
-3
2
8
9
11
13
10
10
5
1
4
9
10
9
7
-1
-5
-4
-2
1
2
-1
-5
-2
-4
0
0
-8
-6
-6
-3
0
0
0
-7
-14
-7
0
6
-2
-12
-10
-9
-8
-1
4
0
-17
-22
-14
-6
-10
-16
-13
-11
-12
-4
2
5
11
8
6
9
9
11
3
-2
-8
-12
1
12
4
-3
0
8
5
3
3
4
2
2
5
7
8
2
0
1
4
10
4
-6
-8
-8
-3
0
-5
-7
-7
-2
-1
0
2
4
1
-7
-5
0
7
15
19
10
3
-2
-4
1
3
1
-6
-7
-7
-11
-10
-4
-4
-13
-8
0
0
3
6
8
3
0
-4
-3
-2
-3
-2
-2
-2
-1
-2
5
9
7
1
-7
-7
-8
-13
-13
-4
3
4
3
4
10
16
8
-2
-2
3
-1
5
10
1
0
1
-3
-4
-3
1
3
3
-2
3
5
2
2
1
-1
5
12
1
-1
-4
-10
-24
-25
-16
-13
-8
-9
-10
-9
-8
-1
-3
-4
-6
-3
9
14
18
9
7
9
7
6
5
16
10
5
4
1
4
5
5
3
3
10
15
12
7
5
7
2
5
9
12
10
9
10
8
2
-3
-1
0
-1
1
-5
-3
3
6
7
6
1
-7
3
-3
-5
-3
-2
0
-3
-4
-7
-5
3
0
1
-4
-4
1
-4
-2
-1
-2
-5
-5
-5
-5
2
-1
-5
-6
-8
-13
-14
-5
2
1
-8
-11
-3
-6
-2
-2
-7
0
0
2
4
10
12
6
3
3
8
10
4
1
-2
1
12
16
9
5
6
5
4
0
1
3
-3
-8
-10
-1
-2
-8
-13
-18
-10
-8
-11
-11
-10
-7
-1
-2
0
6
2
1
-4
-6
-3
-4
-2
3
3
1
3
6
4
2
11
10
2
1
2
5
4
4
-4
-4
2
2
8
8
5
-1
-6
-4
-4
2
5
5
5
9
9
6
7
3
-4
-4
-3
-7
-8
-8
-9
-9
-7
-5
-2
3
8
7
5
7
4
-1
-2
4
5
2
0
-1
-4
-4
3
5
0
-1
1
5
8
6
2
-5
-11
-4
-3
-2
0
-4
2
2
3
-1
-3
2
-1
-7
-3
4
2
-3
-9
-10
-3
-6
-16
-12
-2
7
4
3
12
11
5
-1
-2
-6
-2
4
4
4
-1
0
5
3
3
2
2
6
6
3
3
9
11
6
0
-3
1
1
-6
-5
-2
-4
3
3
1
-6
-9
-1
-2
-7
-9
-4
-3
-4
-3
0
2
4
5
1
0
6
3
-1
-4
0
5
4
6
4
1
2
6
6
4
1
-7
-13
-13
-14
-8
-6
-4
0
2
1
-2
-6
-6
-6
-7
-6
-3
-4
-1
5
3
0
-2
-4
-2
1
1
0
0
-4
-8
-5
5
11
8
3
0
0
-3
-3
1
2
-1
-3
-3
5
9
6
8
6
1
-1
-4
0
3
6
1
-3
-6
-4
-5
-7
-4
-4
-4
1
5
0
0
-2
-4
-1
-3
-10
-4
2
3
5
2
-5
-8
-3
0
6
9
9
5
0
-3
-1
1
-1
-1
-1
-2
-4
-3
-2
0
-3
-8
-4
-5
-2
-3
-2
4
9
7
1
1
-1
5
7
5
3
1
-2
0
5
9
6
0
-7
-10
-1
-2
-1
-1
-5
-7
-7
-6
-8
-8
-4
-6
-3
5
9
8
7
7
12
15
8
3
6
9
4
2
1
-2
2
5
4
5
5
-1
-4
-7
-6
-1
3
2
5
7
3
1
7
9
8
8
0
-7
-6
-1
1
4
6
1
5
9
2
0
4
4
-4
-4
-4
-5
-4
-5
-4
-6
-5
1
2
-2
-4
-1
-1
-1
1
2
4
0
-5
-5
-2
-2
-5
0
6
3
6
11
13
8
5
3
-2
1
3
0
-3
1
3
-1
0
1
-1
-2
-1
-3
-3
-5
-3
1
4
6
4
4
3
0
-1
-3
-3
-6
-4
-4
-12
-12
-6
-5
-7
-7
-5
-5
-1
1
4
6
1
3
5
5
2
-2
-2
-6
0
4
5
6
5
3
0
0
0
0
3
5
5
4
7
9
7
6
0
-3
-6
-10
-5
-5
-1
-4
-8
-7
-2
4
-3
-4
-3
-2
-3
-5
-2
-3
-5
-6
-2
1
-5
-3
-2
-4
-6
-5
-5
-1
1
-2
-8
-16
-11
-3
2
8
10
15
13
9
9
5
4
1
-4
-1
0
3
2
-2
-2
-2
0
-1
-2
-4
-6
-5
-14
-13
-3
-1
-1
2
4
5
5
6
5
5
10
5
4
5
2
-1
-1
-3
-2
1
0
-1
0
3
-1
-3
-8
-8
-6
-5
-3
-2
1
0
1
2
3
4
4
2
-6
-10
-11
-8
-1
6
4
0
-2
2
5
4
6
10
14
8
5
4
1
1
5
12
10
10
7
1
4
-1
-5
-10
-11
-9
-10
-11
-7
-1
-5
-10
-8
-8
-4
-8
-11
-11
-13
-13
-7
0
2
-1
-1
-3
-5
0
0
1
3
3
2
2
2
2
6
9
9
5
-1
-4
-6
-6
-6
0
0
-7
-5
-3
-4
1
6
11
9
6
-1
-7
-2
-5
-3
-2
-3
-2
0
7
4
1
9
8
6
5
3
3
8
10
2
3
7
2
2
7
5
4
7
3
-1
3
0
-2
1
4
7
8
10
8
8
8
5
0
-2
0
-4
-9
-11
-8
-3
-5
-7
-1
2
2
-4
-5
-2
-1
5
4
6
9
11
8
8
13
12
6
4
2
2
3
-1
-4
-5
-5
-4
-6
-8
-4
-2
-4
-3
-5
-4
-8
-12
-6
-3
-1
-2
0
-3
-6
0
5
6
12
14
11
12
6
5
5
3
1
-1
3
4
0
1
-3
-8
-6
-2
4
7
5
-1
-7
-4
-1
-5
-2
3
0
-3
-3
-11
-9
-6
-13
-7
3
8
8
3
0
2
0
-6
-4
-3
-1
-1
-3
-6
-7
-7
-6
-5
-1
4
6
8
4
2
3
0
-2
-3
-1
3
7
5
2
-3
-6
-6
-11
-11
-12
-12
-7
-8
-6
0
1
-1
2
2
7
8
-2
-8
-7
-4
-4
-4
-4
-7
-4
-1
-3
2
4
2
-5
-5
-5
-7
-2
0
1
7
8
6
7
4
0
-3
-4
-1
2
1
-7
-5
-5
-4
4
2
-2
-3
0
2
0
0
4
-1
1
5
1
3
-4
-14
-12
0
7
6
6
8
6
2
-1
5
8
9
3
-3
-2
6
6
-1
-1
2
8
8
9
15
23
16
6
5
-3
-2
0
-8
-9
-7
-9
-13
-7
-7
-4
7
-1
-10
-15
-10
9
10
2
7
11
10
1
-3
-4
-5
3
5
9
6
2
5
-2
0
4
3
3
7
6
-3
-6
-17
-19
-7
2
4
3
3
2
3
2
-3
0
1
-3
-2
-1
4
14
4
-4
-2
-5
0
-3
-12
-10
-4
-9
-10
-1
2
5
2
-10
-6
8
12
4
-6
-3
-10
-14
-11
-6
-2
-11
-12
-12
-11
-15
-11
7
14
14
2
-5
-3
3
11
8
2
0
-10
-12
-10
-2
12
5
3
2
-5
4
8
7
6
4
-2
-10
-3
-4
-11
-9
-5
-1
3
9
4
1
3
2
3
5
11
11
10
10
4
7
7
5
6
4
-3
-2
3
0
-2
1
-1
0
4
2
2
3
-10
-10
2
6
8
0
-2
-2
-9
-9
-11
0
-1
-8
-3
3
0
4
5
13
19
12
8
2
-1
-6
-5
1
6
7
3
10
13
10
4
-3
-4
-3
-1
-4
-2
-2
-4
-4
-2
7
10
12
7
-1
-2
-2
2
0
-5
-7
-3
3
2
-2
-10
-13
-4
0
1
-3
-6
-9
-12
-10
-6
-3
6
4
-7
-3
0
4
8
1
-2
0
7
5
-6
1
-8
-8
-4
-2
5
0
2
-3
4
7
-1
-3
-5
1
-1
-2
-3
-1
-1
-8
-7
-2
1
-2
-6
4
6
-6
-8
-4
4
2
1
7
10
11
-1
-3
6
6
2
1
1
1
3
-1
-4
-7
-7
-7
-7
-3
2
5
9
4
3
11
14
16
3
-4
2
-2
-4
-3
-3
-1
-6
-11
-3
-11
5
11
0
9
-10
-7
-18
-11
17
5
10
-10
-20
-9
-2
13
6
3
-10
0
2
5
17
2
9
9
12
12
7
2
-5
17
14
-7
-15
-20
-8
-4
7
5
5
14
-4
1
2
0
7
-1
1
-5
-2
-1
-9
-13
-11
-11
-10
8
4
-6
11
21
1
9
7
-3
-7
-13
3
-1
2
-7
-12
0
-3
18
5
-6
-12
-29
-11
-5
8
3
3
-3
-24
-11
6
11
14
9
1
4
-9
-15
3
3
8
0
-9
-7
12
21
8
23
18
4
-2
-8
1
12
22
2
-12
-2
-10
2
7
4
5
-2
-9
-11
-1
-5
-5
12
-2
-7
-1
-5
-10
-19
-3
-2
-2
11
3
7
9
1
2
2
4
2
5
6
14
16
-7
-5
-13
-13
-6
-7
4
-11
-10
-19
-18
7
9
16
13
8
-3
-28
-16
7
20
21
12
4
-11
1
0
-2
18
8
1
-8
-5
11
16
21
10
7
-12
-7
7
7
19
4
-15
-28
-25
-19
-15
4
16
13
-6
-10
-13
-10
-4
1
14
6
6
-6
-13
-9
-4
8
9
15
7
-6
-6
0
4
-2
-11
-9
-5
3
3
-11
1
8
0
1
1
11
10
3
5
0
-15
-20
-19
-5
12
16
17
5
3
1
-12
-9
9
17
6
-11
-19
-22
-20
-4
7
2
-5
-10
-9
-10
6
20
15
12
4
-2
-10
-3
15
3
8
14
-3
-2
4
4
-7
-8
0
-4
4
1
0
2
-13
-16
-16
-23
-21
-5
-12
-19
1
-3
-4
4
6
5
3
11
-1
-1
6
-2
-1
6
7
-6
-2
-1
1
9
-6
13
14
-19
-11
3
3
2
-1
7
-9
6
16
6
28
19
-14
-16
-7
-2
-6
4
2
-9
-4
9
24
14
4
-10
-7
14
8
3
-4
-8
0
-7
-5
7
0
-8
-7
2
18
8
-10
-13
-14
-1
6
9
0
14
22
-1
2
1
4
-2
5
9
-3
10
-10
-26
-8
8
9
17
28
16
14
-3
-15
7
7
7
11
-8
-27
-25
-3
13
24
16
-15
-11
10
6
-5
-17
-23
-22
-2
-4
-13
-10
-11
8
11
-4
-3
3
5
10
7
-14
-20
-5
6
7
13
18
-2
-18
-10
4
9
10
9
1
-12
-12
-18
-10
5
21
19
6
7
3
-4
-14
-6
4
4
7
6
4
-3
-3
-8
-7
0
2
2
4
6
0
-2
-11
-5
4
1
6
5
-9
-12
-7
-1
-2
7
-3
-22
0
2
6
11
1
5
2
1
1
7
4
-7
-8
-29
-18
29
8
-33
-12
8
18
16
-19
-45
-4
40
30
18
-8
-30
-22
-20
-11
19
18
5
12
21
-11
-15
-9
-5
10
32
40
-8
-32
-19
-8
-25
-29
-19
6
33
3
-17
-4
2
-4
24
19
-4
3
-8
-1
7
16
-5
-5
37
-15
-46
-4
21
37
2
-33
-8
24
30
3
-31
-30
-6
-13
-35
-42
-7
26
27
20
6
6
-2
-3
-32
-38
11
53
77
65
28
-25
-26
19
-23
-56
-9
6
23
27
-43
-55
-13
6
-21
14
99
107
92
-17
-114
-55
22
-5
-60
-51
-52
-5
55
3
35
106
66
9
14
66
27
-28
-91
-128
-13
7
-53
-20
22
27
-27
-54
-34
-1
86
85
26
38
-3
-77
-45
7
-35
17
122
42
-75
-116
-101
-66
45
72
-70
10
104
-42
-73
-27
-20
74
177
17
-87
54
-34
-78
10
12
137
253
166
8
-58
-50
-106
-89
42
85
82
30
-40
-137
-114
40
105
121
150
50
-152
-168
-119
-117
59
216
151
43
-59
-142
-65
72
117
200
176
38
55
31
-149
-164
-64
-81
-24
-125
-345
-193
35
97
124
159
143
-8
-87
-93
-35
171
160
20
-18
-41
36
103
25
-25
-61
-60
37
79
95
163
189
40
-157
-181
-78
24
1
31
132
26
-212
-296
-241
-98
94
40
-86
-18
60
28
-96
-224
-268
-191
-50
-40
-21
130
157
95
0
24
132
206
142
-127
-143
30
-31
-73
54
162
184
189
100
-15
84
111
8
-62
-109
-180
-172
-47
-240
-323
-140
-106
-7
11
-50
68
112
-19
-121
41
264
257
114
-149
-158
105
41
-101
2
118
144
80
11
-94
40
232
70
-13
65
34
-27
-140
-245
-195
-159
-172
-104
47
141
-18
-183
-173
-63
209
347
227
92
103
160
21
-67
27
-40
59
175
-111
-195
-29
88
65
99
195
13
53
95
-120
76
90
-61
38
45
-24
-182
-217
-172
-71
65
-9
-59
84
103
-17
-90
-122
-70
4
48
24
-85
-64
50
103
40
-97
-90
-81
-21
-19
-196
13
240
91
-97
-80
42
-10
-35
-28
-66
30
-13
-186
-330
-218
88
75
95
230
272
112
-133
-169
-110
69
239
200
177
99
-147
-398
-249
17
71
175
151
108
28
-249
-342
-201
33
93
47
34
-70
-126
-124
-53
57
174
306
297
261
254
72
32
18
68
134
177
273
83
-129
-215
-127
203
275
185
187
220
160
-44
-228
-216
87
177
-71
-177
-112
-99
-118
-109
-195
-112
155
62
-53
98
144
123
-6
-216
-202
29
192
35
49
73
-5
88
-39
-120
43
233
165
-30
-105
-193
-51
-75
-247
-45
170
170
-73
-390
-481
-337
-76
58
97
16
-230
-268
-194
-62
164
270
240
130
-85
-199
-24
150
90
88
87
42
38
-1
-163
-62
94
-67
28
-28
-236
-134
-99
-175
-169
-89
-10
46
135
23
-66
2
-110
-117
32
85
162
181
190
222
289
227
176
268
54
-23
234
267
168
125
-91
-230
-88
-183
-242
-32
88
-61
-361
-485
-435
-226
-182
-119
64
59
14
-268
-489
-190
66
300
417
177
126
82
-170
-178
170
459
527
516
211
-121
-50
-68
-146
10
76
-16
-115
-287
-491
-360
-160
-69
-25
-139
-178
-140
-152
-229
-125
29
40
35
-50
35
291
261
216
191
59
170
341
451
482
445
358
82
-313
-369
45
335
320
224
-95
-398
-556
-691
-472
26
123
-169
-554
-767
-656
-429
-319
34
368
367
290
-32
-273
149
483
364
520
657
522
318
-64
-274
176
544
618
627
171
-201
-201
-209
-329
1
333
53
-147
-486
-785
-543
-195
-167
-236
-246
-309
-381
-339
-289
-8
251
255
232
-106
-82
284
412
491
504
583
407
64
-216
-226
313
692
666
470
330
81
-386
-682
-265
379
708
492
-287
-656
-744
-958
-679
90
369
173
-391
-1308
-1186
-232
25
313
700
467
111
-297
-690
-155
798
803
484
386
56
-99
-184
-277
303
906
797
444
-127
-493
-303
-159
-44
206
289
40
-498
-913
-810
-419
-90
73
-10
-318
-598
-613
-490
-242
166
396
488
107
-383
-318
-3
397
602
640
563
357
181
48
230
477
606
586
262
141
302
324
315
-41
-635
-342
196
218
61
-56
-375
-513
-702
-1096
-388
493
155
-550
-1017
-1168
-516
-185
-364
181
599
418
151
-394
-300
693
847
461
691
705
481
261
-212
-15
831
768
436
235
-160
-233
-217
-206
-156
220
135
-569
-920
-935
-653
-366
-333
-329
-327
-309
-461
-549
-150
230
313
186
-72
-84
100
342
470
423
443
411
252
66
127
493
576
442
365
81
97
275
89
113
351
-148
-605
-303
-16
130
237
-204
-552
-255
-763
-1071
5
317
-130
-538
-1108
-878
24
-179
-243
396
419
191
-146
-726
-57
1075
682
288
664
541
465
199
-372
364
1208
810
260
-113
-576
-358
-66
-301
-44
276
54
-447
-801
-835
-471
-55
-72
-260
-450
-428
-352
-335
-243
-48
181
238
112
-247
-148
301
469
363
350
315
346
337
266
433
435
603
376
-91
-116
98
318
424
379
240
-189
-798
-360
417
506
293
13
-436
-583
-974
-1311
48
864
108
-665
-1162
-1158
-218
-351
-612
537
904
219
-453
-985
-320
1150
989
353
700
716
441
-104
-544
259
1449
1162
342
-203
-580
-208
167
-39
12
196
-367
-692
-818
-746
-172
100
-351
-670
-838
-943
-291
98
11
112
54
-109
-83
-149
-15
687
830
451
303
135
169
465
384
362
679
604
217
-90
-274
229
953
823
337
285
-254
-1194
-609
245
448
623
178
-818
-815
-1180
-1672
83
1116
183
-435
-1424
-1816
-332
-230
-425
952
872
-174
-460
-1270
-800
1311
1083
343
1011
552
64
80
-463
495
2211
1316
281
100
-656
-408
362
111
323
945
-30
-1367
-1559
-1150
-121
610
-31
-582
-744
-1259
-1292
-466
520
942
575
-385
-874
-538
49
601
1051
926
474
-110
-524
-107
544
953
955
710
266
-327
-442
-89
510
1132
1140
494
194
-772
-1729
-517
884
1133
799
-235
-1518
-1272
-1378
-1549
694
1804
575
-932
-2323
-2321
-37
375
66
1221
761
-542
-969
-1586
-473
2053
1625
471
775
133
-272
-9
-378
867
2597
1352
-46
-537
-1030
-314
619
467
533
790
-442
-1651
-1936
-1188
297
771
-3
-767
-1252
-1480
-1172
-612
474
1328
555
-630
-1078
-911
12
1137
1106
843
435
-198
-449
-140
664
1464
1444
547
-13
-491
-408
336
740
934
1009
408
-55
-386
-1581
-1079
1073
1580
1010
-22
-1322
-1209
-794
-1649
-434
2025
1453
-530
-2358
-2865
-637
1096
31
447
1129
-7
-997
-1895
-1560
1630
2812
582
-155
14
-231
190
-121
82
2285
2377
121
-682
-848
-648
671
664
72
582
261
-909
-1586
-1634
-333
921
452
-520
-1101
-1458
-935
-631
-687
519
1261
158
-855
-1174
-783
795
1478
735
202
190
0
-274
-181
566
1367
1031
32
-343
-360
82
745
485
506
894
340
-155
-242
-1265
-1021
710
935
614
286
-1008
-1011
-180
-1519
-926
1824
1348
-539
-1941
-2644
-561
1081
-442
24
1212
56
-627
-1315
-1635
1301
2654
122
-250
476
77
440
-212
-523
2080
2472
40
-423
-368
-324
628
374
-181
717
607
-655
-1191
-1556
-523
601
41
-735
-750
-939
-833
-620
-1043
-164
915
262
-450
-579
-727
189
1035
527
204
451
460
5
-288
56
1129
1321
489
-36
-197
138
533
340
384
947
1141
695
-12
-501
-1255
-300
905
977
634
-356
-1194
-952
-1172
-1894
206
2343
898
-1400
-2543
-2120
219
627
-812
497
1140
-328
-1375
-1878
-520
2325
1736
-598
98
643
113
-223
-754
569
3153
1934
-555
-585
-333
23
604
311
584
1258
-174
-1656
-1413
-768
455
280
-1029
-852
-581
-773
-680
-810
-585
369
240
-742
-109
137
-410
113
182
42
550
326
52
153
135
326
733
786
556
338
3
177
623
117
208
773
588
788
320
23
-869
-1261
66
1203
1227
415
-739
-1372
-955
-1800
-979
2065
1925
-832
-2118
-2606
-1330
799
-392
-116
1621
242
-1575
-1604
-1342
989
2526
182
-111
1085
256
-387
-361
92
2817
3007
50
-608
-217
-229
561
765
463
1201
263
-1567
-1547
-651
230
926
-569
-1820
-666
-1178
-1074
-414
-710
-36
323
-1198
-1458
519
725
505
816
-250
-351
754
-123
169
1018
791
805
192
-123
389
851
638
468
635
382
738
479
169
684
718
355
-1424
-1741
409
1497
629
-350
-1278
-846
-573
-2189
-1015
2410
1631
-1272
-2679
-3049
-586
1006
-869
-22
1672
-28
-1766
-1982
-1172
2106
2844
-131
-71
972
169
-221
-296
757
3371
2396
-709
-781
-58
-27
671
690
542
1162
-195
-1986
-1775
-579
743
1011
-666
-1795
-1128
-1696
-1069
-57
-223
554
68
-1784
-1407
357
654
1028
1209
-227
-542
288
-265
369
1074
801
893
32
-427
40
564
999
806
325
32
275
566
547
851
726
1224
-604
-2952
-442
1335
1154
758
-1034
-1605
-187
-2058
-2716
1802
2761
94
-1519
-3636
-2449
1465
-532
-944
2216
850
-1532
-1840
-2253
590
3964
761
-996
998
178
-661
-290
-98
2751
3860
18
-1142
-38
-192
599
1309
587
1269
709
-1970
-2086
-944
189
1486
326
-2175
-1556
-1414
-1886
-120
313
341
837
-1200
-2585
-420
856
730
1337
553
-748
-85
-390
-494
1111
1232
1158
461
-689
-236
701
958
833
691
290
-8
235
149
631
1269
1035
895
-1787
-2827
127
1649
1511
614
-990
-1185
-592
-2937
-2279
2912
3261
-103
-2329
-4153
-1627
1816
-955
-265
2777
742
-1909
-2568
-2506
1606
4308
40
-931
1059
-5
-482
-446
-122
3515
3756
-548
-1485
-412
18
818
996
302
1193
336
-2321
-2313
-832
987
1898
65
-2297
-1838
-1318
-1366
-9
965
644
222
-1730
-2882
-616
1244
1605
1356
269
-1220
-780
118
245
1325
1712
839
-68
-1142
-839
740
1502
1328
371
-167
-281
-207
572
997
1479
1432
801
-1888
-3486
-396
1761
2125
1031
-1150
-1656
-829
-2710
-2563
2445
3939
775
-2302
-4620
-2584
1912
98
-348
2593
1198
-1711
-2828
-2845
1217
4740
989
-1465
383
359
-398
-366
223
3373
4331
-258
-2290
-558
336
946
1296
434
1010
240
-2744
-2734
-272
1540
1813
103
-2647
-2439
-1309
-1488
59
1416
507
-182
-1955
-3224
-784
1746
1774
1014
186
-1455
-1200
117
337
1514
1844
817
-405
-1277
-319
1308
1994
1463
69
-417
-477
-252
674
1230
1947
1374
476
-2327
-3798
148
2548
2328
1284
-907
-2280
-1528
-3049
-2605
3230
4784
165
-3178
-4890
-3013
1841
304
-116
3171
1042
-3105
-3563
-2012
1979
5121
1027
-1718
422
21
-1274
-386
1092
4009
3768
-1322
-2499
-321
714
1105
1598
1257
1126
-304
-3001
-2532
264
1863
1733
-148
-2626
-2761
-2007
-1157
419
1704
859
-820
-2354
-2819
-436
1900
2298
1097
-566
-1675
-1546
-2
1130
1639
1587
728
-534
-1120
-270
1571
2044
1218
-165
-929
-302
50
939
1469
1514
686
75
-1762
-3453
124
2940
2275
645
-1501
-2999
-1372
-1835
-2385
2637
4637
66
-3681
-4750
-2944
2361
1475
-515
2639
1294
-3065
-3534
-1871
1817
5431
1136
-2547
78
575
-775
-204
1145
3627
4038
-1417
-3237
-19
1353
1073
1244
571
560
-292
-2915
-2135
827
2303
1660
-539
-3094
-2525
-966
-882
875
1796
359
-1220
-2700
-2911
37
2485
2023
725
-606
-1955
-1261
568
1412
2259
1442
-81
-1021
-1388
-23
2050
2220
976
-621
-1255
-690
201
1484
1876
1641
628
-34
-2957
-3844
897
3371
2607
367
-2159
-2447
-871
-2706
-1642
4433
4533
-649
-4566
-5311
-1255
3287
96
-62
3038
119
-3957
-4081
-1104
4019
5477
-807
-2764
305
-2
-1188
-272
2135
4941
2774
-3229
-2727
982
1788
1229
1178
967
804
-1283
-3529
-1392
1849
2712
904
-1441
-2929
-1937
-1394
-852
1539
1708
-8
-1909
-3210
-2197
816
2237
1597
530
-1004
-2362
-1297
690
1900
2347
634
-393
-1237
-1179
709
2116
2160
751
-989
-1400
-655
681
1792
1957
1319
574
-108
-3695
-2832
2248
3470
2206
-274
-2908
-2161
-890
-2993
-243
5228
3203
-2118
-5216
-5049
380
3340
-708
598
2563
-1436
-4344
-3366
199
5203
4117
-2474
-2199
679
-81
-821
480
3041
4648
380
-4082
-1544
1868
2098
1123
878
823
157
-2374
-3048
134
2727
2548
-253
-2645
-2601
-1453
-972
219
1764
1251
-977
-2727
-2992
-654
2103
2039
1003
-451
-1703
-1783
-628
1349
2452
1584
-95
-1077
-1191
-107
1660
2213
1502
298
-1319
-1243
116
1325
2160
1642
391
245
-1704
-3858
-218
3637
3423
832
-2022
-3082
-1120
-1850
-2259
3257
5127
165
-4529
-5563
-1991
3249
1451
-663
1992
544
-3596
-4463
-1415
3811
5434
-464
-3554
-502
626
-379
-443
2068
4686
2619
-3152
-3201
1024
2803
1670
674
1016
777
-1419
-3268
-1083
2170
3154
736
-2119
-2755
-1984
-1117
-641
1385
1797
-132
-2357
-3471
-1976
1123
2190
1190
-63
-1410
-2150
-1389
870
2180
2406
768
-881
-1354
-970
1168
2609
2012
663
-1145
-1682
-495
941
1989
2413
1487
175
-860
-3708
-2462
2698
3790
1811
-595
-3169
-2463
-1129
-2659
749
5931
2605
-3200
-5418
-4493
854
3276
-500
939
1905
-2610
-4825
-2553
1826
5713
2754
-3320
-2047
516
-393
-500
1433
4118
4030
-1283
-4269
-623
2655
2509
1088
1080
978
-753
-2811
-2026
1498
3190
1995
-1492
-3224
-2252
-1439
-992
840
1848
353
-1722
-3437
-2752
555
2373
1358
551
-752
-2246
-1596
31
1636
2644
1321
-964
-1283
-830
566
2384
2084
695
-282
-1211
-1144
468
1993
2272
1322
69
-311
-1855
-3048
333
3286
2704
402
-2357
-2992
-827
-1584
-1662
3610
4321
-1017
-4725
-5233
-1414
3407
1176
-688
1799
-186
-4194
-3627
118
4527
4852
-1273
-3450
54
602
-351
421
3044
4424
1168
-3609
-2226
1973
2849
1273
556
1032
212
-2088
-2907
-43
2850
2593
-314
-2918
-2853
-1323
-1092
-264
1804
949
-1227
-2726
-3159
-1019
1899
2070
354
-194
-1424
-2117
-200
1119
1716
1982
93
-1133
-1054
35
1799
2232
1426
-278
-735
-671
-267
1518
2378
2039
516
-320
-975
-3130
-740
2881
2851
1200
-1398
-3394
-1715
-856
-1871
1650
4910
683
-3917
-4983
-3211
2220
2644
-923
877
1011
-3276
-4262
-869
3075
5016
932
-3534
-910
1098
-328
-204
2324
4081
2254
-2611
-3252
1016
3034
1560
419
1052
602
-1528
-2767
-786
2189
2727
603
-2363
-2705
-1611
-1198
-544
1213
1228
-779
-2368
-2961
-1419
1143
1828
678
35
-1087
-1849
-626
858
1549
1704
428
-1001
-842
-97
1341
2259
1456
82
-640
-391
5
1022
1756
1966
813
-111
-531
-2912
-1524
2302
2674
986
-691
-2634
-1923
-974
-2324
839
4740
1041
-3653
-4438
-3186
1171
2367
-673
802
1404
-2822
-4458
-844
2944
4301
891
-3059
-640
1336
-495
-624
2322
3949
1960
-2127
-2539
1272
2819
1073
179
1487
1081
-1508
-2583
-462
2023
1920
136
-1955
-2072
-1360
-1602
-737
1123
1041
-1011
-2261
-2316
-1262
703
1233
366
336
-752
-1857
-439
1040
1268
997
328
-395
-365
274
965
1930
1519
-137
-443
344
531
754
1282
1455
1025
280
58
-1939
-1980
1243
2092
1037
-92
-1691
-2201
-815
-1944
-935
3588
2283
-2515
-3762
-3016
-574
2155
-244
-550
1667
-1092
-4104
-1649
1918
3188
1635
-2276
-1575
1556
434
-1019
1182
3271
2078
-1004
-2289
727
2734
1337
-99
1201
1764
-824
-2139
-477
1716
1696
168
-1308
-1293
-1203
-1770
-1235
741
1216
-716
-2153
-1950
-876
-96
267
420
504
-334
-1606
-939
866
1271
313
54
175
237
152
435
1786
1850
251
-671
50
1027
1134
854
1269
1330
563
132
-1220
-1968
896
2349
1124
-12
-1336
-2082
-936
-1604
-1556
2601
2584
-1956
-3791
-3180
-908
1670
-87
-1103
1242
-520
-3846
-2166
1454
3063
1656
-2053
-2024
1636
1037
-840
791
3213
2389
-741
-2197
718
3241
1532
-489
581
1861
-189
-2149
-860
1730
1707
-176
-1512
-1554
-450
-1177
-1804
217
965
-992
-1922
-1726
-1014
330
364
-390
189
324
-1463
-677
1005
945
634
-36
-312
564
829
456
1220
1491
223
-456
343
846
1085
959
697
1040
585
328
-316
-1818
-250
1830
1260
380
-792
-2317
-1143
-520
-1827
683
3005
-568
-3063
-2896
-2037
913
1149
-1630
7
724
-2581
-2389
673
2050
1883
-493
-2283
554
1783
-240
169
2280
2373
254
-1438
-213
2493
2148
27
141
1574
715
-1361
-915
1060
1587
247
-1075
-1753
-548
-948
-1829
-198
616
-737
-1880
-1805
-1263
-81
173
-643
-198
177
-1306
-1065
509
633
578
-148
-333
343
910
611
829
1582
607
9
490
866
1098
1218
860
1112
930
676
13
-1839
-811
1571
1818
556
-615
-1961
-1237
-488
-2051
-152
2879
207
-3148
-3175
-2201
533
1312
-1406
-327
998
-2123
-3103
331
2203
1894
-268
-2263
176
2044
-147
-339
2420
2729
365
-1436
-260
2483
2395
65
-6
1731
961
-1497
-1135
1275
2011
311
-1099
-1325
-658
-939
-1941
-414
1171
-504
-2419
-2031
-1047
-350
-147
-401
-138
242
-1163
-1764
527
1357
372
-229
-233
289
626
566
1010
1759
770
-494
61
1214
1343
1086
884
1145
1099
522
290
-1380
-774
1590
1636
535
-364
-1671
-1500
-324
-1661
-491
2610
485
-3010
-3078
-1987
-10
1209
-1199
-667
733
-1863
-3250
-54
2218
1475
-406
-2057
-31
1782
5
-516
2275
2912
177
-1482
90
2685
2403
156
-138
1822
1390
-1295
-983
1544
2038
67
-1450
-1227
5
-533
-1989
-880
1190
-373
-2582
-2049
-898
-5
-266
-1078
-507
512
-879
-1891
74
1224
35
-445
-140
397
1015
481
478
1604
1065
-169
186
1236
1362
954
682
1045
1220
923
512
-1189
-959
1483
1621
222
-142
-1526
-1656
-279
-1606
-1116
2400
649
-2934
-2621
-1840
-469
1089
-826
-939
638
-1554
-3125
-41
2009
1054
-395
-1638
-188
1742
307
-343
2121
2822
222
-1194
426
2417
2031
127
-126
1525
1236
-1263
-762
1639
1741
-3
-1630
-1302
580
-201
-1987
-738
610
-714
-1933
-1868
-972
410
-412
-1992
-508
795
-832
-1180
12
337
-8
-568
-684
744
1673
216
-104
1251
866
300
813
1193
1355
1320
477
414
1366
1766
182
-1812
-219
1548
1283
336
-666
-1419
65
-521
-2618
386
2619
-673
-2859
-2422
-1803
409
98
-1804
299
381
-3026
-2605
1009
1480
501
-955
-1209
818
1086
-1095
-422
2798
2065
-620
-1027
1239
2478
1167
-165
625
2238
413
-1518
576
2455
1420
-1026
-1695
252
971
-1024
-1598
-108
398
-1141
-2129
-887
649
209
-1619
-1339
112
-229
-1104
-814
157
549
-526
-1189
178
1444
602
21
915
915
491
525
639
1250
1295
182
594
1537
1082
888
-232
-1148
698
1686
442
105
-221
-911
-212
-1068
-1749
981
1088
-1897
-2229
-1522
-1128
-45
-1015
-1155
290
-1119
-2861
-846
1413
895
-839
-1480
-182
998
-6
-686
1071
2299
464
-1246
182
2277
1838
361
153
1288
1411
26
-62
1524
1854
-890
-1393
-144
605
852
-801
-1474
195
-435
-2553
-596
968
-653
-990
-972
-1524
-114
295
-1714
172
1169
-1447
-774
1148
435
8
370
-207
455
958
-65
836
2569
1130
-213
830
1451
1582
712
-584
323
1552
894
-659
-663
-23
111
-396
-1225
-140
969
-856
-2174
-1393
-425
179
-522
-1746
-691
-599
-2479
-1889
734
1331
-266
-1465
-1085
518
578
-707
287
2171
1204
-729
-621
1216
1887
584
36
1061
1630
359
-454
1403
2338
521
-1188
-809
445
1282
-72
-931
114
-757
-2326
-1249
229
293
-150
-1317
-1664
-237
-351
-1545
-319
540
-889
-1109
-295
-78
404
531
-81
353
1112
84
149
1777
1302
56
799
1140
775
480
-363
529
2230
1667
-141
-651
-29
603
-347
-1093
878
1463
-1187
-2409
-1481
-554
326
-503
-1239
77
-548
-2620
-1616
890
821
-777
-1451
-474
638
-37
-945
41
1467
416
-982
260
2122
1520
161
207
1142
1370
-7
-508
1295
2388
696
-871
-312
641
470
-225
125
456
-235
-1284
-1000
-216
-159
-683
-1090
-798
-719
-881
-1113
-461
8
-817
-849
-324
-324
-49
418
332
106
-13
-61
1145
1864
818
391
1131
1002
-361
93
1684
1802
852
-285
-629
627
1037
-1025
-922
1758
772
-1976
-1646
-462
-137
-139
-1295
-1116
213
-1337
-2665
-323
1119
-617
-2016
-1177
381
706
-496
-439
1162
1031
-832
-871
1433
2148
305
-492
435
935
369
70
918
1747
773
-1131
-639
1359
1263
-205
-240
5
-779
-1021
-318
329
601
-302
-1452
-987
-200
-413
-237
380
-245
-1258
-1104
-50
399
115
-22
-66
-10
-16
-92
681
1370
764
59
-179
197
827
1332
1257
432
-234
-186
442
139
0
990
711
-456
-1109
-1066
-315
766
-158
-1181
-569
-1094
-1667
-536
109
-418
-1033
-1156
-700
-158
-219
-432
-141
276
-213
-218
659
988
524
154
280
372
451
687
1291
1302
619
-375
-390
629
762
581
831
389
-873
-736
107
180
251
-294
-1034
-795
-270
-380
-174
212
-429
-1195
-915
76
120
-221
-19
161
219
-67
-292
524
1530
71
-1116
875
1860
807
-18
-231
496
1408
-52
-778
1541
1726
-950
-1524
-15
629
544
-515
-884
-167
-809
-1806
-609
944
-182
-1856
-1340
190
142
-1021
-651
494
578
-785
-1239
235
1232
31
-575
577
938
20
-178
976
1525
1050
-288
-668
615
1088
269
430
846
-504
-1055
-92
567
529
92
-547
-744
-523
-759
-408
522
226
-1136
-1118
-55
155
-257
-164
138
38
-352
-414
772
1688
454
-1497
-804
1293
1689
489
-25
181
379
510
-453
183
2096
914
-1274
-636
472
133
349
16
-99
-295
-1263
-1223
536
988
-929
-1549
-497
286
-723
-990
236
579
-218
-1322
-666
829
1019
-490
-544
791
362
-615
-130
1235
1148
9
-712
-377
733
889
105
496
985
-481
-1155
234
901
563
255
-237
-602
-341
-509
-244
810
388
-1185
-1231
18
246
-202
-18
30
-395
-660
-523
357
1072
532
-1138
-1046
813
1300
579
220
-28
-287
442
95
-71
1515
1240
-843
-1056
-105
-31
707
635
-169
-489
-877
-953
139
844
-388
-1048
-596
-272
-668
-561
350
384
-405
-1012
-428
463
825
9
-268
342
-132
-667
52
1069
696
-55
-681
-445
330
443
238
484
371
-787
-619
508
955
343
-291
-238
-311
-510
-421
375
930
153
-1016
-800
270
410
0
277
275
-120
-320
-227
525
1098
120
-1097
-236
938
635
32
132
32
242
134
-565
199
1277
539
-884
-622
155
155
133
-130
-140
-436
-901
-488
339
404
-474
-719
25
170
-686
-364
695
558
-432
-759
-237
449
539
-191
-17
560
-192
-749
376
950
239
-202
-409
-102
339
126
-106
282
-9
-770
-267
562
266
-154
-180
-359
-422
-184
129
386
446
-389
-938
-76
411
6
119
302
-94
-513
-305
346
853
798
-369
-708
373
968
594
186
169
36
66
-276
-262
883
1147
-290
-1237
-474
-1
121
267
172
-317
-913
-953
-137
790
20
-887
-538
146
-259
-704
328
961
102
-1062
-519
589
801
241
-111
275
183
-420
-313
925
1151
38
-576
-257
105
239
327
252
253
-301
-809
-237
517
299
-204
-257
-305
-377
-281
-49
159
36
-600
-800
-197
214
55
143
130
-299
-272
153
493
708
552
-518
-745
298
871
588
242
42
12
343
-138
-154
1045
1233
-160
-1036
-287
376
502
151
-142
-375
-787
-786
-40
512
-198
-745
-442
-41
-535
-754
325
649
-314
-989
-325
525
523
-92
-115
429
77
-448
202
1127
684
-283
-389
95
294
147
323
510
107
-644
-609
220
592
117
-187
-108
-360
-589
-290
402
420
-314
-838
-515
81
-43
-228
119
153
-445
-564
-64
430
558
165
-613
-490
505
1026
715
99
-209
20
618
335
-18
799
1053
-119
-1057
-486
538
764
45
-511
-442
-381
-477
-7
609
14
-846
-719
4
10
-329
66
426
-62
-977
-780
441
878
208
-212
-36
-75
-184
154
756
747
-1
-519
-113
96
-124
262
535
9
-644
-433
247
543
195
-243
-95
-24
-241
-178
364
388
-322
-680
-234
194
146
91
134
-60
-486
-475
120
733
579
-85
-365
-426
-315
360
1088
664
-404
-771
-64
776
330
-306
255
727
-114
-984
-380
792
844
-232
-733
-304
-162
-266
173
600
41
-976
-870
259
457
-238
-188
344
10
-769
-497
651
950
-95
-569
38
233
-208
-7
760
590
-509
-881
90
715
259
-133
106
59
-488
-493
286
779
-41
-878
-433
269
27
-264
73
247
-77
-535
-307
436
562
-62
-319
-108
-84
-113
226
623
457
-170
-440
-80
84
224
676
773
138
-586
-448
452
864
111
-339
212
442
-303
-718
-26
560
153
-591
-532
-61
-124
-300
50
288
-348
-924
-242
667
318
-534
-416
248
79
-582
-261
715
654
-392
-577
268
501
-51
-127
434
384
-433
-686
238
713
-14
-480
-62
244
-235
-373
329
519
-175
-616
-163
339
47
-326
-38
283
-115
-559
-167
344
150
-260
-271
146
231
-148
-99
246
258
14
50
391
385
30
-234
-31
526
515
53
-75
124
268
72
-166
79
465
127
-432
-298
101
126
-133
-207
-192
-340
-438
-196
202
71
-453
-473
-35
103
-137
-76
348
241
-316
-261
261
455
72
-223
157
419
61
-188
244
496
105
-217
-44
158
90
-71
-3
115
-145
-380
-177
254
123
-346
-361
-132
-119
-254
-214
-19
63
-222
-439
-186
61
40
-27
70
121
-72
-203
-20
279
223
21
-5
91
244
166
55
202
253
73
113
367
343
75
-18
160
261
124
-33
66
182
-43
-248
-90
136
32
-231
-311
-222
-170
-167
-76
-36
-156
-293
-206
78
120
-70
-81
59
-13
-101
99
321
257
-33
-155
63
211
45
-29
142
159
-83
-255
-72
142
62
-64
-54
-13
-145
-322
-216
78
21
-297
-303
-61
-61
-198
-191
-43
26
-160
-215
11
117
-62
-137
-26
132
97
-38
140
331
201
-29
-12
142
224
161
111
153
88
6
111
325
257
-34
-94
117
230
132
66
95
123
-77
-210
18
268
163
-75
-126
-187
-215
-129
-2
51
-124
-307
-183
0
-28
-75
14
10
-165
-231
-45
171
129
-59
-146
-35
74
32
56
184
192
19
-88
-46
79
182
140
82
46
-47
-174
-154
-52
-29
-31
-56
-102
-137
-158
-213
-165
-43
-45
-116
-51
-50
-156
-148
-119
-31
97
104
53
41
3
-45
41
160
154
126
121
45
31
91
124
134
117
112
159
178
131
102
151
125
29
23
45
72
38
-54
-144
-221
-178
9
106
26
-126
-223
-214
-162
-55
26
80
11
-164
-153
-33
-5
15
108
112
-22
-89
-6
109
144
22
-32
64
34
-59
-24
38
-5
-84
-94
-33
-41
-102
-77
-10
-76
-199
-124
52
74
-51
-105
-73
-79
-71
-20
75
110
-39
-155
-53
43
55
69
102
100
49
25
54
158
149
98
129
120
39
28
98
71
60
60
47
76
97
93
81
57
-4
-23
54
91
26
-26
-57
-74
-83
-29
-1
-60
-104
-147
-75
-6
-96
-137
-66
-16
-28
-62
-34
11
12
-26
-25
11
-24
-22
61
117
109
52
40
54
58
79
118
135
38
-86
-47
89
66
-55
-107
-74
-40
-56
-105
-52
29
-51
-146
-167
-129
-52
14
4
-41
-86
-75
10
112
116
70
87
71
44
18
51
85
-16
-50
-5
-15
-31
-29
-57
-63
-28
-78
-75
6
-10
-79
-104
-108
-55
31
1
-39
-26
-7
52
128
144
91
69
100
146
155
88
63
120
78
-10
-1
70
135
88
7
-8
16
-4
-10
41
49
-1
-23
-3
33
31
-9
-7
-38
-77
-63
-64
-72
-130
-166
-103
-44
-30
-55
-43
-17
-31
12
42
19
7
-1
1
17
59
59
53
117
142
92
43
7
12
42
90
44
-11
-18
-45
-51
-69
-61
-60
-67
-79
-86
-56
-62
-82
-83
-58
-43
-39
-17
-27
-20
-16
-33
-6
38
29
1
-13
9
40
75
101
75
35
3
13
51
101
138
90
-1
-49
-27
43
75
61
0
-61
-85
-81
-50
-37
-29
-54
-103
-131
-112
-64
-23
-17
-53
-69
-50
-20
3
7
27
35
9
5
27
52
72
94
85
56
70
82
66
58
34
12
13
5
-12
-38
-31
-2
-23
-49
-62
-49
-44
-38
-52
-74
-40
-14
-20
-11
-26
-61
-51
-18
-6
-7
-9
-33
-32
-17
-29
-10
35
29
34
47
30
23
44
72
50
20
15
32
65
53
38
51
38
12
16
37
38
7
-19
-27
-15
-13
-50
-33
6
-16
-18
1
4
9
10
-1
7
46
56
23
11
26
22
15
4
5
14
27
46
37
42
45
44
42
15
-9
-14
-7
-21
-58
-70
-40
-30
-46
-60
-47
-29
-43
-70
-63
-16
2
-13
-31
-47
-41
-11
8
19
30
12
-29
-33
-24
-23
-25
-31
-16
-13
-32
-45
-36
-11
8
-8
-35
-41
-36
-41
-33
8
8
-4
-9
-15
-2
8
4
23
57
44
10
1
10
21
38
45
47
56
43
20
31
40
19
13
8
-12
-44
-55
-33
-20
-11
-17
-33
-40
-55
-67
-31
12
0
-13
-11
-3
9
-3
-1
32
32
3
-18
3
38
42
39
38
39
29
24
50
52
18
2
18
22
2
6
20
26
13
-30
-42
-14
-19
-27
-12
-3
-33
-60
-41
-35
-49
-79
-77
-24
-19
-50
-52
-39
-38
-34
-24
4
18
9
-22
-35
9
44
47
53
64
49
42
58
81
112
107
71
68
95
106
91
63
40
19
26
15
24
64
32
-8
-44
-72
-55
-32
-30
-35
-25
-14
-34
-32
-5
8
19
-12
-33
-19
1
20
20
33
40
21
5
6
7
9
17
24
10
-2
11
21
17
-11
-23
-6
-12
-17
-14
-28
-36
-36
-32
-22
-34
-45
-33
-15
-3
-12
-17
-11
-10
-9
-1
22
21
-4
-15
-25
-29
-22
-8
3
-13
-38
-46
-30
-21
-11
12
8
-7
-49
-69
-29
-8
-11
-10
8
8
-21
-21
-14
15
26
-17
-26
-14
-4
27
33
30
14
-4
-3
4
48
80
86
76
49
64
64
54
64
50
61
85
54
28
28
45
30
3
10
-6
-7
5
-33
-43
-56
-78
-67
-48
-31
-47
-90
-108
-102
-78
-67
-59
-36
-45
-35
1
-22
-45
-48
-33
41
51
0
-23
11
19
-1
-3
19
43
56
27
24
23
5
-9
23
82
51
4
-17
-30
-2
-25
-44
-14
9
7
-21
-26
-35
-46
-8
8
36
50
9
2
37
70
42
14
12
5
37
57
24
33
26
46
65
45
56
47
54
44
19
42
30
44
35
-2
18
14
0
19
54
67
-11
-55
-53
-51
-6
-10
-21
16
31
-23
-74
-28
41
45
35
37
10
-20
-58
-101
-47
4
2
-11
-35
-18
-51
-99
-66
-23
26
31
44
33
-51
-62
-81
-68
-10
-17
-9
-39
-86
-110
-102
-23
15
29
24
7
18
-27
-17
10
2
28
-26
-48
-58
-76
-52
-78
-28
-4
-5
22
25
40
-1
-4
43
7
22
11
-15
7
1
24
15
26
59
29
39
54
17
32
29
14
33
45
42
17
9
14
-6
26
34
10
5
-17
-20
7
25
13
-6
28
44
-1
3
-21
-27
7
29
70
12
-48
-48
-73
-27
11
-1
-5
-25
-46
-68
-62
-19
-22
-7
15
26
0
-44
-32
-2
34
16
18
39
47
59
53
57
69
53
34
39
68
47
-28
-73
-55
-32
-34
-5
20
4
-22
-37
-53
-23
7
-3
-28
-29
-28
-27
-12
-16
-8
-5
27
44
31
20
5
21
15
6
31
36
22
-4
-51
-67
-31
21
23
18
39
10
-13
-36
-53
-16
7
31
15
-5
-47
-85
-78
-66
-19
9
7
-21
-26
-17
-59
-26
27
34
58
19
-10
-6
-32
8
-34
5
32
-32
4
-32
-31
5
-20
22
-8
-16
22
-9
25
-36
-41
50
38
61
25
1
14
-40
-20
-20
-3
25
-22
-23
-8
-6
0
-10
17
12
3
30
6
7
25
39
38
10
-15
-19
4
-2
-15
-6
13
42
15
-35
-19
-7
1
14
11
12
6
-30
-39
3
16
2
-14
13
22
5
29
7
11
21
-23
-21
0
7
0
17
69
61
37
36
40
53
43
14
-4
14
24
-4
-1
-19
-20
14
6
0
6
-13
1
21
15
-3
-21
-10
2
8
17
17
4
19
12
5
20
18
17
17
3
-5
-12
-10
9
-8
2
25
29
61
49
32
17
3
5
-4
-10
-25
-31
-71
-102
-94
-82
-60
-34
-29
-39
-43
-46
-33
-16
1
0
12
33
14
18
14
-1
17
28
40
44
38
47
54
49
18
2
27
32
10
14
12
3
25
21
19
38
27
-4
-12
-23
-31
-39
-56
-62
-76
-76
-60
-48
-33
-12
2
6
7
4
19
14
15
30
18
21
12
-17
5
11
3
5
-22
-17
-1
-5
-16
-14
-8
6
7
3
-9
-14
1
-7
-6
-4
5
19
2
-4
-13
-17
-8
-8
-8
1
11
13
-2
1
15
16
17
13
24
29
5
-12
-19
-27
-28
-22
-23
-31
-24
-24
-36
-9
18
6
12
4
-5
-5
-25
-22
-12
5
-7
-31
-24
-25
-37
-32
-32
-19
-12
-1
10
0
12
20
18
41
44
51
46
34
35
19
30
40
37
21
-3
-11
-18
-8
6
-13
9
23
4
0
-19
-16
-1
-5
-8
-37
-17
5
-12
-12
-15
-11
-15
-27
-12
-5
17
3
-21
-3
-3
2
15
14
20
4
7
1
-16
-5
-13
-10
10
-6
-18
-10
1
14
2
2
-8
-12
-2
-11
2
6
1
16
9
-7
-1
11
12
6
26
17
8
25
10
8
14
-14
-20
-13
10
33
2
-16
-18
-11
9
-12
-21
-16
-23
-19
-25
-2
23
28
30
21
31
23
9
6
6
11
-5
-1
2
-12
-3
0
1
-3
-15
2
1
-15
-28
-40
-26
-4
-1
5
8
17
13
-1
8
7
13
17
10
9
2
14
10
3
15
6
15
7
-22
-7
1
-4
4
-4
12
4
-22
-15
-5
15
17
3
5
-1
8
-1
-4
10
6
8
5
4
-1
-15
-3
-11
-12
-3
-21
-13
-30
-28
-15
-14
10
4
0
7
-2
-6
7
31
28
22
22
20
19
9
14
13
7
-3
-5
-9
-9
-2
-7
-9
-14
-20
-16
-15
-13
-10
-6
-4
-14
-22
-17
-1
2
-11
-11
3
12
-5
-6
5
15
10
-12
-7
12
14
-4
-11
8
10
0
-9
12
15
-8
-8
2
33
17
-16
-6
8
24
-15
-33
10
18
3
-43
-40
41
42
-4
-65
-24
49
1
-33
-44
46
79
-29
-77
-33
101
68
-68
-58
27
99
-23
-108
-4
102
75
-117
-119
62
145
1
-181
-37
162
120
-113
-178
87
188
21
-184
-86
167
118
-82
-165
34
180
27
-134
-101
118
139
-49
-108
-38
122
63
-103
-76
43
138
-29
-141
-20
85
78
-107
-79
71
90
-8
-127
-13
94
16
-75
-58
63
37
-62
-64
26
75
-22
-50
25
45
-5
-60
10
67
26
-34
-25
67
24
-41
-25
24
68
-15
-50
-4
23
9
-51
-7
18
24
-3
-52
4
15
12
-12
-28
-5
13
28
-22
-25
7
35
27
-34
-20
24
42
-16
-22
9
32
16
-47
-16
23
15
-8
0
16
-25
-7
5
13
-12
-50
7
30
-8
-63
-19
58
25
-51
-40
53
73
-15
-63
10
91
43
-52
-44
60
53
-21
-45
21
74
-1
-53
-50
52
44
-37
-35
-8
59
21
-35
-41
3
86
-1
-67
-33
52
53
-60
-73
10
84
16
-102
-61
55
74
-52
-102
3
95
36
-87
-56
43
53
-32
-88
-10
61
33
-43
-48
30
70
27
-48
-51
14
42
-8
-64
-49
28
56
-13
-55
-13
64
38
-60
-61
30
75
0
-60
-39
22
50
9
-22
18
70
50
5
-5
25
64
34
-22
-34
26
77
21
-52
-54
43
84
6
-53
-25
49
34
-42
-53
6
46
-27
-75
-30
43
46
-29
-51
3
50
16
-30
-6
38
24
-15
-16
10
23
-23
-55
-19
25
24
-47
-55
-9
32
22
-24
2
27
15
-23
-34
15
16
-23
-66
-44
35
27
-24
-49
-35
7
3
-15
-25
-6
15
-20
-45
-26
15
13
-25
-30
-3
47
47
-3
-21
5
32
9
-20
-18
-6
4
-16
-5
29
26
8
-16
-7
8
9
1
-20
5
13
-1
0
-11
2
11
9
-1
7
25
14
1
-12
1
8
-8
-22
-19
-4
-20
-39
-25
-8
10
-5
-8
5
5
-7
-23
8
35
17
-6
-8
16
24
19
6
-2
14
19
11
-3
-4
0
-7
-2
-2
-8
1
-1
-7
-10
0
6
2
-2
-1
6
1
3
2
-4
1
6
18
6
-2
12
10
15
20
15
15
4
-12
-25
-14
4
2
-3
-3
0
0
-17
-16
-4
12
2
-23
-16
1
20
12
-5
-3
12
12
4
3
6
13
14
5
-6
-4
2
-2
4
3
1
8
-4
-14
-3
14
14
-2
-1
1
-4
-2
-13
-9
-8
-16
-10
-7
5
-1
-16
-5
5
7
-1
-12
-12
-16
-12
-15
-17
5
4
-1
-2
5
18
20
19
11
9
19
24
7
-6
-2
13
5
-8
5
15
23
10
-10
-7
-2
-8
-14
1
9
-6
-4
-6
-10
-5
-16
-11
-8
-14
-17
-16
-6
-10
-21
-15
-17
-8
3
5
18
11
11
10
7
15
9
11
3
-5
4
6
18
12
8
19
22
22
10
13
19
10
6
0
1
-2
-10
-15
-18
-7
-3
2
12
12
11
6
-1
-4
-1
0
3
12
15
8
6
-1
5
16
5
-7
-6
2
-2
-16
-8
-2
-5
-9
-13
3
7
-4
-18
-26
-17
-18
-23
-21
-3
4
-9
-18
-14
-6
-4
-11
-4
10
9
-1
-13
0
15
11
-6
-15
-5
12
8
2
7
20
18
5
2
11
19
14
8
1
-1
-7
-11
-9
-5
-4
3
9
12
-5
-10
-3
7
12
6
8
8
-3
-12
-23
-18
-16
-26
-20
-5
12
9
-4
-15
-4
5
-15
-21
-6
7
3
-7
-4
-1
-10
-10
-4
7
23
13
0
-8
-7
-1
-4
-6
3
14
4
-4
3
15
25
22
0
-6
2
2
1
7
12
10
-3
-11
1
20
12
-10
-13
2
2
-7
-10
-4
9
0
-4
10
20
10
-4
-2
8
14
12
12
7
0
-5
-6
-8
-13
-9
-7
-1
4
5
5
6
12
4
8
21
9
2
2
1
-2
-11
-22
-18
-3
0
3
13
4
-1
-6
1
4
6
3
-11
-1
1
0
6
7
4
-1
-5
0
9
6
6
7
3
-10
7
18
3
0
-3
-6
-8
-12
-12
-8
3
1
-7
-7
-3
-9
-13
9
22
13
0
-4
-1
-5
-6
4
9
14
2
1
12
6
-3
-9
-4
7
6
2
2
-1
-12
-24
-13
-4
-8
9
14
5
-28
-42
-13
25
36
7
-19
-20
-10
11
15
1
-14
-21
-29
-8
21
17
-10
-22
-5
7
2
-10
-19
-25
-15
0
8
0
-19
-29
-27
3
2
2
20
1
-11
-28
-2
26
18
0
-5
0
6
28
27
16
13
9
10
14
17
-5
-16
-5
5
-3
-20
-7
-13
-16
5
-5
-10
-7
2
6
-2
1
-11
-12
-5
5
21
12
-4
-15
-2
26
27
2
-8
23
33
25
11
0
-8
-6
0
15
19
7
-4
-5
-17
-13
0
10
17
-4
-20
-20
5
2
-15
-20
-28
-8
-2
-6
6
1
-4
-13
3
12
-5
-4
-8
-10
-10
-22
0
8
2
13
1
4
-1
-3
8
13
22
9
-4
-12
-26
-26
-14
14
23
2
4
-1
-3
-4
9
33
54
11
-9
14
33
33
-20
-39
-36
-7
20
24
19
-8
-38
-46
-8
37
31
-6
-34
-15
-3
11
20
5
13
24
20
18
28
-15
-7
36
28
-2
-22
-17
-18
-31
-16
15
31
7
-29
-18
14
25
0
-22
-12
-7
-3
-7
2
5
-21
-29
-4
14
10
16
22
-6
-17
-1
-10
-8
-37
-53
-22
-11
5
-18
-24
14
-1
-6
10
17
25
11
9
12
-3
-17
-7
12
14
9
8
-16
-7
12
4
11
5
-10
-18
6
6
-22
-9
16
18
19
-4
-23
-35
-35
1
28
39
31
3
10
17
42
17
-25
-23
-14
-15
-28
-29
-5
12
-15
-14
-11
3
42
45
25
3
2
-15
-21
-11
-10
-9
15
35
8
10
-7
2
10
0
3
27
20
-31
-25
-46
-26
6
-23
-9
22
15
-8
-23
-41
-11
3
53
47
37
-13
-25
4
-10
9
0
41
-10
-28
-26
-49
27
7
-1
24
45
46
19
16
-58
-36
-8
-22
-5
25
30
9
0
-49
-44
15
32
27
26
4
-57
-87
-68
-38
-4
17
-3
7
10
-7
33
-3
-10
1
35
72
36
-1
-41
-38
9
18
-7
57
64
-4
-2
-16
16
43
0
-40
-46
-38
1
29
-8
-12
-12
-23
-4
38
74
48
24
23
-52
-73
-25
-18
-12
-26
-12
18
-3
5
-12
-1
26
48
32
-27
-24
-40
-49
-13
40
44
-10
-7
-24
-28
50
67
38
20
-21
-45
-20
20
3
4
-11
-38
-7
-16
21
29
28
-25
-42
18
-11
7
-11
-56
12
29
-15
-41
-16
-14
-4
92
86
48
31
-26
-78
-39
33
44
59
14
-79
-27
24
80
81
-10
-57
-64
-50
2
83
113
-17
-88
-58
-49
26
50
42
-9
-22
-59
-114
-84
-14
40
52
67
57
12
-18
-38
21
45
59
65
-26
-48
-56
-53
-18
21
26
-11
-26
-47
-17
11
-2
-20
-53
-42
-12
-38
-36
22
39
6
-28
-15
-14
23
28
5
16
-35
-57
-61
-21
39
38
38
21
-24
-65
-37
5
47
86
11
-42
-50
-112
-72
96
164
109
44
-15
-48
14
86
75
126
149
-2
-103
-98
-57
-25
51
76
23
-14
-71
-65
-32
38
91
59
24
-38
-73
-53
-2
56
45
13
7
1
-4
23
58
73
41
42
38
-3
-41
-34
-14
-23
2
12
-38
-65
-44
-49
-27
86
115
24
-43
-13
9
26
81
37
-22
-42
-67
-59
7
6
31
32
-63
-26
2
-25
5
-10
-98
-92
23
35
-39
-17
29
-38
-4
53
-7
-21
28
-6
-36
28
35
-2
-5
25
-16
-19
37
-5
-29
-23
-14
48
53
-35
-63
-21
-44
-35
63
44
-34
-31
-89
-95
22
98
18
-24
4
-73
-59
47
87
64
94
39
-89
-59
22
22
58
92
-1
-59
-73
-96
-40
50
35
17
10
-35
-41
-19
-12
-9
49
35
-82
-71
-7
-26
16
97
28
-64
-34
4
44
77
37
-35
-74
-89
-71
-12
40
78
43
-67
-50
15
-5
75
132
25
-68
-78
-66
-25
61
87
34
-5
-23
-35
-15
51
79
38
4
-65
-95
-39
25
52
40
-26
-70
-35
-36
-2
80
65
-22
-44
-69
-62
42
61
4
-1
-27
-60
-37
-3
23
45
16
-14
-31
-24
13
15
27
18
24
38
-14
-33
22
49
16
13
-9
-54
-12
44
50
34
39
3
-44
-7
27
21
40
61
29
-44
-34
9
-2
41
85
39
-23
-20
-19
-27
18
16
0
14
-11
-20
-4
21
30
18
20
-7
-22
6
22
7
36
33
-52
-42
-17
-59
-21
0
-60
-46
-14
-20
-26
19
26
0
14
-26
-28
16
10
-23
-12
3
-31
-17
16
17
31
41
2
-6
61
34
-22
29
10
-43
12
26
-43
-19
14
-41
-2
41
0
8
29
15
17
39
34
17
12
13
-10
-20
-23
-42
-11
-3
-22
-26
-13
-12
-23
1
24
58
54
9
-7
-8
17
18
-11
-21
-15
-16
-20
-19
-18
1
11
-43
-40
11
17
30
36
16
3
19
10
24
74
24
-17
-32
-60
-18
19
29
14
-32
-75
-75
-6
18
17
36
0
-47
-46
-7
31
43
44
-17
-41
2
8
-1
16
23
-10
5
23
5
44
37
-7
-25
-35
-30
-2
31
18
-3
-20
-34
-25
-18
-19
-25
-18
0
-18
-13
-30
-40
-1
8
12
34
24
-18
-14
-7
-9
18
34
20
-21
-33
-36
-23
44
45
15
3
-26
-36
-30
2
50
40
1
-32
-39
-27
14
31
37
31
-7
-24
-45
-16
31
18
15
9
-19
-22
-11
3
26
50
13
-10
5
1
26
31
21
3
-9
4
-7
-1
10
2
6
-12
-28
-22
-7
11
-2
-16
-8
2
-7
-13
-19
-27
-12
-2
-3
12
6
3
-4
-5
10
10
31
15
0
-10
-29
-5
8
11
-12
-7
0
-33
-19
-10
2
15
9
-11
-18
9
8
17
36
2
-8
-12
-24
-11
5
13
-2
-13
-26
-25
-5
9
17
23
19
-17
-18
-7
-2
35
18
-3
-2
4
-3
-3
15
3
0
1
-15
-7
-3
-10
-9
-12
-6
-15
-9
-12
-4
14
0
7
4
1
8
9
29
15
16
18
2
8
7
22
19
21
26
3
-2
-11
6
21
18
20
-13
-12
7
7
20
2
-12
-9
-12
-18
-13
4
-12
-10
-16
-40
-21
-12
-3
2
-6
-2
-7
-9
2
15
22
29
22
1
-10
6
30
27
34
22
-9
-19
-11
9
12
24
20
-14
-27
-24
-7
4
12
12
-17
-10
-18
-30
-11
4
-7
-18
-19
-34
-27
-12
-12
-9
1
-13
-17
-4
12
21
20
23
2
3
4
0
19
17
15
-4
-4
4
-8
11
15
7
-7
-10
-19
-12
19
-4
-5
1
-15
-21
-23
-8
-12
-10
-6
-17
0
-2
-11
7
16
24
17
14
14
20
29
21
28
22
1
1
4
7
-1
-15
-19
-26
-22
-17
-19
-17
-14
-19
-19
-18
-12
-11
-17
-14
-11
5
8
-2
6
12
12
7
0
5
4
9
3
-8
5
8
-5
1
2
12
16
-1
-4
-6
-2
-2
-1
-8
-21
-22
-29
-14
21
37
31
31
22
-5
3
15
2
-2
-2
-13
-23
-17
-11
-7
4
7
8
16
21
16
17
7
-9
-12
-9
-11
-6
0
-8
-14
-8
-12
-4
13
2
3
4
-8
-10
-12
3
6
9
0
-17
-9
-9
12
1
-11
6
0
-3
-14
-3
10
13
16
2
0
6
8
18
16
10
9
2
8
8
19
20
10
7
-10
-17
-14
-7
-4
-8
-2
-3
-6
3
8
14
15
15
15
10
7
-5
-6
-6
-10
-2
5
2
1
-1
6
6
9
11
3
7
2
0
-4
-13
-7
0
-7
-1
6
-1
0
-4
-11
-11
-3
3
-7
-8
2
-1
-3
-9
-15
-3
3
7
4
0
-2
-11
-11
-11
-4
14
3
-3
-4
-4
5
2
4
4
10
10
-2
6
4
-1
6
-3
-11
-5
-6
-7
-6
3
6
6
8
-3
3
12
8
6
0
-6
-2
-5
-4
2
8
3
-10
-8
2
-1
-4
-9
-10
-8
-11
-12
-9
-8
-8
1
4
-6
-5
-7
-12
1
4
8
13
10
8
-2
5
7
2
5
2
11
14
10
1
-12
-14
-21
-14
-4
-4
-1
-1
2
8
9
19
18
10
2
0
9
8
11
3
-7
-4
-6
-8
-2
10
14
3
-3
-6
-6
1
-6
-10
-8
-5
0
1
5
7
8
2
-2
5
2
-1
-2
0
-1
1
1
-6
-10
3
7
1
-5
-4
-5
-10
-2
2
3
0
-1
-8
-4
9
5
3
1
2
4
1
10
14
11
4
-5
-6
-6
0
5
7
8
8
-1
-5
3
5
-4
-5
-6
-5
-2
2
5
-4
-12
-12
-11
-3
3
11
8
5
4
-8
-8
-2
1
2
0
3
-2
-3
1
-2
4
2
-1
-2
-7
2
-1
0
6
-5
-4
-8
-8
-7
-4
-2
1
6
3
0
-1
2
9
8
0
-2
-9
-5
0
3
11
13
15
8
5
0
2
8
4
0
3
-3
-14
-13
-16
-15
-5
-7
-12
-7
-3
-1
2
3
-8
-12
-6
-6
-2
2
-3
-8
-11
-8
-2
4
4
1
0
1
1
-2
-4
-4
0
0
-6
-9
-6
-6
-7
1
3
8
10
-1
-7
-7
-6
5
7
4
4
-1
1
1
11
22
21
17
9
7
5
-1
-1
4
9
8
0
-2
-1
3
3
2
2
-7
-4
0
-1
1
5
4
3
1
-10
-12
-2
2
-3
3
6
2
4
7
3
5
11
7
8
2
-7
-6
-3
-1
0
-3
-4
-5
-10
-19
-18
-11
-2
1
0
-5
-8
-5
-4
-5
-2
-5
-2
-3
-6
-5
-7
-2
0
-1
-2
-6
-9
-10
-12
-8
-4
2
5
0
-8
-5
1
4
6
6
0
0
3
-1
-2
-2
2
6
5
6
9
13
11
7
10
7
7
13
4
-2
0
-2
0
5
11
10
7
6
5
7
4
2
3
2
1
1
-3
-3
0
3
3
2
1
0
-1
1
-1
0
-3
-3
1
-4
-6
2
-1
-5
-8
-9
-5
1
2
-6
-5
-1
2
0
2
6
3
5
5
3
4
8
6
1
2
-1
-8
1
3
-3
-2
-5
-8
-9
-6
-4
1
1
-6
-1
4
4
3
4
-1
-5
-3
-11
-15
-10
-7
-5
-4
2
3
1
2
1
3
7
4
-1
-3
0
-2
-4
2
0
3
13
11
7
2
5
2
0
-2
-4
-1
-6
-5
1
3
2
-3
3
2
-3
-4
-7
-9
-9
-15
-17
-8
4
4
5
4
6
12
12
16
16
17
17
8
5
8
8
8
10
11
13
9
7
4
1
-2
-7
-6
-4
-4
-12
-15
-12
-9
2
12
14
10
5
0
-4
3
9
14
10
3
-4
-2
2
-3
-3
-3
-8
-3
4
9
12
7
-5
-13
-11
-2
5
8
3
-6
-7
-9
-4
0
0
6
4
-3
-6
-10
-5
0
1
-4
-7
-6
-16
-14
-7
-8
-5
-5
-10
-10
-9
-10
-3
5
1
0
6
9
3
2
2
-1
-1
-3
-6
-1
2
0
4
8
13
16
14
3
-7
-12
-11
-9
-10
-10
-10
-10
-6
-5
-3
1
5
0
-6
-5
-6
-9
-6
-2
0
4
-1
-3
-6
-7
-5
-1
5
2
2
-2
-9
-7
0
9
7
7
1
-4
0
3
1
3
3
-9
-7
-4
-7
-7
-9
-5
1
6
9
7
9
8
5
8
3
4
5
2
10
12
4
2
3
-2
-5
-2
-5
-3
2
1
-4
-6
-4
-1
-1
0
3
6
7
9
5
-2
-8
-9
-3
2
6
8
8
8
8
9
6
7
10
4
3
-3
-5
2
3
1
1
-1
-2
1
6
7
3
2
-1
-3
-1
-4
-6
-6
-2
3
1
-3
-4
0
8
8
5
5
0
-4
-1
4
6
3
-1
-4
-2
-2
-6
-2
4
3
0
-5
-11
-12
-13
-12
-6
-7
-1
2
-2
-3
-8
-8
3
10
11
6
3
-3
0
9
7
5
4
-8
-17
-9
-4
-8
-5
-4
-12
-11
-9
-5
1
-5
-7
0
1
-2
-1
-1
3
8
7
-2
-5
-3
-5
-10
-2
7
14
16
7
0
-3
0
17
22
20
18
10
7
3
2
3
3
-2
0
7
2
-3
-7
-9
-3
2
-1
-3
-3
-5
-4
-7
-14
-11
-2
1
2
6
2
0
-5
-15
-9
-2
-3
-5
-5
-8
-12
-4
2
0
7
8
-1
1
-3
-6
-3
-1
-2
-4
-2
-10
-13
-9
0
7
16
17
16
12
-6
-2
2
-2
-3
-10
-13
-8
-7
-17
-16
6
4
5
13
9
10
11
0
-5
3
-1
-15
-14
-6
3
9
6
3
5
9
7
10
11
6
5
2
-6
-7
-7
-10
-6
-2
-4
-2
4
-5
-10
-3
2
0
0
-5
-5
-1
5
2
-1
6
3
2
3
6
7
8
7
8
12
16
13
0
-4
-2
-2
-2
-2
-6
-4
9
9
-2
-3
-1
6
14
18
13
15
14
7
-2
-9
-6
-9
-1
4
2
2
-5
-2
1
3
5
4
4
-1
-9
-14
-7
-1
4
12
5
-3
-4
-8
-12
-19
-16
-13
-11
-4
-14
-13
-11
-13
-4
2
6
12
14
14
9
4
1
4
8
11
8
13
10
2
2
1
7
6
0
-6
-14
-18
-18
-3
3
3
4
-4
-3
-5
-3
-1
11
8
-15
-8
13
16
5
-4
-14
-11
2
9
9
11
14
2
-2
5
6
-1
-13
-8
0
5
5
-4
-13
-4
11
21
20
10
8
8
3
-2
-5
-5
-2
-1
-8
-14
-10
-3
-8
1
14
13
9
-3
-12
-7
-1
0
0
2
-2
-5
-1
0
3
2
2
4
4
-1
-6
-3
-5
-7
-7
-3
-2
-3
3
4
5
1
3
0
1
5
4
-4
-8
-9
-8
-3
0
2
-1
-1
-1
-4
-3
-1
0
-2
3
2
-5
0
5
1
2
5
6
-1
-10
-6
-4
2
5
2
4
4
6
4
-1
2
5
6
0
0
0
-6
-7
-7
0
7
8
5
2
-2
-6
-6
-7
-7
0
7
8
0
-5
-2
1
4
1
0
3
-5
-2
-3
-2
7
6
5
4
6
4
0
5
-2
-5
-3
-7
-6
-6
-4
-2
2
3
-1
1
1
-3
-6
-1
1
-3
3
0
-1
5
3
7
8
7
9
6
4
-2
-9
-3
-5
0
0
-7
-3
-4
-1
-1
-1
4
1
2
-2
-4
-5
-6
1
3
2
2
-3
-2
-5
-2
4
1
4
4
3
2
0
-1
-1
3
3
4
3
-7
-3
-6
-4
6
5
5
-6
-8
-3
-1
7
4
-1
-1
-2
-2
0
-2
2
4
4
0
-2
-5
-7
-8
-9
0
4
0
-6
-10
-8
-7
-5
-4
-3
5
5
6
11
8
7
2
-3
0
5
3
-2
-2
1
6
5
0
3
0
4
6
1
3
0
-2
-5
-16
-12
-8
-8
-1
-2
5
8
-5
-6
-5
-2
0
0
1
4
1
-5
-6
-5
-4
7
8
8
1
-5
4
-2
8
19
7
6
3
-11
-8
4
6
2
-2
1
2
6
11
3
8
6
1
4
1
-5
-8
-5
-5
7
5
6
6
0
-2
-6
7
8
0
1
-4
5
6
3
0
0
9
3
-3
-8
-12
-8
-6
-10
-3
-6
-5
0
-11
-8
0
-2
0
-7
-8
-12
-16
-3
4
5
12
7
8
3
4
11
6
4
16
28
19
13
4
-12
-1
-6
7
2
-3
6
-5
-4
-6
-9
2
5
3
-6
-12
0
5
6
-5
0
