11
0
6
9
1
-5
-3
-2
-2
-4
-10
-9
-1
3
10
5
4
6
2
3
-4
-2
-4
-9
-3
-7
-9
-7
0
5
8
9
7
8
4
4
1
1
5
9
11
7
1
7
8
6
7
0
-3
-4
-1
2
6
9
9
6
0
0
-2
0
1
0
6
8
3
-4
-5
-7
-5
-2
-1
-3
-10
-13
-15
-10
-7
-5
0
2
-1
1
0
0
6
4
-1
-4
-1
-6
-10
-7
-4
-5
-3
2
1
5
4
-9
-10
-6
-8
-8
-6
-1
1
4
9
9
12
6
2
-1
-4
0
1
1
-3
-1
3
7
11
4
-5
0
11
11
9
8
7
14
10
4
5
8
6
1
2
-1
3
3
-3
-6
-11
-7
-8
-6
-3
0
2
4
6
4
-1
-5
-4
-2
-4
0
4
1
3
-2
-2
3
9
15
13
9
1
-1
-8
-11
-7
-9
0
3
5
2
1
6
0
6
11
0
-9
-10
-12
-11
-6
-1
2
3
1
2
0
-1
5
5
3
5
7
6
2
1
-3
-10
-3
3
2
2
-1
-7
-5
-3
-6
-2
0
1
7
5
4
-4
-2
-8
-15
-11
-11
-7
-6
-6
-8
-6
-2
-6
-4
-5
-10
-5
-3
-2
3
9
9
7
5
-3
-11
-14
-6
-1
-7
-7
-7
-9
-7
-1
3
3
12
12
3
0
-2
2
1
-1
-4
-9
-2
1
0
4
5
3
4
2
11
13
3
3
-4
-6
-5
-1
1
-2
-2
-2
2
4
2
3
0
-1
-2
-2
-5
-9
-8
-8
-5
2
7
9
7
2
2
5
-2
-4
-5
-4
-2
-3
-4
0
4
2
2
1
0
1
0
5
6
9
3
-3
-2
-4
-1
-2
-6
-1
2
6
9
11
7
6
5
2
-5
-12
-3
-4
-6
-6
-4
8
17
16
8
6
12
12
6
-5
-13
-9
-5
-7
-8
-7
0
5
13
10
7
9
8
4
-1
-6
-12
-13
-15
-7
-5
-7
-9
-6
0
4
11
7
3
7
9
4
-11
-2
4
-6
-13
-19
-6
1
5
9
0
-6
-10
-2
11
17
14
2
-5
-3
-6
-6
-4
-1
3
6
-2
-6
-9
-14
0
8
12
3
4
12
-4
-4
0
5
11
1
-7
-9
-7
2
9
14
11
5
0
-7
-9
-6
0
6
4
-6
-10
-6
2
2
2
11
7
2
2
3
4
3
-5
-17
-11
-3
10
19
11
2
-6
-5
1
-3
0
3
3
4
3
-1
-1
-5
-5
7
19
23
9
-3
0
8
5
6
2
5
12
0
-11
-6
1
1
-2
-7
-12
-3
-7
-7
-1
3
8
0
9
13
11
5
-6
-12
-15
-6
0
3
8
7
6
2
1
-1
8
9
-1
-8
-11
-10
-22
-25
-5
2
4
5
12
18
5
-12
1
22
19
-14
-43
-24
1
0
-6
-9
-5
-2
-6
-4
16
18
-5
-21
-13
12
12
-16
-19
-13
0
3
-3
3
9
19
15
4
-7
-2
12
-3
-17
-6
5
14
1
-8
-2
3
1
-11
-3
20
16
-8
-19
2
21
11
-8
-14
-8
-1
-3
-11
-4
5
-1
-19
-25
2
23
7
-6
-8
-15
-14
-12
-5
11
11
2
-10
0
7
3
2
0
1
2
7
2
1
6
5
2
-4
-1
3
-5
-10
-13
-6
4
11
19
19
8
3
4
8
0
-4
-3
-3
-4
-9
-5
5
9
-1
-15
-1
16
16
14
6
2
-6
-13
-11
0
7
2
-6
-4
-6
-10
-13
1
12
-2
-6
-2
1
6
2
1
13
19
10
-1
5
17
11
-8
-12
-6
-3
5
2
0
5
1
-9
-16
-1
14
14
4
-8
-9
-17
-12
-1
5
8
-6
-13
-4
5
10
14
15
9
-1
-4
-3
4
7
5
1
-9
-7
-3
6
8
6
5
-5
-6
-7
-4
5
0
-2
-1
-6
-2
3
10
10
13
11
5
0
-3
5
3
6
16
3
3
-1
-7
-6
-8
-2
-4
-5
-3
-8
-1
-3
4
2
-14
-8
-2
2
3
1
2
-1
-2
-8
-5
9
18
4
-13
-2
5
2
11
7
5
6
-9
-8
2
9
10
-2
-5
-6
-2
1
-1
0
-7
-9
-3
-3
2
4
-6
-18
-12
-1
7
13
13
11
0
-2
-3
6
16
10
2
-13
-16
-10
-12
-10
1
14
9
-4
4
4
7
-1
-10
-2
-6
-14
-15
-10
0
2
-6
-3
4
1
-1
-3
3
-1
-12
-11
-5
9
6
-4
-6
-2
9
9
11
14
3
0
-11
-12
0
8
13
9
4
-7
-10
-5
-5
-3
-1
0
-5
-5
3
5
10
-3
-14
-13
-6
0
0
2
-1
-7
-13
-11
0
9
8
7
14
6
6
9
0
-3
-5
-8
-13
-8
2
-5
-2
-1
0
5
3
-1
-4
-2
-3
-2
4
3
3
-4
-7
-1
1
10
8
5
8
2
-6
-15
-8
1
9
5
-1
-2
-3
0
-3
-3
3
1
7
7
3
1
-3
-8
-9
-2
2
2
-4
-10
-2
0
3
14
8
11
11
-2
-2
1
13
12
5
4
-4
-6
-3
-2
-2
1
13
3
-10
-6
-6
-7
-6
1
12
7
4
-4
-9
-2
1
0
-2
0
1
4
3
6
3
-4
-3
-4
-1
6
-1
-2
-5
-7
-2
5
4
5
10
1
1
12
8
8
0
-5
1
-7
-6
-2
-1
-6
-6
-3
1
5
3
1
2
0
1
1
0
3
5
-3
-8
0
7
8
5
2
-1
-1
-1
-7
-7
0
-2
1
3
-6
-3
-1
2
1
-1
3
-2
-5
-7
-9
-2
14
18
2
-6
1
5
6
2
0
-1
2
2
-9
-2
5
3
-1
-7
2
-1
-6
-5
-10
-9
-5
-6
-7
-3
-7
-5
-7
-6
3
-1
-6
6
12
16
13
6
2
-5
1
1
2
5
4
8
2
1
4
-6
0
-1
-9
-8
-7
-7
-12
-3
-1
-2
4
9
7
6
6
-2
-2
-3
-1
3
4
10
9
7
6
1
0
0
-5
-6
-9
-5
-2
-4
5
7
6
2
-2
1
-3
-4
-1
-2
4
6
7
9
7
4
0
-6
-7
-1
1
-1
1
-1
0
-3
-4
-3
2
3
2
9
2
2
1
0
6
3
-1
-9
-10
-9
-9
-2
-1
10
20
6
4
0
-2
4
-4
-12
-14
-16
-11
-12
-10
-7
-13
-11
-6
7
3
-1
-3
-12
3
11
5
15
10
2
-3
-3
-1
-7
-5
1
-1
3
1
-3
9
12
8
6
5
7
1
-3
1
-1
-3
-3
-3
1
-7
-14
-9
-6
-3
5
0
-6
-4
-2
-3
-7
-12
-5
-1
2
9
7
12
5
3
0
-4
-4
-6
5
1
4
6
0
2
-6
-5
-2
-2
4
-3
1
-6
-6
-4
-9
7
3
-2
-4
-7
12
19
26
21
11
10
-2
0
8
12
13
10
3
-6
-4
-2
7
10
11
8
-1
-3
-2
1
2
4
-5
-9
-8
-7
1
12
11
0
-1
-3
-1
3
1
4
2
0
-6
-4
5
-3
1
-4
-12
1
5
5
5
1
-3
-4
0
1
3
7
6
-3
-15
-16
-5
7
4
-1
-2
-15
-13
-6
-11
-3
0
-7
-4
-2
8
11
8
9
-3
-4
-3
-9
-8
-9
-4
4
2
4
13
7
3
10
-2
-8
-3
-7
-9
-2
-1
-7
-9
-2
-3
3
6
5
-1
-1
1
-5
-6
-13
-4
-1
-2
1
-3
-3
1
-2
-1
0
2
11
1
2
2
-6
-5
-5
-2
3
7
4
4
8
3
-4
-9
-4
-1
1
6
-2
-5
-2
-4
-3
-2
1
-1
-2
-2
-5
7
10
8
6
-3
-7
-5
-7
-4
6
1
-6
-7
-3
-1
1
6
1
0
9
-4
-8
-9
-8
-4
-8
-3
-1
2
6
8
10
9
10
5
4
8
5
4
-3
-1
-2
-2
0
-4
-2
-1
6
3
-1
7
1
0
-1
4
7
2
1
4
1
3
5
-3
-2
3
4
4
6
8
7
2
-3
-9
-17
-9
-2
2
10
7
5
5
-2
-5
-9
-3
0
-6
-5
-9
-3
-2
-5
-8
-6
-4
-9
-4
-2
-3
-3
-4
0
1
4
1
0
1
5
15
11
5
-4
-8
-3
-2
2
9
7
8
11
7
5
4
6
2
-2
-1
-6
-4
4
6
4
-3
-4
-3
0
12
13
7
7
-3
-16
-11
-8
-7
7
6
1
0
-8
-3
4
3
2
4
5
0
2
0
-4
0
3
-2
-2
-2
-6
-5
-9
-12
-2
2
7
13
4
5
-1
-4
1
1
11
7
8
3
-11
1
2
0
6
-3
-10
-5
4
10
13
5
-6
-5
-3
-3
-1
2
3
3
7
0
-6
8
8
5
2
-8
-6
-3
-5
-12
-7
-5
-7
4
6
6
14
3
-6
1
0
7
13
4
-1
0
-3
-1
-2
0
3
4
4
-2
-8
-2
-1
-7
-11
-14
-2
1
4
4
-5
0
3
1
2
4
9
5
1
-5
-14
-15
-15
-7
0
0
5
5
-3
6
1
-4
2
-1
3
-1
-4
-3
-6
-1
-2
3
8
13
14
10
6
1
2
-5
-1
5
-6
-6
-6
-11
-2
-2
0
2
4
16
14
5
-5
-13
-15
-20
-14
-12
-3
0
-2
8
2
5
10
-2
3
5
0
-5
-13
-15
-14
-12
-11
-5
6
13
17
11
2
-2
-2
6
8
5
4
0
-3
-11
-14
-11
-1
12
10
12
14
11
0
-11
-11
-7
14
14
8
9
-3
2
0
-1
6
3
3
2
2
-6
-14
-13
-7
-3
2
8
-1
-3
-4
0
4
-7
0
-3
-10
-2
-8
-4
2
5
5
3
-2
-5
-6
-12
-3
2
0
6
3
0
4
5
7
4
4
2
-8
-6
-12
-14
-7
-9
-1
-2
-5
1
3
13
11
12
12
12
15
2
-2
-8
-12
-10
-7
-6
-2
3
-1
-3
1
9
8
5
6
-5
-9
-9
-6
1
3
-1
-4
2
-2
-4
1
6
7
8
8
-2
-1
-7
-15
-1
2
-1
-7
-4
1
-2
-4
-5
-1
1
1
4
-2
-10
-12
-12
-3
1
10
9
2
3
-5
-5
3
7
8
8
6
-8
-9
-5
-7
-6
-5
-5
-3
-1
-4
0
-6
-7
-2
-6
-3
7
0
-10
-13
-12
-15
-20
-6
-2
-2
15
13
11
17
15
16
16
12
9
10
10
4
-2
-5
5
6
3
4
3
10
7
5
10
10
10
-2
-8
-6
-5
-4
-1
8
8
3
1
-6
-3
-1
1
3
0
8
10
8
5
2
-4
-6
-1
5
9
5
3
2
-1
0
-5
-5
0
-3
-4
-7
-8
-3
-1
-1
-5
-1
-4
-4
3
2
-2
1
8
6
-4
-8
-8
-3
-6
-5
1
0
6
3
-2
5
6
6
0
-3
-8
-10
-11
-15
-14
-9
-2
-5
-5
4
1
-1
-3
-7
-4
-2
5
3
-5
0
-4
-5
10
7
5
7
3
-2
1
4
8
7
6
10
9
3
6
3
1
7
6
1
0
4
-5
-11
-2
0
2
7
6
2
-1
0
-4
-3
-3
-1
9
4
7
5
-3
0
1
0
-1
-2
1
-7
-9
2
4
5
11
2
0
4
-1
0
2
8
8
1
-1
-1
-1
1
-3
-4
-1
-8
-7
-2
-2
-2
-2
0
0
-2
1
-4
-5
-5
-4
-8
-9
0
5
3
-1
-5
2
7
8
9
-3
-4
-5
-10
-7
-4
1
-2
2
1
0
7
13
9
3
8
6
0
-3
-7
-6
-4
-1
-4
-8
2
4
5
10
13
11
9
5
0
-2
-5
-8
-6
-2
-1
6
5
5
3
2
1
-3
-2
-6
-6
2
-6
-7
-2
1
3
6
8
7
4
6
3
0
6
3
-5
-8
-10
-6
-5
-5
-3
3
5
2
4
3
2
0
-2
2
4
3
1
-5
-5
-4
-4
3
1
0
-1
-1
-4
-7
-4
-5
-7
-5
-4
-6
-4
2
5
0
-1
3
-1
-4
1
2
-1
-5
-7
-14
-5
-3
-4
2
1
5
8
10
9
7
-1
-8
-3
-4
-5
-12
-11
-8
-6
3
1
-1
-2
-1
-1
3
1
-6
-13
-13
-9
-9
-9
-16
-26
-30
-33
-22
-18
-15
-11
-6
-1
-4
2
1
15
33
30
28
24
29
30
31
22
17
15
6
11
9
13
12
5
6
3
3
1
3
6
3
9
9
9
6
1
1
-6
-5
-8
-16
-12
-14
-13
-7
-5
1
0
3
1
0
7
-1
-4
-1
3
6
-3
1
1
0
2
1
0
-5
-2
-5
-7
-6
-7
-6
-3
2
3
-1
0
-1
-4
1
5
7
4
-1
-6
-5
-3
-3
-3
-7
-4
1
-4
-2
-1
-8
-2
1
7
8
10
12
8
12
4
-6
-8
-6
-8
-9
-7
-10
-9
-11
-13
-10
-8
-7
-8
-1
4
4
-3
-15
-17
-14
-3
6
12
13
2
1
5
0
5
10
6
3
9
7
6
10
14
14
11
12
5
-3
5
3
-5
-2
-7
-14
-18
-11
-15
-20
-9
-14
-12
-16
-14
-4
-7
-7
-7
0
4
10
10
-2
-4
-3
-7
-8
0
3
2
7
10
11
11
17
18
15
18
18
18
13
7
3
5
5
0
-3
-6
-2
-2
-5
-3
1
1
1
1
0
5
11
12
11
10
7
6
10
4
0
0
1
5
4
1
-6
-5
-4
-4
-2
-1
1
6
2
-3
-4
-6
-7
-3
-6
-12
-4
-1
-3
1
3
8
12
9
0
-2
-1
-1
2
1
-1
-5
-13
-13
-10
-6
-1
6
13
12
14
17
13
7
7
6
2
-6
-10
-16
-21
-21
-15
-11
-6
-4
-8
-8
-3
4
8
7
3
-4
-12
-18
-16
-9
-9
-2
-1
0
-2
-1
7
4
2
-2
-2
2
0
3
5
3
5
10
5
0
0
-10
-10
-14
-12
-9
-16
-13
-16
-11
-7
1
11
5
9
7
2
3
-1
-3
-2
2
1
5
7
14
15
10
13
19
22
14
-1
-7
-9
-10
-8
-7
-3
6
4
1
1
3
7
2
2
3
-2
-8
-8
-8
-13
-5
3
4
14
6
-3
-2
8
11
5
3
-2
1
1
0
5
5
6
9
7
3
2
1
-4
1
11
9
8
6
-3
-6
-5
-1
3
0
0
-5
-5
-2
-4
-1
-1
0
7
7
6
2
-3
-6
-10
-8
-4
-9
-12
-13
-6
0
6
6
0
5
1
-5
-6
-7
2
5
6
0
-1
2
1
0
-5
-7
-6
-11
-16
-15
-12
-6
0
-4
-5
6
5
1
-1
1
6
5
8
5
4
4
-2
0
2
7
10
7
8
6
2
-1
-6
-8
-2
-1
2
-1
-3
-1
-5
-6
-2
0
4
2
2
-2
-3
0
1
5
5
1
0
-3
-5
-4
-1
1
4
4
4
3
2
5
3
-2
-3
1
2
4
4
3
0
-4
-3
3
5
3
7
3
-2
-2
-3
-3
-5
-9
-10
-10
-7
-2
1
2
5
6
3
6
5
4
4
2
1
-2
-8
-4
-4
-4
2
4
5
10
14
13
5
3
-2
-15
-16
-11
-17
-15
-6
6
19
21
18
17
13
8
10
11
5
-3
-6
-14
-17
-18
-12
-6
0
2
3
4
7
1
-3
-1
-1
-2
-5
-3
-3
1
8
9
14
12
6
2
-5
-2
-3
-5
-6
-5
-3
-3
2
5
9
11
10
1
-1
0
-3
-9
-17
-16
-11
-10
-8
0
8
3
2
-1
-2
-1
2
1
-4
-1
1
-1
3
5
4
3
3
-2
-4
-1
4
6
-2
-2
-1
4
10
10
8
9
10
5
-7
-12
-12
-13
-13
-11
-8
-3
5
5
1
3
7
9
11
11
5
2
-5
-8
-10
-10
-6
-2
-1
0
6
10
11
5
1
-1
-1
-2
-9
-15
-13
-5
-3
-5
-1
3
5
7
10
11
8
3
-2
-6
-8
-6
-4
-6
-5
1
3
3
1
0
-1
0
-2
0
5
6
9
8
6
9
10
9
6
12
12
8
4
-2
-3
-3
1
2
-1
4
4
3
-2
-4
-5
-7
-8
-8
-6
-3
2
1
-2
0
2
4
3
3
5
2
3
2
2
0
-2
-1
-2
-5
-3
-2
-3
-2
-2
3
3
2
-1
-4
-2
-8
-15
-19
-23
-19
-12
-10
-8
0
2
7
12
13
8
5
1
-6
-3
3
11
14
11
11
11
8
3
0
-1
-1
-1
-3
-9
-8
-5
-2
1
0
1
2
-4
-4
-4
-12
-10
-7
-5
-6
-6
-2
-2
1
5
4
3
-4
-8
-10
-6
-3
1
6
6
7
4
10
16
17
11
3
1
-5
-5
-11
-9
-6
-3
6
7
6
8
6
2
-5
-10
-10
-12
-14
-14
-11
-7
3
6
7
12
15
16
10
0
-5
-3
-8
-12
-13
-13
-7
-4
-1
1
9
10
9
9
6
2
2
2
-5
-5
-3
-5
-5
-5
0
7
5
0
3
7
10
10
7
2
2
-2
-6
-4
-2
-2
1
-4
-9
-4
3
8
10
10
7
0
-4
-6
-9
-10
-13
-12
-6
0
7
8
5
3
2
3
-2
0
-2
-6
-10
-14
-15
-13
-7
-5
-4
1
6
9
8
5
2
-2
-4
1
-1
-4
-2
-2
-6
-8
-4
-5
0
1
0
-3
-4
0
2
4
6
4
3
-2
-1
2
0
0
5
4
-4
-2
-2
-2
2
8
7
9
7
-4
-3
-1
-2
-7
-9
-4
1
6
3
1
9
14
8
-2
-3
-4
-1
4
3
2
2
0
-2
-1
1
-1
3
3
3
-1
-4
-5
-2
2
3
7
9
4
1
-1
-5
-4
-1
-1
-1
3
7
3
-3
-11
-14
-10
-3
7
14
12
5
3
1
3
9
6
6
-1
-5
-6
-9
-7
-3
4
9
5
3
4
1
1
4
8
8
9
11
2
-7
-8
-10
-6
-2
2
0
-2
-2
-3
-2
0
3
0
1
0
-2
1
1
-1
0
2
4
2
3
-2
3
6
5
8
4
0
-1
-5
-4
-2
3
7
5
3
0
0
2
1
-1
-5
-3
-5
-7
-6
-8
0
1
-4
-8
-9
-9
-9
-8
-4
0
2
2
2
5
10
8
4
1
0
0
-4
-5
-5
-8
-5
-3
-2
4
6
8
11
15
16
11
7
4
-1
-4
-4
-1
-6
-15
-14
-4
4
6
4
-1
-8
-4
6
11
11
10
5
-2
1
-6
-11
-9
-11
-4
-2
-4
-6
-6
-3
-3
-4
-8
-10
-11
-12
-8
-7
-7
0
5
5
7
9
9
7
7
8
8
1
-3
-4
-5
1
1
-1
-2
-2
-3
0
3
4
3
4
7
3
0
2
2
4
3
3
8
8
5
-1
-3
-5
-9
-12
-12
-8
-6
-2
3
8
10
14
7
1
6
0
-3
-3
-6
-4
-2
-2
-1
0
3
1
-7
-2
2
2
4
3
-2
-5
-2
-4
-3
3
0
-5
-4
-4
-7
-2
0
-1
-3
-3
-1
-1
1
7
1
-4
-6
-12
-11
-13
-6
1
3
5
2
-2
2
6
9
10
6
1
-1
-3
-7
-9
-6
-6
-6
-10
-4
0
1
8
8
5
0
-5
-5
-6
-3
3
7
5
3
8
9
12
15
13
14
9
-1
-1
-5
-7
-7
-6
0
0
2
4
2
1
4
3
-3
-3
-5
-3
-1
-3
2
-1
3
4
6
8
8
10
5
1
1
-2
0
0
0
0
-6
-8
-9
-8
-1
10
13
19
15
6
3
-2
1
0
-4
-1
-2
-4
-9
-13
-8
-7
2
5
6
8
5
8
1
1
-4
-6
-2
-9
-2
1
0
4
0
0
3
5
3
0
-1
-4
-2
-6
-13
-13
-5
0
2
5
0
-5
-1
2
4
6
9
0
-7
-9
-9
-9
-8
-8
-4
-3
7
9
3
5
10
10
5
5
6
5
2
-2
-8
-12
-4
-2
-6
-3
-2
-5
1
3
0
-2
-1
1
-4
-5
-3
-7
-7
-4
1
1
6
9
8
12
8
8
6
0
-5
-13
-10
-13
-9
-8
-4
8
11
9
4
4
-1
-2
-3
-4
-3
-4
0
-4
-4
1
-1
2
5
10
5
-1
-4
-13
-5
1
-1
8
8
8
4
-4
-7
-15
-8
-2
-1
-2
-8
-5
-5
-3
-1
-6
3
2
0
1
-3
-7
-15
-8
-4
1
8
11
14
15
12
3
2
-1
0
2
-3
1
0
1
2
1
2
3
3
4
0
-4
-13
-11
-5
-5
-2
-1
0
-1
-2
-1
-1
-4
-8
-9
-11
-12
-10
-5
-2
5
10
11
9
10
8
-1
-6
-2
-6
-10
-5
0
0
2
4
-2
0
-2
-3
-6
-5
3
0
-2
-6
1
5
6
16
15
13
6
3
3
1
3
1
-4
-4
-4
1
7
7
11
6
0
0
0
0
0
2
1
3
8
10
10
7
9
4
7
2
0
2
1
2
3
12
6
-3
-2
-8
-11
-5
-2
-1
-3
-3
-3
-5
-2
3
10
12
5
3
0
-1
-4
-9
-9
-12
-11
-9
-9
-8
-6
-4
-1
3
4
6
5
5
2
2
0
-1
3
-1
1
2
4
-2
-1
-2
-8
-2
4
0
-13
-13
-12
-4
2
0
4
2
0
-5
-7
-3
0
6
2
0
8
7
-2
-3
-6
-3
-1
-7
-6
-5
2
9
4
6
7
4
-1
-5
-10
-6
-2
-6
-4
-2
2
7
11
10
9
4
2
7
4
1
-3
-6
-1
-1
3
10
6
6
6
7
6
7
4
-7
-8
-9
-4
-3
-2
2
-4
4
9
7
-3
0
5
0
0
-7
-4
5
1
-1
-3
-1
1
3
7
5
7
4
9
12
3
1
-1
-4
-10
-9
-7
-11
-11
-9
-6
1
3
-1
-3
-1
-4
-7
-5
-2
-4
-7
-2
1
2
1
5
7
7
5
1
-1
-10
-8
-5
-12
-7
-2
-2
-1
4
4
1
9
2
-3
6
7
11
10
5
1
4
4
-1
3
-3
4
5
4
7
-1
-1
-3
-3
5
10
7
-1
-3
3
4
1
-5
-6
-5
-9
0
-8
-11
1
4
5
1
5
5
0
1
0
2
-2
-2
-1
0
5
4
-4
-11
-3
1
-1
-1
-3
-8
3
13
4
4
1
-1
-1
-3
3
2
3
-1
-6
-1
-3
3
1
-3
-2
-5
-5
-3
1
0
0
3
-4
-3
0
-4
-2
3
0
1
3
2
1
-2
-3
-6
-3
2
7
-1
-3
2
0
3
1
-1
2
-1
-1
0
1
2
2
-4
-6
-6
-12
-7
-5
-4
4
2
3
4
-2
2
0
0
-1
1
-3
-5
-1
-2
-3
0
-2
0
7
10
8
5
4
-4
-3
-2
-10
-3
-5
-9
-4
-1
4
2
-6
-8
-9
0
-2
2
9
0
4
3
8
4
3
8
-2
2
1
-4
-6
-6
-3
-1
-1
-2
-2
2
0
1
5
0
1
0
-2
1
-1
-4
-4
2
-1
2
6
5
4
1
7
1
0
7
-1
3
4
-4
-2
-3
-1
1
-2
-2
-3
-4
0
2
7
3
6
10
3
6
5
5
0
4
3
-7
1
0
-5
-3
-1
0
3
7
2
-3
0
1
-1
1
3
1
2
0
5
-1
-8
-4
-1
-6
-4
-2
-7
-3
0
1
5
4
4
6
9
12
11
0
-4
-5
-8
-5
-3
0
-3
0
1
-1
-6
-8
-3
-10
-6
2
3
1
2
2
0
10
8
5
3
-4
-1
-5
-5
0
2
4
0
0
1
-1
-5
-5
-1
0
1
-5
-6
-6
-14
-11
-9
-1
7
2
4
3
5
5
8
3
3
4
-2
7
8
5
3
1
5
6
12
11
3
0
2
0
0
4
-2
2
3
-1
1
-6
-3
-1
-2
-3
-4
-8
-11
0
2
4
4
-1
2
-3
-3
2
-4
-2
2
-3
2
0
-4
-5
-7
-3
-4
-3
2
5
3
2
-1
-5
-2
3
3
1
0
3
3
3
-3
-6
-6
-5
2
-2
0
0
3
4
3
5
-4
-6
-8
-3
4
1
2
-2
-3
4
3
9
7
-1
-1
-8
-5
-2
-5
-1
-3
-2
2
1
-3
-1
8
4
4
1
-11
-9
-8
-9
-7
-7
-1
-4
-1
1
-5
1
2
3
-1
1
5
3
-1
-6
-6
3
7
6
6
5
8
5
-2
1
5
6
4
3
-3
8
11
1
-2
-1
5
5
0
-5
-3
-1
-1
2
-4
-10
-7
-11
-9
-1
-4
-7
-5
-9
-7
1
-3
0
2
-3
4
2
-9
-2
4
10
7
0
-1
-7
3
-1
-2
2
-2
9
6
-2
4
2
0
2
8
7
-1
8
5
-2
-1
-5
1
2
5
3
-5
-4
-1
2
5
9
5
-1
1
-3
-7
-1
-1
1
4
0
3
-2
-2
-3
-1
-2
-10
-9
-5
0
4
-1
-1
-2
0
4
-1
2
0
0
-2
-4
-1
-7
0
6
-4
1
-2
-3
-2
-3
4
7
9
5
2
1
6
11
6
7
9
10
7
0
1
-3
-3
-2
-7
-1
-1
5
7
-3
2
2
1
2
-8
-9
-3
-3
-9
-3
0
0
-2
-6
-7
2
6
-1
-7
-7
-2
0
3
-4
-3
-3
-2
2
-7
-1
-1
-5
-3
-6
-4
-5
-4
-4
-5
1
0
-1
1
5
7
9
9
5
8
7
2
-1
1
0
4
3
2
6
3
2
-2
1
2
3
8
6
6
-3
-2
-3
-4
0
-1
-4
-5
2
1
1
6
4
-1
-5
-5
-7
-5
2
3
0
2
-3
-6
3
1
-2
1
6
3
6
10
4
4
3
0
-3
-5
-2
-2
-2
0
4
9
6
7
5
-1
2
2
-4
-9
-4
-2
-5
1
-5
-6
-1
0
4
-2
6
6
1
6
5
8
7
9
3
4
8
0
-7
-7
-3
-5
-7
-1
-1
4
11
0
-6
-5
-3
2
5
4
-1
-2
-3
-6
-3
-3
-6
-4
-8
-13
-8
-3
1
-2
-2
-4
-3
2
3
3
5
2
-3
-4
-1
0
0
-5
-4
1
-2
4
3
1
4
3
6
6
1
0
-2
-3
-1
3
-1
1
-1
-1
2
-4
-6
0
1
0
3
-4
-9
-7
-6
-1
-3
-4
-6
-6
-1
12
13
4
5
-2
-1
-1
-6
2
-2
-1
-4
-10
-9
-3
1
2
7
-3
-8
-4
-3
0
1
-1
-2
2
1
-5
-4
2
3
5
3
4
8
9
8
-2
-4
-3
-8
-3
-5
-6
-4
-4
-3
1
3
6
10
9
4
1
3
2
4
3
4
7
-2
-2
0
3
3
4
6
3
4
3
-2
0
1
-1
-6
-4
-3
-3
0
-3
-1
3
7
9
9
8
4
1
0
-6
-9
-8
-8
-7
-6
-3
-2
-3
1
4
8
2
-1
4
3
3
8
6
-3
-8
-8
-10
-5
8
5
3
4
3
3
4
-4
-14
-12
-10
-11
-10
-9
-3
4
6
4
1
-2
-6
-4
-2
-3
-5
-9
-6
-6
-7
0
-2
2
9
7
5
2
4
2
7
4
1
7
3
-2
-1
3
2
2
2
-2
1
1
-1
3
2
2
-1
-3
4
7
2
-1
-5
0
4
8
8
7
7
-2
0
-2
-2
7
9
6
0
-3
-3
-3
-1
0
2
3
-1
-4
-6
-10
-8
-5
-2
-2
-2
4
1
-2
0
4
0
0
5
-2
-2
0
4
5
2
-1
-11
-8
4
3
7
-3
-7
-10
-11
-4
-6
-4
0
0
-3
0
2
1
2
4
2
-1
-1
5
6
-1
-2
-2
1
13
4
-7
-4
-3
0
3
3
0
0
3
3
2
5
5
3
6
3
0
2
0
-3
-5
-2
1
1
6
5
3
0
1
0
-2
4
7
4
2
5
-5
-11
-1
3
4
3
5
3
1
4
-1
0
4
6
3
-9
-6
-1
-1
-2
0
-1
-3
1
1
1
2
4
3
3
8
3
-4
-6
-6
-3
-2
1
0
-4
3
2
1
4
0
-6
-2
-3
-6
-1
-3
-2
7
2
-5
1
0
-1
2
-2
-4
-7
-9
-9
-4
-5
-10
-2
-3
0
2
-1
1
3
5
3
3
-2
-5
-6
-6
-2
-5
-3
-5
-6
-2
-1
3
3
7
8
-1
6
5
-2
-2
-3
1
4
3
2
7
10
7
5
6
5
6
2
-3
2
6
2
-10
-8
-4
-1
3
5
2
-3
0
-1
5
10
4
1
4
4
6
4
1
-6
-4
-2
-5
2
-2
-5
-1
-1
-4
-5
3
6
3
9
6
2
1
-7
-5
0
4
9
-2
-3
-3
-7
-3
-2
2
3
0
-7
-8
-1
2
7
-1
-7
1
-4
0
-5
-2
4
4
9
4
4
-4
-4
0
-9
-4
0
-4
-6
-2
0
1
6
12
18
14
8
3
-11
-12
-10
-6
-7
-4
3
2
6
10
7
2
7
3
-2
6
3
-9
-16
-14
-4
1
5
5
9
12
12
9
-1
-6
-7
-9
-8
-8
0
9
3
-5
-15
-15
-7
-1
2
-2
-6
-7
-10
-9
-5
-2
-2
-6
-7
-6
-4
5
10
7
-2
-2
-3
-5
-4
-1
3
4
6
1
-7
-3
-2
2
10
6
4
4
-2
-3
-1
0
3
11
0
-6
3
-2
1
-1
-1
-1
-5
-1
-7
2
5
-2
-5
-11
-4
0
12
8
-1
3
-8
-9
1
4
5
2
0
-8
-6
0
-2
5
9
13
0
-12
-7
-6
0
3
4
0
-4
2
3
1
9
15
8
1
1
1
3
5
6
5
-2
-3
0
1
4
6
1
-2
-2
-1
-1
6
10
2
0
-3
2
-2
-3
5
-4
-8
-9
-4
-1
2
6
6
2
2
-1
-4
4
3
0
-1
-1
0
-2
-2
-6
-6
-7
-6
1
-5
0
2
6
4
-3
-2
-5
3
2
1
-1
-3
-2
-4
3
1
0
2
2
3
-2
9
1
-3
1
-7
-5
-3
-6
-2
6
8
7
3
2
-2
-2
5
6
7
2
-4
-5
-4
-4
-2
-4
-12
-14
-12
-7
-3
4
14
16
7
3
-5
-13
-7
1
-1
-2
-2
-13
-10
1
-1
3
13
9
5
7
3
-1
-3
-10
-9
-2
2
8
10
5
8
10
8
2
2
1
-6
-5
-9
-7
2
6
9
5
7
7
3
0
3
0
-4
-7
-8
2
-5
-6
0
2
7
6
11
8
6
0
-8
-5
-9
-6
-4
-5
6
4
0
7
1
-6
-14
-10
-8
-12
-5
-6
-3
-5
-3
-4
1
16
7
5
6
11
15
11
19
13
4
1
-13
-15
-10
4
7
9
12
4
4
2
2
7
-1
-6
-15
-15
-4
-8
-6
-5
-2
6
15
21
18
11
6
-4
-9
-7
-15
-19
-16
-13
-5
4
6
8
10
6
8
1
-2
-1
-3
-4
-2
-1
-11
-9
-1
-8
1
10
16
15
12
6
-9
-8
-6
-7
0
-1
-5
-6
-5
4
4
6
10
2
-3
-6
-5
-5
0
7
9
12
11
8
6
-4
-4
-3
-5
0
0
0
2
-1
-6
-7
-5
0
0
-5
-6
-12
-15
-14
-13
-7
0
10
12
6
8
8
10
10
0
-2
-11
-8
-5
-10
0
2
-1
-1
1
-5
-3
5
5
8
12
7
-6
-3
-5
-8
8
14
3
0
-3
-8
-2
0
-2
-2
2
12
9
4
4
3
0
4
3
1
4
2
3
-1
4
8
8
5
-6
-13
-10
-13
-9
-2
2
2
3
3
-5
-1
3
-5
-1
3
1
-2
-3
-4
-10
-5
-5
-4
-1
-2
-3
6
6
-4
6
6
2
11
5
1
2
-1
-5
-2
1
-2
0
1
3
8
12
7
10
5
-9
-10
-18
-14
-5
1
4
-2
-5
0
1
2
-2
4
4
-2
-1
-12
-12
-9
-1
5
0
3
5
5
-3
-7
0
2
7
9
0
-5
-5
-2
-2
-1
-1
2
0
2
3
-5
-2
-1
-4
-5
-10
-5
-1
5
11
8
4
0
-2
-6
-5
-1
2
8
6
2
-4
-1
0
-5
3
3
9
5
-8
-7
-6
-2
-1
2
-3
-7
0
-4
2
1
-2
3
0
5
1
-7
-6
-8
-1
-2
-2
6
10
13
3
1
2
1
1
-9
-8
-3
-1
-4
-7
-1
7
3
0
-6
-6
2
4
0
1
4
3
3
1
-4
8
17
16
8
3
2
-5
-4
-6
-7
-1
0
-6
-19
-15
0
6
21
18
15
16
7
5
-4
-8
-8
-17
-15
-14
-5
1
0
-2
-5
-1
-5
-9
-3
-9
-8
-1
0
-3
-1
10
8
11
10
6
9
5
11
9
2
-3
-12
-19
-17
-8
0
-4
-8
-7
-4
-5
-1
5
6
8
4
-8
-6
-5
-4
-8
-9
2
2
1
-2
-3
-2
-3
0
3
7
8
0
6
14
16
18
12
11
15
11
8
4
-2
2
-3
1
2
-1
5
-2
-1
-3
-7
-3
-6
-9
-10
-4
0
6
12
12
10
0
1
6
0
3
9
9
6
1
-8
-19
-15
-9
-8
-2
-1
2
-7
-5
3
2
13
7
-1
-5
-7
-5
-4
3
5
8
5
-4
2
1
1
-1
-7
-8
-10
-3
-11
-11
0
5
8
4
2
6
10
11
5
3
4
-3
-7
-7
-8
-10
-12
-7
-4
3
8
4
6
7
7
2
-2
2
5
2
-5
-7
-8
-13
-11
-9
-6
5
5
0
-9
-10
-7
0
7
-7
-12
-14
-7
2
4
3
-2
-1
-3
-5
-1
8
10
8
9
6
2
2
2
0
-4
-9
-7
-15
-6
0
1
9
7
14
10
5
2
-3
-3
-11
-7
-1
3
2
-1
7
7
10
6
-5
-3
5
5
-4
-2
-1
4
20
15
13
19
10
-6
-14
-15
-8
-5
0
-2
-4
3
5
-4
3
7
-2
1
0
-7
-6
-6
-5
1
6
11
6
3
4
-6
-2
4
0
1
-1
-6
-5
2
-3
-3
-2
-1
2
1
0
-2
-7
-10
-13
-15
-7
-3
5
9
7
-1
-2
2
1
3
-1
-1
-8
-8
2
5
11
7
1
9
10
9
10
6
-3
-10
-6
-15
-7
-9
-4
13
18
15
16
10
5
8
2
-5
-1
-10
-8
4
1
0
0
4
6
7
5
-4
-2
-1
-6
-9
-21
-19
-10
2
3
15
20
10
11
-2
-12
-7
-9
-11
-6
-1
-17
-14
-8
-3
11
8
7
4
3
2
0
4
3
-4
-10
-13
-13
-11
-14
-3
9
3
8
9
5
6
8
5
-6
-9
-10
-12
-9
-17
-19
-12
-8
-2
5
10
12
12
-2
-7
0
-5
-12
-10
-14
-5
2
0
-1
0
7
10
4
3
-6
-9
-8
-10
-9
2
15
11
8
-1
-4
2
0
7
5
-1
-10
-18
-7
-2
8
7
5
8
8
14
1
-7
2
4
5
12
12
2
3
-7
-8
-6
-3
0
-2
1
-16
-12
-7
-2
12
26
17
0
-4
-7
19
12
-7
-1
-5
20
14
-3
-8
-6
3
-1
2
1
15
6
-10
-14
-14
11
13
1
-4
6
15
-5
2
21
26
40
20
16
14
4
12
14
16
3
5
7
-7
-3
1
-9
-3
6
-5
-5
-3
-9
-8
-5
-5
-3
3
-3
-2
6
7
4
-1
1
-4
-10
-6
-5
3
7
9
12
5
6
7
2
1
-3
2
-1
-1
0
-9
-8
-3
10
8
0
-6
-20
-16
-14
-19
-14
-13
-5
-4
1
3
13
25
14
9
5
-4
-2
-3
2
3
0
1
-5
-7
3
-1
-4
-6
-9
-8
-9
-8
-6
-8
-9
-5
6
15
9
9
6
-2
-2
-11
-16
-9
-8
-14
-7
-7
-10
4
1
-3
2
8
9
7
3
-9
-11
-1
-3
3
-6
-4
5
-5
-5
-1
-2
-5
1
2
5
-3
-11
-4
0
1
-7
-8
-9
-8
-2
-5
-6
1
-3
-1
10
5
5
-11
-15
-4
0
13
14
16
15
15
4
-4
2
1
-6
1
-2
-6
1
-2
-10
1
3
7
10
9
9
1
-6
-18
-13
1
5
2
5
5
11
20
24
14
4
7
-1
-7
-14
-22
-17
-10
-6
5
9
11
14
1
-1
0
0
6
3
2
-9
-9
-6
-7
-1
4
16
14
17
6
-3
8
-6
-10
-7
2
15
13
4
5
10
9
4
0
2
-1
3
3
-5
-11
-10
-12
-10
-2
9
10
0
-1
-10
-12
-2
-4
-2
2
-2
-8
-19
-17
-7
-1
3
2
3
11
1
1
2
-8
1
0
-7
-2
-1
-8
-17
-3
-1
-2
1
-5
7
6
2
-4
-7
-4
-10
1
1
-3
4
0
2
2
-3
-5
-2
-4
-9
-5
-1
4
13
3
-8
-3
-1
-7
-2
-3
1
10
1
-3
-7
-5
2
7
9
3
-3
-2
-4
-5
-8
-11
-2
2
7
14
9
3
4
3
1
4
10
15
3
-2
-5
-6
-1
0
-1
2
12
12
2
-8
-4
-5
3
10
-3
-2
-9
2
5
1
12
6
5
-3
-6
-9
0
8
-5
0
2
3
-5
-2
10
2
2
3
-7
-2
9
5
-4
-9
-10
-13
-12
-5
-10
-5
7
5
0
-10
-9
-3
-5
0
8
8
8
14
13
7
9
6
-5
1
-8
-9
-1
-7
9
14
5
10
13
9
12
17
17
10
3
4
-5
-4
-1
3
9
5
9
0
1
9
-5
-3
-8
-12
-6
-7
-2
1
12
13
-4
-9
-11
-11
-3
-2
0
-8
-4
-16
-21
-11
-8
6
1
2
10
9
7
-6
-15
-26
-22
-15
-21
0
16
17
17
5
4
-1
10
11
-2
-1
-15
-16
-8
-6
2
6
2
-4
-3
-3
13
20
5
7
3
-14
1
-4
-27
-14
-5
6
0
-2
5
-5
10
14
-2
-4
-6
-19
-15
-14
-17
-7
-4
1
16
19
20
5
-6
-9
-16
-8
-12
-24
-7
7
6
18
0
-8
3
-7
4
16
18
33
31
10
-3
-9
-16
-17
-6
-1
-4
-2
-9
-16
-14
-9
-12
-10
-1
-5
-6
11
8
6
17
10
13
19
7
19
17
6
13
2
-3
6
5
4
3
0
-8
-9
-1
-7
-22
-25
-17
-14
1
-5
-3
7
-9
-2
3
1
-4
-8
-11
-9
27
27
8
1
-3
0
2
21
3
-1
13
-16
-13
-8
-12
-6
-2
-4
-11
6
14
18
18
9
4
-9
-7
-4
8
14
16
17
10
10
12
-2
-6
-10
-9
8
14
8
15
16
1
-6
1
-1
-3
-8
-8
-8
-9
-39
-43
-22
-18
14
-7
-13
12
-4
-1
-28
-40
-25
-42
-22
-17
-2
40
61
60
52
34
37
45
16
14
-6
-32
-14
-26
-39
-13
4
17
46
42
40
38
31
11
-19
-21
-35
-22
-18
-36
-9
0
-8
1
-9
8
43
73
63
32
48
66
59
68
25
13
29
-15
-37
-21
-44
-62
-54
-70
-69
-68
-59
-60
-56
0
-10
-23
1
-24
-1
32
43
49
9
-24
-26
-8
13
24
49
61
79
54
0
2
-10
-35
-58
-81
-91
-60
-46
-59
-41
-24
-33
-35
-55
-30
21
55
51
17
25
16
10
8
-20
2
36
4
-50
-39
-7
33
85
69
57
65
52
55
47
74
100
58
19
-10
-7
8
-12
6
12
15
13
13
35
47
51
-4
-60
-88
-106
-55
-10
17
102
152
175
223
314
333
235
99
-105
-266
-353
-421
-420
-344
-263
-228
-182
-105
0
115
167
142
62
-8
-93
-149
-108
-35
61
157
147
164
248
273
304
246
118
-20
-176
-283
-311
-236
-146
-65
16
31
39
73
117
138
113
38
-72
-141
-195
-235
-207
-134
-54
-44
-65
-73
-32
100
178
178
203
178
99
32
-34
-53
-51
-48
-79
-118
-33
100
221
343
429
487
531
494
387
169
-103
-354
-574
-784
-898
-814
-588
-345
-244
-279
-225
25
207
209
154
130
126
14
-205
-290
-65
236
381
415
412
577
778
742
556
452
350
14
-402
-690
-772
-669
-591
-604
-601
-485
-318
-89
140
275
416
428
341
240
131
89
129
128
34
-115
-259
-295
-208
-62
56
179
267
293
231
141
116
110
100
-57
-297
-429
-424
-371
-286
-171
-6
200
298
380
563
672
719
834
809
682
634
384
-351
-995
-1067
-1222
-1511
-1309
-822
-342
42
-31
-254
86
583
499
138
-30
19
95
-223
-578
-171
580
938
864
658
720
1086
1147
560
110
39
-283
-783
-1194
-1260
-854
-351
-204
-246
-235
-235
-65
63
-39
-49
66
103
32
-14
12
255
502
405
189
-2
-60
125
225
69
-19
58
29
-60
-126
-107
57
124
-14
-217
-383
-363
-135
34
50
171
413
504
608
701
674
786
912
795
574
582
768
557
-346
-1199
-1376
-1526
-1830
-1590
-931
-343
33
-206
-681
-153
798
724
203
159
308
318
-82
-526
-35
919
1170
796
500
577
956
990
263
-258
-258
-646
-1249
-1414
-1154
-494
217
383
213
33
-186
-48
171
-97
-333
-273
-379
-498
-393
-255
126
670
731
449
281
314
486
460
172
49
4
-269
-479
-466
-412
-205
12
-218
-474
-399
-235
-146
-2
111
96
106
28
160
570
730
788
929
838
665
706
733
741
775
-47
-1269
-1568
-1602
-1993
-1896
-1265
-639
78
29
-828
-450
1022
1368
761
444
473
555
182
-522
-426
616
1109
675
64
-157
530
1058
492
-88
-54
-453
-1226
-1401
-1151
-496
297
389
96
20
-164
-187
150
83
-201
-175
-305
-481
-393
-350
-175
395
550
248
249
310
477
781
795
512
356
115
-258
-218
-295
-558
-457
-387
-586
-683
-502
-297
-38
99
-47
-60
138
451
638
486
341
563
988
937
696
771
699
597
905
932
-420
-1909
-2013
-1729
-1970
-1826
-1222
-489
370
297
-509
5
1577
1740
691
11
66
653
352
-749
-618
626
1034
545
104
-108
489
891
-196
-982
-388
-317
-806
-823
-606
43
949
913
476
563
365
197
416
-9
-676
-700
-797
-922
-486
-464
-581
3
173
-246
-112
371
600
1026
1194
885
990
1087
345
-314
-500
-750
-669
-811
-1324
-1286
-889
-629
-112
403
304
446
701
364
274
437
85
19
484
601
716
1038
918
805
1146
1256
1303
365
-1679
-2171
-1596
-2601
-3546
-2248
-760
572
1307
4
-270
2007
2735
1046
197
290
589
460
-905
-1470
173
1265
383
-243
-251
338
1130
163
-1443
-856
-15
-932
-1236
-573
-65
851
1357
737
207
-132
-607
-104
468
-306
-639
-441
-655
-299
113
-521
-602
-24
-521
-1018
-490
-109
437
1758
2113
1646
1564
1055
536
194
-657
-1444
-1578
-1716
-1900
-1393
-945
-406
785
1161
673
586
622
448
399
394
28
-40
36
-294
-42
796
1290
1625
1866
1718
1689
694
-1721
-2899
-2407
-3024
-3698
-2349
-949
474
1584
564
183
2361
3157
1098
115
522
771
741
-875
-2026
-208
1399
674
-185
-460
-179
950
680
-1112
-1001
-94
-931
-1496
-946
-412
621
1538
984
315
177
-323
-169
227
-378
-509
210
488
508
657
155
-407
-655
-1666
-2352
-1762
-1086
-84
1454
2150
2356
2786
2526
1533
673
-401
-1604
-1980
-2286
-2689
-2238
-1223
-188
588
851
724
892
1171
1067
874
314
-280
-381
-396
-429
-153
287
374
489
814
1321
1888
2339
2297
200
-2494
-3064
-2879
-3659
-3434
-1436
454
1522
843
-748
481
3349
2834
798
606
1072
1357
246
-1919
-1530
1388
1711
-558
-1513
-1289
-4
1017
-522
-1491
-108
-179
-1689
-1307
119
1037
1896
1393
67
-167
-849
-1568
-457
442
-110
-17
624
1048
1844
1444
-89
-136
-253
-2523
-3855
-2952
-1733
-35
1778
2322
2712
3482
2941
1554
524
-804
-2019
-2662
-3407
-3314
-1948
-830
126
1117
1036
730
1183
1264
876
996
766
-137
-443
-652
-973
-693
-476
-423
-119
83
258
1280
2439
3160
3733
1588
-2608
-3599
-2341
-3363
-4154
-2043
108
1556
1516
-776
-200
4135
4924
1694
-67
-195
292
208
-2189
-2818
610
2032
-119
-1251
-933
246
1860
692
-1756
-1092
-140
-1467
-1602
-143
819
1504
1219
-241
-757
-839
-1339
-375
923
465
420
1445
1745
1998
1987
332
-854
-1026
-3012
-4775
-3351
-1582
-308
1838
2968
2802
2979
2705
1148
-143
-1244
-2504
-2601
-2252
-1928
-788
452
1284
2044
1720
485
263
511
118
-26
46
-336
-275
64
-485
-748
-513
-641
-595
-363
68
1183
2570
3299
3887
2856
-1199
-3365
-2107
-2654
-4547
-3243
-800
684
1569
60
-889
2587
5113
2174
-492
-317
341
593
-1376
-3136
-511
2339
816
-1033
-796
72
1504
1209
-1659
-2070
-181
-728
-1640
-350
785
1225
1610
518
-747
-1048
-1502
-1043
576
929
218
1034
2189
2422
1971
220
-1249
-1296
-2000
-3907
-3963
-1855
37
1481
2295
2215
2211
2516
1731
77
-1091
-1675
-1592
-1100
-679
-308
436
961
1146
953
-381
-1046
-475
-124
-383
-551
-263
-5
624
590
-462
-840
-629
-705
-925
-629
476
2174
3772
4446
4426
2783
-1067
-3304
-2979
-3965
-5471
-3647
-882
822
2267
908
-678
2588
4927
1318
-1452
-721
205
700
-636
-2230
501
3895
2476
-50
-829
-565
630
-229
-3189
-2974
-519
-583
-1015
176
752
1218
1697
270
-1288
-1604
-1828
-1012
935
1462
1081
1860
2630
2455
1195
-980
-2157
-1924
-2602
-3797
-3015
-1102
531
1825
2135
1554
1570
1617
661
-300
-1027
-1450
-948
-51
315
520
899
1114
960
34
-1308
-1510
-831
-370
-65
-19
46
527
847
307
-525
-954
-1038
-1270
-1476
-796
899
2802
4375
5153
4879
3249
-869
-4570
-4858
-4737
-5717
-4324
-1034
1361
3329
2449
-439
1446
4734
1785
-2201
-1761
-157
945
698
-957
547
4477
3788
-49
-1870
-1794
-513
-440
-3035
-3564
-709
266
-476
227
823
735
949
-81
-1608
-1807
-1528
-345
1813
2441
1629
1883
2445
1974
678
-1596
-3149
-2412
-2121
-3231
-2540
-458
775
1749
2163
1116
677
1231
743
-295
-968
-1159
-415
667
921
750
823
954
831
-225
-1653
-1744
-798
-412
-307
-40
-13
368
739
130
-685
-799
-767
-1058
-948
-260
1221
3216
4665
5203
4878
3112
-1474
-5469
-5427
-4998
-5872
-3941
14
2437
4256
2837
-1264
33
3826
870
-3560
-2098
921
2552
2528
742
1602
4818
3657
-1009
-3656
-3537
-1631
-989
-3179
-3261
17
1314
502
586
501
211
742
38
-1655
-1877
-1213
459
2962
3251
1713
1693
2402
1689
-212
-2718
-3652
-1901
-1465
-3072
-2448
-57
1226
1707
1419
169
170
1206
915
15
-402
-186
828
1511
1082
457
266
408
255
-1222
-2649
-1952
-810
-596
-240
-220
-533
325
1051
-7
-919
-693
-439
-581
-782
-459
1161
3704
5136
5149
4372
3252
601
-4257
-7029
-6162
-5298
-4303
-979
1951
3797
4319
422
-2303
1064
2334
-1668
-2343
1189
3659
4245
2524
516
2028
3253
-508
-4886
-5481
-3040
-674
-1243
-2419
-249
2280
1486
-57
-661
-806
-28
485
-349
-690
23
1012
2545
3344
2011
711
766
415
-976
-3092
-4107
-2412
-648
-1155
-1610
-512
432
1012
862
-344
-387
1200
2185
1840
1136
699
853
999
180
-855
-1093
-505
116
-509
-1774
-1781
-1117
-874
-426
-270
-535
206
1372
1016
62
-10
143
196
-150
-506
225
1885
3447
4346
4079
3197
1836
-2502
-6937
-6551
-4784
-4630
-2176
1462
2997
4477
2616
-2472
-1290
3234
933
-2322
532
3699
4164
2928
100
-472
1743
448
-4325
-6223
-3844
-389
668
-809
-400
2232
1975
-627
-1611
-1319
-388
1180
1496
780
877
1191
1668
2396
1293
-906
-1250
-575
-786
-1906
-2826
-1780
371
371
-1428
-1656
-381
426
530
283
262
1276
2872
2982
1346
109
97
47
-919
-1752
-1767
-992
403
574
-874
-1397
-628
-315
-543
-626
-392
352
1444
1494
461
-34
63
52
-613
-1402
-773
1113
2895
3918
3951
3429
2622
-957
-6153
-7062
-4878
-4308
-2460
1358
3125
4498
3835
-1687
-3181
1907
1959
-2162
-244
3849
4298
3178
880
-1142
204
542
-3616
-6186
-3540
360
1790
844
306
1657
1667
-1005
-2717
-2337
-1170
710
2002
1568
1237
1428
1405
1642
634
-1740
-2092
-514
-193
-1371
-2009
-982
737
752
-1318
-2002
-308
406
-42
99
234
724
2480
2927
850
-313
-11
-449
-1042
-846
-694
-202
1452
1700
-590
-2013
-1465
-1481
-1837
-813
120
614
1896
2480
1031
-529
-577
-596
-1381
-1826
-1060
872
2943
4256
4619
3932
2876
464
-4794
-8104
-6099
-3799
-2520
667
3435
4667
4389
-798
-5244
-1397
2146
-1033
-969
4178
5824
4485
2273
-1264
-1713
222
-2245
-6140
-4231
622
2787
2242
908
591
508
-1826
-4331
-3917
-1832
756
3190
3710
2787
1682
583
135
-412
-2268
-2843
-432
1403
895
-214
-417
521
588
-1765
-3822
-2425
-244
218
887
1638
1690
2380
2769
631
-1590
-920
35
-233
-13
598
610
985
1091
-1172
-3332
-2604
-1387
-1413
-345
1626
2044
1779
1655
141
-1952
-2152
-1331
-1043
-688
246
1762
3207
3627
3713
3365
2279
1473
-1618
-6800
-7230
-3329
-1920
-1031
2292
4023
3654
883
-5054
-5674
1003
2609
-351
2838
7046
5530
2438
-830
-3384
-1583
-17
-3421
-4615
-287
3112
2889
872
-888
-1071
-2098
-4842
-4871
-1546
1749
4324
5218
3528
1184
-992
-2523
-1969
-1135
-1309
413
3320
3515
1464
-354
-1367
-1937
-3046
-4636
-4031
-708
1932
2573
2711
2213
819
89
-544
-2077
-1960
618
2326
2111
1853
1382
112
-886
-2158
-3809
-3548
-1220
539
1131
2160
2528
1095
-407
-1466
-2537
-2661
-927
1113
1688
1438
1310
1005
486
669
1762
2546
3161
3289
-802
-6070
-5213
-2367
-3123
-2158
1971
3716
2960
-75
-5054
-3739
2792
2554
-359
3426
6497
3692
559
-1552
-2311
67
648
-2863
-3189
727
2312
906
-750
-1565
-1813
-3203
-4614
-2952
488
3170
4913
4615
2136
-436
-2370
-2987
-1369
139
553
2274
3966
2526
-383
-2172
-2913
-3202
-3639
-3398
-1284
1385
2453
2183
1652
370
-1136
-1481
-960
-129
1640
3607
3622
2331
1034
-741
-2112
-2439
-2717
-2808
-1440
390
816
815
1110
441
-910
-1333
-1112
-915
8
1686
2380
1217
-178
-838
-1077
-482
1213
3257
4438
5227
4068
-2326
-7717
-5813
-3465
-4536
-1872
3712
5158
3400
-1082
-6120
-3516
2209
478
-873
5249
8150
4340
745
-1471
-1845
-147
-1493
-4850
-2630
2120
2345
451
-479
-1088
-2111
-4149
-4890
-1929
1826
3676
4648
4111
1344
-1558
-3594
-3659
-1004
980
1764
4181
5285
2308
-1296
-2956
-3545
-3802
-3893
-2995
208
2966
2035
612
738
-539
-2131
-1202
234
1351
3636
4668
2665
897
104
-2091
-3512
-2422
-1788
-1705
-151
1101
321
-228
439
-300
-1490
-710
268
552
1544
2401
1293
-789
-1836
-2032
-1622
140
2909
5279
5828
5104
2092
-4809
-8810
-6021
-3576
-2973
1196
5704
5442
2437
-3564
-8359
-3963
1632
40
1727
8748
9083
3758
-280
-3517
-3696
-1078
-2394
-4017
761
4669
2729
462
-855
-2578
-3769
-5121
-4672
-115
4097
4966
4716
2941
-861
-4260
-5842
-4072
318
2951
4295
6319
5369
725
-3154
-4606
-4481
-3360
-2216
-414
2811
3780
1221
-789
-1643
-3081
-3197
-942
1289
3563
5694
4660
1476
-641
-2436
-4440
-3846
-1295
109
1107
2125
1156
-854
-1395
-1387
-1835
-819
1319
1886
1634
1861
897
-1357
-2847
-3118
-2368
-87
2636
4934
6318
5716
3754
-825
-7486
-8925
-4619
-2120
-47
4992
7186
4361
-579
-7939
-10462
-3234
1515
945
6325
11612
7150
945
-2794
-6035
-4406
-462
-1184
-289
5210
5648
1543
-890
-3339
-5218
-4793
-4200
-1792
3144
5622
4610
2579
-1254
-5573
-7049
-5493
-1143
3630
5768
7025
7007
2608
-3050
-5275
-4712
-3084
-783
1233
3139
4040
1025
-3094
-4248
-4404
-4048
-823
3113
4653
5271
4191
321
-2370
-2923
-3140
-1842
1191
2478
1613
1053
-295
-2764
-3352
-1729
-514
477
2449
3101
1469
-109
-1121
-2354
-2989
-2481
-1364
461
2671
4142
4711
3946
3063
2014
-3378
-8173
-4968
-403
-189
2227
5956
4106
234
-4904
-10852
-7273
1789
2773
3499
10066
8450
-246
-3634
-4713
-5101
-802
2179
1722
4985
6341
742
-2265
-1867
-3980
-5512
-3616
-582
2783
4326
2518
1061
-316
-4391
-7442
-5945
-1135
3849
5294
4547
5195
3560
-1906
-4777
-3261
-636
1401
2370
2787
2862
752
-3961
-6155
-4408
-3092
-1178
2683
4808
3918
1916
-871
-3235
-2538
-734
457
2908
4542
2487
-734
-2317
-3244
-3551
-1606
1025
2116
2483
2401
625
-1542
-2167
-2112
-2005
-1050
26
587
1245
1795
2053
1980
1794
2585
1790
-3010
-4815
-992
564
-230
2106
3638
1355
-1540
-6339
-8578
-2200
3067
1625
3862
7576
2860
-2767
-3143
-3138
-1318
2599
2510
1914
4746
3095
-1886
-2145
-1430
-2802
-2483
-944
369
2386
2527
172
-991
-2256
-4791
-5226
-2728
953
3441
3278
2755
2869
704
-2402
-2304
-224
1450
2403
2524
2490
1876
-1257
-4530
-4014
-2201
-1512
526
2876
2451
1099
-410
-3147
-3723
-1097
1012
2362
4095
3493
432
-1605
-2501
-3145
-1882
997
2360
1657
1167
429
-1524
-2392
-1467
-623
106
771
331
-296
-190
-111
431
1528
2196
3374
1855
-3096
-3464
-109
-289
-819
2485
3737
1018
-1859
-6135
-6508
-471
1801
288
3878
6193
721
-2950
-2137
-1849
184
2369
1234
2331
4599
973
-2591
-1164
-771
-2123
-1414
56
1629
2836
1054
-1163
-1080
-2289
-4562
-4051
-1159
1641
2413
1342
1163
1379
-952
-2933
-1222
1273
2283
2500
2586
2352
1084
-1735
-3875
-2382
-384
-200
1044
2284
1230
-899
-2509
-3360
-2348
363
1730
2416
3188
1699
-920
-2175
-2030
-1472
-26
1642
1723
1126
560
-717
-1628
-1211
-118
438
523
400
-458
-1270
-1091
-175
759
1548
2751
3727
1333
-3150
-3564
-1144
-519
91
3093
4405
1905
-1518
-5649
-5949
-1136
1176
764
3632
5440
750
-3283
-2866
-1912
-358
1291
1533
2998
4429
1070
-2316
-1279
-619
-1933
-1588
536
2468
2892
937
-1188
-1327
-2301
-4095
-3295
-261
1996
1742
131
-150
180
-1480
-2755
-603
2141
2770
2473
2194
1653
170
-2079
-2718
-726
1055
973
1246
1414
-541
-2369
-3163
-2871
-435
1866
2042
1497
1327
-554
-2527
-1737
-349
694
1680
1707
598
-328
-689
-1297
-1196
151
1182
1030
397
-337
-1176
-1462
-522
471
1318
2183
2416
2490
-476
-4528
-3482
-211
490
1415
4262
3893
506
-2339
-5857
-5134
13
1776
1457
4064
3984
-1428
-4151
-2808
-1630
291
2089
2503
3938
3874
-345
-2738
-1272
-976
-1626
-96
2084
3101
2230
-631
-2321
-2153
-2888
-2967
-911
1209
1815
516
-1112
-1038
-955
-2099
-1594
1035
2368
1985
1718
1596
1096
91
-1088
-786
682
901
19
7
131
-1253
-2092
-1745
-1270
81
908
483
229
310
-626
-1160
-124
329
489
908
752
171
-29
49
-325
-183
400
347
176
-332
-913
-1051
-749
179
1003
1659
1829
2122
1238
-3209
-4180
-924
647
1211
3318
4090
1588
-1053
-4836
-6376
-1037
2460
1466
2895
4237
-142
-4565
-4031
-2467
-168
2249
2266
2834
4218
1111
-3230
-2316
-219
-416
195
1898
2635
2445
182
-2837
-2744
-1447
-1729
-1277
584
1393
109
-1637
-1925
-844
-537
-921
121
1681
1669
778
498
946
654
-27
179
493
1093
994
116
-266
-810
-1106
-1767
-1254
289
715
178
-645
-571
-1179
-1253
404
556
632
1247
695
-391
-337
573
220
48
932
840
-330
-865
-634
-1019
-869
416
1062
1248
1656
1421
1034
-854
-4073
-2853
682
1540
2262
3307
1787
-1091
-2639
-5297
-4114
1997
3517
2057
3080
1586
-3399
-4514
-2157
-1127
1218
3499
2656
2400
1926
-1734
-3428
-895
273
368
2245
2936
1728
451
-1514
-2772
-2038
-1141
-500
665
641
-848
-1824
-1978
-1295
-577
-310
465
1286
878
-115
-161
634
1160
1336
1579
1438
948
120
-391
25
158
-59
268
11
-904
-1104
-1141
-1607
-976
7
-150
90
221
-850
-1041
-75
65
295
1335
1535
504
-81
-117
-547
-623
-30
341
188
538
825
642
1049
1281
1160
672
-2459
-3615
-457
1162
935
2106
1953
-316
-1599
-3704
-4359
608
3444
1727
2026
1677
-2403
-3996
-1916
-1014
659
2844
1992
1856
2396
-1169
-3395
-397
1055
295
2053
2888
1253
575
-1141
-2890
-1522
-198
-342
685
970
-1151
-2339
-1761
-1150
-474
-96
-65
193
124
-802
-972
433
1400
1303
1577
1608
487
-93
134
251
917
1154
796
344
-451
-1218
-1764
-972
-232
-90
191
110
-453
-1774
-1641
-623
-64
810
1188
1236
463
-733
-895
-473
-329
423
1112
735
457
399
374
640
1368
1698
1438
-867
-3395
-1327
531
256
1477
1751
216
-856
-2569
-4548
-948
2777
1282
1302
1779
-1423
-3068
-1779
-1026
258
1690
1164
1855
2347
-1006
-2583
-230
917
1035
1912
1943
2001
1400
-1385
-2315
-799
-760
-399
962
65
-1360
-1653
-2216
-1242
487
-488
-939
409
-420
-1659
-684
132
609
1776
1313
427
984
98
-118
1351
1417
1228
1461
893
-256
-633
-1062
-1108
312
9
-634
-72
-870
-1729
-1766
-1288
-375
401
647
386
278
-721
-1214
-324
-316
182
1099
720
253
317
548
1014
1907
2258
2283
611
-3094
-2292
598
528
1478
2681
832
-628
-1746
-4760
-3233
1865
1901
944
1709
-605
-2844
-2418
-1552
-232
1082
891
1812
2364
-441
-2309
-1039
567
1704
1808
1279
2081
1570
-1339
-2125
-822
-316
755
1800
402
-1147
-1633
-2338
-1434
415
-81
-554
432
-552
-2066
-1541
-819
-187
1370
1309
493
495
-598
-493
753
1008
1627
2154
1737
578
-154
-1095
-750
1064
650
432
590
-676
-1540
-2160
-1635
-662
254
758
362
-394
-1493
-1454
-845
-381
469
697
571
317
-143
41
1081
2053
2419
2780
103
-3195
-1333
600
425
1883
2416
646
-369
-2116
-4807
-1700
2251
1451
1376
1191
-1377
-2333
-1946
-1428
-125
374
172
1717
1376
-1610
-2231
-139
1595
2015
1396
1424
2410
993
-1640
-1404
153
738
1524
1542
-293
-1661
-1997
-1999
-407
814
-254
-102
596
-1520
-3014
-1877
-753
32
903
685
150
-141
-612
-527
262
1091
1943
1920
1271
1049
-328
-1256
341
1439
765
613
794
-519
-1533
-1315
-1382
-997
80
775
-20
-1458
-1547
-1143
-920
-198
441
287
114
187
-189
-201
1030
1936
2417
1119
-2081
-1564
661
1029
1696
2419
1443
478
-668
-3737
-2489
1853
1775
967
712
-1680
-2644
-1622
-1277
-578
746
361
721
761
-1663
-2346
-449
1216
1786
879
91
1304
1348
-1139
-1291
735
1444
2066
1978
-147
-1436
-1183
-1230
-451
837
255
-68
344
-1262
-2950
-2286
-747
654
1445
395
-424
-384
-1225
-1081
-140
379
1785
2223
1061
57
-495
-685
450
2196
1277
374
750
-89
-669
-905
-604
110
475
532
-333
-1341
-1633
-878
-234
-300
131
-220
-609
-365
-635
-634
519
1723
2027
1837
-1339
-3183
81
1238
1197
2773
2134
512
172
-1937
-3996
308
3372
2191
1845
-301
-3020
-2226
-1032
-725
470
733
709
1102
-1510
-3807
-1703
888
1756
1874
531
-90
1044
-400
-2392
-403
1930
2350
2572
923
-1778
-1790
-630
-452
664
1136
294
573
-323
-2956
-3024
-738
653
1427
1374
-296
-1006
-1124
-1601
-952
-14
1070
2145
1506
-200
-1074
-1088
-163
1742
1925
512
666
537
-733
-1029
-272
513
902
942
-214
-1380
-1405
-810
51
198
155
127
-621
-1173
-1162
-1145
-405
1457
1800
1159
967
-2007
-3458
-31
1275
1255
3068
2140
-192
-200
-1961
-3738
950
3968
2469
1777
-707
-3190
-1738
-718
-948
606
1264
839
874
-2029
-4303
-1365
1608
1840
1529
296
-391
672
-873
-2869
-330
2519
2709
2407
312
-2490
-1740
62
136
886
1459
687
449
-760
-3419
-2886
492
1846
1391
606
-1065
-1776
-1185
-972
-554
742
1939
1837
256
-1471
-1704
-542
1328
2514
1395
-206
-72
-16
-1062
-813
732
1345
1344
717
-1107
-2135
-974
596
617
272
246
-215
-988
-1397
-1594
-1095
1022
2307
1298
209
9
-1768
-2805
-106
1286
1612
2929
1505
-986
-1150
-1731
-2664
1209
4194
2526
1229
-789
-3002
-1853
-530
-349
1191
1851
717
-81
-2272
-3963
-1201
1824
1765
1096
-256
-889
203
-919
-2428
6
2930
2643
1275
-698
-2666
-1388
730
764
1065
1647
912
-60
-1294
-3255
-2244
1496
2551
1142
-240
-1642
-1982
-1310
-841
-242
1390
2275
998
-964
-2263
-1673
349
1954
2454
1043
-521
-492
-608
-1284
-391
1738
2205
919
-535
-1919
-1977
-107
1230
835
328
201
-732
-1510
-1384
-1286
5
1898
1662
260
-467
-138
-1050
-2131
-288
1565
2064
2297
738
-1512
-1243
-607
-1852
607
3898
2597
893
-866
-3274
-2011
490
678
1290
1833
445
-473
-1950
-3627
-1152
2398
2183
646
-906
-1553
-295
-530
-1870
29
3018
2541
598
-1095
-2521
-1159
1085
1138
1044
1452
843
-438
-1574
-2760
-1556
1918
2714
519
-1087
-1612
-1901
-1100
-266
78
1761
2205
189
-1691
-2035
-887
875
2435
2080
402
-593
-621
-579
-899
236
2230
2152
308
-1290
-1979
-1215
480
1299
766
359
163
-926
-1578
-1054
-504
375
1474
952
-558
-697
134
-479
-1830
-550
1267
1571
1535
396
-1322
-758
32
-1485
-231
3007
2578
972
-752
-2942
-1683
830
790
915
1347
338
-287
-1427
-3076
-1061
2302
1942
425
-934
-1823
-442
-34
-1465
-271
2278
1971
371
-958
-2267
-1142
1340
1357
643
939
553
-494
-1503
-2414
-1170
2021
2681
379
-1031
-1445
-1727
-760
-11
99
1660
1779
-577
-2080
-1805
-697
880
2449
1751
153
-459
-800
-753
-631
522
2131
1710
-106
-1453
-1758
-885
614
1346
689
273
113
-1289
-1576
-600
-197
633
1325
391
-582
-320
-20
-26
-910
-1163
617
1557
1065
759
-217
-722
94
-1086
-1654
1576
2831
1353
78
-1887
-2211
142
827
327
1143
1201
170
-1011
-2555
-1847
1456
2479
847
-679
-1426
-764
-149
-1014
-698
1523
2326
757
-866
-1775
-1250
701
1291
490
470
886
341
-1043
-2069
-1411
1011
2398
858
-1232
-1571
-1241
-793
-50
462
1190
1452
-47
-2129
-2171
-310
1281
2263
1747
-162
-958
-824
-659
-228
771
1949
1663
-133
-1712
-1555
-120
888
1169
612
-225
-275
-596
-1120
-644
182
544
633
173
-636
-335
433
507
-500
-1510
-588
676
1005
1083
473
-145
110
-903
-2242
-102
2589
2527
1355
-640
-2300
-1114
-11
-227
843
1907
1360
-119
-2258
-2751
-164
1889
1216
166
-525
-785
-422
-1131
-1473
608
2291
1360
-300
-1382
-1519
-113
931
567
608
998
551
-576
-1660
-1697
138
1820
1312
0
-798
-1269
-1067
-681
-320
913
1762
747
-1072
-1895
-1403
23
1644
1830
894
37
-608
-894
-773
173
1354
1725
998
-715
-1766
-1210
-12
957
964
554
131
-604
-1056
-1038
-637
234
851
483
-248
-334
-45
221
150
-1143
-1308
230
781
794
861
405
219
-203
-1977
-1906
1167
2741
2198
876
-1474
-1975
-572
-506
-65
1868
2295
838
-1110
-3076
-2366
968
2022
1059
429
-447
-903
-1239
-1771
-527
2040
2418
484
-1027
-1679
-1100
420
801
617
1120
1138
-200
-1642
-1683
-464
1155
1585
293
-517
-593
-993
-953
-563
58
1286
1449
-169
-1290
-1064
-610
371
1394
1026
520
374
-486
-1061
-599
338
1254
1500
600
-608
-1059
-895
-192
623
805
807
482
-585
-1361
-1232
-579
402
895
375
13
158
-71
-209
-390
-1167
-833
383
601
667
800
242
64
-345
-1703
-1454
733
2077
2094
1012
-967
-1454
-936
-1298
-344
1824
2393
1451
-576
-2780
-2225
199
1026
991
1195
564
-539
-1624
-2148
-681
1726
2293
900
-740
-1532
-1142
-300
170
705
1448
1329
-191
-1676
-1701
-551
904
1174
220
-310
-524
-944
-989
-500
359
1265
1159
-243
-1116
-774
-260
430
905
684
560
446
-97
-520
-266
398
940
943
253
-259
-186
-180
-187
-101
-52
247
455
-50
-615
-734
-644
-320
-12
37
215
461
256
-36
-364
-1072
-951
-34
292
554
1073
959
425
-345
-1595
-1674
64
1420
1843
1629
431
-735
-1296
-1829
-1132
1061
2454
2155
537
-1563
-2160
-1076
-182
530
1465
1451
348
-1043
-2038
-1458
463
1456
891
93
-401
-772
-751
-406
80
891
1090
139
-817
-879
-263
402
441
-257
-499
-247
-486
-556
-110
217
447
233
-639
-1003
-234
460
658
829
452
-71
-130
-195
-148
233
700
703
276
-165
-347
-7
242
96
-65
-180
-58
97
-113
-299
-192
-242
-505
-424
-229
-71
294
404
40
8
69
-409
-557
-282
-46
446
801
616
463
207
-613
-1012
-418
431
1279
1443
629
-19
-678
-1396
-1014
199
1023
1240
741
-448
-1016
-805
-668
-178
551
646
264
-188
-610
-507
164
444
204
12
-232
-332
-118
85
350
658
387
-344
-554
-318
3
281
182
-64
-154
-369
-613
-366
37
172
244
61
-334
-255
4
32
251
440
204
111
190
40
26
293
262
66
125
66
3
137
47
-56
23
-123
-279
-257
-267
-230
-119
-141
-190
-126
-255
-332
-63
35
119
473
445
9
-309
-492
-445
12
523
802
1007
756
-115
-737
-664
-167
450
909
905
536
106
-486
-909
-562
53
362
440
196
-183
-252
-280
-432
-318
-24
75
-29
-183
-154
180
356
107
-135
-230
-325
-183
97
344
604
568
159
-291
-479
-390
-243
-39
159
97
-101
-235
-311
-290
-167
-105
-148
-136
-87
-26
159
239
219
161
-80
-122
73
216
260
241
251
198
56
-33
1
127
147
-43
-239
-220
-43
87
60
28
-26
-180
-367
-451
-248
46
269
400
314
210
1
-440
-562
-357
21
543
780
650
500
123
-449
-600
-299
150
603
715
424
135
-231
-602
-553
-227
57
263
213
-54
-131
-148
-259
-192
-19
-88
-147
-107
-124
4
278
313
146
-72
-401
-483
-211
166
478
555
348
-6
-275
-424
-435
-202
60
155
96
4
-97
-145
-125
-196
-324
-213
-24
131
378
382
149
-79
-226
-215
-73
176
401
483
334
14
-134
-85
-8
33
-60
-87
62
133
47
-48
-78
-168
-252
-293
-296
-90
228
295
151
58
55
8
-140
-231
-174
59
258
278
265
307
302
62
-270
-372
-155
202
386
342
209
45
-118
-279
-375
-239
51
180
46
-104
-138
-93
-24
-35
-111
-141
-163
-215
-128
100
315
380
121
-236
-367
-314
-77
272
391
284
59
-248
-427
-322
-105
71
152
-8
-258
-341
-235
-16
130
113
33
-44
-103
-85
15
118
217
215
50
-53
30
133
146
119
76
50
108
112
0
-31
-51
-53
-30
-57
-28
35
-8
-107
-182
-231
-177
-80
-66
-34
59
59
88
110
18
-82
-171
-205
-157
79
406
587
559
215
-191
-321
-258
-109
82
334
485
388
45
-319
-342
-134
-27
-6
-30
-10
48
28
-13
-22
22
-40
-191
-270
-169
101
284
251
103
-60
-147
-139
-78
9
129
184
72
-41
-87
-72
20
20
-107
-177
-164
-104
-3
70
94
86
-4
-119
-116
-36
94
214
192
54
8
21
-14
-20
28
101
169
162
31
-87
-68
-55
-86
-40
16
20
20
-77
-199
-184
-111
-91
-51
-18
-35
17
61
53
108
164
93
-72
-216
-241
-73
192
350
378
282
63
-159
-280
-251
-30
222
276
162
-4
-166
-206
-120
-41
-14
-40
-41
-75
-100
16
126
175
142
-50
-232
-248
-127
14
168
247
204
118
-51
-224
-233
-82
49
138
153
86
13
-71
-140
-163
-128
-66
-94
-79
-16
-11
11
14
6
-37
-96
-82
-30
39
88
112
158
141
83
-4
-84
-65
-42
14
86
129
151
92
25
-34
-96
-105
-100
-100
-47
40
34
-3
-20
-87
-109
-54
-23
44
163
181
68
-28
-96
-115
-30
84
152
168
177
78
-59
-98
-30
69
94
52
-29
-66
-77
-43
53
104
73
-16
-176
-286
-189
-4
145
215
141
-32
-182
-232
-209
-83
113
243
190
57
-67
-142
-76
8
54
86
59
42
3
-28
-10
-2
12
-56
-114
-148
-108
-12
56
90
55
9
-30
-53
-27
41
102
122
109
50
-5
6
18
16
19
-10
-8
17
16
3
-5
-17
-58
-74
-80
-71
-42
-26
-49
-84
-81
-43
-7
31
44
14
-8
-11
27
87
131
115
63
-26
-82
-54
-33
21
125
170
118
46
-23
-88
-61
-24
-23
72
113
56
23
-87
-178
-135
-96
-4
117
96
42
-14
-96
-139
-101
-40
-3
37
0
-13
-12
-40
3
52
78
73
14
-71
-57
-10
6
23
21
2
-34
-90
-136
-122
-30
43
43
44
47
57
34
13
26
48
71
71
80
78
121
127
51
-7
-24
-24
-17
16
12
3
30
-11
-81
-102
-103
-42
-7
-23
-7
-14
-54
-50
-16
-15
1
28
-5
-33
28
58
53
77
65
36
23
7
-9
38
71
55
61
27
-3
18
48
45
33
-10
-60
-69
-53
-10
8
-11
-40
-57
-92
-61
2
19
35
23
-29
-76
-71
-36
3
-19
-32
-5
11
53
72
64
66
46
-29
-65
-36
-31
-15
25
1
-40
-60
-92
-90
-11
21
8
41
20
-1
8
-33
-47
-22
17
23
11
-7
-56
-36
-20
-42
-6
19
-7
-33
-53
-32
26
29
-36
-43
-36
-69
-42
-14
-8
38
71
57
27
40
34
9
70
59
39
85
82
53
26
14
-21
-19
30
41
91
102
12
-21
-64
-82
-51
-18
39
54
21
-83
-154
-94
-27
27
58
18
-29
-44
-42
-27
17
53
64
39
-6
-23
-13
27
64
70
41
7
7
19
13
-19
-11
-55
-60
-21
-46
4
35
5
-13
-32
-39
-24
44
58
39
31
-36
-27
39
35
10
-4
-57
-99
-80
-3
57
97
60
-69
-107
-90
-59
14
91
89
17
-27
-102
-106
1
62
100
111
49
-38
-58
-41
-9
71
116
79
53
-9
-56
-43
-28
16
56
79
60
3
-27
-78
-66
6
9
32
73
46
-15
-56
-103
-100
-30
32
46
50
6
-51
-70
-68
-50
-14
-1
18
36
29
-9
-43
-51
-52
-28
9
25
8
1
-16
-28
-36
-45
-29
26
68
53
32
23
-17
-40
-16
-16
9
36
25
49
39
18
-2
-22
-27
-9
21
63
87
54
-32
-69
-64
-66
-6
63
86
39
-15
-82
-126
-66
-6
68
119
70
-5
-79
-84
-42
24
82
75
39
-11
-35
-28
11
52
49
67
59
16
-26
-23
-4
18
29
15
-8
7
10
-12
-3
-37
-9
-1
-5
23
8
-17
-58
-64
-51
-27
28
18
14
-2
-23
-33
-23
22
16
60
16
-47
-50
-52
-10
28
55
2
-4
-25
-50
12
46
43
35
-4
-97
-96
-33
-1
83
114
57
-17
-62
-82
-65
45
82
79
31
-88
-131
-120
-41
12
40
50
25
-33
-107
-99
-42
32
97
76
38
8
-23
-39
-23
14
67
118
91
20
-39
-52
-43
19
29
33
48
12
-1
-39
-19
5
17
30
-3
-13
-40
-48
-35
-35
3
3
9
15
-2
2
-6
-21
-23
-17
-7
27
29
25
-20
-21
-18
-5
69
53
19
16
-46
-65
-59
-27
17
31
41
-10
-17
-40
-46
15
21
27
2
-23
-32
-28
17
17
20
25
6
-6
-31
2
28
21
46
-11
-52
-48
-38
-17
7
67
72
22
-6
-29
-41
-6
41
45
39
31
-8
-30
-40
-21
14
27
63
45
7
-2
-26
-12
9
18
26
32
34
0
-26
-14
-21
44
52
26
21
-33
-59
-43
2
4
44
45
-14
-33
-41
-26
-6
39
40
-6
5
-22
-28
-21
-16
21
39
36
-7
-30
-16
-3
2
12
2
37
30
-30
-31
-78
-2
23
12
61
-6
41
-11
-24
-7
-28
52
8
17
-15
-68
-9
-22
-30
-35
-34
-5
-3
17
-11
33
40
4
17
-7
-26
-14
18
3
14
56
9
1
0
-35
-27
13
21
23
29
1
5
-12
-26
2
19
23
25
-1
-19
-26
-26
-12
-20
-12
6
-7
-5
-32
-1
25
18
32
-15
-26
-24
-32
-37
-15
7
15
43
-22
-33
-18
-3
3
32
63
6
30
-35
-60
-5
4
54
31
15
-24
-34
10
-26
33
33
7
35
15
-29
-32
-13
5
24
35
13
18
1
-48
-17
-2
-5
22
21
-11
-8
7
-17
-21
6
-10
14
19
25
4
10
36
8
20
-13
-9
21
17
25
-1
10
6
0
-5
-15
6
-5
-24
-24
-1
3
7
-20
-14
20
3
22
-2
-20
0
-22
16
3
16
14
-9
-11
-25
21
6
4
-3
-44
-31
-49
-19
-27
-9
11
14
17
-22
9
-27
-17
-23
-27
-18
-16
39
-25
-25
-27
-37
6
9
15
4
12
-1
-23
-10
1
2
28
7
-22
9
-8
5
13
6
11
-16
3
-42
-3
-8
-13
21
-34
21
-22
-2
1
-4
47
-9
36
-6
-18
7
-30
35
-5
18
-1
5
41
-22
24
-27
-5
32
12
36
4
36
-17
-18
1
-21
18
-5
-1
-22
-37
-12
-14
31
-1
13
2
-21
22
-21
19
7
12
2
-32
19
-22
-5
31
-6
24
11
6
-1
10
15
-5
17
7
-16
-5
-20
6
24
21
-6
-14
10
-15
18
-16
-42
16
-5
17
5
-22
0
4
25
4
-2
26
-7
30
14
-46
-1
-25
-5
-16
-13
0
9
47
-19
-3
-2
1
48
3
24
-5
-12
-24
-29
24
14
50
-6
-26
-16
-29
16
-2
34
30
15
3
-34
-11
-5
27
32
29
3
-22
-7
-19
14
0
-15
-8
-28
-17
-21
19
14
-15
23
-10
0
34
8
3
18
18
-8
7
5
3
37
29
-20
-1
1
-42
11
-28
-12
29
-7
-5
-39
-7
-22
-8
7
-25
9
5
-8
26
14
13
28
-4
-11
-14
-2
17
26
21
-4
-7
-21
-6
7
12
12
8
0
-24
-20
-22
-12
31
13
17
-7
-10
13
-26
-7
-8
7
6
-14
-7
-10
14
-2
-23
-11
-24
12
12
0
4
-25
1
-12
-12
19
-13
36
15
14
16
-8
33
-15
7
-17
-28
16
-24
12
-13
-3
28
-5
20
11
17
20
11
0
-38
-7
-17
-20
18
15
0
32
39
-1
28
-3
-49
-10
-22
-25
15
5
-1
7
-7
-6
16
24
27
27
12
-10
-4
-12
-38
6
5
-8
6
-8
-9
-5
2
-6
0
11
6
-7
-18
-7
-12
-2
14
-7
-9
14
-4
-5
12
-26
1
0
-36
-7
-20
-22
-9
9
13
-7
14
-15
-28
13
-15
-6
10
12
17
-7
-5
-14
1
0
-8
-1
-31
-6
-21
-44
-6
-28
9
13
0
0
-16
20
4
24
11
-5
15
-7
3
5
10
-31
-3
2
-30
28
18
11
16
-12
-10
-19
16
8
-24
8
-7
6
-5
10
4
-31
14
-30
-5
56
10
53
5
-41
-14
-23
6
3
15
13
-20
20
-22
-21
38
-4
24
28
-11
16
5
5
-11
-8
23
-23
13
16
-20
8
8
-6
-1
18
-1
8
21
-2
19
36
17
2
16
-9
-14
4
-21
-3
19
18
-1
1
16
-25
-10
3
-20
19
9
-9
0
-7
-2
2
19
3
-4
16
-21
-7
23
8
28
33
5
-8
-6
-13
-15
8
16
-2
5
-9
-21
10
6
-12
-3
18
-6
-24
-5
-10
-11
23
0
-6
35
-7
-29
3
-16
1
16
1
-13
14
-17
-52
6
-1
8
3
-45
1
-21
-32
12
-25
-5
-7
2
11
17
40
12
12
2
6
-9
-18
2
-24
-23
-9
17
-8
4
7
-20
1
-37
-18
3
-2
11
-10
-29
-21
6
-8
9
41
20
15
16
22
-4
7
-11
-42
-16
-9
-3
-9
7
-8
0
14
5
18
12
11
4
16
2
-20
-14
-13
-5
-7
-3
-11
18
24
3
17
-1
11
3
-18
-10
-9
-3
-18
0
-6
19
20
9
1
-21
0
-11
-11
5
-2
14
10
-12
22
-11
-13
3
-28
3
8
3
-6
-3
3
-16
27
4
30
47
18
23
-2
-3
-27
1
-18
-14
26
-25
25
22
14
28
7
9
-17
-6
-14
-6
15
15
6
-14
-15
-25
-9
14
0
54
34
19
42
-12
10
-1
-19
-6
-9
-9
-12
15
-1
6
11
-19
-6
10
-15
-14
0
-16
-6
6
7
7
16
0
-3
2
-6
9
5
15
-4
-9
26
3
23
24
-3
-5
0
-3
-28
-24
-40
-34
-30
-46
-34
-29
5
-14
4
38
10
34
11
3
18
11
16
-12
21
4
5
39
9
4
2
7
-1
9
-3
-16
-6
-33
-37
-32
-7
-5
-21
7
-32
-25
-4
-15
-12
0
-4
-30
-7
-24
-24
0
-13
8
10
29
14
-12
-9
-20
1
14
14
3
2
18
3
0
5
-4
9
10
12
2
-6
-6
10
7
-4
12
-14
-2
24
11
25
-5
-9
-20
-24
-12
-8
6
6
23
13
11
3
-12
13
-3
-3
16
-11
4
6
10
14
-7
11
7
17
31
7
8
-7
-15
-16
-14
2
-15
3
-6
19
13
-9
13
-10
5
-5
4
10
2
19
7
16
-3
20
9
-4
21
-8
-4
0
-2
-15
27
15
-9
30
18
12
11
14
10
22
9
-20
-12
-24
-1
-21
-28
-26
-23
2
-8
13
0
8
8
2
1
-21
-8
-22
-23
-20
-25
-13
4
7
3
35
23
10
-5
-8
-5
5
16
-12
-9
-7
-18
-21
-13
12
2
13
4
-4
15
6
10
9
17
2
-4
-16
-9
7
1
6
-5
-4
-4
-6
27
12
5
8
-15
-18
-30
-23
-8
-5
-5
-27
-27
-7
14
28
18
19
-4
-11
-7
-9
2
-3
-3
8
-3
3
-3
4
4
6
16
-15
2
5
-1
5
-13
15
-7
-3
-4
-17
-4
-12
-4
-8
1
18
15
4
2
12
13
13
16
-4
-8
-1
-4
2
-4
-20
3
5
10
5
10
3
-12
9
-18
-9
-3
-33
-7
-9
-6
-18
-16
-6
-10
13
3
6
10
3
-11
-17
-3
1
5
-8
4
7
-4
4
-1
20
12
-7
4
-9
3
14
-9
-24
-12
10
-14
-3
3
-13
-3
-2
-14
-13
14
-1
-1
1
-6
6
-20
-11
-14
0
8
-10
14
-3
1
12
-4
0
-8
11
7
-12
16
8
-6
12
14
-5
6
5
-9
-16
0
15
8
15
17
-4
-7
1
0
6
-4
-2
5
-1
-2
6
3
-8
-5
-10
-10
-11
16
6
5
7
-16
11
5
9
3
8
4
0
0
-7
11
-3
-7
-4
-12
-6
4
-5
-17
10
-14
-8
12
-1
1
2
-8
-7
7
-1
4
2
-4
2
21
9
5
25
-2
-13
10
3
4
11
12
4
-1
15
2
-16
-1
1
4
-2
6
2
15
18
-6
-6
-28
-18
4
-2
16
5
-2
-10
-12
10
-6
5
12
0
-1
0
-1
-7
8
4
0
8
-9
5
-7
-1
-9
6
-1
-15
-2
-26
6
6
-14
-3
-11
-11
-8
-1
-4
16
9
-15
0
-9
-4
2
3
0
12
12
-12
-3
-2
-4
-1
8
8
4
18
-8
-15
-6
18
7
-6
1
-10
14
-20
-1
9
-21
16
7
7
6
12
-5
-28
12
-8
13
15
15
19
-7
-4
-15
-3
-2
19
4
-3
23
-11
-2
-2
-5
8
0
5
2
6
-10
-3
-5
-19
4
6
-7
0
16
-4
15
16
-10
1
10
5
-7
12
9
19
15
-7
8
-17
-20
-7
-24
-21
-6
4
-7
0
15
-4
6
11
-1
5
7
16
8
3
-1
-2
-1
-13
6
1
16
24
4
-14
-10
-3
-18
-17
-17
6
5
11
11
-3
2
9
18
-6
22
19
-11
17
-16
1
5
2
10
-20
0
4
-7
-8
5
2
0
8
-9
-4
-24
-28
3
-27
11
35
0
3
13
17
-17
10
3
-34
22
-8
-10
16
-5
20
16
-7
4
3
-14
-7
-2
-26
-6
9
2
1
-14
-5
-7
-7
-4
2
-1
5
-5
-10
11
-6
-25
-11
-22
16
22
-25
7
-12
-12
5
-10
-5
13
23
21
22
28
11
-3
-10
-35
-9
4
-4
7
2
-7
-1
-16
3
25
9
16
8
-9
-4
-11
-22
6
-3
-4
8
-7
-7
19
7
8
36
-9
6
-5
-20
-4
-21
-15
-15
19
-5
1
28
-5
18
21
4
-1
14
-4
0
-8
-23
-7
-9
17
-3
-5
3
10
20
-2
24
5
7
17
-3
15
0
8
0
-7
9
-1
14
-4
10
5
-18
-5
-19
8
-16
-8
-4
-20
18
4
8
-9
-8
10
-13
21
16
0
1
-18
-9
-5
10
-13
5
9
-9
24
0
-2
26
0
-11
8
-18
-12
-4
-15
10
-11
-22
-21
-20
-17
-3
-2
-17
12
-8
3
0
-14
8
-12
0
-18
1
7
-12
21
-5
-10
6
-17
5
22
15
9
21
-5
-8
6
-31
-18
15
-15
2
8
-19
-7
3
15
-2
6
-5
0
12
-14
7
9
1
0
0
-10
3
-4
-21
4
0
10
4
-5
6
7
-3
1
-6
-7
8
7
3
-11
-4
2
-20
2
-3
-21
3
-11
-2
10
-6
9
-9
-19
0
0
-11
-15
-13
0
7
11
11
-9
0
-4
-13
-4
-1
5
7
6
2
6
-3
6
7
-7
16
5
8
24
-11
25
9
-7
22
-9
-9
9
15
-6
12
7
-24
22
-10
-13
20
-6
17
-4
-15
9
11
3
2
-6
-17
9
13
2
20
14
3
-2
-14
-5
16
12
7
7
-7
-16
2
-8
-9
24
-9
-12
20
-8
-2
0
-7
3
4
2
-8
-3
7
4
11
5
9
8
-8
-5
-8
10
-8
-7
-1
-22
6
3
8
7
4
21
3
-5
-2
-21
-8
-3
-2
14
10
16
7
-6
-18
2
-6
-12
18
-10
3
9
-11
-1
-6
-14
-16
-2
-10
-3
3
-18
-1
-1
-1
13
-9
2
-9
-8
6
-3
13
-2
-3
2
-19
1
-7
-20
-7
-7
-15
5
17
-2
15
-3
-16
5
-12
11
12
8
-1
7
8
0
22
6
7
2
3
-2
18
3
-16
5
-5
20
23
-3
-4
7
1
15
10
3
5
-15
-4
-20
-7
-5
-13
-1
-7
-4
-10
0
1
6
3
-3
3
1
9
8
2
-13
-14
7
12
2
-1
-3
-7
11
21
16
12
1
-7
-18
-4
-2
9
0
-6
8
-16
8
13
-1
7
3
6
2
12
-3
-6
-9
-7
3
-12
-3
3
8
2
12
-4
-19
0
-8
-7
14
7
-9
-7
-21
-13
0
11
0
-10
1
-7
2
-2
5
-10
2
-6
-19
-1
-14
0
1
-3
12
8
12
-2
3
0
-1
0
-7
-3
-23
-1
-8
-12
8
3
22
6
-1
-4
-11
-5
1
0
-9
7
-9
5
8
2
10
-10
6
3
-1
19
13
-7
-6
1
-4
-2
0
-9
-2
8
3
-4
-5
17
7
0
14
-5
-1
-7
4
16
-8
12
-4
-20
-5
1
7
-10
-5
-2
-12
4
4
14
12
6
7
-21
-6
12
3
5
2
8
-9
-2
21
-13
4
-1
-3
15
2
13
-17
-1
13
5
11
8
11
-9
17
11
5
35
12
1
-12
-8
-4
-7
3
-3
-6
-8
-12
-10
-7
5
15
2
9
2
8
7
-11
4
-2
3
5
8
-9
-13
-5
-5
9
-3
5
-1
-7
3
-3
-1
-12
-13
1
5
-4
1
-2
-6
-1
-7
5
3
-16
-13
3
-1
-7
7
-7
-16
11
12
3
-4
9
6
-4
9
-31
-11
-7
-12
14
-6
-6
-5
-1
-7
6
9
-4
-1
-13
-2
12
-3
-7
-7
-11
17
12
9
-9
-5
31
-2
-16
-3
-26
-11
23
2
-10
-19
-15
4
1
14
-6
-15
7
15
6
-9
-5
5
23
-8
-26
-3
-3
-4
-19
24
25
-4
9
-8
11
3
3
7
-7
23
1
-13
-24
-19
35
18
13
11
-19
-5
16
6
15
12
10
1
-20
-23
-15
10
-4
-8
-2
1
6
-6
-12
-4
17
-15
-12
4
1
27
28
11
10
-1
-4
-3
-9
1
-6
-4
1
-9
-10
4
17
11
3
-13
-15
-26
-18
12
2
3
3
-9
5
-8
2
26
23
16
1
-5
-18
-17
-14
-1
5
15
9
-1
11
17
32
11
-3
-4
-21
-12
1
-4
-1
3
8
7
5
4
-3
18
-8
-12
-7
-28
-8
-20
-18
2
8
-1
4
15
-4
18
4
-18
9
-17
-12
-11
-22
-3
-1
5
-2
5
16
20
22
2
-2
-12
-2
2
-9
4
4
0
-11
11
3
-28
-1
-8
-18
-5
-2
8
0
16
16
5
-8
-9
4
-14
5
7
-7
16
-3
-4
-11
-10
15
3
8
2
6
11
-13
-2
-6
5
29
11
16
20
12
-1
-5
7
-1
4
3
-2
5
-2
-9
-14
-9
3
7
14
3
-4
-5
-19
-3
-5
6
14
1
2
-19
-5
16
17
25
7
-5
-7
-8
-9
-9
4
-7
-5
5
-9
3
9
-1
19
4
-3
-1
-10
3
4
0
-8
3
-11
-17
4
-22
10
8
-15
5
-19
-7
-1
-23
-3
4
0
2
3
13
6
3
6
-7
2
2
8
9
-15
-7
-8
-12
-1
2
4
-7
3
-12
-16
-11
-18
10
-5
-1
-2
-21
-2
2
-1
0
2
-13
-6
5
-6
18
4
-7
8
-7
-2
20
17
1
17
-2
-28
4
2
1
14
-7
3
7
-6
0
-9
-7
10
-15
-11
6
-3
5
12
8
0
6
2
-10
-3
-10
-3
5
-8
-1
-1
-8
7
9
-3
8
14
8
1
-4
-15
-2
-3
-6
-6
-15
-3
-2
4
6
7
14
2
-1
-3
-1
2
-12
-20
-10
-9
7
15
3
6
14
1
-5
0
-7
-3
2
-7
-4
7
-1
18
17
-5
-4
-8
-6
7
15
-5
-5
-5
-23
-1
1
6
7
1
8
0
2
4
12
12
5
7
-3
1
9
2
7
5
-16
-7
0
-5
4
0
2
7
-11
-8
7
5
12
19
1
-7
-4
-11
-7
4
4
13
15
4
11
5
2
18
2
0
1
-12
-4
1
7
8
-3
-3
4
-3
-5
12
3
-5
5
-16
-21
-14
-10
9
5
-1
7
-3
-6
-5
-4
0
1
0
-5
-15
-14
-3
1
2
1
-3
0
-8
-5
-5
-17
1
-4
-11
-4
-6
-7
-10
-1
-2
6
9
-6
3
1
2
9
4
1
1
-8
-9
-5
-6
4
3
-6
-2
-2
-2
7
9
1
3
1
3
6
-6
3
1
-5
0
-8
3
11
6
8
8
8
9
11
7
1
5
8
2
-7
-4
7
3
-2
-3
-13
-10
5
-1
-11
-5
-11
-14
-3
-4
0
5
2
4
7
1
-3
6
17
14
8
-6
-14
-5
3
15
9
5
2
-6
-1
-3
0
-1
-5
2
-1
-4
3
0
5
11
4
2
2
-3
-3
8
3
-2
-6
-3
9
2
1
4
-2
-1
1
0
-4
0
8
0
4
9
15
9
-5
2
-5
-2
9
6
1
0
5
3
-1
-1
0
3
8
4
-8
-14
-6
-6
-9
-4
0
1
2
1
-6
-5
-4
-2
-6
-7
-4
2
2
6
12
7
0
-7
1
8
5
9
2
-4
4
3
-3
2
9
8
-2
-5
0
-10
-11
0
-15
-13
11
6
6
15
1
-12
-12
-3
-6
-13
-5
0
-11
-11
-3
-7
1
12
7
4
7
8
-2
-9
0
1
-3
1
-3
-1
6
8
8
1
4
4
-5
-3
-2
-2
1
1
1
4
6
6
10
6
-9
-7
-15
-28
-13
-2
-11
-9
-5
-6
-6
1
-1
-5
3
3
1
2
5
7
6
2
-1
0
2
-6
-8
-10
-11
-2
4
4
4
1
-6
-4
-1
-4
-2
0
-6
-13
-11
-13
-5
5
-1
-1
2
4
7
2
7
10
6
7
0
-6
4
10
4
4
3
4
10
8
4
4
3
1
-5
-8
-4
-3
0
-9
-8
-3
1
6
-4
-2
-3
1
10
-3
-4
-1
-2
3
4
-1
-4
0
0
-7
3
9
3
6
3
2
-2
3
6
-4
7
8
5
7
6
6
-4
0
-3
-4
0
-4
0
-9
-4
3
-1
2
9
6
0
-5
-2
-2
-5
-2
-2
-8
-10
-12
-9
-6
3
7
-1
1
5
7
4
12
12
-4
-4
-2
-2
4
13
20
3
-7
-6
-2
2
3
3
1
-2
4
1
-4
3
6
-1
-2
-2
-7
-2
-1
-3
6
6
4
7
3
5
8
4
-1
-4
-3
-3
-4
-6
-4
-15
-12
-4
-2
2
3
9
8
9
4
0
2
2
-2
-8
-6
-4
-2
3
1
-3
3
5
1
2
3
-6
-7
-5
-6
-5
2
-1
-4
3
2
3
4
2
4
-1
-4
0
-4
-6
-2
-1
-1
-7
-2
5
6
8
12
9
4
5
0
0
3
8
10
2
-1
-7
-6
3
12
11
8
4
-4
-11
-5
5
2
-1
-1
0
2
1
-5
-7
-5
0
0
1
-3
-6
-8
-8
-3
-3
-1
0
-6
-3
-2
-2
-1
1
9
12
12
14
6
0
1
-2
-4
-5
-4
-9
-12
-6
-3
-1
2
6
3
-2
1
0
-3
0
-3
-1
-4
-13
-9
-5
-3
-3
-1
2
2
4
-2
-2
2
-1
1
-1
1
2
-2
1
2
2
1
-1
-2
-5
-4
-3
-4
1
6
4
2
3
2
-5
0
4
-3
0
-2
-5
-5
7
9
-2
1
-1
1
9
5
2
-3
-4
-3
-5
1
-1
2
7
5
1
-4
4
4
4
9
10
10
8
7
8
-2
-2
-2
-3
-3
-5
-1
-3
-2
2
3
3
-2
-3
-2
-5
7
3
-4
0
0
0
2
1
-5
-8
1
4
0
-4
-2
1
-4
-3
-3
-6
-6
-9
-4
5
5
0
-5
-2
6
8
2
-3
-5
2
6
2
-6
-8
-5
0
3
0
0
3
8
10
9
4
5
10
12
10
1
-6
-9
-7
7
9
8
4
-8
-11
-5
-3
-9
-11
-4
-5
-5
-3
-6
-4
-3
8
12
12
10
8
12
8
1
-1
-6
-6
-8
-15
-12
-7
-3
2
-3
-1
-1
-2
2
7
10
-6
-9
-10
-6
0
-2
0
-8
-4
6
7
6
6
3
-2
-1
-3
-8
-12
-9
-7
1
8
6
3
2
2
2
9
15
9
6
5
4
-1
-4
-6
-2
2
-2
-5
-10
-3
-2
-5
2
4
-2
-5
-4
-5
-7
-4
-1
0
2
1
-2
0
0
3
3
-3
-6
-3
-1
0
1
0
-3
-4
-11
-4
2
6
7
-1
2
-1
1
6
4
6
3
3
-1
-6
-4
-4
-2
-6
-5
0
0
3
2
-3
-4
-3
-1
-1
4
8
3
2
1
-1
1
-2
1
1
-4
-7
-11
-3
3
8
7
1
3
4
4
4
2
0
0
-1
-3
-2
0
4
5
7
6
2
3
3
-1
-3
-8
-10
-8
-7
-4
0
1
8
7
-4
7
25
14
-5
-22
-17
9
21
-2
-32
-27
-4
17
11
-2
10
22
21
14
5
-10
-12
-12
-13
-3
-1
-20
-20
0
19
37
29
16
18
21
8
-6
-17
-23
-9
-8
-33
-40
-21
1
19
30
25
34
38
23
6
-3
-4
-15
-34
-47
-47
-28
-12
1
10
18
28
28
24
29
29
17
-5
-28
-41
-44
-37
-28
-24
-19
-5
29
48
46
43
32
23
24
13
-26
-56
-53
-42
-40
-36
-28
-14
12
41
54
58
62
52
28
-3
-23
-44
-60
-60
-57
-52
-32
5
31
48
61
60
62
48
23
-2
-26
-47
-58
-65
-64
-34
-12
-6
14
37
60
65
60
47
21
8
-10
-33
-57
-65
-54
-38
-23
-8
14
31
48
58
56
46
36
3
-38
-39
-40
-52
-40
-33
-28
4
25
29
42
54
62
39
9
4
-15
-40
-60
-71
-58
-34
-8
8
20
28
33
41
46
36
25
9
-15
-33
-37
-53
-49
-33
-25
-3
2
8
19
36
42
37
51
34
-4
-20
-31
-32
-36
-36
-27
-15
5
25
23
28
55
51
30
3
-27
-38
-40
-35
-44
-39
-18
2
15
21
36
57
45
19
9
-14
-16
-6
-20
-31
-36
-23
-12
-1
20
19
20
41
41
18
-4
-10
-19
-18
-5
1
-3
1
20
-3
-14
13
18
-4
-3
4
-7
0
13
-3
-17
-5
1
2
8
8
5
-17
-24
5
24
12
0
-2
-18
5
27
-4
-19
-11
-2
-10
-6
-23
-26
1
13
27
37
22
4
14
6
-12
-8
-30
-41
-25
-8
-6
6
4
-24
-19
-2
21
41
28
12
-13
-18
-22
-33
-24
-2
3
-15
-16
-1
22
46
20
12
37
39
22
-4
-21
-17
-25
-40
-46
-26
-12
-14
10
15
22
43
35
17
-4
7
-2
-25
-18
-19
-14
-36
-42
-34
-18
20
38
42
26
18
36
49
52
35
-11
-50
-56
-55
-38
-16
-3
8
7
2
7
18
33
61
59
24
6
-5
-15
0
1
-21
-53
-68
-36
-26
-17
5
27
43
39
50
46
45
44
21
-28
-61
-60
-89
-82
-47
-29
22
51
36
39
63
76
83
79
13
-36
-58
-82
-71
-64
-96
-96
-50
0
69
104
75
78
73
36
31
22
-14
-31
-53
-106
-125
-76
-25
-18
-9
6
36
83
97
72
87
64
0
-25
-66
-84
-32
-24
-45
-14
11
18
38
32
38
72
48
32
13
-29
-34
-38
-55
-71
-51
-45
-49
-5
23
52
48
21
46
58
54
37
12
-37
-67
-63
-89
-65
-17
-12
-16
5
22
46
100
87
52
47
6
-32
-46
-73
-73
-33
-54
-82
-38
4
33
69
64
72
94
87
66
20
-15
-33
-67
-107
-110
-84
-56
-27
-10
20
37
67
98
88
76
50
-2
-41
-71
-91
-77
-65
-57
-23
-16
-18
19
66
86
91
79
44
21
0
-37
-53
-70
-73
-72
-70
-29
26
58
62
47
32
64
87
65
28
-28
-56
-42
-49
-76
-74
-36
-5
-5
9
49
87
117
89
43
23
0
-16
-53
-72
-59
-49
-56
-55
-11
17
27
41
35
44
52
28
-6
-18
-12
-28
-60
-84
-69
-18
12
31
33
14
32
49
47
43
44
14
-21
-15
-26
-38
-30
-33
-30
-11
-1
2
16
47
64
60
30
0
-8
-27
-31
-30
-47
-55
-39
-27
-22
8
24
20
27
46
40
32
12
-15
-12
-12
-15
-27
-32
-33
-20
-5
-12
10
42
15
0
5
5
28
31
-5
-31
-17
-11
-9
2
-2
9
11
-19
-26
-10
10
8
10
-3
-6
17
4
9
22
-9
-26
-17
-14
-14
8
18
0
10
15
9
29
43
38
28
7
-27
-28
-23
-47
-34
-19
-31
-9
21
36
46
37
8
-14
-14
-10
-11
-21
-33
-33
-26
-22
-15
-9
8
27
22
6
6
20
19
20
8
-35
-25
1
-9
-14
-8
-8
-5
23
13
8
24
12
14
9
1
-4
-16
-14
-14
-4
-2
-2
-1
2
4
11
18
14
31
29
0
-6
5
5
0
-5
-26
-25
0
2
-9
1
15
7
-2
-9
-13
10
25
10
-15
-42
-44
-22
-9
-12
2
5
-1
4
9
11
27
31
5
-4
-8
-12
-20
-33
-31
-22
-8
6
14
24
32
38
29
27
34
23
-2
-30
-48
-45
-33
-36
-39
-15
15
23
29
33
40
47
47
31
6
-2
-12
-27
-37
-40
-36
-37
-33
-11
16
35
51
48
43
36
23
21
-15
-41
-49
-72
-72
-55
-30
6
33
49
63
68
60
51
24
-4
-14
-37
-57
-61
-61
-38
-18
-9
15
42
56
69
69
60
54
33
-1
-37
-52
-59
-72
-65
-50
-25
9
45
58
55
66
53
19
-4
-15
-17
-36
-64
-73
-57
-38
-9
9
9
38
62
61
51
32
20
11
-3
-31
-46
-45
-52
-43
-33
-15
22
49
59
51
45
37
21
9
-8
-28
-40
-47
-49
-59
-39
-2
18
35
54
48
33
28
16
-8
-33
-40
-37
-45
-49
-32
-10
17
40
46
50
62
59
45
20
-11
-32
-39
-49
-52
-44
-32
-2
19
33
44
54
55
36
26
12
-16
-31
-39
-54
-47
-36
-27
-6
13
29
46
43
37
37
31
26
16
-7
-37
-48
-52
-38
-16
-6
11
26
39
49
62
63
40
22
-9
-33
-43
-59
-61
-55
-44
-28
-18
-6
15
36
42
37
33
18
-1
-19
-37
-44
-41
-42
-45
-39
-18
14
40
45
40
42
36
18
0
-6
-14
-25
-35
-47
-50
-26
-11
-7
-3
9
29
27
26
15
2
-1
-11
-16
-26
-23
-14
-18
-12
-13
-7
18
27
31
23
19
23
6
0
-5
-6
1
-5
-18
-40
-30
-10
-9
-2
12
19
11
13
11
4
9
4
-6
-4
-6
-6
2
-3
2
14
11
5
-1
6
13
12
15
1
-10
-7
-1
-9
-14
0
-3
0
6
-3
5
15
9
-1
-3
1
-1
-5
-9
-6
3
2
-5
-17
-13
0
-1
0
-13
-11
-1
2
12
6
6
10
11
6
-3
-2
-7
-11
-7
-7
-14
-18
-10
-16
-23
-8
-4
1
5
5
14
18
11
-12
-19
-17
-11
8
1
-4
2
8
13
18
29
30
28
15
-2
-9
-14
-10
-4
-2
-8
-8
-2
5
11
2
-3
2
4
7
1
-14
-16
-15
-16
-17
-10
1
6
17
14
17
19
14
8
-1
-5
-13
-14
-23
-20
4
8
7
18
20
17
15
11
6
4
3
-9
-20
-20
-15
-9
-6
5
12
10
10
4
8
18
24
15
0
-11
-21
-22
-15
-16
-14
-2
15
17
14
9
7
11
10
9
2
-3
-3
1
1
-9
-10
-5
2
5
4
-1
2
8
5
1
-4
-4
-10
-10
-7
-8
-6
-1
-1
3
-2
-6
4
14
16
10
0
-14
-8
2
0
1
7
5
3
-7
-9
3
18
20
6
8
8
1
3
-2
-9
-3
1
-1
-9
-12
-9
-1
7
6
5
2
0
-1
-5
-7
-8
0
-2
-13
-17
-20
-15
-6
-6
-5
9
19
23
15
-1
-11
-8
-9
-8
-5
-6
0
-2
-5
-3
6
10
4
4
-10
-15
-12
-15
-16
-8
-1
-3
-8
-9
-8
7
11
10
2
-7
-7
-5
-4
-1
5
10
15
13
7
-3
1
13
16
12
6
4
4
4
2
0
1
10
10
0
1
5
3
-1
-1
1
-1
-1
2
-4
-8
-4
-11
-10
-5
-7
-4
-2
1
1
7
3
2
6
3
0
-2
1
4
6
10
4
2
1
-1
3
5
3
-3
-11
-6
4
4
2
6
9
6
4
-3
-7
-1
4
4
-3
-4
5
11
8
4
0
0
-3
-12
-11
-6
1
2
-2
-3
-5
2
2
-4
2
9
9
3
-3
-1
1
-1
1
4
5
-2
-6
-7
-9
-8
-6
-9
-13
-12
-2
-1
-1
-3
-15
-18
-7
2
-2
0
2
3
8
5
0
-1
0
2
3
7
11
15
10
6
3
-1
-2
-2
-5
-11
-9
-5
0
6
8
6
7
9
1
-9
-10
-11
-13
-13
-17
-8
2
5
9
4
-1
5
8
-2
-7
0
3
-4
-10
-8
2
9
5
1
-5
6
13
6
5
10
10
1
-5
-10
-13
-6
-3
-2
3
7
12
11
0
-7
-8
-8
-6
-1
-1
2
9
12
9
8
3
-2
2
4
7
11
3
1
4
4
3
3
10
13
7
3
0
-1
0
-13
-17
-9
-5
-1
2
1
-2
2
4
-1
0
-3
-6
-10
-13
-12
-6
-2
-5
-6
-2
8
13
12
7
1
-3
-3
0
-9
-11
-10
-11
-2
4
4
6
8
10
1
-6
-1
3
-3
-5
-6
-8
-3
3
1
-2
6
10
6
14
7
-1
-3
-13
-11
-2
2
2
2
-1
-6
-2
1
4
10
4
-5
-10
-3
-1
8
7
4
13
10
4
2
-3
-4
1
5
2
-3
-5
-2
-3
-3
-4
-3
-4
-8
-8
-16
-20
-14
-7
2
8
10
5
1
2
-1
-5
-4
-2
2
0
-4
-5
-4
-8
-2
1
0
8
7
9
14
12
11
8
3
2
1
-1
1
5
0
-7
-11
-11
-5
3
6
0
3
1
-4
-3
-1
-2
-4
2
5
8
9
7
3
-2
0
-3
0
1
-4
0
0
-1
-2
-1
-1
1
0
-8
-1
6
10
7
3
10
8
6
0
-5
0
2
-2
-9
-13
-10
-4
-4
-8
-5
-5
-2
6
4
0
0
-6
-5
-1
-2
-6
-6
2
6
9
7
6
2
1
-1
-4
1
2
1
1
5
9
13
12
5
5
-2
-11
-15
-14
-4
5
4
-2
-7
-8
-10
-11
-9
-2
1
0
2
2
-2
0
7
8
7
7
3
-2
-3
-5
-2
3
1
-4
0
3
2
2
-3
-4
-2
1
2
2
3
-4
-8
-9
-10
-8
-3
-4
-14
-12
1
3
3
4
7
4
4
3
0
8
11
6
1
-1
-1
4
0
-7
-3
1
-3
-4
1
-1
0
7
0
-6
-13
-11
-1
6
12
13
9
4
6
10
6
9
9
0
-3
3
-1
-4
0
7
8
8
13
13
13
7
-2
-1
3
4
4
-5
-10
-8
-2
6
9
10
7
-2
-8
-4
0
3
0
-3
-2
0
5
2
-4
-1
2
5
6
5
2
0
7
8
-1
-1
-2
-4
-3
-8
-12
-7
-1
-1
0
-2
-1
2
3
2
1
0
-1
2
5
1
0
1
2
3
4
3
-2
-2
-9
-12
-7
-4
-4
-5
-3
-1
-1
1
3
4
5
8
10
5
3
-1
-10
-12
-11
-8
-3
-1
-5
1
5
2
0
-4
-5
-1
5
-2
-9
-10
-11
-9
-5
-5
-1
1
-5
-6
-6
-8
-2
2
2
6
2
-5
-8
-5
-6
-2
2
0
6
10
14
5
1
0
0
4
1
-1
-6
-8
-5
1
2
8
11
5
-1
-4
-3
-7
-8
-6
-5
-2
-5
-3
-2
0
7
7
6
4
7
5
4
6
4
4
0
-2
3
-1
-1
3
6
0
2
9
1
8
10
6
1
2
3
-5
5
8
1
4
4
2
-6
-4
-6
-10
-7
-7
-4
-1
-6
0
1
0
6
3
2
4
8
6
0
4
0
-1
2
-2
-2
-3
3
-6
0
7
2
8
5
3
-2
-8
-5
-8
-10
-2
1
5
8
6
5
2
1
-4
-13
-9
-18
-23
-17
-19
-18
-18
-13
-11
-7
-3
0
2
3
2
-2
-8
-10
-8
-5
2
2
8
5
4
2
-4
0
-4
0
2
-2
-6
-9
2
2
2
8
2
1
-1
-11
-6
-2
2
6
6
7
-3
-1
1
-3
-4
0
-1
-8
1
-7
0
16
13
18
9
10
8
0
3
4
-3
-12
-3
-1
-2
10
9
5
11
15
4
9
16
13
6
-5
-4
-6
-5
-7
-9
-6
-4
11
11
4
9
7
-6
1
3
-6
-3
-2
-6
-9
2
8
8
10
6
7
4
5
7
2
-2
-5
-4
-16
-12
-6
-1
8
4
10
2
0
5
5
8
-4
0
9
3
-7
-1
12
10
10
4
5
6
-1
5
-3
-4
3
-2
-6
2
4
1
-1
-5
3
7
8
5
0
1
-2
-4
-10
-8
-1
-4
-9
-11
-8
-7
-2
5
1
-3
6
4
-1
2
1
1
-6
-6
-5
-4
-3
-2
-1
2
8
1
-1
3
9
10
7
0
-7
-9
-6
7
12
8
7
4
-2
-2
-3
-12
-11
-4
-1
-5
-8
-1
-4
1
4
-3
-2
0
0
3
3
5
3
1
7
5
5
6
-2
-1
-4
2
-4
-6
6
5
7
6
5
0
-7
1
4
1
0
-8
-8
-4
-4
-4
-3
-5
-4
-2
-3
-3
-3
-1
0
0
-7
-8
-5
3
5
5
4
1
1
2
3
3
10
9
5
-3
-6
-10
-14
-6
-3
-3
1
2
2
-2
1
2
2
3
-2
-9
-10
-2
7
3
-2
1
2
-1
3
3
7
10
2
0
2
0
0
-5
-8
-1
-5
-5
3
6
4
3
3
-1
4
4
3
0
-6
-2
-8
-7
-2
-2
1
3
3
2
2
-1
2
1
-2
6
-3
-8
-7
-5
0
-4
1
-5
-13
-11
-14
-8
-8
-4
-1
-4
-6
-6
0
-5
-3
2
0
3
3
7
5
11
7
0
0
-2
0
3
2
3
5
1
2
3
0
-1
-4
1
-4
-7
-4
0
5
8
7
-2
7
6
8
3
-5
-1
-10
-9
-5
0
9
2
1
-1
-6
-4
-2
-5
-8
-3
1
-2
0
3
-1
2
1
-3
5
3
-2
-1
-5
-6
-1
3
-3
-1
1
-4
6
4
3
6
2
1
-2
-1
-6
-8
0
1
2
1
1
6
4
-3
-4
-6
-6
3
6
4
1
-3
-5
-1
9
5
-3
-4
-9
-3
0
0
2
0
3
1
-5
-6
0
6
5
0
-2
-5
1
-1
-3
1
4
7
9
3
3
9
5
-4
0
3
4
0
-6
-1
-4
0
0
-2
-2
-2
3
-2
-8
5
4
5
12
2
-3
-9
-3
-3
1
1
-4
-1
-3
-1
-1
-4
-3
3
2
0
4
-5
-8
-3
-2
2
0
-1
-3
-4
7
3
-2
6
3
8
4
5
0
-8
-1
-4
-1
-8
-8
-2
-6
3
0
5
9
4
9
1
3
6
-1
-2
-9
2
0
4
12
8
15
7
1
4
1
6
7
-5
-5
4
6
6
6
6
8
7
4
3
1
-1
2
-5
-7
-4
-13
-11
2
9
10
-1
-2
0
5
9
-4
1
-2
-6
2
-2
-1
-6
-15
-15
-1
18
8
1
4
3
10
3
-4
-7
-10
-17
-21
-17
-17
-14
-2
-4
2
6
7
12
3
3
0
-4
2
-2
9
4
-3
2
1
18
17
6
2
-6
-3
-3
-3
-3
-12
-9
-8
-3
6
5
6
3
5
-2
-1
1
-3
10
7
-1
-13
-12
-4
0
11
12
15
13
9
15
10
10
1
-10
-9
-12
-9
-8
-18
-14
-14
-11
-2
2
9
3
-2
-8
-5
-4
-9
-6
-4
-2
-4
-7
-6
0
0
0
-1
-3
2
1
-4
0
7
13
16
8
2
7
2
5
3
-6
1
-1
2
1
2
5
-1
10
1
-2
5
1
-5
-8
-2
-3
5
4
-5
13
14
10
10
-2
-2
-1
0
-7
-1
-3
-8
1
-1
7
11
4
9
9
10
2
-6
-4
-4
-2
1
-3
-1
-3
-5
-2
1
6
-5
0
0
-5
2
-2
0
-2
-5
-1
-6
4
10
12
3
-11
-3
5
14
13
7
4
-5
-5
-3
-7
-6
-16
-15
-17
-11
6
6
12
-5
-8
1
-7
5
-4
-12
-6
-3
-1
-4
8
4
4
5
-6
-2
-3
11
10
3
3
-9
-6
-6
-5
-2
-6
2
8
6
7
0
-1
-1
-5
6
-1
-4
0
-2
3
0
-1
5
2
2
-10
-7
2
-3
4
-5
-6
-3
1
0
-5
-1
-3
-3
-7
-7
6
10
-1
-2
-9
-5
-1
2
2
-6
14
9
-1
0
-5
8
-1
-4
0
-11
3
1
3
6
6
17
0
5
8
-6
4
0
1
2
-2
3
4
12
-4
2
1
-6
13
-2
1
13
2
8
1
2
2
-5
5
-7
-9
-14
-10
-4
-7
2
-3
0
2
-9
-5
-5
2
10
-7
-2
3
3
7
4
5
-2
13
14
3
12
6
7
1
-2
-2
-11
-3
-12
-13
-13
-9
-2
-11
1
-2
-1
0
-11
-2
-14
-4
-3
-5
-1
-12
-1
-6
-5
1
-4
4
5
2
3
6
14
11
7
2
-3
2
-1
3
3
-2
1
-1
-3
1
2
0
-3
2
1
-4
2
1
-1
3
-2
2
-3
5
16
9
17
10
4
7
4
8
-4
-3
0
-8
-6
-8
-8
-14
-7
4
-4
-1
1
1
2
1
1
-12
4
7
-5
-2
-9
-4
0
-1
2
2
2
0
-4
-3
-4
-5
-6
-13
-4
4
-2
2
-2
-2
0
5
3
-1
1
1
-2
-5
-1
1
-3
10
9
3
1
-3
0
-6
-1
1
-4
-1
-1
-15
-11
-4
6
5
3
-4
6
8
-7
2
-3
8
10
2
2
-5
7
-2
-5
1
5
10
3
6
-10
-14
-1
-4
-1
11
16
11
9
8
0
4
8
7
9
7
4
1
-1
-2
2
5
10
10
13
10
1
3
-4
6
6
-3
-2
-13
-12
-10
-9
-8
-1
-4
-9
-1
-4
-2
0
-1
0
3
9
4
-3
3
0
2
4
-4
-1
-1
-4
-2
-6
-3
2
8
12
-3
0
2
-2
-2
4
4
9
7
-3
-1
0
3
-4
-6
-2
-3
-2
-7
-7
-10
-11
-4
-16
-9
-9
-14
-7
-5
-1
-5
-2
-6
-6
5
0
1
1
-2
-3
6
13
0
-1
-3
-9
-3
0
-5
-3
-4
-11
-16
-11
-1
-2
6
12
13
11
-1
4
6
3
7
8
7
1
0
-9
-12
-2
-4
-1
4
9
3
2
15
10
12
18
7
3
0
3
1
-2
2
-5
5
1
-3
2
-5
6
-2
-3
-3
-8
0
-1
3
-1
-2
-2
-2
-9
-4
-15
-25
-5
-9
-5
6
6
14
19
12
10
13
-2
-12
-14
-17
-18
-14
-11
-6
3
9
0
5
10
4
7
-1
-7
-7
-2
0
1
11
19
16
7
8
19
15
18
11
-4
10
20
12
0
-1
5
4
6
7
-6
2
8
12
6
1
10
4
5
4
3
0
-7
-1
-6
-8
2
0
-5
-2
-2
-9
-13
-6
-6
-10
-4
-1
-4
-5
3
6
2
1
-3
-3
-1
-2
-4
-6
-5
2
4
-3
-11
3
2
0
3
-11
-13
-3
1
-5
1
8
-3
2
-1
-5
6
4
6
-1
-5
-3
-3
0
3
3
2
3
7
4
2
4
1
1
4
10
6
0
5
-4
-8
-1
-4
-11
-3
-6
-7
-6
-14
-5
-12
-4
-1
-10
5
-3
-3
1
-6
0
-3
-6
-3
0
10
2
4
2
-4
9
3
-2
2
0
2
-5
-4
-2
-3
2
-2
-3
3
0
-1
-8
-7
-8
-4
7
2
3
3
-10
-3
-1
-3
1
-3
-10
-11
-3
1
1
4
-3
-2
1
1
0
-4
-4
2
0
2
1
-5
-6
-4
4
-4
-1
3
-3
2
1
-1
0
-6
-9
-9
-6
2
6
4
2
5
3
4
-3
-5
1
1
8
5
-1
6
9
4
4
10
4
5
11
2
-3
-2
-2
-8
-8
0
-6
1
5
-1
2
0
3
9
10
4
-2
-2
-6
-6
-8
-5
0
1
6
7
7
8
4
2
2
3
4
-2
1
0
5
5
3
5
2
-3
3
7
5
12
9
4
0
-6
-11
-10
-8
-3
3
8
3
-1
1
3
-1
1
6
3
2
1
2
10
9
12
13
10
9
-6
-7
-4
-7
-5
-9
-5
1
7
8
9
8
-1
0
-6
-7
-3
-8
-3
-10
-8
3
-3
1
3
5
9
6
6
-3
-3
-5
-6
-3
-10
1
4
10
11
3
-2
-6
-4
-4
-12
-12
-14
-15
-11
-7
-11
-4
7
8
12
9
9
10
1
1
-4
-6
-3
-4
-4
-3
5
3
-3
-8
-7
-2
-4
-3
-9
-3
2
-1
0
-2
2
7
5
2
2
3
3
5
4
4
-1
-3
-10
-14
-2
1
-5
0
1
0
5
2
-3
-3
0
-6
-6
-5
-3
-2
-2
-2
-5
-8
-8
-3
2
0
-1
-6
-6
-2
4
6
2
4
3
6
8
3
2
2
3
5
0
4
4
2
4
0
-1
1
1
0
2
3
-1
3
2
2
0
-5
0
-5
-6
-7
-7
-4
-2
3
4
3
6
6
3
0
-2
-1
2
2
5
5
11
10
4
4
-5
0
2
-1
-1
-7
-5
-6
-5
-6
-6
-4
-7
-1
0
-6
0
3
6
10
8
11
7
-4
-7
-9
-6
-8
-14
-8
-5
1
0
4
12
8
10
-1
-11
-8
-9
-7
-8
2
3
0
5
3
7
4
-3
-3
-10
-5
-1
-4
-3
-5
1
0
2
8
6
13
17
15
8
4
-3
-8
-2
2
-1
-1
-3
-3
0
-3
3
3
3
8
1
0
0
-1
-5
-7
-1
1
8
11
2
6
3
1
5
3
2
-2
-6
-4
-3
2
0
-5
0
0
1
5
5
6
6
7
3
1
6
5
1
1
-7
-4
-2
-5
-7
-5
0
-1
1
1
-4
-2
0
-2
-3
-4
-3
1
2
1
0
-1
-3
1
-1
-3
2
3
3
3
1
2
4
5
4
3
3
3
-1
1
6
5
4
0
0
2
-1
-6
-11
-10
-7
-8
-7
-9
-7
-4
-4
0
3
4
7
5
4
0
-8
-7
-6
-4
-5
-8
-5
-8
-4
-5
-6
-5
-2
0
-2
-1
2
3
0
4
-1
-2
1
-5
1
4
8
7
6
5
-2
5
1
0
-1
-3
2
5
11
9
9
10
13
14
5
6
2
-7
-5
-5
-6
-4
-1
2
4
3
0
-2
4
3
1
1
-3
-6
1
3
3
8
2
0
4
-2
-1
7
4
-2
-2
0
-1
4
4
0
0
5
3
-3
-3
-4
-3
0
-1
-8
-2
-1
-8
-4
-6
-2
3
4
2
1
1
-6
-3
-4
-4
8
5
4
1
1
2
-1
0
-5
-6
-2
-1
0
-4
3
6
6
9
3
3
1
0
0
-2
-5
-7
-11
-12
-8
-8
-4
3
4
3
9
6
2
2
3
4
4
-1
-4
-4
-7
-9
-11
-8
-2
0
1
-2
1
0
-3
-4
-4
-5
-5
-8
-13
-13
-6
-1
-2
-2
0
-4
3
2
1
2
1
5
3
1
0
1
6
7
8
9
3
4
8
5
5
7
5
6
8
7
0
1
1
-4
-3
-6
-7
-2
-7
-10
-2
-4
1
6
4
6
5
2
2
4
3
1
-1
-3
-6
-3
1
3
4
3
3
6
4
2
-2
-1
0
-2
-1
-1
-2
0
1
0
3
4
5
1
-2
5
1
-3
-3
-7
-2
-2
-2
2
-2
0
-2
-3
0
-1
-2
-1
0
1
3
7
6
5
3
-3
-5
-3
-2
-3
-2
-2
-2
2
4
2
1
-7
-4
0
0
3
-2
-5
-9
-14
-6
-4
0
3
4
2
1
3
1
3
4
5
3
1
1
4
5
6
7
-1
-2
1
5
-1
-5
-6
-10
-10
-13
-12
-10
-9
0
3
2
1
-2
-6
-7
-8
-6
-8
-10
-4
-1
4
8
2
2
5
6
7
5
2
3
6
6
8
9
6
2
-4
-3
-4
-8
-5
3
7
7
7
10
11
5
1
0
-4
0
1
-4
-3
2
3
8
6
4
6
3
3
1
2
6
5
5
3
1
4
0
1
0
3
6
4
3
0
-2
-1
-5
-4
-4
-6
-8
-10
-7
-6
-3
-3
-4
0
3
1
0
-3
-4
0
2
-6
-4
-3
-1
3
3
6
7
4
1
-4
-1
1
2
4
5
2
-3
-2
3
1
5
6
-1
3
6
3
-2
-8
-10
-9
-5
-1
0
4
8
7
4
4
8
2
-1
-1
-1
0
-2
-2
-3
-4
-2
-4
-4
-3
-3
-7
-5
-4
-2
-4
-1
-1
-7
-7
-9
-12
-7
0
2
6
8
2
-2
2
6
4
4
7
10
11
9
3
-2
-3
-1
-3
-1
4
6
11
4
-2
2
2
5
1
0
5
7
4
0
-1
2
3
3
2
6
3
0
3
-2
-3
-4
-7
-6
-5
-3
0
3
5
1
2
0
-1
0
-4
-4
0
2
5
7
2
0
-2
-9
-7
-9
-7
-5
-4
0
0
4
4
5
1
-1
-1
-3
-1
6
7
6
7
4
1
-1
-2
2
5
4
3
-1
-5
-6
-6
-6
-5
-3
1
8
5
4
3
3
2
3
1
-3
-8
-9
-7
-8
-3
2
0
-5
-2
-3
0
5
-1
-6
-4
-1
0
-6
-7
-1
5
8
7
4
2
2
-2
-4
-5
0
-3
-3
-1
-2
1
-3
-3
2
3
7
6
2
-1
-2
-2
0
1
3
1
-1
-2
-5
-5
-2
-1
-2
-2
-5
-9
-5
0
5
6
3
-2
-2
-3
-2
-1
-3
0
-1
-2
3
2
4
5
-1
-7
-1
2
-1
3
2
0
-1
-3
-2
-1
2
3
1
5
1
1
2
-2
3
1
-1
-2
-3
0
0
1
0
-1
4
-1
-2
-3
-4
0
-4
-7
-6
-2
-1
0
0
1
3
1
-2
-4
-3
-3
1
2
0
1
3
-2
-2
-1
-3
2
0
0
6
8
3
4
7
5
8
5
-1
-1
0
0
0
-4
-4
-3
-6
-7
-3
-2
-4
-6
-8
-7
-3
0
-1
-3
-2
2
7
8
9
13
9
5
7
3
-1
-1
-4
-4
-3
0
-1
-3
-3
-9
-9
-4
-1
2
-1
2
1
1
7
6
9
9
9
9
9
5
3
1
-3
-6
-8
-6
-1
4
3
2
0
-2
-2
-2
2
4
5
-1
-6
-7
-7
-5
-2
0
1
-2
-2
-6
-6
-4
-6
-2
-1
-1
-5
-9
-5
-3
1
1
3
8
6
6
6
2
0
4
5
-4
-7
-11
-11
-10
-12
-8
0
7
5
2
2
0
1
3
1
2
5
2
2
0
1
3
3
-1
-6
-7
-8
-11
-10
-8
-7
-5
-5
-6
1
13
16
18
13
7
6
4
-1
-8
-6
-4
2
4
3
1
0
1
1
2
2
3
6
6
3
4
4
5
9
8
6
7
6
2
-3
-1
-1
1
6
3
2
4
2
0
-3
-1
-2
-5
-6
-5
-5
0
6
9
7
8
8
3
-1
0
1
0
1
-1
-4
-8
-7
-3
0
0
-1
-2
1
1
0
-3
1
5
1
8
7
3
5
6
4
3
1
-5
-11
-13
-12
-10
-8
-10
-10
-9
-8
-8
-8
-4
-1
1
0
1
0
1
6
10
10
9
8
2
-1
-3
-5
-2
2
-2
-3
1
3
8
9
10
9
3
2
0
-2
-1
2
2
-2
-2
-1
3
4
4
6
3
1
2
-1
-4
-1
-2
-6
-6
-3
-5
-5
-5
-6
-5
0
3
5
7
6
1
-3
-4
-3
-3
-6
-6
-3
-2
-2
0
6
7
6
7
1
-3
-3
-4
-5
-8
0
2
4
8
4
4
-1
-4
-1
-4
-3
-4
-7
-5
-6
-7
-5
-2
2
6
7
6
6
6
7
3
2
4
-2
-2
-5
-2
5
5
4
6
6
5
4
3
5
4
1
-3
-5
-6
-5
1
-2
-5
-3
-3
-5
-5
-4
-3
-1
-2
-1
-2
-3
-6
-3
4
8
