11
10
-4
-1
8
6
10
4
-8
-13
-6
7
0
-6
8
3
-6
-7
5
-1
-9
14
-8
-12
1
-2
-13
-1
5
-2
3
-6
-8
1
5
5
2
4
-6
7
4
-10
10
6
1
-16
-6
-4
-7
13
4
1
1
-8
-3
-7
5
14
-2
17
1
-5
-4
-25
-11
-10
-2
9
6
9
3
14
10
7
8
-15
-6
-12
2
9
-7
12
-7
3
13
0
12
-21
-10
16
0
4
1
-11
-12
-3
-4
-5
8
12
5
12
4
-7
-10
-12
1
1
-1
-4
1
-5
-17
4
-4
-7
8
-13
-12
-3
0
8
3
7
-1
-9
-7
-6
-9
-1
4
4
14
10
-2
-1
0
2
1
6
3
-4
6
-8
-20
-3
0
-9
18
16
-9
-3
-15
-20
-1
-5
-12
0
-4
2
15
-12
6
10
0
12
-4
-8
-9
2
6
-1
7
7
3
4
4
9
8
7
4
5
-4
-7
5
-9
-4
10
0
8
5
-7
-1
-1
6
8
-2
3
-6
-8
-6
6
8
0
4
-7
-4
2
5
-4
-4
-1
-7
4
5
7
8
-1
-8
-5
-11
-8
4
-6
-1
-6
1
16
2
15
4
-6
10
-15
-13
1
1
5
-5
-14
-9
1
4
4
-4
-6
10
10
0
0
-2
1
14
3
1
5
-2
3
-8
-8
0
-7
6
2
3
10
-1
0
6
6
-2
0
6
-1
-4
-8
-4
-2
4
14
4
2
10
-5
-13
-1
0
13
8
0
-2
-9
7
4
0
5
-6
2
-3
-15
0
-6
-4
0
-11
-2
-9
-4
0
-2
16
5
3
-5
-4
2
-11
0
-7
-3
9
-2
8
-10
-6
-1
-6
7
-5
4
-7
-13
9
3
8
15
2
1
1
2
0
-4
1
-4
-6
0
0
7
8
2
5
-3
0
0
-7
-5
-6
-1
-4
5
1
-13
-2
-3
1
2
2
2
-10
1
-7
-15
-5
-5
7
5
4
4
3
7
7
7
-2
3
0
-1
12
-1
3
2
-6
-1
-6
-3
-4
5
1
-5
11
1
-4
10
-1
-2
6
-1
-1
1
7
4
2
-5
-9
3
7
2
-10
-4
-4
-3
5
-7
-1
8
1
-1
1
9
4
9
3
-10
5
3
0
-3
-9
-6
-13
-5
-6
-10
6
5
2
4
1
6
7
10
-2
1
7
-4
2
-2
0
10
2
4
0
-3
8
-5
0
5
0
4
-6
-12
-9
-5
-2
4
7
13
17
12
-4
-7
-2
-4
-4
-2
3
7
12
6
-7
4
0
-3
6
-2
11
6
-5
-2
-12
-13
0
3
1
9
4
-12
-12
-8
-7
4
4
-3
-4
-9
-11
-8
0
7
5
8
0
-2
6
0
1
-5
-3
9
2
0
-8
-1
4
0
1
-1
-4
-6
-4
2
3
3
8
6
5
6
3
-8
-7
0
0
-2
2
3
6
8
7
-1
-10
-11
-9
-11
-7
-12
-11
-1
-5
4
9
8
11
0
-4
-5
-6
4
2
-6
-7
-5
-1
2
1
5
4
-3
-6
-9
-7
3
-2
-4
-4
-5
2
3
0
6
6
2
1
-7
-3
0
-2
-5
-11
-6
1
-1
2
6
2
2
4
-8
-4
1
0
0
4
6
7
5
0
0
-3
0
-6
-4
-1
-4
-5
-6
-5
-5
-4
-1
0
0
-1
-5
-4
1
10
17
11
5
4
8
17
19
10
-1
-5
-8
-8
0
7
10
10
2
-8
-9
-5
-1
6
2
0
-2
-11
-8
0
9
15
20
9
-6
-4
-2
0
6
5
-1
-1
4
6
3
-3
-5
-8
-12
-2
1
0
6
7
-3
-2
3
1
2
3
10
8
2
3
-7
-6
-2
-1
-2
-5
-2
-5
-11
-1
0
2
4
4
8
-1
0
-3
-3
0
0
5
-1
2
7
-2
-4
-2
1
0
-2
0
-7
-9
-9
-7
-1
1
8
0
-4
-1
-7
-2
0
-5
-5
-2
2
0
-1
5
8
5
5
1
3
5
-2
-1
1
-3
-3
-5
-4
1
3
0
1
0
-4
3
2
-3
-3
-3
-3
-5
-5
-1
1
2
2
1
0
2
4
5
2
4
9
3
12
18
9
7
7
9
11
13
3
-11
-11
-12
-10
-11
-11
-11
-12
-7
-14
-14
-5
-5
0
-5
-3
6
4
8
11
8
0
-3
-10
-14
-9
-4
0
-1
1
0
-9
-1
6
8
9
3
-3
-9
-10
-11
-4
-3
-2
5
2
4
11
10
16
9
5
-5
-12
-2
-10
-13
-5
-7
-1
3
1
-1
-4
-7
-6
-3
-9
-3
4
-2
1
0
4
1
-7
-4
-4
3
6
2
0
0
-1
2
2
3
7
4
-1
-10
-1
6
7
5
1
0
-3
-1
1
6
2
-1
2
-3
5
16
10
-1
-6
0
3
8
2
-3
-1
-9
-7
-9
-7
1
2
6
4
9
11
11
21
21
18
11
-9
-13
-2
4
-1
-1
-6
-12
-7
-1
1
1
2
8
4
-6
-6
-2
2
1
-4
-3
-5
-3
1
-1
8
9
0
3
3
0
3
4
6
9
6
0
5
4
0
4
-3
-6
-7
-5
-3
-2
2
2
-2
-5
-9
-8
0
3
3
10
9
8
4
-2
-2
2
3
-1
-1
-5
-6
-1
-4
-2
2
2
-1
-7
-9
-7
-5
2
5
4
-1
-1
4
-1
-5
-2
0
-2
-4
-1
-3
4
4
-4
-3
1
7
3
-3
-7
-5
1
-1
-4
-6
-1
3
3
3
-4
2
7
-1
0
1
-4
-7
-2
0
6
9
-1
-2
1
-2
-2
-6
-12
-12
-5
-3
0
1
-1
-5
-1
4
0
6
4
-2
2
5
11
9
-3
-3
-3
-1
-2
-5
-3
-4
1
-1
-7
-7
-8
-3
2
1
11
8
9
10
4
1
1
5
-3
-7
-8
-10
-4
-3
-4
-2
3
3
2
-2
-4
2
7
5
3
3
-2
-2
-3
-6
-6
-2
-2
-3
-4
-11
-6
3
3
6
7
8
7
4
5
0
-2
1
-4
-1
4
1
5
2
1
3
-1
0
3
1
-7
1
-1
-7
-7
-7
-1
-5
1
-1
-6
-5
-2
1
-4
1
0
4
7
3
8
-2
-2
3
-2
3
-6
-12
-10
-10
-2
-3
-1
3
-1
4
6
4
9
9
6
3
-2
-7
-9
0
0
4
7
0
-3
-6
-9
-5
-5
-4
0
6
5
6
8
8
7
6
12
7
8
8
2
-2
-13
-9
-4
-6
-3
-12
-13
-10
3
4
4
7
6
8
7
10
7
6
8
1
-1
0
-2
1
-1
0
3
4
2
10
11
3
6
1
2
2
-4
-1
-6
-6
-1
-12
-11
-7
-4
3
3
8
6
3
1
0
-2
-1
0
-10
-13
-3
3
4
4
2
8
7
2
2
2
-10
-16
-12
-6
2
5
-4
1
1
-3
-3
-4
-1
-3
-4
-11
-11
-2
4
4
6
0
-4
1
-2
5
9
0
2
3
2
-1
-2
0
0
10
5
2
4
-11
-8
2
2
9
5
0
1
-6
-5
-2
4
8
14
13
3
1
0
0
8
3
2
-1
1
3
-4
0
0
-9
-8
-4
-7
-1
-1
-6
1
0
0
3
-4
-1
4
-2
-1
2
-4
-6
1
2
-1
0
5
4
7
0
-6
-7
-8
-5
-3
-3
-6
1
7
6
13
10
-2
-4
-1
-9
-8
-2
-10
-3
-1
-3
3
3
3
7
12
10
10
5
1
4
-5
-4
-1
-5
1
6
9
5
1
-2
-3
-6
3
8
10
8
3
-1
-7
-2
-3
-1
8
3
1
-1
4
3
2
8
-7
-11
-8
-4
-5
-9
-3
0
-2
-7
-8
-4
2
12
14
2
0
4
-1
-6
-6
-8
-9
-10
-8
-1
-1
8
3
-8
-6
-4
-5
-5
0
5
0
-5
-7
-5
6
9
3
0
3
2
4
2
-6
2
2
0
4
3
0
2
10
6
2
3
-4
-4
-4
-6
-4
1
4
-1
-2
0
-4
-2
1
-4
-2
-1
7
4
2
2
-2
3
-2
-2
-2
-1
1
3
-3
-10
-9
-10
-1
11
15
10
11
14
12
13
9
3
4
-2
0
3
2
3
-2
-2
-1
-1
2
2
-1
1
-1
-5
-10
-10
-2
-4
-6
-2
-4
0
-1
-5
-13
-13
-1
0
3
-2
2
10
8
12
7
3
8
5
-1
2
-3
-15
-5
-1
-2
3
1
-1
2
7
4
3
6
-5
-8
-9
-10
-4
-7
-4
-4
-2
2
0
8
1
-2
2
-4
-3
-4
-6
-3
-2
-7
-12
-8
6
4
-3
-6
-3
3
9
11
2
0
1
5
-2
-5
3
4
12
10
4
4
-7
-1
0
0
-3
-16
-11
-7
3
6
0
3
6
3
-1
5
4
1
7
-1
-3
3
-2
0
6
-4
1
4
1
5
2
-1
-7
-6
-7
-4
6
1
0
-3
-8
-5
3
7
0
5
1
-6
-1
4
0
-9
5
7
3
7
3
7
6
10
1
-6
3
-2
3
3
3
2
4
5
3
7
-1
-7
-5
-11
-9
-3
-10
-7
0
-4
0
2
-1
9
14
6
2
4
4
4
5
-3
-5
-6
-5
-4
-8
-1
2
2
4
3
4
7
3
-7
-10
-12
-8
-2
-2
4
7
9
3
2
2
-3
2
2
-6
-6
-2
-1
0
1
-5
-5
-1
1
6
4
3
5
4
0
1
-1
-7
-3
-4
-3
0
-6
-5
-1
-5
1
-1
-9
2
9
7
9
3
-6
2
9
1
2
-4
3
11
5
5
1
7
-4
-6
-8
-14
-3
-13
-18
-11
-2
6
4
3
-1
-4
6
-1
0
-1
-11
-10
-9
-9
-8
0
0
-1
-3
0
4
-5
-5
-11
-6
-4
-8
2
1
5
6
0
3
11
7
-4
-4
2
7
7
2
-2
-2
5
6
4
3
-2
10
17
-9
-5
18
-8
-8
2
-24
-3
19
-12
1
17
-1
0
0
-2
-2
3
-8
-6
7
-13
6
-4
-10
8
2
13
6
8
5
5
11
3
9
4
6
7
4
-3
1
9
6
4
6
3
1
14
10
4
11
2
1
8
-1
1
6
2
3
3
0
-4
-3
-8
-9
4
1
-4
1
0
-1
0
-3
-7
2
-6
-11
-14
-20
-22
-18
-14
-19
-11
-10
-16
-11
-12
-14
-10
-9
-12
-6
-5
-4
0
-2
5
8
8
8
6
11
14
12
7
8
5
6
8
6
9
9
12
13
4
1
1
4
2
-4
-9
-5
5
8
12
8
8
14
15
10
6
15
18
17
19
20
20
17
19
13
15
16
11
11
6
2
-5
-14
-21
-25
-18
-20
-16
-21
-27
-32
-36
-32
-33
-18
-17
-15
-17
-25
-22
-17
-9
0
15
23
31
34
33
38
39
40
42
48
55
55
49
47
48
46
38
27
9
-8
-26
-43
-58
-75
-82
-87
-103
-109
-112
-135
-144
-147
-160
-162
-157
-189
-210
-202
-194
-165
-141
-120
-90
-68
-44
-25
-2
22
50
82
104
124
135
140
153
165
183
215
235
234
224
216
199
181
170
154
142
138
129
114
101
88
72
53
36
22
4
-3
-14
-28
-31
-34
-38
-43
-50
-46
-49
-54
-49
-52
-56
-49
-46
-44
-41
-39
-30
-20
-25
-30
-27
-25
-29
-37
-37
-32
-25
-17
-19
-19
-21
-32
-34
-37
-35
-24
-20
-21
-20
-25
-29
-26
-25
-17
-2
4
7
7
7
12
15
22
27
39
44
43
42
42
46
45
45
40
43
40
34
31
18
7
0
-1
-1
4
0
-6
-6
-16
-15
-14
-18
-19
-18
-10
-18
-20
-19
-27
-24
-25
-21
-11
-11
-9
-13
-17
-10
-12
-6
-1
-5
-5
-8
-16
-21
-19
-16
-13
-11
-15
-16
-12
-14
-16
-17
-18
-18
-17
-16
-18
-12
-10
-6
5
4
3
7
3
8
17
22
23
11
7
5
9
17
17
20
12
7
5
4
8
7
5
-1
2
-5
-6
-1
-3
0
-3
-7
-13
-16
-22
-18
-10
-17
-14
-10
-14
-12
-11
-8
-6
-5
2
4
7
5
5
9
11
16
17
17
15
9
9
11
13
15
7
2
-1
-5
-7
-4
-5
-6
-3
-2
-8
-4
-3
-9
-3
-5
-6
-3
-4
-5
-10
-12
-13
-14
-10
-8
-5
-4
-7
-8
-6
-11
-14
-16
-10
-2
0
3
5
4
1
6
7
9
14
14
14
7
6
7
12
19
22
27
30
29
27
17
14
14
14
15
15
14
14
19
9
-3
-1
11
12
6
0
-4
1
-4
-10
-8
-8
-7
-11
-14
-12
-9
-7
-11
-16
-16
-25
-22
-15
-19
-16
-17
-13
-10
-18
-12
-11
-5
-3
-8
-7
-7
-3
-1
4
6
4
7
6
11
12
16
15
4
8
5
6
10
9
11
16
23
17
13
11
7
4
9
10
8
9
2
-4
3
4
-2
1
-2
0
0
-9
-9
-3
-3
-9
-9
-13
-13
-14
-13
-6
-7
-4
-4
-2
-1
1
1
3
1
-2
4
5
4
3
-2
2
4
0
0
-1
6
5
4
5
3
1
0
-4
-8
-7
-8
-8
-10
-10
-8
-8
-1
1
-9
-12
-12
-15
-13
1
-2
-6
-1
-11
-16
-13
-13
-7
-1
6
-13
-33
-13
-1
6
-3
0
6
4
4
2
2
-1
5
4
2
6
10
14
11
7
8
5
7
9
7
9
6
6
1
2
3
3
6
3
5
8
10
12
5
-3
-7
-6
-4
-4
-2
-2
3
7
0
-2
-4
-1
-2
-3
3
4
-1
0
-4
-6
-1
-5
2
6
7
6
1
-1
-7
-4
0
3
3
-5
-9
-9
-8
-1
1
1
0
1
-1
0
5
7
10
7
-1
-1
-1
1
3
3
4
6
2
-5
-1
-4
-7
3
-3
-8
-4
-4
-1
0
2
4
0
1
1
-2
-6
-6
-3
-4
-3
1
-1
-7
-6
-5
-3
3
1
1
1
2
0
2
9
5
4
4
-3
-1
-2
-5
-2
2
4
5
3
0
0
1
3
2
0
5
3
-3
2
3
5
8
0
-1
6
8
1
2
8
5
3
-2
-6
-3
-4
-3
-2
-1
3
4
3
0
3
1
2
1
-4
2
3
2
-4
-8
-4
-3
-3
-6
1
2
0
2
0
-3
0
1
-4
-7
-4
0
-1
1
7
1
-3
7
6
7
6
1
1
2
3
3
2
-1
3
3
3
3
-2
-2
-1
-2
-5
-7
-1
2
7
10
8
3
3
4
3
0
-3
-2
-4
-6
-3
-3
-5
-3
-1
1
-1
-2
-3
0
5
1
0
-1
0
-4
-5
-1
-6
-2
2
-2
-5
-4
0
0
2
7
8
9
3
2
-4
-7
-5
-4
0
-1
-1
-2
-4
-2
-1
2
3
3
3
-3
-7
-7
-7
-3
-2
-1
-2
1
1
-3
-2
-4
-5
-3
-2
-1
-4
-1
4
4
4
4
2
1
-2
-3
-6
-5
-1
3
6
3
4
4
-1
1
-1
-2
2
-2
-2
-7
-6
-3
0
4
4
3
0
0
0
0
3
2
3
1
-3
-6
-10
-6
-1
1
-2
0
0
-1
-1
-3
-1
-2
-3
1
6
8
10
6
-1
-2
-1
-5
-1
0
-6
-2
-4
-10
-9
-8
-3
-2
-2
0
-3
1
0
3
5
2
4
4
2
5
6
2
4
8
4
5
-2
-3
-1
-4
0
-4
0
-2
1
3
-3
0
-2
-1
-3
3
5
-3
-3
-6
-4
-6
-4
1
-2
2
2
4
1
-2
0
5
6
6
4
4
-1
-2
0
2
3
2
2
2
4
4
2
-4
-2
0
3
4
2
5
0
-5
1
0
-1
6
7
5
8
3
-2
-5
-1
2
3
4
2
4
1
1
-1
-3
6
6
6
-1
-7
-4
-6
-3
-2
3
0
0
4
-3
2
5
1
6
5
-5
-4
-3
-3
-1
-3
2
0
5
12
10
12
5
8
6
2
12
3
-1
-1
1
0
-5
-2
-8
-12
-7
-8
-9
-7
2
5
3
3
-2
-7
-2
2
-4
-5
3
4
1
0
0
1
0
-2
0
-2
1
1
-5
-7
-3
1
2
0
0
2
1
-1
-1
-5
3
4
0
-2
0
7
5
0
-2
-3
2
5
4
0
1
6
2
0
-3
-6
-9
-10
-8
-6
-1
3
-3
-2
4
3
-2
0
1
-1
-2
-3
-9
-7
-5
-4
-6
-8
-4
-5
-3
1
1
3
-1
-4
-3
-1
3
3
-1
-6
-5
-1
-3
-1
-4
-3
2
4
5
4
1
2
-5
-3
-2
-5
-2
-1
2
2
4
2
-2
-3
-5
3
4
2
1
-6
-4
-2
2
3
2
3
4
3
0
0
-6
-5
-3
-7
-4
-3
-2
7
7
6
7
2
2
2
4
6
3
4
1
2
0
-6
-6
1
5
0
-1
4
6
13
8
-2
-2
-3
2
4
8
3
-8
1
2
9
8
-5
0
-1
-2
0
-11
-8
-6
1
10
0
9
2
0
3
-1
3
5
6
-1
-4
-3
-3
1
2
6
7
-7
-9
-12
-9
9
14
3
-8
-6
-9
-10
11
3
0
5
-1
0
-1
3
2
-7
-1
1
-2
-5
-10
-9
-13
1
12
5
9
5
-4
-3
-3
0
2
1
-3
-1
2
-2
-2
-4
-1
9
6
8
7
10
12
10
8
-3
2
3
0
0
-7
-9
-6
3
6
0
4
0
0
4
6
14
4
-1
1
0
0
3
1
-4
-3
-8
-12
-8
3
5
1
-1
-3
-2
2
-1
-6
-11
-11
-13
-21
-9
7
3
-6
-12
-11
5
12
5
0
-5
0
1
4
6
7
7
1
2
1
7
12
8
10
5
5
0
-10
-4
-1
2
-1
-11
-7
-3
2
3
0
6
7
5
3
-1
-5
-8
-5
-9
-3
5
-2
1
-4
-6
2
6
7
6
7
11
12
12
10
3
-8
-12
-8
-6
-9
-10
-10
-4
-2
1
-1
-3
3
-1
-3
-10
-14
-10
-2
8
6
3
4
-2
1
-4
-3
1
2
0
-5
2
-7
-9
-6
-9
-4
-2
-4
5
4
2
5
9
12
9
4
-4
-6
-7
-9
-1
-1
-5
1
10
6
0
0
1
2
10
7
1
7
5
5
3
1
0
-2
-1
-2
0
6
6
-1
-3
-4
-6
-3
-3
-9
-9
-4
-3
-1
2
2
8
9
6
4
6
1
-3
-2
-7
-7
-8
-10
-8
1
6
-1
-3
-1
-2
-1
2
2
1
-3
-10
-11
-7
-12
-9
-8
-7
-8
-12
-6
-1
5
2
2
4
2
-1
0
-2
-7
1
8
7
10
10
11
12
9
5
7
8
6
0
0
5
-5
-1
3
-3
-3
-4
-3
-2
2
8
3
3
5
5
6
-2
-5
6
5
-2
-8
-9
-3
3
6
-1
1
7
5
4
5
8
2
-3
-7
-8
-2
-6
-6
3
1
1
7
1
-2
3
1
-3
0
-8
-6
-1
-1
3
0
4
6
10
8
-1
-1
-4
-1
1
-2
-7
-9
-4
4
7
8
12
9
0
-3
-2
-8
-13
-8
-7
-5
1
3
1
-5
-4
0
0
0
-3
-5
-2
3
2
1
5
10
8
8
0
0
1
6
3
-9
-10
-15
-8
-4
-1
4
4
3
-3
-2
-2
-3
3
1
5
11
8
-1
-8
-10
-9
-6
1
-3
-4
-1
-5
-3
-7
-12
-1
-1
-4
5
10
4
-2
1
1
2
9
5
5
7
3
-1
-4
-8
-9
-2
4
2
0
-5
-12
-2
8
13
8
5
4
1
6
3
1
1
-3
-3
2
-1
-3
5
7
3
3
5
0
-2
-4
-10
-11
-4
-5
-1
7
-2
-8
-1
10
12
11
5
-6
-5
-9
-11
-7
-3
-4
-2
-4
0
12
15
14
3
1
-2
-11
-8
-9
-5
-3
5
8
8
11
6
0
-3
-6
0
6
7
4
6
6
5
5
6
4
4
7
-4
-2
-3
-9
-6
-5
-9
0
9
6
8
11
9
0
-6
-1
-6
-5
0
-1
0
1
7
5
-2
1
0
-7
-5
3
0
-6
-8
-11
-10
-4
9
15
18
15
5
-6
-4
-1
-5
-2
5
1
-2
1
0
-3
-8
1
3
-3
-4
-1
1
-2
4
2
0
-1
-5
-13
-18
-10
-3
5
7
1
1
-1
-3
-5
-9
-11
-6
-2
0
4
7
7
0
0
4
-2
-4
-3
-3
0
0
-6
-14
-13
-6
3
5
7
9
9
6
7
3
-1
8
12
11
8
4
-2
-5
-6
-7
-7
-2
2
-1
3
6
-1
-6
-3
2
0
2
2
4
9
14
6
-4
-1
3
3
3
4
5
-7
-11
-12
-9
-6
-3
6
1
2
5
-3
-7
-5
-5
-2
4
6
5
0
6
8
7
11
6
1
-2
3
1
1
-2
-6
3
1
-5
-7
-10
-10
-5
-2
0
4
8
9
8
8
2
-1
2
4
8
0
-12
-17
-14
-10
-3
-5
-14
-13
-9
4
4
11
14
3
-5
-10
-9
-5
7
9
7
8
6
4
0
0
0
-3
-2
-1
0
-1
-1
2
2
0
4
8
4
7
11
6
2
6
6
1
1
-4
-5
-4
2
5
-5
-11
-19
-15
-11
-1
14
17
14
12
9
-1
1
3
2
4
-2
-5
-9
-12
-5
2
6
8
5
1
-1
0
-5
-6
-5
-12
-9
-5
-6
-6
1
8
8
22
24
13
4
-1
1
-2
0
2
0
1
2
4
-3
-4
-4
-3
-3
-5
-7
-2
-1
-3
-1
-5
1
0
-5
2
7
10
4
1
-3
-14
-16
-17
-12
-3
6
16
21
17
7
-2
1
5
-2
-8
-12
-7
-3
-3
-3
1
0
4
5
4
5
1
1
-6
-9
-3
1
5
10
8
2
-3
-3
-6
-6
-1
-4
-2
2
4
3
-1
2
4
0
-4
-6
-3
3
0
-3
-6
-12
-12
-10
-11
-5
1
0
1
1
-2
-2
3
5
4
5
-1
-2
8
0
6
9
0
5
3
0
3
5
2
5
5
-3
-8
-5
-3
3
3
-1
-2
-5
-4
-1
6
9
8
2
-3
-3
-5
-3
2
7
8
3
2
-1
5
5
3
-1
-7
-2
-5
-2
5
12
8
-1
-2
-3
-3
-3
3
2
1
0
-5
-8
-9
-7
-10
-5
5
2
2
2
6
9
8
5
0
-1
2
4
0
-3
-1
3
1
-1
4
3
0
1
1
-1
-2
-7
-17
-15
-7
-2
2
5
3
5
5
3
1
-3
-8
-7
-9
-7
-5
-6
-1
0
6
11
11
6
1
-1
-1
-2
-5
-2
-1
1
-2
-4
2
5
5
3
1
1
-4
-8
-8
-11
-10
-5
0
1
-1
-3
-1
0
0
-3
-1
-1
-8
-2
1
-1
1
1
2
6
7
5
0
-3
-3
-1
-2
-6
-8
-6
-1
1
6
9
11
14
8
4
1
4
4
0
-5
-8
-2
-1
0
1
2
4
0
-9
-9
-6
-8
-6
-4
1
6
6
6
6
5
1
-2
-1
-2
-1
-2
-7
-3
0
-2
-2
-5
-6
-5
-5
-6
-2
0
1
0
1
5
-2
-8
-15
-21
-12
-2
0
2
6
6
0
-4
-8
-6
1
3
6
6
3
6
3
0
6
8
8
1
-5
1
3
5
6
8
7
6
0
-9
-6
0
0
-4
-8
-14
-28
-23
-16
-12
-5
-1
-2
2
1
-4
-2
1
5
7
4
3
1
2
3
1
0
-3
1
6
8
10
11
14
14
28
36
27
18
10
11
8
4
0
-1
0
3
2
-2
0
9
9
9
13
7
6
5
3
5
8
10
5
-1
-5
-5
-9
-12
-8
-8
-2
3
6
6
6
11
0
-7
-10
-17
-17
-13
-8
1
6
6
8
1
-2
1
-3
-7
-4
-2
-2
-4
-5
-9
-11
-8
-4
0
2
4
6
5
3
0
-2
-4
-5
-9
-4
-4
-2
4
3
5
1
0
-5
-8
-11
-15
-10
-9
-4
-5
-11
-4
4
5
5
6
-1
-5
-4
-4
-8
-10
-8
-4
-3
-2
1
1
2
7
5
4
1
-4
-6
-5
-3
-2
-2
3
6
7
7
5
1
0
2
3
3
2
0
-1
1
1
2
5
4
-1
-5
-2
-2
-2
-5
-7
-4
-2
-1
1
3
3
3
-1
0
2
0
1
-2
0
-2
1
-1
-3
7
6
4
-3
-7
-4
0
5
7
7
6
4
7
0
-4
-6
-8
-4
-1
0
0
2
6
9
10
5
3
-1
-2
3
-2
-7
-4
-4
-10
-7
-4
-5
-1
5
5
1
-1
-1
-2
2
4
0
-6
-4
-7
-8
-3
0
6
6
7
4
0
-3
-5
4
11
11
11
6
1
-2
-7
-3
-1
-1
4
4
3
-3
-5
-5
-5
-3
0
2
3
1
-1
-1
-3
-2
2
0
-5
-3
2
10
10
10
9
9
9
3
0
-3
-8
-9
-5
-6
-10
-7
-3
0
7
10
8
9
5
1
4
3
-2
-3
-4
-4
-4
-4
-4
-5
-3
-4
-4
0
4
-2
-3
-3
-5
-4
-6
-9
-4
0
-1
3
7
8
9
11
12
7
3
-4
-9
-12
-15
-14
-6
-1
3
0
-4
-4
-4
-5
-3
-8
-10
-5
-1
2
0
0
1
2
2
8
12
10
12
9
6
6
-2
-8
-9
-9
-6
-3
3
8
7
8
10
4
0
-3
-1
-2
-5
-11
-10
0
4
3
-2
2
4
-1
0
0
4
4
2
-3
-3
1
-7
-8
-6
3
12
15
13
3
-1
3
5
2
-1
-3
-8
-12
-6
-6
-4
0
-1
-1
0
2
-1
0
3
1
0
-2
-3
-2
4
3
7
8
4
2
0
1
-4
-5
-6
-1
5
4
0
-2
-2
1
2
1
-2
-4
0
3
4
5
1
3
1
-3
-6
-10
-10
-8
-3
4
5
2
1
-1
2
5
5
7
6
4
3
9
10
0
0
-4
-5
-7
-9
-9
-12
-12
-8
-8
-6
-2
-3
-4
-3
3
2
3
2
0
1
-4
-6
-5
-1
-1
-2
-2
-6
-3
-1
3
6
4
2
3
1
1
5
6
5
6
4
3
5
9
11
-1
-5
-4
-7
-4
-1
-1
-1
-1
0
0
1
6
5
5
3
8
6
7
12
18
18
16
13
9
8
3
2
3
4
2
-1
0
2
1
3
1
2
8
7
6
3
0
2
0
-4
-10
-8
-6
-8
-5
-5
-4
-6
-10
-10
-9
-3
-2
-5
-2
1
-1
0
-2
0
6
7
6
3
-4
-6
-8
-4
-2
-3
-2
-3
-3
-2
-4
-5
-4
-4
-3
-4
-8
-9
-12
-8
-2
1
2
-2
-1
-2
-3
-5
-8
-4
-2
4
7
2
-5
-3
-1
4
8
6
4
3
2
2
1
-2
-1
1
-1
1
-1
-3
-4
-2
2
5
5
2
1
1
1
-4
-4
1
-1
3
0
-1
-1
-10
-11
-11
-7
-1
0
-3
-4
-3
0
5
6
4
-1
-3
-1
5
9
10
6
5
2
-2
-2
-1
-2
-1
-1
-5
-7
-7
-8
-3
0
-3
-2
4
7
6
2
0
2
3
3
2
-1
-2
6
5
2
8
8
3
-2
-2
-6
-4
3
1
1
0
-5
-3
1
1
2
-3
-4
-1
-4
-5
-5
-2
-3
0
7
11
9
3
0
-8
-12
-11
-11
-8
-3
-6
-12
-12
-6
3
2
3
6
4
1
-3
-6
-8
-3
5
1
-7
-3
0
2
6
9
7
4
1
2
1
-2
3
9
8
0
-2
1
4
2
-3
-8
-5
2
0
-1
3
4
7
3
2
4
-3
1
0
1
0
-1
-1
-1
1
4
7
10
7
5
5
3
3
4
3
0
-1
-3
-4
2
4
-3
-7
-8
-9
-4
0
-1
5
7
3
0
-1
3
6
4
0
5
2
-4
-5
-11
-8
-1
1
-10
-15
-8
-7
-8
-6
0
3
7
9
5
6
12
11
4
-1
-2
-11
-14
-12
-12
-3
5
10
6
6
9
6
1
-2
-12
-14
-11
-2
6
11
7
0
6
17
27
29
9
-6
-8
-10
-9
-8
-10
-7
-2
-1
7
14
18
13
11
7
8
5
-15
-18
-13
-17
-18
-15
-9
0
12
8
6
17
19
9
0
-1
-5
-10
-12
-8
-4
0
2
-1
-1
6
13
17
24
22
9
1
-10
-12
-15
-15
-6
-3
-2
1
11
13
9
2
-14
-9
-2
1
3
-1
-3
1
3
-5
0
5
3
-1
4
5
-2
3
-1
-12
-11
-8
-2
-1
1
7
9
7
7
0
-3
-1
3
-6
-16
-13
-12
-8
10
15
13
14
13
-2
-21
-12
-13
-16
-8
-3
-2
-3
4
-3
-6
3
6
7
7
1
-3
-11
-13
-12
-7
2
7
10
7
4
1
0
0
-1
-6
-10
-6
-11
-10
-4
-5
-10
-4
4
-3
-1
1
-7
-9
-12
0
4
5
9
2
-7
-7
8
7
0
-4
-11
-13
-6
3
3
9
11
4
-9
-6
6
-1
4
7
5
10
0
3
1
-1
8
8
8
-2
-10
-11
-7
6
7
5
0
3
4
3
5
1
4
-1
-3
-2
-4
5
4
3
2
5
5
0
-2
-1
7
11
2
-4
5
4
5
11
-5
-11
-9
-6
-3
-4
-1
-1
8
13
8
7
13
20
17
5
-2
-15
-19
-1
3
5
5
-6
-8
-14
-3
11
16
24
16
17
6
-8
-4
-5
-8
-14
-14
-15
-8
7
5
2
17
14
3
7
11
9
1
-3
-4
-10
-3
0
-6
-3
3
5
5
8
21
17
5
7
-3
-12
-7
0
-3
-10
-8
-16
-18
-13
1
18
12
2
-3
-17
-1
14
6
-4
-10
-8
-11
-7
1
6
16
19
9
5
10
8
-5
-8
3
5
3
-9
-13
-8
-3
2
-1
4
12
10
2
-2
-7
-9
-3
10
2
-8
-7
-16
-5
8
4
-2
-10
-9
-8
0
6
15
7
-12
-7
-6
-1
2
1
-5
-14
-4
-6
-2
13
5
5
2
-4
-6
-6
1
-5
-5
-11
-16
-1
-4
6
8
0
0
0
1
-5
-6
3
8
-2
-19
-23
-11
0
9
16
4
5
17
2
-5
-5
-3
-6
-2
3
-6
0
0
-8
0
6
9
2
1
-4
-1
2
2
13
8
15
14
-2
-9
-7
-2
-6
0
8
3
9
6
-1
3
5
8
13
7
-6
-7
-7
-13
-9
-6
-10
1
5
0
-3
1
2
-2
2
7
4
5
2
-7
-9
-9
1
5
5
2
1
5
-2
-10
-2
-4
-4
1
-3
6
6
-3
0
2
7
12
7
11
13
3
-7
-2
-3
-5
0
-1
-1
-9
-9
-5
-2
1
7
7
-1
2
-1
-5
-5
-3
-5
-9
-9
-10
-6
-2
2
1
0
1
-2
-1
7
9
-5
-8
-8
-8
-1
1
3
1
-9
-12
-14
-11
-2
5
10
12
10
9
4
-2
0
1
1
0
1
-2
3
4
-4
-5
-9
-2
1
3
10
7
2
5
0
-3
-2
-2
4
7
1
-9
-17
-15
-7
-1
-1
-3
-10
-11
-6
1
2
-3
2
-2
-5
3
3
5
3
0
-7
-10
3
9
15
13
8
6
0
3
-1
1
3
6
1
-4
3
8
9
4
-1
-2
-1
0
-5
-5
-5
0
-2
-3
0
-4
6
9
2
-7
-6
-1
1
11
14
15
15
10
12
12
14
10
2
5
2
3
10
1
-1
-1
-12
-7
-6
3
6
5
7
1
2
-3
-4
-6
-16
-4
3
4
1
-4
-6
-7
0
-6
-9
1
-3
-7
-12
-7
3
4
2
-2
1
-4
-5
-6
-14
-6
-5
1
2
5
8
-3
-7
-11
-7
-1
-4
-8
-9
-9
-13
-11
-12
-3
9
17
18
14
16
5
-2
1
-4
-1
7
5
-4
-4
-2
1
5
3
-1
-5
-6
-3
-9
-8
1
-2
-4
1
0
0
11
10
10
10
4
3
2
7
7
4
4
2
2
-3
-7
9
16
16
11
0
-4
-5
-4
-5
-2
3
7
-5
-16
-7
1
4
-4
-1
-2
-7
-1
-7
-1
3
-1
-3
-6
-3
-6
-6
2
-2
0
2
-1
0
7
5
7
5
1
4
3
2
10
4
-12
-15
-13
-7
2
10
1
7
5
6
7
0
7
12
14
-2
-17
-11
-19
-23
-13
-3
9
13
10
10
10
14
7
-3
-8
-14
-15
-14
-6
-3
-6
-4
-6
1
7
11
13
4
-3
-3
-7
-7
1
1
6
6
8
3
-6
2
4
-2
-2
3
3
-3
-5
-8
-7
-4
-4
-1
1
5
3
-4
-12
-18
-9
3
4
11
16
15
4
-2
-1
3
1
-3
1
-3
-6
-2
-5
0
11
8
2
-4
-4
-4
0
10
1
-6
-3
-6
-3
-3
-9
-1
1
0
3
0
-2
2
-2
-9
-7
-7
-8
-3
-3
4
1
-6
-2
-9
-5
2
11
17
11
11
3
-3
4
-4
-16
-6
3
1
-1
3
0
-6
-5
-5
-5
7
20
10
4
5
-2
3
3
4
7
4
-1
-6
-7
-5
-1
-4
-5
-7
-9
-1
-3
-2
9
3
-1
2
0
-3
-7
-2
0
2
11
11
9
5
1
-6
-9
-1
0
1
3
0
5
5
2
1
0
3
5
9
4
0
2
-5
-9
-10
-5
-2
-2
-2
-9
-11
-4
4
3
1
-1
-9
-14
-13
-3
4
4
7
9
8
11
5
-2
-3
4
9
8
4
-2
5
7
2
4
2
3
9
1
-1
-1
-3
1
-1
1
0
3
3
-8
-12
-10
-13
-7
-3
-8
-1
3
3
8
10
7
7
3
-2
1
4
-1
-4
-10
-7
4
11
6
2
4
1
3
0
-1
6
-2
-12
-14
-10
0
8
15
16
12
17
19
9
2
0
-6
-9
-13
-9
-2
-1
3
6
3
6
8
2
7
8
2
1
-4
-3
1
1
1
6
10
5
0
5
1
-2
1
-5
-1
-10
-17
-9
-10
-3
4
5
6
8
10
11
5
-3
-9
-7
-3
-3
0
0
4
2
-3
0
-4
-2
-2
-9
-7
-3
-12
-14
-8
-5
1
9
10
5
4
2
-5
-2
1
1
0
-2
3
2
-1
-9
-14
-10
-10
-7
-3
-2
4
4
2
2
2
5
2
4
3
-3
-2
-4
-11
-9
-3
-1
-1
-1
0
2
2
5
3
-2
-6
-8
-12
-14
-13
-19
-15
-6
-3
5
15
22
15
7
10
9
7
-1
-8
-7
-10
-17
-12
4
8
9
4
0
1
7
3
-4
2
2
5
6
-1
0
2
9
10
8
6
0
-2
-10
-15
-13
-10
0
12
15
9
14
20
9
8
12
2
-6
-11
-15
-17
-8
1
-2
-3
3
-1
-1
-2
-2
0
2
6
2
-2
-5
-7
-9
-10
-2
3
6
8
5
6
6
3
2
0
2
2
-2
-1
-2
2
7
0
-3
1
7
8
5
2
-1
3
1
-6
-4
-2
4
6
5
2
0
5
-1
-5
-4
-9
-10
-7
0
-1
-1
3
1
11
11
9
4
-1
0
2
-2
-5
0
-2
-3
-2
0
-2
3
3
-5
1
-6
-11
-14
-19
-9
-4
-10
-7
4
6
5
3
5
5
6
5
-6
-10
-8
-9
-13
-12
-8
-2
5
5
3
8
2
1
-2
-4
1
3
-1
-4
2
2
4
10
8
7
2
-1
-5
-4
-5
-5
-3
0
0
-5
-4
-3
-1
1
0
-1
4
3
3
4
4
-3
-5
3
-2
1
3
0
3
2
-1
-2
-4
-4
-6
-6
-3
-3
4
2
3
7
2
-1
-5
-2
1
6
9
2
0
0
-3
-3
-2
1
0
-2
-5
-7
2
3
0
0
-1
-3
-2
-9
-8
6
7
10
6
-3
2
5
7
9
12
5
0
-4
-11
-8
-1
5
11
8
12
11
5
5
5
7
4
6
7
3
-2
-2
-1
0
0
2
-4
0
2
-5
0
-1
-2
-8
-7
-4
-7
2
3
6
14
6
-3
-5
-1
3
7
4
-1
-1
-2
-7
-6
0
-1
4
4
-1
2
5
4
1
1
-1
-3
-1
-2
-2
3
4
1
-3
-4
2
7
5
5
1
-2
-1
-2
-4
-8
-3
-2
-2
2
1
-2
-1
2
4
1
3
-2
-3
-2
-5
-3
-2
0
3
0
-8
-7
-4
-3
5
6
-2
-4
-4
-3
-3
-5
-3
3
7
-2
-9
-6
-2
1
0
4
10
12
8
-2
0
-1
0
2
-2
6
5
-2
-5
-3
-1
0
6
0
-3
4
2
1
-2
0
3
3
4
-5
-11
-5
3
6
8
10
5
3
-1
-6
-1
1
1
0
-2
-5
-8
-11
-9
0
2
-3
-7
-8
-7
-5
-10
-8
-1
2
1
-3
-1
0
1
1
0
5
8
2
-2
-4
0
3
-4
-10
-9
-3
3
4
5
0
2
0
-3
-2
0
-4
-3
-3
-5
-1
6
9
12
15
8
10
6
-2
-3
-2
-3
-1
1
0
1
-5
-5
2
0
5
2
-9
-11
-4
3
2
-5
-7
-3
-5
-2
1
2
8
6
-5
-7
-3
-3
6
8
4
0
0
-1
-4
0
-2
-1
6
11
10
6
6
4
0
-1
-6
-6
0
-1
-1
-2
-1
-3
-12
-15
-12
-6
5
3
0
5
12
10
0
-2
-9
-9
-3
-4
-7
-8
1
0
1
-1
-6
-1
-1
-5
-8
1
7
7
4
6
11
10
8
8
-1
-7
-6
-9
-6
-7
-5
0
0
-5
-10
-5
1
0
3
9
9
10
12
10
4
8
6
2
4
3
2
3
-3
-11
-6
-3
-3
-5
2
10
13
16
7
-3
-4
-2
-5
-9
-8
-1
-6
-4
0
0
2
0
-4
2
4
4
0
0
4
0
-1
3
3
2
0
-5
-4
-7
-9
-7
-10
-7
-6
-6
-8
-9
-6
-6
3
3
6
8
3
2
-3
-7
0
9
16
11
9
6
1
0
1
-3
-6
-2
-3
2
9
6
7
8
6
-3
-6
1
2
0
-7
-11
-11
-9
-4
-5
-1
-1
1
-3
-8
-2
8
3
-2
-3
-6
-2
4
3
0
4
5
-2
-1
-2
-8
-2
3
6
6
7
6
-2
6
11
8
1
-3
-3
-6
-4
-5
5
11
11
9
3
6
4
7
10
11
15
10
-1
-7
-11
-10
-3
-3
-7
-6
-8
-9
-5
2
2
-1
2
0
-4
-2
0
2
-5
-7
0
5
10
14
13
-2
-9
-4
1
10
16
16
9
-4
-6
-6
-3
5
4
2
-3
-5
-7
-4
3
9
9
1
-3
-3
1
6
4
3
4
-4
-8
-7
-10
-3
0
-10
-12
-9
-9
-8
-1
7
8
8
-1
-2
-6
-8
-11
-8
4
8
12
5
3
7
2
3
0
-3
4
2
-11
-7
-4
-6
-9
-11
-5
-2
7
2
6
11
0
-4
-5
1
-4
-4
4
6
5
-8
-3
4
-2
2
-1
-4
-2
-4
-10
-9
-1
2
5
4
5
6
-1
-5
-4
-1
-4
-9
-5
-3
3
3
3
4
5
3
-3
-1
5
2
-8
-10
-7
-1
0
4
1
1
10
11
3
-7
-7
-3
-7
1
0
-8
-7
-9
-13
-10
-2
1
-2
0
-4
-4
1
2
4
0
-2
-1
2
4
0
-3
-3
3
6
5
5
3
3
2
-18
-16
-4
5
21
20
9
2
4
1
-2
0
4
11
9
0
0
5
1
2
6
11
14
8
-4
-11
-11
-12
-1
5
6
0
-2
-1
0
7
9
13
8
6
-3
-7
0
-4
-5
-3
1
-1
-2
-4
-1
1
0
2
2
8
2
-10
-15
-12
1
2
6
4
4
15
10
-1
4
6
3
-2
-4
-2
-9
-4
-5
-8
0
3
0
-6
2
9
9
10
6
4
-5
-6
-4
-6
4
7
4
2
-4
-4
-3
-4
3
8
10
6
2
2
-11
-10
-7
-10
-7
-5
8
0
-2
6
-1
-1
-4
-12
-10
4
11
6
4
11
10
-3
-8
-1
6
1
2
-1
1
14
11
0
0
-5
-13
-16
-13
-11
-2
11
-1
-4
0
-5
-9
-3
0
1
6
1
-5
-7
-11
-17
-4
10
16
18
6
0
-2
0
-3
-1
7
8
-3
-12
-10
-8
-4
-1
1
6
6
5
2
-2
0
0
-2
1
5
-4
-14
-13
-13
-14
-2
10
9
3
6
7
-6
0
-4
-10
-3
2
7
4
7
0
3
-2
-6
8
14
16
13
8
-1
-1
-7
-9
4
7
1
1
11
5
-2
-6
-15
-4
2
-2
-3
6
2
-4
-3
-11
-14
-5
-1
-4
7
9
8
6
1
2
4
4
-8
-12
-13
-7
0
2
11
7
5
3
-8
-20
-26
-13
1
6
8
-1
-4
-4
-4
4
3
8
9
5
-2
-7
-2
4
2
3
0
-7
-9
-9
7
8
4
13
10
1
0
-5
-3
5
4
1
-3
-9
-10
-13
-7
7
26
29
11
-2
-12
-11
-7
-9
1
5
3
-7
-16
-7
-2
8
14
5
0
4
3
-8
-1
0
-14
-5
6
1
3
21
16
10
9
0
-10
-22
-16
-1
7
7
12
10
-5
-9
-10
-5
7
24
22
13
7
-12
-29
-28
-16
0
9
15
18
9
-6
0
3
-1
-3
-10
-1
8
13
21
22
18
15
-5
-19
-15
-14
-1
8
8
-4
-7
-8
-18
-19
-21
-13
1
4
10
9
9
8
7
-7
-10
9
16
24
21
19
0
-10
-16
-29
-23
-12
11
29
30
30
22
15
-10
-18
-12
-8
-6
2
10
15
18
-7
-32
-38
-24
-17
5
37
36
24
-1
-31
-38
-26
-24
-15
14
24
37
34
20
9
1
-6
-2
7
16
14
4
-11
-12
-25
-27
-22
-12
-3
10
17
7
9
-8
-17
-38
-41
-26
-19
0
5
17
18
8
11
-5
-2
-1
-11
-2
11
18
4
-7
-14
-27
-31
-5
19
30
43
37
30
27
2
-33
-47
-39
-35
-21
-9
-11
-11
-29
-24
-15
-32
-10
18
37
40
21
8
-17
-33
-41
-52
-30
5
37
46
42
22
-11
-16
-21
-29
-18
13
24
24
19
7
-8
-25
-24
-9
9
35
60
69
43
19
9
-20
-37
-21
2
2
13
14
-3
-22
-37
-42
-38
-31
-9
8
11
29
26
-12
-23
-18
-21
-15
8
34
46
60
49
34
18
-1
-1
-2
1
4
8
10
8
13
-9
-24
-23
-45
-36
-9
10
12
20
-2
-37
-33
-25
-26
-18
7
32
38
24
9
-20
-31
-29
-41
-20
23
54
46
39
43
20
-14
-30
-23
-26
-3
34
42
62
65
29
-22
-58
-67
-58
-34
-15
15
17
22
29
10
-22
-32
-28
-32
-17
6
24
31
44
46
-5
-19
-8
-30
-35
-16
12
20
50
92
97
100
111
86
69
30
-44
-104
-90
-58
-65
-89
-85
-59
-37
-16
-7
34
73
113
52
-61
-97
-71
-68
-96
-69
-36
14
81
136
157
186
240
173
43
-32
-90
-195
-243
-258
-374
-336
-66
141
251
282
250
199
139
84
-12
-136
-188
-123
-73
-71
-23
38
83
173
245
248
227
228
133
-94
-261
-311
-289
-194
-52
-36
-15
73
54
-20
-46
39
133
116
25
-62
-98
-62
-1
-50
-117
-106
-47
-22
-46
24
170
234
203
138
13
-116
-115
-118
-132
-69
-23
-53
-112
-106
-117
-118
-41
90
158
183
218
238
329
343
177
-38
-155
-273
-435
-472
-424
-290
-123
-120
-198
-86
161
281
297
307
292
212
-44
-362
-479
-326
-105
48
93
118
300
423
335
263
370
434
270
-4
-290
-438
-394
-367
-494
-526
-301
-35
52
24
93
237
314
246
56
-50
7
100
80
7
-16
-9
-49
-161
-193
-48
127
256
294
169
72
96
98
-14
-134
-159
-167
-194
-221
-226
-122
58
142
81
39
137
277
382
498
674
746
450
-55
-382
-576
-822
-877
-631
-341
-95
-113
-452
-336
307
562
316
189
302
295
-65
-679
-878
-362
187
242
17
98
648
1063
785
372
503
664
292
-408
-914
-907
-441
-161
-343
-424
-191
50
1
-246
-309
-16
288
283
43
-179
-71
279
348
102
66
246
304
179
-72
-214
13
313
161
-213
-379
-277
-137
-115
-158
-208
-137
-77
-184
-327
-180
222
485
421
280
334
477
612
704
776
923
1066
610
-458
-995
-874
-1082
-1370
-1056
-648
-287
-87
-516
-611
392
996
493
99
166
267
35
-680
-1112
-322
660
699
332
289
875
1420
1027
156
146
530
-12
-1004
-1553
-1357
-551
14
-144
-227
206
562
413
37
-164
-52
98
-59
-447
-825
-713
-36
441
247
44
277
519
509
233
-32
96
439
242
-388
-645
-508
-366
-322
-447
-658
-509
-160
-211
-439
-283
254
584
549
455
476
743
1007
1071
975
1042
1252
1423
928
-655
-1592
-1148
-1102
-1985
-1967
-1123
-344
258
-325
-1140
-65
1469
864
-243
-44
653
977
206
-1048
-734
947
1465
654
-18
310
1296
1264
-163
-866
-45
233
-648
-1454
-1558
-727
478
656
109
206
598
547
231
-259
-490
-132
44
-253
-538
-701
-548
64
193
-293
-208
344
607
570
433
286
575
935
574
-134
-436
-330
-273
-340
-644
-884
-697
-352
-306
-437
-190
223
446
335
224
382
684
1054
1203
1092
895
983
1154
1168
891
-489
-1787
-1500
-1273
-2326
-2490
-1269
-230
561
53
-1292
-301
1877
1310
-333
-202
609
1098
480
-1273
-1471
682
1714
651
-261
-26
1021
1266
-312
-1490
-463
358
-390
-1245
-1431
-578
976
1515
805
519
652
474
280
-94
-555
-273
130
-197
-724
-1165
-1139
-373
203
-182
-565
-282
195
543
526
359
761
1427
1270
492
-165
-409
-385
-388
-759
-1222
-1219
-1013
-897
-869
-584
-54
425
691
728
623
541
789
1033
1021
855
689
757
1110
1353
1512
1390
-55
-1557
-1393
-1422
-2931
-3080
-1519
-416
395
-115
-1552
32
3046
2148
-237
91
1195
1373
227
-2006
-2048
708
1813
258
-959
-505
1119
1662
-348
-1842
-410
753
-272
-1423
-1470
-397
1464
2085
985
457
658
543
465
105
-635
-508
2
-180
-489
-996
-1422
-464
257
-1142
-2190
-1415
-509
305
1158
1244
1549
2667
2575
1145
131
-321
-524
-663
-1347
-2244
-2301
-1753
-1215
-797
-390
357
1199
1433
1026
537
227
407
896
717
95
73
626
1219
1593
1816
2302
2589
594
-2495
-2908
-2373
-3817
-4048
-1916
-468
726
863
-864
319
3947
3204
-48
-126
1122
1383
330
-2159
-2404
792
2086
101
-1332
-737
936
1504
-616
-2457
-892
635
-552
-1434
-926
3
1755
2680
1358
344
477
97
-279
-358
-961
-921
-2
264
60
-142
-237
464
709
-920
-2411
-2320
-1705
-778
510
1128
1648
2769
2939
1818
689
-161
-840
-1099
-1498
-2247
-2372
-1668
-768
-253
36
415
857
1088
959
506
139
318
788
832
170
-305
-79
435
916
1309
1736
2267
2755
1333
-2334
-3966
-2467
-2455
-4052
-3052
-627
1263
2246
180
-1524
2190
4888
1248
-1481
-25
1557
1640
-603
-3230
-1453
2299
1655
-1459
-2072
-15
1923
724
-2395
-2438
507
1044
-697
-1003
51
1540
2740
1979
380
165
-137
-982
-784
-598
-837
-96
878
1171
989
105
-363
637
640
-1633
-3211
-2585
-1091
82
554
920
2151
3423
2921
965
-656
-1268
-1404
-1585
-2127
-2495
-1823
-550
402
593
421
661
1301
1333
364
-359
-189
306
785
607
-250
-663
-232
205
135
33
522
1792
2863
3083
1668
-1824
-3521
-1536
-1483
-4462
-3979
-661
1612
2640
110
-2430
2153
6429
2099
-2202
-742
1327
1649
-575
-4053
-2874
1743
2103
-1153
-2294
-327
2230
1722
-1798
-2613
353
1290
-388
-713
-125
640
2284
2290
398
-441
-1015
-1771
-857
43
-544
-115
1477
2144
1763
269
-911
106
525
-1780
-3366
-2606
-1098
644
1419
809
1271
2604
1921
159
-1020
-2143
-2187
-1142
-1160
-1531
-559
853
1774
1891
962
221
320
248
-474
-1391
-1523
-406
819
777
8
-340
-223
210
321
-180
-42
1569
2962
3079
2703
257
-3023
-2385
-918
-3620
-4936
-1604
1177
2387
1492
-1807
-220
5562
4203
-1753
-2261
262
1301
143
-3218
-3814
846
3309
373
-2023
-968
1648
2360
-787
-3474
-1298
1199
281
-570
-139
290
1633
2405
798
-517
-907
-1635
-895
632
220
-100
1453
2673
2418
438
-1858
-1353
248
-1089
-3568
-3260
-759
1350
1864
1101
654
1403
1609
75
-1646
-2079
-1561
-607
7
-247
-12
1310
2348
2183
953
-416
-638
-395
-1009
-1694
-1728
-1294
-63
1118
578
-678
-536
263
193
-228
-107
922
2894
4149
3985
3152
-83
-3299
-2006
-1557
-5408
-5517
-1011
1617
2718
1164
-2112
1311
6890
2913
-3385
-2582
267
1205
-438
-3833
-2996
2699
4449
501
-1875
-336
2152
1723
-2309
-4223
-1244
919
-81
-392
114
568
2155
2389
167
-1121
-1532
-1881
-462
975
526
688
2380
3150
1796
-851
-2483
-1626
-681
-2001
-3407
-2053
567
1730
1912
1610
892
856
784
-479
-1724
-2132
-2059
-762
641
417
468
1695
2358
1799
352
-1045
-1252
-940
-1125
-1458
-1695
-1108
583
1418
452
-529
-364
93
-52
-472
-127
1290
3286
4561
4758
4447
1159
-3586
-3924
-2939
-5831
-6576
-2202
1100
2915
2834
-639
329
6128
4782
-2115
-3635
-887
928
331
-2583
-2977
2036
5184
2042
-1392
-1058
969
1304
-1677
-4411
-2462
533
241
-377
141
398
1468
2167
515
-948
-1378
-1734
-280
1852
1657
1138
2282
2808
1611
-600
-2834
-2891
-1274
-1470
-2887
-1953
289
1762
2925
2268
99
-77
468
-769
-1819
-2169
-2073
-2
1872
1102
593
1796
2326
1487
-155
-1752
-2138
-1475
-992
-1273
-1586
-776
865
1357
469
-274
-401
-231
-87
-174
-311
773
3175
4586
4713
4978
2521
-3227
-4996
-3130
-5306
-7573
-3712
572
3088
4211
313
-1514
4511
6292
-1084
-4854
-1744
1290
1777
-846
-2803
1174
5830
3694
-1442
-3075
-1150
652
-1453
-5159
-3792
634
1557
760
1033
740
1014
2143
1021
-1014
-1582
-1779
-657
2064
2586
1287
1863
3187
2447
-307
-3348
-4006
-1893
-1231
-2894
-2705
-186
2046
3026
2209
266
-236
334
-143
-1083
-1650
-1546
149
1927
1449
364
915
1851
1358
-341
-1989
-2472
-1768
-1088
-1118
-1465
-1150
330
1440
938
-281
-801
-283
221
-55
-324
1067
3486
4836
4980
4734
2837
-2316
-6016
-4751
-4840
-7489
-5165
268
3233
4606
2291
-1378
2178
6514
1136
-4929
-3020
1070
2635
976
-1933
-294
4571
4154
-1408
-4585
-3070
-371
-783
-4080
-4251
243
2785
1748
1267
927
545
1633
1400
-740
-1543
-1248
-239
2302
3215
1566
1287
2460
1989
-600
-3701
-4877
-2819
-847
-1955
-2933
-656
2424
3224
2223
902
208
524
661
-357
-1490
-1240
361
1709
1286
149
306
925
484
-767
-2240
-2796
-1638
-450
-566
-813
-229
753
1477
1349
192
-657
-247
368
20
-323
963
3193
4729
4753
4241
2498
-2973
-6932
-4838
-4313
-7138
-4543
1235
3899
5000
2276
-1933
1982
6773
1043
-5198
-2886
1532
3063
1132
-2265
-948
3938
3195
-2808
-5682
-3470
-163
-102
-3074
-3018
1434
3567
2006
1029
361
68
1413
1451
-250
-910
-881
-15
2332
2626
298
4
1524
1136
-1344
-4003
-4435
-1616
570
-872
-2060
277
2942
2904
1486
93
-458
252
688
-237
-1164
-750
548
1412
539
-909
-849
-68
92
-749
-2134
-2060
-493
273
-131
-469
-9
1010
1804
1363
-3
-571
113
776
222
-302
1079
3307
4281
3952
3624
903
-5125
-6715
-3523
-4678
-6393
-1658
3147
5042
4984
-297
-2918
3955
5954
-2154
-5384
-819
3160
3501
-52
-3284
-189
4118
964
-5212
-5909
-1680
1534
-11
-2812
-1043
2916
3321
1487
88
-1093
-347
1532
972
-226
-452
-658
1226
3484
1687
-1153
-507
1161
246
-2699
-4871
-3262
396
1022
-1227
-1892
515
3367
3238
352
-1149
-36
883
554
-341
-1613
-1078
1357
1552
-531
-1240
-131
795
547
-1015
-2505
-1638
328
634
-652
-1293
-56
1500
1689
593
-544
-505
417
763
-14
-198
1622
3991
4528
3546
2624
-985
-6307
-5830
-2753
-4616
-4855
446
3934
4927
3479
-2523
-2774
4876
4322
-3995
-4717
1150
4508
3404
-925
-3124
938
3885
-1005
-6558
-4872
674
2681
-72
-2025
481
3227
2257
-34
-1717
-1977
334
2109
1097
255
40
-97
2010
3258
172
-1998
-266
916
-835
-3532
-4107
-1269
1751
779
-2187
-1715
1410
2837
1957
292
-334
860
1692
558
-1030
-1727
-901
944
649
-1313
-1299
140
1168
670
-1492
-2302
-579
646
24
-872
-831
489
1905
1406
-368
-1214
-531
327
421
579
1565
3585
4930
4185
2646
-2023
-7992
-6060
-1567
-4276
-4828
1543
5328
5702
3052
-3868
-3423
4850
3409
-5086
-4543
2091
5153
3434
-1189
-2928
1590
3655
-2307
-6989
-3905
1547
2748
-627
-2143
1093
2805
733
-968
-1861
-1863
578
2178
1179
493
104
203
2270
2622
-621
-2202
-211
1103
-561
-3424
-3725
-19
2233
-361
-2428
-1231
797
2450
1642
-874
-484
1664
1432
8
-1005
-1721
-535
1143
409
-660
-246
753
1326
82
-2015
-2316
-963
-44
-218
-688
-345
1350
2564
1199
-1091
-1382
-425
109
694
1479
3006
4951
5667
4650
-506
-7685
-7495
-2872
-4243
-5569
-216
4943
7015
4464
-3608
-4576
3804
3967
-4121
-4532
1703
5369
4814
286
-3337
419
4075
-1447
-7577
-4927
1275
3261
701
-1397
660
2999
1278
-1776
-2988
-2104
294
1839
1501
899
40
-74
2251
3056
-195
-1934
194
1342
-411
-2574
-2966
-664
1439
-389
-3377
-2684
1062
3209
1763
-112
192
1203
1014
-438
-2497
-2706
175
1942
646
-160
666
1491
1197
-669
-2640
-2384
-723
-76
-438
-668
100
1640
2018
182
-2055
-2239
-857
41
544
1554
3241
5247
5772
4652
2588
-3479
-9198
-6290
-2767
-5359
-3316
4296
7541
6506
869
-6831
-4053
4050
392
-6433
-1704
5795
6902
3885
-1329
-3193
1644
2562
-4828
-7941
-2019
3938
4211
802
-904
1083
1701
-1630
-4619
-4624
-1921
2099
3832
2543
1042
143
745
2664
1387
-2313
-1821
2006
2528
-708
-3055
-2073
602
264
-3565
-4718
-1605
1885
3377
2243
700
1379
2377
652
-2653
-4429
-3001
575
2491
1726
1258
2133
2734
1031
-2509
-4088
-2675
-973
-43
278
399
1340
2478
1332
-2106
-4057
-2734
-464
735
1798
3726
5803
6809
6071
3804
-2065
-9477
-8881
-3434
-4237
-4091
3379
8010
7091
2411
-6397
-7804
882
1721
-5077
-1903
6653
8028
4765
-163
-4045
-1577
1384
-3259
-7244
-2260
4208
5223
2553
64
214
261
-2929
-5949
-5138
-1624
2501
4695
3856
2015
-232
-1756
-320
780
-1093
-937
2904
4581
2344
-746
-2750
-2459
-2148
-4789
-6518
-3049
2101
4356
4296
3464
1975
506
-822
-3250
-5376
-3389
1500
4086
3865
2877
1414
416
-754
-3465
-4788
-2568
468
1716
1959
2225
1871
581
-1312
-3648
-4956
-3312
-316
1763
3569
5300
6065
5781
4475
3139
-502
-8249
-10016
-3095
-1195
-2934
2383
7101
5564
1641
-6715
-10768
-1606
3718
-2259
-673
8517
8976
3442
-1350
-5440
-3980
698
-1193
-4601
-297
5083
4982
2074
-1090
-2396
-2274
-4010
-5515
-3422
479
4490
6474
4127
318
-2631
-4666
-3014
376
568
1453
5924
7327
3097
-1590
-3954
-4400
-4358
-5648
-5743
-1391
3804
4949
3613
2838
1110
-1790
-3302
-3831
-3636
-674
3612
5466
4618
2103
-1110
-2699
-2911
-3737
-3622
-680
2774
3479
2197
1261
197
-1541
-2875
-3786
-3839
-1484
1802
3062
3199
4026
4569
3894
2838
2645
48
-6510
-7307
-1336
-942
-2777
1881
5137
3499
-34
-7737
-9872
485
5099
-997
1596
9867
7435
128
-4053
-6053
-2781
2047
-85
-2339
2378
5334
2585
-373
-2166
-2697
-2553
-4192
-4356
-548
3092
4920
4755
1672
-1940
-4399
-5353
-2381
2243
3372
4193
6946
5776
485
-3458
-4868
-4507
-3389
-3579
-3288
795
4267
2584
472
870
-139
-2596
-2801
-1590
30
2752
4235
3297
1787
-377
-3285
-4066
-2274
-804
158
2094
3292
1977
21
-994
-1857
-2654
-2264
-1392
-829
452
1437
816
350
1167
2351
3310
3829
4918
4230
-2547
-7113
-3095
-1578
-4201
-659
4264
3839
1183
-5335
-9665
-1980
4253
-844
-108
8683
7852
240
-3383
-4500
-2208
2149
552
-2033
2446
5288
1766
-902
-1511
-1982
-2390
-4453
-4878
-484
2928
3261
3610
2206
-1345
-4197
-5423
-2842
2584
4471
3962
5916
5707
658
-3474
-4380
-3182
-1639
-2087
-2578
-135
2031
332
-1456
-647
-348
-1306
-1567
-600
1252
3078
3155
2068
1262
-184
-2090
-2540
-1321
156
1005
1418
1318
421
-560
-1022
-1362
-1447
-801
-263
-482
-587
-400
-743
-1017
126
1825
3251
4539
5429
5877
2085
-5269
-6254
-1964
-2577
-2923
3027
5737
2883
-1540
-8544
-9108
-207
2084
-1390
4912
10901
4288
-2475
-4034
-4625
-1277
2094
100
1370
6747
4921
-479
-1563
-2243
-3731
-4400
-5053
-2378
2936
4071
2456
1780
-367
-3917
-6269
-5364
309
5724
5982
5696
6476
3224
-2118
-4472
-4030
-1705
494
396
515
1601
-412
-4226
-4393
-2599
-2263
-1049
1571
2984
2891
2143
496
-687
-516
-629
-346
1411
2687
1782
116
-827
-1826
-2440
-1675
-435
-20
208
805
99
-1671
-2120
-1959
-2406
-1248
1558
2879
3611
5090
5429
4496
301
-5872
-5272
-327
-857
-975
4813
6093
1063
-4033
-10074
-9974
-814
2497
336
6455
10625
2238
-4598
-5026
-4859
-820
3886
3208
4483
7784
3133
-3190
-3264
-3329
-4502
-3569
-2012
850
3813
2716
31
-716
-2462
-5425
-5801
-2661
3230
7370
5926
4134
4168
494
-4388
-4243
-1224
1586
3414
2855
1074
-413
-3323
-6498
-5533
-2415
-1083
633
3088
2974
652
-1000
-1888
-1924
-416
1318
2766
4039
3735
1151
-1564
-2436
-2579
-2361
-712
1356
1533
607
51
-1454
-2867
-2582
-2053
-1302
458
1805
1479
1295
2590
3315
3592
3539
-498
-4230
-1783
108
-1750
690
4898
2818
-924
-4635
-8989
-5318
2056
544
-324
6628
5893
-3173
-5627
-3127
-1000
2538
3921
2851
5140
5010
-1430
-3472
-572
-692
-2041
-1620
-490
997
953
-1097
-1118
-457
-2613
-4061
-2620
667
3782
3468
1695
2502
2214
-1555
-2468
429
2603
3171
2116
148
-1086
-1964
-4022
-4791
-1577
1296
1119
569
257
-1019
-2532
-2464
-1020
1109
3319
3903
3015
1793
57
-1938
-2554
-1106
456
998
1380
1331
-34
-1693
-2546
-2530
-1739
-973
-109
842
877
364
182
693
1584
2607
3774
2333
-1930
-2882
-288
-284
-787
2513
3898
1110
-1681
-5526
-6820
-1723
1093
-839
2237
5933
505
-4916
-3248
-1086
221
2454
2969
3261
4428
1584
-2359
-1180
160
-1651
-2448
-1093
732
1513
819
92
-29
-1334
-3203
-3229
-1373
1607
3262
2044
1446
2224
508
-1984
-1181
1031
1956
1669
942
618
15
-1770
-3495
-2606
-152
522
14
-155
-325
-1249
-2313
-1556
494
2088
2635
2355
1493
-43
-1364
-1882
-1014
943
1953
1446
498
-509
-1891
-2658
-2462
-1781
-235
1207
1323
749
569
321
52
604
1472
2456
2935
84
-2750
-1063
393
-819
493
2854
1594
-159
-2264
-5647
-3269
1762
535
-424
3430
2284
-3776
-4266
-1342
426
2492
3030
2217
3208
2502
-1849
-2965
-313
-125
-1576
-1360
682
2364
989
-1191
-984
-429
-1900
-2953
-1374
1753
3526
1778
59
1132
783
-1939
-2138
897
2498
1426
479
385
-2
-1029
-2457
-2301
200
1097
-512
-887
-190
-878
-1791
-717
888
1531
1817
1353
258
-452
-498
-602
-210
1504
1729
395
-238
-919
-1648
-1729
-1116
-261
451
788
159
-510
-481
-162
-253
555
2387
2812
2549
413
-3016
-2243
132
-268
492
3195
2480
-289
-2257
-5237
-3927
1308
1946
736
3084
2557
-3014
-4807
-2259
-94
2328
3101
1937
2879
2627
-1911
-3525
-630
3
-824
-147
1247
2892
1855
-1809
-2395
-611
-1629
-2744
-391
2568
3578
1581
-1052
-637
29
-1695
-1584
1454
2714
1423
-285
-1070
-816
-1220
-1971
-1088
1391
1815
-262
-903
-971
-1570
-1178
-227
858
1924
1853
37
-984
-717
-949
-172
1227
2053
1909
508
-951
-1856
-1585
-799
-321
517
1034
425
-796
-1121
-808
-348
768
1853
2579
2582
2240
123
-3726
-3446
-486
185
1130
3029
2314
119
-2055
-5572
-4497
1313
2531
1438
3115
2018
-2669
-4870
-3807
-793
2644
2398
1389
3205
2341
-2174
-3451
-1350
289
1256
754
860
3164
2012
-2319
-2850
-1288
-1510
-820
671
1652
3233
1613
-2299
-1774
302
-692
-453
2022
2142
1236
182
-2243
-2320
-654
-893
-517
1614
1692
-29
-925
-1816
-1791
-110
717
1331
1859
562
-1005
-1587
-1746
-664
1259
1901
1804
1439
-189
-1665
-1577
-972
-209
790
784
209
-496
-1715
-1691
-405
556
1523
2594
2495
2037
1776
-1721
-4014
-964
994
1084
2383
2089
151
-1082
-3989
-6016
-1077
3152
2526
2839
1857
-1800
-3978
-4157
-2469
1204
3038
2253
2544
1804
-1450
-2903
-2196
-325
1829
2015
1693
2469
1289
-1556
-2249
-1959
-1775
63
1106
538
1150
775
-1634
-1795
-167
225
824
1847
1393
376
-857
-2026
-1499
-837
12
1504
1137
300
93
-1284
-2174
-970
253
875
2156
1891
-36
-1110
-1859
-1527
114
1447
2360
1777
365
-469
-1349
-1579
-347
1079
1142
607
-111
-1373
-1958
-1771
-678
1031
1840
2138
2078
1026
842
483
-2405
-2334
1107
2077
1933
2246
500
-1376
-2299
-4952
-4229
1418
3201
2131
1477
-1137
-3741
-4222
-2774
141
2610
2763
2244
1454
-907
-2489
-2045
-232
2436
2827
1639
1658
1046
-1145
-2125
-1287
-701
411
1571
693
-329
-865
-1886
-1820
-31
1152
1385
2061
1184
-499
-1219
-2265
-1630
71
787
1668
1001
-703
-1186
-1497
-1664
-624
977
1535
2256
1772
-1126
-1966
-1563
-1013
1040
1779
1679
1166
-154
-788
-1115
-544
736
1405
844
-257
-1009
-2107
-2250
-1295
-306
1003
1332
1212
1211
717
411
-1325
-1869
846
2173
2002
2523
1606
-557
-1444
-2950
-4113
-426
2562
2010
1222
-1044
-3444
-3701
-2544
-316
1202
1402
1778
1434
-1002
-2611
-1590
-21
2191
3432
2139
1539
1188
-761
-1672
-642
207
1047
2248
1562
-735
-2355
-3032
-2071
318
1416
1530
1795
712
-1018
-1813
-2275
-1272
862
1776
1796
712
-1209
-1744
-1511
-1581
-533
1114
1407
1357
513
-1516
-1560
-537
98
1285
1624
679
-421
-524
-49
27
437
1554
2248
717
-1258
-1632
-1582
-927
232
548
417
501
293
-472
-163
-439
-2583
-985
2259
2225
1864
1592
279
-273
-885
-2725
-1469
2484
2909
1571
-381
-3286
-3280
-1813
-687
687
737
120
664
-256
-2679
-2296
-14
1593
2522
1563
349
1257
1098
-884
-835
328
977
2215
2244
-94
-1664
-1774
-1654
-388
742
358
785
993
-893
-1969
-1617
-1144
230
1339
759
-73
-605
-669
204
26
-748
-94
384
310
-80
-1214
-1298
545
1407
616
234
-453
-1150
-641
-89
157
858
2103
2296
628
-850
-1095
-489
326
1051
1117
389
56
-189
-840
-784
361
-189
-1985
-823
108
-222
1154
1642
605
479
-360
-2336
-593
2520
2090
1176
-128
-2274
-2270
-1371
-610
194
268
635
1075
-894
-2666
-1335
264
1079
1285
-255
-320
1456
650
-1118
-361
473
1078
2565
1794
-371
-956
-1106
-1137
-620
-490
-445
535
76
-1727
-1855
-705
570
1690
1091
-239
-347
-160
706
1381
419
-147
595
352
-688
-1079
-1268
61
1858
980
-350
-174
-297
-867
-691
-317
-26
790
1461
1012
-510
-963
108
692
692
591
458
391
528
216
-135
347
766
141
-1961
-2463
-994
-58
1101
1511
276
-334
-581
-2274
-1738
1741
2830
2304
1022
-1748
-2282
-1143
-1031
-109
1104
913
857
-413
-2859
-2305
-127
645
1338
1148
149
703
340
-1311
-828
437
1198
2274
1903
-289
-982
-412
-286
520
638
-152
105
-304
-1767
-2102
-809
406
923
599
-974
-1601
-863
-128
749
893
740
1039
597
-616
-1441
-1262
-293
1169
1302
119
-82
-302
-1207
-1230
-681
-169
911
1543
706
-567
-803
-190
588
1034
1122
957
293
-44
-356
-369
995
1634
1172
609
-1558
-3211
-1586
337
1006
1886
1096
-533
-1004
-2610
-2866
734
2698
2568
1562
-1348
-2346
-972
-926
-185
1625
1321
818
43
-2663
-2798
-48
921
1036
1042
-7
155
68
-1667
-1145
1304
2358
2193
1378
-538
-1343
-538
-175
396
1185
933
484
-251
-1981
-2455
-498
916
831
350
-900
-1400
-602
-556
-463
569
1271
1341
647
-706
-1431
-883
259
1221
1018
103
295
125
-1396
-1678
-720
399
1511
1385
-77
-1109
-722
-99
190
785
1149
844
283
-229
-735
-422
1161
1966
1174
-20
-2054
-2438
-666
437
1203
1406
531
-367
-1597
-3285
-2232
1383
2733
2395
754
-2041
-2001
-707
-719
380
1815
1558
1022
-612
-2857
-1765
701
1014
954
659
-97
227
-241
-1619
-540
1573
1902
1503
376
-1161
-947
-136
105
814
1497
1241
466
-1144
-2555
-1487
668
945
575
162
-1097
-1203
-895
-1070
52
1424
1305
302
-633
-1340
-1118
189
998
1032
603
84
47
-721
-1317
-435
488
878
674
-308
-1089
-851
-77
16
417
1170
808
297
-10
-666
-412
836
1619
1210
589
-107
-1811
-2221
-765
623
1519
1654
515
-1047
-1955
-2544
-1675
1167
2994
2449
244
-2187
-2372
-1229
-590
945
2190
1689
669
-1151
-3039
-1906
877
1524
1224
544
-583
-589
-901
-1588
-242
1868
2286
1332
-191
-1393
-945
86
551
1274
1881
1469
231
-1353
-2276
-1277
580
1152
698
-146
-1176
-1593
-1322
-872
177
1415
1120
-82
-1040
-1494
-803
382
997
1095
624
-92
-442
-705
-691
357
1297
1058
405
-435
-1113
-728
-110
103
554
839
480
-104
-698
-832
17
1091
1619
1397
625
72
-1149
-2209
-1028
813
1819
1923
550
-1266
-2027
-2493
-1870
997
3016
2594
661
-2162
-3143
-1816
-791
779
2461
2075
591
-1367
-3069
-1848
1081
2104
1651
771
-647
-1201
-1236
-1378
148
2356
2387
719
-843
-1587
-1120
6
717
1249
1841
1380
-23
-1318
-1838
-876
630
889
350
-103
-762
-1213
-1197
-979
50
1212
946
-148
-1022
-1315
-854
26
688
944
755
54
-513
-792
-609
482
1343
1206
421
-427
-848
-801
-263
314
660
793
385
-283
-712
-688
-50
686
1052
959
658
267
-810
-1498
-668
625
1589
1697
505
-820
-1402
-2105
-1999
380
2458
2412
918
-1545
-2843
-1930
-922
449
2198
2203
788
-1162
-2871
-2086
681
2040
1855
1125
-267
-1089
-1323
-1329
237
2258
2139
448
-1060
-1551
-843
15
446
1026
1533
1165
-55
-1041
-1134
-401
502
474
67
123
-27
-558
-959
-1155
-716
324
604
-28
-295
-397
-750
-566
-91
262
532
185
-231
-456
-585
44
759
957
784
246
-491
-730
-360
-127
371
949
647
32
-401
-638
-326
189
803
1130
907
485
-722
-1599
-820
434
1222
1524
960
-311
-1353
-2147
-1936
261
2266
2435
1004
-1339
-2495
-2100
-1483
208
2085
2053
770
-1085
-2691
-2008
355
1632
1832
1412
187
-859
-1435
-1322
246
1860
1827
638
-606
-1064
-770
-343
145
917
1471
1066
62
-674
-896
-514
-95
-130
166
683
464
-220
-806
-1240
-972
-104
247
419
762
344
-601
-1031
-813
-57
524
517
335
-143
-498
-347
100
682
1061
802
136
-294
-450
-480
-32
665
790
330
-189
-554
-567
-99
360
606
836
598
-413
-1131
-933
-203
683
1044
618
18
-696
-1615
-1670
-348
1218
1906
1103
-527
-1452
-1503
-1356
-384
1044
1662
1329
-64
-1618
-1498
-184
571
1036
1217
699
82
-614
-1060
-324
844
1095
601
-9
-356
-338
-348
-331
176
701
737
438
-127
-552
-480
-376
-382
52
572
593
179
-506
-1171
-1149
-515
21
469
722
380
-368
-872
-903
-425
220
574
574
198
-218
-332
-115
294
603
664
519
296
28
-199
-23
340
454
276
-19
-235
-205
-61
37
184
419
492
-79
-801
-711
-152
386
758
604
171
-67
-653
-1354
-713
646
1204
895
31
-719
-889
-972
-753
174
964
949
85
-960
-1141
-487
11
325
682
676
364
-214
-637
-303
398
660
398
87
1
8
-100
-109
223
550
525
39
-467
-393
-101
45
184
260
268
117
-279
-595
-504
-124
167
257
126
-74
-285
-496
-518
-180
163
153
1
-81
-153
-171
-49
93
177
206
80
44
222
288
208
119
105
38
-101
-177
-97
110
179
179
185
142
-1
-468
-693
-398
162
660
697
399
20
-389
-890
-869
-39
794
1099
680
-127
-616
-876
-946
-428
321
619
418
-152
-691
-601
-230
-46
219
465
355
55
-157
-160
187
501
316
32
-149
-205
-79
64
262
519
463
-14
-490
-554
-291
77
314
296
174
-89
-502
-668
-389
77
445
504
228
-170
-471
-559
-456
-119
265
395
241
-80
-346
-403
-261
-68
165
346
309
187
70
-64
-57
24
50
197
290
84
-43
-27
-37
8
123
212
295
158
-335
-570
-408
-76
360
587
501
375
29
-582
-775
-353
221
611
562
177
-11
-204
-551
-430
-67
75
55
-168
-326
-45
176
21
-62
-117
-279
-297
-189
56
492
662
304
-106
-291
-273
1
293
424
483
292
-123
-397
-401
-159
166
287
181
74
-102
-372
-420
-220
24
202
236
65
-129
-217
-254
-198
-35
171
225
130
-30
-200
-242
-143
40
199
181
80
-13
-78
-128
-68
113
234
268
119
-165
-252
-126
21
155
311
347
279
143
-234
-448
-299
-50
237
424
380
293
164
-208
-516
-436
-118
185
265
103
49
37
-168
-313
-294
-211
-147
-164
-190
17
294
288
96
-164
-392
-445
-350
-57
381
677
549
162
-157
-346
-296
-12
251
398
426
250
-59
-200
-179
-166
-89
-13
1
-24
-9
12
-22
-47
-60
-48
-30
7
50
21
-14
-49
-102
-108
-49
-53
-78
-20
30
17
-31
-66
-117
-118
-62
-20
43
134
150
66
-56
-165
-151
-11
82
160
297
346
291
135
-158
-301
-213
-81
86
294
385
363
256
-58
-314
-305
-175
2
165
206
205
166
-16
-258
-323
-319
-301
-157
-2
198
382
313
46
-259
-461
-447
-209
118
422
530
296
-86
-375
-440
-248
56
270
336
239
0
-196
-211
-106
25
80
46
14
-20
-55
-37
11
61
81
57
20
-16
-20
-10
6
33
72
96
43
-51
-121
-127
-53
54
108
81
12
-104
-210
-156
-20
127
182
136
41
-100
-181
-180
-94
52
213
277
202
108
-44
-223
-238
-150
-10
176
276
251
105
-101
-239
-211
-96
29
111
126
117
106
34
-58
-128
-209
-258
-234
-112
94
263
294
193
-46
-311
-368
-217
26
290
378
228
-8
-167
-247
-168
15
152
195
151
49
-25
-4
26
28
-27
-85
-117
-105
-36
41
114
110
65
42
31
19
-6
-39
-33
-7
10
53
79
30
-86
-174
-177
-88
30
68
46
-1
-57
-101
-69
20
58
33
-12
-72
-123
-77
7
54
121
131
96
96
56
-21
-96
-143
-112
-9
115
229
275
183
-9
-167
-219
-141
15
132
189
178
49
-66
-129
-162
-150
-133
-103
-24
93
153
149
81
-88
-237
-262
-150
68
223
225
112
-37
-159
-160
-92
-5
77
49
-37
-94
-71
1
38
31
-10
-71
-138
-137
-39
46
112
144
96
65
39
-24
-69
-86
-43
38
122
144
95
16
-94
-120
-74
22
118
121
58
-47
-123
-106
-61
18
77
50
-10
-47
-43
-45
29
99
59
6
-38
-2
72
63
-20
-66
-67
-51
52
165
204
157
30
-97
-132
-52
55
106
84
15
-58
-109
-82
-17
2
-3
-24
-72
-51
38
88
100
48
-62
-155
-133
-82
-7
78
79
51
25
7
-11
-9
-9
-26
-47
-44
4
56
47
6
-50
-113
-98
-41
22
93
114
78
38
37
20
32
22
-22
-37
-33
6
76
115
97
51
-50
-121
-92
-29
20
67
58
-17
-64
-113
-124
-74
-53
-32
-6
45
60
63
46
-35
-76
-88
-66
1
70
84
42
-40
-86
-83
-33
60
122
133
83
30
-26
-50
-29
-22
-9
-5
-6
38
83
54
20
-47
-131
-138
-62
21
102
134
61
-27
-105
-122
-83
-42
29
72
62
45
48
33
1
-6
-49
-82
-64
-15
60
78
74
40
-33
-91
-89
-16
58
121
128
79
41
8
-24
-29
-8
35
72
42
18
20
-14
-46
-61
-75
-85
-48
-21
-31
-26
-22
-2
21
4
-37
-69
-70
-28
12
17
50
48
-6
-51
-63
-42
5
86
108
87
49
-10
-55
-55
-35
-13
53
92
84
58
28
9
-19
-32
-12
34
63
56
32
-6
-72
-92
-89
-71
-1
52
54
29
-9
-61
-89
-72
-32
4
33
15
25
25
-6
4
5
-24
-36
-46
-67
-36
15
22
21
8
-33
-55
-27
15
47
61
42
33
21
15
15
33
34
13
12
-20
-34
-4
12
21
41
0
-56
-34
-43
-63
-27
-3
15
25
0
-38
-37
-38
-40
-8
12
30
40
8
-16
-22
-31
-4
33
35
30
21
18
18
4
-4
5
13
7
1
19
46
52
38
25
-1
-24
-17
-19
-12
16
16
-10
-28
-45
-69
-70
-54
-38
-5
24
46
45
7
-28
-36
-35
-10
20
42
33
4
-19
-33
-19
13
21
24
32
18
2
-12
-6
-1
15
17
22
29
19
-3
-22
-21
9
35
29
28
4
-37
-58
-61
-34
22
68
52
3
-51
-88
-84
-54
-13
21
45
47
8
-31
-38
-21
0
36
63
51
33
6
-33
-45
-28
1
40
59
58
48
24
-3
-5
8
24
47
46
10
-13
-28
-18
20
52
73
53
9
-41
-72
-52
-13
26
33
9
-20
-52
-76
-58
-21
3
23
20
4
-25
-46
-51
-49
-16
9
26
48
34
11
-12
-27
-18
3
28
44
46
14
-19
-35
-28
-3
19
25
19
-1
-12
-8
-21
2
28
31
33
10
-25
-63
-58
-47
-21
20
26
24
-13
-42
-56
-56
-22
20
58
64
35
-12
-43
-42
-34
-17
6
23
27
15
-1
-17
-22
-8
3
10
14
15
20
26
22
17
9
-1
-21
-29
-4
18
27
23
10
3
-4
-1
-11
-15
-19
-18
-10
-16
-29
-35
-39
-55
-31
-5
0
14
14
-5
-15
-6
-6
1
12
19
7
-12
-20
-7
22
36
51
40
25
4
-25
-31
-14
19
21
19
-1
-18
-32
-37
-19
7
47
44
24
-9
-34
-32
-26
-9
4
34
30
-3
-13
-35
-32
1
22
18
19
18
-6
0
-4
-11
-1
16
22
15
17
2
-2
3
-1
2
11
26
35
31
15
3
-10
-23
-16
-11
2
10
5
-4
-4
4
5
7
2
-3
-3
-5
6
0
-7
-10
-24
-30
-28
-10
7
9
8
2
1
-7
-4
12
0
1
1
-1
1
7
21
10
12
6
5
15
28
35
25
21
-8
-14
-22
-10
6
2
19
5
1
-9
0
-10
-12
21
-1
-5
1
-9
-19
-13
-17
-26
6
0
-23
-26
-19
-19
3
14
3
5
-7
-18
-18
-6
21
35
29
17
12
-2
-4
16
10
7
21
10
1
-10
-23
-29
-12
13
11
10
15
-13
-27
-27
-27
-19
-9
-1
5
6
2
4
3
7
9
11
0
-3
0
-6
8
9
13
4
9
15
2
2
-8
2
10
10
5
3
5
12
27
14
-2
-4
-9
-16
-1
23
7
1
-14
-27
-24
-26
6
19
29
24
-2
-22
-30
-3
-12
-4
9
0
-5
-18
-16
-14
15
14
8
24
17
17
19
4
-14
-13
-20
-14
0
-4
-4
11
23
31
26
-1
-5
-5
-17
-16
-3
7
3
-7
-25
-37
-36
-22
-6
7
32
27
-1
-11
-13
-22
-17
-2
-1
17
12
-12
-14
-5
3
3
1
2
7
7
9
11
10
8
-2
-11
-13
-8
-7
9
13
6
3
-16
-15
-11
-9
0
-1
4
2
-11
-16
-22
-12
-5
7
8
8
10
-9
-5
5
6
22
24
9
8
-6
-16
-2
3
7
18
22
17
14
7
1
9
5
-1
2
-6
-2
2
-3
-8
-14
-8
-8
5
16
18
16
7
-4
-17
-11
-14
-12
-12
-16
-3
-6
8
13
13
14
12
0
-10
-7
-15
-1
1
-3
6
5
-17
-14
10
16
29
27
13
16
-5
-31
-36
-26
7
22
28
28
3
-7
-14
-15
-5
2
10
-2
3
-9
-12
-3
-12
-8
-19
-24
-7
-2
0
-5
-7
-15
-27
-19
-15
2
26
31
22
7
-3
-9
-9
-15
-9
-3
3
12
19
18
17
17
-1
-1
14
18
24
31
13
2
7
0
-17
-15
5
9
10
1
-12
-11
-6
-6
-15
-8
8
3
-11
-13
-12
-9
1
11
17
23
14
-11
-21
-18
-10
7
17
11
-4
-17
-13
-7
-7
6
15
11
0
-7
-18
-3
13
6
2
8
4
-9
-10
-13
-11
6
10
7
2
3
-5
-4
1
5
18
19
9
4
-7
-28
-18
-8
-11
-11
4
8
-15
-10
-13
-15
7
6
4
-5
-10
-6
-9
2
10
20
21
8
9
-3
-1
24
16
15
14
-4
-7
-18
-11
0
6
21
5
4
-5
-15
-11
-16
-8
2
9
6
-1
-1
7
3
-2
3
-1
1
-3
-1
-10
5
17
2
5
-15
-18
-3
2
-3
-3
5
-8
-7
-2
-19
-9
4
10
11
6
1
-9
-10
-9
-14
-1
5
1
-3
-7
5
1
5
18
8
10
5
5
4
5
20
11
2
-10
-12
-12
-6
-4
4
10
10
4
-17
-8
-8
10
18
0
16
7
9
-3
-4
2
-2
17
2
6
6
-3
7
-4
-8
-11
-9
-4
3
-2
-2
14
13
2
-11
-4
6
7
8
4
6
2
-1
-20
-26
-9
-8
-3
-6
-9
-5
-6
-9
-12
-2
2
-5
5
-6
-4
11
1
7
1
1
-3
-1
14
11
17
13
5
-1
2
-11
-5
4
6
11
5
5
-13
-2
-9
-15
5
8
14
3
6
8
-12
-15
-26
-21
-11
-9
3
9
10
0
-5
3
0
-3
-6
-11
-5
4
0
-4
1
0
0
-8
-4
8
13
19
11
-3
-14
-18
-12
-9
-2
1
6
20
22
22
13
-2
-1
-3
2
8
4
-3
-18
-15
-10
-11
-8
-8
-12
-2
5
8
16
20
5
-9
-19
-23
-10
2
9
8
2
-4
-7
-3
7
23
26
11
-4
-10
-20
-12
-12
-12
-2
7
7
5
6
1
12
11
-1
7
-3
-5
3
2
0
-15
-8
-20
-12
3
14
16
-4
6
-6
-8
-2
0
2
3
12
-9
-6
0
-12
-8
-8
-1
1
11
3
4
7
1
8
1
10
12
1
-2
-3
15
12
13
14
8
6
-15
-9
6
9
9
-7
-9
-6
-1
-5
4
22
15
6
-15
-22
-18
-8
11
14
16
2
-6
-8
-6
6
-1
3
-1
-5
-6
-19
-8
9
9
-4
-2
3
-12
2
10
10
19
17
2
-20
-21
-24
-19
-4
4
13
9
14
-3
-12
-5
-1
14
4
-1
-11
-3
4
-2
8
-12
-15
-7
-6
4
10
14
14
9
6
-6
-6
-5
-17
-10
4
5
4
-3
-13
0
19
14
5
11
0
-13
-7
-14
1
14
14
12
3
5
-8
-8
-12
-15
2
5
11
-2
0
6
-2
7
-2
10
10
-7
-14
-20
4
5
11
15
-1
-9
-14
1
4
16
20
6
9
-8
-11
-4
7
24
9
1
4
3
-1
-10
1
1
1
8
-13
-9
-8
-7
-7
-5
-1
-10
3
0
3
11
1
-1
-10
-10
-4
9
1
-4
-4
-9
4
-7
5
14
3
4
-7
-9
-16
-13
-20
-18
2
1
8
3
-9
-8
-7
-1
7
7
8
7
2
-11
-11
-7
-11
-7
-7
-1
-3
4
16
9
10
14
1
1
-2
-8
-7
-14
-10
-17
-4
6
1
18
7
3
4
-1
1
-3
-3
2
8
12
8
7
7
-6
2
5
2
6
0
3
-5
-16
-19
-6
15
15
-1
-5
4
-11
-13
-2
2
6
10
7
-6
4
16
1
4
6
8
6
3
5
-4
9
5
-10
-10
-6
1
-4
4
-1
-2
-4
-19
-6
-8
1
18
19
18
15
7
-13
-6
-5
-13
1
3
2
0
-3
1
0
16
18
11
13
13
0
-9
4
-6
0
0
-2
-4
1
7
-7
5
-2
-5
-9
-16
-11
-17
-10
-15
-7
-2
5
4
-11
-5
-2
7
3
3
9
14
19
-2
-8
-9
-6
11
2
9
11
3
6
-9
-1
2
-2
5
-7
-4
5
16
15
5
10
-6
-8
0
-6
7
0
-14
-17
-17
-6
-6
2
3
1
-3
-10
-2
1
18
17
-2
-6
-16
-10
-2
-5
1
12
6
-6
-8
-16
-18
-5
4
7
12
8
0
-5
-4
0
-3
2
7
-9
-17
-11
-5
3
12
10
1
1
-1
-6
-8
-6
2
1
0
0
-1
0
3
14
4
6
17
10
4
-10
-15
-11
-6
-1
0
0
3
0
-8
-7
-5
-1
-1
-9
0
-3
-4
-5
-5
6
12
15
7
2
-2
-8
4
-2
4
9
-7
2
-3
-8
-6
8
11
10
15
-4
3
2
-5
-1
0
4
-5
-8
-15
-9
12
8
5
2
-1
-7
-6
-10
-14
1
-3
0
-4
-15
3
4
-1
-9
-3
-6
-6
1
-7
3
-2
-5
-1
0
8
4
4
0
-1
-13
-11
0
5
20
7
2
5
-8
-8
-1
5
8
-2
-7
-5
-1
-4
4
1
1
1
-14
2
10
16
20
13
6
-1
-1
-11
4
7
9
17
-1
-4
-1
-13
-10
-6
-3
11
8
4
-4
-16
-21
-11
-13
-9
17
10
14
20
14
16
9
3
-5
-14
-16
-1
5
5
17
5
4
0
-7
1
18
25
16
7
5
8
-4
-8
-2
-9
1
1
-1
3
-3
10
8
7
-7
-19
-12
-13
4
-6
-2
1
-14
2
4
15
19
12
9
-2
-4
-5
-3
-7
-4
-1
-1
1
-4
-14
-8
-1
0
6
2
-2
-1
0
-5
-4
8
10
18
23
10
5
8
3
2
6
-3
-6
0
-3
-9
-4
-2
-2
0
-3
-2
-1
-1
0
-2
2
-2
-7
-8
-2
14
17
9
3
1
2
-6
-2
-11
-15
2
1
-8
-10
-12
-18
-20
-16
-10
8
8
-1
6
1
-2
-6
-13
-11
-2
2
-2
1
1
-5
-5
-5
0
5
8
4
3
-1
-10
0
0
1
2
3
-2
-5
17
14
3
1
-8
-13
-13
-4
-2
10
14
3
0
-7
-4
-7
-2
-1
5
10
-1
6
4
8
8
-2
-8
-9
4
4
3
15
7
1
-2
-12
-4
3
4
5
16
16
2
1
-1
-3
-6
-7
-3
0
0
2
6
5
4
-6
-12
-14
-8
0
2
8
8
3
2
-2
-4
2
4
3
3
4
-1
-9
-8
-4
0
3
4
-1
0
3
-2
-3
-3
-3
-6
-7
0
-1
12
13
6
-3
-13
-7
-3
1
11
17
13
10
7
8
0
-7
-6
-3
3
8
8
-3
2
7
-3
-8
-3
3
-3
-8
-7
-9
-4
2
-4
-3
5
0
-12
-15
-5
-1
5
8
3
1
-2
1
-3
-6
8
9
13
22
15
6
9
5
-6
1
-4
-6
2
-5
-2
-6
-7
-11
-8
-1
-1
7
8
4
4
4
0
-5
-6
-6
-4
-4
-1
3
3
0
-3
-1
2
2
3
8
16
11
6
-2
-4
-2
-2
0
0
2
6
13
9
0
-3
-10
-11
-13
-17
-14
-12
-9
-9
-4
0
5
7
1
4
10
3
0
-8
-13
-8
-5
-5
-2
6
12
9
1
-2
6
2
2
1
-5
1
2
3
0
0
0
-2
-1
-6
-1
2
0
-1
2
-5
-7
-3
-8
-3
-4
3
4
2
8
9
6
2
-8
-10
-6
2
0
-5
-5
-8
-7
-4
0
8
9
4
-5
-5
-3
-4
-2
-2
-3
-5
1
6
3
7
8
8
7
0
0
3
0
2
2
5
10
10
4
6
6
-2
-5
-8
-7
4
6
0
-5
-7
-4
1
3
1
3
3
1
1
-1
-4
-3
-2
0
3
1
3
-2
-5
-3
0
10
7
4
-4
-7
-2
-1
5
0
-4
-10
-13
-8
-4
0
5
4
-3
-4
-4
2
3
2
-4
-8
1
2
4
6
7
6
5
9
8
7
2
-4
-6
-12
-10
-4
-3
2
2
0
-4
-2
4
-2
2
0
-6
-4
-7
-3
-2
0
2
4
6
1
-3
-7
-8
1
4
2
4
3
3
0
7
10
7
13
12
6
4
-3
-7
-3
2
-2
-3
-2
-5
-4
0
-1
1
5
0
-8
-11
-6
-8
-10
-8
-4
7
10
9
7
4
6
6
2
1
1
-3
-2
-1
-3
2
3
0
1
7
5
4
10
7
3
5
5
-1
1
0
-1
3
2
0
-3
-1
-2
-3
2
-3
-3
-4
-5
-2
-4
2
5
1
-1
-6
-6
-2
0
-1
1
-3
-9
-19
-21
-13
-9
-4
0
-2
-1
-2
-4
-1
2
4
2
5
-1
-6
-8
-10
-6
-3
3
10
11
13
8
-1
-4
-4
-7
-4
-3
-6
-6
-6
-6
-6
-5
-3
-8
-3
3
2
9
6
1
0
-6
-10
-8
-4
4
12
15
6
-1
-1
1
-3
-4
2
5
8
4
2
2
2
8
4
3
8
1
3
6
3
1
-4
-4
-13
-13
-2
-2
5
7
8
9
8
5
-3
-1
-7
-9
-4
-4
6
7
3
6
9
9
6
1
-1
-4
1
1
-3
-7
-7
3
4
6
8
5
4
7
7
7
5
2
-3
-2
2
-2
1
2
2
5
6
1
-6
-3
-7
-7
-3
-1
-3
0
4
-2
0
-2
-3
6
4
6
7
8
11
5
3
-4
1
2
-6
-4
-7
-9
-5
1
2
0
4
7
1
4
-1
-1
-1
-11
-10
-10
-10
-6
-3
1
-1
-1
-4
-5
-7
-6
0
-1
3
2
-4
-3
-3
2
8
6
4
-2
-5
-3
2
5
0
0
0
-1
-1
-4
-4
0
7
3
-3
-2
-3
-3
0
1
7
3
-2
-2
-6
-6
-2
-6
-4
-3
1
6
-1
2
-3
-8
-5
-11
-6
-3
-2
1
-3
4
6
8
7
6
9
7
10
7
0
3
5
5
8
9
7
6
1
1
1
6
9
8
10
5
-6
-11
-12
-10
-5
-1
1
3
4
1
-1
-3
-2
1
-4
-2
-4
-9
-6
-4
0
5
4
8
11
5
3
2
1
-6
-5
-7
-9
0
2
0
-3
-2
5
3
-3
-8
-8
-3
0
-3
0
6
0
-1
-4
-9
-1
7
4
4
3
-1
0
-11
-7
-7
-8
5
1
1
6
6
3
-2
-2
-4
-8
-5
-2
4
8
8
6
7
9
9
7
-2
-6
-5
-4
-12
-14
-8
-6
-3
-4
-1
6
9
5
5
3
-2
0
-3
-4
3
0
2
0
-2
3
0
7
8
2
7
-5
-9
-7
-14
-10
-7
-4
-4
-6
-4
3
8
7
9
6
1
2
-2
2
2
-3
-2
-3
-1
1
0
3
7
7
4
4
-5
-12
-12
-13
-8
-2
-7
-6
2
4
10
8
1
4
8
9
4
2
2
-2
-5
-2
-3
0
14
6
4
8
1
4
0
1
5
4
5
0
-4
-8
-10
-5
-3
3
4
6
4
-5
-8
-10
-7
-2
-4
-3
1
3
3
-3
-7
-3
-1
-5
0
3
2
2
0
-1
0
2
1
1
1
3
-1
0
7
8
2
3
4
1
-1
-1
-1
-5
-1
6
0
4
7
-1
5
15
10
12
5
1
1
-5
-1
0
-1
3
0
-7
-9
-6
-5
-3
1
2
5
4
-5
-5
0
-1
2
3
1
3
0
-4
-3
-3
-3
-3
-5
-3
-4
-4
-7
-4
3
0
-5
-8
-10
-2
0
2
9
5
7
9
10
4
1
1
-5
-5
0
3
-1
-5
-9
-11
-10
-6
-3
-8
-3
-3
-3
-5
-5
-3
-2
4
5
8
7
3
2
-1
3
1
-1
4
3
1
-4
-2
1
-1
2
-1
-5
-4
-7
-3
-4
3
6
7
9
10
11
10
9
1
-3
-4
-10
-11
-8
-2
5
8
7
2
3
-2
-3
0
-2
4
9
8
1
1
0
1
5
6
5
3
2
-4
-4
-2
-9
-8
-8
-7
-7
0
0
-3
-5
-6
-4
-3
1
3
1
3
4
0
-3
-2
2
4
5
6
3
3
3
-3
-7
-2
2
-6
-2
0
1
6
6
2
2
6
4
-1
-5
0
2
6
10
6
4
5
4
-3
-3
0
1
4
6
9
8
7
9
-1
-2
0
-4
-6
-10
-6
-9
-9
-6
-11
-9
-14
-12
-8
-6
2
-1
1
3
1
1
1
4
12
14
6
1
-4
1
3
1
-2
-5
2
4
4
11
7
4
-3
-4
-2
3
9
3
4
4
1
-1
0
-2
-8
-7
-9
-6
-1
0
2
0
-5
-2
0
5
9
6
8
4
0
1
1
-1
-3
-8
-11
-8
-4
0
3
2
1
0
-5
-5
2
6
9
7
5
1
-5
-2
-3
-3
-6
-8
-5
-5
7
7
1
0
-7
-4
-2
-1
2
2
1
-2
-2
-2
-3
-2
0
2
3
-2
-4
-5
0
2
-1
1
3
8
6
-3
-9
-8
-5
-8
-7
-3
2
10
10
6
6
6
7
6
8
6
9
6
4
-3
-11
-12
-10
-4
-5
0
-4
-16
-9
-1
9
9
2
-5
-7
-5
-9
-8
-6
-7
-2
3
7
8
5
-1
-1
5
3
3
4
0
-6
-5
-9
-11
-5
-2
-8
-4
-2
-7
-2
7
5
4
7
4
-5
-7
0
-1
-2
-2
-2
0
3
10
6
2
2
1
-1
-3
-2
-4
-5
3
7
6
9
15
10
4
3
-1
-4
-5
-6
-9
-6
-2
-2
0
2
3
6
4
0
2
1
0
1
-7
-4
0
0
3
6
10
8
7
10
2
-2
-5
-7
-5
1
6
6
3
2
2
5
3
2
5
3
0
-4
-4
-8
-12
-9
-13
-8
-2
-3
1
3
7
7
7
11
7
-2
-8
-11
-9
0
8
8
6
3
1
0
6
9
12
7
10
18
12
11
5
-1
-5
-5
-1
-9
1
5
-2
1
-1
-1
5
4
0
1
-3
-9
-6
-5
0
1
-2
-6
-2
3
5
6
1
-2
-6
-11
-13
-14
-12
-13
-6
1
4
6
5
0
5
5
-2
1
-1
-8
-6
-8
-10
-8
2
3
-5
2
8
9
15
17
15
6
-1
-4
-7
-2
1
3
7
3
0
1
0
2
4
-1
-3
1
-4
-11
-9
-10
-10
-7
-4
-6
-8
2
9
3
-6
-6
0
-2
-1
-10
-4
-1
-5
-3
-8
3
9
9
5
1
2
-2
2
1
3
1
1
-5
-13
-10
-8
0
0
0
7
2
4
4
0
0
6
8
-1
3
0
-2
3
-1
-4
-7
0
4
1
-3
0
1
-7
-2
0
0
6
5
2
2
8
8
-2
7
6
-2
-3
-9
-4
-4
1
2
-1
9
7
10
3
-5
-2
-5
-9
-11
-10
-13
-6
-1
-1
2
1
5
8
10
5
-1
0
-6
-3
-1
-4
-3
-2
5
-2
-4
1
2
6
2
4
6
4
7
1
-6
-5
1
3
2
-2
-10
-6
-5
-9
-7
-6
-2
2
11
13
14
18
12
9
11
10
6
-4
-8
-10
-14
-11
-8
-1
3
-2
-2
0
1
2
2
-6
-2
-2
-9
-2
-5
-1
5
3
7
6
15
12
3
-10
-23
-15
-13
-11
-4
3
10
12
8
4
8
4
-1
-6
-7
-11
-22
-19
-11
-5
-3
-1
0
2
10
4
-10
-9
-2
-6
-2
7
12
11
8
1
-1
4
6
3
5
3
4
1
-13
-15
-7
-1
12
18
12
3
-4
-8
-8
-7
-2
8
2
7
7
10
22
26
25
17
16
6
-6
-12
-17
-12
-5
0
-4
-4
-2
0
3
6
13
14
10
6
6
4
-8
-6
-7
-2
13
9
0
-2
-2
-8
-4
-3
-1
3
2
-7
-11
-16
-14
-6
-3
3
4
10
9
2
5
-1
-3
-6
-12
-15
-20
-19
-19
-8
-4
4
9
2
2
2
2
0
0
4
-2
1
-1
1
0
-6
4
-4
4
12
5
7
-1
-6
-14
-10
-8
-6
5
4
8
9
0
-9
-10
-4
7
9
6
-1
-3
2
-6
-10
-10
-6
0
-1
-2
-10
-5
-2
-4
-3
-15
-9
-8
-10
-6
-4
-3
0
5
-5
6
9
4
8
6
4
1
0
-1
3
3
5
1
5
3
-3
4
9
9
2
-6
-4
0
-2
0
4
1
-4
2
2
-5
-1
-5
-7
-6
-7
7
12
11
14
4
5
9
3
2
2
3
10
5
6
0
-6
-11
-8
-4
-10
-9
-7
-10
-5
2
5
7
17
10
4
11
7
8
1
-7
-8
-8
-2
1
3
-1
4
11
3
2
1
-4
0
-4
-8
0
-5
3
4
-5
4
4
-5
1
8
8
12
13
11
10
7
2
-4
-8
-1
-1
-2
3
-5
-5
-5
-3
5
-3
-3
-1
-4
2
4
4
7
9
-7
-6
-4
-12
-1
2
1
1
0
2
-2
-3
-3
-8
0
6
5
5
6
14
13
10
10
7
9
5
-3
-8
-7
-6
-1
4
-3
-3
-1
0
-1
-2
4
2
-4
-5
-3
6
8
5
4
-1
0
1
-2
7
1
-1
-3
-15
-10
-3
8
9
-1
-10
-11
-14
-11
-6
-10
-4
-3
7
9
1
3
-5
-1
-5
2
7
1
10
-14
-12
-3
0
11
4
4
-5
-1
0
-14
-4
-6
-1
3
-10
-5
-2
5
6
0
15
9
6
1
-6
-7
-16
-11
-6
-6
-3
-4
1
1
3
9
8
9
9
10
1
-7
-9
-18
3
20
11
7
-1
5
4
2
7
-2
0
6
-5
-9
-10
-15
-4
-1
6
13
8
9
2
-1
0
3
4
-1
5
-4
-8
-13
-17
-4
-6
9
13
5
9
-1
-3
-3
-9
6
6
1
3
-4
-5
-14
-5
-8
0
16
11
3
-7
5
6
9
13
3
-1
-4
-11
-12
-12
-11
-8
-8
-1
3
1
6
2
4
8
-3
1
8
4
0
-12
-11
-7
-9
-9
-10
-5
1
1
1
-1
9
11
1
6
4
-1
10
10
8
5
1
1
-4
-9
-6
-14
-14
-4
10
15
13
12
14
18
6
1
-7
-12
-3
-17
-14
-10
-14
10
12
8
12
3
9
4
-4
-4
-3
0
-5
-11
-13
-5
1
5
2
6
19
16
3
-1
-11
-17
0
-5
-10
-8
-14
-1
1
5
9
4
21
9
-9
-3
-12
-17
-13
-18
-9
2
-3
-6
6
10
8
15
4
1
10
4
3
-9
-14
-7
-12
-8
-6
-5
10
6
10
8
0
11
3
2
11
9
9
5
3
-4
-7
-5
-9
4
11
5
-6
-3
6
-7
-1
-4
-14
4
2
-10
-7
1
2
8
15
7
2
-2
-12
-1
14
8
6
0
-13
-11
-8
-3
-2
0
4
4
0
-4
-4
-7
-7
7
7
14
9
-8
-3
-1
5
2
-1
0
0
-2
-16
-13
0
4
12
9
-1
1
-8
-7
-10
-9
10
12
8
2
0
6
8
11
10
13
17
10
4
-1
-4
-9
-17
-21
-21
-9
-3
-5
-2
5
3
9
21
7
9
6
-5
11
-5
-5
12
-1
10
-3
-17
-9
-8
-3
4
-3
-5
10
6
6
20
6
3
4
-8
-10
-12
-11
1
1
-2
0
5
8
13
8
-4
1
-8
-11
-7
-10
-6
-11
-6
8
5
9
13
4
-3
7
6
-1
2
0
-3
-5
-3
5
0
4
9
-5
-8
-4
-5
-3
2
4
1
-22
-19
-14
-15
-5
2
15
16
23
13
-8
-4
-13
-7
-8
-15
-7
-14
-14
-7
0
4
1
-5
-7
2
1
5
8
0
4
-1
0
9
12
12
-1
-13
-7
-12
-14
-8
-10
-10
3
-6
-7
2
2
10
12
7
5
3
0
-3
-8
-12
6
5
2
13
5
5
9
-5
-4
-7
-10
-6
-15
-10
4
2
0
11
5
13
14
0
6
-7
-4
-2
-12
-1
4
-1
3
0
-4
1
-3
-10
-6
-12
-16
-5
-6
-6
14
16
12
12
9
16
13
4
-3
-11
-4
3
-6
-8
0
9
10
1
-4
-6
-5
7
3
-1
1
-13
-3
-3
-11
5
-6
3
11
-4
3
8
15
21
2
0
7
1
8
-2
-12
-6
5
4
6
1
15
18
8
10
3
1
-1
-3
-12
-10
6
-1
1
5
12
15
2
10
-3
-15
-5
-8
-12
6
4
5
8
-5
3
3
3
10
0
3
3
-10
-9
-22
-15
-6
-16
5
-1
-5
12
5
12
4
4
3
-4
10
-5
-14
-1
5
6
0
7
-5
4
3
-18
-5
-10
0
0
-5
10
-4
11
1
-3
10
-5
13
2
3
14
-18
-13
-14
-11
9
11
8
5
1
4
5
-12
-1
-9
-16
-4
-22
-14
0
-8
-4
-3
6
4
-2
8
6
6
4
-4
-7
-4
-4
-3
-3
-2
7
10
13
14
16
19
0
-4
0
-16
6
-2
-19
-12
-20
-6
-3
4
11
0
6
-3
4
0
8
3
-1
23
5
26
16
0
26
-6
26
4
-12
21
-16
24
-2
1
31
6
21
-15
-9
3
-6
7
-16
2
-1
-15
-3
-8
2
-6
10
-2
-6
-3
-36
-13
-10
-1
17
-8
-2
-16
-6
1
-3
5
3
5
2
-3
-9
-5
-2
-5
7
-3
-5
-7
-18
-1
-13
9
3
-10
6
1
22
13
11
18
-5
13
-11
-11
-10
-18
7
-17
-8
-2
-11
11
-2
14
7
3
11
-18
-2
-22
-7
6
-9
17
-8
1
12
12
23
6
14
-10
-17
-9
-36
-4
-14
-10
17
-4
5
8
9
20
20
7
4
-3
-11
-9
-4
-4
1
4
19
-5
0
7
-17
7
-9
4
-10
-19
-1
-25
-1
-20
0
12
-19
11
-14
0
19
7
-1
-2
-1
-17
3
-16
-6
15
-7
11
4
-6
7
-9
14
5
13
20
-4
17
-2
0
9
-16
8
-7
-16
7
-11
10
0
-7
10
-10
7
8
-6
0
1
7
-2
16
-1
-2
10
-16
-3
3
3
11
1
-10
-14
-5
-16
-6
14
8
29
24
13
13
-8
6
2
-12
1
-9
-10
0
-10
4
1
2
12
-2
11
7
2
-3
-22
3
-7
-7
-12
-7
2
-11
13
-1
4
20
3
17
0
15
6
-15
0
-30
-20
-14
-14
-1
-5
1
4
6
0
-4
11
4
6
9
-4
0
-1
-3
-8
-5
0
-8
9
-5
-12
-2
-16
-9
-10
2
-2
-2
-1
-17
6
-12
3
18
0
24
5
-7
1
-13
-10
-5
-5
1
8
5
1
-1
10
9
7
20
5
-1
8
-5
0
13
-1
0
2
-14
-10
-10
-19
7
-9
2
5
-19
-3
-17
-6
6
2
20
-1
-7
-10
-21
-6
-5
7
14
7
18
5
-3
10
-2
-3
1
-8
7
-4
-5
8
-5
21
4
6
9
-3
11
-10
8
-3
-1
8
-6
-3
-19
-1
-11
5
5
-14
15
-16
14
8
-17
23
-9
3
5
-15
5
-10
0
0
-4
4
0
7
-1
8
7
4
-3
-7
4
-11
-11
-9
-11
11
9
1
14
1
6
-2
-3
1
12
21
-5
-5
-10
-3
13
16
7
0
9
-6
1
4
-14
-7
-8
-7
-3
0
2
5
16
6
0
16
0
-3
0
-15
-6
4
-6
1
-7
-11
-10
-19
6
-14
0
18
-14
21
-13
-17
8
-13
12
-1
9
14
7
9
-4
8
2
7
-8
-5
-1
-14
2
-5
-4
3
6
4
11
7
-4
13
10
11
9
7
5
-4
-4
-19
-13
-8
-7
-3
-4
4
-8
-4
-6
-6
9
0
4
4
6
5
0
12
2
5
8
-11
-1
4
-13
2
2
-7
10
-15
1
-7
3
13
-18
10
-14
-4
8
-24
16
-3
8
10
1
4
-7
16
-11
-2
9
-15
3
-12
-3
6
4
13
-3
0
-2
-4
2
-4
11
3
-4
18
3
10
14
-3
5
-7
4
-1
-13
18
-5
0
7
3
18
5
10
-13
2
0
-19
10
-31
-7
-3
-17
0
-12
10
-1
4
-2
-12
4
-23
-6
-15
-12
14
-10
11
1
0
-3
-11
12
-1
-9
-4
-13
-11
-2
8
-1
-1
17
8
19
17
-5
8
-4
-10
2
-4
5
10
10
-6
3
3
-4
18
21
5
0
8
0
6
5
-2
-3
-4
6
-7
-6
-6
-5
3
-7
5
-3
-4
6
-1
2
-13
7
-8
-8
2
-21
11
-6
8
16
0
18
-2
4
7
0
5
-18
-9
-7
0
1
-5
-5
9
-2
-1
-10
-15
15
-8
17
7
-17
21
-18
6
7
-19
23
-3
15
9
-13
-5
-8
1
1
8
-12
-1
4
-15
12
-3
13
17
-6
-12
-11
8
-8
5
-2
-12
26
-2
-2
10
-9
14
0
-6
5
1
11
2
-8
-9
4
8
-11
11
-4
5
29
-1
13
-1
-5
1
-21
-6
-9
-6
-11
-23
-13
-18
1
9
6
11
18
18
10
18
9
-11
1
-2
0
-4
4
7
-10
-4
-17
-3
4
-12
11
-6
-12
1
-15
-5
0
-1
2
6
11
10
7
-4
-12
1
-12
7
5
-11
4
-4
-9
-3
-8
-4
2
-6
-10
-8
-2
1
7
11
11
3
7
6
-2
1
-2
-7
-9
-6
-11
-2
-8
-8
7
-7
11
6
-6
10
-12
-3
-2
-6
11
6
16
7
3
7
0
16
8
14
18
2
8
8
-8
-3
-12
-15
-6
-9
-3
-5
-8
1
5
-8
6
17
-1
3
-2
-8
-3
-7
5
-1
0
-6
2
4
-6
6
-11
-16
6
3
10
3
3
-3
-11
7
-2
8
0
-15
-1
-10
-7
-3
-10
0
1
-6
-11
0
10
-3
6
2
-8
8
2
9
14
1
17
4
8
4
-2
8
-7
9
9
4
13
-1
-6
-1
-5
-4
2
9
7
-2
3
0
5
3
-2
-1
-9
-10
-22
-8
-20
-11
14
-5
7
8
-1
4
5
5
2
4
8
6
1
-5
0
2
1
11
5
16
2
-9
-4
-15
-5
2
-4
5
4
-3
-1
-20
-18
-2
5
8
16
10
10
8
-10
-2
-10
-17
-12
-17
-2
-3
5
-6
-4
-6
-1
8
4
8
-11
-25
1
4
-1
18
-11
-6
-3
-12
16
10
1
15
-5
-8
2
0
15
11
3
-6
-1
11
6
7
-15
-17
-1
-23
-3
-2
-9
14
-9
-5
-3
-2
9
1
-2
-9
1
-12
-3
0
-1
21
-2
-5
-7
-16
2
-1
3
-1
-13
-7
0
7
2
7
10
2
13
7
2
-2
-14
10
3
8
25
7
15
8
-3
7
6
3
-13
-21
-16
-9
-1
-4
4
1
-4
3
1
7
15
14
5
-12
-17
-19
-2
0
1
16
-1
-5
-3
-13
-1
2
-7
-2
-11
-10
-5
-5
-7
7
9
6
15
2
4
1
-8
0
-9
6
15
23
18
-4
-11
-20
-1
14
22
10
-4
-6
-11
3
3
11
10
8
14
-9
-12
-13
0
8
8
13
2
4
-1
-15
-9
-12
2
-2
-16
-6
-6
-5
3
0
-5
11
11
10
9
6
-1
-3
-6
-3
-14
-10
0
2
5
-1
3
6
-3
-3
-8
-6
4
6
23
20
11
12
6
-3
-6
-11
-13
1
3
5
3
-19
-9
-6
10
25
16
8
3
-7
-9
-10
-2
-4
1
2
-10
-5
7
10
16
6
11
12
-9
2
-9
4
-4
-6
4
-14
6
-2
-11
2
-2
-2
-8
-5
-17
-6
4
-7
6
10
10
11
6
-5
-8
-8
-13
-12
-5
-2
-4
-6
6
1
-2
12
10
15
15
-4
-3
0
-8
2
-8
1
8
9
11
1
-1
-6
-7
-14
-12
-5
-7
9
-6
2
7
-1
10
-2
-10
-5
3
2
-7
-3
-2
14
10
-2
2
-14
-1
5
-8
2
5
2
3
-3
-1
-9
-11
-7
-21
-6
0
8
14
3
13
5
5
12
6
0
-6
-3
-13
-7
-7
-13
5
-2
8
8
-10
10
7
-2
-5
-7
-3
1
6
-3
-2
-5
12
6
-4
8
5
12
-1
-7
-6
-15
5
9
-3
-5
-1
1
-2
12
6
-2
6
2
10
-8
-11
2
-12
3
11
-1
3
-9
-9
-11
-16
-8
-10
7
8
6
4
2
7
-10
6
2
-3
7
-7
10
3
-3
-5
-15
-1
0
6
7
-5
-2
2
-4
-22
-10
-7
-13
5
1
4
16
20
12
5
8
2
2
9
10
-4
-6
-3
-9
-11
0
2
10
13
3
3
-1
-7
-3
-3
-5
-2
-2
-11
-2
3
-6
6
3
10
13
1
15
1
-4
1
-7
-2
-8
-3
-8
7
12
4
13
1
5
-13
-19
-4
-10
-5
-9
-9
-6
-4
0
-10
-6
-9
-4
6
-14
-5
-13
-13
2
-1
8
9
7
0
-9
-4
0
1
9
8
1
-1
-1
-5
6
8
1
5
0
10
6
-9
-10
-16
-1
11
5
-3
-5
11
6
1
1
-13
4
5
-1
5
4
4
19
9
-3
0
-6
1
-2
-3
1
1
0
-2
-4
5
15
9
0
0
6
-3
8
8
-2
5
-9
-2
-7
-8
11
-14
-5
2
8
14
10
14
7
7
-2
-10
-1
-7
4
5
8
12
-8
-10
-7
-9
-3
3
3
13
6
-7
-5
-8
-1
7
5
3
-3
-7
1
7
12
8
3
3
-8
-6
-9
-9
4
2
0
1
-3
6
-4
-2
3
3
7
-4
-4
-17
-2
-1
7
12
6
8
-4
11
-7
-6
-2
-21
-2
-8
1
-6
-3
11
3
11
7
8
-1
-6
-7
-18
-11
-9
-8
-4
-1
0
-4
-1
-13
-6
3
0
9
8
2
6
1
-2
2
1
5
-5
-2
-6
-10
-8
-10
1
-4
0
6
-8
11
5
4
3
-13
-5
-8
-10
-7
-2
6
1
4
10
6
1
3
0
4
6
5
2
2
9
-3
4
-4
-4
1
-7
1
-5
0
5
-3
2
0
5
5
10
10
0
3
-5
-1
-7
-15
-6
-3
6
13
11
5
0
-7
1
10
4
8
-2
-15
-11
-8
2
-1
1
6
-4
-3
-10
-17
-1
3
2
-6
-6
6
0
-1
5
1
9
16
2
-1
3
-3
2
-3
-7
6
3
1
3
5
3
7
11
-1
-1
-3
-5
-6
-9
8
11
14
8
3
-2
-9
0
-2
0
-3
-1
3
-9
-7
-6
-7
6
7
8
5
-7
-10
-11
-15
-16
-3
9
9
9
9
2
9
17
10
-2
-5
-8
-15
-10
-15
-14
-6
7
16
0
10
13
5
6
-1
-1
-5
0
-5
-11
-2
-4
3
3
2
13
4
7
8
-1
0
2
-1
-2
5
1
5
-2
0
4
0
9
11
2
-1
0
-6
1
-8
-7
-2
-9
5
0
-8
-14
-7
-3
-9
4
2
-2
-2
-4
1
10
14
-1
-12
-13
-11
-7
-12
-8
-6
-8
-2
-7
-7
10
5
-7
-3
-8
1
6
-5
-3
6
17
13
2
-1
1
1
-1
-6
-3
7
13
3
1
4
1
6
-7
-9
3
3
2
0
7
14
11
12
12
8
6
4
-4
-8
-9
-12
-6
-3
-8
-4
3
-2
-2
-1
-2
-4
-4
2
-1
-5
3
8
7
12
2
-6
8
8
4
-2
-2
4
-3
4
-2
0
16
11
2
-3
-10
-8
-5
-6
0
8
9
3
0
-6
-7
0
-4
-5
-4
-16
-12
-11
-9
4
1
9
17
8
9
3
-3
1
4
3
1
-4
-5
4
-4
-8
-4
0
20
21
18
0
-10
-8
-17
-15
-16
-5
-4
-2
6
-3
3
11
18
13
7
9
-8
-8
-12
-15
1
9
13
8
-4
-3
0
4
14
18
12
8
-1
-7
-8
-18
-11
0
-6
7
7
-2
1
-3
-3
-5
-2
6
0
-1
-1
-13
-10
0
4
1
-2
-6
-7
-3
-4
-6
5
-1
-8
4
-2
3
5
-3
3
2
-4
-8
-10
-3
-14
-15
-4
-1
-1
-3
11
4
13
20
2
3
7
5
3
7
6
-7
0
-1
-15
-10
5
14
16
3
-3
-3
-9
-12
-8
-5
-3
0
2
0
5
9
8
9
-8
-4
-8
-5
5
-4
0
0
-4
2
7
1
9
6
-1
4
-13
-13
-3
-5
2
4
-15
-23
-21
-7
14
13
5
7
4
2
-5
-5
7
6
15
14
1
4
4
15
13
8
13
8
4
3
-7
-13
-3
-8
-3
0
-4
-2
4
19
9
5
11
0
4
-1
-2
5
-14
-8
3
2
2
0
5
14
15
11
6
0
2
-5
-21
-13
0
-3
-8
-11
-10
-6
4
1
-6
0
-3
-11
-10
-5
-5
-7
-2
-4
-10
-1
9
10
12
5
1
8
5
-1
-3
-1
4
9
4
-2
-3
0
-4
-4
-6
-4
-1
1
1
-1
8
4
-8
-6
0
5
8
8
2
-5
1
6
1
2
0
-8
-5
-3
-4
-3
0
-1
-4
0
-1
1
2
-7
-9
-3
-4
4
7
1
3
-7
-9
-3
-4
7
12
0
4
8
-3
-5
-5
-6
2
5
3
0
-1
-4
-8
-5
-7
-9
6
10
2
4
-4
-13
-6
6
0
-2
5
-3
-2
-3
5
4
-3
3
-1
3
0
-1
3
5
14
7
-2
-1
0
-5
-10
-9
-9
-7
2
7
-9
-5
-2
-8
-3
-2
3
6
11
13
3
0
-7
-5
-9
-3
7
1
8
2
0
1
2
7
1
5
11
7
3
-10
-7
-4
-6
2
0
2
12
11
0
-3
5
3
5
-2
-8
-5
-11
3
0
-1
12
13
11
5
9
-1
-7
4
-8
1
0
-6
0
-12
-4
-4
2
9
-4
4
-2
-9
-9
-18
-8
-3
-1
4
2
3
1
-1
1
3
2
1
1
5
4
7
12
9
9
-4
-2
-7
-7
1
-4
-4
0
-1
-6
5
7
1
6
3
3
8
5
3
0
-8
-6
1
4
2
2
5
9
6
3
-1
-7
-2
-7
-12
-1
-3
-12
-3
2
5
3
-2
3
-6
-5
-2
-9
-12
-9
-10
-18
-2
-2
-6
4
10
22
8
5
9
3
3
-1
-5
-6
-4
0
0
7
14
16
3
5
7
-11
-5
-9
-7
2
6
5
-1
1
6
2
0
-6
-5
-10
-19
-13
-13
-4
13
21
17
10
2
3
4
-1
-8
-9
-1
-2
-3
10
8
12
9
8
8
3
8
2
-5
-12
-13
-16
-20
-6
2
4
14
6
-3
-5
-14
-24
-14
-6
-2
1
-7
-1
3
9
17
5
-1
-4
2
3
-4
-5
-11
-1
-4
-12
-8
-14
2
6
7
2
-9
-7
-9
-6
-11
-1
6
-1
-4
-18
-14
1
17
12
-1
10
5
3
6
4
1
-1
-1
6
12
7
4
-1
2
8
11
3
-16
-13
-11
-5
1
0
-3
2
-3
-9
-5
-1
22
6
8
17
4
11
3
0
2
2
-2
-11
-11
-5
11
11
2
5
5
8
8
-3
-17
-7
8
2
-1
-3
-9
-5
-8
-14
-8
11
20
28
26
13
3
-6
-7
-11
-8
-11
-15
-4
4
2
6
14
16
22
17
9
-3
-18
-14
-12
-1
2
4
-4
-15
-4
4
10
11
5
-8
-3
2
-15
-17
-6
-9
-7
5
3
8
20
8
3
4
-4
-1
-14
-18
-7
1
3
11
14
6
18
5
2
1
-6
6
-5
-6
-3
-6
-6
-13
-11
-9
-5
5
-1
-10
-5
2
5
15
9
4
-2
-3
-4
-7
4
-4
0
11
4
2
1
2
-6
-7
-4
-10
-2
2
3
6
3
1
-4
-3
-3
-8
3
-1
-1
5
8
10
2
-3
4
8
11
3
-5
-7
-6
1
-6
4
4
-5
-4
-9
-3
-5
-1
8
1
11
19
14
1
-4
0
-8
-5
-9
-12
-7
-6
-1
-8
-8
-3
-8
4
4
6
7
8
13
6
0
-1
3
4
-7
2
-4
-2
8
-7
-10
-11
-9
-5
-1
10
8
0
-4
-5
-2
7
9
5
-2
1
-1
1
0
-10
5
1
0
5
-5
-1
4
3
6
7
-1
2
7
5
7
3
2
7
-1
-7
0
2
6
1
-18
-17
-8
2
3
7
13
5
-1
-15
-12
-3
7
2
-12
-8
-10
-10
-12
-10
0
1
7
5
-4
-13
-6
-1
-4
2
1
-3
-1
-5
-1
-3
-15
-3
-3
-9
-3
-15
-18
-10
-5
-5
0
8
4
6
11
9
6
12
10
11
1
-12
-14
-16
-13
-5
3
8
14
12
5
-1
5
12
7
24
29
12
12
-3
-13
-6
-7
-2
8
8
7
-2
-2
-4
-5
-2
-4
5
2
-9
-7
-6
4
11
4
9
7
12
14
2
3
-9
-5
1
-4
4
10
14
13
10
-3
-2
9
3
4
-4
-15
-4
-15
-11
-2
-5
12
6
8
17
0
2
-6
-13
-7
4
2
-4
2
1
7
10
11
12
0
0
-1
-11
-12
-9
-3
-9
-3
-3
1
14
2
2
2
-10
-1
-14
-11
5
-2
-3
-1
-4
-4
-5
-4
13
17
2
5
-3
-1
13
2
11
10
-1
-6
-27
-16
-9
-8
9
1
-6
-2
7
3
10
12
-8
-1
-7
-13
-7
-14
-15
-12
-14
-8
5
6
11
15
18
15
17
9
2
-3
-12
-5
-10
-1
9
1
9
10
7
10
11
15
-2
-5
-6
-14
-7
-14
-7
-8
-15
0
-7
-1
-1
0
4
7
6
-6
-8
-15
-11
-12
-10
0
-1
12
11
7
12
3
-4
1
6
-1
4
-1
-9
-1
-9
-12
-1
5
17
4
7
9
2
9
15
5
-5
-5
-20
-21
-14
-14
1
10
11
13
7
5
11
7
-4
16
5
-14
-4
-15
-11
3
7
4
-7
-4
-3
-4
-7
-8
-10
-16
-13
-11
-12
-5
3
-1
0
8
18
9
6
1
-20
-14
-7
-9
4
-2
-1
2
-12
-16
5
-1
8
27
8
9
3
-11
-6
-11
3
5
-4
-3
4
2
-4
5
5
5
7
-3
1
3
-4
-2
-4
-6
5
-8
-13
-1
-6
-1
-1
0
10
22
26
19
18
4
2
5
-7
-6
-7
-8
-1
-2
-2
5
8
9
15
12
3
-12
-17
-10
-13
-6
-3
-10
4
9
4
18
17
6
7
1
2
7
-1
-9
-13
-12
-2
3
11
21
16
8
9
-4
-5
4
-9
-9
-2
-5
-8
-5
1
-2
-2
7
7
0
9
6
-5
1
1
1
-1
0
2
1
-3
2
0
-9
1
-1
-9
-2
-4
-3
-3
-4
-2
5
16
18
8
4
10
5
-3
-2
-2
-7
2
-3
-4
-3
-1
9
-3
-2
2
-5
-2
4
-4
-1
12
8
8
7
-3
-2
4
9
17
15
7
-4
-10
-8
-12
-11
-5
3
2
2
5
1
5
4
-3
3
8
9
3
-3
-8
-11
-8
-8
-5
-3
-4
-2
-4
-1
3
5
3
9
10
10
12
-6
-11
-1
-11
-4
-3
-8
1
1
-2
1
2
8
14
-2
-11
-6
-7
-9
-3
-4
-5
-6
-7
-10
-10
11
11
13
13
4
18
12
7
5
-7
-7
-11
-17
-21
-12
-2
-5
-18
-13
-5
-3
7
-1
8
3
-1
7
-2
-6
-3
-7
-15
-1
5
4
16
20
17
3
0
-3
-11
-5
-9
-18
-28
-12
-3
-7
10
15
13
12
5
-3
-4
2
7
0
-3
-1
-3
-15
-12
-6
-10
4
16
6
7
11
14
11
3
0
-8
-9
-4
-10
-16
-7
1
-2
7
10
12
10
10
5
-7
-3
1
-6
-16
-12
-8
-10
4
6
7
12
5
12
6
-1
13
5
7
3
-11
-10
-8
-6
-18
-7
-9
-4
1
-5
9
-1
11
12
-2
13
-1
-4
5
-5
2
6
-5
-1
6
-2
0
7
1
0
0
-9
-8
7
10
3
4
-2
-6
-5
-2
