-2
-9
-7
-9
-6
8
16
16
10
3
-1
-4
-7
-9
-10
-10
-7
-13
-16
0
10
10
10
6
9
11
9
4
0
1
3
-5
-7
4
7
7
9
4
1
-3
-7
-2
0
0
7
6
3
2
1
1
-5
-2
3
1
9
10
1
-5
-3
3
2
-1
-5
-10
-17
-16
-11
-6
2
-5
-3
3
-2
-2
-2
4
4
4
1
-5
-3
-1
-2
-2
1
4
-1
-14
-11
-6
-6
-1
-2
-1
3
2
-5
-10
-8
-4
-4
-7
-4
4
9
6
2
1
6
12
6
-1
2
0
1
-2
-5
-2
-2
6
12
12
4
3
8
4
-6
-7
-8
-8
-9
-11
-2
4
3
3
4
3
2
5
11
9
3
-1
-9
-3
1
2
4
-4
-3
1
-5
-4
0
2
4
3
-2
-4
-1
0
-1
-7
-1
8
8
9
3
5
12
12
7
-2
-3
0
-9
-2
-1
-3
1
-3
-3
1
7
9
3
0
1
0
3
3
6
11
6
0
-2
0
-3
-6
2
-3
-6
-4
-9
-6
-2
-1
2
-2
4
3
-1
2
0
-8
-11
-6
0
-4
-5
0
3
5
3
4
7
13
10
1
-7
-13
-9
-12
-9
-2
8
14
5
5
8
4
5
-1
-7
-5
-5
-4
-8
-6
-4
-5
0
7
12
11
6
2
-7
-13
-13
-9
-3
-1
1
4
4
7
1
-1
-4
-8
-2
1
-2
0
0
0
0
6
4
5
7
6
4
2
3
3
5
7
2
-2
-2
4
9
5
0
-6
-8
-13
-17
-10
-1
-2
-6
-7
-5
4
6
3
3
2
2
5
1
-3
-2
-3
-2
0
0
-5
-4
-1
4
4
1
1
-1
-5
-5
-8
-11
-9
-11
-9
-5
3
10
8
7
8
12
6
0
-2
-8
-9
-9
-11
-10
-4
-4
-3
1
4
7
8
-1
-7
-11
-5
-2
-6
-5
-4
-4
2
5
4
10
9
6
4
2
4
-1
-5
-4
-5
-1
3
4
1
2
7
3
2
6
2
-3
1
1
-4
1
2
-5
-10
-9
11
25
16
7
4
2
-4
-6
-9
-11
-3
5
2
-1
9
3
-3
3
10
10
3
6
8
-8
-3
-2
-16
-5
0
-3
-10
-7
-3
-10
-4
-9
-20
-10
3
1
-3
3
9
0
-12
-22
-20
-11
4
5
-5
3
3
5
8
3
10
11
8
-1
-9
-5
-6
-6
2
1
4
10
11
7
2
2
-6
-7
-6
-3
7
0
-2
4
0
1
7
16
13
8
11
9
13
9
2
1
5
7
0
-3
-3
-2
3
3
3
2
3
11
6
4
0
-6
-5
-5
-1
1
10
9
-6
-15
-19
-13
-1
-1
1
6
0
-2
-4
3
5
6
-1
-14
-5
-8
-12
-7
0
5
4
4
4
0
-1
-3
-6
-5
-5
0
7
12
12
10
10
12
12
5
0
-3
-9
-6
-7
-6
-6
-11
-8
-1
-2
0
1
-3
-5
-3
3
-1
-5
1
7
5
3
2
-2
-3
-3
-4
-3
-4
-4
0
6
6
10
8
-2
-7
-7
1
2
-2
-5
-14
-10
2
0
1
3
5
4
1
3
5
-2
-8
-6
-5
-5
-3
3
8
5
7
5
3
-3
-12
-12
-8
-1
1
-4
-2
3
3
5
5
1
1
7
12
12
11
7
-1
-2
-3
-6
-5
1
4
3
2
6
9
11
9
3
4
0
-5
-3
1
3
4
8
8
7
10
6
3
-1
-5
-4
-2
-1
2
4
0
-5
-8
-9
-8
-6
-2
8
8
2
5
6
2
5
8
5
3
-3
-12
-13
-8
3
12
8
4
1
-1
7
7
5
2
0
-7
-16
-14
-7
-7
-9
-4
1
2
-2
1
5
-1
0
-2
-7
-1
-2
-5
-6
-1
4
7
13
10
-2
-11
-14
-11
-7
-6
2
6
4
-2
-1
2
-3
-1
-8
-15
-9
-15
-18
-20
-14
-4
-4
3
9
12
9
1
0
-2
-9
-4
7
6
6
7
8
10
5
2
7
12
5
4
5
5
6
8
9
-3
-4
-2
0
4
3
0
0
5
-2
-6
-4
-1
1
0
-6
-8
-5
0
2
4
8
7
9
6
3
6
0
-6
-2
1
-1
0
2
5
-3
-8
-8
-8
1
-5
-7
-8
-11
-10
-8
-2
2
-3
5
1
-9
-7
0
8
6
4
2
-3
9
4
-9
-5
-3
-4
-6
-9
-13
-12
-8
-12
-12
-6
2
7
10
3
3
3
-5
-14
-19
-14
-6
0
-2
0
1
-4
5
13
14
12
10
-3
-11
-6
-3
6
11
12
7
1
1
1
0
3
10
14
9
5
-2
-12
-11
-2
8
15
14
11
9
10
7
0
-7
-7
-6
-5
-1
4
7
6
4
9
10
8
7
2
-3
-8
-3
0
3
6
1
1
5
5
8
6
2
-6
-10
-10
-10
2
2
2
2
-7
-19
-18
-14
-13
-11
-5
-2
4
3
-7
-9
0
5
6
2
-2
2
7
4
0
0
-1
0
6
9
10
9
2
2
2
6
9
7
12
5
3
6
5
7
8
11
8
4
2
-3
-4
-7
-11
-10
-5
-1
2
-5
-7
-6
-14
-18
-12
-7
-8
-5
-3
-5
-5
-2
-2
-6
-9
-2
-2
-9
-14
-15
-11
-4
6
8
6
8
5
-7
2
5
4
0
-4
5
0
-2
-6
-5
1
8
10
5
-2
-3
4
-3
-2
-2
-6
-8
-9
-16
-11
-2
0
4
15
22
23
10
-8
-8
2
4
3
5
-5
-21
-20
-17
-6
23
40
43
46
45
29
13
4
-9
-13
-17
-24
-27
-27
-17
-14
-8
0
13
36
44
40
19
-9
-18
-21
-21
-23
-20
-10
-12
-16
-22
-16
-2
7
15
25
38
34
25
4
-16
-20
-24
-13
-8
-13
-11
-12
-15
-8
-2
15
31
34
25
2
-12
-32
-35
-20
-8
7
17
15
13
13
5
3
3
5
8
0
-4
-7
-8
-8
-7
7
25
32
25
10
-7
-17
-21
-18
-15
-7
3
7
3
-2
-10
-19
-10
1
10
12
13
9
2
-1
1
5
5
3
-6
-8
-6
-11
-7
-4
-5
-1
-3
-2
6
12
13
17
16
6
-6
-13
-7
-8
-10
-11
-10
-6
-9
-10
-1
7
6
-3
-6
8
12
8
5
-2
-3
-5
-7
-10
-7
2
5
5
3
10
14
13
13
9
5
-4
-9
-18
-26
-13
-2
6
15
19
7
-5
-12
-13
-5
0
-9
-6
1
-1
0
0
13
13
2
-5
-12
-8
-10
-18
-16
-10
5
17
15
15
12
1
-4
-11
-6
-1
-9
-18
-28
-21
-13
-5
4
7
16
23
17
5
1
-4
-6
-6
-8
-8
1
1
-9
-7
0
4
9
7
5
8
8
9
12
6
6
9
7
2
-7
-5
-10
-3
6
6
7
3
3
-3
-3
4
-1
-2
-3
-3
-4
-12
-11
-9
-11
0
6
7
17
14
3
4
10
20
24
14
-8
-21
-20
-3
12
10
11
11
8
1
-6
-1
7
3
-2
-11
-13
-3
-9
-18
-14
-9
-3
-4
0
2
2
7
-1
-1
-1
-8
-6
-15
-11
10
15
13
1
-1
10
8
11
2
-2
6
-2
-6
0
10
16
12
10
8
11
6
-11
-16
-9
-10
-13
-11
2
8
1
-5
-14
-8
14
10
-5
-4
-1
3
-6
-15
-20
-16
-11
-10
-12
-2
10
8
5
0
2
6
5
1
-1
-1
0
2
-1
-3
-1
10
13
9
18
18
12
4
-2
4
5
5
-5
-13
-2
-1
1
2
2
11
3
-4
-2
-3
2
-4
-12
-12
-9
1
-3
-4
-4
-9
-5
-6
-1
7
8
1
-11
-12
-12
-13
-9
-10
-9
-9
-8
0
0
2
1
-1
7
15
20
13
0
-10
-9
3
7
1
-5
-8
-4
1
1
-1
-8
1
8
4
13
16
9
7
4
-4
-2
-4
-13
-18
-13
-7
-1
8
13
11
7
2
4
-2
-3
0
-11
-13
-7
-1
1
4
6
7
9
13
6
3
11
10
2
-3
-7
-3
-3
-2
-5
0
12
10
11
14
12
8
0
-9
-8
-8
-2
-4
-14
-11
-17
-6
-1
-4
9
18
29
18
-4
-7
-11
-10
-4
-12
-7
-1
3
-2
-4
4
0
7
13
11
17
7
-2
-8
-14
-9
-7
-5
-9
-6
2
7
4
-4
5
13
18
9
3
4
-3
-1
-3
-6
3
6
3
5
11
11
12
13
-1
-9
-12
-8
-3
-7
2
-8
-15
-3
-9
3
11
0
-6
-9
-2
5
12
15
4
-2
-8
-6
-2
2
7
1
2
-4
-3
1
3
15
8
-3
-8
-14
1
12
14
3
-2
9
6
1
1
-1
0
-4
-5
-4
4
9
3
4
1
3
6
-3
-2
-11
-19
-19
-24
-17
-2
6
7
3
6
2
-3
2
8
7
1
-10
-18
-11
-10
-14
-14
-9
-2
-1
-2
4
8
10
11
10
9
2
-6
-5
0
2
1
2
-3
-4
-5
-7
5
16
15
5
5
0
2
13
10
12
11
-4
-15
-12
-8
-3
2
9
4
1
1
-1
12
15
11
16
14
6
8
12
4
-3
-7
-15
-8
6
2
-7
-2
1
7
14
9
-3
-11
-13
-8
-4
-4
2
2
-3
-6
-3
5
6
3
-4
-14
-11
-5
-9
-10
-6
2
7
6
5
-8
-10
-5
-1
3
3
3
-5
-16
-15
-15
-8
5
11
12
10
3
14
19
15
13
1
-6
-9
-14
-17
-12
-10
-7
-5
0
10
9
5
4
4
-1
-9
-9
-7
-9
-5
-6
-13
-17
-13
-10
-8
0
6
2
-4
-2
5
3
3
10
9
10
-1
-12
-18
-9
7
12
17
13
1
0
-1
0
2
6
11
12
5
0
1
3
5
2
-3
-2
1
10
16
6
1
7
3
0
-6
-13
-19
-18
-6
-2
-1
1
2
-5
-4
0
-1
3
-10
-21
-19
-19
-14
-12
-12
-8
-2
12
15
9
9
0
5
7
1
-1
-2
-1
-7
-8
2
7
10
6
0
-7
-2
11
12
4
-1
1
1
2
5
1
0
2
-3
-6
-5
0
3
6
6
4
7
8
9
8
10
10
1
-1
-5
-14
-12
-13
-10
0
0
2
-1
3
8
3
6
1
1
0
-12
-16
-14
-18
-14
-11
-11
-4
1
-1
-10
-11
-2
-2
2
6
4
5
5
3
-2
-1
9
13
16
21
20
13
5
-3
-4
-1
2
1
0
6
2
-4
0
-4
-12
-15
-14
-14
-15
-8
-5
-6
0
10
8
-1
0
2
3
9
2
-1
-2
-3
2
10
16
20
18
16
12
4
6
0
3
3
1
5
9
12
9
2
4
3
2
2
3
2
-8
-10
-6
-10
-9
-8
-2
-1
-2
-1
-6
6
11
7
5
5
4
-2
-8
-12
-12
-6
-12
-20
-13
-2
3
6
4
-2
3
-3
-11
-8
-4
-2
-5
-8
-4
2
9
13
8
8
9
4
7
3
1
-4
-7
-1
9
12
4
-1
-9
-14
-15
-8
-1
2
3
-6
-7
1
-1
1
1
0
10
6
-4
-13
-15
-8
2
10
10
6
4
-2
0
6
9
11
11
8
2
-6
-9
-9
-10
-15
-12
-4
-2
-9
-8
0
-1
7
10
15
15
14
10
2
0
4
7
2
-3
-2
-1
0
1
0
4
5
-4
-5
-2
-4
-4
-2
-2
3
1
-4
-7
-6
0
3
8
8
8
1
-3
1
7
9
6
2
0
-4
0
7
9
6
-2
-9
-7
1
4
1
-1
4
3
-3
-5
-6
-8
-9
-9
-9
-7
-9
-2
5
12
18
14
12
7
3
4
4
7
10
6
5
4
7
-1
-3
1
2
9
4
0
-5
-13
-14
-18
-12
-7
-7
-10
-16
-15
-12
-6
-1
1
-2
-1
-2
-5
-15
-13
-5
4
7
2
3
4
7
3
-1
1
0
0
-4
-5
-8
-11
-10
-10
-6
-1
-6
-4
-1
0
4
5
5
1
-1
-2
-1
6
5
4
-2
1
4
2
7
3
4
14
16
14
13
11
11
7
-4
-13
-10
-10
-9
-6
-3
3
9
11
7
5
5
2
2
2
0
7
6
6
6
9
14
12
11
3
3
8
7
2
1
-1
-3
-5
-8
-9
-10
-5
-7
-9
-13
-17
-17
-18
-12
-7
-4
-2
-1
3
1
-2
0
4
11
13
8
6
9
4
-2
-5
-9
-10
-7
-13
-18
-10
-3
0
2
6
8
5
1
-3
-8
-9
-10
-10
-4
-2
4
5
2
-1
0
5
13
20
22
18
13
5
-4
-12
-13
-9
1
7
9
9
2
-3
-9
-13
-14
-14
-14
-14
-12
-12
-8
-5
-7
-6
1
7
9
6
2
-1
-3
0
-1
0
3
4
1
0
-1
3
6
11
15
15
13
5
2
3
3
11
12
6
0
-5
-2
-3
-2
2
5
4
3
2
1
2
4
7
2
2
-2
-6
-9
-10
-10
-8
-5
-4
-6
-2
2
-1
-2
-9
-9
-6
-7
-6
-6
-11
-12
-6
0
3
3
6
8
8
11
8
1
-4
-13
-12
-1
6
4
-1
-1
4
9
16
17
15
12
8
2
-1
0
-4
-8
-5
-5
-5
-4
-5
1
5
3
1
-1
0
-2
-6
-2
1
0
4
6
6
8
7
3
4
4
-2
2
7
10
2
-6
-11
-11
-10
-8
-5
-10
-12
-16
-18
-9
-5
-2
-3
-3
3
1
-4
-10
-11
-11
-10
-4
4
8
9
8
7
7
4
4
-2
-3
-5
-7
-4
0
3
6
9
8
8
10
8
5
3
-3
-5
-2
1
1
5
8
10
8
5
4
2
-2
-3
-1
0
5
4
-3
-1
-1
-1
2
2
5
7
6
7
6
4
6
8
5
2
4
6
5
6
6
2
5
6
6
4
0
-6
-9
-8
-4
-5
-7
-7
-9
-9
-12
-10
-6
-2
-4
-5
-7
-3
1
-4
-2
-2
-4
-7
-3
1
5
7
6
1
-3
-4
-7
-6
-6
-4
-5
-5
-2
-3
0
3
3
5
1
-2
-5
-6
-2
0
-1
1
0
-1
-3
-2
-2
-3
1
4
8
12
8
9
9
6
10
9
5
2
0
-6
-7
-11
-10
-6
-6
-3
1
0
0
2
0
0
1
4
-1
2
1
2
10
8
5
6
9
7
5
0
-7
-7
-4
0
-2
-4
-3
-3
2
3
6
6
9
12
9
3
-3
-6
-8
-10
-6
0
1
0
1
-1
-1
1
3
1
0
0
0
-3
-5
-6
-5
-4
-3
-5
-12
-16
-14
-11
-3
2
3
-4
-5
2
2
4
6
8
7
8
6
4
2
1
2
1
4
7
9
9
6
0
-1
1
5
8
8
7
3
2
0
-1
3
4
3
2
2
3
2
-2
-6
-8
-5
1
3
1
5
6
3
0
-3
-4
-8
-8
-2
-1
-5
-7
-5
-3
-1
1
-1
-2
4
5
4
5
6
8
10
8
3
6
4
8
9
3
0
-2
-3
-7
-6
-6
-7
-6
-6
-9
-12
-12
-12
-11
-8
-8
-11
-9
-8
-7
-3
-1
0
-1
-5
-7
-10
-6
-2
-6
-7
-1
5
3
3
7
6
6
6
5
7
10
10
11
9
10
10
8
10
8
8
4
2
3
3
5
6
5
-2
-6
0
5
7
13
12
1
-3
-1
0
-3
-5
-6
-7
-6
-7
-13
-8
0
5
8
13
12
11
11
10
5
1
-1
-4
-5
-6
-6
-7
-9
-12
-6
2
8
15
13
8
1
-3
-3
-2
8
10
2
-4
-1
4
5
8
7
6
4
-2
-8
-5
-3
-5
-3
-2
0
-3
-10
-12
-8
-11
-12
-9
-3
-3
-1
2
-1
-6
-9
-13
-8
-6
-12
-13
-6
0
6
12
16
12
2
-4
-5
-6
-5
-5
-2
2
-1
-1
2
2
-1
0
4
0
-4
-3
2
5
7
6
4
3
3
-1
-5
-6
-7
-5
-5
-3
-1
0
0
-1
-3
-3
-2
-4
-4
1
1
-2
-4
-5
-9
-2
3
-6
-6
-3
-2
-4
-1
2
0
3
4
3
0
2
5
3
3
1
-4
-8
-4
0
-3
-5
-6
-7
-5
-3
0
-1
-1
1
0
4
3
4
3
0
-1
-4
-7
-6
-2
2
6
6
4
3
1
-2
-3
-3
-2
2
5
9
8
5
4
3
5
7
4
-4
-2
-1
1
6
8
6
4
0
-5
-5
-1
0
-7
-9
-8
-14
-17
-17
-9
-8
0
4
4
4
3
2
6
11
6
-2
2
5
3
5
5
2
-2
-4
-5
-2
0
-1
0
-2
3
8
7
5
1
-6
-6
-9
-11
-4
4
10
9
9
7
1
-2
-1
3
4
4
2
-1
-2
1
5
7
11
9
3
-4
-5
-2
-1
1
-1
-4
-4
-2
0
-3
-3
-2
-3
-8
-7
0
4
6
3
-5
-7
-3
2
4
3
1
3
0
-9
-5
-2
-2
7
4
0
-6
4
15
5
7
3
-1
5
2
3
3
7
12
6
9
5
5
0
-7
-1
-5
-6
-6
-6
-6
-7
-5
-3
1
1
6
1
-1
-1
-4
3
-2
3
7
5
4
-1
-4
-8
0
5
1
2
5
5
7
-1
-5
-7
-8
-1
3
2
3
12
8
0
-1
-4
-4
-4
-5
-10
-13
-8
-9
-7
-4
-3
1
0
-2
-3
-7
-3
0
-9
-9
-5
4
8
9
14
12
11
9
3
1
-5
-3
-1
0
5
3
3
6
4
9
9
12
8
5
8
-1
3
2
-2
-1
-7
-1
-2
-4
-3
-4
-4
-3
2
3
4
4
-3
-7
-5
-6
-13
-10
-3
2
7
12
9
2
4
-1
0
-1
-1
-4
-10
-9
-7
-8
-8
-3
-6
-3
-2
4
9
9
9
-2
-8
-8
-11
-2
4
7
7
2
1
0
-3
0
-1
-5
-14
-14
-12
-7
2
5
8
7
6
2
-5
-2
3
3
-1
-2
-3
-5
-6
-2
0
-1
1
1
0
11
13
5
-3
-6
-3
-1
6
10
10
12
10
2
3
6
8
4
-10
-16
-15
-13
-12
-13
-12
-15
-6
5
5
8
11
6
5
-2
-5
1
1
-1
-7
-6
3
4
7
2
5
8
1
-1
-7
-6
-8
-9
-1
-1
-3
-1
1
1
-4
0
4
1
-5
-11
-9
-5
2
9
7
5
3
7
7
8
13
9
10
12
8
1
-4
-7
-7
-4
-4
-7
-5
-4
-4
-5
-11
-10
-7
-10
-8
-6
-4
-8
-10
-2
1
4
9
13
16
19
19
14
10
4
1
-5
-9
-4
-8
-14
-8
1
5
10
16
11
4
1
-5
-14
-7
-7
-9
-4
-3
-6
-6
1
4
7
6
1
-3
-5
-6
-3
-8
-6
-4
-1
2
7
14
7
8
10
2
1
2
-5
-8
-5
-2
-4
-3
6
10
8
8
6
-3
-6
-3
-5
-7
-6
-4
-4
-7
-7
-4
1
4
6
10
6
5
4
5
5
0
1
5
6
3
1
0
0
-6
-13
-14
-20
-11
-11
-9
-2
-1
5
9
10
8
8
11
12
11
11
5
1
1
-1
-6
-5
-3
2
8
6
10
12
4
-4
-7
-5
-3
-3
-2
-5
-3
1
4
-1
-1
1
8
5
-3
-9
-14
-5
-1
5
6
5
4
-1
3
2
5
9
1
-3
-9
-12
-8
-8
-5
-10
-12
-3
-2
7
10
7
11
9
11
12
10
10
6
5
4
7
11
5
1
3
1
2
6
4
-2
-1
-1
-3
0
2
4
4
5
2
3
3
4
4
-3
0
-5
-9
-5
-6
4
2
-3
-2
-5
-7
-8
-6
-4
-3
-5
-9
-9
-3
4
6
3
-2
-7
-1
5
4
-1
-3
-4
-2
-1
3
5
8
2
-7
-7
-2
3
1
-2
-4
-1
4
2
5
2
1
4
3
2
-1
-4
1
0
-1
0
-4
1
-1
-3
-9
-12
-2
-1
-4
-10
-10
0
6
10
2
-4
4
7
3
1
7
4
4
5
-2
1
5
2
-2
-2
2
3
8
6
1
0
-4
-4
-7
-7
-1
-2
0
0
-2
2
0
-1
-6
-1
1
-2
-5
-6
-2
4
1
-5
-3
3
3
3
-1
-6
-5
-7
-9
-7
-4
2
5
6
11
5
0
-3
1
5
1
3
1
-3
-3
-7
-3
0
14
13
6
10
4
4
-1
-10
-6
-3
-5
-5
-5
-4
0
-1
-4
-11
-12
-10
-12
-11
-4
-3
-5
1
0
-3
-4
-10
-12
-17
-14
-9
-10
0
3
5
6
3
3
4
7
3
-1
-4
0
3
7
3
-5
1
0
2
3
-6
-6
-6
-8
-10
-5
-2
-4
1
1
5
12
13
8
7
12
8
8
9
11
5
1
0
1
1
-1
6
4
1
-3
-2
5
3
2
0
3
6
4
2
6
7
7
1
-4
-4
-7
-9
-14
-14
-8
-3
9
5
-2
-3
-2
1
2
2
-8
-16
-18
-18
-12
7
17
20
19
15
10
5
-1
-2
4
6
8
5
1
3
3
-3
2
10
14
11
7
4
-1
3
-1
-4
-7
-7
-2
1
1
-3
-1
2
2
1
-2
0
-2
-2
-5
-4
2
-1
-7
-5
-3
-4
-4
-6
-1
-5
-7
-10
-16
-4
-6
-1
3
0
0
-4
-1
-5
-3
1
4
5
2
3
3
3
4
0
-1
0
-1
1
1
1
-2
-4
4
5
9
16
12
9
6
2
-1
-3
-5
-8
-11
-8
-2
7
4
4
9
9
10
14
13
7
5
4
0
-2
0
1
-2
-3
-3
0
3
6
7
4
6
10
6
1
-6
-6
0
-1
3
-2
-1
7
4
1
2
0
-1
-7
-5
-9
-15
-8
-11
-8
-4
0
-1
-2
3
3
3
1
-4
-7
-8
-10
-10
-9
-6
-6
-1
1
4
8
5
0
-4
-6
-9
-9
-6
-4
1
-2
-6
-7
-4
2
-3
-2
1
2
3
1
-1
-7
-4
-2
-4
0
3
0
-1
-3
3
14
13
10
1
2
6
3
3
4
4
6
6
0
-8
-6
-1
-4
-5
-5
-3
-2
1
-1
0
-1
-1
-1
1
10
6
-1
-2
-6
-2
5
1
0
-2
-2
5
4
4
4
1
6
4
2
-1
-6
-3
-1
0
-1
1
2
5
11
10
5
8
6
5
4
-6
-11
-13
-7
1
1
-4
3
13
2
-3
-1
-5
4
5
2
-5
-11
-12
-8
1
7
7
4
4
10
10
0
-6
-3
0
-3
2
1
-4
-4
-1
-1
4
7
3
9
1
-9
-1
0
2
1
-11
-15
-16
-12
-10
-5
6
11
9
-1
1
2
3
3
-7
-9
-6
-7
-3
-6
3
6
2
0
-5
-2
-6
-6
-8
-9
-5
-14
-12
-3
0
8
14
5
5
2
-3
-5
-5
6
6
8
5
-4
2
6
12
10
8
11
0
2
-2
-9
4
4
5
-3
-7
-3
-4
2
1
-2
-4
-6
-4
-4
2
2
-3
-2
-5
-1
3
2
6
9
9
14
10
7
7
7
4
3
-3
-4
-3
-6
1
-3
-1
6
2
-4
-6
-4
-1
-2
-7
1
1
5
6
-3
-4
-5
-6
-5
1
3
3
3
4
2
1
4
5
1
1
2
3
4
9
7
6
5
1
2
-1
4
3
-1
2
0
-2
-3
8
8
8
10
2
0
-3
-5
-4
-3
-1
-5
-6
-6
-8
-4
0
4
4
-4
-1
4
3
7
0
-6
-15
-15
-8
-11
-2
-3
-6
-3
-2
7
6
6
5
-3
-7
-13
-8
1
2
5
1
-2
4
1
0
5
7
6
-1
-1
-2
-6
-8
-6
2
1
-2
-1
-2
3
4
-4
-9
-7
-5
1
2
-1
-7
-6
-8
-11
-3
0
-4
-2
3
0
-1
0
2
2
4
3
-4
-1
-2
1
7
5
3
4
8
7
5
4
3
5
3
-2
-6
-4
-3
-2
-3
-7
-7
1
2
3
5
1
-1
-5
-2
2
1
4
0
-2
-2
-1
0
-2
5
11
7
3
2
2
4
5
4
-1
0
0
-4
-6
-7
-2
-2
1
2
0
5
9
7
1
-4
-4
-6
-7
2
3
4
7
4
3
2
-1
-1
0
3
-2
-7
-8
-11
-7
-5
-4
-1
1
-1
0
3
4
1
0
0
-5
-5
-2
4
7
4
1
-1
-1
6
2
-3
-4
-3
3
3
2
6
2
-2
-2
-6
-4
2
5
9
7
5
4
1
6
11
6
1
-3
-8
-11
-13
-13
-10
-12
-11
-3
-2
0
-2
-5
-5
-9
-6
-6
-4
1
-4
-3
0
4
6
4
5
3
4
7
7
9
8
5
3
1
0
-3
-4
-2
0
-1
-1
1
-1
-6
-9
-9
-8
1
-1
-1
6
5
6
5
1
-2
-4
2
7
6
10
9
6
10
8
6
4
5
10
11
4
-3
-3
-2
-2
-4
-4
-3
-7
-9
-6
-4
-4
1
8
6
3
-1
-1
5
8
3
2
0
-4
-10
-4
3
3
2
3
2
1
4
4
-2
0
2
-1
-10
-12
-9
-9
-10
-10
-2
1
-2
3
1
1
6
7
5
5
7
7
5
4
6
7
8
1
-6
0
-4
-7
-10
-12
-10
-9
-13
-15
-7
-7
-4
-5
-1
1
4
8
2
5
3
1
2
1
9
7
7
14
15
13
11
7
1
1
-1
0
-2
0
-2
-3
2
3
8
7
5
5
-1
-8
-12
-5
0
-1
-3
-9
-6
-3
-2
-4
-10
-10
-5
-5
1
6
3
1
-2
-4
-3
-6
-3
-1
4
10
8
6
-2
-5
-7
-7
-3
-1
-6
-6
1
5
3
0
-1
0
2
2
3
-2
-3
-3
-13
-16
-5
3
2
1
1
0
-6
-10
-8
-11
-11
-5
-8
-1
8
7
4
2
0
-7
-6
-1
0
7
3
0
3
5
12
7
9
5
-3
-4
-1
-1
-4
-11
-13
-15
-12
-6
3
6
8
5
1
0
0
0
-2
0
-2
-2
-1
0
0
-3
-1
0
1
3
1
-4
4
9
4
-4
-9
-10
-13
-13
-14
-7
0
4
10
15
20
16
15
8
7
5
-4
-10
-8
1
0
4
3
1
6
8
12
11
9
9
5
-7
-14
-11
-14
-11
-7
-6
-3
-1
-3
-7
1
7
4
6
0
-3
2
7
15
16
17
21
14
6
5
3
4
2
2
3
6
2
-3
-4
-4
0
6
4
8
11
0
-7
-12
-13
-12
-9
-3
-6
-1
9
8
5
-1
9
10
7
-1
-12
-11
-9
-6
-10
-13
-12
-17
-17
-9
6
9
5
6
13
15
17
13
4
4
-7
-10
-4
2
8
6
3
4
6
6
6
8
4
3
-4
-6
-2
-10
-3
1
1
0
-4
-4
-8
-13
-16
-15
-12
-12
-12
-8
-4
-3
4
4
5
6
5
2
4
6
-1
-8
-8
-5
-4
2
4
5
6
5
1
-3
3
6
8
6
-2
-2
-1
-6
-8
0
4
3
2
2
5
4
6
2
4
1
-5
-9
-2
3
1
-2
-1
1
2
6
7
3
-3
1
-1
-3
0
2
4
1
1
-5
-7
-4
-10
-12
-11
-4
0
2
0
3
4
2
5
1
0
5
3
1
-1
-9
-13
-10
-7
1
-1
2
7
6
6
8
11
8
3
2
1
-3
-4
0
-2
-3
4
7
2
5
7
6
12
9
4
-3
-8
-8
-8
0
2
4
3
1
-2
0
-1
0
-3
-4
0
-8
-6
0
-1
6
10
7
2
2
0
-5
-3
-1
-3
-5
-9
-3
-3
-4
0
3
7
7
10
11
7
3
3
-2
-4
2
4
9
7
5
-3
-4
-3
-4
0
7
7
4
2
-5
-10
-6
-1
-8
-8
-8
-14
-9
-4
-1
-1
-2
-5
-8
-10
-8
-11
-8
-4
-4
-2
1
7
2
-6
-9
-5
-2
-7
-12
-5
-1
3
3
-2
0
-5
-4
-2
-6
2
3
3
4
5
3
-6
-6
-5
-5
-1
-2
-1
0
-1
7
-3
-10
-2
0
6
6
12
14
5
2
0
-1
4
6
10
10
7
5
-4
-6
-5
-2
8
4
4
9
0
0
-5
-2
-4
-2
10
-1
4
6
4
8
11
14
6
7
8
3
7
5
-3
-1
0
14
15
7
5
-7
16
12
-4
-8
-24
-14
-8
-8
-8
-20
-14
1
1
4
2
-5
-8
-12
0
-5
-7
9
11
7
5
5
5
-3
13
13
4
7
0
4
6
2
-7
-3
6
5
7
3
2
-14
-26
-15
-19
-11
-15
-34
-11
-3
-13
-5
-15
-12
-5
6
31
19
2
-13
-38
-37
-20
2
15
24
31
13
17
14
3
20
10
-15
-13
-12
2
9
6
6
-16
-10
-2
-13
-13
-12
-2
-2
-5
7
2
-1
-8
-17
-18
-9
17
25
18
15
6
-1
-8
-6
6
5
19
9
4
3
-7
3
-2
4
24
5
-9
-13
-18
-3
9
21
17
4
2
-11
-11
-4
15
24
-1
-4
0
-20
-23
-11
-2
16
22
12
-3
-5
-1
-2
0
6
15
15
-2
-18
-20
-9
-3
-4
1
0
-8
-5
-16
-6
30
27
17
11
-13
-26
-23
-12
3
12
14
8
-4
-1
18
23
21
17
-5
-21
-27
-20
-5
6
10
0
-16
-25
3
24
32
39
20
-11
-29
-34
-34
-23
1
2
-24
-24
-5
18
40
37
29
7
-5
-10
-9
2
0
11
3
-9
7
19
30
31
27
20
10
14
2
-9
8
6
3
10
0
6
9
5
8
5
0
-6
-12
-19
-9
0
0
3
-4
-8
-1
-8
-3
1
-6
-7
-18
-15
-5
-8
-8
-11
-18
-5
5
-3
-5
10
4
-5
7
3
8
15
-1
0
18
20
20
11
-5
-14
-15
-15
-17
-6
-3
-16
-18
-6
-3
2
12
-11
-18
-7
-3
8
17
14
3
5
7
-6
0
6
-6
-19
-24
-5
12
18
17
6
-4
-10
-7
-4
-7
4
8
-9
-24
-17
-6
-13
4
12
7
15
11
5
7
8
10
2
-4
-4
-9
-2
9
11
7
1
-2
-16
-20
-8
-1
-4
-10
-8
-10
-3
11
15
6
4
9
5
-2
9
14
6
-11
-31
-31
-31
-12
4
8
10
-2
-5
-6
-7
5
2
7
9
1
1
-3
-1
-1
2
4
3
15
19
12
11
-4
4
10
6
-3
-7
-7
-8
-2
-1
-4
-8
-10
-9
-7
-1
5
12
6
-2
-6
-3
-3
-1
13
13
10
6
-9
-6
9
14
12
6
3
1
4
9
10
6
-5
-8
-6
-11
-1
8
7
2
-9
-12
-13
-3
8
1
7
6
-10
-13
-7
-3
5
5
-6
-7
-1
0
6
11
4
1
-4
-6
0
-1
6
7
1
-1
-6
-11
-7
0
1
1
7
0
-4
-1
-1
10
14
14
10
2
-8
-14
-15
-12
0
12
9
5
5
0
-10
-9
-4
-1
6
10
4
-6
-3
-7
-1
1
1
2
-1
3
-1
1
10
5
0
0
2
-2
-1
3
7
7
1
1
7
12
9
1
-6
-8
-11
-10
-11
-14
-13
-13
-8
1
4
11
12
2
-4
-3
-3
-8
-1
-4
-10
-6
-2
-1
-1
5
5
-5
-3
-4
-9
2
12
10
5
1
-7
-8
-9
-13
-5
2
7
9
3
4
3
10
11
6
9
9
8
3
4
9
13
16
5
-7
-10
-5
-4
-7
0
8
1
-6
-11
-5
3
7
10
-5
-4
3
-5
-9
-7
-7
-2
0
-3
-6
-6
1
6
3
1
-1
-2
-5
2
9
7
6
6
-2
-4
-4
-4
-2
-1
5
2
-6
4
1
-1
5
5
4
-1
3
4
4
4
0
3
-2
-5
-6
-5
2
0
2
2
-3
1
3
2
0
-3
-10
-15
-7
0
0
7
4
-3
-5
-20
-10
6
3
10
14
14
9
7
4
0
5
0
-7
-5
-7
-8
-6
-4
-2
-4
-3
4
5
11
16
12
6
3
-3
-12
-13
-13
-11
5
2
1
1
-11
-12
-10
-8
-6
-7
-6
0
-3
-8
-1
0
-6
0
2
-3
-5
-5
-3
-2
-4
-4
5
11
15
7
-4
-1
-2
-5
-2
3
5
1
-5
-9
-7
3
12
12
8
5
-3
-9
-10
-17
-11
-8
-3
-2
0
3
3
11
5
2
7
5
9
10
9
6
4
2
-2
-7
-8
1
14
17
17
10
1
5
3
-3
-2
-4
-5
-7
-11
-7
-5
-5
-4
-6
0
2
4
4
1
4
4
9
0
-3
0
-1
2
6
10
7
12
14
10
9
9
5
3
-3
-7
-8
-7
-4
-11
-8
-7
-9
-7
-7
-4
-3
-5
-5
-7
-9
-9
-8
-5
-5
-7
-11
-8
-5
-2
0
0
1
3
0
0
-4
-9
-7
-4
-1
4
11
14
13
12
5
2
2
2
1
-2
5
4
0
-1
-3
-1
-2
-3
-1
2
6
2
1
-2
-2
-3
-11
-8
-3
0
6
6
8
7
5
13
14
11
10
5
3
2
4
10
8
6
-1
-5
-3
-4
0
4
9
9
2
-1
-1
0
1
2
5
9
1
-5
-7
-11
-3
2
2
7
6
1
-7
-3
2
2
3
3
-1
-4
-3
-4
-1
9
13
12
6
1
1
0
0
1
1
0
-1
-3
-3
-3
4
3
-4
0
-3
-2
-6
-7
-1
-5
1
3
-1
-1
-5
-1
-2
0
7
7
5
2
2
2
0
4
6
4
7
5
6
10
11
8
1
-2
-6
-9
-13
-8
-2
-6
-9
-3
1
0
1
2
6
3
0
7
11
1
-7
-9
-11
-6
-6
-1
2
4
8
-2
-4
-5
-9
-8
-15
-16
-10
-5
1
-2
-7
-5
-4
2
6
2
0
3
6
9
11
11
10
7
-1
-2
-2
-6
-8
-4
-1
-4
-11
-16
-13
-13
-11
-8
-7
-9
-6
-7
-8
-3
-3
0
0
0
3
5
6
-1
-4
-3
-9
-10
-4
3
6
0
-4
-5
-5
-4
-2
4
1
-3
-4
-9
-6
5
6
3
1
4
6
13
12
6
5
5
2
-1
0
2
4
7
8
6
7
9
7
3
0
-1
0
-5
-8
-5
-5
-5
-4
-4
-3
6
6
4
3
0
-1
-5
-1
4
-4
-5
-4
-7
-9
-8
-4
-1
2
0
-3
0
1
1
-2
1
2
1
2
4
1
2
0
0
0
-5
0
5
-1
1
2
2
-4
-4
3
1
7
3
-5
-10
-9
-2
-3
4
9
3
4
3
-1
-4
-5
-3
-8
-10
-6
4
4
4
7
6
3
1
-1
-6
-4
0
3
3
1
2
8
12
12
10
6
2
6
6
3
5
6
4
1
1
-1
-4
-3
-3
-2
-3
-3
0
0
7
11
9
6
1
0
-1
-4
-4
-5
-4
-6
-10
-8
-2
6
13
13
11
9
6
6
9
10
10
11
4
2
2
-5
-4
-5
-5
3
3
1
-3
-3
0
3
1
-1
-2
-6
-6
-6
-10
-10
-6
-2
-3
-7
-6
-5
-4
-2
-2
-2
-3
-9
-9
-5
2
7
6
1
1
0
2
5
10
8
2
3
-2
-9
-6
-6
-13
-15
-15
-8
-2
-2
0
-1
2
6
7
5
0
-3
-3
-3
-3
2
5
6
3
5
3
6
9
9
10
7
2
2
4
5
8
8
7
11
8
2
0
-2
-5
-2
1
-1
2
3
1
-1
-2
1
2
1
1
4
5
-3
-9
-8
-5
-2
1
-1
-5
-6
-4
-3
-1
1
1
-1
-3
-10
-14
-12
-7
0
5
4
5
7
8
3
2
2
-1
-6
-5
-5
-7
-7
-5
-8
-8
-7
-6
-4
-3
-2
-7
-7
-9
-11
-8
-7
-5
-5
0
-1
1
5
7
11
9
9
7
4
1
0
6
8
7
11
7
2
2
4
8
8
6
6
5
9
5
2
-1
-5
-7
-10
-13
-12
-10
-6
-3
-2
-1
-1
-4
-5
4
11
4
-4
-4
2
1
-10
-15
-15
-7
1
2
8
12
14
18
16
10
8
8
9
5
2
-2
-2
-2
-1
-4
-6
-5
-7
-6
-2
0
-1
0
-4
-10
-14
-23
-24
-21
-10
-4
-3
2
3
5
7
13
8
8
7
3
3
-2
-3
3
6
8
13
10
7
5
3
3
5
6
0
-3
-3
-6
-10
-11
-10
-6
-1
-2
-1
-1
-1
4
5
2
-1
-3
0
0
-7
-7
-5
-7
-3
-8
-9
-8
-6
-1
1
4
2
4
2
-1
2
6
6
3
6
8
5
7
5
8
7
2
6
6
5
-2
-4
-4
-6
-3
-6
-10
-10
-4
-2
0
0
1
6
6
0
-2
-3
0
6
0
-2
3
3
6
2
1
6
8
7
3
1
4
7
7
0
-8
-6
-6
-11
-10
-4
-3
-3
-3
6
11
10
11
6
8
7
3
-2
-5
-2
0
1
2
5
5
3
-5
-11
-9
-7
-7
-8
-6
-6
-6
-4
-10
-6
-6
-11
-13
-18
-17
-10
-10
-8
-8
-5
0
2
1
-1
4
8
2
0
-5
-2
1
0
-2
-4
5
10
9
10
12
13
11
8
5
3
2
-4
-4
-3
-1
5
10
6
-1
-6
-6
3
4
-1
1
5
3
3
0
0
-1
2
7
3
6
9
7
1
-2
-3
-4
-3
-8
-10
-5
1
3
3
1
-1
-5
-2
5
2
1
0
-5
-4
0
4
4
2
4
7
8
7
7
8
5
0
1
1
-1
3
7
6
6
2
1
0
-5
-2
2
-1
1
-4
-4
-1
-3
-5
-4
6
8
2
4
6
7
4
5
10
8
14
5
-5
-7
-7
-2
0
3
3
0
-2
-1
3
-1
-5
-6
-5
1
1
2
5
-3
-6
-8
-9
-4
0
12
6
-4
-6
-14
-6
-4
-5
-3
-1
1
5
12
8
4
4
4
-1
-2
-3
-5
-9
-11
-10
-9
1
8
14
22
24
19
4
-4
-7
-12
-13
-12
-10
-10
-9
-8
-4
1
1
10
5
-1
-3
-12
-11
-8
-3
3
3
5
7
9
14
18
13
4
-2
-4
-4
0
1
3
3
1
-2
-5
-3
-4
0
3
-2
-3
-5
-8
-9
-15
-16
-11
-5
-2
-1
3
2
5
1
-3
2
-2
-1
1
0
4
7
12
15
12
14
7
3
1
-7
-10
-12
-17
-13
-3
1
-2
-8
-10
-7
-13
-20
-20
-15
-13
-15
-18
-18
-13
-10
-6
-3
1
5
-2
-5
-6
-6
-6
-2
2
1
2
6
7
8
10
10
8
7
3
1
-1
0
2
1
1
-1
0
1
6
9
4
1
4
0
-2
2
11
15
15
15
13
15
23
24
23
21
21
26
26
24
28
29
36
37
32
29
28
22
12
9
3
-4
-5
-6
-6
-6
-6
-8
-6
-4
-6
-11
-9
-9
-18
-24
-28
-24
-11
-2
3
3
4
5
3
1
2
3
-1
-9
-16
-19
-18
-18
-15
-12
-10
-9
-14
-23
-28
-33
-36
-41
-43
-41
-46
-47
-48
-49
-47
-44
-39
-39
-37
-35
-35
-38
-37
-26
-20
-14
-4
-2
4
8
16
31
34
33
32
31
34
37
42
46
44
41
42
42
42
39
35
35
31
26
22
21
18
13
13
16
14
18
27
25
19
21
19
15
12
14
21
30
37
34
32
32
30
30
25
24
26
24
23
14
3
-5
-15
-23
-26
-33
-39
-45
-45
-53
-65
-74
-76
-72
-73
-76
-77
-69
-58
-53
-55
-63
-59
-56
-56
-52
-47
-38
-25
-14
-12
-9
2
10
14
16
27
38
42
45
44
38
33
21
14
11
11
19
22
24
20
14
4
-8
-11
-7
0
8
19
21
19
15
6
2
2
3
9
26
43
57
71
72
68
71
68
68
72
84
100
106
106
94
85
74
56
41
38
43
42
41
38
25
2
-28
-56
-83
-93
-94
-77
-62
-62
-67
-87
-111
-132
-144
-136
-120
-102
-75
-57
-57
-56
-61
-74
-72
-54
-26
12
42
60
56
39
20
-4
-9
-1
17
39
59
73
64
40
13
-19
-37
-42
-37
-20
-5
-4
-18
-38
-55
-67
-79
-79
-63
-33
-1
21
27
19
1
-17
-13
9
33
66
99
111
110
101
86
72
61
64
81
103
134
147
141
128
91
50
27
12
18
30
43
41
18
-10
-54
-93
-115
-112
-97
-81
-64
-63
-77
-92
-105
-121
-128
-125
-114
-86
-45
-13
-3
-3
-23
-46
-58
-49
-16
25
61
77
79
76
50
10
-6
-11
-4
13
36
51
54
34
-3
-37
-77
-102
-93
-56
-20
6
1
-24
-60
-102
-130
-127
-84
-36
-1
12
21
14
-20
-39
-29
-14
10
34
56
80
92
93
77
60
53
53
60
80
122
167
182
170
111
38
-6
-35
-34
18
100
116
62
-3
-76
-136
-160
-140
-98
-66
-66
-102
-119
-120
-133
-153
-134
-122
-133
-98
-30
41
82
74
9
-39
-34
-28
6
105
201
218
184
144
92
66
52
37
44
61
69
28
7
26
12
-36
-91
-101
-69
-15
6
40
104
101
9
-95
-123
-105
-89
-70
-39
15
71
59
-2
4
19
-35
-75
-53
10
72
151
223
231
193
145
81
92
152
194
239
281
261
89
-43
-74
-49
36
128
171
166
123
-33
-246
-313
-257
-212
-181
-139
-106
-124
-145
-179
-216
-219
-251
-294
-255
-132
-29
13
48
63
0
-88
-108
-52
73
185
230
219
192
155
30
-54
-23
34
47
52
85
74
65
17
-62
-144
-174
-175
-184
-102
-11
25
-23
-117
-216
-274
-270
-206
-113
-7
33
-52
-105
-94
-31
-5
3
17
58
117
91
153
352
508
437
297
265
264
280
307
371
483
472
133
-305
-399
-219
-127
-72
147
320
194
-212
-589
-548
-283
-190
-294
-175
114
19
-317
-420
-145
40
-110
-284
-112
324
422
161
101
362
400
-3
-190
152
530
489
269
287
412
234
-223
-437
-181
98
-20
-203
-6
243
-17
-510
-611
-352
-248
-373
-308
81
451
338
-43
-168
-77
-209
-508
-396
161
562
472
255
213
152
-152
-411
-274
78
259
204
197
328
343
144
-86
-81
130
243
262
403
737
887
640
-65
-870
-1122
-841
-569
-329
275
867
715
-312
-1412
-1551
-773
-326
-432
67
1106
1134
-69
-864
-443
-47
-412
-666
164
1494
1603
607
188
677
422
-859
-1150
126
1202
850
73
218
589
-216
-1643
-1801
-562
148
-297
-407
345
622
-347
-1422
-1370
-668
-342
-402
114
1146
1412
663
-58
-135
-150
-360
-401
75
835
1110
689
180
-1
-191
-546
-736
-431
151
423
291
72
-74
-264
-468
-406
-129
165
486
702
746
667
659
629
793
776
-325
-1412
-1481
-628
-365
-293
564
1248
764
-1330
-2559
-1646
-82
110
-348
776
1984
929
-1232
-1664
-309
344
-175
-8
1552
2711
1598
-247
-327
573
48
-1292
-829
1169
1932
757
-491
-220
138
-1285
-2917
-2220
-43
700
106
100
734
356
-1149
-1996
-1259
12
517
667
1198
1720
1364
251
-502
-515
-139
91
190
583
938
809
-7
-809
-1002
-916
-739
-533
-72
383
378
47
-412
-634
-650
-423
120
626
967
1048
899
616
395
487
825
1198
1481
315
-1416
-1985
-1299
-880
-1156
45
1322
1244
-838
-2719
-1791
-125
221
-552
429
2226
1513
-704
-1692
-357
744
-23
-370
950
2611
2108
72
-443
746
787
-1130
-1836
118
1687
838
-609
-406
563
-539
-2902
-3020
-756
814
463
361
1171
1124
-193
-1699
-1718
-552
318
563
810
1645
2020
1086
-244
-815
-557
-328
-323
116
838
1152
520
-587
-1134
-1335
-1331
-1104
-585
112
464
580
238
-277
-395
-215
4
226
682
1192
1412
1293
942
1053
1215
1248
685
-1643
-2706
-2092
-977
-818
-623
1204
1785
503
-2654
-3460
-1062
431
169
-132
1789
2794
560
-1963
-2011
159
864
-172
325
2468
3594
1628
-820
-439
915
-155
-2276
-1676
1173
2145
466
-893
-76
444
-1741
-3901
-2785
73
1174
775
966
1660
1086
-723
-2216
-1962
-595
391
923
1466
2463
2394
839
-777
-1364
-925
-834
-548
282
996
1038
200
-717
-1375
-1693
-1582
-1142
-444
409
988
1084
700
-15
-252
-404
-331
190
593
1447
1653
1828
1414
1030
1163
965
414
-2726
-3504
-1989
-757
-829
-582
1756
2012
162
-3542
-3846
-529
728
-198
-87
2698
3368
371
-2510
-2009
763
898
-825
57
3295
4167
1262
-1390
-422
1146
-914
-3494
-2119
1706
2289
-129
-1091
394
833
-2250
-4660
-2681
618
1162
581
1268
2223
1396
-961
-2548
-2222
-637
120
350
1433
2820
2863
944
-753
-1209
-1141
-1232
-1019
92
1010
1258
613
-563
-1328
-1737
-1635
-1422
-857
282
1089
1423
938
406
75
-238
-454
-535
198
1090
1862
1976
1883
1609
1576
1278
795
-1261
-4000
-3260
-1585
-779
-1128
1067
3111
1909
-1352
-4326
-2215
426
236
-778
1245
4075
2448
-1385
-3065
-712
1489
-417
-1725
1326
4713
3338
-395
-1120
1094
848
-2868
-4041
-140
3134
1579
-852
-319
1472
-80
-4013
-4509
-740
1810
1114
751
2158
2664
514
-2174
-2910
-1367
106
293
670
2150
3517
2305
41
-998
-853
-971
-1495
-1025
48
1046
915
-38
-976
-1526
-1691
-1848
-1590
-708
439
1276
1224
917
696
187
-329
-848
-685
173
915
1461
1507
2200
2398
2134
1436
1188
290
-3946
-4657
-2733
-1183
-1434
33
3176
2879
694
-3871
-3760
-201
423
-1255
-469
3453
3667
100
-3094
-1875
1596
694
-2306
-525
4085
4373
518
-1492
595
1792
-1677
-4815
-2378
2407
2591
-548
-1092
1227
1198
-3159
-5411
-1874
2010
1775
631
1740
2972
1257
-1987
-3313
-2138
-560
-254
74
1750
3686
3200
657
-849
-913
-1185
-1861
-1435
-26
1155
1285
499
-719
-1490
-1933
-2267
-1931
-986
405
1411
1928
1594
921
382
-172
-760
-923
-372
643
1426
1485
1930
2519
2356
1759
1271
1765
-247
-4482
-4446
-2176
-1490
-2098
723
3397
2774
10
-4272
-2720
1057
475
-2013
293
4277
2679
-1168
-3074
-672
2558
190
-2783
374
4710
3177
-856
-1150
1632
1770
-2532
-4979
-936
3430
1602
-1746
-1013
1845
510
-4300
-5045
-257
2780
1360
955
2649
3081
701
-2663
-3513
-1569
-234
-501
163
2250
3373
2227
-34
-1252
-946
-1209
-2084
-1516
299
1058
713
160
-843
-1530
-1866
-1989
-1635
-486
948
1805
2018
1500
712
306
-231
-788
-905
-368
634
887
885
1028
1737
1851
1444
1599
1980
2224
-2632
-6105
-4211
-2433
-2591
-1535
2858
4256
3324
-1643
-4650
-228
1900
-1375
-2558
2161
4268
1101
-2398
-2146
2142
2821
-2331
-3261
2115
4713
1702
-1126
740
3602
652
-4968
-4368
1238
2455
-1098
-2433
397
2917
-404
-5044
-2666
2460
1897
-320
1313
3362
2725
-264
-3103
-2816
-1025
-1558
-2094
271
2952
3445
1990
590
145
-324
-1767
-2785
-1796
-167
462
471
-6
-71
-380
-1334
-1467
-975
-52
742
1712
1883
1234
1197
670
-373
-1267
-1401
-778
-82
153
292
1576
2295
2226
1810
2206
2426
2497
-826
-6609
-5582
-2572
-1987
-2324
1484
5056
4256
129
-5561
-2630
2329
241
-3148
222
4875
2817
-1721
-3617
187
3505
-1067
-4965
-296
5279
3897
-47
-237
3429
3479
-3177
-6470
-1236
2901
119
-2507
-824
2630
1962
-3772
-5147
483
2640
-604
-11
3405
3880
1593
-1968
-3571
-2055
-1972
-3686
-2097
1887
3738
3210
1699
792
501
-1137
-3244
-2891
-660
265
556
902
856
478
-933
-2512
-2426
-1130
-288
997
2469
2849
2745
1747
-234
-1686
-1890
-1938
-1695
-105
1140
1409
2045
2228
1642
1136
1681
1471
1497
1369
-3847
-5635
-2546
-1577
-2959
-684
3594
3270
1425
-3491
-3482
2363
2059
-2648
-1497
3660
3104
-820
-3281
-1275
3440
1354
-4524
-2079
4355
4388
422
-840
1986
4247
-677
-6401
-2485
3327
863
-2868
-1490
1442
2165
-1814
-5372
-1093
3570
441
-1539
2246
3711
1536
-1091
-3280
-2214
-849
-2722
-2607
1240
3573
2929
2098
1005
408
-322
-2404
-2677
-642
555
226
488
445
-186
-437
-1417
-2064
-999
36
530
1764
2177
1370
1150
599
-968
-1800
-1472
-1104
-264
425
507
1445
2124
1714
1314
2085
2511
2616
2027
-3653
-6306
-3391
-2593
-3587
-797
4276
4481
2225
-2916
-4043
1522
1814
-2837
-2015
3566
3777
150
-2459
-1036
3398
1710
-4468
-3155
3439
4242
845
-362
1800
4296
164
-6235
-3840
2331
1015
-2935
-1654
1485
2610
-914
-4970
-1773
3093
709
-1904
1667
4008
2401
-102
-2366
-1721
-491
-2530
-3643
-34
3191
2979
2183
1171
1116
531
-2093
-3648
-1844
106
-403
51
571
610
568
-1002
-2238
-1500
-370
-548
274
1928
2240
2142
1355
-253
-1031
-1266
-1795
-1531
-214
555
1630
2750
2563
2219
2639
2421
2055
-33
-6164
-6689
-2976
-2603
-2787
1691
5622
4249
1161
-4474
-3317
2220
99
-4050
-370
4938
3084
-746
-2291
390
3752
-910
-6214
-1163
4882
3316
152
590
3686
3794
-3090
-7411
-1609
2961
-1184
-3255
344
3006
1995
-2963
-5048
285
2821
-1565
-1306
4101
4644
1532
-942
-2414
-1427
-1503
-4372
-3136
1907
3988
2994
2242
1759
1028
-1110
-4402
-4010
-983
-133
-113
931
1446
1047
105
-1833
-2652
-1216
-609
-397
1531
3080
3138
2546
959
-1033
-1804
-2120
-2314
-1297
126
1489
3219
3719
2522
2850
2739
1958
-1156
-7218
-6839
-2676
-1943
-2500
2576
6443
4480
324
-5690
-3309
2159
-452
-4151
774
6224
3750
-700
-2657
553
3484
-1729
-6199
31
5730
2978
-413
570
3982
2924
-4420
-7458
-585
3537
-1492
-3139
1248
3633
964
-4849
-5370
1060
2406
-2205
-70
5678
4986
1065
-1726
-2475
-1385
-2623
-5116
-2431
2903
4391
3446
2539
2041
834
-2723
-5470
-3654
-398
-137
434
1917
1740
874
-785
-2434
-2338
-1008
-624
-38
2314
3256
2956
2409
381
-1557
-2472
-2718
-2197
-880
725
2307
3967
4026
3097
2500
1410
539
-5089
-8457
-4286
-1921
-2398
163
5314
5201
2825
-2662
-5662
-117
1683
-2679
-2131
4266
5297
1002
-2512
-2067
2111
1024
-4865
-2681
4869
5726
1520
-306
1743
3494
-1316
-7437
-4371
2530
1307
-2721
-1013
2543
3117
-1843
-6434
-2368
3056
87
-1774
3984
6542
3153
-525
-2773
-2516
-2155
-4333
-4367
674
4755
4836
3463
2158
1309
-1188
-5180
-5869
-2499
-518
-285
1231
2195
1743
319
-2094
-3271
-1869
-365
-114
1852
3869
3558
2710
1008
-1374
-2690
-2544
-2330
-1440
605
2420
3840
4266
3637
2960
2100
848
-5176
-9519
-5157
-1585
-2324
-558
4973
5527
2986
-2284
-5990
-282
2622
-2131
-2862
3490
5582
1559
-2505
-2586
1708
1242
-5012
-3742
4511
6452
2195
-559
1011
3481
-834
-7514
-4617
2698
2009
-2400
-1113
2493
3287
-1394
-6595
-2970
2663
49
-2016
3796
6901
3686
-322
-3034
-3030
-2295
-4576
-5026
602
5228
4953
3143
2274
1557
-795
-4684
-5602
-2162
85
-147
537
1575
1403
175
-2312
-3198
-1527
-395
-179
1777
3861
3667
2824
850
-1539
-2250
-2268
-2371
-1178
991
2674
4174
4128
3545
2883
2664
-1250
-8746
-8030
-3551
-2576
-2366
3177
6952
4680
670
-5831
-3892
1863
-337
-3567
1599
6953
3509
-1172
-2891
-509
1805
-2762
-5547
1201
7019
4367
421
674
3114
1000
-6243
-7129
334
3260
-517
-1075
1842
3263
221
-5891
-5822
574
1452
-1595
1823
6702
5035
1006
-1912
-3470
-2619
-3267
-4472
-1120
3784
5056
3392
2400
1349
-504
-3385
-5013
-2758
-326
674
1180
1474
826
-466
-2064
-3429
-2253
-485
296
1814
3438
3454
2515
1222
-989
-2631
-2097
-1416
-420
1365
2972
4100
3874
2632
1668
1327
-5348
-9276
-4549
-1628
-2260
86
5835
5750
2876
-3873
-6738
40
1715
-2804
-1351
5901
6199
523
-3073
-1840
1885
-239
-5740
-1973
6499
6577
1174
-786
2151
2788
-4313
-8826
-2404
4507
2094
-1412
750
3750
2137
-5148
-8548
-2162
2341
-1279
-668
6387
7751
2627
-2321
-4079
-3114
-3254
-4868
-2602
3743
7046
5025
1824
716
-35
-3332
-6069
-4153
695
2609
1921
1686
1038
-110
-3100
-5259
-3678
-834
583
1705
3852
4496
3225
853
-1702
-2866
-2237
-1948
-1025
1714
3865
4424
3598
2968
1610
1533
-3160
-9827
-6846
-1614
-647
-869
4285
6531
3555
-2154
-8457
-3203
3161
168
-2196
4228
7917
1856
-3463
-3860
-166
1104
-3772
-3667
4707
8779
3560
-1449
138
2522
-2511
-9022
-5000
4074
4925
196
118
3120
2424
-4021
-9400
-5135
1997
1119
-713
4680
8607
4519
-1742
-4238
-3481
-3232
-4033
-2827
2149
6591
5617
1916
49
-506
-3152
-5454
-3753
284
2820
2600
1822
898
-266
-2650
-5072
-4447
-1820
141
1270
2967
4037
3082
973
-1134
-2330
-1865
-768
199
1392
2980
3767
3186
2843
1841
1123
-3773
-9060
-6425
-1860
-444
7
4749
5755
2235
-3785
-8091
-1981
2871
139
-757
5330
6525
-212
-4019
-3196
-123
109
-3556
-1338
7035
8844
2212
-1826
239
566
-5262
-8792
-2674
5289
5097
371
663
3797
1482
-6475
-9888
-3455
2291
820
871
6582
8328
2595
-3650
-5352
-3803
-2866
-3154
-969
4781
7604
4293
193
-735
-1909
-4591
-5146
-2214
2369
4607
2992
1142
127
-1898
-4879
-5667
-2933
118
1741
2495
3410
3377
1549
-658
-2044
-1771
-637
270
1933
3847
4007
2577
1734
850
804
-697
-6985
-7273
-1972
358
-605
1878
5356
3011
-1675
-8651
-6188
2655
2825
-329
3151
7481
2118
-4278
-5336
-2115
1502
-1244
-3114
4129
9641
4364
-1700
-727
1364
-2437
-8071
-5831
3103
7145
2173
-845
2769
3186
-3911
-9542
-5865
825
1815
492
3889
8150
4698
-2685
-5361
-3747
-2818
-3078
-1535
2905
6583
4867
463
-1293
-961
-2860
-4616
-2491
1561
3670
2086
517
-210
-1610
-3395
-4193
-2452
-220
1046
1697
2042
2401
1432
-332
-895
-611
-195
158
1499
3313
2894
3059
2601
1814
1049
-5240
-8417
-5092
-841
-896
1059
6092
4378
867
-6154
-8673
-1833
2441
835
1251
6719
4949
-1755
-4665
-3121
457
-898
-3241
1667
7339
5382
401
-763
1126
224
-5221
-6550
513
5851
2306
-1311
745
2225
-1168
-6421
-5783
520
2769
234
1292
5409
4308
-1372
-3921
-2346
-981
-1270
-1579
1158
3982
2849
-531
-1862
-145
-319
-1509
-1020
1290
2575
485
-1427
-1743
-1603
-2215
-2443
-634
1359
1763
570
-220
-66
-269
-632
193
1995
2868
1967
1055
802
386
429
1310
2207
3119
1783
-4124
-5703
-3215
-1348
-1598
341
3251
1912
-582
-6313
-4965
1341
2776
700
1202
3987
960
-3144
-3628
-580
2329
531
-455
2710
4567
1362
-2480
-1448
1410
186
-3316
-1240
4182
4322
-210
-2686
-1316
-479
-3024
-5083
-1413
3584
2832
326
1325
2620
52
-3139
-2507
-179
1126
660
541
1806
1665
-922
-3784
-2676
46
676
744
2095
3036
884
-2072
-3254
-2725
-1801
-846
461
2217
2585
754
-1196
-1562
-1267
-1378
-587
1990
3560
3684
2890
1911
1197
273
453
1086
1581
-3147
-5389
-2527
-63
-266
-28
2944
1391
-1518
-6762
-6490
410
4051
3329
2206
3280
59
-4451
-5629
-2438
2171
2159
2233
4973
5799
1651
-3113
-3214
-1182
-848
-2691
-575
5004
5742
1064
-2957
-3010
-2126
-3303
-4395
-1049
3795
3993
1514
1065
828
-2168
-4547
-3388
-348
2120
2866
2926
2964
1832
-1051
-4220
-3680
-939
955
1861
2481
2774
803
-1927
-3691
-3515
-2250
-618
1062
2195
2440
1094
-816
-1360
-1121
-1097
-611
798
1737
2173
2628
2868
2666
2355
2067
1909
287
-5392
-6316
-2576
519
372
1680
3968
1235
-3131
-9101
-7067
-19
3525
3739
4226
4446
-107
-4080
-5391
-2832
760
742
1879
5290
5386
822
-2220
-1289
-250
-1538
-3332
190
5253
4568
394
-1926
-2045
-2492
-3982
-4525
-675
3414
2909
1314
1484
695
-2338
-4059
-2116
443
1551
1372
1563
2118
645
-1406
-2621
-1016
1168
1352
1007
1035
1156
-664
-2411
-2208
-1432
-762
-227
378
827
259
-1088
-1555
169
1121
703
1006
1545
1492
950
1137
1463
2738
3234
3602
-145
-5322
-4618
-1861
-322
-223
2441
2363
483
-4191
-8552
-3585
1558
2757
2209
3212
1441
-2368
-3654
-3437
799
2633
2020
3758
4373
1241
-2589
-2713
-478
1591
-9
-367
3550
3855
-282
-2654
-1938
-1277
-951
-2281
-2503
857
1740
-27
-517
-403
-2138
-3029
-1371
709
2155
1911
1056
669
-80
-1278
-1511
318
2305
2390
1006
-221
-34
-51
-463
-487
-245
-276
-207
-59
-404
-879
-1624
-1257
9
482
17
12
1281
1141
1101
1542
1908
2682
2221
2614
-1201
-4474
-2896
-441
1280
1280
2253
417
-991
-4700
-7961
-2614
2129
3144
2363
1951
-1231
-3949
-3378
-2296
1045
2408
3482
5156
3574
-817
-2736
-1630
-331
1364
872
1750
4457
2838
-1824
-3053
-1770
-1430
-523
-29
-71
433
-498
-1506
-1173
-1333
-2030
-1043
832
1256
659
-225
-827
-415
-96
-430
627
2597
2904
1077
-599
-1045
-429
331
328
824
1067
196
-743
-1300
-1159
-590
73
546
754
613
-949
-1170
140
861
1522
2828
3529
2856
1959
-3495
-6340
-3041
596
1494
2609
3529
558
-1305
-5963
-7260
-708
3778
3394
1797
400
-3465
-4770
-3751
-1509
2468
2814
2888
4046
1270
-3447
-2828
24
1928
3282
2058
2279
3828
969
-4057
-3721
-851
804
1883
1175
-118
-611
-2089
-3289
-2412
-1459
-866
139
920
-77
-1494
-2379
-1922
340
1330
1006
1912
3129
1941
-925
-1955
-929
1146
2301
1077
553
703
-143
-1051
-780
334
677
504
309
-62
-660
-1628
-265
1680
2214
2016
2127
1321
1062
-250
-5415
-4592
-221
2977
2547
2348
729
-2075
-3348
-7855
-4584
3141
5848
3985
1213
-2318
-5649
-4596
-2747
1008
4743
3939
3205
1503
-2869
-4939
-2009
1083
3668
4504
2422
2596
1928
-1968
-4025
-1330
1313
2472
2542
-221
-1975
-1969
-1831
-1324
-646
130
343
-253
-1911
-3345
-2736
-1483
720
2305
1502
486
259
-325
-2004
-1912
46
2483
4321
3193
187
-1552
-1738
-1652
-412
1428
2278
1764
647
-950
-1849
-1723
-123
1816
2414
1763
1593
1543
972
1032
-2914
-4278
-1306
1458
1616
689
418
-2046
-2137
-5281
-5295
1999
5528
3978
-103
-2931
-5051
-3094
-590
1080
4184
3220
1288
7
-2846
-4373
-605
2841
3859
4063
1556
355
530
-1616
-3424
-1124
2295
3561
3142
-579
-3665
-3216
-1597
-81
650
1049
954
-161
-2724
-3964
-2539
-240
1510
2139
571
-1391
-1231
-545
-579
-234
1117
2271
2755
1148
-1973
-2596
-693
960
1952
2566
1907
337
-1169
-1886
-1592
-64
1773
3066
2575
172
-357
553
1209
2046
-709
-3423
-1254
889
866
132
330
-1289
-1440
-3724
-6004
353
4693
3053
-526
-3224
-5066
-2622
338
644
2744
3131
1367
542
-1682
-3401
135
3329
2363
1730
558
288
1419
-237
-1996
57
2844
2483
1089
-1515
-3595
-2164
-130
845
638
-176
-693
-1663
-3501
-3801
-950
1927
2443
1219
-969
-2300
-1026
461
463
712
1570
1792
1083
-499
-2259
-1278
1331
1931
1118
1020
1235
358
-662
-873
280
1635
1470
610
-611
-730
-136
1804
2666
3328
908
-3873
-2911
-1116
348
743
1811
486
-1057
-3056
-6742
-1669
4037
3188
-227
-2832
-4011
-2365
198
23
1938
3758
1684
-325
-2247
-2983
345
3639
2536
2027
1595
424
395
-1161
-2210
311
3653
3537
1661
-1064
-3685
-2995
-1001
162
320
697
726
-1082
-3738
-4454
-1689
1101
1525
29
-1024
-546
197
162
-396
585
2022
1792
478
-941
-1590
-454
1165
1168
716
1300
1387
-18
-1137
-968
317
1909
1765
444
-54
120
375
1211
1363
2206
1048
-2959
-2835
-683
1134
1247
1489
-428
-1647
-2392
-5808
-1756
4290
3853
26
-2969
-4493
-3200
-472
-544
1374
4039
1901
-947
-2767
-2828
437
3349
1943
1561
1877
889
305
-1036
-1272
1385
3751
2511
626
-1059
-2647
-1743
-192
408
521
433
-58
-1912
-4013
-3408
-333
1645
814
-1253
-2026
-1263
-237
-274
-37
1737
2412
917
-903
-1057
-398
904
1635
778
638
1076
511
-575
-340
588
1144
1238
354
-519
201
1070
1333
1616
1541
1460
-2001
-3721
-1690
773
1924
1557
24
-2406
-2375
-4525
-3746
2927
5180
1683
-2595
-4515
-4102
-1028
-145
395
3288
2747
-757
-3034
-2697
57
3447
2805
866
1633
1125
-374
-1262
-497
2275
4096
2930
-69
-1639
-2485
-1767
241
1800
1952
585
-536
-2332
-3820
-3110
-503
1466
487
-1622
-2538
-1183
130
-246
15
1274
1777
250
-1507
-993
823
2006
1751
553
313
654
-179
-969
226
1968
1964
513
-455
-562
247
1292
1612
1943
1793
696
-3262
-3584
-342
1592
1745
871
-1221
-2674
-1837
-3656
-1844
4262
4552
-41
-3903
-5204
-3132
552
647
795
3245
1783
-2012
-3362
-2190
1038
3557
2107
518
1005
557
-463
-1006
468
3531
3979
1110
-1479
-2367
-2030
-345
1420
1823
1338
-734
-3020
-3735
-3048
-112
2176
1557
-1062
-2725
-2684
-1729
240
936
1081
1285
51
-1905
-1688
497
1459
1630
1640
524
37
346
34
221
1830
2495
1084
-269
-813
-527
931
1928
1977
1805
1933
128
-4328
-3637
61
2436
2017
437
-2184
-2811
-1234
-3593
-1528
4200
3917
-1365
-5207
-5131
-1344
2856
1683
463
1676
252
-2914
-3474
-381
3473
4618
968
-847
605
681
-272
-903
1494
4407
3390
-458
-2287
-1405
-478
470
1197
1718
802
-1495
-3444
-3620
-1590
1187
1805
-308
-2788
-3317
-1810
85
728
788
1166
330
-1293
-2100
-612
1708
2065
957
7
-28
806
739
121
896
2199
1878
465
-118
-79
355
1347
1384
1360
1484
914
-296
-3382
-2945
5
2146
1697
-408
-2511
-3207
-1271
-2644
-869
4031
3304
-1882
-5499
-4556
-727
3257
1903
153
890
-502
-3091
-2810
959
4070
3606
-170
-1522
565
1161
336
-395
1631
3985
2206
-1199
-1918
-338
559
635
525
975
411
-2414
-3806
-2703
-279
1761
1279
-1483
-3311
-2931
-2065
-272
1342
1093
300
-642
-1695
-1220
884
1988
1440
691
380
-57
619
1254
942
946
1075
718
185
678
814
652
1258
1645
1347
1101
865
4
-2678
-2523
-189
1348
1300
-227
-2370
-2963
-1031
-2340
-1127
3391
2628
-2049
-4781
-3767
-280
2962
1329
-394
504
-499
-3011
-2181
1756
4031
2621
-1081
-1444
1083
1498
439
89
2323
3698
1086
-1904
-1241
615
719
336
723
1457
408
-2455
-3898
-1963
569
1314
19
-1805
-2472
-2399
-1639
-294
1301
1440
-54
-1519
-1973
-891
621
1241
670
530
836
84
197
1028
1367
1224
1059
703
620
1280
923
423
1028
1512
1453
919
752
484
-2063
-2518
-460
1311
1133
-537
-2487
-2877
-719
-2301
-1665
2989
2876
-1942
-4875
-3518
-171
2932
1099
-614
620
-125
-2732
-2102
2095
4142
2038
-1614
-1543
1314
1599
450
436
2665
3646
436
-2456
-873
1313
893
132
602
1424
70
-2990
-3779
-1288
997
706
-999
-2251
-1990
-1757
-1645
-245
1470
1158
-701
-1768
-1420
189
1364
927
67
312
657
-95
157
1250
1366
983
839
860
940
1433
631
113
1367
2103
1160
836
971
702
-846
-2805
-1539
673
1553
-844
-2588
-2550
-736
-1335
-2864
813
2927
-180
-4219
-4228
-1088
2191
1594
-896
127
860
-1660
-2422
960
3904
2679
-851
-2099
754
2032
601
112
2239
3868
1391
-1924
-1227
1330
1385
-154
-56
1260
863
-2071
-3826
-1473
948
613
-1120
-2272
-1774
-1449
-1661
-994
1091
1396
-728
-1961
-1173
112
713
571
244
358
661
80
-2
1166
1525
661
371
1063
1380
1615
1138
528
1038
1785
1253
497
1106
1587
280
-2362
-1496
484
1409
-289
-2364
-2704
-813
-654
-3050
-210
2690
53
-4112
-4417
-1166
2194
2015
-910
-508
669
-1381
-2616
383
3892
2736
-936
-2014
932
2548
1045
276
2046
3925
1587
-1997
-1200
1752
1723
-352
-413
1050
795
-2033
-3674
-1378
1026
496
-1527
-2428
-1349
-1195
-1911
-1206
808
891
-1119
-1956
-832
787
908
96
-180
356
579
-168
186
1563
1681
475
-36
594
1095
1368
892
540
1160
1491
821
652
1469
1409
883
-1685
-1990
-65
1238
445
-1493
-2107
-1982
-934
-2523
-1262
2255
1135
-2862
-4750
-2486
521
2220
244
-684
294
-1320
-2749
-548
3326
3451
346
-1719
-59
2094
1104
391
1659
3287
2101
-961
-1089
1534
2105
122
-450
686
740
-1250
-2846
-1246
734
334
-1431
-2259
-1709
-1468
-1880
-1127
720
522
-1471
-2117
-843
564
790
236
-132
-105
-84
-81
611
1725
1540
324
-70
690
1273
1439
1526
1048
776
919
1156
1057
1608
1255
912
-135
-2104
-919
514
1442
-274
-1737
-2354
-1399
-1209
-2175
779
2032
-583
-3932
-4027
-1456
1551
1706
-477
32
-203
-2091
-1828
1268
3496
1839
-928
-1589
950
1864
853
1261
2759
2980
455
-1460
104
2266
1787
-65
-8
640
-229
-2190
-2133
-19
782
-483
-2320
-2329
-1121
-1122
-1455
-313
623
-681
-1914
-1699
-253
944
548
-373
-447
111
108
128
1092
1511
703
-63
456
1345
1499
1559
1196
847
987
832
652
1367
1751
872
352
-1524
-1555
16
1045
413
-997
-2045
-2177
-1244
-2073
-571
1825
457
-2597
-3925
-2315
533
1908
124
-341
-40
-1618
-1937
397
2803
2183
-409
-1668
319
2048
1005
819
2130
2615
839
-1307
-413
1752
1901
159
-214
659
487
-1344
-2566
-480
745
51
-1511
-2195
-1439
-1267
-1585
-943
826
281
-1574
-2095
-993
414
496
-43
-219
-121
-331
-450
327
1387
1416
70
-161
902
1415
1349
1306
1073
909
536
730
1103
1934
1594
1011
7
-1826
-851
-2
1167
357
-1203
-1993
-1525
-1051
-1734
437
1424
-195
-2956
-3820
-1134
1454
1420
-204
-438
-877
-1768
-1285
926
3063
1491
-1066
-1179
887
1569
745
1112
2140
2276
71
-1209
486
2128
1509
-152
31
778
6
-2077
-1606
497
1052
-428
-2068
-1809
-1054
-1096
-1332
-142
707
-540
-2049
-1824
9
767
64
-524
-467
-290
-277
-30
719
1451
610
-537
212
1210
1292
1188
1101
866
925
962
861
1015
1622
1204
909
-85
-1437
-856
329
1640
-68
-1486
-2132
-1430
-1147
-1552
622
1422
-165
-3539
-3822
-1016
1393
1345
-323
-527
-936
-1830
-1246
1263
2893
1008
-1241
-970
1319
1559
542
1180
2307
1935
-476
-1096
837
2292
1235
-406
290
754
-303
-1955
-1276
816
635
-1016
-2174
-1291
-700
-1046
-1030
27
609
-1018
-2070
-1343
480
796
-172
-541
-280
2
-437
-165
779
1287
364
-419
320
1080
1316
1048
823
681
702
689
726
1305
1746
1330
802
-886
-1793
-879
1152
1457
-228
-1458
-2182
-1166
-1514
-1014
1089
1598
-904
-3946
-2901
-49
1781
733
-350
-318
-1213
-2071
-912
2041
2742
254
-1609
-319
1674
724
64
1507
2790
1294
-1179
-789
1398
2193
255
-534
610
822
-834
-2036
-306
1072
19
-1648
-1674
-591
-599
-1294
-973
483
311
-1555
-1936
-383
769
98
-718
-359
185
-34
-469
169
1232
1154
-257
-409
774
1282
874
735
978
968
717
423
751
1393
1520
872
767
-85
-1383
-1178
643
1580
347
-1227
-2104
-1171
-1072
-1017
374
1401
-322
-3326
-3147
-852
1153
622
-213
-25
-877
-2033
-1519
1160
2601
806
-1116
-277
1419
599
-166
1249
2759
1726
-712
-770
1245
1999
222
-429
802
1130
-610
-2030
-610
693
42
-1375
-1319
-431
-740
-1718
-1371
542
490
-1354
-1866
-641
311
-92
-670
-73
524
-201
-1032
-271
1211
1281
89
-60
832
1063
466
492
1271
1424
707
23
443
1319
1349
753
787
333
-1045
-1484
185
1512
958
-675
-1868
-1307
-1116
-1154
-80
1494
498
-2322
-3105
-1595
584
727
161
106
-613
-1899
-1971
273
2061
1398
-175
-75
884
192
-401
832
2611
2141
164
-435
687
1197
59
-144
1051
1563
-231
-1923
-1170
238
215
-580
-580
-486
-1120
-2117
-1657
449
1054
-373
-1448
-1169
-556
-594
-444
449
988
119
-1014
-761
514
1116
543
397
972
748
-10
316
1225
1510
970
255
267
734
846
739
1130
904
-772
-1616
-324
1023
977
-270
-1128
-1030
-1185
-1580
-615
1307
1115
-1201
-2722
-1949
-185
276
260
575
209
-1108
-1952
-752
1008
1392
435
291
926
208
-673
-92
1504
1968
942
71
364
503
-507
-772
380
1554
884
-750
-1182
-667
-481
-643
-248
377
155
-1057
-1757
-808
158
-13
-463
-357
-115
-454
-889
-483
443
735
116
-236
114
417
140
171
746
1003
767
448
456
552
466
169
187
530
646
447
334
283
-245
-787
-588
-92
214
291
-10
-351
-470
-710
-730
95
581
99
-374
-742
-671
-267
1
110
187
-99
-571
-579
-214
291
398
78
-143
-227
-118
129
325
405
340
79
-19
132
262
337
104
-27
120
204
112
-2
59
122
-52
-240
-33
268
128
-64
-116
-244
-192
-277
-363
-98
141
-144
-359
-244
-282
-342
-232
21
210
209
49
1
72
95
64
147
455
407
170
256
534
421
14
-18
19
223
384
276
352
433
75
-434
-303
-25
62
146
-79
-241
-373
-501
-494
-302
-149
-265
-486
-594
-475
-241
-19
86
-37
-250
-390
-195
163
423
371
162
-69
-232
55
246
367
430
173
-48
9
206
201
267
339
235
24
-70
28
106
105
-61
-200
-114
-25
-256
-468
-335
-173
-202
-265
-261
-183
-232
-253
-44
142
235
44
-175
-49
224
226
340
783
515
80
83
58
233
549
472
385
400
65
-240
-43
192
95
38
-56
-56
-177
-306
-229
-227
-338
-547
-586
-377
-95
-121
-354
-364
-444
-477
-281
-26
219
295
15
-149
64
275
405
302
39
92
226
300
304
407
307
30
-74
-6
272
473
499
165
-184
-221
-217
-62
96
-19
-272
-298
-378
-416
-198
-56
-42
-215
-363
-258
56
116
-5
9
-30
27
34
143
452
590
459
212
190
210
54
112
334
415
263
99
44
8
31
-160
-99
190
57
-197
-364
-273
-258
-291
-315
-356
-358
-494
-425
-297
-172
-221
-348
-238
-198
-128
-33
137
241
181
0
-63
157
211
216
224
202
193
139
117
91
101
75
165
226
188
153
-26
-63
-11
-124
-105
7
-35
-125
-182
-239
-196
-120
-201
-165
-178
-253
-198
-96
91
171
95
-48
-28
33
132
408
582
591
233
-35
3
63
341
411
327
241
69
-164
-152
211
91
-64
-152
-235
-106
-72
-108
-192
-235
-386
-430
-267
-57
54
-193
-318
-345
-398
-235
-80
88
171
23
-210
-143
36
30
94
117
237
198
-22
-28
111
226
153
13
-84
72
114
-20
165
174
88
-58
-228
-105
112
94
-48
84
34
-152
-168
-175
-47
-2
-44
-68
-33
42
-47
-90
44
119
-42
-32
280
430
596
412
127
46
-46
44
337
558
475
245
-104
-270
-73
-8
32
45
-162
-238
-175
-143
-43
-80
-384
-545
-479
-255
51
109
-75
-287
-428
-383
-229
8
320
266
-62
-107
25
91
213
163
70
239
237
120
205
272
80
-138
-181
-65
158
129
69
-9
-17
-120
-386
-278
-6
73
-32
-47
-82
-77
-62
-202
-25
145
108
-58
-82
62
152
114
71
151
100
66
164
260
473
487
167
66
31
11
183
344
405
313
27
-294
-276
-132
-89
12
-79
-167
-288
-431
-380
-296
-260
-344
-387
-383
-207
-58
-155
-124
-181
-234
-217
-103
89
240
266
61
18
74
181
195
174
328
333
267
139
50
108
124
62
24
148
39
-113
-184
-174
18
8
-111
-205
-224
-264
-226
-120
-24
39
-149
-229
-206
-150
-63
-7
76
124
118
31
86
147
138
239
317
430
511
307
74
67
48
188
383
384
374
202
-117
-306
-186
-131
-72
-13
-221
-305
-394
-481
-384
-222
-202
-290
-371
-385
-199
-89
-112
-128
-174
-113
-67
-4
224
337
305
198
149
172
280
236
160
272
262
238
251
204
124
44
-36
21
127
70
-44
-192
-246
-233
-240
-202
-135
-172
-282
-289
-195
-41
-1
-133
-145
-101
-114
-58
48
202
342
235
73
89
105
167
271
435
547
547
282
1
90
143
260
384
312
231
46
-208
-313
-211
-160
-215
-201
-277
-291
-379
-421
-371
-334
-335
-426
-422
-429
-294
-204
-138
-57
-128
-81
-71
-12
186
361
371
300
258
202
291
223
244
359
332
345
285
241
165
68
-71
-51
71
2
-75
-165
-199
-222
-292
-339
-266
-215
-270
-233
-209
-121
-103
-177
-135
-76
-8
-31
-14
62
183
246
206
234
148
180
262
408
567
591
430
145
75
24
196
412
439
305
79
-175
-310
-208
-109
-86
-153
-248
-341
-404
-391
-362
-325
-317
-381
-490
-451
-301
-193
-156
-135
-188
-226
-218
-150
109
330
293
175
142
55
108
222
286
385
375
333
220
163
123
79
98
119
181
22
-59
-112
-207
-183
-211
-254
-296
-265
-284
-220
-161
-243
-122
-117
-132
-46
-87
-50
20
42
79
201
228
255
226
152
266
351
393
464
543
324
201
187
120
324
314
253
208
10
-137
-203
-187
-227
-172
-211
-282
-301
-427
-429
-398
-360
-346
-408
-441
-368
-235
-225
-120
-102
-132
-125
-148
-30
166
293
259
243
183
209
212
142
281
335
320
329
239
168
117
81
50
128
120
-22
-48
-168
-203
-174
-192
-194
-238
-297
-302
-226
-220
-175
-144
-135
-127
-174
-178
-110
10
55
134
194
193
150
97
212
352
472
478
428
403
264
223
200
272
366
269
166
93
46
-33
-110
-89
-125
-101
-155
-225
-238
-277
-299
-334
-307
-314
-369
-393
-285
-159
-89
-78
-94
-79
-93
-52
26
163
194
152
153
124
192
166
128
178
204
216
182
182
146
42
-42
-54
15
4
-33
-72
-157
-168
-194
-231
-159
-148
-210
-190
-213
-193
-167
-145
-66
-23
-12
-60
-30
1
6
101
143
213
192
132
175
205
265
298
324
350
303
190
146
128
128
117
93
112
75
21
-90
-84
-113
-139
-102
-157
-96
-128
-185
-203
-239
-265
-304
-277
-211
-98
-92
-136
-111
-143
-108
-61
-5
80
115
88
101
149
127
166
128
103
140
108
131
169
175
118
78
45
4
30
-17
2
-4
-43
-69
-87
-71
-129
-124
-151
-119
-100
-100
-52
-74
-35
-65
-81
-61
-38
-17
1
57
60
74
62
69
91
70
87
162
195
198
172
99
69
56
-1
73
114
75
47
-13
-36
-50
-89
-143
-85
-74
-94
-95
-140
-149
-200
-216
-211
-176
-158
-176
-113
-107
-65
-53
-76
-41
-66
-29
1
52
90
53
75
59
75
62
48
73
58
122
122
109
110
18
-30
-13
10
25
3
-22
-38
-45
-71
-77
-36
-57
-58
-61
-51
30
42
7
-16
-5
27
50
80
95
117
103
105
146
151
177
151
155
156
162
189
183
192
114
67
29
-24
19
18
53
41
-36
-99
-153
-122
-146
-136
-121
-133
-138
-180
-159
-150
-174
-187
-207
-189
-142
-96
-60
-25
-10
-30
-56
-25
40
94
103
96
104
86
75
62
66
95
73
64
86
56
32
-1
-34
-32
-41
-50
-59
-46
-65
-76
-52
-80
-73
-100
-118
-80
-67
-37
-27
-29
-51
-42
-27
-17
24
20
44
79
114
155
140
139
120
126
139
138
178
191
221
213
189
151
96
71
43
58
62
55
27
-18
-42
-80
-95
-133
-129
-96
-89
-76
-86
-106
-149
-161
-182
-191
-142
-137
-112
-91
-69
-69
-87
-78
-64
-29
-31
-4
30
47
59
16
16
7
18
40
39
72
64
57
21
17
24
-9
-7
-12
13
9
4
-3
-27
-23
-41
-40
-29
-39
-20
-4
18
14
-20
-27
-16
17
31
43
65
56
56
37
35
51
74
93
93
104
109
128
124
112
84
34
33
30
38
53
36
-2
-38
-62
-63
-51
-42
-52
-64
-77
-90
-95
-109
-118
-104
-116
-131
-117
-104
-73
-40
-19
-17
-23
-30
-25
3
25
43
51
55
62
49
44
52
67
83
85
88
75
56
30
17
27
19
10
-5
-15
-17
-19
-13
-15
-34
-53
-69
-82
-50
-11
-16
-14
-28
-50
-49
-38
-20
-2
5
-10
-1
9
23
51
76
91
71
84
90
114
128
103
101
69
79
73
73
77
49
46
9
1
-16
-30
-40
-63
-55
-60
-50
-59
-80
-97
-126
-133
-137
-116
-118
-108
-94
-107
-97
-101
-76
-52
-28
-16
-19
12
7
17
22
18
28
20
33
48
58
58
50
51
37
47
45
32
32
20
13
1
7
2
-6
-23
-40
-18
-16
3
2
-5
11
0
-3
-24
-22
-9
3
21
22
36
33
31
50
55
64
61
68
73
73
83
75
59
40
49
59
57
62
54
29
-1
-16
-32
-34
-30
-37
-40
-56
-68
-79
-86
-92
-102
-98
-107
-107
-98
-90
-86
-90
-87
-82
-63
-47
-26
2
11
19
21
16
19
18
29
32
27
26
23
25
26
41
48
48
58
54
48
44
40
35
33
29
11
4
-5
-8
-11
-9
4
13
18
17
7
4
19
27
26
21
15
19
27
40
36
33
30
22
31
41
51
58
37
19
8
-4
-9
-16
-25
-21
-15
-23
-34
-43
-54
-67
-72
-67
-61
-55
-62
-70
-71
-65
-65
-61
-45
-40
-29
-22
-4
-6
-9
4
15
32
30
33
34
29
27
18
19
33
45
48
48
53
47
33
18
3
-4
-10
-15
-10
0
-8
-23
-26
-27
-27
-25
-19
-13
-11
-14
-18
-15
-7
0
3
3
5
11
13
22
30
45
51
54
53
57
60
61
63
54
56
58
58
53
37
23
12
13
11
11
4
-7
-26
-53
-60
-59
-67
-68
-73
-76
-82
-79
-71
-75
-62
-60
-59
-51
-41
-34
-28
-20
-23
-34
-28
-12
2
14
19
29
38
47
46
40
36
26
25
25
22
27
34
30
28
26
18
12
7
4
-8
-17
-12
-18
-23
-21
-16
-16
-3
10
9
18
16
3
6
6
6
7
8
14
19
30
38
43
48
48
44
43
44
46
44
37
26
8
0
0
-3
-1
-8
-15
-16
-20
-28
-37
-37
-42
-50
-49
-55
-57
-54
-55
-52
-49
-38
-30
-31
-26
-24
-26
-11
5
6
10
17
25
29
30
28
24
26
30
33
42
38
35
30
27
33
31
30
26
24
20
11
9
5
-1
-8
-13
-22
-26
-26
-28
-21
-17
-15
-14
-11
-2
2
8
7
8
11
11
17
25
32
26
17
13
9
13
9
8
11
7
1
-4
-1
1
-1
-4
-10
-12
-8
-2
-7
-14
-26
-39
-42
-43
-44
-47
-47
-49
-56
-49
-37
-20
-15
-13
-7
-6
0
3
8
11
13
14
4
4
0
-3
7
21
27
24
26
25
20
15
13
14
19
18
9
0
1
1
3
2
1
1
-3
-4
-6
-8
-15
-14
-3
3
8
9
8
10
1
4
6
8
16
18
26
32
36
30
22
19
12
12
10
7
-4
-9
-5
-8
-9
-18
-27
-25
-25
-19
-25
-30
-25
-26
-28
-31
-30
-24
-26
-32
-30
-25
-20
-11
-9
-10
-2
3
3
5
6
7
15
21
15
17
17
14
18
13
7
13
14
15
11
12
10
3
5
1
1
4
2
-2
-6
-10
-13
-14
-6
0
0
4
6
11
16
17
16
14
10
3
-2
1
2
9
12
17
17
14
13
15
20
13
1
-1
2
7
0
-6
-4
-5
-5
-12
-16
-17
-23
-26
-25
-22
-19
-17
-21
-25
-26
-24
-22
-18
-12
-16
-19
-13
-20
-24
-17
-13
-6
-3
0
-1
4
13
11
10
13
15
23
28
27
29
25
23
22
24
25
25
22
18
13
13
11
5
5
6
9
15
25
28
24
22
17
12
2
-3
-6
-5
-7
-7
-5
-7
2
5
4
8
12
13
6
-1
-4
-1
-5
-10
-8
-13
-15
-19
-25
-26
-16
-13
-14
-10
-10
-15
-24
-25
-26
-26
-14
-16
-15
-13
-20
-14
-12
-10
-8
-4
-10
-5
-2
-3
4
2
0
-1
0
3
-3
1
1
-1
1
-9
-14
-5
-6
-9
-4
-2
1
0
-1
-4
0
4
4
10
18
24
27
27
18
15
14
13
13
22
25
20
15
11
16
21
23
22
18
19
14
14
10
6
9
4
2
2
-1
-3
-5
-10
-12
-14
-12
-5
-8
-15
-17
-18
-20
-19
-17
-23
-14
-3
0
-1
3
6
-3
-4
-7
-12
-9
-11
-10
-15
-14
-5
-2
3
7
6
6
5
12
4
-9
1
1
-3
6
1
3
11
7
10
5
6
-1
-5
5
-8
13
5
8
31
-8
9
17
4
27
12
15
17
-5
6
-12
5
21
-6
18
14
3
25
-5
-8
6
-14
-4
-11
-13
2
-24
-5
-9
-23
-2
-31
-5
-9
-40
-11
-11
-12
3
-12
-7
1
-12
-12
-17
-8
6
-11
-2
0
-9
9
2
21
22
-4
22
9
2
7
-18
-10
-21
-26
-9
-29
-21
-14
-29
3
-13
-12
6
-12
13
9
0
33
8
11
16
-12
24
3
1
18
-11
10
-6
-2
21
-1
20
21
19
39
18
6
3
8
23
21
15
15
8
8
10
-2
3
-12
-10
5
-17
-2
6
2
12
-14
-8
-5
-19
-6
-25
-16
0
-16
-10
-12
-2
12
2
9
-5
-20
-28
-26
-24
-7
-15
-25
-13
-17
11
9
16
31
0
22
-9
-18
6
-27
-1
-16
-29
4
-19
1
19
-1
26
12
6
27
11
16
9
-9
14
10
-2
22
27
62
42
-6
21
-7
41
51
2
48
-9
-5
1
-25
24
-7
1
-11
-30
9
-14
-21
-1
-37
-31
-9
-27
19
-7
-9
6
-35
8
-15
10
34
-28
12
-6
-17
16
-36
-9
11
-1
24
-2
11
13
-17
8
2
10
15
-4
9
-12
-30
-12
-13
-24
-6
-8
1
0
-17
-9
-26
-13
13
-13
6
-15
-37
-2
-10
8
20
-1
28
22
4
26
9
34
35
-3
30
9
19
53
9
30
15
-3
28
-6
19
22
1
7
-26
-13
-11
0
6
-10
-10
-28
-23
-25
-15
6
-10
-25
-31
-28
-12
-13
-3
6
3
7
-2
3
3
12
23
9
1
7
-6
-7
12
0
5
0
9
13
-11
9
-9
-6
7
-21
3
-9
-15
-5
-24
14
-6
-20
9
-5
6
-9
-17
3
-3
9
-5
-11
13
9
2
2
-1
-2
-26
-14
0
6
11
-3
-1
2
18
36
24
28
15
-5
0
-6
-7
-15
-14
-6
-17
-16
-19
-9
8
9
19
9
-11
-14
-21
-7
-4
5
5
-16
-14
-25
-8
15
5
9
-12
-30
-14
-10
-1
14
14
11
-13
-20
-11
-13
7
14
-5
-14
-29
-22
-3
2
17
6
-6
18
12
28
40
9
5
-11
-14
1
0
2
2
1
-8
-19
2
15
10
13
-5
-21
0
3
-8
1
11
8
12
9
10
11
10
12
4
-5
2
0
-2
3
-10
-8
-2
-8
-2
7
-3
5
-3
-26
-17
-19
0
14
5
33
16
9
23
4
20
15
5
16
-7
3
1
-9
11
-7
-3
-5
-26
10
5
7
15
-19
-4
1
5
11
-14
0
2
-22
-16
-12
-2
2
3
11
0
-2
9
-11
-14
0
-16
-14
4
2
16
24
3
0
-12
-13
16
16
1
-22
-19
-13
-14
19
29
21
21
-8
-12
6
12
13
-3
-7
-3
-14
-4
14
18
9
1
-12
-14
-5
-10
-7
-2
-4
-13
-26
-33
-12
-1
4
10
2
13
9
5
15
4
16
15
-3
17
8
13
23
-2
-4
-9
-2
-9
-18
3
-4
-4
13
-16
-11
-5
-9
1
-15
-2
-7
-16
-1
-5
4
-5
-12
2
-4
7
9
-7
-4
-10
6
5
1
32
13
9
9
-8
13
-5
1
22
1
13
11
-11
4
-3
-11
-4
-8
5
1
-5
1
-4
0
-6
-7
1
7
14
0
0
2
-5
2
-5
1
15
-6
9
8
3
14
4
15
5
-5
3
-15
-17
-11
-6
0
-13
-4
-19
-32
-10
-9
-6
-9
-13
-7
-16
-10
-3
-7
1
-7
-9
-2
-7
15
14
7
16
-1
-2
2
-5
4
9
22
23
7
10
5
6
19
22
19
10
6
-2
-3
4
2
3
-3
-6
-1
-10
-2
8
-1
5
10
8
7
2
7
-5
-4
8
2
7
10
8
6
-2
-4
-6
-1
7
6
1
-7
-5
0
-13
-12
-9
-9
-3
-11
-6
-10
-17
-8
-22
-24
-5
-7
-8
-9
-6
-13
-13
3
-5
5
6
6
11
8
15
0
-13
-15
-15
8
11
4
13
-6
-6
0
-2
14
22
19
10
4
5
3
0
4
2
-1
3
3
6
1
-2
-7
-10
-8
-10
-4
-4
-14
-3
-5
-14
0
5
4
1
-9
-1
0
2
-3
-8
0
-9
0
-1
-3
12
9
-2
-3
3
4
-2
3
-3
2
13
8
16
12
9
15
2
3
3
-3
1
-5
-1
-4
-10
-4
-12
-9
-3
-7
-1
-8
0
10
0
7
5
8
16
9
2
14
22
23
7
-9
-3
0
7
4
0
9
5
0
-10
-9
1
-4
-7
-10
-6
11
4
-1
-7
-15
-5
1
-1
-2
6
-1
-1
-1
-3
-2
-3
-1
-8
-5
0
-3
-7
-15
-12
-12
-12
-6
-13
-15
-2
6
1
-7
-8
-5
-12
-7
-1
-9
-8
-9
-11
-10
-8
-5
2
9
20
20
18
20
18
10
9
8
7
6
5
6
2
8
14
17
22
20
14
2
-1
2
2
2
11
7
2
3
-3
1
0
-4
-3
-5
-9
-16
-23
-18
-14
-13
-6
-9
-14
-7
1
4
1
4
1
-4
-3
-13
-10
-8
-8
-1
-3
-10
-10
-11
-5
3
8
2
-2
7
14
17
10
5
8
2
-7
-14
-18
-17
-17
-17
-13
-9
-8
-8
-12
-6
-1
4
2
0
2
-4
-10
-8
-4
1
7
2
-4
-6
-1
-1
2
1
4
0
-7
5
7
6
16
20
13
15
16
5
-3
0
5
2
4
1
4
3
1
4
0
-4
-1
2
-8
-12
-6
-7
-7
-5
-4
-3
-6
-2
2
-1
5
10
3
-4
-3
6
5
-6
-6
-8
-5
13
11
10
11
12
13
6
2
-6
-7
1
-1
-3
3
6
5
-1
2
9
19
29
27
24
21
16
17
19
15
12
9
10
0
-3
-1
-5
-5
-7
-3
-4
-7
-5
-13
-11
1
3
10
4
-10
-16
-19
-14
-3
1
4
7
16
22
22
21
14
20
15
4
8
2
1
8
-2
-16
-14
0
-2
-9
0
0
-5
-6
-23
-27
-15
-10
-5
-2
-1
3
4
2
2
7
8
-2
-8
-4
0
12
12
3
4
1
-8
-4
7
10
4
0
-2
-6
-6
-5
-5
-4
-12
-14
-6
-6
-6
-7
-8
-5
-4
3
-3
-3
3
-3
-5
-4
-3
-2
-6
-9
-8
-4
-7
-4
10
2
0
-2
1
5
6
9
-1
-3
-2
5
10
15
11
3
4
1
3
6
6
10
7
2
1
-4
-4
5
8
7
5
4
3
-5
-4
-1
-8
-4
-9
-10
-5
-7
0
-7
-7
0
-2
4
2
-2
4
-13
-24
-23
-26
-17
-14
-16
-12
-9
0
5
6
10
10
10
8
0
-4
-7
-8
-4
-7
-5
8
17
20
22
21
18
14
1
-3
-1
-7
-3
-12
-22
-16
-10
-13
-12
-3
0
1
1
-6
-6
-7
-3
-1
-5
-5
-6
1
2
-4
8
14
11
18
14
19
21
13
12
-6
-13
10
1
-6
-3
-21
-19
-4
2
-1
1
-2
-10
-4
-2
5
12
6
-3
-5
-8
-13
-6
2
-3
-5
-3
-7
-4
4
10
22
20
6
15
9
-8
-12
-15
-13
-1
1
-5
-3
-3
-2
5
8
16
10
-2
-1
-14
-24
-36
-37
-23
-26
-8
6
-8
-3
1
-1
8
3
-2
7
3
-2
2
-1
3
12
-4
-4
13
8
2
10
0
-2
9
-3
-6
2
11
7
0
-2
-12
-8
3
-6
-9
-1
1
1
11
3
-1
7
-6
2
4
-4
10
1
-13
-5
0
8
9
5
1
6
10
1
4
2
5
14
2
-10
-1
12
16
3
2
5
6
13
0
-7
2
-4
-4
-9
-17
3
8
-5
3
6
0
5
5
-7
6
13
3
-1
-1
0
4
4
-6
1
12
3
-7
-10
-7
10
24
1
-15
3
7
11
6
-7
-2
7
8
-20
-27
-13
33
47
-46
-45
14
18
37
-17
-59
2
39
22
-13
-10
18
23
17
-31
-27
29
0
6
22
-8
23
17
-8
41
52
77
34
-11
-27
-74
-16
-82
-108
3
-9
40
31
-47
27
113
81
57
19
-33
19
-33
-147
-131
-87
-69
-37
24
12
42
171
100
-12
34
19
10
36
-37
-72
-15
17
-38
-100
-76
-39
2
7
-8
35
49
59
34
-25
-9
36
55
41
-26
-79
-71
-79
-84
-45
-20
-23
53
103
58
99
67
6
41
-46
-102
-62
-44
-51
-61
-61
-37
23
79
90
93
102
75
32
4
-85
-89
-66
-140
-97
-39
-12
63
109
107
123
143
45
25
30
-104
-57
-52
-113
-54
-62
-9
31
-1
40
66
98
69
24
2
-84
-54
-32
-92
-27
13
7
10
-28
-55
-43
-2
-1
22
86
90
95
103
-15
-85
-34
-112
-147
-54
44
127
62
63
50
-47
45
18
-109
-72
17
-10
-45
58
17
-50
78
-35
-127
4
-60
-74
75
78
23
85
76
-28
-18
24
15
23
-60
-126
-13
32
3
54
41
-47
-63
-39
-83
-62
121
103
-1
43
-10
-33
15
-7
-48
-51
0
6
-40
-57
-8
67
80
82
67
66
100
33
-64
-105
-79
-15
-35
-14
17
-26
1
38
1
-89
-21
96
60
106
76
14
72
-5
-159
-160
-123
-108
-28
-15
-23
89
126
89
105
105
109
89
-2
-56
-75
-126
-123
-84
-49
-24
17
42
66
71
24
19
11
-14
5
77
75
-37
-14
-24
-90
-21
-23
-34
-20
-15
2
-66
3
96
39
21
-6
-14
-32
42
24
-137
-100
-43
18
41
32
30
21
54
-81
-87
50
0
74
173
33
-37
14
-23
-94
-102
-105
-90
-30
47
43
26
86
124
114
-10
-38
77
-10
-60
-49
-139
-13
22
-32
-54
-19
87
-29
2
65
-6
120
81
34
26
-36
105
70
-10
-104
-151
-57
-86
-64
-4
64
118
105
95
58
-9
31
-1
-146
-133
-69
9
19
-3
38
42
36
62
44
-1
-24
-3
56
18
-1
-2
-37
-51
-79
2
-15
-28
70
-51
-10
83
16
40
34
-15
-112
-40
0
-75
-4
-76
-57
7
-2
-36
-53
68
62
77
111
66
104
95
-19
-92
-99
-87
-56
-74
-77
-22
-41
73
98
15
117
99
55
47
51
56
-9
-31
-115
-186
-124
-59
-91
47
149
97
118
179
120
3
59
-70
-114
-48
-124
-112
-110
-48
-56
-81
-22
14
65
126
141
128
82
52
10
-91
-108
-115
-103
-113
-125
-81
-68
-37
52
109
117
126
127
87
36
-5
-73
-128
-111
-119
-120
-56
-40
10
67
59
78
70
59
46
19
15
49
51
41
-35
-137
-123
-70
-45
-24
9
-10
95
142
137
151
89
149
61
-92
-62
-88
-101
-45
-108
-87
-5
76
106
48
98
85
102
78
4
-59
-60
17
-63
-90
-106
-75
22
-15
4
-30
56
140
48
6
-4
8
24
-39
-102
-71
-98
-35
10
-27
-15
25
41
38
75
53
37
53
7
-58
-50
-77
-103
-53
-22
-7
-1
61
58
19
90
53
9
13
-42
-36
-65
-15
-9
-79
-28
-66
-55
9
17
76
102
122
63
-28
7
-5
-39
1
-25
-87
-68
-50
-37
-6
-6
23
52
66
37
-8
25
32
1
-30
-65
-35
-27
-12
-16
-45
46
60
7
-8
9
55
13
54
48
18
81
-5
-62
-74
-38
26
-24
-29
-42
-25
58
-1
-30
12
39
43
14
-22
-31
26
-1
-57
-27
-14
1
62
28
1
38
28
9
-13
-35
-28
1
-6
-29
-17
10
60
79
12
-3
25
21
16
1
-50
-41
-19
-55
-45
-52
-3
26
-8
7
-13
21
34
0
6
-22
-3
-4
3
7
-27
17
-5
-50
-26
-27
-37
-2
5
-6
68
65
20
25
5
-10
39
11
-26
-6
-31
-37
-32
-32
-35
-2
31
20
34
18
9
21
14
-17
-42
-11
-4
14
24
24
39
20
17
15
-29
-44
-19
3
-14
-6
8
11
45
31
21
21
18
22
17
21
-31
-21
11
-24
-19
-34
-36
5
-11
-14
-27
-35
45
46
26
22
-3
6
12
-6
-60
-43
1
-13
-22
-28
-2
45
62
20
0
16
-3
4
-47
-43
43
32
50
17
2
40
0
2
-24
-56
-6
-4
-17
-21
-34
11
18
-7
-18
13
55
39
35
-6
-17
7
-29
-30
-45
-30
29
26
5
-4
-5
21
40
6
15
40
19
33
-7
-49
-25
-11
-24
-63
-9
5
-4
64
-7
-24
44
11
17
-18
-42
-14
-30
-9
-42
-40
-1
-1
16
-14
2
34
13
44
13
-7
8
-17
-12
-37
-40
-36
-51
-34
-42
-14
27
26
35
38
11
36
34
-12
-14
-8
8
-13
-31
-42
-24
32
17
18
26
33
60
17
-35
-26
3
16
11
-30
-40
5
3
-30
-42
-36
16
50
15
-4
21
45
39
-3
-39
-23
-1
-13
-36
-42
-9
35
16
-26
0
25
23
44
-5
-31
24
27
19
5
-17
16
29
15
-16
-38
-9
-2
-10
-20
-19
9
33
28
-8
-14
15
11
12
-11
-11
32
4
-16
-40
-39
8
3
-4
-9
-1
28
24
18
15
3
29
18
-6
5
-12
-9
-16
-41
-22
-19
-13
1
-3
17
14
18
11
-1
9
8
15
5
7
-7
-7
5
-30
-12
-2
-7
12
21
28
11
1
0
-8
-2
8
4
-22
-19
-7
-15
-3
1
2
38
29
20
30
7
8
0
-19
-28
-18
-3
-17
-19
6
13
26
27
13
16
21
17
-7
-27
-26
-28
-28
-11
-22
-19
5
2
7
-1
20
29
31
32
-27
-16
-11
-36
-26
-51
-27
6
1
-4
-29
-8
10
-5
4
-2
5
9
4
3
-3
-6
-23
-2
4
-12
20
10
-3
19
-8
-24
7
2
2
17
4
16
17
-14
-20
-20
-15
3
-6
-10
15
19
13
18
-1
2
18
-9
-18
-4
-5
9
22
16
13
18
1
-12
-2
-13
-4
13
-10
-1
7
3
13
7
-17
-20
14
-3
2
8
-3
27
12
-2
-2
-18
9
15
-20
-9
-11
-17
5
-7
-15
3
1
-6
-6
-9
-5
26
18
-11
4
-15
-8
6
-28
7
7
12
21
-15
7
7
21
30
-9
1
-6
-21
-6
-25
-23
16
11
8
11
-5
-8
-1
-11
-26
-3
-9
-3
17
-15
-3
8
-7
11
6
8
22
5
16
7
-7
16
1
16
21
11
22
6
4
-3
4
-10
-16
3
-24
-2
8
-5
19
0
2
-3
-18
0
-12
-4
-13
-26
-5
-25
-9
2
-12
12
-4
1
18
-6
-3
-2
3
2
-9
-8
-10
0
-5
-18
-12
-11
-3
19
3
3
17
1
9
-7
2
4
-10
21
-16
-31
-9
-32
-8
5
-7
0
3
1
-2
0
-2
21
30
4
10
1
-8
7
-11
-2
4
6
18
-4
-2
4
0
12
-5
-19
-10
-12
-3
0
-1
-3
-1
-6
-14
6
2
7
16
6
7
-7
-13
0
-8
-14
-7
-11
9
6
-14
-2
-2
9
15
4
4
2
13
16
2
6
19
11
19
18
2
21
27
16
25
14
10
24
1
1
0
-11
7
12
9
16
10
-6
-5
-9
-21
-16
-10
-22
-14
-4
-11
5
16
9
12
12
9
19
17
9
4
-3
-8
-11
-8
0
6
19
15
13
8
-2
-1
0
0
-6
-11
-16
-16
-24
-23
-13
-15
5
16
18
22
3
4
-10
-25
-19
-28
-15
-4
-4
10
6
3
10
-1
-3
8
10
10
-8
0
-1
-19
6
-10
-6
7
-6
0
-14
6
4
-8
4
-7
17
14
-7
5
-9
-9
1
-12
-4
-3
-7
2
1
6
0
-7
9
-2
-1
-11
-19
-3
-19
-19
-17
-9
7
-2
4
3
6
13
9
12
16
19
7
3
8
5
4
-1
-7
-4
-15
-10
-6
-15
0
1
2
2
-6
4
1
0
2
-15
-8
-11
-21
-11
-7
4
2
-6
1
1
8
6
-13
-6
-2
-3
-6
-15
-6
-1
0
-2
-6
-3
3
15
14
5
1
3
2
-1
-3
-11
-2
1
-12
-3
-3
4
5
-2
4
-4
6
5
1
11
6
16
21
7
-1
-5
0
7
-5
-6
-2
-4
10
-2
-2
1
0
15
-3
-8
0
3
7
-2
-2
10
11
12
14
8
11
12
15
3
-3
8
-2
-6
0
-5
16
15
6
5
-7
3
1
-2
5
-9
-8
-14
-22
-18
-21
-10
-5
-10
1
8
10
8
6
3
3
9
9
11
8
-2
2
7
-1
1
7
7
2
-1
2
-3
2
3
-4
-2
0
6
0
2
-1
-5
10
3
-3
-4
-8
-1
-2
2
-4
-10
-3
-7
-3
-1
1
2
-4
-3
-2
-3
2
-3
-9
-8
-4
8
11
9
10
3
5
2
-2
2
-3
-5
-3
4
8
6
8
8
4
9
15
8
3
-6
-6
-2
-6
-5
-11
-9
-13
-16
-11
-12
-18
-20
-19
-8
-5
-2
-1
1
6
7
5
0
-4
-8
-15
-15
-12
-10
-7
-3
0
8
12
19
19
9
2
-4
-6
-16
-25
-16
-4
-1
-1
-7
-12
-10
-5
-6
2
7
4
7
1
-3
1
10
11
4
8
11
6
4
0
-1
3
4
6
0
-3
-8
-19
-17
-16
-6
5
6
10
9
4
4
4
5
4
1
5
6
-1
-2
1
4
-2
-9
-10
-3
6
3
-5
-8
-10
-9
-2
10
16
19
18
3
-11
-3
-1
-1
6
9
7
0
4
1
-6
0
0
1
6
6
9
8
3
5
1
-2
-1
2
1
0
6
4
9
11
6
7
4
1
-3
-6
-9
-7
-1
-2
9
19
13
8
7
-1
-3
6
11
9
4
-2
-7
-11
-3
2
5
13
11
-4
-13
-3
-5
-7
-4
-1
0
-7
-4
-5
-2
3
2
9
10
11
12
5
-1
0
0
0
-1
0
3
3
2
-3
-3
-3
-1
-3
-7
-4
-4
-1
6
9
11
5
0
-6
-7
-8
-5
-2
6
10
6
2
-4
-3
0
-6
-4
1
0
-1
-3
-5
-6
-2
-5
-12
-6
-5
-11
-11
-12
-11
-6
-3
-1
1
5
3
7
9
0
-3
-5
-1
2
-7
-7
-3
-1
8
8
4
4
10
12
9
7
8
10
15
14
10
8
5
13
15
7
7
8
2
-8
-11
-15
-16
-12
-15
-14
-7
0
3
4
5
0
-6
-9
-17
-18
-12
-5
-3
-6
-4
-1
2
0
-3
-5
-4
1
4
5
9
6
2
2
2
0
0
-2
0
-1
8
16
14
16
11
7
2
-3
-3
-3
8
7
-1
-5
-6
2
7
4
2
-4
-7
-12
-17
-11
-9
-5
1
3
3
4
1
-6
-8
-6
-5
-9
-6
-1
6
8
5
7
6
7
2
-6
-14
-20
-19
-19
-19
-10
0
0
6
7
5
-3
-7
-4
-7
-3
-3
-9
-14
-13
-5
2
2
4
4
9
13
8
6
4
-2
1
1
1
2
1
3
5
10
11
5
0
-1
1
9
13
8
3
-1
-4
-13
-13
-6
-6
-3
1
3
5
8
10
5
2
0
0
0
-8
-6
-5
0
5
6
8
12
16
16
11
16
13
9
4
-6
-5
-2
-1
-3
-9
-1
2
5
7
6
7
4
5
1
-3
-3
-4
-7
-13
-15
-9
-2
-1
0
1
0
5
5
-3
0
1
-2
-2
-4
-12
-11
-5
1
-1
-4
-3
1
5
7
9
12
11
6
-2
-6
-6
-4
-2
-1
2
4
-1
-2
0
0
0
1
1
-1
-7
-5
-5
-6
-3
-6
-4
1
2
5
6
3
-10
-10
-7
-6
-3
-4
-1
0
6
7
0
1
1
-1
-4
-8
-7
-3
-13
-17
-12
-8
0
-3
-5
-5
4
10
5
2
0
-2
1
2
3
3
3
3
2
-1
-7
-1
5
5
9
5
-4
-11
-11
-11
-23
-25
-18
-8
8
18
18
17
15
16
16
13
13
7
0
0
1
4
9
13
12
13
13
5
0
4
2
1
4
-1
-7
-10
-9
-8
-1
-1
-11
-9
-3
0
-1
-7
-15
-13
-9
-4
-2
-2
0
-1
4
3
3
7
1
-1
-3
0
2
6
5
2
3
5
9
3
0
-1
-7
-10
-10
-7
-5
-2
-2
-3
2
5
4
1
7
9
4
1
-2
-3
-4
-1
3
3
5
5
4
6
-1
-2
-4
-4
1
-4
-5
-2
-4
-3
0
4
6
5
2
2
2
5
3
-1
7
6
0
-5
-8
-4
-1
-5
-5
-3
5
7
8
9
11
10
8
7
-1
-1
-1
-4
2
1
6
13
12
10
7
7
6
6
5
6
0
-5
-8
-11
-13
-15
-11
-13
-11
-9
-9
-9
-2
3
-2
-3
-9
-12
-7
-1
-1
-1
-1
2
3
5
5
5
6
7
5
2
-2
-4
-2
-6
-5
-6
-1
-3
-4
-1
-1
0
4
3
2
7
9
4
2
3
0
-3
-5
-6
-1
9
11
10
10
7
9
9
3
3
-1
-7
-13
-10
-10
-8
-5
-6
-6
0
4
3
-2
-5
-7
-4
2
3
3
3
3
-2
-5
-4
-2
-3
-1
-1
-5
-2
-5
-4
0
-1
-3
-4
-2
-4
-5
-4
-5
1
3
2
-1
1
-3
-5
-1
0
-1
2
0
-6
-3
-2
-4
-4
0
1
5
9
6
4
0
-7
-4
-3
2
3
0
-1
-6
-3
0
2
6
12
17
16
19
18
13
6
-5
-7
0
-1
2
5
1
2
2
-5
-4
-6
-7
-6
-6
-11
-13
-11
-10
-4
5
14
16
11
9
6
5
6
7
1
-2
-4
-7
-3
-1
-2
-4
-7
-4
-4
-4
0
2
0
-6
-4
-4
-3
2
-1
-2
-5
-7
-1
6
9
9
7
10
12
7
3
1
-5
-10
-11
-13
-11
-6
-7
-5
-4
-1
5
5
6
3
4
4
-6
-5
0
5
9
3
-4
-8
-7
-5
-8
-7
-3
-2
0
2
2
3
1
2
4
0
2
3
2
2
3
0
1
1
3
0
-1
2
1
1
-2
-9
-12
-12
-7
-2
2
5
6
10
13
11
8
10
10
4
-1
-10
-7
-2
2
1
1
6
4
2
-2
-3
-4
-4
0
-3
-1
3
0
2
1
5
7
5
4
-2
-9
-9
-8
-9
-3
0
-6
-5
-2
-4
1
3
3
0
-1
-2
0
4
5
4
2
2
-3
-2
-1
-6
-3
-3
-4
-3
-1
1
3
4
1
4
7
6
4
0
-2
1
5
0
2
9
12
13
9
3
2
5
3
3
1
-4
-9
-9
-4
-4
-1
2
3
4
2
-1
-2
3
3
-2
-5
-8
-5
-1
2
-2
-7
-3
0
-3
-1
-1
-3
2
7
5
2
-1
-3
-7
-7
-1
2
3
3
6
9
7
6
6
4
0
0
-1
-4
-5
-5
0
3
-1
1
5
5
-1
-6
-7
-7
-1
3
2
-1
-6
-13
-18
-18
-16
-9
-6
-5
-7
-6
-3
-2
2
5
6
9
5
-2
-3
-3
3
3
4
3
2
8
8
11
11
10
12
9
7
4
1
-1
-3
-2
-8
-5
-2
-4
-5
-3
-4
-5
-4
-5
-1
-1
-3
-3
0
7
9
8
9
6
4
5
2
1
2
4
3
2
-3
-8
-10
-5
5
8
7
5
2
-1
-6
-5
-3
0
3
4
0
-3
-5
-8
-9
-10
-11
-10
-9
-12
-14
-17
-15
-16
-15
-14
-9
-6
-5
-6
-7
-2
-1
3
10
11
15
20
20
13
8
14
14
10
13
15
16
20
17
6
0
0
-1
-2
-2
0
1
2
9
14
10
5
3
-1
-5
-6
-5
-6
-5
-1
-4
-9
-7
-5
-3
-3
2
5
7
8
8
8
8
7
2
-2
1
4
6
8
9
5
-5
-9
-9
-5
-1
3
4
-2
-8
-11
-10
-8
-7
0
4
0
2
2
1
0
-7
-10
-8
-1
1
-6
-13
-11
-13
-17
-16
-5
7
14
13
5
2
2
0
0
2
5
1
-4
-3
2
7
6
7
2
-1
-2
-4
0
-1
-5
-4
0
-4
-7
-7
-5
-3
-5
-7
-4
-5
-2
-2
-4
-4
0
0
0
0
-1
-4
-5
1
3
-2
0
-1
-3
0
0
4
2
0
-4
-8
-7
-7
-3
-3
-2
4
3
1
2
-1
-2
2
4
2
3
5
1
-2
-3
-4
-3
1
4
2
-1
-3
-3
-9
-12
-4
5
13
14
16
16
12
13
11
8
6
2
-1
0
1
2
6
7
4
6
4
3
0
-4
-2
-2
-4
-4
-2
-5
-8
-10
-12
-14
-12
-9
-11
-15
-13
-10
-10
-7
3
6
10
14
15
10
4
4
4
9
15
8
2
1
-2
-5
-7
-7
-2
2
-3
-1
-2
-5
-4
-4
-2
5
7
1
-1
1
5
3
0
0
-5
-2
8
5
4
7
4
2
0
3
1
-1
2
5
8
10
11
6
-4
-3
-2
-2
0
0
3
5
4
0
2
9
6
6
3
2
7
-1
-5
-2
4
6
0
-2
0
8
12
6
4
-2
-9
-6
-5
-9
-4
1
2
6
0
3
8
5
-4
-8
-4
-8
-5
-7
-6
2
5
6
7
0
-6
-2
-8
-12
-7
-9
-9
-6
-3
-2
-1
-2
-3
4
12
11
10
6
-2
-4
-3
-1
0
3
7
7
6
8
3
1
6
1
0
-1
-7
-6
-11
-11
-9
-12
-8
-14
-13
-10
-12
-7
-8
-7
1
-7
-13
-6
3
8
7
7
4
3
4
5
7
12
12
6
7
6
1
0
1
0
5
7
8
11
7
5
6
12
15
13
11
13
8
3
4
5
4
3
-5
-11
-11
-9
-3
2
5
3
1
-4
-12
-10
-9
-10
-6
-1
-2
-2
-4
-5
-6
-7
-8
-6
-6
0
1
-2
0
6
6
4
2
2
3
1
4
6
7
5
0
-6
-15
-16
-10
-7
-5
0
3
3
2
-2
-4
-5
-5
-4
-3
-8
-7
-4
-3
-3
-2
0
1
-1
-7
-7
-1
1
6
5
4
10
9
5
10
9
8
6
3
3
1
-1
0
-2
-3
-5
-5
-6
-11
-10
-6
-7
-8
-4
0
0
0
-2
-4
-5
-5
-3
-1
2
3
0
-1
-2
-7
-3
1
3
7
6
10
12
11
10
8
7
1
6
8
8
5
3
0
-6
-4
-7
-6
-1
-2
-3
-7
-6
-3
-6
-7
1
11
10
6
3
-1
2
4
3
1
3
4
4
0
3
6
6
3
0
-3
-3
-7
-12
-6
-6
-3
-4
-9
-11
-7
-3
-3
-3
-1
0
-5
-3
-3
5
12
12
12
12
10
6
3
2
-1
-6
-8
-14
-15
-14
-10
-9
-10
-5
-3
-2
1
1
-3
-4
2
5
3
4
-1
-3
-2
-2
3
3
3
3
5
8
7
9
11
13
8
-1
-1
5
7
1
-2
-2
3
6
1
-5
-2
-1
-1
1
0
1
-2
-1
-1
-1
3
3
6
5
-1
-4
-4
-4
-2
-2
-5
-7
-7
-8
-7
-3
-2
1
2
4
8
6
4
7
9
11
12
9
6
5
1
-2
-5
-4
-3
-5
-6
-3
-5
-10
-10
-9
-6
-4
-5
-6
-6
-4
-6
-7
-9
-10
-2
-3
-4
1
4
0
-5
-4
-1
1
2
1
0
2
1
2
8
9
7
3
-6
-4
1
1
4
0
-4
-6
-3
-1
-1
-1
-3
-3
0
1
2
2
-3
-7
-6
-3
-2
-1
-2
0
2
6
5
6
7
4
1
0
-1
1
0
-3
-5
-6
-7
-9
-5
-1
1
4
5
6
4
-1
-6
-5
-3
1
3
2
-2
-3
3
2
1
2
5
7
6
3
2
3
8
8
4
6
4
1
1
4
6
11
9
4
3
1
1
-4
-8
-7
-4
-5
-8
-7
-7
-3
0
0
-1
0
3
4
2
-3
-6
-7
-6
-1
5
6
8
9
8
7
7
8
7
-2
-3
1
-3
-6
-7
1
4
5
9
8
3
3
2
-3
-3
-1
2
1
-6
-12
-14
-15
-8
0
-1
-1
4
2
1
3
4
7
5
2
2
2
1
1
1
-1
-2
-3
-5
-6
1
5
-1
-2
0
5
11
15
13
10
8
4
4
0
1
0
-1
-3
-5
-8
-10
-4
1
1
2
2
2
5
6
5
5
5
2
-4
-7
-6
-1
3
2
-4
-4
0
3
0
-3
-6
-7
-6
-8
-5
-2
-1
1
-2
0
-4
-6
-3
-8
-7
-1
1
2
-2
-8
-1
-3
-5
-5
-6
-3
-3
-3
-7
-5
-6
-11
-12
-12
-13
-8
1
2
5
5
6
9
9
7
4
3
2
1
4
4
5
7
1
0
-1
-5
-7
-9
-8
-7
-10
-10
-9
-5
-4
-6
-4
2
6
4
5
6
1
0
6
7
9
11
9
6
5
4
3
6
3
-1
1
1
4
9
7
0
-4
1
0
-5
-10
-10
-4
-5
-7
-12
-12
-11
-7
-2
3
4
5
4
0
-3
-9
-6
1
2
3
2
3
3
4
4
8
14
19
20
16
12
6
2
1
2
6
6
3
-2
-2
4
4
5
6
1
2
6
5
6
6
7
8
6
6
4
3
2
1
6
4
5
7
2
1
3
3
3
1
0
-4
-6
0
2
-2
3
-2
-4
-4
-7
-4
-3
-1
-4
-5
-4
0
5
6
3
1
-4
-8
-5
-6
-6
-8
-4
-2
4
10
8
6
-2
-8
-7
2
-1
-2
2
2
3
3
3
2
3
2
4
6
3
2
2
3
4
8
8
7
2
-6
-6
-2
0
3
-5
-6
-3
-3
-2
0
2
1
-1
-3
-6
-10
-13
-14
-13
-7
-2
-3
-3
-2
-10
-15
-12
-8
-7
-9
-6
-2
1
1
1
1
-2
1
1
2
3
-2
-8
-11
-13
-6
0
-3
-2
0
0
0
4
7
2
-1
-1
-3
2
7
7
9
13
16
19
14
7
10
6
-1
-4
-4
-2
-3
-5
-7
-7
-4
-5
-1
0
0
0
2
0
-3
-5
-7
-3
-1
-1
0
1
4
5
7
5
1
-1
1
-1
-2
-4
-5
-7
-6
-1
-3
-5
-5
-5
-6
-5
-2
-1
-3
-2
-5
-6
-1
3
4
2
1
-7
-13
-14
-12
-10
-9
-5
-1
4
5
4
-4
-3
-3
-8
-3
2
7
6
-3
-4
3
7
12
13
12
5
1
-2
-4
2
2
0
-2
-1
0
-2
-4
-3
-6
-5
-2
2
6
6
0
-6
-2
-6
-3
1
1
9
15
17
10
4
6
6
3
-4
-5
-8
-8
-8
-7
-4
0
0
-1
-2
-6
-3
5
3
5
5
2
4
2
1
0
5
8
13
17
14
8
7
5
4
3
6
8
7
6
1
1
-3
-2
0
-3
5
1
-4
-2
-9
-6
0
0
2
5
2
2
2
2
1
1
8
11
7
4
2
1
1
0
-2
-5
-4
-3
-5
-8
-7
-4
-1
0
4
9
6
9
9
6
2
-6
-8
-4
-3
-3
1
7
9
10
6
1
-1
-6
-10
-10
-7
-3
-7
-7
-5
-1
1
-3
-2
3
4
6
6
-1
-2
-1
-1
-3
