4
13
15
18
18
12
10
7
3
4
5
5
6
8
8
4
2
3
6
7
5
8
3
-5
-9
-10
-9
-8
-5
-3
-5
-4
-4
-7
-6
-6
-2
4
12
14
12
11
12
8
7
6
4
-1
-4
-5
-10
-9
-9
-10
-10
-6
-6
-6
1
2
3
4
-2
-3
-4
-4
-7
-7
-5
-6
-5
-7
-6
1
3
1
-4
-6
-5
-3
-1
0
-4
-10
-12
-11
-12
-9
-5
-8
-8
-3
-3
-4
-2
-1
-1
-2
0
-2
-2
1
0
2
5
6
4
4
4
4
-1
-7
-7
-2
-3
-14
-12
-8
-6
-4
-3
-2
2
-2
-6
-3
1
5
9
6
0
0
3
-4
-3
-3
5
12
9
12
8
6
1
-7
-1
7
6
4
1
3
3
-6
-10
-10
-8
-5
-5
-4
-1
3
3
-2
6
12
11
10
4
5
3
4
4
1
4
8
4
2
2
1
0
1
4
6
5
7
6
4
9
7
4
5
7
7
5
5
7
8
8
9
4
0
1
6
2
-1
-2
-2
-8
-12
-10
-12
-7
-10
-15
-14
-7
-2
-6
-4
-4
-6
-4
-2
0
5
6
-1
-6
-4
-3
-2
-3
-8
-10
-12
-6
-3
-5
-1
1
-2
0
2
1
1
2
-3
-1
-1
-3
-2
0
1
2
4
9
8
6
9
6
4
4
3
6
7
3
3
-1
-2
-4
-5
0
1
-1
-1
0
-1
0
5
8
3
1
2
4
5
8
7
8
7
3
0
-3
-5
-2
-1
3
7
3
2
-1
-5
-9
-6
-2
4
4
0
0
-5
-3
3
8
7
3
3
-1
-2
4
2
2
3
5
6
2
2
3
3
2
1
2
4
3
2
0
-3
-1
2
1
-1
-1
-2
-2
-3
-4
-8
-8
-15
-13
-7
-4
-4
-1
-1
-6
-6
-7
-9
-7
-4
-1
-2
-5
-1
-2
-3
-1
3
8
5
-1
-4
-4
1
-4
-5
-4
-4
2
0
-1
1
4
7
5
5
2
0
5
7
5
6
2
-6
-6
-2
2
-4
-8
-10
-15
-20
-15
-8
-4
9
17
19
20
23
20
17
21
15
9
5
4
2
0
-6
-6
-1
2
3
-1
-4
-7
-8
-7
-5
-8
-13
-8
-6
-7
-2
3
5
9
10
7
3
-2
-3
-2
3
6
3
8
5
-1
-3
-10
-10
-12
-17
-17
-19
-17
-19
-19
-12
-10
-11
-9
-3
0
6
6
5
9
13
20
20
19
14
10
12
15
14
8
6
11
11
11
10
0
-5
-3
0
3
2
6
3
2
2
-2
-5
-7
-4
0
9
9
12
9
3
-3
-7
-5
-3
1
0
-4
-4
-2
-3
-3
-5
-4
-2
-7
-8
-6
-5
2
0
1
9
5
3
3
-1
0
4
3
0
2
3
2
0
-5
-3
-5
-1
3
-1
-1
-1
-2
-4
-5
-8
-14
-15
-15
-9
-4
-4
2
2
4
12
15
18
11
6
3
-4
-7
-2
1
-3
-5
-3
-1
6
7
-1
2
5
6
7
2
-1
-5
-5
-7
-8
-5
-5
-5
-6
-4
-4
-3
1
1
2
0
-7
-10
-7
-10
-8
-6
-3
7
5
2
2
5
6
6
6
2
0
-5
-7
-7
-11
-8
-8
-3
3
7
5
-4
-3
-4
-10
-9
-10
-8
-5
-4
1
0
1
2
6
13
18
19
16
14
8
6
-1
-4
-1
2
6
5
3
3
3
2
0
-5
-5
-8
-10
-6
-1
0
5
6
2
3
6
11
7
6
4
-4
-7
-6
-5
-1
5
5
7
13
12
11
14
10
6
3
-1
-3
-6
-9
-7
-5
-7
-3
1
-1
-3
-10
-15
-16
-16
-13
-14
-7
-4
-5
-2
-1
2
7
7
9
7
1
1
3
5
4
7
7
9
10
7
4
3
2
5
9
9
0
-7
-10
-11
-5
-3
-1
3
4
0
-2
0
8
11
3
-2
-4
-7
-5
-2
-4
3
2
-1
2
-3
-4
-3
-6
-4
-2
-5
-5
-5
-4
1
3
9
9
7
2
-7
-8
-8
-9
-14
-11
-5
-4
-2
-1
-1
3
8
5
-3
-4
-5
-4
-5
-3
-7
-10
-5
-4
-7
-4
6
9
8
2
-1
3
5
2
4
3
-5
-5
-8
-8
-4
0
5
6
9
8
5
4
6
8
12
7
4
2
-2
3
5
5
3
4
8
4
-8
-16
-14
-4
2
-3
-6
-10
-15
-11
-9
1
5
1
1
4
11
8
-2
-3
6
10
12
7
5
4
-2
0
8
8
9
8
8
-3
-11
-5
-4
7
4
-4
-1
-7
-5
-5
-5
1
2
-3
-2
-2
-6
-11
-9
0
4
4
5
0
0
1
-3
3
8
6
6
2
-4
-9
-10
-8
-7
4
2
-2
-2
-13
-8
0
-1
-2
-3
-4
-7
-8
-3
0
4
3
3
4
5
9
10
3
-5
-3
6
11
9
1
-4
-8
-4
-5
-3
3
2
3
2
1
2
0
-4
1
9
15
11
-6
-5
-2
1
2
-3
3
6
8
8
5
8
2
2
-2
-10
-6
-3
0
1
-1
1
-3
-8
-9
-3
-1
-1
-4
-11
-7
-1
4
4
4
2
-6
-6
3
0
1
7
2
-9
-10
-6
5
14
2
-17
-8
11
11
2
-4
-3
-5
-5
4
7
8
-1
-9
-2
8
10
-5
-9
0
6
5
2
1
1
3
-5
-6
-3
-11
-8
-3
2
-2
-10
-10
-15
-24
-22
-5
8
11
5
-3
-4
-6
-8
-7
10
18
9
2
-4
-8
-10
-3
9
17
19
8
-1
2
-4
0
8
6
-2
-4
-6
-12
-9
-4
-4
-3
6
5
11
18
15
13
12
8
2
2
5
13
13
9
7
6
9
4
-1
-12
-10
5
6
1
-7
-13
-16
-8
1
-1
-4
-4
-9
-10
-9
-3
-3
-17
-6
-3
2
13
1
-6
2
8
4
-3
1
2
-6
-5
-4
2
12
6
-9
-12
-12
-14
-13
-6
-5
-10
-4
0
6
14
12
6
0
-1
-3
0
3
4
12
9
3
-4
-1
14
16
17
11
-14
-15
-4
-5
2
11
9
10
14
13
0
4
1
-4
3
5
-3
-15
-13
-17
-7
8
3
3
-5
-8
1
-1
-2
-4
1
3
-2
-5
1
4
1
2
-4
-2
10
-3
-17
-9
-9
-9
-6
-5
-3
4
6
1
0
3
-1
-2
2
2
-3
-6
-10
-1
12
18
18
9
7
14
9
6
5
1
6
8
11
12
9
13
9
6
6
6
8
9
6
-3
1
-5
-21
-15
-13
-1
4
-2
-7
-10
-7
-10
-5
6
11
10
-2
-14
-12
-10
-10
-6
-2
-8
-6
0
-9
-2
4
2
10
13
12
10
7
-7
-12
-8
-4
-4
-8
-4
-1
-2
-4
-5
-4
5
-5
-3
-5
-18
-8
-11
-17
-7
-4
6
13
9
0
-1
4
12
26
26
13
6
2
-6
6
16
8
-3
-7
-8
-15
0
7
6
11
1
-12
-18
-18
-6
-4
-2
0
-17
-16
-10
-7
8
-1
-8
-5
-4
4
6
12
10
-2
0
-3
0
11
4
9
13
1
-5
-10
-4
6
3
0
-9
-2
11
4
-4
-4
1
3
6
7
3
6
1
-7
0
5
6
5
0
2
6
-1
-6
-7
-8
-4
-7
-4
9
11
16
9
0
-5
-5
3
3
5
4
-6
-8
-5
-6
-4
0
0
-6
-9
-16
-19
-14
-5
1
2
2
-6
-3
8
12
11
-2
-2
0
6
6
5
7
7
10
15
15
16
15
10
0
-7
-3
-4
-10
-6
-3
-5
-8
-10
-5
1
1
1
5
9
11
11
3
1
-1
0
2
3
4
7
6
-3
-2
-7
-5
4
4
2
0
0
2
0
2
4
2
3
-8
-17
-13
-6
0
4
13
11
4
-5
-10
-10
1
-8
-28
-21
-21
-23
-26
-15
0
3
-1
-4
-1
-3
-8
-7
-13
-14
-15
-8
-5
-9
-5
-3
11
24
15
9
6
14
14
-3
5
18
3
-4
-3
-3
3
6
8
-1
-1
8
-1
-4
4
6
5
0
5
1
-3
-2
-7
-4
0
5
-1
-4
11
18
17
14
9
5
0
-6
-4
-2
-3
-3
-5
-5
3
10
13
15
11
3
0
-3
-1
-6
-5
2
2
2
6
10
6
2
1
5
11
10
6
3
0
-4
1
5
-3
-5
4
4
0
4
5
2
2
1
1
8
11
8
2
-4
-14
-18
-17
-20
-15
-8
-9
-7
4
-1
-6
-1
-3
-1
12
15
0
-3
3
-4
-6
2
2
-11
-8
1
6
14
15
7
0
-7
-5
-10
-17
-12
-15
-18
-13
-1
3
1
2
-2
-3
-9
-5
-9
-8
3
-5
-4
-4
-7
-2
-1
11
18
11
9
4
-5
-5
-2
7
3
-5
-1
3
4
11
12
9
9
5
5
-1
-1
2
-4
-2
3
5
5
7
1
-9
-9
-10
-6
-4
-7
-5
-9
-12
-6
-5
-4
0
-3
0
-3
-6
-7
-8
-2
0
4
-4
-6
-2
-2
5
7
1
-7
-11
-13
-9
2
-1
-5
3
4
0
3
2
0
3
2
-3
3
5
1
8
14
20
16
10
10
7
8
9
7
5
0
-1
0
10
9
2
11
15
18
13
8
9
4
-3
-8
-8
-9
-5
-3
-12
-11
-6
-5
-10
-9
-3
-2
-2
-3
-3
-2
-1
-7
-15
-13
-8
-6
-1
5
14
9
-4
-5
-4
1
7
6
-5
-6
-11
-13
0
12
15
6
-5
-7
-10
-3
2
-1
-7
-12
-9
-5
-2
-2
4
1
-6
-9
-9
4
12
20
17
9
13
15
17
16
14
6
6
5
-1
-12
-12
-1
8
11
6
-4
-15
-11
-3
-1
1
-3
-6
-13
-9
-2
1
4
1
-1
-4
7
11
12
11
4
0
-5
-8
-2
1
4
3
2
-3
-10
-7
-4
1
4
-7
-14
-10
-9
-6
2
7
3
-2
-3
-6
-6
-4
-5
-5
-5
1
2
-1
-3
-2
-5
-6
-3
-1
6
11
15
11
8
5
1
1
-2
-3
-4
-5
-3
-2
2
2
-3
-7
-13
-14
-5
-2
-6
-7
-10
-13
-10
-5
4
9
5
1
-3
4
11
9
7
6
9
7
5
7
11
9
11
6
-3
1
-2
-6
-4
-5
-3
-7
-4
-3
0
3
-1
4
0
-2
-2
-1
8
4
0
0
-6
-7
-4
1
6
8
2
-3
-3
-4
-4
-6
-2
1
1
2
3
8
5
5
3
-6
-2
2
3
2
5
5
-2
-6
-10
-11
-6
-4
-7
-10
-11
-11
-9
-2
2
1
-3
-11
-7
-10
-7
-3
-3
8
10
4
0
0
9
8
12
12
9
8
6
8
5
8
10
7
6
5
8
7
10
6
1
0
0
-1
-6
-7
-7
-11
-8
-4
-1
-4
-4
2
1
4
5
2
-3
-6
1
8
13
18
10
7
9
8
6
-3
-3
0
1
3
1
-2
-11
-11
1
0
3
5
-4
-8
-6
0
-1
0
0
-6
-7
-10
-7
-2
3
9
10
7
1
1
-2
-3
-1
4
5
6
3
1
-4
-4
-5
-7
-1
1
3
2
4
4
5
-2
-7
-7
-5
1
-2
-1
-1
1
4
-1
1
6
3
2
2
2
-3
-5
-7
-1
4
5
0
-7
-1
4
5
-2
-9
-9
-13
-8
-10
-5
-1
-5
5
3
2
7
8
6
6
6
1
0
-3
1
4
6
11
10
4
6
7
4
-1
-3
-5
-8
-2
0
-1
5
8
6
6
8
13
3
2
1
-4
-5
-5
-3
-3
1
0
-3
3
1
0
-1
-6
-5
-8
-9
-8
-10
-13
-15
-11
-1
-2
0
5
2
6
10
7
4
5
3
-1
2
4
-1
1
-2
-5
-5
3
7
-2
0
-3
-6
-6
-6
-5
-8
1
8
7
6
3
-3
-1
0
2
5
9
9
9
7
0
-2
0
3
4
0
-3
-7
-7
-3
1
7
8
1
0
5
4
1
3
5
2
1
-2
-6
-4
0
-6
0
4
1
0
-7
-3
-6
-15
-16
-16
-9
-4
-3
5
-1
-7
-1
-1
-4
-8
-5
-7
-6
-4
-7
-7
-2
-4
-8
-2
6
1
1
1
2
4
4
4
1
4
1
-3
5
13
11
11
9
8
7
10
12
12
10
1
2
-1
6
10
9
6
0
-1
3
9
9
6
-1
-4
0
-3
-10
-9
-10
-10
-10
-2
2
2
3
2
-1
-4
2
6
6
9
1
-3
-1
5
9
8
7
1
-4
0
0
0
1
4
4
5
8
6
6
-4
-10
-6
-8
-7
-9
-13
-19
-14
-11
-14
-10
-4
0
-3
0
2
-1
5
7
8
0
-12
-12
-14
-5
6
4
5
6
1
-3
-4
-2
-6
-1
5
-2
-4
-7
-9
-3
-4
0
-4
-6
-2
-8
-7
-6
-1
4
8
7
6
8
7
7
4
2
5
8
13
9
10
13
13
14
3
4
5
2
-2
-9
-9
-9
-14
-18
-16
-11
-8
-8
-9
-4
-1
-1
-6
-12
-12
-3
-3
-6
-6
-8
-5
0
5
11
13
18
20
16
10
6
9
6
4
1
1
2
1
-1
-1
-2
0
3
7
3
0
-1
-3
-1
2
7
1
-3
-4
-9
-8
-7
0
0
-3
-4
0
1
4
9
3
3
0
-4
-1
3
7
0
-1
-3
-4
-4
-2
0
-5
-4
1
3
2
2
5
4
-2
1
0
-1
4
-2
-3
-1
1
3
5
4
5
-1
-3
1
0
6
4
4
1
-3
5
4
4
5
-1
-9
-10
-9
-10
-4
0
-3
-4
-3
-1
-2
-1
-3
-3
-4
-4
0
1
0
-2
-4
-1
-4
-4
-1
1
4
2
2
4
5
5
6
8
8
6
9
5
7
11
6
7
5
3
0
0
6
5
3
3
4
3
5
2
-1
-1
-6
-8
-11
-15
-12
-12
-12
-10
-8
-4
-1
6
3
7
6
4
3
-1
1
5
5
3
0
-5
-3
1
-3
-5
0
5
5
8
6
0
1
1
-2
-6
-5
-5
-9
-10
-11
-6
-2
-2
-2
-3
-2
-3
-5
-5
-8
-6
-3
-7
-5
-7
-11
-10
-9
-8
-4
-1
-2
-3
-7
-11
-7
-6
-3
-1
-5
-6
-8
-1
5
9
12
14
13
8
8
11
12
10
7
6
2
1
-2
-5
0
3
3
7
2
-4
-5
0
-1
0
6
4
-1
-6
-7
-8
-6
-6
-10
-1
2
-2
-6
-4
-3
6
9
6
8
7
10
4
0
2
6
8
8
4
0
-1
-4
-5
-6
-5
1
-4
-5
-6
-7
-6
-7
-4
-1
3
4
0
-4
-2
5
10
8
8
2
-2
-1
-2
1
0
4
7
9
15
13
6
2
-3
1
3
5
7
7
6
3
2
1
1
6
12
17
16
17
18
8
1
0
-7
-4
0
4
2
-1
-2
-3
-5
-6
-5
-6
-8
-9
-8
-4
2
-2
-6
-6
-3
0
-4
-7
-9
-2
3
0
3
4
11
7
-1
4
2
5
3
-3
-1
-3
-6
-10
-15
-11
-8
-4
-2
7
7
1
-1
-9
-6
-4
-3
-7
-8
-9
-9
-2
-5
-8
-10
-11
-8
-8
-3
2
4
6
8
7
3
5
4
0
1
1
3
6
10
9
9
9
8
13
15
13
13
11
13
8
1
-1
-3
-3
-4
-5
-2
2
1
0
-2
-4
-6
-5
-5
-6
-8
-8
-7
-9
-3
-8
-1
8
9
12
5
4
-1
-6
-7
-9
-5
-5
2
3
0
7
8
8
8
9
9
8
5
-3
-7
-9
-11
-10
-8
-2
3
2
7
9
5
5
10
10
8
4
-4
-9
-8
-9
-2
7
17
19
11
8
7
7
2
-2
-2
-2
1
-3
-9
-7
3
8
5
4
2
2
-1
-6
-9
-5
-1
1
1
3
4
5
0
-6
-8
-6
-5
-4
-3
-2
-1
-9
-18
-15
-14
-7
-5
-11
-9
-7
-5
-9
-11
-9
-9
-9
-4
-3
-1
-4
-8
-7
-7
-5
0
4
0
2
1
-2
2
2
-2
-1
3
6
9
16
21
16
16
17
13
8
2
0
2
1
-1
0
0
4
3
0
3
5
2
-7
-4
0
1
-1
-4
0
2
2
1
-3
-5
-4
-3
-3
-1
5
11
9
5
5
1
4
4
1
1
1
-1
-4
-6
-10
-8
-5
-7
-6
-5
-4
-10
-15
-11
-11
-5
-2
-4
-2
0
0
1
2
-5
-8
-6
-10
-4
1
4
6
7
5
2
3
0
-4
-3
1
4
-2
-3
-1
-1
2
5
7
10
11
11
5
0
2
-4
-11
-8
-1
-3
-4
5
9
11
16
19
17
18
11
0
-6
-9
-6
-7
-1
-2
-8
-5
-5
-6
-4
-2
-1
-1
-4
-9
-12
-15
-16
-13
-9
-1
5
3
2
2
1
0
-4
-6
-3
-4
-2
-4
-6
-2
4
9
10
10
5
-2
-4
-2
2
1
6
11
10
6
0
-7
-10
-9
-4
-5
-1
1
0
2
0
4
6
3
4
-1
0
-1
2
4
3
4
0
-1
1
1
3
8
12
10
4
0
-8
-10
-5
-7
-7
0
6
1
-1
4
5
6
8
11
9
6
3
2
2
6
11
10
5
0
-1
-5
0
5
2
-2
-4
-7
-8
-4
0
-4
1
-1
-5
-8
-14
-12
-8
-2
0
0
4
6
6
7
9
13
16
15
10
11
11
10
9
8
2
-1
2
1
-2
4
1
-8
-12
-14
-14
-9
-7
-10
-13
-12
-6
-6
-1
-1
1
3
2
4
3
5
4
1
-1
-2
-2
3
1
-4
-6
-3
0
-2
1
0
-2
0
2
4
4
2
-3
-8
-8
-7
-6
-7
-5
3
8
9
8
6
1
0
0
-2
-1
-8
-9
-7
-7
-3
-8
-2
5
6
8
5
0
-3
-3
-9
-13
-16
-10
-6
-2
4
6
6
4
5
-1
-7
-5
-2
-1
-6
-3
-3
-4
5
5
3
9
14
14
13
8
2
-4
-6
-5
0
5
4
5
7
2
1
-4
-7
-8
-11
-16
-18
-9
-5
-4
-3
1
7
8
3
4
-1
-5
-6
-6
1
3
6
4
3
5
2
2
2
1
3
-2
-4
-3
-4
-4
-3
-2
1
6
11
15
16
10
2
1
2
4
4
6
4
3
2
2
7
6
7
1
-1
-2
-7
-5
-9
-11
-9
-7
-3
3
8
9
7
3
2
-4
-3
-5
-4
-3
-5
-8
-15
-10
-11
-8
-4
-5
-7
-6
-4
-2
0
-2
-1
-6
-3
1
1
5
2
4
2
-2
3
3
4
2
1
3
6
3
-2
1
4
2
3
5
2
-1
1
4
9
9
5
0
-7
3
0
-2
9
10
8
7
5
5
9
9
7
10
15
11
6
0
1
-3
-5
-5
-6
2
4
2
1
-1
-6
-7
-12
-14
-9
-3
-2
-5
-2
-4
-8
-12
-6
-8
-6
-1
-10
-15
-11
-8
-5
-6
-2
-1
4
3
2
6
7
7
9
7
9
11
12
10
11
13
14
11
6
2
0
-4
-7
-1
0
-4
0
3
6
9
12
9
-1
-2
-1
0
-5
-4
-11
-12
-10
-12
-9
-6
-3
-6
-3
3
0
2
1
-1
-4
-8
-10
-14
-11
-6
-5
-8
-10
-8
-9
-7
-5
-9
-8
-7
-7
-5
-2
-4
-7
-4
-1
1
-2
-5
-4
-1
3
4
3
7
4
5
8
9
8
8
1
-6
-6
-10
-5
5
10
16
17
13
6
2
4
4
6
7
6
3
0
-4
-6
-6
7
14
19
26
26
20
10
4
0
-6
-3
-4
-9
-9
-7
1
-4
-7
0
3
1
1
4
-2
-5
-8
-10
-4
5
7
11
13
10
6
3
5
4
2
4
2
-3
-10
-14
-14
-10
-9
-8
1
4
-5
1
2
-4
1
-1
1
-1
4
3
-3
-3
-8
-4
-5
-7
-2
-6
-8
-5
-9
-3
7
5
5
13
17
13
4
-9
-11
-8
-9
-5
-7
-2
-1
-1
-4
-5
1
1
-2
0
0
-5
-3
-5
-9
-4
-1
2
-3
-2
2
3
1
-4
3
2
4
13
11
6
-1
-7
-10
-11
-4
2
4
6
4
-1
3
10
4
0
4
6
3
2
1
-6
-6
0
5
5
7
10
6
6
6
6
3
4
3
6
3
2
3
-5
-1
1
2
4
3
1
-3
4
5
1
-4
-7
-8
-3
-2
-6
-5
3
9
2
-3
-1
-2
-4
-8
-8
-4
-4
-4
-10
-10
-8
-7
-7
-3
-3
-4
-5
-8
-5
-4
-4
-6
-4
-4
-3
-1
-6
-6
-1
6
3
-1
2
8
2
0
1
-4
2
5
2
-2
5
11
3
7
9
10
13
10
6
4
14
11
5
-2
-2
0
-3
3
8
12
11
9
7
0
-5
-9
-8
-6
5
7
4
3
-1
2
9
9
8
7
5
3
-3
-6
-6
-5
-2
0
8
7
0
-9
-17
-12
-8
0
6
4
-2
-10
-13
-11
-3
4
0
0
3
0
-5
-6
-9
-5
2
5
3
-2
-4
-2
-2
-5
-1
6
1
0
-1
-5
-4
-6
-10
-7
-1
-1
-3
-3
-6
-8
-3
-4
-4
1
1
2
5
7
5
3
-4
-12
-9
-1
-1
-1
2
-4
-8
-5
-3
-2
0
5
6
8
3
-1
-9
-9
2
-1
0
8
7
2
2
4
-2
5
15
12
7
-1
-5
-13
-8
-1
-3
-2
2
14
11
3
0
-6
-2
5
11
11
10
9
2
0
5
13
7
-3
-3
-7
-7
-5
-3
-10
-8
2
1
7
4
-4
0
2
5
1
6
12
9
2
-4
-5
2
6
-4
-6
-4
5
15
15
12
-3
-6
-2
1
6
6
3
-5
4
12
7
1
-7
-12
-5
-5
-8
-11
-16
-11
-15
-5
6
0
1
-11
-13
-10
-9
-2
-11
-12
-9
-7
-5
-1
3
-3
-5
-1
1
8
11
4
2
-1
-2
0
-4
0
6
12
8
0
-1
-4
-1
4
0
-2
1
2
3
1
4
1
3
10
9
4
-5
1
1
3
3
-6
-2
-4
-1
4
4
0
-9
-13
-6
0
6
-4
-14
-8
-13
-19
-10
2
5
-3
-1
-6
-9
2
-4
-6
-4
1
-2
-9
-8
4
3
4
11
10
7
10
7
0
-2
4
1
4
5
-3
2
2
0
1
5
4
7
5
0
1
-1
-8
-9
-3
-8
-9
-6
-7
-11
-6
2
1
3
5
2
4
0
-2
4
8
2
-1
1
0
-3
2
12
16
15
9
0
-1
0
-6
-3
-4
6
11
5
4
-1
-3
-3
1
7
4
2
-1
-7
-6
-3
-4
-7
-13
-9
1
9
12
5
0
-1
-6
-6
-4
3
10
3
5
1
5
7
7
9
4
6
2
-2
-1
-2
-5
-5
3
6
16
25
23
13
12
10
5
-1
-8
-6
3
13
5
-7
-14
-12
-2
7
12
15
13
6
4
-3
-8
-9
-2
3
-4
-1
7
2
0
0
-2
1
2
-5
-8
-12
-13
-14
-15
-1
3
-4
-10
-11
-7
-7
-5
-6
-3
3
7
4
-1
0
1
4
8
13
13
8
5
0
-3
1
2
0
-4
-6
0
-1
-2
-2
1
2
-1
-3
-6
-3
9
14
9
4
5
9
5
5
6
9
7
-2
-2
-3
-1
-4
-7
-9
1
7
1
-4
-5
3
6
1
2
0
-3
-10
-13
-7
-1
-2
-10
-13
-11
-9
-2
-1
-5
-4
0
1
-2
1
8
2
-3
-1
6
7
6
2
-4
-3
4
6
0
-1
2
-4
-10
-7
-8
-7
-6
-6
-6
-4
0
0
-3
-5
-4
1
-3
-4
-2
-1
-2
-5
-6
-3
3
3
1
5
5
3
-1
-4
-4
-8
-9
-1
6
8
5
7
5
2
11
9
9
4
2
0
3
3
-3
-5
-7
-7
-6
-2
2
0
-6
-7
1
3
5
3
1
-2
-7
-4
0
-1
-1
1
-5
-2
0
-7
-6
-3
1
1
1
1
-5
-5
-3
0
1
-2
-5
-12
-7
1
5
6
4
12
11
6
10
13
14
9
6
1
-5
-2
-2
-8
-9
-6
-5
-7
-4
-1
2
3
5
10
3
-1
-6
-6
-2
1
0
-2
-3
-7
-6
-5
0
4
2
3
2
1
2
3
2
0
1
2
1
5
6
-3
-10
-14
-14
-8
-2
-3
-5
-4
-3
-4
-5
-13
-15
-10
-5
-1
-6
-7
-4
4
8
5
6
7
6
3
5
4
1
6
1
3
9
9
5
1
1
-3
-6
-3
2
3
-5
-7
-5
-6
-6
-6
1
1
6
7
7
12
7
3
3
7
11
6
2
1
0
1
-3
3
4
1
6
6
5
7
5
0
0
6
5
5
6
4
1
-3
2
5
10
14
13
10
6
7
7
-1
-4
-4
-2
-1
-2
-3
-1
-1
-7
-9
-4
3
5
4
4
-3
-4
2
0
2
7
1
-2
0
-1
2
-2
-7
-6
-9
-5
-5
-6
-13
-7
1
-4
-1
1
3
7
11
7
-2
-4
0
-2
-1
6
5
-2
-7
-7
-2
0
-2
-1
0
0
-4
-5
-1
-1
1
3
-1
-1
1
0
-5
-4
0
0
3
2
-1
0
-1
-5
-3
-2
-6
-6
-5
3
5
2
0
-2
0
5
5
2
5
5
5
-3
-7
-8
-6
2
4
1
-6
-13
-8
-5
1
-1
-7
-4
-3
1
-1
-6
-8
-2
13
18
12
-2
-9
-6
9
17
10
2
-1
-1
-4
-15
-15
-15
-7
2
12
4
-8
1
4
7
2
-4
-7
-5
10
6
-3
-9
-7
4
16
16
4
-1
2
6
13
7
-5
-8
-8
0
4
0
-11
-14
0
10
12
7
1
1
0
1
-3
-1
6
9
12
8
7
2
-1
1
-1
0
-3
-2
-5
-9
-7
-6
-1
8
14
8
4
2
-5
-3
1
0
2
1
-3
-2
-4
-8
-16
-17
-9
-11
-7
-9
-12
-10
-8
-6
-11
-7
-11
-17
-8
-1
8
11
10
8
5
7
7
3
4
3
-3
-5
-2
-6
-2
7
15
18
14
12
6
-2
-3
-3
-8
-13
-8
-5
-4
-5
-7
-9
-5
0
-6
-5
-1
-1
0
-8
-2
4
8
15
12
12
5
2
7
11
10
8
12
13
11
7
-3
-5
0
3
0
4
14
9
6
12
7
4
0
-8
-14
-12
2
4
7
10
6
3
-9
-6
-1
1
8
2
-2
-9
-15
-15
-11
-3
-1
3
6
1
1
1
-3
-4
-2
-3
0
1
-6
-15
-12
-10
-9
-6
-5
-5
-1
3
1
-2
-1
-2
-1
3
3
-2
-6
-12
-14
-8
-15
-23
-17
-10
-4
-6
-10
-7
-4
2
5
-1
-6
-12
-13
-11
-1
9
2
-2
4
9
8
11
14
11
11
12
9
3
-3
1
4
6
8
2
-4
-1
11
11
4
8
7
2
8
10
7
7
7
6
7
12
9
4
1
0
7
5
-6
-3
3
7
12
9
5
1
-1
-2
-7
2
7
3
3
1
5
4
2
-3
-5
4
9
6
3
0
-4
-6
0
2
1
5
-1
-1
0
0
-3
-7
-10
-13
-9
-12
-17
-10
-7
-4
-5
-8
-4
2
10
7
2
-4
-11
-6
0
2
0
0
3
5
9
9
11
10
3
4
6
1
-7
-7
-5
-4
-3
-2
-2
-3
-8
-10
-6
-3
-2
-7
-8
-8
-5
-3
-1
3
7
5
2
6
6
9
14
16
12
6
2
0
1
3
1
2
2
-3
-2
5
4
2
0
-6
-10
-9
-8
-7
-9
-11
-14
-11
-4
-4
-1
0
0
2
5
5
5
6
4
3
1
5
9
7
7
1
-6
-7
-3
-3
-2
-2
-3
-4
0
3
3
0
0
0
5
7
-1
-4
-7
-1
1
-5
-4
0
0
8
11
9
8
11
12
8
8
3
2
2
-6
-4
-4
-7
1
-2
-2
1
-1
-2
0
5
5
5
0
-4
-2
-6
-4
1
0
-5
-6
-9
-10
-11
-11
-3
2
2
0
-2
-1
4
3
0
1
3
3
3
4
2
5
15
16
9
3
0
-2
-1
2
4
-2
-2
1
5
4
0
-2
-5
0
4
2
-2
-6
-7
-2
1
-1
-4
-2
-3
-8
-14
-14
-10
-8
-2
0
-12
-14
-12
-9
-5
-3
0
-3
-4
-4
-5
-3
-3
0
-2
2
3
2
3
4
4
4
4
3
-4
-4
3
-2
-2
0
-1
3
6
6
6
10
9
11
9
4
1
7
7
0
0
-5
-5
3
1
2
3
4
6
5
5
2
-4
-1
4
1
-2
-3
-2
0
0
2
8
12
9
6
-3
-1
3
5
8
3
-1
-6
-7
-9
-8
-4
-2
-2
-2
-1
-4
-4
-2
0
-1
-4
-9
-12
-8
-4
1
2
-1
-2
-6
-4
-3
-4
-5
0
9
12
10
2
-6
-3
0
3
4
6
10
9
13
12
12
8
5
7
8
7
7
4
-3
-5
0
5
8
4
1
1
-4
-9
-7
-5
-3
-3
-5
-7
-4
-3
-3
-3
1
-1
-2
4
3
-3
-5
-4
-3
1
0
0
1
0
-2
-4
-5
-6
-9
-6
0
2
3
-2
-4
-3
-6
-5
-2
-2
-2
-3
-2
-3
-1
-3
-3
3
8
6
5
-1
0
0
-5
-5
-7
-6
-6
-3
-3
0
0
-1
2
-1
-5
-3
-5
-3
2
-1
-3
-3
0
-2
-4
-4
-1
5
14
13
12
9
3
1
0
0
8
16
11
6
5
3
6
5
3
5
4
1
3
3
-1
-4
-10
-11
-6
-2
0
-6
-12
-12
-10
-4
-4
-8
-4
-3
-9
-12
-8
-3
-3
-2
0
1
-2
-2
0
0
8
9
4
3
3
5
0
1
-1
-1
2
4
6
4
6
7
3
9
9
4
4
2
5
5
4
3
-1
0
1
-1
1
1
-5
-5
-4
-3
1
0
-3
-9
-9
-2
-2
0
-1
-2
2
5
1
-4
-9
-8
-3
1
2
2
4
-1
-9
-7
-10
-6
-1
-3
-4
-6
-4
-8
-9
-2
-2
-4
-8
-5
-5
-8
-5
-4
-1
-2
0
1
-2
-2
-3
-5
-2
2
-2
-6
-3
-2
3
8
7
6
9
14
10
7
4
-1
-2
-1
-2
-1
0
-3
-2
-6
-6
-1
-5
-7
-6
-6
-5
-4
-3
-1
0
2
6
8
6
5
3
3
1
-4
1
5
8
10
13
16
16
17
14
3
-2
-2
-1
-1
-6
-8
-9
-7
-6
-10
-8
-2
7
6
0
3
-4
-7
-9
-6
-2
-1
2
3
3
4
3
-2
-4
-5
-1
2
-7
-2
6
11
11
7
6
9
12
10
8
5
9
8
5
6
6
9
4
2
-2
-1
8
6
6
2
-10
-14
-9
0
0
0
-3
-6
-6
-6
-1
1
5
7
6
11
11
4
2
6
13
16
16
13
9
4
-2
-7
-8
-2
3
1
-3
-8
-12
-13
-15
-11
-11
-8
-5
-5
-5
-5
-6
-5
-1
3
0
-2
2
0
1
-1
-6
-2
-1
-1
0
0
1
1
0
-2
2
4
0
-4
-5
-7
-6
-5
-4
2
5
2
-1
2
6
13
13
10
12
12
10
9
8
11
7
4
5
8
8
5
3
4
7
4
1
1
-1
3
-2
-6
-6
-4
-5
-7
-7
-9
-1
0
-2
-2
-4
-4
-4
-6
-6
-7
-3
-5
-11
-8
-4
-1
-3
-2
-1
-3
-5
-4
-5
-9
-12
-12
-11
-10
-8
-1
8
12
14
15
14
11
6
4
-2
-3
-6
-9
-7
-5
-1
5
11
11
10
9
8
0
-8
-13
-20
-19
-12
-5
3
5
5
2
4
6
6
7
5
-2
-9
-17
-24
-21
-6
16
31
34
35
25
10
2
0
1
7
8
-2
-8
-11
-18
-18
-21
-15
3
18
19
19
12
-2
-10
-16
-14
-4
8
12
10
3
-12
-21
-23
-22
-10
2
13
13
8
7
4
6
2
1
8
15
22
8
-11
-23
-26
-25
-19
-1
15
27
28
15
-1
-15
-25
-28
-34
-23
-7
1
6
7
3
4
14
22
33
39
27
10
-14
-29
-35
-40
-28
-10
10
24
28
19
3
-5
-13
-12
-10
-2
1
1
-4
-18
-16
-14
-2
17
30
33
27
18
3
-13
-21
-18
-11
-11
-13
-6
7
20
18
11
4
-8
-18
-20
-12
-2
-1
1
3
-6
-17
-22
-22
-16
1
22
23
19
10
-3
-10
-12
-2
9
22
29
22
12
-3
-12
-10
-10
1
18
25
22
17
7
-14
-28
-33
-32
-20
-9
8
21
28
25
1
-13
-19
-21
-18
-6
12
18
10
-11
-35
-43
-29
-9
18
40
47
37
16
-5
-28
-40
-36
-20
-2
14
20
6
-8
-17
-14
-2
4
13
25
28
24
7
-12
-27
-28
-20
-9
15
39
45
34
11
-21
-48
-50
-36
-8
16
30
36
23
2
-30
-44
-30
-2
20
17
11
-5
-31
-52
-61
-46
-7
39
69
68
40
8
-18
-21
-2
16
31
32
35
22
-1
-12
-23
-12
9
32
50
47
31
0
-26
-36
-37
-26
-15
-10
-9
-11
-5
7
11
4
-13
-22
-19
-6
8
21
21
6
-7
-30
-40
-21
7
32
47
53
52
26
-11
-36
-45
-44
-33
-15
-3
5
-3
-20
-23
-8
17
39
57
59
35
-2
-42
-76
-77
-68
-54
-20
9
29
41
43
28
18
14
17
23
21
21
27
35
32
15
4
3
2
8
18
26
31
22
-3
-38
-72
-90
-81
-51
-12
33
57
63
48
15
-12
-23
-14
8
25
28
30
5
-20
-20
-12
8
24
33
27
7
-23
-48
-56
-63
-61
-63
-61
-41
-18
17
47
53
50
23
-18
-56
-76
-68
-32
17
47
62
55
25
0
-2
23
67
104
101
58
-1
-65
-108
-105
-78
-32
13
40
53
26
-20
-46
-54
-41
-19
-3
5
21
26
14
24
42
65
86
82
70
54
39
30
19
-6
-31
-42
-44
-32
-8
-4
-1
-17
-39
-38
-43
-48
-37
-33
-37
-30
-9
-11
-17
-13
-6
14
33
35
10
-30
-41
-11
7
44
49
5
-39
-37
-49
-53
-51
-28
-15
9
0
-47
-71
-65
-29
17
51
91
81
38
4
-27
-35
1
53
71
79
72
56
29
15
21
54
90
103
91
44
-2
-10
-8
-7
20
53
49
29
-16
-68
-86
-74
-39
-5
-1
-5
-25
-60
-90
-83
-49
-5
41
52
25
-9
-23
-27
-30
-37
-35
-33
-22
-21
-33
-56
-72
-79
-74
-61
-32
7
36
57
61
49
18
-6
-30
-24
40
98
126
121
73
12
-20
-21
-10
30
79
112
71
16
-41
-66
-62
-17
47
67
63
38
-40
-103
-109
-79
-39
10
34
19
-23
-42
-41
-20
23
64
63
22
-10
-26
-27
22
86
108
91
41
-22
-62
-51
2
54
87
60
0
-80
-136
-123
-87
-23
51
70
-13
-126
-190
-196
-154
-85
-4
17
-30
-87
-157
-184
-131
-32
65
139
161
114
56
26
38
69
147
231
277
252
202
155
137
151
181
179
140
77
19
-18
-32
-29
-15
20
0
-74
-137
-167
-147
-91
-69
-61
-117
-227
-306
-305
-238
-144
-57
-34
-64
-112
-173
-176
-86
21
97
85
21
-26
-54
-49
11
146
233
267
190
81
-7
-1
33
61
25
-21
-34
-46
-123
-189
-158
-73
-21
-68
-169
-196
-168
-156
-180
-162
-55
39
105
183
201
240
320
392
423
441
550
646
643
589
368
-24
-69
258
415
439
532
408
4
-524
-964
-968
-458
-62
-12
-237
-701
-1087
-1225
-1099
-587
-7
345
421
75
-528
-679
-266
232
737
975
911
729
366
22
179
593
936
1085
759
184
-266
-584
-611
-257
17
-1
-116
-450
-928
-1171
-1097
-634
-105
-38
-250
-428
-697
-806
-584
-204
120
352
345
231
82
-112
-4
338
630
794
781
590
516
442
244
389
746
825
785
699
448
75
-368
-249
241
353
152
140
-70
-585
-967
-1181
-859
3
221
-300
-720
-1053
-1260
-1066
-547
135
613
662
416
-134
-656
-349
526
1053
1239
1063
586
164
-100
-190
238
863
1133
980
328
-318
-544
-788
-677
-26
135
-208
-428
-723
-1178
-1296
-888
-394
106
105
-316
-567
-730
-662
-327
39
609
691
364
203
-27
-121
284
880
995
738
577
289
18
58
104
416
691
790
672
364
274
137
-575
-588
133
374
39
152
87
-540
-1026
-1359
-1180
-146
451
201
-285
-829
-1201
-1275
-996
-209
597
666
462
6
-817
-831
183
946
1315
1241
835
511
64
-380
30
807
1074
1047
429
-409
-607
-679
-721
-311
159
47
-320
-676
-1049
-1286
-1131
-514
180
-56
-276
-151
-494
-573
-259
130
612
877
721
172
-132
-27
76
467
786
886
625
201
174
90
54
462
704
648
381
314
399
291
386
-59
-755
-307
330
126
-33
292
194
-475
-1072
-1345
-522
503
495
86
-434
-1218
-1400
-1137
-571
294
715
603
323
-432
-1112
-390
679
1168
1386
952
429
225
-241
-304
573
1155
1149
864
-15
-642
-621
-719
-307
204
-232
-409
-450
-1052
-1411
-1056
-787
-184
453
-185
-757
-347
-202
-388
-162
524
902
491
223
107
-350
-207
567
622
270
457
290
-221
89
308
23
316
764
358
-146
145
670
570
557
581
-553
-1033
12
608
339
644
826
103
-900
-1633
-1475
-26
921
641
-93
-1094
-1627
-1482
-1236
-360
749
874
466
-198
-1201
-1239
-114
975
1696
1560
832
605
298
-300
61
853
1199
1365
695
-445
-777
-990
-1030
-152
266
-221
-300
-526
-1166
-1435
-1389
-715
290
376
-385
-735
-588
-421
-133
143
705
1065
538
259
89
-419
76
922
851
484
331
134
-59
133
64
45
549
648
278
-119
-7
427
623
672
950
291
-1025
-672
456
405
170
794
734
-207
-1165
-2033
-1406
553
1191
331
-468
-1165
-1599
-1734
-1230
110
962
746
517
-315
-1629
-1216
342
1341
1834
1529
779
529
15
-609
150
1290
1618
1452
231
-940
-1069
-1225
-944
297
624
-83
-503
-1035
-1681
-1729
-1271
-250
800
197
-874
-992
-757
-358
160
595
1149
1117
452
74
-126
-157
603
1276
889
433
39
-390
-84
348
108
280
764
432
-197
-287
30
455
912
1055
960
221
-1190
-1037
202
563
693
1213
906
-158
-1495
-2662
-1848
676
1715
784
-205
-1237
-2198
-2473
-1727
106
1360
1269
765
-503
-2085
-1716
133
1443
2212
1744
569
239
-231
-964
-133
1417
1937
1611
280
-1051
-1266
-1335
-1007
285
557
34
-258
-1289
-1885
-1578
-1270
-147
1030
480
-727
-917
-675
-601
410
1106
1327
1391
344
-48
-52
62
968
1137
782
428
-370
-736
-400
303
204
91
455
-28
-625
-634
-208
540
728
1097
1220
632
399
-755
-1283
223
1403
1195
1151
1051
-84
-1401
-1987
-1677
514
1969
1210
20
-1433
-2669
-2439
-1615
-217
1221
1143
327
-640
-2198
-2290
-172
1318
1903
1784
475
-208
-162
-746
-129
1464
1951
1776
888
-738
-1117
-815
-820
263
1088
266
-141
-716
-2084
-1939
-1186
-554
780
925
-573
-1414
-1086
-815
-318
863
1589
1447
179
-669
-303
-256
711
1864
1047
245
-43
-916
-1032
126
712
313
578
323
-846
-1081
-461
436
964
1114
1466
979
384
298
-1050
-1280
802
2182
1377
949
740
-563
-1849
-2388
-1544
1252
2512
1213
-473
-2306
-3290
-2372
-1136
343
1699
1156
-218
-1250
-2554
-2137
440
1971
2246
1551
189
-129
-26
-548
449
2174
2299
1743
552
-1266
-1354
-786
-694
489
1062
-7
-487
-1136
-2306
-2170
-1314
-256
1047
682
-1322
-1957
-1256
-870
-94
943
1837
1785
-70
-882
-515
-355
1016
2266
1447
243
-310
-1085
-1135
201
737
551
1030
487
-991
-1489
-442
663
822
1020
1395
982
423
799
-147
-1690
61
2230
1639
995
1009
-96
-1253
-1972
-2473
-500
2432
2203
129
-2003
-3571
-2992
-1981
-636
1460
1780
341
-677
-2142
-3039
-864
1686
2430
2370
895
-354
70
-317
-273
1656
2394
2181
1638
-539
-1598
-799
-918
-276
1216
480
-539
-782
-2028
-2494
-1772
-1360
177
1222
-541
-1624
-1197
-1090
-514
400
1054
1716
1238
-139
-440
-320
-266
1280
1896
743
276
-373
-934
-120
308
136
635
900
-47
-1014
-1135
-349
751
907
1041
1656
1256
880
1673
-255
-2411
51
2511
1807
1469
1212
-259
-1194
-2173
-3290
-447
3230
2638
-30
-2617
-4326
-3273
-2109
-389
2154
1794
-100
-795
-2785
-3824
-442
2360
2926
2914
589
-919
229
-270
-254
2186
2710
2510
2134
-794
-1902
-626
-1051
-175
1752
347
-591
-655
-2325
-2647
-1563
-1256
208
1425
-892
-2605
-1620
-1136
-616
413
1068
1704
255
-801
-45
-426
211
2341
1962
105
72
-395
-1431
312
1450
-26
392
1117
-406
-1493
-687
537
659
1130
1605
1197
474
887
1366
-1386
-2227
1338
2552
1204
1269
641
-1146
-1654
-2215
-2653
815
3535
1795
-1003
-3466
-4091
-2286
-1218
609
2286
967
-523
-978
-3130
-2954
1171
2712
2348
1950
-256
-736
433
-288
478
2504
2460
2223
1067
-1819
-1718
-330
-731
654
1615
-307
-700
-1012
-2665
-2234
-967
-311
1189
773
-2041
-2267
-916
-662
162
986
1195
1156
-419
-981
-84
189
1241
2352
871
-514
-270
-807
-839
815
769
-45
817
387
-1043
-1262
-143
622
776
1344
1608
1047
543
1530
369
-2644
-590
2636
2101
1315
1059
-459
-1356
-1872
-2898
-1190
2786
3040
413
-2494
-4466
-3202
-1630
-462
1707
1741
7
-668
-2381
-3761
-850
2352
2450
2287
635
-776
332
229
-294
1792
2742
2467
2180
-472
-2203
-873
-604
-273
1619
660
-643
-641
-1998
-2762
-1501
-728
24
1000
-1015
-2946
-1382
-293
-408
261
786
1077
-4
-427
422
167
709
1929
1098
-438
127
332
-781
405
1299
-452
-70
1020
-325
-1441
-279
749
271
956
1724
1159
598
1343
383
-2812
-1406
2284
2456
1374
1251
-95
-1402
-2110
-2750
-975
2930
3303
734
-2235
-4702
-3473
-1525
-628
1583
1999
2
-1059
-2425
-3711
-1081
2554
2795
2261
579
-909
26
-124
-474
2004
2891
2290
2163
-471
-2440
-929
-231
32
1781
967
-756
-902
-2157
-2880
-1241
-150
532
1125
-1426
-3024
-1218
-320
-136
757
957
777
-123
-715
-43
565
1098
1611
830
-489
71
253
-388
696
1155
-195
298
913
-351
-872
133
645
462
1041
1515
1376
973
1198
-791
-3058
-523
2616
2276
1449
932
-732
-1984
-2745
-3121
534
4042
2788
-150
-3084
-4725
-2438
-841
-21
1908
1698
-313
-1530
-3253
-3290
730
2823
2196
1765
-334
-874
572
-467
-237
2663
2749
1980
1445
-1689
-2427
-203
-276
387
1892
287
-647
-1263
-2832
-2346
-360
227
1055
705
-2744
-2757
-343
-400
217
1277
987
183
-959
-777
251
1142
1864
1382
-103
-718
229
-317
-465
1179
649
-408
441
55
-1197
-651
664
385
380
1450
1422
1020
1325
839
-2569
-2601
1221
2683
1950
1894
497
-1197
-2174
-3172
-1778
2756
3996
1585
-1629
-4735
-4336
-1642
-1133
591
2014
646
-654
-2343
-4096
-1401
2745
2326
1683
706
-1185
-125
266
-1117
1276
3187
2332
2268
198
-2432
-848
298
-81
1623
1457
-210
-268
-2030
-3084
-1142
201
660
1863
-869
-3798
-1281
-106
-819
627
1516
802
-419
-931
-676
-18
1572
1978
778
-642
-215
51
-857
698
1481
-310
322
1041
-837
-1377
483
716
125
1409
1664
1072
1435
1536
-1029
-2976
-257
2475
2355
1825
898
-753
-2297
-3248
-2970
838
4109
2870
-507
-3933
-5173
-2375
-751
195
1932
1406
-333
-1790
-3597
-2648
1426
2710
1562
941
-738
-526
757
-365
197
2739
2399
1956
1084
-1852
-1679
441
169
677
1473
103
-232
-1168
-2712
-1498
169
94
1165
-65
-3259
-2102
48
-388
116
1218
481
-287
-418
-756
9
1277
1612
834
-633
-457
420
-324
64
939
-138
-234
993
-62
-1520
304
1154
669
1207
1446
934
1208
1616
-890
-2996
-215
2252
2073
1514
790
-457
-1448
-2675
-3124
783
4082
2581
-539
-4154
-5096
-1993
-551
70
1590
1225
-414
-1607
-3887
-2685
2287
3077
1411
729
-1484
-755
1176
-371
326
3157
2492
1850
967
-2247
-1293
1486
612
590
1153
-612
-912
-1460
-2928
-1173
605
-107
335
-902
-3714
-1343
928
-66
570
936
-435
-909
-507
-327
735
2207
1530
40
-1031
-941
632
725
1073
1699
-96
-367
396
-431
-691
915
1300
199
868
1415
618
1664
1632
-1907
-2351
463
1708
1583
1098
-282
-786
-1529
-3639
-2260
2475
3326
1450
-1448
-4691
-3770
-908
-835
601
1518
114
-472
-1990
-3629
-240
3328
2317
1660
256
-1405
421
589
-929
1718
3042
1648
1684
-565
-2814
-216
1287
392
1346
931
-690
-1055
-2512
-2613
127
876
314
273
-3026
-3843
-528
20
127
1453
959
-559
-1005
-912
-502
1533
2444
853
-284
-1063
-381
80
90
1817
1201
-207
553
52
-940
47
1508
719
517
1539
1019
866
1423
91
-2441
-1459
1357
1987
1274
654
-706
-1217
-1994
-3110
-979
3002
2816
-76
-2814
-4498
-2355
123
-222
904
1354
18
-883
-2506
-2634
1041
3165
1487
757
-346
-636
1029
463
-136
2604
3049
1876
1391
-1329
-2312
526
1026
392
1193
315
-964
-1753
-3053
-2056
838
1380
431
-1059
-4138
-3091
-108
-155
832
1783
391
-1227
-1699
-1021
685
2990
2660
24
-1015
-1090
-214
286
653
2174
1040
-141
123
-770
-432
1264
1622
789
783
1515
1047
944
1091
-1798
-2401
428
1855
1542
820
-329
-1259
-1641
-2544
-2003
2194
3487
748
-2110
-4485
-3428
64
-279
-74
1195
-225
-1304
-1843
-2911
128
3744
1744
371
301
-1116
436
1354
-607
1221
3172
1318
941
67
-1829
131
1191
-61
887
977
-648
-1015
-2392
-2671
-82
1127
-103
-402
-2236
-3286
-468
-243
-519
1510
1213
-549
-1547
-910
461
1646
2253
324
-559
-200
-344
473
111
1191
1778
-297
-297
-12
-120
796
1190
743
170
1491
1736
507
1335
-767
-2572
67
1535
1857
1712
196
-1250
-1645
-2536
-2538
1796
3550
1068
-1124
-4322
-4576
-393
-75
-490
1475
192
-1868
-1936
-3176
-846
3873
2204
62
846
-993
-47
1741
-449
918
3909
1627
542
385
-1856
-135
1695
-73
487
1419
-670
-1221
-2135
-2819
-118
722
-669
-646
-2162
-2988
-325
-539
-1060
1061
696
-929
-762
-594
-74
1884
1813
-16
-155
-16
-45
748
516
1060
1382
18
-87
79
-294
775
1390
374
506
1723
1291
883
1626
-1018
-2566
126
1242
1671
1774
-162
-1113
-1324
-2768
-2416
1667
3250
1533
-1210
-4351
-4062
-469
-450
-145
1506
-20
-1462
-1974
-3354
-584
3662
2051
100
498
-956
134
1401
-342
1420
3878
1632
698
136
-1687
371
1786
-38
441
1240
-575
-1084
-1904
-2251
325
798
-1150
-1052
-2614
-2865
256
-582
-1071
988
120
-1612
-1078
-144
201
2195
2098
-576
-412
58
-206
780
781
1554
940
-335
-16
-485
-30
1143
1390
496
385
1542
1014
1057
1611
-1501
-1213
916
1120
1639
1101
-618
-926
-1532
-2924
-1230
2652
2242
492
-2620
-4811
-2021
116
-758
848
968
-1354
-1790
-2692
-2769
1870
3743
503
35
-182
-609
1188
888
174
2846
3022
782
415
-705
-838
1623
1149
-293
836
751
-848
-1306
-2021
-1039
1076
-315
-1660
-1843
-3263
-1255
-23
-1417
11
637
-1215
-2057
-231
-68
587
2637
207
-1096
620
4
216
487
1190
1843
384
475
278
-128
474
1126
1223
587
1806
1839
424
1036
-699
-1956
553
1509
1589
1311
-209
-1043
-1495
-2315
-1704
1831
2427
706
-1438
-4194
-3244
-135
-663
-383
1265
-532
-1925
-2119
-3031
-164
3156
1169
-184
365
-667
237
954
34
1652
3404
1430
356
-61
-899
951
1776
447
668
1116
-581
-1393
-1792
-1232
984
82
-1365
-1665
-2892
-1728
-275
-1390
-520
833
-458
-1974
-379
35
106
1897
315
-589
1085
440
304
464
478
1058
458
539
902
696
341
624
1020
423
1484
2009
802
1373
-272
-2391
-97
1441
1785
1844
-172
-1398
-981
-2097
-2513
1333
2504
803
-635
-3917
-3971
17
-413
-1168
1357
-236
-2095
-1373
-2892
-1279
2989
1141
-704
1018
-85
31
1014
-330
934
3425
1532
321
587
-780
424
1727
289
671
1457
-529
-1426
-1247
-1027
869
98
-1887
-1731
-2552
-1659
141
-758
-575
260
-1028
-2450
-595
789
618
1919
74
-1644
452
566
760
1240
915
1098
107
-212
862
1284
1104
753
995
352
1115
2167
1185
1428
-18
-2235
-248
1007
1600
1884
-129
-1307
-823
-1883
-2418
1002
2197
456
-587
-3286
-3697
-6
-171
-1407
718
-138
-2007
-1513
-2122
-886
2300
719
-1215
755
337
50
947
-132
825
3258
1569
148
714
-199
261
1416
601
941
1747
-260
-1617
-1347
-598
894
66
-1415
-1593
-2064
-1574
-677
-1100
-371
485
-1153
-2360
-659
284
464
1281
-213
-804
496
91
219
1139
1429
1340
414
119
774
1104
959
653
1035
1072
1185
1490
1050
1219
649
-1258
-631
793
1932
1713
-13
-1171
-869
-1540
-2152
-272
1594
869
-757
-3196
-3619
-810
176
-1037
189
45
-1873
-2101
-2140
-893
1957
1253
-1218
-269
390
130
541
512
1078
2707
1844
140
570
665
397
1032
620
605
1346
75
-1444
-1044
-209
632
-391
-1473
-1607
-1742
-983
-688
-1149
-723
-231
-1174
-2214
-535
447
299
884
-423
-858
566
489
576
975
1127
970
346
391
994
1420
954
502
818
1030
1491
1943
1416
1339
89
-1750
-486
1206
2125
1876
-241
-1725
-1107
-1364
-1997
507
2100
622
-1070
-3464
-3914
-671
343
-1191
163
-35
-2079
-2248
-2166
-849
2033
1191
-1420
-180
543
-248
114
333
1059
2688
1593
-162
665
969
702
1050
859
868
1222
-65
-1422
-691
402
859
-851
-1661
-1354
-1971
-723
-304
-1194
-351
-414
-2062
-2163
-101
313
-50
852
-949
-1132
832
20
705
1758
831
582
314
615
1421
1765
1200
377
1244
1078
1059
2251
1723
1415
-71
-1910
-186
1281
2263
1639
-651
-1346
-1214
-1869
-1694
823
1857
132
-1903
-3873
-3267
-288
-273
-1251
37
-660
-2333
-2221
-1440
233
1832
290
-1549
41
655
77
174
687
1487
2156
783
-131
991
1247
819
818
1159
1326
987
-445
-1128
-232
916
569
-1553
-1238
-1286
-1939
-716
-837
-1246
-159
-877
-2665
-1516
582
-203
72
498
-1511
-317
881
-472
1006
1623
342
331
766
933
1593
1876
483
524
1776
1239
1629
2332
1761
1012
-1577
-1203
1058
1988
2415
411
-1899
-975
-838
-2319
-409
2193
527
-851
-2736
-4507
-1223
1197
-1340
-543
280
-2503
-2478
-1426
-1108
1430
1501
-2140
-1292
588
-113
501
810
819
1928
913
-379
1116
1753
1181
1113
713
1049
1447
288
-506
209
337
711
-675
-2007
-715
-1247
-1097
33
-1197
-1098
-437
-2170
-2177
-16
388
-595
-16
-882
-1679
530
384
31
1778
731
-141
533
997
1634
1846
1051
-95
1024
1925
1248
2278
2438
1687
139
-1966
-98
1881
2585
1865
-1130
-2178
-883
-1729
-2217
745
1882
-362
-1926
-3919
-3786
313
702
-1223
489
-484
-3284
-2658
-1479
135
2242
344
-2476
-458
245
-370
993
1619
1792
1807
-97
-164
1917
1725
1037
854
498
808
651
-469
24
1058
645
-259
-1365
-777
-838
-1029
-305
-849
-1431
-1080
-1896
-2602
-536
343
-1137
-317
-638
-1835
218
711
-40
1412
604
-835
161
979
1288
2030
1719
146
785
1704
1419
2701
2848
1835
327
-1921
-120
1806
2317
2053
-575
-2132
-760
-1044
-1767
1020
1924
-663
-1729
-3113
-3584
-343
366
-1750
-232
-700
-3219
-2492
-866
284
1632
541
-2029
-475
398
-333
900
1814
1277
912
-310
-230
1866
1968
1051
986
1074
786
546
229
522
1184
178
-1468
-1317
-504
-753
-349
-423
-1118
-1731
-1610
-1889
-1883
490
1
-1202
-461
-1678
-2077
92
212
484
1444
390
-607
473
1526
1265
2081
1675
193
1111
1611
1590
2737
2758
1462
-1043
-1234
1085
2071
2683
1346
-1429
-1530
-559
-1579
-939
2065
540
-1788
-2711
-3616
-2122
938
-633
-1578
-117
-2368
-3388
-1250
-46
810
1009
-1457
-1754
274
-55
212
1618
2014
1146
99
-279
1266
2416
1682
1225
1050
906
185
-17
721
1542
1237
-863
-1704
-569
-548
-501
-406
-816
-1499
-1912
-1673
-1981
-118
343
-1650
-959
-1168
-2055
-80
459
64
588
-132
-740
157
1578
1208
1260
1808
275
924
1804
1769
2634
2677
1814
-439
-1117
1122
1763
2264
1888
-723
-1332
-674
-1533
-1146
1844
1062
-1686
-2459
-3432
-2771
508
-70
-1566
-296
-2242
-3633
-1376
365
689
761
-1087
-1942
264
76
187
1998
1947
743
123
-364
1107
2374
1497
1246
1102
807
113
285
1058
1999
1130
-1580
-1301
-566
-221
235
-329
-937
-1457
-2221
-1921
-1133
485
-186
-1717
-1296
-1819
-1446
144
164
321
118
-860
-697
763
1907
1362
1222
1003
353
1581
2077
2331
2486
1954
752
-1109
724
2551
2137
1717
152
-1840
-397
-134
-1495
582
1865
-742
-2192
-2965
-3393
-740
550
-1492
-888
-1110
-3703
-2926
-446
593
872
-538
-2585
-1207
66
-73
1168
2271
1337
-101
-703
327
2243
2230
1208
1052
914
315
-29
658
1685
1403
-423
-692
-286
147
-63
-671
-364
-241
-1433
-2162
-1237
-562
-606
-1068
-1606
-1492
-910
-1158
-618
563
-30
-627
-325
177
1106
1229
942
960
1277
921
1476
2745
2930
2327
-318
-831
1690
2779
2421
1354
-556
-783
-269
-1072
-452
1856
828
-1455
-2410
-2592
-1758
230
-544
-1379
-731
-2702
-3537
-1426
270
266
-239
-1390
-1677
-56
-326
-72
1758
1919
165
-395
223
1654
2302
1024
921
1217
1049
-21
200
1646
1573
-72
-544
-67
461
347
-952
-699
193
-846
-2045
-1126
-663
-903
-863
-1768
-1416
-219
-1187
-1665
-75
-97
-865
-156
258
496
699
479
232
1543
1840
1027
1832
2668
2251
437
176
1504
2456
2603
1017
-523
20
664
-675
-595
1347
316
-1083
-1866
-2600
-1503
390
-993
-1921
-1006
-2543
-2997
-1182
-90
-232
-802
-1803
-1665
102
77
-185
738
1194
124
-345
399
1606
1919
1069
849
1020
1330
671
594
1193
1312
220
-673
122
348
-66
-520
-451
-540
-1150
-1272
-722
-276
-331
-1220
-1966
-985
-807
-1050
-373
-41
-505
-902
-341
169
712
959
282
811
1582
1153
1192
2063
2121
67
-36
1798
2336
2381
1215
-739
-103
1218
-288
-254
1877
637
-1244
-1806
-2122
-1285
655
-693
-1787
-732
-2186
-3010
-915
164
-385
-687
-1678
-1610
-154
-144
-42
1013
951
-464
-781
402
1826
1628
710
771
706
795
305
254
1422
1658
104
-494
-119
-103
107
-187
-302
-248
-899
-1306
-882
-723
-787
-922
-1164
-761
-834
-1129
-439
76
-286
-340
-265
-212
242
535
621
932
1188
960
1469
1262
-4
788
2048
2466
1861
717
-94
609
773
-387
513
1450
125
-1189
-1746
-1677
-384
63
-1245
-881
-1229
-2668
-1920
-291
-64
-767
-1347
-1608
-231
-60
-453
554
1175
283
-611
9
1465
1920
677
388
1066
917
266
168
1108
1881
775
-883
-463
240
69
-147
-178
-19
-843
-1726
-1177
-312
-399
-931
-1639
-1196
-658
-993
-623
115
-7
-827
-804
-8
676
931
896
655
1263
1185
892
1016
645
1199
1752
2252
1617
367
161
849
970
126
312
764
434
-538
-1425
-1412
-324
-190
-1531
-1258
-1375
-2064
-1477
-541
-248
-789
-1572
-1654
-508
-101
-208
230
733
166
-614
141
1597
1929
831
305
726
922
886
807
1091
1393
351
-765
107
617
111
-6
-76
-366
-973
-1106
-512
-54
-439
-1447
-1679
-706
-686
-1140
-523
-84
-554
-1032
-736
110
689
534
148
532
1280
924
971
804
456
1097
1548
2131
1653
460
159
766
803
233
792
1025
380
-630
-1416
-1199
99
-15
-1135
-881
-1584
-1974
-1098
-647
-567
-969
-1313
-1112
-411
-439
-277
630
846
-215
-683
333
1672
1517
549
729
850
609
633
864
1564
1580
0
-671
384
651
114
-133
-52
-473
-1062
-882
-346
-187
-726
-1494
-1330
-440
-735
-946
-383
-310
-789
-927
-407
3
241
109
-52
710
1005
488
639
227
142
1191
2000
1973
888
-124
167
994
700
259
1077
1134
-107
-1256
-1346
-473
734
-136
-995
-937
-1788
-2011
-912
148
-190
-1162
-1696
-1123
-367
-431
-323
393
394
-668
-756
553
1641
1036
175
514
691
578
576
1029
1690
1215
-449
-618
671
839
362
190
-90
-679
-894
-466
256
219
-756
-1627
-1256
-516
-611
-508
-108
-501
-1421
-1286
-413
323
500
-14
-470
215
664
710
978
350
266
1181
1926
1472
512
272
1107
1483
592
312
1030
1115
47
-755
-507
373
420
-774
-910
-768
-1358
-1365
-587
-171
-825
-1624
-1371
-394
-340
-836
-743
132
185
-721
-642
649
1076
54
-87
633
745
571
309
835
1755
989
-358
73
938
789
604
503
39
-573
-731
-28
732
340
-897
-1383
-809
-299
-506
-215
112
-814
-1513
-1138
-419
206
222
-394
-480
94
4
358
910
-84
-537
656
1779
1589
538
-166
510
1299
667
185
1193
1422
145
-787
-667
103
581
-163
-720
-803
-1298
-1280
-412
241
-485
-1543
-1415
-624
-431
-568
-201
411
68
-884
-840
366
1114
421
-13
612
638
135
105
735
1305
788
-312
-241
658
794
565
658
407
-487
-682
184
878
628
-317
-889
-477
-152
-397
-207
147
-352
-1136
-1059
-229
117
-72
-305
-508
-214
20
189
630
59
-629
161
1349
1278
172
-262
279
909
504
-144
569
1140
402
-345
-239
332
705
183
-272
-288
-776
-942
-209
322
-386
-1246
-1115
-399
-172
-716
-598
136
15
-761
-781
254
882
120
-645
-172
336
187
-1
411
831
329
-421
-176
785
846
207
82
105
-149
-265
239
888
690
-338
-941
-386
455
354
-39
10
-218
-685
-709
-113
241
81
-298
-473
-226
-32
53
426
670
-187
-902
-76
1033
1235
521
-366
-330
415
429
32
495
847
359
-179
-329
-286
190
440
185
-56
-555
-871
-450
214
125
-492
-718
-502
-418
-471
-203
60
-57
-450
-597
-177
379
126
-379
-125
122
9
37
229
286
139
-146
-33
578
621
100
-37
176
137
43
218
544
462
-161
-475
-124
325
177
-192
-184
45
-32
-231
-110
-4
-125
-153
-91
2
-67
-262
-108
268
223
-452
-751
-129
597
757
372
-187
-349
-33
165
293
581
659
222
-305
-484
-387
217
615
325
-174
-686
-871
-341
445
486
-104
-747
-801
-395
36
187
45
-125
-397
-589
-351
201
358
53
-55
94
45
-61
-93
121
517
478
-3
-282
-157
55
270
417
267
-147
-287
-57
270
514
318
-122
-320
-266
-86
227
394
125
-245
-303
-232
-115
128
170
32
-83
-175
-148
77
175
59
5
-76
-163
136
633
580
67
-331
-150
359
480
299
205
234
67
-234
-226
155
329
56
-201
-162
-173
-310
-237
49
143
-226
-561
-433
-60
121
42
-53
-55
-143
-215
113
446
300
-44
-239
-190
87
189
60
15
-170
-416
-310
3
108
-40
-177
-229
-161
-28
7
26
-1
-120
-145
36
219
126
-132
-216
-115
-40
63
101
10
-78
-97
-95
-53
6
-32
-5
56
-21
-82
6
66
87
55
36
113
113
181
282
261
250
152
4
173
382
292
216
118
-50
-59
-12
1
124
174
-9
-117
-39
11
28
108
157
58
-95
-138
-49
116
189
32
-92
45
130
67
27
-82
-160
-92
-51
-94
-190
-298
-392
-330
-221
-238
-175
-112
-203
-296
-251
-128
23
56
-84
-183
-120
-59
-34
-6
-36
-31
35
123
187
118
22
100
153
124
27
-99
-41
80
64
28
10
-86
-165
-54
143
163
58
-89
-127
16
188
256
268
206
11
-85
70
291
360
328
254
137
34
-13
72
274
352
230
88
96
165
147
143
146
136
123
63
35
100
66
-48
-65
-71
-104
-165
-168
-130
-149
-132
-151
-209
-231
-252
-226
-125
-117
-237
-306
-295
-331
-316
-235
-232
-176
-139
-158
-86
-42
-76
-73
10
116
170
130
51
6
52
149
158
80
-19
-102
-108
-43
-38
-79
-138
-224
-232
-127
8
18
-128
-230
-165
-62
6
49
71
117
122
82
133
238
261
249
267
302
339
296
246
319
381
342
304
274
215
146
77
94
122
11
-109
-141
-99
-67
-151
-306
-334
-292
-301
-268
-231
-229
-258
-287
-292
-190
-102
-133
-179
-221
-248
-224
-132
-42
-36
-105
-138
-66
102
245
240
160
145
177
194
229
268
284
219
113
77
111
145
93
19
-12
-52
-142
-187
-154
-158
-216
-306
-279
-164
-145
-207
-262
-211
-96
-34
11
64
93
111
148
224
271
280
275
350
446
462
412
364
327
274
277
283
312
294
135
-13
-76
-90
-53
-24
-71
-151
-283
-371
-332
-246
-202
-203
-285
-367
-352
-304
-204
-111
-157
-219
-194
-156
-53
49
96
129
124
85
81
169
251
271
234
152
120
148
201
231
195
117
32
-31
-31
-2
-6
-44
-117
-210
-246
-175
-132
-158
-222
-299
-330
-274
-189
-110
-60
-149
-270
-242
-72
92
109
41
24
100
216
257
279
323
299
240
206
230
275
291
238
121
85
133
119
44
-26
-56
-13
18
-37
-129
-154
-169
-202
-207
-218
-224
-224
-219
-218
-192
-147
-120
-100
-72
-81
-31
84
149
148
106
92
114
183
220
227
225
184
149
130
156
199
185
168
129
25
-41
-76
-47
-9
-40
-121
-226
-251
-223
-163
-127
-143
-207
-271
-234
-119
-22
-11
-61
-107
-79
23
84
85
68
55
89
146
181
202
197
109
71
123
139
99
57
29
6
-3
-52
-50
-17
-59
-128
-212
-218
-152
-118
-129
-163
-199
-231
-198
-131
-89
-93
-91
-55
-55
-25
55
98
120
112
104
136
193
187
144
170
198
202
203
207
218
207
137
36
14
50
77
66
6
-41
-79
-108
-122
-126
-144
-153
-153
-161
-173
-186
-190
-186
-158
-107
-52
0
3
-4
30
76
133
166
171
179
179
177
181
186
208
227
208
181
159
126
89
91
66
9
-53
-101
-108
-104
-148
-219
-234
-234
-241
-248
-270
-290
-264
-237
-200
-161
-132
-90
-80
-62
1
60
68
49
58
67
89
140
139
111
83
70
71
91
121
107
71
37
15
20
54
57
0
-33
-36
-23
-24
-31
-33
-44
-39
-45
-37
1
20
2
-30
-43
-11
41
54
69
79
70
81
97
110
145
186
209
193
148
143
182
195
153
131
106
61
48
0
-32
-49
-63
-61
-71
-92
-147
-192
-193
-159
-137
-161
-189
-188
-185
-157
-116
-129
-100
-48
-23
-12
-36
-36
-9
17
32
30
28
22
20
42
59
60
44
-3
-40
-32
-20
-38
-71
-91
-90
-89
-76
-73
-88
-67
-72
-98
-54
6
25
13
-5
-39
-37
23
65
82
80
82
90
82
63
82
117
131
111
90
108
130
121
100
87
73
68
61
52
37
3
-21
-12
3
-27
-72
-97
-101
-100
-104
-119
-109
-91
-110
-111
-100
-88
-87
-99
-100
-79
-41
0
29
6
-28
-26
-2
26
35
15
8
8
-17
-17
32
67
33
-19
-47
-50
-26
-25
-49
-39
-40
-59
-59
-49
-42
-34
-33
-43
-40
-30
-35
-11
18
17
9
12
43
84
112
113
107
103
97
109
134
158
166
136
116
97
99
127
159
159
130
89
46
55
64
45
22
-4
-26
-38
-44
-51
-63
-64
-85
-115
-114
-82
-40
-35
-56
-76
-68
-61
-69
-71
-55
-28
-16
-17
-24
-24
-15
-2
4
10
11
-2
-17
-38
-34
-13
-8
-15
-11
-23
-35
-12
-5
-5
-9
-22
-29
-35
-37
-33
-16
13
26
-2
-2
13
14
22
26
19
15
-5
-26
-6
14
23
5
-22
-26
-18
-17
-8
5
1
-11
-12
-12
6
40
32
5
-9
-20
-9
27
38
24
-2
-14
-5
22
45
28
-6
-12
-14
-12
9
6
5
-1
-23
-32
-17
12
12
-1
-18
-27
-18
-7
1
-2
-5
-6
-7
-17
-13
-12
-5
9
-7
-30
-34
-29
-11
0
2
6
-6
-10
-1
2
18
39
36
41
38
37
44
39
49
44
36
39
24
15
17
7
-2
-2
14
8
2
-8
-28
-30
-22
-6
-12
-24
-48
-56
-52
-49
-19
-1
8
18
1
10
32
41
36
30
46
45
53
60
39
39
35
42
51
42
37
24
38
44
30
21
1
-26
-38
-52
-47
-22
-15
-27
-37
-40
-41
-13
-1
-7
-7
-19
-31
-34
-27
-22
-4
16
19
8
16
29
19
7
15
31
31
15
6
17
34
32
23
29
44
50
40
27
22
18
14
11
29
17
-5
-7
2
23
22
23
19
18
15
-4
-10
-6
-1
2
-15
-20
0
0
-17
-32
-38
-44
-40
-21
-12
-8
-8
-22
-23
-14
-10
-3
-15
-18
-15
-18
-22
-29
-30
-35
-30
-21
-14
-14
-17
-13
-4
8
8
10
8
6
4
6
9
7
3
3
10
19
19
3
-13
-14
-16
-29
-28
-22
-24
-16
-14
-16
-9
-8
-17
-14
-5
7
4
1
-4
-8
6
12
14
10
8
3
13
23
25
24
15
4
2
11
9
16
19
19
17
5
-2
-9
-13
-11
-13
-12
-8
-19
-32
-29
-29
-20
-14
-27
-34
-36
-33
-36
-24
-5
-12
-19
-22
-21
-11
-4
-1
2
2
-2
-3
3
10
15
3
-1
8
18
24
30
31
14
7
3
11
20
11
-1
-11
-17
-16
-6
3
7
-5
-16
-5
9
16
16
7
4
12
5
8
14
12
22
30
33
23
17
10
2
11
18
14
15
16
14
9
13
12
24
36
28
16
21
28
22
15
-2
-7
-24
-43
-53
-60
-57
-53
-48
-41
-36
-38
-33
-29
-18
-11
-12
1
1
1
2
-2
-4
-9
1
12
22
26
17
14
14
14
18
18
11
5
-19
-25
-18
-21
-22
-27
-13
-8
-9
-4
-5
6
-11
-36
-35
-13
0
0
-13
-28
-27
-6
32
38
20
1
-6
24
47
40
25
1
16
21
34
54
44
53
57
60
71
60
41
31
31
34
11
-18
-26
-34
-28
-24
-30
-29
-33
-19
0
4
5
-13
-33
-25
-22
-15
-19
-32
-30
-27
-9
-5
-8
10
17
25
33
27
35
22
12
24
24
28
17
-7
-8
-2
0
-1
-4
-2
-10
-15
-16
-21
-25
-34
-45
-47
-41
-30
-27
-33
-38
-56
-62
-49
-34
-31
-34
-33
-23
-3
13
16
5
16
29
43
65
58
59
63
60
58
55
58
56
48
33
9
6
7
4
14
1
-5
-12
-30
-35
-33
-28
-42
-50
-54
-60
-57
-52
-56
-53
-46
-45
-40
-32
-16
-7
-12
-12
-16
-1
18
26
42
33
34
53
63
84
76
65
54
43
54
58
49
30
14
5
3
8
1
-16
-28
-42
-51
-59
-55
-43
-39
-32
-29
-42
-46
-38
-34
-30
-27
-25
-17
-19
-9
2
6
15
16
22
32
26
13
7
12
32
36
32
36
33
28
28
26
31
30
14
8
9
3
-5
-9
-7
-2
-7
-12
-26
-30
-25
-31
-26
-35
-43
-37
-33
-18
-4
1
8
12
21
26
28
42
37
39
39
22
14
21
34
34
31
33
24
24
27
18
10
-2
-14
-13
-13
-23
-22
-21
-22
-28
-38
-46
-44
-27
-21
-22
-19
-23
-21
1
-3
-7
-11
-22
-17
-10
0
1
3
12
19
22
24
13
9
20
23
29
19
13
22
15
9
9
5
6
3
-5
4
0
2
6
5
6
-4
-7
-6
-10
-3
5
-1
6
2
-6
4
7
19
15
14
17
6
13
9
2
0
-11
-5
-3
-12
0
-4
-3
2
-11
-4
-1
-10
-15
-23
-22
-21
-26
-14
-13
-9
-9
-20
-14
-6
-3
-3
-10
-22
-16
-14
-2
-1
-3
3
1
8
4
9
17
7
7
12
11
18
6
-5
-1
3
8
4
-3
-1
0
-6
-9
-5
7
4
0
0
-9
-17
-17
-23
-20
-19
-24
-26
-27
-20
-16
-10
-8
-4
7
4
2
4
7
19
19
19
20
17
21
24
21
23
24
20
15
11
12
14
12
8
3
7
15
13
8
5
7
7
-3
-2
-7
-9
-12
-15
-20
-12
-5
5
2
-5
-2
-5
3
4
4
7
-2
-5
-3
-9
-8
-4
-8
-3
-12
-24
0
21
14
-11
-13
11
-6
-17
-26
-24
22
24
-1
-26
-5
21
-1
-10
-5
13
32
12
-5
-9
1
21
17
10
9
7
2
-9
-11
-5
-5
2
4
-17
-12
-9
-4
-14
-7
1
0
-7
-18
-23
-32
-25
-13
-21
6
16
2
12
2
-10
6
-17
-12
19
17
3
-16
36
12
-7
41
3
18
44
-13
-12
-8
18
-2
-4
23
-27
-10
5
-24
4
-7
-9
8
7
-12
-16
22
17
7
15
-3
-4
19
6
-1
30
39
12
0
12
0
2
7
4
6
-4
-3
-13
-19
-12
-7
-5
-23
-8
-2
-21
-9
-3
-15
-10
-11
-17
-21
0
10
-5
0
20
-12
-19
2
17
8
-1
-1
1
-10
12
15
-21
34
10
-2
1
9
23
-16
16
34
5
22
-4
10
-1
-3
10
-12
5
-7
-12
-18
-40
-16
-14
-8
-6
10
-17
-44
0
-16
-9
9
18
6
-4
30
-12
-23
16
9
-16
2
26
0
0
11
20
-12
6
12
-11
17
33
-17
-12
-7
-18
-20
-21
7
-16
-1
7
-25
16
12
-22
11
15
9
19
27
-11
-14
9
-1
-3
26
2
-25
4
-12
-19
32
28
2
4
20
2
-21
10
9
-5
32
13
-9
16
13
2
-6
29
26
9
40
4
-25
3
-11
-10
22
12
-10
-3
11
-13
-12
-8
-30
-9
16
-2
-25
-19
-34
-46
-1
10
1
7
12
-3
-7
19
-5
-11
14
21
29
10
-14
-34
-20
-20
-45
-8
12
12
-23
-36
-24
-19
-5
-16
2
19
28
8
-16
0
-1
-14
-1
14
21
3
-8
-4
-6
5
0
-8
11
0
-15
-13
-12
12
12
-5
-4
9
14
6
-13
2
17
14
28
11
0
14
5
2
12
12
1
-12
2
11
0
-2
-4
-16
-20
-18
-16
1
15
4
8
12
-14
-13
-3
17
38
18
15
3
9
15
-18
-7
15
7
9
12
20
11
2
-12
-15
7
11
15
16
3
-18
-37
-20
3
-3
-7
1
8
4
6
-8
6
1
-19
-9
-4
6
4
-12
-17
-25
-14
-7
4
14
-1
9
-7
-17
-3
-15
-4
3
-14
12
17
-1
6
-17
-14
1
-11
6
8
-3
-15
-11
5
15
0
-13
2
22
28
6
-17
-12
-10
-8
8
5
7
3
3
12
23
20
-16
-12
6
25
34
11
17
-2
-6
11
2
21
16
-6
-8
-5
-7
-8
-12
-1
-6
-9
-6
-18
-19
-20
-15
-8
8
-1
-19
-3
-17
-7
-4
-19
8
-8
8
21
2
-8
-28
-23
-3
15
35
20
0
-15
-21
7
16
10
-1
-39
-18
-3
7
16
5
7
-13
-8
3
4
6
12
6
5
2
-12
4
1
3
8
-13
0
-12
-14
3
-5
4
-15
-28
-5
15
19
3
-20
-18
-20
-17
8
7
7
-2
-12
0
14
8
-1
8
-8
-11
-5
4
15
1
8
1
0
-12
-19
9
12
22
1
-16
6
-8
5
40
34
-6
-45
-34
3
2
-9
-53
-44
14
-16
23
48
8
-30
-67
27
78
39
1
-49
-7
17
8
53
37
17
-21
-46
48
61
38
-13
-28
18
-16
8
59
52
29
-32
-41
34
34
18
20
27
40
-34
-20
18
22
20
-32
-14
-1
-23
-34
10
22
3
-30
-47
-9
-7
2
10
1
-33
-62
-31
24
68
27
14
2
-32
-3
25
59
35
-11
-48
-51
17
26
48
35
-4
-22
-72
9
50
31
37
-38
-51
-36
-28
19
16
-3
-24
-39
-21
-20
25
39
4
-1
-37
-28
-7
1
39
15
-1
-20
-55
-12
21
46
23
-51
-65
-70
-20
36
20
3
-42
-62
-33
22
81
34
-17
-30
-37
9
25
26
11
-34
-19
11
35
62
15
-9
0
-20
-4
-2
8
8
-27
-22
-29
2
16
6
40
15
-7
-19
-34
16
26
48
43
-25
-6
-29
-14
56
37
12
-29
-47
-31
-19
27
20
-19
-24
-46
-26
19
32
47
9
-21
-4
-12
6
10
-2
-3
-32
-31
-6
-16
17
32
1
6
-9
-24
-6
12
47
23
6
-7
-28
12
21
17
9
-16
-4
1
9
31
9
2
4
-14
14
-7
-13
17
-12
16
7
-5
4
-15
-4
-11
3
-2
-25
-1
-8
4
9
-7
2
-7
-4
23
8
-21
-24
-27
-1
8
-4
-17
-24
-16
-18
9
19
2
-15
-34
-5
22
28
1
-26
-28
-24
4
15
18
-6
-33
-30
-29
4
20
-1
-7
-30
-22
-10
1
32
12
1
-14
-17
17
9
17
16
-3
8
-21
-11
19
24
33
7
18
13
-6
20
25
31
22
-7
4
7
15
36
24
14
-1
-20
3
7
15
23
0
12
-11
-25
-17
-3
18
-26
-19
-27
-35
17
10
31
8
-25
-6
-3
23
15
0
-5
-16
-21
-1
15
18
2
-25
-10
3
19
19
-1
8
-25
-24
5
9
28
-3
-16
-4
-18
-11
-5
-10
4
-16
-25
-11
-11
14
-2
-3
3
-15
3
-18
11
25
1
32
-3
4
31
27
52
25
7
5
-18
2
3
-5
6
-17
-15
-10
-3
15
9
1
-10
-11
-14
-9
-4
-11
-24
-21
-10
-9
9
11
9
4
-9
-9
-12
-5
0
-2
-11
-18
-17
-15
-10
0
8
0
-14
-2
-11
-6
-2
-8
8
-7
3
12
-1
21
4
-8
14
4
-4
5
7
11
-7
-9
-1
6
32
6
-3
6
-17
-10
-8
11
10
-9
-3
-12
3
9
5
25
11
-1
5
5
7
13
8
5
3
7
17
11
22
10
12
17
8
16
-6
-7
-9
-19
-2
-7
-8
-13
-18
6
7
6
7
-1
11
-5
-7
2
5
27
11
10
14
8
17
1
18
14
-6
1
-15
-6
3
4
11
-8
-17
-25
-26
-11
-22
-3
-1
-14
-5
-24
-9
-1
-1
10
6
9
3
0
12
19
18
14
10
5
15
11
12
15
9
5
-11
-8
-2
2
14
-3
1
1
-8
7
-2
-6
-7
-18
-10
-25
-31
-19
-26
-19
-26
-27
-11
-18
-15
-13
-13
-2
-13
-9
-6
0
12
0
11
9
16
16
7
20
15
19
14
15
16
6
8
0
-5
-8
-12
-15
-10
-13
-14
-15
-19
-13
-19
-9
0
-2
-1
-2
1
-1
4
14
8
11
13
3
12
14
24
19
10
9
-5
3
-6
-3
0
-13
5
-8
0
4
-9
12
0
5
13
-4
3
-3
-1
5
10
14
-7
-4
3
-6
10
8
1
2
-14
0
4
6
7
-16
-12
-14
-14
2
4
2
-2
-5
-3
-6
-6
-1
-5
0
-4
-3
9
4
1
-6
-5
-1
-3
10
9
3
2
-11
-6
4
1
8
0
2
-2
-9
1
0
13
19
13
12
-5
-3
2
-6
-9
-12
2
15
13
12
4
2
-3
-7
1
7
5
1
-7
-7
-6
-8
1
1
0
2
4
3
-3
-7
-9
-4
-2
-8
-14
-11
-5
-2
-5
0
-2
-5
-3
-2
1
3
7
5
4
6
7
9
1
-3
-6
-13
-7
-2
-2
8
13
20
15
4
0
-2
7
3
-6
-8
-17
-15
-12
-3
5
1
6
4
-2
-6
-12
-10
-9
-6
-9
-10
-5
0
4
9
11
7
4
-3
5
6
3
0
-12
-4
2
7
13
15
10
1
-1
-6
1
6
6
5
3
8
6
5
1
-1
-5
-15
-10
-9
-10
-6
-5
-4
-4
-6
-5
2
5
3
1
-4
-7
-6
-4
2
5
5
3
2
2
-5
-5
2
-1
-5
-5
-5
-8
-11
-3
-6
-6
-1
-8
-9
-9
-5
-2
-1
0
-6
-3
5
5
5
4
-2
-3
-8
-9
-5
-9
-4
2
3
-2
-7
-5
-4
3
3
3
1
0
2
0
4
14
15
15
15
14
12
5
13
20
17
17
8
3
-2
2
9
4
2
-3
-5
-3
0
-2
1
-2
-8
-9
-9
-1
1
4
7
2
1
-2
-1
3
5
6
5
8
5
5
8
-1
-5
-5
-2
3
7
13
8
4
7
3
4
7
9
9
6
4
0
1
5
5
8
7
3
1
2
1
1
-4
-6
-11
-14
-12
-11
-6
-8
-12
-6
-10
-7
-3
-5
-7
-11
-11
-8
-2
2
6
7
7
6
4
3
1
2
3
0
-2
-5
-6
-9
-9
-6
0
0
3
8
5
4
-1
-3
-9
-10
1
1
3
3
-2
-2
4
7
-2
-2
3
0
-3
-2
-4
-3
1
-1
-5
-5
2
1
-3
1
-1
2
-3
-5
3
6
11
6
0
2
4
4
-4
-8
-1
0
0
2
-4
-9
-7
0
6
3
2
1
1
1
1
5
4
1
2
-6
-12
-13
-7
2
5
10
12
7
5
2
-2
1
5
5
2
3
3
2
4
4
8
8
3
-1
-3
-3
2
5
7
9
9
14
13
18
14
8
9
0
-7
-13
-15
-10
-5
-6
-12
-15
-18
-14
-5
-1
1
-1
-1
-3
-2
-2
-6
-10
-11
-8
-8
-5
-8
-5
6
10
12
9
7
6
7
6
6
3
3
7
5
-1
0
1
4
7
5
0
0
0
0
1
-1
-6
-10
-6
-4
-2
1
0
-3
-4
-4
-4
2
4
4
4
3
5
6
1
3
5
6
6
5
3
3
3
0
-3
-4
-2
-2
-2
-4
-3
-4
-6
-6
-11
-9
-9
-6
-6
-3
-4
-9
-6
-3
-6
-9
-4
-2
3
1
2
4
3
4
1
2
4
2
6
-4
-6
-3
-3
-1
-6
-9
-6
-3
-1
-2
-1
0
-2
-6
-6
-5
-3
2
4
4
5
7
11
10
10
6
3
-6
-12
-2
0
-2
-3
-3
-3
-3
-2
-5
-1
4
4
0
-2
0
2
-1
-6
-7
-2
6
9
5
2
1
5
5
6
8
10
7
0
4
5
3
1
-3
-3
-4
-9
-14
-15
-11
-9
-11
-11
-3
3
2
0
-4
0
6
5
1
-4
-9
-10
-11
-12
-12
-10
-4
-1
-3
-5
-4
1
4
2
4
6
4
3
4
5
7
7
10
10
6
6
4
-2
-4
-5
-6
-1
-2
-2
1
6
6
3
4
5
5
6
9
11
9
7
6
0
4
3
2
5
7
12
5
3
3
1
-1
-4
-5
-4
-6
-4
-1
-2
-2
-3
-4
-5
3
6
2
0
-2
-2
-2
1
4
6
11
4
0
-1
1
4
9
11
11
10
6
3
-1
-4
-1
1
0
2
3
0
-16
-23
-19
-9
0
3
3
7
1
-6
-6
-3
0
-3
-9
-13
-12
-7
-3
-6
-4
-1
8
11
6
7
5
8
10
7
5
3
-4
-5
-2
1
0
-9
-10
2
12
16
12
9
2
-3
-1
-4
-4
-5
-7
-6
-10
-10
-6
0
9
6
3
4
9
15
12
6
-1
-5
-9
3
7
3
-2
-11
-5
-4
-4
-6
-11
-8
-8
-6
-4
-2
-3
-10
-12
-5
0
1
5
1
-1
-2
1
7
12
15
3
-6
2
3
5
-5
-8
-4
-5
-2
-2
1
0
1
-2
-5
-7
-7
-12
-16
-8
-4
6
4
-1
-2
1
9
11
15
15
12
7
3
3
9
3
0
-1
-2
3
0
0
-3
-4
-7
-6
-2
-1
0
-1
9
6
3
5
1
3
1
-5
-6
-6
-7
4
9
13
13
4
5
0
-6
-9
-17
-9
-12
-15
-15
-13
-1
2
11
2
-9
-10
-9
-6
4
3
-4
1
-5
9
5
5
11
1
8
-1
6
6
-11
-9
-9
5
7
-6
-9
-2
11
11
5
7
6
-8
-12
-14
0
6
-11
2
-2
-7
10
16
26
11
-10
-12
-11
-2
1
2
6
-1
-19
-15
-3
9
14
7
9
11
6
6
11
18
12
-6
-11
-7
4
17
17
16
7
1
-4
-5
1
-3
-5
2
-3
-6
-8
-12
-3
0
4
4
-3
2
-2
-6
-8
-13
-12
-7
-4
3
8
10
6
0
0
9
17
10
5
-1
-7
-1
0
7
8
1
1
-4
-1
-5
-9
-8
-14
-14
-10
-3
3
2
-6
-8
-10
-5
0
0
0
-8
-11
-14
-15
-7
0
2
-4
1
6
6
3
-2
-6
2
11
12
18
14
6
-6
-10
1
7
12
8
4
8
3
12
15
10
9
1
-6
2
12
12
-1
-13
-19
-10
5
15
16
4
-8
-11
-11
-5
1
-1
-9
-15
-18
-11
3
5
2
-10
-7
-6
-6
-5
-3
1
1
1
4
2
4
8
1
1
4
3
8
13
13
11
3
-4
-7
-7
-4
-6
-3
-1
1
-3
-5
-8
-7
-2
2
1
2
5
-1
-1
-5
1
-2
-2
1
-3
8
10
6
8
10
11
13
10
4
7
7
7
2
-6
-7
-9
-6
-6
-9
-14
-10
-3
2
3
3
-1
-2
3
4
5
-4
-14
-16
-14
-7
-9
-10
-11
-14
-7
4
11
15
10
1
-6
-7
1
1
-1
4
0
2
3
3
-2
2
5
-1
-1
4
5
8
7
-3
5
13
16
13
2
0
-6
-3
0
1
0
-8
-7
-10
-4
1
5
8
0
-12
-13
-1
6
7
4
1
3
4
-3
3
9
6
1
-1
4
7
10
4
-1
-6
-5
-7
3
8
3
3
-2
-3
-5
-9
-5
1
1
0
-7
-7
-9
-9
-2
0
2
4
7
0
-1
-2
-6
-2
5
4
6
4
-9
-5
1
4
11
5
3
3
6
11
10
14
11
5
5
8
6
5
3
-4
-5
-3
-5
0
5
1
-2
-2
-2
-5
1
7
11
13
3
-1
2
1
-2
-6
-7
-7
-6
-6
-10
-16
-17
-16
-19
-12
-10
-3
2
4
5
2
6
-1
-3
0
4
4
-6
-9
-7
-9
-4
9
1
-5
-1
3
12
17
13
11
7
5
4
5
4
-4
-7
-9
-7
-5
-1
5
0
-1
-4
-5
-4
-1
5
7
0
1
5
2
3
4
2
2
2
0
-9
-15
-15
-15
-5
-3
-2
2
6
9
7
8
4
5
4
-2
-3
-8
-13
-12
-12
-11
-2
2
3
5
0
-5
-4
2
0
0
3
12
13
4
6
10
10
9
6
8
7
4
0
-4
-1
-4
-4
-5
-9
-5
-10
-9
-4
-5
-8
-14
-13
-10
-8
-4
-1
0
0
-2
-10
-10
1
5
4
7
4
3
6
6
11
16
10
2
-6
-9
-2
-2
-8
-14
-11
-10
-5
2
9
9
1
-6
-6
1
4
3
0
-3
-9
-8
-7
-5
-5
0
4
3
6
1
4
7
1
-2
4
3
4
10
8
12
11
5
2
-5
-8
-3
-2
0
-5
-5
2
0
2
4
2
6
12
14
14
11
4
0
3
7
8
4
0
5
2
-3
-3
-5
0
2
1
7
16
15
6
-5
-9
-3
4
2
3
-2
-11
-11
-11
-3
-3
-5
-5
-5
1
4
0
2
0
-1
-1
2
7
6
-2
-5
-1
0
2
3
1
-1
-8
-13
-16
-16
-10
-4
1
1
-2
-7
-6
-6
-5
-4
-7
-8
-8
-5
-8
-8
-4
-1
0
-1
4
7
5
3
-7
-13
-4
6
14
19
19
9
3
8
10
10
10
5
-4
-7
6
7
2
6
10
15
26
29
21
14
11
6
-1
0
-1
-3
-7
-8
-4
0
5
6
7
7
2
1
-6
-20
-19
-19
-12
-5
-3
0
-3
2
3
-2
4
6
0
-6
-2
-2
-5
-9
-14
-10
-8
-5
-8
-6
-3
-4
-5
-4
1
-1
-1
-2
-1
0
2
5
8
6
-1
-8
-10
-9
-7
-6
-6
-12
-15
-13
-13
-10
-6
0
9
11
13
13
13
11
8
9
8
12
13
9
8
7
11
11
10
9
7
4
1
3
2
-5
-5
-9
-12
-8
-7
-8
-3
-5
-13
-15
-15
-17
-21
-22
-22
-30
-32
-32
-23
-10
-7
-3
4
8
6
5
-1
-3
-2
-3
-2
-2
3
6
7
11
12
17
19
20
19
15
9
10
2
-2
-1
-6
-5
0
6
10
4
2
8
8
8
9
9
3
1
-6
-11
-6
-3
2
0
-3
-2
0
-3
-1
-4
-3
-1
1
5
3
2
2
7
10
11
10
7
5
6
5
3
6
9
8
10
11
8
10
16
14
10
10
8
9
5
3
1
0
2
0
1
-3
-9
-12
-17
-15
-7
-5
-13
-16
-8
-3
2
0
-5
5
13
9
3
2
8
8
3
-5
-7
-1
0
-2
5
7
3
3
1
3
1
0
-7
-11
-3
1
1
1
2
0
3
7
4
4
1
-7
-6
-4
1
6
2
-2
-8
-11
-4
-3
-5
-8
-7
3
-4
-1
7
8
8
-6
-4
-2
-7
-14
-25
-11
-3
0
-1
4
14
10
-2
-7
-1
-6
-17
-17
-8
-4
-2
0
4
10
9
6
1
0
-1
-5
-10
-7
-7
-11
-6
-3
7
13
10
10
4
0
-2
-6
-3
-4
-8
-3
1
-3
-3
2
5
3
5
6
6
9
8
-2
-7
-5
-6
-4
0
-3
-5
-6
-5
-8
-13
-8
-3
-3
-6
-8
-10
-10
-8
-7
-8
-7
1
9
8
7
7
3
4
11
9
-5
-9
-12
-15
-10
-5
-2
2
12
24
24
20
17
18
17
14
7
2
4
5
-1
-12
-12
-13
-6
5
11
11
4
-6
-10
-10
-6
-5
-10
-13
-20
-17
-8
-5
1
3
11
15
9
11
11
6
1
-11
-14
-12
-6
-10
-12
1
11
12
21
20
11
3
-3
-4
-2
-8
-16
-21
-11
-1
4
7
2
6
18
24
27
18
4
-6
-11
-4
-9
-7
-10
-20
-15
-7
3
10
6
-2
0
1
1
5
-4
-13
-16
-10
-1
11
14
2
1
8
12
18
23
15
-2
-8
-4
2
8
9
0
-6
-5
3
20
20
11
1
-8
-3
3
2
-6
-16
-20
-15
-6
5
2
0
4
2
5
2
-3
1
-3
-8
-8
-1
-4
-9
-5
-5
-3
5
11
5
1
5
5
7
12
3
-7
-9
-3
3
7
6
4
3
1
6
11
4
-5
-9
-9
-11
-6
-5
-9
-8
-4
2
12
21
23
13
7
10
16
13
5
-1
-6
-4
6
14
13
10
5
1
14
36
25
-7
-21
-27
-8
1
-13
-35
-55
-33
-4
9
11
-5
-11
7
34
46
29
-5
-29
-28
-15
4
2
-24
-42
-36
-8
19
22
-3
-22
-6
6
13
13
-1
-19
-32
-24
-11
3
12
4
-5
-6
13
29
27
11
-7
-12
-5
2
-11
-18
-20
-20
-8
11
30
23
3
-7
4
30
46
30
-4
-23
-30
-18
5
8
-2
-8
-5
8
31
34
16
-5
-18
-20
-10
-3
-17
-30
-29
-20
-4
16
33
43
37
24
19
21
14
-4
-24
-40
-35
-16
-3
3
7
9
17
31
34
26
5
-14
-24
-24
-28
-34
-33
-29
-13
4
12
18
21
16
5
0
-4
-1
-3
-14
-22
-23
3
21
16
19
23
22
25
24
12
4
2
-7
-11
-9
-8
-13
-16
-9
-1
8
11
10
-4
-15
-11
-9
-8
-10
-20
-29
-23
-15
-8
9
14
13
13
16
20
15
4
-9
-14
-16
-12
-10
-6
-11
-19
-14
-2
13
17
10
5
9
9
8
1
-11
-27
-40
-34
-20
-5
3
-5
-6
6
26
35
35
23
-2
-12
-10
-11
-8
0
6
1
8
15
14
18
12
-3
0
14
13
4
-14
-23
-21
-15
-4
-4
-5
-3
5
20
24
20
12
2
-4
4
12
6
-1
-9
-8
4
9
16
9
6
11
11
3
-7
-16
-15
-2
4
0
-3
-4
-1
1
1
-4
-12
-15
-8
2
5
4
-5
-15
-15
-1
5
3
1
3
-2
-1
1
-1
4
10
12
3
-2
-3
-5
-8
-10
-7
1
-3
-16
-20
-16
-10
0
7
-3
-9
-11
-12
-10
-12
-3
-1
-4
0
7
10
14
10
-6
-1
9
12
19
24
18
5
-9
-6
2
9
8
-7
-20
-18
-5
6
10
4
0
-1
4
9
10
3
1
4
1
-4
-3
-9
-17
-19
-14
-4
1
1
-5
-4
6
3
-2
-2
-4
0
2
0
0
3
6
2
5
13
16
12
1
-1
8
12
12
7
6
3
4
7
8
6
-2
-1
2
8
11
1
-12
-14
-4
-2
-4
-3
-8
-11
-9
-3
-5
-5
-6
-11
-5
-1
5
6
0
6
4
1
3
-1
1
5
9
6
-6
-9
-8
-2
6
4
-2
1
3
2
1
-4
-3
-6
-7
-13
-15
-6
0
5
4
8
11
5
9
8
3
10
8
-2
-4
-1
0
2
1
-1
-3
-7
0
8
7
5
-7
-13
-7
-2
0
-4
-13
-21
-17
-3
1
2
2
1
1
9
6
3
4
-3
-5
1
13
11
2
0
-5
-1
8
14
13
8
4
-1
-5
-2
-2
-6
-11
-13
-7
4
9
3
-4
1
7
13
14
6
-3
-7
-5
-6
-10
-13
-13
-10
-3
2
-1
5
9
7
7
5
3
0
2
4
3
0
-5
-11
-10
-8
-3
2
0
3
0
-1
3
1
-3
-6
-5
-3
4
5
0
-7
-9
-8
-4
5
6
6
3
1
5
7
10
3
-5
-6
-6
4
5
-1
-1
-1
-3
-5
-4
-2
-3
-9
-12
-8
-5
-4
-10
-10
-6
-6
1
2
-1
-3
-7
-4
-4
-4
-3
-5
1
6
5
3
-1
-1
3
7
6
7
8
2
-4
-5
-2
5
15
16
5
2
1
6
9
3
-3
-7
-5
2
11
14
12
8
5
1
4
13
9
4
-5
-4
-6
-7
0
1
3
-4
-7
-6
-1
2
2
0
-2
-2
-2
-2
1
3
1
4
5
8
6
10
11
5
0
-10
-17
-18
-9
-6
-9
-4
-4
-4
-6
-8
-6
-2
4
1
-5
-8
-3
4
-1
-4
-2
1
4
9
7
2
-2
-1
1
3
3
5
7
2
3
-2
-7
-13
-16
-8
0
6
4
2
-2
1
6
9
11
11
9
4
2
2
0
-3
-7
-9
-5
5
14
21
20
11
7
5
9
13
5
-2
-2
-5
-13
-12
-4
-5
-5
-4
0
3
6
3
-6
-11
-12
-9
-1
-2
-3
-2
-1
-1
1
1
-7
-11
-13
-7
-6
-2
2
-4
-3
-6
-6
-5
-4
-3
-8
-5
-3
-1
-1
-3
-2
-1
4
7
5
7
11
11
5
1
-1
-1
8
17
17
15
14
8
2
-5
-11
-4
2
2
1
-4
-9
-9
-2
3
7
12
3
-7
-3
2
1
-5
-11
-10
-1
4
9
16
14
11
9
10
11
8
1
-1
-1
-8
-11
-9
-9
-8
-8
-10
-11
-4
-3
2
7
-2
-6
-5
-3
0
7
8
7
10
4
2
1
-2
0
0
2
3
0
-2
-9
-7
-8
-12
-6
-2
3
2
-3
-13
-15
-10
-1
5
2
-1
-1
3
9
8
2
0
4
12
11
3
-7
-12
-7
-3
-1
2
3
4
2
4
5
2
6
4
4
2
-2
-2
4
9
8
11
16
11
9
13
14
7
-1
-3
-1
2
-1
-2
-12
-20
-16
-15
-10
-8
-8
-5
1
6
-2
-7
1
5
12
12
6
-1
-1
-2
-5
-3
-7
-16
-23
-21
-16
-10
-9
-15
-13
-17
-13
3
-2
-4
-10
-17
-12
-5
8
9
1
4
-2
15
29
27
20
-1
1
8
2
12
18
5
-2
-12
-12
8
15
9
4
11
12
-4
1
0
-1
1
-8
-1
13
9
6
13
13
9
1
1
11
16
5
-3
-1
-14
-23
-8
7
9
3
-7
-5
4
14
15
11
14
4
-2
3
5
13
10
-14
-9
-5
-2
17
9
4
-3
-6
14
15
14
13
-3
-8
-21
-24
-1
4
-16
-59
-48
9
25
14
-8
-21
-13
-9
6
13
-6
-24
-47
-31
13
20
-5
-38
-26
10
16
22
20
-9
-18
-22
-33
3
6
-13
-10
-4
4
-7
29
40
-1
-4
4
26
43
11
-10
-5
-19
11
22
10
18
4
1
5
-9
-18
-16
5
14
-18
-14
-6
-22
-16
4
9
-2
-22
-24
-6
13
14
-20
-6
28
24
16
11
20
12
4
1
6
10
-24
-35
2
27
7
-6
1
-11
-6
0
0
24
16
-24
-13
-11
-13
3
-10
-13
-9
-8
2
10
3
-21
-18
1
9
19
29
19
-10
-10
-5
2
40
22
-17
-29
-22
-11
-14
-4
4
-4
-13
-6
5
12
31
29
1
0
-10
-9
24
9
-15
-6
-18
-2
6
1
12
13
10
1
-4
9
12
20
24
-13
-10
1
12
9
4
25
-3
-29
-21
-4
10
15
7
-6
-7
8
-2
-22
-1
0
-6
8
11
-18
-34
-15
-19
10
37
16
-13
-12
-17
-20
7
19
-22
-67
-43
4
29
29
-9
-26
-15
2
-4
-7
8
-1
-17
-31
-19
-9
-2
13
9
11
36
47
19
-3
-1
17
28
30
30
-8
-37
-20
-10
14
35
14
-14
-3
7
12
32
17
-11
-17
-21
-15
-5
-9
-13
-3
-1
-14
-26
-46
-30
18
11
1
-18
-29
-20
0
31
13
-3
-6
-7
3
20
26
6
7
1
0
21
33
29
14
-8
-14
-10
-1
8
5
13
16
8
15
23
29
31
15
20
15
16
24
16
16
5
17
30
13
3
9
24
21
3
-14
-21
-4
2
-12
-10
-2
-8
-25
-29
-36
-18
-5
-14
-15
-19
-10
-2
-5
6
17
-11
-15
-15
0
6
-2
1
-22
-10
-12
-27
-24
-14
7
-3
-11
-16
-34
-31
-6
13
5
1
-11
-21
4
14
6
-8
-6
-10
-29
-16
-9
-2
2
1
-5
-21
1
15
29
28
14
-6
-8
2
-10
2
8
14
23
16
-6
-8
8
16
12
-3
-9
-11
-5
-3
-17
-5
10
11
22
30
28
12
-5
-14
-13
9
13
-16
-18
-7
4
28
13
1
10
-1
-10
-8
16
18
10
4
-27
-19
-11
-2
18
-6
4
-4
-33
-29
-35
-15
4
-1
-2
-5
-13
7
-5
-7
12
3
22
21
-8
-3
-15
-20
2
-1
-5
-2
0
-5
0
11
1
13
13
6
-1
0
17
-5
-6
8
10
20
19
10
-3
-6
1
9
14
12
19
3
-26
-14
-1
9
15
-9
-22
-18
-8
-1
2
8
1
-13
-3
4
-11
3
7
-1
5
-1
-6
-8
-5
-3
-13
-3
5
6
19
15
15
19
23
5
-2
16
12
-4
-8
-7
-14
-8
10
14
5
-3
-5
-7
-5
0
-4
-17
-20
-21
-35
-21
6
-1
13
1
-19
-2
-1
19
11
1
17
-7
-16
-14
-10
-3
14
21
13
16
10
17
8
-12
9
10
8
10
-13
2
3
-4
2
-5
-11
-10
-15
-12
11
7
-3
-3
-15
-4
10
5
9
15
26
11
-5
-13
-8
-1
-4
-7
-16
-4
-3
-9
0
-3
23
25
4
7
-8
-3
3
-5
16
7
2
-5
-24
3
12
13
14
-2
-5
-6
6
7
-1
6
13
4
-13
-10
-7
-3
8
-2
-1
-2
-13
-5
-9
-21
-8
1
7
15
5
0
3
-5
11
14
12
8
-21
-12
-9
-19
-8
-5
-1
2
-4
-7
-8
5
19
10
7
-1
-7
-8
-7
4
-2
3
-6
-6
3
-6
5
-4
-13
-2
-6
-11
-9
-19
-4
3
1
5
3
15
8
-7
-13
-8
2
2
10
11
4
1
-6
0
12
23
10
-3
-7
-16
-6
6
9
21
12
-5
-2
-6
12
20
5
8
-2
-14
-15
-17
-10
-1
-4
-6
-1
-2
6
14
8
5
1
-8
-11
-6
-12
-10
-6
-3
7
5
3
5
7
10
12
16
5
-6
-14
-17
-10
1
-2
-5
7
-1
0
7
8
22
19
7
2
-4
-8
-13
-12
-6
-2
1
-2
-4
2
0
-1
-5
-12
-12
-12
-18
-21
-15
4
21
21
7
-3
2
1
4
-3
-8
-9
-15
-18
-15
-5
-4
5
12
11
10
3
-12
-18
-8
7
5
0
0
2
9
6
10
7
5
0
-7
-8
-5
-2
4
15
14
13
5
2
8
4
6
6
-1
6
1
-5
0
5
5
5
5
2
2
8
3
4
8
0
1
4
3
-1
0
3
-1
15
15
13
11
-3
-9
-12
2
5
-2
-5
-15
-8
1
20
19
11
21
4
0
-2
-12
-4
-9
-7
-5
-19
-16
-8
3
17
17
12
2
2
-2
-9
-4
-6
-1
-6
-20
-23
-28
-8
-2
-11
-10
-13
-4
-6
-2
9
5
10
0
-1
1
-4
-1
-8
-3
2
-1
-3
-9
-2
-1
4
4
3
11
3
0
-10
-10
4
4
3
-8
-4
-2
-4
-1
-3
6
5
-5
-7
-6
3
-1
-13
-14
-10
1
1
6
18
11
10
8
0
-3
-8
-6
1
6
14
12
10
7
3
3
8
9
3
7
5
-3
1
-5
-5
2
2
4
-7
-2
7
-2
-1
0
8
8
-1
-4
-9
6
7
7
15
3
-1
-6
-7
-3
-2
9
5
1
-7
-12
-1
-6
6
12
11
11
-1
0
-3
-7
-8
-7
-9
-10
-8
-9
-11
-4
1
3
9
2
-2
-7
-6
-1
-6
-1
-7
-5
-8
-14
-6
1
9
9
3
-1
-1
-1
-2
-1
0
5
7
5
2
-7
-4
3
4
3
3
1
-4
-4
-10
-7
-3
0
0
-9
-11
-10
-9
5
4
0
-6
-7
4
1
2
-2
-6
0
2
5
12
11
6
8
3
6
13
4
5
8
11
9
2
0
2
3
2
8
0
4
9
7
13
9
9
10
1
4
9
7
5
-3
-10
-10
-2
3
-5
-6
1
1
6
4
-5
-3
2
0
-9
-14
-11
-11
-11
-15
-11
-9
-6
-8
-6
-5
-7
-7
-9
-7
1
1
-6
-7
-8
-6
-10
-13
-6
-1
2
-2
0
7
11
8
3
4
2
8
-1
-6
2
2
4
1
4
7
-1
-3
-1
5
4
0
-1
-4
-4
-2
5
5
10
9
3
10
13
11
12
17
12
5
8
8
5
3
1
-4
1
3
-1
2
-2
-7
-5
-9
-5
-1
-5
-9
-14
-8
-2
-2
0
-1
3
7
9
5
3
3
3
0
-2
1
2
3
-6
-2
4
-4
-9
-10
-11
-8
-4
-4
-5
1
4
3
5
7
7
4
2
3
0
7
5
-5
-11
-9
2
4
4
1
0
3
6
6
5
8
13
9
4
0
-5
-4
-2
3
5
4
-1
-2
-6
-10
0
4
7
2
-2
0
-2
-7
-9
-8
-9
-5
-4
-12
-11
-5
-4
0
0
-2
0
1
-4
-7
-5
-1
-3
-10
-8
1
0
1
3
8
6
0
3
8
8
4
2
0
0
-5
-6
1
0
-1
-4
0
4
3
-2
-7
-8
-6
-3
-4
2
6
8
9
7
6
3
12
17
12
9
4
4
1
-4
-5
-7
-9
-14
-11
-10
-5
-2
-6
-4
-5
-8
-6
1
1
-2
-1
-4
-3
-2
7
10
9
4
-2
-4
-7
-5
-8
1
7
12
18
12
12
12
9
7
8
7
7
9
-3
-13
-6
-5
-5
-3
-2
1
4
7
7
5
2
-2
-5
-3
-2
0
1
4
7
6
-1
-6
-5
2
7
1
-6
-9
-4
0
-3
-2
2
4
4
3
-4
-5
-6
-8
-3
4
9
6
-1
-6
-12
-14
-12
-7
-8
-9
-11
-5
-2
-2
-1
-4
1
4
6
3
-1
-6
-10
-9
-7
-6
-2
0
0
6
10
10
8
9
6
0
-2
0
0
-1
-1
2
4
7
8
8
4
-6
-10
-6
1
4
5
6
7
5
0
-3
2
1
-1
-2
1
-2
-6
-3
0
1
0
-2
4
9
9
11
10
6
2
-7
-9
0
2
0
-1
-4
-4
-3
0
1
-1
1
5
4
-1
-1
2
7
9
5
2
2
2
6
6
1
1
0
-3
-3
-1
0
4
8
6
0
-3
-6
-9
-4
-3
-6
-6
-9
-8
-5
-8
-8
-8
-6
2
4
3
3
2
1
1
2
4
4
3
1
-1
-2
-4
-3
0
6
3
0
2
2
2
4
8
5
8
3
-10
-12
-10
-2
4
1
-2
-3
-3
-6
-10
-9
-7
-2
1
0
0
4
3
0
1
5
5
3
0
-1
-5
-7
-12
-10
-4
1
4
6
12
12
9
3
-2
-4
-3
-4
-2
-3
-7
-7
-15
-13
-15
-14
-4
3
7
7
0
-2
-5
-5
-3
-2
1
0
0
1
3
2
-1
-3
-3
-2
-1
-5
-6
-2
-2
-6
-4
-2
-1
2
10
10
9
5
-4
-6
-2
0
0
-1
-5
-4
2
1
-1
0
6
8
3
1
0
-2
0
1
2
6
6
2
-4
-4
7
11
9
8
7
9
9
6
6
4
6
3
-5
-9
-10
-8
-9
-11
-10
-7
-4
2
10
8
6
5
4
7
7
10
10
6
3
-3
0
10
14
15
15
15
13
11
14
9
6
-2
-7
-4
4
7
6
3
-1
-4
-4
-7
-9
-6
-10
-5
-1
0
-3
-10
-12
-8
-8
-3
0
0
3
3
-1
-2
-6
-13
-11
-11
-13
-7
-1
-2
-2
-4
-1
5
10
12
8
3
2
1
2
1
3
4
-4
-7
-5
-5
-3
-6
-6
-1
4
7
5
0
-2
0
3
3
4
4
2
-1
-5
-2
1
-1
3
4
-1
-2
0
5
7
3
-3
7
13
3
-3
-3
8
5
-4
-10
-9
-8
-11
-10
-12
-6
-2
-9
-1
9
11
1
-5
-5
2
2
-7
-8
-3
1
-1
-9
-10
-8
-3
1
-4
-7
-11
-8
-3
-9
-11
-9
-8
0
3
-4
-7
0
1
2
-3
-16
-14
-9
-1
0
6
18
17
13
17
22
21
16
9
4
6
3
-3
0
0
-5
0
5
10
12
9
9
8
7
4
2
3
0
-4
-3
-8
-7
-7
-4
3
4
0
-6
-6
-5
-4
-2
-2
4
-4
-6
-1
3
-1
-5
-1
1
5
6
4
5
11
6
8
11
10
3
-4
-5
-6
1
10
9
4
1
2
8
11
6
3
-5
-11
-14
-13
-10
-12
-10
-5
2
11
9
6
-1
-8
-13
-13
-13
-15
-6
-3
0
4
5
7
15
18
14
19
18
17
19
5
-2
-2
1
5
1
0
3
4
2
-5
-13
-13
-14
-15
-10
-7
-9
-6
-10
-11
-6
-1
-3
-9
-10
-9
-12
-9
-4
0
8
9
4
2
4
5
12
15
6
1
-2
1
4
-2
-2
-3
-9
-8
-5
0
7
8
5
10
11
10
11
6
-2
-2
3
7
3
2
1
-1
-3
-7
-3
-3
-7
-9
-10
-6
3
5
7
11
5
-2
-4
0
-3
-7
-7
-5
-1
0
-1
1
3
7
1
-2
8
11
8
1
-9
-15
-13
1
11
13
8
-2
-4
-1
3
0
-8
-15
-14
-11
-12
-6
5
15
17
11
4
-5
-2
-3
-3
-8
-11
-6
-5
-5
-2
-1
1
5
-4
-10
-3
0
-4
-2
-1
-2
-1
-7
-5
3
-1
-4
-4
-6
-5
-7
-10
1
8
13
20
17
15
15
15
11
9
8
8
-1
-9
-15
-11
-3
-3
2
5
6
2
-6
-1
10
12
1
-9
-9
-9
-5
-7
-9
-6
-6
-9
-8
4
12
10
6
1
3
6
14
19
18
16
2
2
8
6
10
9
10
7
4
1
4
6
3
3
4
0
-2
0
0
-1
-10
-14
-9
0
9
5
0
-10
-15
-9
-2
-1
2
5
1
-3
-5
-5
-6
-5
-4
-3
1
1
-4
-12
-12
-11
-13
-15
-17
-14
-3
6
6
-3
-7
-7
-4
3
1
3
5
0
-6
-4
-4
-1
0
-6
-12
-13
-5
-4
-7
-6
-3
0
4
6
11
8
-2
-8
-8
1
4
-2
-7
-3
-1
12
17
16
15
4
-2
4
6
2
3
3
0
-8
-7
5
12
7
6
12
16
15
10
12
10
13
5
-4
-3
-2
-2
-9
-16
-20
-20
-8
-3
5
7
6
9
1
-1
1
2
5
3
-3
-5
-6
-4
-5
-4
-5
2
4
-2
6
6
2
1
0
-4
-5
-5
-5
-2
0
-3
-6
-1
5
5
6
7
10
14
12
5
5
8
3
0
7
7
4
0
-3
-3
-1
5
3
-2
-6
-12
-17
-12
-4
0
-3
-7
-15
-16
-7
1
5
1
1
6
5
-1
6
11
1
-2
-4
-7
-5
-5
-15
-11
-1
1
3
4
8
11
4
2
1
3
5
4
-1
2
1
3
8
9
14
10
0
-2
0
-1
5
9
6
7
6
0
-2
2
3
3
4
6
-1
1
0
-8
-5
-6
-5
0
-2
-5
-3
0
1
4
8
5
4
-3
-5
-5
-8
-5
-1
-4
-7
0
2
-2
1
2
8
4
-5
-6
-2
0
-1
-7
-12
-9
-10
-9
-7
-5
-8
-11
-8
-6
-3
-2
2
3
6
9
5
-3
-7
-4
1
1
2
6
10
9
7
10
12
12
7
2
4
11
7
0
-1
-2
-6
-11
-18
-25
-12
-4
-5
-3
-3
-1
0
1
2
6
9
4
-1
-3
-2
-4
-6
-9
-7
-7
-11
-13
-10
-3
-2
1
1
-1
-5
-3
3
4
5
3
2
9
10
6
0
-2
0
-5
-6
-4
-6
-8
-6
-5
-1
5
4
2
11
15
7
2
3
-1
0
3
0
1
1
-3
-7
0
10
6
4
5
12
22
24
26
19
6
3
3
-4
-2
0
-2
-7
-9
-9
-7
0
4
5
5
4
0
0
0
-3
-6
-8
-10
-11
-9
-16
-17
-15
-12
-6
-5
-7
-9
-5
-6
1
3
5
1
-2
0
-1
4
1
-5
-10
-11
-7
-7
-9
-10
-12
-10
-13
-11
-4
2
4
1
8
14
7
6
10
9
11
10
2
-1
0
4
2
3
9
6
-2
-4
-2
-3
-4
2
1
3
11
7
4
-1
-3
-4
0
5
1
-5
-6
-7
-9
-4
5
7
13
12
13
7
-3
3
8
7
6
7
5
9
10
6
8
12
14
9
4
6
1
-6
-8
-6
-3
0
1
-2
1
3
1
-1
-9
-16
-14
-8
-4
1
-5
-4
5
4
2
-1
3
5
9
5
-5
-4
-4
-3
1
6
12
7
3
1
-7
-7
-10
-6
-4
-3
-3
-9
-11
-10
-6
0
6
8
-1
-1
-6
-2
10
7
4
-4
-3
1
1
-1
-4
-1
-2
0
-2
1
6
7
8
2
1
0
-3
-2
3
5
6
6
0
1
1
-4
0
1
-1
-8
-13
-11
-7
-3
5
16
11
9
11
0
4
-1
-4
-3
-8
-9
-13
-12
-10
-5
-10
-18
-11
-9
-6
-7
-4
2
-2
3
8
9
14
14
-1
-7
2
0
-4
-1
-1
-4
-7
-6
-4
2
2
-5
0
8
14
14
12
13
12
9
9
9
3
4
8
9
5
2
6
1
-4
-2
2
5
7
2
-2
5
3
-1
1
2
-2
-3
-4
2
0
-11
-13
-14
-12
-7
-6
-2
2
6
10
11
10
8
5
6
7
5
2
5
7
5
4
4
0
1
1
2
3
-2
-5
-3
-1
1
5
5
-4
-8
-7
-11
-11
-14
-18
-17
-12
-9
-6
-1
3
0
-3
6
16
17
14
8
5
0
-2
-1
-7
-5
-4
-5
-2
-2
-6
-11
-12
-9
-3
-2
-6
-6
-3
0
-7
-14
-13
-11
-9
-13
-11
0
9
11
8
7
10
14
9
-1
-7
-8
-4
-3
-4
-5
-3
-2
-1
-5
-6
-9
-11
-10
-11
-9
-2
0
0
1
2
7
11
11
7
7
5
13
19
15
11
13
16
18
14
13
9
8
6
4
4
5
4
-1
2
-2
-7
-5
-5
2
-1
0
2
0
-4
-3
2
1
0
0
-1
2
2
0
-4
-1
1
3
8
8
8
9
3
3
3
-1
0
-2
1
-6
-11
-5
-4
-5
-3
-3
-8
-12
-6
-3
-8
-6
0
4
6
6
-3
-13
-12
-8
-7
-1
7
2
-6
-2
-1
-1
0
-1
-1
0
4
3
-5
-10
-10
-5
2
3
1
-1
-2
4
0
-2
1
1
-1
-3
2
-1
-6
-11
-12
-9
-8
-8
-2
2
2
1
-1
-1
5
9
13
10
8
7
3
5
7
4
1
-7
-10
-11
-6
6
6
3
3
10
10
8
3
-1
1
-2
-3
-4
-1
0
-1
-1
0
9
10
7
4
2
4
5
4
3
2
0
-3
0
6
3
0
-1
-5
-4
-5
-7
-7
-4
2
-2
0
10
5
0
-9
-10
1
7
8
-7
-19
-20
-14
-5
-6
-15
-15
0
15
25
14
-3
-14
-10
8
12
4
-9
-16
-5
4
4
-2
-10
1
13
11
11
-4
-10
-7
-14
-11
-16
-17
-6
1
11
8
4
11
13
16
13
8
9
-1
-1
6
4
5
-1
-1
13
12
8
-2
-10
3
2
7
1
-20
-9
-6
3
9
-16
-15
-1
7
20
8
0
-2
-3
11
4
-3
-5
-12
-2
-3
-3
1
-4
3
4
0
2
-3
4
5
-4
5
2
-8
3
1
3
0
-10
5
-5
2
2
-14
4
-3
-2
3
-6
6
0
-3
0
-11
-1
-3
-9
-4
-12
-13
-14
-14
5
13
6
6
-4
2
8
-2
5
0
6
8
-2
5
1
-2
7
-5
-4
-5
-17
-13
-17
-4
-5
-10
-1
-2
-1
-5
-12
-9
-3
15
19
-1
-4
-2
-2
1
-5
-5
3
12
17
14
13
7
8
12
13
14
10
13
5
1
2
6
15
9
5
2
5
6
1
6
6
7
2
4
17
13
12
8
3
1
-6
0
1
1
-2
-6
-4
-2
0
-2
0
-3
-10
-10
-4
3
1
-6
-9
-7
-8
-9
-14
-13
-8
-7
-6
-10
-13
-13
-15
-16
-17
-13
-9
-2
-3
-1
10
11
10
3
5
9
12
11
0
0
-1
-1
4
-1
-3
-4
-1
7
17
17
4
-1
-3
-8
-5
-8
-6
2
2
7
1
-8
-9
-8
2
1
-4
-5
-15
-14
-9
-5
2
5
8
12
15
14
10
9
8
11
10
5
3
2
5
8
8
7
9
11
12
10
-1
-4
-5
-4
-1
-1
-2
-4
-7
-8
-7
-2
-3
-11
-7
-4
-6
-6
-10
-15
-11
-6
1
-1
4
9
5
8
7
2
-6
-13
-12
-6
-2
-3
-5
-5
5
8
4
5
1
0
-1
2
-3
-10
-16
-15
-7
-3
1
0
0
3
5
0
1
4
1
7
6
2
4
2
5
6
9
7
-1
0
5
6
7
4
1
6
5
-2
-5
-8
-5
-4
-1
4
1
2
5
6
9
7
4
1
-1
3
-6
-8
-6
-9
-5
-2
0
3
0
1
2
-2
-5
-11
-10
-8
-10
0
1
1
8
3
4
4
3
10
8
10
11
-1
-1
-6
-7
2
-9
-14
-14
-11
2
6
8
5
3
2
-4
-4
-4
-10
-7
-10
-5
1
-5
-5
0
2
2
2
-4
-6
3
-2
-4
-3
-7
-3
-3
-4
-4
-5
4
7
9
8
6
2
-1
4
-1
-3
-4
-6
-2
-6
1
2
-1
7
1
-10
-10
-13
-9
-3
-5
-5
-10
-9
-7
2
-2
-10
-8
-10
-10
-14
-7
-1
-5
-2
-2
0
6
10
14
11
10
8
5
4
4
3
2
-1
2
5
10
11
6
4
5
15
15
4
4
-3
-3
-1
-3
-5
-5
4
7
7
6
3
5
2
2
0
-1
-2
1
3
5
1
-2
2
3
9
7
6
5
-2
-1
3
6
9
7
5
9
5
0
-1
1
3
-3
-1
-4
-15
-17
-25
-23
-14
-13
-12
-12
-6
-2
-2
-2
6
9
7
4
-3
-9
-14
-9
1
6
13
17
17
21
17
20
26
26
26
19
19
16
13
8
2
0
-5
-3
-1
1
8
2
-2
-4
-12
-12
-17
-19
-11
-3
-4
-9
-14
-19
-15
-6
-4
-1
-4
0
-1
-9
-12
-11
-6
3
6
8
9
9
3
-7
-4
5
5
4
4
1
0
6
2
-3
-5
-5
-6
-8
-3
-3
-5
-5
-8
-6
-4
-3
0
-2
-2
-1
-4
-1
-5
-2
-1
3
14
16
21
19
12
9
9
10
6
9
8
6
8
9
11
10
11
4
-3
-2
1
-1
-4
-7
-12
-9
-5
-6
-4
2
6
7
13
9
2
-1
-1
-1
2
5
6
5
5
13
14
20
19
11
6
-3
-4
-9
-8
-8
-12
-6
-8
-5
-1
-1
-1
-3
-9
-10
-10
-16
-18
-17
-15
-10
-6
-1
-2
-2
-2
-5
-2
-2
-3
-4
-8
-9
-10
-5
3
7
8
5
3
5
7
2
-3
-6
-4
-5
-10
-9
-3
2
10
12
7
1
-8
-5
-3
0
4
1
1
-4
-5
-9
-14
-11
-10
-7
-5
-8
-8
-7
-7
-6
-7
-2
4
7
9
8
6
4
4
-2
-7
-8
-6
0
6
9
6
2
6
7
2
2
4
0
0
1
-1
1
0
-7
-5
-3
-1
1
2
-5
-11
-6
-3
1
7
7
5
6
8
6
1
1
2
1
5
10
10
10
5
7
10
12
10
3
6
6
7
12
7
8
7
10
12
9
8
1
-4
-3
-6
-1
2
-3
-6
-4
-5
-3
-5
-9
-3
-4
-2
-4
-6
2
5
7
8
3
-4
-12
-15
-14
-8
-1
-4
-3
-1
-5
-4
-5
-6
-4
-3
-3
-5
-5
-12
-16
-9
-10
-7
-5
-4
-2
4
4
3
2
0
-2
-6
-10
-7
0
3
-1
1
5
5
7
9
7
6
3
2
0
2
5
5
3
2
3
5
7
5
-4
-8
-7
-10
-9
-5
-6
-7
-8
-4
2
4
7
9
9
12
14
8
-1
-6
-7
-6
3
9
10
9
12
12
13
11
6
4
2
1
1
-2
2
3
10
11
1
3
0
2
4
-1
1
1
-3
-5
-7
0
5
-6
-7
1
4
5
2
-2
-2
-3
-7
-17
-19
-5
2
3
4
-2
-5
4
9
3
-6
-10
-7
-4
-1
-14
-19
-9
0
14
1
-4
-9
-21
-7
6
11
7
-15
-27
-23
-9
-4
-14
-12
5
6
7
4
3
10
8
6
7
5
5
6
9
4
-2
-1
2
1
-12
-15
0
7
10
4
0
6
2
-5
-1
7
13
10
2
5
1
-6
0
2
8
9
8
13
9
8
13
11
13
6
-8
-7
-8
-3
-2
-4
-3
-12
-9
-7
0
8
7
5
3
2
-1
2
1
-2
2
-1
-8
-4
3
3
-1
-5
-6
-2
-1
-1
-4
-10
-9
-9
-1
2
-1
-2
-8
-9
0
1
1
6
4
-2
-4
-12
-10
-2
3
2
-5
-11
-13
-4
-1
-2
-2
-5
-6
-9
-1
-4
-6
-5
-1
6
3
-1
2
14
18
-1
-18
-14
8
26
19
9
-10
-19
-11
-8
6
7
-4
-2
-6
0
5
-2
-4
7
13
9
-1
-11
-13
-11
-10
-9
-1
10
11
15
2
-6
13
15
14
-1
-20
-5
-9
-13
-4
3
14
12
2
-2
1
4
0
-6
-1
-8
-8
-1
-10
1
7
