-4
-3
0
-5
-9
-5
-5
-4
1
3
3
0
-1
0
-2
-7
-11
-9
-3
-2
-6
-4
-5
-9
-7
-3
-1
1
0
-4
-4
-3
-1
-2
1
2
2
4
6
4
2
2
0
0
4
6
4
-1
-5
-6
-7
-2
2
1
2
6
1
-5
-4
-4
-4
-4
-10
-6
-3
-1
1
-3
-2
6
7
12
16
14
10
6
6
1
0
-1
-6
-8
-7
-6
-6
-10
-10
-3
-5
-6
-5
-5
-7
-8
-9
-6
5
7
6
5
5
9
12
9
12
11
1
2
6
6
7
9
8
10
16
19
17
13
8
1
-1
4
7
6
-2
-2
-5
-6
-5
-5
0
6
7
7
10
6
-4
-8
-7
-4
0
-2
-7
-13
-13
-15
-16
-12
-8
-7
-5
-1
-3
-1
-7
-6
-3
0
7
6
6
4
8
10
6
9
9
5
0
0
1
2
5
6
4
-2
1
3
-1
2
5
12
14
6
3
-2
-10
-13
-15
-10
-3
-4
-6
-7
-1
1
1
3
5
11
6
5
-2
-6
-4
-6
-5
-7
-3
-5
-11
-11
-14
-11
-9
-11
-12
-11
-9
-4
-6
-13
-9
0
4
9
9
5
3
-5
-6
-12
-11
-3
1
3
3
2
-2
-9
-3
-3
0
12
13
6
2
-2
-3
-2
0
2
3
7
6
3
3
2
2
-9
-12
0
7
12
5
0
3
4
-4
-8
-7
-4
0
-4
-6
-6
-2
-1
1
5
8
11
12
1
-8
-5
-4
-2
2
4
8
16
8
2
4
-1
-6
-2
-4
-4
-1
-1
-4
-6
-5
-3
-2
0
0
-1
-1
-2
-4
-11
-7
0
-4
0
1
4
5
6
10
7
8
11
7
2
1
-2
-7
-7
-5
-5
-1
1
0
4
3
5
7
3
1
0
1
1
4
5
4
2
4
12
15
14
11
5
9
15
16
16
18
13
11
7
7
4
1
-1
-7
-10
-14
-11
-5
-2
-4
-7
-7
-2
-2
-4
-9
-11
-3
-2
-6
-9
-5
-3
-3
2
0
1
2
-2
-1
-2
-5
-6
-1
-2
-2
-4
-9
-5
-1
4
4
4
5
5
1
0
-1
-3
-3
-7
-8
-5
-9
-9
-5
-4
1
2
2
4
7
8
6
1
-3
-6
-6
-10
-13
-11
-2
3
0
-2
-1
-4
-3
1
6
10
14
11
3
-1
-3
0
0
4
9
6
5
6
0
-3
2
6
8
11
6
2
1
8
10
6
5
7
7
1
3
4
0
-3
-3
-6
-6
-7
-8
-5
-6
-4
3
1
3
1
-3
-4
-4
-8
-10
-5
-3
-7
-7
-7
-9
-11
-10
-6
-1
0
3
4
7
9
14
15
9
8
6
1
-1
-2
-7
-10
-6
-5
1
2
5
7
5
6
11
12
8
7
2
4
7
4
-2
-6
-3
-8
-12
-10
-5
-4
-1
-4
-9
-8
-11
-12
-6
1
0
-3
-8
-6
-2
-6
-10
-9
-7
-8
-8
-6
-2
1
6
4
3
6
9
11
11
9
5
-2
-4
-5
-4
-5
-7
-11
-17
-14
-8
-4
1
3
7
5
2
0
-3
1
6
9
6
5
6
10
11
9
10
10
11
10
8
5
1
3
-1
0
4
10
11
10
15
13
6
2
-2
-6
-7
-8
-6
-3
2
4
4
0
2
2
4
3
4
2
0
3
2
-1
-4
-9
-4
-1
-7
-4
-3
-5
-6
-9
-9
-4
3
5
4
4
0
-4
-6
-10
-9
-13
-12
-8
-7
-4
-4
-1
-1
0
4
4
7
15
14
9
1
4
10
12
11
5
3
8
12
12
2
-7
-8
-9
-6
-4
-1
-5
-12
-8
7
11
7
3
-2
3
8
-1
-11
-15
-11
-15
-14
-8
-5
2
3
7
15
16
16
9
3
-3
-9
-15
-22
-18
-12
-11
-8
-1
5
3
-1
-5
-2
-1
-8
-12
-13
-14
-17
-11
-5
-2
4
1
-3
3
5
1
-3
0
-2
-6
-4
-5
-5
1
5
7
7
5
11
9
10
14
11
6
7
3
-2
0
5
4
3
7
1
-4
-1
2
0
-6
-8
-5
-7
-5
-6
-9
-10
-9
-5
-1
2
0
-7
-8
0
7
8
4
7
8
7
7
6
6
5
7
9
2
5
4
-2
1
2
2
0
1
2
-5
-5
-7
-8
-1
4
4
-1
0
-1
-4
0
2
6
6
2
3
-5
-8
-9
-7
4
5
7
8
1
3
4
2
0
-5
-5
-1
7
-1
-15
-16
-13
7
22
22
14
-2
1
8
17
4
-14
-11
-1
17
19
5
-4
-8
2
11
21
21
-4
-11
-5
3
3
-6
-2
-9
0
-3
-16
-2
7
4
-5
-9
-12
-12
2
5
1
-1
-1
2
1
6
1
-8
-1
-6
-6
-6
-7
-4
-11
-4
-3
-9
-1
-3
-1
-1
-1
0
-5
-4
-8
-6
-9
-14
-6
-7
-3
-5
-12
0
0
12
18
9
8
-4
-9
-16
-15
-2
-5
2
3
-2
7
6
10
10
7
5
-3
5
9
7
4
-3
0
-4
6
8
-3
1
-4
1
6
3
0
-7
5
11
10
19
13
14
10
4
9
-2
-5
-8
-7
4
5
6
0
2
7
5
7
3
0
-2
-4
-2
-13
-13
-11
-16
-11
-3
5
8
2
0
-2
3
4
11
7
1
8
1
8
5
4
13
12
16
16
6
5
6
-1
-6
1
4
-1
2
2
-2
-2
-2
-1
3
8
5
-2
-4
-7
-7
-10
-10
-4
-4
-3
-4
-9
-1
4
0
-6
-3
2
5
13
8
4
0
-5
-1
-5
-3
0
-1
-1
-2
4
8
6
3
-2
-3
1
0
-6
-10
-9
-8
-7
-4
-7
-6
-6
-1
-1
-11
-12
-6
3
10
4
-3
-12
-14
-2
5
14
4
-4
-12
-17
-8
-6
0
-1
-5
-10
-13
0
6
11
12
-3
-6
-10
-12
-3
-9
-10
-10
-9
3
6
3
0
-5
-4
-4
1
7
2
-2
-14
-19
-11
-1
2
-1
2
-2
-4
-2
-7
-6
-3
5
12
15
13
7
1
2
6
9
15
25
21
6
3
5
4
3
-2
-5
-5
5
11
-1
2
0
1
9
13
15
5
0
-2
-4
2
1
2
3
10
15
8
-3
-14
-9
-1
1
5
3
3
-3
-6
-10
-6
6
2
1
-3
-7
-4
3
19
25
13
4
-9
-4
8
12
10
4
4
-3
-7
-7
-10
2
3
-1
-4
-4
6
7
7
0
-10
-10
-14
-8
-2
-3
1
-6
-8
-4
-7
-5
-5
-4
-5
-4
-1
-1
2
6
4
6
7
1
2
0
-7
-11
-16
-15
-2
12
14
5
-3
-11
-13
-10
-9
-4
2
5
5
0
-6
-9
-12
-12
-1
8
8
3
-3
-4
-4
-9
-13
-4
7
12
12
8
3
-7
-8
-10
-10
1
2
1
-1
-3
-2
-9
-3
-3
2
15
8
-2
-4
-7
-4
-4
1
10
3
2
-4
-5
3
4
7
5
2
1
-2
-2
-4
0
10
7
11
13
13
10
4
6
1
-2
3
4
3
-2
-4
-1
0
5
8
8
7
-1
-9
-5
4
9
9
9
3
1
1
5
14
17
14
16
12
1
-1
4
5
2
4
2
-4
-4
-5
-4
-9
-6
-7
-6
1
3
5
1
5
7
10
11
5
0
-11
-8
-2
0
1
-4
-4
-9
-2
5
3
0
-3
-9
-16
-13
-7
-3
-1
-1
-2
-8
-7
-5
-7
-6
2
7
0
-7
-12
-14
-16
-9
-1
4
5
-1
-1
-2
-7
-13
-15
-10
-4
-1
-3
-3
3
-3
-8
-8
-5
1
6
1
-7
-14
-9
-5
-1
6
9
13
12
10
9
7
11
14
9
8
2
-1
-1
-4
4
4
2
4
2
10
10
11
7
-5
-5
-13
-6
3
3
3
-12
-14
-13
-12
-3
3
8
6
-2
-7
-4
1
3
6
1
-6
-1
4
5
-1
0
0
-2
5
-2
-8
-6
-4
0
-1
-6
-3
-3
-2
3
4
6
3
2
0
5
17
13
4
2
1
6
8
8
-2
-7
3
2
10
7
2
-4
-11
-9
-8
-6
-6
1
3
4
8
4
2
1
0
-2
-3
-3
7
9
7
8
5
5
-1
3
13
11
7
1
-9
-9
-9
-2
-3
2
5
-4
-2
-4
-6
-9
-12
-9
-12
-3
4
6
6
5
3
2
-3
-9
-19
-24
-19
-12
-7
-2
1
-1
0
5
0
1
1
0
4
7
9
6
7
4
-9
-2
2
3
3
-5
-4
-12
-9
-8
-9
1
4
14
14
3
0
-7
-5
2
4
5
5
5
-1
1
0
-9
1
6
12
17
4
-2
-10
-15
-10
-9
-1
-2
-1
5
5
8
5
-2
-3
-5
1
1
6
5
-6
-1
-2
-4
-2
-5
-3
-2
3
2
0
-1
-6
-2
2
0
5
-7
-17
-9
-7
2
14
18
14
14
18
10
-2
-4
-10
-10
-2
6
-2
-2
5
7
9
8
7
-1
-5
-3
-9
-8
-6
-6
-3
4
21
20
6
-2
-5
-2
-3
-5
-3
-6
-7
-3
-4
6
6
10
5
-3
3
-7
-6
-1
-7
-6
-1
8
15
16
13
6
-6
-2
0
-5
2
-3
-1
-4
2
5
-6
-11
-13
-7
-3
0
-8
-15
-14
-7
-4
-5
-6
-7
-5
4
7
15
14
11
9
-6
-7
-1
-1
2
1
-2
-1
-1
-1
0
3
9
9
5
4
4
1
-9
-14
-5
-3
-1
1
-4
-1
3
4
5
1
2
6
6
9
8
1
-3
-1
2
8
17
19
9
-10
-19
-19
-10
-6
-5
1
-3
-11
-13
-21
-27
-25
-14
-4
-4
4
7
6
5
1
5
9
14
10
2
3
4
-3
-3
-4
-2
7
11
18
10
9
3
-10
-7
-16
-7
-2
0
-4
-12
-10
-9
-5
-5
-3
-2
4
10
11
12
8
11
14
17
19
17
12
3
-3
-7
1
2
5
1
3
7
2
2
-10
-12
-7
-4
3
4
5
4
11
12
5
8
-1
-5
-6
0
5
0
0
-3
2
4
4
1
-4
1
-3
-14
-11
-5
-12
-11
-8
-5
-1
0
3
-5
-10
-7
-8
-5
0
-2
-5
-6
-5
3
4
8
9
4
12
8
1
-5
-7
-1
2
7
9
1
-4
-6
-8
0
-3
-1
1
-2
2
-7
4
9
5
6
-5
1
-2
4
11
3
12
6
-1
6
1
-6
-9
-12
-9
-11
3
9
7
5
-7
-1
1
-5
-5
-8
-15
-8
-4
-6
2
3
0
-1
2
-1
-7
-2
1
-2
-1
5
-1
-2
1
2
7
16
15
8
8
2
1
-3
-7
-9
-5
0
3
10
5
7
7
9
10
9
11
-4
-4
-3
-4
2
-1
-7
-14
-5
-4
1
3
-2
4
-3
-6
-4
-6
-5
-2
-1
-3
0
9
0
-10
-5
-10
-15
-14
-9
-5
2
8
7
9
11
12
5
3
3
-6
-12
-12
-6
2
-1
-4
-8
-8
0
2
5
10
13
9
3
3
8
9
4
6
8
10
5
-5
-10
-7
-1
-3
-2
-5
-14
-18
-19
-8
9
13
5
8
9
6
11
6
2
-5
-2
-1
3
11
5
0
-6
-7
-1
-3
5
10
9
2
-2
-2
-6
-3
-4
-13
-17
-15
-12
-9
-9
-4
-3
-8
-2
0
3
6
-2
-2
-2
-1
-1
-10
-5
-5
-7
-3
-8
-2
0
1
5
5
9
9
11
7
4
7
6
3
0
1
0
-2
1
-1
-1
4
1
6
8
6
10
11
7
-4
-8
-10
-1
8
8
4
0
-2
1
7
7
3
6
1
-11
-10
-4
-3
-3
0
-4
-3
1
-4
-7
-6
-6
-6
-4
-3
-6
-10
-13
-5
-1
4
6
10
8
1
5
6
5
5
-2
-9
-11
-8
-4
-6
-2
-1
1
0
-4
-3
-2
3
6
7
12
12
12
9
5
4
4
5
6
5
0
0
-6
-4
-2
1
8
4
1
1
2
12
4
2
5
-4
-2
-1
-1
0
5
6
-4
0
5
0
-3
-5
-4
3
4
-4
-10
-15
-14
-8
-5
-5
-2
2
0
-3
1
3
1
-3
-7
-14
-10
0
0
0
4
5
2
0
0
-1
3
2
0
-2
-10
-12
-9
-5
0
3
5
3
7
4
-1
0
-1
-2
2
3
0
0
0
-3
-1
4
2
-2
-3
1
5
9
9
9
11
13
17
14
6
1
-1
-4
-3
-3
-8
-11
-7
-4
-1
5
9
3
1
1
2
2
4
12
10
3
-6
-8
-2
2
6
9
6
0
0
0
1
-7
-10
-12
-13
-7
-8
-8
-8
-11
-12
-7
-5
-10
-16
-20
-15
-9
-4
-4
-10
-11
-3
6
10
10
3
-1
7
14
13
9
1
-10
-5
2
3
7
13
10
9
8
10
12
12
11
4
5
2
0
3
4
7
4
5
5
7
2
-2
2
4
4
0
1
-3
-6
0
0
-4
-10
-15
-13
-12
-5
-1
-2
-2
-5
1
3
5
11
3
3
7
4
5
2
-5
-5
-11
-10
-7
-11
-8
-7
-2
2
2
4
1
1
0
-2
1
5
5
-2
-1
0
-3
-4
-1
-3
-1
0
-1
1
6
11
7
5
7
10
8
3
4
5
4
5
1
-6
-5
1
5
6
3
8
6
6
8
3
-5
-8
-7
-9
-6
-2
-6
-8
-11
-8
-9
-11
-7
-9
-7
-7
1
6
2
4
4
4
6
3
4
0
2
6
4
3
4
0
-7
-6
-4
-8
-10
-9
-7
-5
-1
1
-1
2
-2
-2
3
2
3
2
-1
-2
0
0
-3
-2
-7
-6
5
6
8
10
9
11
6
0
4
-2
-1
6
3
11
11
8
-2
-8
4
5
5
7
-1
-2
-1
1
6
9
1
-3
2
4
13
9
-1
-3
-1
-6
-4
-1
-8
-4
-1
-4
-1
3
9
7
-4
-4
-3
-11
-10
-10
-10
-4
-5
-3
-5
-2
5
4
-4
-3
-3
-4
-1
-1
-4
-7
-7
-4
-9
-6
0
-1
-3
-7
-13
-10
-6
2
1
-3
1
8
6
0
2
3
8
7
4
3
4
4
6
1
6
10
5
9
5
3
-3
-11
-12
-15
-11
-10
-5
-3
-5
2
-2
-1
-2
0
6
2
-1
-6
-10
-5
0
3
3
2
0
5
0
-3
-4
-7
5
11
9
8
2
3
7
12
20
20
11
2
-3
-3
-3
-12
-12
-6
-2
5
0
1
7
2
-1
-10
-6
-5
-6
-7
-7
1
7
13
9
11
7
0
1
3
12
16
13
15
8
0
0
0
6
5
-1
-1
-2
-4
-4
-1
3
4
1
-8
-7
2
-1
-4
0
1
-1
-5
-10
-11
-5
12
11
10
12
9
7
1
-3
4
7
14
11
2
2
-2
-5
-4
-6
-8
-5
-5
-8
-6
-14
-12
-6
-5
0
3
0
2
0
2
-1
-3
2
5
6
0
0
-1
-2
1
0
5
4
0
-8
-9
-1
-2
-5
-5
-5
-6
-5
-7
-8
-6
-8
-9
-12
-13
-8
-10
-13
-9
-5
-3
5
5
3
4
4
3
7
7
2
3
-1
-3
1
2
8
10
12
9
4
7
7
6
2
4
5
-6
-3
-7
-8
-6
-9
-11
-14
-10
-13
-15
-12
-5
-4
-7
-5
-7
-10
-8
-3
2
5
10
13
10
13
14
9
11
12
8
12
15
11
1
-6
-4
0
4
0
-1
5
1
-4
1
1
4
14
11
6
-2
-10
-11
-12
-2
1
9
18
14
13
6
5
8
3
1
-4
-1
-5
-4
-2
-8
-9
-12
-8
-1
11
15
12
6
-3
-7
-10
-13
-4
0
-3
-4
-1
-3
-8
-8
-13
-10
3
8
2
-3
-6
-6
-9
-8
-6
-4
-7
-6
-4
-4
2
0
-2
2
9
9
11
13
2
-8
-15
-11
-11
-8
-7
-11
-10
-7
4
12
9
8
10
10
7
6
2
-1
-3
-3
-6
-6
-8
-7
-8
-3
7
8
13
9
3
0
-7
-5
-3
0
0
2
1
1
1
-3
-3
-4
-5
-2
-4
-7
-9
-15
-12
-13
-10
-7
-3
-1
1
4
7
10
5
-2
-5
-4
-2
-3
6
13
14
12
8
0
1
6
4
8
6
1
-4
-8
-10
-9
-12
-13
-1
6
4
5
1
-5
-2
1
0
-3
-6
6
5
4
9
12
14
13
12
10
13
17
13
11
14
13
5
5
8
11
12
8
5
-3
-9
-10
-15
-9
-4
-6
-9
-8
-7
-13
-6
-4
-3
0
-2
0
2
-2
-4
-8
-2
2
-3
1
4
5
1
-4
-3
1
13
19
18
13
9
3
-1
-3
-5
-1
4
3
1
-3
-6
-2
-1
-1
-4
3
8
7
0
-10
-9
-12
-12
-12
-9
1
-3
-5
0
-1
-1
-7
-7
0
1
6
7
0
-3
-6
-4
-4
-4
0
1
1
0
0
-1
-3
-4
-2
6
4
-3
-5
-1
5
7
11
18
17
12
8
5
3
5
7
4
0
-5
-5
-6
-5
-5
-6
0
0
-9
-9
-11
-13
-10
-4
1
3
3
-2
0
11
9
6
6
7
11
8
9
15
16
18
16
9
4
-1
1
1
4
3
-5
-8
-7
-7
-4
-2
-4
2
2
-4
-5
-10
-10
-4
-7
-8
-10
-9
-11
-11
-8
-14
-11
-14
-17
-13
-10
-3
0
1
0
-1
6
6
7
14
19
24
18
7
-3
-6
-3
-1
-2
-6
1
-1
-5
-9
-12
-6
-1
4
-2
-10
-9
-10
-14
-14
-11
-5
2
2
3
3
1
-2
-6
-5
2
8
8
0
-5
-6
-7
2
6
9
11
15
10
2
2
0
-2
-8
-5
-6
-6
-3
-12
-9
-1
-4
-3
0
3
2
2
4
-1
4
6
2
4
4
6
11
9
10
7
4
6
11
13
8
7
2
-2
4
9
3
-4
-1
3
3
10
13
3
1
0
1
5
3
1
0
6
6
-6
-10
-4
6
3
-5
0
15
23
20
13
4
2
-2
1
8
0
-5
-7
-7
0
2
-7
-2
5
10
11
5
3
-7
-9
-12
-8
-3
-12
-1
7
1
-7
-14
1
3
1
-3
-12
-12
-10
-10
-11
-1
3
-2
4
16
10
2
7
6
-2
2
-4
-8
-9
-9
-3
-3
-6
-8
-13
-10
-4
-5
-6
-11
-5
-2
2
9
3
4
4
8
13
5
6
0
-4
-6
-1
0
-2
4
2
2
9
7
4
1
-1
-2
-4
-8
-4
-6
-7
-2
-6
-4
-6
-11
-5
-7
-9
-1
-6
-11
-12
-9
11
18
16
2
-11
-6
-4
-9
-3
-5
-4
-3
-1
2
-3
-3
-1
-2
4
-2
-2
-3
-8
-7
-7
3
6
0
3
-4
-3
-4
-6
6
9
3
-4
-8
0
11
9
8
3
-4
-5
-2
4
-6
-12
-2
4
12
9
-5
-1
5
6
4
3
2
2
-3
-6
-3
-5
-17
-7
0
-2
-9
-8
7
13
7
-1
0
4
5
0
-2
-3
-2
0
-4
6
11
-7
-10
-5
7
8
5
10
6
3
10
4
4
4
6
2
-4
11
-1
-11
-12
-27
-22
-15
-4
6
1
6
6
2
5
11
17
18
18
6
-8
-4
6
10
6
6
10
7
5
-9
-15
-9
0
7
2
2
3
-2
-6
-6
-6
-7
-2
4
1
-6
-11
-10
0
-1
2
2
0
9
2
-3
4
11
15
8
8
3
-7
-7
-2
0
0
-3
-4
-1
1
-2
-9
-3
3
0
-5
-7
-10
-16
-6
0
1
2
-8
-12
-1
-4
-2
3
2
4
3
-1
-1
4
9
4
1
2
0
3
2
-1
-6
-15
-17
-8
4
5
5
1
-6
-4
-2
0
0
-3
-2
2
4
0
-7
-2
6
8
11
5
1
-1
-8
-3
4
8
1
0
13
10
7
7
-4
-5
-8
-6
2
12
14
1
3
8
11
11
0
-6
-6
-13
-1
14
6
-11
-15
-10
-3
4
1
-8
-1
-2
-9
-8
-5
5
8
-3
-1
2
5
11
6
2
-5
4
-1
-7
5
4
1
-15
-20
-12
-5
4
2
-1
-4
-4
-5
-12
-6
2
7
9
4
-7
-11
-4
2
7
9
7
4
1
6
9
10
7
-1
9
12
21
27
19
7
-3
6
6
5
13
10
3
-13
-13
-2
0
13
5
-4
-6
-11
-2
0
4
6
-8
-1
1
-5
-10
-13
-2
-7
-4
4
-8
-11
-4
2
0
-5
-3
-9
1
0
-11
-7
-7
-3
-3
-9
-3
-9
-19
-15
-11
-13
-16
-13
-11
-7
0
-2
-1
5
8
14
13
17
12
-3
2
10
17
25
19
20
12
6
1
3
19
18
14
16
14
17
8
-2
-4
-5
3
1
3
-3
-13
-17
-17
-11
-9
-2
1
-1
10
6
-12
-12
-5
0
5
2
-1
-3
-4
0
-1
5
5
7
9
1
3
0
-10
-12
-12
-5
-11
-13
-22
-25
-4
5
7
7
7
2
-2
4
6
8
2
-5
-6
-3
3
3
1
-6
-10
0
10
13
13
-3
-13
-5
5
11
15
15
-4
-10
-8
-11
-5
-3
-1
2
10
7
-1
-5
-3
0
5
12
9
3
-1
-6
-7
-3
12
18
9
-1
-2
-1
2
5
7
8
7
4
-4
-5
-6
-5
0
-6
-5
0
-1
3
1
-1
-3
-3
-5
-9
-8
-9
-11
-8
-6
-1
2
5
8
4
0
-6
0
0
0
-4
-9
-9
-11
-10
-13
-5
10
3
0
3
3
6
6
1
-3
6
13
4
9
8
3
7
-1
0
-2
0
-3
-14
-8
-6
5
7
10
17
11
11
2
-2
9
7
3
6
3
-4
-6
-8
-5
-3
-2
-4
2
4
-2
-10
-10
-5
-6
-7
-9
-16
-10
-6
-7
-7
0
6
7
12
2
-4
-1
1
10
15
7
-5
-12
-10
2
13
11
7
2
-7
0
5
5
7
-3
-8
-8
0
-4
-13
-14
-11
-4
-2
0
9
10
9
6
2
8
2
-2
1
2
2
2
5
10
11
5
1
3
4
1
-4
-9
-13
-13
-8
-3
0
-2
1
5
6
10
6
0
2
-4
-8
-7
-8
-4
-4
-3
-7
-4
2
4
6
5
4
1
-5
-9
-4
2
1
-5
-6
-7
-9
-10
-6
8
9
-1
-7
-10
-3
1
3
2
6
8
3
12
12
6
-5
-10
4
6
10
14
17
11
-1
-7
-13
-3
6
0
3
3
3
5
5
8
0
2
4
7
10
12
13
0
-5
-2
4
4
-5
0
-1
-5
-9
-16
-19
-17
-14
-13
-9
-6
-6
-9
-8
-2
0
6
13
12
9
1
-4
-3
2
3
6
7
2
-3
-9
-5
0
-7
-10
-8
0
2
-1
-3
-10
-7
-3
3
6
8
7
0
1
1
2
7
9
11
2
-1
5
6
10
5
-7
-12
-8
5
7
2
-1
-7
-7
1
4
8
4
-3
0
-6
-4
-5
-10
-12
-9
-3
0
4
8
3
-1
3
5
10
10
8
5
-2
4
5
3
5
2
6
6
10
12
9
3
-2
-2
2
5
3
0
-6
-6
-6
-11
-21
-21
-22
-21
-10
-8
-9
-2
-1
-3
-2
-5
0
6
7
3
5
7
1
2
6
4
10
6
0
7
4
-1
-7
-4
10
10
6
4
-2
-1
0
-1
1
3
2
-4
-4
-1
-1
0
-5
-7
-4
-2
3
4
0
-6
-8
-4
4
8
9
6
4
4
9
7
2
2
4
3
1
3
3
-2
-6
-6
-3
1
-2
-6
-7
-9
-7
-10
-8
-8
-1
3
-1
3
-4
10
11
13
8
8
14
2
10
2
3
8
3
2
-2
4
1
2
0
-4
-3
-2
-2
-1
-7
-10
-8
-11
-10
-13
-11
-10
-9
-7
-6
3
11
13
12
11
9
4
1
3
4
-1
-2
-3
0
1
5
5
3
4
6
-2
-7
-6
-6
-3
2
10
3
-4
-5
-7
-3
4
4
5
3
-1
-6
-11
-9
-3
2
13
12
17
17
3
6
-4
-4
3
3
4
0
5
1
-5
0
-1
-1
-2
-1
1
-2
-9
-11
-15
-13
-5
-8
-13
-15
-17
-12
-8
-4
1
-1
0
5
5
10
14
8
3
0
0
2
-3
-3
-2
-1
0
0
0
0
2
-4
-8
-2
0
4
0
-5
-8
-6
-1
-1
1
2
1
-5
-4
-4
-7
-8
-12
-7
-3
7
9
5
3
3
5
4
1
2
1
-2
-3
-2
-2
2
8
8
13
14
10
9
5
7
10
11
12
7
5
4
5
5
0
3
7
3
-5
-2
-2
-6
-14
-14
-7
-4
6
11
8
7
1
-4
-5
-3
-2
-4
-6
-10
-16
-18
-11
-6
-5
-5
-4
2
2
2
6
7
8
4
0
-1
4
11
12
11
13
14
8
-2
-2
-2
-3
-2
-1
-2
-4
-2
-1
1
-2
-2
-4
-1
3
1
-4
-12
-11
-5
2
3
-2
0
1
4
11
14
13
6
-2
-5
-7
-2
-2
-5
-4
-10
-9
-4
-5
0
-5
-4
-3
-8
-1
-1
1
4
1
6
7
9
11
3
-2
-3
-2
-7
-12
-12
-7
0
3
-1
0
2
3
-4
-5
2
2
0
-3
3
10
14
13
6
4
7
3
3
3
3
4
7
1
2
6
1
3
4
4
2
1
-1
-11
-13
-10
-10
-7
-3
0
2
4
3
0
5
7
5
1
-1
0
5
1
1
4
4
4
-1
0
2
1
2
1
0
1
3
5
5
0
0
3
2
4
2
-2
-2
-2
-5
-6
-8
-10
-11
-9
-4
-3
-3
-4
-3
0
5
8
6
7
5
1
0
-2
-4
-4
-7
-4
-3
-5
-8
-7
2
-2
-6
-5
-3
-2
0
-1
-4
-2
-3
-2
1
5
6
3
2
-3
-5
-2
-3
-3
-5
-2
-4
0
8
11
14
1
-5
-5
-5
-4
-5
-2
-3
-6
-7
0
2
3
1
-3
0
-2
-5
-6
-9
-14
-15
-12
-8
-6
-6
-7
-12
-12
-8
1
5
7
9
6
2
-3
3
6
0
1
-4
-1
8
9
9
6
12
12
8
4
-2
-3
-8
-4
2
4
1
-7
-8
-6
-5
-4
2
7
8
7
7
10
12
12
13
7
4
0
3
4
0
-2
-3
-2
0
-1
-4
-3
-3
-1
1
-3
-8
-12
-13
-7
-3
-2
4
6
7
7
6
5
6
7
10
13
12
12
4
-3
-4
-2
6
9
8
3
-3
-3
-3
-5
-6
-5
-4
-4
-2
-3
-6
0
2
3
8
8
6
-1
-4
-6
-2
2
2
6
7
7
7
4
5
6
9
4
-1
-1
-3
-1
-1
-2
-2
-5
-6
-7
-11
-16
-18
-19
-15
-12
-12
-9
-3
3
-1
-6
-7
-6
-2
4
6
6
4
8
13
12
11
12
12
18
15
12
7
2
-1
-3
-6
-6
-3
-1
1
-3
-8
-10
-13
-16
-12
-8
-3
-1
-2
-1
0
-1
0
0
-3
-2
1
2
3
3
4
4
2
-1
-4
-2
-2
0
5
3
2
1
-3
-3
-3
0
3
0
-4
-2
-2
1
1
1
4
8
11
8
10
9
1
2
2
-1
2
-1
-2
-4
-5
-6
-10
-11
-1
4
1
1
-4
-6
-4
-4
1
6
6
1
-3
0
4
3
4
10
12
8
9
10
14
16
11
8
6
10
9
1
-2
-6
-3
-2
-1
1
4
1
-4
-7
-9
-14
-18
-15
-11
-9
-6
-6
-4
-2
-1
-1
7
8
2
-4
-6
1
5
7
10
13
11
7
9
8
5
1
-5
-6
-4
1
5
3
-1
2
4
1
5
7
3
-2
-6
-7
-5
-6
-12
-10
-8
-2
-3
-5
2
3
-3
-6
1
-1
-2
-3
-2
1
-5
-12
-13
-15
-15
-13
-9
-7
-6
-5
-6
-4
2
1
-1
1
3
2
0
2
4
6
6
3
2
4
2
3
1
-1
2
3
3
6
9
7
2
4
4
-2
-6
-10
-14
-13
-10
-7
-7
-2
4
5
5
10
17
12
8
7
5
10
10
11
10
1
-4
-4
-6
-7
-7
-5
0
3
-3
-9
-10
-5
-3
-1
1
-1
-3
-7
-12
-13
-11
-2
4
8
8
6
2
-4
-6
-4
3
8
8
6
4
1
-3
-1
0
11
14
6
2
-5
-5
-8
-10
-5
-2
4
6
8
8
9
6
-2
-1
3
5
-1
-3
-4
-1
4
6
6
4
0
3
3
3
3
0
3
-2
-6
-6
0
3
4
5
2
3
4
2
4
2
-2
-1
-1
1
0
-1
-4
-4
-3
4
6
-2
-3
-8
-11
-6
-2
2
2
3
4
4
7
6
-4
-8
-7
-6
-2
-2
-1
-3
-6
-4
-10
-10
-4
0
-1
-5
-6
-11
-15
-15
-17
-20
-10
-2
1
4
3
9
8
14
25
23
22
13
7
6
13
14
7
5
5
9
9
11
6
1
1
-1
-6
-11
-12
-8
-6
-5
-2
0
-4
-5
-2
-2
-3
-1
0
-3
-9
-12
-12
-6
2
3
4
6
4
3
2
0
3
-6
-11
-11
-10
-8
-5
-4
-13
-8
1
6
7
7
4
2
-2
-2
3
5
-1
1
-1
-3
2
2
4
10
14
10
1
-2
-4
0
8
8
7
1
-2
0
2
6
6
7
8
8
5
5
4
0
1
-4
-8
-5
-6
-7
-5
-3
-3
-6
-1
2
3
5
2
-2
-2
-2
-6
-5
4
1
-4
-2
5
8
8
2
-7
-11
-9
-6
-1
0
-3
-4
-5
4
11
8
2
0
-4
-10
-14
-10
-10
-10
-6
-3
1
2
1
1
1
7
7
4
2
1
-2
-4
1
2
-1
-9
-5
-3
-10
-14
-16
-10
-5
-5
-5
-8
-5
-6
-3
0
-1
7
7
11
11
13
12
10
18
13
9
7
6
-1
-6
3
7
13
11
13
16
11
12
0
-4
1
-11
-16
-21
-19
-12
-9
-5
-3
2
6
1
1
2
4
0
-6
-9
-9
0
2
3
10
6
1
0
4
6
8
7
7
14
8
4
6
8
21
23
21
21
13
16
15
6
0
3
7
7
3
5
-2
-10
-5
-19
-23
-12
-5
-4
-9
-2
-4
-8
-4
-7
-8
-11
-6
-4
-10
-6
-6
-8
-6
0
5
4
12
10
10
9
3
1
-4
-5
2
3
-3
-2
-6
-13
-15
-3
0
6
8
-11
-22
-16
-15
-3
1
-2
-1
2
5
-3
-8
-10
-11
14
26
7
-6
-23
-24
-9
1
8
10
6
2
-7
-14
-15
-5
5
10
6
-9
-18
-16
-11
-12
-9
2
1
-3
-6
-9
-13
-9
0
0
3
10
8
4
-1
1
4
-2
9
11
4
8
0
-3
3
13
20
1
0
5
-4
-5
-10
-11
-9
-10
-7
-12
-9
3
0
3
13
20
18
13
14
13
5
0
-4
-6
-2
8
7
-5
-5
-3
-13
-8
0
-1
-1
-6
-10
-18
-12
3
4
14
20
6
2
0
-5
-3
-6
-1
3
3
5
-1
-2
-1
-8
-4
1
-2
3
3
0
1
-3
-12
-11
-1
2
6
15
14
11
3
-9
-14
-5
10
17
13
5
-8
-14
-8
-4
-1
1
8
11
1
-12
-7
-3
2
13
8
6
12
11
10
5
5
16
24
21
16
17
16
5
0
-5
-2
6
1
-6
-5
-4
-12
-16
-14
-13
-12
-13
-16
-19
-10
1
5
7
10
14
5
2
9
0
0
8
0
-3
2
4
-8
-10
2
6
4
-2
-7
-15
-13
-12
-16
-12
-9
-6
-8
-14
-13
-11
-13
-3
1
4
4
-2
-2
-7
4
10
11
13
8
11
-3
-12
-4
-4
6
12
15
12
1
1
3
9
23
21
16
13
4
5
7
8
11
5
9
8
-3
-14
-17
-18
-18
-4
0
-5
-20
-36
-35
-30
-14
-14
-21
-12
-10
-8
-6
-5
-4
5
6
-10
-12
-1
-1
5
5
-2
-3
3
0
-9
5
11
9
8
4
-5
-9
-1
-1
-6
10
14
13
9
-3
-1
-1
5
16
20
16
11
4
-4
5
12
1
1
-2
-4
7
6
3
-2
-9
3
11
11
4
5
8
4
7
-3
1
5
4
5
-7
-4
4
-4
2
3
-2
-4
-5
11
13
9
9
7
0
-4
0
0
-7
6
14
7
1
0
-2
-5
1
-3
-8
-6
-10
-6
-4
2
-1
-10
-6
-10
-11
-4
-9
5
14
3
0
-4
1
3
2
0
-6
3
7
4
-1
-2
-2
-5
-5
-7
-13
2
-1
-8
-6
3
21
16
15
6
2
0
-5
-2
-7
6
15
14
8
-1
2
3
-5
-1
2
0
5
12
9
7
7
1
-4
4
6
-1
3
2
12
13
13
19
14
19
17
11
6
3
13
18
17
10
-3
-5
-7
-11
-5
-1
3
6
1
-7
-11
-13
-8
-3
-7
-7
-11
-14
-19
-23
-13
-5
1
6
-1
-12
-13
-9
-8
-4
5
11
1
-5
-3
-5
-8
-10
-13
-16
-18
-16
-14
-9
-3
-1
3
0
1
3
-3
-1
0
0
0
-1
-3
-4
-4
-1
1
5
8
7
8
9
9
4
9
9
5
6
6
8
1
-4
5
0
-2
-7
-17
-17
-14
-16
-20
-17
-8
-4
-8
-7
0
1
1
5
6
6
4
11
9
6
4
-1
-2
-5
-6
-8
0
8
2
-2
0
0
3
6
8
1
-15
-20
-14
-7
1
1
0
-7
-8
-5
-4
0
0
4
2
0
1
-4
-1
4
-4
-1
1
4
4
4
14
18
16
16
16
15
9
3
1
3
6
0
-8
-12
-4
7
3
2
3
5
5
-3
-10
-4
4
2
-3
-7
-6
1
2
-1
3
0
-6
-12
-19
-20
-14
-4
1
10
14
10
14
11
7
7
6
0
-1
0
-1
-1
-2
6
7
12
13
3
-6
-12
-7
-9
-5
1
2
6
7
3
4
8
7
4
-1
-7
-8
-11
-9
-9
-12
-10
-4
-4
-9
-8
-2
4
13
13
10
7
6
6
-4
-7
-8
-7
-3
2
2
-3
0
1
0
2
3
8
5
3
-4
-7
-6
-4
0
-6
-6
3
3
5
8
7
4
3
2
-2
1
5
3
1
1
6
9
10
10
3
1
1
-1
-5
-1
4
3
-1
1
1
1
2
4
0
0
2
0
-3
-5
-7
-6
-5
-5
-3
-8
-8
-3
-3
2
12
13
9
6
2
-3
-2
-2
-5
1
-3
-4
-3
-2
1
-2
-2
-1
-4
-12
-15
-14
-9
-9
-8
-7
-8
0
4
1
4
5
3
7
6
2
2
-4
-6
-2
2
5
8
5
0
-5
-5
-5
-2
0
-6
-12
-14
-15
-9
-6
-2
2
0
-3
-5
-6
-7
-4
-4
-3
-5
-3
1
3
0
-4
-4
-5
-8
-10
-14
-7
-1
-2
5
5
4
1
0
5
1
6
8
2
6
0
-4
0
4
11
14
14
14
12
7
4
5
5
6
11
6
2
5
3
8
8
8
8
6
5
1
5
3
-1
2
3
1
-2
-4
-6
-4
2
1
4
9
8
-2
1
3
0
3
-2
-2
-3
-2
2
2
0
8
12
10
10
7
5
4
10
9
3
1
-2
-3
-9
-15
-12
-11
-10
-7
-11
-10
-6
-2
0
-1
-5
-13
-19
-16
-12
-8
-3
1
-1
1
7
12
15
12
12
11
7
4
-2
-4
0
-2
-3
-6
-3
-2
-5
-8
-9
-4
-2
-4
-3
1
-1
-2
2
2
0
4
1
-1
-6
-15
-8
-2
-6
-7
-6
-9
-12
-11
-14
-8
0
-2
-4
-5
-2
-1
-3
4
7
6
5
4
2
-4
-3
1
-1
1
5
9
10
7
3
1
4
6
0
-2
1
4
3
5
7
6
5
2
4
7
4
3
-2
-4
0
-3
-2
-1
-2
1
-2
0
0
3
7
7
2
0
1
-1
-2
-1
1
12
18
17
21
21
18
10
8
4
6
10
8
3
-3
-8
-15
-17
-12
-10
-13
-13
-10
-11
-9
-5
-5
-4
0
3
2
-3
-2
-3
0
3
4
5
1
0
1
6
10
8
3
2
4
6
1
2
1
-3
-5
-2
-2
-3
-2
-3
1
6
17
13
8
11
9
9
11
12
10
5
2
2
-3
-2
1
0
-9
-15
-14
-12
-5
-1
-6
-7
-4
-3
-6
-3
-1
2
8
4
2
5
-2
-13
-15
-15
-11
-8
-13
-14
-12
-19
-21
-16
-13
-4
-2
-3
0
4
4
0
-6
-12
-13
-14
-14
-6
1
7
7
3
8
11
11
10
3
-3
-1
0
-3
-4
1
4
-3
-6
-4
-2
5
6
6
7
8
4
5
2
5
6
4
5
1
7
6
3
3
3
7
8
6
5
8
6
3
0
-1
-4
-3
-1
-3
0
-1
-6
-8
-6
-6
-2
3
8
13
12
9
5
5
4
3
1
-5
-5
-6
-4
-3
-2
2
1
-1
-1
-2
-2
3
0
-4
-6
1
7
5
3
2
4
3
1
3
4
1
0
-2
0
7
13
10
11
7
1
-3
-7
-9
-2
0
-3
-4
-5
-5
-5
-6
-6
-8
-4
-1
3
8
12
12
7
4
2
4
3
3
6
7
4
-2
-7
-10
-8
-8
-7
-4
0
0
0
4
6
4
3
4
0
-3
-5
-10
-8
-7
-8
-6
-6
-7
-1
1
1
-2
-1
3
2
-1
-5
-4
-3
-3
-3
-1
4
5
6
2
0
0
-4
-6
-9
-10
-5
2
7
6
9
5
3
4
7
4
-1
-4
-4
-4
-4
-3
-8
-4
5
3
2
-3
-6
-9
-9
-4
-5
-3
0
-3
-2
0
-3
-8
-8
-7
0
3
-3
-4
-8
-4
-1
-2
6
10
11
5
1
3
8
12
9
3
0
2
3
3
3
3
8
11
9
7
3
3
2
1
5
7
7
10
11
4
-1
-2
-5
-6
-4
-4
-8
-7
-1
-2
0
0
-6
-8
-6
-7
-9
-9
-10
-9
-8
-8
-4
-3
1
7
10
9
6
3
4
1
0
3
0
-2
1
0
-4
-3
0
-4
-8
-10
-11
-10
-14
-10
-5
1
7
8
13
15
18
21
13
10
6
0
4
5
1
2
2
3
1
6
6
3
4
1
-1
1
2
1
0
-1
4
2
0
-4
-5
-5
-6
-7
-8
2
8
6
5
3
5
8
8
2
-2
-5
-4
-8
-12
-9
-8
-3
-1
2
-1
-5
-3
-1
-3
-1
5
1
-3
-5
-6
-2
-1
1
-3
-5
-5
-5
-6
-6
-5
-7
-10
-4
-1
-2
1
1
0
-3
-4
-5
-2
-2
-2
3
1
1
-1
-4
0
3
2
0
4
1
2
3
3
4
-1
0
1
1
5
6
4
0
0
7
5
6
5
-1
-8
-9
-6
-7
-1
4
1
4
10
11
6
4
1
-2
0
3
6
1
0
-4
-6
-1
0
2
-2
-5
-6
-9
-8
-8
-9
-11
-10
-6
-3
-5
-3
1
2
1
-3
-3
3
6
11
11
5
6
6
7
1
-1
-2
-5
0
1
2
3
4
4
3
4
1
1
2
2
-3
-7
-8
-6
-5
0
7
10
10
2
-1
1
0
-3
-6
-9
-13
-6
1
1
4
7
4
5
2
0
1
0
0
1
0
1
1
1
-3
-2
4
5
6
2
-1
-4
2
2
-4
-7
-4
1
-1
-4
-7
-6
-2
-2
-1
0
1
-1
-8
-12
-13
-12
-7
-8
-8
-8
-10
-6
0
4
4
5
2
-1
5
9
8
7
11
9
8
0
-2
-1
2
10
11
10
7
5
2
2
-1
-1
5
0
-3
-1
-1
-1
0
2
2
2
5
5
4
4
4
0
-6
-3
1
-2
-3
-2
-1
5
12
10
1
-7
-10
-2
-2
4
9
7
8
-1
1
8
4
0
-7
-10
-2
3
2
-2
-1
-7
-14
3
8
-15
-33
-32
-18
-7
-4
-15
-32
-37
-28
-15
-1
4
-9
-9
-2
9
5
-6
-6
3
12
16
18
17
13
8
12
19
17
3
-12
-7
0
9
8
12
25
18
10
19
22
10
7
0
3
13
10
5
8
12
8
12
17
8
1
1
2
11
11
8
-2
-18
-13
-3
1
-7
-15
-11
-7
-8
0
0
7
14
5
5
7
20
28
23
18
20
20
16
10
10
8
3
9
6
-2
-7
-15
-9
-7
-11
-17
-22
-33
-40
-33
-26
-21
-20
-30
-35
-25
-17
-17
-12
-17
-24
-20
-5
11
7
5
1
-5
10
8
5
8
9
15
14
11
14
9
4
-3
-6
13
14
11
10
12
13
6
4
10
9
6
-2
-24
-19
-26
-45
-23
5
12
-5
-28
-51
-38
-4
-10
-8
32
34
-4
-20
-17
10
8
10
20
34
68
24
-43
-25
19
41
25
-6
-3
14
-7
-15
-8
13
32
10
-12
-24
-27
-33
-26
5
9
-10
-7
-18
-17
-19
-18
25
38
9
-4
6
18
23
4
-9
-6
13
8
-14
9
22
16
6
-3
1
9
1
-8
-12
3
11
-11
-26
-29
-16
2
-2
-9
-13
-15
-18
-12
-5
-10
-16
3
12
8
3
-16
-21
-16
-2
11
19
19
-5
-8
0
12
31
28
26
23
8
10
15
10
15
14
14
14
13
20
15
13
27
25
14
13
14
21
6
-16
-16
-8
0
-9
-23
-28
-19
-5
-8
-3
8
-1
-15
-24
-11
8
4
0
-2
-7
-1
-3
-16
-8
-1
2
-17
-31
-22
-22
-14
-5
6
11
13
14
4
1
9
34
39
28
13
-5
-13
-8
0
9
12
1
-10
-19
-23
-16
-13
-18
-9
6
1
-8
-13
-27
-35
-22
-24
-28
-28
-41
-39
-38
-27
-12
-19
-10
0
5
7
3
17
26
22
26
32
34
33
43
47
41
41
27
28
29
30
20
16
31
20
-8
-22
-2
6
-4
-16
-23
-14
-11
-30
-60
-32
15
-14
-47
-74
-82
-37
-17
-10
16
29
24
8
-12
-16
20
35
27
32
25
36
41
28
16
14
32
38
28
4
-5
11
7
13
27
20
5
-4
-10
-27
-35
-31
-38
-23
11
-21
-71
-54
-37
-16
19
24
41
53
32
-9
-19
-2
11
21
36
43
49
35
21
21
10
-4
-1
2
3
15
38
44
27
-17
-34
-29
-12
9
-14
-33
-45
-52
-52
-31
-6
8
30
24
39
60
49
27
-83
-68
49
26
8
52
11
-53
-90
-147
-90
117
130
-8
-68
-91
-97
-145
-154
-3
145
85
-45
-162
-137
28
5
-65
33
98
92
-26
-147
-95
-15
-12
-25
-20
-60
-89
-102
-200
-113
10
-21
-27
-6
6
23
90
142
183
174
109
108
129
198
308
308
265
209
87
-4
48
157
211
217
132
4
-70
-146
-127
-87
-81
-92
-139
-214
-283
-314
-325
-202
-36
-11
-50
-108
-109
-27
43
67
63
165
290
249
147
176
306
394
417
273
145
231
280
225
226
298
202
-72
-405
-493
-247
-135
-236
-349
-476
-592
-812
-986
-737
-247
-14
-263
-601
-658
-455
-213
-97
166
463
488
318
91
98
473
788
805
859
847
685
553
414
264
246
403
535
424
32
-357
-516
-523
-560
-589
-566
-361
-372
-892
-1231
-1026
-578
-209
-145
-258
-176
14
16
14
300
796
1028
836
645
689
833
917
888
761
805
953
881
647
245
-239
-305
-40
97
30
-221
-522
-732
-1123
-1581
-1346
-517
-73
-422
-1215
-1616
-1243
-770
-593
-324
152
449
266
-274
-403
270
965
1142
1054
873
749
680
444
334
572
881
977
706
130
-538
-761
-372
-36
10
-160
-477
-869
-1183
-1329
-1224
-532
197
-22
-875
-1318
-1052
-472
-61
220
365
455
475
92
-111
454
1227
1417
1106
844
741
723
723
682
699
921
1036
828
347
-213
-742
-759
-106
323
250
-106
-583
-923
-1368
-1856
-1333
118
763
11
-1283
-1905
-1360
-552
-303
22
674
909
295
-661
-814
208
1210
1247
1039
882
585
408
106
-26
564
1191
1210
882
111
-906
-1007
-464
-118
108
63
-315
-730
-1293
-1720
-1213
-63
635
286
-812
-1373
-929
-456
-89
474
618
572
379
-294
-547
271
1101
1133
834
447
183
328
511
511
591
769
750
346
-132
-146
206
325
-3
-231
-6
240
123
-199
-363
-301
-284
-695
-784
-149
194
-336
-1052
-1148
-525
23
-134
-243
127
271
-9
-339
-363
291
827
508
311
537
623
561
411
244
533
868
643
388
30
-509
-495
-179
-159
-114
-223
-607
-712
-877
-1138
-775
-134
25
-341
-946
-1064
-426
48
84
142
210
216
117
-201
-100
591
897
654
291
11
133
445
523
483
557
629
489
165
-44
156
544
755
478
-352
-677
-172
253
346
185
-133
-161
-320
-1076
-1166
-171
510
312
-541
-1376
-1104
-462
-522
-436
16
308
309
-322
-900
-232
635
745
905
872
650
754
468
52
472
876
928
1015
305
-618
-589
-346
-152
172
-128
-514
-448
-914
-1350
-908
-305
114
125
-679
-1065
-520
-193
-181
-45
70
316
373
-129
-280
117
444
634
569
373
512
615
339
344
572
558
631
566
234
208
436
557
694
102
-816
-447
396
685
587
97
-367
-334
-937
-1676
-668
727
742
-455
-1942
-2107
-748
-370
-727
-182
352
402
-131
-1192
-970
632
1124
790
827
639
727
814
108
41
969
1220
1204
822
-371
-789
-538
-429
-33
157
-343
-487
-851
-1766
-1671
-865
-277
251
-66
-1029
-919
-416
-320
-41
282
562
727
424
-21
99
478
861
1097
785
498
568
406
209
555
792
737
650
298
11
78
471
691
803
8
-1281
-1103
-133
565
555
-6
-476
-147
-724
-2112
-1388
735
1411
160
-1771
-2516
-968
-188
-874
-420
642
1040
384
-1122
-1636
252
1370
917
985
810
725
892
188
-317
814
1537
1464
1238
-197
-1245
-753
-401
-303
100
-369
-714
-805
-1902
-2252
-1154
-299
122
-13
-1130
-1226
-397
-273
-89
569
900
1008
763
-9
14
734
1148
1402
1139
574
501
492
210
280
741
651
504
281
-254
-221
229
488
350
420
-578
-1803
-1138
61
890
949
44
-764
-448
-1229
-2234
-478
1590
1778
132
-2279
-2776
-465
122
-511
395
1052
1121
294
-1698
-1662
1102
1688
1003
1166
481
453
658
-499
-556
1330
1540
1380
1060
-989
-1612
-926
-918
-468
197
-587
-699
-739
-2189
-2241
-1106
-351
395
111
-1307
-1081
-246
-404
29
563
875
1283
912
-142
203
1098
1297
1369
882
562
805
749
179
420
779
669
388
-224
-333
64
523
475
399
329
497
-646
-2095
-925
945
1692
1044
-30
-605
-196
-1118
-2293
-84
2379
2391
-151
-2805
-2823
-291
35
-744
445
1218
972
-531
-2496
-1883
1240
1899
1048
871
41
192
390
-611
-545
1369
1684
1471
749
-1522
-1751
-674
-648
-330
51
-926
-562
-717
-2616
-2518
-881
32
490
-231
-1763
-974
227
-183
-71
502
1013
1424
615
-346
497
1187
1223
1234
557
254
884
605
-42
321
718
408
213
-32
-627
-205
538
518
354
512
699
308
-1238
-1925
-180
1919
1766
684
-318
-767
-574
-1678
-2166
1070
3458
1735
-1836
-3693
-2441
263
269
-533
813
1565
78
-1988
-3040
-1074
2290
2279
794
607
354
48
-219
-755
101
2221
2279
1264
-299
-2145
-1952
-627
-141
117
301
-882
-1277
-1738
-2860
-1846
292
738
-8
-1265
-2208
-1103
149
39
349
1061
1120
614
-296
-448
1168
1874
1452
1188
661
382
627
316
96
1103
1371
485
-119
-460
-577
78
846
910
856
712
192
66
-835
-2007
-665
1483
2008
1300
-96
-1407
-947
-1032
-2396
-183
3095
2703
-197
-3454
-4243
-886
946
-166
576
1331
407
-728
-2499
-2392
1681
3295
1319
733
-136
-533
583
-8
-556
1778
2642
1439
609
-1716
-2490
-214
444
52
401
-692
-1687
-1463
-2735
-2867
-253
844
194
-852
-2684
-2283
-73
398
362
909
597
176
-251
-832
363
2317
2353
1633
809
-222
252
879
608
801
1191
865
-32
-449
-773
-187
966
1327
1039
456
360
36
134
-980
-2193
-335
1761
1906
726
-715
-1698
-564
-1058
-2587
304
3291
2330
-928
-4171
-4305
134
1428
-213
726
901
20
-913
-2735
-2135
2622
3417
929
582
-590
-414
1097
190
-307
2320
2382
1183
585
-2175
-2347
213
490
122
909
-632
-1747
-1753
-3503
-2883
191
1181
212
-1240
-3371
-2780
-597
-57
952
1865
897
-152
-995
-1366
694
2751
2215
1606
948
-198
-277
265
708
1549
1808
901
-22
-562
-395
34
447
1056
1416
923
70
-87
-42
641
19
-1557
-582
966
1427
488
-761
-1259
-54
-686
-2469
-133
2743
2355
-493
-3419
-3596
13
1018
-744
-33
459
102
-592
-2404
-2176
1837
2552
525
615
-97
282
1692
505
-472
1815
2231
1454
1177
-1518
-1913
519
568
-177
389
-832
-1368
-1258
-3527
-3373
-217
813
-6
-1128
-3270
-2681
-406
-303
181
1389
1149
525
-336
-1354
238
2352
2167
1706
1075
56
455
872
391
1113
1832
1099
309
-227
-689
-47
643
813
786
620
310
402
88
148
-83
-1795
-1209
519
1407
977
-72
-1119
-778
-863
-2521
-321
2979
3009
269
-3307
-4306
-982
874
-711
162
983
375
-626
-2584
-2664
1411
3165
958
778
281
331
1323
243
-714
1794
2994
1568
989
-1471
-2273
-10
356
-214
720
-88
-1768
-1640
-3164
-3580
-838
650
-69
-1004
-2723
-2891
-702
-274
-298
537
887
917
465
-845
-162
2051
2106
1553
1418
719
797
1170
265
416
1748
1703
632
-274
-767
-435
384
717
736
655
211
96
-282
-83
460
-1114
-1859
-232
1411
1559
558
-902
-1001
-336
-2146
-1971
1663
2999
1322
-2178
-4872
-2656
1185
348
-92
1106
481
-222
-1552
-2956
29
3384
1656
573
517
-426
953
1263
-367
929
2939
1813
1450
51
-2339
-688
723
-90
412
310
-1548
-1542
-1937
-3479
-1809
331
-133
-857
-2093
-3024
-1417
-197
-504
131
765
621
525
-499
-878
986
1980
1311
1360
1079
468
972
872
386
1163
1839
904
-139
-623
-595
277
695
716
456
207
321
338
1
151
-737
-2085
-816
984
1765
1013
-754
-1907
-1344
-2184
-2679
1060
3220
1938
-1212
-4611
-3710
633
1018
-340
1141
945
83
-812
-2733
-1025
3304
2769
665
1016
-92
624
1638
-269
3
2864
2556
1428
619
-2302
-1693
721
251
222
833
-736
-1596
-1760
-3533
-2662
135
326
-550
-1615
-2987
-1936
-274
-463
18
951
878
718
-23
-654
698
2125
1483
1082
1196
625
651
719
417
1092
1790
1126
72
-489
-303
-43
295
553
594
342
-63
-45
-217
503
-1073
-2570
-695
1051
1775
747
-1098
-2037
-496
-1854
-3038
1539
3689
2117
-1269
-4751
-3946
1531
1320
-589
1479
870
-44
-854
-3003
-1408
3974
2761
153
1105
-448
512
1796
-501
-449
3330
2525
1160
508
-2873
-1778
1033
48
-172
1194
-815
-1482
-1558
-3708
-2442
543
447
-865
-1557
-3160
-1764
156
-657
-99
756
656
473
27
-742
905
2330
1463
986
1006
598
685
982
405
1039
1689
1110
128
-760
-416
-93
533
640
657
96
-72
147
-304
212
-1663
-2400
-247
1359
1456
418
-1137
-1815
-370
-2188
-2383
2471
3950
1443
-2217
-4962
-3072
2090
784
-440
1624
880
-242
-1509
-3072
-399
4551
2216
55
920
-247
854
1335
-777
107
3657
2217
764
-374
-2847
-972
1180
96
36
921
-1143
-1694
-2311
-3833
-1603
1050
265
-1423
-2035
-2848
-944
411
-492
204
1085
901
169
-136
-165
1796
2400
1206
877
1124
1069
940
781
238
1162
1632
652
-492
-824
-496
-246
290
301
329
-80
122
-105
282
-331
-2802
-1669
407
1997
1735
242
-1422
-766
-1029
-3716
-441
4222
3832
263
-4165
-5479
-415
2332
-480
630
1646
467
-677
-3132
-3381
2424
4328
321
34
-337
-122
1551
-106
-1688
2045
4048
1856
847
-2088
-2461
968
963
-363
937
619
-1215
-1495
-3428
-3417
525
1480
-801
-1943
-2793
-2330
11
-188
-829
330
828
362
-156
-656
460
2433
1690
491
711
740
1124
1238
414
501
1725
1622
206
-728
-632
19
485
811
408
267
413
361
-80
626
-419
-2685
-1028
376
1543
1793
-396
-1810
-509
-1858
-4046
950
4180
3000
-163
-5140
-5085
1221
1904
-1004
1142
966
236
-380
-3885
-2767
3851
3596
-135
540
-734
806
2558
-811
-1445
3063
3655
1745
512
-3358
-2073
1551
148
-658
961
-127
-1360
-1948
-4206
-2653
1051
1017
-1285
-2384
-3009
-1662
64
-735
-584
360
901
827
-41
-556
960
2425
1717
711
461
1038
1421
1102
246
337
1690
1795
-60
-1530
-761
133
846
959
496
158
655
486
-20
505
-2161
-2345
23
1044
1865
940
-1238
-1696
-703
-3718
-2866
3709
4785
2097
-2457
-6240
-3095
2593
111
-560
1871
490
-47
-1942
-4481
129
5538
1747
-245
194
-453
2058
1216
-1932
192
4443
2941
1125
-1278
-3459
216
1617
-419
134
1082
-868
-1853
-3169
-4219
-854
1642
-180
-2048
-2658
-2573
-596
28
-546
-124
311
540
74
-464
-35
1750
2128
1001
415
659
1258
1435
1072
400
989
1811
1089
-707
-1010
140
998
999
668
249
138
1114
377
359
-567
-3190
-1608
329
1693
1899
491
-1913
-1438
-1668
-4548
152
5064
3453
-245
-4830
-5979
4
2468
-670
959
1356
-113
-730
-3209
-3002
3677
5007
40
328
-84
467
2438
42
-1516
3123
4854
1639
-108
-3200
-2263
1789
1064
-485
916
136
-2149
-2475
-3803
-2689
987
1311
-1826
-3160
-3162
-2151
104
80
-494
-281
477
443
-321
-397
729
2317
1896
354
105
796
1139
1568
934
540
1795
2074
-9
-1430
-263
827
1595
1446
503
-370
318
614
313
-263
-2766
-1580
128
1022
1089
180
-1282
-1422
-1494
-4504
-1236
4605
4160
-62
-4581
-5672
-996
2474
-273
657
1905
547
-594
-2862
-2887
2764
5521
753
-188
67
523
2349
446
-1437
1950
4726
2058
-158
-3016
-2612
1356
1156
-546
111
250
-1667
-2555
-3741
-2490
1065
1381
-1388
-3637
-3287
-1696
291
345
-319
-80
-23
-20
-357
112
1479
2523
1701
539
216
728
1417
1391
1398
941
1513
1779
506
-994
-323
674
965
1587
393
-321
-86
281
121
808
-1571
-3346
-654
-56
1248
1591
-631
-1686
-733
-3477
-4295
2852
4766
2508
-1531
-6177
-4247
2089
936
-619
2667
1074
-123
-1286
-4179
-675
5672
3213
-423
515
-768
1380
1846
-1873
-497
4561
3886
935
-1389
-4271
-897
2247
130
-259
1103
-525
-2467
-3385
-3899
-244
2646
409
-2719
-3704
-2913
-892
366
-444
-244
286
-80
-467
-479
565
2187
2265
751
-3
378
1167
1518
1222
1045
1159
1695
1103
-690
-989
126
1172
1593
983
-148
-424
556
527
698
-140
-2720
-1661
-111
702
1203
673
-1250
-1249
-2041
-4910
-565
4481
3232
-336
-4563
-5612
-420
2112
-786
1134
2261
354
-708
-2994
-2877
3418
5019
290
159
132
868
2407
-77
-1496
2862
4948
1755
-510
-3349
-2210
1630
1033
-750
237
435
-1653
-3039
-3860
-1825
1334
906
-2391
-3856
-2930
-1024
256
-100
-306
25
366
-49
-105
830
1942
2183
1009
123
309
1268
1562
1301
1084
894
1212
1197
221
-879
-257
509
1042
1051
294
-432
183
940
667
745
-2158
-3016
-547
581
1153
1143
-456
-1813
-1346
-4066
-3561
3302
4431
1349
-2636
-5790
-3175
2080
155
-523
2688
1198
-721
-2138
-3796
118
5636
2408
-722
285
-211
1525
980
-1547
849
5337
3540
199
-1955
-3131
700
2501
163
-350
726
-771
-2945
-3776
-2771
669
1930
-915
-3900
-3608
-1609
125
387
-236
-120
17
-121
-800
-125
1643
2262
1459
351
-248
614
1694
1355
1382
1728
1597
1437
872
-556
-206
1179
1393
1379
827
-159
-233
477
191
680
-1155
-3555
-1412
-4
558
1036
-458
-2160
-1319
-3013
-4211
1923
4474
2036
-1541
-5727
-4563
1320
960
-817
2216
1284
-419
-1243
-3572
-708
5314
3562
-94
595
-188
1395
1792
-1150
285
4669
3869
528
-1628
-3343
-98
2758
618
-469
430
-694
-2780
-3666
-3156
201
2152
-248
-3730
-4331
-2198
-255
236
-216
-350
-145
-213
-1047
-712
1460
2463
1669
539
-253
332
1636
1390
1245
1766
1684
1458
1012
-443
-539
927
1297
1297
1030
-106
-506
390
482
738
-1043
-3272
-1278
509
920
719
-394
-1727
-1174
-2860
-4427
1535
4565
2076
-2062
-5828
-4203
1426
1187
-1034
1655
1540
-313
-1654
-3711
-801
5086
3588
-273
278
97
1603
1805
-858
451
4961
4394
786
-1663
-3054
67
2554
932
-176
444
-502
-2615
-3743
-3203
82
1910
-249
-3919
-4419
-2110
-627
-20
-211
-424
-209
-29
-1143
-856
1749
2632
1672
624
-89
686
1949
1272
1179
1859
1497
1451
1034
-318
-172
1113
752
773
1204
182
-240
467
288
754
-508
-3590
-1817
524
1152
803
-793
-2318
-1254
-2155
-4821
203
4538
2606
-1425
-5473
-4991
799
1938
-1146
888
1695
181
-1162
-3318
-1386
4578
4444
-43
22
147
1283
1845
-535
-116
4100
4916
1190
-1534
-3058
-581
2330
1150
-223
69
-389
-2445
-3784
-3504
-578
1508
107
-3638
-4682
-2140
-717
-237
-209
-457
-363
-20
-938
-997
1810
2718
1533
572
-205
425
2026
1455
1257
2227
1789
1575
1224
67
80
1333
1147
846
1254
295
-248
372
164
679
-494
-3504
-1900
486
1187
1154
-590
-2559
-1447
-2079
-4552
173
3970
2242
-979
-5461
-5089
716
1553
-1126
1023
1221
-117
-685
-3174
-1344
4538
3938
-25
353
146
1158
1864
-554
258
4223
4260
992
-1396
-2960
-446
2278
1067
84
367
-552
-2506
-3490
-3158
-160
1567
-173
-3536
-4448
-2021
-519
-416
-641
-638
-549
-332
-1149
-1136
1612
2292
1028
84
-186
686
2097
1450
1217
2462
2172
1380
892
215
534
1856
1531
903
1688
920
30
486
396
1033
-488
-3489
-2194
476
1340
681
-1033
-2517
-1325
-2187
-4300
342
3638
1945
-1782
-5857
-4624
1144
1028
-1310
712
893
248
-830
-3035
-615
4639
3297
-327
138
-32
1443
1584
-704
897
4607
3818
567
-1550
-2414
514
2515
1047
252
584
-585
-2475
-3207
-2506
-139
990
-674
-3844
-3718
-1706
-1097
-943
-935
-746
-395
-225
-1593
-1152
1449
1663
1020
764
215
1153
2344
1146
1338
2382
1934
1640
1276
235
654
2158
1154
700
1235
376
616
1254
384
695
-983
-3456
-1469
806
1109
612
-995
-2743
-1577
-2336
-3428
1298
3169
647
-2626
-5112
-3436
1461
740
-1155
1090
821
-364
-1301
-2293
510
4460
2385
-621
281
497
1335
1052
-73
1864
4533
2785
-386
-1585
-1350
1114
1977
463
-95
149
-950
-2715
-2807
-1695
-71
191
-1968
-3978
-2876
-1198
-1240
-1524
-1265
-887
-338
-329
-1179
33
2050
1466
519
384
631
1606
2138
1167
1453
2340
1748
1237
1063
649
1384
1942
786
485
1031
639
725
866
177
527
-1712
-3468
-1029
849
1511
655
-1816
-2882
-1356
-2658
-2908
1896
2612
618
-2584
-5536
-2979
1722
450
-515
1392
281
-518
-1580
-2522
1073
4628
1880
-612
163
-113
1126
892
94
2461
4567
2101
-918
-1705
-1092
1614
2078
445
-47
188
-914
-2581
-2401
-1373
160
371
-2091
-3944
-2334
-1073
-1395
-1305
-1230
-898
-246
-620
-1640
97
1880
962
324
132
275
1526
1813
1065
1598
2032
1309
1217
1294
1029
1876
2046
788
667
1142
605
1205
1472
492
417
-2231
-3030
-476
1010
1191
162
-2121
-2755
-1069
-3059
-2568
2256
2077
-222
-3080
-5279
-2211
1964
-233
-686
1216
-43
-865
-1896
-2282
1624
4629
1199
-634
357
387
1405
1035
565
2658
4362
1348
-1465
-1621
-327
2079
1863
319
-98
247
-929
-2375
-1958
-1002
344
-159
-2929
-3714
-1844
-1010
-1355
-1416
-1427
-820
-374
-1318
-1630
600
1699
697
-66
-374
618
1653
1420
1124
1952
2403
1453
1195
1051
1429
2480
1863
824
954
1285
1099
1478
1030
779
153
-2870
-2233
271
1220
1419
-429
-3261
-2346
-1114
-3461
-951
2435
841
-876
-3849
-5235
-553
1872
-1113
-26
696
-1011
-948
-2052
-1580
2934
3766
-172
-314
314
388
1491
963
1485
3817
3695
287
-1193
-665
903
2424
1546
196
65
114
-1349
-2128
-1423
-466
151
-804
-3137
-3266
-1369
-1299
-1860
-1479
-1088
-610
-719
-1968
-1562
1212
1697
438
-24
-76
707
1606
1059
1104
2589
2278
748
624
1031
1958
2643
1346
187
1082
1615
1195
1332
654
735
-498
-3063
-1573
812
1551
766
-1702
-3385
-1439
-1123
-3177
28
1816
150
-1668
-4732
-4301
805
1110
-1495
221
-32
-1244
-1167
-2177
-169
3791
2542
-897
-230
283
928
1382
901
2200
3866
2412
-613
-917
321
2059
2367
741
-3
154
-30
-1329
-2044
-1422
144
396
-1724
-2978
-2565
-1511
-1054
-1785
-1979
-385
282
-1632
-2371
-1136
962
1883
350
-902
167
1241
989
944
1341
2623
2432
452
6
1593
2799
2562
1038
153
1443
2095
1593
646
741
-142
-2186
-1280
-169
1250
1371
-1184
-3536
-2107
-1244
-2987
-109
1342
-528
-1237
-3744
-4508
-10
1118
-1911
-84
232
-1728
-1145
-1602
-773
3165
2542
-1140
-35
593
517
1291
1037
2211
4048
2531
-624
-553
923
2293
2484
1051
445
422
6
-1081
-1553
-924
322
40
-1500
-2506
-2440
-1545
-1419
-1943
-1948
-863
-293
-1584
-2390
-1596
365
1245
436
-599
-12
880
733
770
1481
2725
2550
933
178
1294
2749
2768
1636
606
1483
2179
1691
1073
1187
441
-1703
-1327
-244
1358
1794
-705
-3108
-2350
-1085
-2511
-875
1201
-335
-1187
-3576
-4705
-783
1314
-1602
-1091
-15
-1840
-1553
-1539
-1198
2243
2714
-915
-682
855
649
1223
988
1874
3822
3050
-3
-452
928
2239
2747
1349
687
523
253
-956
-1796
-393
650
232
-1311
-2789
-2871
-1286
-1011
-2262
-1583
-909
-1067
-1829
-2941
-2201
605
885
-838
-917
-359
460
744
406
1122
2810
2306
433
520
1706
2816
2538
1437
1078
2241
2495
1501
1373
1681
287
-1239
-553
134
1910
1643
-1677
-2865
-1164
-1585
-2722
51
358
-796
-1617
-4839
-4465
205
177
-2447
-794
-920
-2146
-1517
-2057
-651
2815
1545
-1828
-185
1055
752
1242
844
2015
3969
2419
-626
2
1824
2748
2569
1158
995
1137
275
-1288
-865
855
1375
141
-2381
-2963
-1773
-1023
-1614
-1960
-1253
-1261
-1845
-3111
-2988
-812
699
-615
-1777
-983
-124
512
397
356
1412
2472
1344
465
1709
2194
2275
1959
1592
2250
3049
2311
1313
2166
1038
-532
773
1047
1628
1737
-848
-2304
-763
-1015
-2785
-292
589
-1220
-1668
-3945
-4388
-562
26
-2926
-1410
-729
-2439
-2102
-2300
-1535
1547
1420
-1806
-792
896
600
735
713
1512
3033
2673
315
449
2249
2816
2347
1397
1053
1106
1262
566
-1
878
1161
-365
-1656
-1794
-1175
-302
-824
-2352
-2286
-1531
-1947
-2580
-2196
-1246
-315
-1084
-2498
-1533
293
595
100
-181
30
1051
1285
859
1709
2378
2036
1632
1755
2326
3277
2864
2091
1446
159
1163
2011
1817
1461
112
-1124
-363
-178
-2278
-487
920
-1185
-1925
-3376
-3930
-1033
-323
-3455
-2512
-940
-2450
-2448
-2373
-2047
324
383
-2355
-1280
1047
676
323
75
908
2527
2333
576
608
2459
2792
2078
1307
1494
1821
1584
839
424
1390
1312
-186
-1050
-758
-303
-280
-974
-2027
-1568
-1390
-2116
-2282
-1832
-1467
-1092
-1405
-2007
-1318
-816
-781
-173
323
530
595
419
364
1339
2030
2031
2100
2287
2287
2498
2131
752
1424
2809
2988
2408
929
-443
130
883
-592
-276
1426
148
-1662
-3335
-3725
-1143
626
-1979
-3298
-1974
-2428
-2952
-2731
-1989
-204
166
-2538
-3244
-635
256
-24
-199
477
1475
1247
-193
101
2366
2977
2164
1092
927
1573
1930
1696
1549
2042
1250
88
-239
28
689
698
-320
-1419
-1263
-1184
-1343
-1493
-1539
-1324
-1350
-1729
-2191
-1677
-833
-544
-756
-835
-640
-431
113
576
1106
1705
1459
1182
907
437
1506
2876
3285
2730
1615
427
778
1436
486
1587
2850
1152
-818
-2144
-2127
122
1185
-1225
-1853
-1289
-2500
-3077
-2425
-1390
-192
-683
-3120
-2959
-1158
-932
-969
-674
293
666
-300
-1290
-156
1598
1889
1286
442
677
1149
1168
1182
1832
2129
1214
194
29
731
1410
1324
320
-315
35
-81
-574
-661
-389
-334
-498
-1276
-1712
-938
-292
-701
-847
-675
-979
-837
-597
-277
699
1009
451
-73
-739
-166
1541
2560
2356
1248
-178
-75
1077
263
778
2738
1821
353
-1125
-2167
-185
1999
75
-960
14
-1126
-2043
-1837
-1493
100
782
-1673
-2719
-1289
-961
-921
-587
148
614
-149
-1513
-1291
288
1120
860
255
340
375
36
249
792
1284
1318
405
-154
273
624
535
555
429
-17
-39
-216
-532
-176
137
66
-290
-583
-553
-247
38
-191
-295
-29
-59
-169
-95
111
414
591
455
793
532
-655
152
1290
1645
1748
422
-804
362
807
-827
674
2223
724
-302
-1886
-2256
703
1772
-1047
-978
-79
-1527
-1652
-1395
-731
877
421
-1997
-1835
-77
-80
-269
-153
502
767
-247
-815
-315
630
1059
407
-158
382
208
-398
336
611
534
564
-386
-730
193
307
-73
86
-422
-445
-6
-464
-515
61
89
-302
-705
-625
68
556
-66
-357
5
179
322
-32
358
1120
1062
449
541
812
-123
303
930
1580
2032
526
-1065
-239
947
-436
121
1467
307
-516
-1739
-2489
-243
1616
-710
-1430
-564
-1461
-1488
-998
-441
430
364
-1393
-1524
205
265
67
211
728
965
203
-248
39
834
1310
1011
588
624
266
-278
424
955
707
123
-496
-555
-121
159
-346
-617
-762
-903
-545
-539
-684
-365
-625
-1014
-793
-408
152
176
-357
-730
-351
200
440
368
417
740
660
489
1085
1323
45
345
1379
1800
2318
904
-697
481
1394
-353
19
1715
787
-128
-1484
-2444
-486
1356
-672
-1822
-931
-1552
-1910
-1471
-689
116
-11
-1512
-1891
-385
130
-55
26
714
882
113
-242
299
1157
1362
1078
605
786
932
346
544
1228
1224
512
-69
-338
-14
217
-177
-533
-773
-526
-646
-881
-1014
-942
-926
-1225
-1039
-900
-516
-186
-647
-1082
-715
-249
-74
-212
130
521
786
1188
560
735
531
-21
1653
2345
1926
1314
-69
-42
1570
1306
-174
825
1592
325
-667
-1158
-1471
521
806
-1437
-1157
-763
-1936
-2035
-1253
-392
-221
-1371
-2478
-1713
-229
19
-577
-190
423
148
-113
25
1111
1545
876
667
689
1409
1124
510
1374
1400
1008
632
176
765
1145
229
-350
-278
-59
-413
-928
-808
-822
-577
-805
-1294
-1024
-723
-513
-905
-1381
-851
-346
-706
-725
-374
-109
262
295
139
458
847
9
45
1782
2360
1562
725
-165
704
1809
307
442
2188
1585
8
-1145
-1414
2
1559
69
-1401
-240
-779
-1795
-1035
-499
-82
-484
-1809
-1586
-573
-309
-885
-1053
-48
257
-602
-829
97
668
431
342
550
976
1396
764
729
1315
783
317
286
586
1164
756
-48
-140
2
110
-18
59
124
-2
-90
-502
-678
-793
-928
-742
-878
-768
-891
-897
-812
-835
-490
-281
33
229
198
551
9
-511
198
1050
1217
769
395
217
884
1220
265
963
2019
1074
207
-251
-314
498
417
-766
-545
-43
-710
-1052
-607
-115
-134
-816
-996
-190
149
-415
-834
-435
-32
-570
-1294
-724
363
265
-62
-73
-229
395
409
135
893
1141
249
-127
360
340
102
51
-240
-69
628
575
177
291
176
-9
-36
34
67
-61
-174
-441
-794
-888
-593
-332
-164
-110
-76
-107
-182
128
244
181
-132
-686
-328
372
565
410
-123
-13
613
314
-160
807
1400
745
55
-665
-499
629
568
-466
-607
-365
-717
-576
134
464
303
-398
-855
-409
-45
-139
-250
127
607
-19
-856
-393
445
679
456
-75
-513
-153
31
-239
384
396
-621
-459
52
99
323
223
-180
-192
16
35
133
384
149
-348
-364
-9
163
51
154
115
-59
-52
-234
-229
217
243
-49
-1
-69
-53
278
335
247
-72
8
233
358
572
240
-185
-61
330
-53
-298
620
648
-25
-142
-448
-303
595
418
-453
-356
-114
-436
-598
-206
148
48
-286
-425
-230
77
85
-18
258
293
-221
-691
-310
463
493
148
-25
69
324
132
12
398
367
-12
-337
-345
-101
-88
-404
-501
-356
-305
-329
-320
-49
263
206
-275
-372
-92
95
305
146
-167
-370
-276
38
53
239
378
166
92
177
140
55
262
410
-49
-221
-26
150
443
509
234
55
509
556
42
323
622
401
-99
-532
-479
-105
-2
-398
-550
-339
-236
-329
-90
163
225
32
-432
-75
351
273
121
52
208
252
128
82
293
455
397
200
38
180
171
23
126
104
8
-144
-249
-166
-332
-561
-434
-262
-345
-418
-454
-387
-439
-515
-429
-326
-16
-83
-623
-413
75
49
-35
-89
40
200
54
235
263
10
40
111
322
287
149
87
178
341
106
-73
278
545
299
-197
-218
71
328
194
-65
239
321
-6
-155
-7
117
170
-30
-276
-110
48
-140
-311
-146
41
-97
-245
-113
145
343
307
127
365
309
161
314
107
30
42
-78
-101
-27
274
118
-39
314
136
-24
144
32
-152
-170
-265
-509
-464
-366
-496
-414
-362
-381
-392
-295
-212
-249
-139
-141
-261
-202
-191
-209
-95
-193
-291
-98
146
275
123
136
338
230
301
302
264
344
177
-16
-149
56
271
143
59
84
20
147
356
271
224
162
44
46
-19
-36
63
178
123
-55
-177
-269
-68
77
-9
-32
35
144
72
185
287
166
258
111
-81
151
150
24
1
-50
36
136
214
191
96
149
47
-51
25
-147
-221
-176
-266
-329
-360
-240
-218
-293
-279
-282
-30
27
-140
-152
-135
-80
-177
-214
-104
-161
-197
-267
-273
10
-3
41
177
169
296
151
-20
92
34
-63
-136
-136
-81
-198
-78
102
123
243
254
158
176
239
313
234
215
326
116
-27
85
42
4
55
74
-9
45
297
148
-31
97
116
111
79
27
-10
-65
-77
-62
-67
28
44
51
140
29
136
126
-10
156
30
-64
7
-7
18
-54
-19
7
-99
-52
-57
-160
-196
-243
-91
-53
-211
-236
-245
-61
16
-241
-393
-294
-45
93
-50
-122
-90
-147
-269
-216
-19
49
-12
-192
-311
-201
-2
43
80
204
198
77
5
61
141
81
83
203
158
10
63
74
78
262
47
-173
-2
103
93
-31
-28
63
10
35
-56
33
227
164
159
0
-21
77
-32
59
230
215
78
25
36
21
106
117
113
200
123
44
40
50
116
82
62
44
-174
-255
-264
-249
-6
38
-102
-83
-88
-155
-106
-87
-120
-123
-156
-352
-422
-188
-148
-94
-1
-82
-23
0
-9
95
173
197
157
-20
-145
-13
178
137
20
1
-67
-34
71
-10
-46
62
12
-114
-194
-218
-190
-243
-262
-197
-101
-49
-126
-159
-98
18
132
88
5
-7
-32
-24
82
206
301
240
176
190
229
295
237
155
116
72
59
3
33
177
189
107
80
142
121
61
93
51
-95
-157
-238
-265
-119
-70
-57
-60
-21
82
-42
-140
-122
-84
6
-97
-129
-110
-180
-62
1
72
172
138
131
90
114
174
184
192
140
83
32
25
-21
13
103
79
-9
-182
-187
-71
85
176
-15
-136
-108
-156
-239
-235
-209
-285
-315
-310
-418
-298
-134
-152
-209
-292
-210
-85
62
137
25
36
68
87
98
92
248
338
275
112
21
139
259
320
302
202
201
160
112
224
179
92
127
41
-25
-11
4
-11
-104
-49
-32
-52
-10
-128
-139
-50
-74
-108
-71
49
14
-37
-9
-10
139
279
231
185
83
-11
73
135
215
199
16
-43
38
68
38
19
41
-35
-105
2
-60
-111
-68
-197
-259
-163
-136
-129
-228
-270
-233
-240
-180
-140
-67
-77
-71
-83
-146
-101
-58
19
84
44
-6
-45
62
150
119
147
35
-10
57
20
31
61
39
-42
-113
-19
-42
-55
-87
-210
-172
-79
-60
-81
-44
-80
-4
79
70
98
67
28
15
73
83
70
146
92
94
219
230
181
283
284
213
201
214
309
281
230
97
-32
-41
-52
-17
-41
-72
-49
-73
-99
-127
-81
-97
-142
-105
-211
-234
-138
-154
-211
-184
-131
-110
-112
-90
-42
-2
70
91
49
-6
-82
-42
57
88
121
37
-142
-186
-172
-121
-15
7
-100
-144
-53
-29
-48
-5
-58
-95
-24
-106
-81
-95
-156
-139
-160
-4
14
49
103
21
70
-25
2
117
138
169
3
9
94
58
111
135
111
97
55
109
207
193
200
147
78
102
82
40
28
84
65
-24
-10
21
9
52
118
6
-34
19
-35
-72
-75
-44
46
49
3
-28
-9
6
24
27
27
93
102
93
101
122
87
17
21
13
-22
-22
-66
-143
-105
-89
-143
-107
-172
-210
-116
-60
-30
-106
-159
-199
-293
-206
-166
-124
-29
-95
-96
-45
2
43
50
29
59
97
25
-12
5
37
112
169
92
60
134
169
200
202
137
62
30
38
-26
55
97
1
32
-21
3
122
149
145
98
58
1
-21
55
80
7
21
-4
0
58
65
88
115
60
-16
-7
-17
7
-29
-116
-116
-80
-92
-141
-124
-81
-134
-84
-54
-170
-140
-79
-56
-6
-41
-116
-142
-87
-4
-30
-95
-54
-29
-18
29
30
50
21
-5
-6
11
110
77
-18
-51
-26
75
85
63
68
41
97
105
79
45
-38
-106
-165
-112
-36
-83
-104
-67
-45
-43
-32
2
59
83
40
8
-13
5
29
55
91
56
11
29
31
70
69
70
142
148
105
34
31
41
45
65
24
35
38
4
-15
-37
-18
-70
-108
-87
-108
-60
-37
-68
-47
-25
-7
-28
-77
-79
-84
-90
-82
-67
-50
-47
-34
13
8
22
102
61
31
55
33
62
56
7
-28
-49
58
135
65
54
39
18
78
94
74
-1
-118
-172
-239
-220
-154
-90
-17
-25
1
-43
-19
78
63
83
47
-31
-121
-172
-97
-41
115
146
7
4
62
150
146
74
42
56
57
9
-67
-75
-64
-21
60
49
54
12
-65
-38
-20
16
-3
-102
-112
-92
-28
7
61
83
16
113
176
39
75
113
38
26
-75
-48
-12
34
141
82
100
117
95
142
100
144
171
5
25
39
-98
-45
-32
-77
-10
6
-33
-96
-74
11
-42
-63
-20
-164
-176
-120
-164
-109
-80
-73
-82
-85
-47
-63
-18
52
96
92
22
-14
-24
-38
-1
45
52
-28
-41
59
11
30
65
23
68
37
-2
15
-40
-30
-9
-67
-31
-57
-120
-77
-62
26
-9
-63
10
-108
-69
28
-103
-12
10
-68
-7
-39
62
124
122
192
71
91
91
9
112
46
42
62
-98
-45
-2
63
109
-70
-16
-39
-23
139
-36
-29
59
-92
-30
-46
-72
34
-51
-40
5
12
98
3
79
90
-49
138
61
88
154
-78
-5
-72
-81
126
-39
-4
11
-71
99
-16
19
52
-110
83
69
-58
-53
-182
-68
-75
-119
38
-119
-72
48
-82
6
22
0
62
42
30
-91
-135
-18
-100
-80
57
-75
-27
32
0
4
38
242
118
-2
100
-50
29
122
26
-10
-113
-39
-66
-71
117
35
13
109
12
50
62
6
80
-27
27
91
-40
32
-35
-67
31
-30
51
14
-37
122
-14
13
124
-69
-60
-77
-122
-50
-47
-2
-55
-40
63
-29
-16
-15
-83
-18
-50
-38
-12
-86
-49
-49
-76
-81
-18
83
47
8
34
-22
-20
49
53
-6
-22
46
-20
-26
41
46
-18
-19
45
6
2
38
19
-35
-17
39
-34
-48
48
-18
-46
14
-10
-24
-43
6
14
-74
26
68
2
15
4
17
25
18
74
52
38
100
32
-32
-19
40
59
-21
11
12
16
81
29
63
46
-19
46
-44
-71
47
-18
-14
-49
-11
33
-63
48
59
-21
51
47
8
-7
-23
48
-60
-57
31
-91
-52
28
27
19
-1
76
-14
-72
57
22
-51
-13
-16
-70
-96
-54
-44
-59
-1
1
-68
-105
-32
20
-19
-8
14
-11
-22
3
29
-16
-53
36
20
-5
64
29
22
38
34
88
-21
6
46
-49
-11
-23
17
21
-33
45
-14
-69
36
-9
-14
14
18
16
-40
-11
9
-33
-14
7
3
-9
1
0
5
7
1
1
-36
-3
-14
-25
7
-21
-1
21
-58
-19
50
12
-26
-2
12
-15
64
46
10
13
21
33
-29
10
63
20
25
15
31
28
-34
41
19
-36
43
-19
-84
-5
22
3
-44
24
30
-52
21
26
-56
-7
21
8
-24
-24
12
-39
7
40
49
28
13
43
-54
0
62
-40
-11
-21
-15
-20
-55
-3
-4
1
17
-7
-58
-19
0
-15
-47
-47
16
-43
-26
52
4
-10
-24
-22
-13
-17
67
23
1
39
-14
18
-15
15
44
3
35
-6
-38
-22
-4
10
-34
-18
5
-97
-27
26
16
44
-35
10
-10
-37
14
-56
-34
-43
-6
39
-43
26
46
-28
-1
28
1
-45
30
32
-42
35
38
5
16
24
15
-8
66
29
-19
11
-27
-15
-26
-22
3
-11
-3
21
-5
-32
1
-20
-13
6
-35
0
-8
-21
26
-8
6
28
-7
0
-4
13
30
5
48
37
-35
39
24
-22
53
11
-23
-16
-15
11
-14
-6
25
-44
-32
61
-17
5
7
-45
-5
-65
9
20
-55
34
-6
-16
16
37
57
8
49
48
2
19
61
54
9
30
77
16
-16
16
7
-9
58
85
0
-33
37
-23
-80
30
10
-51
-54
-28
-21
-60
-10
-8
-68
-39
-37
-45
-68
-28
-9
-52
-14
18
25
-11
4
-1
-32
-18
24
35
-4
9
8
26
40
63
62
64
87
43
40
-2
18
40
-1
-5
-44
3
-51
-72
-2
-71
-41
9
-29
-68
-45
7
-27
-31
-8
-40
-46
-13
-4
-7
-12
-2
18
-19
9
53
28
7
11
52
4
-8
35
-24
-17
31
26
4
-3
18
-18
-23
38
21
24
46
-10
-4
-18
-20
35
7
13
-15
-28
-19
-50
23
12
-23
29
-10
-21
-4
-17
9
-27
-14
-4
-22
13
-12
21
18
13
68
20
18
23
16
-4
-9
35
-102
-44
88
48
55
-6
5
-34
-33
-22
-47
82
24
-48
-111
-69
67
30
27
-18
32
-7
-23
63
-51
92
0
-33
68
-71
29
-79
22
26
10
105
-129
70
-32
-69
94
7
5
-38
30
-106
-10
97
16
50
-35
-35
-30
52
6
-16
47
-25
10
-4
-25
31
-39
-21
2
-3
94
-49
-45
-28
-42
44
-35
62
-35
-51
11
-41
37
21
11
-7
-11
-27
25
-2
20
45
-17
18
-9
31
-48
9
-2
-7
28
-40
4
-52
49
-30
50
51
-58
37
-67
43
-10
13
31
-34
15
-41
28
8
37
-31
-13
34
6
15
-47
0
-14
1
-9
-15
20
-24
-38
-13
10
37
44
-43
-12
22
11
39
-26
15
24
-22
35
0
27
20
-39
-19
-22
75
-5
-10
9
-39
23
-33
39
-21
26
3
-92
48
-23
48
-28
-34
45
-14
47
-32
-30
8
11
-9
20
32
13
-11
-56
-17
16
64
-16
-18
-7
-28
6
2
18
3
30
-49
-20
0
12
24
-41
17
-14
23
-27
-14
2
-26
55
-3
5
-4
2
-41
-9
17
-21
49
-30
-19
-29
-11
27
1
28
-19
10
2
-23
9
18
-4
8
-6
-21
19
-10
9
6
14
7
0
10
-9
21
-2
24
4
-2
-7
-26
12
-10
3
-12
-18
-17
-13
-13
-22
-1
-12
15
-3
-2
-11
-13
21
-1
28
5
-25
-34
-49
6
28
32
11
-22
-16
-14
9
17
2
10
-31
-40
-24
-16
1
-8
8
-5
6
23
8
9
3
28
28
23
17
-14
-20
-2
21
34
22
12
-2
-16
3
10
1
0
-13
-4
-1
-2
24
19
3
6
3
6
14
0
11
4
3
20
-20
-11
-15
-9
24
15
40
1
-24
0
-16
-5
-1
2
-2
-6
5
-5
-14
14
37
30
44
40
15
-5
-20
1
8
5
6
-8
-16
-14
-13
-10
-7
-18
-12
-9
-19
2
-7
-17
-3
-14
1
2
-8
0
-6
7
14
2
-1
-17
-4
3
-2
7
-11
-18
-33
-13
-2
6
19
-4
18
-1
0
18
-13
3
0
-4
-5
-20
-3
-19
-10
14
-4
-1
-5
-1
2
7
27
12
11
-17
-19
-14
-12
2
-32
-10
-14
-4
25
3
26
0
-1
20
-1
15
-1
0
0
-5
15
-15
-15
6
-13
16
24
7
1
-8
-9
-8
8
21
2
-2
3
7
3
3
5
-22
-15
-8
-9
-3
-1
15
-1
23
34
24
29
-1
23
8
7
17
-10
12
-2
3
1
-10
-4
-16
-10
-12
-7
-11
-7
-13
-15
1
-17
-16
-10
-15
-12
0
2
6
-3
-15
-15
-18
12
1
-4
-1
-19
3
8
14
18
1
10
7
3
14
12
7
0
-8
-15
-15
-12
2
-7
-13
8
2
9
5
4
14
11
40
27
11
11
-6
-6
-9
-5
-4
9
6
0
1
7
25
29
16
-13
-13
-9
-5
4
-11
-6
-22
-21
2
6
9
-1
2
-1
-9
0
3
-5
-4
-8
-24
-16
-8
0
7
5
13
3
-6
-10
-2
3
-4
13
17
0
-4
-1
-1
10
14
13
6
-1
2
-7
1
8
9
-6
-15
9
7
-4
-5
-1
-14
-14
-16
-29
-15
-4
10
-1
-7
-3
-13
-4
5
16
11
1
-3
-2
-5
9
21
6
12
6
10
8
6
15
-2
-8
-1
-4
-8
-15
-16
-4
5
17
15
8
9
7
12
16
8
7
2
-2
-2
-7
-6
-5
0
9
7
8
11
12
11
8
-1
-8
-5
-13
-25
-26
-10
-11
-8
2
3
9
6
5
8
14
18
11
9
2
-3
-4
-16
-13
-3
4
6
8
10
0
7
-2
-9
0
-6
1
-2
-4
1
-8
-8
-7
-9
-4
-3
3
11
7
16
19
7
3
3
5
4
-2
-2
-16
-23
-15
-19
-14
-10
-13
-10
-8
4
14
4
-7
-15
-11
-9
0
5
-3
-5
-1
-1
-4
6
13
9
12
12
9
2
-15
-14
-14
-19
-12
-7
-6
-8
-5
-9
-15
-4
-9
-15
-10
-3
-5
-9
-11
-9
-8
-14
-10
-5
-9
-7
1
5
11
18
14
8
17
22
22
16
14
8
3
3
1
8
4
9
12
5
8
7
7
4
0
4
5
7
7
-2
-10
-13
-9
-2
2
-2
-5
-3
-5
5
0
-3
5
5
7
1
7
6
-1
6
3
-1
4
3
7
8
10
5
-2
2
3
-1
-3
-3
-5
-7
-5
0
-2
-4
3
2
-2
-4
-5
-8
-10
-5
-3
-3
-4
-5
-3
2
-2
1
4
-3
4
6
4
2
-2
5
7
6
-2
-7
-7
-12
-13
-4
-8
-9
-9
-9
2
4
6
5
0
7
2
-1
2
-8
-9
-9
-4
1
2
5
7
6
8
9
12
10
3
1
-5
-10
-2
-1
-1
7
12
16
12
6
0
-9
-6
-4
-2
-1
-3
-2
-6
-4
-4
-8
-11
-10
-5
-3
-1
-5
0
0
-3
-9
-10
-5
-8
-5
-2
0
3
-1
1
1
-1
4
2
3
9
10
4
-1
-2
-4
-2
1
2
0
0
7
6
2
2
-2
-4
-2
1
1
3
4
-2
-2
-2
-1
-2
-2
1
5
12
14
9
7
1
-1
2
8
11
7
4
1
-4
-1
1
0
2
0
0
-2
-5
-4
-2
3
2
-2
1
4
5
4
4
8
10
9
7
6
5
0
1
1
0
-1
-9
-4
0
1
3
1
2
3
2
-3
-2
-5
-2
-6
-6
-6
-12
-7
-7
-6
-5
-5
-5
1
4
9
8
4
3
4
6
7
8
6
4
7
4
2
-2
-3
-6
-10
-6
-2
-4
-1
8
3
3
4
-1
-6
-7
-6
-8
-7
-6
-9
-11
-4
-1
-4
-4
0
4
1
4
2
2
7
7
7
7
8
4
-2
-3
-2
0
3
3
8
4
-3
-2
0
6
7
5
2
-6
-7
-7
-7
-7
-7
-10
-8
-8
-10
-10
-6
-1
2
4
4
5
6
7
4
3
5
4
2
-2
-2
2
1
-1
2
7
7
3
-5
-13
-12
-11
-15
-11
-9
-3
-4
-5
-1
-3
-1
-3
-1
0
4
0
-6
-6
-5
-1
-3
0
1
1
5
6
5
4
5
-1
1
6
7
9
11
16
11
5
3
4
8
4
4
6
5
6
2
-3
-4
0
0
-3
-4
-4
-5
-5
-6
-5
-2
-2
-6
-3
0
3
6
5
-1
-2
-3
-5
-6
-8
-5
-5
-5
-4
-7
-10
-9
-5
-2
5
4
-3
-5
-7
-5
-5
-4
-1
-1
-3
3
5
3
4
6
9
7
7
1
0
2
0
-3
-2
-1
-1
0
3
9
7
2
-4
-3
-1
-2
-2
-3
4
6
7
9
9
5
2
2
2
-1
-6
-6
-6
-6
-4
-3
1
1
4
3
-3
-3
-7
-5
0
-1
-5
-2
4
4
-1
-3
-3
-3
-1
-4
0
4
5
3
-3
-3
2
1
1
0
-2
-3
-3
-5
-6
-8
-3
2
2
0
2
5
-1
-4
-6
-3
0
2
4
1
3
5
5
6
4
2
-2
-6
-6
-4
-4
-1
6
5
1
3
2
1
-3
-5
-6
-6
-4
-6
-8
-1
4
6
5
2
-2
-6
-5
-2
3
5
5
6
6
2
4
5
4
3
6
5
-1
-4
-9
-9
-5
-2
-1
-2
-4
-4
-8
-9
-11
-8
-7
-8
-8
-12
-12
-9
-8
-2
-3
0
2
4
3
2
8
7
4
8
12
12
11
7
4
1
5
11
11
11
12
11
14
13
9
5
1
-3
-4
-4
-3
-2
-2
3
2
-1
-5
-4
3
11
5
-7
-9
-6
-1
4
1
-7
-7
-9
-12
-3
0
-3
2
4
6
1
-4
1
-2
1
1
0
5
-2
0
3
2
2
3
-1
-2
-6
-7
-2
-8
-4
-9
-8
-3
-11
-1
6
0
7
-6
-13
-6
4
11
9
4
4
2
14
3
-18
-7
4
23
10
-8
-5
-13
-7
2
2
11
10
-2
-2
-3
4
-5
-18
3
10
14
4
-4
8
15
9
9
16
9
15
12
-5
-9
-4
6
4
-2
-13
-9
12
16
14
16
14
13
3
-3
-5
3
7
-8
-3
4
-2
7
8
9
15
10
3
-8
-11
-14
-16
-15
-8
-9
-16
-10
-7
1
-1
0
-6
-14
-13
-19
-16
-10
-11
-10
-13
-10
3
5
17
14
7
11
2
8
7
3
15
12
6
7
-1
-7
-7
-3
2
-2
-10
-18
-24
-19
-16
-12
-7
-11
-16
-7
-4
-1
-1
2
10
9
6
3
-3
4
3
1
6
0
10
7
2
17
12
13
5
-7
2
-3
-3
1
-6
-3
1
-1
0
5
11
9
2
0
-7
2
5
-5
5
0
-3
6
3
7
6
-5
8
9
7
11
-1
10
8
5
3
-7
-1
3
10
9
7
4
0
4
5
6
1
0
2
-7
-3
-5
-18
-7
-5
-2
2
-4
-6
-10
-1
1
2
-10
-27
-12
-6
3
3
3
9
3
1
-5
-5
-7
-4
-6
-7
-5
-3
1
-7
-3
-4
-9
-5
4
-8
-5
4
-6
8
4
10
14
9
16
1
9
17
10
8
-4
-16
-3
4
5
7
-4
-2
-13
-12
-6
2
14
5
2
1
-2
10
5
-8
-5
-5
-7
-4
-8
-8
-6
5
9
3
16
15
8
-3
-14
-7
0
10
6
0
-3
-5
-7
-5
-1
12
11
3
3
-2
-2
-2
-2
5
12
-4
-16
-21
-11
11
13
14
4
7
9
4
8
-5
-20
-28
-25
-26
-30
-21
-7
-2
8
0
0
7
2
1
1
-3
-9
-22
-20
-5
-2
6
-2
13
35
22
20
-2
-7
6
-5
-6
-12
-18
-2
0
-7
9
9
2
0
-1
0
-21
-17
-8
-22
-3
-5
-11
8
13
16
15
10
9
0
8
20
3
15
8
9
9
-3
7
1
23
17
3
3
8
8
9
19
3
14
7
2
-1
-14
-6
-12
-6
7
2
0
1
5
4
1
7
0
4
5
-2
2
-6
2
2
-8
-15
-8
2
-4
1
-3
-9
-3
-16
-22
-18
-17
-2
-1
-3
-4
-6
3
2
14
14
11
11
-1
-6
-13
-5
1
0
0
-8
-7
4
16
22
24
30
13
3
-7
-4
-3
-6
-2
-15
-16
-13
-9
-4
0
-5
-3
-2
-9
-2
6
20
11
-1
-4
-3
1
-2
2
-2
-3
2
-3
-6
1
3
2
5
2
9
4
-5
-6
-6
2
-2
-1
1
-2
-4
-10
-8
4
10
6
-7
-17
-4
-4
-8
-3
-15
-5
-1
-4
3
-2
-1
-6
-9
-5
-5
-1
4
0
2
-4
-7
2
3
9
18
9
3
2
-6
0
-5
-11
2
-8
-9
-8
0
10
11
20
10
5
5
-1
8
3
-3
-7
-20
-14
-7
5
17
17
6
-1
-2
-3
-6
-8
2
-3
-6
-4
-12
-12
-3
7
1
1
2
-1
-7
-3
-3
3
4
-8
-14
-18
-8
-5
-6
-3
0
3
3
-3
-4
1
11
17
9
10
4
5
0
-9
2
0
5
9
10
10
5
6
6
5
-2
-3
1
9
12
12
11
4
11
9
4
0
-8
-10
-11
0
0
2
-4
-4
3
-3
0
-1
-1
9
9
9
9
9
9
1
-5
1
-2
-9
-5
4
-1
-2
7
3
5
12
8
4
-4
-3
-7
1
6
1
-4
-2
1
-11
-15
-7
-10
-9
-5
-8
-2
-2
4
2
3
7
3
4
-6
-5
-9
-10
0
-1
8
2
-7
-4
-4
2
2
-2
1
5
10
10
11
14
14
9
3
4
5
15
14
4
5
8
12
1
-4
-6
-10
-1
-11
-17
0
0
7
15
3
1
-1
1
1
-3
-7
-13
-16
-27
-15
-7
8
15
5
11
-4
-1
5
2
6
-5
-11
-13
-3
4
0
5
2
4
8
-4
-3
-3
-5
1
-7
-7
-3
1
5
1
0
-2
2
6
1
-1
3
1
6
10
1
-1
-1
-6
-10
-5
4
4
4
3
-1
-11
-4
-5
-9
-5
-8
-18
-27
-13
-7
-2
1
-5
1
8
11
17
11
9
9
0
-5
0
6
10
6
-1
3
6
3
12
16
4
0
-8
-17
-15
-11
-6
-5
-5
-12
-11
6
12
7
5
4
2
0
-1
2
5
9
0
-9
-5
-5
3
4
4
7
2
-1
-13
-10
-6
-12
-12
-13
-8
-2
-4
-5
0
6
12
10
-3
-4
3
8
4
6
7
3
2
6
3
4
11
6
4
10
7
-3
-5
-11
-15
-9
-11
-15
-9
0
5
5
3
-6
-9
-1
-1
-2
1
-3
-6
-3
-9
-11
-6
-3
3
-1
-2
5
7
7
3
8
9
-1
-3
-4
-1
-1
-10
-7
0
3
5
2
1
4
2
3
-7
-12
-10
-5
-1
3
1
0
4
-1
-12
-14
-16
-12
-6
2
5
3
10
15
15
21
19
10
5
3
7
9
4
3
8
11
10
5
5
9
6
5
3
0
9
4
0
3
0
-1
4
6
2
-1
1
1
-3
-3
-7
-5
4
2
-1
1
2
5
0
-2
1
2
1
-5
-7
-11
-12
-11
-10
-2
0
6
2
-6
-2
-8
-9
-2
-5
1
4
2
2
-4
-1
3
3
7
1
-2
8
15
12
7
6
7
4
4
3
-2
-2
5
7
0
1
-3
-2
4
0
-11
-18
-12
-6
0
3
3
-2
-2
2
-1
0
2
1
-2
-4
-5
-4
-2
-5
-3
0
-2
-3
-4
-5
-3
-2
-1
-4
2
6
0
1
4
-6
-3
2
1
-3
-8
-11
-10
-8
-7
-3
-2
-4
2
6
11
8
0
2
1
-3
-6
-9
-5
1
-3
-4
-1
0
1
6
8
1
1
0
1
0
2
4
3
8
7
11
14
11
9
7
6
4
0
3
4
-1
7
3
1
1
2
-2
1
3
-4
-2
-2
-3
-3
-3
-6
-9
-1
-5
-10
-2
1
-1
0
-3
-6
-6
-6
-5
-4
-3
-3
-1
-1
-2
0
-3
-2
-4
-6
-4
-7
-7
-4
0
3
4
-1
-2
0
1
0
0
-1
-1
2
5
2
-4
-1
-4
-8
1
1
-1
3
-1
-2
-1
-1
-2
-5
-2
-1
-1
4
4
6
8
11
10
8
6
2
0
-1
-4
-1
-3
-3
1
0
3
4
6
1
-8
-11
-13
-8
0
2
0
2
5
6
6
7
2
-3
-1
-5
-4
1
1
1
-5
-7
-7
1
11
11
14
14
10
2
1
-2
-2
-2
-5
1
-1
7
9
1
1
2
12
11
9
9
2
-2
-9
-16
-14
-7
-11
-15
-16
-16
-11
-4
5
8
8
5
6
4
0
-1
-2
3
5
5
6
0
-3
0
5
15
19
13
3
1
0
-2
0
3
7
4
5
2
-2
-4
-2
1
-3
-4
-12
-12
-9
-12
-11
-5
0
6
6
2
-3
-5
-3
-6
-1
-2
-4
-2
-7
-8
-5
-3
1
3
3
0
3
0
-7
-11
-11
-16
-17
-11
-12
-8
-3
-3
-3
0
0
-3
-4
-10
-15
-11
-6
-3
7
12
11
11
10
14
11
6
8
3
3
2
1
5
6
7
2
0
4
6
9
13
12
4
2
0
-4
-1
1
3
0
-2
-3
-6
-3
-2
-2
9
12
15
13
9
6
5
9
7
8
4
3
8
8
2
-6
-7
-5
-5
-3
-1
-4
-9
-9
-8
-5
-5
-5
-4
-5
-2
0
-1
1
6
10
14
9
6
7
-5
-12
-10
-8
-10
-11
-6
-2
3
9
4
3
-1
-4
-1
-6
-7
-10
-10
-16
-23
-18
-19
-10
-8
-5
7
15
19
13
12
9
9
11
5
5
-1
-8
-15
-17
-11
-8
-5
2
6
7
10
5
3
2
7
14
12
11
10
9
4
7
4
0
-1
-2
-5
-11
-13
-10
-8
-6
-3
2
2
1
0
-2
-4
-3
-2
-1
3
3
0
-1
0
-1
6
10
7
8
4
3
7
8
4
1
0
-3
0
-1
-4
1
8
11
7
3
-2
-1
3
4
3
2
3
-2
-9
-5
-4
-7
-8
-6
-2
-2
-5
-9
-11
-7
-3
-3
-5
-4
5
4
2
2
-2
-3
0
1
3
8
10
11
12
11
11
11
9
9
6
7
5
2
4
10
12
9
1
2
7
6
5
3
2
1
1
-6
-8
-8
-9
-8
-8
-9
-11
-9
-7
-7
-5
-4
-1
-7
-9
-8
-6
-5
-5
-2
0
0
0
-2
-3
-6
-9
-8
-1
4
8
8
9
7
-2
-4
-4
-5
-4
-4
-4
-1
-2
-2
-4
-9
-5
-3
-4
1
1
0
-5
-7
-5
-1
-3
-1
1
2
8
13
12
7
13
10
11
12
6
2
1
12
18
18
11
7
7
-1
-7
-1
-5
-7
-5
-10
-16
-16
-10
-9
5
17
16
10
5
4
0
-1
-2
-1
-2
-6
-8
-6
-6
0
7
4
-4
-13
-8
3
1
0
-5
-3
5
6
10
13
7
4
-2
-6
-4
-6
-4
-2
0
3
-4
0
11
12
8
0
-2
-4
-7
-8
-4
1
1
3
3
0
-2
-1
-7
-13
-8
-10
-13
-13
-5
-11
-17
-10
-6
0
1
7
5
-1
0
-2
0
-3
-5
-2
-1
4
14
10
-2
-2
-1
8
7
5
4
-5
-4
3
4
5
6
-2
-7
-1
4
2
-3
-1
3
2
1
-2
-1
-3
-1
5
2
0
5
3
5
3
-3
1
4
9
9
7
6
5
4
5
2
4
6
3
8
4
2
1
3
3
-5
3
5
0
4
-4
-6
-6
-12
-13
-21
-22
-16
-16
-17
-15
-7
-10
-6
0
1
0
1
5
-5
-14
-10
-5
-6
-8
-14
-22
-9
15
21
18
8
4
4
3
10
15
10
3
-2
-2
3
1
-4
2
11
22
10
-1
-4
-10
-3
-1
2
7
6
5
-3
-5
1
5
13
15
5
-3
-8
-1
6
-2
2
9
4
11
13
5
0
2
8
2
-1
-1
-4
1
-3
-9
-13
-11
-6
-10
-10
-10
-13
-5
-11
-17
-16
-12
-4
-3
-2
-6
-5
0
2
-2
-1
-2
-1
-1
-3
2
5
7
-1
-2
-1
-5
0
-1
-5
-2
5
-4
-10
-4
-3
-2
-4
-11
-12
-5
-1
-2
0
3
6
8
10
15
18
15
5
3
11
15
16
10
7
12
13
5
-1
0
-3
-7
-6
-13
-10
-4
-3
5
6
14
15
5
3
6
9
2
9
10
1
0
0
5
4
3
0
-3
4
10
9
3
-3
-11
-12
-11
-9
-6
-4
-5
-11
-12
-8
-9
-12
-8
-1
0
1
4
-2
-8
-2
4
-1
-1
-3
-6
-6
-3
4
3
2
-3
-7
-4
-1
0
-1
-5
-3
3
0
-4
-5
-7
-5
0
2
1
0
-4
-2
0
-5
-5
0
-3
-5
-7
-9
1
9
5
4
3
8
5
4
10
10
11
10
5
6
6
4
5
6
4
10
12
8
4
0
-6
-5
-3
-8
-4
-6
-12
-8
-4
0
2
4
4
-2
4
6
-2
1
4
-2
1
5
-1
2
3
-2
-2
0
-3
-6
-2
-5
-5
-1
-7
-8
-7
-8
1
1
-1
3
2
-2
2
7
-2
-3
2
-1
-4
-4
4
-1
4
12
3
6
6
3
7
9
14
13
11
8
6
7
1
1
-4
-14
-9
-4
5
6
4
-1
-7
3
1
1
5
0
1
-6
-10
-11
-2
10
9
9
-1
-5
-3
1
3
4
5
-6
-16
-15
-10
0
6
6
4
5
2
-6
-1
2
-4
-10
-14
-12
-8
1
5
5
6
-4
-6
7
10
11
14
13
8
1
2
0
-3
-1
-5
-10
-10
-10
-19
-11
-2
-10
-14
-18
-11
-5
-4
1
-3
2
11
5
-5
-8
-3
-4
-6
-7
-11
-11
-3
3
2
8
17
14
9
7
2
3
2
-2
-2
4
14
18
6
0
6
12
16
16
18
10
11
12
8
12
11
8
3
5
5
4
9
7
5
3
0
0
-6
-10
-8
-13
-16
-17
-16
-15
-10
-7
-7
-3
0
2
0
4
7
5
4
-3
-9
-8
0
8
11
17
10
8
4
0
5
0
0
-2
-9
-10
-14
-11
-7
-3
0
-1
-3
1
-1
0
3
4
7
8
4
5
5
-1
5
1
2
5
3
2
-1
3
1
-2
-1
-4
-2
1
-3
-5
-8
-3
0
4
10
8
7
3
1
1
4
7
10
4
-7
-9
-8
-6
-8
-9
-4
-7
-5
-1
-3
4
8
-2
-4
-4
-7
-11
-21
-21
-20
-22
-25
-28
-24
-22
-14
-11
-11
-9
-9
-9
-16
-17
-14
-11
-5
8
9
7
12
17
22
22
24
18
9
6
6
11
16
21
19
12
9
7
3
7
16
20
11
0
-8
-8
-2
1
-2
3
7
3
2
0
3
9
16
14
4
5
8
4
4
3
1
5
10
11
14
13
10
9
4
0
2
1
-2
-5
-13
-9
-5
-4
-4
-7
-8
-11
-15
-14
-10
-7
-3
-6
-1
-1
-3
-3
-6
1
-2
-11
-4
-4
-13
-12
-10
-8
-5
2
2
3
11
9
6
7
3
3
1
-2
-5
2
7
-3
-2
-4
-4
-2
3
4
5
10
5
-4
-11
-4
-5
-6
1
-1
-3
0
0
4
1
3
8
-2
-1
0
-2
-5
-6
0
5
7
13
14
10
8
2
1
1
1
-6
-8
-1
-5
-5
-5
-1
3
5
5
0
-5
-5
0
3
-3
-3
-2
-2
-1
3
4
-3
-2
-9
-13
-9
-5
-4
-2
-5
-15
-18
-18
-10
-7
-5
0
2
-3
-10
-12
-12
-11
1
8
3
5
6
8
10
5
4
4
5
5
0
1
2
1
4
5
6
5
4
9
2
-6
-10
-14
-14
-13
-9
-6
-4
6
12
5
4
8
5
-2
-5
-9
-23
-16
-6
-11
-3
3
4
5
15
22
20
22
17
8
10
9
5
-2
-2
11
11
8
6
6
6
3
5
4
6
5
-3
-8
-8
-9
-6
-4
-3
-2
-2
-1
-1
-3
-4
-3
3
7
10
12
11
9
5
4
4
9
7
2
-2
3
-1
-8
-10
-9
-5
-7
-4
3
3
2
-4
-12
-10
-12
-7
-6
-7
-2
-6
-4
-8
-11
-4
2
6
4
-1
-6
-13
-18
-15
-6
-5
0
4
5
8
3
-1
-3
-5
-1
-3
-5
-1
-2
-3
-3
3
4
3
-1
-1
4
9
17
22
16
10
9
12
11
4
-2
-6
-10
-7
-3
-2
-3
3
1
3
1
2
-3
-7
-5
0
2
-5
-6
-8
-11
-9
-2
-1
-8
-7
-1
4
7
10
14
9
4
0
-2
2
0
-9
-11
-5
4
8
6
4
6
5
5
4
5
7
2
-10
-10
-8
-7
-5
-3
-2
2
3
-3
-8
-12
-17
-20
-15
-8
1
6
7
8
4
2
-2
0
-5
-12
-8
-11
-11
-8
-5
-3
-3
1
3
5
4
3
-2
-1
2
-1
2
6
3
9
18
16
12
14
15
12
9
6
11
9
6
9
5
11
18
18
17
7
5
8
5
7
6
3
0
-1
-3
-3
-3
-5
-4
-4
1
-1
5
2
-5
-2
-3
1
-1
-4
-5
-5
-7
-7
-7
-3
2
5
4
2
2
8
5
1
1
-4
-6
-9
-14
-19
-17
-7
-7
-2
4
0
-3
-7
-1
2
-4
-2
4
-4
-3
7
10
16
18
15
6
6
6
-1
-2
-2
-3
-4
-4
2
5
4
6
3
3
6
7
6
7
3
7
2
3
6
0
3
2
0
-4
-5
2
-1
-3
-1
-1
-2
-3
-5
-9
-4
0
-1
-5
-11
-10
-9
-4
0
4
11
7
4
1
-2
-4
-7
-3
1
-2
-2
-6
-10
-7
-7
-7
-10
-11
-11
-20
-18
-14
-8
-5
-10
-10
-5
-1
1
0
-3
4
3
1
4
4
9
13
18
20
18
20
18
18
20
12
3
4
4
-1
-4
-6
-8
-6
0
-1
-5
-4
-1
-1
-4
-2
-1
-3
0
-1
-2
1
3
1
-2
-3
0
-2
1
-5
-9
2
4
8
6
6
10
10
2
-9
-14
-14
-10
-13
-12
-5
-3
-1
-4
4
9
11
14
6
2
-1
-7
-8
-13
-10
-10
-11
-11
-8
-1
5
8
8
10
8
7
6
3
2
0
-2
4
6
-1
-2
-1
-1
-2
-5
-3
1
5
12
12
7
4
5
-1
-3
4
3
-2
-4
-2
0
0
-4
-6
-5
-4
-1
1
1
2
-1
-3
-5
-4
1
-1
2
1
4
8
6
7
7
8
5
3
10
13
10
5
1
1
8
11
3
2
8
9
6
1
1
-3
-6
-11
-14
-7
-5
-9
-13
-11
-12
-16
-17
-14
-13
-6
0
1
0
-4
-6
-8
-3
-1
-6
-9
-7
-3
-5
2
5
-1
5
8
10
15
14
14
9
3
-1
-7
-4
3
6
3
3
4
0
-1
-2
-6
-7
-3
-3
-1
0
2
0
-1
3
8
14
13
8
6
7
7
1
-1
-7
-4
0
3
5
3
1
-5
-6
-5
-2
-1
-2
-1
-4
-6
-9
-13
-16
-14
-7
-4
-3
-8
-9
-4
-5
-3
-1
-1
1
4
4
0
2
4
-2
-3
1
0
-1
-2
1
-2
0
6
3
1
1
-2
-5
-8
-5
-4
-2
-2
1
-7
-11
-4
-7
1
3
3
2
1
4
0
-2
2
5
6
6
0
1
0
0
3
1
4
14
16
11
6
7
6
2
0
0
0
0
1
4
4
5
6
-1
-2
5
5
-4
-5
-5
-11
-11
-8
-11
-13
-11
-8
1
6
6
10
3
0
-2
-4
-6
-9
-11
-18
-16
-11
-4
1
3
6
4
7
13
11
7
10
11
8
2
1
1
4
6
5
4
-5
-7
-10
-12
-6
-6
-5
-7
-7
-2
0
3
3
0
-5
-1
1
0
2
3
6
3
2
5
5
5
5
4
5
4
5
1
-2
0
-2
0
-2
-5
-6
-5
0
4
1
2
2
3
6
8
11
8
7
11
13
14
12
9
0
-1
-2
-4
-4
-5
0
1
0
0
1
4
3
0
-2
-2
0
-1
-4
-5
-7
-8
-4
-1
5
6
3
5
2
2
1
0
3
6
7
7
1
-4
-6
-5
-3
0
0
2
4
5
3
1
1
2
7
4
1
-3
-9
-10
-11
-12
-12
-10
-12
-14
-13
-8
-1
-2
-6
-7
-7
-3
0
1
5
5
5
3
2
1
1
1
0
5
5
7
2
-1
-2
-7
-6
-2
0
2
4
1
1
3
3
1
-1
2
6
6
1
0
1
1
-1
-5
-3
-3
-2
0
6
6
7
3
0
0
-4
-2
1
5
8
3
-2
-10
-14
-13
-12
-10
-13
-12
-7
-7
3
2
0
4
6
2
-3
-3
-7
-10
-5
-2
0
0
5
5
5
3
1
1
2
7
3
5
1
0
3
-2
1
2
-7
0
4
0
7
-2
4
7
11
11
-1
-2
-4
3
6
1
-1
-3
-1
-5
5
0
-3
9
8
3
-2
-1
0
3
2
0
2
0
-6
-2
2
2
-5
-6
-1
0
4
-1
3
0
-2
1
-9
-11
-10
-13
-15
-10
-1
1
-2
1
2
-6
0
1
-12
-13
-12
-9
-7
-2
10
2
-2
7
9
7
2
-2
-6
-7
-3
-2
-3
6
5
1
7
5
7
6
5
5
4
5
5
3
-1
-4
-3
-2
-4
-2
-1
1
2
-3
-4
-7
-3
-3
-2
3
3
10
6
4
6
3
2
1
-1
1
1
1
1
0
-1
0
1
4
3
2
3
2
2
1
-3
-2
-1
-3
-2
-5
-4
-1
-1
1
-2
-7
-6
-6
-4
-2
-5
-2
0
-1
2
4
3
3
2
5
4
1
5
0
-1
