9
-15
-28
-31
-13
4
10
11
-5
-15
-28
-19
0
17
27
7
-21
-38
-32
-16
-9
8
17
4
-11
-16
-9
0
21
23
7
-3
-18
-31
-31
-14
15
28
29
17
-1
-10
-15
10
26
9
-4
-13
-22
-13
2
11
18
15
5
-3
-12
-3
3
-3
1
-8
-8
0
-2
6
3
0
6
2
2
-3
1
9
12
13
1
-7
-6
-6
-4
5
12
14
19
22
4
-4
-6
-7
4
2
-5
-15
-24
-9
5
8
7
4
-7
-4
3
-8
-4
3
0
-6
-7
5
14
17
9
-4
-1
-3
1
-5
2
7
-1
-3
-14
-9
-2
-3
4
-1
-7
0
3
17
10
2
-2
-13
-1
-1
14
26
13
4
-12
-16
1
0
14
13
-2
-12
-27
-6
5
16
22
1
-3
-10
-15
8
15
15
5
-19
-20
-10
3
9
9
17
10
-5
-6
-3
0
1
3
3
-7
-16
-14
-1
3
2
6
2
0
0
-8
-8
-9
-5
-6
-11
-6
-5
-9
-8
-5
-5
-9
-6
6
16
9
6
4
-3
-7
-11
-1
8
7
6
-5
1
8
7
12
10
1
-8
-13
-5
4
5
10
6
11
-1
-16
-9
3
12
9
1
-2
-8
-13
-9
-1
11
9
-7
-6
2
5
5
3
4
4
-3
-4
-1
0
5
3
-1
-3
-6
-6
-5
1
2
6
10
3
0
-7
-11
-3
-3
3
-1
-5
-7
-13
-3
8
16
16
9
0
-13
-6
0
5
5
-4
-8
-15
-9
5
17
18
11
0
-3
2
1
3
7
6
3
-7
-10
-7
5
15
15
12
3
-3
-2
2
10
11
3
-10
-20
-16
-7
-5
-3
-4
-5
-7
-12
-4
4
14
14
3
-5
-13
-9
-5
-2
-1
1
5
8
5
-3
-3
0
5
6
0
1
1
-1
-11
-11
-4
0
2
-4
1
7
3
-5
-8
-3
-2
0
-4
-6
-4
2
-4
-9
1
9
13
4
1
5
4
4
-1
1
1
-4
-4
-1
2
2
-1
0
-2
-2
-3
-3
3
3
-4
-9
-8
-5
-3
4
3
3
1
0
-6
-5
2
6
9
1
-5
0
3
6
9
9
12
9
6
-3
-8
-2
-1
-1
3
-1
1
5
4
7
5
3
-2
-4
-3
1
-4
-5
-6
-9
-6
-3
4
10
9
6
-1
4
8
8
7
-2
-7
-9
-6
-1
-1
2
10
4
1
-7
-5
6
8
12
7
3
3
-3
-4
-1
8
13
4
-1
-10
-14
0
5
5
8
0
-9
-14
-12
-3
-2
2
-1
-9
-15
-12
-1
6
10
5
3
2
0
-3
-3
-2
-9
-8
-5
-6
-3
-1
4
6
-1
-5
0
5
-4
-5
-4
-9
-7
-4
-4
5
12
6
2
2
-1
-4
1
3
-4
-12
-13
-5
5
9
3
-5
-5
-7
-4
-3
1
-1
-3
0
-7
-5
4
7
10
4
-3
-7
-3
-4
-5
-5
-6
-7
-6
-6
-5
7
6
3
11
14
10
6
7
-3
-6
-3
-4
2
5
6
6
2
10
16
10
7
7
7
4
4
-2
-10
-14
-11
-10
-6
2
-1
-1
-2
3
6
2
2
1
-2
-3
1
0
-3
-8
-14
-7
-3
-3
2
0
0
4
6
10
3
6
7
-1
-3
-10
-6
1
-5
-9
-6
0
3
16
20
12
5
1
0
-3
1
2
-1
-4
-11
-14
-14
-1
10
11
10
3
0
0
2
5
4
0
1
-2
-7
-5
0
4
3
3
7
9
5
2
0
0
3
2
1
2
6
5
1
-2
-1
-5
1
9
5
0
-1
-4
-3
3
3
3
4
5
1
-3
-9
-11
-4
2
11
12
2
-7
-13
-7
5
14
12
5
-8
-15
-8
-6
1
-3
-9
-3
-2
6
4
-5
-9
-11
-9
-2
4
10
6
2
-3
-8
-5
-3
0
5
5
0
-4
-1
4
1
-4
-5
2
5
0
-2
-6
-6
1
-2
0
8
5
2
-6
-4
2
-6
-11
-10
-1
1
-4
-5
-2
-2
4
9
8
10
9
2
-2
4
3
0
2
0
-3
-3
3
-2
-3
-4
-5
1
4
4
-4
-11
-13
-9
2
8
10
8
6
6
-1
1
4
5
5
2
5
0
0
1
-5
-3
-7
-7
-6
-2
0
4
3
-3
-1
1
1
5
0
1
3
-7
-8
-3
-4
0
5
5
1
-7
-3
3
4
7
3
2
1
0
1
3
5
4
5
-2
0
4
-2
-2
2
1
-5
-4
1
3
3
1
2
1
4
-1
-5
-6
-4
-6
-9
-6
0
6
2
1
0
-2
-4
-5
2
2
-7
-7
-3
-5
-1
3
7
6
3
-3
-1
7
6
6
3
-4
-6
-7
-9
-10
0
9
5
2
-1
2
10
15
13
5
1
-1
-3
-3
-4
1
4
1
-4
-6
-3
2
5
9
4
1
-4
-11
-11
-3
-1
-4
-1
-4
-8
-4
-3
-1
-2
1
4
5
11
10
2
-1
-4
-3
-1
0
5
4
4
0
-8
-11
-9
2
8
7
1
-7
-8
-5
-2
6
6
4
-2
-10
-8
-4
3
2
1
4
-1
-2
-2
4
15
9
2
3
2
-3
-8
-5
2
7
10
5
-3
1
-1
-1
3
3
10
8
4
2
-2
0
-2
1
5
6
6
-4
-7
-4
-7
-2
5
8
8
4
-7
-9
-6
3
2
-1
1
1
1
3
4
2
5
2
-5
-1
-4
-10
-12
-14
-8
-6
2
2
-8
0
3
0
-4
-1
1
-4
-7
-14
-9
1
7
9
5
2
-2
6
8
13
12
6
3
-6
-9
-7
-4
-1
6
7
0
-9
-9
-6
-2
2
3
6
4
1
5
6
8
2
-2
-7
-17
-14
-16
-14
-4
6
9
10
12
6
3
9
7
1
1
-4
-5
-6
-11
-5
3
6
6
12
8
3
2
-2
-3
0
-2
-3
-5
-4
-2
-2
0
2
5
3
3
6
2
-4
-3
-1
0
1
4
5
-1
-4
-6
-8
1
8
-1
-11
-15
-3
1
-1
2
-1
-5
-1
7
4
-2
-3
-6
-6
4
9
-4
-8
3
7
2
-7
-1
1
-4
4
2
-7
-13
0
15
0
-3
6
8
8
6
5
-8
-15
-3
0
-1
1
-3
-12
-6
14
19
2
-5
7
3
-3
3
5
-9
-15
-4
0
-8
-13
-8
-9
3
20
15
-2
-9
3
10
4
4
10
-8
-36
-7
31
21
-34
-49
-18
13
47
38
-5
-25
-6
28
8
-8
14
1
-25
-14
27
2
-44
-15
11
8
6
18
3
-31
-7
43
23
-36
-40
9
11
-14
-14
1
17
6
-2
5
13
17
-7
-12
14
24
-10
-37
-6
15
13
24
37
-1
-42
-3
25
-4
-25
0
18
-18
-25
22
10
-18
5
11
4
5
11
21
16
0
-19
-17
5
-6
-18
17
23
-17
-17
15
15
-2
13
26
-26
-49
-20
-9
-11
-19
6
16
3
10
4
4
-14
-2
28
1
-24
-22
1
14
-5
4
-3
5
32
-19
-23
13
13
-8
-18
27
5
-21
18
-1
-8
6
13
-2
-24
12
18
-8
8
28
20
-16
-15
29
11
-25
-11
11
-3
-1
24
3
-39
-35
19
19
10
16
-1
-9
-5
21
12
-28
-7
38
42
-7
-41
-16
-15
0
32
26
18
-4
-4
-5
-4
13
-26
-19
17
16
-1
-19
-3
4
10
32
7
-11
-6
-12
3
17
14
-12
-17
6
17
10
-13
-37
-24
18
27
1
-12
2
-4
-16
-23
-4
13
-4
-23
4
20
-12
-25
0
8
7
38
36
-30
-51
19
55
21
-10
4
4
-36
-14
32
32
-13
-42
-6
21
12
-8
-18
0
5
-7
-28
-56
-33
-2
40
35
-15
-19
-5
14
16
26
42
-27
-46
2
0
-6
-5
-9
-42
-11
50
19
0
22
38
8
-42
-21
30
30
4
13
1
-39
-58
-37
8
32
42
2
-43
3
38
8
-18
-1
20
0
-12
-33
-21
21
7
-8
-1
-6
-7
5
4
-4
21
36
-18
-41
-7
29
7
-18
14
21
-10
-21
1
5
-6
7
38
9
-19
3
2
-12
-10
11
27
-5
-29
0
14
7
10
0
-16
-2
4
-9
-18
21
25
-14
-20
-19
-14
-13
12
15
-16
-11
-23
-25
17
47
40
0
-31
-33
-17
-11
-5
25
31
-11
-24
-3
5
19
46
18
-20
4
12
-3
0
-1
-10
-18
-7
-10
-20
0
12
6
-13
-13
13
12
9
21
-3
-18
-24
-11
0
2
27
23
-8
-11
11
7
-6
9
4
-21
-5
-3
-28
3
33
13
-9
-9
-11
-8
-11
-4
7
4
-17
-37
-15
14
13
14
12
2
-5
-6
8
12
28
14
-17
15
11
-26
0
27
25
-1
-22
-23
-3
34
23
3
7
-5
-12
0
10
18
15
-12
-38
-21
11
3
-4
0
-5
-15
-17
-4
11
32
18
10
12
-3
-24
-26
19
29
7
1
-5
-2
-16
-18
-1
-2
2
-5
-23
-11
-15
-22
-21
-2
6
2
12
-2
-11
-18
-1
16
8
0
-7
2
5
6
15
5
10
13
-8
-5
24
24
-12
-11
7
-11
-11
-4
-14
-9
0
-1
-13
-5
13
10
8
2
11
17
0
-1
4
15
2
-17
-6
2
26
20
-4
-7
-11
-3
6
20
13
-4
-9
-14
-17
-13
-4
-14
-14
-9
-24
-37
-15
17
16
-4
-8
4
14
21
3
-4
7
18
6
-21
-3
23
28
18
0
-11
-4
19
6
-14
6
-1
-10
-14
-18
-6
-21
-25
-2
14
7
-7
4
13
12
29
16
-11
-20
-21
-5
2
4
-10
-10
5
7
10
19
36
26
17
-10
-19
-6
-9
-5
-9
-2
-8
-11
1
-2
11
11
1
5
10
4
-12
-32
-27
-6
7
10
-22
-26
-20
-5
19
11
12
17
9
4
3
8
19
22
1
-24
-25
-7
-2
1
-1
3
9
-4
-14
-9
5
3
4
5
-8
-19
-5
9
3
4
-15
-43
-20
35
41
15
6
-13
-11
12
21
21
7
-10
-26
-15
0
4
15
9
5
3
5
-2
-5
9
12
6
-9
-19
-16
-8
-5
-5
5
15
4
10
18
2
5
6
2
-6
-10
-3
-10
0
-1
-3
2
13
29
9
-13
-16
1
18
9
-9
-10
-6
-15
-11
2
5
11
4
-8
-12
-8
10
13
9
16
7
-4
-3
7
6
0
0
5
4
-9
-18
-14
-6
-4
-14
-4
12
7
7
3
10
13
4
2
-10
-1
5
5
11
-3
-7
2
4
7
4
1
-3
-9
-4
-3
2
10
1
-8
-5
1
4
10
2
-5
-7
-6
4
6
0
-6
-4
-3
-2
4
-1
-8
-5
-7
-1
6
-3
-13
-12
5
10
3
-2
-15
-6
5
1
-4
-12
-3
3
2
10
12
13
1
-10
0
11
11
2
-7
-16
-21
-10
-8
-6
12
6
-7
-10
-10
-3
3
0
-3
6
4
-7
-12
-10
-14
-4
10
9
1
-7
-4
7
12
-1
-12
-9
0
10
3
-1
1
-2
1
3
6
1
-9
-7
-8
0
7
0
-5
-2
4
1
5
6
-1
0
-3
-4
-8
1
13
13
13
14
12
9
3
-4
-7
-6
6
6
4
2
4
13
3
5
10
5
5
-1
1
10
12
6
-6
-6
3
5
4
1
1
1
-4
-1
-4
-4
2
-3
-6
-4
4
4
-2
1
-2
2
5
-1
1
3
0
2
-1
-4
-3
-6
-4
-5
2
3
-6
-4
-2
-3
0
-5
-12
-13
-8
-1
-4
-2
4
2
6
3
6
3
-8
-8
-7
6
-1
-8
1
-5
-3
-9
-7
2
-1
9
-5
-11
12
12
5
-3
-5
-5
0
11
3
-2
-5
-4
1
-2
-1
2
4
5
0
-3
-7
-6
-3
-12
-11
-2
10
13
7
2
2
5
13
13
5
-2
-12
-3
4
-4
-9
-9
0
7
7
-1
-1
1
-1
0
4
1
-4
-1
-1
-8
-13
-14
-13
1
9
6
3
1
2
-5
-2
1
0
-2
-5
-1
-5
-2
3
5
5
9
13
1
-3
4
-1
-8
1
7
-2
-8
-3
-6
-8
-7
1
6
5
5
8
7
9
10
7
9
9
1
-11
-10
-2
1
3
0
0
3
5
10
9
-3
-14
-9
-2
-2
2
3
1
-1
-1
1
-6
0
9
7
9
13
15
6
8
10
6
8
-3
-14
-14
1
14
9
0
-7
3
2
-4
0
0
0
-6
-7
-5
-11
-6
-5
-6
3
3
-2
-10
-9
1
-2
0
4
-5
-3
9
7
0
-3
1
-8
-2
11
8
10
4
1
7
8
7
-6
-7
-11
-16
-10
-7
-1
1
5
-4
-10
-5
-4
2
6
1
-2
-3
-7
-8
0
8
5
6
5
-4
-4
-3
-3
5
14
7
3
-4
-7
0
1
-1
4
10
5
-4
-10
-7
1
4
0
-5
-2
3
1
2
0
-6
0
1
-16
-14
2
5
0
0
-2
-8
-6
-6
-10
2
16
8
-5
-6
-8
-11
1
-2
-2
4
-3
-1
-4
-6
6
7
0
-4
-2
4
2
2
-1
-8
-3
-5
-9
-4
3
2
-1
-6
-5
6
4
-1
-5
-2
2
-2
-6
-5
0
1
-4
-4
3
7
6
8
6
-2
-1
6
0
-1
6
10
0
-6
-5
-8
-6
-1
2
0
6
5
-4
-7
-10
-6
-3
-2
-4
-9
-9
-7
1
3
0
4
7
6
7
5
-4
-4
-4
-4
9
10
5
4
1
-1
1
5
1
-1
2
-3
-8
0
-1
-3
3
8
4
-8
-9
0
5
10
13
11
3
-3
0
2
2
11
10
2
4
7
11
5
5
7
2
0
0
-2
-11
-10
-2
0
1
7
-2
-10
-8
-9
-3
5
8
5
5
5
3
-5
5
12
6
3
5
6
2
4
3
-5
-5
-5
-3
5
3
-10
-20
-18
-6
-2
-2
-6
0
-3
-12
-11
-6
7
9
15
8
-3
3
2
4
10
1
-2
0
-2
4
3
1
-2
-3
-2
2
10
13
7
0
-1
0
8
2
-2
5
10
8
4
5
4
6
1
6
8
7
3
-6
-4
-1
3
4
7
14
17
8
1
-3
-5
-2
-1
-2
-5
3
3
2
0
3
3
-2
0
3
2
5
-3
-12
-15
-15
-8
-7
-6
-3
-4
-9
-7
-1
-5
-2
-5
3
6
0
-1
-12
-16
-14
-8
-2
2
2
5
5
4
3
-1
0
-7
0
-1
-7
-2
-4
-4
-9
0
10
13
11
6
6
5
-5
-7
-12
-9
-6
-13
-15
-18
-8
1
4
7
4
0
-1
3
3
1
1
-11
-15
-7
-5
2
2
6
7
2
3
5
12
10
3
-4
-10
-6
-3
-2
-2
3
10
2
-5
-2
0
2
0
-2
1
1
-2
-10
-11
-4
1
10
10
15
6
-1
-5
-8
-2
6
11
8
1
1
1
-2
0
-1
12
3
-4
13
10
1
-6
-2
-2
1
17
17
8
8
-3
-4
-4
-4
0
-3
-2
1
-4
-15
-9
4
4
0
-2
3
3
-5
-1
8
6
-1
-7
-1
0
-4
-10
-14
6
14
8
13
14
5
-2
-4
2
14
17
8
0
-5
-4
-2
0
1
0
-7
-19
-6
5
1
7
-5
-15
-3
11
7
-6
-2
-7
-7
3
0
6
9
-3
-7
-6
-2
6
4
1
0
14
13
-2
-5
-1
5
-2
-4
-2
1
3
-2
-3
-3
-2
-5
-2
7
5
-11
-20
-17
-7
0
2
5
3
1
-6
-2
3
6
4
-4
-3
-1
0
-2
4
3
-10
-8
0
3
7
14
3
-5
-4
-9
-6
-7
-13
-7
0
-1
-1
-2
1
1
-1
1
-2
5
6
1
-8
-13
-7
-2
5
3
6
7
0
1
0
3
5
3
-3
-3
-2
-3
-10
-13
-11
-8
4
9
6
7
5
4
-2
1
5
-1
0
-2
-8
1
6
6
8
6
-1
-2
2
2
5
2
-4
-2
-4
5
19
22
13
4
5
6
8
1
-7
-7
-1
-6
-8
-7
-6
-3
-6
-12
-9
-4
-1
1
0
-5
-5
0
-3
0
2
-2
-2
0
0
0
2
10
8
1
2
-5
-7
-5
-1
-1
-3
-9
-11
-7
-9
-9
-10
-10
-3
-1
-3
-3
-2
-3
-5
0
8
11
10
6
1
4
8
9
14
9
5
7
3
6
3
1
3
-6
-3
1
-1
5
2
-16
-5
14
19
4
-8
-5
-4
2
6
6
9
4
-1
7
9
0
-3
-2
-5
4
3
-10
-9
-4
-3
-3
-4
1
-7
0
10
9
5
-9
-4
4
-5
-9
-3
2
1
-1
2
7
11
-5
-18
-9
0
-1
-6
-4
2
-4
-5
-3
-1
-4
-9
2
2
-11
-9
2
1
-7
-3
-3
-3
-2
-8
-3
9
17
8
4
5
-5
4
16
13
11
11
4
6
9
6
4
2
-1
-5
-6
-6
-5
-8
-16
-16
-5
4
5
10
8
2
1
5
4
-1
1
3
4
7
-4
-6
-1
-5
-3
-4
-5
4
-2
-10
-18
-8
-4
-13
-9
0
8
5
-1
2
6
1
-3
3
7
9
13
13
5
0
2
2
-1
-6
-9
-15
-14
-12
-15
-5
4
8
11
10
6
10
7
-1
-8
-10
-1
6
8
4
-1
-2
2
10
18
16
5
3
0
-4
-8
-11
-6
-2
-1
2
8
11
6
-2
-4
3
12
10
5
-10
-13
-5
-18
-17
1
6
9
5
-1
-1
-7
0
7
4
10
11
7
5
2
-2
-5
0
-1
1
7
10
6
0
-11
-17
-9
0
-8
-9
-8
-4
-6
-12
6
8
-1
5
9
3
-6
3
6
0
-1
2
2
0
12
6
0
2
8
5
7
15
6
0
-3
-4
-3
-7
-9
-6
-2
-4
-8
-2
-2
-5
0
6
21
23
4
-5
-10
-8
-1
8
4
6
1
-13
-7
3
4
-1
3
4
-1
-8
-13
-7
0
-9
-8
6
0
-8
-3
-1
-5
-6
-1
1
7
11
-3
-13
-3
0
-4
1
11
7
-6
-9
-7
1
-9
-3
6
-3
-8
-10
0
-3
2
-11
-16
9
6
-4
-13
-8
1
2
7
5
18
21
14
12
5
-7
-2
10
-5
4
6
-2
4
-7
2
-1
-4
10
2
-9
-11
-12
-16
-4
-9
-12
-3
-4
0
-7
-12
-2
7
3
-1
2
7
11
13
12
7
12
12
0
10
17
8
5
8
5
-6
2
7
-7
-11
3
5
-4
-17
-2
7
-10
2
7
12
5
-5
-2
-20
5
19
-19
-16
-11
6
7
-5
15
-12
-20
42
28
-22
-50
-37
17
-11
-16
19
6
-6
-4
17
5
11
27
-13
-4
3
12
11
-27
-9
8
8
25
28
22
-6
1
16
-15
-6
15
12
-17
-24
8
-4
5
9
-6
6
4
19
-2
-36
-7
-19
-29
-6
6
11
-3
-10
-25
-19
21
25
27
11
-15
-7
-2
3
-8
-20
-7
3
24
12
-19
-23
-10
7
25
17
6
-10
-30
-7
-5
-11
-1
-9
0
-12
-27
5
16
21
17
-3
9
-13
-27
-8
-4
17
5
-13
-19
-20
7
11
3
8
0
-17
-20
0
15
4
5
8
9
9
-8
-3
-3
16
33
11
5
-33
-16
16
4
24
11
-9
-7
-12
4
0
10
17
-5
8
-4
-6
20
17
21
-6
-18
-5
-10
4
-4
7
-3
-21
13
-3
-17
-4
-9
-2
-8
-7
3
-4
-3
3
19
39
21
-18
-12
3
13
0
-6
20
20
10
-6
10
38
7
-2
10
-3
5
-11
-11
7
-2
0
0
10
9
-18
-13
-6
3
-9
-35
-2
12
-3
-5
-13
-6
-11
-10
14
18
18
-11
-22
-11
-23
14
25
8
16
-12
-19
4
19
-3
-30
-4
-18
-15
21
0
-9
-8
3
20
-5
-19
-42
-25
52
43
-2
-24
-19
3
-11
-13
-23
-2
62
62
4
-67
-69
-37
-5
41
42
3
-41
-67
-44
21
41
36
27
-12
-7
-9
-30
-47
-17
54
28
16
38
6
12
31
39
7
0
40
21
11
-16
-73
-45
-15
33
58
14
31
-2
-58
-35
-18
22
38
29
29
-4
-9
2
27
37
-3
0
29
26
-4
-40
-32
11
33
-28
-88
-42
10
12
1
24
42
-14
-48
-27
4
21
-11
-27
-19
-37
-33
-42
-27
17
37
37
46
85
49
15
54
47
-9
-52
-49
-41
-52
-57
-53
-21
18
21
-8
-27
-14
25
22
11
26
-17
-18
8
-17
26
17
-52
-13
10
10
43
54
42
12
-10
-43
-49
-29
-14
47
59
9
-10
1
0
-27
-9
11
15
81
54
-50
-58
-12
31
52
14
-20
-28
-39
-19
20
21
11
34
14
-52
-57
4
14
-15
-6
-24
-29
25
15
-33
-33
28
81
-14
-127
-75
97
54
-123
-13
132
150
105
-115
-239
-88
110
110
-19
-27
-12
-16
-43
-77
-23
-34
-15
124
143
27
-64
-101
-103
-22
161
210
82
-7
-130
-169
-119
-127
-37
99
117
113
79
-50
-30
94
80
37
75
95
2
-185
-278
-199
-93
5
51
67
129
207
161
-41
-93
45
171
136
-69
-177
-218
-268
-136
53
120
117
163
228
106
-6
-32
-81
-54
-83
-114
-48
-73
-80
-19
-39
-21
72
128
131
179
182
47
-75
-151
-164
-152
-89
-23
-76
-108
-42
43
136
229
254
211
136
77
-69
-194
-172
-76
-26
-54
-39
-87
-147
-147
-126
18
189
221
169
147
50
-70
-51
-30
3
29
-66
-148
-147
-172
-138
39
162
193
163
-6
-96
62
142
45
80
64
-23
-18
-81
-121
-94
-5
44
47
59
12
-13
-61
-112
-70
4
99
115
38
-30
-73
-153
-158
-14
101
124
139
110
-17
-53
-29
-25
51
79
43
-36
-71
-31
-14
37
79
88
58
-10
-90
-148
-82
16
48
63
45
14
2
-37
-23
13
36
86
19
-46
-51
-61
12
-5
1
37
-28
66
103
39
-28
-147
-138
-112
-66
-10
5
48
8
-20
-99
-135
64
178
155
102
28
-14
-65
-82
-80
-118
-120
-26
96
65
30
86
32
-21
12
7
46
63
-19
-118
-179
-142
-52
36
6
27
134
83
-27
-58
-90
-101
22
135
152
96
38
-22
-119
-99
-18
84
187
90
-9
-36
-77
-60
-14
36
29
82
83
-15
14
4
-131
-169
-63
58
134
165
75
30
35
-68
-100
-74
-20
25
-13
-43
-87
-8
64
44
51
11
45
39
1
35
-27
-73
-46
17
-15
-61
11
36
42
0
-35
-54
-47
79
68
-4
40
-58
-106
-5
-31
-26
20
11
-69
-79
15
64
127
143
70
7
-48
-65
-60
-40
4
-4
-73
-35
-13
-56
-4
15
59
35
57
67
-30
-40
-29
15
42
61
23
-143
-185
-75
-85
10
175
181
90
45
-33
-134
0
26
-122
-62
-97
-54
60
94
90
-47
19
82
0
45
-58
-38
63
-11
-16
-10
-20
-29
30
30
-9
156
218
101
105
-38
-256
-213
-63
48
77
97
6
-47
-57
-161
-89
73
150
202
83
-42
-13
-43
-104
-145
-81
36
72
35
-50
-104
-115
61
154
15
24
18
-13
47
-26
-84
-61
30
35
-43
-40
-23
32
26
1
35
71
132
59
-61
-98
-80
-71
-96
28
80
114
142
-26
-160
-52
15
3
96
85
-46
-71
-3
-53
-111
51
18
-78
55
52
-24
35
70
-87
-25
117
90
119
108
-53
-125
-79
-26
-7
18
29
-46
-42
-1
-20
63
104
7
-1
-6
-7
-32
-33
-27
-124
-19
-4
-133
-39
7
23
68
137
98
140
157
-110
-149
-38
-55
-88
39
97
-2
81
58
-117
29
171
57
28
96
-74
-144
-44
-119
-134
25
-37
-84
73
-75
-112
59
52
-1
153
209
2
91
67
-223
-117
14
-127
14
166
13
31
56
-116
-115
73
32
32
211
9
-133
15
-70
-124
40
-23
-170
58
108
-96
95
125
-99
91
108
-120
80
135
-84
-8
51
-140
-102
52
-147
-95
174
-62
20
129
-46
111
117
-56
-76
-78
-158
-82
37
-113
-12
122
-58
108
182
-97
-42
26
-104
74
163
3
20
-58
-295
-110
70
-33
114
133
-15
79
-8
-154
16
29
-63
8
-11
-14
126
86
-86
100
5
-162
57
-79
-63
95
6
-59
24
33
-9
60
-76
-150
129
31
-41
115
-32
-88
32
-73
-154
6
115
87
90
136
34
22
22
-58
-89
-155
-5
-9
-28
161
44
123
100
-70
-6
-83
-54
-54
-58
-99
-75
59
-113
-50
58
-41
126
120
91
67
82
11
-82
6
-49
-55
-49
-58
-30
-1
99
31
74
58
-19
-67
-12
2
-70
-6
-83
-40
1
23
-57
-68
6
-109
-47
-83
-33
53
-19
-9
-42
31
113
159
-20
-29
81
-23
23
-4
16
38
37
-32
-90
-90
-75
22
48
46
53
67
-29
0
79
-147
-31
33
-11
33
71
87
-62
30
42
-36
-68
48
128
-21
-27
3
-119
-48
109
5
12
119
94
-39
-14
-3
-108
-20
6
-64
-82
-30
-50
-69
-49
1
79
148
164
39
-81
-26
46
-23
67
64
32
-4
43
24
-124
-43
-45
-91
-67
-11
9
-68
-24
-31
-63
65
180
86
44
-3
-63
-81
-55
-9
-57
-34
69
64
30
112
38
80
108
88
-12
-18
85
-149
-113
16
-117
-39
81
22
-91
137
148
-62
107
21
-132
-29
40
-60
-131
21
-43
-71
125
35
51
102
40
-31
-89
55
-10
-86
-27
-120
-90
-17
26
30
-15
176
-1
-62
119
37
7
-2
-36
-81
-101
18
-41
-107
84
71
-30
35
99
38
-36
115
-57
-106
88
-32
-76
7
72
-20
-17
17
-118
-45
74
-54
7
52
27
57
6
-31
-79
-38
60
-67
13
24
-26
65
-49
-55
9
25
90
26
24
35
11
8
-81
6
-57
-57
-48
-57
-17
22
123
51
10
15
-39
5
52
24
-18
-33
-23
-61
-72
9
-9
86
147
2
47
26
-26
35
-53
-18
-43
1
31
-105
8
-113
-33
124
-59
169
39
-43
57
-124
-28
-59
56
-1
-132
140
-113
15
157
-91
66
-32
19
-27
-35
63
-110
30
109
-158
-15
22
-39
51
69
18
-15
97
10
-158
-29
-37
-148
114
68
-101
89
60
-106
22
138
-94
-2
169
-82
-14
96
-26
-68
0
-28
-48
19
22
-27
38
20
-17
72
-32
12
42
-84
57
-8
-106
43
-26
-32
-20
62
-49
-65
112
-124
20
145
-74
-16
30
-2
-36
1
97
-57
12
83
-90
-28
24
-27
60
-72
60
33
-65
89
-11
-48
29
10
8
-67
36
27
-61
-9
-12
-50
-8
69
-15
0
100
57
-31
-6
64
-20
19
22
-61
-8
66
0
-29
13
-67
12
-11
-57
59
-9
-48
24
-86
-57
100
65
-16
49
49
-3
57
58
-115
4
3
-92
46
-54
5
72
-1
25
-38
85
-60
35
44
-126
27
-18
-41
-42
13
-41
-51
85
6
-5
167
-47
-27
25
-65
-36
-17
-23
-28
14
92
-17
40
88
-67
26
8
-58
-44
66
-92
-59
83
-98
19
101
6
33
87
82
-93
-21
31
-180
16
-33
-130
58
-5
-55
41
74
-7
84
79
-96
84
-12
-83
-10
-47
-52
-59
61
-42
71
111
-33
0
17
-106
-57
38
-120
20
91
-69
10
79
19
-65
206
-8
-77
236
-150
-33
66
-156
8
-23
-12
11
49
28
-64
163
-110
77
127
-134
103
4
-72
4
8
-45
8
119
-72
33
27
-86
86
-142
43
36
-129
129
-60
-33
35
41
16
5
243
-118
48
195
-213
62
49
-204
2
9
-45
-33
104
-31
-62
181
-74
-40
88
-23
20
-8
-69
-34
-32
-26
-29
13
-1
19
124
-127
5
88
-66
60
95
-19
3
20
-30
-94
-21
21
-118
-1
35
-90
27
16
-18
13
50
18
5
16
11
-42
19
12
-16
57
-43
-14
-27
-26
-9
-32
-8
-70
46
5
-20
95
-8
22
11
-31
-88
38
64
-102
11
-14
-103
-55
65
-38
-33
163
-43
-7
106
-25
-4
116
-3
-98
71
-65
-82
81
-49
8
115
-47
-4
45
-64
-31
46
-9
-35
120
-80
-48
94
-105
0
108
-34
47
60
-33
-54
61
-90
-30
117
-54
39
116
-78
-99
54
-33
-69
179
-7
-95
108
-92
-70
8
17
-38
-23
102
-137
-7
38
-128
71
15
85
36
31
62
-111
38
-18
-34
60
-28
35
-64
37
-45
-86
76
-64
60
70
-23
-11
-8
-2
-49
-26
69
-36
47
84
-167
6
41
-55
40
60
-14
-20
56
-80
-39
39
-1
-53
97
58
-64
78
-22
-99
45
27
-22
47
2
-14
-39
-72
38
-56
-9
61
-34
-2
14
9
-117
20
119
-103
147
109
-120
64
-17
-83
3
112
-33
-6
95
-117
-44
30
-114
35
22
14
63
14
-14
-56
41
-105
2
77
-107
49
22
-61
-5
31
-10
64
54
99
36
-71
90
-94
-71
126
-150
-2
104
-57
-61
21
-50
-132
195
26
-152
201
-68
-126
198
-98
-71
117
18
-53
44
53
-195
71
69
-152
178
13
-70
36
36
-105
49
107
-159
130
54
-121
39
-36
-50
-3
70
26
-82
96
-37
-98
73
-34
-54
93
-65
41
-40
-19
49
-57
82
-29
79
72
-73
62
-55
-41
39
-36
-44
24
-24
3
-71
8
47
-101
120
-28
7
-22
-104
95
-182
38
8
-147
96
27
-1
-62
74
37
-122
185
-77
-95
141
-52
-37
42
50
-25
46
45
-41
-17
81
-42
-14
34
1
-34
108
-78
-6
40
-88
101
7
45
34
-76
89
-143
-27
15
-87
62
-12
37
-21
-16
2
-54
109
39
17
80
-30
12
-13
-13
1
-35
27
-24
3
67
-66
24
-29
23
32
6
31
-50
13
-44
30
-2
-44
84
-86
-22
91
-82
31
54
-65
-62
-29
35
-7
46
13
-179
31
-13
-30
185
-41
38
-27
-69
80
-114
105
-60
40
123
-168
99
-62
-51
14
-72
91
-18
104
33
-94
131
-82
19
128
62
78
-137
7
-138
-82
128
-79
110
50
-57
-7
-92
86
-8
-54
58
3
0
-44
59
-52
-172
70
-57
-33
161
-31
12
26
60
-39
-37
123
-78
-19
27
-69
31
-93
109
-31
-60
119
-4
-46
43
28
-153
-69
77
-174
-66
127
-106
35
44
-36
-6
39
141
7
93
59
-92
24
-156
-44
1
-88
125
94
-57
40
7
-103
85
75
-6
24
58
-75
-221
33
-11
-106
114
29
11
70
55
-80
-80
25
-62
84
149
57
12
-86
-77
-75
-6
86
101
218
3
-29
-34
-247
114
-79
-46
265
-82
8
80
-51
54
27
105
-78
27
48
-180
-12
76
-12
-17
-13
33
-159
-9
149
-143
174
21
-61
7
-136
159
-6
51
127
-43
-114
-134
72
-22
5
252
36
-164
75
-123
-253
199
-45
-77
184
-50
-127
49
-44
-211
127
2
-251
230
13
-268
194
-2
-172
161
61
-207
116
8
-211
180
24
-55
173
6
30
-47
203
-173
-79
372
-351
-26
263
-270
-18
307
-149
-128
291
-253
-197
63
-31
-10
164
136
-210
55
43
-202
154
90
39
-42
153
-149
-212
260
-83
-171
348
-141
-172
267
-22
-297
247
-37
-418
468
46
-333
428
99
-548
315
183
-411
466
116
-285
-45
50
-373
139
262
-229
96
-124
-26
-105
118
77
-117
123
-140
-37
63
129
-66
-77
-1
-329
-30
258
16
148
95
-113
-55
-96
177
0
10
148
-148
-289
97
49
-166
281
89
-242
384
4
-451
379
-158
-477
553
143
-251
460
17
-601
252
77
-510
603
226
-524
288
-128
-501
344
105
-407
453
37
-581
382
4
-332
434
-105
-172
369
-33
-251
382
-177
-187
411
-206
56
393
-190
-233
195
-7
-320
417
80
-354
327
-216
-246
297
95
-215
254
36
-474
126
98
-313
238
119
-457
14
176
-236
134
393
-234
13
127
-298
-10
350
-10
-28
292
-189
-432
261
3
-252
461
150
-232
245
12
-351
-6
95
-349
96
193
-331
125
2
-355
114
77
-171
95
256
-246
-146
369
-264
-11
477
-276
-181
202
-124
-205
334
260
-119
138
239
-264
-15
247
-199
132
275
-78
24
87
-100
-77
-13
-50
-58
183
-105
-76
150
-247
-40
152
-170
-13
88
-197
-211
38
-24
-125
273
-20
-123
128
-100
-23
75
77
-26
6
96
-164
19
64
6
79
39
97
-101
135
126
-315
100
-30
-272
150
166
-182
-3
91
-366
-112
64
-95
157
204
8
-66
1
-16
-73
73
51
64
126
41
114
-9
53
50
-7
36
28
29
-27
12
-30
-127
32
6
-33
59
-42
-126
64
-131
-173
157
-119
-148
138
-33
-164
223
97
-134
162
15
-98
35
194
47
14
139
-138
-45
1
46
134
63
118
-100
-21
-96
-134
-34
8
28
-82
-96
-135
-92
-29
-38
3
24
15
22
-12
16
0
-5
23
73
93
-11
48
-27
-55
96
70
152
100
56
-5
-86
4
-24
39
61
39
-7
-146
-113
-141
-129
30
-57
-86
-26
-196
-126
-29
-103
-22
58
15
-7
53
-6
-27
111
-10
-67
100
38
35
151
14
38
55
-60
20
72
44
84
34
-140
23
-3
-92
91
-33
-52
6
-115
-17
14
-36
66
-60
-95
-21
-61
2
22
25
70
59
170
109
145
150
78
74
-18
-6
-29
50
178
81
91
-20
-201
-210
-155
-155
-64
84
58
-65
-108
-212
-288
-188
-111
-121
-49
65
30
98
70
-27
21
-65
-46
167
203
248
316
200
-20
-88
-52
-29
181
217
80
89
-101
-198
-90
-138
-57
60
59
-35
-36
80
-157
-174
169
-132
-109
153
-20
48
194
139
-43
21
88
-47
19
130
80
174
267
121
-24
-78
-225
-191
-30
-38
5
89
-44
-219
-250
-355
-303
-57
37
48
81
33
-137
-150
-147
-162
52
244
196
249
268
16
-10
28
-101
-14
112
88
149
102
-56
-139
-169
-154
-129
-109
-22
-49
-83
-74
-203
-169
-82
-78
-21
13
38
44
52
132
178
120
185
195
183
306
399
349
329
134
-225
-209
-68
53
269
356
155
-137
-448
-641
-464
-128
113
130
21
-152
-483
-549
-394
-236
88
149
88
123
58
2
-8
33
147
199
228
341
400
297
180
33
-29
113
133
139
220
102
-44
-199
-302
-226
-163
-251
-271
-230
-239
-245
-323
-312
-267
-239
-160
-51
135
259
196
142
12
22
148
203
366
460
451
368
330
362
382
345
82
-110
-46
31
157
289
144
-54
-481
-946
-914
-558
-87
151
30
-268
-570
-747
-703
-409
-11
251
265
208
127
39
-64
23
232
352
476
613
750
844
580
68
-169
-47
184
368
539
465
124
-335
-821
-860
-473
-180
-63
-125
-386
-661
-731
-672
-494
-283
-179
-115
35
109
-3
50
173
167
379
598
738
898
682
442
446
534
737
906
746
283
-202
-449
-270
108
313
294
-41
-618
-1370
-1687
-1047
-242
198
21
-473
-828
-1094
-1294
-1044
-262
374
531
431
363
340
126
-29
175
538
802
976
1179
1358
1036
214
-264
-174
172
474
555
564
423
-160
-959
-1101
-788
-639
-512
-371
-419
-671
-998
-1145
-928
-596
-463
-304
60
307
208
0
33
96
313
565
918
1251
1134
754
516
546
820
1118
1207
1055
148
-857
-829
-447
243
782
519
53
-699
-2021
-2714
-1580
-114
510
389
-454
-1257
-1461
-1680
-1534
-465
496
747
822
740
473
142
-163
-13
585
1001
1239
1732
2031
1375
175
-576
-388
410
859
721
484
287
-299
-1156
-1370
-1003
-717
-659
-670
-793
-970
-936
-1084
-1062
-779
-652
-322
216
466
198
-191
-243
251
752
931
1276
1518
1159
568
179
375
1151
1839
1934
1604
924
-540
-1638
-1216
-310
473
958
686
34
-878
-2349
-3264
-2029
52
867
707
40
-1019
-1588
-2013
-2143
-809
811
1447
1535
1373
579
-394
-815
-534
571
1503
1829
2106
2127
1281
-446
-1351
-658
590
1367
1175
516
71
-720
-1826
-1963
-1173
-298
155
-56
-753
-1444
-1767
-1802
-1202
-197
252
414
507
180
-492
-800
-394
563
1478
1724
1417
1238
862
-22
-393
123
1028
1802
2120
1644
994
428
-1237
-2335
-1281
0
917
1594
882
-318
-1302
-3135
-4264
-2290
658
2058
1998
540
-1541
-2353
-2703
-2404
-304
1736
2493
2262
1231
-294
-1376
-1375
-345
1328
2255
2291
2221
1880
544
-1541
-2259
-802
1204
2113
1764
619
-631
-1587
-2655
-2735
-916
678
1010
621
-740
-2124
-2640
-2232
-731
673
1204
1178
720
-103
-1060
-1356
-665
934
2305
2143
1563
953
0
-865
-997
117
1378
2144
2324
1551
530
-300
-1757
-2870
-1463
367
1407
1974
1106
-510
-1607
-2906
-4310
-2423
1076
2813
2585
519
-1995
-2967
-2678
-2159
-157
2336
3205
2690
926
-983
-1897
-1425
-127
1522
2510
2255
1820
1267
94
-1609
-2433
-838
1691
2536
1527
45
-1179
-1657
-2239
-2509
-816
1248
1657
723
-828
-2402
-2711
-1868
-325
1207
1727
1443
647
-370
-1335
-1634
-757
1069
2870
2598
1288
296
-722
-1484
-1113
433
1885
2603
2325
956
-284
-888
-2345
-2938
-685
1493
2134
1729
60
-1407
-1912
-3177
-4103
-1058
2803
3817
2271
-811
-3297
-3013
-2002
-1521
515
2830
3336
2253
118
-1972
-2325
-1005
621
2031
2423
2015
1425
576
-917
-2634
-2281
390
2921
2890
975
-1136
-2112
-2005
-2245
-1723
290
2007
1462
-288
-1978
-2853
-2204
-988
718
1940
1850
881
-332
-1407
-1720
-982
296
2228
3297
2065
69
-984
-1290
-1235
138
1496
2279
2299
1282
-126
-644
-1076
-2809
-2021
792
2273
2175
704
-983
-1556
-1755
-3797
-3375
1233
4416
3717
273
-3263
-3778
-1743
-1053
-387
1691
3222
2875
764
-1532
-2630
-1455
452
1992
2597
1904
1308
552
-356
-1766
-2657
-845
2338
3569
1694
-870
-2547
-2355
-1746
-1472
-109
1645
1940
240
-1798
-2946
-2296
-699
737
1970
1824
742
-259
-925
-1494
-1071
132
1547
3027
2402
215
-1276
-1385
-1062
-159
1243
2041
2061
1089
-95
-721
-446
-1432
-2317
-353
1618
2244
1230
-380
-1338
-1157
-2320
-4088
-1189
3402
4656
1977
-2052
-4165
-2413
-393
-592
484
2342
3160
1869
-919
-2860
-2195
-107
1318
2258
1832
1263
745
-169
-1171
-2298
-1738
987
3540
2722
-144
-2463
-2889
-1400
-787
-329
1095
1979
878
-1316
-2995
-2639
-577
780
1575
1655
652
-423
-884
-1156
-878
45
775
1958
2523
1028
-805
-1399
-1057
-373
657
1366
1730
1506
286
-744
-333
13
-1504
-1388
368
1697
1947
365
-1090
-730
-509
-2854
-3595
450
4175
3947
13
-3589
-3326
-518
-120
-950
567
2744
3119
574
-2244
-2552
-796
736
1578
1618
1406
1463
567
-623
-1696
-2101
-623
2294
3474
1180
-1395
-2700
-1934
-533
-488
26
1534
1671
-334
-2349
-2864
-1332
571
1189
1106
708
131
-583
-938
-896
-255
619
1276
2067
1425
-372
-1321
-1092
-527
146
1105
1565
1715
1031
-394
-563
-2
-1422
-1859
179
1926
2333
803
-1231
-1236
-377
-2695
-4224
-126
4296
4585
321
-4090
-3992
-572
34
-1293
374
2984
3454
518
-2866
-3039
-548
1194
1656
1881
1587
1324
331
-803
-1378
-1659
-381
2394
3715
1485
-1653
-3092
-2113
-268
-242
-120
1628
1877
-309
-2613
-3409
-1625
874
1665
1136
667
105
-890
-1019
-725
-138
750
1624
2185
1187
-721
-1533
-799
147
861
1187
1376
1802
1241
-428
-813
-25
-1454
-1892
123
1735
1890
489
-1425
-1396
-73
-2531
-4258
2
4606
4510
-301
-4595
-3879
-6
-136
-1954
-92
3177
3904
597
-3072
-2925
198
1559
1582
1829
1676
1488
30
-1351
-1579
-1400
-152
2440
3404
925
-1873
-3158
-1674
562
247
-351
1474
1492
-1239
-2913
-3362
-1386
1288
1705
834
188
-251
-1177
-975
-261
312
1009
1664
1917
619
-1167
-1641
-343
948
1012
375
661
1649
1386
-41
-232
384
-1178
-1563
-120
1382
1833
380
-1376
-1070
-175
-2973
-4241
327
4682
3994
-1028
-4617
-2629
1036
-543
-2312
114
3673
4020
-242
-3655
-2564
585
1103
1020
1977
2196
1655
-262
-1683
-1328
-857
7
2611
3191
-32
-2806
-3276
-1047
1153
297
-811
1284
1630
-1103
-2990
-3203
-650
1952
1801
332
-198
-149
-916
-780
-86
518
955
1573
1980
511
-1334
-1279
470
1292
1280
249
109
1381
1334
-181
-297
261
-1643
-1474
154
1625
2087
328
-1490
-827
-393
-4146
-4097
1539
5188
3123
-2578
-4977
-1672
1691
-1120
-2503
1380
4872
3446
-1871
-4172
-1474
1747
1128
667
1947
2606
1298
-1470
-2100
-1038
-155
1220
3344
2788
-742
-3152
-3673
-852
1573
124
-560
1012
406
-1783
-3377
-2933
369
2760
1578
-194
-384
-829
-710
19
-35
579
1560
2024
1402
-262
-1591
-631
1181
1558
853
-74
454
1692
1465
-474
-102
-422
-2242
-1492
244
1842
1322
-479
-1393
-466
-1712
-5009
-2286
3205
5602
1313
-4367
-4568
207
1388
-2201
-1563
2579
5268
1882
-3674
-3688
420
2049
623
988
1986
2580
481
-2497
-1938
-241
486
1801
3434
1483
-1888
-3863
-2978
809
1977
-43
-90
1028
-727
-2729
-3553
-1722
2164
2906
836
-848
-1088
-1160
-434
525
748
1070
1084
1087
538
-818
-967
801
2072
1465
-273
-1073
680
1903
904
-47
649
-877
-2512
-1636
502
2525
1551
-894
-1135
-58
-3007
-5698
-1321
4203
5165
-251
-5034
-3016
1885
368
-3392
-801
4504
5682
377
-4481
-2870
1552
1727
133
1324
2910
2671
-480
-2915
-1609
545
1159
2120
2727
510
-2415
-4144
-2481
860
1231
-340
84
339
-1366
-3073
-3445
-737
2694
2667
278
-1105
-1150
-747
140
521
874
1315
1463
1027
-284
-1249
-248
1742
1963
881
-656
-529
1321
1718
539
122
682
-1535
-3168
-2092
868
2709
1389
-763
-701
-59
-3811
-5347
-47
5342
4994
-1521
-5427
-2374
1919
-958
-3629
500
5473
5116
-1172
-4951
-1826
2315
1351
22
1720
3414
2349
-1661
-3639
-1338
1056
1418
2426
2862
89
-2843
-4109
-1616
1777
1447
-325
106
-43
-2174
-3685
-3158
256
3174
1910
-825
-1315
-886
-613
301
760
1247
1306
854
357
-323
-564
190
1770
2001
663
-1183
-556
1342
2026
1126
846
814
-1888
-2817
-1841
1186
2763
1153
-900
-938
-1197
-4989
-4633
1229
5963
4408
-2505
-5687
-1999
1094
-2204
-2574
2294
6295
4100
-3197
-5445
-697
3118
1229
554
2319
3351
1415
-2938
-3394
231
2259
1784
2098
1778
-970
-3403
-3946
-578
2268
1395
-483
-436
-885
-2487
-3405
-2312
1568
3335
905
-1823
-2081
-1061
64
703
719
1268
1059
141
-242
-559
151
1596
2291
1365
-378
-1560
-83
1625
1963
1108
1039
846
-2071
-3465
-1755
2032
3424
1392
-936
-660
-1071
-5050
-4829
1370
6460
4320
-3107
-6066
-1901
1125
-2338
-2348
2844
6488
3283
-4369
-6088
-379
3673
1518
844
2531
3003
554
-3434
-3202
902
2832
2088
2419
1716
-941
-3507
-3798
133
2968
1483
-734
-242
-1001
-2780
-3638
-2047
2222
3464
110
-2749
-2409
-1146
198
769
709
1400
805
-533
-1070
-554
422
1908
2300
561
-921
-1647
191
1938
2370
1545
1461
892
-2597
-3684
-1547
2607
3800
1292
-1367
-1074
-1393
-5217
-4416
1837
6988
4540
-3278
-6395
-2508
452
-2217
-1298
3530
6188
1871
-5669
-6373
-92
3928
1825
1408
2694
2348
-616
-3994
-2471
2175
3587
2044
1703
954
-1359
-3434
-3181
1031
3869
1716
-1242
-887
-1379
-2580
-3060
-1487
2870
3610
-436
-3581
-2722
-469
817
952
698
1231
487
-1311
-1709
-239
1441
2458
2218
40
-1351
-1559
244
1914
2229
1647
1241
1445
-1801
-4165
-2302
2371
4790
2327
-945
-1559
-804
-3913
-5055
-42
5900
6141
-1109
-6344
-4744
-561
-1357
-1209
2993
5805
2793
-4789
-7289
-2295
3334
3050
2153
2630
1512
-1311
-4412
-2868
2341
4648
2627
1510
649
-1642
-3348
-2874
1075
4517
2859
-984
-1520
-1372
-2177
-2531
-1121
2634
3863
106
-3978
-3757
-822
1303
1737
899
887
111
-1772
-2499
-695
1759
2980
2218
-127
-2055
-2034
-258
1862
2686
1984
1045
731
-158
-2845
-2805
252
3811
3724
329
-1744
-948
-846
-3512
-3196
1718
5902
3843
-2891
-5808
-3137
-295
-1130
222
3724
4397
-157
-6031
-5575
-68
3705
2998
2350
1864
-513
-3193
-3723
-21
4033
3744
1448
363
-754
-2613
-2803
-400
3337
3945
714
-1881
-1826
-1502
-1820
-1304
900
3086
1989
-2033
-4041
-2501
-67
1325
1485
1110
347
-946
-2255
-2105
326
2314
2798
1214
-1342
-2257
-1208
741
2058
2002
1120
991
320
-378
-1114
-1239
511
1824
1718
274
-298
-287
-204
-1949
-3295
-438
3235
3778
53
-3610
-3627
-1080
-680
-910
1693
3403
1342
-3365
-5355
-1985
2659
3382
1758
1202
-59
-2001
-2680
-911
2516
4316
2360
165
-745
-1905
-2133
-16
2271
3669
1712
-1329
-1804
-1544
-1609
-1026
878
2160
1822
-1509
-4067
-2866
-410
1163
1346
1012
372
-661
-2297
-2514
-279
1875
2623
1074
-828
-1633
-725
431
875
1299
1428
1092
368
-246
120
1491
753
-648
-914
248
1321
1105
65
-121
-78
-2221
-2837
-432
2664
2929
-455
-2904
-2201
-614
-1629
-1215
1406
2641
492
-3059
-3688
-671
1595
759
754
1465
601
-1228
-2180
-455
2591
2890
1121
691
163
-1320
-1276
169
2435
3218
900
-1265
-1413
-1162
-759
597
1458
1558
43
-2637
-2904
-1379
91
902
1057
9
-1221
-2111
-1882
-338
959
1194
803
105
-982
-1276
-454
963
1676
1212
418
114
106
-44
426
1556
2123
828
-1027
-1383
-191
1082
889
564
783
185
-1797
-2879
-994
1875
2715
413
-1812
-2118
-1710
-1823
-1049
1524
2695
924
-2456
-3894
-2082
127
1127
2053
2199
363
-2016
-2929
-1117
1689
2657
2146
1348
76
-1649
-1737
-28
2104
3004
1388
106
-423
-942
-1271
-385
1173
1837
852
-1105
-1798
-1228
-722
-205
498
636
-42
-1151
-1891
-1167
80
531
574
181
-554
-782
-398
218
1025
1108
573
179
-270
-410
323
1273
1583
1100
156
-411
-281
-56
406
978
991
415
-293
-583
-614
-585
-317
310
752
228
-772
-1125
-873
-716
-653
-254
333
484
-538
-1486
-1244
-386
247
385
369
293
-168
-735
-517
348
1021
1130
661
175
-110
-166
299
859
1018
686
268
55
-155
-154
119
469
330
-241
-582
-473
-88
-148
-430
-381
-274
-382
-715
-799
-344
102
102
-126
-214
-186
-89
-181
-148
42
340
516
308
122
-20
97
288
433
339
366
422
164
-83
-159
54
494
566
347
124
-93
-294
-505
-302
283
586
255
-134
-421
-480
-619
-628
-116
429
308
-280
-582
-650
-371
-190
-50
406
435
16
-401
-393
-10
171
387
521
264
12
-127
79
411
555
349
186
42
-249
-147
270
551
375
-143
-496
-418
-402
-383
-119
300
221
-431
-792
-487
25
196
25
26
193
63
-353
-478
-93
304
350
53
-88
-24
-58
-71
-5
177
321
157
-24
21
106
90
67
-37
17
64
-72
59
250
267
-26
-254
-225
-109
19
-37
48
110
-9
-294
-445
-328
-177
120
246
183
12
-281
-341
-141
74
282
367
334
-7
-287
-279
7
305
370
298
257
100
-119
-199
-74
264
316
207
-98
-206
-149
-209
-99
10
65
3
-215
-278
-107
127
119
45
-71
-131
-65
-33
75
180
206
-4
-213
-339
-211
117
247
210
71
-119
-230
-269
-227
41
262
243
21
-253
-328
-129
76
80
258
398
206
11
-169
-116
239
356
220
80
30
-75
-99
-134
-66
136
137
34
-51
-44
-117
-124
-121
-113
23
-3
-41
-69
-55
-100
-155
-50
57
143
89
-22
-85
-79
-46
60
241
245
71
-254
-313
-57
93
186
207
113
-145
-306
-298
-37
377
408
258
-38
-263
-332
-169
129
278
303
40
-141
-284
-331
-188
120
338
222
-13
-302
-318
-145
-1
70
209
189
68
-51
-285
-195
80
260
256
149
72
66
11
-85
5
253
323
218
43
-32
14
-21
18
45
114
-17
-195
-114
-102
-19
30
-19
-79
-183
-306
-172
88
87
19
-50
-131
-185
-233
-158
97
241
23
-142
-118
-50
-69
-86
63
253
201
-133
-259
-82
89
100
103
132
149
47
-205
-189
39
67
-22
-121
-78
26
-74
-159
35
235
128
-84
-161
60
298
174
-30
34
66
-78
-162
-35
247
377
159
-109
-80
-46
-11
143
249
245
70
-151
-172
-44
43
121
218
89
-107
-237
-270
-19
187
145
70
28
-148
-161
-58
-3
105
144
40
-32
-154
-273
-109
93
133
54
-58
-194
-141
-66
-85
-19
69
36
-41
-108
-164
-112
41
91
81
62
-89
-110
-77
-38
7
117
107
40
-38
-143
-99
-46
6
38
73
-66
-157
-105
-1
79
56
-21
-12
25
-42
-97
-42
94
166
52
-88
-31
52
75
-5
-46
-17
39
68
55
43
-54
-152
-111
18
120
122
30
21
35
-9
-131
-60
148
229
130
-92
-148
-5
123
80
4
21
87
75
-46
-141
9
241
243
52
-146
-125
32
125
82
60
148
108
-71
-156
-77
121
202
143
43
-44
-122
-206
-74
107
133
15
-78
-110
-124
-159
-174
4
143
19
-177
-287
-173
-15
36
53
62
48
-107
-195
-122
33
185
224
175
88
-70
-159
-64
90
175
178
144
75
-9
-136
-130
-11
50
35
37
-5
-95
-128
-129
-50
6
-54
-135
-46
39
-39
-132
-176
-79
37
-50
-101
42
113
48
-57
-142
-66
102
107
68
123
81
-3
-14
-14
67
147
66
7
25
-2
-52
-10
71
144
74
-85
-110
-48
6
10
72
59
5
-99
-202
-80
25
57
68
-45
-167
-159
-76
39
118
21
-94
-87
-105
-118
-55
84
191
132
-98
-220
-168
-47
54
92
129
36
-74
-141
-109
-15
3
40
81
89
-18
-134
-74
20
33
1
-9
40
68
-23
-100
5
159
188
26
-127
-76
36
65
71
123
138
55
-106
-145
5
131
142
87
35
-24
-108
-109
38
213
170
-30
-73
12
62
23
27
137
193
96
-30
-42
-11
13
13
29
103
73
-62
-67
-25
-22
-28
-4
55
69
-53
-174
-146
-66
-19
-25
-17
20
-11
-117
-161
-91
-7
57
46
-10
-1
30
34
33
1
-9
12
15
25
41
45
33
14
-9
-30
-10
18
17
67
98
89
61
9
-73
-105
-49
-22
-12
4
-15
-73
-133
-187
-87
67
90
23
-50
-37
7
-4
-28
47
105
5
-82
40
85
50
88
86
126
87
-18
40
185
158
-14
-64
18
96
46
-149
-119
84
56
-55
-45
33
85
-30
-170
-163
-82
-7
-7
37
-19
-98
-43
-50
-60
-37
-6
40
80
29
-86
-3
121
43
-70
-115
-48
179
190
23
52
75
-24
-108
-122
-41
54
-7
-140
-83
4
-57
-148
-178
-98
33
-24
-106
-5
73
-44
-160
-79
-1
34
-13
-27
105
131
3
-22
109
182
115
16
45
159
111
22
80
114
39
-91
-142
-15
167
167
48
-58
-106
-162
-193
-89
34
77
21
-93
-187
-178
-98
-6
71
83
1
-118
-159
-72
43
70
90
89
6
-25
-34
25
166
203
130
37
-10
-29
-17
74
153
141
60
-42
-63
-20
-8
-5
1
7
-34
-87
-112
-84
-56
-104
-156
-141
-96
-84
-50
-7
8
-67
-123
-89
-71
-25
-4
-10
4
-21
-26
20
61
48
33
18
-3
33
65
60
102
90
-38
-89
-25
85
150
85
-14
-33
-31
-65
-39
34
109
110
-5
-71
-27
50
51
33
73
98
75
7
4
100
149
70
5
29
45
46
54
129
167
102
4
-28
63
90
72
67
69
58
-30
-85
-59
-19
-28
-69
-78
-66
-96
-154
-158
-104
-88
-113
-99
-49
-44
-89
-157
-163
-93
-39
-13
11
2
-90
-140
-120
-38
26
62
70
29
-32
-90
-59
49
132
111
25
-55
-91
-49
51
114
155
103
-24
-79
-58
-9
80
162
136
56
-61
-131
-47
81
147
140
89
16
-15
-39
-12
87
138
112
10
-91
-70
8
62
77
103
101
-15
-103
-83
-18
58
64
-3
-16
-16
-39
-54
-8
67
53
0
-15
18
3
-76
-103
-16
41
-7
-8
59
79
-29
-118
-104
28
162
74
-73
-103
-95
-106
-117
-28
109
135
13
-128
-147
-81
-16
37
53
29
-32
-165
-175
-36
82
104
61
29
-16
-68
-74
-11
39
31
-13
-27
-26
-32
-25
42
120
98
12
-54
-54
-25
-11
-24
15
53
44
15
-26
-43
-66
-41
25
102
124
69
-16
-45
-18
-23
40
120
124
106
45
-28
-54
-13
28
40
88
61
11
1
-28
4
38
14
-14
-20
-22
-64
-63
-36
-30
-21
-33
-53
-66
-53
-56
-57
-22
-40
-49
-20
-14
-30
-46
-45
-36
-24
-7
15
32
39
7
-8
16
79
121
96
47
-8
-16
-2
36
100
128
94
7
-63
-105
-47
54
110
114
51
-47
-126
-144
-119
-30
67
107
60
-37
-130
-140
-75
4
61
77
54
-26
-96
-85
-30
38
80
90
46
-10
-62
-79
-14
71
108
63
8
-25
-53
-51
6
84
73
-10
-104
-136
-96
-44
1
23
55
30
-74
-111
-66
10
37
14
-11
-15
-48
-107
-88
10
90
91
65
48
54
20
6
51
107
143
117
69
20
-1
-30
-32
17
77
102
58
17
-33
-77
-74
-41
14
31
30
-5
-65
-75
-74
-72
-40
-6
1
-9
-61
-77
-53
-10
18
20
15
-11
-22
-31
-27
7
11
8
2
-15
-2
33
66
52
24
5
-10
-22
-14
5
41
50
4
-65
-79
-23
39
52
17
17
-11
-58
-84
-64
12
50
41
3
-16
-13
-28
-2
46
90
68
-8
-38
-25
-3
2
24
67
86
34
-48
-62
-15
35
37
49
52
5
-36
-85
-107
-45
12
33
22
4
-1
-24
-45
-24
30
41
30
12
-30
-48
-26
-12
0
37
51
30
17
40
69
63
59
20
4
7
-12
-8
-6
17
35
34
10
-6
1
-8
-4
-5
-11
8
-11
-40
-65
-60
-47
-36
-17
-13
-10
-22
-46
-58
-42
-29
-8
12
19
28
-3
-28
7
38
42
32
13
-13
-19
-8
13
56
86
67
29
10
-9
-25
-14
11
19
24
-22
-61
-62
-48
-17
2
15
1
-2
-23
-34
-17
-31
-32
-27
-50
-48
-19
13
20
18
8
-5
-2
-8
-2
8
24
15
5
-4
-10
9
24
31
26
28
6
-10
10
17
19
14
2
-9
-30
-24
-22
-3
18
5
-12
-23
-22
-33
-31
-4
16
28
32
36
24
4
-11
-38
-31
-18
8
32
18
5
-2
-12
-5
2
-12
-16
-3
-1
2
11
7
2
-6
-17
-29
-20
8
12
14
20
25
12
-21
-41
-61
-31
9
48
88
82
75
37
-25
-98
-93
-46
17
103
140
119
74
0
-93
-116
-76
-8
61
103
97
49
-25
-108
-132
-96
-63
13
76
99
78
20
-63
-119
-126
-112
-26
62
106
125
90
11
-37
-88
-92
-62
-25
59
74
67
53
13
-13
-53
-36
-16
12
69
70
60
45
23
-8
-34
-20
-35
-21
3
-21
-4
30
43
58
40
-13
-24
-15
-28
-38
-15
3
14
23
11
-22
-14
-11
-45
-39
-5
24
43
53
23
-4
-21
-60
-95
-84
-66
-8
28
37
36
39
31
-43
-76
-112
-118
-23
56
89
80
14
-47
-83
-78
-57
19
109
122
96
52
-14
-45
-61
-77
-26
32
81
103
65
18
-16
-18
-57
-64
26
46
105
133
52
-21
-104
-219
-237
-182
-66
98
192
197
120
-1
-138
-251
-195
-98
19
174
229
175
89
-67
-187
-201
-144
19
155
291
318
186
39
-125
-233
-229
-150
-3
119
211
207
124
-13
-148
-211
-232
-166
-2
131
194
212
95
-43
-131
-173
-190
-123
8
80
140
134
11
-30
-104
-185
-138
-60
45
156
162
84
11
-86
-185
-169
-60
44
148
181
102
43
-23
-130
-136
-82
3
93
156
159
85
13
-113
-210
-154
-87
42
188
196
159
69
-66
-192
-214
-133
-43
117
261
229
179
47
-149
-205
-219
-144
20
123
195
205
126
-13
-144
-182
-205
-154
10
118
185
220
61
-117
-212
-277
-204
-27
119
256
274
110
-47
-185
-228
-144
43
186
205
280
181
-48
-113
-134
-136
-35
116
173
220
244
68
-90
-192
-274
-226
-90
93
275
257
175
-50
-249
-330
-364
-195
-29
222
383
210
136
-90
-416
-316
-211
-150
139
350
277
209
216
-133
-356
-143
-330
-198
278
222
295
420
79
-298
-244
-310
-388
37
275
146
346
224
-104
-158
-212
-206
-152
63
71
24
237
-36
13
164
-331
87
16
-328
169
42
-125
111
282
72
-61
309
-72
-280
90
-367
-177
303
97
411
278
24
-3
-476
-467
-207
21
200
566
407
22
-30
-350
-558
-390
-1
40
198
513
-6
-7
65
-356
-182
-144
-268
-130
177
406
170
545
276
-383
-146
-637
-555
215
265
862
643
241
128
-715
-696
-428
-288
315
608
533
261
-167
-1
-553
-427
163
-285
132
127
131
-5
-80
315
-409
-358
261
-501
-20
429
25
184
310
-24
-287
-138
-265
-357
217
110
313
622
-94
24
-52
-687
-393
183
-179
345
1011
97
27
-31
-696
-784
-108
356
-68
944
514
-497
16
-525
-643
68
200
265
196
321
-199
-321
321
-368
-45
260
-241
61
175
223
-57
315
12
-456
-237
-193
-21
227
665
392
9
52
-619
-633
-179
128
299
566
409
-326
-93
-427
-722
439
100
98
734
-383
-163
-73
-273
62
81
569
-388
62
110
-683
302
91
251
-77
226
2
-941
691
-129
-342
775
-183
-37
-168
-20
-58
-288
630
-26
-56
159
-178
-20
-421
398
141
-231
611
-139
-209
-56
-52
69
-141
431
-137
-96
72
-363
303
-236
36
488
-352
-148
134
-98
-292
499
162
-251
308
32
-460
-72
144
-44
121
418
21
-131
-56
-300
-126
-288
363
253
-34
532
-321
-363
114
-626
165
192
154
450
102
-160
-433
-189
-272
-146
687
75
242
454
-502
-303
-179
-182
-87
464
228
148
164
-276
-201
-368
-160
391
-95
350
258
-254
-39
-411
113
-396
206
415
-312
258
5
-209
-141
-84
251
-451
402
121
-468
272
-234
226
-233
71
443
-645
218
274
-575
328
310
-81
-57
249
-163
-379
182
-339
192
157
109
241
-148
-83
-274
-2
-557
169
624
-511
525
244
-974
170
77
-787
511
501
-262
207
271
-634
-390
621
-664
160
1014
-505
170
157
-371
-356
33
475
-652
709
498
-910
461
-44
-664
171
408
-469
505
408
-456
319
-22
-222
-145
151
147
-271
629
-43
-259
370
-293
-264
13
46
-87
231
210
-182
270
-296
-220
383
-579
403
249
-249
272
-168
42
-325
216
62
-404
612
-177
-200
398
-289
14
75
86
-166
81
79
-431
280
-77
-258
247
-117
-247
258
-436
-45
171
-152
241
190
-155
40
182
-326
-194
702
-204
34
913
-567
-123
418
-606
-276
572
-30
28
645
-101
-256
221
-464
-46
469
-332
272
418
-495
2
225
-576
-42
434
-121
-123
478
-296
-37
40
-130
246
-149
348
-105
-179
223
-516
352
-92
-78
422
-347
64
148
-376
190
148
-296
377
-148
-254
108
-51
-142
-57
366
-220
-159
444
-448
-249
558
-394
-162
643
-405
89
85
-351
144
-157
195
62
-150
234
39
-12
-140
247
-139
-358
429
-282
-227
520
-230
-202
551
-487
-59
164
-253
174
-71
71
-9
-172
126
-358
187
33
34
326
-213
84
71
-420
227
67
-95
258
-49
-16
-173
108
-259
-21
373
-267
233
223
-460
324
-233
-115
-59
186
-52
-41
456
-396
104
84
-426
358
-362
181
170
-488
690
-424
-147
416
-266
-54
224
-21
-179
202
119
-294
264
-5
-140
66
-58
-32
39
-57
219
80
-135
129
-93
-328
77
125
-460
517
-106
-206
302
-481
76
-75
-57
162
-237
365
-423
206
172
-454
466
4
-109
191
-119
-144
43
-41
123
-11
259
5
-74
26
38
-83
37
340
-208
208
163
-457
205
-104
-121
-44
79
22
-214
309
-227
37
31
-97
253
-270
197
75
-238
227
-147
69
-39
-116
269
-248
97
266
-398
202
229
-400
321
-96
28
20
174
-72
-45
254
-390
114
86
-259
192
3
-155
165
-134
-139
260
-223
9
152
-100
51
-88
296
-418
194
136
-397
335
-102
48
-4
-58
289
-346
231
82
-35
9
52
-65
-162
200
-20
-51
101
170
-143
24
41
-65
-33
-9
-46
83
-90
66
67
-297
285
-37
-381
425
-85
-136
310
-31
-357
248
-143
-358
479
-76
-131
327
-133
-323
341
-135
-154
495
-61
-221
375
-220
-269
261
-54
-52
389
-135
33
162
-331
17
-51
-136
89
118
16
-174
97
-66
-421
367
27
-231
331
37
-47
-127
26
-153
-282
331
-72
-131
138
227
-378
28
309
-496
360
-104
-122
138
-240
-45
-147
180
-207
21
93
-302
199
-57
-211
53
94
-174
-17
195
-114
-118
133
97
-218
231
74
-257
210
223
-330
138
155
-315
236
42
-167
246
-47
-27
69
-65
19
-76
100
141
-298
277
-92
-197
145
125
-5
-163
531
-448
-68
509
-544
-34
483
-389
-13
275
5
-285
302
-87
-264
294
-66
-147
40
187
-254
-70
326
-159
-31
167
54
-16
-49
281
-357
-26
494
-554
18
403
-478
186
57
-106
18
128
114
-269
365
-204
-281
460
-408
63
171
-322
261
17
-142
190
-90
38
22
-7
-17
6
80
-101
96
-44
-81
61
-109
189
-263
105
141
-200
-4
65
-92
-63
250
33
-224
277
36
-305
254
104
-278
270
10
-208
165
-135
80
-63
180
144
-44
303
-226
250
-247
-55
389
-649
493
-103
-230
230
-231
100
-46
-25
112
135
74
90
-135
-219
165
159
-533
313
109
-329
467
-207
-237
347
-84
-154
297
179
-448
284
67
-398
435
-255
-138
201
13
101
-223
8
22
23
-221
80
259
-547
337
364
-359
223
-12
-317
61
-106
-24
124
88
243
-144
62
-119
233
378
-346
456
-62
-482
271
-4
-382
-13
139
-368
156
-62
-152
242
-96
183
-201
122
99
-493
325
-172
-301
329
112
-30
-44
98
-566
-2
681
-66
-4
184
-168
-107
-85
99
-512
-47
627
-248
71
347
-645
200
59
-334
318
18
159
46
216
-737
-553
714
-33
59
130
-271
56
17
-131
27
-316
-334
437
514
-120
-396
129
-145
-202
625
-71
-810
419
173
-674
471
-58
-191
171
-91
159
88
97
-78
181
242
-428
-438
458
354
-192
-150
174
-80
52
320
-17
-109
123
232
-201
-247
-25
-521
-306
687
-285
-348
439
-66
589
-81
-321
589
229
-202
-489
535
-95
-256
302
-398
5
102
-442
690
602
-375
130
-292
-71
266
320
-668
-340
673
-429
-304
-337
144
315
62
224
-178
-55
109
59
-36
-58
-231
-370
235
291
-319
-361
449
-29
105
106
-247
177
155
10
-296
442
44
-356
314
-141
-19
191
-178
310
20
-533
-320
42
-2
413
434
-515
72
160
-566
269
100
-307
235
204
-62
-147
-76
16
-10
97
115
-298
299
-232
-59
303
-239
595
-89
-263
165
-504
108
305
113
-64
-119
-59
-361
165
-75
341
460
-364
-316
-226
-19
-30
346
311
-518
-81
425
-358
52
402
-334
-169
222
183
-140
-196
182
-338
-138
263
-223
12
4
297
68
-175
453
-437
-270
800
-125
-284
-1
-260
169
-139
111
138
-38
304
-287
420
396
-170
240
-633
-258
304
-4
58
382
-370
-469
168
-1
138
715
53
-609
443
-206
-532
668
-230
-338
110
-130
-407
206
364
-291
562
6
-88
259
-10
-163
52
117
-181
-5
-489
-105
175
-358
322
155
-350
10
13
140
353
-102
-148
-653
0
343
-4
524
-204
52
-289
-417
290
132
302
224
-106
-294
1
267
-67
360
-59
-177
23
-270
73
-50
-123
136
-255
-94
479
-262
-268
70
-377
-18
358
66
-263
656
-64
-597
384
-203
258
486
-172
103
-28
-9
-349
-240
319
-416
-26
212
-218
249
-97
-67
287
50
-34
-38
81
48
122
-529
-375
134
-163
258
561
-107
148
173
-151
562
632
-226
71
273
-317
-165
-32
-276
164
50
-185
158
118
-2
-104
182
-341
-8
409
-688
-12
562
-664
-220
525
-263
225
-59
-710
294
376
-93
-87
306
-222
56
179
-479
-94
381
138
-152
39
-338
-46
449
-290
158
132
-241
-42
-8
138
-131
155
2
-150
55
-284
139
-304
-276
414
-318
-179
-36
-113
138
524
122
-515
507
189
-544
-4
-32
-301
429
-7
-603
-122
292
364
575
229
-97
230
-328
-63
131
-442
-57
290
-235
-678
474
305
-202
945
19
-324
292
-337
-283
155
-245
-623
188
13
-410
329
48
-183
591
493
-142
178
84
-408
-3
-70
-712
-74
88
93
225
-238
-8
355
378
58
135
211
-146
333
-50
-446
-77
-426
103
-78
-98
284
52
-67
-321
221
-114
6
586
-121
120
139
-219
-12
21
147
-179
22
-110
-549
270
74
-582
560
258
14
466
17
-10
-5
-29
-359
-287
159
-326
-116
-48
86
75
-76
320
-90
604
365
-170
-202
-68
118
-578
240
155
-533
221
-254
-505
276
96
100
252
229
82
-266
213
-78
-319
336
-207
-198
71
-252
0
384
2
24
272
337
-319
-104
109
-443
55
191
-382
-2
289
-269
-150
265
176
-97
142
201
-420
125
448
-528
14
114
-461
-142
-14
-377
-167
553
-19
-109
490
-95
121
461
-84
-123
71
-77
-183
-5
38
-299
-16
-123
-431
122
166
2
79
293
-34
27
261
-130
-25
22
133
-401
-176
96
-510
319
342
-493
175
175
-385
180
297
-528
50
498
-565
-508
555
-259
-258
945
-277
-374
649
-56
-176
668
54
-459
395
23
-638
348
534
-526
182
332
-580
355
309
-505
313
237
-198
68
119
-78
0
16
-378
-210
320
-409
-22
374
-585
63
235
-98
-64
168
207
-134
286
-137
-336
21
-181
30
-53
131
-211
233
-93
-89
589
-70
277
-24
87
35
-354
146
-67
1
100
-351
89
-52
93
210
-239
241
-20
-190
216
-38
34
-2
-140
36
49
92
56
-60
-14
-226
-172
311
19
38
218
-30
-142
194
141
-231
125
32
-407
-186
262
12
-185
238
-52
-111
272
-34
-324
278
9
-186
257
109
-305
10
276
-470
-76
215
-21
-30
210
39
-399
177
-124
-239
179
16
37
-84
310
-138
-161
260
-81
64
123
-68
-221
71
18
-183
-27
50
-7
272
-106
-186
190
-6
119
175
-325
-148
186
27
-78
153
-5
-364
327
9
-177
321
9
-134
138
51
-346
375
24
-258
27
-183
-132
123
213
-201
47
45
-281
89
177
19
-105
207
-15
-100
73
-52
-146
31
171
-347
38
294
-137
29
97
33
-145
342
105
-294
-73
-120
-257
39
139
-127
18
199
84
-306
307
88
-295
272
-167
-94
-74
295
-144
-193
147
-287
-18
210
141
-77
115
-32
-11
48
-23
147
-11
-24
-121
-160
-205
-69
20
-46
249
250
96
23
-66
-294
-321
127
32
106
224
-45
-139
-77
-46
-285
138
53
283
189
-205
56
-178
-35
-55
255
114
32
235
-156
-239
-53
163
-296
62
292
-205
204
246
-64
-166
93
12
-154
103
117
-115
-148
-44
-307
-133
339
-2
211
290
-40
31
184
-89
-71
209
-135
-67
-100
-76
-235
64
-161
-136
425
-113
244
276
-133
56
-24
-77
-199
146
-169
-203
116
-218
-109
119
-20
-37
215
185
-75
529
-175
-185
201
-329
5
13
79
-202
-50
-16
-399
325
189
-117
363
55
-103
-3
37
-245
65
208
-165
-99
-62
-44
-108
42
31
-70
186
97
219
-113
18
66
-313
32
-207
-30
114
-30
83
-113
101
148
57
162
-36
-37
22
-65
24
137
0
134
-182
-64
-30
-20
154
-158
156
-48
-6
56
-27
99
36
-31
-137
-8
-143
78
95
-190
-71
10
-50
86
38
-8
135
113
31
3
131
-104
-126
14
-266
28
129
-159
62
-66
50
-6
61
237
5
55
13
-74
26
-54
-118
-110
-49
-74
115
49
14
-50
-32
14
-42
26
98
-125
-44
109
-272
30
30
97
-101
35
81
-133
139
-100
-109
-50
45
19
58
70
-27
-116
-35
28
-53
100
43
6
-137
22
27
-14
162
56
-82
-194
152
-48
-248
251
-52
-250
134
86
-125
195
248
-229
62
176
-115
75
32
-165
-111
44
-181
-31
61
-187
110
149
-38
74
216
25
-16
-72
-16
-125
2
69
-158
-19
-50
-59
-33
143
44
48
228
-157
95
-44
-115
89
-108
36
-122
-78
-4
60
33
-30
169
-58
-108
36
-36
58
106
33
-47
40
-97
101
23
-16
154
95
-222
155
160
-302
129
-77
-150
43
104
-60
-17
166
-153
46
28
-189
17
70
-41
-65
127
-98
-12
84
-114
4
-11
147
-5
119
-1
-14
25
-105
44
2
42
-2
107
-32
-66
98
-114
52
42
27
18
-111
26
-5
-90
16
119
-134
146
238
-130
36
223
-209
-120
185
-180
-159
299
-124
-228
258
-135
-125
124
50
-121
113
185
-143
98
33
-122
51
15
-146
116
54
-119
25
31
-114
22
71
-138
61
99
7
-23
171
-83
1
122
-126
94
-27
-60
6
-44
-32
-31
163
-79
4
81
-110
92
127
-76
-82
165
-186
-82
89
-121
12
85
-72
-39
94
-95
40
78
-127
105
1
-63
-40
101
-174
-49
139
-204
75
55
-81
95
96
-85
54
11
22
-91
15
-15
-73
96
-29
66
-4
42
-1
-110
130
-100
65
34
-78
3
-101
104
-119
110
7
-144
148
-110
47
54
7
-29
-8
64
-145
84
14
-89
51
45
-147
33
82
-156
22
34
-17
-53
44
-35
-112
55
-2
-91
104
0
-36
19
-88
-19
-6
10
7
-26
100
-83
-8
63
-30
-17
87
24
-146
141
-51
-63
134
26
-42
-17
82
-87
-70
118
-87
-57
108
-9
-55
180
-21
-66
135
21
-57
39
149
-118
27
55
-135
-42
65
-16
-68
65
86
-26
-44
115
-3
-23
112
-37
-38
21
44
-82
-57
193
-185
4
115
-158
-11
73
-26
-118
144
-1
-124
148
-19
-143
109
6
-144
77
55
-157
46
46
-250
142
127
-210
115
70
-143
19
134
-148
37
151
-154
27
81
-109
18
66
-100
49
108
-76
29
71
-74
7
42
-47
-23
85
-8
-16
0
26
-14
11
41
-106
37
-8
-81
15
-23
-39
57
-38
-23
12
17
-5
17
103
-57
39
14
-106
-6
37
-18
-29
148
-61
-64
168
-82
-70
115
-55
-86
151
11
-67
98
11
-83
48
59
-89
75
67
-85
38
25
-98
52
64
-103
34
106
-51
-9
102
-109
-20
87
-26
-21
75
-33
-59
-10
8
-42
-55
104
-41
-67
79
-85
27
20
4
21
-16
94
-79
43
-17
-46
44
-49
-50
-29
39
-64
-1
55
-71
28
62
17
-81
126
-48
-114
93
-31
-47
-21
92
-84
-52
134
-68
-39
119
-23
-56
96
31
-136
119
-25
-112
52
-22
-52
36
75
-99
29
60
-143
43
66
-73
36
68
-60
-54
61
-101
-50
105
-79
-21
110
-74
-2
17
-25
8
10
49
-39
44
22
-53
40
-84
12
14
-46
69
-14
45
7
-18
-20
-23
24
-17
60
-14
-64
65
-61
-22
69
-43
-46
52
55
-97
60
57
-129
50
20
-85
9
85
-19
-69
96
-22
-15
68
-14
9
8
31
10
-33
9
-1
-26
-15
20
14
-33
22
45
-66
50
22
-70
42
-10
-37
44
17
-22
22
33
-40
17
27
-41
46
-29
-26
18
2
5
-28
36
-26
8
37
-82
-10
21
-58
43
9
-64
49
2
5
41
32
-7
-43
62
-38
-14
103
-12
15
56
10
-14
34
24
-61
1
1
-15
24
-6
-12
-19
-27
4
2
2
11
21
-16
-10
13
-23
-1
38
-16
-18
15
2
-49
28
22
-60
12
21
-12
-35
73
-6
-28
57
-27
-33
19
32
-21
2
18
-25
-7
21
-13
-34
24
-20
-19
20
-13
5
15
-23
-2
-38
-1
13
-8
9
-30
20
-28
13
33
-12
27
17
5
-22
0
1
-48
13
19
-14
-8
3
-7
-10
22
31
18
-15
10
-29
-9
-6
-16
-11
-31
9
-11
8
-10
-7
16
-7
3
11
-8
-31
-21
0
-16
-13
0
-23
9
15
21
-29
-13
15
-32
18
-20
4
50
30
36
3
15
-6
2
46
2
-18
13
10
-33
6
24
-38
-13
27
11
-18
24
-6
-13
47
-6
16
13
-12
4
-9
2
-29
33
-10
-39
34
-26
-33
-2
30
-21
18
48
-21
16
32
-25
-1
12
8
0
21
-2
-7
16
-14
3
-6
-5
-3
4
12
-3
24
8
-17
4
-13
-6
4
-14
-7
-6
-4
17
-17
-1
18
-8
1
3
17
6
14
23
12
10
-9
-10
-24
-1
-21
-13
-1
-21
18
-2
19
8
-3
2
-9
1
-1
6
13
5
-13
-18
-6
-15
-17
8
11
17
21
3
-35
5
9
-12
-9
0
-31
-18
4
-43
-34
26
29
5
54
4
-31
16
2
17
-5
-26
-13
-7
-18
-26
37
9
14
50
4
-22
5
8
-31
14
23
-26
-9
-40
-28
5
-21
34
37
17
-6
-2
1
-38
36
32
7
19
-15
-21
-34
-27
-19
30
50
-3
-5
-28
-35
-7
-1
9
19
39
-10
-30
-34
-43
1
1
34
43
13
24
26
33
9
12
24
-10
6
12
-16
-9
-29
-24
-14
-3
7
8
25
-8
-12
2
-11
16
34
4
-6
-17
-11
0
16
28
30
33
26
16
-4
-6
-3
-7
-12
-16
3
-2
-17
-8
-31
-13
-9
-8
10
5
6
-15
-11
-8
3
12
4
23
23
23
19
10
8
-14
-12
6
14
21
-2
-18
-18
-19
-23
-35
-19
7
10
-2
0
-21
-18
-25
-32
6
-17
18
-7
-6
13
-27
6
-17
1
5
19
19
-10
3
-8
-14
22
-5
-4
-16
-9
-7
-24
17
-9
12
2
2
-2
-13
7
-17
-9
-14
-21
5
-4
6
10
-4
2
-18
10
-2
7
15
3
3
-9
-4
-11
-9
-18
-3
-5
-2
-10
-7
-15
-9
-3
-5
12
4
-6
2
2
-1
9
15
8
-4
11
-7
20
24
19
12
9
-8
-31
-2
-17
-12
-9
-20
7
1
-2
0
-3
7
-3
8
-14
-12
-9
-9
4
7
16
2
3
10
-2
10
4
9
12
-17
-6
-16
-6
3
12
11
2
18
-2
-4
-7
0
11
10
26
5
10
0
6
19
-9
10
-2
-5
-1
4
7
-14
14
8
-3
8
-4
-15
-12
5
-23
-10
5
-3
5
9
13
3
6
10
1
9
-4
-5
-7
-14
5
9
9
3
22
4
-12
-4
-14
-18
-12
5
-8
1
3
3
-9
-14
6
-8
11
11
0
4
-14
-2
-8
-14
21
23
16
2
2
2
0
9
-5
12
3
11
6
-1
2
-14
-1
-8
-8
-7
-10
7
16
26
13
-2
-6
-6
5
-6
5
-12
-7
1
3
0
-8
13
9
11
0
-5
-3
-11
-1
-10
-7
-9
-16
-2
-7
9
5
13
14
14
7
-8
-5
-10
-2
-8
-8
-10
-21
-8
6
18
22
6
17
-9
-7
-9
0
10
3
12
-6
5
7
-6
-2
2
6
15
1
-3
0
-5
-2
-1
-2
4
2
0
-3
3
10
4
-1
-6
0
-8
8
11
-5
5
-9
5
2
-1
12
-2
3
-8
-3
1
6
4
-1
1
0
0
-12
-12
-8
-6
1
-11
-6
1
2
3
-3
12
7
9
-1
-4
13
3
7
3
-14
-5
-2
-5
-5
-2
1
-8
-6
-6
-3
8
7
5
-3
-11
-3
1
11
9
6
-6
-7
7
0
0
-3
-6
-3
-1
0
1
10
6
-5
-1
-1
-2
-1
-1
-5
-4
-4
-8
-10
-2
2
-2
4
0
-3
-11
-15
-13
-7
0
-6
-5
-4
2
4
-4
1
-1
7
5
-2
-4
-9
-8
-10
-5
-5
1
3
0
-6
-3
7
8
4
-3
-6
-4
0
3
5
3
4
-1
-5
-7
-6
0
3
13
10
-2
-6
-9
-12
-11
-11
-9
0
2
-3
2
1
2
2
2
7
15
20
19
10
-6
-2
10
14
9
5
8
7
3
8
2
4
10
5
3
8
10
10
-1
-10
-10
-11
-11
-8
0
3
4
10
5
5
13
11
0
-9
-3
-7
-9
-10
-12
-2
4
5
0
6
12
7
4
-7
-15
-10
-4
-1
-6
-3
8
6
1
-5
-5
-8
-4
5
-6
-16
-16
-16
-13
-11
1
1
-6
-5
-5
-10
-13
-5
-6
-13
-3
0
-4
3
7
2
-4
-10
-11
-3
4
1
2
6
4
8
14
8
16
10
-2
0
8
10
1
6
3
1
4
-1
1
3
3
5
9
2
-4
-10
-11
-3
-2
-4
-9
-5
2
1
5
10
12
7
5
6
3
2
2
18
23
17
9
3
4
4
4
2
1
7
1
-3
-2
-3
-1
0
2
-6
-10
-7
-2
5
9
11
11
6
2
0
-5
-9
-7
1
2
-1
5
-1
-2
2
-2
3
-1
-3
-1
-2
-6
-7
-10
-10
-9
-6
-1
-1
2
8
4
3
1
-5
-10
-9
-8
-7
-9
-6
-7
-8
-7
-6
2
6
10
14
4
-9
-12
-12
-14
-7
-4
-14
-14
-6
0
-3
1
3
1
5
9
4
-8
-3
-1
-1
5
14
11
1
-1
1
4
5
6
4
-3
-6
-1
8
7
5
7
-2
0
2
7
12
3
4
7
1
6
15
9
6
7
0
-6
-7
-4
-1
-1
6
3
0
3
1
7
3
-3
1
-1
0
-3
-5
-9
-13
-12
-7
-6
-4
2
-3
-9
-9
-15
-11
-4
-4
-11
-4
-2
-1
6
7
11
7
3
2
2
5
3
6
10
10
-1
-5
6
7
10
11
8
7
-1
-1
3
3
4
-5
-8
1
1
0
0
-4
-5
-9
-6
2
3
3
0
-2
-7
-2
4
2
0
-2
3
6
3
1
-1
-4
1
-1
-2
-6
-12
-7
-7
-10
-5
-2
4
5
4
10
10
2
-1
-1
2
-1
3
3
-3
-4
1
1
2
8
4
5
8
0
2
3
-4
1
2
4
4
3
8
4
4
2
-2
5
5
-1
3
2
-5
-5
-3
-3
0
1
-3
0
-4
-8
0
-2
4
8
10
-2
-13
-10
-12
-8
-12
-7
1
-1
4
4
7
7
10
7
-2
-4
-7
-7
-7
-11
-11
-4
-3
-2
2
6
2
0
1
-4
-2
2
-2
-9
-8
3
3
1
0
-3
-7
-2
7
8
6
2
-6
-8
3
8
5
6
2
-7
-11
-8
4
5
3
3
-6
-6
-4
-6
-6
-11
-16
-19
-17
-13
-10
-6
-1
2
6
0
-2
1
-2
-5
-2
1
-3
-3
-1
0
1
2
9
13
9
10
5
3
-1
0
7
9
8
2
2
-3
-1
0
1
12
17
8
0
1
1
-1
-9
-12
1
7
2
6
8
2
-5
2
-3
-5
2
1
4
5
-2
-5
-1
4
3
1
4
7
1
-2
2
5
8
11
8
3
1
-1
-6
-4
3
5
1
4
5
-5
-4
2
6
10
13
13
3
-2
-1
-4
-3
-2
-2
1
2
3
7
9
5
0
-1
-1
-7
-6
-5
2
5
3
1
2
3
0
1
0
2
0
-1
-5
-10
-4
2
1
2
-2
1
2
-4
-2
-3
0
8
4
-1
-5
5
5
-3
0
2
0
5
5
-4
-9
-7
0
-1
-6
-2
-4
-8
2
-5
-10
-5
0
5
4
10
10
3
-2
-6
-5
-7
-8
-2
-3
-2
0
1
0
-4
2
-3
5
15
12
10
1
-10
-26
-34
-23
-13
-5
-3
-4
5
13
6
-3
-9
3
12
2
-11
-18
-13
-13
-3
14
20
7
-12
-11
-8
4
18
12
6
-2
-4
0
-5
-2
-2
-1
2
-1
2
9
7
1
-12
-9
-4
6
6
4
8
4
0
0
-4
-6
-1
2
1
1
-6
-7
-4
-2
3
-3
-16
-14
5
24
18
4
-8
-12
1
4
4
11
10
11
6
-4
-4
-8
-9
-5
-8
-7
-4
0
-1
-11
-5
4
3
9
13
5
-6
-6
-6
-7
-8
-9
-1
9
19
20
13
7
8
1
-1
1
-7
-6
-7
-1
0
1
4
0
2
1
-4
-6
-9
-7
-7
-5
-2
-3
-9
-7
0
-1
4
13
13
5
-1
-5
-4
-3
-3
-1
0
5
3
1
0
1
10
15
16
4
-18
-26
-18
-4
0
4
3
5
1
-10
8
16
14
16
6
-1
4
7
2
-1
-2
2
9
20
25
10
-3
-12
-15
-14
-3
7
7
3
3
4
2
0
-5
-10
-9
-3
2
5
7
6
6
2
4
7
3
9
10
7
15
7
-6
-17
-18
-12
-6
5
12
1
-7
-4
-1
6
4
5
5
4
4
-2
-15
-11
-1
-6
-6
1
-2
-13
-9
-2
-1
-4
-10
-17
-14
-3
8
5
-2
-3
-4
-10
2
15
8
-2
-5
-2
-4
1
8
5
0
3
3
-7
3
9
-7
-13
-11
-5
0
-7
-5
-3
-8
-7
-3
1
5
4
-4
-16
-13
1
-6
-1
13
6
4
1
-6
5
16
11
0
-5
-18
-19
4
5
-6
14
20
2
-7
-3
16
14
8
13
8
15
10
-8
-15
-7
8
6
5
1
-11
-15
-1
12
17
13
3
3
-4
-7
0
1
-9
-17
-16
-10
4
2
-17
-27
-20
-7
10
13
1
-7
0
7
1
7
11
12
7
0
-1
-2
-4
-12
-19
-12
-1
8
3
-6
-8
-6
4
12
13
-3
-2
2
-1
-1
-14
-16
-8
2
12
9
0
-2
1
11
9
-1
4
0
8
8
-4
-12
-6
11
7
9
8
7
13
-5
-12
-9
6
9
3
14
10
-9
-14
7
20
9
-2
-6
-18
-34
-38
-32
-13
1
8
0
0
-3
-18
-13
0
22
24
7
-4
-18
-9
14
19
8
4
1
-8
-1
13
12
15
7
8
24
26
15
6
2
2
-23
-28
-12
-19
-21
-21
-4
19
19
-10
-37
-12
27
28
-3
-38
-11
15
7
4
9
6
-12
-19
9
54
65
51
17
-6
1
8
14
8
9
4
-12
-7
13
16
-10
-14
6
6
1
-1
-6
-11
-22
-22
-2
5
-10
-33
-32
-1
11
13
22
25
-6
-30
3
19
-7
-37
-49
-38
-6
19
-1
-16
1
44
53
5
-5
17
11
-3
-4
-7
-30
-39
-4
35
18
-29
-38
-5
40
40
6
-36
-45
-5
31
25
-4
-14
-18
-24
4
34
19
-19
-23
-2
14
8
-13
-6
14
21
9
-10
3
26
28
25
18
16
14
-4
-7
-14
-44
-53
-14
38
26
-24
-52
-37
5
45
33
-32
-57
-20
24
28
3
-16
-23
1
48
65
0
-61
-29
35
55
25
-23
-58
-41
-3
27
32
14
-17
-5
27
28
-1
-27
-13
8
12
-1
-14
-26
-27
12
26
5
3
9
9
21
17
-12
-54
-48
3
16
3
-31
-35
6
37
32
-1
-24
-43
-20
42
65
24
-53
-60
-1
46
25
-31
-26
20
71
51
-16
-48
-23
19
49
63
11
-87
-88
24
84
24
-33
-41
-30
-10
4
22
23
45
20
-65
-75
20
97
12
-29
112
52
-220
-197
133
272
35
-143
-108
-94
58
243
71
-239
-199
84
128
89
117
-108
-304
-29
359
250
-204
-310
-80
70
127
159
23
-200
-142
138
179
10
-100
-78
6
109
114
-69
-157
-7
138
34
-105
20
156
18
-43
50
4
-113
-61
43
-26
-14
111
28
-103
-42
35
15
-21
29
78
-1
-68
-22
-21
-88
9
180
102
-100
-151
-69
60
180
182
1
-202
-161
40
143
39
-4
62
-16
-127
-94
-28
8
96
127
-21
-179
-89
118
121
-29
-77
-57
-14
77
67
-24
-36
26
25
-100
-114
-19
61
52
-20
-47
-73
-35
70
80
-2
-68
-8
85
20
-56
-54
-46
42
158
58
-133
-154
-2
128
141
77
-64
-133
5
98
-5
-37
58
73
-109
-236
-81
132
172
32
-141
-171
-13
133
112
13
-55
-64
-52
-67
2
118
91
-10
-85
-93
-20
45
105
97
-34
-148
-116
36
105
9
-72
-53
18
28
-53
-66
46
127
63
-76
-91
-10
72
92
-7
-101
-89
-6
82
119
54
-48
-89
-33
43
69
103
94
-67
-184
-106
42
131
63
-97
-159
-61
84
93
11
-30
-26
20
68
84
-12
-141
-101
9
71
83
20
-65
-83
-29
-20
9
149
167
-21
-118
-22
38
23
42
20
-24
-9
32
27
-32
-36
15
65
68
29
-36
-55
27
61
-48
-183
-119
95
121
11
-44
-67
-85
-70
44
108
24
0
27
-64
-146
-98
-29
94
192
-10
-270
-152
216
333
-56
-312
-24
284
251
-92
-312
-141
118
211
74
-140
-210
-139
-8
98
150
64
-27
36
30
-71
-94
37
199
190
19
-124
-150
-94
-84
11
258
152
-182
-167
98
294
162
-163
-180
91
270
106
-253
-267
78
81
-198
-121
109
122
82
16
-127
-95
129
105
-188
-113
266
294
33
-172
-195
-87
41
90
65
-32
-78
31
15
-65
-32
-42
-14
104
101
-83
-252
-101
157
77
-93
11
247
231
-39
-203
-153
46
265
191
-185
-297
-111
-69
-74
-43
-8
113
240
237
56
-91
-51
-25
-73
-89
-38
29
38
-30
-119
-142
-77
94
266
159
-61
-112
-49
71
147
53
-132
-121
19
-36
-119
-11
85
-25
-97
7
122
193
112
-59
-153
-77
82
102
30
23
-65
-99
69
107
-7
-51
21
11
-168
-176
18
169
212
138
-9
-180
-213
-84
-21
-14
53
117
47
-48
21
-1
-97
17
188
111
-200
-317
-166
5
175
249
81
-67
26
-3
-227
-116
175
160
-34
-162
-106
-12
44
36
7
168
262
58
-168
-153
1
54
35
127
153
26
-130
-235
-297
-207
76
259
256
82
-120
-112
10
48
-57
-73
77
83
-42
-135
-125
-19
15
12
55
76
53
-83
-171
-81
3
45
151
178
-2
-162
-114
28
102
64
11
-15
-64
-64
-81
-7
177
122
-69
-101
-6
111
83
-114
-186
-21
138
142
70
-16
-29
28
18
-54
-39
74
129
55
-82
-109
-16
17
-4
16
62
37
-68
-80
63
150
68
-57
-29
22
18
-39
-105
-41
31
55
5
-68
28
81
15
-84
-187
-92
8
117
146
-27
-107
-57
64
67
-30
36
92
35
-112
-151
-8
37
107
113
-16
-10
27
30
30
28
9
-135
-125
-36
-55
-27
-16
-51
-110
25
225
198
86
-33
