5
14
19
31
12
-22
-26
7
15
-12
-33
-18
16
22
3
-12
-17
-10
5
6
14
7
-8
-4
19
23
-4
-26
-17
14
24
11
-6
-23
-14
10
11
-2
-18
-10
10
21
7
-17
-19
5
22
17
14
1
-11
-4
13
14
-3
-6
9
6
-10
-16
-14
-3
1
4
15
4
-7
-7
5
22
2
-29
-39
-25
11
28
6
-14
-9
-4
6
30
30
8
-2
-1
2
2
0
7
0
-1
0
-12
-13
-5
1
0
-13
-25
-22
6
22
6
-17
-17
-5
15
29
18
-6
-13
1
7
13
2
-8
-4
3
14
12
-9
-22
-8
12
10
-3
-19
-23
-8
0
7
16
3
-7
-4
4
23
8
-27
-22
-3
12
2
-9
9
18
15
-3
-5
3
8
14
0
-6
-16
-33
-19
2
1
-10
-10
5
15
16
13
6
-6
-15
-10
-1
2
0
-4
-8
-6
2
-1
7
14
9
13
27
20
5
-4
-10
-12
-13
-5
4
10
4
-9
-15
-6
6
17
26
16
-12
-25
-14
12
23
7
-4
1
4
-4
-6
-6
-8
-6
-8
-11
-9
-10
-12
-9
-5
-5
-13
-17
-11
-4
1
-5
-22
-21
-1
13
17
6
-3
-6
7
21
16
7
-7
-17
-9
2
7
-2
-3
8
4
0
-6
-3
8
-8
-12
-3
-9
0
11
9
3
-7
-14
-9
-5
5
13
3
-2
1
-1
3
15
14
10
5
-4
3
8
6
5
-1
-7
-11
4
26
28
21
14
4
8
11
4
4
-1
-2
-2
-9
-11
5
6
-8
-5
-9
-8
3
4
-5
-14
-22
-23
-8
10
20
17
6
-3
-9
2
15
20
13
-8
-17
-11
1
13
17
14
5
2
4
4
-1
2
0
-8
-13
-18
-6
12
-1
-18
-21
-14
-1
-1
-1
-4
0
-7
-17
-1
15
23
15
2
-2
-5
-7
-11
-11
-14
-18
-11
-4
0
5
3
-4
2
3
4
14
14
9
0
-10
-9
0
15
15
7
-1
-5
4
10
7
6
6
1
-4
-9
-7
2
9
9
5
-4
-9
-15
-8
3
1
-1
-2
-1
-6
-5
-3
-2
-3
-11
-6
-2
-5
1
7
3
7
9
10
11
13
6
-15
-7
5
1
-2
2
5
2
6
10
10
9
2
-10
-5
-5
-15
-15
-12
-14
-19
-13
-11
-1
5
-4
1
-2
-1
6
10
13
3
-8
-6
-3
3
6
13
24
21
12
4
0
11
11
-2
-7
0
9
5
5
5
-4
-10
-15
-11
-3
1
-3
-5
-4
-7
-9
-3
2
1
-1
-4
-8
2
14
15
7
-3
-9
-11
-3
4
6
2
-1
5
10
10
9
5
1
-1
-8
-16
-10
-7
-11
-6
-2
-2
3
3
6
8
7
7
2
7
7
9
1
-15
-16
-12
-5
3
8
8
-2
-4
-6
-4
5
1
8
11
9
10
0
-3
1
1
1
-6
-6
-3
1
7
5
-5
-8
-9
-5
2
0
3
3
1
2
3
4
6
6
0
-2
-7
-2
0
-5
-9
-3
-7
-13
-7
1
4
7
8
4
8
9
3
3
6
10
2
-7
-10
-11
-3
-3
-3
1
-2
-9
-7
-3
2
4
8
8
3
10
12
5
0
-4
-1
0
-6
-6
-2
7
10
7
6
0
0
-4
-7
-10
-9
-10
-13
-8
0
1
1
2
1
-4
-5
3
8
8
5
-4
-2
2
6
11
13
9
4
3
2
3
4
8
6
5
3
6
9
0
-3
-7
-8
-8
-13
-13
-13
-11
-11
-8
-1
2
0
1
4
0
-4
-1
4
9
3
-8
-8
1
5
7
13
12
6
3
1
-4
-6
-8
-17
-12
1
6
3
0
6
7
3
2
-8
-8
-6
-16
-21
-11
5
11
9
7
6
6
6
1
-5
-9
-7
-8
-10
-7
-8
-9
-3
8
13
10
12
14
7
2
-6
-8
-4
-3
3
1
-6
-3
0
0
2
-1
-1
0
3
0
-4
1
-4
-13
-9
-5
1
3
5
2
2
2
5
4
1
6
3
-4
-6
-2
0
2
2
-3
-8
-5
0
-2
-4
-4
-8
-8
-7
-2
3
1
3
-2
-3
3
6
6
7
8
8
2
0
5
9
3
-5
-6
-1
6
6
2
4
5
0
-3
1
6
2
-2
6
5
2
-1
-4
-2
2
-2
-11
-8
0
3
5
5
0
-2
3
7
6
-1
-4
-5
1
4
3
-3
-4
-2
2
7
6
-1
-6
-4
-4
-8
-6
0
2
-2
-9
-8
4
8
9
2
0
-2
-11
-5
4
6
-1
-3
2
2
2
1
-7
-2
4
-2
-4
-4
-5
-5
-4
3
4
-3
-8
-9
-9
-11
-10
-7
-6
5
8
5
8
5
5
8
13
14
8
8
5
2
-1
-5
-3
0
5
12
6
7
7
-3
-6
-6
-4
-2
-2
-2
2
1
-2
-3
-3
-6
-4
-1
2
11
10
5
0
-5
3
6
4
6
2
-1
-5
-5
-3
-3
3
6
5
5
1
-2
-6
-2
1
-2
-3
-10
-9
-6
-6
-6
-5
-1
-1
-1
-1
1
2
-1
-3
-2
0
5
5
2
-3
-3
3
-3
-2
-2
-9
-4
1
2
0
-1
1
-4
-1
7
11
17
14
12
11
4
7
8
7
5
0
3
1
-2
-3
1
6
1
-5
-7
-9
-10
-11
-8
-3
-3
-4
-5
-4
-3
-3
-6
-7
1
1
3
5
5
7
4
1
5
5
1
-2
-2
1
5
9
8
2
-2
-2
-2
0
0
-1
-5
-6
-7
-12
-14
-7
-5
-4
-5
-1
2
-1
-4
1
5
5
7
8
7
5
6
7
10
12
8
3
0
0
-2
-2
3
2
0
1
-2
-4
-9
-9
-3
0
0
-3
-7
-11
-10
-5
-7
-5
-2
0
3
7
8
5
6
9
11
10
7
5
2
-2
-4
-3
-1
1
0
3
-1
-4
2
8
8
5
3
-1
1
-4
-4
-1
-3
-5
-6
-2
-3
-1
6
11
9
3
1
-4
-3
-6
-15
-18
-21
-20
-20
-16
-5
-5
-5
-3
2
6
3
1
1
1
2
-3
-7
-2
-1
-2
5
7
11
13
10
6
2
0
-4
-4
3
2
1
3
5
9
5
1
-2
-2
-3
-1
-2
-7
-13
-8
-1
1
6
7
4
4
7
5
-1
-6
-2
4
2
2
2
5
6
1
-1
1
-1
-1
-1
-4
-7
-9
-8
-5
-3
0
2
2
4
10
12
12
10
6
5
1
-4
-7
-7
-4
-1
-4
-1
4
3
4
5
4
-3
-6
-5
-7
-3
-1
1
1
-4
-4
-4
-2
-1
0
3
-2
1
2
0
4
6
5
-1
-1
1
4
4
0
-1
-8
-16
-12
-6
-4
-3
0
-2
-1
4
4
4
6
9
4
3
5
2
-1
-4
-4
-1
-4
-4
-4
-2
4
6
7
5
5
10
7
5
3
4
0
-1
-1
1
9
10
10
8
2
1
2
0
-4
-4
-5
-11
-11
-1
3
2
0
-5
-7
-8
-7
-6
-5
-4
-5
-2
-2
1
3
4
5
6
5
-2
1
2
5
5
4
4
4
3
-1
-3
-7
-6
-1
0
1
-4
-5
-2
-1
-1
-5
-7
-9
-7
-1
1
1
0
-1
1
2
5
5
2
0
0
-6
-6
-6
-11
-8
-5
-3
0
1
4
4
3
1
0
-1
-2
-4
-8
-7
-6
-6
3
6
4
1
3
4
3
4
7
8
5
-1
-4
0
-3
-2
-1
2
2
0
6
5
3
2
0
0
1
3
2
1
3
-1
-2
0
2
5
3
0
-3
-3
-4
-3
0
1
-1
-1
-2
-1
2
0
-2
-2
-2
-6
-8
-5
-8
-7
-3
-4
-3
3
7
7
10
9
5
4
2
2
-1
2
6
4
2
1
0
1
-1
0
3
1
0
-1
-5
-6
-3
2
3
4
4
2
0
-1
-3
-3
-5
-7
-10
-8
-4
-3
-6
-4
2
0
-3
-6
-1
1
2
4
-1
1
1
1
1
5
7
5
2
-1
1
3
1
0
1
-4
-3
-1
1
2
2
3
1
1
2
2
1
-1
-5
-7
-7
-5
1
6
4
4
7
6
4
0
-3
-4
-9
-9
-6
-7
1
1
-5
-5
-2
-2
2
6
3
-4
-5
-3
-4
-3
1
2
-3
-4
-6
-1
6
8
11
10
7
4
5
4
-3
-6
-8
-8
-4
-2
-2
1
4
5
1
2
3
5
4
7
6
2
2
3
6
4
2
6
4
2
2
-5
-8
-5
-6
-7
-8
-10
-7
-4
-2
-2
-1
1
6
5
2
2
1
1
-1
-5
-2
-1
-6
-7
-1
3
5
6
3
3
7
2
-1
-2
-1
1
1
0
3
7
9
6
7
8
7
9
9
4
3
-2
-8
-5
-4
-7
-6
-4
-3
-2
-5
-6
-4
-3
-2
0
-5
-7
-3
-1
2
-2
-3
-2
0
-3
-7
-2
-2
-4
-1
-5
-11
-9
-2
3
3
3
3
2
1
2
8
9
9
4
-2
-1
-1
-2
1
4
4
9
7
3
-1
-5
-7
-9
-8
-3
-1
1
4
2
-1
-3
-4
0
4
7
9
9
8
6
-3
-7
-8
-8
-3
1
-4
-15
-15
-12
-6
6
13
13
11
7
7
7
7
4
4
1
-4
-2
-2
-4
-3
1
0
0
-2
0
6
3
-2
-4
1
6
5
3
3
2
-2
-2
-3
1
2
3
2
0
-1
-6
-6
-4
-1
0
-1
1
0
0
-1
1
3
-2
-1
1
4
10
14
12
10
5
2
6
5
-2
-4
1
1
1
1
1
1
-3
-2
-2
1
2
0
-3
-2
-1
1
1
0
0
2
-3
0
2
-4
-4
-7
-11
-8
-4
-2
0
5
6
5
6
5
-4
-12
-14
-11
-8
-6
-5
0
4
1
3
5
10
8
4
-1
-5
-10
-13
-9
-10
-11
-9
-5
-5
1
8
6
3
3
0
-8
-12
-7
-4
1
3
4
7
3
2
5
1
-2
-1
0
-3
-1
4
0
0
4
6
5
11
15
10
7
2
-2
-6
-4
1
4
6
5
11
13
7
6
7
7
9
1
-8
-6
-6
-5
-3
-2
1
5
1
-8
-9
-6
-6
-5
-8
-11
-8
2
7
7
9
10
14
11
5
-3
-7
-8
-8
-2
1
3
4
4
4
4
8
7
5
6
3
-3
-4
-6
-5
3
9
9
9
7
7
8
-2
-7
-8
-11
-6
-3
-4
1
-2
-5
-4
-2
-2
-4
-5
-6
-5
-1
1
-2
-3
-4
-6
-7
-5
2
7
4
1
-1
-5
-6
-4
-5
-4
-2
3
3
2
0
0
-1
-9
-3
0
-2
-1
3
6
4
10
4
2
-1
-2
-3
-2
1
0
1
-2
-5
-3
-6
-10
-8
-8
-4
4
5
6
7
6
4
2
3
7
4
0
0
-5
-9
-13
-13
-10
-9
0
5
8
13
12
10
7
6
5
3
-3
-3
0
-2
-4
0
-4
-7
-3
-1
4
8
10
8
0
0
-4
-8
-10
-9
-6
-4
-1
-2
-4
-10
-11
-8
-8
-3
3
0
-5
-7
-3
3
5
3
1
2
4
7
8
10
11
3
3
12
6
3
9
12
15
3
-3
-5
-9
-3
-3
8
8
4
1
-1
-6
-7
-9
-12
-11
-6
-6
-11
-6
1
6
12
13
9
2
2
6
-1
-3
-4
-11
-6
-1
-1
1
4
10
15
20
15
7
2
-2
-4
-8
-10
-11
-6
0
-1
1
-2
-4
-6
-10
-10
-5
2
-2
-4
-4
-1
1
-2
1
10
17
13
7
0
0
-1
-5
-7
-5
-5
-4
-6
-6
5
15
17
20
14
4
-2
-2
-7
-8
-9
-14
-6
-1
2
2
3
6
9
17
18
19
11
3
4
0
-8
-8
-7
-1
2
6
0
-10
-5
-8
-1
1
-5
-4
-2
-7
-12
-13
-12
-7
0
6
11
14
14
7
-1
-6
-3
-3
-5
-9
-9
-12
-16
-12
-5
-1
5
5
2
7
7
4
-3
-8
-9
-6
-5
-2
-3
-7
-1
-3
-6
2
3
1
2
3
3
3
4
0
-5
-3
-2
0
2
-4
-4
1
0
2
2
2
8
14
12
8
11
10
3
3
4
-1
-10
-9
-5
-3
6
7
4
1
-1
-5
-7
-5
-3
-4
-2
-2
-8
-7
-5
-7
0
2
3
-2
-4
-11
-11
-7
-8
4
8
5
5
6
10
14
12
8
0
-5
-7
-11
-12
-11
-11
-5
-3
5
8
4
8
6
5
0
-5
-12
-10
-1
-3
1
0
-2
5
0
4
13
12
7
-1
-5
-5
-4
0
-3
6
10
5
7
5
3
0
-2
-3
-5
-1
1
2
-1
3
6
6
10
2
-3
4
4
6
4
2
1
-6
-10
-4
-3
1
-1
-2
3
1
1
2
1
3
2
1
4
3
-5
-6
-2
5
6
6
1
-5
-7
-7
-8
-4
-3
-2
-1
-2
-1
5
6
4
3
2
-3
-8
-7
-3
-2
2
3
-1
1
4
4
4
-1
-3
-1
-2
-3
-4
-6
-4
4
12
9
14
13
7
1
0
1
-5
-6
-6
-11
-13
-9
0
8
12
8
4
5
0
-2
-3
-4
-7
-3
-6
-8
-5
-4
-1
3
1
1
2
1
1
1
0
2
7
7
6
7
10
11
4
4
3
3
2
-4
-5
-6
0
0
4
6
8
12
9
10
7
2
4
-2
-8
-11
-8
-6
-6
-5
-8
-8
-4
1
1
2
4
0
3
5
6
4
-1
-5
-8
-7
-1
7
5
-1
1
4
4
4
6
8
5
5
-1
-1
5
11
9
7
7
2
-6
-8
-8
-8
1
2
2
2
0
-1
-3
-2
-3
-5
0
1
6
2
-4
-4
-8
-6
-1
1
1
2
2
-2
-2
-3
-2
-1
-2
-5
-6
-4
-3
-1
-3
-1
5
0
-1
1
2
-1
-2
3
6
5
5
-1
-7
-11
-9
-11
-15
-12
-8
-6
-7
-9
-10
-8
-6
-2
-2
-1
-1
5
8
8
6
0
1
-4
-5
-5
-3
-1
-2
-2
-2
-6
-6
-8
-8
-4
-2
-2
0
4
7
6
3
4
-2
-2
1
3
4
4
3
2
4
6
10
10
8
7
5
4
1
0
0
1
-3
-5
-3
-4
-5
-5
-6
-5
-4
-3
-2
-4
-4
-1
-2
0
5
6
4
6
2
-3
-3
-4
-1
-1
0
-4
-1
3
5
5
1
-1
-6
-8
-5
-2
3
3
3
3
2
5
3
-2
-9
-11
-5
-6
-6
-4
-4
1
3
6
7
5
9
6
-1
2
0
-4
-4
-1
1
-4
0
0
4
12
10
12
7
3
5
0
5
6
3
5
4
5
8
9
12
8
5
3
2
5
1
-2
0
-2
0
1
0
3
-1
-5
-8
-7
-5
-9
-7
-9
-10
-9
-9
-4
2
7
8
5
2
-6
-7
-7
-1
4
4
3
0
0
-2
1
2
5
5
3
0
-6
-4
-5
-2
2
1
-1
-4
-1
-2
-7
-9
-10
-6
-2
-4
-2
3
4
0
0
2
2
7
2
-2
-4
-7
-8
-8
-4
-2
3
6
4
8
9
9
8
4
6
11
15
7
1
6
3
1
6
6
4
2
-4
-5
-4
-3
-8
-5
-4
-7
-4
-9
-12
-13
-9
-6
2
10
5
-2
2
-5
-4
1
0
-2
-7
-13
-17
-13
-12
-4
2
2
2
2
3
3
-3
-1
0
4
7
2
-4
-7
-2
-1
3
6
6
8
9
9
11
13
15
11
5
-2
-4
0
-4
-4
-1
-4
0
5
7
10
5
-3
-5
0
-3
-3
-4
-6
-3
0
-2
-3
0
0
-3
0
-3
-1
0
-4
-2
-6
-5
-6
2
7
1
5
6
-3
-7
-8
-4
-2
3
8
3
6
5
6
7
6
11
6
3
1
-2
2
0
3
7
4
4
0
-2
-3
-7
-11
-12
-2
0
1
3
3
4
2
-2
-1
-1
2
2
-1
-5
-9
-5
0
1
4
3
2
1
-3
-3
1
2
-1
-3
1
2
3
3
0
3
7
7
0
-3
-6
-6
-9
-12
-12
-6
2
5
11
18
18
17
8
-1
-10
-13
-10
-10
-7
-2
2
3
3
3
5
6
9
8
4
-3
-9
-8
-7
-5
1
3
-2
-3
-5
-5
-4
-4
-2
-3
-6
-5
-1
2
0
1
2
-2
0
3
-3
-5
0
0
0
3
4
8
7
9
8
6
5
0
-5
-7
-8
-4
0
-2
-6
-4
-4
-2
-3
-3
-5
-6
-5
-5
-2
-3
0
5
12
15
20
14
8
8
4
2
3
0
-7
-8
-6
-3
-2
4
6
7
6
3
0
-2
2
7
5
3
1
2
6
9
9
4
0
0
-3
-5
-4
0
3
8
9
4
1
-3
-6
-10
-13
-8
-4
-7
-6
-5
-5
-4
-4
-1
1
0
2
3
2
5
3
-2
-3
-3
3
4
4
8
9
8
-1
-6
-7
-7
-4
-3
-1
-1
0
-3
1
1
-1
-2
-4
-7
-7
-10
-14
-14
-11
-9
-8
2
8
1
-1
-3
-6
-3
0
-4
-2
1
-4
-5
1
7
10
15
18
13
9
8
3
0
0
-2
0
4
-1
2
1
0
4
6
7
7
5
2
-1
-6
-5
0
1
1
4
5
3
4
1
3
2
2
6
5
3
7
7
0
-3
0
1
1
-1
-2
-7
-9
-9
-10
-4
-4
-2
3
3
4
3
-7
-13
-12
-14
-7
0
0
4
-2
-8
-3
-1
-3
-5
-3
-6
-9
-9
-10
-11
-5
-2
-5
7
8
-2
-1
-1
-4
3
8
0
-3
-2
-6
-3
1
5
4
5
5
6
9
3
1
5
4
8
14
8
4
2
-5
-4
3
1
-2
-1
-6
-3
2
2
2
0
1
2
-1
-2
2
2
6
10
10
8
4
-3
-5
-13
-15
-7
-7
-6
-2
-3
-10
-5
-1
-3
5
2
-4
-6
-7
-15
-8
0
-1
-1
-1
-3
-8
-4
-1
4
7
8
9
11
15
7
0
-1
2
5
5
14
10
6
8
4
-5
-4
0
-6
-1
6
-2
1
7
-1
0
2
1
-2
-3
-1
1
-8
-4
1
-8
-1
0
-5
-2
3
-2
1
7
-4
-2
8
3
7
9
-2
0
3
1
6
7
2
0
-2
-5
-2
1
5
-4
-6
-2
-3
-5
0
1
1
9
-2
-8
-1
-6
-8
9
7
-1
19
1
-5
18
6
-5
14
7
-15
3
-6
-18
0
-1
-12
-5
7
-1
-3
-1
-8
-9
-12
-1
2
-6
4
-7
-12
5
4
0
9
9
-2
3
8
-1
-2
1
1
1
1
3
1
6
10
9
3
8
5
-3
11
6
-6
-5
-1
-3
-14
0
-4
-9
-1
6
4
1
11
2
-3
8
-2
-11
5
2
-13
2
3
-10
2
-2
-10
2
-4
-14
-4
-5
-20
-1
-5
-16
11
-7
-8
7
3
-7
7
7
-8
13
-1
-11
5
4
-9
12
22
-8
15
13
-5
13
23
-7
5
20
-23
-6
0
-18
-3
18
-12
-12
25
-20
0
13
-14
-13
5
1
-18
8
-8
-4
-3
0
7
0
17
2
3
1
6
-10
9
23
-10
12
10
-9
2
6
-17
-6
11
-18
-19
-4
-18
-22
3
-3
-15
10
0
-16
7
5
-12
-2
8
-7
1
17
-13
-4
9
-9
6
9
-9
-3
-1
-12
-7
-7
-12
3
0
-4
9
4
-3
17
10
-7
21
3
-3
15
6
1
11
10
-3
10
3
6
14
-4
-2
12
-10
-10
6
-15
-3
21
-22
-2
21
-19
-8
37
-12
-10
36
-8
-31
31
-12
-29
32
1
-37
11
24
-42
30
20
-33
6
13
-15
-13
32
-18
-5
29
-11
16
8
-8
2
15
-27
1
-7
-7
12
-11
5
-5
-4
-24
8
17
2
15
-2
30
-14
2
47
-36
-10
53
-12
-6
59
-17
-36
64
-13
-11
38
-11
-12
28
-31
-19
37
-77
34
53
-75
9
12
-35
21
51
-69
-14
39
-70
40
21
-71
41
-8
-23
56
16
-86
-2
46
-65
52
6
-55
-21
52
-31
-47
71
-44
10
-5
-3
6
2
25
-11
40
-58
54
67
-90
51
18
-85
14
53
-38
-55
79
-73
-42
127
-49
-48
72
16
-110
59
40
-115
25
17
-75
1
67
-60
-12
105
-73
13
42
-18
-7
34
40
-89
78
31
-81
119
-30
-9
64
26
-51
-24
96
-108
-22
100
-72
-55
109
-43
-93
102
-34
-82
77
11
-101
46
11
-92
60
-18
4
47
-35
-2
22
-23
-32
50
-34
-7
38
10
-52
25
33
-69
38
10
-40
-4
59
-19
-42
52
7
-37
4
87
-110
43
63
-78
0
35
-29
-58
87
-22
-52
44
-27
-35
48
5
-11
38
-26
39
-26
-11
15
-19
-21
19
18
-53
27
35
-123
115
-22
-161
270
-162
-96
218
-138
-79
172
-7
-182
241
3
-128
176
-48
-96
12
58
26
-64
-13
119
-137
-36
244
-128
-99
89
35
-155
46
220
-335
-91
373
-246
-178
332
-72
-318
327
134
-408
329
122
-381
244
143
-300
64
210
-182
-39
156
-95
-69
96
12
-52
60
5
-15
-78
61
84
-130
-15
112
-61
-91
129
43
-210
80
189
-215
56
254
-190
-91
196
-74
-76
241
28
-154
65
75
-111
50
123
-81
-151
59
57
-140
149
-66
-118
103
-53
-2
3
16
-21
14
56
-45
32
-42
53
-61
-57
138
-244
36
114
-113
-2
39
-66
-33
189
-151
118
99
-183
131
80
21
-8
158
-128
-38
150
-149
-66
202
-77
-180
215
-71
-120
260
-137
-144
259
-19
-319
317
-15
-404
439
-113
-332
437
-117
-190
347
25
-362
203
135
-388
271
59
-334
185
184
-294
84
304
-270
42
251
-233
-191
319
-141
-254
481
-265
-410
431
-48
-229
449
-106
-320
273
92
-221
200
42
-415
149
98
-313
132
136
-251
41
298
-87
-101
393
-255
-113
350
-286
-127
305
-162
-236
402
-282
-64
426
-363
27
281
-232
-93
363
-433
49
331
-400
139
137
-117
-67
251
-141
-13
133
-167
149
-70
-72
-6
40
-19
53
-111
-159
151
14
8
-21
64
-169
141
88
-99
85
-135
23
155
105
-174
141
-21
-168
233
-56
-215
145
62
-261
128
-29
-263
233
2
-50
214
-249
-56
149
-69
-37
139
-44
-108
104
-108
56
-54
-20
281
-226
102
144
-268
-21
128
-120
-65
191
-77
96
-2
-266
137
-78
-63
313
-35
-230
370
-213
-164
166
-288
217
38
-15
188
5
-301
106
204
-290
339
210
-346
229
12
-332
114
-19
-221
259
12
-157
290
-263
-143
275
-180
-160
265
37
-120
373
-238
-114
31
-10
203
66
96
-68
25
-144
101
-145
-108
61
-143
120
-83
-109
111
2
115
-1
-322
82
364
137
-127
-54
-249
166
171
-296
237
-120
-556
218
203
-135
195
-290
-369
484
305
-68
98
-129
-71
154
-216
82
311
-241
-323
200
62
73
-89
-157
410
-271
-258
335
24
277
254
-595
-152
410
-273
-348
163
-120
76
304
-19
141
-245
-476
46
-53
-6
530
-77
-370
148
35
-273
275
413
-86
148
234
258
195
-109
-456
-372
-250
121
100
-494
164
-159
-390
194
278
413
516
314
-96
114
-247
-313
210
-141
-104
13
-206
-124
123
-382
126
365
-238
554
201
-356
175
76
-576
39
184
-561
82
315
-112
-26
62
-219
-61
91
-79
163
-135
15
106
-118
143
470
259
-299
273
-101
-605
115
90
-424
182
209
-337
173
43
77
-10
44
392
-190
-114
190
-45
-158
357
56
-259
413
-107
-382
123
-373
-502
50
-95
140
202
-102
66
10
-149
345
154
100
609
30
-145
15
-2
-547
-71
25
-796
94
511
122
-18
626
-274
-303
575
-470
-96
608
-552
-399
950
-589
-320
609
-433
79
504
-302
-463
213
-293
198
457
14
192
-291
239
70
-309
58
-146
-517
-39
339
-276
234
452
-385
51
22
-489
124
492
391
-1
-253
-116
-290
-506
136
36
-391
406
-64
-186
432
371
-104
160
331
-407
371
-65
-134
104
-326
174
-41
21
354
239
-53
-346
-252
-66
-168
-167
109
345
-136
267
485
-737
181
365
-804
678
337
-537
532
-36
-567
448
42
-465
-27
-88
-145
393
235
-25
157
-247
62
-467
-376
872
-484
75
495
-757
247
424
-371
-146
584
-456
-160
768
-912
-126
529
-566
313
210
-352
-92
102
-86
-118
377
-215
360
243
-387
73
-657
179
11
-276
623
-205
26
429
-390
222
432
-428
-161
333
-369
-529
417
-573
-186
693
-418
493
407
-442
323
86
-166
156
106
80
-50
-54
-314
-439
118
-131
-121
184
366
196
-78
876
-443
-92
733
-1015
90
378
-602
-2
4
-271
-70
757
-223
-196
470
-513
53
230
-473
-253
82
-192
346
378
255
153
-180
-94
-402
289
-193
212
336
-230
172
-507
35
40
-414
-65
93
-103
170
651
-538
33
433
-529
263
85
-203
303
203
-129
101
-49
-238
387
-741
-80
430
-475
443
-98
-334
508
173
-329
560
-256
-804
878
-401
-433
751
-348
-56
905
88
-389
508
-351
-674
12
137
146
16
229
99
-126
-8
-21
-387
-184
239
63
17
355
-62
-649
-263
-85
-63
-8
238
-96
89
30
211
315
-103
253
-240
-136
246
-98
-371
-80
119
-306
147
325
49
221
-110
-389
-240
176
83
136
426
129
221
143
35
-548
-352
55
-327
-5
-148
-68
62
101
441
-72
381
220
88
294
-357
60
267
-287
-351
112
-53
-118
382
-21
-216
58
72
-225
200
27
-393
140
69
69
-292
-71
-40
-1
506
53
398
248
-334
-256
-504
-346
-378
88
120
14
416
1
-182
-179
69
305
169
151
-17
85
-11
-426
88
-10
-163
133
-73
49
66
133
-485
-473
669
137
-439
193
104
-491
58
197
-62
648
546
-603
10
105
-724
4
129
-294
-112
175
-90
245
615
145
286
242
34
-314
-438
-328
-357
-179
-125
-200
225
309
-166
264
307
153
428
-45
-99
221
10
-375
75
171
-221
303
78
-122
-98
-348
62
373
53
-81
45
-68
-259
-177
135
-21
324
390
-161
-80
221
-42
-295
139
-228
-239
125
-231
-123
344
4
21
285
54
-145
205
157
-172
87
-42
-54
71
-4
10
-12
154
-168
-208
-59
-101
26
0
75
-116
-109
287
248
27
15
152
-53
-41
-144
-380
-130
-300
-411
-184
-37
-2
188
201
70
178
179
6
-4
-80
-123
-92
-53
-3
-105
27
104
185
116
18
-162
-21
181
-245
91
437
306
147
-57
-153
-302
4
-61
40
97
-311
-91
-143
-52
56
-75
-15
30
195
-130
3
495
108
-12
129
-70
25
-90
-224
-176
-139
-183
-145
311
146
17
126
-80
-139
28
96
65
138
140
6
118
262
-69
-231
-74
-63
-16
76
-189
-198
-41
-191
-87
-51
-246
-94
225
69
-153
-49
-27
116
169
80
-116
-68
223
-62
-165
27
-119
-122
102
84
-28
-69
39
-1
-134
-7
59
20
128
-26
-56
30
218
-140
-151
161
-312
-132
-31
1
123
109
217
187
239
-86
-158
-69
-49
239
31
-40
387
95
-30
263
124
-141
125
169
-273
60
-28
-213
183
116
-71
-65
33
-49
-130
0
-140
-187
-37
-42
-4
-63
-408
-485
-194
68
-151
-193
25
-93
-64
-83
-133
-81
49
29
98
397
382
362
369
156
99
305
297
210
311
79
60
198
-15
-10
59
-105
-111
-215
-436
-360
-320
-257
-289
-11
-85
-300
186
124
196
330
337
292
338
457
155
349
268
216
397
227
161
85
60
35
-67
-109
-24
-133
-125
-151
-421
-539
-752
-710
-525
-436
-318
-390
-216
-228
-233
-153
-173
267
499
474
451
284
222
28
-121
-52
-115
119
256
326
407
285
182
30
-23
-105
-362
-203
-185
-349
-217
-238
-258
-130
16
-80
20
354
287
339
437
145
10
14
-2
-61
32
305
262
217
354
166
4
58
-46
-82
238
603
427
356
44
-679
-703
-588
-417
-38
253
145
86
-40
-524
-587
-556
-581
-489
-261
-194
-20
82
-249
-290
-240
-150
57
251
398
477
582
385
309
293
118
157
97
-76
-255
-103
13
-107
-96
-88
-299
-456
-442
-457
-224
26
-9
124
200
-92
-224
-239
-370
-257
170
344
447
606
444
432
455
213
-19
74
250
281
329
112
-89
-105
-167
-81
2
80
343
521
507
445
-20
-851
-741
-382
-571
-301
-28
165
553
229
-465
-312
-65
-621
-478
106
6
79
-120
-477
-294
-398
-467
16
463
469
463
692
721
581
156
-205
36
171
68
137
350
401
-63
-346
-435
-850
-1017
-1057
-751
-176
-162
-340
-320
-193
-489
-708
-264
8
333
509
564
845
584
308
129
104
369
245
458
734
657
506
121
53
-83
-299
-254
-35
365
346
483
614
345
334
-371
-967
-399
-460
-551
238
698
651
534
-268
-1105
-654
-537
-850
228
540
-21
306
46
-384
-269
-604
-564
335
839
693
1019
1138
497
231
-163
-459
-1
57
-46
349
533
-39
-728
-847
-961
-1186
-1452
-1238
-508
-123
41
199
284
27
-437
-525
-47
550
823
950
1262
1282
772
359
220
200
191
129
156
397
364
-79
-217
-310
-567
-606
-568
-395
190
402
305
629
678
363
-359
-1157
-892
-311
-356
-47
745
1006
843
71
-1115
-1076
-665
-1077
-431
691
379
210
165
-427
-374
-500
-861
-3
1132
1108
871
1167
976
438
-202
-723
-242
133
-4
257
695
649
-274
-916
-913
-1218
-1639
-1650
-988
-239
-4
21
72
77
-338
-654
-201
342
611
918
1463
1832
1195
133
-247
56
266
9
-110
192
305
-88
-449
-457
-514
-718
-756
-501
-127
71
106
279
727
800
533
772
169
-849
-293
-65
-315
674
1147
871
937
-314
-1885
-1062
-560
-1225
-14
723
136
379
-203
-958
-494
-876
-1039
497
1328
1022
1171
1214
786
307
-684
-956
220
602
213
626
984
254
-763
-1114
-1180
-1234
-1438
-1627
-698
345
-163
-592
79
105
-544
-556
97
845
1329
1258
1184
1441
934
-91
-54
530
399
-86
-137
213
123
-631
-1143
-934
-573
-636
-694
-315
67
7
-125
342
1177
1285
1086
1175
395
-812
-557
-180
-344
559
926
699
915
-363
-2166
-1431
-519
-1221
-354
759
341
256
-462
-1382
-745
-668
-960
469
1768
1487
1271
1278
887
403
-433
-661
543
974
335
385
738
286
-906
-1495
-1177
-1055
-1492
-1748
-976
73
9
-648
-512
23
-455
-822
118
1126
1455
1366
1236
1417
1267
206
-198
616
902
285
-161
120
47
-944
-1548
-1459
-1090
-850
-813
-174
489
348
-23
148
819
1225
1162
1044
1249
121
-1403
-569
-76
-482
471
912
688
723
-1042
-2507
-976
-741
-1980
-424
585
-100
82
-442
-844
-86
-406
-527
1481
2536
1534
1370
1496
959
323
-675
-596
643
641
82
586
883
3
-1234
-1640
-1269
-1344
-2003
-1729
-429
189
-232
-758
-510
-28
-434
-473
736
1601
1407
1148
1384
1403
687
-178
-96
871
1024
141
-366
-52
-85
-1180
-1635
-1246
-1095
-937
-724
-159
434
242
-245
189
1277
1632
1405
1621
1868
460
-1219
-652
-86
-420
395
959
601
419
-1434
-3066
-1222
-640
-2286
-842
832
8
-94
-301
-767
-33
-354
-540
1821
3192
2034
1650
1838
1016
-3
-1188
-979
745
751
-170
210
539
-657
-2147
-2439
-1721
-1355
-1973
-1854
-179
783
-55
-752
-134
421
-4
-202
799
2047
1941
1228
1319
1513
743
-386
-350
504
693
-109
-688
-245
-240
-1269
-1963
-1502
-814
-890
-570
245
439
293
17
250
1352
1869
1498
1720
2491
1731
-791
-1586
-307
-414
-897
2
671
529
-362
-2527
-3000
-1110
-1782
-2399
531
1421
343
248
-182
30
476
-246
421
3011
3206
1573
1536
1520
833
-310
-1658
-775
697
-82
-885
-20
199
-1274
-2531
-2542
-1837
-1648
-2149
-1465
386
1080
192
-309
415
767
226
352
1345
2191
1976
1040
1080
1433
416
-761
-429
396
232
-437
-896
-800
-832
-1827
-2396
-1847
-1036
-737
-569
305
909
489
137
606
1557
2029
1931
2193
2682
2435
493
-1846
-1340
-64
-1102
-971
687
702
-233
-1588
-3431
-2809
-1244
-2562
-1533
1874
1490
382
206
-205
499
380
-351
1710
4113
2774
1263
1812
1328
145
-1234
-1956
-142
640
-870
-927
159
-281
-1958
-2891
-2255
-1219
-1364
-1891
-682
1158
1149
76
-65
830
996
126
508
1837
2016
1307
802
1050
1258
233
-1010
-733
254
30
-961
-1155
-802
-1049
-1876
-2102
-1177
-383
-395
-157
542
1067
776
217
884
2085
2387
2095
2093
2347
2084
134
-2563
-1807
7
-1472
-1595
360
485
-401
-1978
-3970
-2941
-1047
-2540
-1641
2301
2306
929
521
15
818
633
-601
1462
4410
3395
1460
1481
1390
500
-1328
-2359
-365
639
-1033
-1132
280
99
-1665
-2867
-2237
-1069
-1289
-2070
-763
1467
1506
152
-71
944
1013
101
208
1259
1813
1204
544
1081
1483
204
-1241
-904
-81
-524
-1630
-1700
-566
-378
-1123
-1359
-1032
-488
-544
-577
319
1196
1013
422
1078
1778
1614
1608
1871
2505
2380
1505
-583
-2418
-1149
-875
-2274
-1109
456
-169
-1109
-2443
-3978
-2097
-847
-2457
124
3058
1654
659
599
566
1003
374
86
2714
4088
1835
748
1223
971
-108
-2126
-2223
-36
-144
-1605
-743
802
42
-1982
-2569
-1484
-565
-1382
-1974
165
2187
1463
125
388
1331
585
-555
90
1186
1390
788
514
1054
830
-870
-1964
-1136
-344
-828
-1060
-296
441
20
-946
-1074
-749
-806
-1036
-604
571
1289
949
669
1105
1543
1448
1081
1715
2801
2680
1928
-173
-2564
-1928
-1063
-2219
-1557
465
113
-665
-1556
-3581
-2338
-650
-2278
-537
3051
2332
738
366
258
774
202
-668
1901
4362
2493
998
1325
666
-644
-2461
-2770
-337
471
-1123
-892
781
520
-1490
-2617
-1611
-339
-1101
-2109
-393
2075
1729
-109
-119
1158
662
-726
-46
1266
1242
471
-14
409
583
-664
-2117
-1374
335
208
-631
-427
778
858
-711
-1211
-1107
-1232
-639
-185
331
1022
789
-18
403
1757
1387
589
1070
2176
3094
2579
1390
-974
-2929
-1875
-1426
-2025
-738
638
433
-271
-2292
-4058
-2477
-1735
-2220
1027
3549
1804
462
606
544
508
-151
283
3337
4081
1735
706
726
427
-466
-2212
-1890
506
23
-1373
131
1344
69
-1922
-2668
-1736
-1091
-2085
-2339
417
2557
1336
9
336
796
-119
-1036
-137
782
980
593
358
1190
861
-682
-1203
-257
534
22
-267
393
913
241
-1114
-1562
-1578
-1524
-1352
-1212
166
1459
1026
544
780
1023
765
763
1643
2856
3335
2588
1507
-912
-2761
-1316
-1118
-2070
-308
996
71
-901
-2599
-4175
-2560
-1682
-2386
870
3317
1743
1009
568
221
332
-551
72
2882
3692
1734
968
1421
1004
-206
-2056
-1592
565
-246
-1400
139
1368
200
-2118
-3049
-1897
-1270
-2446
-2490
107
2004
998
-174
504
1072
41
-930
-277
760
772
765
1292
1996
1799
200
-822
-499
136
-93
-843
-366
458
-143
-1389
-1930
-1651
-1460
-1491
-829
341
1021
762
436
864
1423
1486
1382
2158
3420
3324
2145
-138
-2232
-1370
-1114
-2471
-1258
631
376
-514
-2383
-4193
-2595
-1530
-2677
-246
2723
1780
495
188
329
753
-120
-490
2249
3969
2271
1510
2224
2255
1217
-1031
-1675
74
-83
-1641
-945
548
207
-1664
-3014
-2317
-1236
-2247
-2960
-748
1280
842
-103
120
1026
800
-312
-155
978
1216
920
1125
1700
1780
702
-348
-330
186
-394
-1476
-1113
-103
138
-913
-1934
-1820
-1436
-1167
-1300
-705
688
1097
831
1007
1854
2163
1898
2252
2615
2685
2019
-640
-2185
-636
-669
-2147
-1004
538
366
-418
-2657
-3982
-1969
-1896
-2982
-88
2112
1252
308
-269
423
1311
-23
-128
3104
4072
2115
1397
1616
2098
1060
-1853
-2150
-90
-254
-1499
-821
415
295
-1454
-2852
-2182
-1561
-2584
-2758
-778
1048
990
37
348
1560
1287
82
125
1130
1487
1014
1150
1922
1720
532
-487
-622
-120
-318
-1171
-1185
-27
390
-696
-1394
-1597
-1320
-1035
-1309
-745
348
1147
1116
1013
1645
1884
1950
2023
2358
2714
1240
-1229
-1672
-299
-764
-1650
-283
402
-49
-1294
-3659
-3498
-1691
-2209
-2179
524
1844
1098
158
-471
637
1064
-394
399
2830
3003
1803
1389
1620
1961
784
-1224
-749
261
-602
-1117
-421
163
-512
-1950
-2305
-1361
-1339
-2328
-1967
-564
497
444
-188
372
1129
535
-28
282
679
890
855
748
1386
1738
755
28
110
211
-344
-1119
-986
-345
-145
-362
-744
-1206
-1137
-1005
-1076
-527
153
506
1001
1475
1839
2173
2106
1895
2035
1807
-304
-1810
-709
-471
-1022
-254
427
298
-113
-1966
-3537
-2171
-1633
-2337
-634
977
891
524
-430
-440
636
110
-193
1573
2482
1927
1574
1290
1467
1351
-317
-763
395
-34
-913
-544
-35
107
-603
-1536
-1263
-869
-1715
-2317
-1482
-442
-128
-509
-607
337
853
313
153
479
395
393
472
665
1207
1266
894
469
443
264
-646
-788
-244
-215
-399
-270
-191
-418
-282
-392
-700
-252
-120
-127
537
1216
1520
1611
1831
1902
1678
302
-1335
-1010
-638
-1066
-328
569
568
450
-648
-2385
-2198
-1748
-2396
-1225
613
856
597
74
-178
239
-27
-376
607
1512
1207
835
855
1263
1498
433
-337
123
8
-454
-123
468
616
164
-496
-726
-660
-1169
-1870
-1624
-746
-361
-602
-572
103
458
200
155
59
-118
90
165
320
793
928
820
747
637
390
-96
-478
-453
-138
86
114
122
-1
-65
-187
-558
-813
-839
-421
128
427
718
888
1176
1467
1547
1034
-537
-1389
-983
-975
-879
91
843
999
735
-531
-1437
-985
-1194
-1352
-128
662
663
345
-255
-95
297
-202
-299
488
598
367
677
902
1243
1187
174
-59
162
-439
-675
-164
393
646
262
-106
-4
-291
-1073
-1452
-1151
-495
-296
-812
-708
-155
-268
-393
-201
-275
-304
-176
-253
-59
347
458
584
797
805
522
4
-278
-147
33
136
254
308
195
70
-73
-298
-432
-543
-512
-94
435
788
988
1067
1257
1443
611
-756
-925
-579
-914
-558
593
1056
1075
379
-1022
-1147
-772
-1356
-1056
36
385
341
-94
-360
293
377
-396
-239
356
81
-75
162
508
988
564
-33
241
285
-150
-165
346
802
805
391
180
165
-433
-1142
-1143
-648
-177
-331
-775
-604
-164
-148
-217
-157
-320
-392
-465
-615
-429
-29
344
586
844
992
696
209
74
193
121
111
339
387
328
264
-69
-344
-261
-344
-477
-224
88
469
815
927
1152
1130
4
-1076
-837
-777
-997
-77
827
1010
925
-65
-962
-751
-891
-1281
-649
135
309
173
-164
-51
320
-144
-386
323
448
-34
-150
106
653
812
241
106
412
152
-120
107
486
678
320
-114
-71
-145
-848
-1319
-1009
-519
-342
-558
-729
-487
-281
-364
-369
-342
-350
-213
-259
-324
42
399
460
683
1084
1178
661
67
67
240
246
208
67
-16
79
-48
-415
-480
-314
-359
-303
103
520
781
1024
1352
1532
795
-660
-1109
-710
-908
-754
295
974
1095
540
-743
-1078
-585
-1102
-1405
-533
166
266
-113
-313
272
324
-434
-256
431
304
64
126
398
908
699
-3
108
354
31
-103
267
839
908
195
-223
-22
-355
-1123
-1317
-940
-420
-336
-749
-702
-293
-226
-140
-16
-74
-38
-108
-297
-145
210
473
773
1104
1191
801
86
-301
-167
-87
-20
192
239
250
225
-18
-285
-348
-485
-648
-289
304
779
1240
1490
1700
1308
-282
-1193
-815
-852
-885
104
856
1070
1031
-323
-1343
-836
-1121
-1660
-818
86
310
200
-61
216
536
-263
-621
172
315
-20
-33
109
661
900
302
276
671
107
-419
-85
374
679
362
-173
-49
-135
-890
-1360
-1136
-580
-268
-487
-484
13
53
-201
-96
-131
-197
-116
-200
-64
496
835
914
1205
1342
793
77
-285
-481
-485
-308
-209
-204
31
246
59
-178
-365
-586
-617
-327
217
781
1257
1512
1680
1277
-306
-1174
-821
-906
-697
447
1069
1050
800
-512
-1373
-922
-1296
-1652
-697
-21
30
-90
-273
130
458
-162
-377
287
301
63
188
518
1303
1198
241
173
454
9
-538
-360
228
490
91
-377
-106
-117
-903
-1262
-1035
-507
-339
-684
-520
-94
10
75
179
152
106
72
6
218
570
754
905
1061
1046
462
-381
-658
-606
-664
-553
-291
-137
97
175
-182
-353
-386
-591
-438
-35
419
1032
1520
1763
1542
233
-898
-661
-730
-1035
-24
1056
1245
1075
-120
-1364
-1066
-1095
-1649
-968
-190
-199
-308
-499
-289
304
-12
-351
421
648
233
211
293
902
1380
757
302
591
236
-555
-412
103
330
133
-232
-109
-205
-769
-1073
-1117
-822
-554
-734
-511
197
331
241
403
124
-132
117
45
165
848
1030
844
729
607
306
-262
-475
-327
-459
-545
-294
-127
-136
-22
-35
-342
-339
-326
-352
124
878
1509
1721
1867
1309
-335
-891
-380
-641
-575
734
1502
1355
749
-903
-1472
-785
-1297
-1534
-608
-124
-264
-669
-1031
-513
-43
-544
-241
716
563
228
299
648
1287
926
-72
78
511
-6
-354
-6
479
598
-22
-487
-322
-450
-852
-947
-663
-441
-708
-976
-558
142
494
671
602
327
152
-184
-243
226
804
1325
1285
926
570
-144
-885
-1059
-770
-495
-248
-63
14
148
71
-348
-683
-613
-224
195
723
1404
1910
1898
502
-1118
-774
-260
-715
65
1469
1738
1424
110
-1510
-1025
-544
-1452
-967
109
-14
-576
-1255
-1208
-325
-410
-698
421
938
305
262
414
888
1406
560
-86
492
304
-366
-158
410
658
67
-759
-636
-428
-1219
-1605
-960
-479
-440
-595
-505
56
417
413
343
295
381
299
214
609
987
1089
1046
871
658
230
-382
-711
-571
-448
-427
-234
-191
-145
52
-153
-353
24
436
731
1139
1331
1440
581
-1328
-1446
-434
-778
-488
1194
1795
1597
768
-1488
-1735
-372
-1065
-1098
362
483
-152
-858
-1373
-558
-175
-1056
-99
1413
789
385
595
754
1285
454
-944
-377
392
-150
-43
997
1342
568
-841
-1357
-869
-1322
-1921
-1169
-190
132
-198
-709
-511
320
487
-77
-126
207
501
705
971
1433
1396
611
95
39
-139
-628
-970
-475
106
41
-210
-521
-634
-320
-111
-175
88
917
1429
1674
2155
2004
-98
-2315
-1824
-943
-1272
-230
1573
2024
1654
-163
-2406
-1883
-986
-1611
-604
929
760
143
-736
-978
-2
-255
-904
646
1733
991
740
908
1265
1399
-172
-1362
-584
-319
-726
-90
877
1031
263
-774
-944
-906
-1675
-1944
-1248
-457
8
-101
-170
523
1013
434
-88
110
338
462
846
1387
1593
1322
744
90
-149
-479
-1264
-1189
-371
-181
-386
-307
-310
-502
-402
-107
222
977
1985
2208
2229
1797
-824
-2528
-1301
-927
-1136
837
2112
1607
859
-1811
-3252
-1277
-1131
-1516
701
1357
151
-337
-1149
-1048
207
-307
-225
1898
1974
886
1005
1093
1428
849
-1145
-1032
185
-249
-197
866
1082
338
-932
-1918
-1425
-1143
-1778
-1275
-224
168
111
-552
-649
301
544
30
-119
320
747
1213
1675
1815
1472
523
-271
-551
-352
-424
-1021
-571
274
-207
-918
-986
-960
-629
-9
399
923
1729
2044
2149
2456
472
-2661
-2506
-1050
-1150
-75
2096
2162
1526
-133
-3443
-3038
-1081
-1784
-521
2122
1545
-147
-1120
-1753
-676
-133
-844
929
2827
1898
1069
959
1072
1159
-788
-2162
-380
624
24
649
1599
1370
-69
-2076
-2313
-1256
-1691
-2061
-736
274
285
-111
-644
-398
210
34
-180
317
781
871
1121
1552
1711
1059
-125
-716
-440
-172
-440
-667
-249
1
-521
-853
-868
-807
-105
737
1084
1734
2386
2020
1685
146
-3020
-2843
-822
-1028
53
2621
2587
1340
-459
-3780
-3396
-941
-1635
-552
2415
1833
93
-701
-1669
-949
-269
-818
1037
2839
1834
1045
891
683
498
-1466
-2758
-378
1058
367
1246
2256
1548
-168
-2004
-2340
-1269
-954
-1032
-125
628
591
-216
-906
-204
266
-240
-318
344
982
1123
1175
1316
1066
119
-820
-1091
-693
-99
17
-64
194
139
-693
-1156
-986
-656
340
1079
1239
1844
2227
2213
1808
-1158
-3651
-1767
-658
-1359
822
3047
2180
746
-2379
-4689
-2091
-993
-1899
1207
3379
1261
-518
-1500
-1629
-286
-732
-532
3131
4190
1713
532
476
25
-1289
-3523
-2676
908
1476
837
2052
2403
538
-2018
-3179
-1829
-364
-745
-726
701
1511
690
-643
-808
91
-81
-845
73
1389
1600
1275
931
762
129
-1204
-1616
-675
657
685
-384
-424
25
-805
-1753
-1243
-430
486
1346
1442
2057
2783
1951
1201
-634
-3895
-2865
-482
-1579
238
3793
2617
766
-1224
-5035
-3688
-334
-1252
326
3721
2210
-334
-1397
-2213
-844
-147
-604
2361
4845
2957
1210
900
102
-1022
-3051
-3477
-250
1545
819
1529
2487
1191
-1451
-3236
-2426
-574
-594
-748
703
1587
956
-829
-1952
-893
143
-28
612
2020
2162
1305
596
332
-45
-1060
-1709
-691
801
926
67
-624
-676
-1002
-1771
-1340
-195
702
1651
1806
1493
1940
1998
1222
791
-1585
-3798
-1373
42
-935
1230
2790
987
-395
-3461
-5513
-1669
-13
-1062
2055
3672
624
-1191
-2103
-2309
-335
-436
38
3842
4321
1789
866
299
-462
-1785
-3702
-2148
1599
1879
1054
2074
1835
-452
-2784
-3458
-1554
223
-297
98
1459
1026
-448
-1852
-1615
-211
46
-6
1103
2183
1700
886
551
153
-247
-948
-962
265
881
198
-631
-904
-864
-1375
-1550
-427
535
1174
1659
1557
1681
2027
1860
1282
-730
-3568
-2823
-381
-547
233
2470
1900
533
-1719
-4732
-2731
35
-794
512
3059
1434
-994
-1727
-2174
-822
-189
-346
2793
4921
2851
831
255
-573
-1669
-3186
-2865
832
2324
1099
1668
2150
166
-2399
-3261
-1848
96
43
-358
1090
1621
-73
-1746
-2127
-1036
160
343
1096
2574
2462
750
-19
176
-146
-685
-610
379
1235
734
-565
-1150
-761
-927
-1420
-756
471
1017
1343
1457
1392
1789
1460
956
-501
-3097
-2476
-70
-254
-67
2226
1770
35
-1286
-4296
-3043
434
-271
173
2694
1467
-1304
-2141
-2508
-1213
-286
-807
2028
4765
2987
1014
374
-482
-1446
-3024
-3084
570
2759
1560
1572
1931
291
-2208
-3318
-1714
620
526
-641
187
936
-473
-2163
-2023
-410
456
560
1302
2147
1972
891
47
88
268
-439
-845
413
1558
711
-751
-968
-497
-630
-696
-67
663
973
1050
1024
953
1451
1465
891
-721
-3097
-2429
-495
-660
248
2409
1886
273
-1844
-4371
-2223
425
-485
677
2998
1219
-1245
-1705
-2122
-1165
-895
-1158
2116
4474
2302
267
270
49
-1299
-3432
-2852
1334
2719
1286
1584
2056
366
-2309
-3192
-1344
697
182
-427
520
904
-226
-2342
-2472
-395
480
12
929
2246
1632
502
-48
273
567
-157
-623
542
1615
373
-1260
-1378
-668
-558
-663
-137
790
1425
1397
1158
1067
1315
1129
476
-1812
-3073
-841
-215
-940
811
2352
1132
-232
-2659
-3706
-149
401
-809
1955
3237
503
-1559
-1991
-1817
-609
-1047
-549
3509
4455
1326
-438
-133
-319
-2122
-3694
-1513
2116
2249
1139
1594
1577
-489
-2825
-2599
-258
713
-139
-106
900
574
-1150
-2709
-2270
13
805
502
1563
2543
1444
-93
-148
-142
-277
-416
-248
1054
1637
167
-1459
-1011
-436
-920
-561
232
1010
1548
1520
1145
1314
1729
795
-202
-2441
-3010
-332
-133
-538
1638
2436
222
-1247
-3403
-3447
251
307
-240
2475
2400
-817
-2021
-2016
-1690
-692
-928
859
4335
3402
285
-290
-69
-1132
-2864
-2977
56
2995
2270
1033
1547
699
-1836
-3209
-1685
675
771
-456
-96
1040
26
-1895
-2528
-1491
220
599
805
1849
2400
969
-143
119
-7
-325
-303
797
1759
1169
-564
-1663
-1167
-908
-954
-108
755
1124
1199
986
1055
1250
1012
695
-788
-3122
-2299
-221
-474
314
2291
1477
-122
-1571
-3918
-1728
1017
-95
784
2722
1169
-1415
-1989
-2164
-1433
-713
-580
2488
4737
2355
-25
-281
-480
-1745
-3152
-2059
1227
2457
1387
1145
1450
-173
-2662
-2670
-400
1161
318
-190
984
777
-1016
-2615
-2576
-1267
55
668
1115
2352
1741
36
21
377
236
-313
23
1143
1631
399
-1413
-1068
-406
-736
-375
512
936
1160
1219
855
1206
1410
670
276
-1441
-2901
-1299
-66
-645
976
2768
1000
-392
-2288
-3754
-987
406
-265
1401
2761
672
-1556
-1845
-1881
-1191
-849
141
3278
3921
1307
-68
-13
-832
-2590
-3077
-847
1760
2248
1564
1615
1508
-967
-3205
-2037
-52
178
-377
121
805
394
-1260
-2394
-1336
-85
325
720
1611
1610
457
-231
-87
510
160
-328
433
1651
1571
-247
-1060
-535
-536
-656
-444
179
782
830
776
1136
1619
1216
770
-240
-2558
-2251
-727
-859
-116
1962
2182
527
-875
-3161
-2503
-8
-440
205
2313
1855
-334
-1597
-1776
-1711
-1433
-1192
905
3718
2772
524
496
600
-1006
-2862
-2419
213
1960
1708
1296
1966
1104
-1806
-2522
-707
283
-453
-857
321
1140
-36
-1662
-1625
-581
-112
82
740
1539
1503
404
-75
430
258
-463
-308
832
1534
797
-601
-918
-414
-666
-862
-133
577
831
877
1020
1289
1262
835
-168
-2160
-2497
-1020
-560
-465
1180
2215
847
-596
-2423
-2557
-204
97
151
2115
2317
313
-1146
-1398
-1423
-1409
-1496
-252
2805
2988
565
-15
522
-237
-2191
-2377
-189
1523
1394
884
1347
1137
-1160
-2803
-1238
623
142
-897
-67
1025
24
-1617
-1834
-800
-197
-44
502
1129
1066
54
-307
265
305
-485
-729
525
1697
1180
-188
-417
88
-173
-596
-247
511
799
738
807
1033
1088
784
405
-1038
-2240
-1487
-730
-600
342
1676
1219
-245
-1656
-2640
-1165
172
172
1332
2144
1094
-589
-1329
-1137
-1285
-1525
-646
1597
2662
1311
178
253
-84
-1652
-2481
-810
1091
1399
1091
1273
1321
-457
-2421
-1957
-35
466
-409
-266
1003
1085
-593
-1549
-829
-180
-133
682
1868
1633
499
-126
140
209
-417
-679
43
1366
1415
64
-703
-431
-402
-882
-625
268
503
374
701
1081
1019
581
408
-163
-1883
-2214
-1001
-503
-277
942
1698
528
-825
-2006
-1892
-406
373
751
1637
1821
136
-1153
-910
-915
-1312
-679
859
2232
1989
461
-37
408
-421
-1928
-1242
695
1236
877
1125
1207
61
-1658
-2295
-983
272
-446
-1067
189
945
-322
-1247
-960
-595
-361
206
1298
1814
1151
340
479
783
212
-489
-189
896
1512
952
70
-198
-266
-749
-850
-123
195
24
376
970
931
576
290
57
-874
-2100
-1785
-570
-288
-64
1106
1108
-294
-1428
-1858
-1099
55
472
610
1299
1147
-461
-1049
-543
-740
-1090
-193
1295
1752
1142
313
191
144
-1035
-1649
-333
905
724
580
1062
804
-368
-1415
-1397
-319
21
-761
-741
340
232
-736
-747
-501
-689
-481
324
934
1039
509
295
804
834
66
-287
440
1123
1063
534
253
284
-132
-628
-345
-3
-280
-316
279
421
175
189
196
265
-240
-1266
-1467
-708
-348
-166
730
972
216
-421
-739
-668
-74
205
127
562
700
-346
-1131
-707
-567
-898
-406
399
692
665
445
224
215
-205
-871
-490
226
260
334
628
460
-44
-345
-386
-89
342
173
-73
334
342
-52
-142
-351
-531
-273
50
36
52
90
-100
-104
-57
-59
71
72
119
304
200
-80
-177
-192
-193
24
102
54
291
518
219
50
254
211
51
71
291
189
-234
-305
160
505
421
592
687
345
91
-76
-196
113
305
-226
-459
-235
-440
-877
-692
-388
-443
-451
-526
-609
-417
-428
-652
-274
131
-200
-308
29
-92
-249
-111
-81
178
603
444
375
863
929
577
601
543
172
287
604
524
284
74
-2
2
-204
-530
-403
-83
-54
-118
-152
-279
-432
-445
-457
-312
-138
-141
64
382
331
30
173
481
362
185
155
-38
-159
7
17
207
737
621
246
399
264
-334
-262
191
37
-17
95
-211
-307
23
-140
-559
-323
-334
-614
-262
21
-158
8
132
-290
-368
-277
-367
-217
11
-76
-80
141
111
236
449
208
204
491
394
231
358
281
151
298
35
-377
-91
153
-182
-215
117
-24
-285
-167
-94
-120
12
-31
-108
85
64
-119
-5
229
194
62
146
333
445
293
85
102
-81
-393
-304
-26
186
353
250
45
85
2
-369
-231
144
-101
-304
-142
-278
-418
-289
-407
-560
-431
-475
-556
-169
30
-144
-15
63
-204
-329
-241
-281
-213
-53
-83
69
265
299
444
549
281
185
467
471
438
623
485
246
242
-82
-470
-208
24
-300
-300
-2
-220
-500
-300
-113
-140
-111
-67
29
73
-64
-55
240
333
184
252
372
427
438
332
220
257
53
-306
-160
29
-61
45
229
105
-67
-251
-445
-187
57
-156
-171
45
-115
-382
-251
-190
-333
-383
-524
-491
-197
-190
-221
66
154
-141
-260
-195
-270
-239
-193
-170
59
138
14
199
491
275
81
371
509
484
549
429
327
406
119
-381
-223
31
-304
-262
144
-96
-407
-257
-178
-214
-102
-69
-135
-52
-107
-152
125
238
153
291
449
480
577
554
499
485
187
-76
168
322
256
448
479
164
-81
-372
-709
-456
-193
-431
-327
-120
-344
-467
-312
-337
-431
-323
-386
-281
77
-3
40
325
189
-145
-140
-98
-169
-44
9
-96
68
235
160
370
600
325
69
61
20
154
453
428
247
234
-26
-364
-241
-236
-395
-60
322
216
-51
-80
-138
-136
-8
-48
-31
83
-15
-111
141
334
207
317
299
179
469
600
373
213
-23
-345
-237
118
153
180
365
128
-165
-185
-423
-409
-108
-148
-118
113
48
-438
-513
-434
-578
-417
-285
-268
-24
178
129
184
192
-117
-338
-264
-232
-184
-6
5
56
213
146
148
416
320
-2
63
196
155
301
313
-27
-227
-243
-483
-436
-58
-60
-64
234
257
-68
-139
-58
-111
-28
11
-108
-64
-4
25
239
238
69
114
177
153
308
574
457
323
258
-187
-326
93
228
153
242
79
-234
-291
-423
-530
-188
90
-85
65
155
-224
-255
-273
-562
-532
-338
-347
-236
14
-75
-103
72
-76
-300
-185
-76
-2
121
124
117
130
88
-16
99
245
111
29
145
192
248
298
174
13
-11
-140
-264
-155
-90
-116
34
225
125
-92
-89
-82
-201
-167
-40
-64
-138
-16
162
156
182
163
119
252
453
535
474
407
216
-121
-236
-72
13
-7
-20
-152
-274
-158
-206
-313
-52
67
-82
11
63
-168
-263
-251
-405
-426
-225
-158
-17
237
148
-17
0
-136
-348
-307
-258
-243
-56
35
36
135
226
208
276
381
282
286
322
186
132
170
178
128
63
-113
-154
7
68
97
181
255
169
24
-37
-134
-192
-289
-335
-226
-128
-29
139
274
225
212
212
198
201
235
230
216
259
54
-185
-90
-60
-118
29
45
-147
-146
-118
-285
-134
147
-21
-53
175
54
-129
-33
-48
-153
-6
0
-162
-19
38
-211
-221
-174
-340
-317
-153
-165
-26
153
63
62
150
54
-9
117
97
36
207
234
79
88
40
-117
-62
-4
-114
-11
191
180
151
263
144
-113
-89
-86
-126
-79
-66
-66
-34
0
-112
15
191
74
196
365
296
271
329
275
203
204
-87
-283
-95
-120
-255
-67
-3
-249
-229
-235
-368
-103
139
-2
54
233
-40
-206
-80
-200
-268
-75
-82
-164
-23
-126
-354
-230
-228
-375
-252
-126
-59
81
151
81
165
281
116
93
178
77
95
203
116
-2
15
-67
-121
67
97
16
47
26
7
39
41
-58
-110
-70
-107
-144
-24
26
20
37
-62
-57
3
-2
-22
11
127
141
282
387
335
304
199
44
-57
-72
-190
-296
-198
-197
-217
-83
-129
-179
-8
152
214
241
168
-106
-193
-70
-219
-305
-217
-300
-248
-16
-32
-86
34
-30
-140
-75
-71
-107
48
191
179
262
244
65
96
210
153
115
215
78
-91
-72
-163
-148
10
71
-1
101
203
53
76
72
-76
-110
-120
-158
-99
49
111
163
156
119
241
260
212
148
3
10
95
105
50
36
131
107
-34
11
20
13
163
177
46
-3
-104
-302
-244
-19
24
128
196
28
-65
-118
-325
-455
-381
-361
-437
-351
-281
-315
-192
-157
-226
-86
10
-39
50
150
103
126
157
59
74
209
187
147
262
206
120
147
83
7
10
-13
-85
-13
54
-28
29
169
117
-4
-67
-128
-145
-62
-4
6
72
84
83
150
131
120
155
174
250
259
177
138
87
39
-2
-36
-41
-86
-74
-8
11
65
45
-23
-8
10
56
80
65
41
12
-18
-119
-219
-269
-269
-238
-250
-258
-192
-140
-163
-197
-193
-166
-198
-133
26
74
99
148
72
0
71
48
19
92
87
7
-25
19
-25
-68
6
-38
-55
29
-32
-90
-11
9
-25
5
3
-45
11
25
-16
74
138
134
208
264
192
154
141
31
51
179
147
115
158
113
118
121
-2
-106
-99
-95
-131
-39
-40
-78
-35
-76
-95
-33
10
-10
17
67
-14
-80
-82
-180
-236
-211
-192
-140
-109
-140
-151
-101
-93
-141
-110
-65
20
148
210
256
284
216
101
58
132
91
9
21
-17
-11
-24
-119
-98
-86
-120
-126
-119
-118
-130
-60
-48
-61
14
-77
-187
-73
38
41
78
141
127
120
106
36
20
78
108
113
147
166
158
139
82
44
-51
-124
-51
20
79
117
143
121
65
8
-50
-51
-11
3
-43
-69
-72
-49
-35
-61
-82
-137
-153
-154
-122
-74
-63
-22
-26
-84
-129
-132
-35
50
56
119
180
198
188
174
135
36
5
-32
-45
73
97
29
18
-5
-74
-100
-128
-101
-5
28
29
84
103
-16
-49
0
10
61
79
27
3
7
-52
-94
-26
12
-31
-39
-26
-14
27
-4
37
77
-30
-58
-67
-185
-93
101
55
90
167
53
-8
27
40
24
60
27
-91
-74
-60
-119
-132
-119
-123
-95
-44
-80
-35
42
18
17
15
-17
24
106
137
187
227
154
108
90
19
-20
-4
-28
-88
-67
-46
-100
-94
-73
-132
-127
-102
-127
-102
-17
33
47
87
76
28
6
8
52
60
79
75
48
71
72
30
-10
18
35
34
78
73
54
52
16
8
-57
-86
-25
-19
44
136
139
53
25
26
-75
-81
-63
-95
-72
-28
-70
-164
-167
-189
-257
-225
-174
-174
-99
-32
-29
26
57
41
58
106
138
142
195
234
204
193
153
83
39
-16
-73
-61
-30
-64
-50
-33
-118
-132
-100
-131
-124
-52
-25
-20
-11
-46
-60
-7
14
-20
-1
-2
-45
-34
-5
43
114
158
121
81
68
-18
-45
42
112
164
175
142
100
11
-54
-24
17
36
72
81
11
-6
-12
-122
-171
-126
-113
-120
-83
-34
-69
-87
-117
-221
-213
-156
-129
-52
22
50
67
70
62
66
89
100
99
124
99
87
111
110
128
122
57
-8
-29
-83
-84
-25
-11
-9
3
-28
-100
-102
-114
-127
-34
13
6
40
38
10
-24
-55
-78
-72
-20
12
61
114
83
60
70
29
20
57
54
56
100
135
134
122
95
10
-57
-47
-65
-49
26
55
49
17
-50
-134
-157
-127
-128
-69
-15
-6
3
-3
-23
-75
-87
-96
-135
-63
-8
38
132
145
104
61
21
-32
-39
40
70
97
156
107
47
-11
-81
-118
-92
-32
-15
45
69
-25
-70
-85
-102
-90
-46
-15
3
59
62
14
5
7
-32
-32
-1
17
43
41
17
32
75
80
57
48
49
42
49
36
31
92
121
111
93
17
-67
-101
-94
-89
-21
35
11
2
-40
-129
-164
-152
-128
-95
-12
73
59
41
-9
-110
-117
-75
-49
13
73
83
91
74
21
-34
-38
10
43
78
107
84
64
33
-26
-62
-57
-33
-36
-27
-18
-33
-60
-88
-79
-66
-52
-7
5
-8
1
-2
-36
-50
-23
-28
-6
47
27
15
28
26
24
33
61
43
53
86
63
50
40
33
41
42
44
36
37
52
52
7
-36
-47
-72
-61
-26
-22
-30
-16
-40
-78
-75
-78
-88
-75
-30
-8
2
25
-8
-19
-16
-53
-48
-15
15
39
65
81
44
23
-3
-23
6
38
57
53
44
9
-9
-10
-35
-21
-1
-11
-13
-15
-32
-42
-24
-2
-9
-12
-19
-27
-2
11
-9
-11
13
30
27
38
30
-2
-23
-46
-57
-35
11
30
26
22
12
3
-6
5
7
37
67
57
55
36
21
19
39
53
33
29
33
5
-14
-24
-36
-36
-31
-18
-17
-21
-20
-28
-37
-42
-38
-30
-44
-40
-34
-45
-23
-4
7
22
19
40
47
56
66
53
63
33
20
8
-29
-24
-18
-7
-1
25
44
33
16
-10
-41
-73
-68
-37
-16
12
30
-13
-53
-43
-50
-18
50
88
105
76
30
-26
-64
-47
-10
52
108
112
78
24
-23
-59
-62
-17
27
70
75
21
-39
-107
-125
-99
-54
38
66
63
31
-44
-106
-127
-83
-25
41
88
78
40
-35
-101
-105
-61
28
94
118
77
-3
-88
-151
-114
-34
66
135
148
112
9
-83
-140
-102
-26
50
136
114
30
-70
-140
-136
-61
47
122
165
166
54
-94
-199
-228
-138
-5
147
227
171
56
-116
-193
-133
-6
144
222
218
116
-4
-102
-184
-166
-101
7
109
169
148
58
-36
-129
-108
-15
97
151
107
9
-106
-175
-207
-166
-56
54
136
152
93
-8
-97
-144
-123
-57
13
57
47
-12
-75
-100
-85
-26
69
117
133
111
20
-79
-144
-135
-59
27
98
111
50
-7
-30
-17
54
112
88
14
-50
-91
-90
-69
-27
40
80
79
63
4
-33
-41
-35
-7
12
16
7
-29
-42
-57
-48
-3
23
40
46
48
56
34
-23
-56
-52
-17
64
110
108
53
-11
-45
-54
-6
40
56
14
-41
-39
-50
-52
-32
-13
3
2
24
12
-3
9
-10
-59
-59
-34
-7
28
37
43
10
-40
-59
-59
-3
45
83
79
30
-7
-45
-40
-8
16
14
-22
-30
0
21
55
34
2
-22
-57
-33
19
70
80
40
-5
-46
-62
-52
-18
30
65
80
53
0
-46
-61
-50
-12
23
57
58
31
38
23
-20
-46
-61
-48
0
65
115
93
33
-43
-80
-79
-43
31
38
2
-39
-89
-91
-49
17
45
47
44
12
-12
-14
-23
-33
-20
-8
-4
-12
-14
-10
-10
-13
9
39
39
39
29
-22
-56
-65
-75
-54
1
44
56
43
9
-21
-29
-7
26
31
14
-18
-52
-70
-72
-28
21
57
91
78
29
-5
-25
-49
-54
-15
21
17
5
-26
-62
-54
-29
21
51
68
77
39
13
-16
-47
-44
-24
6
13
8
22
16
4
-9
-7
6
20
49
44
12
-15
-20
-37
-27
3
15
-2
-26
-14
-21
-8
5
3
4
-9
2
10
15
15
8
-7
-25
-8
12
14
18
11
-17
-41
-28
-13
3
33
40
16
3
-3
-15
3
35
39
16
-2
-15
-29
-38
-35
-19
-9
4
35
39
32
5
-33
-57
-47
-16
7
25
15
-2
-22
-32
-22
14
63
80
56
17
-5
-27
-33
-36
-24
-1
12
28
32
34
41
30
9
1
-3
5
18
23
-2
-27
-38
-45
-24
3
23
39
20
-9
-35
-53
-26
-4
7
18
2
-15
-23
-28
-20
-13
-11
-14
1
18
30
44
27
-9
-35
-33
-7
7
25
25
6
-27
-57
-65
-39
7
37
42
45
20
-12
-34
-41
-17
12
38
38
17
-9
-30
-43
-25
13
40
55
37
9
3
-4
-10
-14
2
41
62
56
21
-25
-44
-49
-34
15
53
56
32
-6
-37
-42
-19
15
41
41
14
-21
-52
-52
-23
15
42
42
10
-28
-41
-18
8
26
26
20
3
-1
-5
-24
-17
-15
-17
-9
-3
8
4
-14
-41
-54
-50
-20
22
46
49
14
-29
-48
-35
-10
27
46
39
8
-29
-29
-15
0
19
33
23
9
-8
-31
-31
-19
-7
-7
4
17
21
26
15
2
-8
-11
-4
15
32
23
16
-10
-33
-22
-1
12
30
24
3
-11
-20
-19
-17
-5
0
-6
-10
-14
-3
8
18
16
3
-13
-17
1
12
3
5
0
-15
-15
-8
-4
-4
-1
-3
-13
-16
-21
-22
-11
1
4
-11
-27
-21
4
21
24
12
-7
-7
8
12
5
15
17
19
17
-9
-22
-22
14
31
8
-6
-10
6
8
0
1
1
-15
-8
11
18
20
3
-9
-13
15
18
0
2
16
8
-15
-19
-18
-6
2
16
30
31
13
-4
14
10
-1
-7
-12
-9
-17
-16
-9
8
7
0
12
13
12
-3
0
6
-5
-13
-26
-29
-25
-6
-2
3
13
9
9
2
8
4
5
-1
-13
-9
-9
10
2
-14
-20
-20
-12
-16
5
20
16
10
-3
-18
-18
-6
1
14
24
27
15
9
-3
-23
-14
2
21
18
9
-6
-18
-16
-11
13
21
18
16
3
-12
-4
1
-8
9
17
2
6
9
-10
-26
-23
-14
-2
13
22
15
6
-6
-27
-28
-13
11
23
17
6
0
-8
-21
-13
-13
-9
-2
2
5
-6
-10
-17
-4
3
1
2
5
1
-10
10
15
3
-1
-12
-18
-4
15
5
-2
5
-6
-5
5
11
14
17
5
-5
1
-7
-7
11
13
3
2
-3
-5
3
-1
-5
0
-8
-6
2
8
7
7
-8
-18
-4
-2
8
7
1
-4
-6
6
8
13
23
17
9
1
2
-11
-24
-20
-14
-4
8
15
7
6
4
5
-3
-4
4
-8
-11
-11
-6
-9
-26
-15
-7
-2
-3
-5
-8
5
18
7
1
-4
0
-3
-1
6
-5
-13
-10
-2
10
23
16
14
17
8
-7
-11
-6
-2
18
13
4
-5
-16
-9
-4
12
18
9
0
-2
-5
-6
-3
6
20
18
17
1
-10
-11
-13
-5
-6
1
0
-9
2
2
-3
-7
-9
-5
7
8
0
-5
-7
-5
-11
-14
-11
-1
4
-4
1
-1
-8
-7
-1
6
7
14
11
8
2
-3
-9
-8
1
12
21
14
11
-4
-14
-12
0
5
4
7
-3
-4
-2
-3
4
12
17
13
12
12
1
-1
6
0
0
7
-4
-7
3
0
-4
-9
-1
-8
-10
2
1
11
19
20
-1
-12
-4
-1
2
7
5
-12
-24
-25
-15
-3
19
23
19
9
-1
-2
-8
-9
-9
-16
-16
-6
1
1
2
6
12
5
-3
-6
-10
-7
0
6
4
3
0
0
3
2
-2
-5
7
8
1
-5
-8
-7
-9
-12
-11
0
12
6
-7
-7
-5
-4
0
3
0
-3
-7
-10
-6
-1
0
3
15
21
19
9
-3
-8
-15
-15
-10
-8
3
19
20
6
0
3
0
0
-5
-11
-8
-3
-4
-8
0
6
9
6
-1
-1
1
-5
-10
-14
-20
-20
-10
0
5
11
7
6
12
11
7
-3
-7
-12
-13
-3
-12
-20
-1
6
4
5
5
0
5
12
4
5
7
5
3
1
-3
0
-1
-5
-14
-12
-2
4
1
1
0
-5
-2
0
6
3
5
8
3
0
-6
-5
-2
1
0
-8
-4
3
6
10
8
4
1
-4
-5
-5
1
4
1
5
4
0
-3
-5
-3
-4
-8
-12
-6
0
3
9
8
1
0
5
1
0
0
-2
-1
-8
-10
-4
7
7
11
16
10
11
9
4
3
6
2
-11
-18
-16
-6
-3
-4
-4
-4
-5
2
6
2
-8
-15
-8
3
14
14
3
-5
-4
6
3
-2
2
9
11
2
-4
-16
-14
3
7
-2
0
6
2
-1
2
-2
-6
-4
1
2
-1
4
16
19
12
7
11
9
9
6
-5
-14
-2
3
-18
-13
0
3
6
10
8
-1
-1
6
11
-4
-1
2
-5
6
8
-11
-17
-6
4
5
2
4
-5
-9
8
14
2
-9
-13
-4
10
8
11
-1
-15
-3
-4
-16
-7
3
-9
-17
-6
10
4
-8
1
11
-7
-8
6
1
5
3
-1
-15
-20
-3
2
8
18
18
9
4
4
-6
-12
-13
-6
0
-8
-1
3
-5
-3
-1
1
8
17
10
-5
-4
4
-9
-10
-3
4
1
-4
6
13
24
20
10
5
4
4
-2
-6
-9
-12
-15
-11
-6
2
12
8
3
-3
-10
-11
-15
-12
-10
-8
-5
-2
-1
-1
-4
-1
6
3
-1
-5
-15
-12
-11
-9
-3
4
4
-3
-1
-5
-1
10
8
4
-1
0
7
1
-1
-4
3
9
9
2
-9
-15
-14
-7
-3
0
-7
-9
-10
-4
-4
-1
14
15
18
26
21
13
4
4
5
3
-2
-3
3
1
0
3
1
8
22
25
21
20
10
-4
-12
-10
-5
-1
11
23
16
3
-2
-5
-8
-12
-11
-12
-11
-2
2
-7
-18
-15
-5
2
6
8
1
-2
-2
-6
-5
-2
3
1
13
20
5
-5
-9
-1
8
13
11
6
-2
-1
-3
-7
-2
1
12
19
22
13
-5
-7
-7
-10
-1
2
5
10
7
6
-3
-9
10
16
7
-7
-15
-16
-13
-3
-10
-11
0
7
8
6
0
-14
-24
-20
-11
-9
-11
-20
-15
-1
5
11
16
15
12
13
2
-7
-15
-18
-8
1
6
7
10
12
8
7
11
15
8
2
0
-5
0
-2
-10
-8
-4
-1
-9
-12
-11
-13
-12
-11
-11
-20
-19
-13
-8
-2
8
13
11
13
8
3
-7
-13
-8
-4
-3
-3
9
9
9
10
-2
-3
22
24
3
-4
-1
3
-1
8
9
0
-1
0
3
-6
1
2
-10
-13
-12
-14
-23
-26
-14
-6
-9
-4
2
-1
-2
14
10
0
5
8
5
-9
-8
1
4
11
11
1
1
5
8
9
8
5
-4
0
-3
-11
-4
4
2
1
15
1
-9
1
-5
0
0
2
4
-3
-5
-9
-4
-1
-8
2
11
2
2
2
1
0
13
25
15
19
14
11
10
2
-3
-9
-3
4
-5
-11
-15
-4
7
5
9
2
1
5
-8
-16
-17
-13
-12
-3
4
-2
0
-1
-4
-5
-4
10
9
14
10
-6
5
3
1
-1
-18
-15
-13
-5
1
-9
6
5
7
9
-8
-4
4
12
18
0
-2
5
7
11
-7
-11
-10
-6
-1
3
12
2
0
0
-6
-6
-2
-3
9
10
5
3
-7
-1
23
27
6
-7
-8
-6
0
-2
-10
-11
-6
3
13
16
6
2
13
3
6
21
5
-2
7
-4
-23
-18
-3
0
7
12
7
-9
-16
10
18
9
4
-4
-2
-7
-22
-20
-16
1
13
6
5
2
2
9
16
18
6
-8
-14
-13
-15
-12
-3
-3
-4
-3
-4
2
4
11
15
15
10
1
-2
-10
-12
-16
-9
6
9
7
-4
-12
-7
-2
0
-6
-21
-18
-5
3
9
2
4
3
-10
-13
-6
-9
-15
-5
0
-7
-1
-2
-8
2
10
4
-5
-2
1
-14
-17
-14
-16
-16
-10
0
12
17
5
4
5
2
-7
-4
14
5
4
8
-1
2
6
12
13
7
2
-1
0
10
3
-7
-10
-17
-11
-7
-4
-9
-7
0
-11
-8
-7
-14
-10
-3
1
-5
-3
3
-3
3
14
13
10
4
2
4
3
7
4
-4
6
17
13
3
-5
3
2
-2
-1
-14
-10
5
10
0
-10
3
-2
-3
11
12
15
4
7
3
-6
0
-12
-13
3
13
7
0
9
4
4
0
-9
-1
0
-2
2
-6
-7
-7
-3
-1
5
12
3
5
9
1
4
10
8
7
8
6
-2
-6
-5
1
7
6
6
8
-3
-6
-7
-10
-3
6
14
4
-6
-9
-10
-3
3
2
3
9
13
11
11
7
1
2
-2
3
2
1
5
6
14
9
-1
-1
3
5
-3
-7
-9
-8
-1
-6
-11
-6
-13
-19
-9
-6
-4
-1
0
-2
-8
-4
0
-2
2
14
10
0
-4
-21
-19
-4
-2
-6
-9
1
9
15
13
1
-1
5
3
1
1
4
7
5
6
2
1
-2
-7
-8
-10
-11
-12
1
16
7
1
-3
-5
1
-6
-3
6
8
6
1
2
-3
0
2
1
3
-3
-2
-1
5
7
2
1
1
5
5
4
4
-3
0
0
-4
-6
-14
-13
-9
-4
-6
-11
-3
1
4
-3
-6
1
0
-2
2
-2
-7
-7
-5
-3
0
-2
-4
-5
-4
-1
0
-1
4
2
-3
-1
3
2
5
-3
5
3
-13
-6
-4
-3
-12
-7
-3
-11
-3
7
8
9
7
-1
-9
-4
4
-1
-14
-12
-2
3
2
12
7
0
4
0
-5
-8
0
3
3
1
-10
-16
-8
6
11
9
3
-3
3
9
11
6
0
-5
-5
1
-1
2
17
12
2
6
6
7
8
10
4
-7
-11
-9
-7
-1
-1
-3
2
8
11
9
5
5
3
-1
1
5
-3
2
-1
-10
0
2
2
5
4
-1
2
6
6
3
-2
-4
-2
4
5
7
8
9
6
13
19
11
4
-6
-5
-1
-2
-14
-16
-2
6
8
7
4
1
11
11
2
-3
-4
-4
-3
6
8
-1
-5
-8
-7
-7
-1
5
2
10
8
-2
-6
-5
1
1
-7
-12
-13
-12
-4
-5
-2
-4
-4
1
1
5
3
-1
8
9
8
3
1
3
3
6
-5
-8
-5
-1
14
19
12
5
0
-5
-4
-4
1
0
-3
-2
-1
7
10
9
7
2
-3
-16
-20
-18
-14
-7
-1
3
4
-3
-4
1
1
2
-2
-3
-4
0
-2
-7
-8
-7
-3
2
4
4
2
1
0
4
8
6
1
3
-2
-7
-4
-8
-8
-3
0
1
-1
-7
-8
-4
-6
-13
-10
-10
-4
-2
-9
-8
-2
-5
-7
-3
0
-3
-6
-12
-15
-5
4
9
-1
0
8
7
8
11
8
7
4
1
1
4
5
4
-1
-3
-11
-12
-4
2
1
-2
-4
-7
-1
-4
-9
-5
-6
-8
-9
-3
-1
1
2
1
-3
1
6
7
7
-2
-3
-5
-4
0
6
8
8
7
-6
-5
-5
-6
-1
2
1
3
9
7
3
2
0
1
6
8
0
-2
-4
-11
-15
-9
-3
1
7
5
1
-3
-8
-10
-10
-4
2
10
9
6
9
6
5
2
3
0
-1
3
-4
-12
-8
-7
-11
-3
5
11
16
16
6
-1
3
7
2
1
8
10
12
15
10
8
5
9
4
3
4
-7
-15
-14
-2
2
5
-1
-8
-5
-8
-6
0
-1
0
0
4
4
8
13
5
10
14
12
18
17
11
-1
-3
-10
-19
-14
-8
-6
1
16
12
6
-8
-21
-15
-11
-5
-1
-4
-10
-2
9
9
7
14
12
10
7
-3
-8
-4
-9
-16
-8
1
8
11
4
-3
2
2
0
1
-4
-3
-3
1
-2
7
15
8
5
1
-3
-5
-12
-14
-13
-9
2
3
1
8
15
16
10
3
-4
-13
-17
-20
-16
-6
0
0
0
6
8
3
10
14
8
2
-6
-10
-17
-10
-5
-1
7
9
13
15
13
6
-4
-9
-15
-14
-10
-6
-4
-7
3
10
12
9
3
-5
-12
-8
-4
3
0
-9
-17
-14
-6
-4
-5
-3
7
12
13
20
18
5
4
13
10
3
-1
-10
-14
-16
-15
-10
-2
4
5
3
-6
-4
-3
-9
-8
-6
-1
-1
0
-4
-8
-7
-1
9
6
7
6
-2
-5
3
14
11
6
3
-10
-16
-10
-13
-19
-11
-3
6
11
7
4
0
-2
5
4
6
7
3
-1
-2
-6
-7
4
5
9
17
25
20
7
-2
-9
-11
-6
0
8
10
10
11
8
4
-4
-2
1
1
-1
-7
-12
-16
-10
-6
5
15
19
17
9
3
2
5
4
-3
-8
-7
-7
-4
-5
-12
-12
-6
4
6
5
9
-3
-15
-10
-9
-9
-2
-4
-7
-8
2
9
1
-2
2
9
12
6
-2
-4
-8
-6
0
1
9
14
6
2
11
12
3
-4
3
4
2
6
5
2
-2
-1
1
6
3
-2
-6
-12
-6
-8
-7
1
-1
-2
-6
-8
-9
-13
-4
0
-3
-13
-16
-8
1
5
9
8
0
3
-1
-14
-5
3
-3
-7
-8
-10
-2
2
0
11
11
12
11
12
8
-2
-3
-6
3
10
-1
-6
0
7
1
-6
-3
-2
0
-5
-3
0
3
6
-4
-5
-4
-1
-3
-4
4
7
8
6
12
2
-4
-2
-3
-6
-12
-7
-1
3
2
-2
4
0
3
6
1
1
4
10
5
3
1
-8
-9
-10
-10
-11
-7
-2
-10
-8
1
2
5
3
5
10
4
3
-10
-11
-5
-4
-2
-3
-2
2
-1
2
8
2
1
4
0
-6
-8
-8
-24
-13
5
-2
-9
-5
3
9
14
20
10
-6
2
10
6
-2
-12
-25
-17
11
12
2
3
7
16
23
20
6
-13
-17
-4
4
-2
-13
-13
-11
-16
-16
-16
-9
6
13
11
6
-2
-8
-6
3
13
8
-1
3
6
-1
-3
-6
-6
8
20
14
2
2
6
-7
-13
16
19
11
2
-4
6
3
-4
7
10
-1
-2
1
-6
-6
-9
-25
-18
7
14
-8
-6
10
-1
-1
7
17
14
-5
8
20
15
10
8
20
14
-7
-11
1
16
17
7
5
7
-2
-4
8
17
9
-7
-8
4
4
1
-1
-3
-5
-14
-12
3
-1
-8
-6
-3
6
13
18
7
0
-5
-15
-19
-23
-4
8
15
17
0
-1
-11
-14
-6
-5
4
3
4
4
-4
-4
-14
-14
6
8
5
-6
-9
-7
0
10
8
8
-7
-15
-11
-7
-3
2
1
-3
-1
-2
-10
-14
-6
-19
-13
2
8
4
-13
-2
4
-5
-7
-2
8
2
-6
-9
-21
-20
1
5
9
9
-5
-7
-3
11
16
12
19
19
7
-9
-10
2
5
9
9
7
5
-2
6
5
-1
-2
-17
-25
-8
2
7
9
5
-5
-17
-7
13
11
12
5
-8
-13
-9
5
3
-1
4
-3
-8
-1
9
10
5
9
4
-9
-12
-15
-13
-10
-6
-8
-17
-7
9
7
4
1
-6
-7
2
4
5
1
-8
-4
-8
-8
-8
-9
-1
3
0
-3
-6
-5
-2
-3
4
12
13
7
2
0
4
-3
-11
-12
-4
11
12
2
-6
3
-1
2
12
9
2
-11
-11
0
3
2
6
5
1
7
6
9
12
14
13
11
17
14
4
3
2
3
15
12
5
-5
-13
-5
-6
-9
0
5
2
-6
-7
-5
-15
-7
0
1
8
13
13
2
4
11
6
5
7
-1
-14
-12
-4
4
12
12
17
12
6
10
7
-5
-12
-16
-5
2
-3
-4
6
14
10
5
3
-3
1
4
0
4
1
2
6
0
-1
-10
-6
4
3
4
0
-7
-11
-10
-4
3
9
8
8
5
4
-2
-11
-3
3
7
8
4
-4
-5
-12
-11
2
7
11
10
-3
-4
-7
-6
-2
-3
-1
-8
-4
2
-6
-9
-10
-1
3
2
-4
-8
-5
-4
-5
-3
6
14
11
12
9
-8
-19
-22
-13
-10
-5
-5
-8
-2
3
2
-2
9
2
-3
-2
-8
-15
-18
-8
-8
-15
-8
0
3
5
-3
-4
4
5
-3
-3
-2
1
0
-7
-3
-4
-9
-4
-1
4
2
-3
5
4
3
6
0
-1
5
-6
-10
-6
-6
-9
-7
3
0
6
9
-1
5
-1
-3
0
-1
0
0
4
1
-8
-13
-6
0
10
20
14
1
-10
-10
-4
-2
-2
-6
-2
-1
1
4
5
10
3
-4
-3
-1
-4
-2
6
4
3
3
1
0
-2
-4
-12
-3
2
6
18
11
1
3
2
1
5
4
0
-6
-7
5
1
-2
-1
1
-2
-4
1
3
7
0
-8
-7
-4
-4
-7
-2
8
17
9
8
13
12
5
6
8
3
7
7
4
-4
-11
-9
1
7
3
-9
-13
-1
-2
-6
-11
-11
-7
3
5
4
7
0
-6
0
0
-3
2
3
-4
-11
-6
-4
-3
2
-2
2
6
6
11
10
7
5
-4
0
8
7
2
5
8
8
9
15
9
5
8
-1
-7
-3
-7
-7
-1
-3
-3
2
0
1
-2
-9
-11
-10
-8
-11
-8
2
10
8
13
8
0
-3
-8
0
4
9
6
4
8
1
1
-1
8
15
12
10
2
-3
-5
-6
-7
-5
0
7
5
14
10
-1
0
2
3
4
4
3
-1
-4
1
4
-1
-10
-15
-11
-12
-8
-2
-7
-9
-5
-2
2
2
0
-2
-3
-6
-13
-9
-2
-3
-6
-5
-5
-3
5
2
-3
1
-5
-13
-13
-14
-6
-3
-2
7
5
7
6
3
-2
-6
-5
-8
-1
2
4
0
-3
-4
-1
8
5
5
13
11
10
3
1
-2
-6
-8
-22
-25
-16
-16
-14
-11
-7
-4
-5
-3
0
6
8
3
8
17
14
8
9
12
10
10
2
1
11
16
17
8
2
-3
-6
-3
-5
-1
4
3
2
1
1
-2
-4
1
2
-1
1
0
-2
-3
-6
-9
-12
-4
-3
-3
1
0
2
5
4
1
0
1
-1
-6
-8
-3
3
2
-5
-6
-3
-10
-15
-14
-9
-3
-7
0
0
-4
-6
-10
-2
10
15
9
11
9
6
12
12
12
11
6
8
6
4
-1
-5
-2
3
10
14
15
7
4
0
-1
0
4
7
-2
-8
-11
-12
-5
4
7
3
4
5
-5
-12
-18
-15
-6
-8
-9
-2
9
18
16
13
2
-4
4
6
11
10
5
2
2
1
-3
0
4
6
9
3
1
7
4
-1
1
4
-3
-9
-6
-4
-5
-6
-11
-1
2
-1
4
6
6
3
-1
-2
0
1
0
-11
-10
-6
-12
-8
3
9
10
10
2
-2
-8
-3
-3
-6
-10
-10
2
1
-2
-3
-2
2
3
-2
-9
-10
-12
-15
-11
-4
1
6
3
5
5
-3
-3
1
1
0
-4
-7
-4
-5
-9
-9
-3
5
11
4
-1
-7
-11
-4
1
8
16
7
-5
-3
-1
-2
0
5
5
3
5
4
0
-4
-4
0
0
4
7
4
2
1
2
4
6
9
2
-7
-12
-9
-3
-3
2
7
10
9
-2
-9
-6
-4
1
4
7
4
0
0
5
15
9
5
2
-5
-4
-8
-14
-8
6
10
9
8
11
8
3
1
-4
-9
-15
-19
-9
-8
-13
-10
-7
-4
2
9
6
7
8
4
-3
-7
-8
-5
-4
-3
-2
0
-4
-8
-3
-1
1
11
8
-2
-5
-10
-11
-8
-3
3
8
9
10
12
6
1
-10
-8
2
4
11
11
4
-4
-4
-2
0
3
4
7
9
9
0
-2
1
7
11
5
4
4
2
-3
-6
-8
-6
-3
-4
-11
-10
-1
3
3
-4
-6
-5
-5
3
-1
-4
-2
-5
2
9
8
6
2
1
2
1
0
-8
-5
-4
-7
-2
-3
-4
-2
-3
3
5
2
2
7
11
8
7
8
3
0
0
1
5
7
2
2
-1
1
-1
-1
3
1
7
12
9
10
6
-7
-6
-5
-2
6
4
8
5
-6
-9
-9
-6
-5
-5
0
5
5
3
1
-2
-2
0
-4
0
1
1
3
-1
-5
-3
1
7
13
5
-4
-10
-9
-5
-10
-3
3
3
1
-4
-2
-2
-4
-3
-4
3
6
1
-1
-1
4
2
2
4
0
3
3
-5
-7
-1
-1
2
1
-5
-3
-6
-9
1
7
7
8
3
-1
-2
0
0
0
-1
-2
1
1
2
-3
-6
-4
-3
0
1
-1
-3
-8
-12
-4
2
1
2
6
8
4
1
5
0
-2
0
-1
-1
-2
-1
-7
-11
-7
-5
2
1
-3
1
3
4
3
1
-2
0
0
-4
-1
-1
-2
2
-2
0
-4
-2
1
-2
4
9
11
7
6
5
2
-2
-1
4
3
1
0
0
3
0
-1
-2
-3
2
8
10
9
7
2
5
11
14
7
-1
-4
-4
2
1
1
-2
-3
-2
-5
-7
-11
-7
-9
-4
-1
-6
-10
-10
-4
-2
-3
-1
4
6
2
-1
0
-5
-8
-5
-2
3
8
2
-6
-5
-4
-5
-2
-3
1
4
3
9
8
5
-5
-14
-9
-4
-3
-1
0
2
2
-1
-6
-2
3
-3
-1
3
-3
-4
-1
3
2
6
3
-3
0
0
3
10
15
13
7
7
3
3
3
-2
-7
-9
-11
-11
-8
-8
-7
-4
2
7
5
-1
2
2
5
4
-2
3
-2
-5
3
3
3
3
-1
1
6
8
5
-3
-6
-6
-5
-4
-5
-8
-10
-4
-1
6
8
3
3
-1
-6
-6
-11
-7
-7
-5
-1
-2
8
18
18
11
11
6
3
4
1
-4
-2
-3
-9
-13
-8
-2
-2
-3
-7
-8
-9
-11
-11
-5
-2
-16
-14
-4
0
5
6
2
-3
-1
4
13
14
7
6
-1
-2
6
14
9
5
1
-8
-8
-2
0
-5
-7
3
8
6
19
15
16
15
9
7
5
14
11
11
12
2
2
-3
5
9
5
4
-5
-3
-5
-13
-20
-16
-10
-7
-4
-5
-3
-6
-7
5
9
9
5
-3
-10
-10
-10
-11
-6
-1
6
-2
-4
2
-3
-10
-7
0
4
7
3
-3
-2
-1
-4
-1
7
7
6
8
6
-5
-4
0
-7
0
-2
-6
-3
-1
-1
-2
2
-2
3
5
5
12
-1
-3
-2
-2
-1
-4
2
4
3
5
0
1
8
10
10
7
-3
-11
-16
-15
-17
-5
0
6
2
1
4
4
7
2
2
-1
3
6
2
-1
-2
-8
-9
-5
-3
4
2
5
10
5
1
3
1
-8
-8
-8
-8
2
5
2
8
5
12
15
9
1
-6
-4
-8
-6
-1
0
-5
-4
3
3
7
8
1
5
-4
-13
-12
-17
-9
-10
-3
2
0
1
-4
-7
-3
-1
-2
4
10
7
4
2
-1
4
4
1
2
-1
-7
-16
-16
-7
1
9
11
8
0
1
9
8
4
-3
-7
-7
-2
1
-8
0
-1
-2
7
13
21
20
12
11
5
1
2
-5
-11
-7
-8
-10
-4
-5
-11
-9
-6
3
4
3
0
-3
5
2
-5
-6
-3
3
2
5
2
11
7
3
4
0
1
-3
-7
-8
-9
-11
-2
0
2
8
0
7
6
2
7
3
2
-5
-13
-11
-9
-3
-5
-3
-1
3
4
1
4
1
-5
-5
-4
-3
-3
1
2
3
1
-3
-1
-1
3
3
-8
-5
-1
2
9
8
8
12
18
13
7
5
-1
-3
-5
-6
-7
-8
-14
-14
-14
-8
-1
0
3
8
9
5
0
-5
-4
-1
10
11
12
8
3
5
4
8
16
21
13
4
2
-12
-9
-5
-11
-4
0
6
0
-1
3
-4
-1
-1
-1
-3
4
5
-2
3
-2
-1
4
-4
-7
1
-2
6
-6
-12
-11
-8
3
-10
-3
2
-5
-5
-16
-16
-11
-8
-5
0
5
7
3
-6
-11
-7
-4
1
12
10
8
0
3
0
-4
12
10
10
6
-2
-3
-4
-7
-11
-1
5
10
8
3
8
7
-2
-8
-5
-3
-7
4
0
-12
-9
-2
3
5
4
-7
-2
5
-3
-3
1
3
6
-4
-6
-1
7
6
2
10
5
3
12
4
-4
-2
-6
1
13
-2
-8
-8
-6
2
13
16
1
-1
0
-7
4
3
-5
0
0
-8
-3
5
4
8
7
5
8
9
5
-3
2
2
-3
2
-8
-12
5
4
14
25
11
1
-2
4
-10
-10
-1
-12
0
12
7
9
11
1
-12
-9
-4
0
7
7
-14
-22
-13
-6
3
-1
-1
6
2
-6
-11
-7
-7
-2
7
6
-1
-5
-6
-7
6
10
-2
-2
-4
-12
-4
-8
-9
