2
0
1
2
1
2
1
2
2
1
1
1
0
-2
0
0
0
0
0
1
-1
-2
-2
-2
-1
-1
0
-1
-2
-1
-1
-1
-1
-2
-1
-2
-2
-1
1
0
1
2
0
1
-1
1
1
1
0
-1
0
-1
2
1
-1
-1
1
0
0
-1
-2
-2
-1
-1
-1
-2
-4
-2
-5
-2
-2
-2
0
-1
1
0
1
2
0
2
2
4
1
1
0
1
2
1
5
1
2
1
2
0
0
2
-2
1
-5
-5
-5
-2
-3
-3
-2
-3
-3
-3
-2
-2
-2
-1
-5
-3
-4
-2
-2
-4
-3
-4
0
0
-1
0
0
-1
1
-1
-1
-1
3
-1
0
0
-5
4
-8
0
-5
-5
-1
-5
-1
-5
2
-3
1
-5
-5
5
-4
0
-2
-5
0
-2
4
4
2
4
5
3
4
6
3
10
5
2
4
1
4
2
2
2
3
2
1
2
2
2
5
2
6
-1
2
3
-1
1
-5
1
-4
2
0
0
-1
-3
6
-1
3
1
2
2
-2
2
-2
1
0
2
1
0
3
-1
2
-1
-2
-1
-4
-3
-2
-4
-1
-1
-1
-2
-2
1
-2
-2
-1
-3
-3
-6
-2
-2
-1
0
0
2
-3
3
0
1
-3
-2
-1
-1
4
-2
5
-1
5
1
-1
0
-4
-3
-3
-4
-4
-1
-3
4
-1
6
1
4
3
-1
3
-4
3
-1
3
3
1
6
2
7
1
5
4
0
10
-2
14
-5
12
1
2
11
-7
24
-13
20
-8
7
8
-10
21
-22
15
-9
3
8
-14
16
-15
13
2
-7
12
-19
10
-11
0
3
-11
6
-10
2
-5
-7
-4
-9
-4
-2
-5
2
-5
2
2
-1
5
-3
1
-4
-3
-4
-5
-5
-7
-7
-5
-6
-3
-3
-3
-1
-2
-3
-4
-8
-2
-6
-4
-1
-5
1
-4
1
-1
-4
-4
-6
-2
-6
-6
-6
-5
-2
-4
-3
-2
-2
1
0
-4
-6
-4
-3
-2
-1
-1
1
3
4
4
3
4
0
-1
0
-2
-2
-3
-2
-1
2
6
6
7
7
10
6
4
5
2
4
3
3
4
2
5
3
2
0
1
2
-2
1
0
-1
3
0
4
4
5
5
4
4
0
3
1
2
2
0
3
4
4
4
6
8
5
2
5
2
1
4
1
7
3
4
4
1
5
1
5
1
0
2
-4
1
-2
0
0
-4
3
-4
1
-1
0
2
-1
6
1
4
4
2
7
0
4
1
0
3
3
5
2
1
5
4
6
1
-1
-1
-2
0
-3
-3
-1
0
-1
-1
0
-1
0
2
0
-3
-1
-1
-1
-3
0
2
-2
2
4
2
2
3
3
-2
1
0
2
2
0
2
-2
-2
-3
-5
-7
-9
-6
-5
-6
-7
-4
-2
-2
2
1
1
1
0
-1
-5
-6
-1
-2
-1
1
0
-1
-1
2
-2
0
-1
-2
2
-3
-2
-2
1
2
0
3
-4
-5
-9
-4
-4
-6
-1
-5
-6
-2
-6
-3
0
-3
-1
-1
0
-2
-2
-5
-4
-2
2
2
-5
0
6
-2
-2
5
-1
-3
2
1
1
0
0
-3
0
0
1
2
-2
0
-3
0
4
-5
0
10
-3
-3
7
1
-8
5
6
0
4
10
10
4
-6
-3
-1
-2
-2
-13
5
5
-18
-9
28
-8
-27
62
35
-46
-30
31
-9
-48
28
40
-37
-23
82
12
-85
31
56
-48
-23
45
-12
-59
27
41
-38
-22
41
-2
-43
25
28
-33
4
26
-28
-8
30
-12
-23
19
7
-8
9
13
-18
-16
31
4
-45
-1
23
-21
-5
21
-22
-25
14
10
-15
-10
6
-6
-12
4
-1
-9
9
12
-13
1
17
-3
2
16
5
3
17
12
-9
-2
15
15
0
2
9
0
7
12
1
-5
-1
0
0
-3
-12
0
8
3
3
4
3
-1
4
1
-1
-1
1
-1
-7
0
3
0
4
2
-5
1
11
-1
-11
-2
-4
-5
1
0
-10
-11
3
3
-10
-7
4
-7
-9
1
-5
-15
-5
4
-3
-7
0
1
-6
-3
4
2
1
5
-1
-8
-8
-1
1
-3
0
1
0
-1
6
4
-6
-1
4
-3
-10
-5
5
1
2
9
4
2
6
9
2
4
7
2
2
-4
-2
6
6
6
7
5
3
2
1
2
3
-1
5
-2
-10
-2
2
2
5
3
0
4
3
-5
2
3
-3
-3
-1
0
-7
1
6
-1
-9
0
0
-12
-3
3
-6
-8
0
-1
-9
-7
6
2
-3
1
2
-3
-2
1
-5
-1
2
1
-2
-2
-4
-1
4
2
-1
-4
-3
1
0
2
5
4
1
-1
-2
-2
-4
-4
3
3
-5
-1
3
-1
-4
5
6
-2
1
8
2
-5
2
4
0
2
5
-2
-8
-4
0
1
-1
0
0
-3
-4
-2
-5
-8
-4
-1
-2
-4
0
0
-3
-1
1
-1
-4
0
2
-2
-3
2
3
-3
-2
3
-2
-3
3
3
-2
-1
6
3
-2
0
3
-3
-5
1
2
-5
-4
3
0
-3
2
5
0
-1
2
0
-5
-3
1
-2
-2
2
4
0
2
6
7
3
4
6
-3
-7
-1
1
-5
-4
3
-2
-8
2
6
-3
-4
6
5
-5
0
7
0
-1
6
4
-3
-1
3
-1
-7
-4
4
0
-2
4
2
-2
-1
2
-1
-4
-2
1
-2
-2
3
3
-1
2
7
4
1
4
5
-2
-2
1
0
-4
1
6
0
-2
1
0
-3
2
5
2
-2
2
3
-3
-1
4
3
0
2
1
-3
-4
2
2
-3
-1
1
-2
-4
-2
0
-2
-2
2
1
-4
-4
0
-3
-3
0
0
-1
-1
3
2
0
2
0
-3
-3
0
-1
-2
-1
-1
-1
1
4
1
0
0
4
3
-2
1
0
0
0
3
1
0
4
5
3
0
1
-1
-2
2
1
-2
0
2
0
-1
1
2
0
3
5
2
2
2
3
0
0
1
1
-3
0
0
1
3
3
3
2
2
2
1
-1
0
-1
0
0
-1
0
0
0
-2
-1
-1
-1
1
0
-1
0
0
2
3
3
2
1
-2
-3
0
0
1
1
0
0
-1
-1
-2
-1
0
2
3
0
-3
0
1
1
1
1
0
1
0
0
-2
0
2
1
2
1
-1
0
0
2
1
2
3
2
1
-1
-3
-4
-2
-3
-3
-1
-2
-2
-1
0
1
2
2
3
2
2
4
4
3
4
3
2
2
3
2
-1
0
1
1
1
-1
1
0
1
1
0
-1
-2
-1
0
0
0
-1
1
0
-2
-1
0
-2
1
1
1
-1
0
1
0
1
1
-1
-2
-1
-1
-1
0
2
0
-1
-1
-3
-3
-3
-1
0
1
4
3
1
0
0
0
0
1
-1
0
0
-1
-2
-2
-3
-4
-2
-4
-3
-3
-2
-2
-3
-3
-2
-3
-3
-3
-2
-2
-2
-2
-2
-2
-3
-4
-2
-1
0
1
3
2
0
1
1
0
0
2
1
1
0
0
0
-1
0
-1
0
-1
1
0
-2
0
0
0
-1
0
0
-1
-2
1
-1
0
-1
-1
-3
-2
-1
-1
0
0
0
0
-1
-1
-3
-2
-2
0
1
1
1
-1
-1
-1
0
0
0
1
2
1
0
0
0
1
2
1
2
1
1
1
2
1
2
2
0
-1
0
2
0
2
3
3
3
2
2
0
2
2
1
1
1
1
1
2
4
1
2
2
2
2
1
0
0
0
1
1
1
3
4
3
2
1
1
2
2
2
1
1
2
2
2
2
3
2
2
1
1
1
-1
-1
-2
-2
-1
-2
-2
-1
-2
-1
-1
-1
-2
-1
-1
-1
-1
0
0
0
0
1
0
0
-2
-2
-1
1
2
0
0
1
2
1
1
0
-1
-1
-1
-2
-2
-3
0
-2
-3
-3
-3
-2
-2
-1
-3
-2
-1
-1
-2
-2
-2
-3
-3
-3
-3
-1
-1
-1
0
2
1
0
-2
0
0
1
3
2
2
2
3
2
0
0
1
0
0
0
0
-1
1
1
1
1
2
1
0
2
2
0
0
0
1
-2
-2
-2
-2
-1
0
1
0
-1
0
-1
-2
-1
0
-1
0
0
0
-2
0
1
0
0
-1
-1
-1
-1
-1
-2
-1
-3
-1
0
0
0
-1
-2
-1
0
-1
0
0
0
1
1
0
1
0
0
1
2
2
2
1
2
2
2
2
2
2
1
1
2
1
1
1
0
-2
-1
-1
-1
-1
-2
-2
-3
-2
-3
-2
-1
-1
1
0
0
1
1
-1
1
0
-1
0
2
1
0
1
2
1
1
0
0
0
0
-2
-2
-1
0
1
0
-1
-2
0
-1
-2
-2
-3
-3
-2
-3
-3
-4
-3
-4
-2
-1
-1
-3
-2
-2
-2
-2
-1
-1
-1
-1
0
0
1
3
2
1
1
0
1
0
1
0
-1
0
0
1
1
0
1
0
0
-1
0
0
1
1
0
0
0
-1
0
1
3
2
2
1
0
0
0
0
0
1
2
2
2
2
1
1
0
1
1
0
1
0
-1
-1
-1
-1
0
0
-1
-2
0
-1
0
0
1
1
-1
0
0
0
-1
-1
-1
-1
-2
-1
-1
-1
0
0
1
0
0
0
0
-1
-1
-2
-2
-3
-3
-2
-2
-3
-3
-2
-2
-2
-2
-1
-1
0
-2
-1
-2
-1
0
-1
-2
-1
-1
-1
-1
-1
-1
1
1
0
0
1
1
0
2
2
1
1
-1
-1
-2
-2
-1
-1
1
1
3
1
1
2
2
3
3
1
2
2
2
3
2
2
1
1
1
1
0
0
0
0
2
1
-1
-1
0
0
0
1
1
0
-1
1
0
0
-1
0
-1
0
2
0
0
0
1
1
0
-1
-1
0
0
1
1
2
1
2
2
0
-1
-1
-1
0
1
1
1
2
1
1
0
2
2
1
0
0
1
0
0
-1
-1
-2
-1
-3
-2
-2
-1
-1
0
-1
0
-1
-2
-1
0
1
3
2
3
3
2
1
2
1
1
0
0
0
0
1
1
1
0
1
1
1
0
1
1
1
1
2
2
2
2
2
2
2
2
1
1
1
1
1
2
2
2
2
1
1
-1
-1
0
1
1
2
2
2
0
0
1
1
0
0
0
1
2
1
0
0
0
0
0
0
1
1
1
3
3
0
2
1
0
0
1
1
3
2
1
1
2
2
2
2
0
0
0
0
0
0
-1
-1
0
0
0
0
1
0
-1
-2
-2
-1
-2
-1
-1
-1
-2
-2
-4
-6
-5
-3
-2
-2
-3
-2
-3
-3
-2
-3
-3
-3
-2
-3
-3
-3
-3
-2
-1
1
0
1
0
-1
-2
-2
-3
-3
-3
-2
-3
-3
-3
-3
-3
-2
-1
-1
-1
-1
0
1
0
0
0
1
0
0
-1
-1
-1
1
1
2
3
2
2
3
2
4
4
5
5
4
4
4
3
1
2
3
4
3
3
2
2
2
2
3
4
2
2
1
1
1
-1
-2
0
1
0
0
0
0
1
1
1
1
-1
-1
0
-1
-2
-1
0
1
1
3
1
1
1
2
2
1
0
1
1
1
0
0
1
0
-1
-1
-1
-1
0
1
-1
1
1
0
0
-1
0
0
1
1
0
1
1
2
2
2
1
1
1
1
1
0
0
0
1
-1
-1
-1
1
1
1
1
1
0
0
0
-1
0
-1
0
1
0
0
1
1
0
-1
-1
-1
-2
-3
-2
-3
-3
-4
-5
-3
-2
-2
-3
-4
-4
-4
-3
-2
-2
-1
-1
-1
-1
0
0
0
1
1
0
0
0
-1
-2
-1
1
2
1
1
1
1
1
1
0
-1
-1
-1
0
0
-2
-2
0
-1
-1
-1
-1
-1
0
0
-1
-1
-1
-2
-1
-1
0
0
0
0
-1
-1
-2
-2
-2
-1
0
0
-2
0
-1
-4
-3
-2
-2
-3
-3
-1
-2
-2
0
0
-1
-2
-1
-1
-1
0
2
1
1
2
1
2
1
1
0
1
1
2
0
1
0
-1
0
-1
-1
-1
-2
-1
-2
-1
-1
-1
0
0
0
1
0
1
2
3
2
1
2
2
1
2
1
1
1
1
2
2
0
1
1
2
1
1
0
0
2
1
2
2
2
1
1
1
1
1
0
-1
-1
1
1
2
1
0
0
-1
-1
1
0
0
0
0
0
0
0
-1
-1
-2
-2
-1
-2
-1
-1
-1
-2
-3
-3
-3
-3
-1
-3
-1
-2
-2
-1
0
-1
0
0
1
1
1
0
-1
0
0
0
0
0
-1
-1
-1
-1
0
-1
1
0
1
0
0
-2
-1
0
0
0
-1
0
0
1
0
-1
-1
-1
-2
-1
-2
-1
-2
-4
-3
-2
-2
0
-1
-1
1
-1
-1
0
-1
-1
-2
-3
-4
-3
-2
-1
-2
-1
0
-3
-3
-2
-3
-3
-3
-2
0
-1
-3
-1
1
0
0
-2
-1
-1
0
-1
-2
-2
1
0
0
2
2
2
2
2
3
1
1
1
1
3
2
1
1
-1
1
2
2
2
1
2
2
1
1
1
2
2
2
4
3
4
3
2
3
4
5
3
3
3
2
3
2
2
1
0
2
1
1
1
1
2
3
3
4
3
4
4
3
3
3
2
2
3
4
4
3
4
3
2
1
1
0
-1
1
1
1
0
0
-1
-1
0
-1
0
0
0
1
0
0
1
0
0
0
1
2
2
0
0
0
0
1
-1
-1
0
0
0
-1
0
0
0
1
1
0
0
-1
-2
-1
-1
-1
-2
-2
-2
-3
-3
-3
-2
-2
-1
0
0
1
0
0
1
0
1
1
3
3
2
2
3
2
2
1
-1
-1
-1
0
0
-1
0
-1
1
1
1
1
2
0
1
0
1
1
0
1
0
0
2
3
3
2
3
3
1
0
-1
-1
1
1
-1
-2
-2
-1
0
-2
-2
-1
-1
0
-1
-2
-1
-1
-2
-3
-2
-3
-3
-2
-2
-2
-2
-3
-1
-2
0
0
0
-2
0
0
-1
-1
-1
0
-1
0
0
1
0
1
0
0
2
1
1
1
1
1
0
0
-1
-2
-2
-2
-2
-1
-1
0
1
1
-1
0
-2
-2
-2
-3
-2
-2
-2
-1
-1
0
-1
-1
1
1
3
1
0
0
1
2
2
2
0
-1
-2
-2
0
0
0
0
0
0
1
0
0
2
1
1
2
1
2
1
1
1
1
2
3
3
2
2
3
3
2
1
2
1
1
1
0
-1
-1
-1
-1
-1
-1
-2
-2
-2
-1
-1
0
0
-1
0
1
0
2
1
0
0
-1
0
0
0
0
1
2
-1
0
0
0
-1
-2
-1
-1
0
0
-1
-3
-3
-2
-1
-2
-2
-3
-4
-3
-1
-1
-2
-3
0
-2
-2
-2
-1
-1
0
0
1
1
1
1
1
1
0
0
0
1
2
1
1
0
0
-1
-2
-2
-2
-3
-2
-2
-2
-1
-2
-2
-1
0
-1
-1
-2
-1
1
1
1
2
1
1
0
1
2
1
0
-1
-1
0
1
2
1
0
2
1
2
2
2
2
1
2
2
1
2
1
1
3
3
3
3
2
1
2
3
3
3
3
3
4
4
3
2
1
0
2
0
0
0
0
-1
-1
-1
0
0
0
2
1
1
1
1
-2
-1
1
1
-1
-1
-2
-4
-3
-1
0
-1
-2
-1
-1
0
0
0
-1
-1
1
-2
-1
-1
-2
-3
-1
-1
-1
-2
-2
-1
-2
-1
-1
-2
-2
-2
0
0
0
1
-1
0
1
2
1
1
1
1
2
2
1
2
3
3
2
1
3
1
2
1
2
1
0
1
2
2
3
2
0
-1
2
2
2
2
2
2
2
1
1
0
0
1
-1
0
0
0
0
0
0
-1
-1
-1
-1
-1
-2
-3
-2
-2
-1
-1
0
1
0
0
-1
-2
-2
0
-1
0
-1
-1
0
0
-2
-1
-3
-4
-2
-3
-3
-2
-2
-1
0
1
0
1
0
0
-1
-1
0
0
-1
-1
-1
-1
0
1
1
1
1
0
-1
-1
0
-1
-2
-1
-1
-1
-1
-1
-1
-1
-1
-2
-2
-3
-4
-4
-4
-5
-4
-2
-2
-2
-1
-1
-1
-1
-2
-3
-2
-2
-1
0
0
0
0
0
1
2
0
1
1
1
0
0
0
1
0
0
0
0
2
1
0
-1
-1
-2
-3
-3
-4
-4
-4
-3
-3
-1
0
-1
-1
-1
-1
-2
-1
0
-1
0
0
1
0
0
0
0
1
0
-1
0
-2
-1
-1
0
1
0
-1
-1
-2
-3
-3
-3
-3
-1
-2
0
-1
-2
-1
1
2
2
1
0
0
2
2
1
2
1
2
1
1
-1
-1
-2
-2
-1
-1
0
-1
-1
0
-1
-1
0
1
1
1
0
0
0
-1
0
-1
-1
-1
-1
-1
-2
-2
-1
-1
1
2
2
2
3
2
1
0
4
3
2
2
0
1
-1
0
-2
-1
-1
0
0
3
3
1
1
1
2
1
2
3
3
3
2
2
1
0
1
-1
-1
0
-1
0
0
0
1
1
0
0
1
0
2
0
0
0
0
1
1
1
0
1
2
3
3
3
2
1
1
0
0
0
0
0
0
-1
0
0
-1
-1
0
1
0
1
1
1
2
2
1
1
1
0
0
-1
-2
-2
-1
-1
1
0
1
1
0
1
1
1
0
1
0
1
-1
-1
-1
0
-1
-1
-1
0
2
2
1
1
0
0
-1
0
0
-2
-1
-1
-3
-1
-1
-1
-2
-1
-2
-2
-3
-2
-1
-1
0
-1
-1
0
-1
-2
-2
-1
-1
-1
-2
-1
-2
-2
-2
-2
-1
-1
0
-2
-2
-1
-1
0
0
1
1
0
-1
-1
0
0
1
0
0
0
0
1
-1
-1
1
1
1
1
1
0
2
3
1
2
2
2
2
2
1
1
0
1
-1
0
-1
0
-1
-1
-1
0
1
1
1
0
0
0
2
0
0
1
0
1
1
1
3
3
4
5
4
4
4
3
2
0
1
1
1
1
0
0
1
0
0
0
0
-1
-2
-3
-3
-4
-3
-1
-3
-4
-2
-1
-2
-1
-2
0
-2
-2
0
-2
-2
-2
-1
-1
1
0
1
-1
-2
-2
-3
-3
-3
-3
-1
0
0
0
0
0
0
-1
0
-2
-2
-1
-1
-1
-2
-1
-2
-3
-3
-2
-2
-1
-1
-1
-1
-1
-1
-1
-1
0
0
-1
-1
-1
-1
-1
-1
-1
0
0
0
-1
0
-3
-2
-2
-1
-2
-2
-2
-2
-1
-2
-2
-1
-1
-1
-1
-1
-1
-1
-1
-1
-1
-1
-1
-3
-2
-2
-3
-3
-3
-4
-3
-2
-1
-2
-1
0
-1
0
1
1
0
1
2
2
2
1
0
1
2
2
2
1
1
2
2
2
3
3
4
5
4
3
3
3
4
3
3
3
4
4
3
3
4
4
3
2
1
2
2
1
3
1
1
2
1
1
1
1
3
2
2
2
1
0
0
-1
0
0
-2
-1
0
1
1
1
2
2
2
2
3
2
2
1
1
1
1
2
3
3
5
5
4
3
3
3
3
3
4
3
3
1
1
1
2
1
1
2
1
0
-1
-2
-2
-1
-2
-2
-3
-4
-1
-1
-3
-2
-1
-1
0
-1
-1
0
-1
-1
1
2
2
3
2
2
1
0
1
1
-1
0
1
0
1
1
0
1
2
1
1
1
1
0
0
0
0
1
0
1
0
0
0
-1
-1
-1
0
-1
1
-1
-2
-1
0
0
-1
0
1
2
1
2
2
0
1
0
1
1
0
-1
-2
-1
1
-1
0
0
-1
0
-1
1
1
0
0
0
-1
-2
-1
-1
-1
-1
-2
-1
-3
-4
-3
-3
-3
-4
-3
-3
-1
-1
-1
-1
-1
-2
-1
-2
-3
-2
-3
0
-1
-1
-2
-2
-3
-3
-3
-2
-1
-2
-3
-3
-1
-1
-1
-1
0
0
-1
-2
0
1
0
0
1
1
1
1
1
0
0
-1
-1
0
-1
0
0
0
0
1
-1
-2
0
1
1
1
1
1
1
1
0
0
0
0
0
1
2
3
1
2
2
1
1
2
4
2
3
2
1
2
3
1
1
1
0
0
2
1
1
0
2
1
1
1
1
1
2
1
0
-1
-2
-2
-2
0
-1
0
-1
0
-1
0
1
1
1
0
1
1
1
0
1
1
0
0
-1
-2
-3
-2
0
-1
1
1
2
2
3
4
2
2
2
2
1
2
2
1
0
1
1
1
0
0
1
0
-1
-2
-2
-2
-1
-1
0
0
1
1
-1
0
0
0
1
1
0
-2
-3
-3
-3
-3
-3
-3
-2
-2
-3
-2
-2
-1
-1
0
0
-1
-1
-1
0
1
-1
0
0
-1
-3
-2
-2
1
0
1
0
0
1
0
-1
-1
-1
-2
-1
-1
0
1
1
0
0
2
1
1
0
1
0
0
0
1
0
0
1
1
2
1
0
-1
-1
-1
-1
1
0
1
1
-1
-1
1
2
1
1
3
2
2
2
2
2
0
1
-1
-1
0
-1
1
1
2
2
2
3
2
1
2
2
2
2
1
1
1
0
0
0
0
0
-1
-1
-1
-1
-1
-1
-2
-2
0
0
0
0
0
0
0
0
1
1
1
3
2
0
0
0
1
-1
-1
-1
0
0
1
1
0
0
-1
-1
-1
-1
1
-1
-2
0
0
-1
0
0
0
-1
0
1
0
0
0
1
-2
-1
-2
-2
-2
-1
-1
-1
-1
0
-1
-2
-2
-1
-3
-2
-1
0
1
1
0
-2
0
0
0
0
0
0
-1
0
-1
-1
-1
0
0
-1
-1
-2
-1
-3
-2
-1
-1
0
-1
-1
-1
0
-1
-1
0
0
-1
1
1
1
0
1
0
-1
-2
-2
-2
-1
-1
-2
-2
-2
-3
-2
-1
0
0
0
0
1
1
0
0
0
0
0
1
0
0
1
1
2
2
1
1
2
1
1
1
2
1
1
1
1
0
1
2
1
0
2
3
2
2
2
1
0
1
-1
-1
0
0
0
0
2
2
1
1
1
1
0
-1
-2
-1
0
-2
-1
-1
-1
-1
-1
-1
0
-1
0
-1
-2
-1
-1
-1
-1
0
-1
0
0
0
1
2
1
1
1
0
1
0
0
-1
-1
0
-1
-1
-2
-1
-1
0
-2
0
0
-1
-1
0
-1
-2
-1
-1
-2
0
0
-1
0
0
0
1
1
2
2
2
1
0
0
0
1
0
-1
0
2
1
2
3
2
1
-1
-1
-1
-1
-1
-1
0
0
-1
0
0
1
2
2
1
1
0
-1
2
1
0
0
0
1
1
1
1
1
2
2
2
1
1
-1
-1
0
-1
-1
-1
-1
0
0
-1
-2
-1
1
-1
-1
0
-2
-2
0
-1
-1
-1
0
2
2
0
0
-1
-2
-1
-2
-2
-1
-1
1
1
1
1
0
0
1
1
1
0
0
0
0
-1
-1
0
1
0
1
-1
-2
-2
-1
-1
-2
-2
0
0
1
1
2
1
1
0
0
-1
-2
-1
-1
-1
0
1
0
0
0
0
1
0
1
2
0
0
1
2
1
1
1
1
0
-1
0
0
1
0
0
1
0
1
0
0
-1
-2
0
0
1
2
1
1
2
2
2
2
2
2
3
2
2
2
2
1
1
-1
-1
-1
-1
-2
-1
-1
-2
-2
0
0
0
-1
-2
-2
0
0
-1
0
1
2
2
1
0
0
0
1
1
1
1
1
-1
0
-1
-1
-1
-2
-1
-1
-1
0
0
-1
0
-1
-2
-1
-2
-3
-2
-3
-3
-4
-3
-3
-2
-2
-3
-2
-2
-2
-1
-3
-2
-3
-3
-3
-3
-5
-5
-5
-3
-2
-2
0
-1
-2
-3
-3
-3
-4
-2
-2
-1
-1
1
2
1
1
1
1
2
2
2
1
1
1
2
0
2
2
0
0
0
0
0
-1
-1
2
1
0
1
1
2
1
2
0
2
2
3
1
1
1
1
4
3
3
1
3
2
1
2
2
2
2
2
2
2
2
2
2
4
2
2
2
2
1
1
1
1
1
2
2
2
1
2
3
2
0
0
-1
0
0
0
1
0
1
1
1
0
1
-1
-1
-2
0
1
1
2
3
4
4
4
4
3
3
1
2
3
4
4
5
5
5
5
4
3
1
1
1
2
3
3
1
2
1
3
1
1
1
0
0
-1
-1
0
0
-1
-1
-1
-1
-1
0
1
1
1
-1
-1
-2
-3
-4
-3
-3
-2
-3
-3
-3
-3
-3
-2
-3
-2
-2
-3
-3
-4
-4
-5
-3
-5
-5
-4
-4
-3
-2
-3
-3
-4
-2
-2
-2
-3
-3
-4
-3
-2
-4
-2
-4
-2
-2
-3
-3
-2
-2
-2
-3
-3
-3
-3
-4
-3
-2
-2
-3
-4
-3
-3
-2
0
0
2
1
0
-1
-2
-3
-3
-2
-1
0
-1
1
1
-1
0
-1
0
0
1
1
2
1
1
1
-1
0
0
0
0
0
0
1
1
2
2
2
2
2
2
0
-1
-1
-1
0
0
0
0
0
1
2
1
2
2
3
3
3
4
4
5
3
3
5
5
4
3
4
4
5
3
4
3
2
3
3
4
2
2
2
3
3
3
1
1
2
2
2
1
-1
-1
0
-1
1
0
1
0
-1
-1
-1
0
-1
0
-1
0
0
0
0
0
1
0
0
1
0
0
-1
-1
-2
-1
1
1
1
0
0
0
1
0
1
2
2
1
0
-1
0
0
0
0
0
-1
0
1
1
1
1
0
1
1
0
2
1
2
1
1
0
0
0
0
1
2
3
2
2
1
2
1
2
2
1
1
0
1
-1
-1
-2
-2
-2
-3
-3
-2
-4
-3
-4
-4
-4
-3
-1
-1
-1
-3
-3
-2
0
2
1
1
1
1
1
1
0
0
0
0
-1
-1
-3
-3
-3
-3
-4
-5
-3
-4
-3
-3
-3
-3
-4
-3
-2
-1
-1
0
1
2
3
3
1
-1
-1
-2
0
0
0
1
0
1
0
1
0
-1
-1
0
-1
0
1
1
0
1
2
2
2
2
3
4
5
5
4
4
5
3
2
1
0
0
0
2
2
2
2
2
1
0
0
1
1
0
0
0
0
0
0
0
1
0
1
1
1
1
1
1
1
-2
0
0
0
1
0
1
0
0
-1
0
-2
-1
0
0
-1
-1
-1
-1
0
-1
-1
0
-1
-1
0
-1
-3
-3
-3
-4
-5
-5
-5
-5
-4
-2
-1
-1
-1
-1
-1
0
0
0
-1
-1
-1
-2
0
1
1
1
1
1
1
1
0
1
1
2
3
3
3
4
4
3
3
2
3
2
3
3
2
1
0
2
3
2
2
2
2
2
3
2
2
3
3
2
2
1
0
0
0
1
0
2
2
0
-1
0
-1
-3
-2
-4
-4
-3
-3
-3
-3
-3
-4
-4
-4
-3
-3
-2
-2
-2
-2
-1
-1
0
-2
-1
0
0
1
0
2
2
0
0
-1
0
-1
0
-1
-1
-1
-1
1
0
1
1
2
2
1
2
1
0
1
-1
0
0
1
0
0
0
-1
0
1
1
1
1
0
1
1
0
1
1
2
2
2
1
1
1
0
0
2
0
2
3
1
2
3
3
2
3
3
3
3
2
3
3
2
1
1
0
1
1
1
1
1
1
2
1
-1
0
1
0
-1
-1
-2
-1
-2
-3
-2
-3
-3
-2
-2
-2
-3
-1
-1
-2
-2
-1
-1
-1
-1
-1
-1
-1
-1
-1
-2
-2
-1
0
0
-1
-2
-2
-2
-1
-1
0
-1
-2
-1
0
0
-1
-1
-1
-1
-1
0
1
1
1
-1
-1
-1
-2
-1
-2
-1
-2
-3
-2
-2
-2
-1
-2
-2
-2
-1
-2
-2
-1
-1
-1
-1
-2
-1
-1
0
0
-1
1
0
0
1
0
1
0
0
1
0
2
1
0
0
0
0
0
0
1
2
1
1
1
1
0
0
0
0
1
1
2
1
1
0
0
0
-1
-1
1
0
0
-1
-1
-1
-1
-1
-2
-3
-2
-2
0
-1
-1
-2
-1
-2
-1
1
-1
-1
-2
-1
-1
-1
-2
-2
-1
-1
0
1
-1
0
0
0
-1
-1
-1
0
-2
0
0
0
-2
-1
-2
-1
0
0
0
0
0
0
-1
0
1
1
0
-1
-1
-1
-1
-1
0
0
0
0
-2
-1
1
0
0
0
-1
0
0
0
0
0
-1
-3
-2
-1
-2
-1
-2
-2
-3
-2
-3
-2
-2
-1
-1
-2
0
-1
0
-1
-2
-2
-3
-4
-3
-2
-2
-3
-2
-1
0
-1
-1
-1
0
1
0
0
1
1
0
-1
-1
-1
0
1
1
3
2
2
2
0
0
0
2
1
1
0
1
1
0
3
3
2
3
2
3
3
2
1
1
0
1
-1
-1
-1
0
2
1
1
1
2
2
2
0
0
1
2
3
3
2
3
2
3
3
4
3
3
2
3
3
1
2
1
1
0
0
0
-1
-2
-3
-2
-3
-3
-1
-2
0
0
0
0
-1
0
-2
-2
-3
-2
-1
-1
-1
0
0
0
0
1
0
-1
-1
-1
0
0
0
-2
-1
-1
-1
0
-2
-3
-3
-3
-4
-4
-4
-3
-1
-1
-1
-1
1
0
-1
-2
0
2
2
2
2
-1
-1
-2
-2
-1
0
0
0
0
0
-1
-1
-1
-1
0
2
2
2
1
0
0
2
3
3
2
3
2
3
2
4
4
3
2
3
2
3
2
1
3
1
1
1
2
1
1
2
2
1
1
1
2
1
1
0
0
0
0
-1
-1
-1
1
1
2
3
2
1
1
3
2
3
2
1
3
1
1
2
3
2
2
2
2
1
1
0
1
0
1
2
1
1
1
0
2
0
2
2
1
2
2
1
0
1
-1
0
0
-1
-1
-1
0
0
-1
0
-2
-1
0
1
0
0
0
-1
-1
-1
-2
-3
-3
-2
-3
-3
-2
-3
-3
-3
-4
-4
-3
-3
-3
-3
-3
-2
-1
-2
-3
-2
-3
-2
-3
-2
-2
-1
-2
-2
-1
0
0
0
0
-1
-2
-3
-3
-3
-2
-2
-1
0
-1
-1
-2
-1
-1
-2
-1
-1
-1
0
-1
-1
0
0
-1
-1
-2
-2
-1
-1
-1
1
0
2
2
2
2
1
2
2
2
2
2
2
1
-1
1
1
0
1
1
1
1
0
0
0
0
2
2
3
2
0
0
0
-1
-1
-1
0
0
0
1
2
3
2
3
3
3
3
1
1
1
1
0
1
1
0
2
0
0
0
-1
0
-2
0
-1
-2
-2
-2
-1
-1
-1
-2
-1
0
-2
-2
-3
-2
-1
-2
-3
-3
-3
-2
-2
-1
-1
-2
0
0
1
1
2
1
1
2
2
3
2
1
1
1
2
2
2
3
3
2
3
2
2
3
3
1
0
1
1
-1
0
1
0
-1
0
1
0
1
2
0
0
-2
-2
-1
0
0
0
0
0
1
1
2
3
2
4
2
2
1
2
2
2
3
2
3
3
3
3
3
2
3
1
3
2
1
1
0
0
1
2
1
1
2
1
1
0
0
-1
0
-1
0
1
0
0
0
0
0
0
-1
-1
0
1
0
0
0
-1
-1
-1
-2
-2
-1
-1
-2
-1
-1
-1
-1
0
-2
-2
-1
-2
-2
-3
-3
-2
-4
-3
-3
-3
-2
-3
-3
-2
-3
-3
-3
-3
-3
-2
-2
-2
-2
-2
-3
-1
-2
-2
-1
-1
-1
-1
-2
-2
-1
-2
0
1
1
0
0
-1
1
0
-1
-1
0
1
0
1
0
1
2
2
3
5
4
4
4
3
3
3
3
2
2
2
1
1
0
0
0
0
-1
0
-1
-2
-1
-1
0
0
-1
0
0
-1
-1
-1
0
-1
-1
0
0
0
1
0
-2
1
0
0
0
0
-1
-1
0
-1
-1
-1
-1
0
-1
-2
-2
-1
-1
-1
-2
-1
1
0
0
0
2
3
2
2
2
2
1
4
2
2
3
2
3
3
1
1
0
0
-1
0
0
-1
-1
-3
-1
0
2
1
2
1
-1
0
1
0
1
1
1
1
-1
0
-1
-1
1
2
1
1
1
0
1
0
0
-1
-3
-2
-1
-1
-1
0
0
0
0
1
0
1
2
2
2
1
0
0
0
1
1
-1
-1
-1
1
1
1
0
-1
-1
-1
-1
-2
-3
-2
-1
0
0
-1
-1
-2
-1
-1
-2
-2
0
-1
-2
-1
-1
-1
0
0
-1
1
1
2
1
3
2
3
1
0
0
0
-1
-2
-1
-2
-3
-2
-3
-2
-2
-2
-1
-1
-1
-1
0
0
1
0
0
-1
-1
-1
-1
-1
-2
-2
-1
0
0
0
-1
-1
-1
0
-1
0
1
0
1
0
0
1
1
1
0
-1
0
-1
-1
-1
-1
-1
0
0
0
-1
0
1
1
2
1
0
1
1
1
0
0
-1
0
0
1
0
0
-1
-1
0
0
1
1
1
0
0
0
0
1
0
1
2
0
1
2
1
1
1
0
-1
-1
-2
-2
-2
-3
-3
-2
-2
-2
-1
-1
-1
-1
-1
-1
0
0
2
2
2
1
0
0
1
-1
-1
-2
-2
-1
0
0
0
0
1
1
2
2
3
3
2
2
1
2
2
1
2
1
1
2
2
1
2
2
2
2
1
2
2
1
2
2
2
2
2
1
1
2
1
1
0
1
1
1
1
0
0
0
-1
0
1
0
0
0
1
1
1
1
1
0
1
1
0
1
-1
-1
0
1
1
-1
0
-1
-2
-1
0
1
2
2
1
0
1
1
2
1
0
0
0
-1
0
0
1
1
2
1
0
-1
-2
-2
-2
-1
-1
0
1
2
3
2
2
1
0
0
1
0
1
0
1
1
0
0
1
1
1
1
0
0
-2
0
0
0
0
-1
-3
-2
-2
-1
-2
-1
-1
-2
-1
0
1
1
1
2
1
1
1
1
-1
1
2
-1
0
-1
-1
-1
-2
-1
0
0
-1
0
0
-1
0
-2
-2
-2
-1
0
-1
-2
-1
-2
-1
-1
-2
-2
0
0
1
-1
-1
0
-1
0
1
0
0
0
1
2
1
0
-1
-1
-1
-1
-2
-2
-1
-4
-3
-1
-3
-2
-1
-1
0
0
0
0
-1
-1
0
-1
0
1
0
-1
-2
-2
0
-1
-1
1
-1
1
1
-4
2
-2
-2
2
-1
0
1
1
1
2
-2
4
0
-5
2
-3
-5
0
-3
-2
-1
-4
0
-2
-2
4
1
2
5
2
3
3
2
4
3
3
2
1
1
3
1
1
2
0
1
1
1
1
0
-1
0
-1
1
0
0
-1
-2
-1
-1
-1
-2
-1
-1
-1
1
0
1
2
1
3
3
2
3
2
2
2
0
0
0
1
0
1
0
1
1
0
-1
-3
-3
-3
-2
-1
-2
-2
-2
0
0
1
-1
0
-1
-2
-2
-2
-2
-1
-2
-2
-1
-2
0
1
2
2
1
1
0
-2
-1
-1
-2
-1
-1
-2
-2
-2
-2
-2
-4
-4
-2
-4
-2
-1
-2
0
1
0
0
0
-2
-2
0
1
1
2
0
0
0
1
0
-1
-1
1
0
1
0
0
1
1
2
0
2
0
0
0
-1
0
0
0
0
0
0
0
-1
-3
-2
0
0
1
2
3
2
2
3
0
1
-1
0
1
0
0
1
1
2
1
1
0
-1
-3
-3
-2
-3
-1
-1
0
1
0
1
2
2
2
1
2
2
2
2
1
0
0
0
-1
0
0
0
1
0
0
0
2
1
0
1
1
1
1
1
1
0
0
0
-1
-1
0
1
1
0
0
1
1
2
3
2
2
0
0
0
0
-1
0
0
1
0
1
0
0
1
1
2
1
1
0
1
2
1
2
1
1
1
1
0
-2
0
0
0
1
1
0
0
-2
-1
-1
-2
-2
-3
-3
-3
-4
-4
-4
-2
-2
-1
-1
-1
-1
0
2
2
2
1
2
1
1
1
1
0
0
2
2
2
1
0
0
0
0
0
-1
0
-1
-2
-1
-2
-1
-2
-1
-1
-1
-1
0
0
0
1
1
-1
0
1
0
0
-1
1
1
0
1
0
-1
0
-2
-2
-3
-3
-2
-1
-1
-2
-1
-2
-1
-2
-1
-1
-1
0
1
1
1
1
1
1
1
-1
-1
-1
0
0
0
-1
0
-1
-1
0
1
1
1
1
2
1
0
2
2
1
2
2
0
1
0
1
0
-1
0
-2
-1
0
1
1
1
0
-1
0
1
0
-1
-1
-1
-2
0
0
1
1
2
3
1
1
1
1
1
-1
0
0
0
-1
0
0
0
1
0
0
0
0
0
2
2
2
3
2
1
0
0
0
0
1
2
1
2
2
2
2
3
2
3
4
3
2
2
1
2
2
2
3
2
3
3
2
3
2
2
3
2
2
2
1
1
0
-1
-1
-1
0
-1
-1
-2
-1
0
-1
-1
-1
-2
-1
0
1
0
1
0
1
-1
-1
-1
-2
0
0
0
0
0
-1
0
-1
-2
-1
-2
-1
-1
0
-1
-1
-2
-2
-2
-2
-1
-2
-2
-3
-1
-1
0
0
-1
-2
-1
-1
-2
0
1
0
-1
1
2
1
0
0
1
1
1
2
2
2
2
2
2
0
0
0
-1
-2
-4
-4
-4
-2
-3
-4
-4
-5
-5
-4
-3
-4
-3
-4
-3
-2
-5
-2
-3
-2
-1
-1
0
0
-1
-1
1
1
1
1
1
0
-1
-2
-1
-1
-1
0
0
0
-1
-1
-2
-2
-1
0
0
0
1
0
-1
-1
-2
-2
-2
-2
-2
-3
-1
-1
0
1
0
1
1
1
2
4
3
4
3
3
4
4
5
5
3
4
5
4
4
5
4
4
4
3
2
1
0
0
1
1
2
1
1
0
1
0
-2
-1
0
0
0
-1
0
-1
-1
0
1
0
0
-1
-2
-1
-1
0
-1
0
1
0
1
0
-2
0
-1
0
1
0
-1
-1
-1
0
0
0
-2
-3
-2
-2
-2
-2
0
-1
0
0
2
0
0
1
1
1
0
1
1
1
1
1
1
0
1
-2
0
1
0
0
1
0
0
-1
-1
1
-2
-2
-3
-3
-2
-2
-4
-2
-4
-2
1
-1
1
-1
-1
1
0
-2
-1
0
1
1
-4
-2
-2
-3
0
-1
0
2
2
2
0
-1
-1
0
0
0
2
1
2
3
2
0
0
2
1
2
-2
-3
-1
-4
-2
-3
-7
-4
-2
-3
2
3
0
1
4
6
7
5
6
5
7
7
10
8
9
14
15
12
9
8
8
9
2
4
4
6
10
6
2
1
2
-3
1
1
5
6
4
8
4
4
8
10
6
5
9
10
9
6
3
7
9
10
10
6
10
14
10
4
9
8
9
8
2
2
0
-1
-5
-4
1
13
14
11
16
14
15
10
7
11
10
16
17
10
9
12
17
15
12
18
22
28
25
24
19
17
19
14
16
10
9
2
1
6
0
-1
-8
-10
-10
-14
-9
-19
-21
-26
-26
-23
-30
-38
-47
-37
-40
-35
-26
-22
-15
-28
-21
-20
-27
-31
-44
-39
-32
-22
-16
-4
5
1
-6
-1
12
18
6
16
15
22
24
18
1
-115
-78
63
77
10
-22
22
24
1
-42
-45
-96
-108
48
31
-65
-53
-17
12
-7
-14
-11
13
-4
-36
19
-18
-67
-34
-14
-14
-32
-14
6
-3
-20
-40
-27
-23
-42
-52
-41
-26
-134
-117
52
22
-28
19
91
40
-47
-6
0
-85
-89
111
95
-65
45
86
-4
-83
-55
34
-34
5
5
10
8
-50
6
-69
-83
-49
45
52
-12
24
-24
62
43
-22
22
11
76
62
35
27
12
-19
9
78
-33
-55
60
53
-17
-25
25
-10
-108
15
26
-65
-49
-34
15
-47
-48
20
52
-6
46
118
6
45
-5
19
68
-49
44
94
29
2
73
65
-74
-8
66
-31
-44
45
15
-99
-2
28
-105
-28
19
-70
-66
14
8
-25
-21
13
-32
-93
25
73
9
-36
90
60
-32
22
23
5
-67
54
116
-8
-32
-26
62
-5
-68
46
59
-33
-60
59
53
-135
-71
90
2
-112
66
122
-155
17
85
-133
-16
48
8
27
54
5
65
-61
-29
132
-96
15
131
-42
-6
51
-4
-37
-62
2
81
4
7
81
-30
-57
17
-30
-20
-61
24
61
-62
12
50
-47
-58
60
7
-42
20
44
34
-66
-11
55
-83
-72
79
-20
-67
88
-10
-22
42
-70
41
-47
-51
113
-29
-13
63
-55
-41
104
-48
-57
25
-37
23
-21
-17
33
-42
-53
26
-2
-48
-21
-24
1
-45
-46
53
-40
-82
42
55
-41
-36
49
-9
-65
-28
57
1
-40
72
20
-134
-39
84
-54
-58
57
9
-88
-57
67
-70
-110
39
62
-5
-12
169
31
-134
31
178
-62
-48
193
6
-50
56
70
16
-28
72
172
-18
-35
101
-69
-122
17
30
-73
-49
57
-16
-82
-17
2
-61
-43
96
76
-22
36
112
-43
-61
113
23
-22
94
75
16
45
18
-12
-30
44
103
21
72
41
-90
-22
-77
-99
43
41
14
10
-23
-81
-80
-39
-4
60
74
92
-13
-69
68
-58
-114
50
76
83
109
31
-153
-149
-13
46
-28
-39
124
23
-134
-56
-71
-143
36
106
11
61
75
3
-112
-95
1
-20
13
140
100
37
62
18
-80
-113
48
86
14
103
115
-5
-35
-54
-28
-33
-92
77
96
-55
-43
-46
-133
-167
4
132
68
13
-37
-98
-79
-23
-43
-51
40
101
58
-44
-99
4
-25
-2
97
63
76
80
-24
-216
-208
-2
158
54
-35
18
71
64
-11
-35
-77
19
154
116
-119
-75
122
121
89
-47
-54
-60
-18
61
13
38
68
113
101
-63
-215
-191
-138
21
213
173
-17
-127
-56
-38
-121
-99
-29
-9
96
105
-22
-80
-73
-30
-69
-57
60
109
46
-88
-166
-144
96
172
-26
-98
-1
192
166
-48
-163
-60
116
226
194
-28
-78
118
149
14
-76
-66
96
125
23
20
-64
-41
55
-14
-137
-153
31
138
78
-91
-95
-36
-43
-23
-111
-39
88
155
-2
-206
-36
174
162
27
-66
-55
128
134
-135
-174
-11
159
143
-28
-86
-46
84
128
-44
-163
-79
178
212
7
-86
-13
10
-6
45
-69
-75
137
293
129
-180
-141
27
32
-37
8
87
91
5
-135
-224
-102
121
70
-94
-122
-4
-15
-70
-76
-87
111
119
-31
-76
-70
72
117
75
30
12
69
-10
-180
-235
4
167
95
-12
-160
-81
23
-78
-185
-207
-111
22
118
30
-103
-102
42
112
-161
-268
-49
138
161
63
36
-31
-61
-24
-59
-47
7
152
96
-64
-93
-70
-79
-185
-102
-25
81
114
-101
-170
-105
-17
-3
-120
-94
27
79
-9
-212
-157
25
143
103
0
-22
22
120
16
-136
-197
-24
171
7
-228
-171
90
188
107
-50
-98
-70
-62
9
-15
-101
48
188
17
-198
-173
46
140
134
122
89
92
33
-55
-68
71
125
109
62
-96
-55
39
131
36
-73
62
124
23
-170
-172
-14
127
118
-45
-82
-74
69
173
6
-39
-9
99
108
-107
-113
55
147
40
-83
-10
20
-42
-33
87
137
85
139
68
-89
-204
-194
57
78
-4
31
108
89
-85
-179
-186
-74
74
222
240
61
-14
3
-3
-118
-140
33
193
273
142
47
-15
-112
-100
-1
180
148
134
111
100
-53
-295
-138
12
62
64
83
71
8
-82
-174
-74
-57
111
197
35
-51
-71
48
0
-63
39
114
15
-22
136
75
-45
-59
46
113
0
-44
-55
136
205
-6
-212
-155
71
101
97
-5
63
151
205
78
-294
-166
122
198
68
-37
18
90
125
12
-81
-83
55
133
10
-50
-88
-56
-18
-140
-228
-100
178
219
55
-52
-88
-59
-59
-150
-186
21
190
146
6
-176
-159
-47
-78
-99
-24
39
93
62
-78
-143
-149
-66
26
-47
-114
0
72
115
62
-73
-46
-88
-109
-25
-1
14
144
139
-17
-38
-18
-56
-70
46
135
205
136
20
-81
-130
-10
23
21
55
131
45
-88
-15
-51
-28
14
33
87
50
72
-39
-133
-38
61
-11
-133
22
100
87
63
-22
-106
-73
89
22
-4
94
80
45
-45
9
95
118
115
69
80
86
46
-8
32
39
95
129
-38
-93
18
128
104
0
25
36
25
-53
-144
-45
99
149
-40
-254
-293
-154
21
15
-27
-28
72
60
-142
-291
-252
0
170
83
-70
-101
4
22
-17
-124
-153
62
105
22
-94
-43
87
95
-53
-251
-173
-121
-63
-10
-20
-5
29
36
-126
-248
-164
51
116
-22
-17
56
-48
-5
25
-74
-42
48
93
10
-20
42
140
87
43
27
-103
-55
-127
-109
84
135
117
-5
-48
-55
-35
-60
-43
30
60
175
98
-7
-35
-47
4
-82
-63
196
181
161
334
127
-123
-81
-145
-96
71
102
223
272
203
98
-76
-186
-183
-78
-12
2
-92
-189
-87
-85
-123
-185
-237
-130
-91
-132
-174
-141
-116
-24
2
-175
-303
-204
4
130
114
16
13
35
3
-78
-182
-121
39
158
143
21
-33
15
14
-94
-207
-250
-99
108
167
64
-67
-39
-33
-126
-209
-120
110
286
323
95
-50
-40
-33
-39
-48
54
210
363
260
78
32
19
-23
-1
26
105
176
195
269
3
-182
-258
-218
-29
54
226
160
188
66
-191
-171
-202
12
223
296
169
67
99
-16
33
-10
6
162
204
288
265
233
110
-108
-293
-448
-428
-288
-95
96
231
185
-95
-394
-613
-579
-363
-166
-3
66
66
0
-127
-286
-354
-218
52
239
282
267
270
217
100
-71
-212
-182
-15
224
292
222
119
3
-136
-273
-300
-233
-70
32
60
-17
-142
-85
-56
-100
-29
78
89
113
232
212
132
64
38
122
120
237
336
360
343
206
-50
-261
-212
-109
232
276
21
-17
-45
-116
-252
-303
-259
66
310
300
153
-80
-77
119
104
-25
78
232
456
496
327
141
15
-18
-188
-383
-370
-24
280
242
-22
-324
-478
-573
-705
-683
-271
231
405
116
-384
-620
-477
-211
-57
88
392
696
698
336
-79
-178
101
349
292
152
158
305
380
210
-88
-253
-231
-204
-259
-321
-238
34
159
-56
-403
-568
-449
-210
-1
122
239
356
342
190
29
-28
109
348
384
266
258
232
187
118
4
2
19
54
44
-84
-208
-106
-23
-75
-74
-195
-184
-81
-95
-10
163
221
251
248
125
93
115
229
450
466
421
419
228
-57
-310
-413
-245
21
109
39
-63
-208
-427
-687
-867
-752
-381
-38
53
-62
-191
-186
-84
-48
-43
101
385
558
551
409
321
391
451
398
208
57
85
137
137
99
40
-65
-225
-395
-514
-543
-454
-280
-186
-212
-310
-379
-366
-331
-269
-77
119
203
193
149
175
158
141
210
278
319
299
180
74
126
99
-9
-75
-142
-118
-192
-186
-147
-215
-171
-39
-117
-277
-93
-68
12
222
172
213
203
227
285
242
304
432
358
100
-196
-453
-382
-83
116
181
160
25
-282
-754
-1133
-1056
-535
13
208
111
-82
-255
-350
-357
-239
137
580
749
701
462
219
223
344
428
434
359
294
298
267
213
130
4
-138
-309
-488
-561
-460
-263
-102
-88
-241
-490
-630
-597
-391
-128
58
163
187
110
-9
-41
-31
205
482
477
311
189
105
63
95
55
2
-26
26
-44
-260
-230
-25
34
-104
-200
-246
-227
-154
-59
38
123
263
217
74
37
101
291
281
-90
-353
-300
-141
69
153
112
147
60
-383
-893
-1098
-798
-135
276
260
44
-187
-326
-362
-362
-143
322
730
884
761
449
241
279
360
427
428
350
381
487
477
337
145
-120
-321
-414
-485
-405
-211
-53
16
-72
-357
-659
-768
-660
-336
47
213
200
118
-13
-70
-99
-16
222
448
526
433
266
49
-14
56
148
159
108
177
132
16
-81
-107
-80
-62
18
-16
1
72
136
114
7
3
29
159
171
27
-41
-187
-317
-329
-250
-90
94
197
78
-216
-632
-862
-784
-504
-137
55
115
16
-224
-391
-395
-204
138
452
589
626
566
378
266
305
408
498
449
328
315
382
393
301
130
-88
-260
-402
-475
-401
-257
-90
-25
-164
-418
-619
-661
-493
-239
-42
75
79
-24
-104
-128
-119
11
142
286
366
323
194
79
58
122
148
48
95
145
140
135
47
30
58
-13
-74
-92
-121
50
185
151
181
151
53
-59
-374
-654
-573
-301
17
147
77
1
-195
-557
-950
-1134
-888
-323
111
208
59
-217
-422
-519
-497
-272
123
508
740
738
537
333
200
179
269
377
453
471
510
521
452
293
40
-246
-458
-431
-265
-100
-23
-63
-120
-263
-497
-687
-688
-425
-22
187
168
42
-82
-127
-113
-73
27
212
401
518
418
280
140
1
-48
-8
58
85
134
187
266
174
60
15
-83
-16
93
122
133
163
255
348
304
144
-79
-377
-473
-338
-133
131
266
243
88
-288
-751
-1059
-1027
-636
-155
123
140
-35
-343
-556
-564
-385
-46
303
550
651
645
490
366
360
416
555
630
567
536
594
624
580
396
93
-170
-341
-369
-225
-124
-106
-109
-226
-446
-660
-756
-610
-300
-44
74
11
-152
-237
-205
-84
99
259
318
348
326
204
153
227
298
304
219
110
30
-36
0
128
170
184
202
87
-1
9
28
91
154
163
156
32
-268
-438
-334
-144
12
54
24
24
-135
-478
-748
-791
-556
-178
4
-63
-184
-362
-446
-392
-270
-25
299
525
564
501
332
238
298
400
565
650
626
577
570
548
462
301
109
-42
-175
-198
-88
-28
-84
-218
-404
-587
-732
-753
-567
-261
-17
84
-57
-324
-411
-308
-113
152
356
393
344
261
130
58
108
289
385
327
288
146
-39
-82
-10
-17
-31
53
114
98
84
148
73
-72
-42
-20
-70
-57
-169
-350
-243
75
162
-13
-168
-222
-248
-378
-586
-674
-511
-204
-63
-194
-389
-553
-566
-355
-118
39
230
373
394
385
284
187
297
466
634
722
646
508
446
437
368
264
107
-28
-158
-187
-76
-61
-175
-328
-464
-572
-620
-607
-495
-346
-233
-123
-187
-335
-305
-124
85
305
441
429
372
286
239
245
285
383
451
413
349
245
86
11
51
124
124
76
64
73
82
132
147
65
-42
-104
-93
-217
-460
-440
-135
150
209
12
-219
-315
-426
-592
-638
-538
-269
-25
-56
-221
-396
-550
-485
-177
70
251
409
387
334
326
286
332
459
591
755
768
621
502
418
331
258
204
116
-33
-219
-246
-188
-254
-390
-541
-584
-512
-530
-547
-501
-534
-504
-395
-414
-393
-219
-15
198
348
314
215
169
227
371
464
498
523
453
277
144
66
41
128
233
241
139
17
-52
-38
32
131
112
-10
-181
-302
-252
-320
-505
-393
-30
213
116
-243
-443
-380
-383
-418
-406
-427
-319
-152
-217
-376
-481
-499
-251
81
190
271
352
280
254
331
364
390
458
581
727
750
558
333
260
212
139
144
124
-43
-221
-274
-305
-402
-544
-643
-544
-406
-383
-392
-498
-623
-519
-384
-367
-257
-60
131
281
296
170
87
147
312
487
574
558
476
348
236
213
143
88
187
298
271
193
80
-62
-61
103
207
160
46
-119
-176
-162
-431
-707
-515
-18
257
115
-219
-368
-411
-557
-593
-513
-393
-113
120
-29
-341
-570
-589
-259
149
385
547
570
370
230
269
324
399
537
686
781
709
480
284
208
176
161
207
105
-160
-288
-274
-307
-404
-515
-575
-494
-385
-363
-400
-536
-628
-496
-366
-295
-127
49
221
343
253
96
82
191
367
564
636
541
356
150
69
132
187
222
375
461
342
146
-25
-119
-3
267
390
289
-41
-169
-63
-315
-782
-652
-38
312
180
-162
-380
-497
-661
-751
-686
-562
-243
135
93
-335
-707
-690
-363
-27
258
574
731
565
332
327
373
357
477
777
988
882
609
369
226
132
116
279
300
-35
-304
-330
-409
-588
-693
-643
-486
-359
-376
-486
-654
-744
-565
-331
-243
-100
88
214
253
159
59
130
280
431
567
594
482
348
272
188
174
204
318
405
363
222
111
77
-7
3
107
189
52
-98
-104
-244
-696
-788
-293
157
81
-232
-350
-383
-495
-578
-599
-624
-430
-8
99
-239
-645
-728
-383
-8
157
362
514
423
290
366
446
380
391
641
873
836
572
332
194
119
147
302
275
-80
-347
-317
-299
-441
-618
-654
-537
-414
-391
-480
-662
-762
-537
-252
-231
-253
-123
35
193
237
197
189
242
373
510
534
416
263
192
203
245
286
242
197
204
161
140
172
113
49
135
159
157
57
-134
-162
-270
-557
-373
151
234
5
-178
-243
-246
-439
-607
-560
-511
-211
251
72
-538
-821
-637
-249
59
205
328
432
379
312
370
300
201
465
908
985
697
432
266
215
278
381
476
269
-137
-196
-81
-272
-530
-530
-471
-384
-231
-318
-584
-777
-712
-333
-88
-230
-265
-140
-39
93
125
69
139
325
450
511
431
241
162
218
329
373
281
171
202
253
165
102
110
92
156
252
131
-13
-74
-61
-146
-509
-641
-215
159
36
-166
-266
-340
-442
-573
-650
-669
-497
-1
220
-215
-715
-723
-383
-34
219
389
404
346
364
444
436
284
331
731
999
851
586
346
193
236
372
463
327
-55
-280
-181
-186
-456
-630
-617
-576
-436
-340
-527
-792
-822
-546
-214
-191
-311
-257
-98
62
174
136
79
204
436
554
503
357
231
227
303
394
374
276
169
172
206
186
178
134
138
139
43
-16
-27
-192
-232
-280
-501
-465
-31
114
-80
-314
-299
-176
-420
-657
-529
-502
-306
106
-15
-488
-717
-563
-185
133
251
284
343
259
224
374
366
270
498
839
859
629
420
201
192
387
471
472
306
-43
-136
-90
-227
-389
-466
-511
-413
-288
-435
-640
-810
-841
-483
-225
-316
-303
-196
-127
7
63
17
70
230
421
544
448
271
223
239
330
472
481
271
158
270
305
241
280
244
159
231
130
-24
-177
-182
-77
-273
-599
-300
88
-126
-344
-253
-214
-270
-366
-537
-704
-612
-219
67
-212
-617
-639
-303
-98
24
230
265
199
311
461
412
265
357
697
926
790
614
521
369
321
503
589
424
139
-43
-74
-102
-200
-346
-438
-514
-449
-312
-490
-820
-828
-599
-396
-307
-373
-389
-268
-85
53
74
58
89
310
509
506
342
294
298
329
449
455
381
318
315
329
324
197
216
189
147
173
71
-40
-150
-219
-204
-355
-651
-411
-9
-74
-271
-450
-369
-344
-556
-566
-541
-629
-238
108
-280
-692
-635
-300
-14
156
226
264
254
201
365
462
318
398
785
938
687
531
454
341
397
587
580
403
126
-39
-100
-217
-313
-311
-376
-436
-333
-322
-612
-838
-862
-673
-335
-291
-402
-339
-257
-211
-112
-100
-87
126
395
501
412
277
186
204
315
535
610
490
311
377
377
223
215
415
485
369
384
158
-76
-261
-57
-216
-445
-354
83
149
-321
-540
-442
-490
-504
-344
-547
-702
-384
-177
-288
-667
-801
-566
-96
94
152
195
44
21
331
496
360
346
685
889
872
701
576
470
496
582
756
643
265
118
102
-62
-152
-176
-364
-508
-406
-312
-432
-733
-912
-719
-528
-462
-384
-428
-527
-271
18
-89
-163
49
249
360
441
346
163
176
359
513
548
490
389
307
281
348
393
283
291
364
235
217
119
-158
-195
12
-108
-364
-344
-147
-61
-195
-300
-294
-334
-451
-445
-479
-673
-484
-163
-292
-629
-596
-435
-356
-235
-58
83
70
59
257
393
267
297
626
745
632
614
662
587
553
622
617
495
355
281
222
-4
-142
-111
-229
-471
-402
-339
-499
-688
-739
-693
-603
-526
-497
-476
-483
-351
-213
-249
-206
16
195
221
295
260
182
187
317
392
462
539
466
340
317
370
338
311
403
462
361
215
129
-70
-117
127
133
-492
-743
-120
176
-238
-498
-392
-325
-320
-357
-560
-977
-881
-102
89
-608
-963
-625
-338
-215
-26
88
-39
-88
291
628
341
41
393
869
858
647
630
568
432
624
891
707
351
274
318
178
-43
-174
-216
-400
-444
-227
-304
-809
-954
-691
-554
-571
-548
-557
-567
-430
-203
-203
-356
-240
93
240
207
208
139
107
285
562
510
352
450
436
401
392
352
197
300
518
631
400
32
0
38
183
353
188
-556
-867
-119
468
-53
-643
-621
-315
-44
-190
-612
-1056
-1185
-238
420
-410
-1219
-942
-422
-91
97
-2
-210
-258
206
887
651
-98
49
834
1104
888
685
568
361
658
1220
899
254
132
294
381
185
-158
-367
-544
-524
-136
-210
-849
-1062
-700
-496
-469
-565
-701
-649
-417
-149
-49
-203
-219
80
282
261
253
179
151
477
728
613
374
357
473
537
417
278
260
269
466
476
208
-74
100
368
431
74
-128
-192
-455
-340
-48
-198
-326
-168
-129
-187
-546
-846
-765
-668
-451
-144
-360
-894
-884
-562
-382
-338
-258
-78
220
289
306
319
109
270
847
1027
850
672
569
655
806
870
811
539
452
504
284
-46
-243
-295
-223
-225
-357
-486
-731
-908
-761
-672
-675
-568
-591
-618
-464
-414
-354
-263
-134
68
205
160
162
248
329
466
571
610
469
469
479
461
417
392
382
288
333
267
233
20
65
235
401
356
251
45
-236
-181
-467
-701
-177
348
70
-261
-478
-566
-649
-825
-555
-498
-596
-151
-116
-867
-1122
-748
-395
-64
162
225
253
95
116
416
402
348
773
1097
1043
797
634
724
689
808
983
704
346
260
75
-121
-194
-326
-372
-343
-485
-566
-721
-1027
-1034
-816
-673
-539
-557
-664
-630
-604
-479
-225
-68
61
230
324
272
285
295
334
489
700
692
526
446
397
315
279
360
382
388
372
252
56
-62
200
239
215
138
130
-44
-112
-327
-715
-602
-92
256
-107
-516
-680
-587
-664
-600
-630
-822
-481
-53
-255
-839
-902
-764
-262
313
358
134
93
210
405
486
353
535
856
1144
1268
768
339
494
668
733
823
544
231
68
-62
-140
-388
-435
-273
-358
-530
-611
-899
-1123
-927
-688
-565
-562
-643
-610
-572
-547
-306
-66
103
322
404
312
277
273
334
464
715
777
664
584
442
326
420
427
458
476
379
307
228
82
11
53
102
338
280
141
-153
-446
-527
-513
-592
-274
140
-63
-372
-538
-713
-780
-699
-490
-249
-159
-163
-286
-732
-923
-555
9
291
334
315
227
174
244
310
507
649
938
1226
861
309
286
478
657
829
764
501
157
0
-80
-323
-487
-321
-165
-248
-498
-803
-1026
-1034
-839
-544
-466
-657
-620
-534
-582
-529
-262
-54
97
301
405
255
62
215
411
530
667
796
583
479
469
428
341
418
450
373
152
223
238
48
106
-46
-50
145
374
46
-187
-463
-157
-250
-888
-560
32
-5
-164
-275
-665
-624
-616
-331
-151
-413
-197
115
-412
-954
-450
-149
-119
219
373
274
181
23
266
434
306
733
1116
735
458
411
415
584
720
735
599
249
167
143
-314
-432
-162
-97
-244
-522
-762
-690
-858
-850
-601
-600
-638
-540
-621
-717
-560
-373
-111
82
252
241
138
125
246
404
513
691
775
734
525
441
448
413
543
491
333
246
142
-108
-98
134
103
-106
-125
22
-94
-149
-146
-266
-336
-420
-389
-404
-215
33
-11
-366
-355
-154
-488
-486
-185
-212
-201
22
-453
-849
-423
-206
-100
-28
84
194
227
-14
78
226
209
654
941
628
446
485
459
635
630
593
527
247
249
210
-216
-338
-139
-119
-265
-484
-621
-571
-686
-774
-662
-670
-638
-490
-546
-613
-472
-353
-86
93
253
353
260
228
353
494
548
667
773
751
564
515
504
366
338
392
323
127
15
10
-54
-56
27
33
-280
-222
108
-15
-205
-161
-179
-270
-307
-448
-164
70
-40
3
-203
-334
-194
-395
-481
-125
-163
-136
-161
-613
-544
-261
-275
-112
125
163
180
134
26
180
399
546
775
794
663
549
447
577
716
546
507
505
203
118
-17
-285
-291
-159
-274
-435
-523
-616
-659
-818
-806
-617
-553
-563
-523
-479
-432
-294
-123
68
190
321
367
318
373
415
520
636
657
635
523
378
362
376
284
166
128
167
99
-114
-153
-67
-125
-44
-90
-232
-118
-39
-67
-54
-178
-154
-176
-546
-215
205
-130
-181
-92
-210
-199
-430
-592
-322
-239
-145
-121
-648
-754
-357
-254
-271
-72
71
150
250
79
141
327
358
659
881
686
483
461
553
683
568
470
417
226
170
116
-202
-388
-167
-133
-383
-581
-634
-568
-692
-735
-532
-555
-609
-445
-400
-409
-351
-174
65
187
285
305
208
275
434
497
538
587
546
408
311
315
334
303
239
230
185
119
-21
-119
-78
13
73
175
37
-168
-96
39
76
-23
-19
-254
-545
-367
172
3
-410
-198
23
-53
-526
-734
-523
-366
-105
53
-631
-1008
-409
-147
-127
-194
-116
228
327
148
87
114
203
709
1031
682
332
306
528
687
567
491
468
257
257
190
-257
-379
-188
23
-126
-470
-541
-465
-619
-699
-506
-475
-473
-348
-280
-388
-408
-229
-24
100
266
350
177
169
265
317
398
453
542
429
260
252
297
321
276
257
175
184
43
-43
-92
58
163
200
155
-148
-205
-159
146
136
-19
-62
-358
-679
-402
47
-142
-287
-101
20
-274
-806
-720
-424
-250
46
89
-630
-794
-316
-210
-146
-127
116
416
280
79
63
70
269
831
941
581
273
292
470
481
387
439
415
230
271
56
-392
-349
-88
2
-186
-481
-466
-453
-654
-683
-548
-492
-367
-237
-304
-399
-399
-241
10
110
185
212
158
182
254
295
396
475
551
458
304
307
385
417
357
298
259
116
64
202
24
52
209
101
139
-68
-152
61
201
-82
-30
-390
-739
-184
-26
12
-179
-294
-124
10
-667
-676
-231
-299
119
89
-592
-842
-377
-177
-24
-12
-184
298
227
-39
118
121
271
842
884
555
345
107
478
696
494
605
534
204
218
171
-188
-207
-25
96
-34
-485
-603
-481
-650
-647
-460
-448
-432
-412
-468
-500
-520
-306
3
60
84
161
70
27
196
300
443
525
562
491
331
296
411
435
374
403
280
143
-4
23
142
73
188
170
36
-43
-118
-168
5
7
-56
-39
-743
-659
62
62
-198
-289
-268
-75
-431
-833
-414
-423
-234
254
-387
-968
-581
-261
-159
-38
-108
158
344
11
56
190
95
659
1105
711
398
271
364
691
562
532
645
289
250
330
-161
-365
-58
96
-89
-459
-573
-436
-582
-824
-618
-552
-565
-431
-411
-563
-573
-342
-115
-4
20
198
178
69
160
253
301
416
572
455
365
313
427
425
353
341
254
231
101
64
106
171
137
195
65
-77
-73
-105
106
-84
-102
-175
-590
-539
88
39
-366
-282
-155
-49
-578
-733
-374
-364
-165
75
-523
-896
-400
-260
-164
-107
-47
350
365
57
114
248
259
794
1025
674
471
399
541
703
533
574
672
350
234
195
-233
-248
38
3
-261
-551
-483
-443
-685
-806
-597
-564
-517
-443
-570
-605
-472
-221
-98
-54
69
167
144
184
182
226
499
617
508
375
292
296
347
449
338
260
253
172
70
-34
56
185
323
167
-7
-115
-44
41
48
-12
20
-176
-609
-306
31
-131
-256
-269
-199
-143
-641
-682
-365
-410
-161
-78
-662
-749
-373
-333
-203
-114
-5
362
244
-40
109
230
364
888
887
569
487
388
524
631
486
621
589
254
166
28
-355
-198
66
-6
-323
-587
-492
-505
-748
-761
-485
-469
-429
-376
-510
-539
-373
-129
11
60
205
272
160
159
258
289
516
658
513
371
275
270
369
447
417
302
269
194
56
48
166
286
264
120
-41
-89
-57
46
13
-108
155
-286
-620
-316
-1
-113
-306
-339
-208
-305
-767
-499
-415
-450
-57
-177
-660
-609
-288
-286
-98
-34
125
425
129
23
239
270
490
943
805
544
471
388
572
546
500
600
408
167
143
-95
-366
-101
40
-135
-504
-549
-462
-530
-713
-632
-495
-488
-434
-491
-564
-538
-294
-103
-13
66
101
111
104
132
216
356
497
522
412
302
212
268
481
444
310
328
168
75
-12
21
235
309
261
54
-141
-161
22
74
36
-33
42
-321
-615
-369
-123
-54
-250
-327
-178
-416
-739
-483
-385
-334
-32
-188
-543
-458
-338
-291
-77
16
269
492
189
37
224
296
593
879
772
619
448
398
527
488
472
579
418
217
101
-129
-298
-66
39
-161
-428
-479
-416
-529
-685
-577
-422
-359
-341
-421
-475
-437
-264
-64
56
149
204
140
130
129
224
458
592
562
423
287
180
307
419
466
398
332
181
14
-51
67
281
294
296
-27
-156
-131
-71
-38
30
44
-32
-295
-614
-367
-73
-104
-185
-202
-224
-384
-612
-582
-300
-174
-32
-90
-497
-483
-314
-254
-39
130
277
384
192
-63
62
220
513
807
701
467
346
299
357
446
413
468
427
164
-6
-197
-339
-136
8
-189
-486
-455
-402
-583
-730
-563
-413
-378
-380
-385
-472
-501
-225
-37
-43
152
239
103
103
153
223
402
587
540
347
228
264
251
377
426
346
288
196
52
-105
65
207
253
115
-20
-167
-133
-54
-120
-129
-34
-9
-490
-575
-164
-58
-198
-246
-230
-157
-356
-592
-397
-271
-183
24
-272
-512
-339
-269
-192
-26
67
284
309
45
32
160
273
609
732
519
419
356
349
451
459
469
448
294
171
57
-242
-231
-14
-20
-307
-586
-439
-402
-588
-691
-458
-411
-445
-398
-420
-445
-398
-125
-38
-9
127
204
84
42
214
251
432
609
510
275
215
250
320
393
368
344
181
129
72
-49
-16
229
200
110
-16
-166
-106
-71
-60
-89
65
-208
-444
-360
-115
-29
-271
-317
-181
-149
-472
-453
-356
-270
-61
-160
-398
-447
-284
-214
-108
-61
94
355
174
12
105
251
478
707
620
500
448
400
447
493
483
517
407
189
103
-54
-144
-89
50
-99
-401
-562
-382
-372
-647
-548
-330
-377
-455
-439
-358
-337
-218
-40
-14
-24
210
267
83
179
336
392
465
492
383
237
254
319
346
328
366
242
55
25
-13
13
173
171
72
-23
-135
-178
-97
-33
-34
6
-117
-339
-511
-320
29
-84
-251
-232
-197
-410
-504
-429
-322
-142
-97
-238
-431
-402
-298
-189
-100
28
278
300
133
30
103
362
595
695
582
438
386
386
384
428
510
491
347
63
-95
-166
-168
-17
-5
-251
-473
-494
-453
-546
-620
-435
-276
-409
-512
-449
-405
-277
-117
-25
35
98
216
166
54
189
351
434
493
414
262
212
185
259
274
311
313
106
-31
-68
-63
52
141
75
24
-122
-194
-139
-134
18
40
-40
-249
-469
-437
-154
1
-192
-233
-205
-251
-525
-531
-360
-238
-83
-197
-358
-432
-361
-248
-156
-45
181
398
270
97
43
236
542
705
698
593
507
443
368
379
458
567
501
241
-4
-175
-222
-146
39
-107
-354
-460
-405
-483
-650
-520
-311
-274
-370
-416
-393
-288
-161
-50
10
101
263
249
137
194
287
391
492
501
421
299
259
257
266
314
373
280
116
1
22
101
109
142
143
71
-55
-136
-40
10
35
34
-48
-384
-424
-188
12
-77
-256
-216
-225
-372
-535
-371
-233
-155
-126
-291
-359
-296
-191
-138
-51
43
261
359
173
86
108
350
597
626
525
447
419
298
265
293
409
383
203
9
-174
-335
-267
-125
-140
-328
-500
-522
-525
-608
-568
-414
-368
-340
-482
-499
-308
-195
-109
-20
26
173
221
169
148
201
359
466
420
410
362
271
283
236
340
382
301
222
66
33
107
123
73
138
59
8
-48
-99
-2
71
-5
-94
-295
-419
-220
47
-91
-222
-282
-335
-285
-489
-393
-94
-115
-219
-242
-388
-321
-119
-142
17
111
114
275
179
46
217
403
526
618
514
431
483
333
329
449
438
440
322
55
-103
-160
-153
-12
-61
-215
-372
-482
-525
-483
-471
-334
-257
-350
-460
-430
-269
-160
-40
40
106
142
163
196
209
304
411
453
421
411
391
307
284
268
351
355
297
205
69
53
39
88
98
80
0
-29
-105
-175
-102
-27
-27
-128
-248
-410
-358
-195
-39
-111
-289
-358
-307
-424
-442
-195
-159
-181
-236
-344
-263
-186
-149
4
119
100
200
207
173
254
312
431
525
480
439
432
355
292
354
355
352
267
33
-81
-135
-177
-154
-138
-263
-344
-487
-570
-441
-480
-407
-301
-413
-437
-395
-340
-204
-60
-33
38
33
67
150
143
250
309
306
312
289
303
268
234
229
258
240
220
120
44
19
40
77
1
13
-2
-97
-115
-89
-106
7
-66
-126
-229
-473
-312
-100
-163
-186
-241
-394
-357
-493
-444
-100
-130
-218
-263
-350
-237
-126
-127
38
180
133
181
164
149
310
413
465
481
437
387
426
343
289
403
400
299
179
22
-45
-90
-169
-132
-127
-255
-343
-450
-518
-457
-385
-317
-309
-358
-371
-368
-293
-151
-34
51
66
66
74
125
202
315
353
357
342
306
266
250
263
298
313
265
189
119
74
73
118
80
81
64
2
-58
-139
-95
-28
-19
-94
-148
-263
-283
-233
-173
-131
-201
-233
-268
-393
-402
-236
-125
-121
-172
-225
-192
-193
-141
15
140
153
140
143
147
236
343
419
440
417
375
370
333
305
366
339
260
161
37
-15
-49
-132
-152
-168
-251
-302
-403
-463
-436
-423
-387
-344
-365
-339
-335
-333
-249
-137
-46
-5
-4
12
39
97
185
247
298
297
249
212
193
235
299
309
285
204
105
80
64
112
132
103
88
16
-49
-58
-44
-60
-32
-83
-72
-174
-306
-245
-177
-180
-206
-231
-246
-323
-426
-344
-200
-175
-166
-168
-190
-206
-204
-62
106
174
195
202
170
159
279
415
468
446
419
387
323
267
319
389
304
201
101
7
-56
-115
-140
-112
-180
-284
-328
-395
-392
-359
-365
-311
-284
-296
-266
-267
-199
-96
-55
30
85
103
131
146
198
317
326
332
335
287
259
247
290
342
309
226
176
103
108
129
125
130
77
35
-32
-49
-28
-12
-31
-52
-38
-153
-220
-210
-135
-104
-160
-186
-219
-261
-331
-251
-158
-151
-131
-128
-136
-173
-165
-48
86
132
166
204
159
155
229
321
422
416
386
340
259
231
297
319
305
238
102
26
-66
-101
-85
-112
-163
-223
-322
-384
-377
-336
-287
-275
-278
-268
-292
-287
-205
-118
-39
-16
20
46
54
94
170
243
263
254
230
203
198
215
239
250
205
156
104
48
29
62
90
75
13
-59
-48
-74
-95
-71
-68
-44
-59
-172
-231
-197
-170
-132
-143
-189
-210
-280
-314
-231
-177
-182
-173
-185
-180
-175
-167
-80
26
72
81
82
85
126
192
235
272
294
291
278
229
193
224
245
186
134
97
35
-31
-100
-130
-119
-160
-222
-275
-309
-333
-307
-283
-266
-247
-257
-252
-226
-176
-101
-50
-18
5
32
47
80
144
195
216
210
200
198
190
213
219
213
159
138
132
94
81
64
44
21
-4
-11
-30
-67
-73
-72
-74
-101
-109
-128
-169
-202
-181
-130
-153
-168
-194
-210
-208
-227
-141
-110
-143
-119
-87
-82
-70
-19
48
108
71
95
142
126
174
216
241
229
190
185
202
164
148
145
115
75
22
-17
-37
-86
-114
-140
-179
-191
-223
-241
-249
-250
-238
-235
-232
-192
-182
-162
-125
-98
-60
-44
-25
48
64
72
107
117
148
159
171
200
209
172
176
168
177
177
150
158
135
104
88
67
65
61
42
23
-11
-23
-37
-67
-78
-57
-67
-100
-136
-138
-97
-130
-127
-109
-111
-113
-142
-117
-70
-66
-37
5
13
1
31
41
104
130
148
162
125
152
178
195
203
208
193
157
149
138
151
123
94
74
26
7
-33
-35
-59
-86
-88
-124
-129
-150
-140
-139
-139
-130
-104
-81
-94
-54
-41
-8
17
45
85
85
87
97
145
163
178
169
149
162
143
167
156
161
126
109
91
66
70
41
46
7
-18
-37
-44
-47
-53
-48
-88
-89
-111
-96
-70
-89
-83
-96
-93
-70
-54
-42
-44
-35
-20
4
12
34
51
58
73
82
109
120
117
137
130
139
148
146
148
117
92
80
84
71
77
32
3
-15
-53
-52
-73
-74
-93
-139
-153
-154
-158
-154
-145
-150
-140
-146
-139
-105
-95
-65
-43
-28
-4
1
19
45
53
74
80
87
102
90
90
100
97
99
88
47
49
19
27
15
-10
-26
-48
-86
-91
-93
-108
-76
-118
-125
-142
-168
-142
-125
-119
-111
-111
-122
-103
-106
-77
-34
-34
-28
-36
-36
-13
-5
24
40
49
54
46
36
40
44
58
62
53
49
28
2
5
3
7
11
-9
-13
-37
-59
-59
-53
-57
-55
-67
-75
-78
-90
-80
-76
-61
-53
-53
-52
-44
-35
-26
-6
4
30
33
34
52
53
76
86
91
94
86
69
77
78
64
75
71
64
34
-3
-11
8
-3
5
-5
-46
-61
-71
-64
-44
-48
-46
-47
-66
-79
-64
-48
-26
-23
-12
-2
-8
-3
2
29
51
57
66
62
45
39
51
70
89
79
67
53
28
23
36
56
64
39
23
15
14
20
34
39
40
27
12
13
15
21
27
22
31
19
10
5
0
8
3
2
-4
-6
-16
-20
-15
-14
2
1
-2
2
-1
9
19
36
42
48
46
44
55
58
70
76
74
64
67
70
75
79
63
56
48
32
32
42
41
35
18
4
-9
-14
-13
-2
-11
-16
-23
-33
-35
-42
-32
-29
-24
-24
-28
-34
-45
-29
-19
-7
-6
-4
-2
-15
-5
-2
11
19
13
10
-4
-6
-5
4
14
20
10
-11
-16
-26
-17
-8
1
10
-12
-29
-44
-45
-38
-29
-20
-19
-33
-49
-54
-52
-35
-18
-14
-12
-18
-28
-26
-24
-8
9
15
11
1
-8
-5
4
14
25
27
15
7
-1
3
11
10
16
2
-2
-14
-18
-10
-8
-17
-24
-30
-37
-36
-49
-38
-30
-41
-42
-55
-51
-34
-36
-36
-33
-43
-42
-32
-29
-21
-31
-30
-21
-32
-29
-19
-15
-5
-13
-2
-1
-10
-2
2
7
17
15
11
10
-2
2
10
6
12
4
3
5
-1
2
3
-1
3
-3
-11
-14
-17
-12
-10
-10
-11
-13
-18
-22
-15
-10
2
-3
-11
-14
-20
-14
-5
7
10
3
-8
-12
-10
-7
5
12
13
8
-2
-4
-1
7
19
22
24
20
11
5
9
16
29
34
30
24
11
-5
-5
7
17
28
16
-2
-20
-25
-12
-4
3
-3
-15
-26
-46
-51
-39
-26
-17
-18
-30
-43
-54
-48
-16
-6
1
11
-6
-17
-24
-14
13
23
27
27
11
-3
-2
15
37
42
38
23
4
-4
-2
11
23
24
14
-1
-23
-22
-16
-6
6
2
-9
-24
-36
-35
-21
-6
1
-1
-12
-18
-17
-8
6
19
22
17
15
15
13
21
32
47
49
42
35
32
28
30
40
42
41
25
14
12
14
11
8
6
-5
-13
-26
-25
-25
-25
-22
-24
-27
-37
-42
-31
-23
-22
-21
-19
-22
-27
-23
-8
3
9
14
16
14
13
19
30
36
41
46
38
29
22
27
39
44
38
32
20
12
11
15
20
22
16
8
-2
-6
-5
-2
-1
-7
-14
-19
-22
-27
-24
-20
-17
-23
-31
-33
-32
-30
-24
-18
-13
-11
-13
-16
-18
-19
-13
-7
-2
-3
-10
-16
-18
-17
-14
-10
-11
-13
-17
-23
-24
-21
-17
-18
-25
-30
-33
-34
-32
-30
-28
-33
-35
-37
-35
-29
-19
-14
-14
-13
-14
-10
-6
2
13
20
25
25
25
28
34
45
53
57
53
50
50
52
53
58
58
58
51
42
38
32
31
33
34
25
14
0
-9
-11
-9
-8
-11
-15
-20
-26
-25
-19
-15
-10
-9
-10
-9
-9
-5
2
9
15
21
19
20
20
26
33
38
45
43
36
32
30
33
40
42
36
24
14
9
8
4
8
5
-2
-12
-21
-18
-16
-14
-14
-16
-21
-30
-35
-32
-23
-17
-15
-16
-24
-27
-27
-18
-7
1
6
2
-5
-10
-6
3
13
22
22
16
6
0
2
6
11
12
12
2
-8
-13
-14
-8
0
3
-4
-15
-23
-26
-26
-21
-14
-13
-20
-30
-37
-38
-34
-27
-22
-16
-20
-25
-28
-26
-15
-2
9
16
11
7
6
14
23
31
35
36
31
23
20
19
25
31
34
31
17
2
-10
-11
-7
-8
-13
-26
-36
-47
-53
-52
-48
-49
-54
-58
-65
-67
-66
-60
-52
-47
-42
-40
-38
-37
-30
-21
-11
-7
-3
1
3
10
13
19
22
25
29
27
25
22
25
27
27
28
22
18
14
13
16
15
15
12
9
5
4
2
7
8
7
6
4
5
4
3
4
6
9
11
11
12
13
13
16
17
19
17
17
19
21
24
21
24
24
24
25
27
26
22
19
17
13
11
10
8
7
2
0
-1
-2
-2
-2
-4
-6
-9
-13
-13
-13
-11
-10
-11
-11
-12
-11
-13
-12
-10
-8
-4
-2
-1
0
1
6
6
9
7
7
7
6
5
4
5
4
2
1
-2
-3
-4
-4
-4
-6
-6
-9
-11
-13
-11
-10
-11
-11
-11
-11
-14
-15
-15
-14
-10
-7
-7
-6
-7
-4
-1
2
3
6
6
5
5
4
6
6
8
9
10
7
7
4
4
7
9
10
8
5
3
1
1
0
0
-1
-4
-7
-9
-11
-11
-7
-6
-4
-4
-5
-5
-5
-3
1
4
4
3
3
3
5
6
9
10
11
10
10
9
8
10
10
10
10
9
8
6
4
5
6
4
3
0
1
0
1
1
-4
-6
-8
-4
-2
-4
-7
-9
-8
-8
-7
-7
-8
-7
-6
-4
-3
-2
-1
-1
1
3
6
8
8
9
9
9
12
15
14
14
12
12
10
11
12
9
10
7
7
4
2
1
4
6
5
4
-1
-1
-3
-2
-1
2
1
0
-1
-2
-2
-1
1
1
2
0
-4
-6
-4
0
3
3
2
3
1
2
2
4
7
8
6
5
4
5
6
7
8
9
6
5
4
4
4
3
2
0
-4
-6
-9
-10
-11
-11
-11
-16
-16
-21
-20
-19
-19
-17
-19
-20
-19
-19
-19
-16
-15
-13
-13
-13
-13
-11
-9
-8
-6
-5
-6
-8
-6
-8
-7
-6
-6
-6
-9
-8
-6
-7
-8
-8
-8
-7
-7
-6
-5
-2
0
2
4
5
6
6
9
10
11
13
14
13
13
15
14
13
13
11
10
8
9
6
7
7
6
6
5
5
2
4
3
2
0
1
1
0
0
1
2
1
-1
-1
-1
2
2
2
1
2
1
0
0
3
4
4
5
4
4
2
5
6
6
7
5
3
2
1
3
4
4
3
1
-2
-4
-3
-1
-2
-2
-2
-4
-9
-11
-12
-10
-9
-11
-12
-13
-14
-14
-15
-12
-10
-9
-8
-8
-7
-7
-6
-3
-1
1
2
2
2
4
7
9
10
10
12
14
13
14
16
18
18
19
19
18
19
20
21
21
21
19
18
16
14
13
12
11
11
9
5
3
2
3
2
1
-1
-3
-5
-5
-5
-5
-5
-7
-8
-8
-9
-10
-8
-6
-5
-6
-7
-9
-8
-8
-7
-8
-9
-10
-11
-11
-12
-11
-10
-10
-9
-9
-8
-7
-5
-4
-3
-3
-3
-4
-5
-4
-4
-3
-3
-1
-3
-3
-2
-1
-1
-1
-2
0
-2
-3
-2
-2
-2
-2
-3
-3
-3
-4
-4
-3
-2
-2
-2
-3
-3
-2
0
1
0
1
1
2
1
2
3
3
1
3
3
2
3
3
5
4
4
3
0
1
1
0
1
1
2
1
1
2
2
2
1
2
3
1
2
0
2
3
2
1
0
1
-1
-2
-2
-2
-1
-2
-4
-4
-3
-3
-3
-4
-4
-5
-4
-3
-3
-3
-2
-3
-3
-3
-2
-1
-1
-1
0
-1
-2
-1
-1
-2
0
0
1
0
-1
0
2
3
3
4
3
3
2
3
3
2
3
0
1
0
1
2
3
4
3
3
2
0
0
-1
0
-1
0
0
-1
-1
-1
-2
-4
-4
-5
-5
-7
-6
-4
-4
-2
-1
-1
-3
-4
-4
-3
-2
-1
1
2
1
1
1
2
2
3
4
6
4
3
3
5
5
6
5
4
4
3
4
6
6
7
6
6
5
5
5
6
5
3
2
1
-1
-1
-1
0
-1
-2
-2
-3
-4
-4
-3
-3
-4
-4
-5
-7
-5
-6
-7
-5
-5
-4
-3
-2
-2
-2
0
1
2
3
5
4
4
3
2
2
1
1
1
1
2
4
3
3
4
3
3
2
0
-2
-2
-2
-2
-3
-3
-3
-3
-4
-6
-4
-4
-3
-3
-3
-3
-3
-4
-3
-2
-1
-1
-2
0
0
0
1
-1
0
-1
-1
0
-1
0
1
2
2
3
3
4
5
5
5
4
2
3
3
3
4
3
2
0
0
1
1
1
2
0
-2
0
0
0
0
0
1
1
0
0
0
1
1
1
2
1
0
-2
-1
0
-2
-2
-2
-2
-2
-1
-2
-1
-2
-2
-1
-3
-1
-3
-4
-5
-5
-5
-6
-5
-5
-5
-3
-3
-3
-1
-2
-2
-2
-2
-1
-2
-1
-1
-1
0
1
1
1
2
2
4
3
2
1
2
1
0
1
1
0
0
1
0
1
2
2
1
0
-1
1
0
-1
0
1
0
-2
-3
-3
-5
-4
-3
-3
-4
-3
-3
-3
-3
-3
-2
-4
-4
-3
-3
-2
-2
-2
-1
-1
0
0
0
-1
-1
-1
-1
-2
-1
-1
0
1
0
-2
-3
-2
-3
-3
-3
-2
-3
-1
-2
-2
0
-2
-1
-2
-2
-1
-1
-1
-2
-2
-4
-5
-4
-3
-3
-1
0
0
0
0
3
3
4
5
4
1
2
2
1
2
5
7
7
8
8
7
6
8
7
7
6
4
1
-1
-1
-3
-3
-2
-2
-2
-1
-1
-3
-4
-4
-4
-4
-4
-6
-7
-7
-5
-4
-2
0
1
2
2
1
1
1
1
2
2
1
-1
-1
0
1
3
3
4
2
3
1
0
0
0
-1
-1
-1
1
2
4
4
4
4
4
4
4
3
2
2
2
2
4
4
4
5
6
3
4
3
2
3
3
4
4
3
3
4
3
2
2
0
1
2
2
2
2
1
2
2
1
2
0
-1
-1
-2
-2
-2
-2
-2
-1
-2
-3
-2
-3
-4
-4
-3
-2
-1
0
0
0
1
1
1
1
1
0
1
1
1
0
1
1
2
4
5
5
3
4
2
2
1
-1
-3
-4
-5
-4
-3
-2
-1
0
3
3
4
1
1
1
0
0
-1
-1
1
1
1
2
1
2
2
2
3
2
3
3
5
5
4
3
3
4
2
1
0
-1
-2
-1
1
2
2
1
0
-1
-1
0
-1
0
1
2
0
0
-1
-1
-1
-2
-2
-1
0
-1
0
-1
-1
0
0
1
2
2
2
3
3
3
2
2
1
0
1
0
1
3
2
2
2
2
3
2
1
0
0
0
0
0
0
-1
-2
-2
-1
0
0
-1
0
-1
-2
-2
-2
-2
-1
-1
0
0
3
2
1
0
0
-1
-1
-2
-3
-3
-4
-3
-1
-3
-2
-3
-2
-3
-4
-3
-3
-5
-4
-6
-7
-8
-10
-11
-10
-9
-10
-7
-7
-6
-5
-4
-2
-1
-2
0
-2
-4
-5
-6
-6
-7
-8
-8
-6
-5
-4
-4
-3
-2
-2
-2
-2
0
-1
-1
0
-1
-1
-1
-1
0
-2
-2
-1
1
0
-1
0
3
4
5
6
4
4
4
3
4
3
4
4
4
4
4
2
4
3
5
8
6
6
7
8
8
7
6
7
7
4
4
3
4
4
3
3
4
4
5
5
6
6
5
6
5
3
2
1
1
1
0
1
1
1
4
5
5
4
4
4
5
4
4
3
2
2
1
2
1
1
0
-1
0
-2
-1
-1
-1
-1
1
2
3
2
2
3
2
0
1
1
-1
-1
-4
-3
-3
-4
-4
-3
-4
-4
-3
-3
-1
-1
-1
0
-1
-2
-3
-3
-2
-4
-4
-5
-3
-1
-1
0
-1
-1
-1
-2
-1
-2
0
-1
0
0
-1
0
1
0
1
0
-1
-2
-2
-1
0
-1
-1
-1
1
1
2
3
2
2
0
0
0
0
0
-1
-1
-1
-1
0
0
1
2
4
6
5
4
4
4
2
0
-1
-2
-3
-3
-2
-1
-1
0
-1
0
-1
0
0
-1
-3
-5
-4
-5
-4
-6
-6
-6
-5
-5
-3
-1
-1
0
1
-1
-1
1
1
0
1
2
1
0
1
1
0
0
-1
-1
-2
-1
-1
-1
-1
0
-1
0
1
2
3
3
2
0
0
-1
-3
-3
-3
-2
0
1
1
2
1
1
1
1
-1
-1
0
1
2
3
3
3
4
3
5
4
3
4
3
5
4
4
3
2
2
2
2
3
0
-1
0
1
0
0
1
1
0
1
0
1
1
1
1
2
3
3
3
2
1
0
-1
-2
-2
-2
-3
-2
0
1
1
2
2
1
1
1
0
0
-1
0
-1
-1
-2
-3
-4
-5
-5
-5
-4
-5
-3
-3
-2
-1
-2
-2
-2
-2
-3
-3
-3
-1
0
-1
0
-1
-1
-1
-3
-3
-4
-3
-2
-2
-1
-2
-1
-1
-2
-2
-3
-4
-4
-5
-4
-5
-5
-2
-1
-3
-3
-3
-3
-5
-5
-4
-4
-5
-5
-4
-2
-3
-1
-2
-2
-2
-2
-1
-1
0
1
2
3
3
3
2
1
-1
-2
-2
-3
-1
1
1
0
0
2
4
4
3
2
0
-2
-1
-1
-1
-2
-1
-1
0
-1
-1
-3
-3
-4
-4
-2
-1
0
0
1
2
3
2
0
-1
0
0
1
-1
-2
-1
0
0
-1
-1
0
0
1
0
0
0
2
2
2
1
1
2
1
2
3
4
4
3
2
0
2
0
0
0
0
1
2
3
3
3
3
3
3
3
3
2
2
2
4
3
3
3
1
0
0
-1
-1
-2
-1
1
2
3
4
3
2
3
0
0
-2
-3
-2
0
2
3
3
2
2
2
3
1
0
-1
-1
-2
-2
-2
-3
-1
0
1
0
0
-1
-1
-2
-2
-1
-1
-1
1
1
2
2
1
2
1
1
-1
0
-1
-2
-1
-1
-1
-2
-2
-3
-3
-3
-2
0
-2
-2
-3
-2
-3
-2
-2
-3
-2
-2
-3
-6
-5
-5
-6
-5
-4
-3
-1
-1
-1
0
0
-1
-1
-1
-1
-2
-2
-3
-3
-2
-1
-1
0
1
1
2
1
-1
-1
-2
-1
0
0
1
2
2
1
2
3
2
1
0
1
1
3
3
3
4
5
4
4
3
2
2
4
4
5
4
3
4
3
3
3
2
2
2
1
2
3
2
2
4
5
6
4
4
4
3
2
-1
0
0
1
2
1
2
3
4
4
2
2
1
2
0
1
2
2
3
2
3
3
3
3
3
4
3
2
2
2
1
1
-2
-3
-2
-2
-2
-2
-1
-3
-1
-1
0
-1
-1
-1
-2
-1
0
0
0
-1
-2
-3
-1
-1
-2
-2
-4
-4
-2
-3
-2
-2
-1
0
-1
-1
-2
-1
-1
-1
-2
-2
-4
-3
-3
-4
-4
-4
-3
-4
-4
-2
-2
-1
-1
-1
0
0
-1
-1
0
0
1
0
-1
-1
-2
-3
-4
-5
-6
-6
-6
-5
-3
-1
0
1
2
2
1
2
1
0
-3
-4
-4
-4
-4
-3
-3
-2
0
1
2
3
2
2
3
2
2
2
0
2
1
-1
-2
-1
-1
2
1
1
2
2
2
3
3
3
2
1
0
-1
0
-1
-1
-1
-2
-2
0
1
0
0
1
1
2
3
4
4
3
2
2
0
-1
-2
-1
-2
-2
-2
-2
-1
-1
0
0
1
2
2
2
2
1
1
1
1
2
0
-2
-3
-3
-3
-3
-2
-2
-2
-1
-1
-1
0
2
3
4
5
5
5
5
4
4
3
3
1
1
1
-1
-2
-2
-2
-1
0
1
2
4
3
4
3
3
0
-2
-3
-2
-3
-3
-2
-2
-2
-1
-1
1
1
2
2
1
1
2
1
-2
-3
-4
-4
-5
-4
-2
-1
-2
-1
0
0
0
-2
-4
-4
-4
-3
0
0
1
1
0
0
-1
-1
-2
-2
-1
-1
0
1
3
4
3
2
1
1
1
-1
-2
-2
-1
-2
0
-1
-1
0
1
1
2
2
2
2
2
1
1
2
2
0
-1
-2
-3
-3
0
0
0
-1
1
2
1
1
0
1
2
1
2
2
2
1
2
2
3
3
1
1
0
-1
0
-1
-1
1
1
1
2
2
3
1
1
0
-1
-2
-1
-3
-2
-2
-4
-2
-3
-2
-2
-1
0
1
2
0
0
1
0
-2
-3
-2
-1
-2
-2
-1
1
1
2
1
1
1
2
1
2
3
4
3
3
3
2
2
2
2
3
2
2
2
3
5
6
6
6
5
4
4
2
1
0
0
1
1
1
1
0
1
2
2
1
1
1
2
2
4
4
3
3
1
0
-1
-2
-2
-1
-1
-2
-3
-2
-2
0
0
1
1
1
0
-2
-2
-1
-2
-3
-3
-1
-1
-1
-1
0
0
0
1
3
2
2
2
2
3
3
3
2
1
0
-1
-1
-3
-5
-6
-7
-5
-4
-2
-3
-1
0
2
2
0
-1
0
-1
0
-2
-1
-2
-2
-1
-1
-1
-1
-1
-3
-3
-5
-4
-3
-2
-2
0
1
1
1
1
0
0
-2
-3
-3
-3
-4
-3
-2
-1
1
1
1
1
0
-1
-3
-3
-4
-4
-2
-1
0
0
0
0
0
0
-1
-2
-3
-2
0
1
-1
-1
-1
-1
-2
-4
-5
-5
-4
-5
-5
-3
-1
0
2
2
2
2
0
-1
1
1
0
0
-1
0
0
1
1
-2
-2
-1
0
0
-1
-1
-1
2
3
3
5
3
3
2
1
1
-1
-3
-3
-2
-2
-1
2
4
5
6
6
4
3
1
0
0
-2
-2
-2
0
2
2
4
3
4
3
3
0
-2
-4
-2
-2
-1
0
0
3
3
3
2
1
-1
-2
-2
-1
-1
0
0
2
3
2
2
-1
-1
-3
-3
-3
-3
-3
-3
-1
1
1
3
3
4
3
3
3
1
1
2
3
2
2
1
0
-1
-2
-3
-3
-4
-4
-2
0
1
4
5
6
7
4
2
0
-2
-3
-5
-6
-4
-2
-1
2
2
3
3
3
2
0
-2
-4
-4
-2
-1
0
2
3
2
1
-2
-5
-9
-11
-11
-12
-10
-6
-3
1
4
5
7
5
2
1
-3
-6
-10
-10
-8
-5
-2
0
2
4
7
4
2
0
-2
-1
0
1
1
1
3
2
2
0
-3
-5
-7
-7
-5
-2
0
4
6
8
9
8
5
3
0
-4
-6
-7
-8
-6
-3
0
1
3
4
5
3
2
1
-1
1
0
0
2
4
4
4
4
0
-4
-7
-8
-10
-12
-10
-6
-2
3
6
10
11
11
10
5
0
-6
-9
-11
-12
-11
-7
-4
-3
1
5
7
9
5
6
6
4
4
3
4
5
6
6
5
2
1
-1
-4
-6
-7
-6
-4
0
4
8
12
14
14
15
12
7
3
0
-3
-4
-5
-5
-4
-3
0
2
3
4
4
4
6
6
7
7
8
8
6
5
4
2
-2
-3
-3
-4
-3
-2
-1
2
4
5
7
7
5
3
2
1
-3
-3
-5
-4
-4
-3
-2
0
1
1
1
1
1
2
3
5
6
5
6
6
5
3
-1
-3
-5
-5
-6
-7
-4
1
3
4
5
4
3
3
0
-3
-6
-8
-8
-7
-4
-3
-2
0
1
2
2
-1
-3
-3
-1
-2
0
0
2
5
5
5
2
0
-4
-8
-10
-12
-11
-10
-7
-4
1
6
9
10
9
8
5
2
-1
-5
-6
-6
-6
-6
-4
0
1
3
3
2
3
1
0
0
-2
-3
-1
0
2
1
0
0
0
0
-2
-2
-2
-2
-1
-1
-2
0
0
2
2
1
1
2
2
1
2
3
2
1
-1
-3
-4
-6
-8
-6
-5
-2
0
2
3
4
5
4
0
-4
-7
-8
-10
-11
-9
-5
-1
5
10
13
13
14
12
10
4
-2
-6
-9
-11
-11
-11
-9
-5
-1
3
4
4
5
4
2
1
2
1
1
2
2
3
4
4
2
1
-1
-3
-4
-5
-5
-6
-5
-2
1
5
9
11
13
12
12
8
5
1
-2
-5
-8
-8
-6
-4
-4
-1
2
3
4
4
4
3
2
2
2
1
-1
-1
0
-1
-1
-2
-4
-2
-5
-5
-5
-4
-3
-2
1
2
3
6
6
5
4
3
3
1
-1
-3
-3
-6
-7
-9
-9
-9
-8
-6
-4
-2
-1
1
1
2
1
1
0
-1
-2
-4
-5
-5
-5
-5
-4
-5
-5
-5
-4
-5
-5
-5
-6
-6
-5
-4
-3
-2
0
0
2
1
3
3
2
1
0
1
-1
-1
-2
-4
-3
-4
-5
-6
-5
-4
-4
-4
-2
-1
0
0
2
2
2
2
3
2
0
-2
-2
-3
-2
-2
-2
-2
-1
0
0
0
0
2
3
4
4
3
3
4
4
4
3
2
3
2
2
2
1
0
-1
-1
-1
-1
0
1
3
3
5
6
6
5
4
2
1
1
-2
-1
-3
-3
-1
0
0
2
4
4
4
5
4
3
3
1
-1
-1
-2
-2
0
2
3
5
6
5
4
3
4
2
0
-2
-5
-5
-3
-1
0
1
2
3
2
2
1
0
-1
-2
-3
-2
-2
-1
1
2
4
3
1
0
-1
-2
-3
-3
-5
-7
-6
-6
-5
-3
-1
0
3
6
9
9
7
5
4
2
1
0
-1
-2
-5
-4
-2
-2
-1
3
4
5
5
6
4
3
3
3
4
2
3
5
5
5
4
2
2
0
-2
-5
-6
-6
-5
-5
-4
-3
0
4
7
9
9
7
4
2
-1
-3
-6
-7
-7
-7
-5
-3
-2
1
1
2
2
1
0
-3
-4
-4
-3
-2
0
3
5
4
3
2
1
-1
-1
-2
-4
-3
-2
-2
-1
2
2
3
3
3
1
1
0
-1
-1
-1
-1
0
1
1
1
1
0
0
0
0
0
-1
-2
-2
-3
-4
-3
-2
-2
0
2
2
5
4
3
3
3
2
0
-2
-3
-4
-5
-6
-5
-4
-4
-5
-4
-3
-1
-2
-1
-2
-2
-2
0
1
1
2
3
4
3
3
2
1
0
-4
-5
-4
-4
-5
-4
-3
-1
1
4
5
5
5
4
3
1
-2
-2
-3
-3
-3
-1
1
2
4
3
3
2
1
0
-1
-2
-4
-6
-5
-5
-3
-2
2
3
4
4
4
1
1
0
-1
-2
-2
-4
-2
-1
0
1
1
2
0
0
0
-3
-3
-3
-2
-1
-2
-2
-1
0
1
1
3
3
3
1
1
0
-1
-1
-2
-1
-1
-1
1
3
4
5
5
4
2
2
0
-1
-1
-3
-2
-3
-1
0
1
3
3
2
1
-1
-1
-3
-3
-3
-2
-1
-1
0
1
1
1
1
2
2
1
0
-1
0
0
1
2
1
2
3
4
5
5
4
5
3
2
0
-1
-2
-2
-2
-2
0
0
0
0
-1
1
1
1
2
2
3
2
2
2
2
0
1
-1
-1
0
0
0
0
-1
-1
0
0
2
3
3
3
3
1
0
-1
0
-1
-1
0
-1
-1
0
0
0
1
2
2
4
4
5
4
3
3
3
0
-1
-3
-3
-1
0
2
3
1
1
0
0
-1
-2
-4
-4
-2
-2
-2
-2
-2
-1
0
2
1
-1
-2
-3
-2
-2
-1
-3
-1
1
1
1
1
1
1
-1
-3
-2
-4
-4
-6
-5
-3
-3
-2
0
1
2
1
1
0
1
-1
-1
-2
-2
-1
-2
-1
-1
-1
-1
-2
-1
-2
-1
-1
0
0
0
0
0
-1
0
-2
-3
-4
-4
-4
-4
-3
-1
-2
-1
-1
-1
-1
-1
-2
0
0
1
1
2
3
2
1
1
0
0
-1
-2
-1
-2
0
1
1
1
1
0
0
0
0
0
-2
-1
-1
-2
-1
-1
2
3
1
2
2
1
1
-2
-2
-2
-2
-1
-2
-2
0
1
0
1
2
2
2
1
2
2
2
3
3
2
1
1
1
-1
-1
-3
-3
-2
-3
0
0
0
-1
-1
-1
0
-1
-2
-2
-1
-1
-1
0
2
2
2
1
0
-1
-3
-3
-3
-2
-2
-2
1
1
0
0
1
2
1
2
1
0
-1
0
0
-2
-2
-1
-1
-1
-3
-3
-2
-3
-1
-1
0
-1
1
0
0
0
1
1
-2
0
-4
-4
-2
-2
-2
-1
0
1
2
2
1
1
1
1
1
0
0
1
1
1
1
2
2
1
0
1
0
0
0
-1
-1
1
1
1
1
0
0
0
-1
-1
-1
-1
-1
0
0
0
1
0
0
1
2
1
0
-2
-2
-2
-3
-3
-2
-2
1
1
2
4
4
3
3
5
4
4
3
1
0
-1
0
2
0
0
1
-1
-1
0
1
2
3
4
3
3
3
3
2
1
0
1
0
0
0
0
0
1
1
1
2
1
0
1
0
1
1
1
1
1
2
3
2
1
0
-1
-1
-2
-2
-1
-2
-3
-2
-1
-1
-1
-1
-2
0
-1
1
-2
-1
-1
0
-1
-1
-1
-1
-1
-1
-2
-2
-2
-1
-1
-2
-2
-2
-3
-2
-1
0
-1
-1
0
0
0
-1
-2
-1
-1
-1
-2
-3
-2
-1
-1
-1
-2
-2
-3
-3
-3
-2
-1
-2
-1
-1
-1
-1
-1
-1
-1
-1
-1
-1
0
1
2
3
2
1
1
0
0
-1
-1
-1
-1
0
1
0
1
1
0
0
1
0
-1
-1
-1
0
0
0
0
0
2
2
1
2
2
2
2
3
3
4
4
5
5
3
2
3
3
2
2
2
2
2
2
2
2
2
2
2
2
1
1
1
-1
0
-1
-1
-1
0
1
1
2
2
1
1
-1
-1
-1
0
-1
0
-1
-1
-3
-3
-3
-4
-3
-3
-2
-2
-2
0
0
1
0
-1
0
1
0
0
-2
-1
-1
-2
-2
-1
-2
-2
0
1
2
2
1
1
2
1
1
-1
-3
-4
-3
-3
-3
-3
-2
-3
-2
-1
-2
-1
-1
0
0
1
3
4
3
2
1
0
1
1
2
3
3
3
2
3
1
0
1
1
0
1
1
1
1
4
4
4
3
2
2
2
-1
-2
-4
-3
-3
-2
-1
0
1
1
1
1
3
3
3
3
2
2
1
1
0
-1
0
1
0
1
0
0
0
0
-1
-1
-1
-1
0
0
1
-1
0
-2
-1
0
-1
-2
-2
-1
1
-1
0
2
0
0
2
1
0
0
1
0
0
0
0
-1
0
1
0
1
1
2
4
5
6
6
4
2
3
3
1
1
0
0
0
0
1
2
2
2
1
2
4
3
2
2
2
2
-1
-1
-1
-1
1
1
0
-1
-2
-1
0
-2
-1
-2
-1
1
1
2
2
3
1
1
1
-2
-3
-3
-4
-5
-4
-3
-3
-1
-2
-2
-2
-2
-2
-2
-3
-3
-3
-3
-5
-4
-4
-3
-2
-2
-3
-2
-1
-1
-2
-2
-2
-2
-2
-3
-3
-4
-3
-4
-5
-5
-5
-6
-6
-6
-6
-6
-5
-3
-3
-1
0
-1
0
-2
-1
0
0
1
1
0
0
-1
-1
-1
-1
-3
-2
-1
0
2
4
5
6
5
5
5
4
2
1
1
1
0
1
2
3
3
3
3
2
3
2
2
2
3
4
3
4
3
3
4
4
2
2
1
1
-1
0
1
1
2
3
3
2
2
1
1
1
0
0
-3
-2
-2
-1
-1
0
1
1
1
1
-1
-1
-1
-1
0
0
0
1
2
2
0
0
1
0
0
0
1
2
3
3
3
3
4
2
1
1
1
1
2
2
1
3
3
2
2
3
3
3
3
3
3
3
1
1
0
0
-1
-1
-1
-1
-1
-1
-1
0
-1
-1
0
0
2
1
2
1
0
0
0
0
0
-1
0
0
0
-1
-1
-1
-1
-1
0
0
-1
0
0
-2
-1
-2
-2
-2
-2
-3
-2
-2
-2
-1
0
-2
-2
-2
-2
-1
-1
0
0
2
3
1
1
0
1
1
0
1
2
2
3
1
1
1
0
0
1
0
0
0
-2
-1
-1
0
0
0
0
-1
-2
-3
-3
-2
-2
-1
0
0
0
0
-1
-1
-1
0
0
0
-1
-1
-1
-1
-2
-1
-1
-2
-3
-3
-3
-1
-1
1
1
1
2
2
3
1
-1
-4
-3
-3
-3
-3
-2
-2
-1
1
1
1
1
1
0
0
0
1
1
0
2
2
1
0
0
0
1
-1
-1
-3
-2
-2
-2
-2
-3
-2
-1
0
1
1
1
1
0
0
0
-1
-2
-1
0
-1
0
0
0
-1
0
0
0
0
0
-1
-1
-1
0
1
0
0
0
0
1
2
1
3
3
2
0
0
1
1
1
-1
0
-1
-1
0
-1
0
2
2
3
2
2
2
0
1
-1
-1
-1
-2
-2
-2
-3
-1
0
1
1
1
1
0
-1
-1
-2
-2
-1
1
1
0
-1
2
0
-2
-3
-3
-4
-3
-3
-3
-5
-5
-3
-3
-2
0
1
0
1
0
1
0
0
0
-1
-1
-1
-1
-2
-2
-2
-2
-1
-1
-1
-2
-3
-3
-5
-2
-2
-2
-2
-2
-3
-4
-2
-1
-1
-2
-3
-2
-3
-3
-3
-1
-1
-1
-1
-2
-2
-2
-2
-2
-2
-3
-4
-3
-2
-2
-2
0
0
-1
0
2
1
2
0
-2
-3
-4
-5
-5
-5
-5
-5
-7
-6
-4
-3
-3
-4
-5
-6
-5
-5
-3
-4
-2
-1
-1
0
0
0
1
2
2
1
1
2
2
5
5
6
7
8
7
7
7
7
6
5
4
4
4
6
5
6
6
7
8
8
7
7
7
7
8
6
6
7
6
6
6
4
2
2
2
2
3
1
1
1
0
-1
1
1
2
2
2
1
1
0
-1
-1
0
1
-1
2
2
1
2
1
0
0
1
1
3
1
0
0
-1
-3
-4
-2
-3
-2
-2
-2
-2
-1
-1
-1
0
0
0
0
0
1
-1
-2
-2
-2
-3
-1
-1
0
-1
-1
-1
-1
-3
-3
-3
-2
-1
-1
0
1
1
-1
0
0
0
0
0
1
1
3
3
4
4
4
4
3
4
2
2
2
3
2
0
0
-1
-2
-1
-1
-2
-1
-2
-2
-2
-2
-1
-2
-3
-3
-2
-1
-1
-2
-3
-2
-2
0
0
0
1
3
3
2
0
0
0
1
1
-1
0
-1
0
-1
-1
-1
-1
-1
-1
-1
0
1
0
-1
0
-1
0
0
1
1
2
2
2
1
0
1
-1
-2
-2
-2
0
1
1
1
0
1
1
0
-1
-1
-1
-1
-1
1
0
1
3
2
2
1
3
2
2
1
1
1
2
1
1
2
2
4
4
2
3
3
2
2
0
-2
0
1
0
0
1
-1
2
2
0
1
1
0
-1
-1
-2
-1
-2
0
1
0
0
-1
-1
-1
-1
0
1
2
2
2
3
2
1
1
1
0
-1
0
1
3
2
3
3
3
3
2
3
2
1
0
1
0
0
1
2
3
2
2
3
2
2
3
3
4
5
4
4
2
2
2
2
2
3
0
-1
-3
-2
-3
-2
-3
-1
0
1
2
1
1
0
-1
-1
-1
-1
-1
-1
-2
-1
-2
-1
-2
-1
-3
-2
-4
-5
-3
-4
-4
-5
-6
-4
-5
-5
-6
-6
-7
-5
-5
-5
-5
-6
-6
-6
-5
-5
-4
-5
-4
-4
-4
-4
-4
-4
-3
-1
-1
-3
-1
-2
-1
-2
-2
-3
-4
-2
-2
-2
-1
-2
-3
-4
-3
-3
-2
-1
-1
-2
-2
-2
-3
-3
-3
-4
-5
-5
-5
-5
-5
-4
-5
-5
-5
-3
-2
-2
-2
-2
-1
-2
0
-3
-2
-2
-1
1
1
2
4
3
4
5
5
4
3
3
4
3
4
3
3
2
3
3
2
1
2
2
3
2
1
2
3
3
3
5
4
3
4
3
3
4
4
5
4
4
5
5
5
5
5
5
5
4
6
4
4
4
2
2
3
3
3
2
1
1
2
2
1
1
1
0
0
1
1
0
0
0
0
-1
-1
-1
0
1
1
1
1
0
-1
-2
-1
-1
-1
-1
-1
1
0
0
0
0
1
0
1
0
1
0
1
1
1
0
2
2
3
3
2
2
3
2
2
1
2
3
4
5
5
4
3
4
4
4
3
1
1
2
2
2
1
2
2
2
3
4
4
3
2
1
1
1
1
1
1
-1
-1
-1
-2
-1
-2
-2
-2
-3
-3
-2
-2
-2
-2
-2
-2
-1
-1
-1
-3
-3
-3
-3
-3
-5
-5
-4
-3
-2
-2
-2
0
-1
-1
0
-2
-2
-3
-4
-4
-4
-5
-5
-7
-4
-4
-4
-4
-4
-3
-2
-2
-3
-1
-1
-1
0
-1
0
-1
-2
-1
1
0
0
-1
1
3
2
2
2
2
3
3
3
2
1
1
1
1
2
1
2
1
-1
-1
0
-1
-1
0
0
2
2
3
3
3
4
3
3
1
2
1
0
1
1
2
3
2
2
1
1
2
2
2
1
1
-1
0
1
0
1
0
-1
0
1
0
1
2
1
2
2
1
1
2
2
2
1
0
0
1
1
1
0
1
1
0
0
0
2
1
2
2
1
1
2
0
1
0
-1
0
-1
0
0
-1
-1
-2
-2
-1
0
0
-2
-1
-1
-2
-3
-2
-2
-2
-4
-3
-3
-3
-4
-4
-4
-4
-3
-2
-1
-2
-2
-3
-4
-3
-2
-1
-2
-3
-3
-4
-3
-4
-4
-5
-5
-5
-3
-3
-3
0
-1
0
-1
-2
-2
-1
-1
0
-1
-2
-1
-1
-2
-2
-1
-1
0
1
2
2
1
0
1
0
0
-1
0
0
0
-1
-1
-1
1
1
0
2
3
3
3
3
2
4
3
2
2
1
1
1
1
1
2
1
-1
-1
-1
-1
-1
0
1
1
0
0
0
-1
-1
1
2
-1
-1
-2
-1
-2
-1
-2
-2
-1
0
0
0
0
0
-1
0
0
-1
-1
-2
-2
-1
-1
-1
-1
0
0
1
2
2
2
2
3
2
2
1
3
2
1
0
1
0
0
1
1
0
2
2
1
0
0
1
0
0
0
1
-1
-1
0
-1
-2
-3
-2
-3
-3
-3
-4
-3
-3
-3
-4
-3
-3
-2
-2
-3
-3
-3
-3
-3
-4
-2
-2
-1
0
-1
-1
-2
-2
-2
-3
-2
-3
-3
-1
-1
-1
-2
-3
-2
-2
-4
-2
-2
-2
-2
-1
-1
-2
-3
-3
-2
-1
-2
0
0
-2
-1
0
1
2
2
2
1
2
3
3
3
2
2
3
3
4
4
4
3
3
2
2
2
1
1
0
0
0
0
1
1
1
3
2
2
1
1
1
2
2
2
3
2
3
3
3
2
3
2
1
0
0
-1
0
-1
-2
-2
-1
-1
-1
-1
-1
-1
-1
-1
-1
-1
0
0
0
0
0
0
0
-1
-1
-1
-1
-2
-2
-2
0
-1
-1
0
0
0
0
-1
-1
-1
1
1
1
2
2
2
3
1
1
1
1
1
0
0
0
1
2
2
2
1
1
1
2
1
1
0
-1
0
-1
-1
-1
-1
-1
0
0
-2
-2
-2
0
0
0
1
0
0
-1
1
0
0
1
1
1
-1
-1
-1
-1
1
2
1
-1
1
1
1
2
2
3
2
3
3
4
4
3
3
3
4
4
4
4
6
6
6
5
4
5
4
5
4
5
5
4
4
4
4
2
4
3
3
4
4
2
2
3
3
4
3
2
3
3
3
0
1
1
1
1
1
0
0
1
1
0
0
0
1
1
0
0
-1
-2
-2
-2
-3
-3
-3
-4
-3
-3
-3
-3
-1
-2
-2
-2
-2
-4
-4
-3
-3
-3
-3
-4
-4
-4
-4
-3
-3
-3
-3
-4
-4
-2
-4
-4
-5
-5
-4
-4
-2
0
-1
-1
-1
-2
-2
-1
-1
0
2
1
2
1
1
0
0
0
0
0
0
0
1
2
1
1
0
0
-2
-1
-2
-2
-1
-1
-1
-1
0
0
0
1
1
2
2
2
1
2
0
0
-1
-1
-1
1
1
1
1
1
0
-1
-1
-2
-3
-1
-2
-2
-2
-2
-2
0
0
0
0
-1
-2
-1
0
0
1
1
0
-1
0
-2
-1
-1
0
0
-2
-1
-1
-2
0
0
1
2
2
1
1
2
2
2
1
3
2
3
4
3
3
3
3
2
2
2
2
1
1
1
1
1
2
2
2
2
1
0
-1
-1
-2
-1
-1
-1
-1
0
-2
-1
-1
-2
-2
0
-2
-2
-1
-3
-1
0
-1
0
-1
-1
-1
-3
-2
-1
-2
-3
-3
-4
-3
-3
-3
-2
-2
-1
0
0
1
0
-1
0
1
0
0
2
1
2
1
2
2
1
1
1
0
0
0
0
0
0
1
2
1
1
1
-1
0
0
-1
-2
-1
0
-1
-1
-1
0
1
0
0
1
0
1
1
1
1
0
-1
-1
-2
-2
-4
-3
-4
-5
-4
-5
-4
-3
-2
-1
-2
-1
-1
-2
-1
-1
0
-1
-1
-2
-2
0
0
0
-1
0
-1
-2
-3
-4
-4
-4
-4
-3
-3
-4
-3
-1
-2
-2
-2
-1
-1
1
1
0
0
1
2
0
0
-1
0
0
0
0
0
-1
-1
-1
1
0
0
0
0
-1
-1
-1
0
0
0
0
0
1
1
2
2
3
2
2
2
2
2
4
5
4
4
5
3
3
2
2
2
2
1
1
2
1
3
4
3
4
3
3
2
1
1
1
1
2
2
2
2
3
2
1
1
0
1
1
1
2
1
1
1
1
0
0
-1
-1
0
-1
0
0
-2
-2
-1
-1
-1
0
0
0
-2
0
-3
-1
-1
0
-1
0
0
0
1
0
1
1
1
0
-1
0
-1
-1
-1
-1
-1
-1
-1
0
-1
-1
-1
-1
-2
-1
-2
-1
0
0
-1
0
0
1
-1
-2
-1
-1
0
1
0
1
-1
-1
1
1
1
0
0
-1
0
-1
0
-2
-1
-2
-3
-1
-1
0
0
-1
1
1
0
-1
1
0
2
1
0
0
0
0
0
0
-1
-1
-2
-2
-1
0
0
0
-2
-1
