-3
-3
-3
-2
-1
-1
-1
-1
-1
-3
-3
-3
-5
-6
-5
-3
-3
-3
-2
-3
-5
-4
-3
-1
0
0
-1
-2
-3
-2
-2
0
1
1
2
0
0
1
-1
-1
1
2
2
1
1
1
3
5
4
3
3
1
1
2
1
1
0
0
1
0
1
3
5
5
5
5
4
3
2
1
1
2
3
2
4
4
3
3
2
2
2
0
-2
-2
1
1
2
-1
0
2
3
3
2
0
-1
0
3
3
3
2
2
2
1
1
0
0
1
2
2
-1
0
0
2
2
1
0
1
2
1
0
0
0
1
2
1
-1
-1
-1
0
1
0
-2
-1
1
1
0
-1
-1
-1
0
-1
-1
-1
0
1
0
-2
-2
-2
0
-1
-1
-1
-2
-1
-1
0
1
0
-1
-3
-4
-3
-1
-1
0
0
0
0
-1
-2
-1
-1
-1
-4
-3
-3
-3
-3
-2
0
-1
-2
-3
-3
-1
-1
0
1
1
0
-3
-4
-2
-1
0
1
1
0
1
1
0
0
-1
-2
-1
-1
-2
-1
-1
0
0
-1
-1
-3
-4
-3
1
0
2
2
3
3
0
1
0
-1
-2
-3
-3
-4
-4
-3
-3
-1
-1
0
0
-2
-1
-2
-3
-3
-2
-3
-3
-2
-1
2
1
2
2
1
-2
-2
0
-1
0
1
2
2
3
2
0
0
-2
-2
-1
-1
1
3
2
0
0
3
3
1
0
0
3
3
3
1
-2
-2
0
1
3
2
-1
-1
-2
0
1
0
0
0
1
2
3
1
0
0
1
1
1
1
-1
-1
0
0
1
0
0
-1
-2
0
2
1
1
0
1
2
1
1
1
0
2
5
8
6
4
2
2
2
2
1
0
0
-1
-1
-2
0
-1
1
2
2
-1
-2
-3
-4
-3
-1
0
-1
0
0
-1
1
3
2
0
-1
-1
0
2
1
1
1
0
0
1
2
3
2
1
0
-1
-3
-3
-1
-1
0
-2
-1
3
2
0
-3
-2
1
2
2
1
-1
0
1
2
1
-1
1
3
3
2
-2
-6
-5
-3
-2
0
-1
4
5
5
4
0
-3
-4
-3
1
2
3
2
1
-1
-1
0
1
-2
-1
2
4
3
2
0
-3
-3
-4
-4
-5
-4
0
4
5
4
0
-2
-3
-3
-2
-1
0
2
1
2
1
-2
-2
1
5
5
6
5
4
0
-2
-2
-5
-4
-2
2
5
4
3
-1
-4
-7
-7
-5
-1
1
5
4
1
1
-1
-5
-5
-3
2
4
3
2
-3
-4
-3
-4
-7
-9
-4
2
3
2
-3
-4
-6
-6
-2
1
3
5
4
0
-4
-8
-7
-4
-2
4
9
13
11
5
-3
-11
-12
-8
-6
2
7
14
15
11
2
-8
-12
-11
-4
0
7
12
16
14
5
-6
-14
-13
-6
4
10
13
13
10
4
-5
-11
-10
-3
5
13
14
12
7
0
-8
-15
-16
-11
0
10
17
15
9
1
-8
-13
-12
-6
6
15
19
19
11
1
-12
-22
-24
-16
3
18
27
25
14
-2
-22
-36
-35
-21
0
22
35
33
23
7
-9
-27
-31
-26
-11
7
21
30
25
12
-6
-23
-32
-29
-14
7
23
28
28
12
-9
-32
-39
-29
-12
7
23
31
33
20
-5
-27
-36
-26
-9
5
18
28
33
29
11
-13
-31
-31
-18
-4
6
14
21
23
11
-12
-29
-31
-19
-2
8
15
13
11
2
-12
-19
-13
-5
3
5
6
12
13
5
-8
-17
-13
-6
-2
2
3
11
17
13
-1
-11
-14
-8
-2
-2
3
6
12
6
-4
-6
-4
3
3
-3
-7
-4
1
1
-2
-9
-9
-5
3
1
-2
-1
0
1
-1
-3
-4
-3
-2
1
6
8
5
-1
-5
-4
5
8
2
-8
-6
6
13
8
-2
-4
6
10
2
-9
-13
-6
4
6
-5
-10
-3
7
10
3
-7
-8
1
3
-1
-5
-3
4
10
9
2
-6
-8
-7
-2
1
-2
-6
-8
-2
7
9
1
-4
-4
3
5
-2
-6
-2
9
11
0
-9
-8
7
16
8
-6
-11
0
12
10
-3
-13
-8
8
9
-3
-15
-9
6
10
-2
-12
-6
5
9
0
-8
-2
8
8
-2
-12
-7
5
8
1
-7
-1
9
6
-7
-16
-8
5
11
-1
-9
-2
12
16
0
-14
-9
6
11
2
-10
-9
8
16
8
-5
-10
0
9
3
-5
-6
6
12
4
-10
-13
1
10
8
-1
-1
5
9
3
-10
-14
-6
4
4
-4
-7
-1
8
10
5
-2
-2
1
0
-4
-6
1
8
8
4
0
-4
-2
-1
1
1
2
5
4
0
-4
-2
0
3
1
1
1
0
1
1
3
0
-4
-5
-2
4
7
2
-2
1
7
8
1
-9
-9
2
11
13
3
-7
-6
0
1
-6
-11
-6
5
10
5
-4
-10
-5
-1
-3
-6
-5
1
8
10
6
1
0
0
1
-1
-4
0
4
7
5
3
1
2
1
-3
-4
-4
-1
4
4
3
-1
-3
-2
1
2
-3
-4
-1
2
2
-1
-2
-2
1
1
0
-1
-3
-3
-3
-2
-1
-1
2
0
-5
-7
-3
1
1
-3
-4
0
5
6
-2
-8
-4
2
4
-1
-5
-3
3
7
4
-3
-4
3
4
1
-4
-4
4
9
7
-1
-5
-2
2
-1
-6
-9
-1
7
4
-5
-9
-5
6
9
3
-3
0
6
8
1
-7
-4
2
8
4
-2
-5
-1
4
3
-1
1
5
10
4
-3
-2
2
5
4
-1
-3
0
4
4
-1
-4
1
5
4
-1
-7
-2
6
7
2
-1
-2
-1
-2
-3
-5
-2
-1
3
2
0
-2
-1
-1
-4
-5
-4
-3
-2
-2
-2
0
2
4
0
-4
-2
0
2
-1
-3
-3
-2
-1
-3
-6
-2
1
6
5
3
-1
-3
-4
-5
-5
-3
3
6
8
8
3
1
3
-3
-6
-3
-1
6
3
3
0
3
2
-1
-6
-7
-2
2
5
1
-1
0
2
1
-3
-7
-5
0
3
3
0
-2
0
1
-4
-7
-4
1
4
3
-1
-1
-2
-3
-3
-3
-3
1
5
3
-1
-2
0
-2
-5
-7
-5
0
3
3
-1
-3
-2
1
2
-3
-3
-3
2
3
-1
0
1
3
3
3
1
0
2
3
4
2
4
2
1
-2
-5
-5
-5
0
4
3
1
1
5
7
1
-4
-8
-4
-3
1
1
-1
0
1
3
3
-2
-3
-2
-2
0
0
0
-2
-3
-1
-2
-2
-3
-2
-4
-5
-3
-1
-1
-1
-3
-3
-3
-2
0
-2
-3
-1
4
5
2
-2
-2
0
2
3
2
2
3
2
2
-1
-2
-2
2
6
5
4
2
-1
-2
-1
1
4
2
0
0
2
2
2
-1
-1
0
4
8
8
1
-2
2
3
5
4
3
5
7
11
9
-2
-3
3
-6
-7
1
1
7
6
3
8
2
0
1
-1
1
1
-4
2
1
-3
2
0
-1
2
-3
-2
2
-2
-2
-4
-4
-1
0
0
2
1
2
2
3
1
-2
-2
-3
-4
-5
-5
-3
-1
3
5
3
2
3
1
2
1
-3
0
3
4
4
-2
-2
-3
-1
0
-4
-4
-3
0
4
4
1
1
-2
-2
1
-3
-3
-5
-5
-4
-6
-3
-2
-1
1
-1
0
1
1
0
0
-5
-2
1
1
0
-5
-6
-4
-2
0
0
-3
-2
-2
0
-3
-6
-6
-2
4
5
5
4
3
1
0
-1
-2
-2
-3
-2
-4
-4
1
3
3
1
0
1
0
0
-2
-5
-4
0
1
0
-2
-3
-4
-4
-4
-5
-6
-1
2
3
2
3
1
1
3
4
6
4
2
-3
-6
-7
-4
-1
1
1
0
1
1
-2
-5
-4
-1
3
2
2
2
3
3
3
1
-3
-4
-3
-2
-2
-3
-3
-3
-1
1
-2
-2
0
2
6
3
-1
-4
-3
0
1
0
-3
-1
1
5
4
3
2
2
4
2
1
-1
-3
0
2
3
3
3
1
-2
-3
0
-2
-2
-1
-2
-1
-2
-2
-2
-3
-1
0
0
4
1
-1
-1
-1
-1
0
-3
-6
-4
0
3
5
3
2
3
2
4
5
4
6
6
4
2
-2
-2
1
2
5
6
2
2
2
1
4
3
2
4
2
4
3
2
1
2
1
-2
-3
-3
-3
-2
-1
2
1
1
2
0
-2
-1
1
3
3
1
0
-3
-2
-2
0
-1
-4
-1
1
0
-2
-1
-1
1
1
-2
-4
-4
-2
2
4
3
0
-1
-3
-1
2
2
1
0
0
1
0
-2
-4
-2
1
4
2
-3
-4
-3
2
4
1
-2
-4
-2
1
2
1
-1
1
4
4
1
-3
-5
-5
-1
0
0
-1
0
2
2
1
0
-2
-2
-2
-1
-2
-4
-2
-1
-3
-2
-2
-3
-2
-1
-1
0
2
4
2
-1
-1
1
2
2
-1
-3
1
4
5
2
0
-2
0
4
4
3
2
2
2
1
-2
-2
1
1
1
0
-1
0
-1
1
3
2
4
3
1
1
1
0
0
1
0
-2
-4
-3
-2
-1
1
2
1
-1
-3
-2
-1
1
0
0
-2
-3
-2
-3
-2
-3
-1
2
2
0
0
0
2
3
5
4
2
3
2
1
2
2
2
2
1
3
3
1
1
2
2
2
1
-1
-1
1
1
0
-1
-1
-2
-1
-2
-1
0
0
1
1
0
0
-2
-2
2
3
1
-1
0
2
0
-1
0
0
-1
0
0
-1
-3
-2
0
-1
-1
-2
-1
-1
-2
0
2
1
0
-2
-2
-1
-3
-2
0
0
0
1
-1
-3
-5
-3
0
-1
-2
-2
0
1
2
2
1
0
0
1
-1
-3
-3
-2
-2
-1
0
0
-3
-3
-1
2
0
-4
-3
-3
-3
-2
0
1
-1
-1
1
2
0
-1
0
0
1
1
2
0
-1
-2
1
4
5
3
2
3
3
0
1
-1
-4
-3
0
3
2
1
2
2
1
-1
-1
1
0
0
-1
-2
-3
-3
-2
0
0
0
2
0
-2
0
2
2
2
0
0
1
0
-1
0
2
3
3
2
0
-1
0
2
2
0
0
0
0
-2
-1
-2
-2
-1
0
1
-4
-3
-1
-2
0
1
0
-1
-2
-2
-2
-2
-1
0
0
0
3
4
4
3
3
3
1
-1
-1
-2
-1
1
3
3
0
0
1
2
3
3
1
1
3
3
3
1
0
1
2
3
2
1
-1
-1
0
0
-1
-1
-1
0
2
1
1
1
1
1
-1
-1
-2
-3
-2
-2
-2
0
0
-2
-2
-3
-2
-2
-1
-1
-2
-1
-1
0
0
-3
-4
-3
-2
-3
-4
-3
-2
-2
-1
0
0
-1
0
-1
-1
0
1
1
2
2
1
0
0
0
0
1
1
1
0
0
0
0
1
2
3
3
2
0
-2
-2
-1
0
0
0
-2
-3
-3
-4
-1
0
1
0
-1
-1
-1
0
1
0
1
1
1
1
1
0
-2
-3
0
0
-1
2
0
-1
0
1
1
3
4
4
2
1
1
2
0
0
-1
-2
-1
-1
1
-1
-2
-2
0
0
-1
-2
-2
-1
0
0
0
-2
-2
0
2
2
1
1
0
1
1
0
-3
-2
0
-1
-1
0
0
-2
-1
1
1
1
-1
0
0
0
0
-1
-3
-3
-1
2
0
0
0
0
-2
0
0
-2
-1
1
1
3
1
0
-1
-2
0
2
3
3
3
3
1
2
1
0
-1
-1
-1
1
1
-2
-2
-2
-1
2
1
-1
1
0
1
1
-1
0
0
1
2
2
3
2
1
1
1
0
-1
0
0
1
0
-1
-2
-4
-2
-1
1
1
1
2
0
-1
-1
-3
-2
-3
-3
0
0
-2
0
0
2
1
2
1
-2
-2
-1
1
1
-1
0
0
2
1
0
-2
-3
-2
-2
-2
-2
-1
-1
1
3
2
0
0
-1
0
-1
-1
-2
0
-1
0
0
0
0
-1
-1
0
0
1
0
-1
-2
-1
0
0
0
1
0
1
2
1
-1
-1
-1
0
2
2
1
3
2
3
3
4
3
3
1
-2
-1
0
0
0
1
1
1
0
1
-1
-1
-1
0
2
0
0
-1
2
3
2
2
0
0
1
0
2
1
0
-1
-1
-1
-1
1
2
2
2
1
1
0
-1
-1
-2
-1
1
1
0
-2
1
2
1
2
1
0
1
-2
-2
-4
-4
-1
0
0
0
-2
-2
-1
-3
-2
0
-2
-2
0
2
1
-1
-2
-2
0
-1
0
-1
-2
-1
-2
0
2
0
1
0
2
4
4
0
-2
-1
-1
2
2
1
-1
1
3
4
2
1
-1
0
2
2
0
0
-2
0
2
3
2
1
-1
-1
-1
0
1
1
0
1
1
0
-1
-1
-1
-1
-1
0
0
-3
-3
-2
0
0
1
2
1
0
-1
0
-2
-1
1
1
2
2
1
1
1
2
2
2
-1
-1
-1
-2
-2
0
2
0
0
-1
-2
-1
-1
-1
1
1
0
1
1
0
1
0
2
2
2
-1
-1
-1
-1
0
-1
-1
-1
1
0
0
0
3
2
3
1
-1
-2
-2
-1
1
0
1
1
1
1
-1
-1
2
1
2
0
-1
-1
0
2
2
3
2
1
-1
-3
-5
-4
-3
-3
-2
-2
-1
1
3
2
1
0
0
0
0
-1
-4
-2
0
1
0
0
0
3
3
2
1
0
0
0
-1
-2
-2
-2
1
2
1
1
1
1
-1
-2
-2
0
0
0
-1
-1
-1
1
1
0
-1
-1
1
0
0
0
2
2
5
4
3
3
3
1
-1
-1
-3
-1
1
2
1
1
-1
-1
0
-1
-1
-2
-2
-1
-1
0
-1
-1
-1
0
1
0
-1
-1
0
0
-1
-1
0
1
0
0
0
1
0
-1
-1
-2
-1
0
0
0
0
0
1
3
0
0
0
0
0
0
-1
-3
-2
-2
-2
-1
-1
-2
-1
-1
0
0
-2
-2
-2
0
1
3
4
2
0
-1
-1
0
-1
1
1
2
2
1
0
0
-1
-1
-1
-2
-3
-1
-1
0
2
-1
0
1
2
1
-1
-1
-2
-2
-1
1
1
-2
-1
-2
-1
0
1
1
1
1
1
0
-2
-3
-2
0
1
1
0
-2
-1
2
3
1
-1
0
0
0
-1
0
0
2
2
1
-2
-3
-1
-1
-2
-2
2
4
3
1
-1
-1
-1
2
2
2
0
-2
-1
-3
-2
-3
-2
0
1
2
-1
-1
-2
0
0
-1
0
-1
0
0
-1
-3
-2
-1
2
3
3
3
2
1
2
0
-1
-2
-1
2
2
3
2
1
1
1
1
0
-1
-1
0
-1
-2
-1
-1
-1
-1
-1
0
1
-1
-2
-2
-1
-1
0
2
1
0
0
2
2
1
1
0
1
3
3
2
0
0
1
0
0
1
2
1
1
3
1
-1
-1
-1
0
-3
-3
-1
1
1
0
-2
0
-1
0
0
0
-2
-2
-1
-1
-3
-4
-3
-4
-3
-1
-1
-2
-1
0
1
0
0
1
0
-1
0
-2
-3
-2
0
1
1
1
2
1
0
0
-1
0
1
1
2
2
1
3
4
2
1
-1
3
5
4
2
-1
1
2
1
1
-3
-3
0
3
1
-3
-2
3
4
3
0
-2
-2
-1
0
1
-1
0
2
0
0
0
2
3
4
4
0
0
0
0
-1
-1
0
3
3
2
1
-3
-3
1
4
1
-1
-1
0
-1
-2
-2
-3
-2
1
5
6
4
4
5
1
-2
-2
-3
-4
-1
2
3
1
1
4
4
2
1
2
0
-2
2
0
-3
-5
-1
0
-2
-1
1
2
3
3
1
-5
-7
-3
1
-2
-3
-1
2
3
1
-2
-4
-4
-1
2
-2
-5
-5
-1
1
1
-1
-2
0
2
3
1
-3
-3
2
4
3
-1
-1
2
3
2
2
1
2
5
2
-1
-5
-3
1
0
-4
-7
-3
2
3
0
0
-2
-1
-2
-4
-7
-7
1
4
3
-2
-3
-1
1
-1
-5
-6
-4
0
2
-1
-4
-3
1
3
0
-5
-4
0
3
3
-3
-5
-4
1
1
-3
-5
0
4
1
-3
-4
-4
0
2
1
-2
1
7
7
0
-4
-2
5
5
-2
-5
-3
5
10
5
-4
-7
1
8
6
-3
-6
1
8
6
-6
-16
-9
5
14
7
-2
0
11
15
3
-12
-16
-4
10
10
-5
-15
-6
11
15
3
-2
3
11
10
-2
-13
-14
-3
8
6
-3
-1
8
14
6
-6
-11
-4
4
1
-8
-14
-9
-2
2
-3
-8
-3
7
12
5
-7
-9
0
4
3
-6
-6
2
7
6
0
-4
-4
1
1
-2
-7
-6
0
1
-2
-5
-3
3
6
1
-3
-3
1
4
3
0
-3
2
5
4
1
-1
4
7
6
2
-3
-2
1
2
0
-4
-2
2
4
2
0
1
5
4
0
-1
-1
2
2
-1
-4
-4
-1
1
0
-1
-1
-1
0
-1
-3
-6
-4
-2
-1
-3
-5
-2
2
1
-1
-5
-4
1
3
0
-2
-1
2
4
1
-2
-3
0
1
-1
-5
-6
-1
5
4
-1
-1
-1
1
3
3
2
0
1
-1
-4
-5
-6
0
2
3
0
-1
0
3
3
0
-1
2
4
2
0
-3
-1
0
3
0
-3
-2
-2
-2
-2
-3
-2
2
4
2
-1
-3
-1
2
2
0
-3
-2
0
-2
-1
-3
-1
1
1
0
-1
-1
1
1
1
0
-1
-1
0
1
2
1
3
6
4
2
1
1
4
1
-1
-1
1
2
3
2
0
2
4
4
2
-1
0
3
0
-2
-3
-1
0
1
2
1
-2
-1
0
0
-2
-3
-2
-1
-1
-2
-2
0
1
2
-1
-5
-5
-1
2
0
-1
1
2
3
0
-1
-1
2
1
1
-1
-2
0
1
1
1
0
-2
-2
-2
-3
1
4
4
4
2
1
0
2
3
1
-2
-4
-3
-2
-1
0
0
0
-1
-2
-1
-2
-3
-1
-1
1
1
3
4
5
4
3
1
-2
-3
-2
0
0
1
1
2
2
-1
-1
-2
0
1
-1
-4
-4
-3
-2
-3
-2
-1
1
1
0
2
3
2
-1
-2
0
1
0
0
-1
-1
-2
-1
2
1
0
0
2
1
0
-2
-3
-2
2
3
3
0
-1
2
2
0
-3
-2
0
1
1
1
-1
-1
-1
-2
-3
-2
1
4
4
3
1
2
2
0
-1
-3
-4
-3
-3
-4
-6
-5
-4
-2
-2
-1
1
1
1
1
0
0
0
1
1
0
0
-1
0
1
0
-1
1
2
3
3
2
1
2
3
3
3
1
0
-1
1
3
2
1
1
0
0
0
2
2
2
-1
-2
-3
-3
-4
0
1
2
2
-2
-3
-2
-1
0
0
0
1
0
-1
0
0
0
-1
-2
-3
-2
-2
0
1
1
0
0
1
0
1
4
4
4
2
3
2
1
1
-1
-1
-2
-2
0
0
1
2
1
2
2
1
0
2
2
3
3
0
-2
0
-2
-4
-4
-3
-1
-1
-1
0
-1
0
-1
-1
-1
-1
0
1
0
-1
-2
-2
-2
0
-1
-2
1
1
2
3
2
3
6
6
3
3
1
0
-1
-2
-1
-1
-2
-1
1
1
3
2
1
-1
-1
0
-2
-2
-3
-4
-5
-1
0
1
2
0
3
1
1
0
-1
-2
-2
-3
-2
-1
0
1
1
0
-1
-2
-3
-4
-6
-5
-2
-2
-3
-3
-2
0
-1
1
2
2
1
2
2
0
-3
-1
0
1
0
1
4
3
5
3
3
0
-1
-2
-3
-1
-1
0
-1
-2
-2
-1
-2
-1
1
4
4
2
2
-1
-1
-2
-2
-1
0
1
0
-1
0
-1
-2
0
-1
0
1
1
1
2
2
2
3
2
-1
-1
-3
-2
-3
-1
1
1
1
3
3
2
2
2
1
1
1
1
2
1
2
1
-1
-1
-1
-2
-2
-2
-2
-1
-1
-1
0
0
-2
-3
0
0
1
0
0
0
0
1
-1
-2
-3
-2
0
1
-1
-2
-2
-2
0
0
-2
-1
-1
1
1
2
2
2
1
1
1
1
2
1
1
1
1
0
1
0
0
2
2
2
0
-2
-2
-2
-1
0
0
0
0
1
1
-2
-1
-2
-1
-3
-4
-4
-2
-1
0
1
0
2
2
4
4
3
3
2
2
-1
-1
-1
0
0
0
1
0
1
0
2
2
2
3
1
2
2
0
-2
-4
-5
-4
-3
-1
1
1
1
2
1
1
-1
1
2
-1
-1
-1
-1
-1
1
1
2
3
1
0
0
-1
0
0
-2
-2
-4
-2
-1
0
0
1
-1
-1
0
1
3
4
4
4
1
1
3
3
4
3
1
1
2
1
0
0
-2
0
1
1
1
1
0
-1
2
2
1
0
0
2
3
3
3
2
-2
-1
-2
-1
-2
-4
-3
-3
-5
-4
-4
-5
-3
-2
0
-1
-1
-1
-1
1
1
0
4
3
0
3
3
0
2
-1
0
-1
-2
1
2
2
3
2
-1
1
0
-1
1
-2
-1
0
-2
1
-2
-1
0
-2
0
1
0
1
-3
0
2
-2
2
-3
-2
3
-4
-1
0
-4
4
2
0
4
-1
1
4
-3
2
1
0
5
-1
-1
2
-4
1
-1
-4
4
0
2
7
0
9
-2
-2
12
-7
3
8
-6
9
2
-5
12
-12
-3
13
-17
4
4
-16
8
-6
-11
5
-17
-4
1
-11
6
0
-2
10
1
4
5
-4
2
-2
-6
1
-6
0
2
-4
5
-2
-5
1
-6
-2
-1
-7
2
-1
-2
7
1
5
7
3
8
2
-1
1
-6
-7
-8
-8
-4
-4
-1
2
0
6
0
0
2
-1
1
0
-4
0
0
-3
0
1
3
5
5
5
4
-1
-1
-2
-4
-3
-2
0
-2
-2
-1
-2
1
-1
-1
-2
-3
-1
1
-1
0
1
1
3
2
-1
0
-1
0
-2
-4
-5
-7
-3
-1
-1
1
0
1
2
0
0
2
0
3
0
-1
0
-2
-1
1
0
3
2
1
4
2
1
2
0
1
1
0
-1
-3
-4
-2
0
1
3
3
2
2
1
1
2
0
-4
-3
-3
-4
-3
-5
-4
1
0
1
1
0
1
-1
-3
-2
-4
-4
-1
-2
1
5
4
7
4
3
3
0
-3
-3
-7
-8
-6
-5
0
1
-1
4
4
4
6
0
0
0
-5
-4
-3
-6
-1
1
3
8
5
5
6
-2
0
-2
-5
0
-6
-6
-3
-5
-2
1
0
3
3
0
3
0
-1
-1
-2
-3
-4
-4
-3
1
4
2
2
2
1
1
0
-1
0
-1
-1
3
2
2
2
2
7
4
3
4
1
2
2
0
-1
-1
-3
0
-2
-1
5
0
-2
-1
-2
1
-1
-3
-1
0
0
0
0
3
6
6
5
2
-1
0
0
-2
-1
-1
0
2
4
4
6
7
5
3
1
-1
-2
-4
-4
-4
-5
-2
1
0
0
2
2
3
1
-3
-4
-2
-3
-1
-3
-4
0
0
4
6
6
7
6
3
2
-1
-3
-3
-4
-2
-2
-1
2
1
2
3
4
6
2
0
0
-1
0
0
-3
0
-1
-1
3
3
3
5
2
1
0
-6
-5
-4
-5
-1
-2
-4
1
3
3
5
3
1
1
-1
-2
-3
-2
-1
0
-1
1
2
0
1
1
0
-1
-2
-3
-1
-4
-5
-3
-2
0
0
-2
1
1
2
1
0
0
0
-1
-2
-4
-3
-2
0
-1
0
-2
-3
-1
1
2
0
1
2
3
3
2
1
1
2
2
1
1
1
3
3
2
1
-1
-3
-4
-2
-3
-3
-2
-3
-4
-4
-3
-2
-2
-3
-1
-1
-1
2
0
0
3
2
3
4
1
3
2
1
4
1
1
1
-1
-1
-1
-1
0
0
1
0
0
0
1
3
5
5
5
6
6
5
3
3
3
0
-2
-3
-4
-4
-3
-5
-5
-4
-2
-2
-1
-2
0
1
0
-2
-1
-1
1
0
-1
-1
1
1
2
1
1
1
1
-1
-2
-3
-2
-2
-3
-4
-3
-2
0
2
2
2
1
1
3
3
0
1
1
2
2
1
1
1
1
0
-1
0
0
-1
0
-1
1
2
2
2
3
3
3
1
-1
-1
-1
-1
-1
-1
-1
-2
-1
-1
0
0
2
2
1
1
2
2
2
2
2
2
1
-1
0
0
1
2
2
2
3
1
0
-1
-1
-1
0
-1
-1
1
0
-1
-1
-1
1
-1
-2
-2
-4
-4
-3
-1
1
0
2
1
1
0
1
0
-3
-2
-3
-2
-2
-2
-1
0
1
1
1
1
1
0
0
-2
-2
-1
-1
-2
-3
-3
-5
-3
-1
-2
-3
-2
-4
-4
-4
-3
-1
-1
0
0
-2
0
1
2
5
3
3
4
3
1
1
1
0
1
-1
-2
-3
-3
-2
-1
0
0
1
2
4
3
3
2
1
2
2
1
1
1
0
-1
1
2
0
0
0
0
-2
-2
-3
-1
-1
-1
0
1
0
2
2
1
0
-1
-2
-2
-3
-2
-2
-1
0
0
0
-2
-1
-1
1
-1
0
1
-1
-3
-3
-2
0
2
0
2
2
3
1
-1
-1
-2
-2
0
-1
-1
-1
-1
0
-1
0
1
1
1
4
4
4
5
2
1
1
2
4
4
4
4
4
4
2
0
-1
-2
-3
-2
-2
-3
-2
-1
-2
-1
-1
-1
-3
-3
-1
-2
-4
-4
-2
-1
1
2
3
4
5
4
3
2
0
-1
-3
-2
-2
-2
-1
-2
-2
-2
-1
0
2
1
2
2
2
2
4
3
3
3
3
3
3
2
2
1
1
2
1
1
1
0
1
0
0
0
-1
1
1
0
-1
-2
-3
-2
-1
-1
-1
-2
-2
-3
-2
-1
-1
0
0
0
0
0
1
1
1
0
1
1
2
2
3
3
3
2
1
1
0
-1
0
1
1
2
0
1
0
0
0
0
-2
-2
-3
-3
-4
-4
-5
-6
-4
-4
-3
-1
-2
-2
-2
-2
-2
-1
-2
1
1
0
-1
-2
-2
-1
-1
-1
-1
-1
0
0
2
3
2
1
1
1
2
1
1
1
2
1
1
0
0
-1
0
0
0
-1
-2
-3
-2
0
2
2
1
1
2
1
1
0
0
-1
0
2
1
0
-2
0
-1
0
0
-2
-2
-3
-2
0
-2
-3
-2
-2
-1
-1
0
0
-1
-1
-1
-2
-1
-2
0
1
2
3
1
0
1
0
0
0
1
2
1
1
1
1
2
3
3
3
2
1
3
2
2
0
0
0
2
2
1
1
1
2
1
1
1
0
1
1
1
1
2
1
-1
0
1
2
1
1
0
0
0
-1
-2
-2
-2
-1
-1
0
0
-1
0
0
1
1
0
0
0
0
0
-1
0
2
3
2
3
1
1
1
0
0
0
-1
-1
-2
-1
-2
-1
-2
-1
-2
-1
-1
-2
-2
-4
-4
-2
-2
-3
-3
-2
-1
0
1
0
-2
-1
-1
-1
-1
1
1
0
0
0
0
1
1
1
0
0
-1
0
-1
0
0
-1
0
1
3
3
2
0
2
1
1
1
1
1
0
3
2
3
0
0
-1
-1
0
0
1
-1
0
0
0
1
1
1
0
0
-1
-2
-1
0
0
0
-1
-1
0
2
2
4
2
2
1
1
1
1
0
0
0
0
0
1
-1
-1
-1
-1
-1
-2
0
-1
-1
0
-1
0
0
0
1
0
1
1
-1
0
0
-1
-1
-1
0
-1
-1
0
1
1
1
1
2
2
2
2
1
-1
-1
-1
-2
0
0
0
-1
1
-1
1
0
-1
0
0
0
-1
0
-1
-1
-2
-1
-1
0
0
-1
0
0
0
-2
-2
-1
1
1
2
2
2
1
2
1
1
0
2
2
2
2
1
1
0
0
-2
0
-1
0
1
0
0
2
1
1
1
1
-1
-1
1
2
2
3
3
2
2
0
1
0
-1
0
1
1
2
0
1
1
1
0
0
0
-1
-1
0
1
1
0
-2
-2
-1
-1
-1
-1
0
0
-1
1
0
-1
0
0
0
-2
-1
0
0
-1
-1
-1
0
-1
-1
1
0
1
0
-2
-1
-1
-2
-3
-2
-1
-1
-1
-1
-1
-1
0
-1
0
0
-1
-1
-3
-2
-1
1
1
0
0
-1
-1
0
0
-1
0
1
0
1
3
1
0
-1
-1
-1
0
-1
-1
-2
-2
-1
1
1
-1
-1
0
0
0
0
0
0
0
0
1
1
0
-1
-2
-3
-1
0
0
0
0
1
2
1
1
-1
-4
-2
-1
-2
-2
0
1
2
1
2
2
1
1
-1
-1
-1
-1
0
1
1
0
-1
0
0
0
1
2
1
2
0
1
1
3
2
2
1
0
1
0
0
-1
-1
-1
-1
-1
-1
0
1
1
2
1
2
1
1
0
-1
0
-1
0
-1
-1
-1
-1
0
-1
0
-2
-2
-2
-1
0
1
2
2
1
1
-1
-2
-2
-1
-1
0
0
0
0
0
0
-1
-1
-1
-2
-1
0
-1
0
1
0
1
1
2
-1
-1
0
-1
-1
-1
0
0
1
-1
-1
-1
-1
-1
-2
-1
0
-2
-1
0
0
0
0
0
0
0
-1
0
0
0
-1
0
1
1
1
2
4
2
1
1
0
-1
-1
-1
-2
-2
-1
0
0
1
1
0
1
0
0
-1
0
0
0
0
1
0
0
1
0
0
0
0
0
1
2
2
1
1
0
0
2
1
1
1
1
2
2
2
2
1
0
-1
0
-1
-1
-1
-1
-1
-2
-1
-1
0
0
0
-1
-1
-1
0
1
2
2
1
1
1
0
0
-1
-2
0
-1
-1
-2
-1
0
1
3
3
3
0
1
1
1
0
-1
0
0
0
-1
-2
-2
-2
-3
-2
-1
-2
-4
-4
-2
-1
-1
-1
-1
-1
0
1
1
-1
1
2
2
3
1
2
1
0
1
0
0
1
1
0
-1
0
0
1
2
1
0
-1
1
1
0
1
2
2
2
1
2
1
3
3
1
0
1
0
-1
-1
-3
-4
-3
-2
-1
-1
0
0
-1
0
0
0
1
0
1
1
1
-1
-1
-2
-1
0
1
1
-1
0
0
1
1
0
0
0
0
-1
0
1
0
-1
-1
-1
-1
0
1
1
1
1
0
1
1
2
1
1
-1
0
1
1
1
1
1
0
1
-1
1
1
1
1
0
2
0
0
-1
-1
0
-1
-1
0
-1
0
1
1
0
1
1
1
2
1
1
1
1
1
2
2
1
1
0
0
0
0
0
0
0
1
-1
0
0
2
2
0
-1
-1
-1
0
0
0
-1
1
0
0
1
-1
1
1
1
2
0
0
-1
0
0
0
1
0
-1
0
-2
-1
-1
-2
-1
-1
0
0
1
0
-1
-3
-3
-2
0
0
-1
0
-2
-1
-3
-3
-3
-4
-4
-2
0
0
0
1
1
1
0
0
0
-1
-1
0
0
-2
0
0
0
1
3
3
2
0
-1
-2
-2
0
0
0
2
1
1
1
2
1
1
1
1
1
2
2
0
0
1
0
-2
-2
-2
-2
-3
-1
-1
1
2
1
-1
-1
-1
-3
-2
-3
-3
-2
0
2
1
3
5
3
4
3
2
1
1
1
1
2
2
2
4
1
1
0
-2
-2
-4
-1
-2
2
1
3
4
4
2
-3
2
-6
-2
0
-4
3
0
1
0
0
-1
-4
1
-6
-3
1
-6
3
0
2
0
0
-1
-6
0
-5
-5
2
-3
2
3
2
4
0
2
-2
-1
-3
-3
3
-1
2
6
6
4
2
3
-2
-1
0
-4
0
3
1
0
5
3
-2
2
-1
-3
2
-2
0
0
3
2
-2
0
-4
-3
-6
-7
-3
-5
0
9
8
9
7
2
-6
-7
-13
-15
-8
-1
10
9
9
13
4
1
2
-13
-16
-2
-1
1
14
5
-3
9
4
-7
1
-2
-11
0
3
-1
7
5
-2
1
-4
-8
-5
-7
-4
2
-1
2
7
0
-4
-1
-6
-6
3
-1
-2
6
6
2
6
2
-3
-3
-1
-4
-4
1
3
2
3
4
1
-4
-4
-6
-8
-3
-2
-2
3
7
3
4
2
-4
-4
-4
-5
-5
-3
1
2
4
5
3
-1
-4
-2
-5
-5
1
1
1
5
4
3
3
3
-3
-6
-2
-2
-3
2
4
4
6
5
0
-3
-2
-7
-7
-3
-1
0
4
4
1
1
1
-3
-4
-3
-3
-1
2
1
2
3
3
2
2
-2
-1
-1
-4
-2
0
-2
1
1
0
0
1
-1
-2
-1
-3
-3
1
2
1
2
1
-1
-1
0
-1
-1
0
1
3
4
5
3
2
1
0
0
0
2
1
1
2
2
3
1
-1
0
-2
0
0
-1
-2
-1
0
1
2
1
0
2
-1
-1
2
2
1
2
2
0
0
-1
-2
1
2
2
2
2
3
2
2
2
0
-1
-1
-2
-3
-2
-2
-1
0
1
-1
-1
-1
-2
-3
-1
0
-1
1
2
2
2
3
0
0
1
1
1
0
1
-2
-3
-1
-3
0
0
0
1
1
2
2
1
3
2
-1
-2
-1
-2
-1
1
0
0
0
-2
0
-1
0
-2
-3
-3
-2
0
0
1
1
0
1
-1
-2
-1
1
1
1
2
3
2
3
2
0
-2
-3
-3
-6
-2
-1
0
3
3
2
0
1
0
-1
-1
-2
-3
-2
-2
-1
-1
-1
0
0
1
1
1
0
-1
0
-2
0
0
-1
0
-1
-1
-2
-2
-1
-3
-2
0
-2
0
1
-2
-1
-2
-2
-4
-3
-1
-1
0
2
2
3
2
3
2
1
-1
-3
-2
-2
-2
-3
-2
1
1
0
2
0
0
0
-2
-3
-1
-1
-1
0
1
0
0
1
1
1
1
1
-1
2
4
4
4
3
3
2
1
1
-1
1
0
0
-1
-1
1
0
0
0
-2
-1
-2
-3
-1
0
1
1
2
2
2
2
2
1
0
0
1
0
0
2
3
4
3
3
2
1
1
0
0
-1
-1
-2
-3
-3
-2
-2
-2
-1
-1
-1
-2
-2
-1
-1
-1
-2
-1
-1
-2
-2
-2
-2
-2
-1
-1
0
0
-1
-1
-2
-1
-1
0
-1
0
2
3
5
4
5
3
2
2
1
-1
0
1
3
3
3
4
4
2
2
2
1
1
0
-1
-1
-2
-2
-2
-1
-1
-3
-3
-5
-4
-2
-1
0
1
2
3
2
2
0
0
-1
-1
0
0
1
0
0
2
2
2
3
4
3
4
4
2
3
1
1
1
0
2
-1
-1
0
-1
-1
-1
-2
-2
-2
-2
-2
-2
-2
-3
-4
-2
-2
-1
0
0
0
1
1
2
1
1
2
2
3
1
2
2
2
1
1
1
2
0
-1
-2
-2
-1
-2
-1
-1
-1
-1
-1
0
0
-1
-1
-1
-1
-1
-1
-1
-1
-1
0
0
1
1
0
1
1
0
0
-1
-2
-1
-2
-2
-2
-3
-1
0
0
0
-1
0
0
1
1
1
1
2
2
1
2
1
1
2
1
0
1
0
-1
-1
0
-2
-2
-2
-3
-4
-4
-3
-3
-2
-2
-1
-1
-2
-1
0
0
-1
0
0
0
0
-1
0
0
0
1
1
2
1
2
2
2
2
2
2
1
2
2
2
2
2
1
0
-1
-2
-4
-3
-2
-1
-2
-2
-1
-1
0
0
-2
-2
0
0
2
2
2
2
1
1
1
0
1
2
2
2
2
2
1
0
2
1
1
1
1
0
-2
-4
-2
-3
-2
-4
-5
-5
-4
-3
-3
-1
-1
-2
-1
-1
0
0
0
0
0
3
3
3
2
0
0
-1
-3
-2
-1
-1
-2
-1
-1
-1
0
1
0
1
0
-1
-2
-1
-2
-1
-2
-2
-1
-1
-2
-2
-1
-2
-1
-1
-1
-1
-1
0
0
1
1
1
1
-1
-1
-2
-1
0
0
0
-2
-2
-2
-2
0
1
2
3
1
2
2
3
2
3
3
2
3
3
3
3
3
3
3
3
4
4
4
3
4
4
2
2
3
2
1
1
1
1
0
0
1
1
1
1
2
1
2
1
1
0
0
-1
0
-1
-2
-2
-1
-1
-1
-1
-1
-2
-1
0
2
1
0
2
1
1
1
2
2
1
1
1
1
0
-1
-1
-1
0
0
1
1
1
0
1
0
1
-1
0
0
0
1
1
2
3
1
2
1
1
1
0
0
0
-1
1
1
1
2
1
1
0
0
1
0
1
1
1
1
0
0
0
-1
0
0
1
1
2
1
1
-1
0
1
0
0
-1
-2
-2
0
-1
0
0
0
0
-1
-1
-1
-1
0
-2
-1
0
-2
0
-2
0
0
0
-1
-2
-2
-1
0
0
1
1
0
0
-1
-2
-4
-3
-3
-3
-2
-2
-2
-1
-1
-2
-2
-1
-1
-1
-2
-2
-1
-1
-3
-2
-1
-1
-1
0
-1
-2
-1
-1
0
0
2
2
2
1
0
-1
-2
-1
-1
-1
-1
-1
-1
-1
-1
-1
-2
-2
-4
-3
-2
-2
0
0
1
0
0
-1
1
1
0
0
0
0
1
-1
-1
1
-2
-1
1
1
0
-1
0
-1
0
0
0
-1
0
1
-1
1
1
1
2
2
2
2
1
0
2
3
2
3
1
2
3
3
3
2
2
4
4
4
3
2
1
-1
0
1
-1
-1
-1
-1
1
0
-1
-1
-2
-1
0
-1
-1
-3
-3
-1
-1
-1
-1
0
0
0
1
0
-1
-1
0
0
0
0
-1
-1
-2
-1
-2
-1
-1
-1
0
1
2
2
1
0
0
1
1
1
0
0
-1
-1
-2
-1
-1
-1
-1
-1
1
0
1
-1
0
0
2
1
2
3
2
2
1
1
1
1
1
0
-1
0
0
0
-1
-1
-1
-1
0
-1
-1
-2
-2
-2
-1
-1
0
0
-1
-2
-2
-2
-2
-2
-1
-1
-2
0
0
0
0
-1
-1
0
0
-1
-2
-2
-3
-2
0
0
2
2
1
2
2
2
2
1
1
1
1
1
1
0
-1
0
1
1
0
1
0
0
0
-1
0
0
2
2
1
-1
-1
-2
-2
-2
0
-1
-1
-1
0
0
0
0
1
0
2
3
2
2
1
1
-1
0
0
1
1
1
1
1
1
0
1
2
1
1
3
3
3
2
1
0
0
0
1
1
2
1
2
0
0
-1
0
0
1
2
3
2
1
1
1
1
2
2
1
2
2
1
0
-2
-1
-1
-1
-2
-4
-2
-2
-2
-3
-2
-2
-2
0
1
0
0
1
0
-1
0
-1
-1
-2
-2
-2
0
0
0
0
1
0
-1
0
0
0
-1
-1
-1
-2
-1
-1
0
0
1
0
0
2
1
0
-1
-2
-2
-1
-1
-2
-1
-1
0
1
0
1
1
2
2
2
1
0
0
1
1
1
0
1
1
1
-1
-2
-2
-1
-1
0
1
1
-1
-1
-2
-2
-2
-1
-1
0
0
-1
-3
-1
-2
1
0
-1
-1
-1
0
-1
0
-1
0
0
0
1
1
1
0
0
-1
-1
0
1
1
1
0
0
1
-1
1
1
0
0
1
1
0
0
1
1
2
3
3
2
3
1
1
1
1
2
1
2
1
2
2
1
1
0
0
-1
-1
-2
-2
-2
-1
-1
0
1
2
1
0
0
1
1
0
0
1
0
1
1
-1
1
0
0
-1
-1
1
-1
-1
-1
-1
-1
-1
0
-1
-1
0
0
1
0
0
0
-1
0
-2
-1
-1
-2
-1
-1
-2
-2
-2
0
0
1
0
0
0
0
0
-1
-1
0
0
0
-1
1
1
1
2
2
1
0
0
-1
-2
-2
-1
-1
-1
0
1
-1
-1
0
1
1
2
2
1
1
1
1
1
1
1
-1
0
1
-1
-1
-2
-2
-3
-1
-1
0
-1
0
-1
-1
0
1
2
2
0
0
0
1
1
2
2
2
1
-2
-3
-3
-2
0
0
1
0
1
0
0
0
1
0
0
-1
-1
-2
-2
-2
-2
-1
0
1
0
-1
-2
-2
-1
-1
1
0
0
0
0
1
2
0
2
1
1
1
-1
-1
-1
0
1
1
0
-2
-3
-3
-3
-2
-3
-2
-2
-2
-1
-1
-1
0
1
0
-2
-1
-1
-1
-1
-1
0
0
1
0
-3
-1
1
1
2
1
1
3
2
1
0
-1
-2
0
-2
-4
-6
-5
-2
-3
-4
-3
-2
-1
0
0
0
0
0
0
-2
0
3
2
0
1
2
1
1
3
2
0
4
3
3
2
0
2
3
3
3
2
0
3
3
0
-1
-2
-2
-1
2
2
-1
-3
-1
-1
-1
-2
-3
1
1
2
2
0
-2
1
3
5
2
0
2
1
2
1
-3
3
6
6
6
2
0
1
-4
-2
-1
-5
7
6
-2
2
0
1
4
-1
1
3
3
9
2
-7
-1
2
0
1
-3
-5
-1
5
6
-1
-10
-7
2
0
1
1
1
6
0
-1
-4
-4
9
11
6
4
8
6
-1
2
4
3
4
11
8
-1
4
1
-2
-4
1
7
3
-1
3
4
1
7
5
-4
-5
0
2
-2
-9
-3
5
1
1
-3
-8
-1
4
1
-2
-2
7
12
-2
-6
4
1
9
11
-1
-1
3
4
-6
-7
-8
-2
4
3
-3
-12
-2
4
1
-1
1
-1
6
4
-12
-7
-7
3
12
-5
-1
5
4
4
-6
-8
-2
-6
3
4
-13
-7
4
-4
-3
-9
-14
-9
-5
1
-4
-13
-13
0
-2
4
2
-12
4
6
-5
1
3
-4
6
8
5
-5
-9
12
7
2
9
2
0
13
9
-2
-1
0
9
-3
-7
1
-6
-6
2
-9
-17
0
4
-2
-7
-13
-10
-3
-4
1
-9
-8
21
13
-2
-5
-7
2
15
3
-3
-8
-3
22
5
-8
1
3
25
27
1
1
11
18
16
-8
-17
-3
0
11
8
-20
6
14
-11
-4
-3
-17
-1
-9
-26
-38
-17
39
12
-19
-2
-9
-8
16
6
-20
2
22
14
-10
-12
9
13
32
26
3
-5
2
-4
-9
11
-1
-8
-2
-10
-8
6
0
-15
-7
-17
-7
-11
-24
-12
-18
-8
14
3
-12
-11
-7
6
7
-10
-12
-4
4
5
-11
-14
9
14
7
9
-6
10
11
-6
13
9
-2
9
-9
-17
30
37
0
5
3
1
13
5
7
1
8
29
-3
-39
-4
9
16
29
-23
-27
-12
-21
-4
-14
-26
6
27
8
-25
-36
-6
10
10
3
-5
-10
1
20
-12
-20
-9
-7
15
17
5
14
2
0
10
-10
12
32
-4
7
14
-14
-13
-15
3
7
-6
6
-2
-18
-2
8
8
2
-5
3
-24
-41
-9
-6
1
30
7
-22
4
14
15
20
3
0
16
10
-14
-14
-10
5
20
16
6
-16
-22
17
20
-7
13
16
-12
-7
-15
-21
3
-9
-16
-17
-18
4
-1
-36
-19
8
19
25
-16
-38
-14
19
17
-35
-41
-2
16
10
-6
-24
-16
15
52
55
-28
-26
10
-2
18
11
-12
-5
16
37
27
-11
2
31
26
42
15
-34
5
11
-14
12
-2
-26
-5
-16
-23
-12
-22
-19
-29
-16
20
-14
-43
7
11
34
31
-31
-5
-3
-7
17
-3
-1
8
15
15
-32
-31
25
15
-8
11
24
32
12
-13
15
32
4
3
15
-7
15
38
29
0
-34
-13
8
-9
31
41
-45
-37
11
-2
-6
-13
-30
-5
10
-4
-6
-39
25
56
-45
-18
4
-42
26
53
-11
33
44
2
13
-5
18
24
-8
9
1
-6
6
-30
-31
34
27
-19
18
-6
-35
-10
-21
-6
-14
-31
0
-24
-28
36
-26
-54
11
-17
-15
0
-9
29
12
9
17
-43
-9
34
6
33
24
-7
3
-38
-10
41
-13
0
42
11
-7
7
-10
-23
-15
-21
2
-11
-28
20
28
-10
-10
-2
-26
-12
-4
-12
0
-18
-4
13
-24
5
16
-12
24
-7
-32
22
-6
-19
-9
-28
9
-5
-15
29
7
9
35
-22
-13
0
-18
51
33
-3
63
37
-13
28
31
14
4
-9
10
-6
-38
-3
17
7
20
-30
-80
-49
-14
10
-8
-44
-5
55
22
-52
-73
-45
-5
10
21
6
-4
59
71
8
-6
-2
-9
22
47
12
-13
6
13
13
-2
-1
2
28
83
44
-40
-39
-58
-68
-5
12
-9
3
29
29
-40
-91
-8
9
-1
52
-3
-42
-5
-20
-24
1
-1
37
36
-16
26
44
4
18
-11
-22
26
-30
-52
3
2
41
54
-9
-24
-25
-22
8
-33
-46
12
14
13
14
-15
1
31
0
-9
-44
-54
16
19
-3
-15
-62
-39
34
-15
-45
27
54
29
-19
-10
2
-56
-11
55
7
23
47
0
15
17
-9
32
22
-38
-19
22
18
-31
-10
91
45
-33
23
32
-24
-10
38
21
-33
-45
-7
23
14
-13
-8
18
35
24
17
-11
-33
1
-3
-43
-43
21
80
62
2
-15
-20
11
48
-16
-42
18
-7
-36
-13
-22
7
23
2
20
-1
-23
-4
-38
-24
17
-22
-15
22
-23
-34
12
48
40
16
39
-17
-76
8
21
-56
-4
77
37
-21
-19
-13
-45
-16
31
-27
-23
76
65
2
-11
-24
-42
-28
-9
-9
16
83
72
2
-14
-20
-20
11
24
-31
-67
-15
9
-51
-62
-21
-28
10
59
18
-23
-60
-16
14
-35
-38
-45
-38
40
47
-31
-7
6
29
52
-12
33
56
16
20
-24
-30
21
-12
5
91
28
5
19
-6
-11
-51
-12
43
-5
11
33
-30
-11
3
-56
-30
0
-15
-4
-50
-57
-21
-40
11
19
3
68
8
-46
36
-26
-49
35
-19
-30
9
3
5
12
84
90
-27
-4
50
-46
-5
52
-34
-1
61
11
-25
-30
-30
14
44
83
36
-64
-49
-61
-59
30
27
-18
46
88
21
-44
-35
-28
-19
-9
-28
-38
3
47
15
-24
20
41
-14
18
-4
14
73
-9
-47
14
25
-2
15
-1
8
9
0
-30
-93
-18
41
-34
-5
79
40
29
7
-44
-44
-27
3
-12
-13
80
70
-51
-24
14
-8
1
3
-26
-8
8
-41
-38
-7
-8
-10
-17
-22
-35
-61
-13
16
-2
46
9
-101
-31
38
20
9
-39
-5
31
1
-8
-3
54
68
-35
-36
-2
-50
-11
33
23
2
-42
-5
40
-19
16
83
-26
-80
2
-2
-41
1
95
114
2
-19
33
-41
-31
62
9
14
91
0
-35
34
-5
-44
-12
16
9
3
68
49
-55
10
40
-62
-16
30
-24
34
35
-25
6
16
7
-22
-33
37
15
-39
26
-38
-54
41
-53
-48
57
25
40
27
-33
35
-7
-60
14
-24
35
113
-6
-2
42
-41
9
10
-56
24
41
30
41
11
30
21
-59
-13
5
-57
-4
8
-9
57
25
-36
30
25
-25
-9
-29
-8
16
-12
28
17
-49
-12
-4
-20
10
-5
-4
31
26
17
-49
-76
6
17
25
33
-9
26
89
28
-33
-53
-41
8
-22
-53
-39
-53
-15
43
-23
-63
-4
38
24
-45
-67
-31
-28
5
-1
-57
13
60
20
35
16
-43
19
85
26
-45
14
73
2
16
71
3
-1
69
15
-66
-43
20
-2
-34
31
-7
-51
46
32
-36
56
62
-51
-26
11
-25
-32
6
-8
-60
-21
33
9
-2
29
-1
-32
-22
-56
-92
-28
36
4
-13
-16
-68
-82
-35
-8
-7
15
53
23
-8
14
-7
-47
-9
18
-28
-56
-59
-23
-17
-20
55
44
-36
-24
-15
-66
-71
-40
6
14
-9
21
44
64
55
9
57
86
8
0
19
-17
-30
55
105
-5
-8
81
54
11
14
57
59
-33
-35
-4
-68
-27
24
-16
35
40
-32
-28
-8
12
-2
-26
-18
-93
-74
44
-7
-69
-4
37
22
12
-20
-40
-3
29
-21
-66
15
60
29
21
13
-26
-12
73
54
-43
-9
68
29
-32
-38
-35
-14
-3
-28
-54
-68
-48
14
34
-6
-30
17
45
6
10
6
-28
36
85
18
0
28
50
83
67
26
44
52
16
-4
13
19
-62
-52
35
-35
-62
76
87
-24
-27
43
10
-135
-111
38
6
-25
42
49
18
-7
-8
15
-31
-64
-2
19
-33
-75
-34
17
-15
-25
33
29
-2
1
-33
-49
-46
-46
-31
-22
-23
-3
27
25
0
-3
-9
-15
-15
-64
-91
-64
-48
-43
-34
-7
40
39
36
62
5
-26
38
61
22
17
58
77
53
48
40
11
42
52
22
21
8
-10
0
-9
-19
-8
1
19
16
23
12
-29
-10
-8
-45
-37
-38
-49
-19
2
20
11
-32
-30
-32
-43
-22
6
26
16
-11
-9
-29
-61
-39
-11
10
12
12
41
24
-11
-6
1
10
34
41
27
14
27
45
41
38
19
4
-4
-33
-53
-46
-32
-19
-26
-33
-5
7
-28
-36
-20
2
36
49
53
52
44
36
20
26
48
59
108
132
120
119
105
109
123
100
97
99
80
55
38
33
-1
-39
-64
-134
-203
-216
-240
-273
-287
-307
-297
-245
-185
-118
-70
-31
17
14
-13
-56
-98
-101
-81
-50
-19
48
147
215
235
252
241
218
217
187
131
86
63
21
-29
-38
-51
-74
-59
-74
-136
-151
-140
-146
-142
-150
-126
-117
-151
-102
-45
-4
32
51
80
64
50
68
105
155
205
261
308
316
327
361
370
310
219
154
92
9
-73
-155
-238
-271
-293
-345
-390
-358
-259
-215
-229
-225
-169
-99
-45
-42
-81
-59
14
26
-20
-27
58
133
160
164
165
229
296
323
293
265
260
212
129
53
2
-27
-56
-126
-181
-167
-123
-124
-160
-170
-152
-152
-156
-140
-122
-87
-37
-31
-59
-44
-7
-3
3
28
43
58
60
96
144
196
270
279
246
271
344
388
388
331
239
160
87
8
-103
-193
-230
-287
-346
-406
-475
-483
-383
-279
-265
-275
-244
-171
-118
-98
-69
-21
44
60
22
18
101
236
307
284
244
247
282
281
241
217
207
184
122
30
-52
-83
-80
-100
-187
-264
-260
-246
-255
-252
-227
-205
-204
-179
-133
-92
-32
10
25
32
32
47
61
93
150
155
115
76
43
70
116
107
104
125
168
212
240
308
385
435
429
306
151
57
-8
-96
-205
-321
-394
-431
-500
-541
-515
-405
-282
-247
-238
-214
-133
-28
11
2
22
86
119
98
99
189
315
371
356
288
272
321
325
253
189
192
168
93
-8
-70
-104
-141
-180
-269
-337
-338
-303
-284
-299
-267
-205
-180
-159
-104
-15
35
45
56
71
91
100
126
147
173
178
145
99
61
62
60
28
-5
1
54
135
197
246
338
444
474
367
219
116
-6
-116
-227
-376
-470
-468
-430
-478
-526
-421
-230
-140
-149
-137
-79
21
73
51
-26
-20
102
133
43
2
133
287
317
256
237
311
369
355
241
139
129
118
40
-127
-236
-246
-260
-338
-448
-446
-366
-328
-328
-285
-191
-97
-31
10
55
96
137
151
132
128
164
192
171
134
160
211
180
102
66
64
48
21
-1
-25
2
98
150
149
204
314
378
286
131
34
-65
-147
-233
-345
-392
-372
-336
-373
-461
-394
-170
-45
-73
-128
-117
-20
34
10
-41
-40
102
186
96
40
150
331
385
299
242
296
376
405
338
226
169
116
14
-159
-308
-311
-293
-379
-498
-537
-519
-484
-370
-228
-143
-82
7
106
167
215
248
212
167
179
182
132
90
151
252
255
161
77
66
104
131
88
0
-54
-51
-53
-87
-101
-21
94
177
227
207
113
47
64
19
-109
-205
-227
-232
-237
-246
-304
-386
-288
-74
-65
-178
-188
-83
4
-17
-62
-66
30
208
252
165
145
281
443
431
276
194
277
331
295
237
179
155
118
12
-180
-337
-373
-383
-472
-572
-606
-578
-485
-414
-321
-143
12
79
151
283
355
321
288
285
233
168
144
91
43
87
169
183
83
24
117
157
38
-64
-80
-90
-147
-148
-126
-180
-117
69
172
167
197
222
153
63
5
-45
-107
-133
-142
-158
-219
-336
-392
-285
-153
-177
-245
-240
-205
-126
-54
-52
-36
127
303
301
229
225
355
467
436
287
166
184
198
162
105
65
93
115
45
-113
-243
-262
-254
-326
-428
-508
-527
-460
-393
-317
-209
-90
53
188
261
289
303
330
327
277
218
130
82
111
134
110
90
78
58
53
32
-5
-51
-93
-115
-145
-173
-182
-136
-41
60
167
280
380
349
242
184
126
29
-86
-168
-202
-215
-262
-359
-505
-462
-196
-122
-285
-391
-272
-83
-51
-94
-65
79
319
427
257
115
265
487
496
259
68
119
216
205
107
32
80
216
228
46
-153
-201
-150
-232
-420
-552
-618
-574
-450
-395
-391
-304
-141
34
164
244
284
297
353
384
287
177
143
162
215
177
64
0
-14
22
59
-2
-106
-117
-40
-35
-137
-160
-71
-9
59
154
173
241
408
423
245
75
39
-1
-140
-215
-206
-258
-295
-352
-502
-468
-229
-104
-196
-304
-228
-62
-15
-39
5
185
401
416
250
174
293
494
540
306
103
157
274
251
146
119
181
236
203
40
-164
-221
-172
-251
-463
-639
-705
-664
-576
-493
-392
-291
-154
59
233
292
311
389
464
412
276
159
61
67
177
181
42
-47
-10
82
105
46
4
-3
-7
-45
-132
-191
-166
-56
71
85
106
274
421
352
205
148
77
-64
-165
-202
-275
-288
-254
-404
-594
-472
-167
-133
-321
-341
-165
-46
-63
-84
-30
159
410
462
262
128
326
590
540
253
105
192
253
191
100
51
108
228
209
-40
-261
-242
-167
-283
-504
-660
-721
-670
-542
-465
-420
-274
-84
62
167
278
341
371
442
438
285
134
107
130
135
160
176
108
45
114
211
139
-12
-49
-39
-138
-234
-206
-193
-189
-50
116
149
189
354
405
245
118
82
-52
-213
-226
-203
-247
-333
-428
-483
-389
-191
-132
-234
-284
-167
5
31
-43
26
303
523
476
303
241
370
545
541
276
48
97
192
138
-9
-48
75
189
130
-64
-225
-240
-201
-268
-458
-679
-750
-626
-522
-500
-424
-253
-85
57
208
335
399
476
562
525
363
217
191
206
160
131
133
58
-28
19
111
62
-47
-57
-68
-188
-268
-231
-208
-203
-104
30
71
152
355
427
267
125
131
77
-126
-217
-144
-128
-174
-301
-540
-565
-274
-75
-211
-384
-260
1
75
-1
-23
141
471
588
374
167
236
519
630
345
-4
-28
130
138
-12
-119
-67
105
248
98
-214
-258
-102
-105
-315
-558
-728
-711
-549
-500
-576
-460
-138
57
107
216
348
445
563
626
463
240
226
292
201
61
81
143
41
-38
66
108
-22
-84
-24
-101
-279
-258
-167
-238
-239
-38
54
13
183
512
520
237
158
208
64
-148
-230
-227
-263
-275
-312
-542
-621
-237
65
-112
-345
-231
82
145
8
12
144
352
506
363
70
78
422
616
310
-68
-8
194
186
41
-70
-54
85
231
116
-225
-315
-54
55
-236
-573
-642
-545
-471
-475
-515
-470
-246
7
46
-11
144
411
502
450
365
300
280
296
273
146
93
155
89
-40
17
122
52
-88
-116
-96
-169
-243
-216
-188
-147
-44
52
92
168
478
679
405
94
106
124
-86
-317
-307
-247
-289
-263
-416
-675
-412
98
128
-192
-302
-12
189
46
-69
-30
142
393
390
94
-80
148
549
518
62
-92
144
295
198
37
-14
71
257
253
-89
-327
-115
159
13
-372
-570
-521
-415
-418
-532
-509
-295
-114
-105
-214
-148
164
375
362
295
298
382
415
363
264
191
260
237
-33
-152
24
120
-21
-183
-182
-159
-208
-208
-224
-225
-41
154
132
36
205
665
755
328
75
136
102
-131
-326
-364
-379
-270
-146
-535
-883
-393
219
121
-291
-304
39
169
45
-76
-163
33
423
386
-94
-322
104
630
474
-2
-8
293
428
356
201
65
163
454
398
-113
-333
-2
208
-68
-440
-581
-566
-496
-474
-579
-587
-331
-96
-159
-279
-80
254
373
357
362
354
325
339
298
134
105
257
144
-221
-221
99
136
-133
-194
-32
-55
-142
-78
-59
-86
121
355
212
-21
309
830
640
92
23
159
-35
-338
-387
-400
-467
-233
-166
-699
-877
-178
316
-44
-484
-260
159
92
-104
-144
-112
144
447
295
-217
-281
376
797
360
-63
180
515
506
329
167
97
265
521
295
-274
-370
49
144
-310
-694
-689
-533
-509
-576
-638
-559
-258
-43
-151
-231
46
369
420
327
313
344
364
369
210
24
127
249
-1
-269
-89
202
113
-115
-62
51
-9
11
55
-71
-74
221
372
69
-66
469
843
391
-60
37
110
-114
-305
-355
-492
-463
-103
-240
-882
-762
85
299
-259
-549
-160
174
35
-116
-186
-169
189
513
204
-325
-107
692
877
254
-31
344
599
502
311
97
34
331
546
129
-450
-342
184
118
-468
-738
-602
-457
-487
-592
-654
-553
-200
52
-173
-318
96
470
375
200
284
398
351
302
203
20
101
274
51
-250
-76
263
166
-147
-115
91
49
-39
-47
-101
-63
178
327
83
-18
515
843
347
-118
-6
115
-129
-400
-448
-496
-424
-153
-357
-854
-597
152
274
-257
-491
-73
245
59
-165
-216
-91
263
429
104
-255
47
759
842
259
29
379
623
494
205
12
73
331
403
-26
-490
-335
102
13
-530
-806
-637
-451
-521
-654
-642
-456
-141
15
-156
-218
117
431
388
227
252
351
336
252
118
49
189
246
13
-156
23
224
120
-76
-44
35
-11
-61
-128
-187
-65
198
205
-33
72
594
696
214
-60
50
36
-179
-341
-466
-522
-277
-77
-518
-914
-428
238
127
-350
-364
-3
157
43
-106
-239
-62
417
503
6
-266
264
888
750
235
154
407
576
532
240
-58
33
391
366
-200
-568
-291
53
-119
-594
-809
-660
-461
-443
-558
-585
-373
-49
35
-130
-140
167
432
421
293
250
328
383
302
152
148
267
213
-19
-59
113
167
45
-40
-43
-44
-34
-63
-197
-229
12
227
94
-68
223
674
621
189
-2
58
6
-161
-341
-506
-504
-229
-153
-660
-910
-294
253
-11
-424
-336
34
157
64
-41
-154
73
541
493
-60
-180
418
891
589
96
124
400
516
447
162
-81
101
447
302
-309
-557
-173
101
-209
-671
-813
-640
-446
-457
-586
-603
-350
-7
49
-150
-122
240
506
443
267
256
364
385
287
162
120
176
141
-11
-59
46
125
59
-47
-67
-35
-12
-67
-187
-148
49
159
70
25
337
699
561
168
20
43
-8
-181
-390
-535
-503
-220
-253
-807
-851
-154
204
-109
-400
-248
60
128
71
-72
-216
138
623
422
-86
-27
579
895
526
150
217
382
506
467
92
-141
141
450
172
-427
-520
-104
21
-308
-656
-802
-658
-428
-442
-618
-624
-289
66
6
-193
-31
326
518
464
333
322
385
423
342
124
76
233
158
-100
-138
31
100
-17
-107
-84
-101
-95
-69
-197
-215
39
200
77
15
361
774
579
137
72
99
1
-122
-323
-517
-484
-217
-252
-834
-923
-176
215
-125
-409
-280
31
154
90
-54
-182
143
639
442
-119
-64
557
879
512
78
113
327
468
428
70
-145
153
469
200
-376
-461
-70
64
-262
-660
-824
-683
-446
-455
-657
-616
-224
62
-3
-106
57
354
527
541
399
256
339
448
248
-10
55
172
-23
-236
-103
68
-8
-75
1
-41
-132
-17
27
-162
-133
188
310
87
87
575
767
350
67
99
24
-127
-244
-372
-534
-488
-231
-487
-1036
-716
41
82
-330
-423
-85
156
66
16
-39
-66
339
602
185
-172
165
793
839
269
53
315
459
471
316
-16
-56
268
395
-32
-534
-398
48
-28
-534
-856
-813
-571
-459
-561
-621
-477
-144
132
72
-43
180
535
656
482
274
310
418
333
141
35
61
30
-111
-127
-37
-28
-28
5
-37
-114
-61
29
-88
-172
58
264
128
19
335
714
576
190
95
66
-74
-133
-241
-510
-585
-277
-216
-807
-1003
-269
196
-120
-389
-242
-5
99
155
101
-128
51
596
507
-101
-141
475
870
569
160
175
312
419
503
218
-149
27
407
254
-348
-558
-152
86
-231
-644
-821
-745
-502
-398
-545
-632
-370
54
125
-101
-14
404
626
556
406
307
331
400
332
96
-39
63
45
-178
-194
3
59
-45
-88
-75
-117
-104
-28
-78
-127
76
283
148
33
431
852
611
141
56
86
-58
-192
-300
-530
-577
-241
-274
-919
-971
-156
265
-113
-437
-245
56
123
133
37
-148
156
657
440
-160
-115
583
950
530
103
164
340
478
487
148
-106
163
501
265
-381
-576
-149
58
-322
-795
-926
-697
-446
-455
-567
-557
-282
143
234
-22
-15
409
735
598
278
242
379
360
218
70
-14
-2
-9
-65
-122
-125
-2
96
-9
-140
-73
22
-55
-143
-20
171
161
72
243
592
668
425
175
52
-23
-89
-212
-460
-624
-401
-197
-614
-1035
-619
41
64
-254
-303
-100
63
165
150
-95
-90
423
618
119
-222
177
761
752
337
159
224
353
519
379
-39
-80
319
428
-97
-607
-462
-73
-128
-532
-878
-918
-644
-434
-484
-577
-459
-48
303
189
-36
162
592
731
471
242
279
328
271
165
13
-73
-41
-9
-75
-172
-126
38
70
-59
-114
-26
-8
-105
-67
109
163
97
144
394
598
478
232
93
-34
-112
-144
-306
-528
-526
-259
-309
-851
-875
-190
114
-149
-306
-183
-4
98
186
105
-125
125
607
404
-103
-19
504
761
498
229
252
294
410
538
237
-111
89
386
146
-416
-581
-263
-122
-372
-676
-857
-776
-477
-367
-494
-510
-251
130
239
64
69
360
606
581
355
228
285
328
258
85
-60
-57
-62
-110
-102
-86
-57
13
40
-17
-68
-19
16
-47
-18
129
137
36
142
526
748
456
103
75
63
-66
-181
-346
-520
-445
-194
-409
-1038
-881
-13
202
-249
-427
-189
67
134
132
14
-126
243
665
290
-262
-8
697
892
428
115
254
381
475
509
177
-76
223
488
92
-538
-562
-142
-101
-487
-801
-874
-717
-467
-411
-508
-463
-142
218
237
41
123
457
607
463
258
192
218
208
141
25
-70
-74
-83
-102
-52
14
33
47
62
15
-14
-6
-63
-85
53
167
108
15
197
634
720
332
43
27
39
-66
-280
-469
-554
-405
-203
-596
-1113
-652
155
170
-281
-391
-76
174
170
120
-43
-56
435
628
92
-243
195
839
846
305
103
297
418
502
393
16
-48
283
346
-160
-631
-429
-51
-199
-602
-843
-850
-590
-364
-431
-491
-298
32
209
146
130
307
493
572
439
184
129
219
200
61
-37
-18
-68
-223
-159
57
62
-32
16
97
24
-54
9
-17
-115
21
180
0
-183
148
722
772
279
9
108
109
-74
-262
-435
-519
-330
-141
-592
-1185
-715
260
298
-346
-498
-81
190
142
72
-64
-76
390
646
89
-388
101
920
924
254
6
304
485
463
336
58
-45
235
357
-158
-707
-475
51
-66
-598
-841
-752
-551
-393
-398
-453
-327
-17
188
109
26
232
509
557
368
180
165
193
155
105
24
-67
-113
-161
-132
19
120
78
10
39
73
-2
-71
-87
-70
36
100
-39
-139
129
655
864
454
29
70
192
29
-290
-483
-463
-342
-283
-606
-1121
-844
113
393
-170
-512
-202
222
207
-26
-137
-48
330
541
103
-333
9
768
1016
447
-32
218
593
583
338
83
64
259
295
-91
-589
-522
-31
7
-496
-876
-857
-577
-389
-466
-501
-293
-2
125
66
65
240
440
550
452
193
98
180
190
88
-30
-52
-48
-175
-176
73
216
113
33
131
182
18
-83
-9
-30
-41
72
33
-130
52
658
962
456
-64
63
233
-32
-380
-474
-441
-406
-337
-560
-1106
-938
91
507
-131
-595
-192
352
242
-99
-125
47
327
467
117
-275
-16
770
1134
522
-82
231
728
635
236
44
158
248
152
-152
-622
-698
-211
-37
-533
-1039
-947
-422
-237
-467
-422
-92
107
162
169
187
206
332
584
467
23
-27
233
240
43
-47
36
12
-163
-61
192
176
55
74
161
98
-97
-95
-13
-126
-127
35
-27
-154
136
795
1039
453
-27
139
265
-37
-411
-534
-458
-401
-387
-681
-1193
-900
180
566
-108
-599
-129
525
358
-135
-186
91
376
375
-51
-367
-29
774
1141
505
-150
219
863
772
205
-66
174
309
52
-337
-688
-667
-206
-54
-535
-1010
-922
-369
-91
-361
-452
-69
266
214
15
84
289
335
366
353
77
-111
90
300
163
-84
-33
97
-44
-122
143
333
120
-113
36
196
-46
-275
-137
24
-41
-112
-44
-3
129
728
1191
731
36
12
347
166
-532
-803
-473
-345
-522
-848
-1161
-856
37
586
257
-440
-337
489
598
-86
-471
-115
467
377
-294
-484
10
699
1090
687
53
139
706
954
474
-168
-45
380
175
-478
-882
-643
-129
-146
-605
-900
-907
-581
-160
-143
-361
-234
209
368
35
-94
294
520
332
182
143
50
8
127
246
162
8
-30
-14
-14
105
308
271
-23
-109
95
81
-229
-360
-76
154
-7
-186
-109
234
845
1200
754
70
-106
147
102
-509
-943
-694
-307
-333
-888
-1316
-751
321
744
285
-333
-231
433
521
-89
-509
-196
432
421
-253
-512
65
968
1358
808
164
309
825
874
310
-246
-162
129
-72
-664
-1070
-827
-206
-56
-468
-835
-766
-291
42
-97
-243
-25
272
267
-20
-84
167
347
355
267
114
65
156
261
279
185
85
-15
-143
-159
-30
102
44
-155
-159
8
-31
-228
-259
-14
204
102
-71
-5
343
923
1199
706
28
-190
-19
-80
-669
-1058
-741
-321
-330
-850
-1212
-591
465
864
400
-273
-245
324
329
-283
-713
-401
326
393
-244
-432
258
1234
1588
999
357
390
724
704
89
-535
-465
-139
-248
-780
-1164
-783
5
226
-173
-577
-561
-166
16
-210
-397
-274
23
99
-187
-271
74
460
622
488
283
276
317
303
234
80
-56
-194
-354
-357
-224
-40
88
27
-11
91
104
-28
-129
-33
158
109
-111
-166
100
689
1131
902
308
-61
-72
-70
-467
-900
-821
-429
-208
-517
-1044
-850
121
856
718
-1
-359
-29
190
-181
-672
-626
55
520
164
-292
-6
926
1651
1415
636
262
378
475
136
-448
-597
-275
-95
-357
-824
-841
-176
376
245
-274
-630
-513
-252
-291
-449
-410
-155
97
37
-101
91
472
736
718
458
248
130
10
-31
-42
-90
-189
-332
-354
-150
124
319
315
198
193
193
6
-236
-302
-125
50
-47
-233
-163
334
1034
1316
870
235
-115
-174
-338
-803
-1074
-796
-367
-296
-716
-1061
-517
544
1122
793
13
-315
-103
-124
-531
-818
-512
217
462
53
-116
422
1330
1835
1439
704
259
105
-24
-392
-759
-656
-362
-289
-498
-750
-502
166
532
356
-127
-531
-560
-527
-598
-554
-347
-63
49
-81
20
460
845
994
836
527
271
-51
-350
-406
-330
-217
-207
-344
-325
-47
351
637
573
340
202
41
-202
-445
-550
-380
-126
-51
-84
58
614
1329
1502
992
230
-336
-574
-787
-1080
-1130
-845
-460
-309
-551
-617
-24
844
1289
914
94
-454
-668
-812
-901
-758
-235
351
517
440
574
1051
1634
1795
1370
668
-81
-683
-1004
-1078
-881
-524
-212
-47
-127
-222
52
486
610
281
-340
-850
-1093
-1218
-1134
-729
-99
448
554
433
578
945
1171
1053
634
178
-303
-813
-1051
-889
-478
-59
167
271
360
464
627
739
638
312
-198
-709
-977
-1002
-791
-401
55
421
663
906
1281
1546
1330
675
-188
-933
-1453
-1702
-1580
-1067
-456
6
186
182
341
679
964
934
456
-291
-1053
-1603
-1661
-1174
-331
531
1075
1274
1390
1484
1516
1377
1023
564
-105
-980
-1709
-1876
-1377
-524
228
742
946
788
493
237
43
-181
-628
-1238
-1705
-1829
-1536
-878
11
982
1625
1693
1399
1024
706
374
-17
-398
-753
-1162
-1412
-1210
-502
445
1163
1468
1411
1074
601
120
-264
-530
-791
-1096
-1272
-1186
-809
-179
535
1172
1537
1583
1441
1186
707
13
-727
-1347
-1754
-1965
-1753
-996
28
833
1138
1022
817
645
326
-133
-595
-920
-1203
-1569
-1735
-1299
-210
1106
2025
2272
2078
1730
1240
559
-227
-761
-917
-1018
-1245
-1375
-974
3
1043
1635
1739
1492
919
-16
-1124
-1910
-2124
-1958
-1674
-1360
-843
-15
932
1711
2104
2000
1489
715
-200
-1043
-1607
-1700
-1318
-729
-159
367
924
1509
1861
1735
1253
599
-140
-896
-1533
-1781
-1529
-987
-364
236
729
1104
1316
1299
1027
525
-2
-300
-381
-492
-731
-946
-921
-671
-386
-46
455
1015
1193
691
-245
-999
-1199
-1023
-797
-633
-389
-57
114
35
11
433
1196
1672
1395
606
-68
-350
-443
-563
-509
-51
553
778
472
143
261
628
693
313
-187
-542
-861
-1309
-1681
-1618
-1007
-148
461
653
629
651
673
462
-30
-500
-629
-517
-486
-617
-543
-9
723
1168
1160
996
922
748
201
-533
-959
-819
-398
-97
11
125
341
555
548
335
127
53
18
-255
-697
-927
-602
123
785
990
853
574
91
-615
-1322
-1519
-1032
-253
239
264
55
-27
77
147
143
141
206
206
-129
-709
-1085
-856
-100
653
1060
1256
1454
1445
923
-26
-776
-888
-589
-302
-146
111
511
742
562
172
-12
106
169
-190
-852
-1395
-1538
-1309
-907
-368
338
1044
1368
1036
222
-548
-897
-916
-833
-664
-253
345
788
838
660
577
673
703
479
119
-150
-276
-350
-414
-357
-55
415
790
848
588
207
-171
-541
-856
-996
-781
-272
297
696
877
864
634
141
-543
-1138
-1434
-1341
-958
-412
206
734
1014
1011
782
406
-36
-446
-719
-836
-864
-776
-525
-134
337
770
1110
1302
1282
984
422
-274
-881
-1197
-1170
-818
-222
488
1123
1465
1452
1128
591
-63
-707
-1208
-1472
-1424
-1111
-606
-52
413
697
743
564
230
-157
-551
-891
-1096
-1108
-892
-467
99
696
1131
1278
1103
711
238
-177
-418
-433
-261
6
313
594
778
798
653
397
72
-268
-547
-678
-639
-484
-280
-76
142
348
482
489
357
104
-248
-661
-1036
-1203
-1078
-669
-46
686
1331
1624
1438
852
30
-837
-1533
-1837
-1646
-1021
-177
675
1365
1735
1687
1195
428
-376
-973
-1239
-1198
-886
-367
237
745
1084
1251
1264
1104
746
230
-366
-891
-1210
-1268
-1054
-650
-130
379
741
855
724
398
-62
-582
-1067
-1400
-1488
-1288
-813
-170
501
1067
1390
1405
1088
538
-89
-613
-897
-907
-638
-175
365
818
1086
1110
927
613
223
-162
-489
-716
-809
-764
-592
-332
-27
245
434
493
402
184
-82
-289
-404
-438
-411
-312
-153
20
154
216
224
194
132
49
-26
-85
-94
-67
-48
-44
-51
-49
-15
21
29
42
76
122
167
172
152
143
148
154
143
119
110
91
26
-61
-106
-85
-23
4
-15
-40
-84
-140
-221
-319
-366
-341
-280
-222
-174
-88
49
144
151
118
76
40
-28
-134
-202
-175
-61
89
222
336
448
501
460
349
204
69
-57
-177
-278
-311
-257
-129
20
120
162
173
180
144
60
-35
-95
-121
-153
-196
-186
-104
11
94
119
114
107
70
-8
-99
-168
-178
-150
-108
-79
-59
-42
-35
-57
-98
-126
-114
-41
37
94
133
167
208
230
195
138
117
123
111
79
67
99
149
166
124
18
-109
-213
-280
-303
-262
-172
-60
21
11
-48
-108
-139
-139
-140
-152
-160
-160
-142
-121
-79
14
118
185
222
225
219
199
128
40
-22
-41
-39
-49
-53
-20
39
101
133
125
125
128
101
41
-27
-62
-67
-56
-60
-44
29
118
198
215
163
81
-44
-214
-363
-451
-366
-135
62
232
278
181
65
-130
-352
-451
-421
-193
124
271
281
182
58
48
-5
-95
-65
43
195
284
164
-44
-148
-148
-93
-37
-9
60
162
214
189
67
-80
-138
-155
-121
-22
49
132
220
209
161
44
-112
-183
-187
-116
-1
33
22
-12
-54
-51
-117
-182
-157
-98
-16
-27
-107
-121
-136
-148
-142
-137
-20
121
191
252
234
180
137
58
47
41
42
127
176
219
242
212
258
307
311
315
248
240
181
-124
-460
-756
-825
-594
-392
-145
185
398
451
163
-303
-606
-820
-824
-637
-447
-97
204
303
385
327
244
210
150
262
358
301
236
95
103
318
417
532
655
628
517
155
-264
-494
-618
-518
-360
-258
-48
44
-14
-117
-367
-553
-593
-563
-388
-267
-182
-54
-29
35
133
185
322
396
376
339
186
56
20
67
250
353
354
363
297
205
29
-200
-270
-244
-218
-221
-278
-220
-90
-88
-86
-49
27
106
24
-123
-213
-233
-151
-47
91
327
507
565
563
478
296
43
-231
-410
-448
-368
-256
-168
-25
135
132
-9
-160
-294
-364
-382
-421
-423
-299
-100
78
190
318
422
421
413
381
269
166
67
-18
12
108
209
286
348
380
256
51
-86
-213
-313
-375
-464
-494
-416
-329
-277
-216
-100
-4
11
15
-33
-102
-89
-82
-107
-51
112
290
381
400
362
245
156
87
-10
-24
57
86
68
80
99
82
35
-18
-122
-198
-213
-264
-281
-217
-140
-60
57
178
215
168
143
75
-72
-117
-129
-147
-42
79
127
146
182
198
103
0
-72
-228
-340
-322
-300
-237
-102
20
86
86
97
78
-8
-41
-70
-108
-94
-47
41
124
202
296
341
350
324
233
123
2
-106
-182
-230
-199
-108
-11
81
125
128
81
-44
-182
-312
-399
-398
-363
-281
-143
-17
84
122
126
148
138
117
74
41
35
12
40
112
198
295
315
287
209
90
24
-81
-173
-159
-106
-25
69
112
136
93
2
-76
-228
-261
-237
-230
-141
-78
-4
60
100
151
116
79
57
-66
-136
-136
-140
-107
-45
43
125
146
185
122
22
12
-93
-172
-197
-170
-85
-33
74
162
202
272
212
102
56
-20
-86
-131
-127
-81
-61
5
79
128
211
222
157
97
-27
-179
-295
-346
-296
-241
-138
-2
79
169
184
117
59
-41
-133
-199
-206
-135
-82
7
92
121
176
200
206
209
174
166
92
-13
-46
-75
-32
21
47
116
93
37
13
-58
-87
-102
-112
-93
-131
-93
-48
-91
-37
7
-7
-16
-53
-32
-47
-69
-15
-40
1
89
59
101
126
88
31
-68
-48
-71
-110
10
49
72
134
99
83
65
43
15
-97
-97
-73
-130
-57
33
99
161
141
148
87
-5
-44
-131
-127
-109
-151
-90
-18
47
85
74
118
91
1
-53
-137
-172
-169
-161
-86
-21
41
94
84
110
117
65
18
-41
-57
-73
-109
-58
3
53
109
114
131
107
60
58
13
-8
-21
-54
-39
-24
-9
0
-10
5
-6
-50
-50
-50
-57
-65
-77
-65
-42
-23
5
10
6
-1
-32
-48
-40
-31
-13
22
59
87
68
38
22
5
8
11
15
31
41
48
56
45
36
50
35
23
5
-24
-36
-65
-53
-42
-41
-18
-2
21
29
10
-9
-51
-69
-70
-72
-51
-42
-21
-2
7
15
17
35
55
52
42
30
13
-12
-37
-50
-56
-54
-15
23
38
40
26
13
-7
-17
-18
-24
-1
3
-18
-27
-37
-22
-7
7
45
55
61
66
38
20
-18
-62
-64
-65
-37
-16
-18
5
13
4
6
8
24
23
-11
-21
-38
-42
-17
-1
32
56
61
57
38
46
58
47
39
35
34
16
-3
-2
-6
0
8
5
10
17
22
20
1
-6
-14
-21
-2
-11
-21
-15
-18
-7
-13
-18
1
0
12
12
-12
-1
-6
-15
-19
-36
-12
-1
14
48
36
46
25
-4
0
-28
-19
-5
-9
-8
-14
3
13
13
36
46
43
46
37
24
7
-13
-24
-46
-53
-46
-58
-42
-25
-19
-3
-18
-18
-21
-42
-35
-53
-53
-39
-51
-21
-7
-3
20
10
15
24
20
23
7
4
10
-1
9
16
3
-3
-6
1
12
17
36
34
17
10
-11
-25
-33
-35
-26
-19
-1
14
13
17
6
-4
-15
-29
-15
-15
-11
0
-5
-2
-7
-12
2
16
29
30
24
15
2
-13
-18
-23
-18
-3
5
17
18
25
25
19
29
31
36
17
3
2
-13
-11
-17
-23
-22
-32
-15
-12
-28
-4
10
7
10
-7
-18
-45
-65
-58
-59
-28
15
32
49
58
52
42
15
-7
-28
-43
-25
-14
-13
7
24
38
51
44
44
32
5
-15
-36
-26
-14
-8
-2
3
14
14
11
-7
-21
-20
-37
-42
-41
-38
-24
-18
-2
12
23
30
26
26
19
5
3
7
8
10
17
16
10
8
4
-5
-10
1
3
1
14
26
26
20
13
-4
-29
-28
-43
-47
-28
-28
-10
-3
13
45
39
49
61
28
2
-17
-59
-63
-57
-31
11
21
54
64
46
48
30
-14
-34
-61
-74
-73
-74
-40
-6
16
38
47
48
47
30
7
0
1
-5
-9
-10
10
37
42
41
31
16
4
1
-3
-21
-27
-28
-31
-20
-15
0
3
3
13
2
-4
1
0
-1
6
12
13
10
3
10
6
7
17
4
5
10
15
24
8
10
9
-21
-34
-47
-44
-31
-29
-2
9
18
38
33
30
27
16
7
-15
-32
-36
-32
-12
16
30
48
56
43
35
15
0
-17
-46
-57
-61
-60
-41
-19
0
19
31
38
35
27
12
-9
-34
-39
-32
-28
-14
-3
16
38
41
39
26
13
9
-11
-16
-14
-16
2
4
3
18
18
15
10
-3
-11
-21
-28
-19
-22
-17
-7
-13
-8
-13
-15
-4
-6
3
2
-1
9
-2
-1
-2
-2
1
-3
2
6
17
31
29
29
29
23
14
12
9
1
-4
-14
-14
-18
-17
-3
5
22
28
14
2
-14
-32
-50
-60
-54
-50
-39
-21
-1
10
22
28
22
20
10
4
0
-10
-9
-8
-6
8
15
34
50
48
52
39
22
4
-19
-31
-39
-37
-30
-21
-11
0
3
9
6
3
-1
-10
-21
-25
-20
-12
-4
3
20
23
27
31
22
15
1
-15
-21
-33
-32
-24
-13
5
15
20
20
17
8
-4
-8
-10
-8
-3
1
8
11
14
20
21
21
23
23
13
12
7
7
4
4
9
2
0
-7
-14
-19
-22
-27
-29
-21
-16
-8
-4
1
3
-1
0
-10
-14
-15
-16
-15
-12
0
12
22
31
36
28
16
9
2
2
7
10
18
20
18
16
12
15
12
3
-2
-15
-33
-41
-47
-42
-35
-26
-14
-9
-4
4
-2
-7
-5
-11
-10
-9
-5
1
3
2
7
6
8
6
4
12
12
16
12
6
10
7
8
13
11
15
17
10
9
3
-4
-5
-9
-2
-2
-2
2
-6
-10
-7
-12
-10
-5
-1
8
6
5
4
-5
-10
-7
-10
-11
-9
-10
-13
-9
1
0
0
6
7
5
3
-4
-7
-5
-2
0
11
17
19
22
17
17
13
11
8
-5
-10
-9
-8
1
8
13
18
16
13
7
4
-2
-6
-12
-14
-21
-18
-17
-23
-15
-12
-3
-1
-7
-7
-6
-8
-3
3
6
12
9
10
12
7
7
5
6
9
7
4
2
1
1
-2
0
5
4
1
-4
-9
-15
-15
-11
-9
-8
-11
-9
-12
-14
-15
-16
-11
-13
-7
-5
-4
-5
-7
-6
-7
-7
-5
-1
-3
1
6
6
11
9
11
8
4
4
3
4
2
0
0
5
3
6
7
7
8
1
1
-3
-1
2
4
5
8
3
-1
-4
-8
-5
-8
-4
-4
-3
-1
1
-2
-3
2
4
7
5
3
0
-4
-3
-2
1
7
8
12
12
8
9
7
10
15
16
17
15
11
5
0
-2
-5
-3
-5
-4
-3
-3
-4
-5
-6
-8
-6
-8
-9
-12
-17
-17
-20
-17
-13
-9
-2
2
1
2
3
4
6
6
9
7
8
12
11
10
10
11
10
10
10
9
9
6
5
2
1
-3
-4
-5
-7
-7
-7
-5
-1
-1
-2
-3
-5
-7
-9
-12
-13
-11
-9
-6
-3
1
3
6
7
6
3
2
-2
1
4
5
4
2
4
5
4
5
8
9
9
8
6
4
2
-1
-5
-5
-3
2
5
6
5
9
6
1
-8
-15
-16
-19
-21
-20
-17
-7
-1
1
6
7
8
5
-2
-8
-13
-14
-14
-9
-3
4
13
16
17
17
13
12
7
6
5
2
1
1
3
7
9
10
9
9
6
1
-4
-9
-10
-11
-8
-9
-8
-5
-4
-2
2
2
-1
-6
-9
-10
-12
-11
-11
-4
-4
-1
3
4
4
2
3
0
-2
-4
-6
-6
-6
-1
1
4
9
9
9
9
7
6
-1
-3
-3
-6
-5
-2
-3
0
2
1
1
0
-1
0
0
0
0
-5
-5
-7
-11
-8
-7
-3
-2
0
3
3
4
6
5
5
4
4
3
2
0
0
-3
-2
2
4
7
8
6
5
5
5
0
-5
-6
-8
-6
-7
-5
-1
2
4
5
5
1
-5
-8
-12
-11
-10
-7
-7
-5
-2
-1
4
4
5
5
0
-2
-3
-5
-5
-3
0
5
9
10
11
10
8
6
4
1
-1
-2
-2
1
1
3
3
5
7
4
2
-2
-1
-1
-3
-1
-1
-1
2
2
0
0
0
1
2
2
1
0
0
-1
-1
-2
-3
-1
-2
-2
-1
-1
0
3
5
6
6
6
6
3
-1
-2
-4
-4
-5
-6
-2
1
5
4
6
5
4
2
-3
-8
-11
-12
-10
-7
-4
0
1
3
3
4
2
-1
-4
-5
-4
-4
-2
-1
1
2
5
7
5
3
2
1
-2
-4
-4
-3
-2
1
1
4
7
7
7
4
0
-2
-3
-7
-7
-8
-6
-4
-3
-1
-1
1
4
2
2
1
-1
-3
-4
-2
-2
-2
-1
1
1
2
1
2
2
2
2
2
1
-1
-3
-4
-5
-3
-2
-1
1
2
4
5
5
5
5
3
3
2
2
0
-2
-3
-3
-3
-4
-3
-1
1
1
2
0
-2
-3
-4
-3
-3
-2
-1
0
1
2
4
4
3
1
0
1
1
2
3
2
3
4
5
4
3
5
3
2
1
0
-1
-2
-2
-3
0
0
2
1
0
3
2
1
3
2
3
1
-1
-3
-5
-5
-5
-5
-1
0
0
3
4
6
6
4
3
0
0
-3
-4
-4
-4
-1
2
2
2
3
1
1
-1
-1
-2
-3
-2
0
-1
2
3
3
3
3
2
0
-2
-5
-8
-7
-7
-6
-4
-2
1
2
2
1
1
0
-2
-3
-2
-2
-2
-2
0
2
2
3
3
3
4
2
0
1
-1
-2
-2
-4
-3
0
1
2
2
2
1
-3
-3
-4
-3
-4
-3
-2
-2
-3
-2
-1
-2
-1
0
0
0
-2
-2
-4
-3
-2
-1
0
0
0
2
1
2
0
0
-1
-3
-2
-1
0
1
2
2
5
6
4
3
3
3
3
2
0
-2
-2
-3
-5
-5
-5
-3
-1
-2
-1
-2
-3
-2
-3
-2
0
-1
1
-1
0
1
0
0
0
-1
1
2
1
1
1
2
1
2
3
3
2
2
2
2
3
3
4
3
3
2
0
-1
-1
-2
-3
-3
-4
-3
-2
-2
-1
0
0
1
-1
1
0
1
0
1
4
2
4
4
3
2
0
0
0
0
-1
1
1
2
1
0
0
0
0
1
2
1
1
1
1
3
2
2
1
1
2
2
2
3
1
-1
-1
-1
0
0
-2
-1
-2
-2
-2
-2
-2
-1
-1
-1
0
0
2
1
1
1
1
-1
-2
-2
-2
-2
-2
-1
-2
0
1
1
3
3
2
0
0
-1
-2
-2
-3
-3
-3
-2
-1
0
1
2
1
0
0
1
0
-2
-3
-4
-5
-3
-4
-1
0
0
0
-1
-1
1
1
2
2
2
2
3
1
1
0
1
0
-1
-2
-1
-1
0
1
1
2
2
2
1
1
1
1
0
0
1
1
2
1
0
1
1
0
0
-2
-1
-1
-1
0
1
1
1
1
1
1
1
2
0
1
-1
-1
1
1
1
1
2
2
2
3
2
2
2
2
1
2
1
1
1
0
1
1
1
0
1
1
0
0
0
1
0
0
-1
-1
-2
-2
-2
-3
-2
-1
-2
-3
-2
-1
0
1
0
1
1
0
0
0
1
-2
-3
-1
-1
-1
0
0
2
3
3
3
3
0
0
-2
-2
-2
-4
-3
-3
-1
-1
0
0
1
1
1
2
0
0
-1
-1
-1
-2
-3
-2
-1
-3
-2
-3
-3
-3
-2
-2
-1
0
1
2
2
2
2
2
1
0
-2
0
0
-1
0
0
0
1
2
2
2
1
1
0
-2
-1
-1
-1
-2
-1
0
0
2
1
0
0
-1
-3
-1
-2
-3
-2
-1
1
1
2
2
1
0
0
0
-2
-1
-3
-1
1
0
1
0
0
1
1
0
-2
-2
-1
-2
-1
-1
0
1
2
1
1
1
-1
0
0
0
0
1
3
2
3
4
5
3
0
0
-2
-3
-3
-2
-3
-2
0
0
1
1
0
1
0
1
1
2
0
0
0
-1
-1
0
-1
-2
-2
-2
-2
-3
-2
-2
-2
-1
1
0
2
2
1
2
0
0
0
0
1
1
1
0
0
-1
0
1
1
0
1
1
3
3
4
4
3
2
2
3
2
2
0
0
0
0
1
0
0
0
-1
0
1
1
2
1
1
1
-1
-2
-2
-2
-2
-2
-2
0
0
-1
-2
-2
-1
-2
0
1
0
1
1
0
1
1
2
2
2
1
2
1
0
0
-2
-2
-3
-4
-3
-2
-2
-3
-2
-3
0
-1
0
2
3
2
3
2
3
3
2
1
0
0
-1
-1
0
1
0
0
0
0
2
2
3
2
3
2
3
2
1
0
-1
-1
-1
-2
-3
-2
-2
-2
-2
-2
-1
-1
2
2
2
2
2
1
1
1
0
0
2
0
1
1
0
0
0
-1
-3
-1
-2
-2
-2
-3
-3
-2
0
0
-1
-1
-1
-1
-1
0
0
-1
1
0
0
-1
-2
-2
-2
-2
-1
-1
0
0
1
1
1
0
0
-1
0
0
0
1
-1
0
-1
1
-3
-2
-3
-4
-3
-2
-2
1
1
1
2
2
2
1
2
0
-2
-1
-2
-2
-2
-2
-2
-1
0
0
0
1
1
2
5
4
3
2
2
0
-1
0
0
-1
0
-1
1
0
-1
-1
-1
0
1
1
0
-1
-3
-2
-4
-3
-3
-3
-2
0
2
3
3
3
3
3
3
1
0
0
-2
-2
-1
-2
-1
0
1
1
1
1
2
2
1
0
-1
1
1
1
1
1
1
1
3
2
0
-1
0
0
0
0
0
0
-1
0
-2
-2
-1
-1
-1
-2
-2
-1
0
0
0
1
0
0
0
1
2
1
1
1
0
1
1
0
1
1
0
1
1
-2
-1
-1
0
0
0
0
0
1
1
-1
-1
0
0
-1
-1
0
-2
-2
-2
-2
-1
0
0
0
0
-1
0
-1
1
2
1
0
0
-1
-1
-3
-3
-2
-3
-2
-1
0
1
1
0
2
1
0
-1
-2
-2
-2
-1
-1
-1
-2
-2
-2
-2
-3
-1
0
-1
0
0
0
1
0
-1
0
-1
0
1
0
0
-1
-1
0
2
1
1
0
0
2
1
0
-1
-1
0
1
2
2
3
4
4
4
5
4
3
2
1
2
1
0
0
1
-1
-1
-2
-2
-1
-1
0
-1
0
1
3
3
2
1
0
0
0
0
0
0
1
0
1
2
3
3
1
0
0
-1
-1
0
0
0
1
-1
0
1
1
2
1
-1
-3
-2
-2
-2
-2
-2
-1
0
1
2
2
3
2
1
1
0
1
0
0
-1
-3
-2
-2
-4
-3
-3
-2
-2
-2
-1
-1
-2
-1
-1
1
2
3
2
1
1
2
1
1
2
1
1
1
2
2
1
0
0
0
0
0
0
0
-1
1
1
1
0
1
-1
-2
-3
-2
-2
-2
-2
-3
-2
-1
-1
0
0
-1
0
0
2
2
2
1
1
0
1
0
-1
-1
0
0
-1
1
1
1
1
2
1
0
1
1
0
0
0
1
1
1
-1
-2
-2
0
0
-1
-1
-1
-1
-1
0
0
1
1
1
2
3
1
0
-1
0
0
0
1
1
2
2
1
0
1
0
-2
-2
-1
0
0
2
2
2
2
1
2
2
3
1
1
1
0
0
2
1
1
-1
-3
-3
-3
-2
-2
-3
-1
-1
-1
-1
-2
-2
-2
-1
-1
0
-1
2
0
1
1
1
2
2
1
1
0
-1
-1
0
-1
1
3
3
2
2
2
0
0
-1
0
-2
-3
-2
-1
-1
-1
0
0
2
3
1
1
0
0
-2
-1
1
2
1
1
1
1
1
1
0
-1
-1
1
1
1
1
2
2
1
1
0
-1
-1
0
0
1
0
-2
0
1
-1
0
-1
-2
-3
-1
0
1
0
-1
-1
0
-2
-2
-3
-2
-1
-1
-1
1
1
1
0
0
0
0
-1
-1
-2
-3
-2
-1
-1
1
1
1
1
1
1
1
0
0
0
-1
-1
-2
-3
-3
-1
0
0
0
0
-1
-1
-2
-3
-3
-3
-1
-2
-1
-1
0
1
0
-1
0
0
0
0
0
-1
-1
0
-1
0
-1
-1
0
-1
0
-1
-1
-1
0
-1
0
0
0
0
-1
0
0
-2
-1
-2
-1
-2
-2
-1
-1
0
0
0
0
1
1
1
1
2
1
0
0
-1
0
0
0
2
0
0
0
0
0
-1
0
-1
0
1
2
2
0
1
0
0
0
-1
-1
0
-1
-1
-1
-1
0
1
3
2
2
1
1
1
0
0
-2
-1
0
0
0
1
0
1
0
1
2
0
0
1
0
-1
-1
-1
0
-2
-2
-2
0
1
0
1
2
2
0
1
1
0
0
-1
0
0
0
-1
0
1
3
4
2
1
0
-2
-3
-1
-1
-2
0
0
-1
0
3
4
4
4
1
2
1
1
1
2
1
2
3
3
2
2
2
2
1
0
-1
-1
-1
-1
0
0
0
1
1
0
0
2
2
1
0
2
2
3
2
1
-1
-1
-2
-2
-2
-2
-2
1
2
2
2
1
0
0
1
1
-1
-1
1
-1
0
1
0
0
0
0
1
0
0
1
2
2
1
1
1
3
1
0
-1
-3
-3
-2
-3
-2
-1
-1
-1
1
3
3
3
2
2
1
0
0
-1
0
0
0
0
0
-1
-1
0
-1
0
1
1
2
2
0
1
0
0
-2
-2
-3
-2
0
1
1
1
0
-1
-1
0
-1
-3
-3
-4
-4
-2
-2
-1
0
1
0
0
2
0
0
-1
0
0
2
0
-1
-1
-2
-3
-3
-1
-2
-1
0
0
1
1
1
1
0
0
-1
-1
-2
0
-1
0
1
0
1
1
2
3
4
2
1
0
0
0
0
0
0
-1
0
2
2
2
1
2
1
-1
-1
-2
-2
0
-1
0
0
0
1
2
0
0
0
-2
-1
-1
0
0
0
0
0
-1
-1
-1
-2
-2
-2
-3
-3
-2
-2
-1
0
0
-1
0
0
-1
-1
-2
-1
-1
-2
0
-2
-1
-1
0
0
0
0
1
1
1
0
0
-1
-1
0
1
2
1
3
2
3
2
1
0
0
-1
-3
-3
-3
-2
-1
-1
0
1
1
2
2
2
3
3
2
2
1
1
1
1
2
1
1
-1
-2
-2
-3
-3
-4
-3
-3
-4
-4
-3
-1
-2
0
0
0
3
2
3
2
2
-1
-1
-2
-2
-1
0
1
2
1
1
1
1
0
1
2
1
0
0
0
-2
-1
-2
-1
-1
0
0
0
0
0
1
0
1
2
1
3
2
2
1
1
-1
-2
-3
-3
-3
-3
-2
-2
1
2
3
3
3
3
2
2
2
1
3
1
2
1
1
0
1
-1
0
0
-1
0
0
0
-1
-1
-2
-2
-1
0
0
-1
0
1
2
1
2
1
0
-1
0
-1
0
0
0
-1
-2
-2
-2
-1
0
0
1
2
2
1
2
1
0
0
-1
-2
-2
1
0
1
1
0
0
-1
1
0
1
0
2
0
0
-1
-2
-2
-3
-3
-3
-2
-1
0
1
1
2
0
1
0
0
1
0
-1
0
0
1
1
2
0
1
1
2
0
0
0
0
-1
-2
-1
0
-1
0
1
2
2
2
4
2
2
2
2
1
1
-1
0
-1
-1
-1
-1
0
0
0
-1
-1
1
0
0
-1
0
1
2
0
-1
0
1
0
0
-2
-2
-1
-3
-2
-2
-2
-1
-1
-2
0
0
0
1
0
0
0
0
2
3
2
3
3
3
2
2
1
0
0
-1
-1
-2
-1
-1
0
0
1
1
0
0
-1
-2
0
-1
-1
0
-1
1
2
2
2
2
2
3
2
0
-1
-1
-2
-2
-3
-2
-2
-2
-1
0
0
-1
0
-1
0
0
0
-1
-1
0
1
1
2
1
0
-1
-1
-2
-2
-2
-1
-2
-2
-1
0
-1
0
0
1
1
0
0
-1
-2
-2
-1
0
2
3
2
3
0
1
0
-2
-3
-1
-1
0
-2
-3
-1
-1
0
-2
-3
0
2
1
-1
-2
1
2
1
-1
0
2
4
3
2
-2
0
6
4
-3
-4
2
4
-4
-7
-2
1
2
1
-2
-4
1
5
1
-6
-6
4
3
-2
-4
0
2
3
2
0
-3
1
7
1
-5
-3
4
3
-2
-3
0
1
2
3
0
-1
3
5
0
-2
1
5
2
-1
1
4
4
3
1
-1
1
4
3
-2
-4
0
3
1
0
0
2
3
3
2
1
0
1
3
0
-3
-1
2
1
-1
2
4
3
-1
-4
-1
-2
-4
-4
-4
0
3
0
-4
-5
-3
1
3
1
-3
-6
0
4
-4
-8
-2
6
3
-2
2
4
2
0
3
0
-5
-3
2
-1
-5
0
2
2
1
4
3
1
0
-1
0
2
4
3
1
5
6
2
1
3
5
1
-2
-3
-3
-2
0
1
-4
-4
1
6
1
-2
-2
0
0
0
-6
-8
0
5
1
-3
2
0
0
2
1
0
-3
-1
0
-2
-3
0
1
0
1
5
5
-1
-5
-7
-1
5
1
-8
-7
2
5
-1
-6
1
7
9
5
2
-1
-2
1
3
0
-6
-4
2
0
-7
-9
-5
-2
-4
-7
-5
0
0
1
0
2
8
4
-1
-4
0
5
1
-6
-7
-2
3
1
-2
-1
1
7
4
-5
-7
2
4
1
0
-2
-8
-4
5
0
-6
3
12
-3
-14
2
9
-7
-17
1
16
14
13
-5
-31
-14
42
40
-33
-47
28
47
-13
-33
-8
-16
-9
63
53
-84
-107
57
121
-22
-101
2
61
-3
-15
18
-30
-51
54
89
-48
-109
21
100
9
-57
-14
11
9
28
10
-54
-34
58
49
-44
-50
17
29
5
-2
-21
-34
20
62
-1
-59
-5
51
12
-27
-4
2
-14
10
25
-25
-45
14
38
-16
-41
2
18
-11
-14
3
-8
-9
10
10
-12
-7
15
8
-8
1
9
-4
-2
10
0
-10
3
9
-11
-11
12
11
-13
-10
11
8
-7
-5
1
0
1
7
-2
-11
-1
12
9
-5
-5
3
6
9
1
-9
-3
10
8
-5
-9
1
7
5
1
-4
-2
8
7
-1
-4
2
7
2
2
1
0
4
7
3
-4
-2
5
3
-4
-2
3
1
1
2
2
3
6
4
-1
2
8
4
-1
2
5
3
0
4
7
1
-2
4
2
-4
-1
2
-1
-2
1
6
5
1
0
2
3
4
-3
-6
2
6
0
-9
1
8
0
-4
-3
-1
-4
0
6
-4
-5
0
6
1
-6
-3
-3
1
1
-2
-7
-2
6
0
-6
-2
3
-1
-5
-3
0
-4
-4
-3
-6
-5
2
0
-7
-10
-3
-1
-4
-1
-2
-2
3
8
3
-5
-1
7
2
-5
-5
-2
2
6
6
-4
-7
2
10
2
-8
-5
2
4
1
-1
-3
-4
2
9
5
-3
-5
4
7
1
-3
-3
-1
2
4
4
-2
-5
1
3
1
-7
-9
-3
3
5
1
-7
-5
3
7
1
-7
-6
2
4
1
-6
-4
3
7
3
-5
-5
4
10
0
-2
-2
6
9
1
-7
-9
4
12
-3
-21
-8
14
7
-14
-13
5
6
3
7
-3
-20
2
38
12
-39
-21
38
29
-25
-32
5
17
9
12
-10
-34
2
49
24
-44
-35
31
46
-2
-31
-12
18
31
14
-19
-24
12
38
12
-27
-29
6
33
16
-25
-30
8
35
10
-27
-18
16
25
4
-15
-13
4
20
17
-6
-17
4
21
8
-17
-20
6
17
-4
-22
-9
14
9
-6
-6
4
2
1
4
-2
-11
-2
10
-4
-19
-6
14
5
-12
-9
7
6
-5
-7
-4
1
4
-1
-4
-2
4
3
0
-3
-6
-1
6
0
-13
-6
11
9
-9
-10
8
16
6
-2
0
1
4
6
-1
-10
-2
10
10
-4
-9
2
5
1
-6
-10
-2
5
0
-9
-10
1
8
2
-4
-1
2
2
1
0
-5
-3
3
2
-7
-5
5
7
-5
-9
0
6
-1
-6
-3
2
5
2
-2
-4
0
8
9
-3
-5
4
10
5
-6
-9
0
6
0
-9
-7
1
8
4
0
2
2
6
4
-3
-9
-5
4
1
-11
-10
3
5
-1
-5
-2
0
-2
1
4
3
0
3
7
4
-1
-1
1
-2
-6
-1
6
2
-4
0
7
4
-2
-2
4
1
-2
-2
0
1
1
3
5
0
-2
1
2
0
-5
-6
-5
-3
-4
-5
-2
0
0
-1
3
1
-3
-2
4
6
0
-4
-3
1
4
5
3
0
4
8
7
0
-5
-1
5
4
-3
-4
-2
1
-1
-4
-6
-5
-2
-3
-7
-10
-8
1
3
-4
-9
-5
5
4
-4
-4
-4
-1
0
1
-1
-3
2
7
5
-4
-1
3
1
-3
-4
-1
-1
2
-1
1
1
1
1
2
0
-1
2
2
2
0
1
3
0
0
1
5
3
0
1
4
4
2
1
-2
0
2
1
-5
-4
1
2
-2
-2
-5
-4
-2
0
-6
-8
-3
3
3
-2
-1
1
-1
-1
-2
-2
-2
-1
2
1
-4
-3
1
0
-3
-2
-1
1
-1
1
1
0
2
4
2
1
1
3
5
2
2
4
3
2
2
2
-1
-3
-2
-1
-2
-3
-5
-2
1
1
2
3
3
-1
0
2
3
1
-2
2
4
0
-1
0
1
2
1
3
0
0
3
6
3
-1
0
3
4
0
-2
0
0
1
2
1
0
0
2
1
-4
-7
-4
0
-2
-6
-5
-2
0
0
-1
-2
-3
-3
-3
-6
-5
-4
-3
-1
-1
-1
0
0
2
1
0
4
5
2
3
3
2
0
-1
2
1
-1
1
1
-4
-6
-4
1
-2
-4
0
3
3
2
3
3
2
2
0
-1
-3
1
2
1
1
-1
0
2
0
-1
0
2
2
0
0
1
2
3
3
3
1
3
3
0
-1
-1
3
4
1
-1
-1
0
2
1
-1
-3
-1
1
2
0
-2
-2
3
5
2
0
0
1
0
1
1
0
1
-1
-3
-3
-4
-2
-1
-5
-6
-6
-4
-2
-3
-4
-3
-1
2
1
0
1
0
2
4
3
0
-1
-1
1
-1
-1
1
2
0
-1
0
1
1
0
0
1
2
2
0
-2
-3
-3
-4
-2
-3
-4
-4
-2
-1
-2
-1
0
-1
-4
-4
0
2
1
3
1
0
-1
0
0
-3
-3
0
0
0
1
3
3
1
-2
0
-1
-2
-1
0
1
0
0
1
-1
-1
0
-1
-3
-1
-1
-2
0
2
1
0
0
3
4
2
2
2
-1
-2
0
3
2
2
3
3
2
1
3
1
1
3
4
1
1
0
0
-1
2
4
3
0
-2
0
-3
-3
-1
-1
-2
-3
0
0
-3
0
3
1
0
2
3
1
-2
-1
1
1
2
5
2
1
3
4
2
1
0
0
-2
-2
0
0
-1
-2
-1
-2
0
1
0
-1
-1
1
0
0
-1
0
-1
1
1
1
3
1
1
0
-2
-3
-3
-3
-1
0
0
1
0
2
2
2
2
1
-1
0
0
0
0
0
-2
-1
-1
-2
-2
-2
-2
-2
-1
0
0
0
0
0
1
1
3
2
3
1
0
1
1
0
0
0
2
2
2
2
1
0
-1
-2
-3
-2
-3
-2
-2
-2
0
0
-1
-2
-3
-2
1
0
-2
0
-2
0
0
1
0
0
0
3
3
2
1
-1
0
0
-1
0
-1
0
0
0
1
1
0
0
0
0
0
0
-1
-1
0
-2
-1
-1
0
0
-2
-1
-1
1
0
-2
0
-1
0
1
1
1
1
3
4
0
1
1
0
0
0
-1
0
1
2
2
2
2
0
-2
-4
-3
-2
-1
-1
0
1
0
-1
0
0
1
0
-2
-2
-2
0
0
1
2
4
4
3
3
4
3
3
3
4
3
2
1
0
1
-1
0
-1
0
2
0
-1
-1
-2
-1
0
1
-1
0
-1
0
0
-2
-2
-2
-3
-2
-3
-1
0
1
1
1
0
0
0
-1
-1
-1
-1
0
1
3
2
1
2
2
2
1
3
2
0
-1
1
-1
-3
-3
-2
-2
-1
0
1
0
-1
0
-1
-1
-2
-1
-1
-1
-1
-1
1
0
0
-1
0
1
1
1
0
1
2
2
2
-1
-1
0
0
0
-2
-3
-1
0
1
2
1
1
0
1
3
2
2
4
4
2
2
3
3
-1
0
0
-1
-2
-1
0
0
-1
1
1
0
0
0
-1
-1
1
1
1
0
1
1
-1
-1
-2
-3
-2
-3
-2
-2
-4
-2
0
0
0
0
-1
-1
0
2
1
0
2
2
1
0
0
1
-3
0
0
-1
-2
-3
-1
0
-2
-1
0
1
-1
0
0
2
1
0
0
0
-2
-3
-1
1
-2
-4
1
3
-1
-3
0
2
-2
-2
1
1
-3
-2
2
2
-1
-2
0
2
-2
-3
2
5
1
-1
2
3
0
-1
2
0
-4
-3
3
2
-2
-2
2
5
1
-2
2
5
-3
-5
5
7
-4
-7
7
8
-5
-5
8
4
-7
0
10
3
-8
-1
10
0
-10
0
7
-4
-10
-1
6
-2
-9
-2
6
0
-9
-1
6
0
-7
1
7
-2
-6
1
3
-3
-6
0
2
-4
-5
0
2
-4
-7
1
6
-1
-3
3
7
1
-1
7
6
-2
-6
1
3
-5
-6
1
3
-2
-2
5
4
-2
-4
1
2
-3
-1
4
2
-1
0
5
4
0
1
5
3
1
1
3
1
-1
0
1
0
-2
-1
0
-1
-3
-1
1
0
-2
1
2
0
0
3
2
1
-1
1
3
2
1
2
2
0
0
1
1
-1
0
1
0
-2
-3
-2
-4
-5
-3
-2
-2
-3
-1
1
-1
-2
0
1
-1
0
2
2
0
-1
1
2
-1
-1
0
0
1
0
1
1
-1
0
2
1
1
1
1
1
-2
0
2
1
-1
1
1
0
0
-1
-1
-3
-3
-3
-3
-3
-2
-2
-4
-3
-3
-4
-4
-3
0
1
1
2
2
1
1
1
1
1
1
0
0
0
0
0
1
0
0
-1
-1
-1
-1
-2
-3
-2
0
-2
-1
1
0
-1
0
1
0
1
1
2
0
2
3
0
0
1
1
-1
-1
-2
-2
0
-1
0
-1
0
1
1
0
2
2
2
2
1
3
3
3
2
3
2
1
2
1
0
0
-1
0
0
0
1
1
2
1
-1
-1
-1
-1
-1
1
-1
-1
0
0
1
1
2
3
2
5
1
-2
-3
1
0
-2
3
2
-3
-1
1
1
0
1
2
-1
-2
1
2
0
-1
3
3
-2
-1
3
0
-1
2
2
1
1
0
-1
-1
-1
0
-1
-2
-3
-3
-3
-2
-2
0
2
2
2
2
1
1
1
1
0
0
0
-1
0
3
2
1
0
0
-2
-1
-1
-2
-4
-3
-1
-1
-1
-1
-1
0
1
1
0
0
0
-1
-2
-2
-3
-4
-3
-1
-4
-3
-2
-2
-1
-2
1
2
-1
-1
2
1
1
1
2
2
2
2
1
-1
0
0
0
0
-2
-1
-1
0
-1
0
1
0
-1
-1
1
1
1
2
2
2
2
3
2
1
1
2
3
2
1
2
1
2
2
2
2
2
0
-1
-2
0
-1
-1
0
-1
-1
0
1
-1
-1
0
-1
-1
0
0
-1
-1
0
0
-1
-2
-2
-2
-1
-1
0
0
-1
-1
0
0
0
0
0
1
1
1
0
0
0
1
0
0
-1
0
-1
-2
-2
-2
-3
-2
-1
-1
0
-2
-1
-1
0
0
1
0
1
1
1
2
1
1
0
0
0
0
0
0
0
-1
0
1
0
1
1
2
1
2
2
1
0
-1
-1
-1
-1
1
1
0
-1
0
-1
-2
-3
-1
-2
-1
0
-1
-2
-2
-2
-2
-2
-1
-1
0
-1
0
0
2
2
1
1
1
-1
0
0
0
-2
-3
-3
-2
-2
-1
-2
-2
-1
0
1
2
1
-1
0
1
1
1
0
0
0
1
1
1
1
0
1
0
0
0
-1
-1
0
-1
-1
1
0
-1
0
1
1
0
0
0
-1
-1
-1
-1
1
1
1
1
1
0
-1
0
-1
0
-1
-2
0
-1
-1
0
2
1
3
2
3
2
1
0
1
1
-1
-1
-1
1
1
1
2
1
0
-1
0
0
-1
-3
-1
0
0
1
0
1
1
1
0
-1
-2
-2
-1
-1
-1
1
2
2
2
2
1
0
0
-1
-1
0
0
0
2
1
1
2
1
1
0
-1
0
-1
-1
-2
-1
1
1
1
1
1
2
3
2
1
0
-1
-1
-2
-1
-2
-3
-2
-1
-2
-1
-2
-2
-1
0
0
-1
-1
-1
-1
0
1
2
1
1
0
-1
-1
-2
-3
-1
-3
-2
-1
-2
-1
-1
0
1
0
0
0
0
0
-1
-1
1
0
0
-1
2
2
1
1
1
0
0
0
-1
-1
-1
0
-1
1
1
2
2
2
4
3
4
4
3
3
2
1
0
1
0
1
2
1
1
1
1
-1
-1
0
1
1
1
1
0
0
1
0
-1
-2
-1
0
1
0
2
1
0
1
1
1
-2
-2
-3
-3
-1
-1
-1
2
3
2
2
1
1
0
0
1
-1
-1
-1
-1
-1
-1
0
-1
-1
1
-1
1
2
1
2
1
0
-1
-1
-1
0
-2
-1
-1
0
0
0
1
0
1
2
2
1
1
0
-2
-1
-2
-1
-1
-1
-1
-1
-1
0
1
1
0
0
0
-2
-2
-2
-2
-1
0
0
0
0
0
0
0
-1
0
0
-1
-1
-1
-2
-1
-2
-1
0
0
0
0
-2
1
1
0
0
1
-1
1
0
-1
-1
-1
-2
-1
-1
0
-1
-2
-2
-2
-3
-3
-3
-1
1
1
-1
0
-2
0
-1
-1
0
-1
-2
-2
-2
-1
0
-1
0
0
-1
0
-1
0
-1
-1
-1
0
0
-1
-1
-2
0
0
-1
1
1
1
0
1
0
0
1
0
1
1
2
1
1
2
2
0
0
0
1
1
1
1
1
1
0
0
-1
0
0
0
-1
-1
-2
0
0
-1
-2
-2
-2
-2
-2
1
1
2
2
1
1
1
3
0
0
0
0
0
0
-1
0
0
0
1
0
0
1
0
1
0
2
2
2
2
0
0
1
0
0
0
2
1
1
1
0
0
0
2
0
-1
1
1
1
1
1
2
1
-1
-1
0
1
1
1
0
0
0
2
0
1
1
0
1
1
0
0
1
1
1
2
1
0
0
0
-1
-1
0
-1
-2
-3
-2
-1
-2
-2
-2
-1
-2
-1
0
0
1
1
1
1
1
1
0
1
1
1
1
0
-1
-2
-2
-3
-4
-1
-3
-3
-2
-2
-1
1
0
1
1
-1
-1
-1
-1
0
-1
0
0
-1
1
0
-1
-1
-1
-2
-1
-1
-2
-1
-1
-2
-1
-2
-1
-1
0
0
1
1
1
1
1
2
2
1
2
2
1
2
2
0
0
-1
-1
0
0
0
1
1
2
1
0
0
0
0
0
-2
-1
-1
-1
-2
-3
-3
-2
-1
-1
-2
-2
0
1
0
1
0
1
1
0
0
0
0
2
2
2
2
1
0
0
0
-1
-1
-2
-2
-1
-1
-1
-1
-1
-2
-2
-2
-1
0
1
0
2
3
3
3
3
3
4
4
3
2
1
0
0
1
1
0
1
0
1
1
1
0
0
0
-1
0
-1
0
1
2
2
2
2
0
1
1
0
0
-1
-1
1
0
1
2
2
1
1
2
2
3
1
1
1
1
0
1
0
0
1
0
1
1
1
1
1
1
0
1
1
1
1
1
2
3
2
2
2
2
2
1
1
0
0
-1
0
0
0
0
1
-1
0
1
0
1
0
1
0
-2
-2
-3
-2
-2
-2
-2
-3
-2
0
-1
-1
0
-1
-1
-2
-1
0
0
0
0
-1
-1
0
-1
-1
-1
0
-1
-1
-1
-1
-1
0
0
1
1
0
-1
-1
-2
-1
-2
-1
-1
-4
-3
-4
-2
-3
-1
0
0
0
0
-1
0
0
-1
-2
-3
-2
-1
-1
0
-1
0
-1
-1
0
-1
-1
-2
-1
0
0
-1
-2
-3
-3
-3
-4
-2
-2
-1
1
1
0
1
1
0
1
1
1
1
1
2
3
2
-1
-1
-1
-1
0
0
0
1
1
0
1
0
1
2
2
1
1
2
2
2
2
1
2
2
1
0
1
1
2
0
1
2
2
1
1
0
1
2
3
2
0
0
0
0
-1
0
-1
0
-1
-1
-1
-1
-1
-2
-3
-2
-2
-1
-1
0
-1
0
1
0
1
-1
0
-1
0
-2
-1
-1
-1
0
1
1
1
1
1
1
1
-1
0
-1
0
-1
-1
-2
-1
-1
-2
-1
-1
0
0
-2
-2
-1
0
0
0
1
1
1
1
0
0
-1
-2
0
1
1
1
1
2
2
1
0
0
1
0
-1
0
1
1
0
0
2
0
1
0
-1
-1
-1
-1
-1
-2
-2
-3
-2
-1
-1
-1
0
1
1
0
0
0
0
0
-1
-2
-1
-1
0
0
1
2
2
2
2
2
0
0
0
2
1
0
-1
-1
-1
-2
-1
-1
0
0
1
0
1
2
1
1
1
0
1
1
0
0
-1
-2
-3
-2
-1
-1
0
0
0
-1
0
0
1
0
0
0
1
1
0
0
0
-1
-1
-2
-1
0
1
1
1
0
0
0
0
0
1
0
-1
1
0
0
1
1
2
0
1
2
0
0
0
1
1
1
2
0
0
0
0
0
-1
1
0
0
-2
-2
0
-1
0
0
0
-1
0
2
2
2
2
2
1
2
1
1
1
1
1
1
1
1
-1
-2
-2
-1
0
0
-1
0
0
-1
0
2
1
0
1
0
1
1
0
0
0
1
0
1
-1
0
-1
-2
-1
-1
-1
-1
0
0
1
1
0
1
0
-1
0
2
2
1
3
4
3
3
3
3
1
0
-1
0
-1
-1
-1
0
-1
0
-1
0
-1
0
0
0
0
-2
-1
-1
0
-1
0
0
0
0
0
-1
-1
0
0
1
0
0
0
1
0
0
0
0
-1
-1
0
0
1
2
2
2
2
2
2
2
2
1
0
1
2
0
0
0
0
-1
-1
0
1
0
0
1
2
1
0
0
0
0
0
0
1
0
0
1
-1
1
0
-1
-1
-1
0
0
0
0
1
0
0
0
-1
-1
0
-1
-1
0
1
2
0
0
0
-1
-1
-2
-1
-2
-1
-2
0
-1
0
0
1
2
2
1
-1
-1
-1
-1
0
-1
-2
-2
-3
-2
-1
-1
-1
-1
0
-1
0
0
-2
-1
0
-2
-2
-2
-4
-2
-1
-1
0
0
1
2
1
2
3
1
1
1
0
1
2
2
2
1
1
0
-1
-1
-2
-2
-1
-1
-1
1
0
0
0
0
0
2
2
1
-1
-1
-1
0
-1
-1
-1
0
0
0
0
0
1
-1
0
0
-1
0
1
0
0
0
-1
0
-1
0
1
0
0
1
0
0
1
1
0
-1
0
1
1
2
2
1
2
0
1
0
0
1
1
1
1
1
2
2
0
0
1
1
2
1
1
1
1
0
1
0
-1
0
0
0
0
1
0
0
0
-2
-1
-1
0
-1
-1
0
0
1
-2
-2
-2
-2
-2
-1
0
-1
-1
-1
-1
-1
-1
-1
0
-1
-1
0
0
0
2
1
1
0
1
1
0
0
0
-1
0
1
1
0
0
-1
-1
-2
-1
-1
-2
-3
-2
-2
-2
-2
-1
-2
-2
-1
0
-1
1
0
0
0
1
0
-1
-1
0
1
2
2
1
0
0
0
-2
-2
-3
-2
-3
-1
-1
-1
0
0
-1
-1
-2
-2
-2
-2
-2
-4
-2
-2
-2
-2
-1
-2
-2
-2
-2
-2
0
0
1
1
3
2
2
0
0
-1
-1
-1
-1
-2
-1
0
1
1
2
2
2
1
1
1
1
0
1
-1
-1
-2
0
0
0
2
0
1
1
1
2
0
1
1
2
1
1
0
0
1
1
2
2
2
2
3
2
3
3
2
2
0
1
0
1
0
-1
0
1
2
2
4
3
3
3
3
2
0
-1
-1
-1
-1
-1
0
-1
-1
0
-1
-1
-1
-1
-1
0
0
1
-1
1
0
0
0
1
-1
0
0
0
-1
-1
-1
0
-2
-2
-1
-1
-2
-1
0
0
1
0
1
0
1
1
0
0
0
0
0
-2
-1
0
1
0
1
0
0
-1
0
1
0
2
2
2
3
3
3
3
2
2
1
2
0
1
1
2
1
0
0
-1
0
0
0
0
0
-1
0
-1
0
1
1
1
0
1
0
0
0
0
-1
0
0
0
0
-1
-1
0
0
1
2
0
0
-1
-1
-1
1
-1
-1
0
-1
-1
0
0
0
-1
1
1
1
1
-1
-1
-2
0
-1
0
-1
-1
0
-2
-1
0
0
0
-3
0
1
1
1
0
1
0
0
0
0
0
0
-1
-1
2
1
1
1
0
0
-2
-1
0
-1
-1
-2
-1
-3
-2
-2
-2
-2
-1
0
1
-1
-1
-1
-1
1
0
0
1
1
-1
-1
0
0
-1
-2
-1
-1
0
0
-2
-2
-1
0
0
-2
-2
-2
0
0
-1
-1
-1
-1
0
0
-1
-3
-2
-2
-3
-2
-2
-2
-2
-1
0
1
0
0
0
0
-2
-1
0
0
0
1
1
1
1
1
0
1
1
1
-1
0
0
-1
-2
-1
0
0
1
1
1
2
1
2
1
0
2
1
0
1
1
1
1
0
0
2
2
2
2
2
1
2
1
2
2
2
2
3
2
0
0
1
0
0
-1
0
0
1
2
1
0
1
1
1
0
0
0
-2
-2
-2
-1
-1
-1
-2
-2
-3
-2
-1
-2
-1
-1
0
0
-1
0
0
-2
-1
-1
-1
-1
-1
0
-1
1
1
2
2
2
2
2
1
1
2
1
1
0
1
1
0
0
1
0
1
1
0
1
1
-1
-1
0
0
1
0
0
-2
-2
-1
1
2
2
1
1
2
0
1
0
-1
0
-1
0
1
0
0
-1
0
-1
-1
1
1
0
-1
0
0
1
0
1
2
0
-1
-1
-1
-2
-1
0
-2
-1
0
-1
-2
-1
1
1
0
0
1
0
0
0
-2
-1
-1
0
-1
-1
0
-2
-1
-1
-1
-1
-1
0
-1
0
-1
1
1
1
1
1
3
1
0
-1
-1
-1
-1
0
-2
-2
-1
-2
0
-1
1
1
1
1
-1
0
0
-1
-1
0
0
1
2
2
2
2
2
1
1
1
0
1
-1
0
1
-1
-1
1
3
3
1
0
0
0
-1
0
0
0
0
-1
-1
-1
0
0
1
2
2
0
0
2
2
2
1
1
0
1
1
0
0
2
2
2
2
1
0
0
2
1
1
1
2
3
1
1
1
1
0
0
1
1
0
0
0
0
-3
-2
-3
-4
-3
-2
-2
-1
-1
1
-1
1
3
3
1
2
1
0
1
0
0
1
1
1
1
1
0
0
1
2
1
0
-1
0
1
2
2
2
0
0
2
3
2
1
1
1
-1
-1
-1
-1
-1
0
0
-1
-2
-2
-2
-3
-2
-1
1
1
1
2
1
-1
0
-1
-1
-1
0
-1
-1
-1
-1
-1
0
0
0
1
-1
0
-1
0
0
2
3
1
1
-1
-1
-1
-1
-2
0
-1
-1
0
0
0
0
1
2
2
2
2
2
-1
-2
0
0
-1
-1
-1
-1
-1
0
-1
0
-1
1
0
-2
-1
0
-1
-1
-1
-1
-1
-1
-1
0
-1
0
1
1
0
0
1
0
0
-1
-1
0
0
1
2
1
1
1
0
1
0
0
1
1
2
1
1
2
2
1
2
1
-2
-1
0
0
-1
-1
-2
-2
-2
0
0
-1
-1
-1
-2
0
0
1
0
0
-1
0
1
0
1
0
-1
-1
-1
-1
-1
-1
-1
-1
-1
-2
-2
-2
-1
-2
-1
0
1
0
0
0
1
1
1
0
-1
-1
0
-1
-2
-1
-1
-1
-2
-1
-1
-1
0
1
0
1
1
1
0
-1
0
0
1
1
1
0
1
2
1
1
1
0
-1
0
0
1
0
0
-1
-2
-1
-1
0
-2
-2
0
-1
-1
-1
0
-1
0
0
0
1
0
1
0
-1
-2
-1
1
-1
0
0
0
-1
-1
0
0
0
1
1
0
-1
-1
0
1
0
0
0
0
-1
1
0
1
0
1
1
0
1
1
0
1
1
0
0
-1
-2
0
0
-1
0
1
1
1
0
0
1
0
0
-1
-1
0
0
1
-1
-1
-2
-1
-2
1
0
0
0
-1
0
0
1
1
0
0
-1
0
1
0
1
0
1
0
0
1
1
1
2
1
1
0
1
0
-2
-2
-3
-3
-2
-1
-1
-1
-1
-1
-1
0
1
1
1
2
1
0
1
2
1
0
1
1
1
1
1
0
0
1
2
0
2
1
1
1
1
3
1
2
0
0
0
0
-1
0
0
1
1
0
-1
-1
0
0
-1
0
0
-1
-2
-1
-2
-2
0
0
1
0
1
0
0
0
0
0
0
0
0
0
0
0
0
-1
0
1
-1
0
0
0
1
2
2
2
1
1
2
1
1
1
1
1
0
0
0
-1
-2
-1
-1
-1
-1
-1
-2
-2
-1
0
-1
0
0
-1
-1
-1
0
-1
-1
-1
-2
-1
-1
-1
0
0
0
0
-1
-1
1
0
0
1
1
1
3
4
3
3
2
1
1
1
0
0
1
0
1
1
1
1
1
1
2
3
1
0
1
0
1
1
0
2
0
-1
-1
-1
-1
-1
-1
-2
-3
-2
-2
-1
-1
-1
-1
-1
0
0
0
1
0
0
0
0
-1
-2
-3
-1
1
0
2
1
0
1
-1
0
1
1
-1
0
0
-1
-1
0
0
0
1
1
1
1
-1
1
1
1
0
1
1
0
0
-1
-1
-1
0
-1
-1
-2
-3
-3
-2
-2
-1
-1
-1
-2
-2
-1
0
0
0
0
1
0
1
0
0
-1
0
-1
-1
1
0
1
1
0
2
2
2
1
0
0
1
2
1
1
2
1
1
-1
0
0
0
1
-1
-2
-3
-3
-2
-3
-1
-1
-1
-1
-1
1
1
1
3
3
2
1
2
1
0
0
0
1
0
0
1
0
-1
-2
-2
-1
-1
-1
-1
-2
-1
-1
1
0
1
2
1
2
0
1
0
-1
1
1
0
2
2
1
2
1
1
1
0
1
2
1
1
1
2
1
-1
-1
-1
-2
-1
0
0
-2
-2
-1
-1
0
-1
0
-1
-1
-1
-1
-1
0
0
0
1
1
0
1
1
2
3
1
1
0
1
1
1
1
1
1
0
0
-1
-1
1
-1
0
-1
0
0
0
0
0
0
0
-2
-2
-1
-1
-1
-1
-1
0
-1
0
1
0
0
1
0
-1
-1
0
0
0
1
1
0
-1
-1
-2
-1
-1
0
-1
-1
-1
-1
-1
-1
0
-1
0
-1
0
0
0
0
0
1
1
1
1
1
0
0
-1
0
0
0
-1
0
0
1
0
0
-1
-1
-1
-1
0
0
-1
-2
-2
-1
0
-1
0
0
2
1
1
0
0
0
1
1
2
2
3
3
2
2
0
0
1
1
2
1
0
0
0
-1
0
0
0
-2
-1
-1
0
1
0
-1
-1
-1
-2
-1
-1
-1
0
-1
-1
0
0
0
-2
-1
0
-1
-1
-1
-1
-1
-1
0
0
0
0
1
0
1
0
0
-1
0
0
0
-1
-1
-2
-2
-2
0
0
0
1
1
0
1
0
0
0
-1
0
1
1
0
0
0
0
0
-2
-1
0
1
1
0
0
1
1
2
2
2
1
1
1
1
1
1
1
0
0
1
0
1
0
0
1
2
1
2
1
-1
0
0
1
1
0
0
0
0
0
0
0
0
1
0
-1
-1
-1
0
0
2
0
1
1
0
0
1
0
0
0
0
-1
-1
0
0
0
0
1
1
1
0
1
1
0
0
0
1
0
0
-1
-2
-2
-1
-1
-1
0
0
1
2
1
1
0
1
0
0
-1
-1
0
-1
0
0
1
0
0
0
0
1
1
1
1
1
2
2
2
2
0
-2
-1
1
1
1
1
0
-1
-1
0
1
-1
-1
-2
-3
-3
-2
-1
0
-1
1
1
-1
-1
-1
-2
-1
-1
0
-1
-1
-3
-3
-2
-2
-1
-1
-1
0
0
1
0
0
0
-1
-1
-1
-1
-1
-1
-1
-1
0
0
0
0
0
0
-1
0
0
0
1
2
1
2
1
2
-1
0
0
1
1
1
2
1
2
1
1
1
1
0
-1
0
0
0
1
1
1
1
1
1
1
0
1
0
0
0
-2
-1
-2
-1
-1
0
0
-1
-1
-2
-1
-1
-2
-1
-1
0
0
1
1
0
0
0
1
0
1
0
1
0
1
2
1
0
0
-1
-2
-2
-1
0
0
0
2
1
1
2
2
2
2
1
0
0
0
-1
0
0
0
1
2
1
1
1
-1
-1
-1
0
0
0
-1
0
0
0
-1
0
1
1
1
2
2
2
2
1
1
0
0
1
0
-1
-1
-1
-2
-1
-2
-1
-1
-1
-1
-1
0
0
-1
0
-1
0
1
0
0
-1
-1
0
0
1
0
-1
1
-1
0
0
-1
0
0
0
0
-1
-1
-1
-2
-1
-2
-1
-1
-2
-2
-1
-2
-1
-1
-2
-1
-2
-2
-1
-1
-2
0
0
1
2
2
1
0
2
3
3
3
3
2
2
0
1
0
0
0
2
2
2
1
1
2
1
1
0
0
0
-1
2
1
1
1
1
1
1
1
0
-1
0
-1
1
0
1
0
0
0
-1
0
0
-1
-1
-1
-1
0
0
-1
-1
0
0
-1
0
-1
0
0
0
1
0
-1
-1
-1
-2
-2
-2
-2
-1
-1
-1
-2
-3
-2
-2
-1
-2
-1
-2
-1
0
-2
-1
-1
-1
1
0
1
1
0
1
1
1
1
-1
1
1
1
0
0
-1
0
3
1
2
2
1
2
1
2
2
0
-1
0
0
-1
0
-2
-2
-2
-1
-1
-2
-2
-1
-1
0
1
1
1
2
2
4
2
2
1
1
1
0
-1
-1
-2
-2
-1
-1
-1
-3
-1
0
-1
-1
-2
-1
-2
-2
-1
0
0
-1
-2
-2
-1
0
0
0
0
0
2
2
2
1
1
2
1
2
1
0
1
0
1
1
-1
1
0
0
0
0
-1
0
0
0
3
2
3
2
1
2
1
0
0
1
0
-1
-1
-1
-1
0
2
2
1
1
0
1
-1
-1
0
-1
0
-1
-1
-1
-1
-1
0
1
0
1
0
2
2
2
1
-1
0
0
-1
0
0
0
0
0
1
1
-1
-2
-3
-2
-2
-1
0
0
1
2
1
1
0
-1
-1
-2
-1
-1
0
0
1
1
-1
0
0
0
-1
0
-1
-2
-1
-1
-1
-2
-2
-1
-1
-1
-1
-1
0
0
1
0
0
-1
0
0
-1
0
1
1
1
0
0
0
-1
0
1
1
1
2
2
0
0
1
1
-1
-1
0
-1
0
0
-1
0
0
0
1
2
1
1
1
0
-1
-1
-2
-2
-2
-1
-2
-1
-1
0
-1
0
1
0
1
1
1
0
1
0
2
1
0
0
-1
0
0
-1
0
0
0
0
0
1
0
0
0
-1
-1
0
0
-1
0
-1
1
0
0
1
1
1
1
-1
0
-2
-2
-1
0
2
2
2
1
1
0
-1
0
-2
-2
-2
-2
-1
-1
-1
-1
-1
-2
-1
-1
0
0
0
0
1
1
1
1
2
1
3
3
2
1
0
0
1
1
1
1
1
1
0
0
0
-1
1
0
0
-1
-2
-2
-2
-1
-1
-1
1
0
-1
-2
-1
-2
-1
-1
-1
0
1
2
1
0
-1
0
0
-1
-1
-1
0
-1
0
0
0
0
0
0
0
0
1
2
0
2
1
1
0
1
0
0
-1
0
-1
-1
-1
0
0
0
0
0
1
0
0
0
0
-1
-1
-1
-1
-2
-3
-1
-1
0
2
3
1
1
1
1
1
1
1
0
0
-1
0
1
1
0
0
1
2
-1
-2
-2
0
-1
0
1
1
2
0
1
0
0
0
-1
0
-1
-2
-1
