5
0
-3
3
7
7
15
15
4
0
-7
-14
-10
-8
-12
-12
-6
2
6
8
4
1
1
-2
-6
-6
-5
-6
-3
-4
-8
1
2
6
10
11
10
2
4
4
2
4
5
9
16
14
7
0
3
1
-4
-4
-9
-7
-6
-8
-11
-11
-7
-5
-1
0
-1
-3
-10
-15
-9
-8
-8
-7
-3
-5
-6
-2
-3
2
6
1
0
5
5
0
-2
3
2
-1
-4
-7
-1
4
8
9
8
9
9
4
-2
1
3
2
-2
-2
-3
-6
-6
-6
-2
0
-1
-9
-10
-6
-2
1
3
-4
-3
4
9
9
9
4
3
11
13
13
12
8
3
2
6
4
6
5
-1
-3
-1
1
2
5
5
8
9
2
1
1
0
-7
-7
-11
-19
-14
-8
-5
-8
-15
-18
-14
-8
-7
-7
-4
-4
-5
-5
-7
-8
-8
-1
1
4
7
5
-1
-3
-2
0
0
3
8
14
16
14
12
13
10
13
13
4
3
2
-4
-4
-3
-4
2
3
1
-4
-1
1
-2
-2
-3
-2
0
2
-1
-2
-1
0
5
4
0
0
5
7
7
6
1
-4
-5
-7
-3
1
0
-3
-6
-6
-7
-8
-5
-7
-1
4
-1
-3
0
6
8
11
12
4
5
1
-6
0
5
3
-1
-1
2
7
8
8
8
4
0
-3
-1
-2
-3
-3
-1
-1
2
5
8
10
11
12
10
7
5
4
1
1
0
3
1
-1
0
-3
-3
-2
0
-3
-3
3
-3
-11
-13
-12
-15
-15
-16
-13
-10
-2
1
-2
-7
-12
-9
-10
-7
-3
-2
5
4
2
5
2
3
2
6
7
6
11
6
2
2
5
5
0
1
-6
-11
-6
-5
-7
0
4
0
1
0
-6
-2
-1
-3
-4
1
6
5
7
5
5
3
-6
-12
-4
3
0
0
-3
-6
-6
-4
-3
-7
-9
-9
-9
-9
-5
-6
-6
-4
-2
2
7
9
6
8
6
6
8
3
2
5
3
5
8
7
5
3
4
0
2
3
-4
-4
-3
0
-1
-5
-3
-6
-4
3
4
6
10
9
7
-1
-1
2
0
1
1
6
9
2
0
0
-1
-4
-8
-10
-10
-6
-2
-3
-2
-4
1
3
3
0
-3
-10
-12
-4
-1
2
0
5
5
6
7
3
5
3
-3
-6
-8
-5
-5
-10
-7
-4
0
4
2
0
-4
-7
-3
-1
0
3
6
1
2
8
7
7
7
3
2
8
12
7
2
1
-6
-12
-5
2
6
7
0
-4
-2
-5
-9
-7
-8
-8
0
1
-6
-8
-7
-7
-7
-3
1
1
2
1
-1
0
2
1
3
2
3
1
-3
-5
-6
-13
-15
-11
-8
-3
-2
0
-4
-7
-10
-9
-5
-5
-6
-5
-5
-4
1
6
9
6
8
6
-1
3
4
3
5
0
-4
2
7
12
15
18
18
20
24
20
17
14
12
11
14
16
13
6
1
1
4
7
3
1
-2
-3
1
3
5
3
4
4
2
-2
-1
-1
-4
-4
-5
-7
-10
-12
-15
-16
-16
-10
-8
-2
-2
-4
0
-7
-8
-10
-10
-6
-3
-3
-7
-6
-5
-7
-10
-2
2
7
8
1
-3
1
4
1
4
9
5
6
10
6
1
-1
-5
-7
-2
0
1
1
-5
-10
-16
-14
-16
-14
-1
2
3
6
5
-1
1
9
6
4
4
5
4
6
6
0
-2
0
-2
-8
-5
-4
-6
-11
-11
-1
5
10
4
-8
-11
-6
1
10
12
11
9
3
1
-1
-3
3
3
5
7
9
7
5
2
-2
-1
-5
-7
-3
-3
1
4
4
-2
-10
-11
-10
-9
-10
-7
-7
-6
-2
3
8
6
10
11
8
6
5
3
-1
-3
-7
-4
0
3
2
3
6
5
7
3
3
3
-1
-2
-7
-8
-6
-7
-4
3
2
0
0
2
6
6
6
3
7
5
-2
-5
-5
1
1
-1
2
6
10
13
7
1
-3
-3
-5
-4
-2
-2
-3
-3
-2
-6
-7
-5
-6
2
-2
1
1
-2
1
-1
2
1
2
0
-3
-1
4
10
12
13
7
1
1
4
8
7
4
9
4
0
-2
-1
5
6
7
6
4
6
5
-7
-9
-8
-9
-11
-8
-5
-6
-1
-7
-7
0
1
2
3
7
5
3
-4
-10
-9
-6
-8
-8
-6
-11
-10
-9
-15
-10
-2
-1
2
-2
1
6
2
1
2
2
7
8
10
6
-1
-5
-12
-13
-7
0
2
2
-1
-3
0
-2
3
5
1
0
0
4
8
4
9
7
6
13
10
1
2
2
-4
0
2
-4
-5
-8
-7
-9
-12
-11
-11
-7
-4
-1
-3
-1
0
2
2
-1
-3
-4
4
9
12
14
7
5
-5
-8
0
5
-1
-6
-4
-2
-8
-12
-4
2
3
7
8
5
4
-2
-2
0
-2
1
-4
-6
-5
-4
-2
-2
3
0
-1
0
-2
3
8
9
11
7
4
8
3
3
5
3
-4
-18
-23
-17
-15
-8
-6
-6
-1
4
8
6
4
2
1
0
4
5
2
0
5
5
8
12
3
-4
-5
-2
0
-2
-1
-3
-1
6
11
10
16
20
16
6
-2
-1
2
5
2
-1
3
6
6
11
12
10
5
-3
-7
-6
-4
1
1
-1
0
-1
-1
-5
-7
-6
0
11
13
12
8
-2
-14
-15
-10
-4
4
7
5
5
3
3
-3
-6
1
-1
-12
-19
-20
-23
-21
-16
-13
-4
5
11
12
1
-3
4
1
-3
-7
-12
-17
-18
-10
-6
0
10
8
6
8
9
5
7
5
-1
-4
-6
-6
-5
-5
-7
-7
-11
-13
-10
-2
5
8
9
6
2
0
2
6
9
13
13
13
14
8
4
-2
-5
-3
1
8
5
3
1
-7
-10
-12
-10
-9
-10
-4
-10
-12
-13
-11
-7
-1
1
-5
-5
-5
-4
-4
-8
-8
-9
-9
-2
-4
-8
-3
-10
-16
-6
9
16
20
14
8
6
-3
-11
-10
-3
2
3
0
3
5
2
4
6
9
3
8
6
-7
-6
-2
-2
-6
3
11
6
-1
-5
-9
-9
-3
1
5
10
10
1
0
7
9
8
8
5
10
12
15
23
19
14
9
0
2
0
-1
3
1
0
-1
-2
3
2
2
9
10
10
8
0
-9
-14
-11
-9
-14
-17
-17
-14
-3
6
12
23
26
18
10
-1
-7
-4
-6
-9
-7
-6
-9
-7
-2
9
14
16
17
8
8
1
-13
-11
-4
-2
-12
-11
-6
-4
3
4
11
15
14
8
-1
4
5
1
4
7
3
-3
-10
-16
-11
-5
-2
-1
-1
-5
-13
-9
-6
1
6
-2
-8
-9
-6
-7
-1
9
9
2
1
-2
-10
-3
-1
-1
2
2
3
0
5
6
2
6
8
5
1
0
-4
-11
-6
-3
-8
-15
-16
-9
-2
9
14
13
9
2
-4
-8
-8
-2
-7
-12
-8
0
4
5
12
15
11
9
1
-6
-10
-7
-5
-5
-1
4
6
5
14
20
17
14
14
3
-8
-13
-16
-12
-2
5
0
0
-2
-5
-1
0
5
11
13
8
2
-5
-15
-20
-17
-8
1
10
13
9
3
1
4
5
3
-2
-9
-12
-12
-16
-11
-7
2
4
5
9
13
14
13
11
9
-1
-7
-8
-6
-2
-5
-8
-2
5
9
12
12
9
3
-2
-4
-9
-16
-13
-13
-15
-12
-9
-10
-9
-5
0
-3
-1
0
-8
-12
-6
1
0
3
5
2
-5
-7
-9
-10
-5
-5
-4
1
-1
-7
-13
-10
4
11
7
3
2
4
1
-1
-3
0
1
-2
-7
-3
7
8
10
10
6
5
7
9
7
4
2
-3
-15
-18
-10
-7
-5
-7
2
7
8
18
16
11
9
5
5
8
15
16
13
5
6
-3
-9
-6
-7
-2
4
10
12
11
12
6
-3
-6
2
4
0
-6
-7
-6
-10
-9
-7
-5
-2
-2
0
-1
4
10
16
21
20
14
6
3
-8
-18
-15
-7
-6
-4
-1
4
6
14
16
10
11
9
1
-4
0
-2
-2
0
-4
-10
-11
-9
-8
-7
-2
3
2
-1
-3
-3
-7
-9
-9
-12
-18
-14
-6
-2
5
8
11
13
10
8
2
-2
-4
-13
-15
-13
-10
-5
-2
-5
-3
4
8
12
14
8
3
-2
-8
-11
-9
-5
1
3
7
8
11
14
11
11
17
14
10
7
1
-4
-7
-7
-8
-9
-6
-6
-7
-6
-3
4
6
3
-4
-7
-8
-6
-6
-10
-11
-9
2
11
12
16
14
17
20
18
12
4
5
1
-1
8
14
14
14
12
7
7
5
4
6
5
-1
-6
-6
-10
-11
-3
1
0
-4
-7
-10
-10
-7
-4
-5
-2
0
-1
1
2
6
9
10
8
3
-2
-6
-5
-6
-2
-2
-4
-5
-6
-1
4
8
11
7
-1
-7
-5
-10
-18
-15
-9
-12
-8
-5
-4
-4
-4
1
0
0
2
0
-2
-5
-8
-7
-5
-2
1
1
-3
-2
3
3
4
5
0
-3
-4
-5
-5
-3
-5
-11
-13
-14
-12
-10
-5
0
6
8
8
11
9
3
3
2
1
-1
-1
3
0
2
2
0
1
7
10
8
3
2
-5
-11
-9
-7
-1
3
5
5
2
6
8
5
9
13
14
3
-3
-4
-4
-5
-7
1
4
5
8
7
3
-1
0
-1
-1
-5
-11
-13
-19
-15
-16
-15
-10
-7
-4
0
6
7
3
3
9
12
8
5
-3
-7
-6
-5
-3
-1
-3
-4
-3
-5
-4
-6
-11
-12
-17
-18
-18
-11
-4
-1
1
1
1
-2
-1
-2
-1
-1
0
2
4
5
2
0
0
2
4
7
13
13
6
4
1
-1
-1
-2
-1
1
4
10
13
12
10
6
4
1
-3
-1
1
-4
-4
-2
1
2
3
5
5
9
9
6
6
4
-2
-8
-6
0
1
3
1
-3
-4
-1
5
7
2
-6
-7
-8
-14
-16
-10
-4
7
8
7
8
3
5
10
12
9
5
3
-1
-1
1
6
7
7
13
10
9
10
11
12
6
-1
-2
-6
-9
-11
-11
-15
-16
-10
-8
-9
-4
-1
3
11
11
2
-3
-2
-3
-2
2
5
-2
1
5
3
2
2
5
4
0
-7
-12
-17
-15
-10
-4
-1
7
10
4
1
-4
-10
-11
-3
-3
-7
-7
-7
-5
-3
2
5
7
6
5
3
1
1
6
10
9
7
8
6
4
4
5
4
6
5
-1
-3
-2
2
7
12
16
16
10
-1
-7
-10
-9
-3
-2
-4
-7
-8
-2
1
3
2
-2
-3
-7
-7
-4
-1
-2
-9
-15
-14
-11
-8
-7
-5
-5
-1
6
5
8
9
6
3
0
2
4
5
9
3
3
7
6
3
7
11
10
5
3
2
5
6
7
1
-1
0
-6
-7
-7
-8
-9
-10
-8
-4
2
3
3
0
-3
-2
-4
-10
-7
-4
-2
1
-2
1
7
11
10
6
6
4
3
3
4
0
1
7
7
6
4
5
8
7
5
5
-2
-6
-13
-22
-20
-16
-6
-1
2
-3
-4
-6
-9
-7
-4
0
-8
-15
-15
-9
-2
-3
-3
-5
-2
2
6
9
8
5
1
-6
-12
-12
-7
-3
-5
-3
6
8
11
14
16
16
14
13
13
8
5
3
-5
-9
-6
-5
-3
0
1
0
6
11
6
4
-1
-6
-14
-12
-4
-4
1
0
0
-7
-13
-10
-9
-5
-6
-6
-7
-8
-8
-11
-7
0
0
2
3
1
-3
-2
1
7
10
8
4
-1
8
12
11
7
4
2
-1
1
4
0
1
4
0
-1
0
3
4
6
8
9
14
13
12
4
1
0
-2
-4
-8
-12
-11
-10
-9
-4
-3
5
4
5
5
0
2
2
-2
-5
-8
-12
-10
-6
-4
-1
-1
-4
-5
-4
-3
-2
0
4
6
-3
-6
-13
-16
-14
-14
-10
-5
0
0
1
3
0
-1
2
-2
-7
-6
-2
5
7
10
8
6
4
-1
-6
-4
4
11
19
17
15
11
8
8
7
5
-8
-14
-11
-9
-9
-2
6
6
1
5
7
0
-3
-2
-3
4
11
10
12
12
12
14
14
13
11
10
8
4
5
7
11
12
10
9
10
9
10
9
13
20
16
13
9
4
1
-4
-10
-13
-12
-12
-7
-3
0
11
6
-6
-8
-6
-4
-7
-8
-5
-8
-9
-10
-12
-6
-3
-7
-6
-3
-1
-4
-7
-4
-4
-10
-12
-6
-4
-4
0
-2
2
14
12
5
2
2
-2
-4
-4
-1
-3
-4
-6
-7
0
2
9
7
1
5
-1
-4
-4
-1
3
2
0
-7
-8
-2
0
5
7
3
1
0
-4
-6
-4
-8
-4
-5
-9
-10
-11
-12
-16
-9
-2
6
9
2
4
4
4
3
0
-10
-14
-15
-15
-6
5
6
1
7
9
7
3
3
5
4
-1
-6
-8
-16
-23
-26
-23
-16
-11
-8
-7
-10
-1
0
-7
-9
-9
-11
-10
-7
-10
-6
-3
-4
2
4
9
14
15
8
8
10
13
14
10
6
7
11
7
6
11
11
2
-1
0
0
5
7
1
-1
-2
-3
-5
-15
-17
-14
-13
-11
-9
-5
0
6
9
5
3
3
3
4
9
10
7
8
4
7
10
8
6
2
0
-1
-3
-2
3
8
14
17
13
4
1
2
0
1
2
3
2
0
2
4
5
3
6
8
5
5
3
-2
-6
-8
-13
-18
-16
-8
-2
4
10
11
9
6
3
-2
2
7
2
2
0
2
3
7
13
11
14
14
9
6
4
2
3
4
6
6
0
-2
-2
-7
-9
-8
-15
-15
-12
-11
-8
-3
0
0
3
6
3
0
-3
-4
-3
-6
-7
-8
-4
1
0
1
2
5
12
18
16
13
11
13
10
3
0
1
0
-4
-6
-8
-10
-6
-4
-1
0
1
-4
-9
-6
-4
-3
-8
-11
-14
-12
-7
-4
-3
-3
2
1
-2
-2
-3
-7
-10
-12
-10
-1
5
8
4
5
2
5
5
4
6
5
3
0
-1
-9
-8
-5
-3
3
4
2
2
3
4
2
-4
-2
-1
-1
-2
-2
2
3
0
-1
3
7
2
-1
0
1
-2
-6
-7
-5
-5
-6
-8
-14
-13
-7
-2
-3
0
1
-1
4
7
9
10
9
7
2
6
3
-1
2
2
5
5
5
6
6
5
5
7
7
4
7
5
-1
-5
-6
-7
-8
-8
-10
-8
-6
3
8
7
11
11
10
9
7
1
1
-2
-5
-5
-8
-9
-10
-13
-17
-14
-12
-7
-3
-2
-1
0
-1
-2
-4
-2
2
5
7
6
5
3
2
3
0
2
4
6
6
7
4
1
0
-3
-6
-6
-8
-15
-20
-20
-10
-5
-3
-1
-4
-6
-7
-3
-5
-5
-4
-4
-3
4
10
10
13
12
11
12
7
1
-3
-2
3
3
-2
-5
-4
0
0
3
5
-1
-3
-2
-1
2
4
6
4
4
5
4
1
2
3
2
5
5
8
6
5
3
-3
-8
-10
-5
-1
2
6
7
4
5
7
8
9
12
11
7
5
0
-7
-8
-2
4
6
10
7
3
-1
-3
1
7
10
8
3
1
1
4
6
7
8
6
10
9
11
9
8
10
7
4
1
0
-1
0
-1
-6
-3
-2
-2
-3
-3
-5
1
4
2
4
0
1
5
7
4
2
5
5
2
-3
-3
0
-4
-6
-8
-9
-13
-8
-6
-8
-10
-8
-8
-7
-7
-9
-14
-16
-14
-11
-7
-4
-3
-3
-9
-11
-10
-3
-3
-8
-7
-4
1
5
5
5
7
9
5
1
-3
-6
-4
-2
-2
-1
0
0
-3
0
1
-6
-14
-12
-7
-10
-10
-4
0
4
3
0
0
5
3
1
1
-6
-6
-9
-12
-15
-14
-5
0
0
-5
-3
9
12
19
21
15
11
10
11
10
6
7
4
5
1
-3
0
4
7
4
5
4
1
0
0
1
2
-1
-7
-7
-5
1
6
3
-2
-7
-8
-3
-3
-1
1
-1
5
2
-1
1
2
6
3
0
-3
-5
-5
-5
-6
-6
-1
1
1
2
10
14
9
3
-1
-4
-2
4
5
-1
-4
-5
-4
-8
-9
-2
1
-1
-3
-1
1
4
2
-1
-6
-5
0
2
1
3
5
-1
-8
-11
-8
-4
4
8
12
16
8
-2
-5
-3
3
3
-2
1
4
3
3
4
3
1
2
4
3
4
4
2
-3
0
0
-4
-3
0
5
9
13
7
1
5
-2
-9
-7
-6
-8
-11
-8
-2
3
9
8
6
3
2
-3
-9
-12
-11
-5
-2
-1
5
4
3
8
8
8
6
3
-4
-8
-3
-1
-1
3
11
14
14
17
15
10
10
2
0
2
2
4
1
-1
-3
-8
-9
-10
-13
-11
-8
-4
-2
-1
1
-1
-2
-1
-1
0
2
2
1
3
-1
-2
-3
-9
-11
-12
-9
-6
-4
-5
-5
-2
0
-2
-3
-4
-6
-3
-4
-2
-1
4
3
-2
-5
-3
2
-1
-7
-11
-9
-8
-8
-5
-2
3
-1
-7
-12
-11
-5
-2
-1
0
-2
-4
0
0
2
4
8
6
6
2
0
1
1
2
2
2
-1
-4
0
2
5
7
8
10
12
17
12
4
5
5
5
3
8
9
10
9
2
2
-2
-4
-7
-15
-9
0
7
8
0
-7
-14
-19
-19
-13
-7
-7
-4
-2
-3
-3
1
3
6
10
13
16
14
5
-1
3
6
7
6
4
4
-1
-4
-5
-5
-1
-2
-11
-14
-14
-11
-6
-2
0
4
8
-1
-6
-9
-4
-1
-1
-1
-5
-1
2
-1
-5
0
3
5
4
2
5
5
8
7
6
4
-1
-3
-5
-1
1
1
3
2
0
-2
-2
-3
-4
-7
-7
-8
-4
-2
5
10
11
11
14
14
11
10
5
1
1
0
-5
-4
-4
-6
-2
-2
-6
-2
0
-5
-1
5
4
4
5
7
4
1
-2
-8
-8
-6
-11
-9
-12
-8
-7
-8
1
2
-2
1
6
3
4
10
1
-3
-3
-2
3
8
17
18
16
10
5
3
-3
-7
-8
-3
-1
-3
-8
-6
-3
2
3
0
2
0
0
1
0
-5
-7
-6
-3
-5
-6
-2
3
-5
-13
-11
-5
-4
-9
-9
-3
-5
-2
0
6
8
4
1
-3
-1
-1
-4
-3
-3
-3
-8
-14
-9
-4
-1
-2
-2
-3
3
2
2
3
-3
-7
-2
0
-3
3
3
-6
-8
-7
-3
-2
-1
2
3
5
6
4
4
8
9
12
15
14
11
9
10
12
6
3
0
-3
-7
-13
-6
1
5
8
9
10
9
8
0
1
3
1
-2
-5
-2
-2
-1
0
3
7
8
9
9
6
4
5
4
1
-3
-3
-1
5
4
1
3
3
-2
-1
-1
-1
2
3
6
5
4
3
1
4
4
2
7
3
-2
-2
-4
-2
-3
-2
2
3
2
1
-2
-4
-3
0
2
2
3
5
4
6
8
5
-1
-5
-3
-1
1
2
0
-5
-6
-4
-5
-7
-8
-4
-1
2
6
2
-4
-7
-9
-9
-5
-4
-6
-7
-3
-1
-5
-6
-7
-2
1
2
-1
-6
-6
-5
-6
-5
-5
-6
-3
-4
-2
3
3
-1
-3
2
5
5
1
1
4
5
5
7
6
-2
0
7
9
6
1
0
-2
-1
-6
-5
0
3
6
1
2
2
2
3
7
12
10
5
-1
-3
-6
-1
2
-3
-3
-8
-11
-6
0
4
11
11
8
7
-1
-2
1
0
0
-5
-8
-5
1
3
4
5
1
2
4
4
0
-3
-1
0
-1
0
-3
-7
-9
-8
-12
-11
-4
-6
-6
-7
-6
-2
-2
2
0
-3
-4
-5
-4
-4
1
10
9
6
9
8
5
9
12
16
16
12
7
2
3
5
7
6
11
9
5
1
-1
-1
-1
-3
-7
-11
-14
-12
-12
-15
-12
-11
-9
-12
-11
-11
-10
-3
-5
-3
3
6
5
4
6
5
5
2
2
2
4
5
2
2
3
3
1
-5
-4
0
1
-2
-4
-7
-11
-11
-11
-8
-4
-3
-1
-1
-6
-8
-7
-6
-7
-2
5
10
15
18
14
10
6
2
-1
-1
2
1
-1
3
4
2
3
4
2
2
0
1
-2
-8
-10
-8
-3
1
0
0
-2
-3
-2
-1
5
8
8
5
4
3
1
-1
1
0
1
3
1
0
4
9
5
2
-1
-1
0
-3
-1
-2
-3
-7
-6
-3
1
2
0
-2
-1
-2
-3
-3
-5
-4
-5
-9
-9
-6
-4
-5
-5
-3
-2
1
3
1
3
5
1
3
8
6
3
5
9
10
8
6
5
2
1
-2
-3
-3
-2
-6
-7
-10
-13
-16
-17
-12
-6
-4
-5
-4
-6
-3
-1
3
7
7
8
5
2
1
-2
0
6
5
6
3
3
9
12
12
10
11
11
12
11
5
0
1
-2
-9
-6
-4
-1
1
0
1
6
4
3
6
8
7
2
-1
-3
-6
-8
-11
-11
-5
0
0
3
2
1
6
10
10
11
11
9
14
15
14
12
7
3
-3
-1
2
-6
-11
-9
-6
-5
-10
-8
-8
-9
-12
-16
-11
-9
-14
-18
-16
-13
-8
-7
-4
-1
1
1
0
4
5
5
7
6
6
2
2
6
6
6
4
4
3
-1
-3
-8
-11
-11
-15
-17
-9
-6
-5
-1
-1
1
2
-3
-7
-6
-8
-11
-12
-9
-6
-7
-7
-5
-6
-4
-2
3
7
9
11
10
6
4
3
5
6
4
3
7
10
10
10
7
9
10
7
4
-2
0
2
3
7
5
-1
-4
-6
-6
-7
-4
-2
-3
-6
-7
-8
-5
1
0
1
4
5
4
7
11
7
8
10
8
8
9
9
11
2
-5
-4
-7
-8
-6
-3
1
0
-2
-3
-7
-7
-5
-2
0
0
-3
-6
-9
-8
-8
-8
-3
3
7
5
0
2
1
-3
-2
0
5
5
1
4
5
3
3
-3
-2
-2
-1
0
-3
-2
0
4
3
0
-3
-2
2
6
9
11
11
8
6
1
1
1
3
0
-7
-13
-17
-13
-12
-8
-4
-3
-5
-3
-2
1
0
-2
1
5
4
3
2
2
4
4
8
11
13
14
10
5
-1
-1
-5
-7
-3
2
5
-2
-9
-8
-6
-3
0
-1
-3
-6
-4
-3
-3
0
-2
1
4
3
12
17
13
7
4
5
4
8
11
8
5
3
4
1
3
4
4
4
1
-1
-1
1
-1
-8
-16
-15
-11
-8
-5
1
1
1
-2
-4
-8
-8
-9
-9
-5
-1
-1
3
10
8
11
8
3
-1
-4
-2
1
1
-1
-5
-4
-2
1
1
-5
-12
-14
-12
-6
-4
-4
0
6
9
11
12
11
5
-4
-7
-2
0
0
-2
-1
4
4
-1
-1
0
-1
2
4
5
5
2
2
2
2
3
2
2
3
3
-3
-9
-10
-7
-6
-6
-5
-8
-3
1
5
7
5
8
7
5
2
-2
-7
-9
-11
-12
-14
-13
-12
-15
-12
-5
-3
-1
0
1
2
0
0
1
2
2
1
5
4
6
10
10
8
9
7
7
9
10
6
5
6
6
8
11
12
7
3
0
-1
-1
0
4
1
-4
-6
-3
-5
-7
-6
-2
4
5
7
4
4
8
7
1
-4
-5
-9
-16
-13
-9
-8
-10
-8
-7
-6
-2
-1
5
9
8
2
1
-1
-4
-7
-10
-6
-4
1
3
4
7
7
8
4
-2
-7
-14
-17
-14
-11
-6
1
4
5
4
0
0
-2
1
3
2
1
5
4
2
-1
-5
-4
-1
3
6
5
2
-2
-3
-6
-5
-3
-2
-3
-4
-3
-6
-8
-7
-3
0
1
3
6
2
0
5
10
13
8
6
6
3
5
7
10
11
10
9
3
2
1
3
5
3
2
1
5
4
-3
-6
-7
-4
0
-3
-1
1
0
-4
-3
0
1
0
-2
-3
-1
0
3
1
2
4
5
8
8
10
10
11
7
1
-1
0
-4
-4
1
4
7
2
-4
-6
-12
-16
-20
-22
-16
-10
-13
-14
-15
-14
-10
-11
-11
-12
-6
7
6
1
0
-1
0
0
-1
1
5
9
5
-2
-3
-1
-4
-9
-15
-11
-6
-6
-4
-3
-4
-5
-6
-7
-8
-7
-5
-1
-3
1
4
2
2
5
11
18
21
18
15
14
21
26
29
24
17
18
19
20
21
19
18
14
7
4
3
-5
-6
-4
1
2
-1
-1
-1
-3
-5
-6
-5
-8
-16
-22
-28
-29
-27
-22
-20
-13
-4
-3
-1
-2
-4
-3
-3
-2
0
5
5
2
-1
-4
-7
-5
-1
-1
9
16
17
12
13
10
4
4
-2
-2
-4
-10
-10
-2
3
4
3
0
2
0
-2
0
-1
-2
-1
0
-2
-4
-1
-3
-8
-5
1
0
0
0
-2
-2
-3
-4
-2
0
2
3
5
4
8
7
5
7
8
9
6
6
3
0
0
1
5
4
2
2
2
3
3
3
8
8
8
6
1
1
0
-6
-6
-4
-5
-6
-9
-10
-8
-3
-5
-7
-2
-1
1
-1
0
3
1
1
4
6
3
2
-1
-3
-4
-5
-3
0
2
2
3
-1
1
2
3
4
8
14
12
8
4
2
3
4
-4
-5
-6
-9
-5
-1
3
3
3
3
-2
2
-1
-6
-3
1
1
-1
0
0
3
5
4
3
0
0
-1
-4
-6
-7
-2
2
1
0
2
0
-4
-6
-7
-14
-14
-12
-12
-11
-6
-4
-8
-5
-1
1
1
4
3
5
5
2
3
4
2
-2
-1
1
1
2
3
3
2
-1
-1
2
4
1
-5
-10
-12
-9
-11
-16
-18
-18
-11
-3
5
9
6
5
5
2
-3
-8
-13
-13
-9
-7
-2
0
2
3
3
4
0
-6
-9
-7
-3
-2
3
5
3
9
18
21
15
6
4
3
2
3
-1
-5
-6
-3
-5
-5
3
-2
-9
-5
-3
-3
-4
-4
1
2
5
4
1
7
8
6
2
-4
-10
-10
-13
-11
-10
-5
3
4
9
11
3
-1
-2
-5
-3
1
8
7
2
-1
2
8
5
5
0
1
3
-2
-3
3
9
10
10
6
4
4
5
6
0
-3
-8
-10
-12
-12
-9
-4
-1
1
6
8
7
6
3
1
1
-1
-7
-3
2
0
10
19
18
9
5
4
-4
-6
-2
-5
-7
-6
-5
-9
-9
-2
-2
-3
4
7
6
9
10
12
14
15
13
14
13
15
12
7
3
3
7
8
7
2
1
1
-4
-13
-12
-4
1
-4
-12
-19
-19
-18
-13
-8
-4
3
6
2
1
2
-2
-7
-4
0
5
6
6
2
-3
-4
0
0
0
1
-4
-7
-4
-1
1
7
10
12
11
4
1
1
0
-2
3
5
7
10
10
11
8
6
4
-1
-3
-5
-7
-4
-2
-3
2
8
8
0
-4
-1
-2
-1
5
3
1
-6
-8
-9
-6
0
1
-3
-3
-5
-6
-6
-7
-2
-2
-5
-8
-11
-11
-9
-9
-6
-4
-5
-9
-19
-13
-5
-1
3
7
4
9
8
1
-6
-11
-12
-13
-9
-4
-2
2
8
10
4
4
8
1
-6
-5
-6
-7
-7
-2
-3
-2
7
6
4
-2
-1
-5
-8
-4
-5
-7
-8
-2
-5
-3
2
3
-1
-6
-6
-10
-5
-2
-1
0
7
12
7
6
5
3
5
6
2
-3
0
4
5
-2
-3
6
8
1
2
5
2
-2
-9
-7
-1
-1
-3
-3
-5
-4
-5
-8
-5
2
10
10
8
7
6
0
-6
-14
-12
-8
-8
-9
-13
-7
1
4
3
7
11
12
14
14
13
13
10
5
4
0
3
1
2
8
5
2
6
10
7
3
2
-3
-7
-7
-8
-6
-4
-4
0
2
4
11
8
4
7
0
-10
-11
-10
-7
-3
-3
0
-2
-1
2
7
8
5
1
-5
-5
-2
2
0
0
2
-3
-2
0
-4
-4
-5
-4
-3
-3
4
2
-3
-3
0
-8
-15
-8
-7
-2
4
8
8
7
2
0
-3
-2
2
3
0
-4
0
-3
-7
-5
-7
-8
-6
-7
-5
-2
7
15
15
6
9
11
6
7
9
12
11
9
5
1
3
2
-2
-3
-1
4
5
2
2
1
3
4
2
3
2
3
-1
2
3
1
7
4
1
-1
-3
-4
0
5
2
2
-1
-3
-4
-5
-1
-2
-3
0
4
2
1
-1
-3
-1
0
2
-2
0
1
1
2
-1
0
4
6
4
4
3
-1
-3
-7
-7
-3
-5
-4
-4
-1
1
0
1
-2
1
6
4
4
4
0
3
0
-4
-1
-1
4
8
9
13
11
7
2
-1
-1
3
3
-3
-3
-2
-1
-3
-4
-1
2
9
8
7
-2
-10
-12
-14
-7
-3
-1
0
0
0
4
4
3
1
-2
-8
-12
-12
-8
-9
-8
-11
-13
-9
-8
-5
-7
-4
-2
-6
-1
-1
6
7
3
-1
-4
-7
-8
-7
-9
-7
-3
4
5
10
9
5
4
2
3
6
9
10
7
1
-3
-4
0
5
13
16
9
3
-3
-4
-3
-5
-8
-9
-4
-6
-7
1
5
3
-3
-6
-8
-4
-1
-13
-15
-7
-2
-1
9
14
18
20
11
1
-4
2
3
0
0
-3
-6
-4
0
5
5
4
-1
-5
1
3
2
1
3
1
0
0
-4
-6
-6
-5
-5
-2
-4
-2
-1
-2
0
1
-3
-1
6
9
10
9
5
4
4
3
0
-6
-5
-1
0
1
1
5
11
10
8
4
5
8
4
2
3
0
-7
-7
-1
-1
1
5
4
1
0
-3
-8
-7
-6
-7
-8
-4
-1
-1
1
4
0
-2
-2
-2
-2
-1
1
4
3
1
-2
-6
-9
-10
-10
-12
-14
-12
-9
-8
-7
-8
-9
-6
-2
2
4
4
2
-2
-6
0
1
2
0
-2
-1
0
-1
-3
-2
-1
-6
-1
3
-2
1
2
2
3
-2
-2
5
13
20
17
8
2
-2
0
0
4
6
5
4
2
5
7
14
12
10
9
4
2
4
1
-3
-4
-5
-8
-10
-2
5
3
0
-5
-7
-5
-4
-6
-6
-8
-10
-9
-3
-6
-6
-3
-4
-3
2
-1
-6
-3
-4
-8
-10
-8
-4
-2
1
-1
-6
-10
-8
0
3
7
14
13
10
11
14
13
10
14
10
7
13
13
9
5
3
5
7
5
4
8
6
6
10
9
5
3
2
-4
-5
-5
-7
-11
-9
-5
-2
2
5
4
7
15
15
9
11
13
12
0
-9
-10
-10
-9
-4
2
-1
-1
-1
-1
6
4
2
3
4
2
-4
-14
-20
-19
-19
-16
-13
-8
-2
-5
-6
-8
-7
-5
-3
-10
-9
-8
-9
-2
-6
-4
-3
-1
-2
-7
-6
0
4
7
10
11
9
8
11
11
13
14
14
12
8
7
3
-4
-6
-9
-7
-2
3
-1
-2
-1
-2
1
0
0
-2
-5
-6
-4
-4
-5
-6
-10
-13
-10
-8
-8
-6
-5
-3
-3
-2
1
-4
-3
0
1
1
7
15
14
11
4
0
4
7
16
17
13
11
8
2
5
4
-5
-13
-15
-18
-16
-8
-5
-2
4
6
6
6
3
5
5
12
9
2
0
-4
-5
-4
-2
1
6
8
7
9
5
-1
-5
-5
1
6
3
-1
-3
-7
-10
-8
-9
-7
-7
-8
-7
-6
-3
-4
1
9
6
10
13
8
1
1
2
1
-3
-4
-6
-11
-8
-9
-8
-4
-6
-7
-7
-13
-9
-4
-8
-5
-3
-5
-5
-3
3
7
5
9
11
14
13
10
12
10
5
3
-3
-4
-2
-5
-8
-7
-4
-8
-4
-6
-9
-2
1
-4
-10
-11
-9
-6
-2
-1
0
5
11
7
4
1
-1
0
-1
-3
2
2
4
3
1
2
4
8
4
0
4
4
0
-4
-6
3
6
7
6
7
7
6
7
1
-2
-3
-7
-9
-4
-4
-2
4
2
3
7
11
9
3
9
10
7
7
8
9
5
4
9
12
13
7
1
-1
-4
-5
-1
2
10
18
19
15
11
9
5
-3
0
4
3
0
-3
-3
0
1
0
2
2
2
1
-1
-6
-5
-5
-6
-6
-10
-5
0
-4
-2
-8
-9
-12
-17
-13
-16
-15
-8
-9
-6
-2
-4
-3
4
8
13
21
17
11
4
-3
-5
-4
-4
-3
-5
-5
-2
0
1
5
8
12
16
12
7
-5
-20
-23
-23
-24
-20
-12
-10
-12
-8
-2
1
6
7
1
0
0
1
1
-5
0
7
6
8
15
15
10
8
0
-10
-13
-13
-13
-14
-10
-7
1
3
4
12
16
16
16
11
3
-5
-10
-16
-16
-11
-3
3
11
18
17
14
12
9
4
-3
-7
-7
-14
-14
-10
-8
-3
0
-1
-2
-1
0
2
-3
-4
-10
-15
-8
-5
-5
0
5
10
11
16
14
4
0
-1
-6
-13
-15
-15
-13
-10
-3
0
0
6
11
5
-4
-9
-7
-17
-19
-11
-6
0
7
10
11
13
15
12
6
3
3
-5
-10
-14
-11
-5
0
9
20
30
35
26
18
14
10
8
4
0
-6
-2
-2
0
4
7
7
5
3
1
-4
-11
-6
-3
1
-1
-7
-4
-3
-1
0
-4
-3
-1
-4
-3
-8
-7
-5
-11
-13
-10
-7
-4
-1
2
4
0
-2
-4
-3
-2
2
1
3
6
4
3
4
2
1
1
-4
-9
-5
-1
0
1
1
4
0
-3
-5
-3
-5
-9
-11
-8
-10
-8
-12
-13
-5
6
5
-1
1
4
4
4
8
3
0
-2
-4
1
10
18
17
15
12
11
10
4
3
6
10
6
0
1
1
6
9
15
20
14
11
11
6
2
-1
-4
-7
-5
-7
-9
-3
-3
-1
6
10
11
5
1
-3
-12
-15
-13
-12
-9
-3
-1
-1
2
-3
-12
-10
-4
-8
-12
-11
-14
-11
-8
-8
-4
3
3
3
5
5
4
1
1
3
2
6
7
8
11
11
6
1
-1
-3
-5
-10
-12
-11
-12
-11
-10
-5
0
2
5
7
7
8
5
2
2
4
-3
-8
-10
-10
-2
1
2
4
5
3
3
0
1
2
-2
-8
-7
-6
-6
0
2
6
8
12
10
5
4
10
10
2
-3
-7
-6
-3
-2
1
0
0
-6
-4
0
0
3
0
-1
0
-1
-4
-3
-7
-9
-6
-2
1
3
2
-1
-2
-1
-5
-6
-2
0
0
-4
-6
-1
8
10
7
6
4
2
-2
1
-2
-3
0
-5
-6
0
4
6
8
6
2
3
-1
-3
-4
-3
-5
-6
-5
-2
4
4
2
3
5
7
10
15
14
11
7
4
4
3
-4
-11
-12
-11
-7
-9
-11
-6
-3
-2
-4
-5
-3
-5
-6
-2
1
0
-1
-6
-4
0
-2
-2
-2
1
6
4
-3
-3
-3
-6
-3
-2
-3
3
6
-3
-5
-5
-2
11
14
10
9
8
5
3
2
0
0
-2
-7
-10
-9
-2
0
1
5
4
7
4
3
7
8
5
-3
-9
-8
-5
0
3
6
5
10
11
8
7
2
0
-2
-1
4
1
5
3
0
0
-2
-1
-2
0
1
-2
-2
2
5
7
5
4
0
-2
2
1
-1
-1
0
1
5
5
0
-1
-1
-3
-1
1
-3
-12
-18
-16
-9
-3
-2
0
1
-1
-3
1
2
1
2
-2
1
6
5
2
-3
-6
-3
-1
-1
3
10
15
12
10
10
11
12
10
3
-4
1
6
4
3
4
5
7
4
4
7
0
-4
-8
-12
-7
-5
-4
2
5
7
6
3
1
3
6
2
-2
4
2
-2
-8
-11
-12
-12
-9
-8
1
5
7
5
5
3
-1
-2
-3
0
2
2
2
1
-4
-4
-3
-5
-7
-7
-9
-6
-5
-6
0
9
9
5
5
5
3
-1
-2
-7
-10
-6
-6
-6
-4
-3
0
3
4
2
-1
-2
-5
-10
-5
-5
-8
-9
-4
2
3
7
6
4
1
4
-1
-4
-1
-4
-5
-5
-3
-1
-2
-4
3
8
8
8
6
0
-3
0
-1
-6
-9
-12
-16
-13
-8
-5
-3
-2
-3
0
7
9
12
14
13
11
9
3
-1
-1
-1
-9
-10
1
5
3
7
10
9
9
9
7
5
1
-4
-9
-11
-14
-13
-11
-10
-7
-8
-10
-10
-8
-7
-2
0
-3
-5
-10
-10
-10
-4
2
3
6
5
7
5
3
3
-6
-15
-14
-14
-12
-9
-4
1
2
2
3
4
3
1
1
-2
-3
1
-4
-7
0
4
6
13
16
16
18
15
8
0
-5
-6
-8
-10
-8
-6
-1
5
6
9
8
5
9
8
5
2
-2
-4
-2
1
3
5
11
12
9
7
7
12
9
1
-7
-11
-10
-4
-1
2
8
8
8
5
6
10
9
3
-2
-5
-3
-5
-1
3
8
10
5
4
6
4
0
-3
-8
-2
-4
-5
0
-1
1
-2
0
3
9
16
19
21
14
9
1
-7
-8
-9
-12
-10
-6
-5
-5
-3
2
5
0
-2
-5
-6
-6
-2
-1
-1
8
7
-2
2
-2
-4
-1
-2
1
2
-6
-8
-8
-7
-8
-4
-4
-5
-3
-7
-8
-6
-7
-11
-7
-3
2
5
3
-1
-4
-3
-3
1
1
-5
-7
-6
-9
-7
0
2
2
6
7
4
1
11
13
6
4
5
7
5
1
-2
6
10
5
0
0
1
1
-1
-4
-4
3
5
1
0
-1
1
-1
-7
-11
-9
-4
0
4
3
8
11
9
4
-2
-2
-2
-4
-5
-6
0
-2
-12
-10
-12
-13
-9
-9
-10
-8
-6
-15
-11
-6
-4
-6
1
2
-13
0
-14
-18
2
3
-5
15
10
-9
16
4
-19
4
-1
-18
0
4
-6
4
11
1
13
21
7
11
17
5
1
8
2
1
9
8
3
4
3
0
2
5
10
9
0
2
-2
-7
-1
-1
-1
3
4
-1
-6
-5
-8
-9
-4
-2
-4
-5
-4
-5
-2
3
3
2
3
3
6
8
6
10
13
11
9
7
10
11
12
9
4
1
-3
-5
-9
-9
-8
-10
-12
-14
-9
-5
-4
-2
-1
1
3
2
0
-7
-13
-18
-18
-17
-13
-2
1
3
6
2
2
0
0
3
3
-5
-15
-16
-15
-10
-5
-1
3
9
15
15
19
16
14
9
2
-2
-1
-5
-4
3
-1
-1
-2
-10
-14
-14
-16
-8
-4
-3
-5
-1
0
-8
-7
-4
1
6
6
3
-1
-1
-6
-6
-2
0
2
2
6
5
6
5
-1
-2
-4
-2
5
8
-1
-3
-1
0
0
0
2
5
5
5
9
10
14
17
14
12
8
13
9
4
8
11
10
8
6
3
3
2
3
4
4
1
-6
-9
-2
3
7
8
8
1
-2
-1
-6
-3
6
7
6
5
2
0
5
9
6
6
3
-7
-7
-3
-2
2
3
-1
-3
0
-3
-3
0
0
-1
1
3
3
4
1
-2
-8
-8
-12
-6
-2
2
2
2
6
-3
-3
-4
-1
0
-4
-1
-2
-2
-1
0
2
-1
-3
-4
-6
-4
-7
-9
-13
-12
-4
0
0
3
2
5
5
4
-1
0
7
4
4
4
3
3
7
8
2
2
3
0
1
6
8
8
12
8
-3
-5
-6
-11
-8
-1
3
5
6
11
6
0
0
-4
-3
-3
-4
-11
-12
-8
-10
-12
-13
-8
-4
-1
-1
-3
-5
-4
-4
-11
-6
-2
-5
-5
-3
-7
-7
2
-1
0
5
3
2
4
6
3
7
11
11
10
7
4
0
-2
-6
-4
-5
-4
5
8
9
5
-1
-3
-5
-1
1
1
2
4
1
0
3
0
1
13
17
15
14
13
6
4
7
6
6
7
9
5
2
-3
-9
-14
-10
-5
-7
-6
-7
-8
-9
-11
-17
-18
-16
-8
-6
-10
-10
-6
-2
-9
-14
-10
-7
-1
7
9
10
9
2
-3
-6
-8
-3
-7
-10
-9
-7
-5
-6
-6
-4
2
2
4
3
4
6
4
3
5
7
11
5
2
1
4
5
3
4
7
5
4
4
-1
4
9
8
7
1
-4
-5
-2
-1
2
6
5
6
1
-1
-2
-2
3
6
10
11
13
14
14
13
5
2
3
3
2
0
0
-3
-1
2
6
7
5
5
-1
-6
-6
-4
-7
-14
-16
-14
-17
-13
-14
-14
-14
-12
-13
-16
-19
-20
-20
-15
-14
-12
-6
-1
3
3
5
1
-1
-1
6
8
9
12
14
15
6
10
9
6
10
9
3
2
6
5
2
4
12
11
10
10
7
5
2
-2
-2
2
9
12
11
19
24
14
15
20
16
13
16
20
18
26
29
21
14
10
4
-6
-4
-4
-9
-12
-19
-24
-26
-27
-29
-28
-25
-28
-30
-26
-29
-30
-29
-31
-35
-39
-39
-40
-31
-17
-8
-2
2
5
7
7
19
27
24
27
31
25
20
25
26
20
12
9
-5
-15
-12
-11
-14
-7
-3
-13
-19
-21
-22
-27
-22
-9
-2
4
2
3
1
0
6
12
20
24
33
34
31
38
45
55
65
68
68
69
73
67
65
65
62
50
31
16
0
-6
-13
-17
-20
-35
-43
-55
-69
-75
-72
-72
-76
-73
-75
-74
-68
-67
-70
-67
-63
-52
-39
-23
-6
4
15
25
25
26
38
47
55
59
60
52
38
27
16
5
0
-2
-15
-23
-35
-42
-51
-59
-63
-75
-86
-99
-97
-102
-94
-81
-74
-61
-51
-41
-35
-28
-13
2
14
20
30
40
50
58
69
79
84
95
105
108
112
124
137
138
143
145
131
124
117
107
92
71
32
-6
-20
-43
-50
-50
-67
-82
-89
-103
-121
-112
-106
-120
-119
-119
-119
-122
-106
-96
-95
-74
-61
-52
-29
1
19
49
72
84
98
108
114
114
111
106
102
84
73
68
37
21
20
-10
-34
-24
-30
-60
-66
-62
-84
-105
-102
-118
-135
-131
-125
-121
-115
-90
-66
-57
-36
-13
-2
14
23
33
48
64
73
89
101
100
100
97
105
109
122
138
140
145
162
157
139
147
150
135
129
118
75
33
8
-35
-68
-68
-80
-106
-123
-137
-164
-181
-179
-183
-172
-136
-111
-107
-94
-87
-91
-79
-71
-71
-42
6
31
50
71
75
78
96
121
141
170
175
147
117
98
72
53
49
27
6
-1
-29
-59
-55
-75
-120
-134
-143
-174
-183
-167
-164
-171
-153
-142
-157
-159
-141
-125
-97
-43
-8
20
38
37
42
69
93
117
139
139
137
141
132
126
158
170
138
142
170
162
177
215
190
139
140
109
20
1
6
-30
-32
3
-37
-115
-125
-161
-229
-195
-139
-145
-123
-96
-138
-158
-133
-152
-187
-181
-172
-161
-87
-14
18
70
93
56
53
105
134
191
283
269
204
194
126
13
10
33
-26
-26
34
-30
-98
-49
-73
-172
-138
-101
-194
-201
-115
-149
-216
-167
-180
-276
-237
-159
-159
-104
21
49
29
65
55
16
54
110
124
161
207
189
179
191
171
163
183
181
195
244
256
261
294
273
209
176
98
-13
-35
-15
-55
-31
19
-75
-178
-190
-270
-349
-260
-176
-173
-99
-46
-133
-172
-142
-196
-239
-179
-169
-176
-58
57
75
111
155
96
78
161
211
288
403
414
319
265
196
64
36
69
22
4
43
-16
-105
-110
-148
-249
-249
-225
-298
-306
-219
-205
-222
-168
-178
-285
-310
-286
-286
-206
-66
-1
28
60
55
60
100
139
170
229
266
267
289
267
210
210
199
163
204
279
282
281
328
304
262
242
88
-84
-99
-137
-204
-105
-1
-98
-195
-229
-386
-464
-340
-253
-221
-114
-85
-167
-151
-120
-181
-194
-135
-150
-139
27
131
149
225
233
131
99
197
291
388
509
508
394
344
276
88
14
78
42
-36
6
0
-115
-137
-146
-277
-334
-283
-333
-373
-243
-155
-191
-157
-134
-320
-372
-280
-258
-212
-68
66
55
39
28
90
183
155
168
225
238
239
287
356
352
310
262
172
133
170
216
245
295
342
346
304
128
-97
-192
-234
-277
-121
57
-39
-182
-265
-485
-602
-426
-314
-294
-109
-56
-198
-136
-60
-204
-295
-246
-295
-251
41
209
272
418
349
92
40
156
255
402
561
594
528
436
313
184
141
135
35
-70
-28
-7
-135
-250
-285
-341
-421
-461
-495
-487
-362
-271
-288
-260
-222
-319
-445
-437
-320
-179
-75
-14
63
103
97
155
269
337
310
264
265
308
372
391
392
382
273
117
69
92
100
217
362
420
513
370
-30
-208
-224
-378
-306
110
194
-55
-164
-359
-645
-511
-294
-393
-296
-63
-255
-376
-115
-75
-248
-236
-310
-410
-118
119
109
251
339
142
-38
31
180
374
567
597
534
540
504
329
179
216
228
59
-66
-21
28
-70
-184
-233
-286
-364
-474
-521
-423
-318
-300
-284
-239
-212
-266
-366
-386
-257
-94
-77
-94
26
89
82
108
98
173
203
97
90
248
366
407
515
438
231
241
285
194
250
446
446
496
696
375
-136
31
221
-120
-164
48
-80
-133
-188
-718
-763
-189
-364
-844
-483
-146
-452
-470
-172
-204
-340
-440
-759
-618
10
100
4
451
702
291
41
323
641
842
803
629
778
884
513
98
229
476
259
-146
-263
4
14
-491
-845
-624
-432
-859
-1160
-785
-423
-531
-721
-471
-121
-130
-392
-523
-218
175
90
-88
275
706
523
95
162
630
719
311
90
425
784
591
343
535
862
670
91
79
617
828
585
207
-424
-1032
-1240
-1292
-1235
-322
690
475
-454
-1121
-1355
-1206
-869
-863
-389
973
1291
52
-282
670
703
-442
-906
-98
1120
1435
671
631
1772
1538
-502
-1286
14
844
230
-313
574
1821
1142
-1089
-1890
-807
-699
-2059
-2033
6
1335
359
-1000
-675
-151
-1106
-2353
-1531
780
1819
1187
838
1454
1213
-497
-1621
-898
503
781
406
982
1920
1437
-301
-1337
-1114
-859
-1120
-938
273
1288
890
-199
-489
-77
-183
-746
-365
797
1530
1537
1422
1576
1975
1064
-1798
-2912
-1830
-1168
-1326
149
2353
2519
523
-2492
-3025
-1310
-1000
-1927
-337
2870
2883
222
-1268
-388
440
-947
-2076
-40
3230
3231
835
272
1709
1413
-1366
-2650
-622
1644
1038
-458
290
2137
1202
-2483
-3819
-1692
-425
-1511
-1559
982
2605
886
-1558
-1705
-732
-959
-1919
-1096
1698
3248
2102
567
661
542
-912
-1960
-1382
479
1426
902
468
848
725
-982
-2218
-1946
-999
-314
-134
492
1309
1258
118
-819
-634
-297
-42
264
1053
1971
2260
1708
1354
1421
1434
401
-2642
-3610
-2098
-1088
-1467
18
2614
2353
-386
-3725
-3464
-853
-354
-1290
437
3753
3083
-418
-2174
-768
1087
-53
-1452
478
3825
3450
188
-701
1288
1706
-1535
-3382
-971
1949
1491
-479
88
1948
948
-3305
-4981
-1887
533
-332
-716
1690
2946
792
-1752
-1908
-565
-441
-1176
-789
1431
3015
2030
584
357
379
-1016
-2331
-1976
-300
1053
952
604
785
550
-1039
-2291
-1989
-986
-169
363
1188
1818
1647
673
-329
-464
-190
-72
294
1089
1975
2202
2163
1992
1734
1059
-2453
-4824
-3972
-2064
-1675
-528
2668
3349
1356
-3070
-4601
-1886
-215
-1269
-668
3695
4674
1293
-1766
-1629
870
665
-1779
-1497
2780
4640
1617
-741
515
2131
-495
-4120
-3351
895
2480
293
-550
1371
2030
-1825
-5375
-3522
358
929
-304
1112
3427
2443
-820
-2492
-1526
-473
-874
-1004
939
3260
2828
956
-104
-326
-1082
-2066
-2310
-1233
679
1107
535
294
551
-394
-1988
-2078
-1346
-402
172
857
1742
1844
1389
403
-88
-11
143
220
639
1508
1907
1854
2124
2011
1601
877
-2913
-5356
-4030
-2001
-2169
-747
3133
3550
1196
-3091
-4098
-1141
353
-1324
-964
3670
4154
400
-2194
-1265
1449
968
-1740
-1604
2979
4764
1411
-641
1059
2486
-694
-4490
-3433
1108
2631
65
-759
1286
1667
-2276
-5647
-3246
1011
1495
-79
1198
3353
2308
-1141
-3439
-2258
-551
-1058
-1878
732
4332
3702
911
-275
-182
-1286
-2670
-2700
-766
1793
1811
434
-82
72
-1076
-2635
-2435
-963
594
896
908
1608
1923
1005
-331
-596
-311
-69
158
631
1197
1325
1419
1292
1328
1625
1795
1836
-1536
-4894
-4280
-2424
-2460
-2031
2140
3926
2573
-1659
-4248
-1220
1378
-425
-2345
1811
4193
979
-2042
-1912
1355
2667
-318
-2766
851
4846
2131
-1092
168
2510
1002
-3044
-4104
-144
3166
693
-1992
-213
1867
-605
-4385
-3449
561
2068
382
328
2754
3055
253
-2775
-2529
-830
-1548
-2378
-572
3182
3464
1470
731
173
-794
-2559
-2837
-2014
197
1401
597
559
359
-776
-2500
-2713
-1584
0
1103
1402
2201
2603
1484
-82
-516
-760
-848
-254
477
1396
1576
1479
1026
903
945
980
2014
2862
2081
-3183
-5575
-3907
-3137
-3797
-1352
3906
4056
1582
-2954
-3308
456
940
-2380
-2264
3307
3399
-338
-1889
59
3295
1923
-2446
-2921
2106
3689
205
-278
2324
3452
340
-3465
-2899
830
1426
-1530
-1469
1730
2255
-1550
-3963
-1413
1399
392
-1006
1256
3379
2214
-623
-2225
-1405
-1175
-2791
-3677
-346
3086
2183
713
1052
1301
-528
-2396
-2577
-1347
91
-138
-296
778
1229
130
-1274
-1138
-400
11
35
651
2066
2471
1713
771
527
-40
-803
-1344
-773
112
525
1055
1538
2356
2167
2283
2225
1886
-2439
-6618
-5144
-2930
-2766
-1823
3459
5229
2853
-2404
-5131
-1044
1557
-1181
-2628
2695
5080
1535
-1514
-1705
1428
2447
-1847
-4088
758
4866
2314
160
1478
2802
1064
-3365
-4665
-578
2277
172
-1034
1197
2433
-269
-4024
-3665
-129
523
-834
1041
4019
3164
249
-1793
-2419
-1765
-3354
-4277
-1330
2534
2889
1414
2250
1184
-555
-2355
-3345
-2111
-617
570
743
1970
2043
341
-894
-1995
-1628
-870
-515
824
2726
3553
2307
1041
222
-1007
-1671
-1821
-919
338
1173
1673
2165
2510
1986
1665
1610
1725
-3038
-6893
-4467
-2120
-2591
-1815
3662
5090
2790
-2476
-5527
-758
2192
-1149
-2937
2565
4759
1126
-1952
-2662
1106
3347
-1281
-3977
1350
5176
2134
-100
685
1985
1450
-2490
-4375
-202
2605
-104
-1432
453
1394
-531
-3668
-3522
165
1074
-690
1015
3555
2004
-446
-1753
-2398
-1794
-2247
-3495
-1030
2844
2424
1220
2162
1446
-769
-1937
-2585
-1921
-86
415
803
2054
1712
-237
-1107
-1425
-1463
-493
26
906
2679
2724
1241
664
528
-861
-1576
-1165
-517
381
801
1093
1952
2633
2219
2030
2612
1689
-4269
-7184
-4321
-2218
-2964
-1105
4447
5397
2568
-3665
-5123
471
2385
-2244
-2919
3676
4764
906
-1925
-1817
2222
3165
-2533
-4219
2401
5305
1281
-398
1103
2148
1090
-2949
-4177
334
2382
-822
-1675
693
1105
-1117
-3523
-2922
277
795
-659
1317
3692
2040
-716
-1538
-1368
-1385
-2349
-3319
-708
2223
1616
1072
2212
1918
-261
-1561
-2295
-1908
-718
-605
139
1387
1324
91
-826
-1227
-1318
-707
-418
452
2195
2600
1930
1567
929
-346
-1208
-1470
-1555
-807
476
1074
2250
3255
3508
2845
2635
-1161
-7641
-6953
-3374
-2580
-2662
2534
6330
4851
289
-5549
-3083
2057
282
-3895
332
5759
3338
-57
-2165
-493
3420
646
-5176
-2184
5060
4000
139
398
1714
2009
-737
-4891
-3168
1857
894
-2160
-644
1675
314
-2618
-3835
-1561
806
-57
229
3297
4025
1557
-830
-1619
-1329
-1942
-3503
-2971
1164
2767
1524
1833
2503
1618
-826
-2531
-3003
-1445
-754
-946
807
2058
1479
-318
-1379
-1821
-1549
-1050
-603
1630
3374
2748
1567
1296
572
-1043
-1931
-1620
-900
-11
814
1474
2781
3492
3158
2158
2248
-2468
-8395
-6595
-2959
-2529
-1890
3922
6115
4171
-1098
-6264
-2149
2636
-560
-3888
2007
5956
2669
-532
-2636
18
3720
-895
-6124
-639
6090
3396
-33
535
1851
2075
-1552
-5520
-2138
2631
268
-2418
-75
2176
198
-3268
-3991
-814
960
-417
685
3860
3899
1177
-1052
-1732
-1047
-1978
-3888
-2190
1768
2254
1120
1876
1517
438
-901
-2834
-2831
-950
-514
-979
688
1581
811
41
-1282
-1830
-1056
-592
-325
1744
3383
2503
1618
1211
140
-996
-1381
-1315
-1050
-6
980
1880
2923
3670
3643
3297
1604
-5729
-8818
-4889
-2808
-3606
-74
6814
6941
3054
-4187
-5878
517
1653
-3679
-2646
5419
5944
1362
-1862
-2178
2385
2413
-5089
-5580
3466
6485
1589
134
1799
2756
666
-4844
-5539
603
2472
-1598
-1758
1931
2315
-1551
-4736
-2907
708
171
-675
2558
4850
2892
66
-1420
-1122
-1132
-4226
-4641
-56
2306
1161
2160
3371
1140
-714
-2421
-3911
-2381
-618
-928
137
2117
1496
238
-561
-1923
-1711
-533
-836
483
3656
3903
1945
1305
821
-837
-1934
-1640
-1128
62
1143
1688
2507
3391
3367
2334
1961
-3728
-9004
-6023
-2193
-2762
-1442
5513
7188
3552
-3157
-6721
-1084
2302
-2327
-3449
4395
6704
1776
-1572
-2741
620
3016
-2977
-6124
2037
7600
2975
-355
1118
2280
667
-4293
-6102
-136
3385
-285
-1689
1514
2463
-1185
-5052
-4393
39
952
-575
2100
5421
3650
39
-1478
-1486
-1814
-3744
-4532
-1193
2365
2070
2454
3207
1523
-788
-2581
-4108
-3483
-517
51
557
1953
1517
-143
-1565
-2421
-2537
-1102
-6
1374
3817
4182
2540
1388
73
-1579
-2355
-1847
-916
700
1988
2681
3456
3562
2683
2379
859
-6738
-8906
-4063
-1633
-2469
1117
7272
6431
1525
-6613
-6262
1547
1704
-3652
-606
7518
5793
261
-3164
-2483
2208
731
-5880
-3330
6205
6914
1475
52
1110
1613
-1588
-6432
-3961
3243
3155
-1197
-32
2535
823
-3675
-6071
-3047
711
300
574
4937
5885
1886
-1219
-2009
-2396
-3340
-4600
-3242
1738
3042
2000
2698
2864
-76
-3223
-3660
-3684
-1185
559
1140
2283
1747
-67
-2290
-2770
-2819
-1866
-232
964
3622
4871
3278
1565
371
-1244
-2661
-2530
-679
1076
2108
2506
3126
3499
2457
1655
1189
-3077
-8195
-6542
-2712
-1896
-550
4717
6524
3102
-3618
-8017
-2437
2455
-519
-2095
4628
7453
1938
-2469
-3522
-119
2004
-2794
-4715
2769
8115
3751
-290
381
1128
-776
-5135
-5346
1178
4719
1164
-544
1633
1466
-2641
-6404
-5135
-368
1232
652
3851
6598
3251
-1102
-2373
-2896
-3279
-4517
-3485
919
3721
2513
1687
3045
308
-2963
-4024
-3291
-761
1348
2439
2608
3007
269
-3041
-3653
-3575
-2183
-549
1056
3083
4995
4075
1208
378
-669
-2633
-3116
-1374
1055
2475
2504
2702
3389
2558
482
477
-2283
-7871
-6801
-2536
-990
-429
4210
6248
3383
-2825
-8797
-3860
2597
929
-1488
4258
7863
2385
-2676
-4323
-976
2287
-1336
-3757
2146
7942
4668
-767
-1159
713
-240
-4999
-5435
1403
5635
2704
-449
496
1304
-2697
-7796
-6071
369
2183
1137
3739
6139
3237
-1640
-3840
-3381
-2120
-3363
-2560
2301
4661
3011
1078
1406
-855
-3234
-3984
-3066
359
2596
3283
2180
1330
-647
-3478
-4604
-3831
-1056
969
1884
2904
3914
2768
-54
-1200
-996
-1161
-1457
-742
1086
2576
2503
1681
1904
2420
1278
506
-3711
-7232
-5047
-1622
-1248
-941
4582
5690
2327
-4909
-8109
-1164
3156
384
-1075
5531
6885
197
-4298
-3878
975
2045
-1668
-1637
4407
7106
1941
-1970
-1215
455
-1666
-4826
-2143
3978
5411
1613
-420
0
-957
-4981
-7221
-3083
2076
2528
2102
4538
4399
-259
-3765
-3898
-2595
-2083
-2049
329
3833
4291
1028
-398
-390
-2324
-3525
-2563
-81
2362
3796
2332
301
-560
-2561
-4163
-3499
-1200
749
1862
2148
2061
2167
590
-1231
-1202
-206
391
786
1299
1632
1719
1263
734
1346
2062
2249
-767
-6260
-6107
-2371
-1098
-2086
1856
5335
3350
-2470
-7717
-3111
3491
2774
-1072
2996
6826
1328
-4508
-4919
38
2701
-81
-1193
3846
7705
2826
-2674
-2330
121
-1403
-4960
-2785
4083
6500
1935
-1304
-99
-263
-5220
-8318
-3476
2774
3354
1942
4054
5023
341
-5081
-5296
-1987
-666
-1369
130
3977
4172
475
-1945
-1283
-1393
-2821
-2367
49
2899
3453
1969
199
-1092
-2518
-3930
-3209
-603
1803
2191
1536
1531
1156
-548
-1817
-905
724
1332
1472
1737
1916
1244
179
303
1185
1863
1676
2197
-1997
-6380
-4805
-1676
-1546
-1444
2887
3366
895
-5228
-7082
-180
4237
1372
100
5373
4355
-2018
-5436
-3579
1127
1845
-372
979
6428
6504
190
-3339
-1566
-76
-3302
-4519
1091
6569
5061
324
-1140
-503
-2608
-7208
-6989
-33
4380
2906
2410
4283
2749
-2880
-5978
-4085
-1355
-486
599
3261
4647
2812
-825
-2885
-2891
-2241
-1508
238
2654
3857
2791
-128
-2210
-2904
-2862
-2515
-853
1638
2474
1599
450
190
-606
-1640
-1090
494
1762
1895
1568
1794
1458
1080
570
1536
2394
2262
692
-4611
-6113
-3974
-963
-1285
985
3967
2360
-2412
-8629
-5611
1011
3705
1565
3537
6591
2096
-4092
-6734
-2555
1307
95
-378
4237
7873
4013
-1138
-1970
-456
-1715
-4780
-2809
3444
6182
2909
-273
-260
-577
-4444
-7877
-4278
1992
3969
2757
3237
3484
93
-4221
-5031
-2636
-1064
44
1453
3165
3181
1271
-1300
-2443
-1702
-1646
-563
1478
3226
3168
1156
-1063
-2759
-2614
-1939
-1220
339
1603
1423
140
-170
-76
-447
-329
341
865
988
890
1113
1294
2003
2689
3121
2490
2161
-247
-6015
-6908
-3691
-418
164
3256
4236
1493
-4004
-10285
-6640
701
3339
1854
4835
6447
1427
-4131
-6138
-2042
1188
269
785
4953
6232
2153
-1822
-2081
210
-690
-3236
-363
4923
4584
225
-1879
-1126
-540
-3382
-5920
-1922
2786
2188
503
1575
1614
-1124
-3281
-2254
117
610
-54
321
1143
403
-852
-1103
-36
946
552
-183
-233
534
653
-502
-908
-284
411
147
-410
-206
-566
-1787
-2095
-464
1224
1528
1909
1890
1459
255
-1370
-936
978
2799
3279
4324
4000
3247
-1655
-7391
-7027
-2944
-415
258
4250
4563
1428
-5982
-10225
-4505
1791
2392
1589
4919
4067
-1149
-5559
-4757
1262
2969
1017
2765
6214
3543
-1577
-3197
-1031
1307
-354
-901
3375
5604
1079
-3183
-3036
-1240
-597
-2589
-2401
1710
2570
-1042
-2473
-740
-650
-1917
-1205
1222
2347
1061
-528
-699
-935
-1872
-1907
220
2778
3058
1652
-67
-989
-1725
-2453
-1872
70
1876
2266
1217
-13
-1108
-2213
-2689
-1410
617
976
1079
1366
1429
999
-209
-321
768
2313
2116
2464
3173
3700
1557
-4590
-5486
-2928
-238
-179
2091
3042
604
-4085
-9671
-5335
1894
3896
1938
2900
2238
-2225
-5410
-4997
744
4321
3147
3063
4591
1841
-2595
-3483
-1314
2003
2126
1452
4120
4710
-697
-5501
-4617
-1455
793
533
-101
1712
1220
-2794
-4855
-3148
-1156
-577
440
1973
1619
140
-1259
-1165
-683
-641
118
1171
2645
2260
580
-768
-549
306
-419
-752
94
896
498
-782
-1388
-1054
-766
-503
286
915
64
-1098
-1004
105
881
1494
1822
2972
2926
1858
1277
1536
2564
-1876
-4089
-2290
520
637
1105
1746
-631
-3448
-8335
-6016
1675
5272
2849
1233
-72
-3483
-5526
-5132
175
5680
4935
2600
2695
588
-3245
-3430
-867
2484
4149
3366
4276
4288
-244
-4798
-4071
-910
1540
1981
476
457
-42
-2823
-4672
-2737
-649
-78
331
360
-472
-1494
-1097
-456
397
751
1377
1831
1508
644
-737
-982
106
1914
1524
2
-319
-246
-895
-1385
-873
-28
757
535
-110
-762
-1473
-1940
-645
429
641
960
1793
2808
2612
2040
1708
2756
-651
-4128
-2925
70
1035
1598
3005
1371
-2229
-8427
-8209
-428
3968
3090
2295
1306
-2632
-4928
-5212
-2062
3247
3655
1976
1935
271
-2852
-2071
601
2556
2644
1558
2694
3586
14
-3284
-1172
1950
2410
1113
-579
-805
-950
-2636
-2743
-872
621
-187
-573
-1268
-2695
-2304
-437
716
635
699
460
927
1213
384
-160
702
1852
2533
1480
-455
-860
-350
-230
-252
265
999
1323
-35
-2175
-2243
-1223
100
1140
1306
526
-219
-331
47
1027
1749
3161
725
-1584
-1017
-204
-511
368
2129
783
-1358
-5484
-4683
1637
3293
39
-646
-364
-2897
-3500
-2194
509
3035
2239
902
1194
-578
-2917
-943
1470
2203
1510
822
2107
2637
-1206
-3508
221
3955
3554
1023
-1079
-1652
-1931
-2684
-1492
1181
2015
201
-1768
-3700
-4602
-2735
192
1250
1011
176
-546
-422
-238
-522
66
1773
2454
1983
373
-730
-164
654
543
371
975
1770
1137
-961
-2101
-906
223
701
731
511
-53
-136
16
719
1380
1812
2003
-1849
-3284
-1389
836
990
1932
1456
-232
-2213
-5658
-2253
3630
3363
-188
-420
-1972
-4067
-3057
-1258
2069
3981
1630
-497
-667
-2047
-2149
461
2119
2848
2111
1160
1554
-118
-3111
-1621
2740
3878
2071
-127
-1443
-1404
-1864
-1857
168
2108
1061
-1339
-3393
-4467
-2903
-29
1526
1078
570
-539
-1355
-1421
-1164
-95
1873
2872
1929
485
-882
-766
230
874
1023
1471
1589
733
-676
-1590
-410
980
1277
1046
130
-971
-1201
103
681
1656
2033
2609
-53
-4228
-3453
-502
1771
1285
1514
89
-484
-3805
-5463
899
5061
2691
-622
-1407
-3402
-2429
-910
365
3181
3262
340
-1523
-2476
-3226
-405
2626
3105
2668
1344
985
425
-2371
-2802
1473
4760
3375
848
-1189
-1722
-1802
-1948
-456
1663
1619
-691
-2521
-4237
-3572
-686
1086
260
-465
-935
-2153
-1830
-854
235
1755
2837
1562
-338
-1360
-1278
29
1362
2035
2232
1986
428
-1059
-1373
8
1645
1592
1148
499
71
-482
295
808
1666
1704
1362
-595
-4029
-2798
-143
1752
475
366
-751
-1170
-3715
-5652
376
5116
3008
-1016
-1346
-2849
-2325
-899
1
2770
3565
1136
-1406
-2292
-2644
-143
2632
2662
1973
807
259
-815
-2421
-1334
2974
4920
2288
-660
-2018
-1819
-1200
-204
1643
2813
1367
-1911
-3755
-4435
-2795
261
1418
-237
-965
-901
-2288
-2199
-644
957
1963
1869
-114
-975
-434
-71
807
1852
2141
1582
799
-331
-878
-235
1159
2185
1287
215
-157
-403
-107
985
1498
2225
1982
1011
-1166
-3393
-2145
-57
1423
72
-383
-1536
-1596
-3816
-4976
1005
4568
1626
-2001
-1980
-2624
-1210
202
368
2577
3152
382
-2120
-2104
-872
1555
2551
1682
1597
949
439
-760
-1789
332
4151
4213
626
-1587
-1827
-1234
-1009
-116
1962
2581
237
-3164
-3932
-2814
-750
1161
906
-1036
-1764
-1495
-2605
-2057
240
1552
1350
-38
-1681
-1298
493
693
899
1707
1544
621
-378
-499
270
1632
2103
1675
610
206
-69
-432
275
1523
1692
1694
1315
236
-812
-2462
-1020
771
1559
-341
-1330
-2136
-2041
-2906
-3245
2070
4240
272
-3887
-3603
-3119
-892
1291
1205
2697
2661
-584
-3161
-2153
339
2391
2272
825
1254
1330
499
-926
-1043
1805
4318
2641
-718
-1173
-406
-339
-792
-93
1885
1938
-1238
-4338
-3411
-823
810
749
-266
-1429
-1538
-1861
-2738
-709
2137
1928
-241
-1763
-1874
-78
1274
889
995
1445
394
-801
-469
774
1950
2313
1541
114
-633
-145
301
144
1364
2924
2698
1666
716
152
-1769
-1731
-334
873
1107
79
-1513
-2394
-1358
-3259
-1684
2636
1291
-3279
-3970
-1997
-1114
699
758
633
1024
-545
-2509
-2227
601
2575
2522
674
484
1307
850
275
-283
1640
3943
2749
-401
-1117
172
317
-158
-146
1662
1904
-949
-3511
-3008
-890
254
-9
-988
-1525
-2009
-1935
-2289
-1230
1259
1916
-216
-1792
-1355
-257
1150
739
296
1118
1127
-272
-208
1281
1800
1314
416
114
306
894
986
917
1116
1628
1373
808
676
1085
418
-1704
-1110
659
1579
54
-1220
-2087
-1024
-1449
-3271
15
2528
-451
-3991
-3237
-1739
222
773
-730
149
641
-1298
-2382
-656
1295
1897
761
-377
704
1501
1114
65
119
2611
3679
1149
-755
549
1382
180
-892
228
2161
1003
-2143
-3329
-1141
358
-185
-1286
-1397
-1271
-1854
-2284
-2077
181
1478
69
-1952
-1758
-335
766
846
-1
752
1104
-253
-1014
704
2157
1583
484
185
1145
1495
1101
495
586
1021
934
359
1050
1969
2008
162
-1993
-1049
970
1235
-1109
-1761
-1182
25
-1487
-2605
936
2229
-1226
-4077
-2929
-1015
801
205
-1220
364
899
-1410
-2410
-73
1889
1336
-309
-374
1400
1631
618
-442
707
3242
2272
-457
-272
1956
1759
57
-231
1541
2226
-299
-2698
-2172
-56
339
-626
-1550
-1035
-1364
-2298
-2564
-1382
568
612
-979
-1979
-838
145
583
144
-156
592
435
-798
-325
1874
2232
894
-113
426
1118
1170
573
491
1048
1303
832
669
1934
2120
1124
-1386
-2044
-135
1707
996
-896
-1008
-828
-778
-2936
-2034
1497
1148
-2319
-3445
-1333
38
634
-750
-1069
493
-277
-2166
-1613
1081
1830
171
-1212
93
1789
974
-92
190
2420
3396
885
-755
973
2324
437
-799
491
2411
1461
-1425
-1860
-259
705
-507
-1530
-1214
-801
-1888
-2732
-1737
-55
432
-825
-1916
-1644
-651
-263
-218
-75
661
723
-322
-392
973
1721
913
-90
-178
973
1582
1171
756
1144
1127
634
402
1116
2186
1836
836
-1319
-1135
938
1318
-516
-1454
-799
-846
-1138
-2083
-373
1869
-160
-3282
-3280
-964
119
-157
-1003
-300
513
-1200
-2035
-414
1680
1200
-643
-898
941
1765
360
5
1271
2915
2087
-363
-357
1612
1946
-47
-355
1647
2684
411
-1959
-1096
715
409
-1175
-1377
-532
-695
-1837
-1818
-613
430
-297
-1994
-2225
-911
-299
-376
-224
-115
97
-307
-963
-239
1427
1404
117
-271
667
1678
1552
1012
917
1007
778
630
852
2081
2682
1781
-286
-1539
-65
1154
664
-982
-1163
-793
-582
-1487
-1739
1074
1251
-2096
-3905
-2192
-215
159
-533
-895
146
-423
-2196
-1829
498
1612
114
-1208
-37
1661
965
-125
498
1978
2238
181
-757
1120
2564
1118
-481
734
2272
1292
-1541
-1530
569
726
-791
-1668
-593
-119
-1256
-2141
-1082
179
-336
-1787
-2148
-752
-59
-533
-340
-130
-183
-105
-520
-356
1176
1646
139
-370
504
1225
1238
981
601
684
708
605
1012
2004
2436
1698
-105
-1454
-14
1513
1387
28
-740
-862
-502
-978
-1727
667
1400
-1866
-4022
-2508
-281
353
-249
-1180
-479
-637
-2411
-2062
440
1750
40
-1493
-410
1251
818
-105
667
2058
2282
364
-713
1369
2886
1267
-338
788
2172
1241
-1125
-1140
993
1033
-639
-1477
-578
-76
-1104
-2081
-1266
187
-432
-2061
-1970
-323
-89
-895
-589
-88
-240
-436
-607
-207
1173
1064
-561
-314
1052
1098
599
971
1084
794
613
593
1092
2037
2163
1169
368
-596
-163
863
1554
612
-922
-1188
-587
-515
-1567
194
1438
-708
-2917
-2648
-907
268
306
-1083
-960
-400
-1814
-2231
-212
1593
219
-1483
-772
962
994
-45
474
1630
1901
364
-706
985
2819
1666
-470
184
2035
1366
-887
-500
1207
974
-780
-1605
-611
186
-760
-2070
-1102
28
-901
-2375
-1782
42
-34
-1088
-991
-186
-229
-752
-762
54
1228
800
-454
9
1399
1045
402
864
1195
937
555
719
1088
2039
1819
910
-54
-367
599
1050
974
84
-689
-1191
-410
-500
-875
1037
906
-1923
-3081
-1562
-419
-83
-225
-1079
-811
-1089
-1824
-1018
824
1145
-813
-1682
-246
1015
42
-218
1296
1916
847
-708
-119
1949
2346
450
-233
1349
1640
-16
-1003
630
1454
-130
-1185
-481
574
30
-1060
-1285
-260
-222
-1660
-1832
-382
308
-1072
-1636
-638
-146
-414
-678
-473
271
644
-314
-287
1221
1571
378
48
896
1075
531
580
1223
1552
1456
1093
335
-398
464
831
465
129
-340
-733
-184
-7
-977
232
1115
-1056
-2981
-1936
-219
-96
-471
-777
-504
-727
-1663
-1528
-64
910
-451
-1520
-187
1374
601
-480
571
1700
1184
-388
-333
1717
2600
879
-572
714
1837
605
-655
520
1763
371
-1388
-1010
714
715
-1022
-1451
-174
-187
-1646
-1625
-68
551
-727
-1917
-1208
15
-106
-644
-385
150
-42
-545
-93
1097
1274
359
50
345
857
910
819
1211
1386
961
555
799
132
134
916
944
183
-771
-836
-106
310
-833
-581
834
-295
-2544
-2538
-478
764
-161
-1485
-1085
-133
-998
-1708
-356
1009
56
-1673
-864
1281
1262
-346
-280
1166
1280
-199
-702
1401
2740
1033
-858
-102
1523
856
-535
65
1333
337
-1572
-1318
535
1009
-493
-1612
-586
49
-1033
-1439
-150
679
-604
-1924
-1312
236
326
-435
-469
131
197
-416
-137
1182
1732
618
4
391
827
690
771
1270
1280
869
679
751
-50
153
958
854
-20
-791
-810
75
516
-794
-566
871
-310
-2556
-2133
116
684
-476
-1469
-1086
-432
-1044
-1225
-57
926
-434
-1965
-560
1646
1210
-515
-60
1429
1098
-468
-455
1681
2479
507
-1067
171
1791
641
-832
257
1372
-197
-1711
-608
1063
763
-1051
-1546
-294
-72
-1304
-1255
307
473
-1140
-1867
-656
420
-74
-608
-121
372
84
-516
-140
963
1135
221
108
870
890
474
659
1258
1302
893
711
453
-11
253
794
609
-230
-939
-721
291
89
-972
-108
766
-1055
-2839
-1597
721
850
-663
-1410
-586
-375
-1446
-1064
872
1263
-905
-1911
180
1931
568
-795
377
1571
623
-620
391
2390
2000
-524
-1128
1024
1973
191
-672
718
1094
-839
-1658
-81
1228
253
-1672
-1516
-104
-350
-1666
-1048
623
-21
-1849
-1710
20
366
-635
-922
-73
525
-32
-512
303
1358
823
-135
441
1407
912
309
761
1438
1313
874
401
-215
124
840
826
278
-395
-892
-442
200
-438
-446
603
-180
-2226
-2232
-167
877
-60
-1173
-977
-507
-1099
-1091
281
1184
-251
-1804
-687
1461
1351
-237
274
1585
950
-629
-205
2003
2379
228
-1145
464
1914
450
-862
320
1369
-148
-1723
-758
1011
579
-1497
-1560
44
-141
-1766
-1530
418
598
-1230
-1983
-384
536
-476
-1077
-199
759
45
-762
44
1396
946
-192
244
1155
1119
387
597
1510
1579
736
224
204
257
399
367
518
316
-665
-1019
-356
-296
-525
71
-13
-1341
-2052
-1331
25
414
-316
-865
-701
-882
-1279
-458
978
1042
-488
-988
172
799
254
184
1301
1537
344
-412
598
1659
1060
-61
45
1194
855
-562
-700
244
428
-240
-506
-61
209
-832
-1670
-727
104
-241
-654
-439
-257
-515
-969
-816
27
213
-181
-384
-74
231
-34
-145
378
838
536
219
375
486
414
398
715
946
963
527
-19
136
298
172
200
386
246
-7
-295
-585
-289
-93
-290
-205
-279
-531
-590
-479
-390
-182
-138
-390
-529
-627
-503
-333
-148
112
-25
-268
-319
-118
84
255
385
398
354
185
149
206
388
459
403
497
481
139
-76
30
106
223
164
-56
57
22
-394
-457
-183
-108
-67
-177
-368
-346
-409
-453
-278
-22
37
-119
-212
-103
70
-7
60
335
265
264
481
665
437
332
278
-98
211
639
553
453
418
-165
-529
-46
-40
-51
135
-78
-491
-694
-500
-340
-198
-451
-680
-664
-580
-364
-250
70
136
-223
-424
-191
178
273
345
336
322
214
173
345
467
622
396
122
177
162
10
120
330
189
22
-158
-163
-119
-382
-536
-356
-135
-159
-245
-274
-205
-317
-441
-215
-39
30
-47
-187
-122
49
109
123
304
181
29
111
255
516
646
630
274
78
-7
-96
254
531
506
389
244
-225
-343
-2
-94
18
60
-324
-518
-436
-464
-416
-217
-317
-389
-482
-541
-336
-147
23
-45
-246
-257
-17
182
274
421
328
217
82
138
358
499
605
422
186
145
264
247
176
286
295
174
-44
-155
-163
-244
-211
-228
-284
-211
-218
-460
-429
-229
-285
-280
-233
-227
-212
-115
33
172
135
65
43
-36
127
338
392
536
609
267
134
284
174
320
553
388
280
360
98
-194
28
11
-88
103
-120
-456
-487
-463
-465
-277
-231
-389
-534
-673
-552
-257
-67
-27
-125
-249
-222
-47
144
394
450
246
110
139
314
391
424
353
234
223
145
165
296
277
112
125
154
10
-38
-224
-390
-288
-212
-193
-68
-169
-425
-470
-380
-206
-98
-174
-252
-302
-344
-144
174
271
198
1
-147
36
269
457
745
757
259
-105
-40
52
368
611
465
321
103
-288
-330
147
218
19
4
-191
-437
-596
-481
-205
-95
-335
-563
-463
-333
-259
-271
-113
22
-223
-281
33
353
361
232
143
177
240
252
425
477
484
267
32
187
262
111
0
-1
-29
70
53
-66
-72
-261
-358
-298
-212
-71
-54
-293
-399
-391
-435
-160
-67
-146
-69
-102
-113
8
86
113
226
72
-30
219
241
314
441
498
398
198
86
20
252
408
403
332
209
-59
-345
-125
83
146
168
-159
-465
-487
-356
-280
-116
-139
-350
-539
-643
-395
-155
-4
-50
-287
-343
-194
71
282
456
329
133
13
-3
339
490
550
489
189
89
115
119
162
312
230
51
-12
-132
-115
-230
-325
-261
-194
-138
-210
-409
-441
-281
-353
-307
-133
-112
-132
-215
-161
70
202
86
27
56
99
243
188
318
521
490
319
127
183
98
1
142
297
303
121
-129
-397
-223
-21
-95
150
115
-274
-513
-531
-377
-89
-30
-273
-360
-480
-478
-256
-31
125
12
-147
-106
95
209
360
463
397
331
178
259
392
437
430
286
189
162
139
66
128
139
99
111
-77
-197
-175
-164
-138
-106
-125
-126
-165
-325
-352
-246
-153
-146
-238
-265
-235
-180
-98
18
102
131
103
75
219
277
324
465
512
446
222
143
234
179
168
282
343
272
110
-194
-221
111
-23
-150
-38
-145
-379
-510
-451
-222
-68
-302
-465
-382
-302
-268
-234
-51
31
-156
-280
-76
209
283
215
130
200
230
194
301
410
439
286
120
200
248
110
49
44
28
79
27
-99
-75
-217
-399
-278
-136
-174
-242
-355
-426
-334
-349
-281
-184
-184
-194
-216
-131
9
79
74
87
104
122
225
291
348
432
447
421
305
244
151
96
270
349
322
269
100
-181
-159
-23
-100
-37
-81
-264
-358
-394
-370
-263
-232
-413
-495
-445
-319
-219
-232
-193
-184
-211
-172
-1
203
261
147
41
87
180
302
313
310
353
214
143
231
238
169
148
87
90
224
101
-22
-18
-129
-243
-191
-106
-99
-170
-308
-313
-293
-306
-287
-227
-145
-128
-172
-153
-3
56
35
53
147
208
139
160
301
406
496
467
259
189
166
75
242
440
367
199
20
-186
-195
-44
-24
11
-84
-283
-366
-364
-282
-239
-260
-320
-351
-362
-267
-127
-116
-150
-242
-255
-114
94
240
260
200
88
54
145
276
325
338
357
299
243
240
220
184
126
17
39
147
101
6
-62
-161
-231
-226
-208
-150
-142
-228
-245
-210
-203
-220
-226
-174
-86
-59
-40
41
69
55
39
52
106
134
141
232
377
449
435
271
150
112
88
249
395
354
180
-20
-226
-219
-82
-84
-23
-67
-267
-360
-363
-298
-234
-229
-320
-354
-348
-320
-195
-126
-108
-162
-200
-140
23
166
225
211
117
86
79
103
179
238
267
206
153
166
140
95
81
86
96
143
75
-12
-25
-139
-198
-192
-195
-168
-120
-179
-189
-129
-174
-183
-187
-140
-67
-32
10
51
71
53
51
43
101
130
91
192
341
399
370
246
138
94
59
126
306
326
211
35
-154
-152
-59
-78
-88
-81
-199
-277
-297
-264
-188
-212
-328
-353
-325
-275
-178
-100
-41
-73
-161
-152
-29
75
161
178
151
190
146
105
209
294
275
220
192
208
214
157
95
82
61
63
41
24
46
-64
-197
-208
-227
-240
-183
-182
-188
-176
-240
-253
-203
-148
-86
-33
7
47
61
40
90
131
144
185
186
220
306
358
350
270
185
129
87
133
240
266
204
103
-50
-114
-85
-118
-113
-110
-184
-265
-315
-305
-252
-251
-332
-339
-296
-271
-207
-122
-49
-53
-117
-122
-41
53
131
164
178
196
128
108
184
221
232
220
212
223
212
148
119
125
69
16
-30
-27
-16
-112
-190
-198
-220
-239
-223
-222
-187
-150
-174
-139
-103
-90
-60
-45
-11
24
27
63
143
140
154
186
159
207
293
333
379
345
243
209
174
158
191
172
128
66
-65
-121
-96
-147
-164
-140
-177
-243
-293
-297
-253
-247
-303
-319
-301
-283
-250
-211
-138
-84
-122
-105
-16
67
161
160
161
228
205
174
226
274
271
235
192
197
220
140
58
50
42
32
-9
-33
1
-39
-131
-179
-214
-230
-245
-279
-257
-210
-186
-188
-177
-146
-146
-140
-104
-44
-5
23
64
92
118
134
134
183
256
311
334
299
250
204
148
156
232
252
191
92
0
-49
-46
-52
-53
-46
-88
-177
-254
-246
-203
-190
-222
-254
-268
-278
-257
-209
-133
-93
-111
-122
-98
-26
44
91
143
189
161
140
162
157
173
185
180
200
221
176
124
128
127
119
100
79
47
-19
-81
-97
-89
-103
-134
-165
-157
-114
-114
-98
-57
-59
-83
-95
-95
-59
0
31
57
76
80
71
79
121
154
199
218
192
161
127
101
118
142
121
103
71
-9
-48
-60
-93
-73
-83
-157
-199
-218
-249
-220
-177
-195
-193
-187
-188
-157
-120
-113
-90
-90
-100
-50
0
28
55
79
87
102
118
108
125
154
138
144
172
159
126
81
37
19
29
15
10
21
-26
-62
-84
-104
-114
-130
-154
-135
-97
-105
-99
-77
-53
-49
-61
-62
-36
10
24
46
85
92
88
97
128
151
188
197
154
158
143
99
114
122
91
75
37
-44
-43
-44
-74
-50
-80
-112
-141
-186
-205
-175
-160
-180
-157
-160
-137
-99
-106
-82
-62
-55
-50
7
60
101
120
132
165
153
156
131
149
177
165
182
175
163
115
71
31
15
13
-47
-61
-45
-61
-84
-106
-133
-151
-163
-191
-178
-149
-138
-135
-131
-119
-121
-122
-118
-72
-4
37
83
107
110
109
126
153
177
208
181
153
140
117
129
150
136
116
77
14
-18
-19
-40
-43
-61
-120
-152
-182
-202
-187
-179
-186
-187
-186
-162
-132
-125
-105
-94
-105
-84
-58
-21
42
88
90
116
124
109
117
113
141
153
150
173
173
148
119
99
68
62
42
17
28
19
1
-15
-43
-81
-116
-144
-135
-113
-114
-101
-87
-67
-68
-78
-83
-75
-43
-15
19
48
79
67
40
55
66
88
114
97
105
109
85
93
96
69
40
10
-28
-31
-25
-32
-9
-26
-69
-94
-129
-139
-128
-125
-114
-95
-81
-66
-62
-53
-35
-41
-44
-26
-11
14
44
61
82
90
71
81
81
80
105
114
121
140
121
79
50
18
3
8
-4
6
26
24
22
7
-16
-38
-65
-83
-66
-43
-34
-17
-21
-32
-37
-52
-50
-25
11
31
56
79
84
81
78
81
92
101
84
75
92
93
97
104
81
54
4
-46
-66
-57
-59
-56
-55
-77
-92
-128
-157
-160
-161
-163
-153
-142
-129
-121
-133
-116
-109
-112
-99
-86
-45
4
39
59
75
63
35
29
17
47
86
96
121
129
98
58
31
16
22
16
-6
13
23
27
17
-10
-26
-47
-82
-96
-62
-45
-16
7
-6
-1
-4
-19
-14
18
44
72
97
105
112
109
103
110
106
101
84
83
82
86
99
93
76
46
28
-14
-33
-31
-39
-31
-35
-53
-81
-97
-109
-119
-113
-108
-98
-90
-81
-69
-63
-53
-59
-59
-52
-32
7
42
61
69
79
71
67
59
39
54
60
64
65
59
57
32
8
-11
-18
-36
-54
-48
-46
-43
-51
-63
-69
-79
-92
-90
-75
-60
-40
-34
-26
-19
-28
-26
-10
15
36
49
70
87
97
94
101
101
101
113
100
92
88
78
71
69
53
30
17
-3
-26
-35
-55
-62
-62
-72
-81
-90
-98
-111
-115
-114
-110
-101
-87
-57
-33
-22
-21
-28
-26
-5
21
48
70
72
76
81
81
84
81
84
82
87
88
83
69
39
22
2
-10
-28
-46
-51
-58
-56
-61
-73
-83
-96
-104
-102
-86
-77
-69
-57
-52
-45
-46
-38
-20
3
16
25
39
48
62
68
76
92
91
91
86
81
76
73
67
57
46
22
4
-13
-32
-38
-54
-68
-75
-80
-81
-85
-86
-93
-88
-90
-99
-91
-78
-48
-35
-22
-12
-9
-6
-3
23
35
56
70
74
84
87
96
86
87
87
80
85
75
65
45
30
16
5
-5
-28
-33
-43
-48
-59
-69
-75
-86
-80
-81
-70
-67
-63
-50
-48
-32
-31
-23
-10
2
21
32
45
48
62
69
79
92
92
104
104
103
94
74
57
37
31
25
21
10
-2
-17
-43
-56
-69
-73
-72
-81
-85
-92
-98
-106
-101
-99
-96
-84
-75
-57
-39
-20
-10
3
17
26
43
58
76
91
99
103
98
96
84
76
67
58
52
43
39
19
4
-3
-16
-26
-39
-49
-57
-65
-71
-81
-82
-82
-79
-77
-71
-63
-63
-52
-37
-19
0
16
35
53
62
71
82
94
102
105
109
117
118
111
111
109
92
70
53
43
42
33
10
-14
-40
-56
-70
-89
-105
-115
-120
-118
-104
-100
-108
-109
-109
-104
-91
-81
-72
-57
-35
-17
9
28
29
40
56
65
74
83
84
85
88
85
78
75
62
56
57
47
29
5
-13
-30
-38
-55
-75
-85
-96
-97
-87
-77
-70
-65
-62
-63
-60
-48
-41
-34
-25
-11
5
17
32
59
85
98
101
94
90
105
121
117
97
81
80
68
45
22
-4
-21
-24
-19
-28
-40
-47
-63
-92
-113
-109
-104
-98
-89
-80
-66
-58
-64
-59
-44
-21
2
16
36
59
80
79
73
78
85
98
99
93
92
97
95
74
45
27
21
10
-12
-28
-33
-47
-73
-90
-102
-116
-114
-102
-98
-90
-77
-66
-61
-62
-51
-33
-7
15
20
25
44
65
78
89
99
110
121
129
132
128
121
113
99
83
62
45
37
22
12
0
-19
-28
-46
-68
-78
-92
-107
-117
-120
-118
-111
-104
-103
-96
-85
-74
-58
-39
-21
-6
8
21
24
25
30
42
59
66
66
70
71
68
60
57
58
56
45
33
24
6
-10
-19
-35
-49
-61
-66
-70
-76
-81
-83
-75
-75
-80
-76
-64
-55
-40
-26
-19
-7
8
26
44
60
70
78
80
73
65
63
73
72
74
71
63
60
46
36
28
13
4
-6
-8
-13
-19
-33
-43
-54
-67
-65
-68
-68
-67
-65
-60
-56
-51
-52
-42
-27
-15
-3
3
7
11
16
13
15
26
37
35
37
41
39
37
31
24
22
19
20
17
9
3
-3
-9
-18
-19
-25
-31
-34
-37
-39
-39
-34
-30
-26
-22
-13
-6
1
9
19
20
20
23
27
31
37
40
44
48
50
51
44
40
40
36
36
30
23
13
5
2
-5
-12
-22
-21
-21
-23
-22
-32
-32
-32
-32
-32
-36
-27
-20
-15
-5
-1
9
15
22
24
26
29
30
27
21
27
35
34
28
26
24
20
20
13
8
6
2
-6
-14
-18
-24
-26
-34
-39
-49
-57
-52
-54
-53
-52
-44
-43
-46
-45
-36
-23
-16
-5
-3
0
5
3
5
8
19
26
32
40
42
44
45
43
46
48
37
33
33
31
27
19
12
7
4
4
4
0
-8
-10
-16
-20
-20
-20
-27
-37
-41
-35
-36
-30
-19
-15
-7
4
9
7
11
18
18
20
25
31
31
29
25
18
13
10
7
-2
-4
2
3
3
-1
-2
-8
-15
-24
-36
-39
-40
-35
-32
-37
-36
-35
-37
-36
-26
-18
-17
-8
4
9
7
6
3
7
14
22
22
20
24
19
12
9
5
3
7
11
8
7
4
-3
-9
-18
-19
-16
-20
-19
-20
-19
-15
-13
-10
-7
-4
-1
1
-1
-3
-1
4
18
29
29
26
25
24
26
31
37
43
40
36
34
27
18
14
14
12
15
9
6
9
3
-1
-11
-15
-12
-15
-20
-25
-22
-19
-18
-20
-22
-18
-13
-10
-8
-1
4
4
-1
-6
-1
5
2
4
15
19
16
11
6
10
12
7
8
6
4
2
-1
-4
-7
-13
-23
-28
-24
-25
-25
-25
-27
-27
-29
-32
-32
-27
-23
-21
-20
-16
-13
-8
-7
-5
-5
-7
-7
5
15
21
31
31
26
25
20
18
22
27
23
20
18
8
8
3
-2
1
3
4
-2
-6
-7
-12
-19
-23
-19
-20
-18
-12
-11
-8
-6
-1
-2
-5
-2
-2
-1
2
0
1
9
16
13
12
15
20
26
28
25
24
21
21
18
13
14
8
0
-5
-8
-11
-17
-20
-17
-17
-17
-22
-22
-27
-25
-19
-22
-14
-16
-7
-1
-3
4
8
9
20
26
23
27
30
26
24
22
23
11
2
1
-4
4
15
7
0
-2
-3
-8
-1
-3
-10
-10
-18
-18
-19
-16
-10
-15
-12
-9
-10
-13
-13
-12
-11
-8
-12
-11
-4
0
4
8
21
30
27
18
16
22
20
19
12
13
14
12
19
17
21
28
20
20
12
9
8
-2
-5
-4
-9
-11
-17
-19
-17
-15
-15
-11
-4
-12
-15
-11
-14
-14
-12
-8
-7
-3
5
5
5
7
9
7
2
0
-4
-5
-3
-2
-8
-11
-4
-3
-4
-3
-6
-3
-9
-13
-9
-12
-13
-10
-10
-8
-11
-6
-5
-3
0
-3
-2
-3
-5
-2
-1
-1
-1
0
5
7
10
11
11
13
15
7
3
2
3
7
9
12
13
9
6
5
7
1
-1
-1
-5
-2
-9
-17
-13
-11
-8
-8
-7
0
-3
-4
-1
-2
1
2
1
0
5
12
19
19
13
9
5
3
0
2
8
11
9
8
5
4
0
-8
-1
-2
-10
-8
-4
-12
-16
-13
-10
-13
-11
-9
-12
-10
-10
-13
-15
-11
-10
-3
7
13
21
18
20
18
11
3
2
8
11
11
9
5
6
5
1
5
6
4
-1
-5
-9
-19
-16
-15
-11
-6
-7
-8
-10
-12
-17
-16
-7
-3
-4
1
2
6
11
10
9
7
11
13
15
20
16
14
17
12
10
12
15
9
5
4
-4
-5
-9
-8
-6
-12
-12
-11
-12
-11
-11
-9
-11
-15
-14
-15
-15
-15
-21
-21
-12
-8
-5
-5
-2
4
5
0
4
7
7
9
6
7
9
10
9
7
5
3
2
4
3
3
12
10
2
-1
-1
-6
-10
-6
-8
-7
1
3
-1
-2
-2
-5
-3
-1
0
0
1
-1
-4
4
6
7
7
8
13
16
16
15
13
9
7
13
15
12
12
9
4
-1
-6
-7
-7
-5
-4
-7
0
1
-4
-9
-13
-9
-9
-13
-13
-20
-17
-13
-8
-8
-13
-2
10
11
10
3
7
6
7
-4
-14
5
7
1
4
1
2
1
1
-2
5
8
-9
-8
-8
-7
-9
-14
-14
-13
-5
-3
-2
4
2
11
16
-1
-6
-6
-5
-2
-8
-13
-8
-1
-7
-6
9
24
23
14
8
10
12
5
-7
-13
-11
-5
0
-1
-3
-2
3
-1
-5
-7
-5
-2
-10
-13
-9
-6
-3
-1
-9
-5
4
9
10
13
7
0
6
7
4
1
-10
-13
-12
-7
5
13
14
13
9
5
7
11
3
3
0
-3
1
0
3
5
7
11
9
3
1
-2
-5
-6
-10
-11
-11
-7
-8
-6
2
4
-3
-3
0
-4
0
8
10
6
3
4
2
4
11
8
8
13
7
-1
-5
-2
-7
-7
2
2
4
-1
-6
-6
-10
-9
-10
-13
-7
-1
1
-1
3
7
2
2
2
3
3
7
14
18
23
19
7
6
9
11
13
10
1
-7
-15
-11
-6
-5
-1
-6
-18
-16
-12
-9
-5
-10
-15
-20
-18
-16
-7
2
3
0
-2
-2
0
9
13
12
9
4
-5
-1
5
11
13
7
7
6
5
4
1
4
5
2
-2
-3
-4
0
1
3
3
-1
-1
1
0
-1
-8
-10
-5
-6
1
3
-1
-1
3
3
2
0
1
9
10
9
9
10
12
13
10
9
10
8
5
1
0
0
-8
-13
-10
-9
-8
-5
-7
-7
-2
0
-3
-6
3
3
0
-6
-7
0
0
3
2
5
6
8
11
5
3
5
8
5
0
0
1
1
0
-5
-6
-5
-5
-1
-4
-5
0
0
-2
-4
-10
-15
-19
-15
-11
-10
-5
-5
-8
-12
-6
3
6
-1
-10
-8
-1
-3
-1
6
7
5
3
7
6
11
12
7
2
-3
1
7
13
15
8
9
10
8
3
2
6
6
3
0
3
5
-2
-8
-15
-14
-7
-3
-7
-9
-3
-2
-7
-8
-4
0
0
0
2
7
10
7
6
0
1
7
8
12
15
11
4
2
5
2
1
0
2
3
-1
-6
-5
0
3
4
2
2
1
-2
-4
-7
-4
-7
-11
-12
-14
-10
-3
2
1
-2
2
5
3
3
2
-2
-1
-5
-10
-9
1
8
12
8
7
6
8
7
-1
-3
-3
-2
-9
-12
-11
-11
-7
-6
0
3
7
11
6
5
2
-5
-8
-8
-8
-7
-2
4
3
6
7
8
11
8
8
4
1
3
6
6
1
-2
-3
-9
-11
-12
-14
-6
-7
-10
-9
-7
-6
-10
-5
-1
-5
-5
-9
-11
-8
-8
2
2
2
2
3
2
-3
-4
-5
-1
6
6
3
0
-3
-4
-3
3
3
0
0
-6
-9
-6
-6
-4
-2
1
0
-1
0
-1
2
-2
-4
-5
-7
-9
-13
-11
-7
-5
-8
-13
-7
6
10
10
13
16
15
9
3
8
13
12
11
10
8
-2
-6
-1
-4
3
3
-2
-7
-9
-3
-1
3
2
-2
0
4
5
6
10
13
14
8
2
3
3
0
-5
2
9
12
6
-2
3
6
10
11
9
8
7
8
2
3
8
8
3
-2
-4
-4
-4
-6
-7
-10
-11
-10
-13
-16
-8
-2
-1
2
-4
-9
-1
4
4
6
11
12
6
5
3
8
12
12
8
-1
-1
1
3
5
5
4
-1
-3
-5
-6
-9
-12
-11
-6
-3
2
4
5
7
5
4
6
10
9
8
4
3
0
-4
-3
2
6
3
3
3
3
1
-7
-8
-5
-7
-8
-6
-2
3
3
-2
-7
-3
-1
-3
-6
-5
-8
-10
-8
-16
-17
-12
-5
-2
-6
-4
-6
-5
-2
0
1
1
4
5
3
1
4
1
-1
9
9
4
8
7
4
2
-1
-4
-9
-8
-2
-2
-5
-7
-11
-14
-14
-9
-6
-5
-4
-6
-13
-19
-22
-21
-22
-18
-5
3
2
4
0
-6
-10
-11
-6
5
16
13
12
16
14
14
14
18
21
20
15
13
9
10
13
8
4
2
2
5
4
-2
-9
-12
-10
-8
-9
-11
-6
-2
-5
-7
-7
-8
-8
-10
-3
6
8
14
12
6
6
11
14
13
11
11
5
0
1
9
12
12
16
10
4
4
2
-2
-2
-1
4
5
5
5
-1
-3
-5
0
3
2
-2
-8
-9
-9
-4
-5
-2
1
-1
-6
-4
-4
-4
-10
-11
-9
-11
-5
0
-6
-9
-8
-7
-8
-1
1
8
8
3
5
5
6
4
2
4
5
7
-2
-6
-4
-6
-5
-3
1
2
3
7
4
3
4
2
3
4
5
9
3
-7
-8
-4
2
10
17
19
18
11
2
2
2
3
5
-1
-4
-4
-3
-8
-5
-3
0
6
5
3
0
-2
-1
-5
-8
-8
-5
-3
-5
-4
-6
-4
-3
-6
-8
-10
-4
6
10
8
6
6
2
-2
-5
-3
0
-5
-10
-13
-12
-9
-8
-2
0
0
-5
-2
2
-2
-6
-5
-4
-11
-12
-8
-11
-9
-6
-4
-7
0
6
9
10
6
6
2
7
8
4
0
1
4
0
-1
-4
-5
-7
-1
2
5
4
2
1
-3
-2
-3
-3
0
0
-3
-2
-2
-3
-6
1
5
9
6
6
15
18
20
14
9
10
11
5
1
3
6
9
11
9
4
0
-2
0
1
-2
-5
-5
-4
-5
-7
-8
-15
-17
-18
-15
-10
-7
-6
-10
-10
-15
-17
-8
3
8
8
12
12
10
7
4
3
6
11
16
14
9
11
10
2
1
6
5
3
-3
-6
-11
-11
-6
-5
-5
-5
-5
-5
-2
-2
2
8
5
2
-1
-2
-4
-8
-9
-8
-2
1
4
4
0
-5
-4
-1
0
1
-1
0
1
-1
-2
-1
5
8
7
7
5
4
8
11
8
3
1
-3
-3
-2
3
8
6
0
0
-1
2
4
2
-1
0
-6
-11
-11
-12
-8
-4
-5
-5
2
6
5
1
-3
-3
-4
-1
-7
-9
-5
-5
-1
2
7
5
1
-4
-1
2
3
1
-3
-10
-15
-15
-15
-11
-12
-10
-1
3
11
16
13
6
4
7
12
12
8
3
-3
-6
-5
-4
2
12
8
2
2
1
1
1
0
2
5
1
-4
-11
-14
-9
-8
-12
-7
3
4
-1
-9
-10
-11
-9
-5
1
11
14
14
13
10
10
11
8
2
7
12
11
7
1
-2
-5
-4
-5
-4
-3
-1
-3
-7
-5
-2
-2
-5
-8
-8
-5
1
3
3
3
1
-5
-7
-6
-5
-5
-2
-3
-2
2
0
-2
-6
-13
-10
-4
0
7
14
11
5
5
1
3
4
4
4
2
2
-1
-3
-5
-7
-5
-12
-14
-14
-9
-4
-5
-1
2
3
5
7
4
1
1
0
0
5
2
0
-2
1
4
5
6
0
-3
-9
-12
-9
-5
0
6
11
13
7
-2
0
-2
-1
4
5
0
-2
-6
-5
-3
-6
-6
-3
-1
-4
-4
-2
-1
1
0
0
3
2
-3
-7
-7
-5
1
5
7
3
4
1
-1
-2
-6
-2
2
3
1
-8
-13
-9
-5
1
3
6
7
8
7
6
10
11
8
4
-1
-2
-1
-2
0
-5
-3
-1
3
11
15
11
10
11
9
6
8
12
11
6
-1
-2
2
1
3
8
4
2
7
4
2
-1
-3
-2
3
7
9
10
12
11
3
1
-1
2
0
3
6
5
4
-2
-5
-9
-7
0
3
5
6
7
1
-6
-10
-12
-13
-12
-16
-17
-15
-13
-12
-13
-16
-14
-13
-16
-13
-11
-11
-12
-12
-12
-13
-5
-2
0
5
2
-1
-5
-7
-7
-3
1
2
3
8
7
9
8
9
10
14
11
6
3
-3
-3
-5
-7
-10
-14
-15
-12
-11
-10
-9
-8
-7
-5
-1
1
2
4
10
6
4
2
2
5
7
7
6
3
1
1
5
8
7
4
7
10
8
6
5
4
2
1
6
12
8
0
-8
-8
-4
-3
2
6
9
10
6
3
1
3
7
1
-1
1
3
7
5
10
11
9
14
13
10
12
8
1
-2
-3
1
1
-1
-5
-5
-1
0
0
-2
-4
-3
-6
-11
-9
-6
-5
-5
-7
-3
5
7
6
1
0
0
-1
0
5
7
11
7
1
-3
-6
-5
-5
-2
-3
-5
-3
-1
-1
-7
-9
-7
-6
-3
3
9
10
6
1
-2
-1
1
-1
0
-2
-1
0
-5
-6
-10
-14
-12
-9
-9
-7
-4
-2
-2
-2
0
4
7
12
16
16
15
17
12
3
-2
-2
-5
-6
-6
-7
-7
-9
-8
-6
-3
4
6
7
6
2
3
1
-3
-4
-2
-2
-1
0
-3
0
7
8
9
11
8
3
0
-4
-6
-6
-3
1
1
2
4
3
2
4
0
-1
1
0
-3
-2
1
3
5
2
-2
-6
-12
-14
-17
-18
-19
-16
-15
-17
-11
-1
2
2
-1
-7
-5
-1
3
2
4
1
6
8
7
4
2
0
0
3
4
1
-2
-6
-8
-5
-4
2
5
5
3
-2
-4
-6
-5
-4
-3
-2
2
0
-3
-3
-1
0
-2
1
0
5
13
13
8
3
2
-1
-3
-5
-4
-1
1
5
7
3
8
7
-3
-6
-3
1
2
6
6
9
15
15
15
14
11
10
10
8
11
11
6
-2
-9
-11
-5
3
10
10
8
8
6
5
-1
-5
-6
-12
-13
-11
-15
-16
-14
-10
-10
-10
-8
-10
-6
-5
-7
-9
-11
-13
-10
-3
-3
-1
2
1
-2
-3
-6
-5
-4
-7
-6
-4
-1
-7
-6
2
9
14
17
13
8
5
1
0
-3
-1
-6
-6
-8
-13
-10
-13
-13
-4
-1
-1
-2
-11
-17
-17
-11
-1
12
18
17
15
9
7
15
19
14
12
6
7
9
5
5
6
6
12
17
10
10
13
6
-3
-2
-4
-3
-3
-7
-11
-12
-8
-4
-4
-4
-4
-1
3
7
5
3
7
11
10
7
4
-5
-12
-13
-14
-16
-14
-10
-7
-3
6
10
11
15
14
9
7
2
0
3
1
-3
-9
-9
-4
-1
2
3
6
6
-7
-14
-11
-12
-6
-1
3
6
7
6
4
4
6
8
4
0
-2
-5
-13
-12
-6
-3
3
6
5
8
14
17
13
5
2
-1
-3
0
1
0
-2
-3
-6
-11
-10
-1
-8
-16
-11
-10
-10
-4
3
5
-1
-2
0
-8
-9
-8
-10
-13
-11
-10
-14
-5
4
9
7
7
9
6
5
2
-5
-8
0
1
-4
-3
1
10
19
23
18
11
8
12
9
5
3
-2
-8
-13
-11
-7
-2
1
0
0
2
2
0
-7
-10
-11
-9
-9
-8
-2
-2
1
5
7
10
15
19
13
11
9
5
1
1
-2
-8
-4
1
4
2
4
5
4
7
5
5
7
3
1
1
-3
-2
2
-3
-6
-2
-1
-7
-1
5
3
6
5
8
12
10
11
9
6
7
1
-5
-1
5
7
8
5
-1
-3
-6
-10
-9
-6
-4
-5
-9
-13
-6
-6
-10
-10
-14
-18
-14
-7
-10
-6
-2
-3
0
5
12
15
9
7
7
3
-2
-2
1
-5
-3
0
0
2
1
-4
-5
-4
5
9
3
1
-5
-7
-6
-1
2
4
0
-9
-17
-13
-9
-7
-6
-5
-1
1
-1
-4
-5
-4
2
6
13
21
11
0
-2
-3
-4
1
-1
-7
-4
0
3
9
15
9
8
7
6
2
-2
-4
-9
-14
-17
-13
-7
-9
-12
-11
-5
1
1
-2
1
3
9
10
7
4
2
0
-5
-6
-3
-2
-3
-5
0
4
4
4
8
4
4
4
1
0
-5
-5
-9
-5
-9
-10
-9
-12
-8
-14
-7
2
4
5
0
1
1
5
-2
-7
2
13
13
15
23
22
18
16
16
14
9
0
-8
-16
-13
-3
-2
7
15
11
4
-5
-11
-13
-12
-11
-10
-7
-7
-5
-6
-7
-3
2
3
-7
-5
-4
-3
-2
-1
5
6
12
14
12
7
5
9
9
14
17
13
9
8
10
8
10
11
6
8
12
11
7
2
1
-5
-12
-11
-11
-6
-5
-8
-9
-9
-3
3
-1
-6
0
3
1
-3
-1
-1
2
2
-4
-4
-3
2
5
6
5
4
-2
-12
-8
-2
-1
3
7
2
-4
-1
2
2
4
6
6
1
2
1
-1
0
2
0
-5
-2
-3
-2
2
6
7
7
11
6
-3
-6
-12
-18
-21
-20
-14
-8
2
8
4
-3
-7
-3
5
10
5
3
-1
-9
-8
-5
4
12
10
2
-3
-6
0
-4
-6
-1
0
6
1
-5
-7
-3
3
10
13
12
11
6
0
-6
-4
-5
-11
-9
-4
1
6
9
8
8
9
12
13
9
-1
-3
-1
-2
-4
-2
-7
-7
-3
-3
-5
-3
3
3
3
1
-3
0
6
13
10
11
5
-3
-10
-14
-2
-1
-4
-7
-8
-11
-6
-4
-1
3
3
6
5
3
-7
-12
-11
-17
-16
-9
-2
4
-2
-4
-3
2
-1
-8
-6
-5
-3
-5
-8
-6
5
8
4
5
6
7
-1
-12
-16
-20
-17
-15
-10
-8
1
6
8
10
10
13
7
3
-3
-9
-10
-13
-15
-19
-16
-9
-4
3
9
8
3
4
5
6
5
8
8
5
4
1
4
2
3
1
-4
-2
-1
-1
-3
-6
-8
-6
-2
0
3
3
1
0
-6
-7
-4
-5
-6
-5
-6
-4
2
9
12
15
15
12
8
7
6
9
6
-11
-3
27
27
-4
-7
12
15
12
7
-9
-20
-20
-15
5
9
1
-3
-3
7
22
23
-1
-13
4
10
10
16
12
8
-5
3
15
12
4
-15
-2
-3
-11
-2
4
8
-12
-19
0
8
2
-8
4
8
-1
-7
-10
-5
-5
-9
-12
-3
-3
-5
11
14
11
4
11
13
6
-3
-6
1
1
2
-1
0
-8
-3
5
5
11
3
5
1
-3
2
7
8
3
-1
-5
-1
2
11
7
1
5
2
2
3
1
-11
-22
-16
-9
-6
-8
-4
4
-4
-11
-14
-9
-6
-5
7
7
-10
-16
-8
7
18
3
-12
-8
-6
-2
-2
-6
-9
-2
1
-1
5
10
-1
-7
0
4
4
-1
2
0
-2
2
7
13
10
3
-7
-6
0
5
14
25
16
-6
-18
-15
-4
5
8
7
8
12
5
-1
1
7
-8
-19
3
19
5
-19
-22
-8
12
15
11
5
5
6
4
5
-4
-7
-13
-26
-15
7
3
-12
-15
-15
-11
4
-2
2
8
-10
-11
-17
-13
-2
4
8
-14
-14
-2
9
20
4
-17
-18
-14
-19
-9
7
8
10
1
-8
4
6
10
1
-5
-15
-26
-14
-8
-4
7
10
4
-2
-7
-6
0
-6
-15
-13
-4
-5
0
4
15
22
16
25
21
13
12
1
1
10
3
-4
-7
-6
-2
4
2
6
3
-3
2
-5
-5
-3
-3
-1
-8
-7
5
13
16
20
17
12
7
7
12
14
10
7
10
8
21
12
-2
9
1
-3
-12
-12
-3
-6
4
0
-15
-7
2
10
13
9
5
3
4
-4
1
3
2
2
2
8
4
-2
-6
-1
-1
-6
-13
-8
-1
-6
3
1
-15
-17
-21
-20
-1
3
-1
3
-4
2
5
-7
1
3
-5
1
2
0
-11
-11
-1
0
-6
-3
-4
-15
-8
-11
-13
6
7
11
17
15
13
1
-2
11
13
0
-9
-12
-3
5
6
9
10
0
2
0
1
17
14
3
-2
-8
-1
11
9
5
9
8
-1
-9
2
10
3
7
11
6
-2
-8
-9
-4
7
13
2
-5
-3
0
-1
-2
-7
-11
-9
-16
-9
-7
-6
-4
-16
-14
-8
-9
-5
4
5
9
3
-9
-7
-8
0
13
11
3
6
0
-10
-7
-4
-6
-4
-4
-8
3
2
-4
-8
-14
-9
-5
-4
-5
-8
-8
-5
-10
2
15
13
6
-7
-12
-6
3
-2
3
1
-7
-2
-7
-3
-5
-1
0
-7
-1
-6
-18
-15
-10
-5
8
7
6
-1
-8
-3
2
-4
-13
-8
-5
-8
0
12
15
10
4
6
11
14
11
7
16
23
20
19
22
19
4
0
-1
-4
2
7
7
13
18
5
-2
-4
-1
3
0
3
8
0
2
12
18
7
5
10
3
6
7
9
1
2
3
-7
-3
2
12
6
-4
-3
-3
0
4
-5
-18
-15
-10
-13
-16
-7
-4
-1
-7
-7
3
7
7
-8
-10
-1
3
7
-2
-11
-8
-10
0
5
6
6
-6
-3
-7
-13
-6
-2
1
6
7
-8
-12
-3
-1
0
-2
-9
-2
4
9
13
13
7
-5
-12
-11
3
11
14
14
-1
-11
-5
2
4
16
16
5
-2
-13
-17
-9
-6
-13
-9
-4
6
10
13
12
4
0
-2
3
8
1
7
11
-2
1
-1
-7
-8
-8
6
9
7
8
1
6
11
15
8
0
-2
-5
-4
-2
5
-1
-10
-6
-6
-4
1
-1
-1
-2
-4
-3
-5
-5
-7
-16
-12
-11
-14
-11
-14
-15
-17
-12
-5
2
9
-3
-6
1
2
8
4
-5
-12
-13
-7
2
10
13
10
3
4
7
8
7
-4
-13
-13
-20
-19
-6
1
2
-5
-3
2
-1
6
-2
-12
-13
-14
-9
-9
2
16
15
13
15
20
17
13
18
19
14
4
-1
-4
2
11
11
11
9
0
-4
1
5
10
9
0
-7
-8
-4
0
0
-2
2
0
-8
-4
-3
-6
-8
-17
-10
-7
-4
1
-1
-2
-6
-5
-11
-10
-5
-2
2
2
13
12
9
11
14
19
13
13
11
4
0
1
-3
-3
-5
-6
-1
0
-1
-5
-10
-3
3
-7
-7
-10
-12
-14
-13
-4
1
9
5
-1
3
8
2
-7
-5
0
0
-3
0
6
1
5
10
9
9
12
7
3
7
7
7
8
5
3
-1
1
6
8
1
-1
-5
-12
-13
-13
-11
-2
2
-1
-5
-4
-2
3
6
2
4
5
-4
1
-3
-16
-10
-9
-6
-3
0
3
3
4
-3
-3
6
11
11
12
11
7
8
9
10
13
10
16
13
5
4
-1
-3
2
2
6
5
-4
-5
-8
-1
-3
-10
-3
-1
-11
-10
-4
-10
-6
-6
-3
2
-2
-3
-8
-5
-6
-12
-8
-8
-5
-5
-10
-2
6
-1
-8
-3
-3
-6
0
8
9
3
-4
-5
-4
2
5
5
3
9
12
1
-7
-4
2
-1
3
3
2
5
0
-9
-9
-6
-11
-10
-11
-6
2
0
3
5
5
7
8
2
-1
2
-6
-13
-11
-10
-8
9
12
8
6
4
7
9
6
1
1
-2
-5
-8
-2
-1
2
2
1
0
-5
-10
-12
-8
-4
0
-1
-4
-7
-8
-9
-12
-9
-7
-6
2
4
5
-1
-7
-2
-3
6
4
3
1
-2
7
13
13
13
10
10
7
-2
-8
-7
3
-2
-8
-6
-13
-11
-5
-6
-3
-3
-6
-9
-16
-13
-9
-9
-5
1
1
4
12
11
9
8
4
3
6
13
5
1
5
2
0
2
3
1
1
4
5
4
3
6
7
1
0
-5
-5
-2
-1
5
7
3
1
5
5
1
0
-1
-4
-2
2
3
2
2
-2
-9
-5
-2
-4
0
3
4
9
4
-4
-5
4
9
14
21
17
13
11
7
11
16
15
12
8
7
4
4
9
5
6
2
-4
-5
-7
0
3
1
-7
-13
-10
-8
-4
2
5
3
-2
0
1
4
8
0
-5
-11
-15
-11
-6
-5
-5
2
2
1
2
1
1
-5
-10
-14
-11
-7
-8
-12
-11
-8
-8
-3
9
15
10
8
3
-5
-9
-6
-5
-9
-9
-7
-4
3
13
8
5
6
7
6
2
3
4
-4
-15
-15
-13
-11
-7
-2
-1
2
1
-10
-11
-14
-10
-6
-7
-14
-20
-19
-19
-8
2
-1
-3
3
7
7
10
9
8
5
2
-2
-3
-8
-6
-7
-11
-5
7
8
5
15
19
19
19
17
12
4
3
-4
-2
2
4
8
4
4
12
16
9
9
5
2
3
5
6
0
0
-6
-8
-6
-5
2
3
2
1
1
4
3
-1
-2
1
5
-1
-10
-11
-14
-12
-9
-8
-5
-1
-1
2
5
-3
-1
-7
-8
-5
1
3
-6
-7
0
0
-3
-4
-1
9
4
-5
-5
1
6
3
-2
-4
4
12
11
5
-1
0
9
11
8
13
13
13
4
-4
-3
1
6
1
4
11
5
3
-7
-5
-1
1
6
3
9
11
4
5
3
-1
-1
1
-2
0
7
2
0
-4
-11
-6
0
1
-5
-6
-5
-9
-13
-12
-9
-4
-3
-4
-2
0
2
0
-3
-4
-6
-8
-11
-16
-19
-18
-17
-21
-14
-13
-7
3
4
7
12
15
10
9
10
7
2
3
-2
0
9
14
15
19
22
24
23
12
8
2
-3
-6
-5
-5
-9
-9
-14
-13
-5
2
-3
-5
-2
-4
-11
-12
-11
-15
-16
-13
0
3
-3
-1
-3
1
10
11
6
2
6
2
-4
-3
0
-4
-5
0
-3
-6
5
9
3
2
7
4
-6
-5
-3
2
3
-4
-2
1
5
5
0
2
3
2
6
6
6
6
1
1
5
9
15
15
12
15
11
16
17
18
11
5
5
0
-3
-6
-6
-9
-13
-5
-5
-2
7
1
-6
-10
-5
-2
0
-5
-8
-8
-11
-9
-9
-7
-4
-1
0
1
3
4
4
0
6
10
7
3
-4
-6
-6
-2
-4
-12
-8
-5
0
-2
-1
2
0
5
1
-1
1
-1
3
-2
-5
3
7
9
10
12
17
13
12
11
10
8
5
8
8
5
7
8
-3
-4
-1
-4
-7
-6
0
1
0
-1
-10
-5
4
5
5
6
6
-3
-10
-9
-10
-18
-20
-19
-18
-9
-11
-8
-3
-2
-1
-5
-2
4
4
0
-1
-3
-5
-4
-3
-2
-1
1
7
15
16
11
11
5
2
4
7
13
9
8
5
5
8
1
0
-10
-17
-11
-11
-12
-10
-12
-12
-9
-10
-13
-7
-6
-6
-3
-7
-9
-6
-3
-3
-2
1
5
8
12
14
9
0
-1
-1
-1
-4
0
3
4
13
10
10
16
14
7
8
8
-1
-8
-11
-10
-5
-4
-10
-11
-7
-7
-10
-17
-23
-17
-11
-11
-10
-11
-8
-5
-9
-11
-5
-1
-3
-6
2
9
10
12
8
4
2
5
7
6
11
14
14
11
10
10
9
9
10
3
-2
0
2
6
6
6
8
5
3
-2
-5
1
3
1
1
-6
-13
-12
-9
-10
-15
-14
-10
-11
-14
-12
-2
8
7
-1
-9
-10
-2
-1
-4
-5
3
7
3
0
-1
4
6
1
-7
-2
5
7
3
0
2
0
4
2
2
8
7
3
4
4
-3
1
3
-2
-5
-6
-2
3
5
6
4
7
8
-1
-4
-3
-3
-5
0
7
9
8
7
5
-2
-9
-9
-2
2
6
4
0
1
1
0
-1
1
5
4
0
-2
-5
-5
-3
-7
-6
-5
-5
-1
1
0
4
6
2
5
3
0
4
0
-3
-3
-5
1
7
11
10
10
11
2
1
0
4
8
7
7
7
7
5
1
-4
-7
-9
-3
1
-1
-6
-10
-12
-10
-3
-5
-6
-2
-2
0
-2
1
4
2
-3
-10
-10
-1
4
5
8
7
10
8
3
0
-5
-6
-6
-3
2
0
-6
-7
-9
-10
-2
-2
-9
-16
-21
-16
-11
-6
3
9
12
11
9
3
-1
3
5
5
8
11
6
10
5
2
9
8
9
6
1
-1
6
5
-3
-5
-9
-6
0
5
12
17
14
10
1
-2
1
-2
1
1
-3
-4
-9
-8
-7
-7
-5
-7
-7
-12
-13
-8
-6
-9
-5
0
3
5
8
5
7
0
-9
-5
-2
-1
-5
-9
-10
-9
-7
-7
-9
-2
2
-1
4
5
5
3
2
3
4
10
9
5
5
5
3
3
-5
-12
-8
0
9
6
8
2
-3
3
9
12
13
14
9
6
7
5
4
4
1
3
6
0
-4
-4
-6
-4
1
2
-2
-4
-2
-3
0
9
12
4
-1
-4
-8
-11
-4
-3
-1
3
0
-1
0
2
-2
-6
2
7
7
2
-1
-4
-6
-8
-8
-4
2
13
18
6
-2
-9
-14
-13
-10
-9
-3
3
5
5
4
8
4
-3
-9
-10
-4
-2
-3
-3
-5
-3
0
-1
3
7
7
5
5
5
7
4
-2
-1
7
12
9
3
-1
-6
-8
-1
3
8
2
-2
-8
-8
-2
3
3
-5
-2
3
4
0
-1
-2
-3
3
3
0
-1
2
0
-1
2
7
7
8
9
8
9
4
-5
-10
-16
-13
-6
-10
-8
-8
-5
-4
-10
-9
-1
2
-1
-8
-19
-15
-9
-7
-11
-17
-7
-3
4
9
10
9
6
6
1
-1
-6
-7
-3
-2
0
8
13
13
11
8
3
-4
-5
-9
-16
-18
-12
0
2
-4
-8
-11
0
8
11
10
4
2
-6
-5
4
6
9
6
3
7
9
11
14
10
5
3
8
7
6
9
5
-3
-1
-4
-6
4
7
8
7
8
8
8
9
8
8
2
-5
-11
-15
-14
-9
-1
3
6
4
1
-1
-2
0
2
5
9
5
0
-4
-5
-8
-10
-5
-4
1
4
2
2
-1
-2
-3
0
-2
-2
-1
2
3
5
9
7
6
1
-2
-5
-3
-1
-1
-1
-5
-6
-8
-3
3
4
0
2
6
3
1
-1
4
-1
-6
-3
-3
4
10
10
-1
-6
-12
-16
-8
-2
6
4
-5
-12
-15
-12
-18
-20
-13
0
1
3
6
2
3
5
0
5
10
7
1
-7
0
2
12
11
4
6
2
8
2
0
-2
-6
-9
-12
-5
-3
-5
-4
0
7
1
-4
-6
-5
-3
-2
4
1
-4
-10
-13
-9
-10
-1
4
2
3
2
2
2
4
6
5
3
4
4
6
1
-2
-1
-7
-2
4
4
1
0
-1
-8
-7
-5
-4
-1
5
3
2
6
8
2
0
0
-7
-5
2
-2
-4
1
2
3
9
6
-7
-3
-1
-4
-6
-6
-4
-8
-4
-2
-4
-1
7
7
3
3
0
-3
2
4
-4
-2
3
7
6
0
4
2
2
3
3
1
7
14
-4
-9
-2
-2
5
8
2
-1
4
1
-7
-3
-5
-3
6
11
14
7
1
1
-4
-6
-3
-3
-10
-8
-3
-3
1
9
-1
2
0
-9
-13
-6
8
4
1
-4
-1
0
1
1
3
12
8
-1
0
7
8
13
10
11
15
3
-3
-8
-4
-2
2
7
0
-3
-10
-8
-9
-10
-2
-6
-9
-6
1
-1
1
-1
-2
3
-3
-2
-4
1
4
5
6
4
0
2
1
-2
0
1
1
-6
-6
-7
-10
-7
-3
-6
-5
-7
-4
-1
3
2
-2
11
9
8
6
7
7
7
9
5
5
8
12
8
1
6
6
-7
-12
-7
-5
-4
-1
-3
-7
-2
-3
-2
-1
1
1
-6
-15
-20
-18
-6
4
7
8
7
2
3
-2
0
3
7
13
11
9
9
9
7
1
-7
-13
-5
2
7
8
7
13
9
6
3
3
6
5
-2
-11
-13
-5
-1
-5
-1
-1
-5
2
7
9
9
9
5
-6
-11
-6
-5
-2
5
2
-3
-2
-1
-5
0
4
2
-1
-3
-5
-4
-3
-5
-7
-9
-5
0
1
6
5
2
5
9
12
7
1
-1
-10
-6
-7
-4
-3
0
7
6
2
-1
-1
-1
-2
2
5
-1
-9
-14
-18
-12
-5
-3
-7
-10
-10
-13
-13
-7
-8
4
9
8
12
9
8
9
10
6
4
5
4
5
0
-7
-13
-14
-15
-16
-10
-5
-3
-3
-2
-2
-4
-9
-6
-6
-1
6
12
16
12
11
7
3
-1
-1
0
3
4
4
10
3
4
8
4
6
4
0
-5
-2
3
-7
-9
-4
