-1
-2
6
-3
-9
-19
-16
-5
-2
7
12
9
-4
-12
-14
-9
-1
1
11
13
4
6
0
21
27
6
5
-6
1
8
-1
2
-5
-13
-21
-19
-7
-9
-5
3
9
11
10
6
-1
8
15
3
-6
-3
-2
-2
-3
6
17
13
-1
-5
-5
-3
-2
-1
2
4
-3
-11
-14
-9
-5
-2
-7
-10
13
11
-3
-13
-23
-12
-10
-13
-7
-8
2
-3
-20
-12
9
16
8
9
-3
-12
-4
1
12
17
10
-14
-18
-13
-6
7
8
7
0
-7
-8
-8
-3
8
12
5
-5
-5
0
0
6
6
-1
-3
-3
5
-4
0
12
-7
-19
-13
10
12
10
8
-7
11
24
22
5
1
14
5
2
-3
-13
2
7
-5
-14
-6
6
4
2
-8
-9
-1
0
-1
1
3
4
4
8
9
11
10
-2
-22
-17
-6
2
9
0
-3
9
3
4
8
-6
2
7
-8
-16
-10
1
7
-1
-10
-10
-5
10
11
0
-2
9
3
-11
-16
9
24
11
12
3
2
-1
-4
0
4
9
-8
-12
-2
8
14
2
9
8
-6
0
-6
1
3
-7
-2
-8
-1
2
-6
-4
-10
0
-6
-17
-3
1
10
4
4
2
-4
0
-5
3
5
6
7
0
-12
-2
10
-5
-4
-3
-5
4
0
1
-6
-7
0
-7
-11
-10
-4
1
-2
2
-2
-4
0
-2
0
0
5
5
7
4
-9
-17
-11
11
13
8
15
5
3
3
-2
0
3
6
-5
-17
-2
-3
-8
-1
4
11
6
-12
-7
3
1
3
2
0
3
1
-15
-15
2
8
7
10
3
1
4
2
-1
-2
8
4
-7
-6
-6
-3
-3
-12
4
7
-2
-5
-8
-1
6
9
3
-7
5
1
-5
-2
-8
1
-3
3
8
-4
0
-6
-3
0
1
8
-1
2
-2
-7
2
2
12
8
-4
-1
-4
5
10
1
2
1
2
-10
-8
-1
-3
1
-6
-2
2
-3
6
0
3
0
3
7
6
13
2
-3
-11
-7
-3
-9
-1
5
-1
-5
4
11
4
4
-2
-10
-12
-10
3
-1
1
4
-6
-1
-1
-3
-10
-2
15
0
-2
-6
-8
6
8
10
8
11
16
3
-5
-3
7
5
-5
1
-4
-5
0
-3
5
-2
3
7
-13
-2
0
-4
5
10
12
0
3
3
-2
7
6
5
4
-2
-9
-12
-4
-2
-4
1
-4
1
-6
-13
-2
4
12
5
7
5
-12
-8
-5
-2
2
3
-1
-9
0
1
6
3
2
7
-1
0
-1
-1
-3
-6
-2
1
-8
-7
-3
-9
-5
-2
-5
4
11
8
0
0
5
1
-4
-3
-2
2
1
-8
-9
-1
2
2
-5
-11
-3
-3
0
0
-6
-3
-11
-5
4
-6
4
5
-5
-4
-4
-5
-3
5
7
2
2
3
4
-1
4
12
14
13
8
5
1
-3
2
4
4
7
-2
-6
-5
1
1
-4
4
-4
-7
-11
-3
5
0
11
7
9
1
0
2
-8
-1
1
0
-2
-8
-10
-6
4
9
12
16
13
8
-2
3
4
-2
4
-3
-2
-1
-2
4
3
3
3
1
0
-2
-3
-3
-2
3
1
-6
-3
2
4
3
0
-1
-7
-3
-6
5
11
-4
-4
-8
-5
2
3
-3
-4
1
1
0
-4
-7
-3
7
3
-2
-4
0
0
-6
-2
1
10
0
-9
5
8
1
-8
-5
3
-3
-4
-8
-12
-3
6
-1
-10
-8
-4
-7
-3
5
0
-2
-2
-3
-6
-11
-2
1
-2
0
-4
-7
-13
-3
0
-5
-3
-1
-6
-12
-6
-5
-4
7
7
-5
-7
-3
-4
5
6
1
7
14
13
3
-1
4
7
3
0
1
8
7
1
-4
3
0
2
4
2
4
6
-3
-5
2
-1
-2
-2
-3
-3
5
13
15
11
8
-3
0
2
-3
5
5
-3
-4
-4
7
6
4
1
-8
-6
-10
-12
-6
0
-2
-1
-2
-4
-2
2
7
7
8
8
12
8
1
8
12
9
5
5
4
7
2
0
-8
-11
-3
-7
-6
6
6
-1
-5
-5
3
9
16
12
4
-5
-9
-2
-1
-1
2
-3
-7
-3
0
-2
5
5
-1
-2
-6
-9
-11
-4
7
3
3
-2
-2
-4
-8
-5
-4
1
3
-4
-7
-4
5
6
3
-2
-3
-4
-1
-2
-5
-1
-1
-6
-4
-3
-3
-4
-7
-9
-9
-16
-18
1
11
6
-3
-6
-10
-4
7
6
0
-1
-4
-9
1
2
3
3
-6
-5
-6
-3
5
8
5
1
7
1
3
8
1
-4
-8
-4
-7
-5
-3
-6
-4
-3
-1
5
7
9
10
6
11
6
2
7
7
11
5
2
8
8
9
6
8
6
5
1
-4
3
6
8
7
4
0
-5
1
-5
-5
-3
-10
-6
-3
4
4
3
10
10
10
8
1
-2
-2
-4
1
2
6
11
9
3
2
6
4
4
-1
-3
-6
-7
-4
-8
3
2
-5
-9
-17
-8
-11
-5
-4
-3
0
-4
-5
-12
-16
-12
-11
-5
-6
3
1
-5
3
-2
5
10
6
8
2
-1
-8
-15
-4
4
7
11
8
6
2
3
5
5
0
2
9
7
3
-3
-5
-7
-4
-1
6
18
15
8
2
-2
-7
-6
1
7
11
5
-4
-3
0
-2
-2
4
7
2
0
6
-3
-21
-11
25
26
-5
-29
-16
6
14
7
-3
-10
-9
6
13
14
4
-18
-30
-14
23
22
-8
-16
-7
-4
-10
3
7
-7
3
6
-1
-21
-28
4
-2
-4
-4
1
29
9
-4
1
8
19
-8
-11
14
15
-6
-14
5
22
9
1
2
-11
-3
-2
-9
1
0
-7
1
7
8
9
5
5
2
-5
-3
-6
-5
-6
-13
-9
-18
-14
4
0
3
9
5
4
4
6
2
-12
-12
-11
-6
-1
-6
-6
-11
-8
-1
6
3
6
11
0
-8
-2
1
2
5
4
2
3
8
11
5
10
5
-4
6
7
3
3
-3
4
-4
-6
2
0
11
0
-8
-4
-8
-16
-17
-4
12
13
2
-8
-4
1
-8
-4
8
11
-1
-7
3
10
13
11
11
13
8
-2
-9
-2
4
2
-2
-2
-1
-1
8
1
-2
-4
-6
-5
-4
1
-2
-12
-19
-13
-4
-6
0
6
1
-5
-6
-1
4
1
1
-1
1
3
-3
-3
-1
-2
-2
1
2
11
18
5
0
3
0
-7
1
6
10
17
5
-2
-7
-7
-6
0
10
8
8
-1
-16
-15
-8
0
-1
-1
-3
-9
-14
-7
-3
0
4
7
2
-5
10
14
6
1
4
13
7
-2
-7
-6
3
-3
-13
-8
-1
2
-1
-5
-11
-11
-3
2
-1
-1
7
1
-3
0
3
7
11
11
8
10
5
0
1
6
6
1
-6
0
4
-5
-7
-10
-8
-17
-15
2
7
12
-4
-11
0
8
6
0
0
5
-1
-10
-9
0
11
13
1
1
5
-6
-11
-9
-2
2
-4
-2
-3
-7
-8
-5
-1
-1
2
5
-1
-4
0
-8
-9
1
2
-8
-5
-1
-9
-10
-4
-11
-9
1
4
13
16
3
1
-2
3
7
1
1
-5
1
0
6
9
0
3
5
10
2
-5
0
-2
8
7
5
5
8
8
1
9
6
1
8
2
0
1
4
5
2
3
2
-4
-7
-7
6
12
-4
-12
-11
-4
4
-1
-3
-4
4
10
4
14
11
-3
2
0
-1
-1
-6
-7
-10
-5
-2
2
11
9
5
-1
1
5
2
0
-6
-4
8
5
-5
-5
-2
0
-2
-8
-3
5
3
-8
-8
-8
-1
2
-6
-1
-1
-5
-5
-5
-10
-5
9
8
8
-8
-20
-9
-5
3
9
7
0
-4
4
1
2
10
9
8
7
-3
-5
3
2
-2
5
15
9
-2
-7
-10
-11
-5
-5
-8
-8
-10
-1
10
10
7
3
7
3
-1
-4
-6
-7
-9
-9
-3
4
9
6
7
8
6
10
9
10
9
6
-2
-1
2
-7
-9
-8
-4
3
6
5
4
3
-6
-12
-7
2
5
2
-3
-6
-11
-1
4
-3
-6
-10
-6
-4
-13
-7
0
0
1
-7
-3
5
4
1
-5
0
3
1
4
0
2
4
8
9
12
10
-5
-8
-6
-1
-4
-6
0
-1
1
7
9
11
6
-1
-10
-9
2
14
8
-13
-15
-3
4
6
0
-4
-1
-2
-11
-6
4
6
-4
-16
-11
-8
0
10
5
1
-4
-6
1
6
11
12
10
4
4
6
1
5
1
0
2
2
4
4
2
-4
-8
-1
3
-2
0
0
0
-1
-5
-5
-3
9
5
-4
-7
-11
-6
-1
-1
0
1
-7
-12
-13
-10
-3
-4
-7
-14
-8
-5
-8
-5
2
8
3
2
0
-2
4
5
1
4
-2
-6
-7
-2
4
8
10
6
9
10
13
16
12
7
2
-4
-6
-9
-11
-8
-7
-6
-3
-2
2
10
5
-5
-15
-14
-3
3
9
5
4
1
2
10
13
14
10
-1
-7
-6
-1
5
1
1
-1
-5
-1
5
10
8
1
3
4
9
7
6
7
4
-1
-5
3
9
10
13
5
2
4
1
2
1
6
4
0
-3
-9
0
7
4
-3
-10
-3
-1
-2
-2
-8
-7
-5
-10
-9
5
6
0
1
-2
-2
-3
-1
3
3
-1
-7
-7
-4
-6
-11
-8
-3
2
-3
-10
-5
2
4
-1
-2
-5
-7
-6
-5
-6
-8
-8
-11
-12
-11
-8
0
2
-3
-4
0
2
1
1
2
4
1
-4
-2
7
10
8
4
1
6
2
-1
0
4
3
-5
-2
2
3
5
-1
-5
-2
-1
2
6
3
-5
-6
-4
-10
-8
-7
1
2
-5
-6
-1
3
9
10
9
6
6
8
9
17
20
11
-8
-8
-2
6
13
8
8
10
9
11
13
11
10
8
3
-2
-2
-2
-5
-9
-12
0
6
10
6
5
3
-3
1
0
-4
-8
-3
1
-9
-16
-19
-15
-11
-14
-14
-11
-2
0
6
15
8
2
-11
-18
-13
-6
2
5
6
2
9
15
17
16
7
5
-1
-3
1
2
6
4
-2
-4
0
4
1
-1
2
4
3
3
3
5
0
-4
-9
-14
-5
3
2
3
3
0
-3
-7
-11
-4
-1
-6
-10
-9
-4
-5
-10
-6
-5
-4
-2
-2
-4
-6
-5
-3
0
-3
-10
-6
0
3
-3
-7
-1
7
8
5
4
1
-3
-10
-8
-5
0
7
2
-1
-7
-13
-7
5
7
10
11
11
13
4
-1
-4
2
6
4
3
4
6
3
4
6
6
9
14
15
9
5
8
9
6
5
5
4
-1
-3
-3
2
8
4
-7
-14
-7
3
4
-2
-7
-4
-5
-6
-5
-5
-2
-4
4
9
10
9
7
10
9
7
-2
-1
2
2
-2
-9
-5
4
1
-4
-6
-3
-1
-3
-3
-4
-3
-11
-11
-10
-15
-14
-14
-9
-4
2
-1
-4
-4
-5
-1
-4
-6
-1
-9
-19
-15
-2
8
9
8
0
-7
-3
-1
1
5
3
-4
-8
-5
-8
-10
-7
-3
-2
-2
3
5
4
3
-1
1
-1
-2
2
-1
-1
0
2
-1
-1
1
1
6
13
8
1
2
4
0
-1
3
4
3
-3
-5
-1
4
6
4
9
12
8
5
2
6
9
3
-8
-6
-1
0
3
4
4
4
-1
-9
-4
9
14
9
5
0
-7
-6
-5
-3
-4
-4
-4
2
14
11
6
3
10
19
17
11
4
-3
-5
0
8
6
3
4
-1
-1
5
6
1
-8
-8
-7
0
4
4
6
2
3
1
-3
-1
2
3
2
4
1
-10
-9
-5
-3
-1
-3
-3
1
11
10
4
2
-5
-7
-6
-6
-2
-3
3
5
6
3
3
7
1
5
8
3
0
-4
-11
-7
-1
-5
-8
-2
3
0
-4
-1
-3
-3
-6
-8
-5
-9
-10
-11
-7
2
6
3
-7
-5
-3
1
1
-5
-9
-7
-4
2
-1
-2
-5
-9
-4
-3
-1
2
8
14
11
4
2
-1
-5
-4
-1
4
9
6
-1
-2
2
9
11
3
2
3
3
2
3
0
-2
-4
-17
-16
-9
0
6
4
7
3
2
0
-7
-6
-5
-5
-5
1
3
-2
-6
-9
-1
4
4
-3
-5
-4
-2
-4
-6
-3
1
10
11
7
8
11
9
4
-2
-2
3
1
1
3
3
2
-3
-4
-5
-2
0
-11
-9
-10
-9
-2
-2
3
7
10
10
8
7
3
-1
-8
-9
-7
-7
-5
3
17
19
10
1
-4
0
3
-4
-4
-2
-5
-9
-7
-3
3
6
5
1
-6
-3
0
-3
4
4
-1
-2
2
8
3
-5
-7
-4
-3
-3
1
3
-4
-9
-3
-2
1
4
4
4
4
0
-2
2
6
-1
-9
-10
-12
-13
-9
-5
-7
-2
-1
-2
1
-1
-6
-4
3
6
2
0
0
-5
-7
-3
1
-3
-11
-11
-9
-3
-1
0
5
8
9
9
7
9
7
2
-1
4
2
-3
0
1
-2
-7
-9
-4
6
22
18
6
-1
-4
-7
-7
-4
-3
-2
-6
-5
6
15
14
10
2
0
0
0
-2
-5
-6
-5
4
6
7
13
12
9
5
5
8
4
-6
-5
-2
-2
-1
1
7
6
3
5
5
6
5
4
1
-1
3
4
3
1
-5
-6
-6
-7
-6
-7
-5
0
-1
-5
-14
-10
-1
-2
-5
-5
-7
-10
-11
-10
-5
-3
-4
1
0
5
11
11
7
9
7
-2
0
-2
-4
-4
0
3
-5
-5
-1
1
7
10
11
6
1
1
1
-6
-6
-1
3
6
6
4
3
4
7
7
2
1
4
0
-6
-7
-5
-4
-4
-4
-6
-3
1
-2
-1
2
3
2
4
0
2
1
-6
-9
-6
-6
-8
0
2
2
5
3
1
-5
1
6
4
5
4
6
0
-6
-3
-9
-9
-4
-6
-5
-6
-7
-4
1
5
-1
1
1
1
-3
-3
1
2
6
8
7
6
5
6
5
8
8
1
2
-3
-9
-8
-8
-3
1
4
5
10
12
11
9
2
-2
-4
-5
-9
-15
-6
-1
-1
-1
-5
3
4
0
0
1
-1
-5
-3
-4
0
7
3
-1
4
9
4
2
0
-2
-3
-10
-11
-3
4
-2
-3
1
2
12
10
0
1
6
7
2
-2
-2
-2
0
3
0
3
1
-1
-2
-3
-4
-4
-10
-12
-5
5
1
-11
-16
-18
-6
7
3
2
7
6
-2
-2
-4
0
5
0
0
-4
-10
-12
-11
-4
4
10
9
6
2
1
0
-2
0
-2
-2
0
-7
-10
-3
2
2
4
6
3
4
1
-2
1
8
12
7
0
-3
-2
0
2
-6
-4
1
-2
-1
0
0
2
1
3
7
5
3
-2
-5
1
1
4
1
3
6
3
-2
-5
-3
-2
1
1
0
-1
-4
1
3
4
-2
-11
-12
-1
4
3
-1
-7
-5
-1
-2
-3
4
8
6
4
3
-2
1
7
0
-3
0
0
-9
-9
-2
6
5
1
1
-2
4
4
4
6
5
2
5
10
7
7
7
6
5
-1
0
1
-2
-7
-14
-8
5
7
4
8
4
-6
-7
-13
-12
-4
2
0
-4
1
6
5
3
-1
4
13
5
-2
-4
-1
-2
-7
-8
-6
-4
-2
6
9
7
6
-4
-15
-15
-9
-2
2
2
-5
-9
-1
5
20
28
25
9
-3
-3
-4
1
6
7
10
3
-6
-3
2
7
2
-1
-8
-9
-9
-11
-11
-12
-6
-7
-7
-5
-2
7
8
2
1
0
2
1
0
1
-1
0
-3
-4
-7
-14
-18
-8
-3
-2
1
1
1
0
-5
-13
-8
-7
-4
3
7
9
6
4
0
0
6
9
8
5
-5
-7
-2
-3
-8
-6
-4
-8
-11
-12
-9
-5
-1
-3
0
-1
-3
2
8
12
12
10
4
0
-4
-6
-6
-1
3
7
15
16
18
21
17
13
15
17
16
8
1
-4
-2
-1
-8
-10
-8
0
5
7
9
3
3
1
-5
-4
-3
3
3
1
3
4
-3
-8
-6
-2
2
3
4
6
5
2
-4
-2
1
2
-1
-4
-1
0
-1
2
1
-2
-4
-6
-7
1
8
0
-7
-4
-5
-10
-5
-7
-5
0
4
6
2
3
7
-7
-17
-5
9
12
4
-1
-4
-4
4
9
16
20
16
4
-3
-2
2
7
2
2
-1
-1
2
0
0
-1
0
5
8
1
-9
-10
-5
-3
0
2
0
-8
-4
2
5
8
4
-1
-1
4
2
-4
-5
-8
-7
1
1
-3
-6
-4
0
7
6
4
4
5
-2
-7
-10
-11
-17
-14
-12
-19
-11
-10
-7
1
4
6
3
0
1
0
0
0
3
6
-2
-8
-10
-10
-4
7
14
13
6
3
3
0
-2
-7
-8
-8
-8
-8
-4
-5
-7
-5
-6
-6
-2
2
5
0
-2
-6
-7
-5
0
3
-1
0
-1
-3
0
3
6
1
2
0
-1
3
1
1
3
5
5
1
-6
-2
7
16
17
16
13
7
2
-5
-4
-4
2
-3
-10
-8
-6
0
-5
-8
1
9
12
5
-2
0
13
25
10
-13
-18
-11
3
7
-2
10
4
-2
2
4
9
4
8
5
-5
-3
-15
-17
0
6
3
2
-8
-14
-7
-4
9
10
1
-1
7
8
-10
-9
10
17
8
-11
-11
-5
4
12
-1
-7
-2
-9
-8
0
13
11
-1
4
1
-8
-5
-1
-6
-4
-2
1
4
-9
-9
0
3
9
4
-6
-6
-7
-4
-2
0
2
-1
-2
-11
-18
-12
4
12
4
-4
-9
-9
-1
-4
-8
-9
-8
0
0
-6
-7
-10
3
9
4
10
7
5
-1
4
11
7
5
-8
-8
-2
1
3
-3
-1
-6
-8
-4
-5
2
9
6
0
0
7
5
0
5
4
2
0
-7
-6
-1
6
1
0
4
2
3
1
11
14
5
5
3
-1
3
1
-1
1
0
-2
0
7
1
-10
-3
3
1
3
-6
-9
-2
0
4
8
7
0
-1
2
6
5
6
4
3
8
10
11
6
4
-6
-19
-19
-3
8
7
7
10
0
-9
-9
-10
-4
8
16
12
-2
-5
-4
-2
4
12
15
6
-5
-10
-3
2
10
7
-4
-7
-15
-12
-9
2
12
2
-4
-6
-7
-4
0
2
7
9
4
-3
-7
0
7
9
10
7
1
-9
-14
-8
9
17
12
-1
-10
-14
-8
6
10
9
3
-7
-18
-22
-15
-2
5
3
1
1
-5
-7
-3
0
7
7
0
-5
-8
-5
-1
1
4
8
11
6
3
1
-1
-4
-8
-6
-9
-8
-8
-7
4
0
1
-1
-12
-7
-5
-2
3
6
10
7
5
-1
-6
-3
1
5
2
-1
-5
-4
2
3
6
8
8
5
4
-2
-3
-1
-6
-4
-3
-6
-4
-1
-4
1
2
2
-3
-3
1
-1
6
9
10
4
-4
-4
-1
0
-5
-3
4
2
4
4
4
6
7
5
5
7
-6
-8
-3
2
2
-2
-4
-9
2
4
6
8
-1
-6
-7
-11
-12
-7
-6
-4
-8
-3
6
6
14
11
2
0
-4
7
9
8
6
3
-1
-2
3
2
3
7
6
3
2
3
6
10
8
2
-4
-1
-6
-15
-11
-5
2
-1
-5
-11
-12
-2
2
6
11
11
2
-3
1
-1
0
1
-4
-4
-7
-6
0
0
-4
-4
2
2
-1
0
4
0
4
5
5
11
-2
-4
1
6
8
0
3
-3
3
9
8
7
-2
0
-5
-3
6
2
4
1
1
-5
-6
1
-3
0
-1
1
-1
-7
2
-3
1
3
-7
-7
-5
2
3
2
-2
-1
1
0
-4
-6
-6
-4
-6
-10
-4
-5
-9
-3
-6
1
6
10
15
5
3
-8
-12
-3
-6
-2
-7
-3
9
-1
0
-2
-5
-4
2
10
8
7
7
4
5
4
-5
-2
-8
-4
-7
-15
-5
6
9
4
2
0
0
-5
-7
0
1
1
-2
-9
-11
-8
-2
-2
-2
8
8
4
-1
-6
-8
2
7
-3
1
-4
-10
-4
3
5
-1
-3
-8
-7
-5
-10
-2
2
4
5
-1
-2
1
3
1
7
10
-6
-5
3
-2
5
9
10
7
-1
-3
-10
4
7
-2
2
-1
1
3
10
5
4
7
-2
4
-5
-13
-5
-5
-13
-6
-3
-12
-2
-2
-7
-4
12
12
-1
7
-1
2
12
3
2
5
7
-3
-4
0
-4
6
5
-2
-4
-8
-5
2
9
-1
4
5
-3
0
-11
1
6
3
1
-13
1
-3
1
12
0
7
1
3
-16
-17
-9
-12
4
-4
0
-3
-6
3
1
16
10
4
-4
0
-1
-8
4
2
4
1
5
-3
1
17
5
12
15
1
0
-2
-4
-2
11
5
-4
-4
-6
2
3
3
1
1
3
4
6
9
11
-2
-5
-10
-11
0
0
1
10
7
-2
5
8
1
-3
6
-3
-5
11
-4
0
13
-1
-2
-2
-12
-5
1
-3
-7
4
-6
-9
11
-1
0
18
3
-6
15
0
-6
11
-16
-13
7
-1
4
0
-17
-6
8
-13
-5
15
-20
-8
1
-22
2
1
-11
-6
2
-9
-8
3
-7
2
7
-3
4
-3
-8
1
-6
-7
-10
-11
-9
3
3
-1
9
-17
-13
2
-6
8
4
-7
-1
3
-6
-4
0
4
12
2
3
9
8
16
11
3
-4
0
-7
-5
13
4
0
-4
-5
-2
-5
7
4
2
3
-2
2
15
17
5
11
3
-8
2
-7
-8
13
3
0
17
-2
-3
5
9
8
5
10
5
2
6
1
-15
0
-1
-5
4
4
5
0
3
-9
-6
5
4
-2
-8
3
-3
-4
6
13
3
16
6
1
2
-3
13
-15
-2
-4
-21
12
8
1
2
4
-8
-7
10
-4
-12
1
-9
-19
-4
-6
-14
3
5
-11
-5
-3
-21
-11
5
-5
6
0
1
2
-14
6
4
1
0
-18
-4
-1
-3
0
-2
10
-8
-1
7
-7
15
10
-8
0
-4
-12
-5
0
-1
-3
5
1
-11
6
-2
-9
10
-2
-7
4
-19
-15
1
-9
2
2
4
-9
-7
10
-24
13
15
-20
26
-4
-10
9
-3
0
-11
21
4
-6
37
0
8
17
-3
15
-7
18
-6
-17
21
-24
-6
4
-18
-3
-6
11
-7
9
27
-18
9
4
-22
5
2
-20
-12
11
-21
-13
19
-6
1
31
7
-12
19
-2
-13
26
0
0
26
-8
-8
14
3
-9
15
6
-14
23
-1
-13
14
2
-12
10
5
-16
9
2
-26
3
13
-19
2
23
-21
9
16
-10
20
7
-4
10
8
-10
-5
-1
-33
10
15
-14
28
7
4
-5
0
-11
-18
20
-29
-10
12
-21
13
-9
-13
9
4
11
-2
11
-1
-10
11
-21
0
7
-9
14
-16
9
-1
-16
26
-19
4
1
-11
9
-17
26
-16
-5
20
-28
15
-6
15
5
-6
33
-22
17
-1
-5
9
-17
30
-25
3
0
-20
19
-17
17
-21
7
8
-25
13
-22
11
-21
-1
8
-21
30
-10
1
-10
-1
1
-19
24
-25
-3
6
-6
8
-26
29
-18
2
13
-31
20
-12
12
-14
3
11
-24
20
-23
20
5
-11
15
-22
10
2
21
-5
1
20
-26
29
3
11
5
-7
8
-29
13
-21
-3
-11
-8
7
-17
9
-8
17
2
3
2
-5
13
-17
24
12
8
22
17
4
8
21
-20
27
-1
-12
8
-7
5
-3
13
-9
27
5
-7
22
-15
-6
-7
-4
-23
0
-2
-12
9
3
-7
-18
13
-22
1
8
-16
8
1
14
-11
18
8
-8
7
-6
-6
0
9
-18
10
9
5
-10
20
0
0
27
-23
13
-11
3
-1
-8
11
-15
-5
-18
1
-4
-7
5
7
-12
-2
2
-6
1
12
12
-12
14
0
-11
3
8
3
-6
4
4
-1
0
10
-4
-8
3
-4
-4
6
-5
10
3
-6
1
-14
-1
5
13
-18
-2
4
-12
-1
1
-13
-10
0
2
-4
8
-1
-14
-2
-11
-13
-3
2
7
12
3
-5
6
5
2
0
-8
0
-7
-3
-20
-3
9
-16
5
8
1
-1
18
-9
-15
36
-20
-11
33
-35
18
11
-20
14
4
-3
5
8
1
-3
13
-14
2
13
-29
16
-6
-19
0
-4
-2
2
10
8
-16
16
18
-26
0
25
-7
-3
36
-10
-27
21
5
-25
12
3
-34
18
10
-34
-2
16
-22
11
34
-34
6
19
-44
0
14
-37
11
21
-32
1
16
-20
11
32
-12
-27
27
-31
-35
31
-26
-3
16
-3
-8
20
15
-28
7
7
-33
-3
8
-34
13
7
-20
7
4
25
6
0
11
1
-11
-14
-3
-8
-5
12
-6
-9
16
6
-3
10
6
-2
4
6
-1
-11
18
-9
-26
15
-17
6
20
-5
4
-2
4
8
2
27
2
-11
12
6
-13
12
10
-8
23
5
8
-12
15
0
-27
19
-2
-8
14
1
-1
-9
3
-6
-14
3
4
-16
5
5
-6
-2
35
11
8
26
1
-4
-13
1
-17
-16
25
-20
0
1
-8
33
-22
17
7
-11
-1
-26
0
-23
-11
3
-34
29
-8
-10
20
6
13
15
4
-2
-7
6
1
8
14
10
-2
13
-6
-6
-2
8
2
-14
-13
-4
4
-4
13
11
-9
12
-13
-34
51
-6
-22
30
-14
-13
20
-16
-7
12
22
-12
32
1
-13
32
-18
-4
21
-17
-10
8
5
-12
5
8
-31
12
1
-19
-1
-11
-7
-11
4
6
-21
26
-8
-31
39
-38
4
11
-25
41
-12
19
3
-24
35
-28
12
18
-30
25
-13
-5
12
-13
25
-24
23
-1
-35
24
-40
-17
15
-2
7
8
19
-14
-13
26
-8
0
31
-19
-10
14
-5
-16
13
21
-15
27
18
-22
28
21
-29
24
-3
-25
21
-11
0
-11
5
-6
-34
14
-30
1
5
-7
8
-24
10
-5
-9
8
0
12
-6
32
13
-10
31
7
-20
28
-3
-9
-11
-7
-14
-20
17
-19
7
8
-16
9
-6
-24
-24
8
-25
15
3
-36
4
-25
-8
-1
7
-1
1
20
-27
31
10
-6
18
8
8
4
26
-21
20
19
-36
31
-21
-3
25
-11
9
-6
40
-49
15
34
-58
43
-21
-11
1
-16
15
-31
41
-18
-4
44
-33
25
-10
5
-28
3
23
-48
75
-10
-40
66
-22
-7
16
19
-41
34
19
-52
24
-4
-17
-20
39
-22
-6
43
-36
29
-10
3
-1
-13
29
-29
52
-13
-4
34
-41
20
14
-1
-11
23
10
-57
66
-30
-27
55
-35
3
-3
-10
-20
-6
18
-35
29
-4
-22
21
-28
12
5
-13
15
4
-1
1
9
-23
7
8
-28
39
-34
-4
34
-35
17
18
-18
-4
2
-11
-21
34
-8
-7
19
-26
15
-15
-10
16
-14
2
-9
4
-20
29
-24
17
10
-28
34
-46
21
5
-11
29
-41
16
-32
2
21
-42
42
-18
-7
7
15
14
-26
44
-38
21
13
-28
18
-19
33
-19
24
-9
-3
41
-48
35
-5
-16
22
-47
25
-18
-15
25
-42
30
4
5
16
5
9
-15
18
-2
3
33
-16
8
7
-7
-9
-2
22
-11
4
3
-8
-2
-10
5
-10
-17
28
-4
-20
21
-16
-12
6
-15
2
11
15
-8
22
11
-22
30
-21
2
-8
-17
3
-6
-14
0
5
-34
18
-8
-5
19
-34
30
-26
-24
39
-25
24
-5
-10
8
-24
18
32
-21
24
49
-30
3
21
-24
-12
10
27
-50
40
-10
-54
64
-52
21
6
-19
40
-30
36
-30
9
-11
5
19
-36
68
-28
-30
31
-30
-39
43
-29
-5
29
-3
11
-51
57
-58
4
24
-41
27
-41
58
-61
52
16
-52
78
-43
43
-37
34
-13
-39
73
-36
-38
86
-41
-17
22
7
-31
17
44
-114
59
-22
-44
39
-38
71
-72
58
15
-87
105
-94
41
23
-56
75
-63
30
7
-41
90
-119
93
56
-154
102
44
-194
132
47
-190
136
43
-172
68
150
-220
109
118
-184
-8
205
-213
-61
291
-307
94
138
-158
31
72
-37
-99
163
-86
-178
237
-147
-156
237
-80
-237
329
-199
-77
166
-156
57
-95
133
-129
-48
258
-259
170
103
-249
309
-134
-44
249
-182
65
110
-89
69
-64
179
-189
42
228
-310
159
-40
40
-99
-21
232
-401
258
48
-252
202
6
-67
3
145
-163
69
184
-308
231
68
-361
437
-228
-110
253
-211
138
-51
100
-66
24
109
-251
248
-196
-26
105
-144
104
-79
140
-92
-70
238
-242
130
2
-50
36
-157
280
-277
21
213
-270
80
131
-93
-78
179
-94
-46
61
99
-261
234
7
-277
314
0
-270
359
-119
-139
263
-171
47
53
-45
100
-84
106
-132
169
-98
-142
335
-362
179
38
-186
125
-18
21
-241
336
-203
-204
486
-476
149
159
-334
196
-115
72
-20
-52
215
-228
179
-40
13
58
-136
287
-237
-37
342
-322
86
157
-119
-24
2
132
-199
29
226
-249
77
118
-161
95
-43
85
-97
99
40
-181
344
-318
46
294
-496
249
200
-399
198
93
-58
-228
265
64
-513
547
-179
-214
244
-57
-75
-86
223
-188
20
112
-57
19
-81
149
-100
-123
304
-236
39
118
-123
-17
25
56
-128
145
-7
-188
323
-271
3
209
-217
-67
225
-160
-236
404
-274
-57
212
-121
0
-103
220
-283
41
230
-293
127
82
-219
203
-143
69
105
-140
161
-107
159
-233
225
34
-334
471
-286
-94
293
-214
21
74
53
-180
143
82
-199
187
0
-111
137
-90
-113
192
-218
-21
297
-407
134
254
-398
203
60
-19
-133
270
18
-410
463
-158
-267
422
-122
-12
48
199
-210
7
360
-527
497
-115
-149
296
-361
345
-361
245
-37
-269
555
-707
647
-374
-5
338
-471
483
-511
353
-95
-417
721
-756
451
-61
-244
524
-743
666
-234
-302
688
-625
309
-45
-43
28
-192
388
-445
186
130
-316
366
-100
-111
355
-282
-33
273
-239
-44
199
-18
-408
407
-31
-416
374
-77
-40
-45
10
149
-407
320
52
-321
284
-112
123
-310
256
166
-425
332
142
-251
101
242
-190
7
158
-59
-4
-92
206
-116
-138
188
-44
-87
-103
160
-3
-415
451
-126
-391
515
-223
-56
98
35
28
-286
332
-98
-306
432
-222
-91
261
-246
54
162
-129
3
140
-177
2
113
-80
-181
231
12
-391
377
-67
-356
472
-102
-212
322
-67
-207
153
189
-303
86
441
-675
430
77
-439
361
-71
-89
0
168
-135
5
123
-66
67
-115
202
-261
251
-141
-69
356
-496
392
-82
-223
348
-206
63
0
40
-89
134
-109
-165
413
-433
20
385
-473
76
272
-226
-237
523
-331
-188
261
-27
-175
-83
555
-580
109
458
-598
329
1
-20
-67
34
300
-594
586
-157
-347
629
-566
178
193
-364
326
-257
141
-153
33
124
-276
336
-160
-202
417
-425
6
318
-403
165
188
-284
71
115
-182
114
-15
81
-40
37
-58
94
6
-248
443
-333
31
213
-211
71
6
109
-222
153
14
-230
168
-48
-24
-43
67
-123
-24
88
-146
108
3
-60
31
-94
64
-20
-35
165
-170
175
3
-159
240
-155
-56
347
-227
66
195
-121
33
-7
251
-377
289
206
-677
704
-300
-283
510
-362
-5
224
-74
-121
169
-17
-220
170
-108
-125
137
-130
36
-57
88
-17
-102
197
-142
-53
199
-219
55
72
-96
-33
29
52
-210
116
25
-143
28
-17
-7
-153
155
-154
41
-86
125
-51
-134
333
-290
197
0
113
52
-152
412
-243
2
302
-231
195
116
-66
103
27
85
-93
195
-73
-35
203
-343
146
56
-247
49
-36
-82
-291
195
-98
-307
336
-204
-352
259
27
-417
282
227
-686
474
62
-582
570
9
-277
297
132
-183
30
456
-237
30
256
-294
154
58
36
-30
-20
79
-163
30
25
56
-122
-7
122
-124
-29
47
4
-288
304
-25
-236
417
-178
141
114
224
190
-321
534
-99
-101
501
-256
153
-74
120
-47
-13
487
-389
65
337
-344
109
-122
-52
18
-294
233
-362
-382
293
-456
-50
113
-73
-154
-176
239
-478
-137
365
-305
43
-138
-133
199
-2
65
-120
219
-31
-52
224
1
131
85
-61
30
351
227
-227
138
24
98
252
77
-126
24
-112
-304
250
48
-450
103
16
-504
4
24
-192
105
-83
-359
-164
151
-241
-35
37
-118
44
-186
238
-1
290
122
-233
458
-8
-31
202
216
-18
-45
468
-363
201
306
-528
244
174
-305
35
44
-347
176
53
-331
108
-183
-25
-120
44
-28
-131
254
-233
194
64
-202
511
-196
-96
411
-197
369
130
-153
211
-38
-28
125
9
-64
48
31
-248
187
-167
-301
234
-272
-132
136
-106
-150
-96
-35
-264
73
114
-263
-69
190
271
-471
308
261
-295
371
49
-30
-15
54
48
-301
320
-62
-231
183
60
-27
166
94
-197
77
-39
-194
-2
-22
-283
24
-83
-201
134
-110
168
215
-88
57
148
68
-196
143
83
-183
117
121
-178
49
274
-92
29
315
-254
-43
277
-94
7
5
-268
-256
55
-49
-71
92
-73
-312
-90
171
-8
-192
-36
119
-332
136
-178
-65
341
-157
-16
38
80
174
36
-67
224
101
226
151
41
336
-163
-32
113
72
162
212
188
10
212
83
-97
47
75
-235
-139
38
-29
49
-80
-235
-313
-277
-301
-103
69
-56
76
-46
-394
-259
-231
-190
253
192
-53
83
9
-152
41
201
91
128
176
264
348
213
193
52
-136
184
-159
38
299
-126
-272
-74
-64
-168
143
-133
-105
26
-77
-382
-326
-87
-331
27
130
-16
182
-72
8
11
110
245
292
393
51
-28
95
326
642
222
-110
-72
-188
-42
200
479
473
114
-325
-765
-698
-33
47
158
374
-11
-388
-691
-814
-655
-223
-111
-46
290
-2
-156
-32
-379
-61
49
-68
356
321
442
336
99
150
-157
-134
69
391
486
471
288
-4
0
-330
-419
-94
-3
228
-21
-236
-118
-486
-560
-271
-260
167
346
140
11
-97
-123
-278
296
252
123
427
136
245
357
281
238
579
370
-245
73
154
177
276
260
248
99
-93
-668
-681
-238
-10
119
194
-14
-355
-753
-1020
-770
-222
-59
-38
325
59
-552
-461
-404
-213
329
346
175
432
393
18
75
423
345
272
205
182
531
402
158
41
146
33
18
99
-68
-55
-229
-500
-116
-36
-240
-288
-282
-328
-570
-436
-260
82
178
-68
-181
-70
79
48
146
304
298
464
500
642
874
391
-366
-311
291
315
548
800
499
511
-29
-1115
-966
-93
69
209
542
-126
-658
-1035
-1490
-986
-223
-164
-44
340
-75
-721
-672
-604
-264
196
60
352
932
606
27
93
141
7
366
455
764
1333
749
-48
-84
1
-244
-25
437
450
195
-217
-777
-683
-402
-545
-369
233
146
-424
-774
-856
-497
-73
-114
111
583
309
-141
-152
-53
84
281
676
981
1150
1184
-26
-678
-168
-79
162
1061
1265
907
308
-887
-1819
-939
36
94
813
1046
-314
-1258
-1710
-1867
-1018
122
78
117
652
-444
-1183
-821
-1052
-443
497
380
792
1404
519
-278
149
-54
-72
686
741
1171
1772
601
-530
-88
-22
-313
377
741
205
148
-369
-1247
-682
-353
-709
-132
426
-119
-633
-660
-803
-460
-79
-307
173
672
100
-94
40
-148
-174
304
517
975
1634
1097
780
244
-954
-896
92
715
1486
1618
727
-56
-736
-2329
-1978
305
893
760
835
-417
-1602
-1910
-2143
-1710
359
759
-2
727
231
-1305
-1469
-1258
-599
852
990
655
1559
1202
-511
-756
-231
401
1257
1317
1153
1407
441
-1004
-845
161
259
268
655
302
-127
-499
-1596
-926
172
-271
-243
341
-9
-854
-1066
-891
-443
150
-218
-155
736
425
-253
-286
43
195
488
723
896
1539
1207
219
1071
578
-1357
-770
407
1000
1739
1475
72
-39
-408
-2918
-2375
835
1274
676
952
-571
-1984
-2161
-2467
-1465
1137
1201
16
923
218
-2009
-1999
-1165
-198
1335
1361
554
1423
1130
-1241
-1178
262
608
1142
1578
1252
1534
862
-1683
-1924
310
490
263
1281
810
-480
-1132
-1954
-1778
-123
283
-34
909
795
-1060
-2054
-1516
-402
476
334
-31
462
311
-892
-774
218
380
430
606
609
915
803
284
857
2003
671
-2096
-1486
350
1014
1186
1167
484
449
-483
-3233
-2508
1037
1314
479
1025
-45
-1827
-2541
-2593
-1184
1244
1338
277
1167
782
-1982
-2227
-772
419
1719
1649
621
1552
1251
-1382
-1130
890
958
1176
1664
1124
1057
415
-1653
-1170
1123
392
-465
736
395
-1147
-1347
-1439
-1157
388
216
-1141
470
1295
-1038
-1580
-320
-137
62
344
102
338
465
-574
-753
385
540
438
554
590
552
60
-309
940
2368
1837
140
-1951
-1968
-460
567
1052
1705
1250
-347
-1447
-2556
-2925
-338
1653
1430
1347
277
-2060
-2691
-2003
-1422
104
1449
970
862
797
-1406
-2217
-808
161
1033
2176
1588
949
748
-975
-1855
40
1101
1016
1770
1472
385
-32
-1272
-1475
560
1630
378
-360
-11
-1471
-1927
-626
-536
-226
487
-160
-348
20
-751
-1584
-360
1173
717
188
-173
-351
-313
-864
-303
787
1060
873
517
73
-696
-679
-33
920
2712
2728
1159
-145
-2664
-3083
-976
1167
2195
2122
816
-649
-1112
-2771
-3722
-200
2662
2326
1764
57
-2274
-2779
-2625
-2252
205
2354
1594
1308
1212
-1736
-3304
-1789
121
2001
3188
1853
662
463
-1437
-2564
-382
1435
1731
1923
1321
243
-551
-1791
-1982
497
1974
1052
175
-620
-1689
-1887
-1239
-1059
-80
1029
172
285
353
-1571
-1877
81
1404
1245
804
-71
-807
-268
-524
-738
658
1561
1353
701
-388
-1294
-1164
-137
1201
2819
2494
1250
-149
-3443
-3718
-725
1320
2277
2592
724
-874
-1106
-3559
-4633
348
3980
2975
1970
-151
-3113
-3276
-2541
-1960
977
3423
1956
1108
646
-2594
-3828
-1515
1162
3279
3979
1712
-22
-153
-1829
-2584
9
2001
2099
1901
781
-646
-1280
-2311
-2139
1377
3037
1166
3
-1008
-2461
-2638
-1917
-1316
275
1922
769
6
-112
-2347
-2371
1044
2826
2120
1066
-426
-1538
-682
-627
-993
1287
2557
1592
583
-865
-1792
-1342
-2
1746
3249
2703
810
201
-2614
-4870
-1994
1513
3060
3384
1284
-1454
-1283
-2193
-5230
-1772
4219
4344
2204
237
-3072
-3769
-2494
-2067
8
3841
3279
634
357
-1878
-4303
-2643
734
3084
4246
2315
-774
-902
-1098
-2587
-1203
1803
2756
2492
1050
-1201
-1905
-1990
-1940
757
3399
2121
-135
-1480
-2466
-2537
-1258
-164
522
2065
1399
-665
-924
-1871
-2068
981
3187
2188
558
-471
-1674
-1193
-138
-420
984
2619
1526
-263
-1527
-2231
-1464
400
1910
2779
2603
855
-341
-2718
-4848
-2119
1767
3467
3254
1070
-1653
-1723
-2131
-4567
-1688
4239
5104
2280
-419
-3461
-3917
-2221
-1375
269
3623
3598
791
-370
-2103
-3882
-2242
1392
3806
4209
1921
-1391
-1772
-1368
-1960
-724
1962
3044
2220
180
-1925
-2309
-1832
-1078
1032
3077
2100
-636
-2225
-2702
-2339
-733
426
935
1938
1189
-1063
-1768
-1921
-1361
1501
3562
2049
-36
-944
-1860
-1265
34
309
1281
2511
1341
-1037
-2258
-2174
-977
1070
2549
2892
2097
585
-602
-3477
-4587
-1102
2657
4125
3169
61
-2297
-1500
-2318
-4392
-366
5312
5277
1823
-1830
-4542
-3466
-1434
-867
958
4035
3257
288
-1444
-3150
-3383
-996
2084
3928
3742
651
-2483
-2303
-1241
-905
295
2145
2797
1870
-374
-2523
-2471
-1054
357
1963
2766
1116
-1640
-2950
-2727
-1557
465
1334
863
1387
523
-1809
-2429
-1671
96
2882
3638
783
-1458
-1577
-1762
-1001
656
1466
2022
1832
-21
-2093
-2638
-1548
197
2128
2942
2503
1117
-140
-1510
-4422
-3560
1006
4180
4079
1518
-1988
-2286
-746
-3064
-3883
1983
6352
4460
-97
-4265
-4864
-1708
-311
-444
1823
3959
1883
-1000
-2649
-3548
-2344
550
3137
4117
2641
-1177
-3236
-2019
-274
342
1219
2505
2594
574
-2155
-3181
-1804
447
2067
2796
2146
-172
-2830
-3681
-2305
220
1904
1093
463
627
-1081
-2627
-2057
-310
2363
4307
2173
-1535
-2107
-1688
-1538
318
1902
1862
1680
506
-1709
-2800
-1677
160
1760
3090
3025
1396
56
-1502
-4770
-3768
1199
4380
4271
1770
-2053
-2899
-1234
-3103
-3807
1897
6710
5111
28
-4891
-5730
-2145
119
380
1781
3553
1997
-1096
-3444
-3900
-1874
1065
3790
4541
2591
-1326
-3646
-2767
-287
1199
1878
2724
2723
336
-2917
-3859
-1779
1469
3073
2637
1523
-502
-2995
-4044
-2590
604
2864
1635
163
-91
-1318
-2804
-2302
103
3143
4623
1809
-2271
-2516
-1352
-1171
110
2239
2681
1705
-164
-2406
-3081
-1617
499
2040
2969
2808
910
-402
-904
-3880
-4174
641
4717
4653
1535
-2714
-3388
-430
-1650
-3802
825
6401
5951
438
-5371
-5935
-1254
1092
617
1340
2970
2038
-1095
-3888
-3772
-1043
1247
3218
4029
2265
-1588
-3815
-2743
-75
1694
1598
1787
2441
497
-3256
-4462
-2029
2026
3984
2676
728
-796
-2991
-4038
-2273
1000
3454
1989
-391
-752
-1428
-2636
-2295
530
3989
4869
1127
-3191
-2880
-578
-165
335
1736
2586
1890
-568
-2919
-3061
-851
1120
2206
2519
2028
587
-248
-702
-3528
-3500
582
4368
4554
1142
-3369
-3401
-122
-1576
-3641
644
5917
5567
2
-6039
-5805
-188
1772
532
922
2426
1612
-1239
-3943
-3219
-115
1620
2766
3244
1733
-1665
-3410
-2056
991
2155
1108
1099
2041
695
-2875
-4357
-1769
2595
4001
1640
-716
-1526
-2568
-3280
-1560
1249
3028
1615
-829
-1622
-1815
-1890
-1023
1237
3899
3887
-180
-3261
-1896
227
378
842
1563
1816
1140
-1132
-2787
-1598
652
1396
1247
1121
907
309
140
482
-1427
-3207
-935
2192
3436
1520
-2035
-2792
632
501
-3601
-2321
3454
5928
2191
-4094
-5955
-1080
2114
190
-1011
895
2387
810
-2445
-3093
-372
1182
1482
2146
1962
66
-2179
-2344
79
2116
908
154
1598
1686
-1101
-3291
-2514
1095
3700
2132
-204
-570
-1490
-2871
-2052
114
2278
1969
-400
-1543
-1202
-1366
-1499
158
2680
3281
561
-2475
-2119
92
681
528
686
1224
1335
-289
-2273
-1795
487
1454
831
319
257
526
1061
1146
-222
-2754
-2098
750
2860
2281
-694
-2469
-83
1265
-2654
-4000
732
5538
4866
-1397
-6184
-3407
1738
1274
-719
-279
1961
1950
-1469
-3952
-1817
1144
1604
1979
1885
681
-1269
-2421
-1210
1732
1816
171
869
1854
-135
-2835
-3112
-263
3415
3123
6
-820
-772
-2055
-2431
-806
1515
2411
609
-1744
-2090
-1453
-927
140
1894
3033
1386
-1498
-2054
-316
604
733
1050
1042
733
-259
-1733
-1778
489
1718
887
-153
-158
78
906
1269
791
-615
-2359
-1542
365
1806
1073
-397
-817
694
-309
-3963
-2641
2664
5822
3032
-3044
-5572
-1261
1868
54
-915
1036
2936
1347
-2851
-4219
-497
2088
1993
1926
1213
-282
-1703
-2262
-525
2192
1516
275
1187
966
-1588
-3063
-2114
1398
3973
1902
-805
-1057
-1464
-2286
-1486
134
1988
2055
-379
-2238
-2068
-1641
-604
1410
2856
2086
-510
-2382
-1570
302
649
800
1136
1162
328
-1295
-2175
-551
1776
1525
246
-637
-579
213
1066
819
928
-174
-2376
-1948
-396
977
1297
815
-138
368
-1596
-4639
-2120
3018
5293
2369
-2799
-4797
-1150
345
-1291
-359
2415
3418
781
-3838
-4416
-42
2351
2299
2319
1162
-806
-2133
-2657
-272
2815
2038
891
1397
-80
-2520
-2891
-1259
2549
4240
1218
-1516
-1476
-1959
-2346
-1033
476
2080
1758
-884
-2743
-2360
-1644
-131
2094
2812
1337
-1090
-2333
-1152
467
790
1092
1559
935
-449
-1918
-1798
617
2547
1705
234
-572
-819
-220
524
940
1501
1967
-698
-2875
-2481
-529
1931
2640
1089
-580
-653
-2724
-3372
-389
2991
4452
1773
-2660
-4003
-1520
-1325
-608
1939
3508
2734
-1070
-4838
-3401
1074
2371
2680
2478
617
-1478
-3209
-2814
1165
3759
2366
1201
253
-1647
-2555
-1906
710
4297
3863
-57
-2030
-2065
-2207
-918
554
1635
2367
457
-2498
-2900
-1713
-635
1390
2541
1648
-295
-2287
-2373
-417
915
1025
1496
1224
-127
-1736
-2203
-441
2081
2491
897
-154
-849
-944
-218
600
1622
2177
1357
-854
-2813
-2542
-558
2275
2896
1332
-786
-1165
-1512
-2429
-1523
1514
4145
2995
-1372
-4562
-3232
-784
246
1413
2551
2451
-241
-3744
-4024
-363
2315
2598
2478
971
-1296
-3161
-2935
330
3757
3114
922
93
-898
-2097
-2056
47
3641
4338
769
-2296
-2487
-1525
-343
461
1304
2249
945
-2013
-3104
-1981
-225
1558
2023
885
-633
-2115
-2505
-749
891
1280
1205
675
-434
-1434
-1826
-597
1722
2493
1313
-220
-1048
-809
57
481
1145
1499
1017
-136
-569
-664
-739
-63
509
1015
906
94
-852
-169
203
-667
-833
94
1213
1322
-364
-1696
-661
152
-481
-330
486
1294
862
-1226
-2210
-710
400
416
894
834
270
-720
-1682
-940
882
1227
848
1027
392
-755
-1381
-846
1147
2264
1067
-355
-582
-640
-537
-234
352
1229
898
-558
-1267
-891
-345
380
745
415
-283
-1159
-1355
-546
197
232
191
84
-421
-778
-763
47
909
768
-21
-280
-77
-10
23
52
466
778
426
-270
-322
82
585
772
167
-317
-139
396
548
419
-22
30
233
-270
-789
-264
663
913
311
-623
-733
-351
-273
-186
342
656
51
-1000
-1438
-779
32
287
233
192
-252
-884
-1144
-351
793
1149
608
-33
-406
-677
-512
101
942
1368
860
-245
-773
-557
55
810
1128
857
312
-263
-763
-675
-84
520
839
488
-435
-919
-750
-407
145
648
629
173
-483
-954
-614
89
348
334
289
34
-292
-512
-405
163
565
499
242
72
22
64
116
162
203
50
116
343
479
407
178
-129
-283
-169
56
512
627
225
-309
-509
-544
-497
-251
192
602
371
-518
-1249
-1037
-267
330
473
227
-99
-381
-662
-757
-377
302
833
780
152
-600
-814
-358
268
678
790
616
224
-137
-338
-202
144
371
415
294
1
-334
-471
-262
157
255
-54
-192
-114
-143
-247
-275
-65
165
-35
-378
-337
32
48
-217
-328
-94
173
-24
-256
-87
147
191
21
-113
53
257
258
291
417
320
-30
-163
31
341
470
329
337
158
-201
-459
-205
230
507
385
29
-157
-439
-810
-692
39
555
427
-322
-821
-687
-344
-239
-184
209
389
106
-435
-696
-422
19
288
371
393
176
-159
-165
111
348
273
95
191
252
51
-285
-246
221
486
172
-209
-131
-19
-35
-114
-91
124
120
-193
-288
-36
98
-45
-221
-173
-24
-66
-165
-62
121
48
-180
-215
-64
170
224
177
207
194
-5
-176
-110
88
292
259
178
152
57
-73
-66
4
66
227
239
193
129
-36
-166
-115
30
89
87
0
-38
-91
-195
-212
-151
-37
76
-17
-265
-327
-300
-272
-137
72
229
262
36
-187
-202
-97
45
201
294
268
187
-111
-228
-29
120
124
134
217
217
153
-8
-92
34
96
-17
-179
-171
-43
-50
-149
-217
-221
-222
-278
-263
-47
141
120
-44
-100
-71
-44
-15
12
188
287
131
-44
10
148
193
190
159
190
153
-25
-109
20
249
301
145
-78
-206
-243
-235
6
246
240
85
-113
-216
-244
-246
-136
211
512
320
-144
-368
-258
-50
27
89
282
385
100
-272
-339
-132
126
172
97
4
-125
-229
-247
-119
71
115
6
-26
40
-17
-118
-23
105
118
24
-97
-120
-35
44
33
10
-2
-53
-70
-29
21
7
-16
44
104
96
2
-7
82
71
-67
-162
-104
-16
31
-39
-108
27
105
5
-82
-48
84
182
102
-36
-49
9
-7
-52
-36
69
87
-67
-116
-14
5
-61
-76
-16
66
-8
-174
-156
-2
64
74
47
94
171
24
-145
-101
97
233
246
135
15
-20
-131
-213
-136
-19
103
143
45
-110
-201
-245
-131
108
166
70
-18
-74
-53
-32
-76
-22
113
144
16
-115
-100
45
167
214
269
269
131
-42
-90
-26
61
67
57
53
2
-151
-230
-110
39
107
71
35
56
31
-112
-208
-115
57
91
-25
-155
-151
-64
-55
-38
-14
-25
28
26
-73
-60
-2
-37
-66
-48
-40
-10
47
9
-20
-26
-25
27
99
145
125
48
-4
85
71
-71
-113
-20
103
150
26
-150
-145
-94
-112
-101
-37
25
73
43
-71
-121
-95
-29
70
67
-20
-83
-67
24
71
37
36
79
84
61
15
3
78
149
95
32
2
-72
-78
-12
28
48
21
-38
-13
50
34
-31
-27
36
44
-29
-105
-83
-39
-46
-154
-181
-40
40
-71
-218
-164
-27
5
-39
-63
-1
54
-23
-168
-179
-59
47
107
136
149
72
-33
-46
30
85
74
69
119
165
69
-75
-114
-24
56
43
26
57
131
122
9
-73
-21
105
120
41
-33
-77
-69
-16
14
5
0
2
1
-4
-59
-112
-71
16
79
90
20
-51
-23
-8
-66
-45
32
109
127
26
-83
-66
41
141
179
129
27
-21
-10
-21
-16
26
85
99
-21
-202
-240
-113
12
35
-53
-90
-54
-92
-178
-195
-120
33
112
53
12
0
-52
-56
26
60
116
179
147
97
12
-101
-81
19
47
9
-46
-63
-64
-114
-200
-171
-51
9
23
-12
-38
17
24
-3
2
33
80
68
4
-1
53
49
22
-8
-6
75
97
47
72
93
41
20
51
100
102
36
-46
-43
19
67
102
107
138
137
94
77
75
106
161
215
192
67
-66
-114
-72
4
23
31
22
-40
-146
-286
-297
-162
-44
-37
-34
-45
-98
-155
-209
-187
-105
-12
33
15
-14
-61
-86
-17
91
135
115
86
74
73
76
29
10
34
30
20
3
-7
-4
-1
-20
-48
-30
-1
5
1
-32
-50
-21
-6
6
-2
2
-1
-43
-81
-110
-90
-46
-14
-33
-74
-108
-114
-90
-24
40
51
29
15
-19
-30
11
70
138
154
116
57
31
34
82
110
96
81
77
71
37
-19
-51
-7
70
72
-37
-134
-151
-100
-70
-105
-118
-83
-68
-103
-169
-212
-183
-96
-58
-32
-24
-68
-51
-11
-15
-11
-12
-42
9
71
57
23
25
45
50
65
43
39
38
53
118
100
23
-24
-23
37
71
28
-12
10
29
-47
-101
-39
60
64
-38
-91
-62
-6
-3
-56
-59
8
39
-37
-73
19
94
82
20
-1
65
114
87
46
35
52
74
54
31
64
56
16
21
36
32
4
-24
-3
16
-9
-53
-66
-69
-68
-70
-110
-108
-63
-44
-40
-69
-93
-64
-9
24
4
27
68
93
66
8
17
90
139
140
135
105
73
41
22
59
130
101
16
-14
1
37
12
-53
-56
-28
-37
-64
-88
-79
-35
-52
-100
-109
-107
-89
-81
-103
-123
-114
-88
-37
-29
-50
-39
-33
-67
-86
-47
14
63
60
16
14
79
100
80
65
88
130
126
88
76
74
51
44
49
29
24
31
39
31
-10
-65
-61
-17
15
19
4
-12
-66
-103
-88
-67
-63
-39
0
35
24
-33
-58
0
57
36
33
64
66
35
1
0
43
32
-53
-34
63
84
27
-8
17
53
20
-88
-110
-37
8
-22
-47
-34
-38
-59
-88
-71
-19
-1
-28
-42
-25
-17
-55
-76
-39
-1
3
-25
-35
1
49
49
18
19
43
51
40
16
18
40
35
35
45
33
6
7
4
-7
-25
-41
-20
3
2
-15
-28
-31
-69
-101
-95
-50
-8
-18
-30
-34
-41
-39
-45
-27
34
79
76
46
27
26
34
56
74
76
77
74
73
72
28
-20
-4
39
76
66
41
29
33
22
-9
-15
-6
10
10
-3
-6
-31
-47
-39
-16
3
-4
-28
-27
-6
10
4
-15
7
19
-14
-35
-21
-18
-15
-11
2
21
-12
-52
-58
-25
15
18
5
3
21
6
-39
-60
-23
30
53
39
34
47
40
19
-3
6
41
47
0
-18
4
12
-12
-43
-47
-20
-1
-9
-20
7
37
35
3
-20
-24
-14
-5
-6
-8
-27
-30
-12
-7
20
26
13
-2
-16
-22
-23
-12
2
1
-18
-38
-60
-82
-66
-22
-1
11
1
-15
-23
-19
2
32
53
58
55
34
12
10
24
50
68
66
39
27
19
3
20
44
70
69
22
-18
-27
-24
-36
-19
11
13
14
-25
-71
-82
-67
-44
-20
-12
-16
-27
-65
-80
-60
-13
22
40
27
-19
-51
-74
-54
-6
17
16
7
-4
-20
-34
-27
13
62
79
60
41
38
18
29
42
53
58
40
28
12
-5
-21
-18
8
34
29
3
-24
-24
-25
-38
-26
-6
2
-11
-54
-71
-74
-73
-64
-49
-31
-38
-51
-64
-65
-52
-37
-36
-13
8
13
-3
4
24
37
52
54
69
83
85
62
65
87
98
93
80
58
42
35
36
40
48
65
75
56
13
-37
-61
-67
-60
-31
-13
-8
-38
-75
-83
-65
-58
-53
-37
-32
-41
-63
-77
-65
-31
-8
-5
-3
3
4
-3
19
29
43
50
33
26
15
15
20
35
43
52
45
14
12
11
6
8
-4
-4
-8
-14
-18
-27
-15
-17
-17
-20
-13
-9
-12
-12
-22
-21
-25
-27
-16
1
18
29
23
1
-7
8
23
16
30
56
51
24
-14
-19
23
51
42
17
-8
-17
-31
-35
-25
-15
0
-9
-30
-43
-54
-68
-47
-15
-1
4
-27
-49
-63
-65
-48
-26
-3
9
32
48
46
19
-26
-80
-83
-44
17
134
203
171
110
15
-97
-146
-96
-6
155
250
193
84
-35
-125
-144
-113
-42
63
137
96
35
-25
-91
-132
-164
-114
-37
16
59
72
38
-39
-94
-109
-113
-89
-24
54
94
85
45
3
-47
-69
-52
8
44
21
31
108
142
3
-113
47
173
-11
-244
-185
105
178
6
-30
122
106
-115
-206
-75
82
37
-66
59
252
164
-155
-293
-170
-21
14
51
166
148
33
11
24
-74
-202
-57
159
136
40
51
131
33
-194
-214
24
150
14
-27
103
168
-25
-266
-186
19
47
-44
-20
121
101
-31
-66
-40
-81
-124
-29
97
113
59
51
50
-43
-96
-42
44
36
1
97
213
117
-125
-161
-42
3
-80
-97
111
235
152
-4
-84
-65
-124
-154
-60
94
121
31
35
10
-68
-165
-146
23
70
35
45
100
55
-72
-131
-69
-24
-91
-58
75
163
102
-43
-56
-18
-36
-95
-56
67
115
74
17
8
-15
-60
-74
-35
8
-8
-1
46
43
-17
-30
-4
-30
-47
-42
33
93
53
-4
-33
27
7
-80
-61
11
72
65
8
-47
-64
17
86
42
-83
-9
198
130
-167
-242
-13
156
94
-81
-42
82
-6
-197
-96
183
129
-131
-145
118
225
-21
-282
-158
160
164
-52
-72
41
28
-28
72
103
-70
-99
82
201
126
-33
-8
117
-41
-184
-42
127
201
58
-40
125
66
-270
-413
-80
253
132
-83
-105
7
-12
-162
-183
-44
10
-40
-15
64
53
61
-53
-181
-230
-107
11
70
339
261
87
-19
-254
-151
-9
123
238
217
124
-7
22
-10
-132
-83
2
35
166
85
-57
4
-122
-106
-95
-184
-50
75
186
72
11
-6
-96
-110
-194
-119
98
84
112
84
52
41
-111
-76
-65
151
278
26
151
219
65
-51
-71
-16
0
-77
-278
-114
186
221
188
114
132
-91
-322
-358
-365
2
254
208
250
96
-273
-287
-332
-328
-68
53
218
421
271
-260
-109
-243
-484
-31
-119
151
474
315
170
61
-71
-405
-296
-160
-41
436
484
315
-7
-284
-295
-432
-151
46
286
481
211
-111
-317
-401
-222
270
12
133
227
-210
-296
-172
-10
-25
372
218
-155
-74
-293
17
289
219
257
-36
-171
-145
-6
-9
358
447
1
54
-324
-126
-150
-16
289
242
338
116
-428
-645
-80
-38
-147
375
397
-64
-128
-123
-464
-161
319
-58
-67
106
-6
87
-53
-13
-76
107
-260
13
137
-12
691
193
-129
-127
-30
-356
-94
469
39
400
298
-451
-299
-286
-192
128
313
392
-44
-15
-175
-388
-184
-139
477
136
150
467
-278
-189
-157
-404
-97
-87
278
198
429
332
-227
-247
-431
77
94
-173
450
165
-139
-32
-273
-346
71
407
-247
162
472
-567
282
31
-525
242
137
245
36
96
-281
-112
327
-281
207
194
15
207
-349
-158
-70
109
41
-190
415
-236
-179
92
-241
-179
331
3
-285
666
-112
-147
166
-288
-207
-54
192
-166
185
273
-360
-13
89
-318
-38
152
-452
219
134
-238
567
-299
-118
147
-319
-253
104
447
-355
684
333
-524
423
22
-222
-343
560
-185
-6
578
-392
96
-94
-19
-43
-359
87
-197
153
-70
-34
174
-272
51
-115
-410
-1
340
-97
183
105
-24
-15
-106
-47
-118
-23
256
380
-219
111
153
-420
197
-59
-189
213
106
123
-217
81
88
-422
572
-237
-18
271
-636
190
-120
48
45
-184
282
-331
147
278
-734
383
183
-343
430
-74
47
183
-225
-356
-22
233
-19
458
286
-351
76
-203
-70
130
170
-14
-133
275
-256
-43
54
-84
-27
-118
14
125
21
90
227
-445
-99
-211
110
75
-73
702
-468
134
-22
-679
374
34
501
-337
109
369
-737
296
-102
-182
358
-158
127
-83
-98
24
-338
181
102
-183
176
-28
81
41
-340
-30
-63
54
14
148
-276
166
324
-727
47
-10
-232
358
-43
59
-7
331
-463
-281
318
-401
534
-19
-56
314
-144
66
-205
539
-390
209
609
-681
606
74
-460
102
224
-431
-214
449
-105
-190
202
127
-203
-68
103
-412
195
393
-323
-4
-7
95
-181
-86
70
-30
293
-558
450
-24
-476
952
-471
-168
512
-246
21
22
206
-155
-242
533
-280
-167
262
-135
-213
146
87
-215
-6
295
-329
-49
-198
-56
8
-127
613
-544
213
217
-193
138
-315
663
-335
18
606
-915
451
160
-398
37
407
-189
-13
366
-210
-169
233
32
-511
317
47
-325
655
-216
-202
357
-624
223
-32
-101
410
-149
103
-213
278
-208
-344
369
-232
278
-158
170
-63
-181
430
-713
322
267
-264
431
-335
192
69
-262
314
-148
35
47
-53
135
-207
291
-4
-426
527
-520
257
132
-300
605
-511
280
-195
-463
417
-140
210
-231
264
161
-532
218
-149
-204
489
-63
-162
286
20
-9
-496
530
-150
-168
585
-655
534
-130
-355
383
-459
545
99
-585
208
-215
-94
-36
148
186
-132
210
-229
-231
-41
47
60
26
-104
231
-240
117
221
-519
613
-233
-279
426
-515
440
-88
-140
468
-593
519
-539
-197
423
-157
14
252
268
-519
411
-304
-479
514
-134
104
-47
314
-367
-86
141
-590
491
-401
197
156
-290
39
-217
159
-276
109
105
-65
111
101
-222
-74
505
-563
198
426
-575
521
-103
-124
554
-338
237
86
-295
349
-254
-8
522
-506
362
-118
-181
153
-302
451
-433
381
-62
-602
661
-488
-19
224
-258
149
-171
179
-363
305
74
-368
487
-75
-75
-45
45
-62
-120
422
-368
267
184
-403
375
-74
19
306
-336
408
34
-445
612
-629
262
238
-393
390
-175
114
-111
-27
-45
-113
255
-161
41
-59
62
-237
168
-83
-187
285
-171
69
-63
-55
128
-366
415
-234
-171
507
-588
372
-56
-100
90
-296
590
-541
159
309
-480
436
-154
76
-263
363
-290
-137
523
-647
704
-396
65
254
-497
277
-204
299
-128
63
283
-388
204
-79
-32
-43
343
-63
-283
521
-400
169
-50
7
118
-317
452
-604
426
-119
-268
416
-565
379
-126
-309
381
-323
72
-77
-35
132
-257
420
-364
11
176
-233
94
-57
192
-131
257
9
-244
376
-151
-99
262
-213
70
383
-537
456
-154
-78
225
-220
112
-20
121
-213
120
136
-365
231
-38
-292
345
-199
159
-47
60
37
-352
328
-270
-135
414
-281
-67
318
-294
-177
530
-625
263
172
-462
460
-336
302
-119
-81
213
-335
274
-287
251
-84
-146
438
-428
152
-9
48
-280
234
181
-505
333
-131
-2
-92
112
-36
-306
427
-266
-136
402
-241
126
-123
-26
208
-187
227
-125
154
3
-164
173
-196
80
-29
181
-382
243
271
-685
682
-306
-111
287
-419
372
-362
226
70
-234
173
-258
413
-589
471
180
-491
655
-185
-250
406
-112
-137
201
-63
68
-20
118
-70
-84
335
-470
384
-102
-146
419
-700
543
-383
-26
384
-431
359
-377
259
-97
-101
373
-374
210
-71
-44
-58
60
-24
81
-88
38
212
-396
413
-21
-261
448
-381
203
-138
108
110
-248
363
-399
169
50
-197
286
-217
252
-161
214
-288
214
-43
-395
470
-534
541
-366
129
99
-373
512
-564
268
27
-304
586
-716
507
-161
-237
218
-221
294
-217
235
28
-425
605
-424
61
233
-219
276
-185
226
-305
233
-26
-334
538
-388
160
141
-159
132
-94
186
-350
346
-64
-276
386
-324
300
-303
161
-8
-168
307
-358
260
-100
-48
64
-41
-131
64
98
-400
371
-27
-442
400
-27
-326
396
-52
-337
461
-218
-207
319
-115
-149
209
-10
-124
28
227
-328
289
150
-380
300
-56
-113
111
-56
-29
106
-47
-2
-103
140
-98
-110
453
-516
272
128
-479
439
-250
17
260
-276
316
-221
-104
241
-134
-74
204
-109
87
-113
127
-91
-222
464
-311
-32
434
-480
238
-24
-120
38
72
66
-162
292
-182
-160
460
-585
408
-27
-358
364
-229
248
-346
400
-122
-273
563
-511
125
172
-229
215
-256
290
-283
6
320
-590
475
-42
-241
358
-250
0
73
-142
33
-71
65
33
-174
146
38
-69
203
-184
142
-68
34
126
-271
314
-145
-78
195
-213
100
190
-329
267
51
-302
414
-291
-15
215
-230
327
-408
447
-149
-415
898
-995
457
189
-525
534
-245
-17
-48
21
-10
-184
271
-162
49
79
-144
58
17
-93
172
-2
-164
253
-230
51
42
-106
31
-128
411
-563
394
-148
-296
524
-503
325
-253
230
-29
-393
564
-398
-32
518
-565
162
439
-639
336
158
-347
218
160
-220
15
274
-236
-93
362
-182
-297
597
-475
28
349
-377
131
86
0
-26
23
160
-294
134
95
-337
328
15
-277
239
-17
-250
166
99
-258
130
46
-131
-190
393
-269
-70
301
-233
-29
79
8
-179
224
-81
-76
200
-233
77
4
-145
186
-94
203
-290
393
-108
-200
399
-307
148
-184
264
-251
-52
304
-312
59
88
17
-130
130
155
-293
131
25
-42
-287
354
-116
-97
201
-208
245
-247
151
140
-333
311
-1
-121
-152
423
-371
-188
654
-506
180
139
-48
-73
-89
337
-524
250
312
-639
417
-23
-273
120
-9
-256
320
-18
-169
185
-118
149
-207
238
-217
22
366
-510
428
-123
-154
362
-397
412
-271
76
242
-480
541
-349
36
271
-226
103
-46
44
28
-126
135
-119
-28
147
-203
113
-164
256
-210
-84
448
-405
18
548
-678
271
117
-353
110
-14
209
-430
499
-152
-228
432
-510
403
-230
58
83
-229
273
-351
351
-261
-149
647
-744
290
336
-796
745
-259
-188
336
-320
392
-406
127
190
-400
364
-174
-116
173
-112
140
-242
181
45
-236
335
-190
-9
27
-43
74
-248
144
32
-164
253
-74
-12
60
118
-207
132
68
-246
307
-157
-89
294
-295
-4
298
-378
219
-78
74
-100
99
88
-212
234
-126
-114
213
-193
185
-317
311
-142
-58
383
-552
400
-167
-41
148
-274
318
-223
180
-89
-36
243
-493
647
-537
59
305
-560
533
-253
-19
178
-162
216
-135
35
123
-208
268
-194
-103
415
-352
36
159
-48
-82
227
143
-515
580
-119
-403
352
-154
5
-14
131
-87
-53
161
-196
182
-201
253
-94
-222
417
-429
131
-76
-30
98
-202
317
-445
443
-219
-235
480
-552
278
220
-427
307
18
-155
46
9
46
-294
363
79
-582
682
-327
-158
480
-450
292
-81
255
-47
-235
558
-560
241
211
-542
424
-203
46
-44
-41
165
-290
401
-95
-333
610
-424
20
298
-241
-31
74
118
-471
358
99
-453
484
-149
-131
61
94
-91
-242
471
-388
-94
382
-421
129
1
-36
84
-166
251
-246
180
-13
-92
199
-373
548
-497
107
248
-389
458
-453
349
12
-431
602
-454
-23
292
-204
-97
143
209
-440
403
73
-517
454
-135
-234
248
-92
38
7
132
-114
-50
180
-139
-37
105
-53
38
-112
70
-134
67
21
-110
134
-107
143
-87
16
-24
26
-45
-19
3
75
-140
130
17
-231
447
-363
82
239
-353
276
-262
103
-44
-132
379
-480
382
-56
-192
375
-391
404
-207
-103
391
-453
145
70
-66
-182
286
-171
-185
354
-184
136
-160
286
-129
-172
488
-568
349
-73
-121
208
-386
394
-175
-126
293
-168
-23
61
64
-187
108
148
-363
238
-1
-211
144
45
-283
355
-77
-213
335
-277
83
-3
-38
50
-71
210
-146
-40
205
-175
-29
166
-259
177
27
-110
111
-39
40
-116
254
-202
-62
453
-578
286
38
-371
342
-221
166
-235
138
59
-279
255
-108
-89
94
12
-135
59
-5
62
-87
120
42
-53
305
-212
230
68
-360
680
-486
-3
549
-727
499
-56
-229
285
-254
173
-275
211
-52
-229
336
-336
28
29
-120
108
-69
64
161
-377
491
-231
-269
619
-474
217
62
-110
25
-98
265
-303
101
170
-301
235
-63
-37
21
-35
83
-131
6
82
-264
157
21
-350
389
-97
-168
337
-262
155
-77
97
18
-191
282
-116
-68
83
96
-273
117
54
-209
121
-19
-85
-72
205
-199
128
118
-266
442
-337
-12
222
-1
-182
192
266
-658
551
110
-619
550
102
-389
203
135
-192
-90
248
-27
-388
373
-80
-431
394
-78
-139
176
-63
24
-109
226
-83
-149
485
-474
309
148
-443
365
-206
31
-212
402
-193
-311
748
-601
35
257
-241
-72
24
283
-548
348
223
-582
538
-203
-117
250
-192
79
-11
-9
21
-67
-10
-54
-49
-78
85
-168
56
29
-205
132
-68
-144
64
100
-209
132
35
-157
136
9
-63
50
97
-29
4
94
-140
72
-15
145
34
-94
282
-284
246
-62
-167
244
-277
159
-29
-47
128
-103
98
-141
71
32
-142
174
-43
21
23
115
-46
-87
314
-206
-16
336
-287
92
166
-136
18
16
60
-281
245
-36
-218
319
-260
26
116
-123
3
36
35
-131
69
86
-279
191
71
-375
357
-97
-130
241
-143
165
-156
191
-8
-352
573
-525
192
237
-346
298
-163
148
-166
135
70
-345
429
-266
-112
332
-321
47
21
-44
-25
-12
200
-192
77
131
-201
74
45
-27
-115
217
-146
-24
147
-228
94
-97
100
-112
96
48
-175
249
-277
39
103
-278
244
-22
-357
420
-360
28
239
-333
417
-293
201
114
-352
422
-304
39
81
-65
16
-27
155
-231
162
29
-181
232
-51
-41
139
-50
-111
214
-117
64
150
-274
396
-341
128
165
-412
389
-155
-64
136
-57
-21
-111
199
-271
79
68
-199
83
10
-41
-79
90
-91
67
-10
65
97
-118
292
-280
173
119
-253
304
-250
109
-6
-74
41
-120
120
-128
-15
54
-122
79
-8
-26
-41
56
-25
-123
99
-17
-65
96
-8
-94
197
-156
51
131
-224
240
-16
-164
184
-8
-150
100
164
-364
252
95
-282
238
-18
-96
-31
145
-65
-149
291
-114
-161
277
-180
-63
174
7
-147
162
69
-211
159
118
-261
153
91
-242
164
28
-101
-17
156
-94
-50
235
-218
71
152
-206
168
-146
112
-28
-17
137
-218
171
-74
-40
57
18
16
-101
208
-312
119
199
-444
316
-13
-319
180
59
-203
27
250
-419
95
254
-485
254
-40
-81
41
-4
95
-291
297
-183
-127
251
-235
180
-125
109
-46
-156
337
-402
202
135
-342
262
-31
-217
189
-46
-89
27
64
-34
-92
262
-192
-25
238
-227
25
169
-175
-6
141
-73
1
85
22
-48
18
203
-188
103
196
-267
178
16
-82
103
-35
108
-204
119
44
-183
170
5
-120
134
-130
172
-122
22
184
-266
282
-111
-72
128
-108
148
-163
98
92
-259
319
-172
-108
229
-230
20
73
-125
-1
27
-68
12
34
-56
68
-42
12
-23
-38
79
-134
86
-4
-106
115
-77
27
39
-4
-21
-19
74
-68
-9
77
-47
9
16
36
-50
13
91
-177
130
64
-136
57
45
-61
-55
163
-155
-2
176
-184
40
55
-77
-22
42
-34
-50
34
22
-67
21
23
-118
6
69
-163
103
7
-32
28
-26
64
-194
261
-78
-125
345
-274
92
147
-240
174
-84
5
64
-81
62
-8
-16
71
-23
-17
18
33
-44
26
43
-181
165
-42
-141
211
-143
3
95
-50
-70
85
-87
-61
103
-154
47
13
-95
97
-88
49
1
-14
92
-112
126
-54
38
-6
-27
81
-149
151
-83
-52
191
-182
118
-7
-60
40
-42
83
-59
61
-22
-81
76
-62
-47
67
-64
-26
81
-64
9
28
11
-37
22
30
-116
142
-45
-68
120
-132
34
42
-79
115
-66
39
50
-91
159
-95
53
44
-91
123
-99
-14
28
-94
57
-39
26
-28
76
35
-89
130
-77
-15
53
-50
-29
40
9
-48
55
61
-17
45
28
-61
8
39
-41
-53
34
-8
-34
71
13
-136
98
-39
-64
125
-65
13
6
34
7
-29
96
-35
-20
83
-26
-29
105
-29
-79
98
-11
-59
106
3
-83
144
-64
-50
113
-121
126
-9
-27
70
-128
55
-87
-27
6
-51
13
-4
52
-45
106
-28
5
132
-72
112
-29
11
48
-28
96
-94
39
55
-66
49
10
-30
5
17
-94
-12
26
-69
4
1
-91
41
9
-56
56
-43
-16
32
-20
-34
9
-20
-36
-10
48
-34
2
115
-96
41
56
-130
69
34
-53
54
27
-31
15
44
-98
43
-2
-38
29
3
-3
-31
15
-41
19
42
-39
-9
39
-70
34
1
-65
99
-61
44
1
-50
50
-29
10
24
-18
3
-3
-14
-15
-3
0
-22
11
10
32
18
61
24
4
13
7
-31
26
25
-32
20
-18
-9
-23
-10
26
10
33
-4
-9
-10
12
5
-18
-25
-26
-31
-26
14
-12
-1
-5
-27
-3
-14
25
16
-9
21
0
14
18
2
-7
-23
-5
-33
-4
-18
-22
12
-47
-13
-4
-76
16
-42
-24
-16
-30
-2
-56
36
-19
31
5
18
48
-19
36
16
31
27
31
4
0
14
-32
-12
-16
14
21
41
27
40
16
-13
13
-36
29
-20
16
2
-36
28
-39
-32
-5
-63
0
6
-12
13
7
1
2
32
-7
36
-7
6
-16
-8
32
-58
41
9
-48
36
-24
-5
16
-13
-9
-23
8
-42
-1
-19
-1
16
4
23
-13
39
-6
13
5
-25
-1
-39
4
-29
7
24
-31
21
7
-8
10
30
-11
39
48
-10
35
9
-29
24
2
-11
27
-18
-5
1
-9
44
-9
19
13
-24
26
-6
-5
-7
-11
-26
-18
-17
-14
10
1
12
-6
2
14
-29
2
4
-32
17
10
-15
2
-12
-37
-9
4
-16
11
13
-23
-10
-17
-19
-9
-19
-6
5
-4
15
-13
-1
21
-3
11
-8
-5
10
12
13
14
12
-21
4
-17
21
13
1
27
4
24
17
3
13
-1
-8
20
-8
2
-9
10
-17
-22
-19
-12
-1
6
11
5
23
0
-12
-4
3
6
16
-6
25
-7
3
-4
-33
18
-18
5
22
17
5
8
-4
-13
12
-13
18
18
-9
25
-7
10
23
-12
1
16
-4
5
-1
-19
-17
-27
-30
-24
-15
-41
-31
-23
15
-1
19
14
-4
28
-21
-6
-3
1
25
7
16
3
-10
9
-17
14
0
0
20
-2
-5
-4
-11
0
2
-10
21
6
17
28
2
27
16
-6
18
3
-2
4
-5
-3
-9
-2
-16
-12
-20
-22
-12
-21
5
-14
-13
8
-19
6
-7
-14
19
4
11
21
9
16
-4
-4
-8
8
15
-2
19
1
1
5
-6
1
-6
-4
10
2
0
-21
-17
-20
-9
-2
7
30
4
2
-3
-4
-2
-9
-10
-6
11
5
19
15
9
25
4
28
9
-1
3
-23
4
8
0
-4
1
-12
4
-14
-14
-6
-5
7
-8
-8
-6
-4
-3
7
-1
27
22
11
21
-7
2
9
-1
13
5
-9
0
-19
-5
-2
-17
-5
3
-14
-18
-9
-35
-26
7
4
-5
15
0
-7
23
3
5
5
-8
-10
-7
2
-6
6
3
-13
-13
-12
-20
-15
-3
-10
-18
2
-17
-10
5
-12
-4
-2
-15
5
2
-16
2
-4
15
16
5
10
4
9
16
16
11
4
-7
-10
-5
-10
-5
0
-13
8
-7
-18
0
-17
-8
-6
-10
-11
-16
-4
-2
-6
-1
10
1
-3
-6
-17
6
-10
-8
-9
2
19
24
37
22
35
21
15
18
-3
-1
2
7
6
-4
0
-5
-9
-16
-13
-5
1
7
-10
-15
-16
-15
-7
9
14
24
19
6
15
12
10
19
3
8
15
4
12
-4
-1
10
-12
-5
-6
-8
3
-6
-12
0
-3
-9
-8
-9
4
0
-5
1
-5
0
7
1
2
7
-18
-24
-10
-15
2
9
5
10
10
10
19
29
21
23
16
9
-3
-6
-4
-3
5
10
5
-3
8
8
-6
-10
-14
-12
-2
-14
-23
-16
-8
-6
-6
-7
-3
18
12
2
7
8
15
16
6
4
-11
-8
-4
-7
-5
-13
-10
-4
-13
-3
9
16
19
4
-7
-23
-23
-18
-22
-3
-9
-7
2
-2
7
-4
-12
-5
1
9
7
4
-3
-3
-5
-4
0
16
29
26
24
7
-5
-5
-1
4
8
5
0
-2
-7
-11
-16
-12
-13
-11
-10
-2
-2
0
-4
-11
0
-7
-12
-5
-7
-5
-3
-1
5
10
11
4
11
9
7
17
11
11
1
0
-8
-19
-17
-14
-2
11
16
17
9
5
5
-6
3
1
-3
-2
-12
-13
-1
12
5
-1
-1
-10
-5
-1
3
3
3
11
0
-2
-6
-6
8
11
13
4
5
5
-1
-2
-12
-3
1
8
11
3
15
3
7
15
-1
2
2
-3
-4
-3
2
1
5
9
8
6
13
11
7
6
1
-2
-11
0
0
-7
0
-2
2
6
1
3
0
4
6
3
9
11
2
0
-3
-2
0
-5
-4
0
3
3
-2
0
6
4
-5
-10
-16
-14
-12
-19
-11
-6
-10
-14
-15
-8
-3
9
12
15
13
7
1
-7
-3
1
3
5
5
1
-6
-7
-3
2
9
6
9
11
-1
0
-4
-11
-5
-3
-2
-2
-3
0
0
3
0
-4
-3
2
3
6
10
9
4
8
8
-1
-2
0
3
2
-4
-5
2
5
7
11
5
6
5
3
9
3
-1
-2
-6
-6
-5
2
9
3
4
-1
-6
-4
-13
-5
-3
-2
-3
-12
-19
-14
-9
-9
-4
0
1
-2
0
7
2
-6
-6
-7
-6
-11
-4
-6
-7
2
-2
1
-2
0
8
3
3
5
0
-4
-7
-12
-12
-5
-8
-9
1
10
17
7
7
5
7
4
-9
-5
1
1
-1
1
4
0
-2
0
3
3
1
4
6
7
5
0
-4
-6
-7
-14
-15
-7
-7
-5
6
9
3
0
0
0
7
8
4
5
3
-10
-11
-2
0
1
1
4
5
-3
-9
-5
1
0
0
-2
0
-3
-13
-7
-1
5
4
-3
3
9
-1
-11
-9
1
3
-12
-16
-8
-1
7
0
-4
5
9
5
-4
-3
3
0
6
2
1
4
-1
-2
-5
4
3
3
4
7
6
7
2
-3
2
-7
-3
-4
-11
-6
-5
-10
-4
6
14
11
10
13
8
9
1
-6
-7
-16
-10
-11
-5
14
16
3
2
14
17
10
6
2
-2
7
4
-6
2
4
4
6
5
9
3
1
7
8
6
-3
-12
-12
-13
-18
-11
-9
-3
-2
-14
-7
2
0
-2
4
9
5
3
-4
-8
-4
2
2
-8
-10
-14
-12
2
1
-4
-6
0
15
1
-10
9
33
16
-28
-32
-6
19
19
-4
-2
11
5
-5
7
32
17
-18
-27
-7
17
6
-19
-8
9
10
7
4
12
5
-6
-4
4
-2
-12
-9
-1
-9
-16
5
31
25
8
1
16
28
0
-6
14
17
-1
-29
-14
25
18
-9
-14
0
10
1
-7
3
9
6
0
-8
3
12
1
-4
-12
1
10
-5
-2
0
1
9
7
3
4
1
-6
-12
-9
-4
-1
-4
-9
-3
3
-4
-3
10
12
1
-12
-10
-4
-6
-8
-7
-2
-10
-9
8
15
15
0
1
22
18
-1
-11
-11
-4
0
-6
9
20
9
-3
-6
9
7
-1
-7
-14
4
6
-10
-10
-6
-3
-5
-3
2
0
-3
0
-8
-14
-12
-14
-2
1
-2
13
10
0
-10
-10
5
13
11
1
1
-4
-13
-2
6
20
15
0
4
1
3
-5
-21
-11
-5
-6
0
2
9
17
6
-6
-11
-7
-5
-2
6
2
-4
-8
-7
-10
1
13
13
18
7
-5
-11
-11
-3
-3
-3
-7
-10
-10
-3
3
-5
-10
-10
-1
5
10
10
-5
-8
0
1
-1
3
4
9
9
5
3
0
7
7
1
2
5
3
4
3
0
-2
-1
6
11
6
0
-1
-2
2
3
5
0
-2
2
-2
5
6
-7
-9
-5
0
1
6
2
3
4
-6
-1
-1
2
7
2
-1
-7
-9
-6
2
6
10
10
0
-6
-13
-6
11
8
6
-1
-1
-1
2
-1
-2
8
-1
-4
-9
-7
3
0
12
13
6
6
-9
4
12
-4
-7
-10
-9
-11
-7
2
6
-2
-8
-3
-4
-3
-9
-8
2
-5
-14
-16
-16
-3
5
5
10
16
7
-8
-10
-13
-4
-1
3
4
-6
-8
-15
-4
-2
-5
5
-2
0
-3
-4
1
-8
-7
-10
-8
12
-1
-12
3
3
-8
-7
-11
-11
4
9
5
3
5
6
10
18
14
-2
-4
8
10
5
6
6
13
11
-6
-4
3
1
-1
-7
-1
0
0
-2
-3
-2
-1
-1
4
11
5
-4
-8
2
7
1
3
0
-3
-6
0
5
2
8
1
0
-2
-6
3
-1
4
14
-2
-8
-6
-3
-2
1
4
-2
-8
-3
2
7
5
-2
-4
-3
4
5
3
-4
-2
8
3
5
0
-4
-1
-3
4
1
-3
5
9
3
-1
-7
-7
2
9
1
-9
-5
-5
-2
1
5
11
-1
-8
-9
-4
5
-7
-10
-4
0
9
-2
-5
3
3
0
-3
5
4
-3
3
0
-6
-4
-8
-9
-3
1
4
6
6
4
-7
-4
-4
1
11
1
6
0
-11
-3
-2
1
1
5
6
-4
0
-5
-3
13
10
2
-8
-12
-3
-7
1
8
4
7
4
-8
-6
-2
-3
4
4
2
4
3
-4
-10
1
8
7
13
-3
3
11
-6
-3
1
3
2
-2
10
3
-1
3
-7
-8
-1
4
0
-5
4
10
8
6
10
4
-1
6
6
-1
-10
-3
-5
-8
-2
-2
0
-4
-11
-9
-11
-8
-1
-12
-6
-2
-6
-3
-7
2
1
2
6
-2
-9
-8
0
3
3
0
-8
-4
-1
8
3
-5
3
-5
-1
8
5
9
1
-2
5
10
11
2
3
-4
-15
-7
-1
-3
-3
5
-2
4
7
-1
12
1
-7
-1
-8
-7
-7
-8
4
3
10
3
-7
3
-2
10
11
16
15
0
0
0
-2
-3
-2
-1
3
11
1
-4
6
4
4
5
4
5
5
4
2
1
4
-1
-5
-6
-6
-9
-15
-16
-9
-3
-8
-3
-1
-3
0
-6
-6
1
-4
-2
-9
-11
-8
-12
-6
4
4
-1
-8
-6
9
9
5
-6
-9
-1
-3
-5
3
4
1
-3
-1
7
6
1
0
0
2
6
-4
-1
8
5
4
7
10
-1
-5
5
4
3
-6
-4
0
-4
4
3
-1
5
-1
7
8
4
4
-4
1
6
-3
-5
3
11
2
-1
-7
-15
-10
-7
4
0
-4
-1
-2
12
12
0
-3
3
-1
-11
-10
1
6
-5
-3
1
1
12
4
2
7
0
0
-4
-2
16
16
12
11
-2
-10
-2
1
4
6
1
-1
-6
-12
-7
-4
-10
-11
-12
-2
2
5
5
-3
4
3
-4
-4
-2
9
-4
-3
-1
-2
0
-3
2
-3
4
7
-5
-5
6
1
-8
-1
-1
-13
-10
-11
-5
8
10
2
-11
-14
-10
-3
1
0
1
-1
-2
1
-2
6
10
8
0
-1
1
-4
4
6
3
1
-6
0
3
2
5
1
1
2
7
3
10
3
-3
8
2
-2
6
5
10
7
-3
2
-1
-1
5
-1
-1
-3
-2
-2
-3
-3
-6
-11
-4
7
-1
4
-3
-2
3
-11
-5
-8
-3
1
-3
-2
5
8
1
8
1
-5
6
-1
4
1
-8
0
-6
-3
-2
-5
0
8
12
8
-1
-5
-2
-4
3
3
-8
-8
-6
-5
-2
0
-2
2
3
4
5
-1
5
3
-2
3
2
2
-3
-10
-3
-7
-3
10
10
8
-2
-6
3
-7
-6
-1
-4
2
-3
-9
-1
-4
-6
-3
-3
6
11
2
8
12
10
9
4
-2
-10
-7
-6
-3
1
1
-3
-8
-3
-1
-2
-2
-5
-1
-5
-9
-3
-5
1
5
-5
-6
-4
8
12
12
9
7
9
4
7
4
4
2
-5
-10
-8
4
4
2
-2
-2
3
7
3
-6
0
9
8
12
7
2
4
0
1
4
5
6
1
5
3
5
7
-3
-1
3
0
2
-1
-10
-7
-1
-5
-1
11
7
3
5
0
-3
-7
-9
-9
-1
8
1
-3
-6
-3
7
5
9
17
8
1
1
2
1
4
-7
-16
-5
-4
-2
-1
2
4
3
2
3
1
-4
1
3
3
4
2
-1
-1
5
3
2
5
2
2
6
5
3
1
2
-2
-9
-7
-4
0
5
6
2
0
4
4
-3
-1
1
-5
-1
-1
-3
0
-1
2
-4
0
6
2
15
7
-3
-2
-5
-7
-4
0
3
4
0
-7
-6
-6
-3
-8
-7
1
-4
0
4
-2
2
1
-9
-6
-4
-3
-3
-2
-8
-5
5
6
3
5
5
1
2
-6
-5
4
-4
-8
-7
-6
-4
-6
-6
-1
2
0
2
-4
-2
2
-5
-7
-3
-5
0
-4
1
8
-2
2
-1
-7
4
3
-1
-3
-3
2
1
4
6
-5
-8
-9
-7
-7
-6
-1
-4
1
0
-1
-1
0
4
-2
1
2
1
2
-7
-2
4
-2
1
0
-5
0
-4
-4
-6
-6
-3
-5
-1
2
3
-7
-10
-1
3
9
8
10
5
-3
-3
-5
3
7
3
-1
-8
-5
5
5
8
11
-1
-3
-1
-8
3
7
4
4
-6
0
4
5
13
9
7
2
-1
4
3
7
8
3
-4
-6
1
4
7
5
7
-1
-5
0
2
2
4
2
-2
-2
3
2
3
0
-1
-4
-7
2
5
-1
8
5
-1
-3
-3
2
-6
-8
1
0
2
2
-4
-5
-4
0
-2
-1
0
2
5
-1
-2
-6
-11
-7
0
5
-3
-10
-9
-4
3
6
-2
-4
2
-1
-1
1
4
12
9
13
8
-3
3
-2
-5
0
-2
-1
-2
-9
-1
-2
-9
0
-1
2
7
3
2
0
2
-2
-1
1
-4
-3
-9
-9
-9
-15
-12
-8
-8
-4
-8
-3
-1
-8
-2
2
-1
5
4
-12
-12
0
1
8
12
3
-2
-3
-1
-5
-1
-1
1
11
11
8
6
5
0
4
3
-1
2
0
-3
7
5
3
5
-4
-1
1
7
17
11
10
5
0
2
3
3
6
8
6
0
-4
-7
0
1
-7
-7
-3
3
0
-3
4
-5
-5
-4
-7
2
1
1
4
-3
0
2
0
6
8
8
8
1
0
3
1
1
1
4
3
1
4
2
-2
5
10
3
-7
-1
0
-4
-1
-18
-20
-10
-11
-1
-1
-3
1
1
-2
-1
7
0
-1
-3
-9
1
1
-4
-2
1
-3
-4
0
1
4
6
0
-3
0
-5
-6
0
0
1
5
-1
-5
2
-3
-2
6
1
5
8
-2
-10
-6
-3
-4
-1
3
9
11
8
9
7
-1
-3
2
-5
-9
-2
-7
-5
4
2
-2
2
-3
-5
2
0
4
8
0
0
-11
-12
-4
-5
1
0
3
9
10
6
-4
-5
4
9
1
1
-6
-7
2
-3
1
6
9
10
7
2
2
4
2
0
1
-7
-8
-9
-8
2
0
-1
-10
-9
-4
-9
-5
0
2
3
1
-1
-3
-3
-2
0
-6
-5
1
-3
5
4
-1
0
1
7
6
7
6
0
-2
-3
-2
2
6
10
6
4
3
7
5
7
5
-3
1
-3
-11
-11
-7
-9
-7
-11
-14
-3
-4
3
9
4
0
1
4
13
16
11
13
3
-1
-2
-2
6
4
7
-1
-3
3
-5
0
5
2
-3
-4
-3
-1
-1
-5
-15
1
0
-11
-1
-2
2
1
0
2
3
0
-10
-19
-17
-8
-8
-8
1
-6
1
10
7
4
2
4
3
0
10
3
-3
-2
-16
-9
4
2
6
2
1
10
5
1
3
1
5
5
-5
-5
-2
-7
-12
-5
3
5
11
11
14
8
7
3
-7
-3
-2
2
12
5
12
13
-2
5
0
3
15
11
3
-7
-16
-14
-10
0
5
2
3
-1
-8
7
11
8
4
-14
-12
-11
-16
-1
-2
-5
0
-4
-9
-4
-4
-2
8
2
5
2
-8
5
7
8
7
4
9
-1
-2
-2
-14
-5
3
0
3
9
-3
-3
6
7
10
3
4
6
-2
7
3
-17
-5
0
1
6
3
-4
-4
-1
3
6
-1
3
1
-11
-2
0
0
-6
-15
-10
-6
-11
-1
4
-1
6
0
-5
4
6
4
-5
-11
-4
-3
-1
5
0
4
8
3
10
8
10
10
1
0
3
11
10
5
-1
-4
-2
-1
3
4
8
4
0
1
-4
-1
-5
-2
0
-6
-7
-7
1
3
1
-5
-5
-8
-8
0
-3
-3
0
-7
0
0
-2
6
3
11
6
-4
-2
-4
2
8
3
-2
-4
-9
-9
1
-5
-8
-12
-16
4
-5
-4
-1
-6
4
-6
-17
-16
-8
-9
0
-3
-5
3
-2
2
3
1
4
-16
-3
-3
-5
9
2
3
7
2
-8
3
3
2
16
3
0
-1
-12
-2
1
5
15
0
-1
2
-4
6
9
1
3
0
1
10
1
1
1
-6
6
4
1
5
4
2
3
4
7
0
-2
-1
-5
2
4
5
1
6
1
0
9
-5
-3
-6
-3
11
-1
-3
-5
-11
-9
3
11
5
5
-1
5
2
-4
0
-3
-3
-2
-3
-2
1
3
2
-4
-10
2
3
-3
-2
-4
1
2
0
2
0
1
1
1
1
5
1
-1
5
4
7
7
1
7
1
1
-1
-4
-1
-3
-1
-9
-14
-8
-5
4
5
2
-3
-6
0
2
9
5
0
1
-6
5
3
-1
7
1
4
5
-4
1
3
-9
-2
4
1
7
4
-5
-5
6
12
4
13
6
-5
-1
-5
0
9
7
-1
-5
-7
-3
-1
-10
-8
-9
-12
-4
-4
0
1
1
1
-4
2
3
0
2
1
-5
3
1
-11
-6
-7
2
7
1
7
3
-3
3
4
-2
5
6
1
3
2
3
0
-9
-4
-5
-5
4
4
1
4
-7
-10
-5
-10
1
-9
-16
-3
-8
-7
-4
-1
1
-4
4
3
-1
5
11
4
2
11
4
-3
-2
0
-3
4
12
11
5
5
5
1
2
2
0
3
-1
6
1
-10
-4
-4
-4
1
2
-1
-4
-4
-1
1
1
3
1
5
4
-1
2
5
5
1
6
5
6
7
4
0
-3
1
3
3
-4
-1
-10
-14
-7
-12
-7
-10
-4
6
1
8
10
5
2
4
3
5
9
6
-2
-4
-5
-7
-5
-6
-4
-1
2
2
1
2
-1
-2
6
4
5
0
-6
-2
-4
-6
7
3
2
9
1
0
2
1
2
1
-7
-5
-3
-5
0
3
0
-4
-5
-1
-4
-8
-1
-4
-4
-3
-4
-1
0
7
6
1
2
-3
-1
8
5
-1
0
-1
-2
3
-5
-12
1
0
-1
4
-1
-5
-5
0
0
-2
4
-1
-4
-1
2
-6
3
1
-5
6
4
-2
3
-2
-7
-7
-5
0
-1
0
3
5
7
4
3
9
10
9
4
-2
-2
1
3
-3
-9
-3
-4
-7
-1
3
-2
1
-7
-11
-8
-10
0
-3
-2
0
-4
5
8
1
0
-4
-7
-10
-7
-3
-1
4
3
3
1
6
3
-1
4
3
0
4
-1
-7
-3
-5
-1
-2
-2
-4
-1
3
0
0
4
6
3
0
0
-3
2
3
3
2
-2
-1
1
4
2
-9
-8
-6
-6
-3
1
2
3
6
1
-3
0
5
9
5
4
0
-3
-7
-10
-3
4
5
11
5
1
7
1
0
4
8
6
0
-1
-3
2
3
-8
-2
-1
-2
0
0
-1
-1
7
2
0
6
2
2
3
1
0
4
4
3
4
3
-2
-3
4
10
17
12
1
-5
-3
1
8
10
1
-1
3
2
2
3
3
-5
-9
-11
-15
-3
1
-4
-1
4
7
7
5
3
1
-1
-4
-1
-2
-6
0
3
-3
-5
0
2
2
6
3
-6
-3
-1
0
3
2
-1
-6
-3
-2
-5
-8
-6
4
2
1
1
-1
1
-1
-1
-2
2
2
3
-1
-1
3
-2
1
4
-2
-3
-2
0
3
3
5
0
-6
-3
-7
-9
-2
-2
0
-1
-1
1
-1
-1
0
0
-4
2
1
-4
-5
-4
4
1
4
1
-6
-1
-5
-6
0
-2
-5
-6
-6
-7
-8
-6
2
2
3
12
-1
-3
-1
-9
-7
-4
-4
0
-4
-2
-2
-4
-1
0
0
6
10
3
0
2
3
5
9
6
7
7
0
-8
-14
-13
-6
-1
3
7
4
-2
-1
3
12
13
9
6
2
-1
-4
-6
-11
-11
-10
-6
0
1
6
6
6
0
-7
-9
-6
1
-1
-2
-11
-16
-8
-1
2
4
8
3
5
15
17
10
8
6
3
3
3
-2
-2
5
5
7
8
-3
-7
-6
-5
-9
-7
-7
-5
-2
-7
1
4
-6
-9
-6
-8
-4
1
6
8
10
12
10
6
1
1
1
3
8
12
9
3
4
4
5
7
-1
-8
-9
-8
-9
-11
-2
0
-1
1
-6
1
8
7
4
1
-1
3
2
-7
-6
-9
-3
0
-1
1
3
5
2
2
0
0
0
2
1
-3
1
2
-3
-5
-6
0
0
0
4
3
1
1
1
-1
0
0
-8
-10
-8
-6
-2
-2
7
6
-1
1
-5
-2
1
-6
-4
-6
-6
-1
4
2
1
-2
-6
2
7
12
9
5
6
2
2
2
-6
-2
5
2
4
1
-4
-3
-2
-2
-5
-7
-7
0
1
3
7
0
-2
-3
-1
-3
-4
-4
-6
-2
1
4
-1
-8
-5
0
6
7
5
4
-2
-8
-6
-5
0
6
4
6
3
-4
-3
3
8
10
9
-5
2
5
1
-2
-7
-2
4
4
9
8
8
5
-2
-6
-11
-3
0
-1
2
-4
0
3
5
7
4
1
-2
-5
-6
-1
1
0
-6
-9
-10
-11
-10
-10
-6
-6
-6
-8
-8
-6
-7
0
6
7
10
13
9
8
8
0
3
0
-7
-6
1
4
1
5
2
-1
5
1
-1
6
1
2
5
5
5
1
-4
-7
-6
-2
0
5
7
4
0
-3
1
2
-3
-4
-2
1
-5
-1
2
-1
3
4
-1
-1
1
3
4
-2
-2
-6
-6
-3
-3
-4
-4
-3
-5
-6
-4
3
11
13
11
5
-3
-2
-3
-1
-1
-5
-4
-4
0
-1
1
3
8
12
9
9
1
-5
-4
-1
-1
1
2
-2
-4
-5
0
9
3
1
1
-2
-2
-7
-7
1
1
6
3
1
4
1
2
-1
0
0
-3
2
2
-3
-7
-8
-6
0
3
-4
1
6
1
2
0
-4
-2
-6
-4
-8
-4
-2
2
2
1
2
-1
-4
1
6
5
4
3
-2
-1
5
1
0
-3
-7
-3
-4
-12
-12
-4
-2
-1
2
3
1
2
2
0
5
11
7
-1
-1
-7
