-28
40
62
2
-32
-10
-8
-51
-77
-54
19
38
-55
-89
1
98
79
-49
-120
-89
-3
37
-10
-17
12
-10
-54
-19
93
156
119
39
14
38
54
23
-23
-25
-14
-21
-52
-31
42
69
9
-51
-16
39
47
1
-56
-56
-29
-35
-79
-61
34
60
0
-50
-40
27
62
9
-38
-26
42
71
-5
-64
-46
2
11
-25
-31
6
56
48
5
10
24
11
-49
-81
-40
16
36
-20
-41
-5
1
2
-18
-15
27
23
-5
-35
-14
26
9
-17
-30
0
14
-16
-27
-3
38
37
2
-28
-22
17
36
27
8
-10
-24
-44
-43
-6
34
52
26
-23
-41
-25
16
27
-2
-11
-26
-28
-10
10
16
11
-2
-30
-23
-10
-15
-8
-1
6
6
-1
-2
12
44
51
13
-28
-42
-21
6
9
-6
-30
-35
-3
20
20
16
12
19
3
-19
-14
-7
12
17
-10
-57
-75
-32
13
22
45
60
34
2
-3
7
13
49
7
-70
-51
-32
-16
-19
-2
47
64
64
8
-45
-20
16
25
7
-13
-16
-8
-17
-51
-43
26
46
30
8
-17
-5
-6
-20
-18
15
38
37
12
-17
4
-1
-10
-17
-21
21
43
37
-15
-47
-19
1
-8
-31
-22
21
39
25
-16
-35
-15
-11
12
17
10
33
28
4
-10
-9
-1
-5
5
19
20
2
-29
-59
-42
3
34
42
32
28
11
-16
-10
12
30
19
-23
-44
-51
-19
21
4
8
15
24
43
19
-12
-21
-3
19
20
-20
-52
-38
-7
10
12
20
26
23
-4
-25
-24
16
57
28
-12
-40
-25
-18
-20
-3
1
25
31
15
10
7
1
-15
-24
-27
-16
4
10
20
13
2
-5
5
39
28
5
-10
-20
4
-7
-40
-43
-16
20
24
12
2
14
13
-5
-17
-17
13
15
-3
-10
-27
-21
-7
14
23
14
7
-17
-12
17
20
17
-19
-35
-6
-17
-12
-19
2
41
24
0
-34
-9
43
43
10
-24
-9
-8
-13
-13
-41
8
53
27
2
-28
-7
21
5
-7
-10
0
-1
-23
-34
-8
26
29
-8
-27
-3
31
4
-29
-33
-28
33
33
-8
-22
-6
24
4
-13
1
20
27
-10
-37
-17
29
32
-6
-34
-22
4
4
0
-6
17
33
1
-3
-11
0
22
-1
-13
-6
1
2
-5
-20
1
18
12
4
-16
-19
5
7
-11
-9
0
-5
-3
2
5
18
28
24
1
1
5
-2
12
17
25
4
-41
-58
-38
13
31
11
-9
-17
-7
10
19
20
30
13
-12
-30
-32
1
11
14
14
-11
-2
9
9
10
-1
-5
0
-1
-2
-1
-12
-13
-18
-17
-1
12
19
16
9
0
12
9
0
0
-5
2
7
8
6
-15
-9
3
4
11
6
11
27
8
-14
-20
-7
14
-3
-16
-7
3
28
4
-27
-15
-14
-7
1
1
16
21
-9
-33
-17
13
24
11
-9
-11
7
2
-19
-26
-5
15
3
-5
1
21
35
6
-24
-26
-6
29
8
-11
3
-5
-2
-11
-12
20
24
10
-13
-30
-9
1
-10
-11
-1
21
12
-16
-14
-7
11
14
-5
-7
13
14
1
2
-15
3
7
-26
-15
-11
-2
9
-23
-14
4
-1
16
8
1
4
-16
-23
-31
-9
30
21
8
1
-20
-15
-9
3
35
48
25
-14
-34
-31
0
12
5
1
-15
-1
-1
3
21
20
33
12
-3
-1
-16
-7
-15
-33
-16
-18
-14
20
7
9
9
-8
28
20
9
1
-12
17
10
-10
-10
-26
4
30
8
8
0
11
9
2
0
-17
4
-13
-27
-19
-8
10
-7
3
1
5
26
18
35
42
22
-6
-42
-35
-11
-4
1
-11
-11
-4
-2
-4
-7
21
13
-4
-24
-22
13
12
-10
-39
-7
24
14
19
-3
8
20
-26
-23
14
46
48
4
-29
-42
-29
-15
-13
7
14
16
2
-17
-19
-10
1
10
15
11
29
24
-6
-11
6
22
-21
-33
-20
-7
32
2
-19
4
25
9
-18
-45
-23
19
25
10
-24
-19
6
35
34
29
39
12
-7
-30
-16
2
23
20
-14
-12
-34
-27
-6
9
39
37
26
1
-25
-1
13
16
8
-9
-18
-11
-16
2
4
-3
13
-11
-4
13
10
30
5
-2
-23
-46
-18
-4
36
38
27
9
-19
-6
-21
-2
20
8
11
-18
-33
-29
-13
8
28
38
28
-6
-22
-8
-18
10
24
1
-11
-33
-24
-6
21
48
37
31
1
6
15
7
7
-20
-10
11
13
-30
-58
-40
-25
33
45
7
8
-9
-10
-21
-24
7
16
29
-2
-15
1
6
40
16
-7
4
-5
-3
-18
-31
-15
-19
-23
-26
-9
7
37
37
-1
1
-23
-9
2
17
39
1
3
-31
-32
-14
2
25
4
12
-6
-25
-13
-26
-11
-22
-34
-14
-17
19
32
5
7
7
8
-22
-33
-33
-18
25
2
-2
-12
-26
-21
-25
-7
14
7
0
-2
-3
30
55
86
106
71
66
45
19
21
-8
-62
-130
-237
-351
-359
-296
-217
-136
-94
-84
-14
149
304
356
322
283
222
199
154
77
59
32
18
-33
-75
-82
-75
-30
-23
-3
1
-4
-1
-39
-35
8
43
49
18
-8
9
22
23
41
10
3
10
-52
-48
-40
-40
-17
-34
-2
24
7
-10
-44
-20
10
20
-2
-43
-39
-20
-2
7
10
16
14
23
18
4
24
27
35
16
-2
5
-24
-31
-39
-41
-28
-43
-29
-17
-13
-5
-19
-13
1
15
30
35
13
0
8
27
39
21
13
5
2
20
16
25
27
16
-8
-18
-11
-8
15
4
5
20
-6
-1
4
-12
-7
-6
-3
0
-10
-31
-26
-37
-19
13
-1
2
-28
-32
-2
-1
31
16
-2
-19
-33
0
4
20
22
17
40
32
27
15
7
4
-2
2
-9
-8
-25
-30
-11
5
11
21
20
10
-11
-25
-25
-25
-4
-16
-36
-21
-17
-17
6
21
38
52
19
4
-4
-11
31
19
-3
-16
-26
-2
0
7
-7
-17
1
-8
-27
-21
-7
14
16
-9
-13
4
11
13
10
2
-6
-7
-18
-22
-6
1
-4
-11
-18
-5
-1
0
3
2
11
21
22
9
-7
-16
-42
-37
-25
-26
-17
-13
-3
15
26
22
22
31
46
35
18
6
2
4
-10
-13
-19
-9
-2
-35
-41
-37
-16
10
1
-3
-12
-4
19
13
15
11
15
14
-1
1
8
21
14
2
8
20
21
13
2
-9
-5
11
23
16
-5
-8
6
9
7
-1
-7
1
-20
-22
-15
2
-1
-8
-14
-33
-14
-24
-13
-1
-1
24
-3
-13
-20
-24
4
0
19
29
5
8
-9
-7
9
16
20
0
1
-8
-12
-13
-21
-2
-19
-21
-5
-28
-18
-20
-15
-3
-3
-3
-3
10
26
18
7
1
-5
3
14
3
2
-6
-22
-7
12
4
12
12
-6
2
-2
13
15
4
18
9
21
2
-17
15
16
36
20
-15
-8
-19
-19
-20
-27
-8
-9
4
13
4
-2
-9
14
20
25
-7
-27
-8
-10
20
6
-24
-8
-8
-2
10
-1
0
8
-1
0
-5
-11
-10
-15
-15
-6
7
8
-3
10
12
14
33
19
11
2
-12
-12
-12
2
5
0
-3
12
15
-2
16
1
-1
17
-10
5
2
-16
-12
-29
-10
17
22
21
18
14
15
11
-8
-14
-23
-14
6
-1
13
24
0
-3
-3
-8
13
12
3
1
-15
-20
-10
-12
-20
2
-3
-8
-5
-18
-13
-7
12
10
15
7
-10
-13
-25
-5
15
12
8
6
8
19
3
-18
-5
9
23
13
-12
-12
-8
-15
-22
-18
-12
3
3
7
20
-4
-14
3
6
27
28
9
17
4
-9
-7
-18
-28
-7
7
-5
-7
-8
4
16
8
3
4
15
17
16
13
1
-17
-38
-18
19
21
16
-11
-29
-11
-1
-3
2
7
0
3
-8
-13
-4
0
-3
-3
-6
-2
-7
0
17
0
14
-4
-21
7
11
14
-1
1
6
10
10
-18
-21
-33
-18
18
9
12
-2
-19
-8
4
21
24
29
24
-7
-12
-12
-3
11
-14
-23
-17
-15
-8
-12
-3
11
11
9
-8
-17
11
13
2
17
18
6
-2
-15
-21
-2
10
9
9
-1
-2
-1
-7
7
10
2
18
20
17
-4
-29
-8
2
8
21
14
-1
-15
-11
-11
0
26
17
11
9
-3
3
-19
-31
-11
-5
12
11
-19
-5
13
10
-8
-7
4
0
16
14
17
6
-24
-20
-23
1
14
-4
9
9
-9
-26
-14
-10
2
26
-4
-29
-38
-42
3
38
42
48
18
-14
-12
-7
21
27
11
-8
-10
-1
2
-10
-23
0
0
-4
4
-2
7
1
3
10
17
33
22
32
9
-6
-5
-25
3
6
0
7
-3
-19
-26
-32
-36
-8
2
6
17
-1
-11
-8
-22
-8
15
34
38
-5
-10
-7
-2
23
15
18
10
-16
-46
-40
-5
-16
-8
-11
-30
-16
-11
-8
9
31
25
13
40
58
63
55
-1
-24
-30
-24
-8
-16
-17
-39
-44
-31
-18
6
16
-14
-24
-11
2
17
29
27
16
4
-9
13
59
38
32
16
-19
-13
-31
-46
-55
-74
-135
-197
-181
-131
-93
-13
60
122
162
140
132
96
80
50
40
54
23
22
-17
-55
-56
-45
-33
-31
-24
-29
-22
-18
-21
-10
7
20
19
24
27
48
52
22
27
32
62
63
14
0
-41
-51
-28
-30
-38
-56
-51
-54
-44
-22
-14
14
9
11
44
45
62
51
28
30
4
7
14
18
21
-28
-50
-55
-68
-42
-38
-24
-92
-145
-156
-118
40
91
103
114
98
96
75
57
49
49
43
27
21
-7
-17
-15
-20
3
-2
-4
-1
-20
-33
-30
-14
8
36
36
53
52
26
18
8
24
40
36
15
-24
-27
-28
-31
-27
-29
1
-1
-12
-7
-17
-1
5
9
5
4
1
-12
0
6
8
-3
-14
-21
-21
-10
20
6
-12
-11
-27
-13
-9
-13
-15
-13
-21
-20
-4
10
23
31
25
19
21
13
25
21
5
-15
-46
-48
-19
4
11
0
-21
-21
-16
8
23
43
52
21
9
4
4
12
1
1
0
2
-5
-31
-21
-18
-21
-6
-8
1
-8
-16
-2
1
17
5
1
14
13
21
13
17
17
8
10
-20
-25
-31
-42
-17
-15
1
2
-18
0
-3
-8
2
-4
12
23
13
10
-5
2
-6
-11
-8
-15
-5
-20
-15
7
4
13
-10
-25
-9
-3
4
4
25
15
0
2
-15
17
25
16
32
5
0
7
-7
0
-3
-5
-19
-22
-20
-21
5
-5
-10
-5
-14
4
11
30
16
0
3
4
25
20
5
-1
0
-2
-10
-9
-3
0
-1
6
10
-3
-9
-16
-22
-11
-17
-9
6
18
31
6
11
-11
-14
14
-9
4
-10
-21
-8
-31
-9
-11
-8
9
-2
13
0
6
5
-5
20
-7
5
9
-15
13
-7
12
33
9
10
-28
-22
-9
-13
19
1
2
-6
-32
-6
-9
23
21
-19
-2
-13
6
11
-1
13
-6
12
6
3
12
-16
-3
-12
-5
12
3
19
-3
-12
-8
-8
17
11
2
1
4
11
-4
8
8
-1
5
-13
2
6
-2
-5
-25
-10
-12
-10
-3
-9
3
-11
-7
1
5
16
4
-1
-11
-12
2
-5
4
-4
-12
-5
-19
-2
4
16
16
-6
16
6
9
19
3
9
-8
-9
-21
-20
17
11
20
6
-18
-4
-5
24
18
5
-1
-23
1
-6
6
20
-2
7
-16
-6
12
5
29
0
1
0
-16
14
-1
11
5
-12
4
-13
6
-9
-21
10
0
13
7
-10
-2
-13
14
12
1
8
-19
-14
-13
1
21
11
20
-1
-3
15
-2
7
-11
-16
-3
-13
3
-2
4
12
2
10
-5
7
6
-15
-5
-17
-4
5
-7
-8
-16
3
6
3
6
-7
13
13
7
18
2
-8
-10
-17
-13
11
21
-1
-3
-13
-11
4
8
23
1
4
-4
-20
7
-2
8
0
-11
6
-9
7
4
0
16
-5
0
-6
-13
-3
-4
4
0
13
18
-7
-2
-16
-9
1
-15
-5
-6
13
12
-7
10
-3
-3
2
-13
-3
-6
-4
0
-6
15
8
4
6
-8
-3
-12
-4
2
-2
8
1
2
2
2
3
-2
-1
-1
6
3
-11
-1
-10
-8
3
-9
-2
2
4
0
-5
11
3
5
11
-2
5
3
2
0
-12
-4
-8
-2
1
-11
1
-7
-1
7
8
12
-4
-6
-11
-4
11
8
13
4
0
-5
-8
3
-6
2
4
-3
1
-5
3
2
0
-1
-13
-9
-4
4
6
11
-1
-1
14
-1
2
-6
-15
6
1
-4
2
0
2
-5
-3
-3
-1
-1
-15
-8
7
19
13
-5
-6
-2
-1
13
3
-2
4
-9
-5
-7
3
12
-1
3
-4
13
12
-12
0
-10
-2
8
-3
7
5
8
-1
-10
0
-3
-3
-8
-1
8
6
8
-6
-13
-7
-7
2
5
3
-1
-2
8
3
3
9
1
5
-2
0
-2
-4
2
-5
1
3
4
-2
-6
-4
-9
4
-1
-6
4
-5
4
4
-3
3
-8
-6
2
4
4
-4
6
6
1
8
-9
-4
9
3
15
10
7
2
-18
-11
-14
3
16
8
6
-18
-5
-6
-5
13
3
12
-8
-11
2
1
12
4
1
-10
-5
8
-1
11
1
-7
2
-4
6
4
4
3
-11
-10
-10
0
13
9
6
-4
-1
4
4
1
7
10
1
-2
-6
4
10
6
1
-10
-8
-4
-1
0
2
4
1
10
8
3
0
-3
0
-4
-2
-6
-6
-4
-2
2
2
8
6
-4
-6
-8
-7
-2
5
-3
-2
-1
-18
-4
0
10
16
5
6
-11
-10
-1
12
13
-2
1
-11
-11
2
-3
4
5
7
10
2
-3
-8
-8
1
-6
-5
-4
-4
1
-9
1
2
-6
1
-7
-5
4
-9
-5
-9
-13
7
-1
4
10
-2
-8
-13
-6
-15
-8
-4
-6
7
-8
1
-3
-6
10
-4
11
6
0
-4
-17
6
5
12
7
-6
2
-7
1
12
5
5
-2
-5
-7
-1
-4
-7
10
7
3
6
-1
2
2
5
5
1
5
-6
-1
7
-2
9
0
-4
2
-5
1
6
10
7
-5
-5
-9
-6
1
1
-6
-5
-7
-8
3
9
10
3
-3
-4
-2
-4
0
10
5
-1
-2
-5
0
5
11
3
-1
-1
2
0
-2
4
-7
1
9
3
-3
-9
-2
-7
0
2
-9
1
1
3
10
0
5
-2
-4
7
1
8
0
5
-1
-7
3
-4
1
-5
-4
-1
-5
0
-9
0
1
-5
2
-6
6
5
4
3
-4
5
-5
-3
2
-3
2
-9
-1
2
-1
7
-7
-5
-3
-6
1
-4
2
12
10
5
-4
-7
-5
3
6
-4
3
0
-8
-1
-2
2
-1
-8
4
-1
2
-1
-13
1
-1
4
6
-8
10
4
4
7
-4
9
1
0
5
-7
8
7
-4
-1
-9
-5
2
6
4
1
4
1
10
5
6
11
-4
-5
-5
2
15
3
-7
-7
-4
0
4
1
0
7
-3
-6
0
3
10
12
6
-8
0
1
-3
9
0
-4
1
-5
-3
-4
-8
-7
-2
3
0
1
-2
-5
-5
-1
6
1
0
-1
-2
5
5
0
-3
-5
-5
1
-4
6
5
0
10
-5
-2
0
-4
10
5
2
1
-5
-1
-3
-4
-4
1
7
2
5
-1
-6
-3
-4
3
-3
1
-1
-9
0
-5
-1
6
2
5
2
5
0
-5
5
0
-4
5
-2
-4
2
-2
3
2
-5
3
4
8
8
-6
-3
-1
-5
-7
0
1
0
6
-2
-10
-3
3
0
4
0
-9
-11
-8
-6
-8
3
-2
-1
-4
-8
4
0
8
6
-2
4
-1
1
0
-5
2
2
-7
-3
5
2
-9
-8
-15
-7
6
6
5
-4
0
1
-3
12
1
-8
0
-12
-4
3
1
10
-3
2
4
-6
0
-4
2
9
6
5
7
3
0
3
-4
-2
0
-1
7
2
6
7
-6
-5
-3
-6
-4
6
-2
-3
6
-7
0
5
4
9
-1
1
2
-3
4
-9
-10
-2
-5
0
-1
0
1
1
-2
-2
4
2
0
3
3
1
4
6
-4
-4
-3
-6
4
2
-2
4
-1
6
2
-6
9
3
-1
2
-6
-2
2
-1
4
2
2
6
-4
2
-7
-6
6
-1
7
2
-2
2
-2
3
0
0
-1
-2
4
3
-1
-2
-2
-3
5
5
2
-7
-3
3
-2
3
-4
-8
-2
-5
1
-9
-6
4
-7
0
-3
-9
-1
-3
-8
5
10
6
10
3
-7
1
3
-1
2
-2
-5
-8
-9
-6
-5
2
3
3
1
-3
3
5
-7
10
1
-21
5
7
1
3
3
1
-1
9
3
-9
1
1
-1
5
5
-3
2
6
0
-2
-4
3
2
5
9
1
3
6
6
0
-3
-5
-9
3
-6
-13
-2
-3
-4
-2
-3
5
7
9
8
-5
2
-3
-2
2
-1
8
-2
-1
6
-7
3
2
3
-1
1
8
2
8
5
5
-2
-4
4
-14
-15
-4
0
4
4
16
12
-5
-4
-8
-17
3
-4
-12
-2
10
10
-3
-6
1
3
11
15
6
13
10
-3
3
-5
5
21
2
4
-4
-11
-10
-6
-1
-3
2
9
2
-3
3
-2
-13
-7
0
2
7
6
-1
-5
0
-4
3
-1
-9
3
-3
2
0
-2
-10
-15
2
-1
2
14
-3
0
1
6
8
-9
-6
-5
-14
-8
3
0
-3
8
2
-4
-4
1
4
2
13
-9
-13
8
-9
4
22
3
7
-5
-22
-8
-2
2
3
7
13
8
1
-4
-17
-11
4
-1
2
5
-7
-16
-9
7
2
-2
0
-8
-9
9
1
0
24
12
7
3
-14
-11
-9
-3
-11
-4
12
-4
4
10
4
3
4
7
-1
9
7
-9
0
4
0
-5
-11
-7
-6
4
5
-3
8
1
3
4
-8
-4
1
2
-2
14
-3
-1
8
-6
-3
1
5
9
11
23
4
-5
-10
-18
-9
-1
-6
-9
6
6
2
13
-5
-6
6
-6
-5
-8
-3
4
4
11
-9
-1
-12
-24
5
-13
2
16
-6
-3
3
-4
-11
2
3
-15
4
0
-2
16
5
3
3
1
-5
-12
1
-12
-5
0
-10
13
5
-6
-1
-11
0
3
1
6
4
2
3
10
-25
-11
9
-7
11
4
-19
-8
1
8
9
-1
11
-4
-1
22
-2
4
0
-12
-5
-13
3
1
11
12
7
5
2
7
-2
2
3
2
1
-8
5
-8
-2
-3
-19
3
-1
8
17
-2
4
-5
-6
-3
0
17
5
2
5
-13
-13
-2
11
10
13
3
-12
8
-7
-3
7
-10
7
11
-5
-5
6
8
-5
16
3
-1
17
-20
-1
5
-11
9
-8
-3
14
-12
1
-6
-2
23
1
10
7
-10
-5
2
-2
-4
13
4
-6
24
-1
-3
18
-11
-3
9
-3
-2
6
3
-11
4
-9
0
-3
-24
5
-19
-1
0
-27
14
5
-12
-11
-13
-9
6
14
-4
14
5
3
0
-15
1
-20
-15
-4
7
13
8
1
-32
-6
10
-17
25
21
-5
18
-4
-12
0
-11
5
0
-1
18
-7
0
9
5
-1
-4
-2
-11
-3
8
-8
-14
3
13
2
3
12
-8
7
17
-13
5
19
10
-10
-16
-35
-31
7
20
26
14
-12
-9
-2
1
34
3
-8
21
-31
-22
7
-14
11
25
21
12
10
-15
-31
25
30
27
32
-25
-34
-24
-24
-21
-12
27
20
20
5
-25
-14
-9
6
22
27
29
-12
-33
-50
-32
1
-7
12
27
15
2
-12
-20
-13
15
2
-5
14
-17
1
-13
-50
-1
24
28
46
25
-8
1
3
-25
-18
1
-13
-3
-5
-9
-10
2
21
-21
26
25
-28
9
-18
-12
39
23
-2
-10
-19
-38
-3
17
-5
15
16
-20
-22
-12
-4
17
33
20
-1
-8
-16
-24
-15
20
20
12
-4
-14
-3
11
17
2
0
-8
-22
-17
-12
-10
-5
19
18
13
21
-10
-20
-20
-18
12
30
25
11
-15
-25
-29
-2
15
29
34
6
-1
-30
-36
-25
-15
36
50
32
19
-13
-30
-10
6
5
26
19
-5
-1
-18
-17
7
3
-10
9
18
10
13
-1
-25
3
15
-7
-2
-8
-7
13
-9
-16
1
-4
4
24
25
32
5
-34
-68
-43
17
38
38
13
-15
-25
1
-3
-23
30
45
29
14
-12
-35
-25
10
3
15
17
-18
-30
-34
-2
10
26
26
15
12
-17
-14
-26
-24
28
36
17
17
-14
-38
-23
-1
1
29
48
-2
-14
-24
-30
-13
-5
13
11
9
-5
-21
-6
2
16
8
7
-1
-19
2
-18
-13
3
-11
-12
-3
-1
-7
17
8
-13
-5
-5
8
25
25
1
-11
-2
-36
-15
19
9
30
27
-17
-26
1
-5
10
21
-1
5
-17
-13
-5
-9
21
9
16
8
-8
-6
-17
4
-16
-19
9
-10
-2
15
-5
0
38
17
3
9
-31
-38
-9
-7
1
21
33
-3
-25
-5
-22
26
47
19
27
-13
-31
-35
-36
-6
29
66
36
16
-16
-47
-25
5
19
9
49
15
-56
-48
-50
-29
21
61
48
8
9
-31
-72
-42
-5
32
66
46
-2
-54
-56
-38
-19
39
39
40
4
-59
-38
-35
-3
34
34
51
5
-44
-32
-53
-11
72
44
15
13
-34
-44
1
-13
0
34
6
13
-8
-23
-11
-28
2
36
40
30
-2
-45
-64
-35
28
53
46
23
-24
-51
-26
-16
4
39
35
19
-17
-14
-11
-6
27
15
9
7
-23
-19
-17
-18
9
35
26
3
23
-21
-20
25
-34
4
19
-7
11
17
15
-33
3
6
-22
31
14
-25
-11
7
-4
12
26
-7
-5
11
-9
-12
0
-1
20
25
2
-18
-22
-13
-12
26
28
-1
-1
-26
-35
-25
-3
30
27
27
34
-17
-44
-24
-20
21
59
25
-26
-40
-19
-14
2
44
18
-6
9
-44
-34
16
11
29
33
-16
-26
-1
-16
10
35
16
15
2
-34
-38
-2
19
39
30
-2
-33
-52
-16
10
31
46
7
-11
-37
-23
-3
5
26
4
-16
-6
0
-4
-15
-2
-1
-3
23
11
-4
-2
3
-20
-32
-5
-1
-1
15
4
-24
-34
-30
-16
7
38
40
-10
-4
-21
-34
19
4
25
15
-17
-23
-22
15
-5
1
27
-24
-5
4
-25
23
29
17
-11
-31
-5
-20
26
12
-5
20
-12
-10
-7
9
16
12
2
-14
-5
3
-6
-4
-9
-1
6
3
7
1
10
18
-16
-20
-10
-20
19
31
26
7
1
-7
-31
16
4
2
10
-18
6
-2
15
30
0
11
-9
-30
-10
5
21
20
20
3
-24
-32
-32
-14
-9
18
31
-2
16
-8
-38
-8
-9
18
14
-11
4
-10
2
1
-5
-8
-19
6
2
3
33
10
-11
-5
-25
-18
5
1
11
-6
7
3
-10
18
-3
19
12
0
6
-21
-3
-5
-5
-12
-24
2
-1
30
25
-20
-9
-15
3
30
8
13
13
-8
-4
-9
2
9
16
8
-19
-8
-3
-13
-1
7
27
19
5
-15
-29
6
-1
10
17
-3
19
-5
-15
-6
-20
8
19
19
20
5
-15
-19
-7
8
22
3
-11
-11
-15
5
21
24
38
12
-12
-28
-36
-1
6
16
27
-3
-4
-13
-17
4
-18
0
16
23
13
-17
-8
-17
-10
17
13
4
0
-17
-37
-1
19
-6
14
4
-13
13
-11
-26
-9
-3
12
26
14
9
-10
-26
-10
0
34
21
5
-15
-33
11
2
-4
25
0
-23
-10
-22
-9
14
20
13
-6
-15
-6
2
15
26
-3
-1
12
-3
-3
-17
-19
1
8
21
17
-19
-14
-19
-15
6
20
32
11
-7
-10
-24
-19
10
8
-5
15
6
-3
6
-7
0
-1
-2
-5
-22
-14
-10
-2
13
0
-7
-11
-29
-3
26
19
13
3
-24
-12
29
11
5
12
-24
-25
-25
4
19
10
19
-26
-33
-7
6
26
22
12
-18
-38
-16
-4
17
28
16
15
-15
-6
7
0
34
10
-6
-26
-43
-24
-10
15
17
8
1
-14
8
31
17
28
-11
-10
17
-3
34
15
-10
3
-28
-5
-2
3
22
11
8
-11
-18
-22
0
22
12
4
-26
-32
-9
-3
16
13
1
15
-3
-14
-28
-14
32
20
25
7
-33
-25
-22
5
34
22
6
-38
-16
29
28
10
-20
3
27
6
-28
-43
2
29
5
-3
-12
7
25
-8
-41
-1
25
0
-8
-4
-20
-37
-14
18
25
36
6
-39
-20
29
21
-34
-33
8
27
49
25
-22
-35
-14
18
10
13
5
-15
2
36
13
0
6
-31
-16
-1
-22
-10
8
30
42
17
-8
-28
-18
17
22
21
-1
-9
15
-15
-38
-18
-14
10
41
36
-16
-44
-15
19
42
40
5
-3
-7
-35
-66
-34
22
52
55
-16
-67
-37
-25
-11
31
40
65
47
-21
-58
-48
-6
9
15
21
10
-25
-51
-41
-8
55
61
28
-33
-70
-15
12
7
18
25
12
-16
-37
-60
-27
66
72
14
-25
-26
-23
-11
-7
21
47
33
2
-37
-24
-5
30
19
-17
5
1
-16
-6
5
1
-24
-5
-2
-4
17
12
-12
-8
20
25
7
17
0
-34
-11
6
11
27
19
-9
-18
-3
13
-23
-45
-35
-6
47
69
43
-17
-34
-13
-16
-13
3
42
56
-2
-54
-58
-39
10
39
46
49
11
-34
-68
-48
10
44
63
26
2
-19
-67
-71
-38
34
81
70
28
-46
-82
-48
-1
69
82
40
-9
-87
-90
-72
-15
77
97
63
-40
-99
-77
-25
67
104
65
18
-22
-77
-100
-43
34
90
99
34
-62
-97
-74
-11
44
77
79
10
-51
-82
-80
-20
45
91
77
15
-51
-85
-62
0
69
82
34
-5
-44
-60
-34
-1
7
-3
25
34
-4
-38
-7
10
7
9
-19
-41
-19
37
27
17
13
-23
-40
-51
-9
30
44
56
-9
-71
-58
-25
27
42
58
36
-15
-32
-80
-62
24
75
71
20
-31
-71
-71
-36
31
124
114
26
-43
-117
-104
-34
21
87
104
56
-39
-122
-77
9
60
114
91
20
-39
-81
-84
-24
72
104
56
-28
-60
-57
-43
5
53
79
68
0
-80
-96
-59
26
79
80
57
-22
-79
-109
-63
37
95
103
13
-82
-107
-87
-6
39
94
94
9
-75
-127
-85
2
94
100
19
-26
-34
-75
-74
-8
41
74
57
20
-41
-70
-38
-30
45
66
12
-11
-47
-24
3
-1
29
43
52
13
-51
-77
-40
38
61
59
8
-26
-31
-45
-8
-17
12
71
56
35
-26
-79
-74
-39
18
70
58
-2
-28
-53
-40
-23
-15
32
28
54
24
-45
-44
-38
0
24
38
32
2
-20
-37
-28
-3
24
28
13
2
-17
-47
-57
-34
35
79
62
33
-33
-65
-66
-43
2
55
79
23
0
-16
-42
-31
-18
32
60
81
20
-57
-57
-47
-6
14
51
56
29
-20
-75
-56
-15
43
65
53
21
-40
-50
-38
7
36
49
36
2
-14
-36
-42
20
59
63
41
1
-45
-62
1
-1
7
36
24
26
-29
-58
-34
2
62
31
-3
-19
-23
-3
-11
1
42
36
2
-20
-49
-58
-12
17
41
54
16
-45
-61
-37
14
52
21
10
-5
-15
-2
-28
-21
10
30
43
5
-31
-47
-32
8
22
50
41
6
-14
-44
-37
-24
21
28
44
39
-15
-34
-63
-27
21
25
30
13
-16
-15
-16
-22
-12
12
25
10
4
3
-28
-22
14
30
36
32
-5
-20
-13
-8
-3
-15
-2
5
-2
-8
-2
23
24
21
-3
-20
-7
12
15
-14
0
6
0
4
10
33
3
-11
-27
-49
-7
21
43
11
-9
-12
-39
-15
-4
7
4
16
22
-5
-24
-21
1
10
29
38
31
16
-19
-20
-34
-16
26
13
15
3
-7
-17
-35
8
-5
4
28
-6
-4
-12
9
-10
-17
7
6
8
-13
-4
10
14
38
4
-15
6
-13
-11
-12
-11
15
-7
-11
0
9
11
-5
-18
1
9
0
-6
-7
6
2
4
-19
-1
20
4
1
-18
3
8
7
8
-15
4
6
-4
17
20
1
-14
-44
-36
-6
18
26
14
17
7
-3
-10
-8
13
9
-1
7
14
3
-23
-35
-20
19
51
27
-6
-27
-11
14
22
33
29
-6
-16
-26
-42
9
14
8
12
-1
6
5
-4
-26
-19
10
33
39
-2
-21
-31
-29
-14
0
35
52
37
-8
-47
-44
-15
6
14
41
22
1
-19
-45
-28
0
32
34
24
7
-33
-38
-26
0
32
47
48
-3
-43
-43
-37
-20
4
28
35
36
0
-57
-44
-20
18
28
13
-1
-25
-39
-45
-24
21
49
43
21
-16
-42
-22
12
20
33
17
-39
-54
-56
-32
20
31
31
17
-10
-16
-29
-32
-20
21
54
44
24
-43
-90
-66
-3
56
93
86
20
-40
-46
-24
1
41
25
-15
-60
-76
-67
-41
17
29
27
25
19
62
63
39
32
-2
13
36
20
-6
-44
-73
-65
-29
19
20
25
20
3
13
-5
-31
-29
-12
-7
-19
-14
-13
16
28
-15
5
22
31
48
18
-9
6
21
19
18
21
-31
-69
-67
-18
44
63
18
-36
-59
-62
-29
7
55
74
48
3
-28
-10
6
13
23
21
19
-27
-46
-40
-55
-17
-19
-27
14
-3
18
32
50
60
17
21
17
7
15
28
5
-41
-68
-77
-66
-38
-27
3
45
59
20
-44
-19
53
69
64
50
1
-45
-78
-81
-41
11
40
17
11
5
-8
9
14
49
42
-22
-66
-82
-81
-49
-20
-10
11
43
60
35
-1
-14
17
43
30
7
-22
-39
-62
-55
-8
19
56
54
18
3
-14
-37
-48
-44
-15
-7
-6
-5
-27
0
44
71
102
111
89
64
49
19
-26
-39
-56
-75
-59
-35
-37
-32
-5
-24
-42
-12
10
56
93
86
69
33
12
4
-10
-27
-55
-44
-40
-24
-4
-34
-22
13
41
72
56
15
-21
-26
-35
-49
-58
-88
-54
23
48
63
87
91
102
127
70
-14
-57
-118
-187
-288
-389
-452
-398
-188
80
331
408
410
441
377
201
42
-62
-56
-21
-268
-558
-563
-408
-163
149
338
363
329
279
273
277
222
95
19
0
-59
-64
-65
-57
24
45
-15
-22
-26
-59
-26
68
53
-35
-44
-42
-58
-73
-72
-5
57
72
58
14
-19
-77
-110
-54
61
201
218
127
27
-89
-167
-152
-51
-79
-146
-65
-11
-28
-20
53
138
191
265
218
90
-16
-185
-316
-349
-259
-160
-116
-87
-71
11
103
236
311
246
219
182
61
-30
-69
-152
-282
-356
-365
-249
-77
47
144
191
219
226
169
72
-35
-162
-357
-530
-571
-443
-111
168
226
219
249
209
140
21
-271
-491
-541
-543
-434
-224
-56
182
453
568
550
450
351
248
162
83
-25
-25
48
45
-4
63
125
54
-10
-59
-136
-135
20
214
299
308
268
72
-130
-187
-221
-231
-154
-71
-6
54
161
240
190
123
71
-29
-153
-173
-110
-82
-2
92
46
-16
12
12
-36
-70
-80
-16
68
96
39
-35
-72
-89
3
29
-40
-26
-15
9
31
20
-38
-132
-325
-635
-744
-623
-396
-223
-101
189
492
606
456
325
284
176
88
16
37
128
222
186
-20
-80
-26
61
163
128
72
86
88
-68
-149
-77
-36
-18
-29
-28
-14
75
96
-39
-35
48
74
1
-51
-21
-78
-84
-17
-8
-3
7
11
-16
-71
-47
-14
18
48
52
-140
-355
-249
-80
29
109
143
133
113
46
-5
-4
48
139
144
37
-31
-115
-245
-191
-17
102
25
-51
-61
-49
33
112
135
56
11
-16
-13
24
71
200
195
143
79
-35
-97
-69
-30
-125
-127
-95
-126
-67
-28
-61
-39
43
55
32
70
96
128
106
-22
-113
-154
-116
-165
-365
-472
-290
-119
-279
-459
-522
-469
-400
-244
-85
-58
33
74
65
217
538
760
674
550
505
348
193
73
-12
-51
-9
-60
-299
-536
-557
-442
-460
-405
-316
-272
-96
74
224
236
335
623
626
525
367
308
301
318
297
140
32
74
104
1
-93
-61
17
92
89
-5
-97
-52
33
-31
-18
123
175
117
-64
-219
-162
-35
84
42
-28
-23
-31
-107
-260
-205
-33
127
270
212
41
-52
13
-83
-172
-106
-59
39
28
-4
-99
-38
122
43
43
-18
63
144
-29
-123
-130
8
48
54
-69
-257
-85
28
11
24
34
0
-53
47
-22
-36
72
14
-31
-142
-60
113
180
183
-27
-136
-165
-68
40
-58
-49
-62
-102
-121
-59
49
42
93
110
9
-21
35
58
-38
-114
-92
-45
61
81
34
-49
-77
-57
-131
-118
-48
-8
-6
35
97
42
13
-18
0
76
86
113
52
1
-51
-99
-130
-136
-1
15
27
32
13
-12
4
111
26
28
56
-54
-118
-161
-129
-69
81
119
18
43
29
21
47
70
87
45
4
-54
-49
-71
-60
14
-36
-34
-20
-15
-19
58
92
-8
2
81
24
-45
-69
-137
-62
-5
44
70
53
6
-57
-46
-29
33
78
28
49
117
52
-26
-8
-19
-45
48
115
51
78
84
54
67
78
49
14
-94
-235
-260
-262
-285
-279
-292
-246
-133
-43
139
286
364
334
308
344
302
162
2
-80
-2
84
57
24
-35
-83
-129
-165
-164
-158
-90
-168
-316
-376
-326
-175
84
307
350
264
193
218
215
124
95
118
-4
-69
-32
30
141
183
135
7
-65
-11
35
72
35
5
10
-57
-14
57
79
84
2
-89
-161
-82
39
5
1
-9
-13
21
27
20
24
28
-19
-67
-105
-77
3
41
17
-78
-170
-231
-201
-192
-375
-472
-367
-296
-328
-344
-300
-206
-102
-99
-125
-94
12
44
-56
-91
-79
-43
-31
-50
18
27
83
161
67
-1
31
86
7
-36
62
66
89
166
151
198
428
638
574
476
418
322
265
170
150
85
79
165
118
83
30
99
96
-18
-3
-31
61
85
-14
-126
-160
3
27
-63
-94
-61
9
67
72
-47
-66
-68
-78
-84
-131
-15
11
-12
-71
-158
-158
-149
-50
-119
-187
-129
-13
121
149
154
34
-41
-58
-83
-133
-75
72
95
23
-84
-170
-152
-5
94
40
-2
-44
-72
-71
-44
-1
-12
22
-2
-26
-3
-9
71
82
100
90
-3
-42
-23
35
-18
-4
-11
-53
-29
25
29
-55
-7
60
69
40
-18
-7
-39
-13
12
-28
17
25
19
-16
-29
69
80
86
4
-96
-85
-29
56
60
76
62
-10
-93
-136
-103
-22
26
44
48
13
-1
-8
-23
-55
-20
24
17
33
-8
-89
-119
-83
-21
-16
9
28
-2
-46
-79
-50
19
79
75
2
-83
-119
-73
-10
67
125
149
77
-12
-49
-134
-37
48
93
88
42
69
-6
-12
-42
-5
75
66
13
-114
-109
-36
36
50
2
4
-15
-21
-22
-22
14
-3
4
-67
-66
-11
-9
66
69
35
-28
-24
-11
-23
31
44
58
33
-37
-94
-105
-43
-51
-45
-6
-11
9
11
3
-34
-23
14
13
-3
-25
-51
-4
47
1
-12
34
59
70
24
-23
-12
27
34
-32
-28
-4
0
-23
-67
-46
3
49
41
-2
-13
12
42
71
83
87
84
47
-2
-108
-116
-75
7
77
54
64
9
-10
-26
-95
-75
-10
51
79
81
35
-8
1
29
40
41
-9
-56
-10
2
37
101
92
38
-28
-71
-71
-27
5
-38
-45
-59
-83
-51
31
96
84
67
22
-30
-38
-43
-32
15
-23
-23
24
7
2
29
-2
-40
22
44
9
-7
-36
-98
-79
-14
25
40
51
21
-49
-62
-43
17
54
35
7
-64
-54
-40
7
67
59
91
32
-31
-51
-48
-48
-72
-13
-21
-40
-19
-43
-6
1
25
26
11
72
9
-38
-68
-38
28
2
41
-3
14
53
53
67
42
65
57
21
-41
-62
-60
-54
-21
-29
-28
31
77
44
-13
-18
4
49
54
0
-34
-70
-26
11
8
38
31
46
-17
-34
-51
-43
29
-19
-43
-75
-45
-17
-34
21
-3
26
32
9
16
-28
32
37
48
47
19
37
-7
-1
-1
0
50
53
16
-14
15
11
-5
45
44
34
13
-25
-68
-77
-34
-25
-9
-8
-30
-45
-56
-28
-48
-4
19
1
-8
-62
-52
-38
18
61
80
118
63
58
27
-2
41
24
34
-3
-22
-43
-58
-3
5
22
49
52
25
-25
-31
-51
-26
30
41
37
12
25
5
-8
16
3
11
-1
-46
-104
-121
-73
-51
-5
-8
-23
-24
-44
-18
-23
-21
7
46
69
43
17
-8
5
3
-39
-66
-45
-19
-17
-14
-47
-22
-10
-24
1
11
6
-9
-7
-17
4
38
19
25
36
16
22
25
13
11
3
8
10
7
19
12
9
13
25
31
16
2
-23
-27
-12
5
10
17
19
23
38
43
53
27
16
4
22
26
3
7
4
18
-12
-17
-43
-17
15
-11
-19
-41
-13
-18
-4
11
-6
19
-1
-25
-45
-19
41
20
17
10
-37
-12
-34
-49
-43
-19
49
8
54
19
-3
26
-33
-4
-35
-6
16
5
-8
-44
-6
7
26
29
-5
-12
-9
-15
-18
-25
11
21
13
20
2
-8
3
51
31
18
-18
-3
6
-18
-20
-60
-9
17
14
10
10
37
2
-37
-54
-44
23
16
11
23
-10
8
-22
-2
-7
20
41
8
6
-29
-38
-48
-27
-16
-10
2
25
1
-28
-7
-16
3
10
8
-5
10
7
-11
-1
28
34
20
10
-20
-2
-14
-5
-9
0
19
15
18
-4
-10
-31
-29
-29
-15
-5
10
15
-4
-16
-25
-11
-6
17
16
25
23
26
6
-19
13
15
22
14
5
3
-7
10
-3
2
11
10
7
6
1
-25
-1
4
8
2
-4
-13
-13
-5
-23
5
1
9
17
9
3
-24
-4
-26
-8
14
6
17
4
2
-12
6
24
-8
11
21
26
6
-14
-13
-41
5
2
-8
22
5
24
5
-2
-11
-28
-8
-21
-7
-13
5
33
14
29
3
5
-10
-8
-1
7
10
-2
0
-10
-4
-34
-7
-13
-8
19
-6
22
-18
-4
-19
-19
16
-1
11
-7
1
11
5
15
3
9
12
-11
-20
-29
-6
13
21
9
-14
-15
-13
-7
-5
13
26
35
19
10
1
-14
5
-6
-9
1
18
34
1
-7
2
0
16
-6
-12
-10
15
12
-16
-13
2
19
8
1
-9
-9
6
15
15
-8
11
1
0
-3
-10
3
7
23
6
-9
-2
3
20
-2
-2
-2
1
9
-5
3
-2
9
8
-4
-9
-16
3
-7
5
4
-1
1
13
3
-9
24
7
11
-2
-23
-13
-16
12
-6
-1
2
1
11
-4
5
-11
-17
-13
-25
-5
4
19
19
2
-10
-16
-7
-12
9
13
4
3
-20
-26
-17
3
4
5
2
-15
-4
-13
0
4
-4
14
2
-4
5
-3
7
-1
7
0
-10
1
-7
17
10
10
11
-9
3
-10
-13
-20
0
14
6
4
-6
-6
-6
-8
-2
6
9
15
6
-19
-10
-6
-10
7
7
-1
-6
-10
-13
-13
-14
-11
-7
-12
1
-1
-3
5
4
9
3
8
-2
1
-7
-23
-19
-24
6
8
9
1
6
-4
-31
-9
-5
9
13
13
-2
-14
-15
-12
2
11
31
8
2
-2
-16
-4
-12
7
-2
10
21
0
10
-9
13
14
-2
14
-8
15
13
22
26
4
15
-19
-2
10
18
25
1
9
-6
-4
-3
-2
15
6
5
-8
-4
6
5
4
-7
-10
-8
-4
15
19
17
8
-15
-26
-31
-12
1
16
14
16
3
-21
-11
-23
-8
5
9
11
-1
1
-5
6
7
11
8
-5
0
-11
-3
12
5
4
-3
-8
-21
-27
-17
-4
23
19
12
7
-1
-2
-8
-7
-12
6
7
8
14
2
4
-1
-5
4
8
18
9
6
6
-18
-13
-16
-5
2
0
-1
-9
-4
-11
-4
8
10
7
-4
-7
4
0
7
3
-2
-2
-7
-2
-8
3
8
13
12
-1
1
-16
-9
-12
-2
-3
1
26
4
8
-6
-5
-1
0
9
-9
9
3
-7
0
-10
-2
-5
-3
-5
-11
5
-4
6
14
5
8
2
1
-4
9
5
0
3
2
9
-2
5
-4
-4
6
-7
0
-6
4
2
-11
-7
-18
-18
-28
-16
9
12
22
0
-11
0
0
10
5
5
-5
-14
-8
0
14
17
13
-3
-12
-19
-14
-8
9
32
23
24
-6
-44
-38
-8
-6
10
53
43
26
0
-43
-44
-24
1
29
35
21
2
-26
-37
-22
6
25
29
34
9
-8
-9
-31
-22
-12
2
12
4
15
3
-4
-15
-9
15
7
32
16
1
-4
-19
-9
-26
-9
2
-7
21
19
4
1
1
-8
-16
-11
-29
-33
-22
-1
-3
-4
0
-8
0
-12
1
9
27
43
16
4
-24
-29
-33
-18
24
31
40
12
-19
-24
-17
8
17
17
13
-10
-37
-56
-54
-12
28
45
40
10
-23
-32
-24
6
53
74
53
7
-39
-63
-62
-14
43
80
71
9
-49
-92
-75
-21
27
73
61
20
-35
-67
-56
-21
48
79
80
45
-20
-50
-67
-27
33
63
73
46
-2
-44
-48
-21
31
71
61
12
-63
-95
-77
-35
12
40
34
-9
-31
-46
-48
4
44
59
32
-17
-36
-56
-35
22
59
73
67
27
-35
-56
-27
7
28
43
24
-5
-39
-57
-46
-38
3
25
2
4
-8
-14
-16
-20
-5
-17
-8
8
10
36
37
52
36
1
1
-30
-25
7
31
59
35
6
-6
-20
-11
1
29
51
56
50
-10
-34
-22
-10
14
21
20
1
-14
-25
-40
-31
-14
-28
-47
-61
-44
-25
-20
-17
-34
-27
-25
-32
-25
-4
26
39
36
20
3
8
-6
1
50
76
85
52
-5
-47
-57
-29
2
41
49
10
-45
-78
-82
-47
5
34
26
4
-28
-40
-20
1
38
59
48
19
-13
-5
27
62
82
82
63
26
-23
-69
-74
-34
27
75
36
-47
-98
-135
-131
-79
4
69
66
-17
-115
-113
-79
-11
78
101
104
60
-27
-71
-24
61
97
94
70
36
6
-8
-7
-16
8
10
-70
-117
-118
-99
-45
49
94
83
72
-8
-85
-115
-83
3
44
25
8
-1
-27
-11
38
40
42
2
-73
-85
-36
20
54
62
12
-18
-30
-38
9
44
56
44
16
-17
-22
33
65
84
98
106
71
26
65
94
90
95
19
-116
-175
-207
-277
-227
-21
95
63
-69
-212
-190
-69
-14
-21
33
125
90
-76
-153
6
211
298
254
145
139
187
145
64
73
72
-51
-184
-252
-225
-91
32
44
6
-27
-130
-209
-142
-26
69
119
109
18
-109
-140
-73
43
119
119
31
-56
-66
-75
-23
88
165
162
108
44
-33
-22
44
14
-65
-137
-190
-124
6
99
191
299
279
49
-149
-161
-120
-48
83
203
339
487
278
-206
-323
-292
-490
-531
-310
-83
163
176
-241
-372
9
70
-176
-78
135
157
-15
-295
-289
128
471
476
396
477
552
324
-27
-119
-45
-118
-301
-455
-425
-126
92
99
209
253
-36
-246
-301
-394
-278
-32
60
76
89
15
-18
111
203
174
75
-22
-55
-169
-206
16
206
252
221
96
-65
-95
-20
-61
-40
37
-78
-198
-220
-156
44
239
356
411
248
-29
-97
-87
-114
75
378
618
656
124
-407
-358
-354
-674
-643
-306
-25
218
-120
-634
-197
411
171
-156
-11
189
132
-282
-580
-80
605
653
432
368
509
585
226
-155
2
108
-254
-581
-669
-487
-108
67
146
415
373
-23
-174
-259
-403
-314
-217
-207
-66
-22
-54
150
369
340
179
10
-98
-77
-105
-147
47
249
224
83
-32
-70
-3
66
-6
-106
-102
-59
-87
-82
-16
9
45
110
88
-46
-35
70
65
20
59
264
586
869
580
-171
-384
-338
-846
-1156
-762
-186
318
262
-500
-580
323
446
-116
-22
380
403
-85
-731
-600
353
869
621
385
414
584
445
-138
-190
295
118
-573
-906
-799
-400
30
322
598
698
276
-236
-353
-403
-403
-261
-102
44
15
-138
-28
308
375
135
-180
-384
-308
-220
-107
293
583
548
370
87
-170
-156
-32
-79
-133
-156
-265
-216
-31
102
261
271
126
-26
-181
-318
-257
21
198
238
200
313
601
892
786
22
-500
-454
-767
-1335
-1115
-367
320
563
-164
-628
304
850
75
-215
276
423
52
-601
-809
59
973
866
423
288
342
346
-134
-527
-171
-9
-422
-668
-585
-401
140
626
666
640
276
-184
-173
-114
-224
-148
-39
-64
-114
-385
-363
174
310
-33
-158
-217
-278
-54
55
106
417
463
112
-50
-117
-85
269
386
101
-85
-140
-239
-172
-19
41
174
142
-149
-263
-202
-85
128
124
-45
-74
-96
66
545
999
1417
1192
-254
-1201
-916
-1244
-1762
-910
89
509
555
-398
-829
620
1306
327
-91
163
140
-313
-1137
-1161
352
1308
784
286
113
326
680
71
-596
-112
-34
-828
-962
-630
-131
847
1217
815
503
-126
-655
-292
-109
-356
-80
212
126
20
-415
-549
238
436
-297
-639
-708
-691
-216
104
268
874
1080
596
290
31
-266
-154
-167
-443
-324
-161
-128
130
317
228
250
187
-180
-285
-249
-281
-25
208
91
122
185
100
315
608
694
1137
1136
-475
-1488
-807
-820
-1421
-874
-120
457
988
-109
-1265
238
1463
121
-674
65
560
397
-420
-967
11
1169
821
-127
-519
-74
634
237
-608
-169
319
-382
-804
-628
-432
343
1088
844
496
142
-501
-358
129
-83
-122
299
489
426
-246
-958
-348
213
-457
-794
-509
-419
-24
351
145
420
1016
683
175
20
-337
-352
12
-37
-269
-300
-182
105
239
3
34
258
-42
-297
-271
-463
-140
609
603
198
201
221
108
135
112
334
1010
1358
235
-1584
-1667
-666
-1010
-1343
-382
456
943
423
-1340
-1179
1205
1185
-531
-56
1033
1135
572
-656
-820
703
1166
-89
-776
-510
185
634
-283
-754
334
327
-744
-813
-501
-134
862
1062
393
345
-9
-518
103
372
-115
130
511
432
281
-379
-788
-172
-421
-1459
-1136
-361
-33
616
816
511
849
815
101
-39
-157
-525
-235
115
-109
-70
90
106
411
290
-367
-470
-294
-338
-137
66
12
380
786
424
112
145
-25
-136
-166
-409
-146
783
1627
1728
81
-1569
-963
-799
-2394
-2222
-404
730
1295
53
-1625
376
2667
807
-740
365
1027
712
-492
-1786
-510
1658
1209
-221
-472
-190
318
-57
-1416
-967
261
-325
-874
-315
51
719
1639
1163
379
80
-835
-812
297
115
-241
539
1028
927
272
-896
-857
-192
-1206
-2110
-1299
-494
346
1335
1314
1199
1479
760
-308
-592
-905
-998
-304
9
-233
-143
188
561
744
402
-163
-545
-730
-688
-506
-326
170
849
885
520
425
206
-39
-101
-521
-860
-164
730
1650
2629
870
-1737
-887
-427
-3011
-3265
-822
445
1454
749
-1648
308
3640
1495
-1157
-67
811
513
-568
-2281
-952
2153
1988
328
-233
-426
86
-16
-1742
-1637
187
-142
-777
60
183
601
2068
1742
202
-423
-1307
-1424
208
533
-157
753
1715
1436
671
-436
-835
-443
-1236
-2707
-2753
-1438
360
1729
1927
1759
1771
1042
-450
-1481
-1703
-1372
-434
388
203
125
796
1029
893
601
-285
-937
-871
-876
-898
-310
558
1277
1481
852
127
-1
-51
-491
-843
-938
-736
252
1439
2314
3050
1378
-1811
-1759
-1017
-3500
-3920
-721
1140
2156
1474
-1621
-76
4228
1799
-2291
-1001
574
237
-573
-2056
-574
3488
3438
290
-1001
-951
-397
-374
-2235
-2422
84
410
-647
172
672
788
2253
2064
-179
-1350
-2056
-1952
239
1196
322
1227
2576
1953
541
-1015
-1371
-183
-938
-3057
-2565
-771
413
2014
2613
1581
1261
734
-1002
-1721
-1589
-1517
-216
1168
764
388
958
1219
989
175
-943
-1271
-1083
-1026
-565
125
678
1555
1757
392
-608
-364
-476
-838
-788
-883
-670
331
1265
1994
2986
3222
592
-2714
-2650
-2317
-4105
-3104
279
1617
2701
2018
-1419
-118
3458
431
-3165
-1278
527
390
-226
-1325
251
3474
2762
-107
-1345
-1343
-544
-643
-2172
-1511
1112
1247
200
533
204
-31
1115
626
-1515
-2251
-2026
-873
1608
2135
1032
1717
2475
1198
-824
-2367
-1991
-554
-1280
-2677
-1678
117
1272
2050
1540
550
581
180
-1102
-1474
-1095
-600
531
1390
819
170
531
717
191
-649
-1194
-1025
-614
-377
-163
249
897
1534
1050
-437
-1024
-676
-318
-319
-665
-576
115
870
1638
2374
2855
2940
495
-3436
-3740
-2463
-3502
-2709
888
2491
2953
2067
-1711
-1324
2805
660
-3513
-1524
1218
994
414
-340
584
3489
2890
-750
-2193
-1452
-601
-597
-1440
-883
1201
1256
-66
-122
-307
-499
626
755
-746
-1323
-1157
-412
1805
2490
783
748
1980
927
-1337
-2326
-1725
-114
109
-1769
-1851
361
1111
562
681
521
176
288
-441
-1036
-593
-403
175
1305
1038
152
327
571
347
-389
-1317
-916
-137
-501
-554
93
392
963
1105
-245
-1037
-468
-176
-448
-584
-398
362
1329
1659
2028
2854
3005
444
-3467
-3869
-2128
-2905
-2971
499
2505
2656
2102
-1502
-2222
2266
1504
-3440
-1939
2115
1995
692
-161
245
2672
2499
-1100
-2672
-1371
-324
-474
-1127
-701
1090
1229
-330
-655
-444
-553
181
684
-141
-778
-955
-327
1827
2528
830
468
1600
1086
-823
-2066
-1767
-370
-109
-1503
-1928
-433
924
898
275
95
385
271
-249
-480
-634
-525
497
1324
835
233
430
633
551
-24
-1186
-1276
-366
-397
-732
-284
319
786
932
243
-614
-606
-180
2
-327
-611
407
1491
1542
2146
2571
1997
1527
-1325
-5017
-3552
-1109
-2490
-1394
2155
2495
1996
79
-3728
-1941
2000
-958
-3518
436
3193
2142
980
-19
546
2184
466
-2831
-2777
-825
-201
-553
-752
167
1435
718
-644
-486
-367
-544
247
576
202
131
2
969
2689
2023
89
295
1040
-133
-1809
-2307
-1321
225
247
-1220
-1509
157
1023
-240
-873
454
1117
675
551
-107
-719
290
1099
396
242
865
560
192
118
-950
-1753
-947
-563
-1179
-741
414
1019
1391
1260
219
-529
-262
13
-438
-661
448
1866
2089
1916
1905
1939
1644
-1411
-5314
-3997
-1151
-2616
-2110
2016
3276
2837
904
-3422
-2344
2576
258
-3534
758
4919
3261
905
-321
-58
1570
265
-3526
-3312
-115
395
-702
-459
995
1942
635
-1442
-1724
-1179
-999
144
1598
1825
1318
306
432
1905
1154
-1189
-759
949
178
-1571
-1891
-727
700
30
-2197
-2231
-193
432
-437
-58
1328
1662
1148
515
-502
-902
-157
179
150
694
842
344
336
13
-1398
-1825
-1068
-808
-756
-4
836
1161
1493
1098
-246
-792
-499
-339
-188
15
614
1789
2231
1555
1086
1050
1005
-790
-4638
-4784
-1269
-1123
-1377
1771
3167
2799
1630
-3394
-4859
1213
1800
-3002
122
5741
4431
1255
-541
-1535
13
248
-3593
-4250
-89
1723
573
104
924
1780
385
-2566
-2985
-1162
-238
887
2450
2694
2024
409
-1161
-353
478
-1052
-980
1476
1659
-188
-1067
-937
-164
-204
-2070
-2975
-1189
560
363
203
1480
2339
1500
-6
-1326
-1842
-944
448
1052
1336
1773
1352
293
-626
-1857
-2635
-2124
-988
-256
522
1696
1933
1374
565
-687
-1527
-1210
-387
162
826
1271
1461
1602
908
171
140
848
1029
-2164
-4824
-2081
83
-1553
-464
2700
2983
1650
-2250
-6001
-1641
3612
166
-1435
4489
6196
1585
-1960
-3111
-1407
1067
-1060
-3596
-229
3197
1568
-675
-469
716
443
-2524
-4157
-1321
1402
1813
2627
3230
2238
-131
-2865
-2897
-376
250
-124
2157
3595
1518
-593
-1433
-1441
-1210
-2493
-3644
-1736
1130
1496
1132
2103
2110
450
-1199
-2433
-2505
-637
1589
2448
2621
2441
828
-1135
-2171
-2908
-2842
-1321
380
1073
1520
2020
1464
172
-727
-1407
-1839
-1176
265
1483
2040
1930
1347
234
-751
-642
75
1243
2175
-382
-3732
-2098
-348
-2454
-1757
1749
2492
1512
-1775
-5298
-1120
4327
805
-1496
3946
5438
461
-2998
-3226
-518
2419
63
-2725
598
3306
551
-2194
-1482
660
646
-2604
-3918
-237
2463
1898
1824
2051
1393
-740
-3666
-3080
802
2269
1661
2930
3512
967
-1744
-3222
-2949
-1544
-1524
-1784
-188
1818
1751
493
281
347
-434
-1682
-2176
-978
935
2445
2704
1694
881
-47
-1771
-2645
-1908
-604
483
1113
765
44
183
-56
-1039
-885
-242
-302
188
1242
1640
1475
984
85
-609
-575
12
935
2393
2452
-1419
-3960
-1677
-1487
-3381
-623
3031
3073
1555
-2373
-4944
-183
2555
-2268
-1321
5628
5040
-328
-2420
-1513
1522
2348
-2038
-2947
2455
3393
-998
-2446
-469
1107
-662
-4642
-4146
1009
3180
2047
2266
2738
1386
-1905
-4827
-2719
1713
2313
1992
3625
3265
-50
-2806
-3534
-2452
-935
-735
-160
1300
1425
446
-554
-828
-993
-1733
-2079
-1303
699
2379
3025
2987
1658
96
-989
-1911
-2110
-1380
104
887
715
316
-330
-656
-1092
-1209
-459
169
732
1268
1593
1313
502
-119
-1186
-1769
-392
1483
2615
3533
2438
-1976
-3846
-2209
-3389
-3439
1647
4520
2898
133
-3942
-4969
-123
702
-2750
1749
7669
4060
-1264
-2429
-1225
1278
833
-2570
-870
3868
2046
-2137
-1683
363
509
-2192
-4759
-2002
2464
2439
1174
2162
2176
-416
-3644
-4673
-1093
2905
2982
3190
4550
2658
-1385
-3527
-3457
-1910
-751
-704
822
2072
412
-1070
-964
-1388
-2192
-1777
-749
679
2564
2687
1831
1777
492
-1786
-2309
-1040
-15
487
1351
1301
355
-423
-1605
-2087
-1281
-170
483
604
1084
1231
752
99
-478
-430
-707
-850
501
2194
3177
3518
1633
-2774
-4381
-2698
-2959
-2151
2253
4339
3107
-37
-5321
-6139
-651
832
-1311
3454
8145
3945
-1589
-3738
-2956
452
1338
-1058
1006
5235
2368
-2698
-2958
-1129
-213
-1915
-3759
-689
3626
2881
283
387
561
-1209
-3582
-3981
323
4500
3870
2817
3043
987
-2714
-4247
-3052
-436
1513
1301
1120
1172
-782
-2732
-2492
-1581
-1186
-467
554
1380
1964
1299
150
175
93
-911
-1019
216
1024
1015
966
216
-894
-1258
-1585
-1397
-134
1052
1384
1009
425
-141
-381
-556
-479
366
530
75
655
1407
1563
1992
920
-2422
-3120
-1244
-1631
-1243
2096
3428
2091
-567
-4894
-5133
150
1196
-761
3276
6403
2060
-2659
-3975
-2420
1481
2242
8
2133
4805
804
-3679
-3176
-955
313
-850
-2191
843
3807
1249
-1577
-671
-3
-1337
-2691
-2089
1758
4494
2472
589
1081
-179
-2941
-3182
-624
2036
2429
1120
322
-497
-2093
-2817
-1937
-513
558
828
434
417
218
-820
-972
9
446
251
468
1035
883
125
-221
-555
-973
-765
-197
42
455
1157
689
-408
-442
87
26
-50
535
526
-242
-354
235
928
1894
1372
-1624
-2569
-717
-554
-1184
867
2857
2027
-57
-3530
-4705
-673
1626
-105
1261
4667
2615
-2591
-4190
-1820
1412
2069
388
1205
3493
1281
-3225
-3573
5
1733
-207
-1468
598
2839
1003
-2346
-2027
424
265
-1770
-1179
1975
3446
1526
-815
-389
324
-1244
-2142
-354
1927
1860
411
-434
-425
-396
-1313
-1642
-260
796
285
-372
-132
-28
-438
-647
-375
421
1073
885
448
242
82
-424
-898
-723
-116
436
408
297
341
138
-89
-56
196
283
277
338
181
-144
-159
390
1094
1260
-305
-2701
-2208
-243
-259
60
2086
2851
1352
-2024
-5195
-3056
1524
1513
74
2753
3970
-430
-4214
-3617
-185
2744
2060
231
1958
3287
-1071
-4484
-1904
1269
976
-813
-651
1986
2746
-736
-3222
-1135
814
-587
-1680
528
3378
2497
-693
-1319
49
-227
-1313
-622
1033
1883
801
-1262
-1652
-266
83
-835
-245
1021
486
-870
-1277
-983
-183
736
285
-135
746
804
-239
-714
-300
201
341
152
83
173
-96
-382
-431
-49
413
618
650
161
-141
-52
-388
-558
299
1205
1309
1436
-304
-3042
-2105
-208
-522
17
2054
2193
612
-1850
-4464
-2453
1765
1669
481
2772
3159
-950
-3924
-3093
-150
2021
1569
743
2541
2525
-1938
-3964
-1102
1312
763
-401
226
2079
1522
-1984
-2935
-233
804
-686
-954
1310
2838
1111
-1338
-1283
429
322
-820
112
1462
829
-653
-1536
-1299
-125
594
274
458
816
-638
-1890
-1413
-462
598
1408
1282
570
71
-664
-1367
-1068
31
963
1098
827
514
-373
-1102
-867
-222
316
597
1079
895
-234
-1049
-929
-244
324
1188
1762
2001
558
-2753
-2881
-627
321
511
1509
1872
723
-1331
-4113
-3472
824
2427
1071
1652
2517
-211
-3398
-2927
-128
2001
2099
1175
1495
1703
-1106
-3516
-1856
997
1400
391
528
1361
694
-1808
-2816
-817
642
258
-103
779
1486
207
-1586
-1180
811
1166
276
561
1105
57
-1293
-1508
-829
248
934
812
537
287
-975
-2055
-1447
-355
467
1018
1113
607
-58
-701
-1152
-792
303
1140
969
536
432
-78
-755
-693
-181
318
500
642
477
-273
-728
-741
-334
276
1035
1336
1312
1031
-1571
-2862
-831
682
563
1102
1797
820
-872
-3170
-4019
-596
2458
1755
1194
1943
157
-3201
-3385
-657
1871
2728
1948
1424
1499
-712
-3442
-2228
1022
1749
946
1014
1475
749
-1535
-3162
-1732
325
425
176
964
1355
-212
-2045
-1779
-20
1006
937
1408
1908
450
-1620
-2004
-1042
-102
1105
1541
811
335
-1021
-2542
-1774
-130
595
1058
1556
606
-850
-1173
-1188
-852
239
1485
1582
649
-15
-699
-754
-40
361
611
806
709
-106
-1051
-1075
-417
341
608
810
1168
1264
324
-2297
-2652
-265
790
830
1965
2078
356
-1676
-3900
-3406
502
2420
1622
1771
1440
-1576
-4034
-3050
-25
2015
2334
2117
1756
685
-1919
-3377
-1016
1816
2042
1248
1489
1656
-278
-2607
-2722
-544
1014
656
438
773
324
-1413
-2390
-923
778
914
547
884
698
-537
-1342
-934
172
966
1253
924
355
-183
-1301
-1713
-288
635
229
599
837
-599
-1350
-909
-717
255
1425
1053
32
-372
-453
-734
-293
918
1311
802
400
-76
-967
-1492
-688
294
877
1095
709
460
554
-846
-3055
-1675
1067
1291
1088
1689
1073
-279
-1988
-3716
-1682
2396
2612
1060
1178
120
-2629
-3672
-1529
1027
1745
1411
1488
1279
-482
-2702
-2436
605
2288
1358
868
1560
991
-1258
-2437
-1058
908
1285
591
384
54
-1466
-2689
-1502
934
1534
435
275
496
-929
-2093
-1460
227
1602
1884
1190
3
-583
-964
-1444
-344
1433
1397
484
280
-584
-1977
-1328
-37
435
1235
1138
-323
-1169
-723
-405
-313
622
1795
1411
200
-270
-553
-1042
-642
552
1057
1111
892
-8
-17
-241
-2580
-2192
830
1552
724
1019
654
-476
-1323
-2759
-1902
1779
2842
1335
512
-155
-1757
-2814
-1304
1167
1928
870
383
606
-686
-2645
-2060
963
2889
1756
62
49
449
-649
-1605
-398
1420
1738
1028
-4
-730
-1211
-1772
-1096
870
1443
362
-160
-135
-1028
-2352
-1574
137
1277
1463
838
-35
-784
-802
-761
-192
1565
1819
856
255
-501
-1587
-1561
270
1025
847
889
-195
-1355
-1129
-410
47
612
1536
1048
-517
-842
-551
-440
-3
998
1193
418
130
-174
-281
666
-297
-2134
-224
1484
208
-536
172
3
-339
-1179
-2338
-249
2363
1856
663
-84
-869
-1595
-1585
386
1803
1147
264
769
66
-2044
-2411
-652
1807
2290
481
-219
588
226
-1374
-1352
385
1438
1687
835
-243
-661
-1172
-1293
110
1269
404
-144
-30
-753
-1443
-1639
-813
838
1361
682
-36
-786
-867
-218
-143
129
1167
1006
401
346
-575
-989
142
828
546
184
-228
-811
-841
-173
-97
-127
585
997
130
-908
-723
30
383
543
641
461
289
72
23
130
767
-171
-2143
-588
824
222
276
438
-110
-106
-1103
-2905
-753
2619
2098
789
-138
-1114
-1280
-1292
-316
1000
1453
1204
1152
6
-1846
-1999
-560
1132
1661
417
-146
564
184
-1163
-1159
186
1301
1588
658
-589
-845
-684
-337
685
1167
172
-299
-42
-648
-1322
-1324
-609
783
1142
209
-660
-904
-483
105
-133
-172
923
1003
360
2
-753
-668
553
951
619
225
-364
-827
-647
-229
-24
-37
623
1047
-85
-1189
-934
-7
505
600
437
150
351
230
7
170
366
458
-892
-1297
-358
126
712
979
454
-98
-814
-2421
-2214
1010
2153
1237
638
-636
-1187
-1135
-929
153
1321
1644
1241
453
-1369
-1899
-772
486
1609
1050
-254
-53
178
-893
-1501
-190
1364
1845
1133
-654
-1421
-845
-261
305
1070
775
189
179
-529
-1516
-1585
-588
810
1284
389
-589
-785
-631
-351
-413
-359
681
1290
408
-511
-845
-770
322
1360
1201
328
-157
-374
-796
-806
-269
331
1112
1381
128
-1431
-1309
-5
528
439
479
425
305
220
-46
-119
378
1242
271
-1705
-1270
-328
574
1395
897
-26
-123
-1283
-2706
-919
1175
1389
1323
-67
-1309
-1009
-951
-444
916
1356
954
901
-581
-1720
-701
447
1218
1326
143
-42
458
-666
-1587
-306
1079
1408
1038
-485
-1362
-808
-408
66
1058
1154
345
153
-487
-1762
-1580
-254
833
1361
486
-849
-1040
-802
-614
-332
55
823
1138
-7
-1058
-1074
-727
424
1495
794
15
-28
-233
-518
-272
213
604
1116
948
-481
-1388
-502
440
533
333
-3
-318
-183
-119
-314
404
1193
1433
768
-1874
-2570
-714
975
1649
1245
82
-162
-365
-2612
-2594
782
2289
2075
443
-1851
-1541
-544
-785
-28
1424
1278
826
-140
-2023
-1386
717
1506
1468
865
-51
-62
-215
-1222
-800
871
1528
1134
-70
-1467
-1469
-450
217
748
1147
515
140
-296
-1750
-1891
-123
1124
1473
850
-737
-1227
-545
-468
-400
272
833
870
-6
-1085
-1228
-299
828
1416
724
-309
-290
-366
-679
-207
516
1029
1270
733
-575
-1279
-497
497
870
774
125
-318
-670
-786
-540
120
1092
1714
1399
-1199
-2978
-1567
228
1520
1618
444
49
-187
-2197
-3054
-119
2443
2513
934
-1807
-2165
-788
-822
-90
1583
1798
1147
-150
-2359
-2200
89
1240
1503
1464
332
-140
-252
-1340
-1066
829
1559
1168
167
-1406
-1742
-729
117
798
1489
1054
254
-378
-1892
-1988
76
1372
1498
839
-562
-1077
-599
-487
-349
534
1105
790
-88
-1239
-1238
-251
535
1036
602
-167
-88
-214
-727
-474
604
1154
976
386
-682
-980
-141
677
980
842
266
-143
-513
-803
-677
-37
826
1162
1025
-775
-2599
-1626
13
1240
1740
834
12
-222
-1841
-3225
-776
2605
2887
1416
-1381
-2576
-858
-502
-487
1128
2162
1418
-59
-2291
-2770
-27
1577
1363
1375
352
-438
-213
-986
-1140
1025
2373
1599
356
-1148
-1971
-901
251
552
1147
1037
36
-790
-2065
-2153
-70
1473
1422
528
-726
-1320
-795
-437
-222
963
1461
467
-766
-1568
-1029
326
1201
1044
224
-471
-654
-684
-615
30
992
1255
669
-231
-891
-681
71
656
959
680
222
-253
-714
-588
-85
624
951
968
488
-1364
-2420
-1263
327
1272
1431
703
-307
-755
-2068
-2631
357
3007
2532
489
-1900
-2266
-821
-356
131
1856
2491
1084
-1029
-3185
-2370
964
2063
1374
957
104
-491
-654
-1388
-725
1638
2293
931
-263
-1194
-1370
-440
106
748
1615
1289
-246
-1612
-2311
-1708
646
2015
1104
-62
-942
-1363
-1013
-569
279
1526
1472
-118
-1375
-1409
-463
823
1229
833
376
-392
-939
-771
-393
444
1299
1046
15
-700
-686
-391
160
643
636
634
271
-492
-748
-352
230
781
962
578
-264
-1599
-1631
-397
434
1088
1261
299
-599
-1590
-2648
-1131
1953
2629
1428
-497
-2041
-1449
-607
-483
868
2440
1886
-100
-2173
-2674
-263
1761
1361
823
646
-27
-697
-1262
-1147
793
2319
1475
-81
-929
-1078
-570
-62
238
966
1468
692
-996
-2100
-1812
-181
1298
1147
356
-322
-1043
-1299
-990
-133
1225
1813
526
-1205
-1665
-875
403
1102
1068
810
186
-675
-1214
-740
405
1286
1140
134
-476
-440
-305
72
385
704
759
169
-486
-857
-645
-58
722
1000
812
569
-695
-2104
-1553
-90
1098
1697
1049
-264
-1016
-1994
-2539
-364
2293
2655
1234
-1255
-2308
-1251
-729
-194
1615
2514
1276
-862
-2699
-2158
661
1774
1055
905
575
-348
-1111
-1340
-150
1918
2208
688
-565
-1115
-1088
-499
26
707
1578
1291
-228
-1620
-1975
-1169
397
1192
753
367
-168
-1194
-1618
-1108
242
1532
1442
136
-1019
-1152
-738
54
816
1066
1036
181
-994
-1289
-553
663
1320
876
46
-335
-348
-365
-254
283
1001
1050
145
-696
-735
-286
217
536
616
752
788
-541
-2059
-1629
-75
1145
1441
702
-236
-643
-1710
-2490
-615
2018
2870
1412
-1342
-2308
-1293
-764
-159
1562
2567
1500
-776
-2790
-2136
672
1760
1249
1007
509
-423
-1389
-1684
-155
2105
2302
748
-535
-1124
-1055
-613
-185
786
1786
1364
-165
-1532
-1961
-1146
65
756
942
702
-144
-1265
-1781
-1228
274
1557
1438
332
-801
-1253
-1015
-249
700
1288
1304
444
-882
-1432
-739
396
1024
854
279
-73
-238
-482
-486
15
719
930
243
-449
-504
-306
-118
105
439
809
966
-88
-1748
-1838
-595
752
1231
908
313
-304
-1466
-2531
-1310
1289
2720
1921
-523
-1890
-1436
-1114
-717
911
2421
2022
62
-2152
-2418
-223
1282
1197
1115
977
228
-938
-1595
-782
1223
2084
1064
-89
-585
-680
-603
-439
328
1420
1608
269
-1240
-1719
-1235
-346
340
767
891
377
-807
-1759
-1493
-219
974
1237
598
-268
-728
-818
-596
135
913
1165
615
-294
-828
-572
183
585
688
623
291
-40
-429
-575
-204
406
712
483
90
-185
-282
-297
-227
276
808
952
305
-1106
-1651
-903
136
794
965
769
43
-1110
-2210
-1839
307
1880
1728
292
-1025
-1212
-1091
-890
209
1715
2018
664
-1065
-1768
-752
593
886
938
1019
543
-378
-1098
-872
354
1255
889
167
-112
-317
-492
-421
-81
601
1064
455
-605
-978
-762
-441
-59
354
547
397
-220
-1008
-1193
-573
289
690
513
84
-288
-622
-676
-70
482
719
678
174
-326
-365
-142
4
226
417
365
274
42
-173
-156
-1
209
275
205
83
-97
-296
-344
34
450
710
685
-166
-1145
-1255
-633
234
998
1204
665
-179
-1369
-2199
-1247
595
1693
1537
284
-821
-1098
-1156
-838
384
1630
1558
382
-1076
-1488
-417
484
673
810
780
395
-327
-844
-513
372
828
498
79
-88
-74
-99
-248
-14
378
362
-79
-511
-510
-250
13
112
20
-25
-97
-288
-455
-402
-8
231
159
-17
-265
-293
-120
20
82
127
215
117
23
67
76
88
119
109
99
150
145
134
131
14
-64
2
101
179
100
-125
-214
-172
-30
279
487
497
115
-644
-1005
-669
-8
581
804
632
219
-564
-1420
-1257
-80
919
1112
476
-330
-505
-650
-979
-517
498
1064
801
-138
-674
-192
122
-195
-141
405
761
545
-149
-413
206
605
119
-347
-138
207
210
-7
0
450
644
-83
-852
-808
-261
304
410
233
165
15
-475
-833
-441
193
453
278
-188
-351
-190
-183
-223
-61
286
381
83
-237
-250
-37
61
93
168
217
261
176
-71
-181
-51
54
127
259
195
7
-117
-202
-108
55
101
181
286
187
-112
-453
-500
-93
317
313
205
260
174
-219
-674
-691
-125
426
447
97
22
117
-233
-608
-471
-32
301
200
-183
-116
302
211
-147
-130
32
120
9
-207
114
668
573
34
-366
-404
-177
-2
-31
149
523
420
-123
-451
-421
-158
124
100
-7
122
216
3
-274
-285
-140
6
28
-70
1
118
21
-144
-150
-14
60
32
-90
-186
-58
54
103
212
174
6
-127
-234
-182
85
361
385
208
-33
-242
-184
-80
-52
101
142
87
60
63
153
129
-51
-270
-324
-147
55
330
522
394
-78
-579
-622
-308
48
235
234
200
47
-317
-507
-253
99
133
-63
-215
-41
266
222
39
10
-30
-162
-251
-107
328
633
397
9
-144
-111
-111
-151
39
256
302
217
-22
-134
-37
-111
-232
-120
71
198
231
129
-80
-173
-211
-301
-163
56
134
114
-2
-143
-158
-150
-235
-156
31
109
169
122
-33
-89
-126
-184
-94
143
249
192
115
-46
-115
4
36
76
173
110
-35
-24
53
191
326
218
-52
-226
-268
-175
-10
229
418
343
36
-376
-470
-233
-47
103
100
120
150
-136
-429
-438
-211
39
94
7
56
198
79
-149
-193
-133
15
44
-64
66
343
358
199
41
-105
-134
-111
-125
135
465
424
204
-30
-212
-182
-92
-86
20
183
202
92
-18
-114
-139
-135
-222
-220
-73
22
108
93
-126
-252
-202
-182
-130
5
43
54
68
-73
-150
-46
31
-8
-33
-36
-30
94
130
77
181
175
18
-91
-185
-138
28
265
445
429
259
-36
-313
-369
-199
45
351
601
457
19
-399
-545
-396
-102
140
232
215
36
-261
-328
-169
-36
18
-62
-191
-119
29
83
155
182
21
-217
-336
-201
171
467
383
144
9
-118
-154
-58
99
293
337
157
-71
-102
14
16
15
37
29
21
-24
-74
-14
65
1
-78
-94
-110
-79
-61
-140
-124
-29
-42
-61
-48
-64
-73
-95
-128
-112
-22
71
33
-63
-54
-31
-9
-7
-8
49
125
122
17
-11
0
23
44
24
104
245
207
-17
-222
-260
-132
58
173
218
237
98
-158
-279
-144
82
190
152
13
-67
-144
-207
-117
40
132
32
-159
-193
-47
95
103
47
23
-27
-75
-65
13
187
236
91
-67
-104
5
117
160
150
108
26
-65
-76
-13
108
182
77
-51
-113
-115
-32
17
27
48
33
-41
-125
-171
-162
-79
-2
-6
-8
-6
-50
-99
-143
-137
-65
-6
-4
-49
-71
-22
35
28
19
-9
-23
-17
-32
27
131
122
33
-75
-177
-130
32
125
233
269
153
49
-43
-100
-20
118
185
182
70
-62
-76
-68
-71
-23
-23
-18
-22
-81
-65
28
91
29
-92
-158
-133
-39
-53
-21
75
66
17
-41
-48
69
154
48
-44
7
76
109
121
101
108
69
-86
-129
-24
109
179
125
7
-88
-109
-151
-108
62
121
139
38
-132
-172
-176
-104
-13
29
28
-16
-40
-113
-101
-83
-111
-38
16
30
44
15
-41
-62
-37
-4
41
92
121
97
47
38
44
69
89
62
0
10
69
127
154
86
1
-51
-105
-83
14
89
148
87
-109
-175
-101
-52
9
-3
-68
-70
-84
-127
-78
9
-1
-64
-179
-214
-59
78
106
64
-21
-80
-108
-84
7
147
194
103
13
-38
1
90
96
67
50
31
6
29
52
74
57
-9
-46
-54
-5
34
17
-14
-47
-61
-26
18
-6
-67
-76
-78
-55
-13
8
5
-25
-87
-133
-68
-3
6
5
-58
-78
-23
2
37
91
80
17
-10
-22
25
104
103
55
27
37
52
43
10
36
56
32
43
34
35
43
-14
-60
-67
-53
16
64
41
24
-19
-79
-106
-108
-89
-28
13
-32
-39
-24
-42
-49
-107
-117
-36
13
47
66
38
19
-6
-58
-48
21
79
123
130
52
13
-5
-45
6
62
93
129
76
-3
-32
-35
-17
35
44
19
8
-30
-74
-53
-27
-22
22
5
-50
-84
-111
-76
-22
-10
-5
-12
-36
-58
-47
-48
-21
9
-4
22
32
10
-3
11
30
47
56
62
89
79
15
-8
0
47
108
96
65
53
24
-18
-28
22
73
83
52
-22
-67
-63
-48
-20
2
-4
-21
-56
-86
-71
-49
-33
-8
-8
-46
-50
-32
-16
7
4
-17
-23
-11
5
14
28
27
6
17
16
18
27
29
41
65
79
55
40
25
-10
2
20
26
47
45
-17
-58
-39
-31
-10
14
-9
-15
-7
-44
-58
-36
-49
-59
-41
-52
-31
-11
-16
-25
-30
-37
-53
-13
18
11
8
-12
-39
-35
3
35
57
65
36
4
18
25
27
46
31
7
5
6
29
73
61
29
10
-35
-31
5
35
61
37
-8
-65
-93
-72
-22
36
64
38
-34
-87
-86
-54
-15
13
30
18
-11
-47
-76
-45
14
31
10
0
3
2
-1
-15
-12
13
23
13
12
18
32
46
18
-12
-7
-4
1
21
18
7
12
-13
-36
-24
4
17
13
-4
-24
-35
-38
-19
22
47
34
-2
-42
-58
-45
-18
2
38
48
4
-29
-35
-16
20
44
49
35
12
-6
-19
-8
11
48
52
35
24
4
0
8
28
28
9
-15
-21
-7
9
6
-4
-5
-8
-23
-28
-23
-4
16
15
1
-19
-38
-36
-15
3
11
9
-2
-28
-32
-32
-18
5
16
9
-2
-6
-15
-14
-2
19
39
41
39
9
-23
-22
-36
-20
18
24
27
22
-19
-45
-25
-4
-1
27
23
2
-4
-36
-45
-35
-7
19
9
8
13
8
3
-4
-6
-18
-7
11
21
22
13
9
-1
-3
-5
6
6
17
33
12
9
1
-11
-16
-1
9
22
31
16
8
-20
-37
-16
5
25
23
5
-23
-36
-35
-33
-8
10
8
-8
-31
-32
-24
5
27
29
25
-3
-17
-34
-16
19
14
17
4
-5
-10
-11
-2
9
32
27
24
23
1
-4
-7
-6
9
15
18
20
21
-5
-25
-24
-21
-6
18
14
1
-7
-29
-34
-26
-10
-1
-8
-20
-23
-9
3
-1
-10
-18
-14
0
6
2
3
10
8
-2
-2
5
25
35
24
8
10
12
2
3
5
18
21
3
-17
-8
8
8
13
1
-13
-6
-8
-13
-2
8
7
1
-12
-15
-11
-5
-13
-13
-1
-12
-7
-4
-12
-16
-7
6
2
14
9
-10
4
0
-1
2
7
19
10
0
-9
-3
14
12
15
6
-7
-15
-20
-4
15
24
6
-5
8
2
4
10
7
18
7
-17
-18
-8
1
-3
-4
-12
-3
5
-19
-13
2
-2
-4
5
-2
9
19
-5
-4
4
-5
1
14
9
0
-4
-5
-8
5
18
19
22
7
-9
-12
-6
7
12
5
0
3
5
1
2
4
-2
-5
-17
-32
-17
2
9
-3
-14
-20
-26
-11
-4
-2
10
5
-3
-17
-18
-12
8
26
20
8
-8
-8
-9
1
21
20
14
-5
-12
-7
3
19
21
23
-5
-16
-8
-14
-5
-6
9
14
5
6
-6
-5
1
-4
-6
0
9
-5
-17
-13
-10
6
14
6
2
-5
-9
2
8
12
7
11
6
-14
-6
-7
9
23
14
10
7
7
-2
-4
-2
-1
9
-1
2
4
-7
-8
-10
1
0
-5
-8
-13
-15
-11
4
-5
-1
-3
-11
-5
-6
0
-6
2
7
-4
2
-2
-1
-5
-1
9
-1
3
3
7
14
8
10
13
16
13
4
2
-3
-7
-9
-4
4
14
11
-2
-4
-17
-12
-10
-9
11
3
8
-11
-17
-11
-13
4
2
11
10
8
-2
-12
1
-2
5
5
8
8
5
3
-7
7
10
11
-2
-12
0
-4
7
9
12
15
7
-1
-10
3
10
6
14
0
-8
-6
-5
-11
-21
-11
-19
-29
-29
-32
-17
-25
-34
-50
-63
-40
-27
-17
-24
-29
-32
-37
-29
-26
-37
-38
-35
-34
-16
-13
-18
-26
-37
-25
-14
-10
-19
-14
-16
-13
-7
-8
-7
-13
-7
-9
-12
-3
13
7
-3
1
-16
-8
-9
5
21
6
16
2
14
19
4
6
-6
18
26
17
23
1
-1
-3
4
23
20
34
22
10
15
3
11
5
13
32
20
28
14
8
14
0
14
22
36
41
28
22
1
-3
10
3
11
13
17
26
24
21
17
15
24
11
10
30
25
17
9
1
0
-1
22
4
13
23
2
23
4
16
12
6
22
-11
12
-1
-7
23
8
27
2
4
2
-1
29
6
26
18
10
13
-4
6
-8
10
14
7
15
-3
10
-2
9
9
-10
8
-9
7
31
26
14
6
13
-21
-20
-9
-9
24
13
-5
-10
-8
7
-1
13
13
15
23
18
13
-5
-4
-9
-10
-5
4
19
7
6
-5
-8
-11
5
2
-15
0
-20
-12
3
2
0
2
7
-3
-3
-14
-9
3
1
6
11
-11
-20
-12
-23
-4
-6
-4
-7
13
8
-7
-3
-13
15
8
18
-2
-3
4
-3
15
-5
14
-4
4
-4
-17
10
-3
14
-2
-2
-6
-22
-14
-9
8
7
19
6
3
-8
-13
-2
-17
10
-11
5
20
2
5
-22
-4
-22
1
-11
-24
18
-11
10
-5
-1
-8
3
21
-4
13
-8
-4
-9
2
-4
0
21
11
10
-1
2
-18
-2
3
-16
-7
-4
-23
-12
6
-13
14
3
0
-7
-5
13
-28
-1
-16
7
21
2
13
-43
-9
-17
-9
12
-4
23
-3
6
-33
-12
5
-1
18
-21
4
1
4
-24
-3
11
-8
26
-17
5
7
-14
-2
-28
-9
5
1
2
-17
-2
2
-4
23
-18
17
1
-8
13
-37
10
-6
13
12
3
13
-10
23
-16
6
12
3
5
-10
-11
-20
9
-8
23
16
6
12
-24
4
-16
3
5
-1
22
-9
1
-18
-4
6
1
13
-7
7
-6
-6
11
-6
10
5
-9
-2
-2
9
-1
13
6
-1
16
-27
2
-6
5
-4
-21
15
-14
21
-11
-4
0
-7
15
-19
14
-15
1
0
3
-2
-6
26
-14
22
-11
-8
-3
-15
20
-23
24
-14
-14
12
-18
25
-24
6
9
-4
17
2
21
-9
-4
-23
-8
11
7
-4
-7
5
-10
3
-15
5
5
2
4
-4
6
-17
2
-22
-2
-9
-8
12
-16
19
-18
4
-13
-10
14
-18
18
-10
4
1
-7
9
-16
4
-5
-6
9
-14
-11
9
-2
12
-8
0
0
-18
14
-6
15
3
8
-3
-5
19
-15
7
-2
-1
-28
-6
-4
5
38
20
5
-34
11
-33
12
14
-11
24
-29
32
-33
5
24
1
32
-17
18
-24
0
3
-23
18
-4
8
0
3
22
-26
6
5
12
13
-19
9
0
-3
-10
-12
6
26
20
-28
-10
-23
-16
2
20
6
-15
-1
-9
13
-4
-42
-22
0
9
22
-6
24
-15
23
10
-18
11
-38
23
-46
-3
5
-4
46
-19
10
-41
13
-1
4
16
-16
-13
-38
-2
-18
25
24
-6
-3
-14
10
7
19
-4
-30
5
7
22
41
2
-1
-39
-8
-12
0
55
21
28
-13
-9
-6
-5
21
2
-14
2
-5
-9
5
-29
3
-1
37
31
-2
35
-60
-22
-29
-20
49
11
41
-24
-27
7
-28
51
38
24
15
-28
29
-28
5
7
-13
33
-24
4
-20
-3
13
-24
22
8
27
32
-16
-7
-24
-15
1
-19
20
-11
0
-1
-39
8
-15
37
19
3
22
-29
-5
-24
-2
4
-8
32
-21
-5
12
-3
31
8
9
-5
-19
2
-22
-6
13
-5
19
-7
-16
-13
-35
17
10
21
22
-26
-9
-30
3
7
-12
-12
-25
-8
-10
5
27
4
17
11
-25
3
2
-15
-1
-18
10
-11
16
14
-25
16
-22
2
0
0
21
-17
15
-17
-12
10
-7
20
-20
-5
8
17
40
-1
-8
-32
-13
-3
-13
0
-1
16
12
13
-36
-15
-3
5
10
-11
19
-28
7
-5
-29
7
-20
32
17
25
26
-23
11
-19
11
-5
-9
31
-46
-1
-1
-9
24
-14
10
-16
-2
18
3
21
-4
-18
-16
2
16
1
15
4
-23
1
-15
14
26
17
2
-28
-5
-28
4
21
-5
11
-1
-5
-4
8
-14
-16
1
21
9
8
-6
-26
-3
-11
11
-34
9
-8
-2
41
-9
36
-6
-2
8
-34
9
12
24
-2
-12
-13
-26
22
6
15
18
-22
7
-31
3
-10
-18
41
-7
28
-3
-3
12
-14
5
-24
13
6
6
-17
-6
19
-15
19
-15
-9
11
-13
-4
-18
-4
8
2
-6
-17
8
-3
33
17
-13
16
-32
26
-15
-14
15
-46
23
-19
0
18
-29
15
-47
-6
5
3
37
-7
1
-14
6
8
-15
26
-17
6
13
-8
34
-5
-4
-19
-27
3
1
10
10
-5
-7
-12
-18
17
31
26
19
-26
-7
-19
-3
-1
-1
45
2
15
-13
-10
25
-16
31
-2
9
20
-20
19
-28
10
5
-41
30
-4
9
30
-22
4
-26
0
5
-10
34
2
12
-13
-21
-6
-26
31
-30
17
22
-25
26
-20
30
29
8
31
-30
-33
-20
-42
-32
4
33
36
42
-17
-27
-20
-34
11
-3
-1
22
-4
-2
-17
-23
-1
3
-8
18
7
-1
17
-7
5
-22
-10
11
-19
12
8
-11
4
17
-32
-12
26
0
22
-3
0
-12
-6
11
-14
-7
-6
1
1
10
0
16
26
2
17
-31
-1
21
-34
0
3
-4
27
4
-8
-10
-22
-10
-21
0
6
13
9
17
8
-9
12
-21
-4
4
-29
-8
-12
-18
-4
12
8
23
2
-16
-10
-21
9
2
8
21
7
24
-18
-15
7
-6
34
0
-1
-12
-16
1
3
23
-2
22
-22
-31
8
-28
17
0
4
-7
-36
-2
3
30
20
16
21
-12
-11
-13
-10
3
16
9
-3
28
6
-6
2
-1
3
7
5
-12
4
20
1
9
-10
-17
-7
2
4
5
11
-6
-30
15
-6
-1
33
-4
9
-13
1
-20
-13
17
-35
1
-24
-5
3
-5
29
-11
12
-17
-21
8
-20
17
3
2
36
-1
7
-5
7
13
-11
21
-10
-11
12
2
22
-3
4
-7
-6
-4
-5
5
17
13
-14
-3
-11
15
1
8
7
-7
27
-12
12
-3
-23
25
-11
-4
-12
-12
6
6
17
-5
2
-1
-7
17
4
14
6
-5
-11
-28
6
-33
15
20
-23
8
-4
9
16
7
1
-6
-1
-6
-13
-7
-14
-12
-5
-1
5
14
16
-5
-7
-14
-16
-10
-7
4
3
14
-8
-16
-19
-4
-4
-6
5
12
24
13
11
-33
-9
-10
11
27
-1
17
-20
12
-4
-27
9
-36
21
13
-1
26
-1
23
-16
-6
-4
-11
38
4
-3
7
-5
15
3
7
9
1
2
-21
-26
5
7
17
2
-19
-9
-14
17
13
16
0
-12
3
-5
21
-5
-10
-7
-20
-11
14
4
-4
1
-25
-18
-2
13
-4
6
13
-31
10
-11
-11
0
-24
-9
3
19
11
16
14
-16
-8
-3
-12
0
-7
17
1
9
20
-15
20
1
-1
2
-17
11
-24
-5
0
-8
16
0
12
-7
-1
6
-5
13
-7
-2
-7
-9
5
6
-7
6
12
-16
-8
-5
4
-4
-3
10
-32
3
-15
-19
16
-8
13
-2
8
16
-14
12
-11
1
-4
-23
6
-11
10
15
7
25
17
15
-7
2
7
-8
1
-12
-4
-1
-2
-21
-19
-11
5
7
16
17
4
6
-20
-7
-2
-15
3
-2
1
-3
11
0
-24
-5
-19
8
11
11
6
-26
12
-6
16
-2
-13
19
-18
31
-6
2
7
-4
14
-7
16
-6
-3
2
-13
5
1
-10
19
18
19
21
-13
-25
-33
-1
-4
10
21
10
19
-16
-14
-19
-16
18
24
16
21
3
5
4
3
15
-4
16
2
-5
-5
-22
-4
-13
3
7
3
10
11
19
-11
-24
-14
-1
20
14
9
-2
-21
-11
-12
-1
22
16
4
-5
-3
-11
-1
8
-11
-1
-1
7
19
-3
3
0
-3
11
-3
8
-3
0
-5
-24
0
-7
19
17
-1
8
-2
-1
18
14
-4
-7
-14
-10
6
23
8
8
-5
-12
2
0
13
-11
-11
-6
-16
2
-15
0
7
0
4
-10
-1
10
10
-1
-4
-13
1
2
-15
-10
-13
-6
-1
5
8
-7
-6
-22
-16
-2
7
11
-8
-3
-2
4
9
-5
13
9
5
0
-13
-4
-15
4
0
-8
10
-10
-3
-7
-12
-5
-8
5
1
24
4
-4
-1
-13
5
-11
-5
-5
10
14
-3
8
-7
1
-2
-9
1
-4
-3
-10
-13
-4
-9
1
-7
-9
11
4
15
0
-6
-1
-6
12
13
7
-12
-16
-4
0
14
15
11
8
1
-8
-10
-6
0
-7
-10
-4
-1
10
5
-3
8
-1
8
10
-5
1
-15
-10
-7
-5
5
2
6
5
17
8
-5
-10
-14
-3
3
10
3
3
3
1
-4
-1
9
3
11
1
-3
1
-1
5
-5
-6
2
6
10
9
-1
-1
2
3
-2
-3
7
4
11
1
-6
-9
-4
3
6
5
3
7
7
10
5
-6
4
-1
-6
7
-1
-2
12
3
2
8
-1
1
-3
-3
5
2
2
-6
-15
-9
-5
-1
0
5
3
-7
-5
-6
6
8
3
3
-12
-4
2
-2
6
1
5
3
2
-1
-7
0
-1
0
-6
-3
-2
-1
3
2
7
-3
-8
-4
5
5
10
5
-6
2
-5
-2
3
-5
-2
-10
3
10
9
11
4
0
-8
-1
1
2
-1
-7
-1
-8
-3
-5
-7
4
-2
1
3
9
8
-3
-7
-10
0
-4
0
2
6
3
-3
12
-3
0
0
-12
-4
2
0
-3
1
5
0
3
4
-10
-11
-7
-4
2
4
7
6
-3
-7
-12
-11
-8
0
2
-3
6
2
1
3
1
-1
-6
-5
-3
0
5
1
-2
-1
5
1
0
-4
-3
8
-1
0
-6
-7
2
1
7
-3
-8
-5
-4
2
-1
1
8
7
6
-1
-4
9
3
-2
-4
-7
-1
-4
-3
-3
-6
-13
-18
-8
3
-2
-6
-2
4
2
5
7
-4
-1
1
3
11
13
5
4
5
0
1
-2
-5
-6
-16
-22
-12
-2
-2
1
0
1
13
7
0
1
1
1
1
-10
-6
-5
-3
8
5
2
2
2
-4
-2
11
6
7
8
1
0
-2
10
7
2
7
2
-1
-2
-3
1
-1
2
1
-1
6
7
5
-2
-3
0
-1
9
3
3
6
-4
6
3
2
8
-1
0
5
0
1
10
13
7
4
-1
-3
0
-2
-2
-1
5
3
-2
-4
-8
-4
-10
-3
7
-1
-4
-8
-7
-4
-1
1
1
-2
4
4
-2
0
-1
0
5
2
-2
-4
-3
-5
-3
4
-2
1
-1
-3
1
-3
2
4
3
-4
-7
0
-4
-3
-2
7
10
6
2
-6
-4
-2
-7
-4
-2
-4
3
4
-6
-9
-6
0
4
-1
-3
0
9
7
4
0
-4
3
-1
1
1
-1
1
-4
-2
1
0
2
3
7
1
0
-1
-1
2
0
0
2
2
2
7
10
2
-3
-5
-6
-6
-2
-6
-5
-3
-6
0
0
1
1
1
7
0
-5
-8
-7
2
11
11
2
0
0
-1
-3
-4
-5
-4
0
2
2
5
-3
-12
-12
-5
5
7
10
13
8
6
-1
-4
-4
0
0
-3
2
5
3
-2
-5
-1
0
-3
-3
-4
-2
3
0
-2
2
-2
-1
0
-2
5
10
5
-2
-6
-5
4
7
3
-7
-7
-3
-4
4
5
6
8
0
-2
-1
-5
-9
-4
-2
-8
-2
1
4
10
8
0
-3
0
0
3
5
8
1
-5
-5
-4
-2
4
4
-2
4
1
-1
5
-13
-7
2
1
4
2
4
2
6
4
-5
0
1
-4
-3
-1
6
3
2
0
-7
-7
-6
-5
2
6
6
0
-3
2
4
4
2
-1
1
0
-1
-5
-7
-4
-2
1
3
6
3
2
-4
-4
-2
-1
1
2
2
4
3
1
-2
-3
-3
-10
-5
-3
-2
4
-4
-5
0
6
6
8
4
4
4
-3
1
11
15
12
2
-4
-6
-1
3
-3
-2
3
-1
-1
1
0
1
0
-6
-4
1
3
8
6
8
2
1
3
3
7
4
3
0
-1
-3
-4
0
9
6
0
0
-4
-5
-2
4
1
-4
-2
-4
-5
-1
3
3
5
3
0
0
0
-3
0
4
4
1
-1
-2
-6
-8
-8
-11
-8
-4
1
2
-2
1
1
0
4
0
-1
2
-2
-4
1
1
1
0
-3
-1
-1
0
-3
-1
0
-2
1
-1
-2
-3
-5
0
2
8
2
0
2
-4
-6
-11
-12
-8
-7
-5
2
3
-2
-2
-6
-8
-5
-4
-1
-2
3
1
1
5
2
1
9
12
9
8
8
5
4
5
1
0
-2
-3
-1
-3
-5
-2
-1
1
4
0
4
9
7
4
-1
-8
-7
-3
-3
2
-3
-5
1
2
-2
2
-1
-4
0
2
-1
-2
2
-3
-6
-1
-1
2
5
6
9
6
4
-1
-4
-7
-6
-3
-7
-3
1
-2
0
3
4
-1
4
5
2
5
-1
-3
-2
0
5
2
2
0
3
4
5
4
-6
1
3
0
1
-2
-1
-2
2
-1
-8
-9
-3
-1
-2
2
6
7
5
-3
-14
-11
-4
-4
-3
2
8
11
1
4
6
1
2
-1
-3
-4
2
3
4
8
3
-1
-5
-8
-2
-2
3
8
8
4
0
1
0
1
-1
-3
0
1
-1
-1
-2
-6
-7
1
4
-1
-1
-1
-3
-1
-3
-5
-5
-1
-5
-7
0
5
5
2
0
3
9
6
-2
-4
-7
-4
-2
1
1
3
1
-2
-1
-1
4
9
4
-2
-2
-2
-3
-2
-2
-2
4
0
-2
6
6
8
9
1
-4
-3
-4
-2
2
6
7
10
11
7
-4
-8
-7
-10
-8
1
2
-2
-7
-17
-16
-8
0
5
0
5
8
9
5
-2
0
-3
-3
-4
-4
0
0
-1
-1
-2
-1
-4
-4
1
3
2
3
1
-4
-6
-6
-4
-3
0
7
9
5
-4
-4
-4
-6
-4
-2
2
-1
-2
-3
-6
0
5
7
7
6
5
5
3
-2
-1
1
2
4
1
3
4
3
2
2
3
-1
0
2
1
1
-2
-3
-3
3
8
10
6
1
1
-3
-2
-1
-2
-1
-1
-3
-5
1
-1
-1
0
-3
0
4
4
1
-4
-1
4
5
3
1
0
-2
-3
-1
-4
-3
-1
-3
-3
0
0
0
1
-8
-7
3
4
4
4
0
0
4
1
0
0
0
-2
-2
-3
-8
-4
-7
-5
1
2
8
9
-2
-7
-6
-5
-6
-3
0
-2
2
8
-2
-6
0
1
4
7
3
-3
3
0
0
4
3
7
8
3
-2
-2
1
-1
2
1
-3
2
1
-5
-2
4
5
8
9
4
4
4
3
-2
-4
-3
2
5
3
0
-2
-2
5
13
6
1
-1
-5
-3
-1
0
0
1
-8
-14
-9
-1
3
1
4
5
1
1
-1
-6
-5
-3
3
1
-5
-2
-2
-3
-3
-4
0
5
5
4
5
0
-5
-3
-5
-7
-5
-6
-3
1
-2
-2
-5
-1
1
-4
-4
-1
2
-5
-6
-4
-4
-2
-3
1
-4
-2
2
4
7
6
3
0
2
-5
-6
2
3
6
-2
-7
-5
-4
-5
-10
-4
1
3
2
-3
-2
-9
-8
1
-1
-4
-9
-13
-5
1
-3
-4
1
-1
1
0
-4
1
3
8
7
-2
-6
-3
2
0
2
7
9
7
-2
-3
-3
2
16
10
0
-7
-10
-4
-6
-6
-2
-1
3
10
7
-2
-1
4
2
-1
-1
-2
-1
-5
-13
-9
0
6
12
11
8
7
3
1
0
-3
-7
2
2
-2
1
4
6
4
1
-1
1
13
6
0
3
1
-2
-2
-2
2
12
9
7
4
-4
-7
-3
2
2
5
4
1
2
0
-2
-6
-12
-11
-7
4
8
2
1
10
4
-8
0
1
4
6
1
-1
-7
-4
0
-3
-5
-6
2
7
10
13
2
1
4
2
4
0
0
3
3
10
13
7
1
1
2
9
10
8
5
-1
0
-5
-10
-4
-2
-3
-5
-8
-4
0
5
0
3
12
2
-5
-6
-7
-2
7
1
-4
1
-4
-4
3
8
8
4
4
-4
-9
-8
-5
2
-2
-10
-5
-2
4
14
11
3
0
-6
-4
3
-4
-6
-3
-3
3
2
3
6
-1
-7
-3
0
-1
3
0
-7
-8
1
8
1
-1
-1
-2
-3
-2
-3
2
6
-3
-6
-5
-1
5
2
5
4
-1
-4
-4
4
6
3
0
-7
0
2
0
1
0
1
1
-3
0
4
5
0
-5
-7
-1
0
0
3
-5
1
5
0
6
3
1
1
-8
-9
2
10
12
8
4
-8
-15
-4
-1
13
15
-2
-8
-7
-1
-1
0
-2
-7
-9
-8
-4
-7
2
13
-3
-11
-15
-11
22
20
-5
-12
-10
-7
6
8
-2
1
4
1
2
3
-11
-16
-8
5
24
3
-15
-6
-7
5
8
-2
4
13
-8
-26
-8
-12
8
33
4
-19
-24
-14
-1
8
15
11
1
-1
-7
-14
4
10
4
-11
-14
-15
-10
4
1
0
8
2
3
3
-7
10
13
-6
-13
-2
6
2
6
1
-11
-2
-12
-10
11
14
11
1
5
0
-13
0
9
15
18
6
-20
-24
-5
10
15
12
-7
-12
6
-4
5
11
13
16
-5
-21
-28
-11
7
11
-1
-9
8
8
7
14
2
3
7
-19
-2
15
16
19
-2
-7
-6
0
11
2
-3
-3
2
-2
-10
2
1
10
20
-4
-3
-1
-15
-2
5
7
16
10
-4
-20
-12
-5
-1
10
4
-8
-13
-11
-8
-5
10
8
-8
-2
3
-3
19
15
-5
-7
-16
-1
3
-1
10
0
0
-6
-15
8
20
12
1
-9
-10
2
15
4
0
6
-9
-14
-7
16
12
-1
5
-7
4
10
1
2
-5
0
-7
-9
11
5
0
-2
-11
4
17
21
7
-5
-14
-17
-5
2
15
21
2
-5
-6
5
10
1
11
-4
-26
-11
-1
13
11
10
6
-9
1
-8
-6
0
-6
3
3
-5
-14
-4
7
8
16
-7
-7
5
-4
9
11
15
7
-10
-8
-20
-6
16
16
11
1
5
-1
-14
5
12
17
7
-27
-26
-17
-3
6
5
4
-14
-21
-13
7
27
23
4
-14
-17
-9
-6
0
-5
-8
3
-2
1
12
-7
1
-10
-24
10
14
5
10
-11
-23
-23
-18
17
24
6
0
-7
-3
-4
8
9
-10
15
2
-9
7
-20
-11
13
5
-4
-11
-1
5
4
3
-10
-8
0
0
-4
-8
7
7
-4
0
-3
4
9
3
-3
-1
-3
-17
-8
7
12
18
-3
-4
-10
-16
9
7
20
15
-4
6
-17
-11
3
8
28
-3
-8
-5
-4
15
-1
4
5
-4
-3
-19
-4
11
15
9
-12
-18
-20
-2
6
0
21
12
-16
-10
-15
-5
21
4
-11
-1
-5
-13
-4
13
16
15
-5
-26
-16
4
20
12
3
2
-9
-8
1
20
29
16
5
-12
-22
-12
9
19
15
8
-6
-13
-9
-8
-4
13
19
6
-18
-19
0
2
9
4
-8
-6
-1
4
3
-1
-3
-1
1
-1
0
7
0
-8
3
3
0
9
-1
3
10
-6
-9
-7
1
-5
-13
1
2
11
12
-13
-17
-15
5
16
5
1
-11
-10
-7
-12
6
9
9
4
-12
0
-6
-7
-1
-4
6
-1
6
6
-9
1
-6
-3
-1
-10
-1
0
-3
-4
-9
0
3
0
0
4
4
-2
-8
-5
3
9
10
3
-6
-10
-3
2
3
-1
-7
-3
0
-7
-9
3
9
12
2
-13
-11
6
7
-4
-1
-1
4
15
-4
-14
-9
-6
1
-9
-1
7
-1
0
-14
-4
11
16
14
7
10
-2
2
1
-5
7
0
-4
-1
-4
11
16
4
-3
-8
-10
-9
2
9
15
14
-3
-12
-4
7
11
6
-1
4
7
2
-7
-4
-4
2
7
-3
5
10
9
6
-11
-9
-4
0
7
9
14
1
-8
-9
-17
-1
4
5
5
-6
-6
-9
-6
1
3
6
-4
-13
-2
-4
5
12
-2
1
-4
1
2
-3
13
-1
-7
-10
-19
1
9
10
0
-10
-3
-3
-1
-1
1
10
2
-17
-22
-23
-14
-6
-2
6
13
16
0
-6
-3
-5
-8
-7
3
2
-2
-3
-9
-8
-8
-1
7
5
11
6
1
8
8
7
0
-9
-8
-3
-1
2
2
0
3
9
9
5
0
-5
-3
-7
-3
9
9
7
-1
-8
0
11
11
7
-2
-3
-2
1
9
9
10
5
1
-3
-1
0
1
7
3
0
0
1
3
0
4
6
3
1
-6
-7
0
0
-5
-2
3
4
-4
-10
-7
3
