1
1
0
1
3
2
1
1
-1
0
-1
-1
0
1
2
0
1
1
1
0
-2
1
0
-1
-1
-2
-2
-1
0
2
2
1
-1
-1
0
0
2
0
0
-1
-4
-3
-2
-1
-1
-1
0
0
3
2
2
2
0
0
0
0
0
0
2
1
2
-1
0
0
1
0
0
0
-1
0
-1
0
-2
-2
-3
-2
0
-1
-1
0
1
1
2
2
0
1
1
1
-1
-1
1
1
2
2
3
0
1
0
-2
0
-2
-1
-2
-2
-2
-3
-3
-3
-4
-3
-3
-4
-2
-3
-3
-2
-3
-2
-2
-1
1
-1
0
2
1
0
0
3
2
2
2
1
2
2
2
2
-2
-1
-1
0
0
0
-3
-2
-1
-3
-3
0
-1
-1
0
0
1
1
2
2
1
4
4
2
4
4
2
3
4
5
3
2
1
0
-1
0
-2
-3
0
-3
-5
-5
-3
-4
-3
0
-2
-4
-2
0
-2
-1
1
-1
-1
2
1
-1
1
2
0
-1
2
2
-2
-2
2
-1
-3
0
-1
-2
-2
-1
-3
-4
-2
-2
-3
-3
0
-1
-2
1
1
-1
-1
2
1
-1
3
3
4
1
4
5
1
3
2
0
-1
2
3
0
0
2
3
1
0
4
-1
-3
0
2
-2
0
4
2
-1
2
3
1
-1
3
3
1
0
4
5
1
4
4
1
1
2
2
1
-1
0
1
0
-1
-1
1
2
3
2
2
1
0
1
1
0
-1
-2
-2
-1
0
-1
-1
-3
-2
1
1
0
-2
-3
-3
-3
-2
-2
-2
-3
2
2
-1
1
2
-1
1
5
3
0
4
6
1
1
3
0
-3
0
2
-2
-3
2
-3
-4
2
1
-2
2
3
1
2
3
3
1
3
1
1
5
3
-1
3
6
1
3
10
2
-7
2
7
-7
-4
13
0
-14
8
13
-15
-13
17
3
-27
15
35
-21
-21
32
4
-40
6
32
-20
-30
31
19
-48
-12
40
-25
-42
28
10
-44
-4
26
-22
-32
15
5
-31
-6
24
-10
-20
18
9
-17
4
18
-6
-8
12
9
-7
-3
8
-1
-6
9
5
-11
-2
2
-9
-8
-2
-9
-10
-4
-2
-5
-7
-2
-3
-5
1
1
-4
-1
2
-2
1
6
-2
-2
4
2
1
6
9
3
3
7
2
-1
1
0
-2
-1
0
-6
-6
-3
-1
-3
-2
4
-2
-1
1
2
-1
-3
1
1
0
0
2
2
2
3
5
3
4
3
4
1
0
4
4
-2
-2
3
-3
-6
2
1
-5
-4
3
-3
-7
0
2
-5
-1
7
-1
-2
6
3
-1
0
3
2
1
5
3
-3
-2
3
-2
-4
2
-2
-3
1
2
-3
-6
0
1
-1
-1
2
0
-1
5
3
-2
5
8
3
4
8
5
2
9
10
5
6
11
7
-1
5
6
1
4
6
2
0
4
1
-2
0
1
-4
-1
5
-3
-7
2
-1
-9
-1
4
-5
-6
6
0
-9
-1
10
-8
-13
15
0
-22
1
14
-10
-15
16
12
-21
-8
24
-8
-35
24
24
-36
-11
31
-1
-35
8
32
-25
-25
35
12
-50
-2
38
-25
-27
28
12
-30
-5
30
-11
-31
16
18
-27
-7
29
-6
-20
22
22
-16
-4
22
-2
-18
10
21
-9
-10
23
5
-17
6
13
-10
-9
10
3
-11
-2
5
-8
-12
4
1
-9
-2
4
-2
-2
4
-1
-5
-2
0
-1
-1
1
1
0
3
2
-1
-1
-2
-5
-3
-2
-5
-3
-1
-5
-3
-1
1
-4
-5
0
-4
-4
4
6
-1
1
6
0
0
3
3
0
-3
4
6
-1
1
6
1
-1
6
6
0
2
3
3
0
0
0
-4
-2
3
-2
-7
-3
0
-3
-1
2
-3
-5
1
3
-3
-3
1
0
-1
3
5
-2
-1
2
-3
-2
2
0
-2
0
-2
-5
-3
-2
-1
-5
-2
3
-3
-1
2
-1
-4
4
4
-2
0
6
5
-2
4
8
1
-1
10
7
-4
3
7
0
-1
4
3
-2
-1
6
3
-3
7
7
-2
4
4
-3
0
4
1
2
2
3
-1
-5
3
3
-4
5
3
-5
2
2
-4
-2
-2
-1
0
-5
2
-1
-9
4
1
-13
3
3
-10
-5
0
-4
-9
-6
4
-6
-16
7
8
-19
3
15
-11
-10
9
4
-11
-8
9
1
-22
8
23
-24
-15
20
-4
-21
3
14
-5
-14
14
21
-27
-10
35
-8
-22
25
11
-18
1
17
4
-19
5
30
-15
-12
33
-3
-20
15
9
-7
-2
11
10
-10
0
22
-7
-14
14
1
-14
3
4
-6
-8
-1
4
-7
-10
7
-4
-13
5
0
-11
0
1
-3
-2
-3
2
0
-3
5
1
-4
4
4
1
7
1
-2
1
-1
0
3
1
3
4
2
6
3
2
4
2
2
5
3
4
5
1
1
3
1
0
0
1
3
1
2
2
-2
-1
-1
-2
0
2
1
2
1
-3
0
-3
-1
0
-3
1
1
-2
0
1
-1
0
1
0
-1
-1
0
-3
-6
-4
0
-3
-2
0
0
-1
-3
2
0
-1
2
3
1
1
4
2
0
1
5
4
1
1
1
0
0
0
0
0
-3
-2
-1
-1
0
1
0
0
0
0
2
0
0
1
1
1
1
0
1
1
1
4
1
3
2
2
2
2
4
0
1
3
2
2
2
3
1
0
-1
-2
-2
-1
-2
2
1
1
0
-2
-1
-4
1
-4
-3
-1
-1
1
0
0
-2
-3
-3
-3
-2
-6
-3
-1
0
1
-3
-4
-5
-5
-2
-1
-2
-2
-3
0
0
-2
-1
-3
-1
-1
-1
1
-1
-1
2
4
1
1
0
-3
-1
-4
-5
-4
-6
-2
-4
-5
-3
-3
1
-1
-2
0
-1
0
1
1
1
0
0
-2
-3
-3
-2
-1
-1
2
-1
2
0
2
3
1
1
0
1
-1
1
1
-2
-3
-3
1
-2
-1
1
2
1
1
4
2
1
4
3
2
0
4
4
-1
0
4
0
-1
5
6
2
2
2
0
1
0
1
-3
-1
-1
1
-6
2
3
-14
1
1
2
-1
3
4
1
2
5
7
-13
6
4
-12
5
1
-2
-5
-2
5
-7
-3
6
-7
-2
4
-3
-3
-1
0
-5
-5
1
0
-3
0
2
-1
4
1
2
2
0
0
-4
-3
1
0
1
3
-1
0
2
0
1
0
0
2
3
4
4
0
3
5
2
3
2
2
2
1
3
3
1
2
0
0
0
2
1
-2
0
-3
2
-2
0
-2
-3
0
1
2
-2
0
1
0
4
4
3
2
0
7
0
3
4
-1
3
-1
-1
-1
-3
1
0
3
3
4
3
3
4
3
3
-1
0
-4
-3
-1
-3
0
0
0
-1
-1
-2
-1
-2
0
-1
-2
-1
-2
-2
-2
-2
-3
-1
-3
-2
1
-2
-2
0
-2
-2
-2
-1
2
-1
-1
1
0
-1
1
0
-1
-1
-2
-2
-1
2
2
2
2
1
0
2
0
1
1
1
1
0
0
0
0
0
1
1
0
-1
-2
-1
-1
0
-2
0
-2
0
1
-1
-3
-2
-1
-1
0
-1
-2
-2
0
1
-1
-1
1
1
-1
1
2
2
3
6
4
1
2
0
-1
-2
-2
1
1
0
0
-1
-3
-2
0
3
3
-1
2
1
1
2
1
1
1
0
-2
-3
-5
-6
-5
-3
-3
-3
-3
-3
-3
-2
-1
-2
-1
0
3
1
1
1
0
1
3
2
1
0
1
2
1
3
1
0
-1
0
0
-1
0
2
2
1
2
0
-2
-1
0
0
0
1
1
1
2
1
0
2
-1
0
0
0
-1
-1
-1
-1
-2
-2
-1
-1
-1
-1
-1
0
1
2
1
2
1
1
1
3
3
3
1
2
0
0
3
1
0
0
-1
-2
-4
-5
-3
-1
-1
0
0
-2
-2
0
1
1
1
2
0
-1
1
2
1
0
1
0
0
1
0
1
0
1
1
1
1
1
2
3
2
2
3
1
2
1
1
1
0
1
1
2
1
1
0
1
-2
-1
0
0
-1
-1
-2
-3
-1
1
1
1
1
0
-1
1
0
0
0
0
1
1
0
1
0
0
0
0
-1
0
0
1
2
0
0
1
-1
0
-2
-1
-1
-3
-1
-1
-1
-1
-1
-1
0
0
-1
-1
1
-1
-1
-1
-1
-2
-2
-1
-1
-1
-1
-1
1
0
0
-1
-1
-1
-1
0
0
-1
-1
1
1
3
2
2
2
0
0
1
1
1
1
1
1
0
0
-1
-1
-1
-1
1
0
0
1
-1
-2
-1
-2
-1
-1
0
1
-2
-2
-1
-1
1
0
1
2
1
-1
-2
-2
-2
0
2
1
1
2
2
0
0
0
-1
-1
-1
-2
-2
-3
-3
-2
0
-1
-2
-4
-3
-2
-3
-2
-3
-3
-2
-2
-3
-2
-3
-3
-3
-3
-3
-2
-1
-2
-1
-3
-2
-1
-2
-1
0
0
0
-1
0
2
3
3
3
1
2
1
1
1
2
3
3
4
3
3
3
3
2
4
3
3
3
2
2
1
1
2
1
1
2
2
1
0
-1
-1
0
0
-2
-1
-2
-1
-1
-1
-1
0
1
0
1
0
0
1
1
1
3
3
1
1
1
0
0
0
0
-2
-2
-1
-1
-2
-1
-1
-2
-2
-1
0
-2
-2
-2
-2
-1
0
-1
-1
-2
-1
1
0
0
-1
-2
0
1
3
3
3
4
3
3
2
1
0
1
0
0
1
2
1
1
1
1
0
0
-1
0
0
0
1
0
-1
0
0
0
0
1
0
2
2
2
3
3
2
2
1
-1
1
-1
0
0
0
1
0
1
0
0
0
-1
0
1
2
1
1
0
0
1
1
0
2
2
2
2
2
1
1
1
0
0
0
0
-1
-3
-3
-2
-2
-1
0
-1
-1
0
0
0
-1
-1
0
0
-1
0
0
0
0
1
1
1
1
1
0
1
0
0
0
0
0
-1
0
0
-1
0
0
-1
0
-1
0
1
0
1
0
0
-1
0
-2
-2
-3
-2
-1
-2
-1
0
1
1
1
0
0
-1
-2
-1
-2
-1
-1
-2
-3
-3
-4
-4
-3
-2
-1
0
-1
0
0
1
2
2
2
2
3
1
1
0
-1
-2
-3
-1
-1
-2
-1
-1
-1
-1
-1
-2
-2
-2
-2
-1
-1
-1
1
0
0
0
-1
0
0
0
0
0
0
0
-1
0
1
2
3
3
2
1
2
-1
1
2
1
0
1
1
2
2
2
2
1
1
1
1
1
-1
0
0
0
-2
-3
-2
-1
-1
-2
-2
-2
-2
-2
-2
-3
-3
-1
0
0
0
0
0
-2
0
1
1
1
-1
-1
0
-1
0
1
0
1
1
2
0
-1
-1
-2
-1
-1
-1
-1
0
0
-1
1
0
1
0
2
1
1
2
1
2
1
2
3
2
2
3
2
1
1
1
2
2
0
-1
-1
-2
-1
-2
-3
-3
-3
-2
-2
-3
-1
-1
-1
-2
-1
-3
-3
-2
-1
-1
-1
0
2
1
1
1
1
-1
0
0
0
0
-1
0
-1
-1
0
-1
0
1
2
2
2
3
0
2
1
1
1
1
2
2
2
2
1
0
1
2
2
1
0
1
1
1
1
1
1
2
1
1
0
0
0
2
3
1
1
2
2
2
0
0
0
1
0
-1
0
0
0
0
-1
-1
-1
0
0
0
0
0
0
-1
-1
0
-1
-2
-4
-4
-3
-3
-2
-2
-1
0
-2
-2
-1
-1
-1
-1
-1
-1
-1
-2
-1
0
0
1
0
0
1
1
1
1
1
1
1
1
-1
0
1
0
0
0
-1
-1
-1
-1
-2
-2
-2
1
2
1
1
0
0
-1
-1
-1
0
1
0
1
1
0
0
0
0
1
1
2
2
1
1
2
2
2
2
-2
-2
0
-1
-1
0
0
0
1
2
3
2
1
2
2
1
0
0
-1
-1
0
1
1
3
1
0
0
0
1
0
1
-1
-1
-1
0
0
0
2
1
0
0
0
-1
-1
-1
0
0
0
0
-2
-2
-2
-2
-3
-4
-3
-2
-2
-1
-1
-2
0
-1
1
0
-1
0
1
1
1
3
1
0
0
0
-2
-3
-2
-2
0
0
1
3
0
0
0
2
1
0
-1
-1
0
0
0
-2
1
0
0
0
0
-1
-1
-1
0
0
-1
-1
-1
0
0
0
-1
-1
-1
-1
0
0
0
0
-1
0
0
0
-1
-2
-2
-1
-1
-1
-1
-1
0
0
0
0
2
1
0
3
3
1
0
1
0
0
1
0
0
-1
-1
-1
-1
0
1
-1
0
0
-1
-2
-1
0
-2
-1
-1
0
0
-1
-2
-1
-1
-2
-2
1
0
0
0
1
1
1
2
2
1
1
1
1
1
1
1
1
1
1
1
1
1
-1
-1
0
0
0
0
-1
-2
-1
0
1
3
3
4
4
4
4
2
2
2
2
2
3
2
1
2
1
2
1
1
2
3
4
3
3
1
0
0
0
-1
1
1
0
0
1
2
2
1
1
0
1
0
0
0
-1
-1
-1
-1
-1
-1
-2
0
0
1
1
1
1
0
-2
-2
0
1
0
0
0
0
-1
-2
-1
-1
-4
-2
-2
-3
-2
-1
-1
-1
-2
-2
-2
-1
-1
-1
-2
-1
-1
-2
-1
-1
-1
1
2
3
2
3
2
1
0
1
2
2
2
0
0
-1
-1
-1
0
-1
-1
0
1
1
1
2
2
1
0
0
-2
-2
-2
-2
-2
-1
-1
-1
-2
-1
-1
-1
-1
0
0
0
-1
-1
-2
-2
-1
-1
0
1
0
1
1
1
2
2
2
2
0
0
-2
-1
-2
-1
0
1
1
1
0
0
0
0
0
-1
0
-1
-2
0
-1
1
0
-1
-1
-2
-2
-2
-1
0
0
0
-1
0
0
1
0
-1
-1
-2
0
1
0
0
0
-1
0
1
-1
-1
-1
0
1
1
0
0
-1
-1
1
0
1
1
0
0
0
-1
0
0
1
2
1
0
1
0
0
1
2
3
2
2
1
1
0
0
1
2
3
3
3
2
1
0
0
0
-1
-1
-2
-2
-3
-3
-2
-2
-1
-2
-3
-3
-1
0
1
2
1
0
1
1
0
1
2
1
3
1
0
-1
1
0
1
1
1
1
1
1
1
1
2
2
0
-1
-1
-1
0
0
0
1
0
1
2
1
1
-1
-1
-1
-1
-1
0
-2
-1
-1
-1
0
-2
-2
-1
0
-1
-2
-2
-1
-2
0
-1
-2
0
2
1
0
0
1
-1
-1
0
2
0
0
1
2
2
0
-1
-1
1
0
0
-1
-2
0
0
0
1
1
1
1
2
2
2
1
-1
0
0
0
-1
-1
-1
-1
-2
-1
0
0
1
1
0
0
0
1
2
2
-1
-1
-1
0
-2
-2
0
0
1
3
3
2
2
2
1
1
0
0
-1
-1
0
1
-1
0
0
-1
-1
-1
1
-1
1
0
-1
0
0
-1
0
1
0
-1
0
1
1
0
0
-1
-1
1
1
1
-1
-1
-1
-1
-1
0
-1
-1
0
-1
-1
-1
0
-1
0
0
-2
-2
-1
-1
0
0
-1
-2
-1
0
1
0
0
1
1
1
1
-1
1
3
3
2
2
1
0
1
0
0
1
1
2
1
-1
-2
-3
-3
-2
-2
-1
-1
-2
-2
-2
-2
-2
-2
-2
0
0
-1
-1
-1
-2
-1
-1
0
0
1
-1
-1
-2
-2
-1
0
0
0
0
0
0
0
0
0
-1
-1
-1
0
-1
-1
-2
-4
-2
0
0
0
0
-1
-2
2
2
0
1
1
2
2
3
4
2
2
3
3
2
2
1
0
0
2
1
1
2
1
1
2
1
0
-2
-1
0
-2
-1
0
-1
0
1
0
0
0
1
3
1
2
0
0
1
2
2
1
1
2
2
2
1
0
-1
0
0
0
-1
-1
-1
-1
0
1
3
2
1
1
1
1
0
-1
-1
-2
-1
-2
-1
-2
-2
-1
-2
-3
-2
-1
-1
-2
-2
-2
-3
-2
-1
-1
-2
0
0
-2
-3
-3
-3
-1
0
0
0
2
1
2
0
0
0
-1
1
0
1
0
1
2
0
0
1
1
0
1
1
1
0
2
3
2
1
3
3
2
3
0
1
1
2
2
1
1
0
0
-1
1
1
1
2
1
1
1
0
-1
1
1
1
1
0
2
0
1
1
1
1
3
2
1
1
1
1
-1
0
0
-1
-1
-1
-2
-1
2
1
-1
-1
-1
-1
-2
-1
-1
-1
-1
-1
-2
-2
-1
-2
-2
-3
-2
-1
0
-1
-1
0
0
-1
-2
-1
0
-1
-1
-1
-2
-1
-1
0
-1
0
0
0
-2
-1
-1
-1
1
1
1
1
-1
1
-1
-1
0
1
1
2
1
0
1
3
2
2
1
0
1
0
1
0
-1
-2
-1
-3
-1
-1
0
0
1
0
-1
0
1
1
-1
-1
-2
-1
0
0
-1
-2
-1
-1
0
0
0
-1
-1
-1
0
1
0
0
1
1
1
0
-1
0
0
0
0
1
1
3
1
1
0
-2
-1
-1
-1
0
-1
0
-1
-1
0
-1
-1
-1
1
0
1
0
0
0
1
2
1
-1
-1
-1
1
0
1
0
1
1
0
1
2
2
1
1
0
0
1
0
0
0
1
0
-1
-1
0
1
1
0
0
-1
0
0
-1
-2
-2
-2
-1
-2
-2
-1
-2
-2
-4
-4
-2
-2
-1
0
-1
-1
-2
-3
-3
-3
-2
-2
-4
-1
0
-1
0
0
1
1
2
0
-3
-3
-2
-2
-1
0
-1
-1
2
0
-1
1
0
1
1
1
1
2
1
2
0
1
2
1
3
1
1
-1
0
1
0
1
0
1
0
-1
-1
-3
-2
-1
-2
-1
-2
-3
-4
-4
-5
-3
-4
-4
-4
-6
-4
-4
-6
-6
-5
-5
-3
-4
-5
-5
-4
-3
-3
-2
0
2
1
1
1
2
4
4
5
5
5
5
5
4
2
3
2
3
3
2
3
2
2
2
1
1
1
1
1
0
2
1
1
3
3
2
4
4
3
3
2
2
2
3
3
2
2
2
2
1
2
2
1
0
1
-1
1
0
0
0
-1
-1
-1
-1
1
0
-1
2
0
0
1
2
2
3
2
2
3
3
3
4
4
3
2
2
3
1
1
2
2
2
0
-1
0
4
3
4
4
1
1
2
4
2
1
2
3
4
4
4
3
2
3
2
1
1
2
2
4
4
5
4
5
4
3
3
4
3
3
3
3
2
2
2
1
1
2
2
2
3
3
2
1
0
0
0
0
0
-1
-2
-1
-2
-2
-2
-2
-3
-2
-1
-1
-2
-2
-1
-2
-1
-2
-3
-3
-2
-4
-4
-3
-2
-2
0
-1
-1
-2
0
0
0
1
2
2
0
-1
-1
-1
-2
0
0
0
1
1
-1
-1
-2
-3
-3
-2
-2
-3
-2
-1
-1
-1
0
0
-1
-2
0
-1
-3
-2
-2
-1
0
-1
-1
0
-1
2
1
1
0
-1
0
0
1
0
-1
-1
-1
-2
-3
-2
-4
-3
-2
-2
-1
-1
-1
0
0
-1
0
0
-1
0
-1
-2
-1
-1
-2
-1
-1
-2
-3
-2
-2
-2
-2
-1
0
-1
0
-1
0
0
-1
-1
-2
0
3
1
0
1
1
0
1
0
-1
1
1
2
1
0
1
2
2
3
2
2
3
1
1
1
1
1
0
0
1
0
-1
0
0
1
0
0
0
0
0
-1
-1
-1
-1
0
-1
-2
-2
-1
-2
-2
-2
-2
-2
-1
-2
-5
-4
-4
-2
-1
-2
-1
-1
-2
-2
-2
-2
0
-2
-1
-1
-1
0
0
1
0
0
0
0
-1
-1
-2
1
2
3
3
2
2
3
1
2
3
3
3
3
2
1
1
2
2
1
0
0
1
1
1
1
1
2
0
0
0
1
1
0
0
1
0
0
0
1
-1
0
1
2
1
1
2
1
2
1
0
0
-1
-1
-2
-1
1
0
-2
-1
-1
1
1
0
0
-1
-2
-2
-2
-2
-2
-2
-2
-3
-3
-3
-4
-4
-4
-4
-4
-3
-1
-1
-1
-1
-1
1
1
1
1
0
0
2
1
0
1
2
2
1
0
2
1
0
2
0
0
1
0
0
-1
-1
0
0
1
1
1
0
0
0
-2
-2
-1
0
2
1
-1
-1
-1
0
0
0
0
2
1
1
1
2
0
0
1
-1
-1
-1
-1
-1
1
0
1
0
0
2
0
0
1
0
1
0
0
-1
-2
-1
0
1
1
0
0
0
1
0
1
3
1
2
0
-2
-1
0
1
1
3
0
1
1
-1
0
0
1
1
0
0
1
-1
0
0
0
-2
-1
-2
0
1
2
1
0
-1
0
0
0
1
2
2
0
1
-1
-1
0
1
0
0
0
-1
-1
0
0
0
-1
-1
-1
-1
-1
0
0
-1
-1
1
0
0
1
-1
-1
-1
-1
-2
-1
-1
0
-1
-3
-2
-2
-1
-1
-1
-1
-2
-1
-1
-1
0
-2
-1
0
0
0
1
-1
0
1
0
0
1
0
1
1
0
0
0
1
2
2
1
1
0
0
1
-1
0
0
-1
-1
0
2
1
0
-1
-2
1
0
0
1
0
1
1
0
-1
-1
-1
-1
-1
-1
-1
1
1
1
0
0
-1
0
0
1
3
2
2
3
2
3
2
1
2
1
2
2
1
0
2
2
1
-1
-1
0
0
0
0
0
-2
-3
-2
-2
-1
0
0
-1
0
0
-2
-2
-2
-2
-1
0
-1
-1
1
1
1
2
2
0
-1
-2
-2
-3
-3
-3
-3
-2
-1
-2
-3
-4
-3
-2
0
1
0
0
1
1
0
-1
1
0
0
0
0
-1
-1
1
1
-1
-1
-1
0
0
2
1
1
2
2
0
0
0
-1
-2
-2
-1
-1
-1
-1
-1
1
1
0
1
2
2
2
2
2
2
1
1
1
-2
-1
-1
-3
1
0
-1
-1
-1
0
0
0
1
1
1
2
2
1
-1
-2
-1
-1
-1
-1
0
0
0
0
0
-1
-2
-2
-1
0
-2
-2
-2
-2
-1
-2
-1
0
0
-2
0
-2
-1
-1
-1
0
0
0
0
1
0
0
1
1
2
1
3
4
3
3
1
0
-2
0
1
1
1
1
1
1
1
1
0
3
2
2
2
3
3
2
2
1
1
1
1
2
1
2
1
2
3
1
1
1
0
1
1
1
-1
-1
-1
0
0
0
0
1
1
2
1
0
-1
0
1
-1
-2
-1
-1
-1
0
0
-2
-2
-1
-2
0
-1
-1
1
-1
0
0
-1
-1
-1
0
-1
-1
-1
-2
-1
0
1
2
3
2
1
0
1
1
2
3
3
1
1
1
-1
-2
-3
-1
-2
-2
0
-1
-1
1
1
0
1
1
2
1
0
1
1
1
2
1
1
0
-1
1
1
0
0
2
2
2
1
0
1
2
0
1
0
1
1
0
0
1
0
0
0
0
0
1
1
1
0
0
0
0
1
0
-2
-2
-2
-2
-1
-1
-2
-3
-2
-3
-3
-3
-2
0
0
-1
-2
-2
-2
-3
-2
-1
-2
-1
0
1
0
0
1
1
1
-1
1
2
-1
0
1
1
1
0
2
0
-2
-1
-1
0
-1
0
-1
0
1
1
0
0
0
0
-1
-1
-2
-2
-3
-2
-2
-1
-3
-2
-1
-1
-1
-1
-1
0
-1
-1
0
0
-1
0
-1
-1
-1
0
0
-1
-1
-1
0
-1
-2
-1
1
-1
-1
-2
-1
-1
-2
-2
-2
-2
-2
-1
0
1
1
1
1
0
0
0
2
1
1
1
0
0
1
0
0
1
1
0
1
0
-1
0
0
0
0
0
1
0
1
2
1
1
2
2
1
1
-1
-1
0
0
0
1
0
1
1
-1
0
1
0
0
0
-1
-1
-1
0
1
1
0
0
1
0
0
0
1
0
-1
0
1
0
-1
1
1
1
0
2
3
2
3
3
2
2
1
1
1
1
1
1
1
1
2
1
1
0
2
2
1
2
0
0
1
3
2
1
2
1
2
1
1
3
3
2
3
4
2
3
2
1
0
-1
-1
-1
1
1
1
2
0
1
-1
-2
-2
-2
-3
-4
-2
-3
-3
-3
-2
-3
-2
-1
0
-1
-1
-2
-1
0
-1
-1
-1
-1
0
1
0
-1
0
-1
-1
0
1
0
-1
-2
0
0
0
-1
0
0
0
0
0
0
-1
-1
0
0
1
2
2
1
0
-1
-1
0
0
-1
-1
-1
0
1
1
2
1
1
1
1
2
1
0
1
2
2
2
2
2
1
1
1
1
-1
-1
-1
-3
-3
-2
-2
-2
-2
-1
-1
-1
-1
-1
-2
-2
-3
-3
-2
-2
-3
-3
-2
-2
-3
-3
-1
-1
-3
0
0
-1
0
-1
-1
-1
0
0
-1
-1
-1
1
-1
-1
0
0
1
2
3
1
1
2
0
1
2
1
2
1
2
2
2
2
2
0
0
-1
-1
0
0
0
0
2
2
1
1
1
2
3
3
1
1
3
1
2
2
2
0
-1
0
-1
1
1
1
1
1
-1
-2
-1
-1
-2
-1
0
0
0
2
2
3
4
3
2
1
0
0
1
0
0
0
0
-1
0
-1
0
2
3
2
1
1
1
0
2
-1
-1
0
0
-1
-1
-1
-2
-3
-3
-3
-3
-2
-1
-1
0
0
-1
-2
-3
-1
0
0
-1
0
-2
-3
-1
0
-1
-1
-1
-1
-2
-1
-1
-1
-1
0
0
1
1
1
1
1
0
0
-1
0
2
2
1
1
1
1
1
1
0
-1
-1
1
0
-1
-1
0
0
0
-2
-3
-1
-2
-2
-2
-3
-3
-3
-2
-2
-1
0
1
-1
0
-1
-1
0
1
1
0
-2
-1
1
1
1
2
0
-1
-1
-2
0
0
0
-1
-1
-2
0
1
1
0
0
0
-1
1
0
1
1
0
0
0
-1
0
0
0
1
-1
-1
-2
-3
-2
-2
0
-1
-3
-2
-1
0
2
1
0
-2
0
-1
0
0
-1
0
0
0
1
0
1
1
0
1
0
2
2
1
1
2
3
3
2
3
2
1
1
-1
-1
0
0
-1
-1
-3
-1
0
2
2
1
0
0
-1
0
1
1
1
-1
0
0
0
0
1
2
2
0
0
1
0
1
2
1
1
-1
-1
-1
-1
-1
0
0
0
-1
-2
0
1
1
2
2
3
4
3
1
2
3
4
4
2
2
3
3
1
0
0
2
1
1
2
2
1
1
0
2
2
2
2
1
1
0
0
1
2
2
3
2
2
1
2
3
2
1
0
0
-1
0
2
2
2
2
1
2
1
1
2
1
-1
0
0
-1
0
-1
-2
0
-1
1
-2
-3
-1
-1
1
1
-1
-2
-3
-2
-1
0
-1
-2
-3
-2
-1
-1
0
0
-1
-2
0
-2
-2
0
0
0
-1
-2
-2
0
0
1
1
0
0
1
0
-1
0
1
2
0
0
0
0
1
2
1
0
-1
-1
-1
0
-2
-2
-2
0
-1
-2
-1
-2
-2
-2
-3
-2
-2
-4
-3
-2
-1
-1
-1
-2
-3
-1
0
0
0
0
-1
0
-1
-1
-3
-2
-4
-4
-3
-5
-4
-4
-4
-4
-3
-5
-4
-2
-3
-3
-3
-1
-1
-1
0
1
1
1
1
2
1
0
-1
-1
0
1
1
1
0
0
1
2
3
2
2
1
1
2
3
2
1
1
1
0
2
1
1
1
1
1
1
2
3
2
2
3
1
0
0
0
0
0
-1
1
2
4
3
3
3
3
2
3
2
1
2
-1
0
0
1
1
2
2
0
0
1
1
0
-2
-2
-1
-2
-2
-2
-1
-1
-1
1
0
-1
-1
0
0
1
-2
-1
-1
-1
0
0
0
-1
-1
0
-1
0
-1
0
1
0
1
2
2
0
-1
-2
-2
-2
-2
-2
-1
1
1
2
0
0
1
1
1
0
-1
-1
-1
-3
-1
-1
-1
-1
-1
-1
-2
-3
-3
-2
-2
-1
-1
-2
-2
-2
-1
-1
-3
-4
-3
-2
-2
-2
-1
-1
-1
-1
-1
0
1
1
2
1
3
2
4
3
2
1
0
2
0
1
0
1
1
-2
0
0
1
2
1
0
0
0
0
0
-1
-1
-1
-1
-1
0
-1
0
0
-1
-1
-2
-2
-1
-2
0
0
1
2
2
1
2
2
0
0
0
1
-1
0
0
-1
0
0
1
1
2
2
2
1
1
2
2
1
1
0
-1
0
0
1
0
2
2
2
1
2
1
2
3
3
1
0
1
1
1
1
1
1
1
2
0
0
0
-1
0
-2
-1
-1
-2
-2
-2
-2
-2
-2
-2
-2
0
-1
0
-1
-2
-2
-1
1
0
0
0
0
1
3
3
2
1
2
2
1
1
1
0
-1
0
-1
-1
-2
0
1
0
2
2
-1
-1
-1
0
1
1
2
0
-1
-2
-2
-2
-1
-1
-2
-1
-2
-3
-1
0
2
0
1
1
0
0
1
0
0
0
1
2
1
0
0
0
-1
-2
-2
-2
-1
-1
-1
-1
-2
-2
-1
-1
-1
-2
-2
-2
-2
-1
1
-1
-2
-1
0
-1
-1
-1
-1
-2
-1
-1
-1
0
1
1
0
0
1
-1
1
0
0
1
-1
-2
-1
-3
-2
-2
-4
-2
-2
-3
-2
0
0
-1
-1
-2
-2
-1
-1
0
-1
0
0
-1
2
2
0
1
0
-1
1
3
2
2
2
1
2
1
1
1
0
-1
0
-1
-1
-1
-3
-3
-2
-2
-2
-1
-1
0
1
2
2
1
-1
-1
1
1
3
1
-1
0
1
1
1
2
2
1
0
0
0
1
1
0
1
1
2
2
2
0
0
0
1
2
2
2
2
2
1
2
2
2
2
2
1
1
2
3
4
3
2
0
-1
-1
-1
0
-1
-1
0
1
0
1
1
0
1
1
2
1
0
-1
-1
-1
-1
0
0
1
2
2
1
1
0
0
1
1
1
1
0
0
-1
0
1
1
0
0
1
1
1
1
1
2
1
3
2
1
2
1
0
0
0
0
1
1
-1
-1
-2
0
1
0
-1
0
-1
-1
-1
1
-1
-3
-2
-3
-2
-2
-1
0
-1
-1
-1
-1
0
-1
0
1
0
-1
0
-1
-1
-1
0
0
1
1
1
2
2
4
2
2
3
2
2
2
1
1
0
0
-1
1
1
1
1
0
0
1
0
0
0
-1
1
-1
0
-1
-2
0
0
-1
0
1
1
2
1
1
1
0
1
1
1
0
2
1
2
3
2
2
3
2
2
2
0
1
0
0
0
1
0
2
0
0
0
0
1
1
1
-1
-1
0
1
0
-1
-2
-2
-2
-3
-1
-1
-2
-2
-2
-1
1
1
0
0
0
1
1
1
1
0
-1
-1
-1
-1
-1
-1
0
-2
-2
0
-1
0
0
1
1
1
-1
-2
-2
-2
-2
-2
-2
-1
-2
-2
-2
-1
-3
-3
-3
-3
-3
-3
-2
-3
-4
-4
-4
-4
-2
-2
-1
0
-1
1
1
1
0
1
-2
-1
-2
-2
-1
-1
0
-1
-2
0
0
0
-1
-2
-2
0
0
1
1
0
-1
0
1
1
1
-1
0
1
1
1
3
3
2
4
4
3
4
3
4
3
3
2
2
3
2
0
0
-1
0
-1
-1
-1
0
-1
-2
-2
-2
-3
-2
-1
-2
-2
-3
-2
-3
-2
-2
-1
-1
-2
-3
0
-1
0
0
0
0
0
1
-2
-2
-3
-3
-2
-1
0
2
1
0
0
0
0
1
1
2
1
2
1
2
1
1
0
0
0
-1
0
1
0
0
0
1
0
1
2
1
0
0
1
-1
-1
0
1
1
1
2
1
0
0
1
1
2
1
0
-1
-1
0
-1
-1
0
-1
1
1
1
1
1
0
-1
-1
-1
-1
-1
-1
0
0
0
1
0
-1
-1
0
1
2
2
2
2
1
1
2
3
2
1
0
-1
-1
-1
-1
0
0
2
1
1
0
2
1
1
0
-2
-1
0
1
1
1
0
-1
2
2
2
0
1
2
1
3
2
2
2
2
3
3
3
2
1
1
0
2
1
0
0
1
1
1
1
0
-2
-2
-1
-1
-2
-1
-2
-3
-2
-2
-1
-1
-2
-2
-2
-3
-4
-3
-4
-2
-2
-2
-1
1
2
2
1
1
2
2
2
0
2
3
3
3
1
0
1
1
0
0
0
0
0
-1
0
0
-1
0
-1
0
0
-1
-2
-2
0
0
-1
-2
-2
-1
-2
-2
-2
-1
0
-1
-1
0
0
1
-1
0
1
0
1
1
0
1
2
2
0
0
-1
-1
-1
-1
-3
-2
-3
-2
-2
0
-1
-1
-1
-3
-3
-2
-1
-1
-1
-1
-1
0
-1
-1
-1
-3
-2
-1
-1
-1
0
0
1
1
0
1
1
-1
0
0
0
0
0
-1
0
-1
0
2
2
4
3
1
2
2
1
1
1
1
2
2
1
2
3
2
2
0
1
0
-1
-1
-1
0
1
3
1
1
0
1
0
0
0
-2
-2
-1
-1
0
2
2
0
0
-1
0
-1
-3
-1
-1
-1
-1
0
1
0
-2
0
1
1
1
0
-1
-1
1
1
1
0
0
0
0
-1
0
0
0
0
0
-1
1
0
0
0
0
-1
1
0
-2
-1
-2
0
-2
-1
-1
-1
-2
-1
-2
-1
-1
-1
-2
-3
-1
-1
-2
-1
0
-1
-1
-1
0
0
-2
-3
-2
-1
0
1
1
0
0
0
0
0
2
1
0
2
2
2
2
1
2
3
2
2
2
3
4
3
2
1
0
-1
-1
0
0
1
1
1
1
2
1
1
1
1
0
-1
0
0
1
0
0
0
-1
-2
-1
-2
-1
-1
0
-1
0
0
1
1
1
0
-2
-2
-3
-3
-2
-2
-2
0
-1
0
0
1
0
1
1
0
0
1
1
-1
0
0
-2
-1
0
0
0
-1
1
0
1
0
1
-1
0
-1
-2
-2
-2
-1
-2
-2
-1
-2
-2
-1
-1
-1
0
-1
-1
-1
-2
-1
0
-1
0
-1
-1
-1
0
1
0
1
1
1
0
-1
-1
0
-1
0
0
0
0
1
3
2
1
0
0
0
1
2
2
2
0
0
-1
-1
-2
-1
-1
0
1
1
0
1
1
1
1
1
0
1
0
0
1
0
0
-2
-2
-1
0
0
0
2
2
3
3
2
3
2
3
2
2
0
0
0
1
1
1
0
0
0
0
0
1
2
0
1
1
2
3
3
2
2
1
1
0
-1
-1
-1
-1
-2
0
0
0
1
1
2
1
1
2
1
0
0
1
2
1
0
0
1
0
0
-1
1
0
-1
0
0
0
-1
-2
-3
-3
-3
-2
-2
-2
-2
-2
0
-1
0
0
0
0
-2
-2
-2
-3
-2
-2
-2
-3
-2
0
1
1
1
0
-1
0
0
-1
-1
-2
-3
-2
-1
-3
-3
-2
-2
-2
-1
0
1
1
0
0
-1
1
1
0
0
1
0
-1
-1
-1
-1
1
0
0
1
1
2
1
2
1
2
0
1
0
0
0
-1
-1
-2
-1
-2
-1
0
0
1
3
2
1
1
-1
1
2
1
1
1
0
-2
0
0
0
1
1
-1
-1
1
1
2
2
1
3
1
2
0
0
-2
-2
-1
-1
-2
-1
-2
-2
-2
-2
-1
0
0
1
2
2
3
4
4
3
3
3
3
1
-1
-1
-2
-1
-1
-3
-2
-1
-1
-1
-1
-1
-1
0
-1
-2
-2
-2
-1
-2
-1
0
0
2
5
3
2
2
2
2
3
4
4
2
1
1
2
2
1
1
0
0
0
0
-1
-2
-2
-1
-3
-2
-2
-2
-3
-3
-2
-1
-1
-1
0
-1
-1
-1
-1
-1
0
1
0
1
1
1
0
1
1
1
1
0
0
-3
-1
-2
0
-1
-1
-1
0
1
1
1
0
0
0
1
1
0
0
0
0
1
1
0
0
0
0
1
1
2
1
2
1
0
0
-1
-2
-1
0
0
0
0
1
1
1
2
2
2
3
3
2
1
2
1
0
0
2
1
-1
0
-1
-1
0
0
0
1
-1
0
0
-1
-2
-2
-2
-2
-3
-3
-2
-1
-1
0
1
1
1
3
2
2
3
1
1
2
1
0
0
0
-1
0
-1
1
1
0
1
1
0
1
-1
-1
0
-1
0
-1
-2
-2
-1
-1
0
0
0
-1
-1
-1
-1
-1
-1
-1
-1
-2
-1
-2
-2
-3
-3
-3
-2
-3
-3
-2
-1
0
2
-1
-1
0
1
1
1
1
-1
0
-1
-1
-1
0
0
-2
-1
-1
0
1
0
1
1
0
1
2
3
1
0
0
0
1
2
0
0
1
1
1
1
1
2
2
2
2
2
3
1
1
0
0
-1
0
0
-1
0
-2
0
0
0
-1
-2
-1
-2
-1
0
0
1
2
2
1
1
0
1
1
1
1
2
1
-1
1
1
1
1
1
0
0
1
1
0
0
1
1
0
1
0
-1
0
0
0
-1
0
2
2
3
2
0
1
1
2
1
1
0
-1
-1
0
-1
-1
-1
0
0
1
0
2
1
2
2
2
1
1
2
2
4
4
2
1
1
1
-1
-2
0
0
0
2
2
1
-1
0
0
0
-1
-2
-2
-2
-2
-3
-3
-2
-2
-2
-2
0
-1
0
0
0
0
-1
-1
-1
0
0
0
-1
-1
0
-1
0
-1
0
-1
0
0
0
0
-1
-1
-3
-3
-3
-2
-3
-3
-2
-2
-2
-2
-2
-1
-1
0
-1
-2
-3
-2
-2
-2
-2
-3
-1
-1
-1
-1
-1
-1
-2
-3
-1
0
-1
-1
-1
-1
1
1
1
1
0
0
1
0
0
1
0
0
-1
0
0
1
1
1
2
2
1
3
2
3
2
1
1
1
0
1
1
1
0
1
2
2
2
2
1
2
1
0
0
-3
-1
-3
-2
-1
-1
-1
0
1
0
1
1
1
0
1
1
2
2
1
2
1
1
0
1
0
0
0
2
2
2
1
2
1
2
1
1
1
1
1
0
0
0
1
-1
0
-1
-1
0
1
1
1
1
2
1
0
0
0
0
-1
0
1
2
1
3
3
2
2
2
1
2
0
0
0
0
1
1
1
1
1
2
2
2
2
1
-1
-1
-1
-1
-2
-2
-1
-2
0
1
1
1
0
1
-1
-2
-2
-1
-2
-2
-2
-1
-1
0
0
-1
0
0
-1
-1
1
-1
-1
-1
-1
-2
-1
1
1
1
0
-1
-1
-3
-3
-3
-4
-3
-4
-4
-4
-4
-4
-2
-2
-1
0
-1
-1
0
0
0
0
-1
-2
-3
-3
-3
-1
-2
-1
-2
-1
0
2
3
1
3
2
2
2
1
1
1
1
1
0
0
0
0
0
-1
1
1
1
0
-1
0
1
0
0
0
-1
0
0
0
-1
0
-1
-1
-2
-2
-1
0
1
1
1
2
2
2
2
2
1
2
2
1
0
1
1
1
1
-1
1
1
0
0
-1
-1
0
1
1
1
0
-1
-1
-1
-1
1
0
0
-1
-1
-1
0
-1
-2
-2
-1
1
1
-1
-1
-1
-2
0
0
0
0
0
1
0
1
1
1
2
2
1
1
0
1
1
2
2
1
1
0
0
0
0
0
1
2
1
2
2
1
2
2
1
1
0
1
-1
0
-1
-1
-2
-2
-2
-3
-1
-1
0
-1
-2
-2
-2
0
0
0
0
0
1
0
0
-1
-1
-1
-1
0
-1
-1
-2
-2
-1
-1
-1
-1
-1
-3
-2
-1
-3
-2
-2
-2
-3
-1
0
1
1
0
1
2
4
2
1
2
2
2
2
1
2
1
2
4
2
1
1
1
1
1
1
1
0
0
1
0
1
0
1
0
1
0
1
1
-1
-1
0
-1
-2
-2
0
0
0
0
0
0
0
-1
-1
0
0
1
0
1
1
1
1
1
1
0
-1
-2
-2
-2
-1
-1
-1
-1
0
0
0
0
0
0
-1
0
0
-1
0
-1
-1
-1
0
0
0
1
2
0
0
0
0
-1
0
0
0
0
-1
-1
0
1
1
0
1
2
3
2
2
0
1
1
1
0
-1
-1
-2
-1
-1
-1
-2
-2
-2
-2
-1
-2
-3
-2
-2
-3
-2
-1
-1
-1
-1
-1
-3
-2
-1
-1
-1
1
2
2
3
2
1
2
0
0
-1
0
1
0
1
3
2
4
4
4
4
3
1
1
-1
0
0
1
2
2
2
1
0
0
-2
-1
0
1
1
1
1
0
0
1
1
0
0
0
0
1
1
1
2
0
2
2
3
1
1
2
2
2
2
1
1
1
0
1
0
0
1
1
2
1
1
0
0
0
0
-1
0
-1
0
0
-2
-3
-2
-1
-2
-1
-1
-1
-1
-1
-2
-1
-1
-1
-1
-3
-3
-3
-3
-3
-3
-1
0
0
0
0
1
0
-1
-1
-2
-1
0
1
1
0
-1
-2
-1
-2
-3
-1
-1
0
1
2
1
2
1
1
1
1
0
-1
0
0
1
1
2
2
2
3
3
3
3
4
3
1
2
2
1
0
0
-1
0
-1
0
-1
-1
0
1
1
1
0
-1
-1
0
-1
1
2
0
0
0
0
0
0
-1
-1
-1
0
0
0
0
-1
0
0
-1
-2
-5
-4
-4
-4
-4
-4
-4
-4
-4
-4
-5
-3
-2
-3
-3
-2
-1
-1
-2
-3
-1
-2
-1
-1
1
1
2
3
4
3
2
3
2
1
-1
0
1
2
3
2
2
1
2
3
4
3
2
3
3
4
4
3
3
2
2
2
1
1
2
3
3
2
2
2
1
2
1
1
0
1
2
0
1
1
0
0
0
1
1
-1
0
1
1
-1
0
-1
0
0
0
-1
-2
-2
-1
-2
-1
0
0
0
-1
0
-1
-1
-1
0
0
1
2
0
0
0
0
0
0
1
1
0
0
-1
-1
-2
-3
-2
-2
-2
-2
-2
-3
-3
-2
-3
-3
-4
-3
-3
-4
-3
-4
-2
-3
-2
-2
-3
-3
-2
-1
-1
-3
-1
-2
-1
-1
-2
-2
-1
0
0
0
2
2
1
1
1
0
-1
0
-1
0
-2
-3
-2
-1
-1
-2
-1
-1
-1
-1
0
0
-1
0
0
1
2
2
2
2
2
4
3
3
2
2
2
3
4
4
4
4
3
2
2
1
0
0
0
1
1
1
0
1
1
1
-1
0
0
-2
-2
-1
-2
-2
0
0
1
1
2
0
1
1
1
1
1
1
1
-2
-1
0
-1
-1
-1
2
-1
-1
0
0
-1
-2
-1
-1
0
1
2
1
1
0
0
-1
-1
-1
1
2
2
1
0
1
2
0
1
4
1
-4
-2
7
2
-4
5
6
-3
-2
6
3
-4
1
10
3
-7
3
8
-5
1
11
4
-2
6
5
0
2
6
2
0
5
3
0
3
4
0
-1
2
0
-3
-1
3
1
-3
2
4
1
2
5
4
1
2
3
-1
0
1
2
2
4
5
3
4
5
2
1
2
2
-1
-1
0
-3
-4
0
-1
-3
-2
0
-2
-3
-1
-2
-4
-4
-2
-4
-4
-3
-4
-4
-3
-2
-2
0
-2
-3
-4
-1
-2
-3
-3
-1
-2
-4
-2
0
-2
-2
-3
-1
-3
-2
-2
-1
0
-1
-1
1
2
0
1
3
3
1
2
0
-3
-5
-5
-6
-4
-7
-6
-6
-5
-5
-7
-4
-4
-7
-5
-1
-3
-10
-7
-3
-6
-6
-2
-3
-5
-1
5
1
-1
2
-1
-4
-2
-2
-4
-4
2
1
-3
0
4
-2
-4
3
3
-1
5
7
4
0
3
4
0
3
5
1
0
1
0
1
2
2
0
3
4
1
2
3
5
4
6
5
1
1
4
2
-2
2
3
-1
1
5
5
0
2
8
1
-2
3
0
-5
-4
-2
-5
-9
-6
-1
-4
-4
1
2
-2
-2
0
0
-2
0
4
3
2
7
11
11
10
12
12
5
2
7
5
3
5
5
2
3
6
1
-3
-4
-4
-9
-9
0
-5
-4
3
4
0
-1
6
7
-3
-3
5
-5
-4
3
-1
1
1
1
3
7
6
5
7
3
1
3
2
2
0
1
9
8
4
3
1
-10
-18
-9
-13
-13
-16
-10
-3
-8
1
-1
-7
-4
-9
-16
-17
-16
-18
-9
-1
2
0
-9
-12
-13
-18
-26
-13
-16
-21
-13
-15
-22
-20
-8
-11
-10
-7
-6
0
-6
-7
-3
-8
-7
-16
-14
-7
-12
-20
-8
-1
-12
-16
-21
-11
-2
-5
2
19
21
3
6
28
22
4
-2
27
-82
-170
9
148
48
-31
104
100
-44
-29
55
-45
-152
64
228
-6
-115
62
62
-64
17
106
-37
-57
63
44
-50
-24
42
-17
-24
51
6
-25
52
62
-7
16
52
-17
-59
-3
11
-28
-14
20
3
10
47
23
7
18
-7
-12
13
-12
-16
-2
7
22
6
14
32
10
-4
-2
8
16
-6
-15
30
30
-51
-25
-60
-129
10
73
85
56
-99
-34
145
-65
-277
-5
55
0
76
66
82
-48
-45
210
92
-226
41
210
-93
-30
124
-14
-8
65
39
-11
-73
-63
-20
21
60
-40
-93
9
-97
-211
-5
51
-133
-8
152
53
43
28
23
-23
-111
7
14
-67
93
174
-30
46
176
-80
-60
85
-35
-42
61
81
-13
-123
5
80
-140
-93
142
-22
-110
33
10
-74
-66
52
40
-83
-34
18
-5
-151
-134
119
15
-60
103
77
-37
45
-12
-168
-151
-126
220
203
-120
159
157
-105
0
147
-39
-183
152
234
-180
-115
211
-109
-258
214
49
-239
130
123
-124
-86
41
-126
-233
-98
42
-91
-186
77
94
-25
55
266
8
-88
167
140
-73
13
115
-38
78
166
59
4
98
-12
23
21
-5
4
-143
-87
-55
-157
-159
176
-32
-108
54
-15
-128
-128
37
-101
15
63
7
41
-5
61
6
14
113
101
-6
52
18
-43
-34
42
85
-106
-40
156
5
-334
110
218
-331
-63
285
-136
-373
257
141
-265
-135
326
-38
-267
296
-54
-80
-75
230
-15
-246
241
29
-143
58
213
-197
11
204
-159
-36
191
15
78
-2
-91
54
-234
101
78
-128
216
215
-2
53
11
-133
-72
-196
32
172
-199
-23
312
-295
-150
281
19
100
-29
9
-13
-68
-60
-112
-68
-95
171
76
39
151
-35
-36
99
158
-130
-93
196
-36
-161
-4
34
-157
-229
36
111
25
56
147
103
-308
-121
46
-310
-86
97
11
-75
179
158
-167
26
113
-54
-172
178
250
-168
68
173
-32
-77
-2
147
-166
-21
271
56
-265
-85
106
-290
68
221
-115
-88
73
125
-137
60
124
-120
182
287
5
-185
187
20
-164
218
128
88
51
89
142
-173
-86
75
-142
-159
140
277
-111
-107
37
-149
-172
126
255
-145
-63
260
-59
-290
-3
64
-76
103
284
5
-235
-111
215
-15
-165
125
114
-232
-27
128
-219
-50
94
-90
-84
145
88
-170
-100
142
-96
-20
211
-162
-229
123
54
-66
93
-37
-33
130
-30
-177
-245
-120
102
69
47
10
-152
-151
74
-12
-218
-12
56
-56
50
138
-92
-59
167
28
49
77
-65
-57
-54
125
201
16
-71
33
-16
-128
119
-42
-156
-56
-55
28
23
88
77
60
-9
-213
-106
-68
-132
-83
81
134
35
189
51
-72
14
74
7
-142
22
46
31
15
-18
66
-4
-8
99
-99
-214
38
81
-88
32
25
-94
65
5
-97
49
35
-83
-20
-12
-13
102
121
-36
116
110
-108
45
-42
-214
51
210
74
-3
39
-18
118
56
-243
-30
14
31
111
-87
-137
36
151
-7
-57
-226
-306
42
141
74
3
-45
-120
-139
-156
-183
27
196
222
49
-97
-29
120
164
102
4
-71
26
154
37
-61
91
159
117
0
-118
-160
-101
98
135
-150
-97
176
-48
-99
118
-100
21
307
-10
-253
-72
129
116
28
64
-51
-171
117
223
-55
-204
44
167
-74
-164
-97
82
35
-14
-10
-165
-148
20
182
49
24
5
-87
-1
-63
3
124
84
-45
-33
163
114
-130
-85
-36
-86
20
208
36
-200
-91
11
13
-119
-56
-6
-144
-119
129
143
-96
-25
-2
-72
-171
-45
123
84
0
-32
180
-43
-262
-83
-64
-91
97
155
127
118
6
-43
-110
-104
-50
9
65
203
124
-6
101
-18
-145
-66
-45
27
110
207
105
24
48
-134
-5
179
-29
-134
-68
-44
-165
-193
-8
-31
-163
-77
53
103
174
-27
-155
-17
-97
-81
-25
-128
136
372
138
130
140
-201
-33
143
118
43
-66
361
317
-184
-346
-219
-57
107
102
51
-111
38
255
46
-295
-542
-41
208
109
-96
-236
182
235
306
-275
-338
54
-234
242
12
-18
227
257
223
-26
-155
-287
499
-36
-247
351
-127
39
143
-142
-252
94
246
106
-134
-269
189
-166
-197
216
70
-34
-122
-21
-66
-437
131
285
-364
-84
253
107
-210
18
92
103
-38
-51
34
10
156
179
129
14
-284
122
164
-258
-15
60
351
115
-44
242
-196
-247
200
113
-172
-15
-17
52
-46
-147
317
-1
-308
-47
-84
-157
-188
42
169
-13
-117
89
-66
-214
167
120
-126
-165
65
84
-44
-139
190
280
1
306
-8
-166
47
-108
-30
38
-40
256
99
-152
-60
-2
31
33
83
-188
-106
32
150
-128
-444
160
-76
-43
174
-23
-14
-141
140
-34
2
38
-71
167
-120
60
77
41
154
-116
50
161
71
53
118
-40
-59
116
-63
41
-111
-240
137
-11
99
33
-232
104
16
-73
-73
126
-57
-139
172
-16
-108
34
152
32
-31
13
-59
-78
59
129
-30
-65
252
-42
-284
16
-18
-48
-109
98
181
-146
-74
135
-3
-279
171
152
-107
-8
-119
186
-90
-237
-13
-195
14
354
149
-363
-103
52
-7
117
-198
-77
-78
-61
185
-44
-182
-180
54
213
146
-159
-255
242
73
-171
-23
-9
77
110
99
-63
-54
7
111
-82
-314
108
101
277
356
-126
-300
-231
-77
-307
11
428
179
86
-176
-71
-124
-97
41
61
97
139
252
-30
-178
-209
-229
60
201
202
137
34
60
126
31
-73
-34
-241
-109
-177
107
319
53
190
120
29
-294
-91
12
17
135
48
13
-128
75
169
-61
-335
-64
23
25
182
-102
-28
-327
-92
314
-149
-206
10
146
-57
24
173
-69
55
73
36
-11
-108
136
2
90
170
-24
132
90
24
-82
56
-10
-149
-21
-57
102
-79
-273
-70
29
-79
-146
-12
-127
-216
53
214
-14
-190
-21
141
-46
4
33
-59
179
166
199
137
-135
-2
153
35
-55
53
-2
112
-1
-238
13
-56
-121
91
85
-65
9
-52
-115
-50
-38
-82
-179
-108
-130
-112
30
104
54
-1
79
-90
-147
-143
-40
167
46
86
205
38
-14
-37
-195
-132
-22
-66
-21
213
263
239
196
43
-122
-142
-110
-3
80
61
330
378
208
102
31
-91
-27
40
49
65
-56
51
105
39
-72
-160
-183
-181
-152
-75
28
-43
-7
5
-42
-82
-174
-195
-81
-31
-51
48
121
114
81
102
5
-160
-186
-57
61
-26
0
32
-28
2
-92
-168
-143
-149
-149
-130
-128
-138
-56
7
29
30
-36
-23
-53
-28
166
231
138
138
90
30
137
166
215
167
13
-4
169
107
69
207
-30
-123
-1
-98
-135
-109
-102
119
269
232
277
105
-54
56
83
185
168
161
260
283
399
522
571
602
647
605
426
-181
-889
-1182
-1185
-966
-544
-209
144
418
240
-244
-866
-1386
-1375
-976
-581
-201
38
200
349
273
80
58
39
136
404
509
613
727
760
738
469
110
-104
-206
-231
-49
253
420
380
107
-289
-626
-921
-925
-745
-552
-240
64
237
179
26
16
43
-19
-31
6
92
253
514
574
515
449
365
233
-27
-141
-89
52
202
320
271
186
159
81
27
-80
-123
32
146
239
341
480
532
463
257
-226
-684
-1041
-1144
-902
-557
-85
306
435
214
-310
-885
-1246
-1179
-931
-489
-29
216
326
315
180
91
120
170
375
622
739
836
795
698
569
400
248
51
-66
-81
54
224
332
294
36
-271
-619
-860
-903
-838
-597
-285
-27
71
120
65
-91
-102
-31
74
-16
44
275
311
319
405
435
268
191
141
-32
-78
-53
49
270
184
92
45
-63
-36
-30
-15
97
324
251
348
477
247
330
223
-191
-597
-881
-782
-412
36
437
708
509
-36
-719
-1438
-1705
-1414
-776
3
482
508
295
-17
-343
-452
-254
10
377
607
684
769
653
549
547
476
309
144
-18
-80
55
271
517
528
166
-302
-731
-931
-883
-581
-163
148
237
192
-148
-526
-546
-570
-139
112
210
275
67
131
134
193
170
275
195
150
148
-187
-43
-131
-231
38
-121
-226
-266
-294
-171
-192
47
35
83
107
111
235
191
335
361
539
497
343
80
-229
-316
-294
39
354
625
642
340
-51
-585
-1048
-1171
-961
-552
-125
31
-69
-308
-548
-630
-422
-143
52
239
209
97
57
37
224
588
801
834
719
472
214
171
303
503
630
505
241
-119
-424
-466
-315
-87
76
100
2
-335
-622
-706
-625
-355
8
141
34
-23
-106
-77
32
126
269
281
194
13
-133
-201
-87
119
189
243
213
91
-21
-110
-100
-41
25
32
-16
-3
28
248
421
472
530
444
475
361
138
-25
-173
-127
27
155
235
292
233
62
-202
-612
-933
-1030
-965
-685
-410
-292
-288
-359
-494
-534
-466
-353
-85
72
152
281
295
260
354
466
551
646
588
468
462
462
494
575
418
263
33
-221
-387
-388
-279
-227
-96
-167
-308
-454
-613
-559
-435
-337
-242
-115
-100
-138
-70
-37
32
-43
-30
124
-3
-39
143
208
217
234
209
162
23
41
159
111
96
64
3
47
41
112
345
434
413
470
414
328
311
132
-115
-231
-222
-119
45
165
234
229
44
-232
-593
-972
-1073
-992
-763
-457
-424
-406
-336
-384
-347
-217
-198
-74
77
59
205
315
323
589
821
871
905
683
430
349
219
241
385
405
336
184
-64
-238
-382
-413
-280
-290
-384
-376
-434
-431
-384
-457
-380
-298
-321
-253
-174
-120
35
265
425
570
395
130
122
-22
64
230
220
294
260
198
230
123
-95
-110
-46
-128
-9
86
109
227
204
411
443
264
306
275
322
289
146
21
-140
-167
-95
50
95
46
-31
-263
-451
-780
-1106
-1018
-865
-554
-228
-309
-453
-488
-570
-437
-178
-171
59
358
371
510
501
398
591
681
794
963
743
527
493
392
472
576
439
330
89
-292
-434
-594
-718
-542
-436
-379
-259
-401
-642
-710
-781
-666
-354
-173
65
182
162
355
360
224
214
43
-92
116
364
482
431
287
431
453
186
76
-207
-578
-383
-27
126
89
-54
-23
168
261
250
216
11
105
580
760
796
538
-34
-303
-337
-285
-102
33
160
378
357
0
-425
-1086
-1596
-1395
-1115
-690
-244
-318
-341
-247
-404
-379
-333
-468
-159
276
471
810
931
788
936
984
933
1006
755
532
577
554
617
646
376
68
-290
-730
-907
-983
-1019
-800
-596
-504
-473
-655
-887
-964
-935
-714
-350
-73
106
179
185
307
495
567
578
462
283
403
521
639
777
567
475
553
365
30
-316
-537
-483
-215
64
227
30
-298
-268
-206
-187
-45
75
330
696
892
935
570
-142
-656
-668
-385
48
424
582
765
565
-96
-701
-1416
-1942
-1690
-1168
-507
40
-140
-441
-507
-800
-800
-493
-381
126
753
1010
1315
1228
753
630
578
642
926
905
818
960
975
909
751
223
-320
-791
-1192
-1189
-1038
-888
-687
-520
-436
-600
-1019
-1337
-1441
-1371
-857
-46
530
776
667
345
179
9
10
406
717
899
1156
1204
1005
656
171
-9
89
-18
-54
7
-168
-267
-207
-104
-35
-204
-450
-347
-170
-147
138
502
720
944
1010
779
106
-786
-1060
-604
27
657
1078
1076
755
20
-783
-1410
-1985
-1921
-1092
-213
449
404
-373
-891
-1175
-1293
-809
-338
45
723
1109
1263
1293
782
345
373
487
844
1146
1077
1125
1156
1012
881
458
-159
-607
-987
-1085
-850
-728
-691
-615
-689
-870
-1117
-1416
-1399
-1228
-1016
-383
170
239
180
41
-36
43
79
354
764
813
835
931
800
646
505
400
537
533
330
201
-13
-280
-376
-295
-110
-8
-157
-321
-330
-349
-271
-34
225
490
674
667
580
122
-647
-843
-510
41
686
990
1021
799
78
-564
-1020
-1596
-1623
-1030
-322
371
368
-369
-905
-1290
-1440
-967
-432
42
605
883
1023
1006
497
92
143
415
894
1278
1309
1277
1225
1069
907
563
44
-337
-511
-530
-432
-393
-488
-584
-723
-967
-1191
-1432
-1496
-1200
-885
-593
-281
-221
-316
-377
-352
-143
75
274
646
855
759
740
726
698
728
668
727
791
562
438
346
90
-34
-115
-151
-73
-100
-189
-169
-321
-429
-301
-275
-153
46
174
413
569
384
-80
-660
-830
-373
201
643
951
924
623
121
-483
-996
-1380
-1232
-493
215
565
292
-448
-975
-1185
-1143
-702
-199
240
692
833
745
468
-61
-333
-105
407
979
1315
1365
1268
1086
901
613
212
-84
-186
-66
153
192
-31
-420
-761
-966
-1156
-1330
-1357
-1168
-848
-544
-368
-432
-729
-914
-784
-435
-64
160
394
671
764
776
765
613
506
603
864
1098
1057
832
641
466
252
89
-30
-163
-235
-180
-53
-96
-289
-458
-504
-453
-409
-285
-98
79
213
298
132
-383
-735
-630
-217
378
769
854
738
293
-245
-617
-993
-1080
-601
4
448
412
-280
-959
-1264
-1244
-778
-174
258
551
662
591
367
-12
-229
-41
452
1018
1356
1374
1151
846
672
557
423
303
201
208
308
281
55
-351
-851
-1156
-1252
-1226
-1074
-862
-626
-534
-620
-705
-894
-1209
-1171
-592
131
570
677
661
433
16
-40
300
610
875
1197
1508
1466
911
385
128
-35
17
307
563
500
170
-24
-132
-385
-602
-657
-536
-281
-46
193
323
195
94
-107
-657
-1063
-961
-495
261
846
995
847
236
-535
-928
-1198
-1247
-628
224
808
814
-56
-1065
-1502
-1507
-946
-47
586
915
940
677
321
-167
-492
-218
514
1295
1682
1539
1185
796
481
384
328
262
243
266
333
286
-28
-434
-793
-1155
-1377
-1365
-1293
-1054
-649
-500
-616
-810
-1052
-1151
-1111
-793
22
670
821
861
582
11
-206
141
847
1348
1358
1411
1366
820
323
116
72
223
481
781
666
-58
-606
-666
-544
-378
-283
-268
-225
-220
-82
143
51
-103
-236
-657
-946
-700
-258
311
802
859
677
134
-724
-1108
-1211
-1133
-344
549
831
456
-638
-1606
-1703
-1298
-499
439
904
931
722
376
66
-223
-192
346
1104
1678
1697
1324
927
560
460
567
522
401
246
112
70
-103
-424
-685
-906
-1164
-1322
-1270
-1215
-1130
-904
-801
-871
-938
-962
-823
-652
-407
241
671
508
435
425
282
426
859
1250
1233
938
969
1039
658
327
374
449
408
391
417
90
-540
-675
-331
-140
-226
-352
-313
-274
-303
-87
169
83
-41
-23
-395
-913
-760
-100
497
753
544
268
-69
-652
-759
-697
-923
-531
261
501
164
-849
-1648
-1377
-780
-182
462
635
516
463
461
422
141
-18
384
1120
1606
1541
1260
1037
778
625
566
399
193
96
153
239
62
-368
-777
-999
-1164
-1346
-1337
-1237
-1060
-839
-950
-1086
-956
-970
-867
-519
-227
84
257
321
567
611
458
715
1045
1024
900
800
871
1008
915
805
744
515
324
331
256
-51
-302
-241
-64
-74
-235
-427
-512
-470
-323
-77
33
-57
-56
-2
-433
-1037
-876
-148
307
475
372
211
32
-429
-596
-550
-984
-795
224
593
205
-639
-1338
-1067
-463
-128
274
461
373
442
593
443
52
-62
347
1015
1510
1429
1134
912
569
406
420
315
280
313
293
223
-44
-442
-836
-1063
-1129
-1099
-929
-828
-834
-843
-1097
-1316
-1109
-895
-688
-312
-67
132
239
122
231
423
432
717
1076
1013
829
733
829
1042
936
781
834
633
371
332
227
-35
-240
-122
100
-76
-379
-551
-597
-525
-370
-114
10
-140
-159
-17
-333
-1001
-1015
-239
298
439
333
156
26
-351
-618
-514
-871
-841
196
727
294
-512
-1192
-1027
-426
-122
168
337
312
456
728
582
100
-51
295
852
1374
1375
1077
878
596
434
486
405
296
319
341
263
-9
-409
-838
-1046
-1025
-919
-761
-814
-1016
-1033
-1256
-1494
-1164
-821
-706
-409
-60
79
-88
-290
65
485
407
624
1136
967
562
680
988
996
769
843
1074
763
351
442
435
-8
-228
95
213
-163
-349
-365
-488
-606
-463
-131
-106
-312
-114
115
-275
-961
-999
-302
117
211
308
223
14
-278
-494
-454
-805
-816
194
798
293
-505
-1101
-1008
-449
-32
236
369
343
422
643
507
15
-66
385
900
1332
1292
962
767
574
489
584
482
327
298
255
127
-95
-431
-824
-1021
-959
-825
-775
-959
-1168
-1099
-1202
-1339
-1019
-696
-668
-460
-66
62
-237
-379
163
683
564
685
1163
924
456
688
1071
975
775
977
1180
731
285
417
377
-58
-139
207
186
-263
-389
-295
-512
-676
-416
-111
-207
-344
-108
127
-123
-763
-1024
-576
-54
192
312
200
149
21
-247
-346
-654
-908
-164
691
500
-256
-877
-993
-555
-53
85
144
241
346
582
593
51
-192
178
682
1161
1283
929
693
587
530
636
617
396
304
363
249
57
-256
-726
-941
-833
-646
-492
-775
-1222
-1206
-1144
-1286
-1040
-665
-683
-622
-231
3
-336
-659
-90
769
780
637
967
801
253
508
1121
1073
721
899
1247
865
242
274
400
102
55
405
262
-342
-516
-318
-433
-613
-391
-132
-235
-378
-156
15
-147
-575
-966
-802
-181
241
391
216
80
93
-120
-358
-504
-809
-432
565
774
56
-733
-1100
-767
-53
246
177
186
253
406
591
250
-183
34
576
1074
1348
1004
555
487
513
607
694
456
223
226
171
32
-175
-619
-945
-826
-570
-400
-607
-1165
-1352
-1200
-1275
-1061
-526
-520
-666
-337
-49
-251
-602
-268
594
775
561
868
822
164
269
1000
1163
880
927
1149
798
246
295
411
98
23
395
320
-336
-527
-272
-456
-645
-299
-64
-279
-422
-199
-14
-205
-465
-713
-857
-480
227
497
220
2
71
-107
-479
-534
-592
-435
357
869
305
-619
-1131
-867
-166
209
156
194
269
341
452
254
-209
-63
617
1150
1311
967
485
434
593
698
778
551
268
293
309
116
-118
-444
-705
-629
-389
-399
-741
-1179
-1321
-1127
-1075
-995
-635
-580
-737
-507
-274
-434
-586
-227
524
862
625
604
556
154
275
898
1138
984
963
1076
814
349
308
372
203
213
424
312
-213
-522
-394
-419
-525
-254
-104
-298
-425
-306
-159
-196
-273
-516
-834
-570
160
429
204
-26
61
107
-200
-392
-371
-467
39
817
533
-472
-1037
-899
-262
274
262
82
128
234
369
327
-140
-230
444
1068
1228
965
402
179
471
760
809
599
282
257
355
204
-62
-301
-560
-591
-321
-259
-627
-1081
-1288
-1051
-770
-831
-728
-573
-756
-693
-315
-280
-563
-461
298
924
643
229
305
190
130
797
1311
993
648
884
962
432
154
387
451
381
556
532
-122
-677
-397
-44
-252
-305
-142
-285
-402
-176
21
-159
-359
-403
-752
-811
-207
272
157
-20
103
185
-280
-708
-555
-447
-147
698
715
-341
-986
-882
-332
195
213
24
156
328
409
316
-137
-365
291
1033
1159
822
335
145
472
806
750
458
181
232
447
319
-104
-414
-569
-530
-256
-151
-574
-1071
-1166
-902
-693
-877
-938
-658
-660
-700
-365
-315
-673
-573
241
878
573
42
152
270
229
749
1217
909
614
865
1016
483
106
453
660
578
707
520
-201
-613
-346
20
-89
-319
-193
-180
-379
-288
-130
-286
-343
-70
-349
-912
-695
-66
187
164
65
136
-15
-569
-625
-265
-364
54
820
319
-613
-808
-721
-270
139
37
126
370
284
237
49
-388
-110
694
994
939
707
318
392
689
656
496
392
387
548
486
85
-219
-354
-443
-309
-127
-325
-750
-945
-905
-793
-837
-1027
-816
-554
-730
-631
-357
-555
-655
-142
553
670
140
-19
319
331
474
1016
1013
665
730
914
730
264
260
731
784
634
567
65
-522
-442
25
40
-292
-286
-132
-225
-359
-365
-313
-305
-166
190
-286
-1183
-826
100
228
84
6
-44
-47
-309
-443
-282
-434
-51
813
357
-670
-912
-804
-263
330
144
33
332
255
84
-2
-356
-190
703
1123
982
695
229
165
540
619
520
587
582
531
411
-5
-352
-380
-364
-218
-3
-212
-636
-880
-966
-860
-801
-940
-724
-456
-722
-719
-417
-635
-729
-73
555
460
-21
-36
273
242
433
1002
879
579
910
953
412
185
466
798
906
859
525
-146
-489
-147
140
-124
-217
-3
-126
-362
-377
-538
-565
-203
105
164
-437
-1236
-865
-34
96
121
138
-1
42
-186
-521
-421
-402
53
897
455
-548
-728
-688
-348
327
305
-18
271
357
30
-104
-216
-77
673
1095
953
603
94
40
479
613
541
701
728
482
293
-41
-425
-344
-181
-81
132
-130
-689
-880
-1003
-1033
-847
-883
-728
-412
-702
-866
-587
-684
-695
-95
401
341
-15
-63
254
292
361
875
981
701
811
825
399
276
691
1022
925
705
397
-109
-341
-72
169
-93
-224
39
-139
-515
-487
-510
-571
-199
137
92
-316
-1025
-1018
-265
93
123
200
30
108
130
-354
-538
-397
-58
793
838
-195
-675
-679
-509
130
354
-70
15
370
230
-93
-339
-347
307
1039
1095
638
4
-213
289
698
610
590
701
538
319
93
-326
-457
-155
57
246
85
-652
-982
-859
-961
-849
-689
-708
-510
-605
-878
-710
-740
-786
-157
300
241
166
43
30
196
401
727
909
833
786
753
598
435
582
913
935
765
450
-3
-223
-147
27
91
-32
-133
-240
-445
-585
-591
-476
-265
36
67
-84
-509
-1107
-874
-18
268
247
284
165
94
-215
-523
-340
-128
303
956
504
-491
-690
-619
-341
183
313
155
286
334
22
-355
-414
14
795
1176
862
278
-98
58
483
657
588
670
759
484
60
-258
-462
-248
187
243
73
-386
-983
-1023
-851
-877
-737
-655
-620
-491
-792
-1020
-747
-666
-429
209
387
138
-29
-23
130
244
538
995
949
654
719
723
443
412
897
1124
750
507
364
-97
-279
-13
110
1
-91
-163
-392
-633
-623
-505
-438
-258
20
-29
-250
-508
-962
-933
-162
342
246
210
221
115
-235
-490
-312
-47
399
1009
565
-487
-781
-658
-338
149
367
238
200
189
-117
-582
-566
75
868
1090
653
78
-224
-86
346
643
667
723
826
436
-154
-391
-341
-3
421
343
-64
-557
-880
-779
-709
-804
-676
-588
-572
-531
-833
-1083
-812
-431
-174
51
162
70
-124
-31
255
339
454
894
992
642
562
721
574
510
958
1112
633
304
246
-40
-224
-5
207
58
-230
-349
-487
-734
-659
-366
-287
-245
-69
-241
-442
-499
-860
-743
-12
373
326
209
80
140
-177
-383
15
263
409
816
424
-496
-670
-431
-134
272
414
227
151
77
-172
-455
-313
265
810
884
422
-64
-200
6
391
722
721
643
636
212
-245
-272
-137
166
450
169
-302
-660
-871
-731
-587
-700
-564
-445
-604
-738
-954
-1063
-643
-210
-110
-64
-12
-26
-73
42
287
399
541
941
977
576
451
659
737
699
907
1016
581
255
271
81
-117
41
181
-53
-326
-414
-504
-666
-535
-349
-349
-411
-245
-233
-399
-409
-655
-748
-215
340
333
218
172
242
-70
-314
66
283
318
745
522
-355
-547
-426
-244
160
378
293
167
-3
-253
-487
-410
214
794
763
305
-21
-128
-33
276
628
763
655
609
261
-216
-284
-51
233
410
101
-354
-630
-791
-678
-564
-655
-530
-448
-718
-878
-960
-975
-600
-232
-168
-180
-73
18
-53
-25
287
492
582
922
986
529
370
726
878
713
830
991
580
156
165
79
-143
-57
135
-43
-408
-515
-572
-768
-674
-415
-403
-479
-347
-216
-420
-434
-537
-758
-419
286
503
343
178
257
130
-228
-6
357
397
673
725
-67
-650
-532
-224
198
390
343
126
-110
-353
-477
-431
91
644
733
428
-13
-246
-119
202
548
803
705
542
310
-163
-310
-36
241
383
234
-248
-558
-672
-661
-593
-618
-541
-447
-628
-863
-846
-809
-624
-290
-153
-200
-102
36
-23
5
354
621
648
851
940
524
344
740
975
779
769
925
661
166
53
95
-21
29
162
-75
-486
-603
-605
-695
-610
-364
-384
-505
-439
-298
-406
-389
-146
-421
-530
-20
470
368
228
313
391
9
-97
213
327
448
686
284
-455
-433
-150
-8
124
220
149
-56
-231
-333
-453
-259
373
692
472
26
-240
-143
137
414
664
690
497
402
29
-345
-228
105
304
324
-70
-486
-586
-706
-679
-620
-552
-444
-519
-767
-807
-793
-742
-369
-144
-179
-146
106
123
27
229
593
581
703
986
688
390
715
1032
796
573
810
748
161
-29
171
68
-48
49
-51
-543
-728
-519
-571
-677
-526
-377
-523
-561
-386
-293
-389
-112
-87
-538
-422
313
587
296
261
405
268
-60
63
360
392
532
575
7
-411
-246
-140
17
186
256
74
-183
-324
-359
-345
74
570
539
146
-121
-113
95
248
386
651
668
437
192
-230
-335
13
353
395
133
-359
-633
-668
-640
-526
-457
-361
-384
-624
-861
-825
-716
-416
-53
-13
-120
-40
59
-3
125
516
719
652
764
790
473
486
869
912
658
680
655
297
13
73
142
28
-23
-98
-382
-665
-578
-506
-595
-538
-393
-464
-645
-532
-317
-228
-141
144
-125
-545
-212
423
521
314
376
520
331
-92
40
311
375
546
477
-60
-320
-169
-160
-12
121
148
-39
-215
-305
-393
-365
96
524
387
38
-201
-116
55
114
352
690
585
287
27
-350
-273
97
318
314
41
-453
-588
-623
-656
-492
-323
-271
-355
-621
-865
-819
-572
-172
1
-90
-36
82
-27
-87
241
615
662
658
770
565
301
569
816
664
580
627
446
119
-37
7
5
-37
-50
-251
-617
-671
-499
-576
-685
-502
-377
-508
-570
-411
-251
-125
17
179
-79
-444
-134
421
522
434
494
496
346
47
82
314
387
510
472
20
-211
-144
-245
-148
10
107
35
-215
-357
-350
-317
58
435
239
-49
-140
-76
65
92
245
596
512
173
23
-249
-214
165
308
211
-11
-402
-591
-625
-578
-406
-278
-238
-349
-684
-848
-679
-418
-152
-3
-10
54
38
-64
16
284
609
759
657
610
536
331
455
731
692
605
554
330
33
-128
-79
21
-38
-151
-307
-579
-703
-627
-556
-573
-454
-320
-431
-597
-451
-237
-94
31
219
195
-192
-185
259
554
527
579
576
489
219
51
220
394
509
531
216
-111
-102
-239
-254
4
171
127
-137
-293
-309
-382
-203
271
323
84
-54
-112
-65
-10
96
420
554
259
62
-125
-235
22
173
131
52
-182
-438
-613
-603
-367
-225
-221
-222
-473
-684
-615
-353
-124
-9
72
128
5
-72
82
268
474
707
709
506
379
355
377
507
643
590
386
187
18
-122
-150
-71
-38
-153
-332
-502
-617
-659
-520
-367
-334
-336
-383
-458
-402
-227
-18
156
241
338
83
-232
3
456
646
628
528
479
327
-21
21
281
355
401
285
-48
-216
-338
-430
-165
38
37
-123
-327
-390
-420
-390
-1
268
85
-78
-143
-104
-9
-1
223
518
369
67
-56
-173
-32
143
135
143
20
-284
-490
-532
-380
-179
-159
-144
-225
-473
-535
-379
-185
-48
53
134
112
17
64
204
348
526
576
442
357
343
288
316
429
465
331
126
5
-73
-138
-158
-170
-177
-264
-420
-495
-520
-477
-367
-358
-332
-284
-312
-299
-197
-13
144
211
290
268
-47
-62
338
651
651
500
392
363
141
-43
162
344
401
324
6
-236
-297
-368
-252
-25
47
-19
-241
-371
-407
-416
-164
207
223
32
-115
-164
-42
5
102
440
490
185
10
-141
-146
43
126
162
101
-194
-407
-529
-460
-244
-141
-116
-145
-382
-484
-389
-243
-63
66
157
197
78
-28
86
288
465
560
521
449
352
279
265
327
379
366
246
111
-50
-197
-232
-187
-148
-167
-287
-403
-434
-461
-428
-329
-244
-180
-163
-186
-142
-25
105
185
286
328
123
37
322
543
500
415
374
345
157
-13
121
288
270
132
-76
-199
-247
-336
-268
-91
-22
-107
-322
-422
-382
-321
-110
165
144
-64
-153
-127
-34
54
178
410
445
157
-84
-163
-84
112
196
155
19
-205
-406
-434
-298
-126
-83
-83
-191
-385
-435
-305
-166
-65
84
179
98
-20
-21
115
311
427
446
407
334
283
215
191
281
351
309
183
71
-61
-210
-211
-114
-107
-154
-211
-293
-374
-429
-385
-251
-155
-113
-134
-142
-66
59
93
113
215
180
71
147
340
391
297
251
312
194
0
56
133
155
85
-96
-183
-175
-259
-268
-176
-130
-141
-226
-294
-248
-179
-101
51
104
3
-44
-16
53
103
151
299
356
164
3
-49
-7
115
170
120
-10
-264
-367
-335
-294
-179
-88
-143
-276
-417
-420
-267
-151
-56
27
53
70
26
-7
112
332
441
397
324
342
344
261
254
334
316
242
204
104
-17
-114
-158
-147
-153
-167
-198
-307
-381
-371
-379
-312
-205
-133
-151
-168
-74
49
17
30
193
154
55
127
319
383
304
230
272
182
-1
73
212
188
88
-40
-117
-131
-194
-201
-95
-64
-77
-178
-239
-180
-128
-56
112
119
-3
-64
-15
97
152
190
320
356
108
-83
-66
20
77
130
132
-14
-282
-417
-377
-317
-200
-127
-170
-292
-437
-471
-349
-166
-38
0
-9
4
-30
-28
105
315
409
352
298
294
277
272
314
335
327
287
203
85
-14
-55
-77
-116
-103
-79
-161
-296
-354
-333
-291
-272
-209
-130
-125
-163
-128
-60
19
60
148
216
87
0
130
296
312
252
195
216
83
-37
61
146
103
1
-100
-138
-165
-243
-189
-66
-66
-138
-218
-232
-161
-94
20
140
75
-48
-30
43
91
137
248
380
247
-44
-67
33
70
123
145
107
-118
-363
-359
-245
-187
-77
-89
-203
-312
-433
-370
-164
19
113
73
5
5
-21
71
313
451
435
345
306
287
232
271
403
426
331
231
125
-15
-90
-48
-42
-60
-85
-148
-295
-393
-354
-251
-228
-195
-162
-180
-211
-203
-134
-35
93
192
199
67
-40
18
207
330
309
264
192
95
-29
-24
106
155
86
-35
-112
-145
-187
-210
-70
24
-50
-157
-225
-198
-103
22
161
160
9
-60
-10
42
124
224
290
257
87
-65
-89
-2
68
73
47
-33
-214
-369
-347
-221
-106
-119
-167
-245
-337
-334
-210
-58
40
76
65
38
22
87
221
369
440
393
324
280
265
271
289
366
386
266
104
-13
-66
-85
-114
-71
-38
-108
-233
-352
-391
-323
-261
-196
-129
-131
-177
-217
-190
-92
31
109
169
125
-48
-80
95
267
279
217
175
130
-57
-130
25
125
113
29
-79
-132
-209
-253
-117
22
27
-44
-171
-193
-117
-40
90
175
102
21
11
7
46
116
239
288
117
-91
-134
-70
-32
28
57
-4
-192
-365
-360
-268
-182
-120
-101
-180
-267
-305
-246
-103
53
127
120
81
43
67
165
322
421
398
336
299
231
193
248
326
362
266
138
25
-83
-116
-84
-41
-25
-76
-207
-335
-376
-324
-235
-192
-126
-120
-205
-260
-204
-102
-10
73
135
115
-45
-88
61
205
228
206
170
108
-10
-65
63
141
122
64
-16
-71
-116
-141
-54
64
57
-20
-112
-135
-90
-42
69
146
63
-34
-13
6
-17
29
144
198
65
-93
-89
-76
-100
-43
16
-35
-153
-273
-283
-215
-164
-115
-119
-155
-202
-246
-192
-45
45
62
94
120
82
57
165
306
343
324
321
313
241
194
237
292
288
237
162
75
-19
-87
-91
-61
-51
-89
-173
-291
-369
-384
-320
-222
-147
-167
-240
-299
-313
-254
-138
19
106
61
-30
-81
-48
54
172
262
276
197
114
55
69
157
224
231
188
112
37
-12
-1
55
72
48
-7
-83
-115
-104
-68
-37
-57
-94
-118
-131
-137
-117
-93
-64
-55
-90
-123
-117
-99
-71
-31
-26
-39
-76
-87
-54
-18
9
21
12
0
14
44
97
138
138
121
126
130
145
177
206
237
225
171
155
150
139
136
141
135
101
52
20
-3
-47
-84
-93
-90
-98
-124
-159
-193
-210
-204
-181
-154
-129
-125
-148
-148
-120
-93
-39
6
22
5
-16
4
58
81
102
118
108
91
74
75
101
117
112
92
77
75
64
47
49
58
37
7
6
9
-2
-17
-26
-21
-31
-55
-45
-34
-42
-56
-64
-64
-70
-85
-83
-61
-57
-67
-84
-82
-78
-76
-57
-18
7
3
-13
-17
11
54
94
133
164
153
128
127
153
208
238
243
221
184
144
128
127
125
120
96
61
-6
-71
-109
-126
-129
-140
-152
-174
-205
-251
-288
-286
-248
-204
-186
-174
-169
-173
-186
-149
-67
0
36
49
40
34
48
97
159
192
188
163
148
142
147
163
183
187
149
84
48
34
42
44
37
28
-5
-43
-75
-88
-89
-76
-71
-79
-94
-110
-122
-128
-118
-102
-84
-72
-63
-63
-62
-48
-31
-19
-13
1
17
27
41
59
73
70
63
54
68
96
118
125
108
94
74
68
77
99
105
94
74
35
11
-16
-9
-3
-6
-20
-47
-88
-114
-122
-122
-110
-102
-109
-121
-145
-156
-161
-132
-96
-62
-61
-69
-71
-70
-52
-15
40
66
68
56
48
44
58
97
129
138
121
100
85
79
84
93
103
94
72
36
17
15
10
4
-4
-11
-27
-41
-59
-70
-75
-73
-69
-73
-82
-95
-93
-90
-84
-72
-60
-49
-47
-54
-52
-32
-10
5
22
32
36
30
34
46
62
69
74
80
76
79
76
80
77
74
65
57
59
52
48
31
18
1
-14
-22
-22
-20
-33
-41
-60
-75
-88
-90
-79
-69
-64
-73
-79
-87
-84
-78
-61
-37
-29
-28
-32
-25
-17
0
19
38
55
48
44
36
43
59
73
82
83
74
57
46
36
42
47
49
47
31
17
-5
-13
-17
-18
-15
-19
-23
-42
-63
-75
-72
-64
-49
-52
-54
-59
-72
-71
-59
-37
-21
-13
-21
-28
-25
-15
4
21
33
29
28
21
26
39
60
74
71
63
56
48
49
54
66
64
54
39
26
22
19
22
20
15
-2
-19
-34
-36
-34
-31
-31
-46
-62
-73
-69
-61
-57
-47
-45
-41
-46
-43
-31
-10
8
13
14
14
24
29
42
56
64
62
53
51
51
54
54
61
57
42
27
16
10
4
5
4
0
-16
-39
-50
-53
-44
-38
-31
-34
-37
-50
-63
-58
-43
-23
-14
-12
-19
-27
-36
-27
-8
8
19
15
6
-2
-4
2
19
31
31
25
16
13
10
19
31
38
33
27
20
16
17
21
23
30
24
15
6
0
-5
-3
-1
-2
-4
-18
-29
-36
-32
-30
-31
-38
-39
-48
-51
-56
-46
-36
-30
-28
-23
-20
-18
-8
3
15
24
31
36
41
42
42
50
57
57
56
54
51
49
43
41
36
31
24
19
15
12
5
-3
-8
-17
-25
-28
-24
-21
-24
-29
-35
-42
-45
-39
-29
-21
-23
-32
-38
-39
-35
-24
-11
-4
-6
-15
-21
-20
-11
3
9
14
10
3
0
4
13
17
18
16
14
11
11
13
16
21
23
20
14
8
7
8
8
7
5
1
-8
-16
-21
-22
-22
-20
-23
-25
-30
-32
-35
-30
-26
-19
-19
-18
-15
-15
-5
-1
6
12
15
19
23
28
30
35
39
44
42
38
35
33
32
32
33
31
24
13
6
4
5
0
-5
-13
-19
-23
-27
-22
-18
-19
-21
-26
-30
-29
-25
-18
-10
-10
-12
-17
-21
-14
-4
5
7
4
-2
-4
-2
10
14
15
12
0
-2
-1
3
12
17
12
7
-2
-7
-2
3
11
13
11
5
-8
-14
-12
-4
0
2
-2
-7
-17
-23
-21
-15
-7
-4
-5
-10
-18
-24
-22
-13
-3
2
1
0
-2
-3
2
11
19
24
21
19
15
14
14
15
21
23
22
19
14
9
9
9
9
6
3
2
-1
-1
-1
-3
-7
-8
-11
-10
-6
-4
-5
-7
-12
-17
-15
-10
-5
-4
-6
-10
-14
-17
-13
-6
-1
0
-5
-10
-13
-14
-8
-3
0
2
0
-4
-4
1
6
10
9
7
5
3
4
6
10
9
7
1
-4
-6
-5
-7
-7
-4
-5
-12
-20
-22
-20
-15
-9
-6
-9
-16
-23
-22
-20
-11
-1
6
5
1
-1
2
7
17
23
31
31
26
20
23
29
33
36
36
32
25
19
20
23
25
23
19
16
8
3
3
7
9
8
3
-2
-12
-14
-11
-8
-11
-12
-19
-26
-32
-30
-27
-25
-25
-26
-31
-37
-37
-37
-34
-30
-28
-29
-30
-31
-28
-25
-19
-14
-9
-8
-6
-5
-2
1
7
10
11
10
12
13
13
15
16
18
15
11
8
8
12
15
16
10
6
1
1
4
7
9
11
8
3
0
1
4
8
9
10
8
6
7
11
16
20
19
18
18
16
18
20
21
22
23
21
16
16
15
19
20
23
23
19
10
2
4
8
12
12
7
3
-6
-7
-2
-1
-1
3
1
-4
-12
-11
-9
-8
-6
-4
-9
-13
-17
-14
-9
-7
-8
-8
-14
-15
-15
-12
-8
-6
-3
-4
-9
-11
-10
-7
-3
-1
-1
-3
-5
-7
-10
-8
-4
-4
-8
-12
-12
-11
-8
-5
-3
-4
-4
-4
-1
1
3
4
6
5
2
0
4
8
12
14
12
11
10
9
9
11
12
13
11
9
8
9
10
9
11
10
6
5
4
0
1
2
6
7
8
5
2
0
-1
-1
0
-2
-6
-7
-10
-11
-9
-7
-8
-7
-10
-11
-12
-13
-12
-12
-12
-11
-10
-12
-10
-7
-7
-5
-3
-1
1
3
3
3
6
10
12
12
11
12
11
13
13
14
13
10
8
9
7
4
1
-2
-3
-3
-4
-4
-6
-8
-10
-10
-10
-11
-11
-11
-10
-9
-8
-8
-3
1
4
4
6
5
7
7
7
8
8
10
8
9
6
5
5
8
8
9
10
6
4
2
0
1
2
0
-1
0
-2
-4
-3
-1
1
2
-1
-4
-4
-6
-8
-7
-6
-6
-7
-11
-10
-13
-11
-9
-7
-5
-8
-10
-12
-8
-7
-6
-4
-3
-1
-2
1
4
5
7
8
10
12
13
14
15
14
14
13
13
13
11
10
9
9
10
7
2
0
1
0
-2
-4
-5
-5
-6
-6
-5
-3
-3
-5
-7
-8
-4
-2
-3
-4
-3
-2
-2
-2
-1
-1
0
1
1
2
3
3
1
2
2
1
2
1
1
0
-1
-1
0
1
-1
1
-1
-3
-5
-6
-6
-4
-3
-4
-6
-10
-11
-11
-8
-7
-4
-3
-3
-5
-8
-9
-6
-5
-4
-4
-6
-7
-9
-10
-6
-3
-2
0
-1
-2
-3
-5
-2
2
4
4
3
2
0
-1
1
3
5
4
2
-1
-3
-3
-1
-1
0
2
1
-1
-2
-1
3
4
3
3
2
-1
-1
1
5
4
5
4
4
6
6
7
8
10
6
5
5
6
5
2
4
5
3
1
1
2
1
1
0
-2
-4
-4
-5
-5
-5
-7
-7
-9
-9
-10
-9
-8
-9
-10
-10
-13
-11
-7
-5
-4
-2
-1
-1
-2
0
3
5
8
7
7
6
6
7
9
11
13
12
11
11
10
10
10
10
10
9
5
4
3
3
4
2
1
-2
-3
-4
-5
-5
-5
-5
-7
-9
-9
-10
-8
-7
-4
-2
-3
-3
-5
-3
-1
2
3
5
3
2
2
4
5
8
8
7
7
5
6
6
6
6
7
6
4
3
2
3
2
2
2
0
-2
-5
-6
-6
-6
-8
-7
-7
-8
-10
-10
-10
-9
-10
-11
-9
-9
-7
-4
-3
-3
-3
-2
-1
1
4
5
5
5
5
6
8
10
10
10
9
9
8
8
9
10
12
12
11
10
7
7
5
5
4
2
1
0
-3
-5
-5
-6
-5
-5
-6
-11
-10
-8
-7
-6
-6
-6
-8
-6
-6
-4
-1
2
4
5
6
4
3
5
6
6
7
7
5
3
3
3
3
4
4
2
-1
-2
-5
-5
-4
-4
-4
-7
-9
-11
-9
-7
-8
-8
-8
-8
-9
-9
-8
-6
-4
-3
-2
-2
-2
-1
-2
2
5
7
7
6
8
9
10
10
8
9
11
9
9
8
6
6
6
5
2
0
-2
-2
-2
-2
-3
-3
-4
-5
-6
-9
-9
-8
-9
-10
-10
-10
-11
-11
-10
-8
-8
-8
-8
-5
-4
-2
-1
0
0
2
3
4
4
5
6
7
6
7
8
9
8
7
7
8
8
8
8
8
5
2
0
-1
-2
-4
-3
-3
-2
-3
-6
-6
-6
-6
-6
-3
-4
-6
-7
-6
-4
-4
-6
-5
-4
-4
-3
-3
-1
1
3
4
6
7
6
7
7
9
8
8
9
9
9
7
6
6
5
5
3
3
2
1
2
2
1
0
-1
-5
-7
-8
-10
-10
-10
-10
-11
-11
-12
-12
-11
-13
-10
-10
-9
-7
-6
-5
-5
-4
-3
-2
2
3
3
4
6
8
8
9
8
9
9
9
9
9
8
7
6
5
5
3
3
1
0
-2
-2
-3
-5
-6
-8
-11
-12
-12
-12
-12
-12
-12
-13
-12
-10
-9
-7
-9
-7
-6
-6
-4
-3
-1
0
2
1
3
4
5
5
6
8
7
8
10
8
9
9
9
10
11
12
11
8
9
8
8
6
6
5
5
4
3
1
-1
0
2
1
1
-1
-2
-3
-5
-4
-3
-3
-2
-2
-2
-1
0
0
0
2
2
1
2
2
3
4
6
6
5
6
5
6
5
4
5
5
5
3
3
2
2
0
0
0
-1
-2
-3
-3
-5
-6
-6
-8
-8
-8
-8
-7
-8
-7
-8
-6
-5
-5
-5
-4
-4
-4
-2
0
0
0
1
2
2
2
4
3
5
4
3
3
3
3
2
3
3
2
2
4
2
0
0
-1
-1
-1
-2
-2
-3
-4
-3
-4
-5
-4
-5
-5
-4
-3
-2
-4
-3
-2
0
0
0
-1
-1
-1
0
1
1
1
2
1
1
1
3
3
2
2
2
2
2
3
2
3
1
2
3
2
2
1
1
-1
0
0
1
1
1
0
0
0
1
-1
-1
-1
-2
-3
-1
-1
-1
1
1
1
0
2
2
3
4
4
5
5
3
3
3
2
0
1
1
2
2
1
2
2
2
1
0
0
-1
0
-2
-1
-1
-2
-2
-2
-1
1
-1
0
-1
0
0
2
1
0
-1
0
0
3
3
2
2
2
2
3
3
2
1
1
0
1
1
1
1
2
1
0
1
0
1
0
-3
-2
-4
-5
-2
-3
-4
-4
-3
-3
-3
-2
-1
-1
-1
-1
0
0
0
0
1
1
2
1
1
1
2
0
1
2
2
0
0
1
0
0
1
2
4
2
2
2
2
0
-1
-1
-1
-2
-1
-2
-2
-3
-3
-3
-2
-2
-3
-4
-3
-5
-4
-5
-4
-4
-5
-4
-4
-3
-4
-3
-3
-3
-3
-2
0
-1
-2
-1
-2
1
1
1
1
1
1
1
2
1
-1
0
0
1
0
-1
0
-1
0
-1
-2
-2
-2
-2
-2
-3
-3
-3
-2
-1
-3
-2
-1
0
0
2
2
3
2
1
2
2
2
3
2
2
1
2
3
3
4
5
4
4
3
2
1
3
4
3
4
2
0
-1
-2
-1
-1
-2
-3
-2
-2
-2
-2
-1
-3
-2
-4
-4
-6
-5
-4
-4
-3
-3
-2
-1
-2
-1
-1
-1
0
0
1
1
0
1
1
1
2
4
3
4
5
5
4
2
1
1
2
2
2
2
2
1
1
0
0
-1
0
-1
-2
-1
0
-1
0
-1
-1
-1
-1
0
1
1
0
1
0
-1
-2
0
-1
0
1
1
2
1
1
1
2
3
2
2
0
1
1
1
0
0
0
1
1
2
2
1
1
1
1
-1
-2
-2
-2
0
0
1
1
0
0
1
1
-1
0
0
0
0
0
0
0
-1
0
0
-1
-1
-1
0
1
1
0
0
0
0
-1
-2
-3
-4
-3
-4
-4
-4
-3
-2
-3
-3
-2
-3
-3
-1
0
-1
0
-2
-1
-1
-1
-1
-2
0
0
1
1
2
2
2
1
3
4
5
6
5
4
3
2
2
2
3
2
2
2
1
1
0
0
2
0
0
-1
-1
0
0
1
1
1
0
-1
-1
-2
-2
-1
-1
-2
0
0
-1
-1
-1
0
0
1
0
-1
-1
-1
-2
-1
1
1
1
3
3
3
2
2
3
2
3
3
2
3
1
0
0
0
-1
0
0
-1
-1
-1
-3
-3
-3
-3
-2
-1
-2
-3
-3
-3
-2
-3
-1
0
0
0
1
0
1
0
2
2
3
3
2
2
1
2
1
1
1
0
-1
-1
0
0
1
1
2
1
-1
-1
-1
1
0
-1
-1
-1
-2
0
0
-1
-1
-1
-2
-1
-1
-1
-1
-1
0
0
-1
-1
-1
-1
0
1
2
1
0
2
2
2
3
3
1
2
2
1
0
0
0
1
2
2
2
2
3
3
2
0
-1
-1
-1
-2
-1
-1
0
-1
-1
-1
-2
-1
-3
-2
-2
-1
0
1
-1
-1
0
0
1
1
0
0
1
0
0
-1
1
0
1
2
1
1
1
2
1
-1
0
-1
-1
0
-1
-2
-1
0
0
1
3
2
2
1
1
2
1
1
1
1
1
1
1
1
1
2
1
2
1
2
0
-2
-3
-2
-1
0
-1
-2
-1
-2
-1
0
0
-1
-3
-3
-4
-4
-5
-4
-4
-3
-2
-2
-1
0
0
1
0
-1
-1
0
-1
-1
0
0
1
2
2
1
2
0
1
-1
-1
0
1
0
0
-1
0
-1
-1
-1
-2
-3
-2
-2
-2
-1
-1
-2
-1
-1
-1
0
1
1
0
1
2
2
1
1
1
0
0
1
1
0
0
-2
-1
-1
-2
-2
-1
-1
-1
-1
-1
-1
-2
-1
-1
-2
-1
-1
0
1
0
0
0
0
0
0
0
1
1
0
2
1
1
2
2
2
2
3
2
3
3
1
2
1
1
1
1
0
1
2
1
1
0
0
-1
-1
0
0
0
1
2
0
-1
-3
-2
-1
-1
0
0
-1
-3
-2
-2
-2
-1
-1
-1
-1
-1
-1
0
-1
-1
-1
-1
0
-2
-2
-2
-1
-1
-2
0
-1
-1
0
0
1
0
-1
-1
-2
-1
0
0
0
-1
-1
0
-1
-1
0
0
-1
-2
-2
-2
-3
-1
-1
-1
-1
0
2
2
1
2
2
1
1
1
1
1
2
1
3
5
6
5
5
5
6
6
6
4
3
4
3
4
4
5
5
4
4
5
4
4
4
5
6
5
5
3
3
2
0
2
0
0
-1
-1
-1
0
0
-1
-1
1
-1
-1
-2
-2
-1
-1
-2
-1
-2
-1
-2
-1
-2
-3
-3
-2
-1
-1
-1
0
-1
0
1
1
0
1
0
0
0
0
-1
-1
-1
0
-1
-1
-2
-2
-2
-1
-1
-1
0
-1
-1
-3
-2
-1
-1
-1
-1
-1
0
-1
0
3
1
0
0
0
-1
-2
-2
-3
-1
0
0
-2
-1
-1
-2
0
0
1
1
-1
0
1
0
-1
0
2
0
1
0
0
1
2
2
2
1
2
1
0
0
-1
-1
0
-1
-1
-2
-2
-2
-1
0
-1
-2
-2
-2
-1
0
-1
-2
-2
-2
-1
-1
-1
-1
0
-1
0
0
0
0
1
1
1
1
1
0
-1
-2
-2
-1
-2
-2
-2
-3
-2
-1
-1
-1
0
0
0
-1
-1
-2
-1
-1
0
-1
-1
-1
0
0
2
3
1
0
-1
-1
-1
-1
-2
-2
-1
-2
-2
-2
-2
-1
0
1
2
2
2
3
4
2
0
0
0
0
0
0
0
1
0
2
2
1
1
0
1
1
1
1
0
1
1
0
0
-1
-1
0
-1
0
0
0
-1
-1
0
-2
-1
-1
-2
0
1
1
1
0
-1
0
0
1
1
1
1
2
2
2
1
2
1
0
-1
-2
-2
-3
-2
-2
-2
0
0
0
-1
0
0
0
0
1
0
0
0
1
1
1
2
2
1
2
1
1
2
1
1
2
1
1
1
-1
-1
-1
1
-1
-1
-2
-1
-1
0
0
-1
0
0
-1
-1
1
0
0
0
1
1
2
0
1
-1
0
0
-1
-1
1
1
1
2
2
1
1
2
1
2
2
3
3
3
3
2
3
3
3
4
4
4
3
4
4
4
4
3
1
0
0
1
0
1
-1
0
-1
-2
-2
-1
-2
-2
-2
-1
-2
-2
-1
-1
-1
-1
-1
0
1
1
0
0
0
-1
-2
-2
-1
-1
-1
-1
-4
-4
-3
-2
-1
0
-1
0
0
-1
1
0
0
1
1
2
2
1
0
0
1
0
-1
-2
-1
0
0
-1
-1
-2
0
0
0
-2
-2
-3
-2
-1
1
0
0
0
0
-1
0
0
1
1
1
2
1
1
1
0
-2
-1
-2
-4
-3
-3
-2
-1
0
-1
-1
-1
-1
-1
-1
-1
0
0
-1
1
1
0
0
0
-1
-2
-3
-2
-3
-2
-2
-2
-3
-2
-2
-1
-1
-2
-1
-1
0
-1
-1
-1
-1
0
-1
0
1
1
1
2
2
3
3
4
1
2
1
1
1
1
2
2
1
0
-1
-2
-1
-3
-2
-2
0
-2
-1
1
0
1
1
2
1
0
1
1
2
3
2
2
2
1
1
-1
-2
-3
-3
-3
-2
-1
0
0
0
-2
-2
-2
-3
-2
-1
-1
0
-2
-2
-1
0
0
-1
-2
0
0
-1
0
2
1
2
2
0
0
-1
1
1
2
3
4
2
2
2
2
2
2
2
1
1
2
3
3
3
2
0
1
2
1
2
0
0
-1
1
1
2
2
3
3
2
0
-1
0
0
-1
0
1
1
0
0
0
1
1
0
1
1
0
1
1
1
0
1
2
2
0
1
0
0
1
1
0
-1
-3
-2
-2
-2
-2
-2
-2
-1
-3
-4
-4
-2
-2
-1
-1
-3
-2
-2
-3
-2
-2
0
0
-1
-1
-1
-1
-1
0
-1
0
-1
-1
-1
0
-1
0
2
1
1
0
0
0
0
1
1
1
1
1
-1
0
-2
-1
-1
-2
0
-1
-1
-1
0
-2
-1
0
-3
-1
-1
0
0
1
1
1
1
0
0
1
0
-1
1
2
2
2
1
2
2
0
0
0
2
0
-1
1
-1
-2
0
0
1
0
1
-1
0
1
-1
0
-1
0
0
2
2
1
1
0
-1
0
0
0
1
0
-1
0
0
1
0
0
2
2
0
2
1
1
2
2
1
2
3
3
2
1
1
1
2
1
1
0
1
2
0
1
0
-1
-1
1
0
1
-1
-2
-1
-3
-1
-1
0
-1
-1
0
-2
-2
-1
-2
-1
-2
-3
0
-2
-1
-1
-2
-2
-3
-2
0
-1
-1
-1
0
0
1
-1
0
1
0
0
0
-1
0
0
0
0
-1
-1
0
1
1
0
-1
-1
-2
-2
-2
-2
0
1
2
0
-1
1
-1
0
1
1
2
2
1
1
0
0
1
-1
0
-1
-1
-1
-1
-2
-1
-2
1
0
-1
-1
0
0
0
0
0
-1
-2
0
-1
0
-1
0
0
-1
-1
-1
-1
0
-1
0
0
1
1
1
1
1
1
2
2
1
2
3
3
2
1
3
1
0
-1
-1
0
0
0
-1
-2
-3
-3
-3
-3
-2
-3
-2
-3
-1
-2
-1
0
1
1
3
4
3
3
0
1
1
0
0
0
-1
0
0
0
0
0
0
-1
-1
-1
0
0
-2
-2
-1
-1
-1
0
-1
-1
1
0
0
2
1
1
0
-2
-1
-1
-1
0
0
0
1
0
0
-1
1
0
0
-1
-1
-1
-1
-1
-2
-2
-2
-1
-1
0
0
0
0
1
3
4
4
3
3
0
1
1
2
4
2
3
3
2
2
2
2
1
3
0
0
-2
-2
-3
-3
-2
-1
0
0
0
-1
-1
0
0
1
0
0
1
2
0
-1
1
-1
0
0
-1
-2
-3
-2
-1
-2
-1
0
1
0
0
1
1
2
2
1
1
1
1
2
2
3
2
2
1
1
0
-1
-2
-1
-1
0
-1
-1
-1
-2
1
1
-1
-4
-1
0
0
1
1
-1
1
1
0
-1
-1
0
1
1
1
0
0
-1
1
1
0
0
3
2
0
-1
-1
-3
-2
-2
-2
-2
-1
0
-2
-3
0
1
-1
0
0
1
0
-1
0
0
1
0
1
1
2
1
3
0
-1
0
-1
-1
-1
-1
-1
-2
-1
-2
-1
-1
0
0
0
-1
-2
-1
-1
-1
-1
0
0
-1
-1
0
0
-1
0
0
0
0
-2
-3
-2
-2
-1
-1
-1
0
0
-1
-1
-1
-1
-1
1
0
1
1
1
1
1
-1
-1
1
1
0
0
0
2
2
2
2
3
4
3
4
4
3
3
2
2
3
3
3
4
5
3
5
3
3
1
0
2
2
0
1
0
0
2
3
2
3
3
1
0
1
0
0
0
-1
0
1
-1
-1
-2
-2
0
-1
-2
-1
0
1
0
1
1
1
0
-1
-1
-2
-3
-2
-2
-3
-3
-4
-3
-2
-4
-3
-3
-3
-3
-3
-3
-1
-2
0
2
2
2
2
1
2
0
-1
0
0
1
2
1
2
1
0
-1
2
0
-2
-2
-2
-1
-2
-1
-2
-1
-1
-3
-2
-2
-3
-3
-3
-2
0
0
1
0
-1
0
2
2
2
0
0
0
0
-1
-1
-1
-1
-2
-2
-2
-2
-1
-2
-2
-1
-2
-2
-2
-2
-1
-1
0
1
0
0
1
0
1
0
0
0
2
1
0
2
1
1
1
-1
-1
0
0
-1
0
0
-1
-2
-3
-2
-1
-2
-1
-2
-1
-1
-2
-1
-2
-1
0
2
0
1
1
1
0
0
1
-1
0
-1
0
0
0
1
0
0
-1
-1
-1
-2
0
1
0
0
0
0
0
0
1
1
1
0
2
2
2
2
2
2
0
0
1
1
1
3
2
1
2
3
4
3
1
0
1
2
2
3
1
-1
1
-1
1
1
0
-1
-1
-1
0
-1
-2
-2
0
0
0
-1
-1
0
1
2
2
2
2
2
2
1
0
0
1
0
0
0
0
1
0
1
3
2
2
1
2
1
2
1
0
3
1
0
0
0
-2
-2
-3
-3
-2
-1
0
-1
-1
0
1
0
-1
0
0
-2
-1
0
-1
-2
-4
-2
-2
-3
-3
-2
-2
-1
1
3
1
1
1
2
1
0
1
0
0
2
1
3
0
-2
0
1
0
-1
0
-1
0
0
0
0
0
-1
0
0
-1
-1
1
2
1
0
0
1
1
1
1
2
0
0
0
0
0
0
1
1
1
0
0
1
2
2
1
2
2
2
1
1
0
1
0
-3
-2
-2
-1
0
-1
-2
-1
0
0
-1
0
-1
-1
-2
-2
-2
-2
-2
-1
-1
-1
-2
-2
0
0
0
0
-1
-1
-1
-1
-2
-2
-3
-4
-3
-2
-1
1
0
-1
0
0
0
1
-1
0
0
1
1
0
0
1
2
2
2
0
0
0
0
-2
-1
1
1
0
-1
0
-1
-1
0
-1
-2
-2
-1
-1
-1
-2
-2
-3
-1
1
1
1
1
2
2
2
2
3
2
2
1
1
1
2
2
1
3
3
2
1
1
1
0
0
0
0
0
-1
-2
-1
-2
-1
1
1
2
2
3
2
1
0
1
1
1
2
1
1
2
2
2
1
1
2
1
1
2
2
0
1
0
1
0
1
2
-1
-1
-1
0
2
1
0
0
2
2
2
1
1
2
1
1
0
0
0
0
1
1
1
0
1
0
1
0
-1
1
1
1
0
0
-1
-1
-1
-1
-2
-2
-2
-1
-1
0
1
0
-1
0
-1
-1
-1
0
2
1
1
2
2
1
1
3
3
3
0
0
-2
-1
-1
-1
-1
-2
-1
-1
-1
-1
0
1
0
1
0
-1
-2
-1
-1
-1
1
1
-1
0
2
1
1
1
0
1
-1
0
-1
-2
-3
-3
-1
1
0
1
0
-1
-1
-2
-2
-2
-3
-3
-2
-2
-1
0
0
-2
-2
-1
-1
0
-1
-1
0
0
-1
0
-1
0
-1
-1
-1
-1
0
1
1
1
1
1
2
2
0
0
-1
-1
0
-2
-1
-1
-2
-1
-1
-1
-2
-4
-4
-3
-1
-2
-4
-3
-3
-3
-3
-2
-2
-2
-1
-1
-2
-1
-1
-2
-1
-1
0
0
0
0
0
-1
-1
-1
-1
1
2
0
-1
-1
-1
0
-1
0
0
0
1
1
2
0
1
1
1
0
0
-1
-1
0
1
1
2
2
2
2
2
1
1
0
0
0
1
0
1
1
1
0
0
2
1
1
2
0
0
1
0
2
3
2
2
1
2
3
2
2
2
2
2
2
0
0
1
1
2
2
4
2
1
1
0
-1
-3
-2
-2
-2
-2
-1
-1
-1
-2
-1
0
-1
-2
-1
0
1
0
0
0
1
-1
-1
-1
-2
0
-1
-1
0
-2
-2
1
0
1
0
-2
0
0
0
-1
0
1
1
0
1
1
2
3
3
2
2
2
1
2
1
2
1
1
2
1
1
0
1
1
0
2
1
0
0
1
1
1
-1
0
0
0
0
0
-1
-1
-1
-2
-3
-2
-1
-2
0
-1
-1
-1
-1
-2
-2
0
-2
-1
0
-1
-1
-1
0
-1
-1
0
0
0
1
0
1
2
1
1
0
1
1
-1
-1
1
1
1
0
1
2
0
0
1
2
1
1
0
0
1
0
2
1
2
3
3
3
3
4
3
2
2
2
2
1
2
1
2
2
1
1
2
1
0
0
-1
0
0
0
-1
1
1
2
2
2
1
2
1
1
-1
-1
0
0
-1
0
1
1
2
1
0
-1
-1
0
-1
-3
-1
-1
-1
-1
-1
-3
-1
-2
-3
-3
-2
-3
-1
-2
-2
-1
-2
-2
-1
-1
-2
-2
-2
-3
-2
-2
-2
-2
-1
-2
-2
-2
0
0
-1
-1
-2
-3
-3
-1
-1
-1
0
0
0
-1
0
-1
-1
-1
1
0
1
2
1
1
0
-2
-2
-1
-1
0
1
-1
0
-1
0
-1
0
-3
-1
-1
-2
-1
-1
1
1
2
2
1
0
0
0
0
1
1
1
1
0
0
-1
-4
-2
0
0
-1
0
0
1
0
1
1
0
0
0
0
0
0
0
-1
-1
0
2
0
-1
-1
0
0
0
0
-1
-1
-3
-3
-3
-1
-1
-1
1
0
0
1
-1
0
0
0
0
1
1
1
0
2
4
4
3
4
4
3
3
2
3
2
2
1
1
0
2
1
1
2
2
2
1
2
4
3
0
0
-1
0
0
0
1
0
0
0
2
0
0
1
1
1
2
1
0
0
0
-2
-1
-2
-1
0
0
-1
-2
-1
-1
0
-2
-1
0
-1
0
0
0
-1
-1
1
1
2
2
1
0
-1
-1
-2
-1
-3
-1
-1
-2
-2
-1
-1
0
-1
-1
-2
-2
-1
-1
-2
-1
-1
-1
-1
0
-1
0
1
1
2
1
1
1
1
1
2
2
2
0
-1
-1
-3
-3
-4
-4
-4
-4
-4
-2
-3
-2
-1
-2
-2
-2
-2
-2
-2
-1
1
2
2
1
2
2
3
3
2
0
0
0
0
0
-2
-3
-1
0
1
0
0
1
1
1
2
1
0
-1
-2
-2
-1
-2
-2
-2
-1
0
2
1
1
1
1
1
2
3
2
1
1
1
1
-1
0
2
3
3
2
2
1
1
0
-2
-1
-1
-1
0
-1
0
0
-2
-1
-2
-4
-1
0
-1
-1
1
0
0
-1
0
1
2
2
3
2
2
2
2
3
3
2
2
1
0
0
1
2
2
1
0
0
0
-1
0
0
-1
0
-1
-1
-2
-2
-2
-2
-2
-2
-1
-1
-1
-1
-1
-2
0
-1
-2
-2
-3
-1
0
0
0
-2
-1
1
0
-1
0
0
2
2
2
1
1
1
1
1
1
0
1
2
2
0
1
2
2
2
1
1
1
1
1
1
0
2
1
1
1
2
3
2
4
2
2
2
2
4
3
2
2
4
2
3
2
1
0
-1
-1
0
-1
0
0
0
0
0
1
0
-1
0
0
-1
-1
-1
0
1
1
0
1
2
1
0
1
0
0
1
1
0
1
1
1
0
-1
0
0
0
1
0
-1
1
0
0
0
1
1
0
1
1
0
0
1
1
0
2
2
1
-1
-2
-2
-1
-3
-3
-3
-2
-3
-2
-3
-2
-2
-2
-2
-2
-4
-2
-3
-4
-2
-2
-1
-1
-1
-2
-2
-2
-1
0
0
0
1
0
0
1
0
-1
0
-1
-1
1
0
0
0
2
2
2
2
2
0
0
2
3
2
3
2
2
2
2
1
0
1
1
0
1
2
1
0
0
1
0
0
0
0
0
1
2
2
2
2
1
1
2
0
1
1
1
0
-1
-2
-1
0
0
0
0
0
0
0
-1
-2
-4
-2
-1
-2
-1
-1
0
2
1
1
0
1
1
-1
-1
-1
-2
-2
-1
-2
-2
-1
-2
-1
-1
-1
-1
-1
1
2
0
2
1
1
1
-2
-2
-1
-2
-2
-2
-2
-2
-1
0
-1
0
0
1
1
0
0
-1
-1
0
-1
-1
-1
-1
-2
-1
-1
-2
-2
-1
-2
-1
-2
0
-1
0
0
0
1
0
-1
0
-1
1
2
0
2
1
1
2
2
1
-1
-1
-1
-1
-1
0
-1
1
0
-1
-1
-3
-2
-1
-1
-1
0
0
-1
-1
-1
0
0
-1
-1
0
-1
-2
-1
-1
-2
-1
-1
-2
-4
-4
-3
-2
-1
-2
-1
0
0
-1
-1
0
-2
0
0
-1
0
0
1
1
1
1
2
1
-1
-1
1
1
1
1
2
2
1
3
2
2
2
2
2
2
2
2
2
1
0
0
0
1
1
1
1
2
-1
0
0
1
2
2
1
1
1
2
1
1
-1
0
1
0
1
1
1
-1
1
1
0
1
1
1
2
1
1
1
0
1
2
1
1
1
2
2
2
2
1
1
1
1
3
3
2
2
1
2
2
2
1
0
1
2
1
2
1
1
0
0
0
-1
0
0
-1
-2
-2
-2
-2
-2
-2
-1
-2
-2
-2
-2
-1
-1
-1
0
0
-1
0
0
0
0
1
1
0
0
0
0
-2
-3
-3
-2
-2
-3
-3
-5
-3
0
-1
1
1
0
0
1
0
1
-1
-1
-2
-2
-3
-1
-2
-1
-1
-1
-1
-1
-1
1
1
0
0
0
-1
-3
-1
-2
-1
0
1
-1
-1
-1
-3
-1
0
0
-1
0
1
1
3
2
2
3
2
2
1
1
1
2
2
2
0
1
1
3
2
2
2
2
4
2
2
1
-2
-2
-2
-1
-1
-1
0
-1
1
1
1
1
0
0
1
2
2
1
1
-1
-2
-2
-1
-1
-2
-2
-2
-2
-2
-3
-1
-1
0
0
0
0
-1
0
1
1
-1
-2
-2
-1
0
0
1
2
1
3
4
2
2
1
2
2
3
2
1
2
1
2
2
1
1
1
1
0
1
-1
-1
1
-1
-1
-2
-2
-1
-3
-2
-3
-3
-3
-1
-1
0
1
1
0
0
0
-1
-1
-1
-1
-2
-2
-1
0
0
-1
0
1
-1
0
1
1
2
1
-1
-1
0
0
1
0
-1
-2
-1
-1
-1
-2
-2
-2
-1
-1
0
0
0
0
-1
-1
-1
-1
-2
0
0
0
0
-1
0
0
-1
-1
-1
0
1
1
0
-2
-2
-2
-1
-2
0
0
1
1
2
2
2
1
0
0
1
1
0
-2
-3
-3
-2
-2
-1
-2
-2
-1
-1
-2
-1
0
-1
0
1
0
1
1
0
2
0
1
1
1
2
1
1
3
2
1
1
2
0
-1
0
0
0
0
-1
-2
-3
-3
-3
-2
-2
-3
-4
-2
0
-2
-1
0
-1
0
0
0
1
1
-1
1
0
1
2
2
2
2
3
3
3
4
3
3
2
2
0
1
0
-1
0
-1
0
-2
0
0
0
0
1
0
1
0
0
2
2
1
2
1
1
0
1
1
1
1
1
0
0
0
0
-2
-2
1
-1
-1
-2
-3
-1
-1
1
1
1
1
2
3
2
2
3
1
2
-1
0
0
1
1
-1
0
-1
0
0
0
1
0
1
1
0
2
1
1
2
0
0
1
1
1
-1
0
0
-1
0
1
2
1
0
-2
-1
-1
-1
-1
-2
-4
-4
-5
-5
-6
-6
-4
-4
-4
-4
-4
-2
-2
-1
-2
-2
-1
0
1
2
1
2
0
-1
-1
0
-1
-1
-1
0
0
0
0
1
1
1
2
2
2
2
2
2
2
1
2
1
0
0
0
-1
1
0
0
1
0
1
2
0
-2
0
0
1
1
3
1
-1
-2
-2
-1
0
-1
-1
1
3
0
2
1
2
3
3
3
3
2
2
1
0
1
1
1
0
0
1
1
1
1
1
1
3
2
0
-1
0
0
0
0
0
-1
-2
0
-1
-2
-2
-2
-2
-2
-1
-1
-2
-1
-2
-2
-2
-2
0
-1
0
-1
-2
-1
-3
-2
-2
-2
-1
-2
-2
-2
-2
-1
0
0
0
1
0
0
-1
0
2
2
2
1
1
0
1
2
2
1
0
1
2
1
1
0
1
0
0
-1
1
2
1
0
0
0
-1
-2
-2
-2
-2
-2
-3
-1
-1
0
1
2
1
1
1
0
-1
0
-1
-2
-1
-1
-1
-2
-2
-1
-2
-1
0
0
0
0
-1
-1
0
0
-1
-1
-1
0
-2
-2
-1
-1
-1
1
0
1
1
0
2
3
2
2
1
1
0
0
-1
1
1
1
3
2
2
2
1
1
1
0
2
2
1
1
2
2
3
3
1
1
1
1
0
0
0
1
1
1
2
2
0
0
1
0
0
0
1
1
1
2
2
3
2
2
2
3
3
2
1
0
-1
0
1
0
-2
-2
-3
-2
-1
-2
-1
-2
-1
-2
-3
-3
-2
-2
-3
0
-2
-2
-2
-3
-2
-1
-2
-2
-1
0
0
0
0
-1
1
1
1
1
1
1
1
1
1
0
0
0
-1
-1
-2
-1
-2
0
-1
0
0
-1
0
1
0
1
0
1
1
1
1
1
2
1
1
1
3
1
2
3
2
1
0
1
1
-1
0
0
0
0
-1
-1
0
0
0
-1
0
-1
-1
-1
0
0
-1
-1
-2
-2
-1
-1
-1
-1
-2
0
0
-2
-2
-1
-2
-3
-4
-4
-3
-3
-2
-2
-2
-2
-2
-2
0
0
-1
0
0
2
1
0
0
-1
1
0
1
0
-1
0
-1
-2
-2
0
-1
-2
-3
-3
-1
1
1
-1
-1
-2
-1
-2
-1
-1
-1
0
0
1
1
1
0
1
2
2
3
4
4
3
2
1
2
1
1
0
0
0
-2
0
-1
-1
-1
-1
0
0
0
0
1
0
0
-1
-1
-1
-2
-2
-2
-2
-1
0
0
0
0
1
0
-2
-1
1
1
2
3
2
2
2
1
0
1
0
0
-1
0
1
0
1
-1
0
1
2
2
3
3
2
3
3
1
1
1
-1
1
2
2
2
2
2
2
2
3
2
2
3
5
3
3
1
1
3
1
1
1
0
0
0
1
0
0
1
2
2
1
2
3
2
2
1
1
2
2
2
1
2
3
2
2
0
1
2
2
2
1
-1
0
0
0
-1
-2
-1
-2
-2
-1
-2
-2
-1
-1
-2
-2
-2
-1
-1
0
-1
0
1
1
1
1
-1
0
0
-1
-2
-2
-3
-3
-1
-2
-1
-1
-2
-2
-2
-2
-2
0
0
-1
0
2
1
2
1
0
-1
0
-1
-1
-2
-2
-1
-1
-1
-2
-1
-2
-2
-2
-2
0
0
0
0
-1
-2
-2
-1
-1
-2
0
-1
1
0
-1
1
2
1
2
1
1
1
1
2
1
1
0
0
-1
0
0
0
0
1
2
1
2
1
0
1
1
1
1
1
0
0
1
1
1
1
1
1
1
2
0
-1
-3
-1
0
-2
-1
1
0
2
0
0
0
-3
-1
0
0
0
0
1
-1
0
1
1
1
1
3
0
0
0
-1
1
0
1
1
0
-1
0
0
-1
0
-2
-1
-2
-1
-1
-2
-2
1
0
0
1
0
0
-1
-1
0
-1
0
0
0
1
0
0
0
-1
1
1
0
0
-2
-1
1
1
-1
-1
-1
-2
-2
-2
-1
-1
0
-1
-1
-1
0
0
0
0
0
0
0
0
-1
-2
-1
0
0
-1
-1
-1
0
-1
0
-1
0
0
0
0
0
0
-1
-2
-1
1
0
0
-1
-1
-1
-1
-1
-1
-1
-1
0
-1
-1
-3
-3
-2
-2
-2
-2
-2
-1
-1
-1
-1
0
0
-1
0
-1
1
0
1
1
2
2
2
3
2
2
1
0
1
1
-1
1
0
0
0
-1
-2
-2
-1
-1
-2
-1
-2
-1
-1
-2
-2
-2
-1
0
-1
-2
-2
-2
0
0
0
1
1
0
0
-1
-2
-2
-2
-1
-2
-2
-1
-2
-1
-1
0
0
0
-1
0
1
2
1
2
2
2
1
1
2
1
2
3
3
3
2
2
2
2
2
2
4
4
4
4
3
3
4
4
3
2
2
0
1
0
0
2
2
2
2
3
2
3
3
3
3
4
3
2
2
1
0
0
0
1
0
0
0
1
1
0
2
1
1
1
1
0
-1
0
0
1
1
0
1
1
0
-1
-1
-2
-3
-2
-2
-2
-3
-3
-4
-5
-3
-3
-2
-2
-3
-2
-2
-2
-2
-2
0
0
0
1
2
2
1
2
2
2
2
1
0
-1
-1
-1
-1
-1
-1
-1
-1
-3
-3
-3
-2
-3
-2
-2
-2
-1
0
0
-1
-1
-1
0
-1
0
0
0
1
1
1
0
1
1
1
1
0
0
-1
-1
-1
0
0
0
-1
-2
-2
-1
-2
-2
-1
-1
-1
0
-1
0
0
1
2
2
3
2
2
0
2
2
1
2
3
3
4
4
3
3
3
3
2
1
0
1
2
0
2
2
2
1
0
-1
0
0
0
0
0
0
2
2
2
0
1
1
0
0
-1
0
-2
-1
-1
-1
-1
-2
-2
-2
-1
1
2
0
-1
-1
0
-2
-2
-3
-4
-3
-2
-2
-3
-3
-3
-2
-1
1
-1
0
0
0
-1
0
1
1
1
1
0
0
0
2
2
2
2
0
0
0
0
0
0
0
-1
-2
-2
-2
-1
0
-1
-1
-1
0
-1
-1
0
0
0
-1
-2
-1
-1
-1
1
2
0
2
1
1
1
2
1
1
0
1
1
2
2
1
2
3
4
1
1
1
2
0
-2
-2
-3
-2
-2
-1
0
0
0
-1
-1
0
-1
-1
0
0
-1
0
-1
-1
-1
0
0
-1
0
0
0
-2
-3
-1
-1
-1
-2
-1
-1
0
-1
-2
-1
-2
0
1
-1
-2
-2
-1
-1
0
0
1
1
0
0
1
0
0
0
-1
-1
0
1
1
1
1
0
-1
-1
-1
0
1
0
-1
-1
-1
-1
-1
-1
0
0
-1
1
2
4
3
2
1
0
1
1
0
2
0
1
2
3
2
1
1
1
1
1
0
0
0
2
1
2
1
2
3
2
0
-1
-1
0
1
-1
-2
0
0
1
2
3
2
1
1
0
-1
-1
-1
0
-1
-2
-1
-1
0
1
0
1
1
0
0
2
3
3
1
2
2
1
1
-1
1
2
1
1
0
-2
-1
1
1
1
0
1
0
1
1
0
0
0
-1
-1
-1
-2
-1
-1
-1
-1
-1
-3
-2
-1
-2
0
-1
-1
-2
-2
-1
-2
-2
-1
-1
-1
0
0
-1
-2
-1
-2
-1
0
-1
-1
0
0
-3
-2
-3
-3
-1
-1
-1
-2
-1
-2
-2
-2
-2
-3
-2
0
-1
-2
-1
-2
-3
-1
-1
1
1
2
2
2
2
2
1
2
3
3
0
0
-2
0
0
-1
0
0
-1
-1
-1
-1
-1
-1
0
-1
-1
-1
0
0
2
1
1
0
0
1
1
2
2
1
2
2
1
0
1
1
0
0
0
0
0
1
0
-1
-1
-1
0
-1
-2
0
-1
0
-1
-1
-2
-1
-2
-2
-2
-1
-2
-2
-1
0
0
-1
0
0
1
0
1
0
1
1
1
1
0
0
0
-1
-1
-2
-2
-3
-2
-2
-1
-1
-1
-2
1
2
2
1
-1
1
2
1
1
0
-2
0
-1
0
0
0
2
0
1
0
0
1
2
1
0
2
1
1
-1
-2
0
1
2
2
2
2
3
2
1
1
2
1
1
1
0
0
1
1
1
2
2
3
2
1
1
0
0
0
0
-1
-2
-2
-1
0
0
-2
-2
-2
0
0
0
0
1
0
1
1
1
1
2
1
2
1
1
0
-1
-2
-3
-2
-2
-2
0
1
1
0
2
0
1
0
-1
1
0
1
1
1
3
3
2
1
1
0
1
0
0
-1
-2
-2
-2
-2
-3
-3
-3
-2
0
-1
0
0
0
0
0
-1
-3
-1
-1
-1
-1
-1
0
0
1
2
1
2
1
1
1
1
0
0
1
1
2
1
0
0
-1
-1
-1
-2
-1
-1
-1
-2
-2
-2
-2
-2
0
0
0
0
0
1
-1
0
-1
-1
0
-1
-1
-1
1
3
1
1
1
0
0
0
1
1
1
3
2
2
1
1
1
2
2
1
1
2
2
2
3
3
3
3
4
3
2
2
1
1
1
-1
-1
-1
-1
-1
-3
-3
-3
-3
-2
-2
-2
0
-2
-2
-1
-3
-2
-2
-1
0
-1
0
0
1
0
-1
-2
-2
-3
-3
-2
-2
-2
-2
-1
0
0
-1
0
0
-1
0
-1
0
0
-1
-2
-1
-1
-1
-1
-2
-1
-1
-1
-1
-1
0
0
0
-1
0
-1
-1
-1
-2
-2
-2
-3
-1
-1
-1
-1
1
1
0
1
1
2
1
3
2
1
2
1
1
2
2
1
1
1
-1
1
1
0
-1
0
1
1
1
1
0
-1
0
0
0
1
1
0
1
0
0
2
2
1
1
0
-1
1
1
1
2
0
0
0
0
1
0
0
0
1
0
-1
-1
0
0
-1
-1
-3
-2
-1
-1
0
0
1
0
-1
0
0
0
1
1
1
1
0
-1
-2
-2
-3
-2
-3
-2
-1
0
1
2
2
1
1
0
0
1
2
1
1
1
0
0
0
-1
-1
-2
-2
-2
-1
0
0
1
2
1
2
1
1
1
1
0
1
1
1
2
0
0
0
0
-1
-1
-1
-3
-3
-2
-3
-3
-3
-3
-2
-2
-2
-1
-1
-2
-2
-1
-1
0
0
0
1
0
0
1
0
1
2
0
0
0
-1
0
0
-1
-1
0
-1
0
1
1
2
3
2
1
0
1
0
0
1
0
1
1
1
1
-1
-1
0
-1
0
0
0
0
0
1
1
0
0
-1
-1
-1
0
0
0
1
0
-1
-1
0
1
1
0
0
1
2
2
3
3
3
4
3
3
3
2
2
0
-1
0
1
2
3
3
3
4
3
2
2
2
1
2
2
0
1
-1
0
0
0
0
1
0
1
0
-1
-1
-2
-3
-2
-1
-1
-1
-1
0
-1
-1
0
1
0
0
0
0
0
1
1
0
0
0
-1
-1
0
1
0
2
2
1
1
0
-1
-1
-1
-2
-2
-2
-2
-2
-2
-2
-1
-2
-1
-1
1
0
2
2
3
3
1
1
1
1
0
0
-1
1
1
1
1
1
2
1
0
1
-1
-1
-1
0
-2
-2
-1
-2
-3
-2
-3
-1
-1
-1
-2
-1
1
0
-1
-2
0
0
0
-1
-1
-1
-1
0
-1
-2
-1
0
1
-1
0
1
0
0
-1
0
-1
-1
-1
-1
-3
-2
-2
-2
-2
-2
-1
-1
-1
0
0
1
2
2
1
0
0
2
2
0
1
2
1
2
0
2
2
3
3
3
3
3
2
1
1
3
4
1
2
1
1
1
1
2
1
0
1
1
1
-1
-2
-2
-1
-2
-2
-2
-1
-2
-1
-2
-2
-3
-2
-2
-1
-1
-1
-1
0
-1
-1
-1
-2
-2
-2
-1
-2
-2
-1
0
-1
-2
-1
-1
-1
-1
-1
-2
-4
-3
-1
-3
-4
-2
-1
-1
-2
-3
-2
0
1
1
1
1
1
0
0
0
2
1
1
1
1
1
1
1
-1
1
1
2
0
-1
0
-1
1
1
0
-1
0
1
2
2
3
3
3
5
4
4
5
4
4
2
3
3
1
1
1
1
0
0
0
0
0
-1
0
0
0
0
0
-1
0
0
0
1
0
1
1
0
-1
-2
0
1
1
1
1
2
1
0
-1
0
-1
-1
0
-1
-1
-1
-1
-1
0
-1
-1
-1
-1
-1
0
0
0
0
-2
0
-1
-2
-3
-2
-3
-2
-1
-1
-1
-2
-3
-3
-3
-2
-2
0
1
0
0
-1
0
-1
0
1
1
2
0
2
1
1
0
0
1
0
0
-2
-2
-3
-2
-1
-1
0
0
-1
-2
0
1
0
1
2
1
2
3
2
2
1
1
2
0
1
1
2
-1
-1
-1
-1
-2
-2
-2
-2
-2
-2
-3
-2
-2
-1
0
-1
-1
0
0
-1
0
0
2
2
1
2
2
4
3
2
1
3
3
3
3
3
3
3
4
3
3
2
2
1
1
2
1
1
3
1
2
2
2
1
2
2
4
3
2
1
2
2
3
2
1
3
2
1
1
0
1
1
0
2
1
1
0
-1
0
0
-1
-2
-1
-2
0
0
-2
-2
-2
-2
-2
0
1
0
-1
-1
-1
-1
-1
0
0
-1
0
0
0
-1
-1
-1
-2
-1
-1
-2
-3
-2
-3
-3
-2
-4
-4
-3
-2
-2
0
-1
0
-1
-1
-1
1
2
0
1
1
0
-1
0
-2
-1
-1
-1
-1
-1
-1
-1
-1
0
0
0
0
0
-1
-1
-1
-2
-1
-1
0
0
-1
1
0
0
1
0
1
1
0
1
1
0
1
0
0
1
0
-1
-1
0
0
0
1
0
0
0
0
-1
0
0
0
1
0
0
1
0
-1
0
-1
1
2
1
1
2
1
1
-1
-1
0
-1
1
1
1
0
-1
-2
-1
-1
-1
-1
0
0
-1
-1
-1
-1
0
-2
0
-1
-1
-1
0
0
0
0
0
0
-1
-2
1
0
0
0
0
0
0
2
2
2
1
2
2
3
3
1
1
-1
-1
-1
-2
-2
-2
-3
-2
-1
0
-1
-2
-2
-2
-3
-2
-3
-2
-2
-2
-1
-1
-1
0
0
1
0
1
2
0
-1
0
0
0
0
0
1
3
1
1
1
1
0
-1
0
0
1
2
2
3
2
1
1
3
2
2
2
1
1
2
2
2
2
1
1
1
1
1
2
0
-1
-1
-1
-1
0
-1
0
0
0
1
1
1
2
1
1
-1
-3
-3
-3
-1
0
1
0
0
0
1
1
1
0
1
0
-1
-1
-1
-2
0
-1
-1
-2
-3
-2
0
1
0
-1
-1
0
0
-1
0
-1
-1
-1
0
-1
0
0
1
0
0
0
0
1
1
0
1
0
-1
-2
-1
-2
-2
-2
-1
0
1
1
0
0
1
1
1
2
2
3
2
1
1
0
2
1
2
1
1
0
0
0
-1
1
0
0
0
0
0
0
1
0
0
-1
-1
-2
-2
-1
-2
-3
-2
0
0
-2
-1
-2
0
0
0
-2
0
1
2
1
0
0
0
0
0
0
1
0
-1
-2
-2
-1
0
0
0
-1
-2
-1
-1
1
0
-1
0
0
-1
0
0
0
-1
-1
-1
0
-1
0
0
1
1
0
0
0
-1
-2
-1
-1
-1
-1
-1
-2
1
-1
1
0
0
0
1
1
1
0
0
0
-1
1
0
0
1
1
1
1
1
0
1
1
2
1
1
0
1
0
0
-1
0
0
1
1
2
2
2
3
2
3
4
6
4
5
3
2
2
3
3
3
1
3
2
1
0
0
-1
-2
-1
-2
-1
-4
-2
-2
-2
-1
-1
0
0
0
1
-1
-1
-1
0
1
1
1
1
1
1
0
-1
0
2
2
2
2
2
1
-1
-1
-1
-1
0
-1
-2
-4
-3
-3
-2
-2
-2
-3
-2
-4
-3
-3
-3
-3
-2
-2
-2
-1
-2
-1
0
1
0
-1
0
-1
0
0
-1
0
-1
-1
-1
-1
-1
-1
2
2
1
1
0
0
0
-1
-1
-2
-1
-3
-3
-1
-1
0
1
1
1
2
1
1
0
0
-1
-1
-1
-2
-1
-2
-1
0
-1
0
1
1
1
1
1
1
0
0
-1
-1
0
1
1
1
2
2
1
2
2
0
2
2
0
0
1
2
1
0
1
2
2
3
2
0
0
1
0
0
0
0
0
0
-1
0
2
3
3
3
1
1
1
2
2
1
1
2
3
1
0
0
0
0
0
0
1
1
1
0
0
-1
0
0
0
1
0
0
0
1
2
1
1
2
3
2
2
0
2
1
2
2
3
4
3
3
3
3
3
3
4
2
2
4
2
2
1
0
0
0
0
-1
-1
-2
-3
-4
-2
-3
-2
-2
-3
-5
-4
-5
-5
-5
-6
-5
-3
-1
-2
-1
-1
-1
-2
-3
-2
-1
-2
-1
0
-1
-1
0
1
0
-1
-1
-1
-1
-2
-2
-1
-1
-1
-1
0
0
-2
-2
-1
-1
0
0
0
-1
0
0
1
0
-1
0
1
2
1
0
0
0
-1
-2
-2
-1
-1
0
3
3
3
3
2
1
1
-1
0
-1
-1
-1
-1
1
1
1
1
2
0
1
1
-1
0
0
-1
0
-3
-2
-2
-2
-2
-2
0
0
0
-1
0
-1
0
0
2
2
2
1
-1
1
1
0
-1
-1
-1
0
1
0
1
1
0
0
0
-1
-1
-1
0
0
-1
0
1
1
1
1
1
2
1
1
0
0
0
-1
-2
-1
0
0
1
1
0
0
1
1
0
0
1
0
0
0
0
1
1
1
0
0
0
1
2
0
0
-2
-2
-1
-2
-3
-4
-6
-5
-3
-3
-2
-3
-4
-2
-2
-2
-3
-2
-1
-1
-1
-2
-2
-2
-1
-1
0
1
1
1
1
2
1
1
2
2
2
3
2
2
2
2
2
3
1
1
2
1
1
1
2
1
-1
-1
-1
-1
-2
-1
0
0
1
0
0
0
0
0
1
1
-1
-1
1
0
1
0
1
2
1
1
2
3
2
2
2
1
1
1
0
0
-1
0
0
1
2
1
1
-1
-1
-1
-2
-2
0
0
2
0
-2
-2
-3
-2
-1
-2
-1
-2
-1
0
-1
-1
-2
-3
-4
-4
-3
-3
-1
-2
-2
-2
0
0
-1
-1
0
-1
0
0
1
1
1
3
3
3
4
3
3
3
3
4
4
2
1
2
1
2
3
3
2
2
2
2
2
1
3
2
2
2
2
0
1
0
-1
0
-1
-1
-1
-1
-1
-2
-1
-1
0
0
1
0
-1
-1
-1
0
0
-1
-1
0
1
1
2
3
1
2
1
0
0
-2
-1
0
0
1
1
0
-1
0
0
1
0
-1
-1
0
1
0
0
1
-1
0
0
1
-1
0
-1
-1
-1
-2
-1
-1
-2
-1
-1
-2
-1
-1
1
0
-1
0
-1
0
-1
-1
-1
1
0
0
0
-1
-2
-1
-1
-1
-1
0
2
1
1
1
2
2
1
2
1
0
1
0
1
1
2
3
4
2
0
-2
-2
-3
-3
-2
-3
-2
-1
-2
0
0
-1
-1
0
0
0
-2
-1
-2
0
-2
-1
-2
-1
-2
-2
-2
-2
-1
0
0
1
1
0
0
0
1
1
1
-1
1
0
1
2
-1
0
2
2
2
3
3
3
3
3
2
2
2
1
2
1
0
0
0
0
1
2
1
2
1
0
0
0
1
1
3
1
0
1
0
1
2
3
3
2
3
3
3
3
1
0
1
0
-2
-2
-1
-1
-2
-1
-2
-2
-2
0
-2
-1
0
-1
-1
0
1
0
1
0
-1
-1
0
0
0
0
0
-2
-2
-4
-3
-3
-4
-2
-3
-3
-2
-3
-3
-3
-2
-1
-2
-1
-3
-1
-1
0
-1
0
1
0
0
0
-1
0
0
0
-1
-1
-1
-1
-2
-2
-2
-2
-1
-2
-1
-3
-1
-1
0
1
3
2
1
1
1
0
1
2
1
1
0
2
1
0
2
2
2
2
0
1
1
0
-1
-1
0
0
0
1
0
0
0
-1
0
-1
-2
-2
-1
-1
-1
-1
-1
-1
-1
0
2
2
1
-1
1
-1
-1
-2
-3
-1
0
-1
1
-3
-2
-1
-1
0
2
1
0
1
1
0
1
1
-1
-1
-1
1
1
1
1
0
0
0
0
0
1
1
1
2
1
1
1
2
1
0
1
0
-1
1
0
-1
0
0
-1
0
0
-2
0
1
0
0
1
0
0
1
2
1
0
-1
-4
-2
-1
0
0
0
-1
-1
1
-1
-1
-1
-2
-2
-2
-2
-1
-2
-2
0
-1
-1
-1
0
-1
0
0
1
1
0
0
0
-1
-2
-3
-2
-1
-1
1
0
0
1
2
1
1
1
0
0
2
2
2
1
1
-1
1
2
1
0
1
1
1
2
3
3
2
2
1
-1
-1
0
0
-1
-2
-3
-3
-3
0
-2
-2
-1
-1
-1
-2
-2
0
-2
-2
-3
-2
0
0
0
0
2
3
2
1
1
1
1
1
0
-1
3
2
1
1
-1
-1
-1
-1
0
-2
-1
-1
1
3
2
1
1
1
0
2
2
2
2
1
0
2
1
2
1
2
2
0
2
1
1
0
0
-1
-1
-1
-1
-1
-2
0
-1
-1
-1
-1
0
0
0
2
2
3
3
2
2
2
0
0
0
-1
-2
-3
-2
0
2
1
2
2
1
1
1
0
1
-1
-2
-1
-1
0
3
3
3
4
3
3
3
4
2
1
2
1
-1
-1
1
0
-1
0
0
1
0
1
2
2
1
1
0
0
-2
-1
1
0
0
0
-1
-2
-1
0
1
1
-2
1
1
1
1
0
0
0
1
1
1
2
1
1
1
1
2
-1
-1
-1
-2
-3
-3
-1
-2
-2
-2
-1
-2
-2
-1
-3
-2
-2
-3
-2
-1
-1
0
-1
-1
-2
0
-1
1
-1
-1
0
1
0
-2
0
-1
0
-1
0
1
1
1
2
0
-1
0
0
1
1
0
0
-1
1
0
0
0
0
0
1
2
0
-1
0
-1
0
-2
-4
-4
-3
-3
-2
-1
-2
0
-1
-2
-3
-1
-1
-2
-2
-3
-3
-2
-3
-1
-1
-1
0
-1
0
-1
-1
1
0
1
1
1
0
0
-2
-1
1
0
0
1
1
1
1
-1
0
1
1
0
0
0
-1
-2
-3
-2
-3
-2
-2
-3
-2
-4
-2
-3
-2
-1
-1
1
1
0
1
0
0
0
1
0
1
1
0
0
1
2
0
1
0
0
0
-1
0
1
1
2
4
3
2
2
2
3
2
2
2
1
1
1
1
0
0
0
0
1
0
2
2
2
2
1
3
2
3
2
1
2
3
3
0
2
0
1
1
2
1
0
0
0
2
2
2
4
3
3
3
2
3
3
3
3
4
3
1
1
2
2
1
1
2
2
1
1
0
0
0
-2
-2
-2
-4
-3
-3
-4
-3
-2
-1
-1
-2
-2
-1
-1
0
-2
-1
-1
-2
-2
-2
-1
0
-1
-1
-1
-2
-2
-2
-4
-4
-3
-3
-3
-3
-3
-2
-1
-1
0
-2
-3
-2
-4
-2
-3
-2
-2
-2
0
-1
0
0
1
0
0
0
0
0
1
1
1
0
0
0
-1
1
0
-1
1
1
0
-1
-1
-1
0
2
2
1
2
2
2
2
2
0
3
2
0
2
2
3
3
4
3
3
3
3
1
2
2
1
1
1
-1
2
1
0
1
0
1
2
3
3
3
3
2
2
2
0
1
1
1
0
-1
0
-1
-1
-1
-2
-2
-1
1
0
1
1
1
2
2
2
0
0
1
0
1
1
1
1
2
0
-1
-2
-2
-1
-1
-2
-3
0
-2
-1
0
1
1
1
3
0
0
0
2
1
2
2
2
3
3
2
2
-1
2
1
0
1
-1
-2
-3
-3
-3
-3
-2
-2
-4
-4
-4
-4
-5
-3
-4
-3
-3
-2
-1
-2
-2
-1
0
-1
-2
0
0
-1
-1
1
1
1
1
1
0
0
-1
-1
-1
-1
0
-1
-1
0
-2
1
-1
-2
0
-1
0
-1
-2
-2
-2
-2
-2
-1
0
0
