0
-1
4
5
2
4
6
4
2
-3
-12
-16
-10
-10
0
4
-3
2
6
6
6
4
2
3
4
-2
-4
-3
-4
0
0
1
0
-1
5
11
13
10
3
-1
-9
-12
-11
-16
-15
-5
-2
0
3
2
4
2
-1
-3
-5
-2
-1
-2
-4
-6
-2
-6
-6
0
5
8
7
2
-2
-6
-11
-14
-11
2
6
7
5
5
4
2
1
-1
0
2
4
1
-2
-7
-7
-9
-11
-5
0
4
5
4
1
2
2
4
8
7
9
5
1
2
3
3
9
10
4
2
-6
-7
4
11
13
15
17
12
7
-1
-11
-5
1
2
2
0
-3
-2
-2
-9
-3
5
-5
-4
-2
-7
-8
-8
-9
-6
1
1
-4
3
7
7
5
6
12
11
7
4
-1
0
-4
-3
2
0
-1
-2
-10
-12
-12
-12
-1
3
-1
-1
-3
-7
-8
-8
-3
7
8
2
4
2
4
13
11
5
0
2
-3
-11
-9
-12
-10
-3
-3
-7
-5
-3
-1
3
-1
-2
0
-1
-4
-4
-7
-7
1
2
3
8
7
4
6
2
1
11
15
13
10
4
3
7
10
4
4
11
18
21
15
10
5
-5
-13
-21
-17
-10
-4
-1
1
7
9
11
6
-3
-5
-4
-1
-2
-6
-4
-3
-7
-3
0
-2
-1
0
-3
-1
-1
-4
1
0
-8
-9
-5
-5
-7
-5
-2
-1
-3
-8
-11
-9
-10
-10
-4
1
2
3
7
5
2
0
-4
-7
-1
4
-2
-4
-3
1
-2
-4
-4
-3
-4
-10
-6
0
1
2
-3
-3
-1
2
10
11
9
4
-2
-1
-5
-9
-7
-3
1
2
2
2
0
-2
-1
-1
-2
0
4
1
-5
-9
-7
-5
-1
3
6
5
5
10
5
3
-2
-9
-6
-2
0
-1
2
3
-5
-2
5
1
1
-4
-2
4
3
4
10
9
7
9
7
6
7
1
-4
-6
-3
-7
-13
-11
-10
-7
-2
2
2
1
1
-2
-5
-1
4
4
6
5
-2
-7
-6
1
3
-1
-2
-4
-8
-6
2
4
6
15
18
15
14
13
11
9
7
0
-8
-6
-3
-1
2
2
1
3
1
-1
0
6
10
5
-7
-16
-14
-16
-15
-14
-13
-3
5
4
-1
-7
-7
-2
1
3
2
4
4
2
0
-1
-2
-6
-6
-2
0
5
4
4
11
13
9
9
4
-7
-11
-18
-22
-19
-10
-1
0
9
17
17
12
4
4
3
-3
-6
-13
-23
-22
-13
-8
-1
12
18
21
20
19
8
2
-1
-14
-20
-22
-17
-10
-5
3
3
3
4
11
8
6
9
2
-8
-17
-16
-12
-8
-5
-4
-1
3
8
5
-1
3
-1
-9
-10
-3
4
10
12
1
-5
-4
-4
-5
-6
6
6
3
1
-2
-9
-5
-1
1
11
13
14
12
3
-3
-3
-1
3
4
5
8
4
-2
-6
-7
-6
-3
-1
-2
-5
-8
-7
0
4
7
9
9
7
7
6
-6
-12
-10
-10
-3
-2
-10
-13
-8
-7
2
18
12
8
-1
-7
-12
-11
-1
1
6
3
2
3
3
7
7
8
12
12
5
1
-2
-4
0
3
6
3
-2
-3
-7
0
1
-6
-11
-8
1
6
7
5
4
6
2
-4
-2
1
0
1
-2
-3
0
-1
1
8
10
11
8
1
-6
-5
-3
-2
4
9
8
4
-1
-7
-8
-7
-5
-1
1
-3
-7
-6
-2
4
4
4
13
17
13
4
-8
-17
-8
4
5
2
-6
-16
-19
-15
-7
2
14
17
6
1
-6
-19
-16
-12
-4
2
0
-3
-5
3
12
21
25
15
4
-9
-16
-16
-8
-6
-10
-6
-2
-4
-3
-1
-3
3
13
17
16
14
7
-7
-14
-10
-9
-8
-2
7
1
2
5
9
8
1
1
1
-1
-4
-6
-3
-1
8
2
-7
-5
-2
6
11
9
4
4
6
1
4
7
5
0
-2
1
4
5
6
2
-3
-11
-8
0
1
1
-2
-1
6
6
1
0
4
5
10
8
4
7
-2
-9
-10
-6
1
0
-9
-17
-14
-7
-7
-6
-1
3
11
9
6
5
2
0
-3
-1
1
0
-2
-5
-8
-10
-4
-2
1
9
10
9
6
-1
-8
-3
1
5
5
2
2
-2
-2
-4
-2
1
6
4
-1
5
12
7
7
8
2
-3
-11
-16
-13
0
-5
-7
-7
8
26
9
3
17
16
10
0
-13
3
12
-13
-16
10
16
12
-1
-13
5
11
-6
-15
-15
-6
-6
-9
-3
4
12
13
7
0
3
12
5
-3
-9
-10
-6
1
0
-4
-1
3
-5
-11
-12
-2
11
10
4
-3
-7
-8
-10
-4
4
8
4
-5
-9
-6
-1
0
0
-1
-3
-6
-5
-2
1
1
-1
1
-2
-4
-7
-8
1
8
10
12
13
8
1
-6
-11
-16
-10
-8
-7
-5
-11
-17
-15
-5
7
14
15
15
15
8
2
-2
-5
-4
0
1
-4
-4
1
5
9
16
13
14
12
8
-2
-13
-12
-9
-4
1
-1
1
2
0
1
3
9
13
7
0
-4
-3
2
0
-3
-2
1
3
4
4
6
9
5
-3
-2
-1
0
-5
-12
-16
-18
-12
0
11
16
12
5
0
-3
-7
-4
5
1
0
-5
-11
-7
-11
-10
-7
-4
-3
-8
-10
-2
4
2
2
3
-1
-2
3
3
-3
2
4
2
4
4
3
-2
-10
-12
-15
-12
-7
-3
-4
-11
-11
-8
-5
-1
4
4
3
1
1
-1
0
3
2
5
4
9
11
10
13
8
6
9
12
9
5
-6
-11
-6
-2
5
10
15
12
8
1
-4
0
1
1
3
4
7
-1
-6
-6
0
7
10
2
-7
-2
-6
-7
-6
-4
4
7
6
-3
-5
-8
-8
-4
-4
-2
1
-1
-5
-4
4
8
5
7
7
2
-4
-10
-12
-9
-9
-4
2
0
2
7
9
2
1
1
4
4
-2
-7
-12
-9
-1
-2
3
11
13
7
4
0
-2
1
-4
-4
-4
-6
-14
-14
-5
5
14
14
8
4
2
0
-1
-1
-4
-5
-7
-8
-5
-2
2
8
9
9
4
-3
-4
-3
-1
-3
-4
-6
-5
3
-1
-6
-5
-1
-4
-8
0
1
5
7
4
1
3
3
1
-2
-5
-4
-3
-6
-3
4
8
11
16
16
9
7
5
2
5
3
-7
-14
-15
-16
-13
-6
1
5
9
10
6
2
4
2
-3
-8
-10
-8
-11
-5
-3
-3
2
9
6
3
2
1
-1
-3
-7
-9
-4
-3
-1
3
4
4
4
2
0
-6
-2
1
-1
-5
-7
-4
-1
-4
-8
-9
-9
-5
0
6
13
14
14
9
0
-5
-9
-6
-8
-5
-2
1
9
8
7
8
12
11
14
12
5
4
3
-5
-6
-6
-5
-3
-7
-5
3
4
1
-4
-8
-1
11
14
10
4
3
4
2
-4
-7
-12
-14
-11
-9
-5
1
6
6
4
6
4
0
-3
-5
-3
3
7
3
1
-3
-3
-2
-4
-4
-1
3
4
6
7
4
1
-6
-8
-5
-2
2
3
1
2
7
10
8
6
-1
-5
-8
-7
-8
-3
8
8
4
-2
-7
-2
1
2
4
5
6
1
-2
-8
-5
7
10
8
3
1
3
3
2
1
-8
-12
-9
-12
-10
-1
8
13
12
9
5
5
6
8
2
-2
-4
-6
-5
-5
-2
0
4
3
10
9
0
-6
-7
-5
-8
-5
-1
0
2
4
1
2
5
1
-5
-6
-7
-4
-3
-5
-4
-5
-11
-14
-10
-5
3
9
8
2
-6
-6
-7
-1
3
4
6
6
4
1
-2
-7
-16
-12
0
6
9
7
7
-2
-4
-8
-11
-6
-9
-13
-15
-11
-10
-14
-10
-1
3
3
4
3
-2
-1
0
-3
-6
-4
-2
-3
0
-2
1
6
10
13
10
4
6
5
0
-4
-8
-11
-8
-1
4
6
5
2
-1
-3
2
2
1
-3
-5
-3
-5
-6
-9
-1
10
11
4
-3
-5
-4
1
6
7
8
3
0
0
-2
-2
-1
-5
-5
-1
3
10
13
11
9
5
5
-2
-4
3
2
-1
-4
-7
-4
4
9
8
7
9
7
2
-4
-7
-5
-10
-11
-9
-4
4
9
18
19
18
18
8
6
1
-3
-7
-10
-8
-12
-8
-5
-1
8
11
16
11
3
-2
-5
-5
1
2
1
-1
-2
1
2
3
1
1
3
4
3
6
7
1
1
3
5
3
2
1
2
4
1
3
1
-2
-4
-6
-8
-6
2
6
4
3
5
0
-2
-3
-10
-10
-7
-8
-11
-10
-9
-9
-3
0
0
2
0
-4
-6
-9
-4
0
-3
-4
-5
-6
-2
6
7
4
3
2
-2
-1
1
3
10
9
-2
-12
-11
-6
-4
-1
-2
-2
-3
-8
-8
-2
0
5
4
3
6
5
8
13
12
6
-4
-4
-1
-2
6
7
6
8
2
-2
-10
-8
-7
-5
0
-1
2
5
1
1
1
5
14
17
14
8
-3
-12
-16
-17
-16
-7
4
8
12
15
8
4
6
7
0
-7
-13
-14
-14
-12
-11
-9
3
8
9
8
6
4
-5
-4
-8
-12
-9
-4
-3
-7
1
3
6
12
7
5
4
-4
-14
-16
-8
-6
-9
-8
-8
-15
-8
2
3
7
9
11
3
-4
-3
-1
5
6
4
-6
-8
-5
-3
4
4
2
2
7
11
5
2
-3
-1
0
1
9
10
8
7
6
1
2
13
14
3
-5
-4
6
13
5
-10
-19
-17
-12
-6
4
7
5
1
-2
3
7
7
7
14
17
2
-11
-24
-17
3
14
15
12
7
-9
-14
0
1
6
12
0
-12
-15
-12
-13
-12
-4
8
18
15
3
-3
-4
-1
3
-3
-5
-6
-9
-5
4
5
-1
-6
-5
-4
-4
5
12
5
-8
-18
-14
3
13
10
-3
-8
-5
-10
-8
-6
0
14
17
8
-5
-8
3
14
10
-1
-11
-11
-3
-3
-7
6
11
11
12
11
13
13
10
0
-9
-16
-18
-12
-6
-1
3
4
5
4
1
2
0
-4
-6
-10
-5
-6
-11
-2
8
14
11
14
11
11
9
-5
-1
-3
-5
-7
-10
-8
-5
5
10
13
12
2
3
10
10
8
5
3
4
-2
-6
-13
-13
-4
1
4
4
0
1
-1
-3
1
5
10
9
2
-6
-3
-1
-4
-6
-6
5
6
5
7
4
4
5
6
3
1
-1
-4
-2
-5
-4
2
2
5
6
2
-8
-4
-2
-5
-4
-2
-1
-7
-9
-20
-23
-13
-9
0
13
15
7
2
-2
4
12
4
4
3
3
0
-3
-1
1
3
-6
-3
2
-3
-1
-4
-7
-9
-6
-2
-2
-1
-5
-11
-11
-8
1
5
6
0
-12
-18
-7
-4
-5
1
3
1
-7
-8
-8
-2
-3
-5
4
8
9
3
2
0
7
4
-5
-3
-5
-6
-3
-3
-1
4
11
15
-1
-4
3
2
5
6
0
4
11
7
3
4
2
8
9
-1
-4
-6
-11
-7
-2
-7
-11
-12
-14
-11
-1
6
2
0
-3
-5
-1
3
-4
-9
-3
-5
7
9
9
16
7
3
-4
-2
0
-2
0
-1
-1
-2
1
11
13
5
2
-1
2
-2
-3
4
1
6
9
6
8
6
4
1
-8
-14
-16
-9
-9
-9
-7
-9
3
8
6
3
2
-2
-5
-2
-14
-16
-3
0
1
5
9
3
0
1
-5
1
8
6
7
-1
-8
-5
4
6
9
17
9
2
-3
-3
0
7
8
2
-2
-5
-5
1
13
15
17
17
7
-3
-7
-1
-3
1
0
-8
-6
-4
0
0
-3
-2
-4
-1
-9
-13
-8
-12
2
6
6
7
6
7
1
1
-4
-2
4
-3
-8
-8
-3
-1
2
8
10
7
-3
-4
0
3
1
0
-8
-11
-6
-3
0
3
4
-1
1
3
1
4
9
5
-1
-6
-12
-19
-8
1
8
11
11
6
-3
2
-1
1
3
-6
-11
-13
-8
2
6
2
4
3
-2
-6
-10
-6
-8
-6
-2
-2
1
4
6
5
15
16
3
-1
1
2
0
3
-2
-6
-5
2
8
7
15
10
7
6
5
6
-2
-4
-6
-6
-4
-12
-15
-11
-2
-2
4
8
6
3
-4
-11
-2
9
10
9
4
4
-5
-6
-2
-3
1
4
-1
-2
2
0
1
7
8
3
5
-1
-12
-14
-11
-7
1
7
6
5
6
2
-2
4
7
6
4
2
-4
-11
-11
-6
0
1
3
1
3
10
11
13
4
0
-2
-10
-12
-5
3
2
5
3
0
4
6
-1
-6
-9
-13
-15
-7
-7
-8
-9
-7
-6
-1
0
-3
1
2
1
2
6
0
-4
-11
-24
-17
-1
3
6
14
4
-8
-8
-5
-5
-3
12
18
11
8
1
-5
-3
-2
-2
-1
1
7
0
-2
4
12
15
15
7
-6
-4
-7
-6
-6
-3
1
-2
-4
-7
-4
1
7
13
10
11
4
-4
-8
-9
-4
-3
-1
3
0
-1
11
17
18
13
4
0
-1
3
1
1
2
1
-2
-11
-7
-6
-3
3
7
8
2
-1
-7
-10
-6
-2
4
5
3
7
2
2
4
2
1
1
3
1
-5
-6
-11
-17
-11
-5
-3
3
7
5
0
6
9
5
-1
-1
-2
-5
-2
0
3
10
11
2
-1
-5
-8
-4
-2
0
3
9
12
9
6
9
3
-1
-3
-3
-2
4
9
6
3
-1
-7
-9
-6
-1
3
5
10
8
4
7
0
-3
-3
-5
-5
-3
-3
-3
5
9
2
-2
-1
-2
-4
-6
-3
6
10
6
-4
-6
0
-1
-1
6
4
5
1
-8
-13
-16
-10
-11
-14
-6
2
10
9
7
4
4
2
-2
-8
-9
-10
-11
-7
-11
-12
0
7
7
5
1
-1
-5
-7
-13
-14
-5
0
-7
-9
-11
-8
-2
6
7
-6
-15
-14
-10
-8
-9
-4
-3
4
13
12
12
17
18
8
-1
-4
-9
-6
2
4
2
-1
-2
-4
-6
-4
-4
-6
-7
-9
-11
-4
2
8
15
11
6
-1
-11
-11
-3
4
11
13
14
14
12
7
-1
3
8
7
-7
-16
-14
-11
-2
8
17
17
12
1
-7
-3
0
2
-1
-1
0
0
4
2
-5
-3
-1
4
10
7
2
-4
-7
-10
-4
4
5
1
-4
0
4
6
15
18
15
11
-6
-9
-16
-11
-5
-9
-2
-18
-16
-12
-9
7
4
8
4
-1
2
3
7
4
-2
-2
-2
1
3
-5
-3
1
6
9
-4
-12
-12
-5
-4
0
4
6
5
-4
-8
-7
2
6
8
5
2
0
0
10
12
13
6
-6
-16
-17
-10
-2
4
8
8
-3
-3
-1
-6
-4
0
3
5
1
2
-4
-10
-5
3
7
3
9
0
-7
-3
-1
4
2
2
-6
-12
-9
-6
-8
-3
8
7
1
1
5
-2
-1
2
-1
3
5
7
-3
-7
-6
-11
-7
-6
1
4
10
14
12
18
12
13
5
-7
-7
-13
-9
-8
-9
-13
-4
12
9
3
5
7
3
5
2
-8
-7
1
2
-2
1
0
2
6
6
7
3
5
7
1
-2
-1
-4
-10
-9
-5
-6
-6
0
3
7
7
13
11
8
5
-6
-7
-6
-2
-2
0
1
2
3
-1
-2
-2
-8
-8
-1
1
11
13
0
-7
-6
1
1
1
8
4
-3
-5
-5
1
8
9
4
1
4
7
12
13
10
0
-4
-8
-5
-7
-1
8
13
19
16
13
1
-8
-11
-11
2
2
3
0
-16
-17
-7
2
14
23
18
10
-4
-14
-19
-14
-9
-3
3
8
7
-2
-5
1
9
6
-2
-8
-13
-16
-17
-15
-11
-1
6
7
10
8
11
10
5
5
3
-5
-14
-6
-2
2
13
6
5
6
4
-6
-10
-9
-8
-6
-5
-3
-3
-2
3
6
10
14
13
5
-2
-4
-7
-2
-4
-8
-7
-1
3
-1
-3
-6
-7
-11
-16
-9
-6
-3
-8
-10
-4
3
13
11
8
-5
-13
-8
-7
1
3
3
0
2
2
0
0
1
4
1
-5
-9
-5
0
2
0
1
-2
-7
-11
-12
-3
0
2
-5
-13
-16
-16
-14
-10
2
8
2
-5
-4
-3
6
11
12
11
9
23
18
18
30
22
12
5
-9
-25
-24
-20
-16
-3
1
7
9
6
6
9
15
19
16
9
3
0
-4
-10
-8
7
6
5
10
8
1
2
0
-4
0
-5
-11
-5
3
12
9
8
10
6
-11
-13
1
2
8
5
1
1
-6
-5
-7
1
10
8
3
-5
-5
6
0
-11
-8
-9
-1
2
-4
0
6
9
0
-10
-6
-4
-6
-8
-8
-5
-9
-5
-5
-5
7
21
20
1
-6
-13
-17
-16
-9
-2
-3
-3
-3
-4
4
13
12
1
2
7
7
3
3
3
1
-4
-10
-15
-12
3
11
6
-3
-6
-1
5
5
12
15
6
-1
-9
-9
-1
11
10
8
2
-14
-20
-21
-6
7
7
8
5
5
1
3
3
5
8
2
-5
-16
-12
-2
3
4
0
5
2
1
5
0
-2
-1
-7
-17
-12
-8
-12
-3
3
10
20
21
14
6
-11
-18
-16
-25
-19
-13
-8
-2
-3
7
10
19
26
23
12
4
0
-7
-10
-14
-14
-7
4
13
15
7
2
7
7
2
2
-4
-6
-8
2
2
5
13
6
-2
-5
1
3
2
9
6
0
0
-5
-6
-7
7
9
2
-4
-4
-10
-16
-8
1
2
1
-1
-20
-22
-16
-14
-11
-1
1
-3
-3
-15
-7
7
9
1
-5
-2
-2
-2
-5
-6
-2
8
10
5
-3
-6
-4
1
9
13
8
2
0
-2
-11
-6
4
9
14
8
4
5
3
2
-1
7
11
17
11
-7
-2
2
-1
-9
-8
-1
1
6
2
-3
6
4
2
12
20
21
11
3
-5
-1
9
10
1
-5
-2
3
13
12
5
4
8
7
4
-5
-5
-2
-5
0
2
-1
0
-10
-5
5
8
8
-4
-11
-17
-11
-9
-15
-4
4
12
9
-3
-6
2
11
4
-3
4
4
2
-1
-12
-6
-1
-6
-3
3
10
7
3
8
0
-3
-12
-19
-13
-5
2
-1
2
6
1
0
-9
-12
-8
-10
-9
-5
0
-2
-5
3
5
6
6
-1
-9
-4
-6
-12
-15
-15
-16
-15
-1
9
12
13
7
-7
-12
-9
-4
2
5
4
-5
2
4
1
-3
-3
2
-3
0
3
-1
-3
-5
-7
-7
5
10
3
0
2
8
4
-3
3
2
-2
1
0
-1
11
15
3
-3
-1
4
2
0
2
5
7
4
-5
-10
-4
-2
1
-1
6
17
12
1
-4
-6
-12
-17
-19
-17
-5
0
4
10
8
2
-1
-3
6
7
2
-3
-3
0
1
2
0
2
8
14
6
-2
-3
-2
-2
-1
2
9
15
10
1
0
6
3
1
7
11
11
5
-6
-4
9
15
6
-6
-9
-8
-13
-7
-5
-2
0
2
-2
-4
3
-1
3
8
9
3
-3
-4
-7
-11
-18
-11
-9
-5
0
5
2
0
0
-1
2
8
10
4
-3
-2
1
0
1
-2
-4
-2
0
1
-2
-8
-7
-1
-4
-2
3
-3
1
1
2
6
7
13
8
3
-1
3
7
2
1
3
1
4
6
1
-4
-4
0
1
4
3
1
2
0
0
-2
2
8
9
7
-2
-3
-3
-11
-8
-5
4
15
13
1
-4
-3
1
4
7
2
-7
-3
0
-6
0
5
2
7
6
-1
3
7
5
5
1
5
4
2
1
-3
-5
-5
-4
-6
0
8
5
0
-5
-1
6
5
-1
1
-4
-5
0
-2
-6
-3
2
-5
-1
2
-2
-3
1
-4
-10
-15
-11
-4
-4
5
8
5
7
5
5
3
2
1
-1
-4
-7
-3
-6
-8
-4
-9
-10
-9
-5
-6
0
6
6
9
8
1
-7
-4
-2
-3
-3
8
14
14
10
3
2
-3
3
-1
-8
-3
-6
-6
-10
-7
-6
-8
-4
-5
-3
1
6
2
-1
-3
-5
-2
2
4
4
-6
-8
0
9
11
8
1
-5
-9
-8
-4
-1
9
13
5
0
-10
-11
-4
0
6
4
7
10
9
7
2
1
-8
-20
-22
-15
-2
1
-4
0
0
1
0
0
-3
5
12
11
15
4
1
-9
-14
-15
-17
-5
0
2
0
6
12
3
-2
-4
-1
-1
1
-1
-2
-4
-1
5
9
19
17
16
9
1
4
6
11
12
4
-7
-10
-12
-12
-8
-4
-1
2
0
-4
-5
-8
-8
2
6
3
-1
-10
-8
1
4
5
6
6
2
-4
-11
-9
-3
1
4
8
-1
-8
-12
-13
-4
1
2
1
-3
-6
-3
1
3
7
8
6
1
-4
-4
-10
-5
5
10
9
2
-3
-11
-8
1
5
10
9
8
1
-2
2
1
4
11
11
8
5
-3
-8
-10
-4
2
3
0
-5
-5
-2
6
9
6
1
-5
-7
-2
-1
5
11
12
6
-3
-5
-5
0
1
-3
-1
-3
-3
-9
-8
1
8
14
9
2
-2
-6
6
6
3
4
2
-3
-9
-7
-2
3
7
3
-1
-5
-7
-8
-11
-3
6
12
6
-2
0
-10
-6
1
1
6
7
-2
-13
-10
-5
4
7
10
13
10
11
1
-6
-3
4
10
3
1
2
-1
-1
4
7
4
10
5
0
0
-3
-4
-4
-4
-7
-6
-9
-12
-9
-3
6
5
7
9
3
-1
-4
0
5
10
4
-10
-11
-6
-3
-5
-5
-2
-7
-2
1
-1
3
3
1
-1
-1
4
7
8
6
12
11
8
8
2
1
5
1
0
0
1
-5
-8
-10
-9
-2
2
2
3
3
1
0
-4
-7
-3
-5
-12
-12
-10
-8
-5
-2
0
3
6
4
-1
-1
-5
-11
-12
-10
-4
-4
-1
3
0
-2
2
6
4
5
3
-8
-8
-4
-1
1
0
0
-2
-1
1
1
9
10
8
4
0
1
-2
-2
-4
-2
6
6
1
-5
-11
-12
-12
-7
-2
0
4
-4
-9
-12
-4
3
1
1
0
1
4
7
9
14
15
2
-13
-16
-11
-2
9
13
13
9
3
-1
-7
-2
1
0
4
3
-6
-8
-5
-2
-3
-3
3
11
15
9
5
2
-1
1
-2
0
6
7
3
-3
-2
1
0
5
3
4
8
12
12
7
3
1
-1
-9
-8
0
8
12
12
8
6
7
4
-3
-4
1
-1
-5
-10
-14
-11
-7
0
2
-2
-2
0
0
-3
-1
-1
-1
1
2
-3
-5
-7
-5
0
8
6
-3
-9
-13
-11
-10
-6
2
5
6
6
-3
-8
-5
-3
-2
-3
3
1
-2
1
-3
-6
-8
-5
-1
0
4
6
3
-1
-3
-2
-2
-2
-3
-2
-1
3
3
0
-3
-1
-3
-4
-2
2
3
-1
2
-2
-5
-1
4
9
9
10
3
-3
-3
-2
1
-2
-1
-3
-2
1
3
6
9
12
6
-3
-10
-9
-1
0
-2
-3
-10
-11
-6
-2
4
11
11
6
0
2
7
9
7
1
0
-1
-5
-7
-3
6
9
10
2
-1
1
-3
-2
-6
-8
-4
-4
-1
4
7
3
-1
-1
-1
6
11
11
3
-5
-10
-13
-5
2
3
5
5
4
0
4
12
12
8
0
-1
1
-1
0
-3
-8
-5
-2
3
5
2
1
-3
-5
-8
-13
-6
-7
-9
-6
-7
-3
0
4
3
1
1
-4
-8
-11
-12
-9
-3
1
0
-6
-10
-10
-9
-2
1
0
1
-2
-3
-6
-5
-1
2
1
3
3
-3
-1
-1
-3
-1
3
4
1
-2
-1
0
1
1
3
5
0
1
6
5
3
6
1
4
9
12
10
10
10
5
1
0
-1
-6
-5
0
4
4
3
2
2
0
3
4
3
6
4
0
2
10
9
6
4
-2
-3
-6
-6
-3
0
4
2
2
2
3
0
0
5
2
0
-3
-1
0
5
10
4
0
1
4
7
7
7
2
-4
-9
-6
-8
-6
1
4
3
1
1
-3
0
3
0
1
2
4
4
1
-2
-4
-1
4
4
2
-1
-1
-3
-12
-15
-10
-6
-1
5
6
-3
-5
-5
-5
5
11
11
2
0
-2
-7
-9
-9
-6
-2
1
0
-7
-13
-15
-10
-9
0
11
9
2
-4
-13
-15
-11
-4
5
14
17
15
15
7
2
-2
-7
-2
4
0
-11
-13
-13
-16
-12
-7
-5
-1
4
4
4
1
-2
-5
-10
-5
6
10
6
5
1
0
2
-1
-2
2
8
8
8
4
-1
2
1
1
8
10
7
-2
-3
0
2
8
10
12
8
4
1
-5
-5
-4
-5
-8
-8
-8
-8
-9
-7
0
4
1
-1
-8
-11
-6
-6
-13
-9
-5
-6
-6
0
3
7
8
2
5
11
11
4
-2
-2
2
6
7
14
13
4
0
1
2
3
7
10
8
7
3
-5
-6
-9
-13
-12
-11
-7
-2
1
8
8
6
7
7
3
2
2
-5
-11
-11
-4
4
6
0
-3
1
6
5
5
2
2
2
-1
-1
-2
1
8
15
12
9
4
0
-3
-4
1
6
2
-6
-6
-4
0
3
-2
-5
-4
2
2
3
-5
-21
-19
-14
-10
-3
2
2
1
3
0
-3
-4
-4
-4
-4
-1
-3
8
13
13
9
7
7
6
6
2
-1
-3
-6
3
6
7
7
2
3
3
6
6
6
2
-5
-8
-8
-4
-5
-4
-2
-2
-5
-1
4
12
16
6
-1
-7
-14
-12
-9
-5
-3
-1
-3
-9
-10
-7
2
10
8
9
10
4
-4
-6
-6
-6
-1
4
5
8
5
1
0
1
4
5
9
3
-3
-9
-14
-11
-4
8
2
-1
-1
0
6
7
13
14
12
2
-12
-16
-10
-4
-2
2
1
3
6
7
5
5
6
0
-3
-4
-6
-4
-2
-2
-5
-7
-7
-9
-12
-10
-4
-1
-3
-3
-1
-5
-4
1
6
8
13
9
-1
-4
-6
-10
-13
-10
-6
-4
-3
-6
-2
7
4
1
-2
-2
2
2
3
4
1
-3
-5
3
4
4
9
10
9
6
2
-4
-7
-6
-7
-11
-8
0
3
5
2
6
11
4
-4
-6
-7
-3
2
-4
-11
-10
-10
-6
-1
-2
1
5
5
5
4
-2
-3
-3
-2
-2
1
0
0
2
3
-1
-4
-4
-6
-2
1
4
5
5
5
-1
-5
-5
-5
-4
2
2
2
-2
-3
-1
-2
-4
-3
2
6
3
1
-3
-2
5
2
5
5
-2
-4
-5
-2
0
2
7
4
3
-3
-3
-4
-7
-3
-2
-2
0
0
-2
1
6
4
9
12
13
11
4
1
-1
2
0
-3
0
6
8
1
-1
-2
-5
-7
-8
-5
-5
-7
-6
-6
0
9
13
19
21
20
12
-1
-6
-5
-7
-6
-3
2
-1
-4
-1
-2
2
8
8
6
3
-1
-4
-2
-3
-10
-13
-11
-10
-10
-1
6
8
10
6
3
-1
-4
-4
-5
-4
-4
-4
-6
-7
-4
-4
-2
1
2
9
8
1
0
1
3
4
10
13
5
-6
-9
-13
-14
-3
5
6
5
3
-2
-1
4
8
5
6
8
-6
-7
-6
-5
0
5
10
12
10
-3
-8
-6
-9
-9
-9
-11
-5
-1
-1
-2
-1
7
8
6
6
4
4
1
5
9
14
14
1
0
-4
-5
-10
-13
-2
5
9
10
9
5
2
8
8
1
-2
-1
-5
-8
-2
3
5
10
10
7
7
8
4
5
4
-1
-10
-12
-14
-15
-7
2
7
3
2
-2
-3
-4
-5
-6
-7
0
2
0
0
1
1
-5
-12
-12
-5
-1
-3
-1
4
1
4
4
-2
3
-2
-6
-2
-2
-4
-11
-7
-3
1
5
6
7
1
-1
-3
1
2
2
0
-7
-6
-4
-8
-7
4
8
6
7
2
-5
-3
2
0
-2
-2
2
5
0
-1
-3
-4
-2
-2
-1
2
1
-6
-9
-11
-5
2
10
10
2
-1
-3
-2
-3
1
0
-1
-3
-4
-6
-3
2
4
4
1
-2
1
11
10
7
11
9
5
-1
-7
-7
2
6
4
4
1
-2
-1
-3
-7
-4
5
9
3
1
5
1
-5
-7
-6
1
7
7
2
-4
-2
0
-1
5
10
0
-8
-7
-8
-8
-3
1
2
2
0
5
7
7
8
4
-3
-4
-4
-2
-1
-2
-2
-3
1
6
4
2
0
-2
-5
-2
8
7
5
5
-1
-4
-2
2
-2
-5
-4
-8
-14
-15
-9
-4
0
0
-1
-3
-2
-3
-7
-5
5
8
6
8
8
3
5
4
0
-2
-6
-3
0
-8
-9
-5
-3
-2
0
4
5
5
3
-2
1
5
6
-1
-4
0
-5
-4
3
5
9
8
1
-3
3
6
1
-5
-1
3
0
-4
-4
1
1
-5
-7
-9
-6
-3
-4
-8
-3
5
4
3
4
3
4
6
6
2
1
1
-5
-6
-1
2
1
6
6
1
2
-1
-2
-1
-3
-4
-5
-2
0
1
2
2
2
-3
-7
-5
-5
-4
-1
1
2
-2
1
1
3
10
7
3
-4
-8
-5
-2
3
3
4
8
6
0
1
4
8
6
4
1
-6
-9
-6
-4
-3
6
10
3
0
1
2
5
5
2
0
3
6
-1
-5
-8
-6
-4
-5
-2
-2
2
7
10
11
7
4
1
-2
0
2
-5
-12
-8
-5
-5
-4
0
4
9
9
7
2
0
0
-1
-7
-8
-3
-5
-2
4
6
-1
-5
-3
2
5
1
-1
-4
-4
-3
-2
-2
-1
7
6
2
3
5
10
9
3
4
0
5
3
-7
-8
-3
1
-2
-2
0
4
4
-2
-1
3
6
2
-1
-1
6
5
-2
-4
-1
2
-3
0
4
6
6
6
0
-6
-7
-8
-7
-9
-13
-11
-6
-8
-11
-7
0
4
9
5
-2
-2
2
-1
0
-1
-1
-1
-1
-1
-1
-5
-9
-7
-1
0
3
5
-1
-3
-6
-6
-1
3
2
1
-1
-3
1
3
5
0
-4
-3
-2
0
-2
-2
-1
0
3
1
2
2
3
4
6
9
11
9
3
2
-1
0
-2
-3
0
0
1
2
1
3
1
-2
2
-1
-4
-5
-3
-2
-3
-3
1
1
-1
3
8
7
6
8
3
-2
-5
-5
-2
-3
-4
-5
-4
2
5
5
4
2
2
1
1
3
3
-2
-3
-6
-7
0
3
1
0
-1
-6
-9
-5
2
6
7
-1
-5
-2
-3
1
4
2
3
1
-2
-4
-2
-3
-5
0
0
-1
-3
-4
-3
-2
1
0
-1
1
0
0
-1
0
1
-1
-1
1
1
-1
-4
-3
1
4
4
4
4
3
6
4
3
3
0
-3
-3
-3
1
0
0
-1
-5
-5
-1
2
0
1
0
1
2
0
0
2
-1
1
-5
-13
-2
14
10
-7
-18
-11
7
19
11
-7
-11
5
12
5
-3
-8
-7
2
0
8
3
-8
-4
0
10
13
3
-11
-7
6
5
-2
-12
-8
10
0
-9
-5
4
20
14
6
-1
-6
3
3
-1
6
6
-6
-8
-6
0
9
2
-10
-5
4
12
5
-5
-4
5
3
-3
4
5
0
2
3
-5
-12
0
7
3
10
0
-16
0
10
6
1
-4
-4
2
5
3
-13
-10
0
3
-3
-4
1
0
5
-1
-7
-6
3
8
-3
-10
-5
8
15
8
-6
-7
1
1
-6
-5
-3
-2
-2
-14
-11
2
14
14
2
3
1
-1
-3
-14
-3
-3
-5
-1
-2
0
-2
5
6
7
18
9
-4
-6
-3
-2
-2
-3
-2
0
-1
-4
-5
-5
-5
-2
4
12
10
-4
-6
-2
-1
-8
-10
4
7
1
-3
-5
-6
6
10
2
-1
-7
-3
5
4
3
3
3
3
-4
-10
-4
4
2
7
2
-10
-1
2
3
1
-1
8
2
-3
-7
-5
0
-4
0
3
4
8
7
3
3
2
-1
-9
-4
1
3
-1
-11
-5
-4
-7
-2
-4
3
10
3
-4
-2
5
6
4
1
0
-4
-3
-5
-9
-7
-5
-2
3
5
7
8
8
7
11
3
-13
-11
-10
-3
8
9
-5
-10
-11
-7
7
7
9
8
-7
-5
6
-1
-10
0
-9
-11
4
3
3
6
5
6
0
7
23
8
5
10
-9
-8
-1
0
0
-3
1
-2
-2
7
3
-9
-1
12
-3
-14
-7
-4
-1
-6
-22
-14
7
17
2
-4
1
13
14
-2
-3
-1
3
1
-14
-11
-1
-5
2
5
4
22
14
-16
-7
0
-4
-1
-1
1
2
2
3
3
1
3
5
1
5
0
-8
-9
1
12
2
-3
-7
-8
7
7
-1
-9
-7
3
7
4
-4
-3
5
4
1
-11
-13
-3
7
7
-5
9
3
-9
-4
-15
-7
8
10
2
-8
-2
-3
9
10
5
-1
-13
-9
-4
1
1
-5
0
-2
7
10
2
-1
-1
2
-1
-1
-3
0
-1
-6
-12
-11
2
8
4
-2
0
6
3
-3
-6
1
11
5
-8
-5
-3
-2
10
0
-9
11
14
6
8
-4
-14
-12
-4
-4
-8
7
7
-17
-12
3
7
7
9
-1
-5
10
2
-13
-6
3
7
6
6
6
2
11
6
0
3
3
4
-6
-11
-9
-5
-2
-1
10
6
-4
1
-6
-7
7
3
-4
2
7
4
4
-3
-6
-10
-3
2
-5
1
-2
-10
-9
-4
2
13
17
11
3
-3
-10
-10
-6
-2
-3
-7
6
5
-1
9
0
2
4
-10
-9
-4
-2
0
3
-2
-9
2
6
-1
-1
-1
-1
-7
2
8
8
20
10
-7
-6
1
10
10
-3
-2
3
-7
-15
-14
-9
-2
-2
-18
-18
10
21
15
3
-2
4
6
7
2
-1
1
-5
-9
-7
-4
4
12
6
6
1
-4
6
15
9
-3
-2
0
5
11
6
-5
-3
8
6
1
0
-6
-5
-12
-20
-16
-5
2
2
8
12
17
16
1
-8
-12
-9
2
3
5
-3
-6
2
-6
2
17
11
10
7
-4
-16
-7
-3
-13
-10
-6
-9
-10
1
4
3
13
13
5
9
15
9
-1
-11
-14
-11
-8
-4
-1
-4
3
10
3
-3
1
4
5
5
3
-4
-4
-3
-6
4
2
-1
0
-1
4
8
12
5
10
12
-1
-17
-25
-20
-6
-3
-8
-8
-4
7
4
-4
4
10
14
2
-8
-10
1
16
4
-2
-4
-4
0
1
-3
-3
4
-1
4
9
14
7
-9
-7
-14
-8
-1
1
4
5
9
1
3
5
1
4
-2
-7
-9
-4
0
-4
3
5
-3
-6
-10
-6
4
4
9
9
11
11
-1
-13
-14
-12
-13
-9
-3
-1
2
3
0
-3
5
9
7
8
7
10
3
-8
-17
-12
3
10
4
-6
-8
-8
-13
-6
2
7
5
-3
0
-1
-2
1
-1
-5
1
5
0
8
14
9
6
6
5
5
8
1
-8
-8
-5
-18
-16
-4
0
7
-4
-14
-17
-2
19
19
10
-2
-3
-1
-7
-4
4
5
1
2
3
3
6
4
-3
-1
7
9
4
-4
-12
-16
-8
3
5
9
2
-9
-7
0
11
13
5
1
1
-1
-1
-7
-11
-1
-2
2
3
-3
-1
1
3
4
7
10
6
2
2
0
-4
-2
-7
-12
-9
-1
-1
-2
-1
-3
1
7
1
0
8
5
1
0
-3
2
4
-1
-6
-5
-5
-10
-4
2
3
0
-4
-3
6
5
-2
-4
-7
0
2
2
7
12
10
-1
-11
-11
-3
5
10
6
3
1
-8
-17
-21
-11
-1
2
5
7
17
16
9
-2
-12
-1
7
6
2
-5
-3
-4
-11
-8
-2
6
11
2
-7
-3
9
5
-1
-5
-6
-5
-10
-16
-12
-2
7
5
6
-1
-6
-4
-5
-1
12
17
5
-2
-3
-10
-11
-12
-12
-2
8
6
-1
-3
0
-3
-5
-1
8
9
3
-9
-11
-5
2
3
-2
4
6
1
-2
-15
-11
1
11
18
10
6
-4
-9
-5
-5
3
1
-7
-7
-2
4
4
4
3
6
4
-8
-10
-5
-4
-3
-8
-8
3
12
16
7
3
-3
-5
4
-1
3
7
7
5
-4
-3
5
9
9
6
8
2
-4
-6
-9
-10
-9
-3
5
8
3
-3
-2
1
5
12
4
0
7
5
1
-1
-5
-7
-10
-4
1
2
4
8
7
-1
-1
-6
-13
-9
-2
2
4
6
4
8
4
2
-2
-1
3
-9
-3
0
-1
7
5
-1
-2
4
5
2
6
4
-2
-2
-5
1
3
-1
-4
-1
6
9
14
8
0
9
9
2
3
0
-1
-1
-5
-12
-9
-4
5
10
8
10
6
-1
-14
-14
-3
2
2
-3
-10
-11
-4
0
4
24
33
26
12
-2
-15
-22
-18
-11
-4
8
7
3
6
1
2
-5
-8
-6
-3
5
-4
-7
2
5
5
5
-1
-7
-6
-3
4
3
7
15
7
-3
-6
-11
-15
-12
-4
-4
-1
7
3
0
-1
4
11
9
4
2
-4
0
-4
-8
-13
-12
-3
1
8
12
9
8
5
3
-7
-14
-9
-7
-2
1
2
5
6
6
1
-2
5
4
6
9
9
6
-2
-7
-8
-7
-4
-6
-12
-11
-9
-5
2
3
-2
2
0
-2
4
2
4
4
2
-3
-7
-5
-7
1
15
18
8
-1
-8
-10
-8
-2
-1
-2
1
-6
-8
-2
-2
-6
-5
-6
0
3
-2
6
10
12
12
3
-2
-3
-3
-5
-7
-9
5
12
6
3
6
9
9
8
2
0
1
-4
-5
-1
-1
-3
-9
-6
3
0
0
-2
4
5
6
2
-2
5
10
9
2
8
18
11
0
-13
-20
-15
-11
-9
-9
-6
-1
3
0
-2
-2
-5
-6
-3
-4
-2
5
8
1
-5
-5
-2
0
-2
-5
-7
-1
-5
-9
-5
0
5
2
-3
-7
-10
-11
-10
-4
2
10
7
3
0
-2
-4
-5
5
10
6
-3
-5
-1
-1
7
9
1
2
4
0
0
4
7
2
2
8
6
6
9
3
-5
-7
-6
-8
-2
1
1
2
-6
-6
6
8
14
12
5
2
1
-1
-8
-7
-3
3
12
9
5
3
-2
-4
-12
-17
-9
-8
-8
-9
-6
0
-1
0
0
0
5
2
-3
-1
1
-2
-1
2
2
3
3
0
0
3
7
5
-4
-7
-3
0
-3
-1
0
0
5
-3
-12
-11
-3
4
2
6
6
5
2
-7
-15
-15
-13
-9
-6
-4
-1
-4
-7
-3
5
8
9
8
2
-4
-4
-7
-11
-8
-6
-3
-2
-1
1
1
4
10
12
9
4
0
-6
-5
0
-4
-3
2
-1
4
12
12
11
21
22
19
17
14
13
4
0
0
3
7
4
3
3
4
3
6
7
7
10
11
8
7
1
-5
-12
-16
-16
-9
-10
-8
2
-4
-6
-1
-1
1
3
-2
-2
3
1
-2
-1
5
8
5
2
0
1
5
13
7
5
6
-4
-10
-13
-11
-6
-1
3
0
-2
4
4
-1
-1
1
5
5
4
4
3
0
3
5
0
-2
-4
-3
-6
-3
3
1
3
12
9
4
11
10
1
-8
-12
-10
-1
4
2
-4
-9
-7
-1
-4
-10
-7
-9
-13
-11
-11
-10
-8
0
1
-3
5
10
7
5
0
3
0
0
5
-2
-4
-2
-6
-11
-5
4
3
6
7
0
-1
2
-5
-8
-6
-5
-6
-5
-1
2
4
3
0
-2
-2
-1
-4
-10
-12
-8
-8
-11
1
1
1
9
9
5
0
-5
-8
-11
-8
-4
-3
-1
5
5
-1
-4
-3
-6
1
11
10
8
7
3
-2
-1
3
5
1
-2
-3
-5
-8
-3
1
-4
-1
0
3
3
5
8
6
7
9
7
3
4
3
-2
-1
1
1
4
3
6
4
-6
-10
-9
-12
-11
-7
-11
-5
5
6
6
5
5
-1
2
3
4
9
6
1
-5
-5
-6
-6
-7
-4
-1
-4
-7
-8
-2
0
3
6
3
1
4
1
-6
-4
1
0
1
5
6
8
4
1
4
7
8
2
-7
-7
1
2
4
7
5
-1
0
1
-2
0
4
6
5
4
-3
-5
-3
0
5
2
-1
1
1
2
4
-1
2
3
-2
0
3
-2
1
-4
-4
1
0
-6
-17
-13
0
11
7
-2
1
0
-6
-5
-3
3
8
6
-4
-8
-6
-3
-1
-3
-6
0
2
0
6
2
0
1
2
0
0
1
-1
0
3
2
3
-2
-2
4
5
3
1
-4
-5
-4
-2
-9
-13
-9
-5
-1
0
1
2
5
12
12
6
0
1
3
1
0
4
2
0
-3
-5
-5
0
3
3
5
3
-2
2
5
5
4
2
1
1
4
8
8
3
1
-5
-11
-9
-5
-4
-3
-3
-6
-1
1
5
2
0
2
1
-5
-7
-8
-9
-2
2
2
1
4
5
7
5
0
-1
-7
-7
-8
-8
-8
-6
-4
-3
6
16
15
12
7
-1
-9
-7
-10
-3
5
6
-1
-6
-3
-4
0
4
4
4
3
-1
-7
-3
5
7
6
4
-1
-6
-4
-8
-10
-8
-13
-15
-11
-3
1
-2
-4
-8
-6
-4
0
6
5
7
11
7
6
9
11
9
4
-2
-3
1
5
9
0
-1
-2
4
5
-1
-5
-9
-4
-4
-3
2
1
-1
-3
-5
-1
4
0
-3
-2
0
5
6
-1
-1
5
10
11
11
13
5
-2
-1
-3
4
3
-4
-9
-4
5
7
4
1
5
3
0
-5
-9
-2
4
2
-4
-4
3
-1
-1
-1
1
5
4
5
6
5
-3
-3
-1
4
11
11
6
-1
-2
0
-4
0
0
1
1
-2
-10
-12
-1
1
3
4
1
-5
-13
-10
-5
-2
8
7
3
5
4
6
6
8
9
6
2
0
2
1
3
3
-4
-7
-8
-8
-11
-10
-4
3
3
6
6
1
11
12
-2
-3
-3
-9
-7
-7
4
11
9
12
1
-4
-1
-6
-6
2
4
0
-4
-2
0
4
0
-5
2
0
5
2
1
2
3
0
-6
-3
-3
-4
-1
-7
-2
1
0
2
0
3
6
1
-2
1
3
5
-3
-5
4
-6
-2
-4
-7
-6
-6
-7
-6
1
-6
-1
-3
-5
0
-4
-3
-7
-3
4
4
3
2
2
6
7
1
-3
-7
-8
-7
-7
-6
-3
-4
-4
-4
-8
-8
0
6
10
13
5
3
1
1
1
3
3
3
-1
-6
-13
-20
-11
-3
0
6
12
9
7
6
3
0
2
1
-2
-11
-14
-3
1
10
18
16
5
0
10
10
12
11
-6
-22
-20
-20
-19
-17
-8
-2
1
6
5
6
0
-1
2
-2
8
3
5
3
-6
-2
-7
-5
5
13
19
22
20
13
5
-1
0
-4
-5
-7
-7
-9
-8
-3
2
9
6
10
10
-3
-2
-6
-13
-12
-2
4
1
1
-2
2
2
0
6
7
6
1
-3
-11
-11
-4
-4
-8
0
0
-1
6
11
5
1
-4
-11
-18
-21
-15
-9
-5
-6
4
6
7
14
9
13
15
9
0
-9
-9
-10
-4
4
7
6
5
14
13
8
2
3
9
0
-5
-10
-16
-17
-7
1
2
17
23
15
7
-2
0
1
4
8
1
-4
-9
-12
-4
5
13
10
2
1
-14
-14
-6
-4
2
-1
5
4
0
-2
-5
11
9
-1
-4
-4
-1
0
9
4
2
6
-7
-5
-3
-2
-1
-8
-5
-11
-7
-3
-2
3
0
7
10
6
6
2
-7
-3
0
-3
1
2
1
1
-1
5
3
-6
-3
-4
-1
1
1
6
1
6
5
0
3
1
2
-2
1
3
-4
3
4
-4
-10
-7
-6
4
18
14
3
2
-1
-16
-9
-5
5
12
3
6
-4
0
-4
-7
-4
-7
6
-3
-6
-5
-13
-5
-8
2
3
-2
12
10
1
-1
9
10
-7
-10
-2
1
-2
-7
-15
-10
4
3
-7
3
4
7
14
8
11
14
5
-6
-13
-14
-7
2
2
-1
1
1
-1
1
2
-5
-6
-4
-11
-21
-17
-12
-15
-11
-5
-8
6
2
-2
10
5
4
0
5
10
-2
-13
-12
-4
5
6
5
8
8
15
8
6
-3
-7
-3
-10
1
1
2
6
-1
4
3
1
1
6
15
13
10
4
-2
-2
0
5
9
12
2
-7
-7
0
0
-5
-5
-2
3
4
3
-1
-1
5
10
14
5
7
-1
-3
1
0
7
0
6
2
-11
-14
-7
3
-7
3
4
-3
5
-7
-17
-10
6
3
-2
7
6
-1
-5
-10
-19
-14
-15
-17
-11
-5
1
3
2
-6
6
18
15
26
14
-7
-6
3
-7
-13
-10
-16
2
20
19
11
10
13
-1
-11
-4
-4
-1
-10
-16
-6
-4
-6
-6
-9
-1
10
10
4
6
9
-3
-6
-5
-3
10
0
20
20
5
5
-13
-3
-10
-4
3
6
14
-12
-14
-6
11
10
4
14
7
12
-2
-6
-5
-3
5
-18
-10
-16
-7
-1
-11
2
-9
3
9
3
3
-3
9
-3
-4
1
-9
-2
6
7
3
-2
-5
-12
-9
5
1
1
11
6
-16
-16
-5
-10
0
-4
1
14
3
8
3
4
10
8
3
-4
-3
-4
-6
-7
-1
15
16
23
17
1
-11
-17
-8
5
6
-4
3
1
-10
-19
-22
5
16
9
4
11
19
2
-7
-8
-3
4
-3
-4
6
1
-9
-8
-4
5
1
-11
-5
6
9
0
-3
3
0
-13
-14
-4
2
21
18
5
15
6
-7
-18
-14
-6
1
22
19
-7
-18
-12
-9
-7
9
10
20
9
-14
-12
-2
7
4
7
-5
5
2
-19
-3
-3
9
0
-4
-3
-13
-7
-22
-9
-7
-1
15
5
12
2
5
4
-3
10
2
3
13
13
-3
-4
-1
-17
-5
6
4
8
18
19
-1
11
13
-10
-19
-21
-23
-11
14
7
5
17
-2
-9
-17
-6
6
-11
-9
-22
-7
3
-5
-10
-15
6
-6
6
26
30
33
-5
-14
-21
-19
2
-6
14
15
9
-2
-8
1
-7
-5
-6
0
12
-1
-11
-9
-2
-4
-18
0
14
8
3
-8
2
10
9
-12
-21
7
0
-3
5
6
17
5
-7
-2
-1
10
13
-8
-10
-17
-29
-10
1
12
11
16
7
2
8
1
8
-9
-18
-22
-17
8
6
5
12
9
-5
-1
9
22
21
7
4
3
7
-3
-13
-8
-6
-4
1
13
13
17
11
-4
-2
-1
2
2
13
10
-13
-9
-14
-16
-2
2
9
12
14
4
-6
-5
0
1
-7
-15
-19
-15
-9
-13
-18
1
22
14
7
21
15
10
5
-9
-6
-13
-16
-23
-16
-7
-2
15
15
21
12
2
19
13
5
-1
4
7
-3
-13
-14
-9
-6
13
17
18
25
8
-1
-8
-9
-11
-20
-10
-7
7
14
14
13
1
-2
-1
5
13
11
-7
-21
-6
-10
-10
1
0
-1
-1
-3
-6
0
5
3
5
1
-8
-4
-6
-4
6
5
7
1
-2
-20
-20
-6
-3
8
4
5
10
7
4
-3
2
-4
-9
-9
-4
4
6
13
5
-2
-3
-1
-2
3
6
-3
-1
-3
-2
5
-1
-11
-2
6
4
1
7
2
-5
-10
-23
-20
-7
4
3
5
9
2
-3
1
5
-4
1
6
-1
-4
-8
-11
-13
1
-3
-9
14
12
20
19
9
1
-17
-11
-16
0
10
-1
7
-8
-1
-4
-8
10
7
10
-6
-10
-8
1
13
-15
-13
-7
-14
-13
-23
-12
-13
-8
-11
-14
9
16
20
5
15
23
6
12
3
5
1
-15
-6
1
29
31
16
20
12
8
-6
-26
-25
-36
-38
-39
-40
-25
-24
2
25
25
29
20
22
12
10
13
2
3
-15
-23
-12
5
20
16
21
22
24
22
12
2
-11
-16
-36
-34
-15
-15
-9
-11
-21
-19
-18
-18
-12
3
24
40
46
46
36
32
33
34
29
35
40
17
5
-18
-34
-14
5
27
33
37
37
31
17
-13
-34
-62
-90
-123
-129
-109
-75
-23
3
26
44
43
47
40
30
12
-4
-18
-37
-36
-47
-40
-6
7
44
75
101
114
105
97
59
21
-7
-35
-52
-51
-23
-13
10
21
5
1
9
18
24
37
42
27
3
-11
-28
-44
-37
-39
-34
-30
-39
-35
-31
-39
-51
-60
-50
-27
-13
-2
-5
2
11
1
-9
-45
-55
-63
-91
-89
-85
-73
-53
-26
6
27
59
97
112
102
77
70
55
44
46
44
59
81
108
132
155
179
185
166
135
93
34
-23
-65
-112
-157
-181
-181
-157
-143
-120
-100
-67
-28
-33
-55
-92
-107
-109
-138
-134
-107
-61
-13
13
35
74
133
178
169
131
114
99
69
4
-46
-36
-15
15
4
-6
20
32
-9
-98
-150
-143
-115
-115
-136
-112
-52
-12
2
7
34
83
102
70
54
80
96
88
81
105
130
175
224
248
285
276
198
74
-49
-140
-215
-257
-265
-218
-145
-92
-36
30
121
171
95
-9
-91
-183
-258
-329
-326
-213
-71
25
50
143
320
434
426
346
224
103
-12
-241
-422
-371
-245
-144
-54
28
100
203
253
146
52
53
15
-95
-202
-228
-191
-143
-132
-182
-215
-116
17
33
48
135
169
138
77
-43
-108
-31
63
-24
-161
-150
-83
-49
17
120
206
331
410
356
319
463
698
774
541
126
-201
-348
-506
-735
-807
-477
-24
6
-312
-451
-104
313
340
191
168
208
-33
-622
-963
-600
64
333
107
23
407
827
807
493
439
636
542
-5
-675
-855
-552
-342
-419
-641
-487
40
253
-24
-305
-124
230
307
98
-145
33
373
263
-185
-409
-224
-34
-75
-182
-131
112
284
162
-52
-17
256
393
166
-217
-445
-435
-433
-471
-448
-268
156
419
357
312
410
633
904
1026
997
1126
883
-169
-959
-1112
-1420
-1658
-1259
-702
-139
294
-94
-422
461
1186
601
-124
-117
101
-159
-953
-1334
-582
517
836
412
244
1021
1781
1156
96
11
163
-326
-1073
-1512
-1184
-152
370
-42
-274
11
316
346
-33
-392
-234
144
167
-91
-211
71
561
494
-133
-439
-209
78
46
-264
-275
217
546
298
-58
-70
104
96
-300
-844
-918
-506
-256
-371
-395
52
675
941
806
797
993
977
800
577
445
778
1020
0
-1280
-1280
-1135
-1737
-1759
-833
141
802
455
-554
-78
1272
933
-243
-296
359
530
-397
-1492
-860
946
1553
809
242
721
1681
1332
-370
-1046
-338
-338
-1366
-1999
-1567
-239
869
669
92
293
748
753
242
-492
-638
-145
-55
-543
-884
-553
323
812
274
-356
-95
482
606
206
-158
208
828
635
-204
-631
-391
-113
-421
-1160
-1309
-555
179
221
-47
146
762
980
603
195
191
686
994
552
103
413
1120
1579
1144
-476
-1461
-769
-877
-2323
-2411
-1102
54
655
-286
-1495
85
2264
1294
-550
-295
927
1223
-199
-1715
-675
1523
1768
421
-437
430
1938
1238
-1101
-1502
-293
-214
-1071
-1662
-1332
238
1466
965
156
283
706
885
391
-588
-804
-291
-215
-668
-1189
-1105
-5
748
114
-452
49
729
908
457
-129
113
810
707
-70
-566
-452
-122
-249
-868
-1118
-565
39
3
-309
-186
358
655
412
11
-20
350
583
380
73
248
872
1246
1286
1216
355
-1056
-1302
-1029
-1951
-2466
-1392
-316
324
217
-940
-359
2327
2557
239
-503
602
1352
450
-1368
-1441
639
1727
402
-1252
-927
1186
1860
-197
-1702
-911
-62
-513
-1320
-1338
17
1649
1634
504
72
446
864
674
-363
-1150
-764
-135
-103
-530
-919
-448
373
40
-1070
-1323
-396
739
1026
478
356
1139
1676
1221
293
-235
-62
81
-608
-1673
-1777
-931
-399
-419
-442
-244
378
1037
738
-7
122
687
626
60
-307
27
783
1059
830
909
1564
1914
123
-2568
-2556
-1438
-2522
-3275
-1699
100
1544
1332
-959
-151
3639
3209
-425
-1000
846
1694
243
-2299
-2023
1219
2463
168
-2061
-1151
1544
1549
-1472
-2543
-579
426
-405
-1296
-1121
857
2808
2203
459
36
440
604
278
-780
-1561
-844
321
456
-410
-1112
-317
654
-617
-2420
-2245
-865
652
1528
1153
1373
2974
3215
1468
-23
-553
-674
-963
-1989
-2947
-2388
-775
123
-102
-266
407
1283
1283
465
-175
-65
423
414
-332
-703
43
976
1193
872
804
1486
2344
2417
203
-3303
-3709
-1950
-3024
-4529
-2254
928
3052
3109
-512
-1467
3572
4919
-14
-2072
358
2298
1360
-2096
-3316
400
3236
867
-2889
-3016
533
2500
-345
-2882
-870
1397
554
-953
-1186
290
2625
2656
264
-844
-404
-188
41
-114
-922
-878
252
1061
700
-596
-1053
28
-180
-2478
-3521
-1913
579
2437
2772
2068
2486
3380
2116
-350
-1753
-1971
-1695
-1830
-2589
-2418
-795
892
1533
804
-77
331
901
342
-283
-265
183
904
772
-255
-413
322
755
494
-343
-650
644
2159
2400
1214
-1736
-3419
-1768
-1807
-4307
-3231
406
2558
2968
-120
-2588
2406
6732
2284
-1934
-122
2285
1848
-1709
-4821
-2036
2692
1882
-2408
-3614
153
3701
1561
-2579
-2214
530
714
-909
-1786
-551
2375
3462
1255
-671
-814
-799
-369
91
-818
-1448
-167
1598
1981
543
-837
6
834
-1302
-3768
-3484
-990
1954
2757
1458
1634
3348
3186
868
-1534
-2727
-2205
-1477
-2218
-2746
-1156
1184
2250
1541
293
216
840
747
-111
-824
-574
342
723
-21
-699
-208
454
307
-458
-875
166
1768
2241
2516
2706
-62
-3582
-2955
-1846
-3862
-3938
-966
1386
2816
1454
-1564
1161
6591
4552
-1351
-2266
505
1656
-1081
-4678
-3324
1909
3488
-270
-3187
-686
3652
2770
-2117
-3413
-548
1007
78
-1009
-673
1580
3177
1406
-1194
-1698
-1360
-896
-72
-170
-866
-35
2115
3152
1678
-647
-927
342
-515
-3626
-4562
-1613
1862
2664
1515
1212
2633
3332
1117
-2247
-3464
-2401
-1512
-1983
-2352
-977
1459
2987
2558
864
-70
680
888
-711
-1831
-1124
270
1037
538
-593
-663
99
-54
-1007
-1533
-735
1541
3175
2938
3105
2570
-1478
-3996
-2367
-2974
-5119
-2920
676
2670
3318
380
-1005
4590
6999
368
-4320
-1885
1299
572
-3287
-4806
-244
4648
2963
-2235
-3030
1762
4272
-113
-4434
-2475
1178
1237
-712
-1481
202
2770
2571
-312
-1950
-1621
-1016
-99
662
230
1
1549
3412
2855
-193
-2128
-1155
-505
-2654
-4815
-3417
621
3297
2723
1180
1546
2932
2093
-980
-3391
-3499
-1847
-619
-948
-756
1206
3143
3276
1554
-504
-829
131
-152
-1525
-1868
-669
795
1038
-216
-1325
-657
362
-260
-1529
-1311
848
3202
3533
2945
3469
1642
-3220
-4291
-2507
-4110
-4835
-1193
1832
3491
3228
-396
153
5728
4356
-3157
-4773
-734
1488
-452
-3908
-3030
2970
5718
1192
-3270
-1385
3023
2413
-2775
-4529
-878
1770
788
-806
-672
1420
3021
1317
-1480
-2088
-1782
-1238
438
1239
224
261
2476
3869
1784
-1886
-2772
-960
-980
-3451
-4356
-1635
2631
4528
2492
276
1182
2299
524
-2504
-3920
-2749
-375
536
-361
-290
1720
3324
2352
-415
-1831
-759
322
-286
-1276
-1068
444
1862
1254
-692
-1119
-209
-240
-1018
-1462
-594
2121
4011
3708
3903
2486
-2714
-4400
-1913
-3697
-6100
-2513
1766
3897
3709
-805
-1629
5304
6284
-2164
-5687
-1117
2568
1245
-3105
-4106
1866
6674
2549
-3922
-3236
2284
3442
-1560
-4773
-1572
2552
2251
-414
-1464
311
2434
1296
-1766
-2808
-2055
-880
1021
2009
654
-74
1929
3472
1530
-2115
-3339
-1359
-348
-2489
-4010
-1633
2634
4679
2846
65
160
1635
641
-2294
-4020
-2990
-289
1023
26
-436
1209
3108
2729
2
-2033
-1342
179
127
-1126
-1375
380
2158
1549
-607
-1640
-1012
-355
-1109
-2310
-1226
2316
4461
3884
4079
3644
-1501
-5462
-3665
-3520
-5941
-3492
1263
3886
5161
1982
-2104
2374
7046
327
-6666
-3485
1843
2118
-1134
-3496
-6
6081
4618
-3180
-5377
277
3794
59
-4131
-2117
2504
3218
486
-1662
-1055
1185
1141
-1817
-3225
-1869
-646
795
2751
2044
-39
846
2822
1471
-2125
-3752
-2148
27
-595
-2853
-2108
1973
4702
3235
139
-604
776
767
-1773
-4017
-3417
-681
1133
566
-292
734
2597
2711
470
-1752
-1282
633
841
-539
-1180
-124
1271
1140
-666
-2047
-1624
-762
-910
-1775
-925
2568
5049
4629
4360
3042
-2606
-5971
-3732
-3868
-5690
-2388
2353
4968
5787
1104
-3104
2482
6354
-1495
-7359
-2809
2511
2572
-849
-3478
318
6344
3686
-4421
-5290
1162
4345
429
-3373
-990
3284
3015
-652
-3102
-2050
826
816
-2213
-2931
-822
554
1768
2894
1337
-468
1011
2426
173
-2922
-2911
-441
1041
-636
-2744
-1143
2404
3216
717
-1247
-268
1507
748
-2228
-3642
-2078
-80
293
-228
-5
1579
3158
2343
-289
-1252
-45
568
-321
-1216
-939
482
1400
235
-1414
-1635
-1234
-1114
-1495
-1879
337
4708
6015
4582
4308
1535
-4652
-6028
-3731
-4728
-4104
909
4144
5389
4383
-1384
-2652
3747
2939
-5306
-5695
743
4006
2510
-1368
-2285
3104
5499
-1400
-7033
-3240
3265
3695
-772
-2352
1815
4458
946
-3447
-3820
-1003
992
-741
-3197
-1627
1322
2005
2182
1656
-197
-263
1366
912
-1315
-2179
-799
1500
1015
-2416
-3059
444
2520
816
-1080
-725
1363
2289
-578
-3685
-2442
265
200
-910
-489
926
2639
2824
366
-1417
-248
1133
196
-1176
-876
446
1250
527
-1413
-2440
-1421
-938
-1803
-1933
-483
2568
5713
5594
3595
3511
350
-6429
-6938
-3444
-3880
-2475
2895
4851
4995
3298
-3244
-3636
3406
1428
-6084
-3446
3526
4953
2664
-1330
-1756
3858
3867
-4729
-7970
-1696
4104
3445
-650
-1056
3469
4121
-1353
-5007
-3751
-321
1377
-983
-2750
84
2429
1964
1957
958
-1056
-75
1517
-37
-1617
-1006
594
1777
52
-3399
-3147
675
1958
-349
-1571
315
2872
2366
-1301
-3499
-1780
471
-150
-1583
-790
1893
3590
2395
-438
-1831
-557
402
-846
-1736
-15
2061
2058
395
-1620
-2032
-1142
-1152
-1973
-1920
401
4282
6207
5047
4286
2253
-4181
-7692
-5297
-4427
-3745
1585
5389
5796
5048
-1207
-6158
-499
3051
-3447
-4799
2413
6239
4933
886
-2970
-119
3794
-1942
-9175
-5649
2902
5705
2239
-391
2085
4228
306
-5396
-6359
-2344
1859
1228
-1637
-242
2917
2588
1296
417
-1331
-1045
1281
949
-921
-531
914
1620
72
-3926
-5008
-1205
1490
924
607
1433
2874
3343
-321
-4893
-3858
-353
-198
-780
682
2387
3448
2989
-480
-3551
-2433
-291
-593
-807
1208
3128
3132
1379
-1579
-3522
-2755
-1996
-2633
-1704
993
3647
5987
5834
3618
3303
126
-8089
-9234
-3356
-2523
-1228
5161
6905
5312
2999
-5258
-8540
-58
2084
-3829
-754
6535
7150
4135
-1148
-4378
83
1937
-5250
-8227
-1029
6108
6167
1520
-473
2223
1343
-4768
-7530
-4369
882
4128
2230
-352
1482
1931
-1068
-1715
-1253
-1637
572
3213
2348
1045
981
467
-389
-2772
-5875
-4794
-79
2375
1923
2006
2720
2789
1031
-3153
-5848
-3381
399
1016
946
2718
4072
2986
-15
-3345
-4749
-2829
-84
738
1416
3649
4753
2421
-1254
-4006
-4860
-3646
-2202
-1370
430
3428
5660
5891
3952
2008
1522
-2463
-9104
-8167
-1865
-163
1326
5794
6141
3743
-297
-8272
-8995
384
2993
-806
3028
8540
6862
1853
-3917
-6058
-1422
154
-5030
-5122
2512
7636
5676
613
-1396
16
-1850
-6694
-6564
-1023
4339
5796
2562
-418
-135
-1422
-4079
-2830
-69
1254
3657
5172
3260
1169
-266
-2128
-3381
-4981
-6204
-2706
2622
4006
3690
3497
1743
-281
-2256
-5373
-5224
24
3443
3063
3141
3206
1237
-1134
-3339
-5408
-4203
125
2826
3115
3748
4245
2217
-1375
-4557
-5945
-4484
-1579
604
1855
3134
3759
3259
2263
638
614
2143
-1387
-7562
-5076
873
-18
299
4181
3748
1800
-1928
-9625
-7651
3975
5294
553
4423
7959
4227
-1092
-6204
-6023
1246
2755
-3156
-2808
3984
6704
2875
-2557
-3527
-880
-2228
-5999
-4201
1742
5993
5399
273
-2882
-2009
-2929
-3909
-271
3252
4423
5902
4822
847
-1603
-2819
-3854
-3730
-3655
-3370
-205
3451
2995
623
101
-308
-1522
-2152
-2410
-910
2880
4397
2131
553
517
-761
-2504
-2958
-2398
-658
1979
3135
1935
1107
1088
-451
-2711
-3585
-2825
-1007
735
1177
763
469
538
1066
1551
1918
3191
5145
2998
-4432
-7033
-2724
-1609
-2343
1260
3577
2861
1393
-5506
-9614
-905
5374
1164
1681
7102
6178
1667
-3052
-6116
-1539
3359
-817
-3662
1968
6114
3797
-508
-3157
-2341
-1583
-4955
-6181
-1022
4534
5432
2047
-1334
-1639
-2170
-3909
-1820
2598
4457
5601
5595
2389
-482
-1996
-3660
-3538
-2308
-2814
-2221
1173
1949
-616
-926
63
-797
-1279
-1054
-893
1489
4109
2777
639
1010
621
-1620
-2323
-1271
-596
534
1854
899
-464
151
92
-1726
-2314
-1335
-663
-237
210
91
-477
-374
539
1329
2252
3199
4393
5275
1342
-5729
-6158
-2020
-2286
-1586
2935
3629
2419
-166
-8140
-9452
634
4548
1390
5066
8270
4061
-145
-4303
-6368
-592
3752
227
81
4708
4736
1492
-2018
-4893
-4159
-3137
-4760
-3204
2145
4963
3804
448
-2689
-3864
-4507
-3628
1087
5443
6374
6748
5475
1309
-2078
-3766
-4092
-1922
-263
-1183
-567
1126
-484
-2765
-2388
-1706
-1429
-50
768
877
2201
2762
1187
27
-91
-443
-353
422
434
-27
423
735
-244
-938
-528
-420
-813
-700
-685
-1271
-1271
-453
-604
-1316
-335
1298
1886
2587
3323
3721
4697
2086
-4701
-6005
-1927
-1545
-1262
3001
3764
1362
-1285
-8141
-10271
-1279
4303
2725
6115
8348
2158
-2627
-4622
-5769
-626
5100
3769
3160
5335
2789
-1330
-2914
-4302
-4140
-2664
-2377
-305
2962
2923
680
-1656
-4136
-5284
-4780
-2098
4160
8458
6972
4949
3285
-719
-3749
-3624
-1973
1334
3776
1811
-870
-1402
-3353
-5550
-4183
-1903
-400
1832
2906
1279
-343
-315
-445
-671
274
1716
2723
3030
2051
-292
-1855
-1387
-1237
-1658
-499
1145
1103
131
-978
-2040
-2184
-1657
-1211
-662
393
1358
1589
1732
2505
3333
4253
2555
-2742
-4393
-1559
-1374
-1582
2490
4223
1309
-1498
-6670
-9119
-2269
2930
1364
3744
6965
1818
-3692
-4103
-2889
1302
5559
4173
2975
4383
1530
-2628
-2510
-1662
-1552
-1179
-1814
-1315
734
214
-1634
-1783
-2405
-3363
-2798
-742
3118
5535
3794
2107
1616
-590
-2175
-987
1202
3327
3728
923
-1765
-2046
-3200
-4467
-2353
387
741
595
94
-2033
-3119
-1754
-351
964
3035
4230
3463
2142
370
-1920
-2402
-777
255
352
1374
2025
395
-1585
-2243
-2419
-2148
-1048
82
616
928
617
45
217
1196
2254
3234
3526
93
-3594
-2862
-1210
-994
1474
4378
2974
446
-3380
-8133
-6155
35
1511
2178
5892
3997
-2336
-3997
-2702
-1075
2421
4311
3456
4100
3064
-1202
-2380
-878
-1027
-1938
-1920
-817
1028
1143
-451
-946
-1488
-2856
-3322
-2142
966
4111
3779
1629
1192
294
-1946
-1963
225
2319
3204
1694
-117
-309
-926
-2730
-2485
-189
151
-874
-1188
-1425
-1514
-1041
-362
512
1889
2550
1785
1012
311
-928
-1574
-542
705
957
1219
1293
21
-1505
-1997
-2095
-1714
-387
1255
1282
566
481
45
-424
330
1308
1844
3098
472
-4060
-2792
4
-419
906
3952
2624
47
-2304
-6944
-5633
1303
2764
1662
4454
3173
-2833
-4051
-2360
-713
2617
4079
2644
2986
2256
-2022
-3146
-1010
-378
-894
-997
9
1699
1119
-1639
-1901
-1144
-2102
-2324
-1074
1627
3742
2260
-317
-72
279
-1417
-1204
1179
2754
2556
770
-996
-826
-519
-1670
-1071
1008
510
-1434
-1764
-1587
-1554
-686
532
1450
1940
1257
-294
-1021
-810
-490
105
1308
2273
1642
202
-766
-1478
-1938
-1549
-817
-159
700
985
388
-305
-488
-178
271
833
1628
2394
2374
-349
-3842
-3125
-378
159
1336
3386
2698
208
-2914
-6883
-5069
1142
2937
2589
4483
2721
-3014
-4866
-3181
-706
2896
4320
3163
3590
2188
-2899
-4015
-885
389
227
460
803
1609
634
-2829
-3428
-1410
-1427
-1427
369
2549
3341
1333
-1273
-1290
-218
-867
-328
2247
3276
1814
-686
-1935
-1425
-994
-956
398
2114
1108
-1162
-2160
-2486
-1870
-292
1139
2271
2415
393
-1797
-2230
-1634
-372
1520
2768
2587
1133
-826
-2119
-2311
-1676
-30
1277
1215
944
101
-1202
-1376
-386
349
940
1883
1975
1864
1257
-2487
-4334
-1569
508
810
2526
3098
1268
-964
-5038
-6953
-1626
2977
2963
3816
3858
-687
-4389
-4490
-2265
2338
4489
3364
3540
3065
-1367
-4303
-2579
55
1833
1574
258
1298
1343
-2255
-3913
-1961
-757
-278
429
687
1585
1070
-1822
-2177
132
471
381
1983
2657
1429
-166
-1552
-1467
-26
8
-25
1219
764
-857
-1751
-2099
-1413
-356
421
1409
1975
320
-1617
-1760
-1523
-548
1309
2212
1899
804
-742
-1749
-1793
-1030
392
1549
1504
324
-640
-1306
-1467
-238
770
1276
1846
1796
930
637
-449
-3469
-2639
378
1262
2191
2498
968
-811
-2933
-6035
-3867
2058
3867
3449
2837
-195
-3944
-4931
-2685
1253
4265
4265
3359
2022
-869
-3616
-3563
-230
2874
2645
974
1075
563
-1965
-3440
-2597
-786
822
1202
496
236
-501
-2248
-1869
235
1208
1420
1891
1659
397
-1203
-2038
-700
877
1086
1443
939
-415
-1346
-2240
-1958
-245
851
691
1550
1307
-1235
-2121
-1696
-697
981
1917
1766
865
-247
-1490
-1790
-1030
188
1311
1438
956
-278
-1623
-1732
-892
262
1308
1734
1513
1266
605
130
-1380
-2645
-324
1643
1715
2136
1852
-312
-1879
-3360
-5081
-1575
3012
3311
2431
851
-2256
-4524
-3592
-530
2184
3361
3379
2867
499
-2317
-3228
-1471
2116
3597
2033
841
816
-695
-2710
-2628
-1099
716
1557
820
-596
-1796
-2914
-3070
-803
1690
2045
1807
1738
702
-1293
-2263
-631
1718
2421
2068
1300
-771
-2136
-1986
-1969
-359
1691
1432
526
145
-1198
-2513
-1605
110
1142
1262
946
304
-1041
-1270
-188
191
645
1673
1232
-371
-1030
-981
-1025
-424
598
760
608
608
373
67
604
-685
-2771
-511
1788
1727
1983
1665
206
-1017
-2656
-4421
-1024
3268
2984
1512
-608
-2987
-3936
-3042
-200
2326
2430
1608
1559
140
-1849
-1950
-209
2690
3650
1407
284
1241
237
-1930
-2029
-685
726
1718
1087
-632
-1789
-2846
-3231
-1112
1123
1371
1425
1416
-278
-1851
-1888
-405
1843
2466
2037
1215
-274
-900
-896
-860
66
1211
650
-178
-6
-1424
-2458
-1024
321
485
382
291
-476
-1267
-859
-279
146
1242
1746
486
-494
-649
-1001
-308
925
1032
454
-19
-90
-28
606
-66
-2541
-1779
695
1045
1295
2082
1323
-46
-1380
-3837
-2674
2155
3743
2793
778
-2278
-3905
-3182
-1126
1077
1933
1571
1730
47
-2862
-2709
-348
2340
3580
1927
312
1174
1140
-1015
-1343
-110
877
1708
1257
-553
-1733
-1999
-2224
-914
523
-216
-449
223
-572
-1818
-1697
-308
1821
2492
1285
294
-500
-387
612
495
544
1644
1283
-108
-222
-1365
-2291
-259
1167
501
-291
-665
-1213
-1490
-693
-83
53
963
1728
324
-1647
-1077
92
514
1460
1550
611
198
623
242
155
1018
-1096
-2155
-211
198
-201
907
1470
439
-356
-2414
-3165
972
3109
2240
1018
-933
-2306
-2116
-1231
139
1172
699
1004
907
-1697
-2752
-906
1444
2831
1803
-339
355
1831
-21
-1392
-320
663
1239
1277
-365
-1745
-1240
-563
87
1029
135
-997
-732
-1250
-2303
-1903
-219
1589
1975
441
-861
-790
-452
560
1400
1204
1569
1392
319
112
-358
-1379
-227
1398
478
-591
-528
-839
-1016
-729
-519
-387
237
682
-230
-1589
-1222
-152
616
1500
1161
-63
-196
327
384
805
1665
2084
254
-2457
-1875
-731
-103
1660
1787
300
-365
-2062
-4252
-1089
2730
2554
1871
-14
-2064
-1909
-1491
-541
1231
1734
1230
1016
-1242
-2981
-1488
303
1794
2102
563
218
1174
-21
-1766
-792
711
1757
2021
78
-1887
-1534
-805
-407
1051
1378
467
39
-1280
-3014
-2754
-698
1514
2227
842
-670
-1442
-1349
-126
452
646
1841
2168
615
-244
-396
-579
336
1231
538
-421
-482
-580
-953
-1167
-608
-64
-121
337
-187
-1584
-1305
-29
379
605
1187
732
103
-54
-305
273
1444
2082
1650
-768
-2523
-1687
-258
1165
1835
863
109
-451
-3006
-3583
428
2625
2573
1321
-1634
-2679
-1386
-758
208
2163
2221
1270
95
-2289
-2555
-521
1293
2297
1445
-370
-11
550
-1174
-1521
342
1832
2412
1520
-1176
-2267
-1035
-382
428
1535
1328
713
-240
-2106
-3347
-1821
752
1882
1216
-657
-1623
-1166
-424
81
184
1105
2066
1013
-637
-860
-214
523
1331
960
-530
-744
-166
-521
-939
-517
88
370
593
-210
-1821
-1685
-194
407
358
714
813
108
-152
-278
-57
1376
2232
1823
731
-1609
-2734
-981
1055
1661
1415
141
-821
-1190
-3246
-2906
1345
3091
2324
290
-2644
-2766
-671
-292
746
2523
1559
601
-382
-2676
-2084
913
2150
2257
1135
-1052
-783
-299
-1575
-909
1377
2275
1655
-26
-2278
-2259
-436
491
1304
1858
1091
56
-1141
-2631
-2413
243
2262
1640
-63
-1728
-2051
-756
-203
98
1158
1734
1201
-684
-1770
-748
1012
1962
1899
875
-773
-1065
-703
-1016
-504
845
1574
848
-692
-1916
-2039
-720
606
621
244
513
206
-1052
-1200
-401
775
2202
2230
675
32
-888
-2737
-1098
1225
1804
2159
968
-1061
-1587
-2410
-3385
248
3840
2960
921
-2097
-3810
-1724
0
567
2665
2794
780
-540
-2881
-3282
559
2979
2331
1356
-552
-1543
-527
-1089
-1376
1220
2821
1849
41
-1987
-2626
-723
823
1213
1975
1799
201
-1182
-2326
-2457
17
2258
1602
-210
-1401
-1881
-1356
-315
290
1114
1462
379
-1194
-1786
-599
1022
1738
1612
1194
-33
-973
-658
-671
-399
977
1700
624
-710
-1315
-1607
-983
37
414
442
454
-159
-1223
-1334
-357
802
1776
2049
818
269
-2
-1849
-1571
800
1941
2020
1217
-929
-1731
-1428
-2571
-955
2524
2814
1226
-1531
-3810
-2101
231
200
1832
2746
891
-319
-2176
-3168
125
3169
2264
1193
33
-1482
-907
-1031
-1495
849
2687
1557
-319
-1981
-2820
-1084
689
807
1415
1466
100
-891
-1597
-1679
279
2092
1390
-168
-1327
-1741
-685
276
493
1021
885
-378
-1373
-1455
-445
1015
1353
1014
741
-185
-923
-535
-179
343
1210
1046
273
-388
-857
-905
-375
235
523
425
-66
-653
-1164
-1116
-208
725
1155
1038
301
-1
418
-710
-1507
211
1582
1810
1190
-358
-995
-587
-1565
-1822
998
2504
1593
-428
-2964
-2665
-248
192
731
2192
1424
-289
-1679
-2605
-619
2551
2521
1196
434
-822
-1022
-802
-897
701
2569
1679
-415
-1589
-2113
-1289
187
661
913
1245
369
-1033
-1533
-1299
27
1536
1143
-183
-927
-1050
-632
122
521
846
890
-391
-1610
-1377
-234
830
1077
826
491
-159
-823
-769
-266
364
1016
828
141
-291
-435
-365
-81
252
269
126
-122
-601
-907
-735
-262
235
617
677
354
120
372
-354
-1310
-225
1155
1579
1512
493
-627
-561
-1241
-1933
389
2529
1931
31
-2369
-2782
-697
198
436
1739
1607
64
-1529
-2703
-1165
2026
2649
1176
379
-405
-947
-785
-773
447
2319
1871
-221
-1365
-1481
-1032
-271
193
671
1218
605
-780
-1323
-1101
32
1211
887
-76
-468
-507
-653
-277
410
941
1018
-295
-1691
-1440
-72
768
679
519
454
-24
-792
-923
-303
474
905
495
-209
-409
-313
-111
118
210
316
138
-408
-695
-713
-341
164
222
279
377
284
81
205
-103
-953
-305
791
1199
1277
543
-436
-559
-940
-1872
-353
2120
2122
421
-1765
-2595
-942
184
229
1303
1711
462
-1198
-2516
-1404
1791
2773
1191
236
-299
-666
-633
-743
151
1948
1884
-150
-1449
-1487
-847
-123
99
410
1160
1007
-490
-1349
-1152
-443
567
690
-17
-12
186
-460
-791
-300
487
934
218
-942
-1060
-183
310
202
366
570
467
-290
-852
-340
227
485
529
181
-95
-77
-137
-242
77
418
286
-41
-355
-677
-624
-178
224
384
513
325
-128
148
85
-931
-624
603
1186
1267
489
-767
-586
-430
-1618
-743
1660
2196
1008
-1224
-2780
-1426
330
104
1011
1980
723
-708
-2210
-2159
805
2641
1443
436
100
-664
-808
-702
-153
1682
2110
195
-1204
-1208
-703
-196
-8
253
996
1159
-187
-1372
-1259
-524
313
567
22
-149
203
-304
-856
-280
573
833
380
-580
-989
-130
463
167
233
499
174
-370
-641
-164
543
532
144
-232
-230
-69
-19
13
223
407
-5
-417
-483
-179
-37
-7
196
-12
57
140
-242
-28
573
-113
-1035
-273
543
789
853
-70
-459
148
-722
-1451
306
1935
1890
304
-1914
-2089
-303
-1
200
1543
1274
-25
-1499
-2549
-833
1869
1790
658
391
-251
-769
-852
-563
896
2097
1002
-648
-979
-682
-260
-5
236
713
1036
250
-1024
-1083
-515
-210
148
123
-41
368
206
-778
-745
87
519
505
25
-288
64
227
-329
-363
352
558
298
-180
-456
-78
24
-249
-164
266
407
76
-271
-284
79
134
-47
-65
64
135
26
-97
2
275
355
157
9
584
281
-1113
-915
52
724
1093
388
-402
-110
-633
-1797
-591
1525
2185
1209
-1104
-2228
-921
-254
-121
1279
1779
663
-1004
-2484
-1655
1129
1948
901
529
-38
-900
-1146
-817
488
2048
1612
-124
-920
-716
-428
-315
87
667
1026
489
-709
-1144
-673
-311
-41
117
9
308
212
-756
-894
-196
206
473
355
-111
6
157
-248
-267
251
560
400
-129
-337
-49
-37
-130
-42
179
342
81
-259
-277
-25
161
-17
-145
32
128
-19
-121
26
259
288
187
82
300
272
-667
-916
-87
573
788
596
-20
-176
-418
-1557
-1083
1112
2075
1486
-179
-1789
-1510
-726
-474
869
2127
1351
-376
-1973
-2170
-84
1476
1215
1012
637
-542
-1346
-1152
25
1605
1756
371
-619
-784
-667
-394
-51
554
962
463
-481
-888
-607
-320
-298
-241
-77
193
203
-422
-714
-176
196
256
344
175
92
84
-361
-479
157
546
421
201
-163
-350
-352
-343
-136
181
508
208
-262
-211
-197
-104
-24
0
242
409
69
-364
-302
-30
186
388
352
531
792
-180
-1252
-779
128
721
1103
566
-208
-304
-1180
-1841
-122
1746
1971
1045
-781
-1803
-1150
-753
-80
1584
1949
634
-1005
-2088
-1281
705
1273
1034
1026
167
-1015
-1356
-659
667
1630
1116
-53
-474
-621
-704
-427
134
696
826
161
-604
-627
-460
-493
-361
-155
107
445
211
-467
-522
-249
-204
64
378
441
484
149
-428
-376
89
283
358
405
213
-102
-345
-454
-171
467
582
210
-48
-318
-492
-332
-94
229
488
250
-211
-421
-426
-296
45
350
513
804
566
-565
-1295
-988
-201
729
1319
954
290
-408
-1657
-1838
-60
1689
2157
1212
-573
-1557
-1616
-1403
-89
1784
2222
1015
-1027
-2304
-1434
29
801
1483
1524
355
-1026
-1525
-826
592
1365
859
302
128
-415
-1006
-784
115
792
721
155
-264
-254
-426
-904
-863
-339
392
858
469
-132
-445
-804
-875
-68
815
1143
954
-90
-959
-725
-165
319
829
940
441
-259
-878
-898
-3
758
660
290
-64
-394
-497
-391
-106
399
527
116
-260
-362
-296
-301
-203
85
489
859
825
-26
-1050
-1202
-649
425
1344
1337
827
-21
-1480
-2292
-1082
974
2325
2073
287
-1303
-1763
-1747
-819
1239
2361
1611
-196
-1858
-1844
-530
443
1118
1520
965
-317
-1346
-1220
-36
1056
1006
587
297
-180
-668
-877
-500
238
692
499
132
-19
-316
-796
-998
-641
134
729
706
336
-218
-707
-938
-693
79
883
1147
564
-307
-673
-668
-328
422
903
810
309
-515
-967
-488
174
427
533
474
49
-444
-638
-498
-7
347
224
167
95
-220
-580
-716
-499
166
769
876
875
190
-1215
-1674
-855
450
1654
1923
1043
-176
-1441
-2290
-1328
890
2292
2135
656
-1171
-1927
-1798
-873
1006
2099
1486
-14
-1409
-1703
-857
103
835
1365
933
-220
-871
-813
-160
534
605
442
362
152
-293
-502
-299
-47
131
218
309
326
88
-463
-1058
-948
-218
396
686
633
114
-651
-1086
-844
-54
809
1081
575
-95
-570
-690
-365
223
778
817
216
-376
-448
-278
6
357
458
338
113
-238
-414
-240
-57
-22
48
330
397
-48
-571
-710
-439
7
481
750
748
544
-454
-1510
-1184
-117
862
1407
1069
348
-336
-1333
-1688
-538
934
1768
1415
44
-944
-1240
-1302
-634
693
1368
963
14
-936
-1063
-416
12
449
866
599
23
-409
-450
-39
343
216
87
377
368
75
-145
-387
-304
24
194
210
423
223
-627
-990
-875
-306
541
726
365
-39
-535
-945
-679
12
536
773
413
-217
-466
-426
-256
119
443
474
348
138
-48
-86
-118
-136
71
334
391
201
-34
-260
-295
-102
-18
153
329
109
-380
-530
-458
-201
261
446
363
250
33
-500
-728
-433
-37
479
806
641
361
-62
-815
-1061
-464
425
1099
1065
378
-364
-874
-1232
-773
267
995
1035
369
-428
-805
-779
-501
130
712
811
396
-90
-203
-101
-41
-5
199
418
365
106
-60
17
65
-89
-156
-30
63
40
-194
-332
-138
-99
-205
-167
-172
-205
-219
-238
-42
244
272
34
-105
-148
-162
22
155
289
377
151
-49
-92
-23
112
248
308
230
198
57
-107
-37
-35
-78
-13
8
-8
-51
-67
-158
-159
-89
-167
43
143
105
158
91
116
-78
-370
-429
-76
411
612
612
377
-5
-492
-780
-395
349
832
762
154
-454
-823
-957
-538
159
594
481
95
-315
-394
-223
-221
122
360
193
-26
-105
81
309
266
-97
-188
-42
82
288
419
543
379
-181
-668
-687
-203
149
279
294
9
-316
-631
-755
-420
57
365
273
94
-130
-373
-386
-317
-23
240
308
252
104
-4
-119
-109
55
226
370
344
218
105
14
-4
66
131
82
-6
-111
-107
-123
-142
-30
21
123
77
-191
-185
-78
-113
6
155
286
494
217
-340
-495
-389
-133
365
674
638
538
-73
-817
-744
-253
220
603
586
135
-189
-526
-779
-426
21
184
229
138
-72
-15
58
-35
0
-76
-222
-109
146
309
326
311
123
-81
-86
-179
46
291
172
176
95
7
-94
-315
-418
-301
-61
4
22
22
-76
-259
-469
-401
-158
103
259
107
-32
-167
-230
-96
84
256
295
194
44
11
67
90
185
220
161
115
20
38
69
46
-24
-205
-178
-58
-17
34
63
54
-19
-46
-147
-134
-47
-106
-118
-112
54
244
319
286
10
-191
-287
-233
87
416
510
398
114
-371
-514
-316
-176
161
331
194
98
-72
-341
-381
-177
-116
-13
128
1
33
108
-153
-166
-96
-114
72
191
137
145
161
1
-50
24
-11
64
134
111
111
66
-37
-143
-127
-99
-102
12
-65
-98
-58
-228
-220
-163
-127
-2
27
-29
-41
46
-46
-89
32
35
139
148
48
31
22
39
-16
1
61
120
204
144
99
55
-52
-48
-70
-26
90
54
57
-8
-74
-66
-53
53
122
134
53
-26
-57
-32
64
80
101
108
75
47
27
20
50
55
-25
-63
-23
-6
52
102
21
-31
-96
-160
-176
-95
-23
49
135
36
-35
-129
-174
-111
-96
-33
56
90
91
69
-11
-111
-113
-85
13
89
88
146
28
-96
-119
-151
-20
11
17
16
-37
2
-25
-24
-35
-98
-125
-146
-27
44
69
108
27
-8
-56
-60
5
91
157
27
-29
-21
-69
10
46
58
100
24
-45
-88
-11
59
67
101
30
-2
14
-46
-42
27
86
82
49
-17
-68
5
4
-49
32
50
37
70
10
-12
42
43
29
89
91
37
31
-56
-153
-100
-12
40
122
118
-20
-62
-47
-106
-86
-40
-32
-26
-43
-60
-31
38
23
-43
-80
-109
-65
8
10
29
67
1
-98
-137
-150
-106
35
74
76
90
16
-59
-122
-128
-46
21
72
81
52
34
-23
-94
-58
4
56
46
-12
-5
6
7
5
30
73
72
33
-23
-57
-13
25
38
36
24
-9
0
20
-9
26
90
56
40
30
39
92
61
24
30
46
25
1
22
45
63
49
-25
-36
4
42
58
67
51
12
-43
-119
-99
-11
6
31
8
-19
-22
-79
-107
-79
-13
59
35
-12
-24
-57
-64
-47
-32
18
51
-1
-26
-19
-51
-29
-8
-52
-36
-18
-40
-10
-2
-9
17
12
-28
-53
-37
-11
20
23
-20
-46
-26
-13
-36
1
25
24
24
-56
-78
-32
9
65
29
-27
-8
-21
-59
-24
30
62
61
19
-31
-13
-4
-28
11
6
34
27
-17
17
55
84
34
10
6
-22
19
39
64
75
47
-5
-55
-32
24
53
72
86
53
-3
-17
-15
-18
12
8
-2
10
12
4
-3
-18
-26
-11
-11
-17
3
33
1
-11
-37
-80
-12
-27
-10
45
35
38
-7
-32
-56
-28
13
-3
5
-4
-1
-24
-39
-9
4
58
45
-13
-18
-20
-2
18
15
23
21
0
-28
-25
-12
9
19
0
-41
-49
-26
-32
-17
0
15
-3
-5
6
5
22
18
10
0
19
49
23
19
-27
-61
-30
-6
42
66
45
28
-19
-46
-25
37
73
59
14
-28
-20
-3
18
44
26
22
-4
-53
-15
18
66
64
18
-9
-33
-20
-11
24
54
53
15
-51
-58
-57
-54
-6
9
17
35
-3
-45
-56
-55
-36
14
45
54
10
-46
-65
-64
-10
33
48
44
11
-23
-23
-25
-27
9
-20
-39
-33
-33
-2
13
10
-22
-37
-19
-17
24
32
-7
-18
-20
15
0
12
16
-10
0
-54
-50
19
43
65
26
-23
-21
-13
10
32
60
38
3
-40
-56
25
63
49
41
12
-16
-10
-1
1
45
49
5
-36
-46
-10
-5
16
33
-19
10
2
-41
20
33
39
31
-12
-28
-14
-29
-53
15
58
36
62
-7
-36
-17
-51
-28
12
50
27
-8
-28
-40
-20
-10
14
64
62
16
-34
-89
-75
-24
53
48
35
40
-35
-43
-68
-45
15
43
31
2
-22
-49
-35
-72
-32
30
45
34
-7
-37
-79
-56
-44
21
61
33
-2
-59
-19
-17
15
27
12
34
-27
-23
5
38
71
47
22
-33
-14
10
15
60
43
51
14
-51
-61
-38
21
21
39
27
4
-13
-62
-47
-22
18
32
26
7
-23
-49
-58
-53
-29
18
24
42
35
-19
-39
-34
14
59
76
70
31
11
-14
-63
-9
17
36
73
-12
-16
-25
-39
-28
5
20
12
42
-14
-12
-13
-50
-1
-6
33
44
10
20
-36
-29
-30
-29
4
5
8
-10
-27
-21
-10
24
19
31
19
-13
10
-30
-5
26
2
5
-2
-3
-4
14
-6
-5
23
-17
-8
-5
-18
4
8
7
-23
2
-8
-11
18
-6
19
14
-11
10
-8
-11
10
-29
3
23
27
41
-2
-15
-54
-50
-11
-7
7
4
-2
-7
-2
4
-1
46
4
-15
11
-46
-20
12
-2
29
32
4
7
13
10
-21
-12
-1
-25
15
25
-17
-9
-37
-44
-16
4
11
23
39
36
14
10
-5
-19
-35
1
28
33
43
-31
-19
-34
-48
14
14
29
28
-5
-14
-23
-26
-20
13
6
-5
-8
-2
17
19
31
19
-1
15
-1
-25
-12
-16
14
29
-15
-9
-34
15
28
-12
7
-62
-30
10
7
21
3
-4
-16
13
-23
-1
24
3
25
26
-3
9
-20
-48
13
-4
21
53
-2
-6
-29
15
11
20
53
0
21
-15
-67
-21
-12
42
33
-4
-39
-28
-2
19
53
33
10
-12
-25
-23
7
41
41
30
21
24
-24
-16
9
-17
30
-7
-25
-36
-24
-13
-50
-15
-51
-2
20
34
42
-4
15
-63
-20
-27
-32
58
-18
10
-40
-57
-7
-47
23
29
10
33
24
-20
-26
-18
-44
-23
-12
-13
26
34
36
25
-4
16
-9
-21
-12
-9
49
25
2
8
-19
-21
-19
-9
7
13
-5
-10
11
3
39
-2
14
46
-4
15
-7
-7
-7
-10
2
7
7
0
14
-7
25
14
-25
0
-46
5
1
-17
17
-35
-15
-13
-9
2
2
1
-17
-16
-44
1
4
20
49
-2
22
23
-1
23
12
1
30
6
-19
-6
-22
14
29
25
28
-8
14
-3
-10
36
-3
14
12
1
19
-6
5
-17
-39
-49
-11
2
15
56
-4
1
7
-30
4
11
-6
24
-1
-12
6
-20
-5
-17
-2
12
17
39
-2
-4
-4
-42
-20
-3
-11
0
-3
-32
-19
21
9
27
5
-15
-12
-20
25
-7
-18
2
-18
-9
22
-23
-5
5
-38
-21
-31
12
28
28
30
7
-22
-33
-17
-49
9
20
-5
31
4
-4
22
-7
8
-13
-17
10
10
40
16
-14
5
-18
-15
-6
3
15
46
36
0
-10
-13
4
-14
-13
9
-7
21
27
-10
0
-3
-18
30
32
21
-3
-20
-28
-34
27
29
50
90
-11
-40
-46
-46
-21
23
39
0
63
-29
-61
9
-40
27
37
-3
13
-15
-22
-40
-37
-26
-18
-17
8
1
3
37
-18
-6
-3
3
23
-25
11
-20
-14
2
12
20
-9
26
-52
-7
10
-47
12
12
10
15
20
-3
-16
-11
-28
-8
2
20
14
42
29
5
1
-31
5
-18
-20
33
24
16
34
-19
-37
-8
-48
3
24
28
35
-5
-1
-7
11
-2
10
21
3
-6
-14
18
-26
13
11
-38
14
-34
-17
-12
9
8
4
9
-9
4
-26
12
12
42
39
6
20
-54
-39
-31
-36
14
38
42
16
14
-22
-17
21
-20
1
-14
-22
10
-21
6
-15
-2
16
-25
-10
0
12
19
23
-6
-36
-24
-50
-36
-12
-10
30
18
-20
14
-1
10
27
26
13
31
28
-42
-3
-45
-23
6
-7
31
10
15
-8
-2
0
4
30
-10
-4
14
-14
8
33
19
24
-14
-24
-35
-11
11
19
36
9
22
-12
-25
-27
-15
14
16
48
3
4
-2
-28
-16
-16
-1
25
13
-22
-12
-38
-17
-5
13
5
-3
-1
-45
-15
1
25
21
9
-6
-37
8
5
29
25
-13
9
-24
-35
-6
-3
10
16
5
-24
-18
-1
-19
4
3
28
4
4
3
-51
-6
-14
8
17
42
25
-1
-24
-63
-10
-20
31
36
14
-8
-11
13
-35
54
11
18
21
-8
7
-36
17
-9
3
18
-41
-14
-26
0
33
16
47
9
5
-21
-29
2
-19
29
-15
31
-4
-15
17
-43
15
-40
17
4
1
21
-48
-2
-16
32
-10
13
21
-11
21
-27
35
24
0
10
2
-10
4
26
-18
26
-12
-10
4
-3
13
-23
26
-1
37
2
-23
-12
-59
-26
-5
40
13
11
0
-41
-5
-10
-1
2
22
7
-24
2
-4
-8
0
-15
-13
-14
2
14
33
23
7
18
1
0
22
11
4
16
-13
-44
-21
-21
-14
8
18
21
21
28
1
-12
-17
-23
-7
-10
-2
4
24
22
13
30
11
16
-7
-43
-23
-41
-18
-5
-6
18
6
-7
-11
-5
-26
-18
2
1
24
27
14
-8
27
17
9
26
-12
12
11
11
14
8
14
-6
2
-30
-38
-11
-23
8
34
24
15
15
-14
-12
-4
11
14
20
27
-7
3
-9
-17
10
0
-19
-23
-24
-31
8
11
-7
-8
-13
-13
-2
20
-3
-3
17
-14
-16
-16
-7
17
9
-12
-4
7
-11
5
-8
-3
29
-1
-25
-29
-17
-12
-5
24
5
20
22
-17
-13
1
-3
8
2
13
-4
-8
-1
-27
12
-8
8
8
-16
16
-16
5
1
-2
-2
-28
4
-17
8
21
11
21
8
0
-29
-5
1
9
13
-17
-11
-2
3
-7
19
19
25
24
-6
-13
-12
16
-13
4
-2
12
19
-7
28
-22
14
10
11
15
-44
-9
-58
-7
14
18
60
33
40
-19
-5
-17
-33
6
-2
17
19
9
-14
-10
-20
-13
-3
-11
2
3
3
-4
-12
-1
22
24
5
-15
0
-15
-1
29
3
23
8
4
-4
-31
9
-22
20
18
-19
-1
-35
-20
-15
-20
-3
-12
9
14
-1
6
-12
-7
-22
-19
10
27
35
21
3
2
-25
-2
-3
-14
8
6
11
-2
-5
0
-9
-1
-6
-15
-4
21
11
16
21
-6
0
-12
14
-5
-21
-6
-30
-17
-3
2
16
-15
-8
-3
-14
0
24
16
13
11
-18
-19
-9
30
-12
1
0
-42
-13
-26
-10
1
14
12
-32
-18
-28
-8
-7
4
14
13
5
-4
14
-23
12
15
21
33
-13
7
-12
-11
11
-28
6
-13
4
13
4
34
7
23
-11
-13
35
10
1
4
-10
-25
-18
-37
-21
-14
16
54
-4
41
-6
-13
17
-47
41
4
29
16
-46
21
-65
30
12
-21
49
-62
24
12
-9
40
-32
17
-5
-9
-1
-11
23
0
5
-6
-21
18
-4
-12
9
-22
8
-4
-5
23
-29
21
-12
-3
21
-36
17
-15
17
-19
-47
2
-25
41
9
18
29
-21
35
3
14
23
-8
7
-23
-18
15
-2
21
5
-24
35
12
44
32
-10
32
-5
26
-3
-37
-5
-20
23
16
24
-9
-22
15
-16
9
17
9
10
2
-11
-6
9
-22
0
-1
-8
31
6
3
-4
-17
-7
-22
6
11
-4
27
3
-43
-26
10
23
4
15
9
-5
13
-12
-1
11
2
22
-30
-17
29
10
10
-16
-23
-29
-31
-1
0
-13
6
-15
-13
25
-10
17
6
-9
22
-21
6
-20
-17
-11
-9
44
8
13
1
-38
-20
-1
28
41
15
-1
-14
-23
-5
-22
16
16
16
38
-9
-5
-6
23
31
50
5
-30
-27
-79
-29
4
19
45
21
10
-15
1
8
29
2
-23
-8
-64
-9
17
16
45
-13
-21
-26
-18
22
-1
12
-4
-24
15
-14
5
33
-10
23
1
-20
6
-29
-30
-49
-26
23
-2
12
6
-8
4
4
16
7
23
11
-35
-32
-26
12
26
-1
25
4
-14
38
17
36
27
-11
-2
-47
-26
-22
-39
6
0
13
7
-8
24
18
10
-7
-23
-5
-26
-10
-4
-6
11
-6
26
10
17
26
-1
8
-4
-5
6
-8
2
0
-23
-22
-5
10
24
2
-32
-8
-13
8
24
11
13
3
-17
8
1
-18
-12
-9
-5
-42
-17
13
7
41
17
2
17
-9
-35
-4
6
0
-5
10
47
-11
-29
-41
-73
4
25
20
20
2
-14
-30
16
13
10
9
-42
-37
-51
-8
4
10
16
-24
-13
-24
31
35
-1
3
-27
-29
-30
-5
19
25
12
-22
-11
-19
24
25
12
23
-13
8
-1
10
5
-10
6
-36
-25
-21
3
41
17
23
3
-19
-13
1
13
33
36
12
6
-26
0
18
-2
26
-11
4
18
-8
43
20
5
7
-35
-7
12
9
14
-1
-11
-39
-19
1
11
19
-1
25
-20
-27
11
-9
43
34
15
24
-7
-15
8
10
16
7
-41
-11
5
21
44
18
17
-13
-21
-28
-34
30
24
18
14
-33
-14
13
17
15
10
20
-11
-1
7
-11
19
-11
-25
-18
-14
-9
-5
3
2
12
-12
-17
3
6
16
16
-10
-19
-23
-19
14
11
9
20
3
31
21
-3
-4
-36
-17
-26
-38
8
-10
-24
-2
-12
6
22
8
-2
15
-22
-23
0
-12
-5
-30
-31
-22
2
24
8
30
-5
-19
-3
-25
8
-13
-16
-7
3
14
6
23
2
10
5
-30
13
5
-1
5
5
13
-12
32
10
-6
30
4
10
7
-27
1
-6
-7
-2
-15
2
12
4
8
20
-16
-3
-12
-15
9
-22
9
-2
-16
12
-20
-4
-21
-21
14
0
6
-29
-12
-10
-33
12
-6
1
13
-2
10
5
16
14
18
-9
-24
-4
-14
13
12
17
-12
-41
-9
-30
-3
9
4
11
-10
-12
-6
14
17
20
20
-1
13
25
10
34
12
0
2
-10
-6
-5
7
12
22
19
28
7
15
10
-14
3
-12
10
11
4
21
0
-8
-40
-20
11
-6
-9
-16
-4
2
11
8
23
-6
-19
-16
-13
26
10
18
4
-4
13
13
14
-4
2
-3
-19
-8
12
-5
-5
-7
-7
-1
10
3
-9
10
-20
-8
7
-12
23
12
-10
10
6
-3
22
14
-2
11
-10
-11
-32
-14
15
-6
11
-17
-23
-2
-11
8
3
-3
3
-8
4
-1
-10
-6
-12
2
-16
5
14
13
32
4
12
2
-16
6
4
3
0
8
0
-3
6
-9
-13
-4
-8
4
15
-2
-32
-51
-28
-8
24
17
-6
-8
-9
-6
-11
11
16
-4
-2
-18
0
16
38
19
-14
-6
-9
16
13
3
2
-1
-1
3
15
23
0
-17
-43
-44
-2
7
-1
-12
-13
-7
5
22
2
20
27
1
4
-3
14
-10
-16
-4
-6
21
4
-13
0
-3
13
-5
-16
5
-19
-40
-36
-20
8
11
17
8
1
8
0
10
-1
-3
16
-2
-9
2
-3
8
4
12
3
12
-1
-18
5
6
-4
5
-3
-1
4
5
19
8
13
5
-6
-16
-4
1
-10
4
-13
-2
14
-2
5
-12
-14
6
-10
2
11
-3
12
-12
-2
7
-5
12
3
-4
2
11
10
12
6
-11
-7
-16
-20
-14
-11
-11
-24
-15
-21
-11
17
13
0
-6
-9
4
10
14
24
11
-3
-3
-2
4
9
9
11
2
5
3
8
26
30
25
26
18
12
18
2
-9
3
5
-4
-5
-9
-1
0
2
3
-7
-4
4
2
3
16
5
-7
-5
-12
0
6
5
10
-7
2
-7
-7
14
1
-3
-11
-13
-11
6
13
-21
-18
-19
-20
-3
-5
5
-5
7
-7
-10
-2
-15
-3
11
-3
-2
10
-6
-4
7
4
4
7
-9
-6
5
-14
-7
-6
-22
0
-12
-19
4
1
6
0
-14
-20
-34
1
8
18
25
-6
-2
-17
-16
9
12
17
-5
7
-1
-15
15
-10
0
-6
-8
7
6
21
2
6
0
2
5
-3
0
-7
0
6
18
10
13
9
-7
-10
-6
-10
-4
8
0
-5
0
3
7
3
3
2
6
1
-5
1
-18
-18
-9
-11
-4
-1
-9
9
17
8
12
7
-2
4
-9
-8
-3
2
13
0
4
1
-13
-9
-4
4
9
14
0
0
16
-8
2
-4
2
9
8
7
-12
3
-8
-7
11
4
9
7
-3
-6
-6
7
0
5
5
-6
18
10
22
22
-12
-4
-25
-12
12
2
9
-8
-5
-8
-17
0
-9
-12
-4
2
11
12
10
-5
-13
-5
1
16
7
4
-5
-8
9
16
14
10
-6
-5
-8
-12
19
8
-12
-15
-16
-21
-6
-4
-9
10
2
7
2
-22
-4
-4
24
27
17
14
-18
-5
-15
-22
-16
-17
-7
-9
15
15
14
15
-9
13
6
11
-3
-21
-4
-12
11
15
6
13
8
1
0
1
-5
-2
7
-4
-4
-8
-18
-11
-8
-3
-8
6
9
10
21
5
8
6
-1
4
-13
-1
-9
-12
-7
-17
-6
-6
0
-2
7
22
16
7
-25
-22
-7
-3
0
-14
-24
-13
11
8
1
-3
-13
0
15
22
2
-21
-11
-24
-2
10
-24
-13
-13
6
35
17
33
26
-1
-6
-6
-9
-4
8
2
-4
-29
-29
-34
-9
30
37
52
18
3
-19
-23
-22
-24
4
7
34
41
11
-7
-41
-14
43
46
20
-14
-21
-20
-7
-28
-27
-15
-28
6
20
30
25
-10
14
10
17
26
-13
-3
12
10
-20
-22
-14
-18
22
27
12
-15
-15
9
6
18
24
11
-2
-18
-57
-52
-34
-24
23
33
22
19
0
-32
12
13
-10
26
2
1
0
-20
-23
-24
1
7
18
29
19
28
15
11
3
10
-16
-19
5
-5
13
0
-18
-16
-6
4
14
23
12
23
14
-4
-15
-27
-6
4
1
11
13
-3
-10
-7
-16
1
16
15
49
31
14
1
-55
-37
-30
-4
34
11
27
-7
-20
-3
-32
7
23
11
32
-16
-9
-11
-37
0
-12
36
39
24
32
-22
-10
-23
-27
15
20
21
7
1
-18
-38
-21
-14
3
25
-1
0
-5
-9
1
-9
-1
13
14
17
6
-16
-10
-9
-17
-5
-13
-4
3
-13
13
7
-5
6
9
31
22
5
-4
-25
-12
-9
-2
6
-9
0
-8
-5
17
3
4
16
5
1
-3
-6
-10
-5
-2
4
-11
-15
-3
-5
5
17
21
7
-3
-18
-25
-15
-11
-10
-8
-9
-6
-22
-13
4
15
21
20
16
9
17
2
0
8
-20
11
32
11
23
-28
-26
-17
-21
31
16
23
12
-20
-1
-22
-7
15
2
19
-4
-23
-21
-28
-3
-2
15
22
-6
-13
-21
-21
7
14
11
-2
-4
4
-14
-11
-22
-42
-9
-1
-8
0
-4
6
10
15
9
11
22
-1
15
5
-19
-16
-23
-10
19
22
9
-8
-18
-8
6
37
29
13
-9
-28
-38
-22
11
2
47
39
-2
-4
-23
-10
-8
3
20
0
2
-20
-31
-19
-15
-3
6
17
31
22
-2
-14
-6
-1
-2
26
16
8
19
3
-7
-22
-19
0
8
21
7
3
5
-4
0
18
22
4
-15
-50
-44
-15
-10
-2
9
-3
-4
12
8
7
12
10
5
-12
-21
-32
-18
15
12
5
17
14
0
0
4
1
13
6
0
-8
-6
-7
-15
-5
-12
-1
10
3
12
14
3
5
-7
-18
-4
2
4
-1
1
-18
-22
-6
-10
18
27
12
16
4
-9
-13
-9
2
0
13
1
-16
-17
-24
1
14
8
17
14
11
11
13
8
-5
-1
-21
-13
1
-4
8
12
3
-4
-12
-2
13
9
15
12
-10
-8
-12
-14
-8
-2
1
5
20
11
6
7
-5
-18
-17
-13
-7
-1
-3
1
-8
-10
-1
-4
4
-1
6
5
-1
8
2
1
-2
-14
-22
-22
-11
-15
-11
7
4
-6
-7
6
11
17
23
23
27
26
15
5
0
-3
-3
1
1
15
11
-11
-6
-11
-14
-3
-4
-14
-9
-8
-19
-12
-1
0
10
9
-1
-1
1
0
1
1
-3
-3
14
15
-2
2
-2
-10
0
-1
4
15
4
-3
-4
-2
9
11
4
2
-2
-13
-19
-3
9
14
10
2
-5
-14
-5
5
9
16
10
-7
-10
-13
-6
6
10
12
11
6
-1
-7
-1
2
6
1
-10
-2
-4
-13
-8
-5
-3
-9
-11
-6
3
17
8
-1
-1
-5
-4
-1
4
8
-1
-10
-15
-8
-3
-5
6
6
5
5
-4
-1
10
11
5
-3
-9
-12
-1
11
0
-1
-3
-6
-4
-8
1
4
5
1
-2
4
-4
-3
-2
0
10
3
-2
0
-5
0
0
0
5
-8
-17
-9
1
16
8
3
5
3
4
6
9
1
-4
1
-8
-9
-1
0
9
11
5
-5
7
9
-2
-2
-4
6
7
-1
-1
1
5
-1
3
2
0
8
1
-10
-9
-10
-10
-3
8
9
6
8
-10
-15
-1
-6
1
-1
-10
2
2
-3
-3
1
11
16
13
2
-8
-5
-9
-6
1
-1
0
-1
10
9
6
7
-12
-7
-1
-13
-5
-6
2
6
1
8
7
8
-3
-10
-5
-1
2
3
-3
-2
9
3
-2
4
7
3
-2
-1
-2
0
10
10
10
4
4
-4
-12
-7
-5
6
6
13
0
-8
-1
-1
1
-10
-10
-10
-18
-12
-13
-5
7
6
8
6
13
9
2
-1
4
9
4
-1
1
-3
-16
-14
-6
-1
2
1
5
7
3
1
-9
-6
-5
-10
-8
-15
-15
-7
2
4
7
12
4
-3
1
-3
3
-2
-9
-5
0
6
1
-3
-4
8
16
4
7
3
-4
3
7
2
0
5
3
-6
-10
0
3
8
16
16
12
10
5
-1
4
7
-1
-4
-2
-5
-4
1
3
0
10
1
-3
11
7
4
-1
-4
-12
-12
-1
-12
-15
-23
-15
0
-1
11
10
14
15
0
-6
-9
0
-1
-4
-5
-9
-3
-1
-7
-7
10
18
2
4
14
17
19
18
1
-6
-8
-7
8
11
20
18
-1
3
1
6
7
-2
-1
-3
4
4
-15
-9
-8
-9
-8
-7
0
6
14
-4
-9
-2
1
6
-2
2
7
7
3
-8
-9
-13
-5
-3
-6
-1
-7
-3
-4
-7
-3
-7
-8
-8
-6
-5
-2
3
1
1
-4
2
2
-3
5
1
2
3
-2
-6
-9
-5
-7
-5
-3
0
6
-5
-5
-4
-5
-1
8
17
10
2
-11
-9
-8
-8
0
6
15
12
5
6
2
5
2
1
4
7
-2
2
0
-2
5
0
18
4
-1
10
-8
-5
-2
7
6
-3
2
-12
-5
2
-3
1
-13
-8
-11
-5
11
0
10
3
-4
-8
-15
-4
-10
-3
7
1
2
-9
-6
2
5
9
7
-4
-6
-4
-5
0
2
10
12
3
2
-6
-5
-3
-9
-4
-8
-7
-2
-10
-4
2
7
2
-3
-4
-1
1
2
7
2
5
-5
-19
-8
-6
-5
2
3
-1
4
5
-5
0
-4
-13
-6
-16
-10
-1
3
8
11
12
3
0
-3
1
-4
-2
-3
-6
-5
-11
-7
-7
-1
8
6
10
9
17
16
9
2
-4
-3
-3
9
10
9
12
5
8
4
0
0
-11
-7
-9
-7
-1
-10
-1
-4
-8
3
3
3
7
17
10
0
-3
-3
6
1
6
10
12
9
9
9
2
4
0
-6
-6
-3
-6
-8
-2
3
2
4
6
-1
6
5
-1
-13
-18
-12
-11
-6
-8
-10
-8
-11
-9
2
-2
2
1
-16
-9
4
-1
5
11
16
18
7
10
5
-6
-6
-11
-7
-3
-3
-8
-8
-4
9
5
0
6
1
2
5
1
-5
-4
-14
-10
-4
-1
12
0
3
0
-11
-4
-10
-3
-2
2
3
-3
-2
-8
1
5
9
-5
-14
7
-4
8
8
3
4
-4
4
0
3
-2
-4
-5
-15
-6
-9
-1
-3
-2
12
-7
4
2
-1
7
-7
3
-12
-3
1
0
10
3
13
7
5
11
4
7
9
12
3
-7
-3
-9
-11
0
2
8
8
8
9
0
8
13
5
-4
-3
-6
-2
2
-6
-3
1
6
4
-1
7
8
11
1
-6
-7
-7
2
-6
-1
-5
1
1
-6
3
1
-2
-1
6
-2
-3
4
-6
7
5
1
1
3
8
5
5
0
5
1
-3
7
3
2
9
4
5
5
5
-9
-4
6
6
10
12
15
3
4
7
-8
-2
-3
-9
-10
-12
-7
-6
-8
-3
-1
-1
7
10
6
8
8
9
5
-2
7
-7
-19
-2
-14
-12
-10
-8
1
-4
7
-4
0
6
4
11
-9
6
0
-7
4
-10
-3
-3
0
3
0
8
9
17
6
9
4
-8
1
-11
-14
-3
-2
3
-6
1
0
-7
3
-7
4
5
-8
-6
-9
-4
-16
-20
-20
-14
-1
-4
-5
-10
1
0
12
19
12
21
6
1
-7
-14
6
6
12
12
2
0
-4
-9
-9
6
-4
-2
-6
-15
-6
-16
-7
-1
1
9
2
4
-4
2
-2
-3
0
-8
0
-8
-1
2
-4
3
-6
-9
-7
-11
-6
-7
0
-2
-7
0
-2
6
2
-2
0
-12
7
12
6
6
-1
10
9
3
9
6
6
1
-1
-4
-2
9
2
5
8
-2
1
-2
0
8
-2
-12
-3
-2
-2
-2
0
1
2
0
-10
0
0
-3
-6
-10
5
3
6
12
10
1
-2
-5
-5
9
5
0
-5
1
4
0
11
4
4
5
-3
-6
-5
-1
-14
-14
-11
-14
-7
-3
6
11
5
2
0
1
10
12
15
5
2
2
1
-4
-3
-1
3
10
7
-2
-9
-8
-7
-5
5
0
-5
3
-5
-1
3
1
5
-4
-2
1
4
9
10
8
0
0
3
10
8
8
3
-8
-1
-5
0
4
1
8
0
-3
-5
4
4
-5
-4
-13
-7
-4
-5
4
0
0
-5
0
0
-9
0
-1
0
-11
-15
-11
-2
12
10
11
14
11
10
5
-1
-9
-15
-19
-9
-4
-3
6
-3
-8
-5
-8
-2
1
2
3
2
-6
-10
-3
0
1
-2
-3
2
9
23
23
18
11
5
-1
-6
-3
-9
-4
-3
-1
3
-4
3
9
7
3
-5
-10
-6
-1
-3
-4
-6
1
3
6
9
4
1
3
5
3
2
4
-3
-7
-4
-14
-11
-4
2
12
7
4
1
-5
-1
1
4
-5
-11
-12
-11
-6
-3
-3
-2
1
2
-2
0
5
-1
-2
1
1
-2
1
6
3
2
4
-3
-6
-5
-2
1
6
13
16
11
11
3
0
-5
-6
-5
-7
-3
-3
5
0
4
4
6
13
6
2
-3
1
8
2
-1
-6
-10
-7
5
7
7
5
7
6
-4
-13
-15
-9
-3
-2
-10
-2
1
0
-2
-2
2
7
9
4
1
-2
1
0
-1
3
-3
-3
-4
-4
1
2
13
13
6
8
8
4
0
6
2
1
6
0
-12
-8
0
0
1
-2
0
-5
-2
-2
-6
0
6
8
0
0
1
-7
-6
-2
3
-3
-2
0
-6
2
5
3
10
13
11
8
1
1
-2
-5
-2
-6
-12
-12
-3
3
-1
5
-1
3
10
4
2
1
-2
-2
0
-4
-5
-6
-12
-5
-1
5
13
19
8
4
9
0
0
4
-3
-2
3
-1
-5
-7
-9
-8
-2
3
7
10
10
5
-3
-7
-21
-18
-6
-4
4
-1
1
1
0
4
2
7
2
-2
-3
-4
2
5
6
6
-1
-7
-6
-3
-1
-2
9
10
-4
-8
-8
-10
-10
-6
-3
-2
2
-2
-2
2
-2
-2
-8
-10
-2
-5
0
-1
-4
-4
-8
-7
-4
1
0
-5
-6
-6
-8
-3
0
0
5
5
3
6
1
0
2
5
-4
-11
-6
-6
-1
1
8
17
14
19
11
6
5
-1
1
-11
-7
-1
2
7
5
8
9
8
4
0
6
4
1
-5
-15
-14
-8
-1
2
6
7
1
7
6
3
4
7
1
-4
-1
1
5
3
-1
-2
-2
1
9
11
8
11
7
3
4
3
0
-6
-4
-3
-6
-3
-11
-10
-4
-4
1
3
-10
-8
4
7
14
10
-4
-7
-5
-9
-3
8
12
8
3
-1
-1
1
-1
8
8
0
-1
-9
-11
-8
-5
0
-2
-5
-11
-5
1
-2
5
6
4
4
-2
0
-1
6
12
6
7
-1
-3
-7
-11
-1
10
16
17
9
-2
-4
-8
-11
-16
-13
-5
2
0
-6
-9
-5
-4
-9
-11
-10
-9
-5
0
0
-5
-8
-6
-8
-11
-9
-6
-3
3
-1
3
0
-5
-3
-6
1
2
5
-1
-1
2
-8
1
1
-2
1
3
6
1
1
2
1
3
6
6
7
2
0
-2
-14
-13
-7
-7
-2
-4
-9
-4
6
9
7
2
-5
-10
-14
-16
-12
-3
0
1
2
3
0
2
4
6
1
1
3
0
-6
-6
0
13
14
9
14
14
15
7
7
4
2
2
-5
-4
-13
-7
1
13
16
6
10
2
8
11
12
11
4
6
0
9
24
27
27
17
13
19
16
13
9
2
-5
-7
-1
-2
-2
1
2
6
9
7
9
15
11
-9
-14
-15
-22
-19
-24
-24
-11
-17
-12
4
11
23
20
7
7
3
1
-2
-7
-19
-25
-12
-8
0
6
8
16
20
14
6
13
-2
-17
-19
-22
-10
-5
-13
-8
6
10
11
12
7
0
-4
-10
-16
-11
-5
-4
2
-1
5
10
9
11
6
6
6
6
3
-9
-10
-14
-15
-9
-2
5
6
11
16
10
5
-3
-2
-6
-13
-8
-14
-14
-12
-12
-11
-6
1
0
4
-3
-6
-2
-5
0
3
1
-5
-13
-15
-18
-5
3
3
9
9
8
6
-2
-4
-8
-2
3
2
6
-5
-7
-5
0
-1
-3
4
1
10
9
3
1
-10
-9
-9
-4
6
12
13
-1
-12
-7
-9
-16
2
-1
-5
0
-11
-16
-9
0
2
5
2
-10
0
-9
-18
0
8
14
20
20
22
16
4
-9
-7
2
-7
-7
0
-12
-18
-11
-13
-5
8
11
12
13
8
-1
-8
-10
1
5
7
13
5
8
11
5
5
-3
-2
-7
-15
-6
0
-2
4
7
5
8
14
10
-1
7
10
5
0
3
2
-11
-3
3
-7
-13
-4
5
1
-3
-10
-8
2
17
16
-4
-5
-6
-10
-7
0
-2
-2
-1
-6
-6
8
14
14
9
6
4
-7
-2
-1
5
5
-3
2
-9
-1
6
3
8
2
1
-3
-9
-9
-13
-3
2
1
7
3
5
7
4
9
-1
4
11
-2
0
-5
-6
-10
-17
-6
-6
-6
0
-7
-10
-10
3
11
-1
6
4
-4
-4
-11
-17
-15
1
8
1
6
10
13
2
0
2
-1
-1
-4
-12
-14
-6
2
11
13
11
6
3
7
6
4
4
5
12
-1
-6
-3
4
12
15
13
0
-1
3
0
7
3
-9
-6
-16
-12
1
3
15
11
-2
-4
-7
-6
-5
1
7
-11
-11
-12
-20
0
0
3
5
1
6
1
6
3
-9
-1
-11
4
6
-12
5
-2
0
15
7
10
3
1
6
-5
2
-5
-15
-6
-10
2
12
-3
3
-4
-6
7
-5
-4
2
4
6
-2
-4
1
-1
2
5
4
5
0
3
-2
-9
-1
-7
1
-2
-2
11
13
19
-1
-12
-10
-11
9
2
-5
6
-8
-9
-9
-17
-4
0
9
-2
-19
-7
-10
-3
8
-1
1
-1
1
-6
-12
3
0
3
3
-12
0
-2
9
16
5
19
-5
-18
-1
4
12
7
12
17
10
18
2
4
12
-3
-3
-7
0
5
-11
0
7
-4
12
11
10
10
3
13
-7
-3
3
-16
3
1
-12
7
-9
-15
-5
-9
8
19
24
7
-9
0
-19
-13
2
0
19
10
-3
-7
-21
-2
4
0
-1
-7
-4
-9
-10
-1
4
5
-2
-12
-5
4
5
8
12
-3
-19
-13
-15
-10
2
6
-8
-7
13
5
8
6
-14
-6
-4
1
2
6
19
-11
-20
-13
-13
3
1
6
0
-6
16
4
2
12
7
1
-20
-10
-5
-8
15
5
3
12
-5
2
-1
0
5
-14
5
5
3
19
7
0
-4
1
9
-1
11
9
-4
13
5
-7
-4
-6
3
0
3
-4
-4
7
6
5
10
6
9
5
-4
-1
-16
-16
-9
-20
-14
-11
-4
5
-10
7
15
8
5
-7
1
-9
1
6
1
21
12
0
-9
-20
2
5
-2
12
1
-4
1
-4
-1
5
22
16
-1
-6
-16
-4
12
21
17
-10
-16
-12
-14
5
15
13
7
-17
-8
13
10
19
5
-11
-14
-14
-2
-10
14
19
-14
-16
-28
-9
13
3
8
-16
-22
0
1
21
23
6
1
-31
-23
-4
-1
30
7
0
-1
-16
14
3
10
11
-23
-8
-21
-4
12
-5
10
-4
-2
20
20
33
13
3
-9
-37
-15
-7
2
2
-20
-10
-3
2
29
20
13
6
-13
-12
-16
1
8
-10
-7
-14
-10
9
10
13
16
9
-6
0
2
-7
4
-4
-13
-10
-15
-9
0
7
6
4
6
9
3
-2
-9
-21
-21
-27
-15
-1
5
25
12
8
7
-4
13
11
6
-2
-16
-11
-14
2
13
-8
-4
4
0
9
10
8
6
-3
-18
-17
2
0
-2
-10
-14
-7
-7
5
18
19
12
2
-8
-13
-8
-7
-2
2
-9
-14
-9
1
13
14
21
13
2
-2
-11
-1
3
6
11
-4
1
3
-3
11
4
4
4
-15
-8
-7
1
6
1
4
-3
-1
0
6
13
0
-4
-12
-16
-6
1
14
8
4
4
-2
10
11
11
15
0
-8
-3
2
4
10
1
-4
5
4
2
5
8
-4
-7
-8
-9
-6
-3
-2
-10
-16
-11
1
8
10
13
13
0
8
9
-9
-7
0
1
0
-8
-12
-17
-5
12
6
12
15
9
10
-3
-14
-14
-9
2
-8
-16
-2
0
6
12
12
12
0
-7
-18
-12
8
-5
-9
-17
-22
-5
-3
2
2
7
13
-7
-9
-4
2
16
8
5
6
6
9
5
7
11
0
-11
-19
-17
-8
-1
2
-4
-6
-3
-9
-3
11
12
16
9
-3
-8
-14
-3
4
6
15
-2
-7
-3
-2
5
-3
2
0
-7
-3
-16
-10
-8
2
17
7
13
14
2
6
-2
-4
0
-5
-1
-11
-14
-2
-3
4
8
5
14
12
16
11
0
1
-4
-9
-7
1
11
8
0
-7
-11
2
4
1
0
-7
-2
3
-5
-7
-7
-7
-5
-2
6
4
4
3
-4
-5
-10
-3
10
6
14
19
12
8
6
9
16
10
4
-3
-5
-3
-12
-7
-5
-13
-11
-10
-7
-5
-7
-1
2
4
-3
-9
-8
-13
-3
0
-1
3
8
7
-7
-4
3
1
1
-5
-20
-10
3
10
23
24
18
6
-6
-6
-7
2
6
-6
-9
-11
-10
-2
0
4
2
2
3
-1
6
4
-1
0
-7
-6
0
5
8
11
5
-6
-6
-8
-1
9
1
-2
2
-8
-17
-6
2
0
2
3
1
-7
-3
-1
1
13
7
1
-2
-11
-8
-3
4
4
2
3
-6
-7
-9
-4
12
7
2
4
1
-2
0
7
4
4
3
2
11
12
4
5
0
-1
6
5
6
7
-4
-8
-11
-16
-11
-13
-5
-11
-22
-19
-20
-4
4
-7
-1
-5
-7
-1
-3
-1
-3
5
4
-6
-7
-3
2
2
5
-1
-4
2
-5
-6
-6
-3
11
17
11
10
3
-5
2
12
14
12
11
6
0
-5
-6
-5
4
8
0
-7
-5
5
12
9
0
-3
-6
-10
-6
-1
5
11
16
9
-1
10
12
13
14
11
7
7
10
8
6
5
0
-2
-4
-7
-9
-11
-5
-2
2
5
-1
2
7
5
2
2
-1
-4
-2
-4
-4
-2
4
-1
-8
-13
-17
-5
0
2
-1
-5
-1
-1
1
0
8
5
-3
-6
-6
-4
-1
-6
-5
0
0
3
5
7
9
7
-3
-17
-12
-8
-9
-1
3
3
1
-1
-1
3
8
10
6
2
-2
-3
6
6
2
1
1
2
2
3
-3
-5
-10
-14
-7
-5
0
3
-4
-4
-2
-4
-6
0
-3
-8
-6
1
8
15
19
8
1
2
-1
-4
3
4
3
-2
-7
-4
-5
0
-1
-4
-4
1
8
6
6
2
-2
-5
-11
-3
1
5
6
1
1
2
18
21
14
15
3
-5
-6
-12
-13
-4
9
12
11
9
11
16
12
5
3
-4
-6
-8
-10
-15
-13
0
-1
-1
2
5
11
13
11
2
2
7
1
-4
-7
-11
-5
-7
-5
4
1
-2
-4
-11
-15
-16
-7
-4
0
6
0
2
4
4
1
3
4
-3
-5
-13
-11
-8
-7
-4
-4
-1
-1
8
5
-1
1
-2
-4
-6
0
-4
-3
3
-2
-1
-1
-4
4
8
6
0
-11
-12
-11
-5
-6
-10
-7
-6
-3
3
9
1
0
1
-4
-5
-1
6
11
7
0
-4
-12
-7
4
9
11
7
3
-2
-2
0
-6
-7
-3
0
3
0
3
3
8
7
-1
2
-5
-4
-3
-11
-8
-1
-6
-10
-10
-4
4
12
18
11
7
5
3
-1
0
0
-5
-3
5
2
-8
-6
0
1
4
2
-5
1
6
2
-2
-4
1
4
-2
-7
-4
-6
-5
-1
4
4
8
10
2
-2
-1
3
7
7
2
0
0
-5
-12
-12
-11
-8
-1
-3
-7
-2
-2
1
2
0
-1
4
4
3
3
3
8
4
-3
-4
-6
-5
5
12
9
8
5
1
6
4
-2
-3
-6
-5
-4
0
3
5
13
14
7
5
1
3
3
1
3
2
6
5
0
3
7
9
9
6
4
3
-2
-4
-4
-1
1
2
4
0
-2
-5
-4
2
5
-4
-13
-13
-5
0
2
-2
-11
-6
-2
0
1
0
-4
-8
-8
-4
3
8
10
8
5
5
5
5
4
2
-3
-6
-7
-5
-3
-7
-10
-5
-3
4
8
11
9
0
0
2
-1
3
0
-4
1
-3
-1
1
1
7
6
4
-4
-10
-13
-12
-1
3
6
7
3
2
2
7
14
17
14
6
0
-4
-8
-11
-11
-7
-2
-3
-3
0
5
8
8
9
3
2
-2
-2
1
-6
-12
-12
-2
-6
-7
-4
0
9
10
8
2
4
3
-2
3
-7
-22
-18
-8
-1
2
3
-2
-1
13
16
14
9
-4
-13
-7
2
3
-1
-3
-2
-5
-6
-8
-9
-7
-4
-2
0
-3
-2
3
4
-1
-3
-3
1
7
3
-2
-1
-1
-3
0
1
3
6
6
4
3
5
2
-4
-8
-10
-7
-7
-12
-7
-8
-4
3
6
9
4
1
-5
-4
-2
-2
-1
-3
-2
-7
-10
0
3
9
9
2
1
3
11
12
1
0
1
3
5
6
7
4
5
7
4
-1
1
3
4
2
-1
-4
-3
2
-1
-4
-1
0
0
-5
-6
-7
-5
-2
-6
-3
3
3
0
-1
6
6
7
8
0
-2
1
1
-1
-2
-5
1
5
1
-7
-8
-5
-4
-4
-11
-13
-4
0
-1
-1
-1
3
7
6
4
6
5
-1
-4
-8
-5
-2
-5
-1
7
0
2
-3
-11
-4
-2
-2
-5
-8
-8
-8
-2
5
0
-2
-1
-7
-6
-4
-1
5
9
5
-4
-10
-10
-6
1
5
7
3
2
-1
-4
7
13
3
-4
0
4
2
4
7
9
6
6
1
-5
6
8
9
6
2
-1
-3
6
8
6
4
-3
-5
-4
0
-1
-1
-6
-8
-2
5
10
11
10
11
7
5
6
4
0
-6
-1
7
8
7
-1
-10
-4
4
1
-2
-5
-9
-9
-5
-1
0
4
-8
-17
-9
1
10
9
-2
-5
-8
-9
2
10
6
2
5
1
0
2
-7
-2
2
-2
-8
-7
-1
-2
-2
-4
-10
-4
-1
1
10
6
1
-4
-4
5
4
1
-5
-3
-1
-7
1
2
-3
-5
-7
-11
-10
0
0
3
5
5
9
8
7
9
8
6
0
-3
-7
-5
-7
-7
1
1
2
-3
-6
-8
-4
-1
-2
-6
-11
-5
1
5
7
8
5
5
5
2
11
12
0
-2
-2
-3
-5
-8
-2
5
8
7
1
0
-1
-1
5
9
10
12
3
-4
-2
-1
-1
2
-3
1
3
3
2
0
2
-1
-6
-1
5
5
8
8
0
-4
-2
-1
5
6
2
6
3
-5
-10
-10
-9
-6
-7
-4
3
8
7
7
7
4
6
6
1
-1
0
1
2
-3
-8
-3
-3
-4
1
-8
-5
1
0
2
1
1
0
-1
-6
-12
-3
5
6
3
0
-2
0
-1
-3
-2
-5
-6
-5
-2
-2
2
-3
-6
4
7
0
-3
0
0
3
8
2
-2
-1
3
2
9
12
2
0
-1
-6
-3
-8
-14
-13
-12
-8
-10
-8
0
7
1
-4
3
3
-2
3
1
-7
-6
-4
-3
-1
4
7
7
16
17
7
-2
-7
-12
-14
-8
-5
-5
-3
8
15
11
7
6
0
-6
-1
1
-3
3
4
-6
-12
-3
-6
-2
13
8
