4
8
6
1
-2
1
1
2
1
1
6
9
12
6
1
4
4
2
2
2
3
1
-1
0
4
6
1
-3
-8
-5
-1
1
1
-3
-4
-2
0
1
0
5
6
4
1
-1
0
-2
-3
2
4
-1
-6
-9
-5
-2
2
3
8
15
7
-1
-1
-2
-2
-2
-2
4
4
7
9
6
2
2
9
16
21
12
3
-3
-5
-8
-11
-3
0
-10
-12
-12
-7
-2
2
-7
-10
-8
-7
2
6
8
3
2
5
7
6
5
6
0
5
12
6
2
2
-3
-9
-11
-2
-6
-8
-5
-9
-5
-4
-3
-3
-8
-6
-7
-9
-8
-1
-1
1
8
0
-2
1
0
-4
-6
-6
-2
-1
-6
-6
-1
-4
-6
-7
-2
2
-7
-8
-8
-6
5
9
9
2
1
0
4
12
4
-1
-4
-1
1
-2
-4
-3
2
2
1
3
6
-2
-2
-1
1
4
3
4
2
0
-2
-2
-2
0
3
4
-1
-8
-3
0
6
9
7
11
8
1
-2
-2
-2
4
3
3
-3
-11
-2
1
1
7
8
7
4
2
1
2
-1
-4
1
1
-3
-6
-3
-3
-4
-4
-8
-8
-15
-14
-12
-10
-1
0
2
5
13
17
7
2
-3
-5
0
6
4
2
-1
-8
-4
-6
-6
-4
-7
-3
-4
-10
-9
-17
-14
-11
-12
-7
-4
1
6
10
7
0
-2
-5
-8
-10
-9
-6
2
1
0
0
3
9
5
5
5
7
9
9
6
0
0
-2
3
1
-5
-7
-3
-3
-3
-1
-2
-1
-2
1
3
0
2
2
6
14
14
13
12
10
11
4
-4
-3
2
9
6
0
-3
-2
-3
-3
-2
1
2
2
-1
-3
1
-1
-1
6
7
5
2
-5
-5
-4
-1
-3
-1
5
0
-6
-6
0
3
1
-5
-7
2
8
8
10
11
7
-1
-2
1
3
-1
-4
-5
-2
2
-4
-2
3
3
4
1
7
8
1
-7
-9
-5
-2
5
4
1
1
5
6
9
6
2
3
3
0
-2
-4
-3
-3
-1
2
4
4
6
8
2
-10
-11
-12
-10
-7
-11
-16
-16
-11
-12
-12
-12
-10
-2
6
6
1
-3
-9
-10
-17
-17
-9
-7
0
7
3
5
6
6
5
-2
-7
-7
2
7
9
14
17
17
10
0
1
16
15
12
11
8
12
10
2
-4
-1
4
9
7
8
11
7
5
0
1
2
6
5
2
2
-3
-4
-5
-16
-11
-4
0
0
-2
-3
-5
-2
4
9
6
-1
-7
-6
-2
0
-3
-8
-9
-7
-5
-7
-4
-1
-2
0
3
9
18
14
7
8
5
1
3
3
2
1
-4
-6
-6
-1
-1
-6
-9
-15
-9
-9
-14
-11
-7
-5
-12
-11
-9
-13
-9
-9
-8
-4
-3
-8
-8
-6
0
6
6
8
9
4
-1
-6
1
1
2
0
-4
-1
3
4
6
6
6
7
4
6
-1
-5
-5
-6
4
6
5
11
5
1
0
-3
2
-5
-7
0
3
4
2
3
6
3
0
1
-1
1
5
5
4
0
3
9
6
8
19
18
17
13
3
2
0
-2
-4
-3
3
5
2
3
3
7
1
-5
-4
-3
-4
-2
0
3
7
6
6
4
1
-3
-4
-1
1
-5
-12
-15
-10
-8
-9
-8
-6
-6
-1
0
-2
-4
-5
-3
-2
-5
-5
-4
2
-3
-11
-10
-8
1
1
2
3
1
5
0
-3
0
2
5
6
5
4
2
4
1
-2
-2
1
-2
-6
-8
-6
1
-3
-2
-1
-3
1
3
5
5
2
-2
-5
-5
-7
-12
-14
-10
-7
0
3
-3
-1
4
0
3
8
8
11
6
2
7
10
13
13
11
8
7
7
7
6
2
1
-4
-7
-7
-4
-2
-2
2
5
6
6
0
2
5
3
4
-1
-6
-8
-7
-5
-3
3
1
-1
-1
-1
2
2
-2
-4
-6
-6
-5
-2
0
4
5
2
6
7
3
1
1
-1
0
-2
-9
-10
-11
-8
-5
-2
-3
-4
1
-1
0
2
7
8
2
0
-3
-2
1
2
4
1
0
-1
-6
-5
-3
-1
4
6
5
4
1
1
3
2
3
-1
1
1
0
0
-4
3
6
2
5
-3
-2
-4
-4
1
-3
4
5
0
3
6
5
2
-1
-2
-1
-1
1
-6
-9
0
4
5
-15
-9
19
23
15
-6
-7
0
-11
-3
8
3
1
-3
-15
-11
1
-2
-15
-11
11
3
-4
-9
-19
1
2
2
4
-5
-9
-4
7
-12
-16
9
12
9
0
-11
3
10
1
-2
10
14
8
-9
-5
8
6
5
3
10
12
0
-3
-5
-9
-6
-2
-1
-1
-5
3
4
-2
-19
-28
-11
-6
-3
-8
-7
-7
-11
-6
-5
4
11
11
14
4
0
2
-5
-7
-6
-1
-2
2
5
-2
-1
4
-3
2
10
0
-6
2
8
7
2
3
-1
1
3
-3
-1
-3
1
-1
7
17
14
9
1
0
-2
-5
-5
-5
5
5
2
1
-9
-7
-6
-1
1
0
0
-2
-3
-5
-2
-3
3
15
2
0
8
5
-10
-20
-13
-5
3
2
-5
3
1
-4
-7
-2
13
7
-1
-2
1
7
0
3
22
14
0
-12
-13
-7
-4
-6
0
16
6
-8
-9
-1
8
11
4
-2
4
5
-8
-10
1
-2
-2
-1
-2
3
14
19
10
0
-4
-7
-13
-18
-5
0
-1
1
-14
-13
-4
2
10
5
5
5
-3
-12
-16
-3
5
0
4
-10
-12
5
8
14
19
17
1
-6
6
6
11
16
9
5
-1
-12
-11
5
10
6
0
-6
-8
-4
2
1
2
-2
-17
-10
0
-7
-4
4
5
14
13
4
3
-5
-11
-11
-7
1
10
4
-4
4
12
11
15
8
-4
-1
10
6
-1
4
-4
-2
8
-4
-13
-11
-8
-15
-9
-12
-11
-2
-10
-13
-2
-2
-3
2
8
13
18
12
1
-3
-9
-15
0
13
6
-7
-15
2
8
3
8
5
10
8
-12
-19
2
19
22
-5
-15
7
5
-2
-12
-11
1
-11
-14
1
1
10
9
-2
7
13
-9
-16
-8
4
5
-4
-9
-10
2
3
2
7
9
13
5
-6
-7
-13
-18
-16
-8
4
0
4
6
-10
-1
9
0
3
3
-4
2
12
13
1
12
13
-6
-3
5
2
-1
-7
-12
-3
4
-2
-4
-4
7
14
5
5
13
11
0
-6
-9
-11
-3
2
5
13
7
3
1
0
-11
-14
6
7
0
-8
-10
-2
-8
-6
-2
-1
2
-10
-21
-17
-6
-2
-3
-8
-3
12
4
-12
-14
-14
-8
-5
-4
0
13
14
-4
-3
8
9
3
5
4
8
14
6
-1
3
7
13
12
-4
-9
1
1
1
16
22
13
5
-3
-8
0
8
-1
-5
-1
-6
-6
0
-2
-8
-8
-6
-3
-1
1
2
10
20
13
8
4
-9
-4
-8
-13
6
16
9
2
1
-6
-1
9
1
-4
-1
-4
-8
4
9
3
4
-2
-10
3
11
4
5
2
-13
-13
2
3
11
16
5
-9
-11
-10
-3
9
2
0
4
-1
4
9
9
2
-8
-7
-9
-6
3
-3
-9
-11
-18
-18
-12
-12
-7
6
8
4
10
6
1
4
3
9
6
-2
7
3
-3
1
6
6
-3
-6
-19
-17
-5
-1
5
-1
-13
-6
1
5
2
5
19
15
1
-11
-9
-2
6
-6
-6
-3
-4
-1
-3
-2
4
5
3
5
2
4
7
4
1
1
5
5
2
-11
-19
-8
-3
1
8
5
-1
-3
-9
-9
9
6
-3
-5
-7
3
8
14
9
2
0
5
2
-6
-5
0
-7
-12
-4
-5
-5
3
-2
-1
11
6
-5
-13
-4
1
2
8
-14
-22
-10
-15
-11
-8
-4
-3
-2
-6
-7
7
3
-3
-4
-13
-10
-1
2
7
13
0
-13
-7
0
5
8
4
0
1
4
4
5
8
8
4
-1
-2
0
-4
1
0
0
7
6
-1
-5
1
13
7
2
7
6
-1
-4
-6
-3
6
8
-4
-8
5
11
8
7
9
8
7
14
16
19
14
0
-10
-5
12
13
6
3
0
0
5
6
7
10
9
1
5
7
5
1
-7
2
3
4
3
0
2
-6
-7
-7
3
14
2
-7
-15
-13
-6
-1
7
6
7
0
-8
-12
-10
-10
-11
-11
-11
-4
-8
-12
-1
-4
-10
2
5
6
10
7
8
14
11
4
4
6
1
-7
2
1
-4
0
-5
-6
3
3
0
10
3
-11
-14
-12
-4
7
9
13
14
4
-4
-8
-6
-3
-1
3
3
5
-2
-11
0
8
-2
-4
0
6
4
-1
-4
-2
2
0
3
8
5
-7
-8
-5
-4
-5
0
-3
-4
-1
-6
-8
-2
4
1
0
-7
-6
-1
-7
-6
-6
-3
-1
-3
1
-1
-3
2
6
3
5
12
0
-8
-10
-9
-2
-2
-2
-3
-4
-3
2
8
17
17
14
12
11
8
-1
-4
-2
-7
-10
-9
-14
-14
-4
-2
-5
-12
-6
6
3
6
9
12
11
0
-8
-10
-5
-5
-4
-3
-6
-5
-3
-6
-1
6
9
6
9
9
5
1
-1
5
5
10
8
-2
-3
-4
-3
9
4
-6
-12
-10
-12
-5
4
4
9
7
8
8
-1
-5
-5
-4
2
6
3
-2
-8
-6
-3
-5
-2
3
-1
-3
-7
-10
-5
2
3
-1
-1
0
-7
-2
1
0
3
0
-3
-7
-10
-8
-3
-1
2
6
2
-1
7
6
2
3
3
7
3
-1
-1
-1
4
5
8
6
3
4
-2
-3
2
6
11
11
11
8
9
13
9
5
6
10
8
-5
-8
-7
-4
3
6
3
-7
-12
-15
-15
-2
8
6
9
10
1
-2
-1
-7
-2
0
-7
-7
-9
-8
-7
-9
-11
-3
-1
-8
-7
-11
-11
-9
-5
-3
-1
0
-3
0
-1
3
3
3
5
6
9
4
2
-5
-8
1
2
2
2
-1
-4
-10
-12
-10
-6
-1
-1
-4
-4
1
3
-5
-3
0
-1
-2
-3
-3
4
6
-1
-4
1
-2
0
-2
-9
1
6
3
-1
-1
-5
-6
-9
-15
-16
-14
-8
-6
-8
-6
-2
0
-3
5
7
6
9
8
-3
-5
2
-6
-6
2
7
9
2
-1
6
8
6
-1
-2
4
4
9
12
9
8
7
0
2
12
6
-2
-2
0
0
2
-2
-10
-2
3
-1
-1
1
4
10
12
14
13
13
13
4
-2
3
8
-2
-10
-9
-9
-4
3
5
5
11
10
2
2
8
17
15
9
2
2
3
-3
2
5
5
9
6
4
8
9
5
-4
-11
-15
-18
-12
-3
2
1
-1
4
7
11
11
4
-4
-4
-1
-3
-2
-7
-7
-2
-3
-6
-5
-5
-6
-2
-4
-5
1
-4
-10
-6
-3
2
1
4
4
-1
-9
-13
-10
-3
0
1
-3
-4
-2
-7
-10
-9
-5
0
-3
-13
-15
-11
-4
-1
-1
-4
-8
-4
-5
-5
-1
2
-5
-5
-6
-5
4
1
1
7
9
15
14
8
6
0
-4
-4
-8
-2
-5
-9
-5
-5
-3
-1
0
4
9
6
6
6
5
5
6
8
3
4
9
0
3
0
-5
-9
-12
-3
-1
-1
1
-3
-5
-8
-7
-7
-8
-3
-4
0
6
5
3
1
1
5
4
2
-3
-3
-5
-4
-3
1
3
5
11
11
10
7
10
9
9
7
6
0
-5
-3
0
2
10
7
4
5
2
6
8
15
16
9
7
6
6
8
10
5
-3
-5
-6
-11
-5
4
5
8
4
-1
5
8
6
2
4
10
10
7
7
10
5
-5
-6
-6
-5
-2
-5
-12
-15
-12
-6
-6
-9
-8
-8
-7
-7
-8
-6
-3
-1
1
2
3
5
1
-1
1
2
-3
-3
0
0
5
7
3
3
6
3
-1
1
-3
-6
-9
-11
-9
-4
0
-4
-10
-10
-9
-3
0
-5
-4
-3
-2
3
6
3
1
0
-7
-1
-3
-5
2
9
10
9
7
7
4
3
6
12
13
11
7
4
2
0
1
4
5
2
4
3
6
1
-4
-4
-6
-10
-10
-4
-2
-4
-8
-7
-7
-7
-2
-5
-7
-10
-8
-3
-1
3
10
14
14
12
7
3
1
-1
0
2
4
5
2
-4
-1
1
1
6
3
-3
-8
-10
-7
-4
4
9
9
5
-1
-3
-5
-11
-7
-3
-6
-10
-14
-11
-4
-5
-4
-2
-2
-1
0
7
4
-5
-7
-10
-4
12
10
5
4
-2
-7
-7
3
3
3
2
0
-1
1
5
9
11
7
-4
-4
-1
0
0
-3
-5
-2
-2
0
0
-1
-7
-4
-2
3
6
4
0
-6
1
-3
-7
0
-1
-2
-6
-7
-9
-8
3
2
1
6
4
0
-4
-11
-13
-1
6
3
4
3
4
3
7
7
8
6
0
2
-1
1
7
5
0
-7
-7
-6
-5
-4
-9
-12
-15
-10
0
-1
2
-2
-1
4
4
8
1
1
0
1
5
0
2
-1
-10
-11
-9
-4
-3
-1
-8
-4
9
15
11
10
10
8
11
7
5
9
7
0
2
5
4
7
5
4
4
8
11
7
9
10
3
2
8
7
2
0
2
3
1
-1
-5
-8
-10
-6
-7
-9
-12
-11
-7
-5
-5
-2
0
-3
0
1
9
11
3
0
-3
-1
1
1
9
3
-2
-4
-9
-7
-4
2
-2
-6
3
2
2
3
-2
-2
0
8
9
4
2
-2
-6
-2
0
-4
-9
-6
-2
-3
3
2
1
2
0
-3
-13
-3
3
-3
0
0
3
0
4
7
6
7
2
-10
-13
-4
-4
-6
-4
-11
-7
-3
-4
-1
-2
-6
-5
-4
-1
0
2
9
7
9
10
8
6
11
10
6
-1
-3
-1
-2
0
-1
0
1
0
-3
-1
1
3
7
1
-4
0
2
2
-5
-5
2
-4
-2
-3
-5
2
8
7
5
3
2
-2
0
-1
-5
-8
-18
-15
-11
-13
-6
-2
-3
-1
-2
-8
-6
-3
0
1
-4
-8
-5
2
2
7
11
13
9
3
0
-5
-1
-6
-12
-12
-14
-11
-8
-12
-3
12
12
16
15
9
13
14
8
8
13
13
10
4
6
11
9
8
1
-4
2
3
-1
3
4
4
-3
-5
-5
-4
-3
-3
-8
-7
3
2
1
4
-1
1
4
-2
-3
-7
-6
-2
6
14
13
16
9
9
13
9
9
3
-1
-10
-11
-2
0
-4
-4
-6
-9
-2
0
0
0
-6
-6
-5
0
9
6
3
5
5
4
9
5
-1
0
1
2
-6
-5
-4
-4
1
-3
8
13
6
8
7
0
-1
-3
-6
-1
3
-1
-6
-6
-4
-6
-1
-1
-5
-5
-6
-11
-7
-6
-5
-5
-8
-9
-12
-11
-12
-7
0
-1
6
8
-1
-5
-8
-16
-21
-17
-6
-2
0
-2
-4
-1
0
1
0
2
4
3
0
-3
-4
-9
-12
-4
1
-1
1
5
9
14
16
16
13
12
5
-2
-2
-1
4
3
2
3
-2
-3
2
1
-3
-1
1
-1
1
1
-1
3
1
-2
1
4
4
-3
-4
-5
-4
1
-4
-6
-11
-8
-6
-5
-1
-5
-5
-3
-2
-4
-7
-2
-8
-10
-6
-6
0
3
4
6
9
5
0
4
13
17
13
15
14
12
8
4
4
8
6
5
7
8
2
0
-3
2
6
4
1
-2
1
5
6
6
4
0
-1
-1
-2
-3
1
-2
-9
-4
1
3
2
-1
-4
-6
-4
-3
-7
-5
3
7
7
5
4
3
2
7
5
-4
2
4
3
0
0
-1
-4
0
-1
-2
-5
-10
-9
-10
-6
-6
-2
4
6
9
5
3
3
6
5
8
6
-3
-9
-14
-16
-10
-7
-2
2
-1
3
1
1
1
1
2
2
5
4
8
6
9
10
8
10
4
3
3
0
3
5
3
4
2
2
2
2
3
3
0
0
-1
-1
1
1
0
-4
-8
-5
-3
-4
-3
-4
0
1
1
-1
1
2
4
10
9
7
5
1
-4
-4
-9
-14
-15
-21
-20
-20
-12
-7
-9
-9
-10
-8
-5
0
2
9
7
7
10
7
10
8
6
4
5
6
3
5
8
10
10
3
-3
1
6
4
1
0
0
2
5
0
1
2
1
-1
-7
-5
-7
-10
-7
-6
-11
-10
-10
-9
-6
-3
-1
-2
-1
-4
-2
2
5
3
2
3
1
4
-1
-6
-3
-1
-3
3
4
0
-1
-1
-4
-8
-6
-8
-1
-1
-4
3
8
10
4
3
4
5
10
10
3
2
-1
-4
-5
-5
-1
-1
-3
-3
0
-2
-3
0
5
1
-6
-7
-15
-18
-15
-9
-4
0
4
1
1
5
1
3
6
-1
-9
-10
-8
-10
-6
3
8
6
2
1
-1
-1
3
7
10
10
6
-1
-2
1
-1
1
5
8
8
7
7
5
3
3
4
9
4
5
2
-3
-1
-2
-2
4
8
2
-7
-6
-5
-3
-3
1
-1
-7
-2
-4
-3
-4
-5
-1
0
2
2
-4
-8
-3
1
2
2
0
2
4
10
11
13
13
7
3
-1
-5
-6
-4
-8
-9
-9
-9
-5
0
-1
-5
-7
-4
0
-4
-1
5
4
3
-9
-5
-2
-2
3
1
-1
-5
-2
-4
-8
-9
-7
-6
-8
-2
4
5
6
10
9
9
2
3
4
-2
-5
-7
-2
-1
-1
-5
-2
-2
0
3
-1
5
7
5
3
-1
0
6
8
12
12
8
8
3
2
1
1
8
3
2
-1
1
-1
0
6
2
1
0
1
2
2
-1
-2
-5
-8
-8
-6
-6
-9
-8
-8
-10
-1
2
-1
-4
-6
-7
-2
4
1
5
3
-1
-1
3
7
8
7
2
2
7
5
6
3
-2
-5
-6
-2
2
5
4
-3
-2
4
4
5
1
-5
-5
-9
-12
-6
1
13
15
11
6
1
-1
1
0
4
6
6
0
-1
2
-2
-5
-7
-5
-5
-3
-4
-9
-6
3
7
7
3
4
-1
0
3
1
3
5
5
1
0
0
1
2
-1
-4
-3
1
-4
-11
-10
-9
-8
-3
0
1
1
6
4
1
1
4
2
-1
1
1
2
-3
-1
-2
-6
-3
-5
-9
-9
-13
-11
-9
-2
1
0
-5
-8
-5
-3
0
3
5
2
2
0
0
6
7
1
4
8
3
2
2
0
2
2
-1
-6
-4
0
-1
2
1
1
4
-2
-8
-9
-7
-5
-4
1
1
4
6
3
9
8
5
4
4
1
4
7
4
3
-2
0
0
-3
-2
1
3
-3
-4
-1
3
6
5
1
-2
0
-2
-7
-4
3
6
1
-4
-6
-4
-3
-7
-8
-3
-1
1
4
3
2
-1
1
5
6
6
3
-2
-5
-5
-8
-11
-9
-7
-4
-6
-10
-14
-12
-4
-5
2
4
6
10
6
5
8
9
11
7
6
7
6
9
4
6
6
0
-1
-1
6
8
1
1
1
4
8
4
4
4
9
7
2
4
3
-1
-4
2
2
4
5
2
-1
4
1
-2
-2
-3
0
3
3
2
1
1
-1
-3
-2
0
-1
-3
-1
-2
-8
-13
-20
-19
-11
-11
-10
-8
-10
-5
-1
-2
3
7
9
5
4
4
5
8
7
10
10
9
9
9
3
2
2
-3
3
5
3
-6
-12
-14
-15
-12
-16
-15
-8
-6
-8
-7
-7
-15
-15
-10
-7
-7
-6
-7
-7
-5
-10
-9
-3
0
8
9
8
6
3
-2
-4
-4
-2
-2
-1
-4
-2
0
1
6
5
4
3
-1
-3
-5
-5
1
2
6
5
8
17
19
18
11
8
10
11
9
10
8
8
13
14
12
10
7
9
10
12
16
15
11
10
7
4
-2
-6
-1
-6
-10
0
0
-4
-4
-4
-6
-6
-4
-4
-5
-3
-2
-4
-2
-3
-4
2
2
0
-4
-6
-6
-9
-8
-6
-2
-5
-9
-13
-5
2
0
1
2
2
3
5
8
10
9
3
-3
0
-4
-9
-10
-12
-7
1
-2
-2
-5
-5
-4
-5
1
0
-3
-3
-2
-1
0
1
2
7
9
10
6
0
1
2
-4
-2
1
-4
-6
-3
-4
-3
2
5
5
6
7
2
3
5
4
-1
-1
5
4
7
3
0
-1
-2
-4
-6
-2
-3
-2
2
1
2
2
-1
4
2
-3
-1
0
1
-4
-9
-11
-10
-5
-8
-5
0
-2
2
3
6
9
9
14
13
11
10
5
9
4
-1
-1
2
4
0
1
1
1
1
-4
-4
0
2
0
-4
1
4
-1
-2
1
9
12
4
-5
-7
-8
-6
-6
-5
-4
-1
2
-3
-2
0
1
3
-1
-7
-5
-6
-8
-7
-7
2
2
2
3
1
5
4
4
1
1
4
6
9
9
2
4
6
7
10
9
5
6
5
4
4
-1
-4
-4
-5
-6
-6
2
1
-5
-7
-8
-9
-3
2
-4
-3
1
5
6
2
-7
-14
-12
-15
-10
-4
-3
1
2
8
11
6
3
-1
-1
0
-1
-2
-11
-15
-14
-15
-11
-9
-7
-3
2
-3
-5
7
9
6
7
8
10
7
6
1
1
4
-4
-10
-15
-15
-11
-9
-2
-2
-1
1
3
5
7
4
-5
-4
-4
-3
2
2
2
-2
-3
-1
1
4
3
6
8
4
5
8
10
5
-4
-6
-6
-1
1
-3
-6
-8
-4
1
4
7
10
11
5
-5
-7
-7
-8
-7
-3
5
5
1
-1
-7
-10
-10
-4
6
10
11
5
6
3
-5
-5
-6
-6
-7
-6
-2
-1
11
12
11
7
0
2
5
9
2
1
-3
-11
-13
-15
-13
-11
-13
-14
-9
-6
-1
4
9
5
5
10
10
8
8
9
9
13
5
-5
2
8
7
9
10
13
11
7
6
5
9
9
9
5
-2
-2
-3
-4
-2
-1
1
-8
-12
-4
-8
-6
-1
0
0
5
10
5
3
3
-3
-6
-7
-7
-9
-9
-9
-8
-4
0
4
12
13
14
8
5
2
-8
-4
-1
-3
-4
-6
-8
-12
-9
-8
0
5
3
-1
-2
-1
0
-7
-11
-7
-9
-6
-11
-7
-2
-7
-4
-1
-1
-3
3
2
0
8
15
13
5
1
-2
4
7
1
-1
0
-3
-4
-7
-9
-6
2
4
2
2
2
1
3
4
3
1
1
0
-1
-2
-1
-4
-6
-4
5
10
7
3
-1
-1
-2
-2
3
1
0
3
0
-2
-1
0
1
4
9
-1
-4
-2
1
7
7
10
9
7
7
1
-2
-4
-5
-3
-3
-1
3
5
2
-6
-5
3
7
8
5
-1
-1
-1
-1
-1
-2
3
4
5
4
5
3
3
3
0
2
0
-1
-2
-1
-3
-3
-5
-6
-1
1
5
6
3
-1
3
2
0
2
0
-3
-7
-14
-19
-14
-9
-3
-1
-1
-2
-7
-8
-8
-7
0
3
3
0
-4
-9
-8
-9
-5
0
-1
0
2
4
-1
-2
-3
2
7
2
1
3
5
-1
-3
1
-1
-1
1
0
0
-2
0
5
7
5
10
10
6
0
-2
-6
-8
-5
-5
-2
-3
-1
0
-1
5
3
1
-3
-2
4
9
11
8
5
7
6
1
2
7
7
-3
-6
-2
2
5
5
3
2
0
-1
-2
1
3
4
6
10
8
2
-1
-3
-4
-5
-4
-2
0
4
-1
-2
1
-2
-3
-3
-5
-4
-5
-5
-2
3
4
6
8
5
7
3
-1
0
2
1
3
5
1
-3
-8
-9
-11
-7
-8
-6
-1
-1
-6
-13
-12
-11
-7
-7
-6
-5
-5
-7
-5
-3
-5
-4
-2
-6
-4
-2
-3
-1
-1
-1
4
4
1
0
1
-7
-13
-10
-9
-1
1
-5
-2
7
11
8
7
5
4
3
5
6
8
8
7
4
-2
-5
1
2
4
6
6
4
1
4
4
3
5
2
2
3
5
10
7
7
8
8
7
-1
-4
-6
-3
1
0
0
1
3
4
8
9
6
4
2
3
2
3
-3
-8
-8
-6
-6
-7
-2
2
5
4
-3
-3
-1
-1
6
5
5
5
-4
-6
-8
-6
-1
2
-1
-3
2
2
1
0
0
0
0
1
-4
-5
-2
-5
-6
-2
0
3
2
-4
-9
-15
-13
-10
-5
0
7
7
0
3
-1
-6
-4
0
-3
-10
-13
-14
-15
-10
-4
-3
-5
-2
3
3
5
9
4
7
6
10
7
0
2
1
5
8
5
10
10
17
20
10
10
-4
-12
-8
-5
-5
-15
-14
-15
-14
-3
2
0
3
8
5
3
2
2
-2
-1
12
16
6
8
10
5
-2
4
11
8
9
-1
-7
-12
-24
-24
-19
-21
-16
-7
-6
-3
3
6
7
13
10
6
1
-1
-6
-3
-8
-7
2
2
8
20
27
24
25
17
7
-2
0
-2
-4
1
-3
-4
-2
-2
1
-5
6
12
-11
-20
-19
-13
-3
-10
-11
-10
-9
4
6
10
11
11
14
-1
-11
-17
-9
-7
-6
-1
-10
-8
-7
-3
10
11
15
10
3
6
-4
-6
-4
-10
-20
-24
-24
-23
-4
8
11
17
9
16
18
14
13
17
16
6
11
12
10
15
18
18
19
23
20
18
14
13
19
12
8
4
-1
2
2
3
-6
-15
-19
-13
-8
-31
-39
-25
-19
-21
-21
-11
-1
-2
4
16
16
3
3
4
-10
-7
2
-5
0
-3
-37
-29
17
22
11
-1
-1
2
-3
-6
16
22
-2
-18
-2
27
31
28
-23
-18
6
3
15
-8
-1
-13
-26
-12
16
37
8
8
11
-25
-5
34
19
-15
-43
-33
-31
-40
-33
1
10
-4
6
17
19
10
2
-3
-10
4
-23
-35
13
20
0
0
4
6
3
-10
38
54
39
-10
-64
-50
-31
10
-9
6
15
6
40
9
-4
-14
-16
-25
-11
45
60
20
-39
-64
-53
-24
2
23
22
2
-26
-72
-88
-53
-16
2
-30
-17
-20
-24
-3
39
70
26
36
10
9
51
56
79
63
93
56
6
-14
1
52
29
5
-68
-117
-92
-32
0
-3
-11
-77
-115
-107
-107
-94
-85
-66
-35
2
-12
-23
-5
92
180
171
153
99
43
8
16
47
27
107
195
122
-53
-163
-39
111
196
146
-15
-137
-218
-176
-93
-25
48
80
32
32
110
121
38
107
293
347
247
-159
-459
-344
-95
62
139
124
16
-180
-572
-582
3
344
276
-13
-339
-449
-465
-437
-112
406
484
199
-63
-103
105
172
102
224
475
414
112
-142
-160
79
124
119
214
300
100
-306
-396
-332
1
87
-59
-104
-336
-366
-414
-341
-105
149
260
34
-101
-106
6
90
75
101
214
238
130
-69
-106
128
254
208
185
229
162
-141
-289
-160
169
424
221
-48
-177
-147
-36
58
380
598
384
-249
-714
-553
-144
196
250
214
17
-345
-731
-712
-45
444
382
-49
-368
-400
-444
-444
-203
243
372
142
-24
-16
110
123
-19
172
643
683
306
-123
-258
-80
16
122
281
394
212
-293
-471
-306
-66
94
-7
-72
-271
-526
-606
-438
-126
-79
-87
-64
-55
6
-68
-84
89
286
400
418
347
169
-31
-32
183
422
469
253
115
-95
-240
-161
-54
182
296
198
-77
-89
-26
0
159
282
510
475
205
-415
-549
-190
-71
194
316
227
-217
-806
-1247
-661
407
630
444
-80
-519
-574
-508
-408
300
846
383
-22
-305
-169
213
255
253
597
849
435
32
-213
-146
240
202
190
463
354
-241
-727
-876
-304
395
357
-22
-433
-781
-1030
-703
-251
152
340
-77
-484
-555
-256
49
322
496
490
359
151
-6
-71
161
339
329
224
140
76
-176
-321
-161
69
232
199
-137
-381
-226
-109
-8
156
242
208
88
142
355
742
141
-554
-350
-20
458
484
207
-136
-481
-1274
-1498
38
944
714
-107
-890
-925
-560
-525
-132
908
736
-107
-563
-559
122
461
6
59
867
957
481
-48
-332
211
516
250
491
790
300
-522
-1049
-777
310
751
139
-328
-762
-1165
-958
-467
112
647
184
-674
-848
-613
-92
462
585
421
298
90
-98
-91
45
437
650
502
287
99
-99
-213
-203
-37
412
568
193
-295
-587
-337
134
435
460
406
224
-217
-259
188
818
415
-455
-444
-9
438
499
322
-1
-240
-1129
-1447
58
920
582
-424
-1172
-1081
-573
-565
-221
857
603
-277
-654
-560
270
696
17
-18
891
842
404
110
-198
215
568
252
493
1055
432
-536
-1115
-920
307
744
93
-470
-789
-1109
-1045
-541
42
559
90
-850
-1106
-697
13
606
631
227
26
-88
-82
33
344
665
705
487
13
-106
-14
-22
-222
-169
290
501
187
-427
-595
-139
307
399
374
394
259
-123
-214
241
1203
817
-706
-919
-226
555
628
436
136
-24
-955
-2097
-555
1196
1163
-42
-1215
-1450
-738
-530
-625
813
1194
21
-693
-911
-110
995
551
-176
879
1271
633
169
-407
-48
815
624
433
1139
737
-544
-1287
-1505
-134
1077
593
-275
-932
-1479
-1664
-996
-151
824
783
-377
-1132
-1139
-383
509
924
653
401
115
-195
-181
-116
487
905
724
350
141
106
39
-185
-444
80
646
500
-252
-701
-439
11
248
235
469
644
288
-66
25
885
1514
108
-1155
-622
329
871
712
396
39
-356
-1842
-2173
474
1686
943
-628
-1899
-1784
-894
-953
-375
1472
891
-540
-1011
-1084
121
1049
323
311
1514
990
312
45
-449
355
1044
626
928
1373
64
-1075
-1518
-1226
587
1412
441
-426
-1388
-2235
-1610
-712
126
858
160
-1053
-1326
-1172
-580
669
857
423
276
-77
-60
141
92
539
1080
617
172
133
21
75
-122
-364
65
624
122
-626
-821
-452
202
404
245
396
507
-58
-355
211
1018
1716
961
-1156
-1299
-39
781
934
1077
500
-170
-1188
-3072
-1446
1670
1785
422
-1222
-2124
-1461
-734
-1151
530
1997
435
-718
-1196
-955
623
814
-363
869
2093
1124
611
-247
-686
870
1313
694
1605
1428
-405
-1248
-1802
-919
1384
1386
-28
-568
-1675
-2231
-1232
-771
35
1035
-173
-1318
-1085
-957
-414
637
518
265
690
474
-6
-164
-98
447
812
662
691
536
-74
-374
-626
-423
505
943
98
-620
-613
-525
-56
322
364
375
314
-121
-284
517
1372
1505
1419
-413
-1898
-657
610
1408
1707
1023
-294
-868
-2483
-2953
808
2396
1250
-463
-2230
-2489
-1325
-1682
-1259
1731
1432
-290
-788
-1589
-590
806
-160
159
2846
2271
880
71
-1534
-251
1872
1397
1629
2439
398
-1467
-2208
-2260
733
2401
651
-611
-1207
-2472
-2369
-1507
-790
1099
1056
-578
-1223
-1329
-1089
-157
372
716
1727
1056
-83
-441
-769
-92
1230
1335
844
925
-163
-1202
-859
-176
626
1195
549
-578
-956
-982
-453
124
594
1000
511
-349
-742
-455
184
1570
1880
1700
788
-1832
-1892
-466
1160
2339
2548
722
-1078
-2484
-4479
-1245
2644
2572
1101
-1151
-3392
-3247
-2144
-1804
1955
3335
379
-1029
-2062
-2028
175
1034
488
3052
3260
628
-15
-1124
-867
1799
2309
1745
2967
1453
-1682
-2575
-2851
-379
2783
1924
-200
-1025
-2859
-3758
-2294
-849
1272
2018
-162
-2199
-2398
-1866
-629
925
1412
1844
962
-676
-1155
-991
214
1711
1808
1003
721
-190
-1137
-727
47
848
1222
571
-646
-1183
-1103
-637
13
616
1185
599
-340
-860
-568
349
1689
1950
1862
1159
-1821
-2271
-695
1160
2605
2645
695
-994
-2160
-4601
-1774
2751
2921
1496
-1204
-3708
-3241
-1919
-2005
1698
3717
570
-956
-2069
-2356
317
1209
156
2803
3570
797
-6
-1300
-1388
1840
2671
1655
2960
1614
-1846
-2804
-3194
-792
2911
2041
-633
-1369
-3033
-3899
-2441
-1147
1158
2297
41
-2227
-2123
-1665
-633
852
1163
2060
1471
-227
-897
-883
244
1851
2100
1264
1199
128
-1313
-991
14
972
1563
973
-693
-1292
-1273
-720
88
994
1259
557
-361
-1173
-567
458
1780
2126
2057
-653
-2746
-1301
-94
1690
2795
2077
189
-1227
-3997
-4294
1339
3169
2141
149
-2521
-3553
-2428
-2597
-633
3972
2464
-339
-1368
-2516
-869
1074
158
1238
4312
2136
-16
-893
-2134
365
2593
1521
2152
3037
-266
-2576
-3203
-2388
1864
3177
532
-742
-1679
-3519
-3269
-2104
-89
2502
1440
-1499
-2337
-1904
-1428
-108
645
1453
2374
772
-928
-1376
-861
803
1766
1430
1289
1083
-403
-1373
-910
229
1435
1499
99
-881
-998
-1004
-624
115
1041
1155
400
-817
-910
-166
762
1486
1986
1434
-1604
-1866
-815
483
2251
2365
1129
-251
-1970
-4840
-2204
2531
2864
1850
-968
-3251
-3102
-2438
-2422
1603
3909
901
-891
-2300
-2267
373
903
-24
2727
3695
828
-9
-1230
-1061
1925
2241
1336
3020
2213
-1264
-2664
-3321
-812
3024
2088
-344
-890
-2407
-3699
-2791
-1327
1273
2628
-130
-2495
-2264
-1630
-701
429
1037
1917
1324
-446
-1052
-845
152
1529
1530
999
1275
473
-938
-950
-250
655
1392
837
-395
-889
-895
-772
-223
542
1066
972
-374
-880
-371
828
1801
2276
1802
-1631
-2296
-962
340
1938
2494
1353
-303
-1806
-5058
-2902
2592
3256
1683
-966
-3168
-3076
-2168
-2665
1106
4255
1168
-1056
-2229
-2319
293
1162
-215
2427
4275
1174
-350
-1515
-1403
1791
2587
1261
2940
2674
-1273
-3120
-3614
-958
3247
2453
-502
-995
-2159
-3780
-2972
-1504
1099
2470
26
-2755
-2354
-1231
-769
216
815
1999
1859
68
-848
-694
395
1494
1362
1021
1612
953
-796
-1295
-317
743
1154
785
-444
-943
-1019
-774
-344
456
903
413
-768
-1024
-129
988
1789
1741
1791
-1265
-2765
-863
715
2456
2746
1425
-538
-1240
-4260
-3902
2186
3790
2352
-526
-3215
-3494
-1963
-2623
-138
4533
2082
-878
-2321
-3115
-516
1548
16
1494
4537
1647
-595
-1605
-1931
1466
3239
1386
2169
2984
-843
-3135
-3676
-1701
3129
3243
-363
-1306
-1862
-3658
-3127
-1639
858
2701
618
-2899
-2933
-1210
-658
331
604
1783
1903
-132
-1062
-832
724
1759
1386
677
1224
1016
-731
-1241
-184
848
1054
579
-609
-775
-849
-797
-216
376
981
443
-671
-1026
-291
768
1642
2255
1826
-1540
-2981
-911
957
2300
2654
1544
-165
-1640
-4873
-3957
2509
4205
2172
-736
-3183
-3210
-2128
-2888
183
4711
2178
-1058
-2257
-2771
-322
1185
-485
1631
5019
2288
-409
-1765
-1956
1548
3069
1371
2766
3548
-731
-3673
-4123
-1445
3590
3238
-441
-1246
-1847
-3786
-3315
-1577
803
2780
214
-2983
-2599
-1156
-747
-121
724
1777
2061
272
-1225
-1030
475
1787
1572
1211
1626
1015
-978
-1501
-89
1176
1543
794
-686
-1059
-779
-739
-340
648
1137
236
-754
-986
-96
1288
1521
2129
652
-2920
-2430
-138
1425
2247
2271
168
-802
-2242
-5212
-1220
3869
3071
624
-1939
-3736
-2470
-1845
-2568
2275
4167
395
-1217
-2145
-1809
1076
1008
-523
3223
4282
830
-513
-1896
-954
2590
2288
1211
3493
2064
-2156
-3869
-3615
598
4109
1604
-1501
-1507
-2581
-3551
-2377
-862
1852
1975
-1703
-3375
-1512
-480
-280
234
580
1843
1672
-24
-972
-80
1355
1251
745
1056
1910
798
-1088
-1200
84
1298
1158
41
-847
-681
-486
-968
-313
854
913
-360
-1198
-569
792
1740
1576
1128
-1987
-2908
-553
1078
2140
2577
803
-1383
-1919
-3991
-2312
3408
3569
1216
-1289
-3445
-3074
-1207
-1605
888
3596
576
-861
-1206
-2471
-342
1375
-94
2170
4732
1240
-468
-1144
-1465
1695
3133
1579
2477
2464
-1441
-3036
-2922
-978
2980
2501
-737
-1620
-2431
-3418
-2679
-1086
1067
1658
-999
-3726
-2094
-238
-79
113
115
1552
1422
20
-870
-337
1500
1568
700
782
1937
1212
-991
-1095
24
1187
1336
333
-826
-513
-186
-441
-467
253
970
337
-781
-133
1189
1993
1600
-2452
-3116
-145
1510
1987
1639
750
-702
-2207
-5324
-2551
4377
4330
1187
-2383
-4512
-2759
-989
-2063
1616
4861
380
-2503
-2719
-1978
1914
2769
-644
1192
3795
840
-255
-747
-552
2911
2973
216
2016
2478
-1427
-3076
-3180
-292
3914
2034
-1895
-1987
-2218
-3120
-1995
-839
1496
2100
-1581
-4155
-2670
-421
624
1214
506
742
757
-654
-607
351
1700
2051
752
211
1093
653
-723
-483
262
864
1336
319
-917
-646
-499
-79
459
853
475
-52
-640
-647
848
1819
2588
-680
-3216
-1616
557
2362
1743
890
-416
-1470
-4397
-4188
2193
4565
2815
-1318
-4328
-3657
-1395
-1516
237
4193
1846
-1412
-3092
-3287
643
3206
924
745
3334
1581
-36
-1003
-1409
2272
3653
1083
1258
2205
-621
-2788
-3247
-1010
3397
2716
-948
-2106
-2446
-3047
-1873
-1008
493
2362
-511
-3948
-3069
-751
610
1556
844
433
873
-457
-1385
-256
1641
2360
1590
90
35
431
-425
-365
574
1561
1392
232
-1075
-1040
-136
38
663
951
841
310
-601
-302
660
2154
486
-2647
-2061
-288
1501
1637
1121
-43
-976
-3463
-4921
311
4463
3416
-82
-3547
-3998
-2029
-1304
-432
4018
3391
-811
-2575
-3283
-805
2481
1754
611
2941
2045
-642
-983
-1100
1166
3389
1720
836
2263
363
-2509
-3121
-1978
2230
3714
541
-1620
-2069
-3085
-2836
-1296
473
2697
849
-3423
-3769
-1538
10
853
1288
812
731
-390
-1529
-581
1277
2107
1127
170
476
909
-197
-774
101
871
1038
982
439
-677
-924
-482
-207
865
1498
941
-127
-38
330
1405
1036
-2251
-1770
-106
1198
2014
1173
-606
-868
-2484
-5385
-511
4518
2959
587
-3106
-4653
-2144
-884
-834
3634
3522
-1336
-1969
-2727
-1389
2655
1859
-252
2466
2696
-136
-301
-1512
-23
3299
1889
767
2729
1213
-2277
-3155
-2706
1334
3991
1260
-906
-1201
-2795
-3459
-1673
13
2318
1599
-2524
-3306
-1653
-688
48
947
977
1079
393
-1193
-964
643
1479
1106
630
592
756
-407
-1288
-201
943
1065
897
270
-887
-844
-458
-129
1043
1519
964
-94
139
35
1668
1052
-2667
-1522
68
1307
2202
1408
-1004
-1283
-2843
-5804
293
5072
3003
579
-3468
-5341
-2092
-430
-667
4259
3571
-1859
-2299
-2993
-1217
3297
1796
-962
2492
2688
-123
-69
-1821
-196
3637
1753
547
3054
1150
-2546
-3413
-2829
1899
4747
1024
-1787
-1972
-3019
-2746
-764
605
2475
1482
-3227
-3857
-1274
333
875
804
446
594
380
-927
-1221
539
1617
838
-27
600
1114
-296
-1540
-516
1043
1722
1202
-271
-1105
-486
-516
-431
733
1939
1609
170
-389
75
1850
-930
-2735
13
1372
1918
1642
-176
-1792
-1196
-3966
-3586
3830
4740
1485
-1882
-5062
-4182
-517
-539
1129
5081
871
-3131
-2463
-2278
1166
3733
279
-332
2712
809
-650
-556
-988
1826
2908
137
1175
2875
-696
-3197
-2965
-592
3612
3168
-600
-1710
-1726
-2836
-1931
60
1770
2430
-830
-4052
-2360
365
828
771
415
-71
123
-149
-677
101
1581
689
-633
-232
897
876
-627
-847
171
1058
886
162
-574
-637
-539
-345
18
1384
2063
1142
-19
335
1241
-2077
-2546
630
2108
2109
1686
-124
-1966
-2326
-4784
-2227
4782
4614
1074
-2415
-5293
-4204
-1131
-487
3402
5491
-349
-3621
-3254
-2101
1991
3411
438
1125
2330
-1005
-1681
-765
439
3243
2236
-226
1412
1655
-2057
-3131
-1678
1187
3634
1354
-1451
-1584
-2012
-2572
-1101
1063
2422
1424
-2144
-3675
-1071
626
889
1045
438
288
-326
-784
-367
1162
1958
506
-727
-372
593
92
-824
-115
664
477
216
-213
-599
-521
-419
-228
526
1522
1700
949
464
1062
-1477
-3276
-481
2228
2859
2218
449
-1763
-2278
-4149
-3160
3394
5366
2189
-1830
-4817
-4456
-1566
-942
1599
5507
1984
-2780
-3661
-2913
597
3301
1345
1076
3001
341
-2368
-2183
-423
3035
3567
699
673
1199
-1928
-4069
-2389
1488
4387
2409
-1717
-2974
-2492
-2420
-1247
1010
2763
1827
-2089
-4650
-2247
919
1882
1546
977
573
-304
-1080
-939
734
2538
1697
-585
-864
344
1
-773
-199
922
1242
390
-935
-1269
-579
-365
-252
782
1608
1793
249
-163
96
-2111
-1918
498
2805
2525
1198
-692
-1677
-2442
-4178
-455
4758
4422
813
-3447
-5385
-2911
-294
-10
3516
4403
-376
-3413
-3615
-1497
2921
3255
53
1108
1897
-741
-1756
-1267
935
3540
2012
-442
1103
995
-2480
-3714
-1874
1918
3984
1182
-2257
-2421
-2137
-2357
-985
1407
2921
1365
-2825
-4204
-1344
1223
1883
1612
1089
636
-388
-1354
-879
1488
2826
1104
-615
-517
216
-188
-664
116
1101
989
-195
-1125
-1215
-436
-29
347
716
1327
1392
33
90
-1745
-2661
-404
1867
2556
1707
349
-1700
-2001
-3867
-2584
3478
4862
2275
-1194
-4397
-4331
-1021
-442
1841
5439
1892
-2688
-3725
-2785
950
3715
1365
803
2322
-319
-2355
-1909
228
3578
3397
-115
-87
1159
-1551
-3454
-2153
1334
3850
1721
-1930
-2755
-1934
-1905
-1539
423
2822
2308
-2164
-4558
-2215
551
1841
1818
1327
1159
-16
-1860
-1760
897
3258
2359
-53
-911
-366
-478
-1059
395
1952
1846
210
-1501
-1997
-816
-63
257
1486
1957
1303
-494
-983
-2401
-2579
7
2229
3123
1389
-858
-2675
-2489
-3323
-1692
3755
4602
1735
-2361
-4869
-3524
-237
285
1836
4545
1379
-2359
-3420
-2396
1571
4164
1540
583
2335
470
-1686
-2289
-677
3217
3722
252
-235
1002
-1390
-3570
-2759
777
4088
2080
-2026
-3248
-2305
-2031
-1704
155
2503
2540
-1384
-4254
-2594
458
1846
1308
1063
1303
541
-1178
-1676
372
3091
2594
-122
-451
341
201
-799
-239
1344
1937
499
-1323
-1136
-398
74
-1
521
1358
1579
68
-562
-1750
-2857
-801
1063
2420
2017
64
-2259
-2534
-3512
-2694
3170
4800
2211
-1349
-4683
-4222
-497
612
1807
4587
1501
-2645
-3446
-2502
1296
4614
1678
-423
1664
373
-1424
-1439
-27
2961
3203
29
-685
1157
-517
-2795
-2273
355
3308
2113
-1531
-3049
-1726
-1411
-1866
-467
1725
2224
-1221
-3850
-2542
553
1781
628
306
833
793
-756
-1534
265
2693
2116
-199
-271
603
555
-431
-170
1055
1642
645
-858
-803
103
316
220
361
1328
1577
300
-484
-2608
-2444
-45
1659
2143
1296
-809
-2592
-2642
-4027
-1174
4141
3767
757
-2689
-4805
-3058
244
295
2728
4316
-70
-3010
-3125
-1401
2597
4179
1061
730
1763
-612
-1773
-1264
1224
3944
2600
-476
-339
242
-2011
-2803
-842
2273
3056
-207
-2951
-3045
-1235
-954
-1169
326
1633
268
-3001
-3062
-658
1673
1613
24
136
826
328
-691
-132
1513
2611
1063
-945
-13
951
138
-520
671
1644
1053
-524
-1567
-486
815
695
629
723
1029
387
82
-965
-2495
-753
775
1790
1468
87
-1934
-1770
-2351
-3297
1503
4013
1796
-1125
-3980
-4220
-675
883
495
3382
1918
-2097
-2966
-2130
453
3670
2428
-333
1129
1006
-1021
-1116
236
2649
3162
805
-614
572
-27
-2191
-1626
748
2548
1103
-1616
-2859
-1893
-351
-966
-811
599
809
-1695
-3172
-1618
617
1754
19
-833
252
727
43
-126
749
1607
1457
-381
-172
1422
1252
-425
-312
1055
1263
609
-651
-836
77
297
262
806
1220
547
48
-549
-2630
-1323
793
1623
1538
303
-1883
-2131
-1421
-3084
-265
3676
2314
-454
-3249
-4314
-1610
1239
139
1904
2471
-1269
-2853
-2136
-352
2680
3109
-3
398
1626
-375
-1241
-150
2190
3101
1469
-513
240
527
-1626
-1816
435
2436
1167
-1456
-2559
-1899
-261
-553
-945
-107
784
-1265
-3106
-1371
512
1390
29
-1194
-287
815
306
-175
978
1226
904
-423
-324
1489
1953
296
-480
798
1086
554
-214
-177
592
308
-197
392
1448
1193
152
-285
-1919
-1526
39
1263
1938
995
-1387
-2637
-1502
-2230
-844
2652
2427
298
-2477
-4208
-2598
851
700
1061
1967
-749
-2320
-2024
-786
1559
2977
860
-13
1159
29
-831
-424
1413
2837
2059
336
-104
327
-993
-1353
367
2342
1464
-971
-2343
-2242
-633
-309
-498
-319
571
-972
-2940
-1775
52
1159
144
-896
-501
442
271
-286
638
1333
1335
-96
-460
696
1584
847
21
786
1079
435
-506
-203
890
788
429
213
787
919
331
-37
-1988
-1859
-256
1051
1669
1129
-1017
-2639
-1609
-2462
-946
2739
2621
119
-2666
-4182
-2471
1370
1342
1330
1599
-1372
-2692
-1556
88
1980
2991
498
-922
430
148
0
542
1556
1967
1286
206
-40
673
-412
-941
264
1782
1023
-750
-1486
-1643
-839
-483
-361
-489
125
-1090
-2642
-1300
130
427
-203
-586
-749
-213
35
-367
557
996
445
-192
251
816
1195
937
512
916
926
337
-198
341
834
431
447
589
741
757
619
239
-1662
-1662
-433
891
1753
885
-1422
-2343
-1175
-2304
-963
2345
2101
72
-2682
-4225
-2265
1551
1227
967
1247
-1442
-2393
-1255
400
1895
2640
346
-943
378
267
222
770
1516
1353
899
546
227
521
-252
-683
446
1594
549
-896
-857
-1157
-1001
-188
-306
-470
-138
-1627
-2751
-851
363
-118
-183
-654
-991
-227
-115
-325
949
1066
-318
-248
294
496
931
865
485
905
912
10
91
768
860
382
478
618
582
836
618
185
-1102
-1233
-439
848
1790
566
-1239
-2055
-1504
-1961
-609
1816
1614
30
-2698
-3808
-1866
1139
1235
976
789
-1588
-2039
-1016
575
1760
1967
282
-890
-87
93
593
1177
1550
813
285
485
438
854
313
30
654
1147
169
-755
-311
-854
-600
34
-60
-414
-638
-1726
-2213
-371
54
-416
-291
-888
-1340
-671
-173
-98
973
489
-565
-116
240
316
811
961
420
778
729
171
664
912
671
475
877
750
797
1158
1010
-387
-1653
-559
518
1422
1185
-353
-1612
-1402
-1688
-1732
1010
1941
541
-1431
-3333
-2912
-85
1335
652
949
-603
-2495
-1691
101
1487
1912
812
-860
-611
86
519
1332
1716
1253
-81
118
733
854
1015
555
169
551
702
-314
-134
-164
-1197
-622
64
-144
-473
-964
-2014
-1585
-569
-586
-91
20
-899
-1366
-683
-322
203
803
145
-251
236
253
256
1003
1003
451
605
672
700
827
628
332
733
1087
847
850
1153
312
-1516
-1125
277
1332
1362
156
-1448
-1548
-1148
-2007
-245
1895
931
-1076
-2556
-2909
-1195
1286
862
567
-75
-2194
-2318
-491
1128
1434
1135
-491
-1205
-382
343
1482
1934
1336
-158
-325
582
833
865
977
827
41
80
14
64
400
-441
-880
-51
187
-783
-928
-854
-975
-628
-748
-763
-408
-595
-1271
-759
93
-20
-291
-388
-343
131
709
476
492
545
75
206
1047
1127
825
701
297
583
1088
1216
1116
1058
-475
-1462
-6
1362
1541
445
-789
-1561
-1140
-1010
-726
993
1063
-746
-2419
-2266
-1109
277
793
38
-394
-1357
-1829
-1073
865
1638
624
-115
-803
-816
18
1264
1641
1413
500
-658
31
868
1003
1088
1118
244
-659
-354
253
1045
800
-425
-936
-534
-478
-921
-277
347
-170
-951
-1315
-1027
-468
-332
-516
-39
211
-514
-1063
-604
151
499
623
289
94
69
97
381
1039
1349
827
519
538
742
1061
1149
56
-539
325
1257
1477
677
-518
-1206
-879
-930
-331
1383
1174
-843
-2827
-2936
-1159
1078
1369
-53
-1081
-2065
-2168
-935
859
1475
708
-627
-1665
-993
469
1631
1620
958
133
-333
293
613
706
1015
1134
288
-249
27
232
455
223
-2
176
384
-562
-1258
-562
39
-65
-588
-791
-752
-547
-675
-753
-106
96
-402
-831
-381
94
290
355
116
96
237
420
482
716
892
721
617
421
-166
73
1149
1648
1037
244
-255
-508
-307
-324
455
1515
905
-1121
-2346
-1732
-538
760
730
-79
-1136
-2225
-2169
-825
856
985
176
-916
-1540
-1050
105
1413
1587
771
-321
-599
-33
550
1088
1388
1094
-74
-688
-88
812
1123
593
-6
-240
-358
-571
-249
516
363
-516
-1205
-1053
-532
-189
-45
-194
-405
-665
-930
-746
-154
3
-97
-18
-59
-58
203
446
565
740
691
149
107
542
1091
1370
983
199
-268
210
143
-48
590
969
356
-917
-1548
-1134
244
909
115
-528
-1163
-1509
-1248
-348
391
432
-11
-1084
-1349
-678
471
938
520
6
-446
7
412
501
532
826
488
-314
-11
636
1036
717
44
-350
-97
76
-160
223
348
-310
-898
-793
-392
-283
-129
-278
-452
-579
-639
-511
-186
206
-1
-147
-214
-403
-216
443
838
543
388
263
-241
-160
502
1355
1798
1020
-433
-766
206
410
385
955
972
110
-1089
-1495
-713
688
963
15
-661
-1150
-1278
-867
48
483
142
-304
-906
-1101
-556
549
900
500
-63
-548
-113
431
519
543
947
385
-509
-220
547
1127
642
-50
-489
-128
-9
-146
570
641
-177
-1087
-878
-152
324
352
-253
-495
-741
-656
-302
94
411
-44
-506
-564
-316
72
688
893
382
150
-226
-508
41
857
1231
941
207
-886
-632
356
503
513
741
505
-593
-1189
-967
-10
1009
544
-643
-1150
-933
-556
-68
257
144
-135
-668
-884
-510
335
965
379
-340
-525
-151
481
685
494
328
252
-250
-463
271
1044
992
321
-305
-583
-263
-13
221
586
442
-390
-988
-762
-324
282
374
-77
-661
-917
-440
-5
517
406
-186
-681
-861
-438
342
1099
858
127
-296
-643
-428
439
1405
1448
511
-501
-754
124
643
485
537
492
28
-808
-966
-151
628
616
-218
-870
-987
-664
-165
300
384
-220
-690
-919
-704
-28
769
914
60
-722
-751
105
773
849
637
328
-104
-591
-32
911
1298
674
-255
-473
-269
48
154
542
478
-160
-747
-863
-328
122
354
158
-425
-887
-732
-190
25
-138
-193
-40
-151
-396
-258
407
775
380
-66
-94
-22
-16
210
796
1092
349
-616
-450
514
726
342
316
306
-30
-809
-867
35
714
272
-644
-890
-823
-449
-87
119
118
-406
-644
-397
32
173
313
389
-21
-348
-321
398
834
426
22
12
121
-37
104
566
814
343
-379
-323
224
274
6
115
232
-145
-588
-458
93
339
24
-411
-382
-256
-237
36
241
134
-322
-546
-379
-70
198
335
397
72
-276
-375
-112
292
467
536
489
39
-585
-474
250
586
361
30
40
-10
-415
-537
-51
575
406
-410
-791
-468
-39
168
163
-125
-560
-716
-349
173
440
169
-180
-233
-268
-110
168
530
444
-141
-399
-198
238
398
357
243
73
-83
-46
163
221
122
-18
-14
-66
-73
-109
-27
88
-19
-74
-91
-116
-27
7
148
222
-27
-253
-295
-57
184
183
144
10
-53
-103
-79
176
209
104
-16
17
24
37
54
-48
56
61
50
92
167
87
-168
-262
-110
181
179
-18
-208
-276
-140
75
212
76
-196
-268
-41
198
266
39
-248
-284
-297
-43
153
182
25
-221
-205
-110
89
128
73
32
-23
-27
-64
-21
29
28
50
66
63
51
90
50
-23
-101
-27
137
157
-50
-310
-183
-95
-18
-13
-97
91
130
-17
-228
-232
-2
146
225
38
-141
-182
-141
100
207
337
311
58
-132
-121
182
399
474
258
-33
-81
-88
77
244
290
96
-178
-223
-130
95
113
61
-25
-243
-255
-109
34
74
14
-130
-230
-228
-91
166
213
-66
-242
-174
-16
89
24
-95
-52
-74
-174
-92
3
55
-25
-101
-40
-47
-62
-16
97
147
82
-12
-77
-52
9
139
280
206
20
-63
-35
2
52
159
179
64
-100
-208
-51
127
86
7
-85
-139
-166
-78
25
70
41
-108
-68
-12
29
173
245
231
66
-104
-60
153
249
157
161
74
-152
-212
-121
30
169
100
-82
-214
-198
-185
-99
-11
-163
-248
-179
-29
20
-39
-135
-169
-146
-121
74
283
224
-81
-267
-176
0
113
195
138
-19
-105
-157
-60
105
161
100
5
-31
-87
-37
21
44
54
28
43
-61
-143
-133
-15
47
-15
-26
0
-32
-126
-93
-23
50
65
-3
22
36
2
-39
34
87
74
137
164
225
179
29
54
193
223
111
102
134
78
36
19
83
120
46
-85
-157
-108
-59
-45
-94
-56
6
-50
-99
-140
-159
-56
94
111
21
-46
10
-17
-94
22
134
147
-15
-115
9
116
178
64
-10
14
-22
-15
0
110
136
21
-135
-216
-103
13
107
39
-120
-183
-198
-158
-106
39
103
-31
-209
-288
-139
32
87
46
-19
-65
-145
-125
17
140
127
-26
-109
-27
107
160
106
43
16
4
46
125
167
193
98
-10
-4
67
134
109
44
-41
-52
-31
-45
-3
27
58
8
-113
-130
-91
-34
-12
9
-35
-62
-69
-95
-23
45
98
46
-31
-121
-137
-43
-3
11
-20
-95
-152
-117
-34
42
63
23
3
-28
9
24
13
37
17
32
9
18
36
13
36
22
12
-40
-51
-28
-16
-5
-32
-62
-77
-70
-28
21
50
17
-54
-63
-64
-13
86
100
45
-65
-68
54
189
225
110
42
43
57
83
146
207
132
3
-63
-39
46
73
17
-11
-13
-41
-52
20
46
13
-17
-65
-53
-22
-11
-12
-30
-40
-55
-57
-64
-100
-119
-100
-59
-52
-87
-87
-46
-31
-22
20
63
32
-9
-18
17
67
55
25
9
3
1
-5
12
39
44
15
-10
8
-23
-75
-77
-80
-89
-92
-91
-85
-70
-42
-77
-124
-49
-10
-8
-4
-23
-17
-42
-55
-16
85
154
153
102
15
-6
85
164
204
183
118
52
-26
-3
55
112
141
88
33
-5
4
23
15
-12
-26
-23
-38
-40
-70
-71
-58
-41
-19
-36
-55
-69
-67
-63
-17
-33
-71
-58
-18
56
73
31
-17
-16
28
65
111
116
71
30
3
40
96
126
91
26
12
5
5
21
41
52
34
-7
-42
-63
-65
-51
-28
6
19
-2
-48
-100
-91
-11
57
57
26
-18
-51
-32
0
51
76
47
-32
-76
-30
18
56
87
86
37
-5
-15
-19
25
28
-13
-29
-48
-45
-24
8
-8
-50
-80
-95
-68
-30
-16
-33
-36
-62
-70
-37
-5
12
16
10
-10
0
0
10
9
-14
-14
-4
8
9
44
48
11
7
19
69
87
70
46
6
-7
-14
3
42
36
12
-11
-33
-43
-45
9
54
45
6
-39
-34
-32
-1
55
66
29
-16
-32
-24
26
50
57
50
23
14
-1
28
59
61
31
19
34
7
6
3
-20
-58
-83
-66
-37
-27
-67
-98
-113
-97
-62
-32
-12
-38
-72
-106
-69
10
57
73
44
-1
-48
-40
35
78
99
69
12
-21
-36
0
53
78
30
-42
-65
-63
-41
-2
-5
-20
-61
-126
-123
-77
-29
-18
-41
-73
-98
-61
-43
-23
2
-21
-17
-25
7
58
64
64
49
30
30
56
78
76
52
18
9
44
61
63
62
25
-3
-18
-40
-39
-23
-33
-56
-34
-41
-60
-57
-58
-26
-6
-38
-76
-66
-59
-44
-22
-31
-26
-13
-7
21
38
63
93
71
60
77
99
115
113
110
84
66
61
67
65
56
41
9
13
30
27
27
5
-6
3
5
15
3
-10
-5
0
-1
-14
-21
-16
-2
10
0
8
23
19
21
41
65
79
69
49
46
47
50
45
28
11
3
11
30
35
29
14
-21
-45
-54
-54
-26
-12
-32
-61
-86
-87
-67
-40
-17
-15
-40
-65
-79
-62
-37
-40
-41
-28
-16
-2
8
13
19
16
18
12
4
3
1
-12
-27
-20
-8
-7
-6
3
16
16
-3
-25
-26
-9
-5
-1
-1
-2
-2
-17
-22
1
9
-10
-17
-19
-16
2
3
5
1
-13
-19
-6
27
40
47
41
21
18
-4
-11
3
6
7
5
-14
-16
-11
-12
8
29
28
-12
-33
-44
-44
-30
-24
-26
-49
-77
-82
-70
-29
-1
3
6
-19
-40
-49
-30
0
21
15
-12
-29
-30
-15
2
28
45
39
17
0
5
20
35
35
24
6
-8
-13
-1
17
12
-2
-14
-18
-14
-3
3
-9
-19
-41
-47
-29
-21
-13
-9
-11
-22
-23
-6
13
35
43
32
30
40
44
59
74
88
88
62
38
40
72
83
63
48
39
38
33
28
31
37
23
2
-10
-6
12
16
14
9
-2
-13
-18
-8
3
12
11
-6
-14
-10
5
26
35
27
13
-4
-6
5
6
7
8
-3
-26
-39
-37
-23
-14
-17
-29
-40
-43
-43
-33
-27
-37
-51
-61
-62
-57
-50
-46
-39
-43
-46
-34
-23
-16
-7
-3
0
-1
-4
-9
-6
7
14
15
8
9
8
16
31
30
19
5
-5
-2
23
24
23
26
2
-15
-10
-8
-5
7
-1
-28
-38
-42
-48
-31
-8
-7
-19
-30
-26
-19
-18
-12
-1
13
13
-1
-19
-23
1
18
19
17
13
16
16
23
29
34
39
31
42
42
32
20
22
24
19
21
10
5
0
-7
-2
-3
-7
-13
-9
0
-3
-12
-21
-15
-20
-30
-23
-10
-20
-28
-23
-15
-14
-19
-14
-7
-8
-18
-23
-8
7
15
14
6
10
14
15
19
28
32
20
10
16
21
22
21
26
20
22
25
20
18
17
21
18
28
28
24
34
35
24
16
15
16
12
0
-7
-8
-11
-15
-17
-12
-11
-18
-37
-40
-32
-31
-37
-47
-52
-42
-36
-44
-36
-30
-35
-37
-30
-18
-3
8
-3
-7
-2
-3
-3
3
11
10
10
3
9
21
12
13
17
15
15
16
16
16
12
14
25
24
15
11
17
20
20
25
22
15
10
5
-1
0
3
-7
-17
-18
-20
-17
-10
-15
-21
-30
-29
-19
-16
-13
-14
-22
-26
-18
-8
0
1
4
-2
-5
4
9
17
34
38
28
29
35
39
44
42
31
29
30
28
29
31
38
34
29
26
29
32
29
27
24
10
-1
-4
-8
-8
-12
-25
-33
-37
-39
-35
-36
-33
-30
-34
-40
-41
-36
-27
-25
-20
-21
-27
-30
-29
-23
-19
-22
-27
-24
-23
-23
-16
-8
-10
-14
-20
-30
-23
-14
-8
-3
-6
-10
-13
-7
-5
-1
10
7
4
3
1
5
10
14
14
11
11
9
12
18
18
16
15
10
9
14
21
24
19
11
9
-10
-19
2
33
33
-2
-23
-19
5
11
-10
-9
12
21
-2
-23
-13
6
16
13
1
0
4
0
9
6
-3
11
15
-1
-9
-2
7
21
28
9
0
1
4
9
17
11
-1
11
-1
8
23
5
6
6
3
-5
13
27
-5
5
2
-14
14
16
2
2
-2
-6
-2
14
-5
-27
-9
8
14
0
-10
2
8
6
-8
-10
6
8
3
-10
-12
-5
-2
4
-5
-5
6
-1
3
-18
-16
-9
-1
6
-12
-7
-14
-18
-2
3
10
-9
-16
-8
-12
-1
-1
-2
0
-3
-7
-8
0
10
1
-7
-8
1
4
-9
-12
-12
-4
5
-5
-8
-13
-11
-8
-3
7
0
-1
-9
-14
-6
-5
4
6
-1
-9
-15
-3
-1
-2
0
-6
-4
-2
-4
-3
-3
-1
-9
-3
6
0
-2
-8
-1
5
6
10
3
3
-2
-8
-4
1
6
2
-8
-8
-6
1
4
3
0
-1
2
-2
1
1
2
0
1
6
2
-3
3
9
13
13
9
4
1
5
6
7
15
13
6
6
2
6
9
9
7
8
14
10
6
0
0
10
9
6
3
1
2
1
-3
2
9
13
9
-4
-10
2
8
10
19
23
25
24
32
37
40
39
27
19
29
41
38
18
8
7
11
18
15
6
-3
-16
-22
-26
-26
-26
-32
-35
-40
-43
-46
-48
-40
-26
-20
-22
-25
-29
-27
-12
-9
-12
-5
2
2
10
21
22
23
19
23
27
25
23
14
11
11
-6
-22
-24
-27
-28
-34
-46
-54
-47
-41
-48
-56
-66
-71
-63
-50
-48
-46
-45
-57
-48
-27
-13
-3
-2
1
-2
5
13
20
35
37
39
37
28
26
32
30
24
21
19
21
12
11
8
2
0
-11
-9
-12
-12
-17
-18
-16
-19
-19
-16
-15
-15
-2
6
14
12
12
31
27
34
34
31
32
23
30
29
26
34
24
19
24
21
16
17
19
3
-12
-11
-13
-19
-14
-20
-33
-25
-22
-22
-14
-15
-19
-12
-5
-8
-6
1
10
9
0
-11
-11
12
14
12
17
14
17
14
13
11
17
17
11
19
6
-5
-4
1
1
-6
-5
-10
3
8
0
9
16
25
20
8
1
4
14
9
9
6
-1
5
11
21
25
20
17
2
-1
18
28
31
25
13
10
8
-2
-4
-8
1
8
6
12
2
-10
-15
-13
-12
-12
-6
-11
-17
-20
-18
-16
-14
-9
-19
-15
-1
3
12
11
5
2
16
32
46
44
26
21
17
25
26
18
5
-2
0
-2
-6
-15
-19
-28
-39
-41
-41
-41
-44
-51
-60
-63
-54
-43
-38
-28
-29
-25
-12
-16
-11
1
6
16
23
25
20
24
29
29
33
27
23
32
33
22
14
7
-2
-6
-17
-29
-30
-29
-41
-50
-51
-47
-47
-49
-50
-62
-63
-51
-44
-29
-23
-20
-15
-7
4
12
14
23
29
35
39
52
62
60
54
56
56
54
51
43
34
25
23
12
-7
-14
-25
-27
-22
-22
-26
-32
-39
-49
-45
-42
-43
-30
-25
-15
-2
7
9
12
23
24
36
46
39
47
58
57
61
66
67
49
42
32
15
14
10
6
-5
-18
-24
-35
-36
-41
-41
-35
-32
-30
-39
-39
-46
-44
-26
-13
2
6
7
12
23
30
38
43
46
55
60
62
55
51
42
34
33
31
27
16
3
-3
-12
-16
-24
-32
-36
-45
-46
-54
-56
-53
-47
-39
-38
-28
-19
-11
-2
5
19
24
31
36
41
41
43
51
50
56
57
49
47
40
37
34
31
26
16
12
5
-3
-17
-28
-36
-49
-58
-60
-52
-42
-40
-35
-35
-37
-35
-28
-14
-2
5
3
-3
-1
3
7
14
14
20
29
29
23
10
2
-1
-6
-10
-10
-9
-11
-15
-16
-22
-25
-32
-36
-34
-32
-23
-22
-22
-24
-26
-27
-21
-11
-7
2
7
4
3
-1
0
3
5
13
18
21
23
16
9
-2
-5
6
8
-1
-9
-10
-21
-18
-12
-17
-11
-3
2
-2
-1
3
2
8
11
12
18
16
16
15
15
20
19
24
36
37
34
24
18
8
5
1
-2
3
5
-6
-13
-17
-14
-14
-17
-9
-14
-14
-19
-23
-23
-16
-11
-16
-10
-4
4
8
7
10
8
12
16
14
9
4
0
3
13
13
10
9
7
4
2
-2
0
1
1
-5
-7
-6
-11
-16
-15
-10
-7
-8
-15
-16
-9
-3
0
-2
4
1
2
-2
-1
14
15
7
-3
-8
-6
-1
8
8
13
5
-1
-1
-6
-6
-8
-7
-6
1
10
5
-6
-15
-16
-11
-4
3
4
6
3
-2
-3
1
10
16
17
19
16
13
11
1
2
5
5
3
-3
-6
-13
-17
-21
-21
-11
-10
-8
-4
-1
-2
-4
-6
-4
-4
-7
-7
-9
-6
-10
-8
-6
-3
2
-3
-2
-1
4
3
8
11
12
20
20
18
16
14
19
13
10
12
6
8
4
-3
-5
-7
-5
-14
-14
-4
5
8
2
0
2
2
6
9
12
12
5
-3
-3
4
6
2
7
12
11
5
1
5
4
2
-1
-1
1
3
6
6
2
-1
-3
-4
-2
2
0
-1
-6
-15
-16
-16
-14
-10
-11
-11
-11
-9
-6
-7
-4
-4
0
0
-3
0
3
8
5
0
5
11
13
9
3
0
-3
-2
-2
2
4
-2
-9
-11
-8
-8
-6
-7
-12
-11
-7
-4
0
5
5
9
9
5
3
6
10
11
7
1
5
11
9
2
3
4
1
1
4
2
3
6
7
3
7
1
-9
-8
-5
-3
2
8
4
-5
-6
-1
1
3
-1
-9
-9
-7
-4
-8
-7
-5
-7
-7
-6
-1
-2
-6
-3
-2
-3
3
7
7
7
8
6
1
-1
-1
-2
-1
5
5
3
11
10
5
5
3
2
2
1
4
3
2
1
-5
-1
-5
-11
-11
-11
-2
3
-9
-11
-12
-5
-4
-10
-9
-7
3
5
-2
-5
-8
-10
-12
-8
-4
-1
2
-2
-6
-9
-5
3
2
4
7
12
7
-3
-4
-3
-2
-2
-5
-7
-5
0
-3
-2
1
-3
-5
1
4
0
2
-1
-6
-6
-3
-2
-1
1
2
2
2
1
2
6
3
1
0
3
8
6
8
13
10
4
-1
2
5
10
2
-5
-3
-7
-4
-2
6
3
-5
-11
-11
-7
-8
-3
2
-2
-2
-2
1
9
12
11
13
11
7
9
13
15
13
10
8
5
4
7
6
1
2
4
3
-5
-14
-11
-6
1
6
7
12
13
8
7
7
9
7
2
0
-4
-4
-4
-3
-4
-3
-3
-4
-1
0
1
2
3
3
5
5
4
3
1
4
6
12
15
17
14
4
-2
-7
-10
-8
-5
-6
-4
-7
-5
-3
-4
-2
-4
-6
-1
-1
-5
-6
-7
-10
-9
-2
-1
-4
-4
-13
-13
-8
-6
-8
-5
-4
-7
-4
-3
-2
0
-3
-2
-5
-6
-1
3
5
4
-1
-3
-3
-5
-7
-8
-12
-15
-13
-8
-4
-2
1
2
3
4
-1
-4
-4
0
1
0
2
0
-5
-7
4
13
16
17
13
12
9
10
2
-5
3
6
6
5
2
1
-1
-2
3
2
-4
2
4
0
-2
-5
-8
-6
-1
-3
-6
2
4
-1
-6
-3
3
3
3
2
2
1
0
-1
-6
-6
-2
-3
-5
-7
-6
-7
-11
-11
-7
-7
-10
-11
-14
-15
-13
-12
-11
-5
-1
2
6
2
2
-2
1
4
4
3
3
8
8
6
9
7
7
6
7
9
8
4
-2
-2
-2
-1
-2
-2
-4
-3
-8
-3
3
9
12
4
-1
3
6
8
10
5
0
-2
0
7
15
10
3
2
3
7
11
16
16
14
14
13
8
8
12
15
10
6
8
9
6
4
0
-6
-8
-6
-10
-13
-10
-10
-13
-6
-5
-4
-1
-4
-12
-11
-2
2
3
4
5
5
-2
-5
-5
-4
0
1
1
0
-2
-5
-11
-10
-4
2
5
1
-2
0
0
-1
3
2
1
4
2
1
-1
4
4
-1
0
4
6
7
11
7
-4
-6
-5
-4
0
3
3
0
0
1
1
0
-5
-4
-6
-2
2
-1
-3
-1
1
0
-2
3
11
8
1
1
-4
-9
-8
-3
-1
0
-1
-8
-11
-11
-11
-10
-6
-1
-2
-7
-11
-8
-10
-11
-1
2
3
4
6
1
3
12
9
5
7
5
3
0
-2
-4
-13
-11
-9
-13
-13
-8
-7
-9
-12
-11
-5
-5
-3
-4
-7
-8
-3
1
0
5
8
6
11
12
12
12
10
6
5
6
7
3
0
1
6
7
3
2
0
-4
-2
-1
-4
-5
-4
-1
3
2
4
9
5
-2
-1
3
0
0
0
-1
5
8
5
6
11
5
1
7
7
3
2
1
-1
-3
-5
-10
-7
-4
1
4
7
10
5
6
5
5
8
4
3
2
4
4
5
7
7
1
-2
-4
-4
-4
-3
-3
-1
2
-3
1
1
3
2
2
6
1
1
6
6
5
3
3
3
6
5
3
-3
-7
-13
-21
-20
-10
-6
-3
-3
-6
-5
-2
2
4
6
2
-1
-4
-2
0
1
-1
-2
1
3
4
6
6
5
4
-1
-4
-6
-1
3
3
1
1
-1
-2
6
5
-4
1
2
0
-3
1
2
-2
-5
-5
-7
-8
-9
-6
-1
-2
1
-1
-3
1
6
6
2
2
-2
-4
-4
-1
5
5
4
7
12
14
17
9
2
0
1
-4
-5
-2
-7
-8
-9
-8
-5
-3
-4
-10
-7
-2
-2
-1
1
3
-1
-2
-8
-7
1
-3
-7
-7
-7
-7
-5
-2
-2
-4
-2
-1
0
1
0
8
5
-2
-2
-3
1
0
-5
-2
3
0
-9
-12
-10
-9
-12
-8
-3
4
9
0
-8
-16
-19
-14
-8
0
7
10
5
3
0
-2
-3
3
8
10
20
20
11
4
-3
-3
-3
2
9
0
-2
-5
-6
-2
-3
-1
-2
2
2
2
3
3
7
6
3
3
5
7
9
7
4
7
8
8
9
10
8
5
2
-3
1
5
4
2
0
-3
-2
-4
-6
-4
-2
3
3
1
4
3
-1
-2
0
2
10
9
2
3
5
7
7
7
6
7
12
17
12
5
2
-1
-6
-4
-3
-2
1
5
2
-2
3
4
0
-3
-1
2
3
2
1
-1
2
8
6
5
9
5
-3
-9
-13
-4
5
5
2
-7
-5
-1
-4
-2
3
8
10
8
3
-1
-3
4
2
-2
-5
-7
-6
-6
-5
-3
-4
-4
-4
-5
-7
-11
-19
-20
-22
-21
-18
-15
-16
-14
-10
-9
-5
-4
-3
-2
-5
-2
2
4
3
0
-1
-3
-2
3
7
5
-1
-2
-2
2
0
-6
-9
-9
-7
-1
0
3
5
-2
0
-3
-3
-2
-4
-5
-7
-2
6
13
11
4
3
4
6
7
4
5
5
2
3
4
1
1
1
6
13
13
8
5
0
-3
-2
1
0
-3
-3
-7
-12
-13
-8
-6
-6
-4
3
5
3
2
4
5
4
5
5
8
12
18
10
6
2
-3
-1
0
-3
-1
-1
3
3
6
7
10
11
11
6
-1
-3
2
0
-2
2
3
0
1
0
2
5
5
5
0
-1
-4
-9
-10
-8
-5
-3
-1
-7
-7
-8
-9
-7
-9
-6
-2
1
0
3
4
-2
0
3
3
0
1
1
-1
3
0
-5
-2
0
0
-5
-3
4
7
8
6
3
0
-1
-1
-4
-2
-2
-2
-5
-5
-4
-8
-9
-7
-8
-4
-1
0
3
3
2
1
3
4
2
0
-1
-2
-2
-1
0
2
-1
-1
0
-3
-2
4
6
6
4
1
-2
-2
0
1
-1
-2
-1
-2
-3
-2
-2
0
1
0
4
1
3
2
1
2
4
0
1
2
1
-1
-2
-1
-1
1
-3
-8
-2
5
4
2
2
5
6
5
0
4
11
5
-4
-10
1
5
5
3
-3
2
-7
0
4
5
4
-1
1
-3
-1
1
-7
-1
6
7
6
7
1
-8
-3
2
6
-3
-1
2
-3
-7
-12
-1
7
-1
-7
-5
-6
-4
-1
-1
1
-2
-7
-2
4
0
1
-3
-3
-1
-10
-6
6
6
5
-2
3
8
0
3
5
5
5
-6
-10
-8
-7
-4
-1
-3
-2
6
8
3
-3
-4
3
-3
-5
0
-5
1
-6
-8
-5
-5
4
-2
-2
3
-2
6
2
-2
-2
-5
-1
-3
2
0
4
6
3
4
-5
3
6
0
10
2
1
7
-4
0
3
6
3
-4
5
-4
-8
-1
-3
0
0
-4
-9
-9
1
1
-1
-1
0
7
9
6
-3
2
5
-1
8
3
7
6
1
4
4
1
-1
0
0
12
9
4
16
3
5
5
-3
8
8
-2
3
-1
-2
8
0
2
-5
-9
-13
-13
-3
-9
-1
2
-1
-5
-16
-3
-3
1
8
-1
0
-5
-13
-3
-5
1
9
-3
-9
-13
-3
3
0
1
3
1
-5
-6
-8
-6
4
14
15
13
2
-11
-9
-11
0
7
12
1
-8
-10
-1
12
11
21
11
6
2
-16
-3
6
3
2
-3
3
-11
-19
-13
-11
-11
-18
-16
-17
-7
5
14
16
14
17
12
14
7
12
9
-2
3
-12
-11
8
-2
-3
-7
-6
12
5
16
25
4
0
5
-10
5
-2
-7
-3
-8
-4
-7
10
-4
6
-3
-7
8
-6
4
-2
2
5
4
6
6
1
-5
-7
-4
-5
-9
6
-3
3
-3
-9
-13
-11
8
-4
-9
1
12
-10
-3
21
-6
8
1
4
16
1
17
2
-5
2
-8
-8
-4
-16
-27
0
-8
2
8
-4
3
-21
-22
-28
7
18
-4
5
-10
-25
-19
-9
-10
11
11
-8
-15
-19
-11
-3
9
13
3
-8
13
0
-5
23
8
23
24
-18
-4
11
8
19
-3
7
0
-19
-11
5
9
8
7
-9
14
-13
-8
11
-10
18
16
11
7
-5
7
8
21
-6
10
10
1
5
-24
11
-8
-9
-4
-13
16
0
11
-7
1
13
-2
21
10
8
-4
1
-2
-9
0
-16
2
6
-2
-5
-16
0
-15
-10
6
-1
4
6
2
-14
-4
1
-8
17
5
13
-4
-5
12
6
18
12
6
-3
3
-5
-9
-9
-6
-4
-5
-5
-4
-13
-10
-8
16
11
-8
6
-8
-11
-5
-2
8
6
3
-9
-19
-12
4
1
10
16
-6
1
-3
-6
2
-3
4
12
-9
-13
6
-3
-2
0
6
16
7
-2
-17
-9
9
-1
-4
1
7
-2
3
-3
5
14
-4
8
5
2
4
3
2
2
4
2
11
10
-3
-3
11
13
-10
1
-12
7
8
-16
0
-2
-11
-9
-21
-6
6
-3
5
2
-20
-5
-1
1
8
1
-1
0
5
-10
7
-5
1
9
-4
16
-3
-8
2
-4
11
-1
-1
3
-1
-5
-21
-8
-3
-4
1
-3
-10
-3
-9
-8
-3
-2
0
-2
9
11
7
-2
-2
-1
-6
-2
-8
-13
-13
-19
-4
2
8
6
0
-11
-4
0
-5
3
4
0
-11
-26
-15
-5
5
2
1
9
7
15
20
19
16
7
4
-2
-8
5
6
15
12
-4
-2
5
13
13
20
27
12
12
-7
9
13
10
5
-11
1
-4
-12
-3
-4
3
12
1
3
9
10
6
5
6
2
3
6
-8
1
4
6
14
4
1
-3
-2
18
7
7
5
-2
0
-9
-6
-6
-10
-9
-13
-6
1
7
6
-11
2
-10
-1
5
-3
14
-7
-2
3
-6
1
-7
3
9
6
-3
-14
-10
-7
4
5
1
11
0
-7
-5
-7
-3
-5
-17
-16
-17
-22
-17
-9
-7
-2
0
-8
-14
-5
2
1
0
-1
1
10
10
0
6
5
8
-10
-6
1
-6
-3
-8
-2
3
2
7
-4
10
-2
-5
-1
-11
3
-3
-4
-5
-11
0
-5
-3
1
-2
5
-2
-3
-4
-1
7
-1
4
0
-5
10
3
14
12
6
7
-3
0
13
5
2
-3
-9
5
3
-3
3
1
2
-3
-8
-5
2
-6
-14
-9
-7
-4
0
0
-6
-10
-2
7
-5
7
9
-2
5
-3
-1
-4
-11
-18
-22
1
9
7
1
0
4
6
-1
0
1
10
8
-1
3
10
12
2
-2
-3
4
7
4
5
3
5
4
4
10
13
16
5
-1
4
11
10
6
4
5
6
7
0
-1
9
11
4
-3
2
2
4
-1
0
6
4
3
-3
-3
10
13
12
9
0
-3
-7
-2
6
9
4
2
3
-4
-3
-2
-3
-2
-2
-2
-5
-10
-9
1
9
9
1
0
0
-3
-3
-6
2
6
1
4
2
-1
-5
-11
-9
-7
-7
-7
-7
-1
-1
-4
-7
-4
-5
-4
1
-6
-4
-5
-3
-1
-11
-8
-4
-13
-19
-16
-21
-19
-13
-7
-7
-6
-5
-12
-11
-8
-9
-4
2
-1
-7
-6
1
0
4
9
8
9
6
3
0
2
12
11
11
9
-2
-5
0
-1
5
6
1
-2
-5
5
3
3
11
7
7
6
5
8
6
-1
-3
1
1
-6
-4
-3
-3
2
4
9
8
7
0
1
1
2
10
4
-2
-3
3
5
0
0
-4
-5
1
4
6
11
12
-2
-10
-17
-19
-9
-8
-2
-2
-3
1
6
6
5
5
2
0
-1
0
3
6
5
-2
-6
-1
4
4
4
3
1
-3
-8
-2
3
-1
-4
-11
-1
6
4
6
3
0
-5
-2
-1
-3
-3
2
0
-6
-10
-17
-17
-9
0
-3
-3
-1
-9
-10
-3
-2
2
6
0
-4
-2
-7
-9
-9
-8
-1
-3
-3
0
-2
0
1
1
1
7
12
6
0
0
6
3
2
5
7
10
7
-2
-3
-5
-8
-11
-8
-4
-4
-9
-3
-1
-2
1
-2
3
4
7
12
14
12
12
13
14
8
8
4
0
7
13
14
8
6
-3
-7
-1
-1
2
-4
-3
3
0
2
1
2
6
9
4
0
-4
2
2
-4
0
4
1
-5
-1
3
1
-2
-7
-5
-4
-4
-9
-11
-5
-3
-1
11
13
6
3
-2
-2
1
4
6
6
7
5
5
4
-3
3
5
-1
-1
-6
-8
-7
-1
-1
-5
-8
-11
-9
-9
-9
-4
-1
-2
-2
0
6
5
-5
-5
-2
-2
-1
3
8
4
9
10
13
24
23
20
16
8
9
6
-2
1
6
3
5
7
2
-11
-10
-7
-9
-12
-9
-5
-2
1
-9
-12
-6
-6
-2
6
9
7
3
-4
-8
-10
-7
-2
0
1
0
1
3
-3
-6
1
2
0
-1
4
6
4
-1
-8
-1
-1
-8
-12
-10
-10
-8
-4
-3
0
-3
-6
-2
2
5
-3
-2
1
-6
-14
-12
-3
0
0
-2
0
3
2
4
2
-1
1
-1
-3
0
1
4
4
6
4
1
3
7
2
1
4
7
6
5
-2
-3
3
4
0
-7
-2
6
3
0
-2
-3
-2
0
-4
-9
-6
-8
-9
-9
-6
-3
-3
-1
-5
-6
-1
-3
-6
-9
-10
-12
-10
-3
-1
3
1
2
8
11
6
-1
-8
-8
-3
-1
-1
4
7
7
5
6
5
8
15
13
8
11
10
4
-4
-4
3
2
0
0
4
7
8
3
0
-2
1
2
2
-3
-7
-5
-10
-15
-10
-2
-1
-2
-4
1
1
1
3
-2
2
3
-6
-9
-9
0
7
5
1
-1
-3
-2
-8
-4
2
4
9
9
15
13
7
-4
-8
-4
0
0
0
-1
-1
-5
-5
1
5
7
1
2
5
1
0
-3
-5
-8
-5
-2
0
0
4
2
0
0
1
-1
-9
-15
-15
-8
1
7
7
5
11
11
8
5
6
12
11
8
1
-3
-2
-2
-5
-3
1
-4
-8
-6
-1
4
1
-3
-3
1
6
1
-3
0
-1
-1
1
0
1
3
-2
-4
1
0
-2
0
-3
-5
-3
-5
-7
-5
-5
-2
8
13
13
8
7
4
5
10
9
6
3
-5
-6
-3
-6
-4
-1
-7
-7
0
3
5
8
5
2
5
0
-6
-9
-14
-10
-6
0
1
-1
5
6
7
6
7
12
8
0
-9
-8
-6
-1
3
1
-3
-3
1
3
0
-3
0
2
5
5
0
-4
-5
-10
-8
-1
-8
-16
-13
-10
-5
3
1
-4
-2
1
8
14
12
1
-13
-12
-8
-2
-1
-12
-13
-4
2
4
8
9
3
2
-5
-9
-6
-7
-13
-11
-5
3
6
5
2
1
-2
2
4
-3
-4
-2
1
0
-1
5
5
3
6
-2
1
4
4
1
-1
1
-3
-1
4
2
4
6
3
4
7
7
1
-1
3
2
4
3
1
3
3
1
-3
-5
-7
-7
-2
-5
-5
4
9
8
2
0
2
3
6
9
11
5
7
0
-2
-1
-4
-2
-3
-4
-2
6
4
-1
-2
-8
-9
-3
-3
-5
-4
-8
-9
-11
-6
3
2
1
4
6
-3
-5
-1
-3
2
1
-6
-3
0
2
8
7
4
5
3
0
1
8
13
10
10
12
18
21
20
15
5
0
6
13
9
-2
-5
-11
-8
-2
-3
-2
-9
-15
-21
-17
-5
-4
-8
-12
-11
-4
-2
-7
-7
-5
-5
2
6
8
2
-4
2
5
9
13
13
13
7
6
2
7
13
6
3
7
11
9
2
2
2
-1
-7
-6
-2
-4
-4
-5
-4
-4
-9
-11
-12
-10
-7
-2
-5
-11
-15
-13
-7
-2
4
7
7
8
7
4
7
1
-5
-5
-7
1
2
2
-1
-5
-5
-2
3
7
7
7
3
2
4
0
-4
-3
1
5
1
-7
-15
-14
-5
-1
0
2
4
4
4
3
5
8
-4
-12
-7
3
10
5
-3
-4
-4
-2
2
6
4
-2
-9
-5
-3
4
7
-2
-8
-10
-7
-2
3
1
-1
0
-3
1
5
2
-1
-4
-9
-13
-11
-6
-4
-6
-6
1
9
11
6
2
1
-2
1
1
-4
-6
-10
-3
1
2
6
7
11
10
7
5
-3
-9
-9
-12
-14
-16
-14
-12
-13
-8
-7
-12
-12
-9
-7
-6
-7
-4
-8
-11
-7
-5
1
7
12
13
11
13
13
16
14
20
21
15
6
-2
-1
0
1
0
1
3
1
-2
-1
5
4
3
4
5
4
0
0
5
4
0
3
2
2
4
3
5
3
1
-2
-4
0
4
6
11
14
11
4
-1
2
-2
-2
1
6
3
-4
-7
-5
2
9
5
-2
-7
-2
-2
-9
-5
-10
-17
-18
-19
-19
-6
8
3
-9
-11
-9
-8
-1
6
6
9
5
5
10
11
9
6
6
7
9
4
0
5
6
3
2
3
5
4
-2
-2
-3
-7
-7
-7
-2
6
12
6
-4
2
5
6
9
3
-1
3
4
1
-3
5
5
-3
0
3
0
2
5
9
7
6
3
1
2
0
-1
-9
-10
-8
-12
-11
-7
2
7
5
2
2
1
0
2
0
4
4
4
-3
-10
-9
-6
-3
-1
-4
-4
-7
-14
-18
-19
-17
-18
-21
-21
-17
-22
-17
-11
-8
-4
-1
6
5
5
7
3
0
7
9
3
14
18
15
17
15
16
13
11
9
4
3
3
4
-3
0
5
9
14
15
10
3
6
5
4
-2
1
-3
-13
-9
-5
0
1
1
1
-4
7
13
8
6
1
-1
0
2
5
5
4
1
0
1
3
2
2
-6
-11
-9
-6
-6
-4
-4
-8
-3
-5
0
4
-2
-4
-1
3
8
9
8
7
2
-1
-2
-4
-7
-5
-3
0
4
5
4
-5
-6
-3
1
3
-3
-1
-5
-5
-7
-9
-7
-8
-5
-3
-2
0
-4
-4
-4
-3
-1
-2
0
3
8
9
5
2
-4
-8
-13
-15
-11
-5
1
2
1
2
8
3
-2
-3
-8
-4
-7
-10
-10
-4
1
-2
-10
-10
-9
-13
-9
-4
-2
1
5
8
4
6
9
6
6
5
4
8
15
14
7
6
8
5
3
6
8
3
-1
-4
-2
2
8
11
5
7
8
2
3
6
9
12
10
6
-7
-16
-19
-18
-5
2
5
0
-2
0
-2
-4
-6
-7
-7
-8
-9
-13
-6
-2
-2
-3
-2
3
0
-4
2
11
18
18
12
7
8
10
7
4
8
7
2
2
1
-3
-2
2
3
3
4
4
4
1
1
2
6
5
2
1
0
-3
2
4
-3
-6
-9
-9
-2
7
3
-2
-2
-5
1
2
2
-3
0
-3
-7
-8
-6
1
7
4
2
6
1
-5
-6
-1
-2
-2
-4
-6
-1
1
4
4
4
0
-5
-1
-1
-3
-3
-4
-4
-7
-5
-1
5
13
11
5
-3
0
2
-1
6
9
-2
-2
2
-1
-2
1
4
4
-1
-4
-4
-1
2
-1
-8
-8
-4
0
0
3
10
8
6
7
1
-6
-2
-3
-5
-2
2
-3
-6
-1
-6
-8
-8
-5
-3
-1
3
8
9
6
0
-1
-1
-2
-7
-14
-7
-4
1
2
0
-2
-7
-7
-8
-7
-8
-6
1
1
-2
0
-3
-4
-5
1
3
9
12
9
9
7
7
6
3
6
6
4
-1
0
3
-1
-1
-1
-1
-3
-6
-7
-11
-9
5
8
7
10
7
2
1
-4
-4
-2
-3
-3
-4
-2
-1
2
0
0
-1
-3
2
1
1
0
-2
-1
-1
-1
-1
1
3
-1
-2
0
1
-1
-2
0
4
3
-4
0
7
12
9
8
10
6
2
-4
-6
-2
-1
-5
1
2
0
-2
1
4
-2
-1
-1
-3
-5
-5
-5
-4
3
2
1
2
3
4
-1
-4
-4
-2
-2
-4
-3
-2
-2
0
-1
-3
1
8
11
11
8
6
4
4
2
2
4
0
-2
-4
-6
-3
-4
-6
-5
-3
-5
-7
-3
-5
-6
-4
1
2
-1
0
0
-7
-4
-4
-4
2
1
3
1
1
0
4
5
4
1
2
2
-4
-1
-2
-6
-1
1
0
1
5
6
8
9
2
2
2
-2
-2
-2
-4
-7
0
1
2
8
5
2
-2
-5
-2
-2
-1
0
0
-4
-3
-1
-2
-2
0
-2
-6
-5
-7
-9
-6
-2
2
4
6
12
11
11
12
11
2
-1
3
1
-7
-9
-7
-6
-2
-3
-12
-16
-14
-14
-8
2
4
-2
-3
-5
-1
1
-5
-8
-7
-7
-8
-6
-2
-2
2
5
6
9
9
11
10
4
1
2
3
-1
-1
-4
-8
-9
-5
2
4
3
1
2
8
12
17
14
12
11
14
14
11
6
2
3
4
5
6
3
2
2
-1
-1
-5
-9
-9
-16
-15
-9
-7
-8
-9
-9
-8
-7
-8
-12
-8
-8
-7
-3
-2
-8
-9
-8
-13
-11
-11
-11
-6
-5
-6
-3
3
1
-2
-3
-2
3
2
-2
-3
-5
-1
6
7
4
3
7
4
4
7
4
8
5
-1
-6
-7
-5
-1
5
9
7
9
11
8
10
8
6
8
11
10
7
6
12
10
7
2
0
4
0
0
2
4
6
9
8
2
1
-2
-6
-4
1
6
7
6
2
1
2
-1
-2
2
3
1
1
4
-2
-5
-8
-11
-9
-7
-4
-7
-11
-10
-7
-4
-6
-6
-7
-5
-4
-2
1
6
7
2
0
2
2
3
2
-2
3
7
9
11
6
2
3
2
-1
-5
-3
6
10
9
5
-1
-6
-7
-1
1
-4
-5
-2
-6
-2
-2
-10
-12
-6
-4
-11
-9
-7
-5
-1
2
4
1
-4
-3
-3
0
2
3
3
2
2
4
3
5
3
2
4
3
0
-1
0
0
-4
-5
-2
-1
0
3
6
4
1
0
-1
-1
-5
-4
-3
0
4
5
2
-1
0
4
2
1
-2
-7
-2
2
2
1
2
0
-2
1
4
3
-2
-3
-1
0
0
2
2
0
1
-1
-3
-2
-1
2
1
1
1
-2
-2
-2
-3
-3
-3
-2
7
4
-10
-17
-6
9
9
2
-6
-2
9
3
3
9
4
-4
-5
2
5
7
-2
-14
-3
10
16
13
6
-1
0
1
2
7
3
-2
5
7
5
3
-2
-3
-5
-1
7
11
5
-15
-16
0
5
3
-1
-4
-2
3
4
7
7
-7
-17
-16
-8
1
0
-2
-5
-9
-6
6
10
4
2
-1
-7
1
5
3
2
0
-6
-5
10
7
2
-1
-10
-6
-6
-3
-1
-2
7
6
2
-2
-1
8
2
-2
-5
-5
5
3
-1
-4
-1
6
-1
1
1
5
9
7
8
-2
-6
3
-1
0
-2
-9
-12
-9
1
-3
-2
1
-4
2
3
3
4
4
6
0
-1
-1
-1
4
3
0
0
7
9
1
-1
3
10
9
-1
-6
-2
1
0
-4
-5
-3
2
5
10
10
5
-3
-14
-4
14
16
6
-11
-24
-20
-6
7
11
5
-6
-12
-6
4
9
6
7
3
-11
-14
-12
-8
1
1
-3
-4
-1
-1
0
7
8
4
0
-9
-7
2
11
9
-6
-18
-12
2
4
10
8
-11
-21
-13
-8
4
16
6
-5
-13
-12
-12
-5
4
5
7
-2
-10
-4
0
6
5
2
-8
-13
-9
-8
-6
-7
-4
1
-2
-1
0
2
9
6
-1
-1
8
5
-9
-10
-8
0
14
21
13
-2
-8
0
16
22
5
-19
-18
-6
4
14
8
-7
-10
-7
-1
16
24
14
4
-2
-2
8
7
-1
7
6
-10
-10
-6
8
21
13
-3
-6
0
5
4
-3
1
8
-6
-23
-12
5
14
20
7
-10
-16
-8
1
17
25
6
-12
-13
5
17
18
20
12
-7
-18
-18
-13
-4
-1
5
-7
-27
-19
-8
2
18
10
-3
4
1
-12
-8
4
-1
-9
-2
3
-7
-16
-13
5
29
26
7
0
0
2
-6
5
20
12
-5
-25
-18
-2
15
11
-10
-6
-4
-7
1
10
24
20
-1
-7
-11
-9
-11
-17
-18
-14
-3
-7
-2
10
11
22
23
5
-2
1
-6
-16
-10
-12
-29
-23
-3
8
13
19
15
9
1
-11
-3
9
11
2
-7
-19
-13
10
17
31
27
8
-8
-14
-7
-5
15
24
2
-12
-24
-14
3
4
7
1
-6
-11
0
4
-5
-3
-9
-9
8
20
31
29
17
4
-1
-9
-16
-7
8
10
-9
-22
-14
-4
4
4
14
19
-3
-13
-6
1
6
2
-1
-9
-12
-12
-14
-20
-22
-9
0
-2
-12
-8
7
21
21
8
-4
-4
4
9
14
16
9
-6
-16
-17
-10
1
26
24
12
8
3
3
10
22
12
2
1
-12
-7
-1
17
24
16
15
-7
-18
-19
-14
8
5
0
-9
-17
-15
-6
17
18
4
-8
-9
-12
-13
-1
5
-1
-7
-7
2
7
8
9
1
-6
-13
5
14
2
-8
-10
-10
-8
2
-1
3
-2
-22
-25
-22
-10
-3
2
7
-9
-17
-17
-14
-13
-3
8
-4
-9
-21
-33
-12
9
15
14
10
1
-5
3
13
28
39
23
-1
-22
-28
-19
-7
11
14
6
-4
-16
-12
7
15
21
11
-5
-18
-28
-19
3
21
15
-2
-7
3
22
27
22
9
-3
0
2
11
20
20
14
-10
-29
-21
7
31
20
-6
-15
-19
-12
3
15
16
11
3
-14
-11
4
15
14
-4
-17
-14
-3
8
17
18
-4
-20
-25
-25
-8
6
14
0
-20
-32
-32
-13
1
20
18
10
9
-5
-6
4
15
15
1
-4
-4
6
13
0
-8
-9
-7
4
6
12
7
-1
-7
-17
-9
-1
10
13
7
-1
-10
-9
0
6
9
8
1
0
-1
5
4
10
12
-5
-5
-7
-6
7
7
5
-3
-4
0
5
17
14
6
3
1
2
2
6
7
0
-4
-2
-3
-12
-6
-4
-18
-16
-7
-1
0
-3
1
-6
1
7
5
13
9
5
-13
-19
-16
-6
9
7
6
-1
-4
2
-3
0
0
2
11
4
-1
-10
-6
1
1
7
7
3
1
4
10
5
-2
-13
-10
-2
-7
-7
-8
-5
2
7
9
2
0
-6
-16
-14
-12
-2
4
4
7
-1
-3
-4
-4
7
10
4
-5
-2
3
-5
-3
3
9
21
16
-5
-14
-3
15
22
17
1
-8
-9
-11
-3
-2
-8
-20
-25
-6
15
17
9
-5
-9
-9
0
10
9
6
-5
-6
-4
-3
4
7
13
16
12
1
-7
1
13
12
15
12
-1
-7
-8
0
-3
6
12
-2
-11
-15
-9
6
10
4
-5
-9
-5
4
9
12
12
3
1
9
20
14
2
-1
-6
-12
-18
-18
-15
-4
0
-6
-10
-3
6
17
19
11
2
-3
-1
-5
-10
-6
-3
-5
-15
-16
-5
8
9
-1
-15
-13
1
10
-1
-12
-12
-15
-6
0
9
16
11
3
-2
-1
2
3
5
1
-6
-10
-14
-7
6
12
10
4
-1
-6
-6
-2
0
-7
-8
-7
-6
2
4
5
5
-3
-8
-1
11
11
10
4
-1
-2
7
9
7
8
0
-13
-15
-6
-1
0
-5
-6
-5
-11
-15
-13
1
13
6
-4
-3
-1
0
4
5
4
12
10
-5
-6
5
9
8
2
-2
1
5
-3
-11
-8
-1
5
3
-9
-14
-10
-8
-5
-2
-4
-14
-10
-5
-10
-9
-8
-11
-9
11
13
2
3
3
2
4
10
14
10
