-3
-13
-11
-11
-9
1
-1
-7
-8
-8
-4
-1
-1
-6
-10
-13
-9
-6
-10
-20
-25
-22
-17
-11
-6
-4
-9
-14
-12
-5
-3
0
3
5
12
13
10
8
7
9
6
17
30
31
20
4
-4
-5
-1
5
4
2
-3
-8
-9
-7
-1
-5
-6
-8
-12
-5
-9
-13
-10
-11
-8
2
10
8
4
-1
-9
-15
-11
-3
1
4
7
2
3
8
5
1
4
8
8
7
5
1
0
1
5
12
6
-4
-3
-5
-4
2
1
-1
1
1
2
3
0
6
9
10
10
4
1
-1
2
3
2
5
4
2
8
5
-6
-7
-5
6
7
6
5
4
2
3
5
-4
-4
3
-1
-3
-1
5
1
4
-4
-11
-3
3
7
4
6
2
2
6
4
4
6
8
2
1
-2
0
-2
-10
-14
-14
-4
-3
-2
-2
1
8
1
0
-1
-1
5
3
-1
-5
-7
-10
-2
7
10
12
8
4
0
-1
0
6
16
13
10
8
-2
-8
-4
1
6
6
6
0
-1
2
-3
-4
-1
-2
-4
-3
0
-8
-12
-10
-4
1
3
1
3
1
-3
-3
-5
-7
-3
-1
-4
-1
-4
-6
-4
-5
-8
-10
-6
-2
2
3
1
-3
-1
-1
4
7
2
4
3
-2
-3
-2
-1
-1
-4
-6
-9
-8
-5
-6
-4
-2
-2
-10
-12
-10
-7
1
7
6
-1
-1
2
6
6
9
6
3
2
-1
0
-8
-8
-7
-6
-3
1
-1
-8
-2
-1
-3
3
6
3
-2
-5
-7
-5
1
1
1
2
2
3
-1
-5
-3
1
-3
-4
-2
-5
-3
-1
-4
-5
-5
-2
2
0
1
-4
-2
-2
1
6
8
13
7
0
-1
7
8
10
14
8
4
2
-3
-7
1
7
8
5
2
-5
-3
2
6
11
9
9
9
8
2
6
12
9
8
3
3
6
5
-4
-11
-15
-14
-11
-6
-2
-5
-3
-10
-13
-10
-7
-8
-12
-11
-8
-3
-5
-7
-4
-1
7
6
0
1
0
-2
3
11
12
13
17
12
11
7
10
10
7
9
9
7
8
7
1
-5
-8
-8
-4
-1
-3
-2
-6
-4
-7
-8
-9
-6
-2
-7
-2
-3
-2
0
1
2
6
9
10
14
6
5
5
5
5
2
1
-3
2
3
7
6
4
8
2
3
2
2
-7
-11
-11
-10
-7
-11
-16
-12
-8
-9
-8
-7
-6
-7
-8
-3
-4
-2
5
6
7
13
16
15
17
11
11
7
1
-1
1
3
0
5
4
-1
-4
-7
-8
-5
1
4
0
-11
-14
-8
-6
2
6
4
1
-3
-3
-1
5
8
7
7
9
12
6
0
-1
-8
-6
-5
-5
-7
-4
-2
-8
-9
-6
-7
-5
-3
-2
-5
-6
-10
-14
-10
-7
-3
-2
3
3
3
2
2
5
3
6
10
4
7
14
12
12
12
7
1
6
4
-5
-5
-1
2
2
-3
-2
0
-2
5
12
7
3
-4
-8
-5
0
-3
-7
-2
-3
-2
-4
0
6
3
1
-4
-6
-7
-10
-5
-7
-6
-7
-6
-2
0
6
3
1
-3
-4
0
-6
-5
-10
-10
-6
-3
-3
-4
-4
0
0
0
0
1
2
1
0
-4
-5
-6
-16
-19
-14
-11
-11
-11
-8
-3
1
5
7
8
9
9
4
2
4
2
2
4
8
9
5
2
4
2
3
7
12
14
13
12
12
17
15
8
8
9
6
2
-2
-4
-7
-8
-10
-8
-6
-6
-2
-3
-5
-4
3
4
4
1
3
9
14
17
15
17
12
5
5
6
7
3
0
4
3
1
2
-4
-4
-6
-5
-2
-1
-1
-7
-12
-14
-13
-10
-10
-12
-9
-13
-8
-3
-4
-3
-4
-2
-3
-5
-1
4
2
-4
1
-2
-4
-7
-8
-4
1
4
8
6
3
0
-2
-4
0
7
4
0
-1
-6
-4
0
5
4
1
6
6
0
-1
0
-2
-7
-5
-4
-3
0
2
3
4
4
3
2
8
8
4
1
4
6
4
5
3
5
10
11
10
7
7
2
-3
-3
-1
3
3
-2
-5
-2
1
-3
-5
-2
0
0
-1
-1
4
1
-4
-6
-4
1
5
5
3
1
0
-3
-5
-4
-4
-4
-2
-3
-1
1
-3
-3
-1
1
2
1
0
0
-1
-4
-5
-5
-6
1
2
1
-1
-1
0
3
0
-4
-1
0
-1
-4
-3
2
3
3
1
0
4
2
-1
-1
-1
2
2
2
4
1
-2
-2
0
1
3
-1
-5
-4
-2
-2
-1
-1
-1
-3
2
4
4
1
0
-2
-2
-2
-1
0
6
7
-1
-6
-2
0
-1
-5
-2
5
14
11
-2
-10
-19
-16
-4
10
15
11
-4
-18
-11
3
2
1
-2
1
3
3
-4
-12
-13
-11
5
15
20
15
4
-6
-19
-19
-15
-5
3
1
1
5
6
-5
-8
0
14
17
6
-2
-10
-10
-13
-13
-9
0
12
12
17
15
7
-8
-9
-7
-11
-6
-3
2
8
5
0
0
6
1
-4
3
11
9
4
-10
-9
2
-1
0
7
13
4
4
1
1
0
-7
-9
-1
9
6
7
5
6
1
-8
-9
-6
-2
-13
-17
-9
3
12
5
2
-1
3
1
-4
0
-7
-7
-7
-3
6
4
3
0
8
12
12
13
10
6
-8
-13
-10
3
6
-2
-4
-7
-4
-9
-3
6
5
1
-12
-13
-5
4
0
4
5
0
0
-6
-2
6
13
6
7
8
1
-3
-1
-4
0
1
-2
0
-8
-8
1
13
20
16
5
-6
-7
-2
-1
10
19
14
4
2
-7
-8
-3
-7
2
-12
-12
-13
-12
-6
-3
8
10
17
8
-1
-6
-12
-10
-5
4
5
-1
-11
-6
7
12
22
20
13
10
-1
-10
-8
-9
-10
-6
3
8
-2
-11
-6
11
19
4
-6
6
10
11
5
-2
2
3
-4
-15
-7
-2
4
8
-1
-9
-7
-1
0
3
3
3
4
2
2
-10
-9
2
-1
3
1
4
-4
-1
3
-12
-26
-23
-1
1
14
19
7
-1
-10
-4
-1
12
15
0
-11
-8
1
-9
-8
3
4
3
12
10
6
8
5
-11
-16
0
3
2
-6
-16
-12
0
8
10
2
-5
6
9
6
-2
-12
-25
-23
0
7
10
8
6
7
-5
-3
3
8
11
10
16
1
-11
-18
-22
-12
-8
-3
0
0
0
-3
1
12
20
6
-4
-1
3
-4
-6
3
3
-1
-4
-12
-12
6
21
17
6
1
0
-4
-14
-14
-10
-3
1
-4
-2
0
3
3
2
6
10
7
6
8
3
0
4
15
11
-4
3
8
13
11
-6
-21
-15
-1
-6
-6
-3
1
1
2
-4
-6
-2
3
-1
-6
-13
-15
-14
3
11
10
4
0
1
3
4
7
16
8
0
-1
-7
-16
-13
-8
-3
7
12
-1
-7
-7
-5
0
4
10
1
-12
-24
-28
-22
-24
-23
-9
1
5
6
16
27
17
4
-7
-7
1
4
-2
-3
4
11
3
-6
-6
0
23
42
47
15
-23
-26
-25
-14
-9
-7
1
1
5
2
-7
-3
-4
5
18
21
23
1
-19
-18
-12
-4
-5
-10
-16
-25
-17
8
16
15
1
-4
-2
6
16
22
25
22
14
8
2
-5
-24
-20
2
17
20
0
-14
-30
-15
2
14
34
23
5
-9
-14
-7
-16
-26
-24
-6
12
16
12
8
15
26
15
4
13
17
8
-8
-7
-11
-5
2
-7
-6
-2
-3
-1
7
13
-3
-13
-12
-2
-6
-23
-13
9
7
-10
-17
-2
18
15
12
9
3
-8
-23
-13
-2
10
4
-6
-3
-5
-9
-11
-10
7
16
5
-10
-14
-10
-20
-10
18
30
19
-1
-1
1
-8
-9
-13
-7
-15
-29
-29
3
23
-4
-14
9
14
17
14
0
3
1
-8
0
5
1
-10
-16
-9
11
38
18
-4
-2
-11
-10
-9
-12
-15
-17
-21
-25
-5
11
7
9
10
18
30
21
16
11
-1
-6
-4
9
6
1
-7
-15
-2
3
19
27
21
4
-23
-8
11
12
18
7
-3
-16
-18
-12
-3
7
-12
-7
7
-11
-8
4
0
7
10
7
4
1
-6
-30
-17
-16
-29
-18
-20
-4
0
-4
-1
6
20
26
16
23
30
21
15
-1
7
15
16
17
9
7
6
-4
-13
-10
-11
-21
-17
-11
-14
-12
-23
-18
-1
9
8
4
21
19
2
-4
12
42
18
-14
-14
-13
14
12
-14
-6
-14
-14
-4
-3
20
8
-26
-31
3
23
-7
-20
-19
-35
-8
17
-1
22
13
-19
-5
17
24
16
39
17
-24
-9
-15
-6
1
-38
-28
5
-13
-17
2
-9
0
26
-5
2
29
2
-4
23
16
-13
-3
-4
-20
14
35
22
16
-10
-24
-7
1
5
2
15
3
-21
-14
-18
2
12
-3
10
22
25
3
-4
13
0
-3
-2
-27
-8
14
1
0
-7
-10
-4
11
11
13
33
12
-6
-24
-40
-13
8
6
-13
-21
-14
-12
11
19
12
6
-12
-2
11
14
3
-19
-27
-31
1
4
-14
-8
-20
-22
-5
1
-3
12
21
14
7
-10
-17
3
15
19
39
32
17
24
14
0
0
5
0
18
18
-35
-64
-65
-60
-27
8
-6
-9
28
31
18
1
-6
19
43
35
2
-20
-22
-15
10
22
24
26
10
16
31
-7
-27
-8
12
25
10
-9
-32
-27
-1
-1
22
31
15
17
18
6
-23
-46
-32
12
46
29
-7
-19
-17
-16
-10
-6
-6
2
5
3
-14
-34
-21
18
34
18
-8
-28
-18
8
10
-7
4
22
9
-4
-4
-6
-4
12
13
0
-2
-3
-11
3
6
9
10
-6
-5
-1
-8
-19
-6
-2
-11
3
-3
-15
-7
0
-7
-14
-19
-17
-5
10
13
-4
-16
-12
2
21
29
24
22
2
-14
0
5
-2
2
2
-8
-1
15
-8
-11
-3
-19
-18
-24
-24
-1
13
2
-13
-21
-23
-3
14
13
27
41
24
13
4
-9
-2
20
23
11
-2
-19
-18
-3
-11
-19
-5
-8
-14
-16
-15
-5
16
19
-10
-6
4
-22
-1
20
7
0
-5
-2
8
24
5
-9
6
-2
3
16
8
-1
-16
-26
-10
10
19
6
-2
-7
-8
4
-3
3
11
-6
-22
-12
10
3
-15
-10
3
5
16
14
12
10
-1
-10
3
21
13
1
-7
-4
5
5
4
7
1
10
13
2
0
-5
-2
-4
-1
5
2
0
-13
-10
-6
-3
15
3
-6
0
-8
-15
-5
-1
-7
5
15
-2
-4
6
-1
-5
-8
-5
16
18
7
-15
-29
-17
1
7
10
19
19
1
-10
-1
8
15
17
-2
-20
-14
-9
-12
-3
0
-10
-12
-3
3
5
5
-1
-11
-4
5
18
27
15
-2
-14
-7
3
0
9
19
0
-16
0
14
11
7
-7
-13
-5
0
8
10
-2
-1
4
-2
-9
-7
-18
-23
-7
-4
-2
10
9
6
5
-7
-12
0
9
5
-8
-17
-20
-13
-12
-14
-3
5
12
14
6
-2
-4
-4
-7
5
22
17
11
7
-4
8
21
13
9
4
-2
-6
-1
-1
-3
8
7
12
11
-2
-5
2
-3
-17
-9
2
-13
-22
-18
-17
-3
1
-6
-3
10
8
-7
-7
-1
9
-1
-16
-4
6
-2
-9
-7
-5
-7
0
6
-2
6
13
7
11
9
6
5
-3
-11
-11
0
7
0
-8
-7
6
6
-1
-1
1
-4
-8
1
10
7
5
-1
-5
3
3
3
7
12
7
-1
11
11
6
3
-6
10
17
7
6
6
-2
-14
-17
-16
-8
4
2
-1
0
-6
-13
-10
-8
-2
5
-4
-17
-11
-1
-3
8
21
12
-5
-14
-10
-1
8
7
2
4
-8
-14
-7
-3
6
9
6
-5
-8
-11
-16
-9
-12
-17
-6
4
6
14
9
-1
-2
3
14
5
-1
-5
-3
3
-9
-11
-6
1
10
13
20
22
16
2
-5
5
6
2
-5
-5
2
12
23
22
24
21
5
-12
-11
9
18
17
0
-15
-23
-29
-22
-8
9
15
13
-1
-4
-6
0
-5
-6
-5
-18
-3
10
13
-3
-24
-25
-8
4
9
10
-1
-13
-15
-4
10
17
10
-7
9
14
1
8
-7
-31
-21
-10
7
17
-2
-17
-22
-17
-6
26
38
21
-3
-10
-2
22
3
-35
-31
-17
1
25
43
32
-5
-16
1
23
25
-5
-21
-6
13
11
11
0
-24
-36
-25
16
43
30
-7
-38
-34
-23
1
10
-5
2
18
21
6
-11
-36
-48
-30
6
38
50
23
-15
-33
-23
0
12
12
16
29
22
15
8
-19
-28
-19
5
37
39
11
-22
-37
-28
-18
4
12
7
5
-8
-5
-7
-22
-20
-15
6
19
27
18
-2
-8
-9
5
22
38
29
13
-7
-33
-25
4
11
13
22
20
7
-7
-14
-14
-3
6
1
-1
-7
-18
-18
-10
11
22
7
2
8
8
0
-10
-17
-29
-19
4
22
37
17
-10
-38
-54
-32
-13
12
26
23
13
0
-12
-23
-30
-17
-1
1
9
12
9
-9
-29
-18
3
11
21
22
28
27
3
-23
-41
-31
-6
14
32
37
29
6
-11
-16
-11
3
21
26
24
15
-15
-27
-27
-20
4
10
13
10
13
5
-10
-11
-18
-6
11
23
35
40
20
-18
-40
-41
-22
8
35
35
29
13
-4
-5
-11
-16
-7
8
10
3
-5
-26
-34
-28
-18
-2
14
19
4
-10
-29
-25
-9
3
23
19
3
-5
-7
-12
-20
-21
-9
5
9
3
-3
-9
-21
-12
2
10
23
12
-15
-25
-22
-25
-16
-5
5
4
1
-5
-10
-9
-2
7
14
11
15
9
-11
-13
-1
13
24
32
18
0
-3
1
2
0
11
15
19
25
6
-9
-14
-5
0
11
26
26
17
-6
-18
-10
1
7
8
6
5
3
-8
-4
11
20
19
8
-2
-5
-1
-4
-9
-7
-9
-14
-7
-1
4
-3
-19
-16
-3
1
-3
-2
-3
-5
-1
-6
-4
14
14
10
18
15
4
-9
-21
-24
-5
19
21
19
14
2
-14
-16
-17
-12
-1
3
2
5
9
0
-17
-25
-16
10
26
28
18
-7
-33
-35
-24
-9
13
17
17
10
3
-11
-34
-35
-29
-11
10
16
21
9
-5
-12
-18
-15
3
24
25
21
19
6
-10
-11
-2
11
25
29
14
-3
-17
-19
-13
-4
7
12
6
-1
-5
-10
-1
0
-2
-5
-7
1
9
12
7
1
-4
-8
7
17
16
15
7
7
8
4
-3
-6
-11
-13
-4
-1
0
2
-10
-14
-8
2
14
18
11
-1
-4
-4
3
8
8
12
5
4
6
8
12
9
6
2
5
8
4
3
-5
-9
-2
2
-4
-8
-10
-19
-5
9
8
-2
-7
-6
-6
-1
-12
-16
-9
-6
-5
-5
-3
-4
-5
-7
-4
-8
-7
-3
-9
-1
-1
0
-1
1
6
4
11
12
16
11
-1
-3
-7
-8
-1
1
-5
-10
-5
-8
-16
-16
-11
-7
6
11
3
-5
-13
-23
-24
-9
1
3
-2
-1
-2
1
11
7
7
8
9
7
1
-1
-3
5
6
-1
5
11
14
16
8
2
4
4
-5
-5
0
-1
1
0
-10
-6
7
5
6
5
-4
-9
0
6
8
8
-1
-7
-4
-8
-7
5
7
11
8
2
2
3
3
1
9
17
10
-1
-13
-21
-15
8
12
1
-5
-12
-5
3
13
11
-5
-1
-7
-15
7
13
10
4
-2
-1
2
8
3
-9
-15
-18
-9
9
11
9
3
-4
4
17
17
20
11
-14
-5
0
5
-11
-28
-20
-21
-6
-20
-3
16
-1
-1
-3
0
-6
-6
-7
0
23
-1
-20
-14
4
13
0
0
0
2
4
5
7
1
-2
-14
-8
6
6
22
13
11
-4
-21
-5
2
8
-1
-9
-9
-3
10
-1
-12
-14
-6
4
14
4
-5
-1
-12
-19
-8
9
21
10
-4
-19
-27
-14
2
3
-1
-1
3
14
3
12
14
5
5
-6
9
10
-8
-6
-15
-13
-5
-8
6
17
13
7
1
-1
-5
-16
-13
-3
7
11
10
0
-11
-11
-13
-1
8
11
10
-1
2
4
3
8
-2
9
15
-2
-4
-7
-2
12
11
4
3
-2
9
13
4
-3
-10
-6
0
-7
-12
-25
-29
-16
-13
0
13
10
12
2
-1
6
-2
1
-12
-32
-33
-26
-9
0
6
4
6
5
0
-8
4
14
11
20
21
0
-20
-13
4
22
20
5
-6
-10
-7
-5
1
3
3
7
14
19
-2
-22
-10
14
13
-20
-31
-11
-3
-9
-13
-1
29
40
25
-20
-14
19
3
-20
-25
-11
10
10
0
-1
7
18
-8
2
30
25
35
10
-12
6
-2
-5
-13
-18
-4
4
7
-3
1
18
35
35
24
11
3
20
-8
-27
-32
-26
4
-10
-19
-23
5
39
23
11
36
62
54
13
-47
-69
-34
5
7
-7
-13
-15
5
24
15
10
7
-5
-21
-24
-9
5
11
-12
-39
-41
-32
-1
16
17
16
4
-17
-26
-19
-13
-13
-12
-5
-4
19
41
25
7
-5
-19
-17
-1
11
6
-19
-27
-22
-4
24
20
5
-25
-48
-38
-1
58
55
15
-4
-15
-7
-10
-4
17
21
13
-25
-32
-5
-11
1
29
26
17
12
6
9
-7
-25
-23
9
25
9
6
-12
-16
-18
-13
27
43
15
-25
-25
-10
11
32
32
26
-5
-27
-20
0
30
34
6
-15
-12
-2
15
30
15
-37
-42
-13
5
18
15
20
1
-20
-19
-32
-19
-4
-2
-1
1
14
19
1
-18
-49
-48
-13
7
25
22
14
9
-20
-34
-29
-14
4
17
16
5
7
6
10
2
5
10
27
26
-10
-22
-14
5
11
-6
-23
-15
-1
8
9
8
21
-1
-5
10
20
36
20
-8
-31
-22
5
12
1
-1
2
6
-2
-11
12
26
30
2
-24
-12
-2
-9
-25
-31
0
32
17
1
-22
-10
29
20
-2
-1
20
18
-2
-25
-13
4
-11
-21
-23
-5
14
17
0
-11
-9
-29
-28
3
17
16
12
-3
-17
-16
-8
-12
-9
-3
-2
-9
-18
-1
13
30
27
-11
-40
-24
4
17
32
13
-4
-10
-31
-11
8
9
5
-10
-1
19
24
19
11
7
-7
-15
-18
-18
-14
-9
-10
-9
8
13
19
21
15
33
15
-11
-9
-8
0
5
5
11
-12
-30
-29
-14
18
28
18
4
5
5
4
20
11
-1
-7
-23
-13
-8
3
12
1
9
1
-5
-14
-15
-1
-4
7
9
7
11
-1
-26
-35
-9
-4
3
8
-1
4
-6
-20
-6
14
18
10
-5
-14
-17
-5
14
22
23
19
10
-5
2
0
-21
-26
-28
-25
-2
15
4
-11
-13
-2
-3
3
18
24
34
11
-10
-4
9
15
10
-7
-25
-12
4
8
7
-2
-2
-3
12
14
18
27
13
-2
-8
8
20
19
-10
-26
-20
-17
-7
-8
0
5
2
-9
-17
-3
17
20
22
20
16
14
0
-24
-32
-18
6
19
9
-10
-14
-16
3
26
29
22
-11
-37
-36
-11
11
7
0
-6
-11
-2
7
17
22
10
5
-11
-12
-14
-5
3
-6
1
-4
11
13
-2
0
4
17
19
9
-9
-9
2
-8
-21
-28
-12
13
20
20
11
4
2
-1
-6
-5
-3
-5
-10
-5
-5
-6
-14
-25
-16
-4
-4
4
9
-6
-8
1
6
10
3
-5
-6
1
14
11
8
15
6
-16
-21
-12
-9
-12
-10
-13
0
14
17
9
-6
-9
-9
-3
12
10
13
5
2
7
-3
-5
-10
-3
3
17
19
11
17
12
8
2
-6
-7
-4
-2
-1
7
11
11
20
9
-9
-5
-9
-17
-11
-8
-8
2
5
-1
-2
-6
-6
2
6
20
28
16
4
-4
-9
-17
-19
-11
-7
6
8
-6
-15
-19
-1
14
15
4
-7
-24
-25
2
9
13
11
-10
-30
-31
-14
-1
2
11
9
5
9
24
32
30
22
4
-23
-28
-9
7
12
3
0
-10
-12
-8
11
18
22
33
7
6
19
-3
-19
-11
-10
-33
-28
-6
0
0
-4
-4
-4
7
21
21
22
20
-4
-25
-20
-14
-9
-5
2
-6
-11
0
5
5
6
13
25
16
8
1
-14
-24
-17
-4
-2
0
0
-5
-10
-18
-22
-10
4
12
12
14
15
-4
-18
-15
0
9
0
2
-2
-6
-8
-3
18
14
12
10
1
0
-6
2
12
9
10
10
6
-10
-18
-17
-6
15
15
23
17
-6
-18
-14
-3
0
-5
-16
-11
0
-3
-5
3
0
5
20
17
-1
-5
1
1
9
11
7
0
-15
-21
-17
-7
-2
3
7
4
6
-7
-12
1
8
2
-6
-4
-5
-3
-3
-7
-13
-10
2
5
4
8
9
-1
-20
-25
-16
-8
6
10
1
-1
2
-12
-19
-7
14
13
10
13
7
8
14
16
1
-5
3
4
11
16
7
-6
-21
-22
-12
1
9
0
-6
-13
-17
-16
-5
11
19
15
7
-1
-4
-1
5
15
12
0
-8
-1
4
5
17
19
8
5
8
-1
-7
-11
-8
-11
-9
-9
0
17
7
-6
-15
-8
4
0
-7
-3
2
3
-2
-5
10
11
3
3
5
8
1
-13
-30
-27
-15
-14
-3
3
2
1
9
11
0
11
8
3
13
11
9
0
2
6
6
-2
-6
0
3
8
1
5
18
12
-3
-9
-6
-4
-10
-13
-11
-9
-4
-4
-4
-2
-8
-6
4
10
26
38
32
19
-2
-6
-3
9
15
6
-1
-5
-9
-8
-2
-6
-12
-14
-7
-5
-5
-4
-9
-15
-19
-8
2
9
12
8
1
-10
0
8
12
8
6
6
8
9
-3
-12
-11
-4
-3
-3
-5
-5
-9
-8
-10
-14
-1
11
16
13
6
3
-3
-5
-7
-1
9
9
7
2
3
6
-6
-10
-3
2
-4
-7
-5
-1
0
-4
-7
-10
-2
-3
-8
-6
-6
-3
2
7
16
20
17
10
8
14
18
14
8
0
-2
-6
-8
-18
-16
-7
-8
4
6
14
13
4
-2
-7
0
3
5
4
3
3
2
3
-7
-10
4
10
-1
-7
-7
-5
2
-3
-14
-16
-7
-3
-3
-2
2
0
7
9
5
2
4
10
2
-2
-4
-7
-5
2
7
5
4
1
-2
-1
-3
1
-5
-8
-6
-7
-12
-18
-19
-17
-10
4
6
3
4
6
7
10
18
18
13
8
2
-10
-13
-8
-3
1
2
5
6
6
-1
-9
-13
-4
7
9
15
21
16
6
0
-1
3
7
3
2
8
6
-4
-10
-7
-1
6
9
10
9
8
9
2
-1
-9
-18
-15
-8
-3
-5
-5
2
2
2
0
-3
-3
-1
-3
-11
-5
1
-2
-6
-8
2
17
17
6
-3
-4
3
8
-1
-19
-23
-20
-23
-10
4
1
2
8
7
-2
-1
-1
-4
-2
-2
-3
-6
1
1
-10
-12
-10
-7
-7
1
11
8
-2
-8
-2
11
14
9
0
1
3
0
-12
-13
5
11
9
10
-1
-8
-9
-12
-21
-14
6
11
4
-3
-6
-7
-8
-10
-8
3
12
6
-6
-16
-12
-3
2
8
10
15
17
9
1
-4
-1
6
5
1
-2
-6
-8
-2
4
6
3
-1
0
0
-9
-7
5
11
14
13
11
9
7
1
-7
-14
-12
-6
2
9
7
-4
-16
-16
-16
-7
4
8
11
7
3
-1
-1
-1
4
8
-1
-1
3
2
-2
-5
-1
-2
2
3
-5
3
8
6
5
5
-2
-7
-9
-11
-7
4
11
11
11
9
3
-1
-5
-6
-11
-6
7
13
9
4
0
-9
-15
-10
-9
-2
12
17
18
11
10
13
13
9
2
7
12
16
5
-3
-1
0
3
-2
-3
-4
-6
-4
-1
0
-7
-8
-6
-12
-15
-13
-6
-3
1
0
2
6
6
3
-3
-1
3
7
10
5
1
-11
-15
-14
-11
-3
2
7
3
1
0
-2
7
8
4
-1
-6
-6
-8
-1
-1
-2
3
4
3
0
1
-7
-14
-18
-19
-12
-3
-2
0
4
6
3
0
2
9
14
5
-3
-1
6
13
9
1
4
8
5
-5
-9
-6
-6
-5
3
1
0
-4
-8
-7
-6
1
5
-2
-4
-5
-6
-5
-1
4
8
9
5
1
1
1
-5
-4
-3
-1
7
4
-5
-7
-10
-6
3
5
3
2
4
-2
0
3
3
-2
-6
-10
-8
0
0
-3
-9
-9
-9
-12
-2
1
-6
-7
-2
7
7
2
-3
-1
4
8
9
6
4
1
-2
0
6
12
12
11
8
9
11
6
-1
-8
-10
-10
-8
-2
3
3
-6
-13
-8
-2
5
10
6
4
4
1
-2
3
7
7
2
-6
-9
-9
-1
6
7
13
12
2
-8
-8
-9
-9
-1
10
16
8
-9
-23
-23
-16
-10
-1
13
18
17
5
-6
-9
-11
-5
-2
6
7
0
-6
-16
-14
3
22
24
25
24
13
-1
-14
-13
-6
3
13
12
9
7
-4
-11
-10
8
20
23
20
9
2
-7
-10
-11
-9
2
14
14
2
-8
-16
-19
-10
-5
-1
7
12
12
4
-2
-6
-10
-11
-11
-15
-11
-7
-2
7
10
11
9
7
1
-4
-4
-5
-4
-8
-8
-6
-2
-2
-2
10
15
9
2
1
-4
0
1
-4
-7
-4
5
1
4
2
-4
-1
1
-4
-6
-3
-6
-7
-3
4
8
6
9
3
-8
-9
-6
-8
-6
-4
3
2
-1
8
6
4
9
5
-3
-8
-9
-7
-5
-6
-3
0
4
6
0
-9
-13
-12
2
9
13
6
6
1
-1
8
6
6
-1
-5
-12
-11
-8
-2
8
8
10
2
1
-2
-7
-1
0
4
3
-4
-8
-2
-2
-3
2
-1
-5
1
5
0
1
-7
-13
-10
-4
1
4
7
3
5
-1
-5
-9
1
12
13
10
3
-1
-10
-11
-9
-3
0
-4
1
-3
-7
-1
-1
-3
-1
3
1
6
8
2
-1
-3
-9
-8
0
9
4
3
3
1
2
-5
-2
1
6
13
9
7
-7
-13
0
11
16
14
12
1
4
11
12
17
22
19
10
5
-4
-10
-17
-19
-10
-6
1
1
-6
-9
-8
-5
2
9
11
6
5
5
-6
-12
-11
-4
3
8
9
4
2
-3
-8
-10
-3
0
0
2
-7
-13
-11
-5
2
1
-1
-8
-9
-7
-3
12
10
6
9
2
-4
-8
-13
-9
-6
0
3
2
2
3
11
11
6
3
-4
-7
-3
-4
1
11
7
-2
-9
-5
-5
-1
8
10
8
5
-5
-8
-6
-2
7
6
-2
-8
-6
-4
-3
-4
-5
0
-1
-10
-12
-5
-7
-8
-3
5
13
8
-6
-12
-10
2
17
16
15
1
-12
-13
-5
1
1
10
3
7
12
7
1
-6
-2
-1
2
-3
-10
-4
1
1
-4
0
2
1
4
2
-2
0
-2
-8
-6
4
9
13
9
2
5
8
10
6
-2
-5
-2
5
4
3
5
-4
-11
-18
-12
-2
5
8
1
1
4
7
10
11
17
11
-5
-11
-10
-8
-7
-9
-14
-9
5
12
8
-1
-8
-9
-11
-12
-12
-6
-2
-3
-9
-14
-8
-4
2
4
5
1
-4
-7
-15
-14
-9
2
12
12
9
3
-6
-5
0
0
6
4
7
2
1
6
0
0
-1
-2
1
3
14
18
12
6
4
7
13
16
13
6
1
3
0
-1
6
4
2
0
-1
0
-1
3
-1
0
4
5
8
14
13
6
6
4
-3
-4
1
11
7
4
0
-8
-9
-9
-7
-2
4
5
5
2
-6
-15
-22
-13
-4
1
1
-6
-10
-11
-7
-2
4
0
-4
-1
0
3
10
-1
-11
-11
-7
-4
-6
2
2
-5
-6
-14
-12
-8
-5
-1
0
4
1
-11
-11
-6
0
9
3
0
-2
-19
-13
3
12
10
1
-1
-7
-4
1
-6
-3
4
-2
-3
-1
5
7
15
17
8
3
6
13
9
9
3
-10
-7
-2
6
9
11
5
-6
-3
1
5
10
13
7
-5
-10
-4
3
1
-5
-11
-12
-6
6
5
9
8
0
-5
-9
1
1
-2
-6
-9
-10
-15
-8
0
3
1
4
10
10
7
5
4
-2
0
-3
5
8
-1
-6
-14
-3
3
8
3
-9
-3
-19
-18
-5
-7
5
1
-4
-8
-13
2
4
11
13
10
13
4
3
-5
-11
4
9
0
-16
-20
-13
-7
14
13
3
10
-1
-11
-1
1
0
-5
0
-4
-3
19
13
7
9
4
5
0
1
-3
4
-1
-15
-2
-2
15
12
0
2
-8
5
3
-8
-3
-8
-10
-7
3
20
17
14
8
-1
10
6
3
4
-6
-4
-9
-12
-13
-12
-3
-2
-6
-11
-10
-1
11
13
-3
-4
-3
-10
-3
0
4
-1
-2
3
-6
-4
7
9
14
9
-1
-10
-15
-11
-9
-6
-2
-6
-12
-12
-14
-7
8
22
33
14
-9
-23
-28
-14
9
22
29
14
-12
-7
-11
-11
7
33
43
18
-12
-47
-46
5
35
54
43
6
-17
-27
-12
17
36
33
10
-6
-17
-20
-13
-4
0
-9
0
-2
-3
19
21
1
-16
-25
-29
3
30
4
-16
-11
-25
-27
-15
2
35
43
23
-5
-33
-23
19
33
25
15
-3
-41
-41
-13
-12
16
32
11
-1
2
-1
-23
-16
-1
5
14
13
-4
-12
-33
-28
11
20
35
32
16
-14
-27
-8
-14
19
46
18
-4
-18
-29
-24
19
41
27
18
5
-22
-17
-4
5
18
4
-15
-17
-15
-4
1
1
-10
3
20
1
0
-5
-13
1
7
20
24
11
-17
-44
-27
-10
16
27
-2
-14
-14
-15
-3
23
30
5
0
-3
-10
6
17
2
-10
-17
-19
-13
-6
4
11
21
15
1
-5
-15
-1
7
-11
-10
-17
-15
-3
-6
-8
-13
-18
-17
-12
14
23
21
20
-15
-33
-25
-3
30
34
16
-10
-26
-18
-2
9
21
11
-21
-20
-8
2
12
15
12
-1
-1
-3
-10
11
16
5
9
5
-5
-6
6
8
12
5
1
3
-10
-6
5
2
-5
-2
-1
-8
-2
23
29
31
15
-22
-39
1
54
57
25
-1
-41
-74
-50
-6
-1
0
-5
-30
-39
-21
-14
-35
-15
47
60
21
-8
-41
-58
-39
-3
11
0
-16
-46
-64
-39
-6
55
63
22
-15
-57
-36
20
63
84
68
20
-36
-80
-80
-34
11
29
25
11
-13
-3
26
27
51
60
38
21
7
3
-6
-23
-37
-32
6
51
79
75
66
51
30
0
-4
6
2
-22
-46
-41
-20
-3
15
17
16
25
34
33
11
2
-7
-19
-23
-43
-57
-55
-37
-15
-12
13
29
13
6
-2
-12
-12
-9
-14
-23
-16
-29
-40
-30
7
22
19
44
49
27
19
13
-10
-27
-37
-48
-50
-35
-17
17
48
37
24
22
8
10
11
8
-9
-4
-9
-32
-31
-39
-36
-19
5
14
36
45
25
14
-7
-31
-27
4
11
18
37
28
-10
-26
7
22
31
28
13
-23
-71
-80
-73
-35
4
44
29
-15
-12
2
16
50
73
49
27
11
-29
-49
-50
-29
-16
-12
-1
-11
-8
8
35
28
19
29
-17
-67
-63
-50
-61
-33
3
11
26
53
56
9
-13
13
7
5
3
-28
-82
-103
-71
-49
-26
25
68
79
74
80
80
52
48
31
-39
-72
-58
-63
-23
28
32
32
41
52
51
44
20
-21
-46
-45
-28
-44
-76
-65
-32
-11
10
15
6
58
128
113
36
-11
-52
-95
-89
-34
34
62
25
-17
-33
-38
11
73
51
32
46
1
-65
-65
-51
-59
-24
34
50
77
83
41
-12
-48
-14
-2
-8
-15
14
33
-11
-23
-34
-19
32
84
104
88
75
15
-48
-55
-60
-54
-2
29
-9
-21
14
35
-1
5
4
28
41
-20
-46
-88
-99
-75
-55
-11
69
108
45
3
33
46
67
81
85
12
-53
-49
-69
-58
-22
13
27
41
62
34
36
47
-52
-102
-76
-2
30
28
-14
-69
-49
-64
-15
25
-1
36
28
-6
3
-38
-79
-111
-57
-2
-7
42
59
35
12
12
11
-19
15
52
59
39
31
19
-47
-28
3
1
19
31
34
13
10
-13
-49
-55
-59
-42
-40
0
-4
-45
-80
-97
-55
-13
5
10
21
-10
-51
-57
-76
-58
-30
-28
-32
-52
-39
5
57
114
88
26
41
45
46
45
76
42
9
-4
32
97
67
33
-28
8
74
59
2
-21
7
-47
-110
-114
-85
-19
35
47
19
9
-4
-50
-91
-48
38
45
-8
-30
-25
-38
15
-6
-55
5
55
93
103
39
-5
-3
-38
-10
59
46
45
49
-32
-42
70
121
44
-46
-92
-126
-102
-33
-22
-12
-15
-81
-92
-71
-28
50
91
120
101
36
-88
-163
-112
-65
-2
60
57
-12
-61
-52
17
138
177
174
202
159
110
74
38
15
-30
-47
-11
27
18
-46
-84
-87
-64
-32
0
-8
-126
-222
-267
-230
-123
-42
-61
-52
20
42
29
154
160
72
122
95
76
71
75
-1
-4
124
174
137
159
129
23
19
64
67
40
7
-78
-101
-69
-101
-133
-153
-97
-83
30
64
-19
13
-3
35
55
111
110
79
61
59
140
148
48
-71
-82
101
287
241
56
-59
-180
-424
-390
-81
101
128
-43
-298
-298
-247
-306
-265
-74
104
-9
-232
-376
-317
-181
-90
96
302
521
437
169
11
139
419
431
287
-10
-98
-47
-73
-134
-162
-91
-96
-101
-363
-350
-47
-56
-136
-227
-305
-386
-336
-352
-335
15
293
240
-99
-209
-112
67
284
423
379
213
116
-33
-125
91
396
348
269
258
189
241
233
254
266
303
329
207
127
74
25
-143
-307
-219
-14
86
107
8
-244
-520
-622
-473
-111
147
110
-191
-575
-566
-465
-342
41
297
261
-43
-345
-311
-57
292
522
589
572
448
218
-2
77
390
572
528
415
169
-171
-360
-343
-194
142
287
60
-323
-668
-618
-500
-301
60
65
-206
-510
-693
-690
-445
-114
-95
-11
20
-108
-148
-152
35
192
274
386
405
410
238
70
50
207
487
508
391
283
233
144
11
23
88
206
257
178
86
70
40
-280
-500
-144
203
253
175
-38
-245
-554
-800
-741
-78
553
401
-221
-771
-627
-293
-273
-27
452
547
21
-464
-537
-89
449
437
315
371
326
152
0
139
579
717
367
137
90
-2
30
54
64
226
181
-160
-371
-398
-475
-397
-256
-275
-264
-437
-566
-385
-298
-293
-131
-60
-152
-109
-130
-170
28
257
264
118
130
157
140
25
48
191
323
469
317
46
83
325
213
62
165
166
31
-18
-34
-38
111
232
59
115
227
-136
-336
-112
232
306
155
-98
-158
-281
-793
-689
186
580
257
-304
-667
-476
-123
-317
-103
511
437
-153
-740
-693
152
665
288
107
321
308
168
35
63
637
917
427
157
98
51
88
-19
-81
96
64
-362
-504
-583
-503
-122
-73
-307
-376
-390
-583
-430
-205
-110
91
76
-259
-443
-352
-67
341
491
407
153
-45
-124
0
386
683
811
496
-19
-335
-191
240
625
671
351
29
-312
-478
-218
278
641
614
360
122
61
-76
-653
-472
200
575
462
-2
-405
-455
-621
-1229
-735
629
809
35
-864
-1237
-708
-246
-531
-7
744
272
-632
-1149
-694
563
1042
363
399
677
361
67
-69
333
1353
1326
224
-55
12
-144
19
46
59
480
215
-536
-563
-493
-338
-21
-119
-380
-189
-412
-743
-530
-610
-447
53
148
-162
-259
-248
-185
186
396
366
329
57
-169
-41
69
512
795
472
45
-58
80
350
650
595
447
231
-201
-256
65
410
445
296
-24
-107
-52
-766
-712
149
588
409
-25
-487
-543
-621
-1282
-856
841
1193
123
-1044
-1459
-679
-133
-488
229
1225
644
-597
-1291
-941
618
1425
575
459
794
321
-258
-421
42
1324
1433
264
26
-28
-202
118
97
182
821
548
-536
-763
-771
-656
-177
-186
-545
-464
-567
-842
-848
-819
-277
278
160
-192
-264
-349
-108
68
-91
245
576
213
-191
-126
211
580
569
212
129
398
501
347
90
184
534
197
-293
-102
249
453
399
195
105
551
315
-1155
-1072
185
857
576
-113
-540
-298
-728
-1773
-693
1239
1269
84
-1429
-1757
-361
36
-689
441
1431
280
-839
-1372
-708
1190
1233
-91
238
503
103
-225
-417
356
1769
1166
-82
120
115
229
606
122
120
649
-60
-775
-651
-762
-398
126
-314
-622
-610
-931
-827
-619
-496
169
352
-182
-530
-544
-378
303
375
67
391
335
-165
-183
140
458
866
782
256
84
197
386
489
382
319
494
-10
-208
190
309
536
527
255
122
468
-545
-1237
-76
688
657
62
-795
-805
-413
-1336
-1311
864
1416
331
-1028
-1965
-977
521
-426
-165
1297
488
-927
-1499
-1269
714
2102
475
-24
776
239
-62
53
321
1767
2067
124
-369
94
-194
257
348
105
726
477
-923
-935
-645
-472
74
-198
-809
-881
-937
-1070
-838
-615
-330
-30
-345
-657
-552
-406
222
504
76
130
221
46
77
177
514
750
595
108
2
281
707
921
484
203
414
115
-188
196
589
811
686
198
-91
379
-234
-1454
-600
545
830
390
-587
-1084
-522
-1122
-1774
489
1849
757
-814
-2234
-1906
305
151
-315
1185
709
-1070
-1400
-1166
407
2461
1019
-542
652
394
-167
413
593
1572
2405
398
-601
444
328
408
639
24
303
587
-826
-1119
-537
-704
-350
-133
-778
-773
-760
-1352
-1330
-767
-388
-111
-324
-860
-924
-855
-475
242
359
555
507
20
20
384
650
892
710
371
-16
-4
195
570
820
705
644
165
-93
265
557
540
503
246
204
534
203
-1599
-1483
191
920
667
-63
-755
-545
-998
-2337
-781
2169
1682
-235
-2150
-2586
-454
489
-710
806
1914
-397
-1726
-1732
-519
2310
2335
-401
89
764
-183
96
466
1129
2576
1213
-1036
-177
549
271
834
507
408
923
-255
-1491
-608
-363
-290
105
-638
-1090
-792
-1212
-1531
-779
-482
-203
-240
-823
-950
-361
52
262
272
164
420
217
-143
157
634
815
707
365
-35
48
308
488
660
888
755
284
-232
-199
328
597
602
433
236
119
548
-757
-2075
-380
1038
915
221
-450
-929
-563
-1683
-2373
996
2563
757
-1339
-2706
-1949
439
-112
-127
2292
1309
-1518
-2027
-1349
895
3042
896
-496
1061
318
-505
38
658
2081
2478
-227
-824
741
377
345
460
5
536
468
-1346
-1213
-357
-524
-301
-467
-1121
-832
-853
-1437
-1157
-801
-165
-16
-725
-931
-533
-337
166
369
-197
323
670
-47
91
707
587
808
621
37
200
508
590
820
773
624
782
243
-365
375
626
528
443
157
252
567
632
-1361
-2114
-220
1160
959
-68
-517
-686
-919
-2250
-2025
1631
2708
603
-2037
-3062
-1457
580
-315
160
2200
781
-1902
-2239
-922
1645
2918
239
-544
1025
386
-310
21
878
2399
2123
-592
-584
1064
645
422
168
27
786
393
-1343
-1037
-414
-351
-281
-695
-1058
-715
-1048
-1853
-1314
-647
-1
-104
-939
-1018
-652
-388
56
243
175
669
349
-507
-2
835
802
908
643
143
398
490
468
705
764
647
596
-64
-325
305
423
487
488
213
163
815
-116
-2207
-836
927
1622
829
-508
-1114
-742
-1732
-2657
540
2814
1240
-1294
-3348
-2732
301
433
-384
1839
1558
-1629
-2451
-1477
910
3332
1472
-1061
527
684
-192
157
1092
2377
2804
163
-1247
650
944
434
420
187
494
448
-1089
-1492
-520
-333
-412
-686
-1068
-986
-1112
-1489
-1481
-1086
-214
-315
-869
-848
-755
-428
160
338
-338
554
840
-208
468
749
488
1065
802
214
714
941
448
598
588
425
882
268
-404
589
570
159
400
586
482
932
-55
-2588
-1044
933
1375
839
-276
-1222
-1160
-1974
-2922
354
3152
1315
-1219
-3174
-3084
-29
554
-357
2015
1788
-1888
-2925
-1470
842
3321
1739
-1141
374
784
-386
189
1395
2402
2816
293
-1397
615
1174
358
725
648
423
235
-1305
-1686
-270
-63
-414
-749
-1193
-1323
-1433
-1912
-1593
-407
-88
-351
-1074
-1467
-1052
-381
228
458
344
496
213
-358
190
978
1207
1220
816
108
230
633
556
957
1107
741
596
38
-347
422
703
611
745
635
212
489
-290
-2650
-1279
754
1347
921
-332
-1575
-1601
-1798
-2606
571
3377
1073
-1553
-3286
-3092
83
919
-138
1885
1559
-2120
-2745
-1062
1218
3578
1849
-1367
268
825
-288
616
1829
2452
2475
-101
-1556
792
1345
251
469
580
527
179
-1349
-1535
4
69
-530
-872
-1108
-1037
-1266
-1648
-1706
-564
-124
-745
-1093
-1018
-680
-249
406
277
-295
567
323
-337
576
847
645
815
423
68
612
950
499
728
1052
621
761
-9
-232
831
795
513
806
742
193
440
-1287
-2666
-190
1224
1206
544
-765
-1722
-1511
-2359
-1912
2390
2891
-33
-2252
-3700
-2377
841
324
402
2427
44
-3039
-2146
-222
2381
3536
385
-956
955
264
-425
976
2098
2685
1683
-1056
-693
1469
834
333
586
650
357
-639
-1770
-812
199
-124
-491
-994
-1213
-1532
-1768
-1516
-555
200
-32
-885
-1530
-1348
-842
-11
928
424
-95
63
-573
-282
1157
1405
1275
1115
126
10
982
867
684
1003
552
272
-52
-551
216
1044
789
634
788
424
430
-1060
-2927
-424
1357
1390
713
-1104
-2237
-1654
-2464
-2541
2502
3458
158
-2013
-3893
-2751
969
932
494
2781
253
-3712
-2772
-655
2253
4120
1015
-1275
489
-171
-606
1241
2650
3135
1934
-1108
-1164
1367
929
423
817
794
519
-539
-1891
-951
393
156
-281
-744
-1026
-1556
-1925
-2182
-1010
239
-340
-745
-1348
-1390
-951
-163
423
214
772
398
-629
-241
629
956
1386
1253
296
100
677
352
729
1612
1059
892
141
-610
63
993
921
830
1223
653
108
-1979
-2494
81
1828
1866
291
-1532
-2007
-1838
-3003
-1287
3044
2335
-642
-3251
-4365
-1779
1240
407
1272
2642
-1029
-3710
-2466
36
3255
3553
-110
-579
607
-752
-521
1575
3117
3361
1137
-1479
-321
1407
523
488
947
994
260
-1200
-1903
-333
571
35
-532
-999
-1056
-1568
-1841
-2049
-720
237
-787
-968
-1241
-1310
-754
49
51
20
1128
116
-705
388
514
561
1182
568
320
824
547
56
802
1185
748
930
45
-25
657
589
785
1251
1329
811
-865
-2844
-1000
850
1813
1742
-660
-2146
-1593
-2519
-2699
2165
3301
442
-1515
-4176
-3444
337
649
212
2678
649
-3131
-2576
-1177
1543
3435
868
-1091
726
-113
-1025
573
2311
3150
2086
-528
-792
1323
1018
352
845
1233
817
-720
-1835
-841
445
161
-355
-685
-862
-1512
-2253
-1857
-486
151
-372
-1177
-1734
-1225
-843
-489
397
773
352
-151
-522
-131
1188
1119
657
711
344
-20
545
814
882
1327
649
120
467
794
632
1124
945
660
1075
1067
-459
-2579
-909
429
1535
1865
-350
-1970
-1510
-2005
-2876
1552
3616
737
-1491
-4198
-3838
280
917
-207
2190
620
-3417
-2812
-1011
1551
3865
907
-1994
461
503
-744
460
1984
2911
2069
-895
-1363
1312
1179
65
539
1158
1076
-337
-1811
-973
910
886
-61
-637
-738
-1134
-1909
-2154
-470
464
-500
-1364
-1678
-1215
-593
-9
-221
-172
580
-77
-821
1
771
475
406
464
293
578
711
258
604
1298
973
420
351
538
689
1217
988
1072
1299
1002
-1279
-2464
44
1025
2000
1536
-946
-2155
-1238
-2357
-1879
3407
2826
-389
-2067
-4308
-2971
1125
683
209
2310
-1003
-4036
-1906
-85
2128
3428
-182
-1614
749
-330
-523
1307
2029
1984
840
-1275
-338
1835
643
240
901
956
444
-609
-1171
-105
782
208
-229
-415
-630
-1670
-2140
-1214
137
539
-471
-1479
-1752
-968
-548
-72
764
249
-310
-696
-867
432
1476
709
266
275
-140
208
1009
832
699
700
-83
-137
869
807
954
1137
612
584
962
314
-2273
-1007
889
1160
1869
381
-1775
-1895
-1374
-2767
385
4207
1259
-1100
-3289
-4202
-875
1777
593
1655
1276
-3353
-3645
-829
1275
3319
2092
-1919
-1056
141
-609
912
2425
2080
807
-784
-1476
958
1920
468
505
555
87
-598
-767
-333
835
711
-411
-822
-778
-804
-1336
-1213
-212
151
-436
-957
-1515
-1170
-213
148
361
686
278
-539
-653
8
891
1055
517
-91
-273
-16
699
973
842
650
131
-611
-122
620
1108
1594
901
469
465
472
-1984
-1394
1497
1458
1878
570
-1808
-1905
-786
-2449
-560
4334
1566
-1125
-2729
-4143
-1471
1755
368
1050
1949
-3029
-4309
-1292
1013
2744
2140
-1723
-1379
397
-1033
360
2871
2952
1068
-1176
-1961
506
2207
739
784
1160
466
-1162
-1458
-292
1230
1288
-111
-862
-1089
-1218
-1916
-1340
350
642
-411
-1370
-1830
-1221
-81
243
407
811
-16
-1210
-1011
-60
1083
1519
616
-239
-253
-150
354
1162
1377
1024
263
-829
-618
409
1056
1765
1588
894
701
279
-2356
-1814
1386
1816
2188
727
-2227
-2298
-864
-2192
-267
4319
1585
-1324
-2941
-4140
-1177
2148
708
988
1762
-2880
-4160
-976
1236
2977
2061
-1871
-1659
161
-1009
165
2779
3032
1179
-1274
-2122
192
1963
735
714
1174
536
-1125
-1526
-204
1336
1344
153
-597
-751
-1345
-2390
-1397
437
849
-187
-1223
-1837
-1264
-237
4
858
1199
-162
-1266
-1083
-57
1235
1489
542
-69
-380
-756
194
1421
1462
995
-52
-1144
-448
481
1227
1823
1636
738
448
-169
-2846
-1060
1779
2055
2100
322
-2415
-2305
-827
-1901
1243
4694
818
-1957
-3398
-3663
-157
2460
654
1195
792
-3876
-3591
14
2082
2961
1157
-2537
-1429
-23
-880
748
2881
2238
32
-1616
-1322
1210
1760
572
855
1269
358
-1312
-1106
213
1209
695
-228
-573
-744
-1416
-2564
-949
1012
569
-459
-1278
-1792
-1226
-266
48
1108
1314
-962
-1671
-882
-30
1284
1453
346
85
-331
-811
389
1675
1451
652
-408
-964
4
679
1158
1679
1476
670
341
-1930
-2692
668
1870
2032
1262
-1211
-2559
-1583
-1842
-861
4115
2841
-925
-2784
-3947
-1821
1800
1579
977
1764
-2074
-4370
-1448
1542
3051
2210
-1165
-2166
-227
-749
-89
2221
2892
845
-1549
-1772
221
1960
991
511
865
730
-859
-1355
70
1249
1051
-14
-539
-600
-1064
-1721
-1345
435
1232
-393
-1271
-1369
-1136
-320
257
926
816
-78
-1652
-1421
311
1235
1443
625
-329
-829
-705
228
1510
1522
776
-502
-814
-111
399
1296
1742
1489
424
167
-1902
-2154
897
1725
2019
1064
-1060
-2312
-1439
-1700
-339
4056
2497
-706
-3049
-4211
-1806
1796
1662
1308
1183
-2992
-4266
-1038
1674
3158
2263
-1171
-1971
-765
-1181
355
2803
2741
494
-1720
-1887
178
1747
968
1045
1058
262
-1236
-1135
481
1410
1134
160
-392
-1336
-1534
-1534
-704
1572
1049
-1127
-1693
-1678
-1525
-155
1311
980
379
-873
-2478
-1071
994
1074
1216
831
-671
-1160
-144
881
1631
1667
-76
-767
19
362
955
1679
1630
540
309
-1135
-2035
202
1300
1782
1107
-268
-1770
-1536
-1519
-1206
2381
2306
324
-1752
-3585
-2651
109
938
1042
1500
-1426
-3568
-1763
607
2077
1747
-348
-1175
-208
-707
-286
1613
2835
1233
-1074
-1245
290
1704
968
538
714
730
-713
-1196
307
1277
906
-157
-402
-690
-907
-1387
-1434
722
858
-1095
-1448
-833
-1043
-663
208
1
515
117
-1599
-689
1129
399
-120
167
-18
332
671
317
841
1452
405
-193
538
1191
1037
1230
1350
986
607
-1363
-1522
162
1215
1280
-349
-1110
-1152
-810
-1609
-438
2229
889
-846
-2480
-2454
-612
829
-24
82
360
-2270
-2662
-478
1591
2134
651
-1483
-905
633
-141
481
1933
1662
82
-802
-276
1288
1938
543
118
620
563
-334
92
1067
1026
4
-1112
-1161
-304
80
-564
-319
-34
-1243
-1824
-1149
-630
339
502
-764
-988
-626
-1042
-529
805
754
-34
-723
-1109
-111
1445
1589
859
494
-46
-190
499
1473
1764
1529
931
28
573
-479
-915
818
1480
1557
204
-1290
-1766
-640
-1059
-929
2081
1011
-1121
-2736
-3483
-1597
1055
540
-177
181
-2438
-3179
-746
1051
1813
1059
-1150
-1434
31
-60
603
2201
2047
140
-922
-86
1702
2363
933
531
698
370
-645
-97
1447
1559
424
-1290
-1399
-256
-134
-454
-72
220
-1024
-2151
-1556
-848
91
-111
-1040
-914
-663
-1225
-855
687
890
77
-493
-910
316
1516
981
840
956
213
146
816
1474
1827
1781
953
845
1041
-744
-227
1058
1586
1438
-5
-1289
-1041
-462
-1580
-77
1534
-199
-1234
-2574
-2802
-739
566
-529
-479
-855
-2930
-2094
-87
939
1023
10
-1365
-589
183
161
1144
1821
797
-470
-186
819
1953
1824
887
852
887
544
34
1016
1474
166
-834
-766
-187
399
189
-956
-875
-885
-1679
-1149
149
-268
-895
-1279
-1922
-1133
-111
-561
-283
328
-899
-1239
-15
556
861
810
432
558
767
461
561
1720
2155
1609
910
1189
572
-551
866
1584
1593
1205
-398
-1548
-357
-36
-1107
1173
951
-1542
-2069
-2506
-1852
389
399
-1269
-813
-1902
-3163
-777
1016
834
103
-1246
-1829
-129
319
642
1755
1284
-79
-346
304
1597
2594
1537
819
951
508
145
1239
2069
650
-524
-469
-479
18
210
-458
-886
-616
-1077
-1732
-708
-286
-1244
-1081
-945
-1155
-1043
-1467
-790
644
-38
-1013
-387
-244
-194
1010
1168
683
911
408
213
1908
2656
1004
1155
1035
-537
570
1485
1841
1767
607
-1155
-885
81
-448
1378
1334
-1197
-2371
-2583
-1878
237
690
-1304
-1208
-1905
-3300
-1265
862
776
-165
-1089
-1758
-613
172
368
1072
1349
244
-652
93
1373
2061
1356
1087
963
528
582
880
1406
1590
609
-281
-526
-478
-195
-125
-136
-23
-797
-1798
-1516
-632
-646
-588
-902
-1313
-965
-1105
-1119
-236
-117
-855
-727
-407
100
690
725
388
716
737
794
1474
1765
1731
82
147
1483
1525
1915
1146
7
-376
197
-510
-65
2140
381
-1157
-1831
-2136
-889
365
-372
-778
-897
-2627
-2394
-568
279
164
-371
-1495
-1393
-178
-113
758
1374
400
-760
-428
828
1528
1517
638
518
629
535
468
1178
1634
962
77
-232
132
423
420
105
-8
-634
-1096
-614
-284
-344
-703
-984
-1164
-1020
-960
-771
-253
-81
-587
-721
-388
-339
69
271
49
412
737
600
885
1401
1065
-184
567
1545
1414
1728
1121
-145
-256
184
-451
574
2088
175
-1189
-1600
-1661
-460
513
-229
-501
-873
-2586
-1934
-25
624
377
-564
-1947
-1339
-99
361
1294
1306
-26
-1147
-364
1209
1626
1302
532
141
-48
88
656
1074
1058
347
-493
-335
69
175
173
93
92
-592
-910
-677
-295
-250
-436
-631
-982
-849
-742
-633
-106
80
-421
-525
-100
-190
152
502
503
581
690
540
729
1451
102
-149
1098
1238
1452
1095
222
-250
284
-433
-284
1767
835
-792
-1481
-1643
-1080
299
139
-548
-547
-2135
-2280
-526
471
315
-450
-1266
-877
-162
-332
367
1081
575
-560
-310
619
1044
1371
732
430
350
320
454
870
1325
471
-433
-291
-9
66
-166
-3
-18
-912
-1136
-749
-107
29
-506
-915
-885
-675
-589
-537
91
317
-557
-836
-242
288
392
428
426
230
334
446
909
1749
594
-375
593
1234
1422
1165
194
-201
137
-743
-589
1691
1073
-803
-1416
-1586
-799
427
10
-415
-208
-1729
-2020
-237
799
212
-816
-1367
-1020
-42
128
552
1015
412
-717
-657
922
1644
1122
370
313
222
-10
374
916
1175
629
-546
-656
230
435
152
14
-257
-748
-939
-650
-52
-85
-711
-1024
-807
-609
-525
-214
224
-19
-791
-747
-100
258
412
397
392
475
410
287
874
1140
-35
138
1042
1551
1237
391
51
185
175
-422
689
1692
399
-911
-1702
-1164
-8
252
-393
-326
-929
-2239
-1323
68
585
-107
-790
-1004
-437
-97
87
768
700
-169
-1038
-201
1306
1384
502
74
259
31
313
981
1082
940
-71
-958
-144
512
-16
-84
119
-510
-909
-646
-409
269
179
-713
-942
-557
-545
-587
123
317
-384
-696
-539
-261
242
449
328
394
510
-9
99
775
232
421
1046
1164
692
29
-238
149
657
-102
356
1117
266
-526
-925
-652
147
389
-511
-579
-574
-1298
-888
-27
208
-286
-723
-959
-293
58
-60
410
455
-190
-628
52
881
942
380
-75
47
86
361
768
960
603
-297
-709
52
834
504
326
211
-521
-820
-383
-137
210
-17
-966
-1023
-499
-247
-243
24
81
-455
-549
-210
19
177
248
215
95
154
57
256
638
77
-75
502
1208
1230
392
-295
-127
222
-9
562
1101
418
-515
-1311
-951
152
524
-132
-338
-607
-1290
-833
107
550
54
-793
-1166
-539
-24
61
335
463
-80
-838
-288
828
1063
541
154
80
22
351
543
868
888
-31
-716
-70
636
394
233
250
-204
-718
-401
-37
164
41
-738
-1131
-524
-179
-359
-109
52
-560
-772
-350
-27
265
345
67
1
169
174
449
475
-88
69
743
1036
760
217
72
389
279
-147
686
1122
426
-570
-1048
-416
507
303
-500
-481
-839
-1205
-597
-83
-20
-483
-909
-897
-452
-98
157
466
186
-389
-625
229
1178
923
205
26
-148
-213
386
867
995
557
-453
-907
74
840
552
555
170
-776
-992
-318
297
385
35
-679
-1127
-629
-180
-190
249
258
-581
-858
-197
165
61
316
-17
-309
144
352
543
472
-43
-14
750
1198
690
127
0
168
151
-20
827
1162
237
-781
-1030
-309
453
446
-36
-234
-742
-1163
-495
236
282
-306
-700
-629
-439
-324
-105
290
249
-378
-829
-137
672
476
67
321
231
-193
128
516
828
756
-112
-494
113
421
115
224
278
-318
-597
-203
219
355
117
-361
-485
-262
-209
-106
250
121
-689
-774
-118
103
-21
-73
-124
-32
264
287
353
274
-238
-248
423
1029
716
56
-218
-36
29
5
746
1011
351
-545
-915
-242
539
488
-23
-181
-573
-888
-274
468
356
-330
-831
-712
-215
-206
-243
79
174
-296
-768
-187
675
474
-78
-74
191
147
39
208
399
311
-268
-547
17
480
279
128
123
-73
-247
-64
371
383
29
-440
-494
-137
-64
-101
8
86
-267
-591
-211
212
143
-10
-206
-368
-208
-58
87
357
178
-433
-236
608
892
620
174
-133
100
229
125
484
666
110
-653
-721
-153
511
668
249
-249
-586
-595
-246
280
486
1
-513
-599
-447
-328
-142
161
176
-98
-424
-273
202
217
0
-62
-61
-17
88
262
428
301
-141
-353
29
462
439
253
155
-62
-280
-133
286
538
278
-239
-397
-116
50
-21
95
108
-162
-463
-451
-91
127
110
-83
-194
-154
-251
-141
230
287
-104
-406
-29
526
485
66
-204
-109
57
197
457
716
640
45
-523
-413
61
357
474
395
-68
-644
-810
-362
262
348
-21
-321
-257
-211
-177
-60
-32
-103
-373
-387
-49
251
201
-55
-38
-34
-120
1
366
573
397
99
-84
-93
28
172
263
336
165
-50
-25
51
23
-91
-157
-6
58
-49
-57
37
-102
-409
-417
-109
148
150
93
-58
-256
-422
-451
-175
179
342
126
-171
-209
-267
-102
340
633
422
29
-57
-100
-31
123
180
210
91
-160
-229
122
412
187
-105
-264
-215
-56
30
49
60
-26
-200
-208
-78
69
99
88
19
-51
5
27
12
-13
-71
-63
7
38
25
51
18
-57
-89
4
98
131
36
-184
-250
-116
76
129
91
-38
-184
-160
-120
-83
-60
-72
-86
-127
-167
-170
-108
-108
-232
-188
-101
-52
48
-5
-170
-201
1
49
102
280
260
164
74
39
76
176
280
203
131
95
18
50
71
78
51
71
94
-1
-73
-156
-117
73
39
-162
-240
-229
-136
42
105
4
-89
9
115
79
75
79
166
232
178
96
94
179
189
81
26
86
169
187
95
-7
-132
-157
-62
22
51
35
-35
-159
-198
-190
-131
-10
-48
-165
-185
-146
-94
-92
-149
-86
6
-22
-80
-42
25
-32
-58
-83
-92
42
97
71
144
193
189
279
342
170
59
133
211
218
119
-7
-32
69
67
0
21
65
-2
-112
-92
-104
-182
-164
-62
45
-1
-154
-218
-102
26
113
224
234
140
15
-61
24
182
225
179
145
109
34
-18
55
118
36
-12
9
-31
-73
-141
-249
-263
-176
-89
-79
-140
-302
-413
-337
-229
-102
-18
-51
-111
-209
-199
-93
-3
27
-84
-148
-60
-27
-29
6
25
17
90
155
63
57
89
40
83
134
97
49
63
92
-18
-118
-87
-7
55
-1
-21
22
39
28
-65
-69
62
152
177
123
46
29
-2
32
108
69
26
64
67
22
33
130
185
136
56
31
47
22
-57
-119
-97
-48
-121
-174
-103
-51
-90
-155
-116
-79
-119
-193
-240
-273
-269
-237
-224
-149
-111
-211
-283
-163
18
146
194
155
141
160
185
220
203
198
202
184
190
221
209
176
155
121
123
153
107
52
10
-142
-235
-127
-15
-60
-189
-288
-280
-117
5
-72
-75
22
25
14
89
146
155
169
158
97
150
217
193
227
205
103
93
188
170
70
44
52
62
39
-9
-127
-143
-85
-106
-130
-129
-117
-165
-207
-226
-200
-114
-98
-129
-163
-207
-194
-132
-113
-93
-37
8
10
19
27
29
81
121
85
76
135
131
101
121
186
215
175
109
50
60
95
99
57
-58
-140
-131
-66
11
-35
-131
-179
-163
-125
-91
-44
-54
-132
-212
-186
-103
-45
-5
-3
-22
-17
6
38
103
162
164
105
87
127
165
186
158
91
11
32
90
89
99
82
14
-56
-89
-94
-93
-99
-130
-176
-209
-252
-233
-145
-102
-127
-179
-191
-134
-38
14
17
53
49
-10
-6
83
187
220
185
121
123
140
132
170
169
132
104
28
-35
8
68
64
48
-1
-74
-83
-39
-16
8
-2
-38
-58
-94
-107
-83
-22
40
68
58
41
58
58
62
97
118
110
72
50
40
65
75
60
91
69
-16
-67
-78
-61
-26
-18
-69
-127
-157
-185
-138
-55
-66
-121
-163
-196
-175
-144
-112
-96
-90
-85
-80
-71
-90
-66
2
55
89
100
131
144
106
102
92
123
180
147
102
90
84
61
80
104
57
11
-12
-14
-1
-12
-49
-74
-41
-33
-75
-91
-97
-91
-66
-42
-37
-12
-27
-68
-42
13
59
86
104
85
67
76
84
122
150
156
140
107
79
28
3
36
54
27
0
-24
-70
-69
-75
-73
-49
-81
-121
-127
-107
-109
-97
-70
-90
-88
-63
-68
-81
-40
31
32
31
66
61
58
60
48
77
154
148
81
78
53
16
39
67
50
14
-32
-54
-37
-2
-4
8
11
-99
-150
-101
-55
-4
-8
-76
-102
-92
-91
-53
30
48
-6
-58
-90
-81
-28
10
32
47
43
25
-4
34
104
111
91
50
14
1
34
83
87
86
34
-23
-23
10
53
61
69
27
-53
-104
-108
-50
5
4
-45
-121
-131
-105
-80
-26
28
24
-59
-111
-91
-38
21
63
49
-8
-42
-72
-50
66
137
81
5
-38
-48
-14
35
61
39
5
-62
-75
-1
91
112
28
-32
-67
-78
-26
79
121
71
-3
-71
-52
38
117
127
111
64
-16
-29
21
73
100
72
7
-22
-14
2
30
70
48
-16
-53
-64
-41
1
-4
-48
-79
-83
-80
-30
34
15
-18
-49
-90
-60
-22
-35
-35
3
-5
-60
-61
-29
8
45
31
0
2
-1
-21
-27
13
32
-1
-44
-78
-57
-39
-42
-29
-37
-69
-98
-99
-46
13
5
-49
-74
-74
-55
-4
42
19
-4
1
-12
12
59
76
82
64
27
16
48
106
109
86
79
51
31
43
83
107
92
62
7
-10
23
44
40
25
19
-8
-37
-23
-11
-11
17
4
-33
-42
-22
-10
-7
9
5
10
-9
-38
-11
29
40
35
21
15
35
32
-7
14
51
31
3
-8
-14
-15
-1
-15
-21
-14
-53
-59
-29
-25
-46
-48
-40
-61
-66
-55
-33
12
16
-36
-37
-18
-2
19
18
14
-7
-15
-14
7
41
39
26
1
-25
-24
15
46
49
19
-16
-32
-14
13
14
32
15
-34
-51
-23
19
46
44
21
0
-19
-7
13
28
45
23
-5
-20
-19
3
17
32
16
-15
-16
-22
-7
5
3
13
0
-17
-30
-24
-26
-48
-39
-37
-50
-53
-44
-33
-21
-16
-32
-27
-11
-8
-2
11
9
-7
-12
-13
5
31
31
28
27
26
20
15
24
38
54
51
21
19
24
7
7
13
11
4
-2
4
11
-1
-11
-12
10
7
-12
-10
-12
-12
-18
-36
-43
-31
-24
-25
-23
-7
3
-18
-17
-9
5
14
11
33
35
22
10
8
22
31
25
7
2
3
10
13
23
14
-16
-23
-14
-8
-9
-10
-8
-13
-34
-55
-61
-38
-28
-24
-9
-5
-13
-22
-6
6
33
35
13
16
19
22
12
21
35
23
18
7
8
28
36
10
0
2
-5
-11
-3
16
19
22
5
2
25
21
13
17
31
28
13
4
-4
14
32
21
9
5
1
-7
-11
10
22
9
0
-15
-26
-27
-6
0
-19
-27
-32
-21
-10
-16
-11
1
-13
-25
-29
-32
-24
-23
-37
-55
-51
-46
-51
-50
-35
-15
-9
-4
-22
-28
-23
-23
-18
-13
21
36
29
26
18
24
35
34
53
62
59
51
30
28
29
37
32
38
41
29
5
-16
-5
-9
4
8
-4
-2
-11
-9
-8
-2
-8
-22
-26
-33
-31
-21
-10
-4
-10
-6
0
-6
-4
2
3
3
6
9
14
13
15
24
24
26
25
18
26
20
-1
3
13
22
21
34
36
23
19
2
1
8
-2
-17
-43
-48
-40
-31
-20
-9
-12
-18
-28
-35
-29
-24
-19
-36
-45
-36
-34
-22
-7
9
22
21
16
15
17
27
31
23
21
15
7
12
18
28
29
21
12
10
13
6
-1
-5
-6
-8
-10
-11
-8
0
3
-4
-11
-7
-10
-13
-15
-20
-19
-20
-13
-17
-19
-20
-23
-30
-36
-25
-23
-19
-9
-10
-12
-19
-30
-27
-23
-12
-12
-14
-5
-3
0
4
7
15
18
21
20
22
32
35
31
28
26
26
34
38
43
52
59
53
40
26
25
17
11
10
1
-4
-12
-18
-14
-12
-10
-22
-42
-52
-43
-45
-46
-43
-46
-49
-55
-46
-25
-11
-4
-6
-10
-1
9
9
3
2
17
21
18
19
16
18
9
9
26
36
50
51
28
31
35
31
25
12
22
19
21
18
13
20
4
-1
-12
-14
0
-6
-19
-26
-40
-46
-45
-35
-25
-27
-29
-24
-17
-3
10
11
-5
-13
-8
-8
0
15
15
12
21
18
11
14
25
31
27
25
16
14
17
11
12
15
12
0
-15
-9
-12
-9
-9
-18
-7
-5
0
8
12
20
9
9
5
-1
12
2
1
1
-5
-5
-1
-3
-10
-1
-1
-10
-6
-7
-10
-9
-7
-24
-29
-26
-19
-10
-8
-10
-17
-11
-18
-32
-26
-17
-2
-4
-6
-4
-11
-5
-7
2
7
7
15
11
10
8
17
22
15
15
9
12
15
11
10
6
13
9
2
0
-10
-13
-11
-7
2
1
-3
-2
-4
-5
-7
-10
-5
-10
0
-1
-1
1
-3
0
-9
2
0
2
14
2
13
3
7
11
9
19
6
14
9
2
6
-5
6
1
2
9
6
13
-2
-3
-8
-12
-1
-2
1
-5
-5
-3
-7
-1
5
4
7
10
0
0
-3
0
-5
-6
-5
-19
1
0
6
13
-4
15
-1
7
4
-12
15
-17
3
-27
-30
19
-8
10
-40
-16
15
-11
4
-47
14
8
-7
2
-52
30
11
15
14
-21
18
-24
33
-3
-3
35
-14
50
-9
-8
17
11
44
-14
25
-14
3
32
-24
20
-4
-7
-18
-16
16
-16
5
-9
-3
-5
-27
-16
-25
7
15
7
2
-16
-14
-21
0
10
17
5
-15
1
-17
-13
-1
5
-1
9
17
-38
-4
-2
-3
15
5
11
-13
17
-15
-10
17
-10
28
-10
-3
-7
-26
13
-11
25
-5
-8
-1
-33
14
-11
8
18
-9
0
-36
2
-6
10
15
-5
19
-5
5
-9
0
25
6
16
0
3
-12
-8
-11
-23
13
17
-3
-19
-20
-24
-22
7
0
0
10
-8
-12
-4
5
10
11
8
-3
2
12
18
14
1
1
19
17
6
-1
-9
-6
-7
-2
13
7
4
-6
-7
5
18
22
-11
-5
-4
-21
8
15
17
-1
-5
-1
-6
30
17
12
15
0
6
-18
-1
-4
2
14
-1
9
3
7
-14
-28
-7
-1
24
15
5
-6
-18
-11
-7
23
23
7
-9
-23
-20
-24
-9
-4
-14
-16
-17
-4
-7
-6
-18
-10
26
27
25
13
-7
-20
-27
-4
16
26
16
-7
-2
1
-2
5
21
34
19
4
0
8
0
-5
-4
-15
-11
-9
-3
1
1
-2
-6
14
15
5
-4
-7
10
14
11
3
-1
-3
-2
10
-5
-11
-5
-12
-16
-21
-24
-17
-9
-11
-5
-8
-8
-15
-27
-10
-7
-4
-8
-12
2
5
11
-3
-4
6
10
25
29
13
-3
-3
-5
-1
12
19
12
10
3
-7
-4
-6
-1
9
6
5
-11
-19
-14
-22
-13
3
9
7
-3
1
2
1
-2
-2
12
17
12
-4
-11
-15
-14
9
11
23
18
4
6
10
20
24
20
14
5
2
-5
-8
-6
-4
-7
-14
-7
-10
-14
-20
-17
-13
-18
-11
-9
1
7
-5
1
7
16
17
6
8
16
17
7
9
13
17
26
18
8
2
3
4
-3
-13
-28
-19
-6
-9
-6
-19
-28
-14
-6
0
3
4
-5
0
8
7
-2
-9
-7
-8
-5
3
-3
-8
-5
1
10
12
12
0
-2
2
8
13
3
5
-1
-7
0
3
0
1
7
10
4
2
2
-4
-4
-1
-7
-9
-8
-2
-3
1
6
-4
0
-17
-19
1
-9
-7
-7
-2
3
3
2
-9
-3
-1
-7
5
8
2
-2
-1
-4
-5
1
2
5
-4
-10
-5
3
10
1
5
2
-3
0
4
8
-1
-3
-8
-3
-2
-4
7
8
16
5
-3
1
1
12
14
9
10
7
9
-3
-17
-15
-9
1
4
1
3
6
5
4
4
-1
-4
3
-4
4
4
-7
-9
-10
-5
-4
1
11
2
5
8
-1
7
8
9
7
-1
-6
-6
1
-3
2
2
-8
-2
-9
-13
-15
-12
-2
-8
-8
-6
-2
-3
-9
-6
-5
1
1
-2
1
8
10
-2
-9
-6
1
0
2
6
2
-3
1
2
-2
5
4
1
6
-4
-7
-6
-7
1
4
6
7
11
13
14
23
12
-1
3
4
11
10
5
8
13
20
14
7
6
8
8
-1
5
1
-12
-9
-16
-17
-9
-2
-2
-8
-13
-21
-16
-13
-7
2
-9
-14
-9
-5
-3
0
-3
-13
-4
0
-7
-3
-2
-9
-8
-5
-6
-6
2
6
12
15
12
15
13
8
10
1
4
6
-6
-6
-9
-6
1
2
-3
-9
-9
-13
-7
5
4
-2
-3
-11
-14
-10
-9
-1
10
10
-1
-3
1
1
3
6
7
8
11
8
9
13
6
-2
-7
-6
-3
8
5
-2
6
1
-4
-3
-11
-6
2
0
-1
7
7
-1
-1
-1
3
8
12
4
-12
-8
-9
-9
4
3
7
15
10
5
9
11
4
-1
-8
-2
2
1
1
5
14
9
3
-5
-8
2
1
-3
-4
-10
-9
-8
-6
-7
0
9
2
-1
6
12
20
7
-2
-7
-15
-6
-4
3
13
8
9
7
3
2
3
10
4
0
-1
-11
-15
-10
-4
2
7
2
-4
4
0
-4
7
-2
-5
-1
-7
-7
-7
-6
-15
-14
-11
-7
9
4
3
2
1
3
1
4
2
-4
3
-3
-4
8
11
5
6
11
7
6
9
3
-7
-9
0
1
3
1
-8
-5
-11
-9
1
-5
-3
6
1
3
2
-2
-4
-1
9
2
-5
-5
1
4
2
1
-1
-8
-6
-10
-7
-10
0
4
-11
-8
-7
-5
-4
0
8
1
4
9
0
7
7
2
7
3
6
12
-2
-8
-6
-6
1
9
3
-8
-15
-7
-9
-10
18
3
-10
4
-5
-2
2
2
1
0
18
21
0
-6
-21
-4
2
-11
2
-6
-27
-7
5
-2
18
23
2
-3
4
16
1
-25
-19
0
3
16
5
-3
-6
-20
-14
4
21
27
24
-13
-25
-11
0
7
21
-19
-63
0
48
-2
14
2
-73
-3
74
35
45
21
-65
-10
13
3
12
-32
-41
37
76
49
-1
-19
-33
0
43
-9
-7
-27
-86
40
39
-17
65
28
-21
-12
-8
-2
-5
36
16
-58
-5
-16
-42
28
28
9
36
49
14
-52
-51
-31
-81
30
89
4
37
29
-52
-5
36
-22
-14
55
26
-47
9
-29
-82
11
11
-3
26
4
-27
-41
-25
-26
9
7
-24
48
30
28
17
-52
-42
-32
-26
-17
36
7
-22
46
60
27
17
39
-6
-41
-13
-29
14
-12
-42
24
-16
5
77
-12
-1
-3
-86
-22
-15
-23
-29
26
39
-25
12
9
-49
-23
12
28
34
12
-22
-13
10
12
13
4
6
52
21
-31
-5
12
-18
-22
13
6
8
-10
-27
-56
-38
81
80
-5
3
15
-88
-95
69
-5
-27
85
-39
-73
21
5
-44
-99
-9
19
-31
28
40
-27
-12
72
96
34
15
22
-35
-69
71
67
47
60
-91
19
-28
-121
78
8
-99
82
69
-84
9
130
-11
-29
76
-41
-53
32
-42
-33
17
15
-22
-4
-17
5
45
-14
10
14
-72
-65
51
34
40
116
12
-87
-50
-37
-37
-29
36
138
77
-8
1
-117
-80
21
25
15
-16
-1
-129
-124
85
177
128
30
-52
-66
-21
118
145
2
-36
35
58
-58
-96
13
9
5
129
-31
-142
8
5
-36
-46
-42
90
18
-1
10
-64
43
-86
-5
43
-215
-5
72
-66
58
90
-1
-17
141
179
-84
-171
-72
-121
-4
351
180
-110
-84
-72
-15
-11
126
48
-241
-54
40
-70
-68
94
165
-173
-194
21
-64
-9
166
43
-141
-18
35
-73
125
166
-132
-95
121
72
-119
-132
-94
-30
89
117
-37
-132
-15
30
112
107
-130
-127
-155
-79
164
25
29
-13
-76
12
-60
63
184
19
21
-2
-59
-14
56
201
34
-60
-79
-246
-27
227
159
-19
-90
14
-4
-4
57
45
56
-29
-92
-161
-52
110
147
165
-39
-103
-21
-33
-35
43
123
-82
-72
66
-120
-99
22
-1
-11
181
83
-220
-7
43
-135
57
137
75
24
10
30
-48
-13
65
34
-73
-29
-13
21
117
57
-25
-119
-53
19
-44
-7
9
-6
-107
-154
-14
94
138
118
-60
-226
-60
220
112
69
132
-170
-219
-40
41
129
118
-27
-228
-135
29
-29
86
145
-33
60
127
-34
54
-2
-110
128
110
-98
-91
-76
-186
-129
120
252
189
51
-172
-230
-40
-47
21
83
-118
-35
46
-113
-7
201
99
-63
-55
-112
-131
12
0
-77
76
132
-14
-92
-49
38
156
195
106
-15
-191
-125
-3
-82
28
138
-19
-138
-12
-35
-112
133
150
-17
-15
-53
-41
2
-39
-84
-24
-28
-59
24
-36
-30
100
50
14
159
133
-107
18
32
-122
190
128
-55
134
96
0
43
67
-42
-74
0
-42
44
58
-32
9
-63
-21
61
40
5
-26
-69
-136
8
2
-22
113
-2
-53
-68
-60
36
-57
16
74
22
0
-83
-28
-14
52
105
-75
-17
47
-85
-40
117
62
-41
80
13
-44
80
-46
-116
-14
31
-15
28
114
-77
-61
98
30
128
123
-54
-47
-116
-164
20
170
168
119
-14
-96
2
38
30
76
-4
-46
22
-41
-123
-73
-46
-52
45
45
-27
-22
-36
-68
-86
4
91
98
-42
-139
-55
-90
53
258
39
-56
58
-45
-76
28
-19
-43
7
-11
-39
30
94
-11
-5
-5
-94
-44
-97
-199
-63
9
-2
39
46
-18
-51
60
-4
-31
79
-26
-135
-61
28
-33
85
202
-52
-34
32
-100
0
106
55
28
29
-84
-76
24
34
143
118
-37
-43
-106
-79
53
105
111
180
181
-4
41
60
-7
140
50
-135
-91
-58
-58
-7
72
-24
-27
24
-43
-14
-40
-50
-42
-120
-96
-63
-77
-59
9
147
71
80
72
-121
-65
24
56
-32
-43
22
-145
-73
64
45
142
139
70
-81
-79
8
-98
-24
15
-16
51
-6
9
-23
-45
-5
28
46
12
113
14
-139
-13
12
3
95
49
-93
-33
27
-91
1
50
-33
86
53
-64
28
-2
-121
53
159
-42
40
83
-197
-93
75
-21
28
96
-18
-50
38
-48
-44
62
4
9
55
-72
-46
62
-46
-16
97
-5
-15
2
-73
-81
-64
16
27
28
57
-34
-42
10
22
51
10
0
-32
-57
50
31
-52
30
26
12
107
78
51
29
-74
-56
-18
-15
8
-6
-23
-51
56
66
-23
114
99
3
43
-41
-84
-11
-4
-28
-20
45
44
35
42
-61
6
12
-47
21
-38
-93
-54
-32
-25
2
90
46
-31
32
-22
-71
4
-4
-22
-1
-43
-12
16
13
-2
-37
-4
-41
-21
0
-117
5
43
-28
-11
-46
-12
-29
-42
5
-34
30
35
-49
-55
-43
72
69
-14
33
28
-40
-27
53
56
73
76
0
-52
-73
-1
23
-31
12
26
-27
-57
-29
-16
-38
61
96
-8
-15
13
-17
-106
-39
52
4
34
40
12
6
28
52
3
16
8
-37
-13
-19
30
64
-25
-28
-3
-25
29
74
-42
-86
17
-37
-87
-14
9
27
4
-33
-54
-22
42
42
45
7
-20
36
-28
-62
34
62
28
40
72
-23
-4
63
-40
-47
52
51
-19
-32
11
-32
-2
48
-39
-55
-27
-24
-19
-57
-9
58
-22
-38
-16
-44
-14
23
-4
-60
-34
32
4
27
70
0
6
34
9
46
53
-11
-16
-22
-58
6
50
-28
-3
72
6
-33
33
-1
-24
42
-13
-20
39
-10
5
13
-39
-12
30
-9
-36
31
13
28
77
-5
2
27
-47
-56
-5
-34
-31
11
-38
-53
63
52
-9
70
45
-9
55
22
-20
22
7
-6
3
13
25
32
30
-20
-7
-8
-81
-30
-18
-22
39
14
1
0
-11
2
-11
-16
7
-25
-33
-2
5
14
23
26
7
19
70
21
-13
11
5
7
30
28
-16
-24
-49
-50
-36
-26
0
-43
-25
3
-37
5
12
-17
-8
15
51
32
22
-8
-45
9
10
20
35
21
36
19
28
21
29
32
-22
-31
-36
-32
-6
-7
9
-10
-39
-32
-28
3
27
-6
-32
-1
2
-24
-13
8
-8
-13
3
-19
-10
32
16
15
20
8
22
7
-30
-28
-4
-16
0
-3
-25
25
5
1
31
-1
3
13
9
-25
9
23
-70
-39
-13
-41
35
36
-13
9
7
-2
15
-2
-19
7
23
-3
-20
-10
-32
-24
23
-9
26
51
-21
-23
-23
-12
25
42
58
12
19
32
1
-5
-23
-12
-37
-19
-8
-23
23
10
25
26
26
20
-20
8
-32
-32
-13
-92
-47
-37
-53
-16
-31
10
26
29
2
-15
23
-15
5
29
-8
25
28
-8
-22
6
-8
-24
18
-20
-2
40
-10
7
46
11
-13
12
-10
-53
-3
11
-14
16
7
-20
1
2
-6
25
27
14
16
21
-9
-20
-4
-33
-14
23
1
11
15
-17
-5
6
10
9
-15
-11
-25
-42
-24
-29
-33
-22
-5
8
-11
-44
-27
-5
-9
34
39
5
0
-4
-7
-9
24
7
-25
16
-10
-7
23
-7
29
52
40
43
35
29
7
26
36
-3
30
7
-57
-33
-33
-8
32
17
6
-5
17
52
23
24
29
19
22
0
-15
-39
-32
-4
-20
-1
8
-30
-24
-17
-7
23
41
23
4
15
-11
-14
23
-6
-4
8
-40
-25
3
-9
-16
10
26
4
15
-1
-21
0
18
14
3
5
0
-31
-34
-31
-6
25
18
-8
-26
-20
-23
-24
-12
-13
10
26
-5
-14
-17
-8
8
19
7
-11
4
-8
-29
-13
7
19
26
24
6
-4
5
4
6
-1
3
20
4
9
39
22
9
32
22
16
17
-11
-4
-7
-21
0
-9
-4
-3
2
-6
-12
28
6
4
33
-5
-4
11
-1
5
-8
6
0
-6
20
10
-1
-5
0
22
18
14
2
-11
-10
10
2
-15
-9
-16
-31
-22
-25
-26
-1
2
11
-14
-29
-22
-36
-34
-34
-9
6
7
17
-6
-16
-3
-5
-4
-7
4
5
14
-8
-28
13
21
36
45
19
19
23
11
-12
-8
13
-1
6
11
-7
-3
-5
-12
-5
5
-5
-28
-34
-29
-17
3
3
-16
-14
-10
6
14
-12
-16
-5
10
7
2
21
22
16
19
3
17
12
0
4
-6
0
-1
3
5
1
10
-3
-9
-12
-9
-4
-14
-12
-14
-15
-6
-5
-7
-4
-3
-4
-5
2
15
23
12
8
15
8
14
13
7
0
-1
7
1
1
2
7
11
4
-2
-12
-13
-5
-11
-7
-8
-2
-9
-11
5
-14
-9
1
7
6
-4
7
-7
-10
18
19
9
9
9
14
19
18
12
2
-3
-1
6
8
3
4
0
-7
-2
2
0
15
24
19
19
14
3
10
2
-3
5
-11
-18
-12
-26
-26
-7
3
-17
-11
4
-13
-1
13
-12
-11
6
-8
3
17
3
15
17
10
12
7
-1
-11
-21
-27
-19
-9
-17
-12
-1
-9
-3
12
18
4
0
-9
-20
-20
-40
-49
-54
-51
-35
-38
-30
-6
-2
9
12
1
0
2
7
10
12
5
-4
4
7
10
19
32
42
43
28
15
21
23
-2
-2
19
22
6
-2
5
-2
10
23
12
3
11
5
-9
-9
-20
-29
-27
-28
-17
-7
-6
-8
-15
-9
-11
-4
-5
-27
-10
-4
-16
-8
0
-5
0
23
22
22
33
33
19
8
18
27
23
23
19
18
0
-14
3
-4
-10
-5
-21
-23
-9
4
1
-3
-2
-6
-4
0
3
0
0
0
1
-4
-4
-5
-12
-17
-7
-15
-18
-7
9
9
13
25
26
19
17
14
2
3
1
0
-2
1
-3
8
-10
-14
-6
8
25
14
2
-16
-6
-1
-11
-8
0
-3
20
31
32
22
8
-5
-7
5
1
3
-8
-8
-1
-4
-1
-2
-3
9
3
-3
-18
-23
-16
-11
-2
-2
1
-8
-10
-16
-19
1
16
12
-7
-12
-16
-9
13
19
16
21
21
7
11
10
9
14
-4
-15
-23
-39
-29
-24
-20
-18
-6
19
17
22
11
-1
1
11
20
-9
-17
-21
-30
-26
-13
-7
-13
5
21
22
34
35
24
26
21
16
1
4
14
13
25
14
11
11
15
29
23
15
13
13
9
4
-2
-17
-15
-17
-26
-21
-25
-30
-34
-32
-37
-37
-17
-19
-20
-18
-16
-12
-10
-3
2
4
10
4
10
11
2
2
-1
1
-1
2
4
4
10
0
1
11
9
13
10
-4
-5
-10
-13
-16
-8
1
2
6
1
6
10
4
-1
-3
-9
-10
-13
-23
-8
7
16
14
12
15
7
10
10
5
5
11
5
-3
-4
5
10
14
17
11
5
-6
-7
-15
-20
-22
-26
-28
-29
-13
1
10
18
17
16
14
19
17
9
2
-20
-26
-13
-4
-10
-13
-7
2
8
13
9
7
2
-8
-15
-20
-25
-28
-27
-28
-23
-21
-26
-13
-13
-14
-12
-38
-43
-42
-42
-47
-41
-28
-21
3
12
29
61
81
85
78
64
40
25
25
14
7
5
-9
-10
-10
-9
0
3
4
12
14
0
-9
-6
-7
-7
-8
-19
-5
11
5
1
8
5
0
0
2
3
1
-5
-15
-5
9
16
14
1
1
14
24
26
25
22
22
23
17
6
2
-1
-9
-12
0
8
8
11
7
12
16
3
6
-1
-8
-16
-26
-25
-24
-19
-20
-20
-16
-20
-11
1
3
0
-13
-18
-4
-5
-11
-14
-17
-16
-11
-1
-1
1
4
1
-2
6
0
-8
-14
-18
-15
-13
-3
4
-1
-2
-1
-3
-3
-5
10
16
15
19
14
10
7
8
4
7
15
14
8
15
7
1
0
4
9
-1
-7
4
8
-5
-8
-6
6
14
16
11
5
10
7
1
3
10
-2
-10
-5
17
23
8
-7
-8
0
7
2
-1
-1
-11
-17
-6
-8
-17
-21
-22
-8
0
5
15
8
-6
-13
-5
-6
-10
-6
-14
-6
-6
-5
0
1
-1
-16
-17
-10
-12
-3
5
-5
-5
-15
-14
-15
-13
-1
-4
5
5
1
3
-1
-5
-12
-8
3
7
7
7
11
9
3
2
6
7
5
2
-4
0
5
10
16
11
4
-1
1
13
15
6
0
-1
-3
-6
-3
3
2
-1
-3
0
8
8
10
5
1
-2
-8
-1
6
7
1
1
13
15
7
-2
-3
2
5
2
2
5
8
6
3
9
4
-9
-13
-6
-7
-10
-12
-14
-6
-12
-17
-11
0
7
6
14
12
7
10
6
5
6
2
3
0
-7
-6
-2
0
-1
-2
-10
-14
-10
0
-2
-10
-5
-4
2
10
9
1
-5
-2
-7
-12
-12
-8
-9
-12
-10
-9
-3
-4
-9
-5
3
8
9
10
5
7
5
11
19
23
20
12
5
5
12
15
13
3
-8
-6
1
-4
-6
-7
-9
-5
4
7
5
7
4
-5
5
10
0
-7
-6
-1
-2
4
6
6
8
6
1
-7
3
11
1
-2
-1
-7
-2
6
5
-4
-4
2
-6
-6
-2
-1
0
-8
-17
-11
-4
4
8
10
12
11
8
0
9
14
4
5
4
0
2
-5
-2
-2
4
10
2
0
-3
-4
0
-4
-1
-3
-1
7
4
1
-3
0
-4
-9
-9
-3
3
0
-4
-10
-8
1
8
9
10
10
5
1
4
7
1
-8
-10
-7
-6
-4
-4
-9
-2
6
4
2
-3
0
7
5
1
-9
-9
-4
-3
-2
-9
-9
-3
3
7
4
3
-8
-8
0
-5
-18
-19
-10
-5
-1
2
4
8
7
-1
-2
2
4
3
2
4
1
-4
0
7
4
-6
-6
5
13
6
7
9
3
2
0
-2
0
1
-9
-14
-9
-14
-12
-8
-5
-5
-8
-8
0
8
4
-3
-4
-2
1
4
3
-6
-8
-7
-8
-4
1
6
1
1
3
0
2
3
2
3
4
3
-2
-3
-6
-6
-5
-1
6
2
-4
-8
-7
3
13
13
2
-8
-9
-3
1
2
5
6
9
9
5
1
0
5
3
3
9
10
11
9
1
-7
-6
5
8
3
5
-2
-3
1
4
5
4
-6
-10
-7
-6
-1
4
8
9
7
6
0
0
0
-6
-8
-2
-8
-11
-2
-1
-4
-9
-7
-3
0
12
5
-8
-12
-16
-12
-2
4
0
1
5
5
3
1
4
10
6
-5
-5
-3
-6
-11
-15
-10
5
10
5
9
7
1
5
11
9
2
-2
5
7
7
7
-4
-3
13
11
9
12
8
1
-6
-8
1
8
-1
-11
-10
-1
1
0
-1
-6
0
0
-5
-7
-9
-13
-6
-2
-4
4
3
-8
-11
4
14
14
16
6
3
7
4
1
-3
-3
-3
-3
1
-2
2
2
-4
-5
-4
-2
0
0
-2
-3
-3
-7
-5
-5
-3
0
-4
-6
-7
-10
-9
-7
-5
-2
-5
-6
-9
-6
1
-2
-2
0
0
-9
-7
0
-3
-2
0
1
3
1
-1
-4
-8
-9
-9
-8
-2
2
-2
-10
-11
-10
-17
-12
-3
3
5
5
7
8
0
-3
-6
-4
4
5
2
-2
-1
0
2
3
3
5
9
8
9
7
4
6
9
8
6
8
6
9
8
9
11
12
17
13
13
8
4
4
4
12
13
9
7
5
2
1
0
-3
-2
2
0
2
-3
-5
0
4
2
0
2
3
-4
-6
-7
-5
0
2
2
5
4
0
-2
6
11
9
7
1
-3
-3
0
0
-1
-4
-4
-5
-2
-4
-7
-6
-3
5
4
7
11
6
1
-3
1
0
-4
-3
0
6
2
-2
-3
-3
-3
-4
-2
-1
3
-1
-7
-6
-5
-5
1
5
13
14
12
15
10
6
6
6
4
4
7
-4
-11
-7
-10
-8
0
3
1
0
-4
-7
-9
-6
6
9
4
-2
-5
-14
-11
-10
-9
0
4
3
-4
-5
-6
-3
-1
-1
-3
-6
-1
4
3
-2
-6
-4
-2
1
4
-1
-4
-1
1
-1
-6
-1
2
4
6
5
5
11
11
6
5
5
0
-11
-10
-7
-9
-9
-4
0
-1
-4
-8
-5
-6
-6
-1
1
2
6
7
2
0
-2
-6
4
9
6
0
-2
-3
0
1
0
1
3
1
3
2
-6
-11
-9
-3
-1
1
0
-10
-11
-10
-10
-5
-4
-2
3
-1
-4
-9
-17
-19
-10
-6
-4
1
7
7
8
6
5
2
2
1
1
1
4
0
-4
-2
-1
3
9
4
0
7
8
8
9
7
7
3
-2
0
6
7
1
-1
0
1
1
-2
-1
-1
-7
-12
-6
3
8
7
3
3
0
-2
-5
-5
-1
0
-2
-3
-1
-1
0
-3
-1
2
2
4
0
-3
-3
-5
-1
0
0
1
0
-3
-5
-7
-3
1
0
2
7
6
1
-2
-6
-6
-3
-7
-7
-4
-5
-3
-1
0
-1
3
5
-2
-2
-5
-9
-6
-4
-4
-2
0
-1
6
13
13
18
17
12
11
13
9
7
9
10
5
6
8
6
6
1
-8
-5
-3
-5
-3
-5
-3
-4
-5
-2
2
3
2
0
-5
-3
-1
5
8
8
3
-2
0
5
8
9
-1
-4
-7
-8
-3
-1
1
0
-3
-8
-6
-1
-1
-1
-4
-3
1
0
0
-2
-2
-2
0
2
1
0
1
-4
-4
-1
3
4
-1
0
2
4
0
-7
-10
-6
0
0
-2
1
0
-1
0
2
1
-2
-10
-12
-12
-10
-7
-2
-3
-3
2
2
6
8
14
13
8
4
5
12
11
3
-4
-6
-3
-1
1
7
5
2
3
3
4
5
1
-2
-3
-1
3
-1
-2
-2
2
6
3
1
3
-1
-1
-5
-5
-4
-1
0
3
3
1
1
-1
-1
-3
1
6
13
7
-2
-5
-7
-4
-1
-1
-1
-3
0
-4
-6
-3
-5
-8
-9
-7
-2
2
-1
-3
-6
-4
-2
-2
-2
-2
-2
-4
-5
-1
-3
-4
-1
2
1
-2
0
0
2
1
2
0
2
7
11
11
8
2
-4
-9
-10
-6
-4
-4
0
-3
-6
0
5
9
7
5
3
6
6
1
-1
-1
-1
-3
-1
-3
-4
-5
-1
2
5
5
4
1
1
1
3
5
3
3
1
2
3
5
2
1
3
5
8
12
12
5
4
2
-1
-3
0
6
1
3
3
-4
-6
-7
-3
-3
-2
3
0
-2
-5
-5
0
7
11
4
3
4
5
3
2
1
0
1
0
-6
-4
0
-3
-6
-7
-7
-4
-3
-1
-3
-3
1
-5
-8
-9
-9
-6
-2
4
1
1
1
-4
-6
-3
0
3
6
4
-2
-2
-3
-5
-5
-1
-1
0
-2
-2
0
-2
-1
1
-5
-1
3
-1
1
-1
-5
-3
-2
-2
-4
-3
-3
-6
-8
2
8
9
9
5
3
-2
-4
-3
0
3
0
-1
-5
-5
0
1
0
2
3
-1
-5
-4
-4
-1
1
-2
-3
-3
-3
-2
-3
0
0
0
6
9
12
12
2
-3
0
3
5
-1
-6
-8
-6
-3
-12
-14
-8
-1
4
2
2
3
4
1
-1
-1
6
7
2
2
2
1
-3
1
5
8
6
0
-4
-6
-3
-1
3
4
2
2
4
9
9
8
10
6
0
-1
3
1
0
1
2
7
12
10
4
10
14
11
8
5
-1
-2
-1
-3
-5
-2
-3
-4
-6
-6
-4
-8
-8
-8
-8
-5
-7
-11
-7
-8
-9
-5
0
2
2
-1
-4
-3
2
2
-1
2
1
2
0
5
2
4
10
6
5
5
1
2
3
0
-2
-2
-2
-4
-2
2
5
4
2
2
3
3
6
5
2
3
1
-3
-4
-2
-1
-3
-4
-1
-3
-5
-3
0
4
7
6
1
-3
0
2
3
7
4
3
4
0
0
5
6
4
-1
-7
-10
-10
-8
-10
-10
-9
-14
-15
-11
-9
-4
-6
-2
1
0
3
0
-8
-8
-6
-3
-2
4
10
3
-1
1
5
6
3
-3
-2
6
11
11
12
12
11
8
4
1
-6
-2
4
1
-3
-2
7
12
12
12
8
8
7
3
1
2
-2
-5
-1
6
6
0
-3
-5
-6
-7
-7
-6
-7
-8
-5
-6
-6
-4
-1
3
5
5
2
0
2
3
3
4
6
3
1
2
2
1
-2
-2
-5
-3
-1
-1
-1
-1
0
1
1
1
2
2
1
0
0
-1
-1
0
2
-1
-4
-6
-4
-3
-4
-4
-3
-3
-2
-2
-2
3
5
0
-6
-5
1
-1
0
-3
-10
-10
-10
-10
-6
-2
5
8
7
3
-1
-2
1
3
2
5
8
10
9
3
5
6
7
3
-6
-10
-10
-11
-10
-7
-9
-10
-3
4
10
12
8
4
5
4
3
6
4
3
2
-1
-2
-3
-4
1
9
10
6
1
-3
-5
-1
-5
-5
-2
-1
-3
-4
-3
-2
-4
-5
-6
-2
0
-4
-4
0
-5
-8
-8
-8
-3
-1
7
8
11
11
8
5
6
4
4
7
13
13
8
8
5
-4
-6
-5
-4
-2
-2
-4
-4
-2
-6
-7
-12
-7
-4
-1
0
-2
0
-2
-3
-2
-7
-10
-8
-8
-7
-4
1
-1
4
3
-1
-3
1
0
2
4
5
4
4
3
-2
-6
-6
-3
1
6
3
5
4
5
8
7
7
9
10
4
-1
-3
2
8
9
9
7
8
4
2
4
1
-4
0
3
2
1
1
-4
-1
4
4
-1
-6
-8
-8
-8
-12
-17
-22
-21
-18
-14
-9
-4
-3
-1
-1
-1
0
-2
-2
-5
-10
-4
-2
-5
-4
-8
-1
1
2
5
11
14
6
3
4
4
6
8
9
5
6
7
4
-4
-4
2
1
3
-6
-10
-7
-6
-7
-5
-4
-4
-1
-5
-5
-7
-5
1
1
6
11
18
14
12
6
1
1
0
7
12
18
10
8
1
-3
-1
2
9
10
10
4
2
2
7
11
6
-1
-7
-4
0
-4
-8
-12
-10
-5
-3
-5
-6
-10
-5
-2
-1
1
-1
-2
-6
-8
-3
-2
-3
-13
-16
-8
-7
0
6
12
5
2
-5
-8
-6
-5
-5
-1
3
-6
-5
-8
-6
-1
-1
4
1
1
1
1
-2
-1
0
1
4
-7
-10
-9
-2
2
-3
4
4
7
1
2
6
5
11
11
10
0
0
4
13
18
18
14
15
18
14
12
8
7
6
3
7
9
9
2
-10
-15
-15
-15
-16
-10
-9
-9
-10
-6
-3
3
8
0
2
4
2
-4
-11
-13
-13
-13
-8
-6
-1
3
6
7
5
4
2
2
0
-5
-10
-12
-5
1
5
20
31
22
14
13
16
11
3
3
0
-5
-3
-9
-11
-7
-3
6
7
13
12
6
-1
-7
-7
-10
-6
-6
-6
-6
-5
-2
-4
-1
0
-3
-8
-11
-13
-8
6
10
7
8
12
14
13
15
16
17
12
7
0
-7
-14
-12
-7
-7
-6
-6
-6
-5
-2
-5
-9
-12
-17
-8
-8
-13
-17
-13
-12
-7
-5
-5
-1
-5
-4
-9
-7
-1
0
3
3
6
6
10
11
10
8
0
3
-1
4
5
0
4
1
-5
-7
-11
-4
-8
-4
1
-2
-6
-7
2
5
6
6
6
8
11
6
-3
2
4
3
-7
-15
-9
-1
9
9
9
8
6
8
11
16
12
2
-10
-6
3
4
4
2
6
7
-2
0
0
-7
-5
-7
-4
0
-6
-9
-11
-8
-9
-4
9
16
1
-8
0
4
10
4
5
10
4
-2
-4
-1
0
-2
-4
-4
-2
-5
-3
11
20
16
9
11
18
13
4
5
1
-3
-8
-6
0
-6
-12
-15
-7
-1
-10
-14
-16
-8
-10
-10
0
0
1
-2
-2
2
5
1
0
2
-1
-10
-6
3
3
3
0
1
5
10
9
5
5
2
-6
-9
-2
-5
-9
-4
1
0
-2
-2
3
6
3
7
6
3
-1
0
3
2
1
2
1
2
-6
-9
-4
-2
-3
-8
-9
-3
-4
-6
0
0
2
3
6
6
-6
-5
-1
-4
-8
-9
-7
-5
-6
-11
-3
1
8
-12
-21
-7
-2
8
-10
-6
-2
-5
7
5
8
9
4
0
10
22
16
4
3
10
0
-3
3
-1
9
5
12
13
-3
-11
-18
9
15
-2
6
12
16
-3
-21
-3
4
15
13
4
15
9
-16
-11
7
1
1
-2
5
6
-17
-18
-9
3
7
-8
4
14
-1
8
2
2
3
-20
2
6
5
15
-5
16
7
-4
18
4
15
7
-5
9
-9
-12
1
-5
-1
-5
-5
16
-7
0
-1
-18
6
-4
0
12
-6
-12
-9
-19
-18
-16
-20
8
-1
-5
-9
-17
13
-7
-1
17
5
17
-13
-11
13
-8
5
3
18
26
-8
-2
-4
-1
12
0
13
27
-2
-15
-17
-14
-2
-10
3
21
5
4
2
10
15
-14
-2
6
-4
-1
-19
-5
2
-25
-16
-19
11
12
-27
-1
0
-5
-1
-22
-6
-8
-18
-13
-17
10
6
-10
5
-1
1
1
-6
16
7
3
12
-2
8
1
0
16
2
0
-2
-11
-15
-19
-11
-9
-14
-18
-23
-15
-3
-11
-7
-2
-13
-7
-17
-14
0
-2
0
-9
-6
-5
-9
-3
9
23
25
20
13
0
-1
8
10
7
14
12
18
15
6
17
18
22
17
15
42
41
29
26
22
33
11
-7
3
8
26
16
15
15
-2
3
3
8
20
6
-4
-1
-6
-11
-10
7
13
-7
-4
-3
5
8
-12
-5
-5
5
6
-2
7
-12
-28
-34
-24
12
9
-3
4
-2
-1
-6
-4
9
2
-1
-1
-7
-6
-24
-30
3
7
1
1
-15
-1
-12
-17
6
4
15
-9
-16
2
-12
-4
-4
-5
-3
-18
-28
-15
-8
-16
-13
-13
12
16
-3
-5
-8
-7
-8
-5
2
-21
-21
-2
-1
10
5
3
7
4
8
-10
-5
20
5
-8
-15
-18
-6
-13
-19
-1
14
20
-3
-15
14
0
18
28
0
22
3
-13
-9
2
23
-1
1
14
2
7
7
-5
8
15
-1
-6
0
4
2
-5
9
8
1
-1
-29
-16
-9
-20
4
3
1
6
-7
3
10
18
6
6
17
-4
-18
0
8
-4
-12
-12
4
17
6
4
5
4
-7
-24
-13
-1
-1
-9
-3
17
9
-19
-7
14
14
5
-2
-3
-6
-7
-13
-5
19
8
-11
-7
8
8
3
-4
-6
-9
-7
-10
-6
2
-5
-12
-16
-4
8
0
-3
6
18
5
-5
4
10
20
12
-1
-1
2
-11
-14
-1
7
4
4
-9
-25
-7
-18
-17
4
0
-14
-13
1
-3
5
12
-4
0
-3
0
6
21
12
-10
-2
1
14
4
2
0
5
4
-11
-1
4
3
-12
-23
-10
-5
2
3
-4
3
0
-9
-3
1
8
10
-4
-5
-7
-5
-11
-11
5
2
16
22
11
28
30
21
23
10
-8
-21
-25
-17
-15
-6
-7
-14
-10
-5
5
17
16
11
11
8
-4
-10
-7
5
10
6
-3
-14
0
15
4
6
5
-2
-7
-8
0
6
6
-1
-25
-22
-7
0
5
13
18
2
-6
1
19
21
24
14
-11
2
-2
-17
-3
10
14
-5
-4
-6
-11
1
-1
1
4
-8
-13
-11
3
3
7
17
2
-5
-3
1
9
13
9
-1
3
5
-9
0
19
17
12
6
-4
-10
-14
-5
0
-3
-7
-10
-1
4
2
6
8
10
4
-3
0
3
5
7
-1
-2
-6
-5
2
6
14
2
-4
-6
-21
-13
-6
-2
-8
-20
-19
-24
-14
4
8
8
4
-6
-4
8
24
30
15
13
-2
-16
-6
3
25
26
20
16
2
7
9
7
10
4
-6
-18
-19
-7
1
4
-1
-7
-3
5
4
9
0
-19
-10
-5
-1
9
5
7
2
0
-2
-5
12
19
16
7
-5
-4
-13
-10
-2
4
7
-5
-9
-24
-20
-8
-15
-15
-13
-21
-26
-26
-21
-14
-11
-9
-11
-3
2
13
24
20
12
3
-1
-16
-15
0
1
11
10
12
14
17
23
19
20
10
-1
-3
-4
-1
3
3
6
4
7
4
6
7
2
2
-5
-11
-9
-8
-11
-11
-8
-3
4
8
7
11
9
0
6
-1
-8
-2
-6
-4
-2
3
4
-4
4
10
7
6
-4
2
3
-3
-7
-6
2
-9
-21
-17
-8
-1
-2
2
-2
-1
6
3
13
21
17
7
0
2
4
5
3
4
8
0
-11
-14
0
4
4
5
0
7
7
2
1
-3
-3
-3
-8
-5
-13
-13
-10
-13
-5
-5
-1
5
5
12
7
8
9
1
6
8
0
-15
-24
-19
-9
4
7
8
8
7
5
0
-2
3
9
14
13
10
9
1
2
3
-1
-6
-12
-11
-11
-13
-15
-12
-6
-5
-8
-7
-1
-6
-10
-11
-14
-11
-12
-12
-10
-4
-3
-9
-4
-3
1
8
3
3
7
3
2
-3
-1
5
5
6
3
4
1
-6
-6
-5
-8
-11
-15
-10
-3
1
6
0
-2
5
10
5
3
6
5
1
-2
-3
0
-2
-1
-6
-7
5
10
5
0
3
10
12
14
7
0
9
10
12
15
21
19
13
8
1
4
2
2
2
-3
0
-6
-3
1
-6
1
3
0
3
3
1
-5
-4
-4
-10
-5
-12
-17
-6
0
2
-4
-9
-9
-6
1
2
-1
1
0
-3
-4
4
12
9
7
5
0
-2
-6
-8
-4
-5
-10
-9
-5
-1
-1
4
10
8
5
-9
-21
-23
-18
-16
-17
-12
-9
-3
6
9
11
13
13
17
20
17
9
4
6
9
12
15
19
16
13
11
1
-4
-3
-8
-12
-7
-6
-10
-7
-8
-13
-15
-9
-6
-8
-6
-5
-9
-10
-7
-3
-5
-3
0
-3
-2
2
4
6
7
10
5
2
-1
0
5
8
12
6
0
3
2
6
10
9
11
10
8
5
7
7
1
2
0
3
6
4
2
1
2
1
3
5
5
0
-8
-9
-3
4
4
0
-1
2
-1
-7
-4
-3
-3
2
0
-7
-9
-4
1
6
2
-5
-3
-1
3
7
3
-1
-2
-3
-6
0
4
2
5
3
-1
0
3
0
-3
-2
-4
-1
-2
-4
0
2
-3
-1
-2
-4
-2
-1
-3
-7
-8
-10
-8
-7
-2
-5
-2
-10
-9
4
9
13
12
13
16
17
12
4
4
3
-1
-5
-10
-16
-8
1
-1
-3
3
5
0
3
1
2
7
1
-9
-10
-9
-10
-3
-2
-1
-4
-6
-4
-3
8
11
11
13
3
0
2
2
6
3
-3
-4
-2
-6
-10
-8
-5
-3
-9
-15
-13
-7
-6
-9
-10
-12
-11
-7
-3
-1
3
5
6
4
-2
-1
-3
-3
-1
-4
-9
-15
-11
-4
5
6
-3
-6
-7
-4
-2
7
11
8
7
7
10
12
12
13
15
13
9
7
2
-1
-1
-4
-10
-5
-5
-7
-11
-16
-15
-17
-11
-5
0
5
8
8
0
-3
-5
-7
-6
-3
-12
-19
-2
7
8
8
10
14
11
13
14
11
10
5
3
3
6
8
4
5
3
3
4
7
1
1
6
5
5
1
-3
0
2
3
1
4
11
9
0
-5
-7
-6
-3
1
1
-4
2
-3
-7
4
5
-2
-3
-2
0
-1
-2
-2
-6
-3
-4
-4
-4
-10
-16
-15
-7
1
-1
-5
-5
-13
-19
-21
-18
-6
-3
1
1
4
9
7
4
-2
-7
-8
-8
-15
-14
-7
-6
-5
-2
4
12
24
26
19
14
9
9
2
-4
-1
1
0
1
5
13
16
12
5
2
-1
-5
-3
-2
0
0
-3
1
4
4
5
7
7
6
2
1
1
-3
-2
1
1
2
8
10
7
3
-2
-6
-10
-10
-12
-22
-15
-6
-4
2
13
9
-2
2
11
14
5
-7
-13
-5
6
10
14
14
17
20
21
25
22
16
12
13
11
1
-3
-1
1
2
1
1
-4
-8
-7
-8
-7
-7
-13
-11
-7
-2
4
2
-2
-5
-4
-7
-6
-4
4
4
-9
-12
-9
-7
-3
-1
-5
2
4
8
7
3
1
-6
-7
2
9
4
-3
-5
0
0
-6
-4
-5
-4
0
-1
-3
-11
-11
0
7
6
3
3
8
8
5
4
9
7
-3
-6
-5
-8
-8
-2
2
-1
-8
-16
-11
2
1
-5
-9
-13
-14
-15
-14
-13
-12
-10
-8
-4
-8
-7
-1
-2
-5
-2
2
0
4
12
11
15
14
12
5
10
17
6
1
3
8
-2
-4
4
4
3
2
0
1
-1
0
3
8
11
7
0
3
3
0
-2
-2
-6
-12
-5
-1
-4
-4
7
10
2
0
1
6
12
5
-4
-4
-4
-8
-5
2
7
9
4
1
1
1
2
4
0
-7
-11
-4
-3
2
5
1
3
3
6
6
2
-3
-10
-9
-7
-5
-4
-4
-2
-1
-7
-9
-4
0
1
-3
-4
-6
-5
-7
-8
1
0
-5
-9
-5
-2
0
4
0
-3
-2
-3
4
9
5
4
6
9
12
8
-1
-6
-2
0
5
11
8
0
-6
-7
-10
-10
-4
-6
-8
-7
-5
-1
1
-3
-7
-5
1
5
8
7
7
5
-4
-6
-4
-7
-4
5
1
1
4
-1
-4
-5
-7
-5
-2
3
1
1
-3
-9
-1
4
9
13
10
11
7
0
-9
-9
-7
-6
-8
-10
-5
-4
-3
-1
-4
2
7
8
8
5
-2
-7
-5
1
6
5
0
-3
-7
-7
-1
5
6
2
-1
-1
0
1
-2
3
4
4
5
5
8
9
2
-4
-5
-1
-3
-3
0
-4
4
8
1
0
-2
-7
-9
3
8
1
-2
-3
-4
-3
-3
-5
-4
-2
0
-2
-2
1
-1
2
2
-3
-4
0
3
4
2
4
6
2
-2
1
-1
-2
-1
-1
0
-4
-6
-7
-4
0
3
0
-6
-1
9
9
6
8
2
-2
4
2
1
2
4
10
12
10
10
11
7
6
8
5
7
2
-1
3
4
-3
-8
-5
-5
-7
-8
-9
-8
-11
-12
-5
-2
-1
3
4
0
0
0
1
-2
-4
-7
-6
0
-1
-6
-6
-2
4
7
15
17
10
4
2
1
2
8
7
4
1
0
1
0
6
2
-5
2
3
0
-1
0
0
-1
1
-1
-3
-3
-9
-10
-6
-6
-8
-6
0
2
5
4
-1
-3
-6
-5
-3
3
7
3
-2
-4
-3
-2
-6
-6
-7
-8
-9
-6
0
9
11
8
11
12
15
16
13
7
-3
-9
-5
-2
1
-2
-3
0
-3
-4
1
2
-7
-12
-7
-2
2
4
2
-2
-4
-5
-4
1
5
4
-3
-5
-6
-5
1
-2
4
7
4
6
4
10
11
6
8
7
7
7
6
8
3
3
2
-2
-4
-9
-10
-6
0
-1
-2
-5
-8
-4
-3
-6
-3
-2
-2
1
3
-1
-2
0
-2
-2
0
-5
-8
-6
-2
1
1
2
1
3
6
9
12
10
9
5
1
0
0
1
-1
-3
-4
-3
1
2
0
-4
-8
-11
-8
-2
6
9
7
3
1
8
7
0
1
2
2
-1
-4
-8
-8
-5
-2
-1
3
5
1
-1
3
7
2
-3
-3
-3
0
2
4
2
0
-4
-5
1
5
5
3
2
1
0
2
3
2
-1
-6
-3
0
-1
-4
-6
-3
0
1
2
1
4
5
8
8
4
-1
-2
-3
2
2
3
2
3
4
4
6
6
6
6
6
10
4
-4
-8
-6
-8
-11
-18
-24
-21
-15
-11
-11
-4
-1
-2
0
-5
-7
-3
-1
4
4
-5
-10
-4
-2
0
2
-3
-3
-3
-4
-7
-8
-6
-6
0
4
4
0
2
-1
-4
0
-3
-2
1
-3
2
4
9
15
10
10
10
7
5
4
4
7
4
5
6
13
10
3
6
5
4
6
4
3
3
1
-3
0
2
0
5
3
2
6
5
6
4
5
3
0
-6
-18
-12
-2
1
2
1
5
4
-2
-6
-8
-4
-1
-1
-1
-4
-3
-7
-9
-5
-4
-5
-12
-12
-3
-3
1
1
-8
-12
-12
-4
-2
1
-1
-4
-5
-2
-2
3
7
-1
-3
-2
-5
-10
-8
-1
-3
-4
1
2
0
0
1
3
3
5
8
5
2
-1
-3
-4
4
9
6
7
8
1
-2
1
6
4
3
3
1
7
6
5
4
8
7
2
-2
-1
5
1
2
9
6
4
6
0
-6
-1
3
3
5
9
-3
-7
-5
-7
0
3
1
3
10
9
1
-4
-2
-1
-2
2
1
0
-6
-11
-11
-8
-4
4
2
-8
-16
-15
-10
-4
0
-1
4
8
4
5
12
10
4
3
1
3
10
5
2
3
3
5
8
7
12
8
4
8
8
7
2
-1
-3
-5
-4
-2
-9
-11
-8
-4
0
-2
-5
-4
2
3
5
6
4
1
1
0
0
0
-4
-5
-6
-5
0
4
0
4
7
1
-1
-1
-1
-4
-8
-8
-7
-4
-1
-6
-7
0
6
3
-3
-5
-5
-8
-6
-3
-6
-12
-11
-10
-4
4
0
-7
-3
2
5
5
2
-4
-4
1
-1
-3
0
1
3
2
-2
0
5
10
10
10
8
9
9
8
7
4
6
5
4
8
5
2
2
6
8
4
3
0
0
2
-1
-5
-6
-1
2
2
-1
-1
-6
-13
-17
-14
-6
-3
-2
-1
0
3
3
0
2
-5
-8
-5
-3
-2
-4
-6
-6
-2
8
6
0
-2
-2
1
-3
-5
-8
-3
6
4
2
3
1
-1
0
1
0
-1
-4
-6
-9
-6
2
1
3
4
10
17
13
5
3
5
7
2
