1
-3
-32
-18
-6
-16
17
21
10
-9
-34
-7
-2
-8
-11
-22
-7
-3
-10
-16
-18
-8
-15
-16
-19
-10
17
15
8
10
5
16
13
-19
-4
16
3
7
-15
-40
-3
11
7
10
-4
-17
-12
13
11
-2
-4
-14
-4
14
23
22
-3
-3
2
0
16
17
4
14
31
-1
-18
-2
-13
10
10
-14
-4
-2
8
-12
-16
-5
-6
21
24
17
16
5
16
3
-11
-9
-5
11
6
-12
-27
-20
-30
-22
3
-2
-4
-22
-20
9
25
21
-3
-9
-14
-9
6
5
12
-5
-3
12
2
5
3
2
13
11
5
15
19
-8
-22
-21
-15
15
5
-4
-9
-29
-26
-11
2
-8
-15
-17
-19
1
10
19
12
4
16
14
29
31
6
1
-10
1
3
7
5
-3
0
-9
7
7
6
17
6
21
18
19
13
-8
4
1
4
5
-6
2
-11
-1
6
-5
11
16
7
-3
12
22
1
-15
-33
-19
2
1
-4
-5
-3
-13
-18
-11
-1
-2
-23
-23
-7
-4
-10
-11
0
-8
2
10
24
24
-1
-1
2
0
-5
-3
7
2
5
-1
4
18
0
-9
-14
-15
-13
-7
11
14
5
-7
-7
7
9
8
8
-1
-5
2
-7
0
10
-4
-9
0
1
6
9
-1
2
5
4
-4
-1
-5
-12
-1
-11
-6
7
2
5
1
-2
-9
-12
-7
-12
-2
12
9
6
-1
1
-2
-6
-5
-8
-2
3
-9
-11
2
10
8
7
6
1
6
3
-4
-6
-9
-7
-5
-4
-10
1
6
1
-1
-5
8
10
15
19
-5
-9
-11
-8
3
-5
-8
-10
-1
-10
-30
-13
-1
12
19
11
7
1
6
5
-1
8
8
2
-4
-5
-2
0
2
-5
-5
8
9
-4
-4
-9
-14
-10
-8
-5
-2
4
9
0
2
1
-3
6
10
8
-3
2
4
0
2
-7
-3
12
2
-7
-11
-5
2
3
3
-1
-1
-1
-3
-2
0
-2
0
7
13
13
4
-2
-6
-4
1
-7
6
10
3
2
-12
-11
-8
1
8
-2
4
-4
-11
3
-8
-11
-2
-4
-4
-7
-3
-6
-4
9
9
12
12
-9
-4
3
-1
9
-8
-5
-1
-7
9
-12
-6
4
0
18
3
7
4
-19
3
-1
-4
7
11
19
10
-5
-13
-15
0
-1
-11
7
8
-1
6
4
6
6
6
8
3
5
-2
-12
3
-1
1
10
-7
-4
-5
-3
14
10
13
9
-1
0
-5
-4
5
6
8
6
3
4
-5
1
10
8
11
1
1
8
1
-6
-12
-6
0
0
2
-8
-9
-6
-11
-7
-5
1
8
0
-4
-8
-14
-6
-7
-5
0
-7
0
-5
-5
1
3
12
8
12
13
3
3
7
10
14
4
1
3
-3
4
-4
-10
-11
-9
10
7
3
0
-4
-4
-9
-8
-2
5
3
-7
-9
-1
-4
-7
-3
4
4
12
12
-5
-12
-8
-1
7
16
16
4
-5
-18
-17
-4
-8
-4
0
-2
1
-4
-5
-5
-1
3
3
0
-18
-23
-17
-14
-11
-20
-20
-18
-8
6
8
13
14
10
13
11
7
7
12
11
6
8
11
10
11
9
5
4
5
7
0
0
0
-6
-5
-6
0
17
21
18
0
-16
-11
-15
-4
7
9
15
12
8
-3
1
12
7
15
17
12
11
-1
-11
-6
3
4
9
3
-4
-5
-3
-8
-12
-1
-3
-6
-10
-19
-21
-14
-3
-1
-4
-4
-14
-15
-6
-8
-13
-15
-4
1
-2
-1
-11
-4
12
6
2
-1
4
8
-1
7
0
0
3
-8
-4
2
-5
-4
-3
-5
-11
-4
4
-6
-1
11
5
3
3
-8
-12
-8
-7
1
5
2
-2
-8
-3
-3
-8
-2
18
20
6
4
-7
-15
1
0
-4
9
10
2
-8
-12
-7
5
9
9
4
-2
0
0
-2
6
13
15
14
6
-2
-1
1
1
-2
0
-7
-15
-9
-8
6
13
4
-1
-4
-2
-3
1
11
4
7
4
-11
-3
2
6
11
13
20
16
8
3
-8
-15
-14
-11
-7
-7
-6
-12
-11
6
11
11
16
12
15
16
16
5
-9
-8
-12
-14
-2
-3
9
7
-6
-2
-4
0
6
12
10
10
2
-9
-16
-35
-40
-21
1
14
13
2
1
11
17
8
8
16
11
-3
-18
-18
-15
-8
-3
-5
7
19
17
1
1
4
4
10
1
5
8
4
-6
-3
10
18
33
25
5
-11
-21
-30
-31
-20
-24
-9
-4
-23
-16
-8
-3
3
7
12
19
15
-12
-40
-48
-39
-17
3
14
25
28
23
16
9
14
15
14
11
17
12
7
1
-8
-2
7
21
18
9
1
-16
-14
-12
-13
-12
-11
-11
-5
-4
0
2
-6
6
21
39
30
16
2
-15
-12
-4
0
-9
1
2
-2
7
16
30
23
24
12
-14
-8
-8
-13
-18
-19
-16
-19
-7
-6
-12
3
14
11
12
6
6
-3
-14
-17
-19
3
17
6
2
-3
-6
2
-12
-15
0
4
-4
-19
-4
-2
-15
-8
-15
-9
14
18
13
0
7
10
-10
-10
-7
-9
0
3
1
1
3
6
-5
0
19
12
10
5
-2
-13
-17
-9
-4
-2
3
-4
-7
1
1
6
-1
-9
-9
-11
-1
0
-4
-8
-7
12
13
-1
9
4
-6
-6
-16
-16
-15
-18
-19
-18
-2
4
7
15
19
26
21
6
-1
-4
-2
-3
-8
-6
7
6
-2
9
20
25
17
8
5
-1
-1
-5
-12
0
7
1
-6
-13
-13
-6
6
5
-2
-11
-6
2
1
5
6
7
12
17
20
8
12
14
0
6
7
3
0
14
4
-8
4
-2
-8
-4
7
3
6
2
-7
-10
-6
-1
-14
-11
-8
0
-5
-5
2
-3
-3
-8
-14
-9
-1
0
-1
0
-7
-9
-14
-16
-2
10
9
2
5
-1
-6
-8
-17
-13
-2
0
0
4
6
-5
-12
-10
-7
2
14
11
16
10
1
-1
2
9
3
11
10
2
3
-3
-5
-2
3
2
8
21
18
5
-5
-7
-9
-8
-1
5
3
-6
-1
-4
-6
0
1
7
8
7
1
-8
-2
2
-3
-4
0
5
4
2
2
3
7
5
-12
-14
-8
-5
1
5
4
5
-4
-4
1
-6
-6
-23
-27
-17
-16
-9
-4
1
3
5
8
10
13
13
2
-2
2
5
16
12
0
2
6
9
10
12
11
9
8
1
-5
-4
-3
2
-1
2
7
11
5
-9
-10
0
3
-1
-5
-14
-12
-14
-17
-10
-5
-3
-1
10
13
14
1
-9
-8
-3
5
6
0
-3
-3
-3
-5
1
10
11
7
0
-12
-20
-15
-11
-7
2
11
9
6
12
5
-2
0
-4
-10
-8
-4
-8
-9
-4
-8
-3
5
6
12
14
7
8
1
1
5
-1
-8
-12
-3
1
3
7
4
5
7
5
-1
-5
-2
-3
-2
-2
-2
-2
0
10
11
6
2
-4
-3
0
4
3
-6
-6
-6
-12
-9
-2
3
5
6
4
-2
-4
3
3
-7
-1
-1
-4
-4
-5
4
14
22
17
5
5
1
-4
-10
-5
5
4
-4
-18
-20
-15
-9
-5
-5
-1
-4
-1
-1
-6
-8
-8
-5
6
13
6
-1
-2
-4
-6
-1
6
6
9
9
3
7
12
15
10
6
7
2
-7
-8
1
1
0
-2
-10
-12
-12
-11
-9
-11
4
9
7
10
1
-5
-2
4
5
8
12
0
-7
-5
-8
-6
-2
-1
1
0
-3
-6
-9
-8
3
13
12
7
5
-3
-1
7
6
1
4
10
9
2
6
14
15
13
8
13
11
0
-5
-10
-1
13
5
-8
-3
0
-5
-7
-9
-8
-7
-2
-3
-3
3
3
-1
-9
-5
1
1
7
11
13
5
4
0
-7
3
8
-6
-16
-13
-11
-12
-13
-14
-13
-5
-3
-5
-10
-9
-8
-9
-7
-7
-4
-4
-11
-6
5
10
11
8
8
7
4
5
7
11
11
8
4
7
15
20
25
24
13
1
-4
-12
-12
-10
-7
-5
-7
-4
-10
-12
-13
-11
1
7
-1
-7
-5
-10
-18
-17
-5
-1
5
14
8
3
8
10
11
13
13
12
3
1
0
-1
-6
-11
-7
-7
3
5
-6
-2
2
11
14
15
9
-3
-6
-6
-4
2
3
4
-5
-9
-7
-8
1
1
5
1
0
0
-8
-7
-13
-11
-7
-11
-9
-4
0
-1
0
1
6
13
9
0
-9
-5
-1
1
-1
-3
1
3
4
6
3
3
9
-5
-11
-7
-4
-3
-7
0
4
9
7
-1
-6
0
9
11
7
-1
-4
-7
-13
-12
-4
5
3
-4
-5
-7
-9
-11
-6
-1
-1
-5
-11
-11
-6
-1
5
9
19
20
12
6
4
6
1
-4
-8
-4
4
0
-4
-2
7
9
5
8
2
1
-5
-5
0
-3
-2
-7
-4
9
8
1
-8
-7
-1
-3
-8
-17
-17
2
12
13
5
1
7
4
2
4
5
9
12
-3
-8
-3
4
3
5
11
9
8
11
12
8
4
2
4
4
7
6
5
2
2
-1
-2
3
8
10
1
-1
-1
-6
-8
-12
-14
-10
-2
1
0
-2
2
5
7
9
12
5
-4
-4
-3
-1
-3
-7
-12
-13
-7
-5
-2
-5
-3
-3
-5
-4
-10
-11
-3
-3
-7
-7
-6
-7
-7
-10
-14
-10
-6
-3
-2
-7
-5
-10
-9
3
2
3
-1
-5
-1
-5
-10
-8
-12
-18
-22
-24
-25
-16
-6
-1
1
3
-6
-13
-9
-9
-8
-1
4
6
6
3
1
4
12
14
17
16
15
11
7
13
18
11
8
14
14
11
12
9
5
8
8
-1
-5
-1
3
9
7
3
4
7
12
15
14
11
11
8
4
4
5
10
18
23
25
33
36
42
38
31
22
9
10
10
4
2
-3
-1
-3
-5
-3
3
10
8
6
-6
-14
-16
-16
-14
-11
-13
-13
-9
-7
-9
-10
-6
-4
-2
-8
-15
-16
-16
-16
-10
-11
-8
1
2
-2
-5
-2
-2
-2
-2
-12
-10
-4
-7
-8
-7
-10
-10
-3
1
0
1
8
4
-2
-6
-6
0
5
1
-2
-5
-5
-7
-16
-8
0
10
11
7
2
-2
0
-2
-3
3
7
5
0
-1
-1
0
0
-8
-10
-4
-6
-11
-15
-17
-9
-3
-2
0
1
6
10
6
4
3
3
-5
-13
-4
6
5
-1
-1
3
5
4
-2
0
9
13
5
-5
-10
-11
-10
-3
7
14
8
5
-3
-11
-3
-3
-5
-1
2
0
-5
-5
-3
-4
3
6
2
-4
-6
-10
-10
-8
-11
-6
3
9
15
16
11
4
0
0
5
8
3
-5
-8
-13
-16
-9
-3
3
2
1
3
13
19
12
4
1
2
1
9
13
5
-2
-10
-15
-8
1
5
6
7
10
4
1
4
-2
-3
6
12
6
-3
-10
-4
-1
7
11
1
-1
3
0
-7
-5
-6
-8
4
8
8
0
-5
-8
-7
5
11
11
13
8
-1
4
9
3
-4
-8
-11
-6
-1
2
-1
-10
-9
-7
-9
-5
2
4
5
2
-1
1
5
2
-2
0
6
4
-2
-1
0
2
5
4
-1
-3
-5
-11
-13
-11
-6
-6
0
1
-2
-3
-8
-7
-6
-4
-3
-5
6
4
6
12
9
9
8
4
-1
1
3
0
0
3
6
2
-4
-2
0
5
13
9
-4
-5
-1
0
1
-9
-17
-1
8
5
-1
-14
-15
-9
5
7
-6
-8
-13
-13
0
4
2
-2
-1
13
15
4
2
1
1
15
12
9
7
7
7
10
11
-8
-2
-1
-10
-5
-6
-7
3
3
-10
-8
-4
-2
5
7
8
10
10
-1
-14
-17
-17
-10
0
-7
-11
-13
-16
-11
1
6
-2
-2
-16
-19
10
-11
-38
-19
-7
10
27
7
-14
-19
-5
9
24
15
-18
-20
-7
-4
6
-4
-22
0
22
13
8
15
-4
-4
13
13
10
6
-1
2
24
-5
-12
13
11
12
1
-3
0
14
12
5
18
9
1
6
9
11
17
14
10
6
-4
-10
0
11
9
4
4
-2
-3
3
1
0
-1
-17
-23
-6
-9
-9
0
-18
-26
-11
7
5
-2
-3
-15
-7
0
-10
-3
-1
-6
6
15
8
-14
-13
-8
-12
8
5
4
10
0
2
5
6
8
5
8
6
5
5
-4
-8
-17
-13
-7
1
3
-11
-10
-11
2
7
5
7
5
7
5
10
15
7
7
10
-1
-1
3
0
1
3
5
2
1
6
4
3
0
2
9
4
1
7
9
1
8
13
8
5
2
-3
-11
-6
-10
-21
-12
-5
4
5
2
0
-7
-10
-16
-1
10
-3
-2
-2
-15
-13
-7
-2
5
16
5
-1
-1
0
10
14
13
4
-10
-16
-16
-9
7
7
-6
-17
-21
-16
-8
3
14
5
-8
-11
-11
-1
5
11
9
4
8
7
-3
-13
-14
-2
-1
3
-2
-7
2
10
19
3
-6
-6
-3
11
4
-2
-13
-24
-21
-20
3
14
6
5
-5
-5
-7
-7
-1
-3
8
-7
-20
-20
-17
0
2
8
8
13
16
16
16
-5
-14
-14
-6
4
2
-2
-8
-4
8
5
8
8
6
7
-3
-12
-11
-4
-3
2
12
6
-6
-3
0
-3
13
7
2
8
12
18
15
12
4
4
11
1
0
-4
-3
1
-3
-1
1
15
10
-2
-12
-11
10
14
26
12
-13
-10
-18
-10
-3
6
6
3
13
5
7
5
-6
-5
1
9
3
-5
-19
-23
-20
-5
9
22
20
7
2
-11
-14
-17
-8
-1
-3
-7
-14
-11
-5
-1
-5
-3
2
6
11
-1
2
6
0
5
12
8
3
7
5
9
12
14
16
4
1
-10
-11
7
6
13
15
8
6
-3
-4
-7
-2
2
1
10
-7
-14
-16
-17
-2
-2
-3
-2
5
7
-3
2
3
14
20
-4
-26
-39
-19
8
18
16
3
-4
-11
-6
13
11
0
-17
-17
-7
-2
1
-12
-2
12
12
11
9
12
0
-11
-8
-6
-2
-1
0
2
3
4
14
5
-17
-11
-4
9
7
2
-2
-20
-12
-11
0
9
0
-8
-13
2
6
9
13
10
11
2
8
5
2
1
-4
0
0
1
4
3
0
-3
-2
-7
-6
3
5
11
11
-4
-11
-3
0
-13
-20
-11
-7
-15
-21
-3
10
4
-5
-12
9
13
13
6
-11
-8
-16
-10
2
0
4
-6
3
9
4
8
2
12
6
-11
-9
0
15
6
-3
0
-8
1
10
9
9
11
-9
0
14
-10
-11
-5
3
11
13
0
-10
3
-2
-1
13
0
0
0
-16
-17
1
10
15
19
4
-7
-2
5
4
6
11
-7
-12
9
4
-7
2
3
4
9
-1
-5
-5
-14
-11
-23
-7
10
15
9
5
11
9
11
8
5
1
-4
-7
-16
-14
-12
-17
-9
-4
5
12
9
13
7
-5
-6
-4
-8
-21
-16
-14
-22
-4
3
1
14
8
-1
13
22
10
-8
-6
0
1
-3
-13
-3
11
6
-5
-8
2
13
11
6
-6
-14
-18
-11
7
8
-3
-3
-4
-3
5
8
1
3
10
0
-3
-3
0
1
-2
0
-3
2
8
7
6
2
-1
-3
5
8
-1
-2
-2
-4
-1
1
-1
2
0
-2
4
6
3
1
-4
-7
-2
1
-2
-4
3
1
-1
0
-2
-2
0
-2
1
7
6
2
-5
-11
-16
-14
-10
3
9
5
4
-4
-7
0
1
5
6
5
-3
-12
-7
-8
-8
-5
-3
2
8
4
-3
1
-4
-4
0
3
8
-5
-5
-12
-1
16
3
-3
-7
3
9
17
19
0
-14
-22
-7
7
11
-1
-20
-3
16
25
15
-8
-21
-22
6
26
40
13
-19
-11
-14
-12
-6
8
19
16
-6
-17
-6
-8
-15
13
41
27
10
-6
-10
-12
-21
-31
-19
26
21
-2
-11
-17
-18
-20
0
23
32
34
21
8
-6
-28
-41
-27
-6
2
12
14
17
17
8
4
-2
2
7
14
17
1
-16
-24
-20
-20
-11
-2
4
18
13
3
-12
6
27
16
1
-14
-16
-34
-37
-34
-27
8
41
51
22
5
-8
-28
-13
8
4
1
5
-10
-17
-19
-10
4
24
35
14
-7
-15
-8
-10
-11
13
17
19
15
-26
-46
-18
20
37
42
34
11
2
-21
-35
-17
-13
7
33
21
-17
-24
-17
-9
3
20
8
-10
2
-12
-24
-4
3
8
25
27
-10
-20
-10
11
32
25
23
-1
-38
-40
-25
-24
-11
22
41
44
12
-28
-27
3
35
46
40
26
-23
-74
-90
-54
12
35
58
72
30
-22
-46
-57
-44
24
66
33
18
-10
-54
-45
-19
2
15
51
65
42
12
-31
-43
-78
-88
-18
43
69
30
-22
-48
-48
-14
8
55
89
68
37
1
-35
-72
-66
-7
41
64
39
-12
-47
-71
-54
-31
0
38
69
64
-2
-38
-59
-55
-8
27
44
54
48
26
-24
-68
-60
-15
-16
-4
49
32
21
16
-14
-16
-15
-10
-19
-2
4
-20
3
-3
-15
-5
-4
21
36
44
44
33
14
-19
-28
-19
-34
-36
-16
-5
21
21
-4
-4
6
7
-3
4
24
45
44
0
-42
-64
-59
-24
51
76
36
2
-32
-55
-72
-36
31
61
46
9
-15
-35
-60
-67
-31
30
73
73
48
32
-37
-80
-59
-27
38
32
3
4
7
-11
-67
-51
-4
53
106
88
13
-50
-85
-81
-41
43
99
54
25
-36
-84
-59
24
114
70
15
-30
-62
-41
-32
11
29
24
9
-27
-18
12
37
25
-23
0
-6
-25
-15
-37
-30
0
41
33
28
48
5
-55
-34
51
63
39
50
16
-40
-85
-102
-78
17
91
40
-17
-51
-56
-45
8
75
71
47
1
-25
-44
-29
8
14
56
32
-20
-20
-24
-21
-26
8
22
11
-5
-63
-17
18
-15
10
27
17
19
28
16
-5
-11
-19
-8
45
65
19
-23
-46
-63
-62
-3
59
69
54
-7
-58
-44
4
39
22
-12
-29
-11
9
11
14
-31
-62
-41
-13
23
31
52
36
-14
-42
-46
-13
29
48
-6
-35
4
8
-21
-18
-7
-13
-3
4
-17
-13
11
-10
-12
20
7
-2
17
28
16
7
0
-7
-15
-40
-36
8
23
-1
-25
-38
-27
-10
19
41
37
16
13
21
36
39
2
-26
-21
-16
-9
28
63
25
-26
-45
-51
-5
48
48
24
12
18
3
-7
-5
-18
-18
-27
-8
1
1
33
20
-3
-30
-31
-17
-9
28
35
7
-19
-20
-17
-18
3
0
14
57
47
12
-37
-39
-22
5
41
12
-10
-37
-53
-43
-51
-13
29
47
41
15
18
26
21
-6
-30
-7
-3
-31
-25
-42
-56
-12
27
34
25
21
-4
-21
0
29
66
65
10
-26
-43
-46
-35
1
19
15
35
26
0
-12
-18
-14
13
25
27
32
16
-20
-53
-29
15
41
28
3
-3
-17
-7
1
4
-2
0
7
-15
-18
-18
-4
10
9
1
2
1
-2
4
-1
-7
8
6
-21
-21
-24
-30
-17
29
50
12
-1
-19
-29
-13
3
10
2
0
8
3
-8
-11
-6
-6
-17
0
17
10
22
14
-5
-9
3
14
6
1
-15
-16
8
16
-12
-30
-15
-13
-17
-17
-18
6
18
0
-4
13
11
-6
6
14
24
26
-1
-24
-41
-46
-17
4
23
44
36
36
3
-28
-54
-39
-4
-7
18
28
25
-5
-49
-67
-55
6
38
39
51
52
55
7
-43
-39
-1
35
32
24
12
-3
-11
-21
-11
11
27
12
-5
6
6
1
-9
-12
5
2
-7
-8
6
10
-5
-2
9
23
27
19
23
5
-8
-3
17
11
-50
-54
-14
11
15
-9
-24
-21
1
2
1
28
26
13
-14
-29
-6
1
-16
-29
-14
10
16
-1
-24
-18
-7
11
34
30
10
-23
-44
-11
12
11
10
-10
-18
-37
-18
-2
-11
-10
-13
11
32
36
4
-14
-10
-2
8
6
30
27
4
-24
-51
-15
16
22
23
9
0
-16
2
33
11
17
5
-6
8
-1
-4
-19
-4
7
-12
-19
-24
-4
19
20
10
11
10
-2
-9
-29
-27
-13
4
13
1
-9
-22
-12
16
13
15
16
7
15
0
-18
-24
-14
17
9
7
9
1
14
-6
-17
-14
-7
2
0
-12
-12
-14
-4
14
11
12
-11
-8
5
1
13
8
4
6
2
2
4
1
10
25
28
10
-5
-17
-30
-17
-16
-22
3
10
7
3
1
-3
3
15
8
5
7
-5
-26
-28
-12
-6
-15
-12
2
12
23
21
9
10
13
14
-3
-9
-8
1
-7
-11
-2
0
4
-4
-6
-13
1
23
19
3
-22
-23
4
15
-7
-25
-20
-2
3
16
13
1
7
7
17
20
8
-1
-3
-7
-18
-25
-14
-6
-2
4
-7
-9
6
10
6
6
19
16
19
18
7
-11
-29
-38
-28
-11
-4
1
-1
-7
-6
6
15
15
-1
-3
-2
3
12
6
-18
-28
-16
-9
3
16
16
15
30
24
6
4
10
10
-6
-16
-9
5
11
0
1
2
7
16
5
0
0
0
-4
-4
-1
2
2
-7
-21
1
17
19
13
-14
-19
-3
8
5
1
-12
-21
-7
6
-3
-12
-18
-19
-5
11
11
3
-15
-19
-12
0
1
1
11
18
18
1
-3
-10
-10
-25
-37
-13
13
22
8
-13
-14
-7
-1
9
8
7
14
15
-3
-15
-8
-8
1
1
5
11
3
-7
-24
-12
-8
-5
3
3
16
26
19
2
6
18
13
11
4
-3
5
9
15
9
-2
7
8
15
20
14
5
0
0
-12
-11
-18
-17
5
12
8
4
-6
-17
-18
-13
-4
9
9
0
9
9
0
1
4
18
23
15
1
-3
0
-7
-13
-8
2
6
8
1
-14
-12
-14
-13
-3
-2
16
24
11
-12
-31
-21
-15
-9
8
5
6
-9
-14
-10
-1
16
12
19
18
9
-6
-17
-15
-12
-3
-8
-2
9
4
0
-11
-9
-7
-7
-1
-2
11
11
10
10
-8
-12
-7
4
10
3
3
-11
-7
5
9
9
0
-5
-7
1
3
5
4
-8
-11
-13
-7
3
4
6
1
-17
-19
-13
-4
-2
-6
-10
-12
-1
8
4
6
6
3
5
14
15
9
-1
-10
1
7
5
0
2
1
2
21
15
0
-6
-18
-12
-2
8
11
-1
-6
-17
-10
3
5
12
10
8
8
-1
-7
-5
-5
-14
-13
-4
-1
10
11
-5
-16
-3
5
11
9
-4
-2
-3
-6
-2
3
6
15
11
-12
-16
-4
8
21
17
8
0
0
-3
-4
-9
-10
3
6
6
-2
-11
-5
0
3
-2
-14
-2
7
5
2
-3
0
2
13
8
2
9
5
-1
-4
1
-1
1
5
5
8
2
5
3
-2
6
4
7
0
-6
-16
-17
-9
-8
-5
-5
-6
-4
-1
1
-6
-6
1
6
15
16
7
-1
-8
-11
-9
-3
-11
-12
-10
-14
-3
8
18
14
2
3
0
1
4
2
10
3
-6
-1
-8
-6
-7
1
5
-1
3
4
0
-3
-11
-18
-2
5
4
2
0
2
-4
1
5
9
14
9
3
3
-4
-10
-12
-20
-17
-12
-10
-12
-4
5
-4
4
5
-1
5
2
-6
-9
0
-3
-9
-15
-20
-17
-13
-2
9
12
7
0
-12
-23
-5
3
-1
20
8
-6
3
-2
-3
-2
4
7
15
15
-8
-17
-12
0
11
17
12
17
17
2
-1
0
-10
-10
1
-2
-11
-13
-15
-15
10
21
13
17
24
26
19
12
18
12
11
12
-3
-6
-2
7
5
-3
-5
-8
2
2
-3
-13
-15
4
-1
-11
-8
0
9
9
0
-7
-7
0
-1
-4
-3
1
-1
-3
7
9
11
15
18
14
14
9
-1
-2
-7
-10
-3
-1
6
12
2
-7
-9
-8
-7
4
7
-1
-6
0
2
-5
-4
5
16
15
2
-11
-8
1
2
-8
-6
-6
-10
-15
-23
-13
-15
-9
3
-3
0
-2
-5
-11
-11
-7
-2
3
0
-3
-4
2
-3
-9
-6
2
13
14
11
4
5
8
4
-4
-7
3
5
6
8
3
0
3
-1
-5
-1
-1
-5
-6
-10
-8
-3
-9
-8
5
5
8
5
-8
-7
2
-6
-8
2
0
1
2
1
-6
-1
5
1
7
0
-10
-1
4
7
16
21
16
9
0
-2
-6
-5
-1
1
12
19
17
15
5
1
4
1
1
-2
-11
-16
-12
-11
-11
-8
-19
-22
-22
-21
-17
-3
17
17
15
0
-12
-7
-7
-4
-4
-2
-1
10
15
15
17
10
10
19
19
20
19
12
9
4
3
6
14
13
-1
4
8
9
18
12
3
12
15
-6
-10
-15
-20
-9
-2
3
-3
-9
-9
-5
1
-4
2
4
-3
0
-2
1
3
-2
-12
-17
-7
2
7
7
1
-1
-9
-11
4
7
9
14
0
-3
5
0
-9
-10
-7
-5
-1
-5
-8
-6
-8
-10
-4
-1
0
-3
-11
-13
-9
-15
-18
-10
-5
12
15
12
10
5
2
-12
-4
5
2
3
-14
-13
-8
2
8
13
21
10
4
3
4
3
5
5
-1
-5
-10
-13
-7
4
8
6
-2
-14
-15
-13
-14
-7
-3
-4
3
4
2
5
-2
-14
-10
-1
-6
-6
-2
-1
-3
-2
-8
-4
10
6
-5
1
8
15
22
12
7
6
-1
-5
-5
6
16
20
17
6
-4
-1
4
9
20
20
12
0
-15
-12
-6
3
6
-5
-4
-10
-11
-8
-3
-1
-5
-1
-4
-2
10
3
-11
-13
-16
-8
-1
-6
-15
-20
-11
-14
-9
4
0
0
5
4
6
7
9
7
0
-12
-14
-1
3
8
6
0
3
6
0
0
8
6
7
3
-4
-3
4
3
3
6
3
4
6
-2
-7
3
8
12
15
8
-4
-6
-5
-5
2
-2
-7
0
2
0
-2
-5
-7
-3
8
9
10
4
-9
-8
-7
-10
6
13
1
-8
-11
0
5
2
-9
-12
0
-3
4
1
-4
8
8
4
2
2
-7
-3
11
3
4
8
1
-3
0
2
0
-7
-14
-13
-2
-1
0
-2
7
4
-8
-12
-5
8
-2
-6
-2
-2
3
3
4
5
9
11
10
5
-3
1
11
16
11
8
0
2
4
1
5
4
5
0
-2
0
-2
3
6
3
-1
-3
0
-1
-4
-6
-12
-13
-20
-17
-10
-7
-2
-6
-12
-5
-1
-3
-4
0
5
-9
-10
-9
-6
4
3
-1
3
14
13
13
9
3
0
2
0
-7
-4
-3
-3
-7
-9
-2
6
11
3
4
13
17
9
-1
-1
2
3
0
-4
-6
2
1
-5
-6
-4
-2
-10
-8
-7
-11
-9
-4
-8
-12
-6
6
12
9
3
7
4
-4
-2
0
0
3
2
-2
-1
4
13
13
11
12
8
-2
-3
-2
-3
2
0
-1
-2
3
2
1
1
7
5
1
1
-5
-1
4
2
4
7
12
14
6
1
0
2
1
6
4
3
5
8
-1
-13
-10
-3
-4
5
9
3
5
-1
-12
-17
-15
-11
-5
-1
-10
-12
-4
-4
4
11
7
5
8
1
-1
5
4
2
1
2
-5
-2
-2
-5
0
-1
0
1
-3
-5
-6
1
-2
-8
-6
-5
-4
0
-1
-1
-1
-2
1
3
-2
-9
3
7
2
2
-3
-4
0
2
-1
2
3
-6
-7
-7
-6
-2
-2
-8
-6
3
2
4
8
9
4
-2
-1
1
2
1
-3
2
2
-4
-10
-6
-1
-3
-6
-8
-2
3
3
0
-3
-2
-2
-3
3
4
4
4
3
0
-3
2
10
9
3
1
-1
-1
1
-1
0
2
-1
-3
-3
-1
8
8
4
3
-1
-7
-8
-6
-4
2
-1
-12
-13
-9
0
3
0
-1
0
5
2
-2
-2
7
6
1
-3
-5
-1
3
2
3
10
11
13
6
5
7
7
6
3
2
-1
2
-3
-2
-2
-1
-4
-7
-4
-1
1
2
-3
-7
-4
-3
-5
-3
2
4
7
3
1
4
4
-3
-6
-1
-2
7
7
2
4
6
10
4
-1
-2
-9
-7
-2
3
4
4
0
-5
-5
-3
3
8
8
4
-3
-6
-10
-9
-3
-4
1
0
1
4
0
-1
-3
2
8
1
-4
-2
2
3
-5
-8
-6
1
4
9
9
6
8
5
1
-3
-5
-7
-8
-11
-10
-5
-5
-6
-2
0
7
8
0
0
2
9
10
2
-1
-8
-6
-4
-4
3
7
7
1
-3
0
1
3
0
-6
-7
-6
2
5
-3
-9
-10
-8
-9
-7
3
3
4
1
0
-1
-4
0
2
5
8
6
3
-5
-4
5
6
4
3
2
3
2
1
3
9
4
4
6
5
5
2
0
-3
-6
-9
-9
3
10
11
6
6
5
2
0
-2
-2
2
-2
-7
-6
-6
-3
0
-3
-4
-2
-4
-3
0
0
-2
-3
-1
-1
3
3
3
0
-2
0
-5
-3
6
8
5
2
1
2
5
5
0
-3
0
2
-1
-5
-4
-11
-11
-9
-9
-5
3
1
-4
-6
-7
-8
-6
-1
2
10
6
-3
0
-2
-2
-2
1
2
3
6
1
-6
-3
2
-3
-2
1
3
2
-2
-5
-5
-3
6
8
11
9
4
2
-3
0
4
10
18
16
9
4
0
2
2
8
12
10
3
-3
-7
-6
-5
-2
-5
-6
-4
-4
-5
-4
-3
-3
1
5
4
3
1
3
2
-1
1
-1
-5
-4
-1
2
-7
-7
-9
-12
-10
-7
-2
-1
2
2
4
2
0
3
6
2
3
5
0
2
12
9
2
-3
0
0
-3
-4
-6
-7
-6
-7
-14
-9
-4
-2
1
-1
0
0
-8
-6
-7
-3
0
2
6
4
2
1
5
9
11
15
10
11
10
5
-2
1
2
-5
-5
-7
-7
-9
-9
-10
-9
2
3
-5
-8
-5
-2
-7
-10
-6
-3
1
4
0
-5
1
10
7
-1
1
5
6
10
6
1
3
1
2
0
-2
2
-1
0
3
0
-2
0
3
2
2
0
3
0
-3
-2
-7
-7
-3
3
5
7
7
1
3
5
-2
-5
-6
-2
1
6
12
12
1
-8
-7
-7
1
3
-2
-1
5
7
3
-3
-10
-13
-5
1
4
5
-6
-6
-1
1
8
16
11
4
0
-6
1
0
-3
-4
-4
-3
-6
1
3
3
5
3
10
10
8
6
-1
-4
-6
-7
0
2
4
2
-5
-9
-11
-7
-4
-1
0
3
4
1
-2
-5
-9
-13
-7
-6
-9
-4
-4
-3
-2
-1
4
3
2
-2
1
2
0
3
2
4
6
4
1
-2
-2
-3
-1
5
-1
-3
2
1
4
6
-2
-10
-6
-5
-5
-3
-4
2
9
5
2
4
1
0
5
6
6
7
5
3
11
15
12
9
9
8
8
3
-1
0
4
7
11
9
2
-8
-11
-10
-10
-4
-6
-4
2
1
-1
-1
1
5
10
11
4
-4
-6
-8
-13
-11
-12
-10
-11
-12
-9
-13
-14
-15
-12
-10
-5
3
7
7
8
0
-6
-6
-3
4
7
7
6
3
2
-2
-1
4
6
12
10
11
7
-1
-5
-2
2
2
5
7
7
2
-1
-5
1
4
2
-1
-4
-3
-2
0
1
3
1
-1
0
5
8
13
8
4
2
1
-1
-5
1
4
3
2
1
-5
-10
-14
-13
-6
-3
-1
5
2
-1
-2
-6
-11
-10
-1
9
16
18
9
1
-6
-15
-12
-2
14
20
11
4
-5
-11
-11
-9
-1
7
16
17
5
-3
-8
-16
-10
4
14
27
21
1
-13
-9
-4
-2
5
3
2
5
5
-4
-9
-11
-8
-1
13
19
17
2
-19
-19
-11
3
6
7
-2
-8
-1
0
6
5
7
10
16
11
-3
4
7
-1
-9
-2
2
1
-8
-7
4
10
13
2
-1
-1
-9
-8
-2
-2
-11
-22
-22
-24
-30
-31
-21
0
8
-5
-12
3
15
12
6
0
-10
-3
-3
8
20
15
10
7
15
21
16
3
-3
8
11
4
6
4
-9
-4
-5
-1
-4
-19
-20
-16
0
-2
-5
-11
-20
-27
-24
-11
9
8
-9
-8
-7
-1
9
10
6
11
8
12
21
21
11
-1
3
2
0
3
1
3
1
-1
-1
-3
-5
-3
1
0
-2
7
11
3
2
0
2
5
2
-2
-1
1
-6
-7
-1
-3
-1
2
-6
0
7
5
4
3
1
-6
0
4
-3
-1
2
-7
-9
-6
1
9
-1
-14
-12
-1
5
6
1
-2
1
-1
-3
-3
6
1
-5
0
-2
1
9
16
16
11
10
-1
-5
-11
-16
-13
-12
-3
-2
-6
-5
-5
-2
6
21
20
-12
-18
3
19
13
-12
-21
-22
-8
15
22
6
-8
-17
-15
-8
6
3
-22
-16
11
19
10
5
-15
-24
-13
-9
4
-1
-3
-2
9
18
9
15
-2
-9
-4
-10
-6
22
9
-7
9
-3
-4
12
11
11
18
24
20
-1
-22
-32
-23
-3
-1
3
-2
-10
-16
-14
-1
10
21
17
-2
-5
-6
-16
-14
-10
-7
-4
0
-1
-7
-4
5
8
12
15
18
12
-2
-7
-11
-13
-11
-10
0
13
17
3
-14
-10
-4
3
14
-2
-5
-2
-13
-3
7
13
12
5
11
15
20
5
-10
-5
5
-4
0
0
-8
2
3
9
19
14
9
-10
-19
-13
-12
6
-7
-16
-19
-26
-15
-12
-16
-7
4
4
4
9
5
-4
0
8
11
28
24
-4
-20
-24
4
18
18
16
2
-3
-1
3
0
5
12
5
-10
-3
6
10
18
5
4
11
19
27
7
-1
-8
-6
3
-5
-2
-4
-3
6
5
12
16
6
0
8
19
12
-5
-20
-31
-20
-8
-7
0
4
-3
3
12
7
15
15
0
-2
-5
-5
-6
-9
-7
-8
-1
1
3
19
15
6
2
-18
-22
-16
-6
0
-1
0
-11
-16
-10
-6
9
13
8
9
-7
-8
-9
-12
-9
0
25
9
6
2
-13
-9
-3
12
9
2
-2
-11
-5
5
-7
-5
8
13
10
-5
0
2
-17
-20
-8
-1
5
6
0
-5
3
12
18
23
12
5
-8
-14
-4
-9
-15
-21
-21
-15
-7
5
5
0
-4
6
8
3
2
0
-4
-5
-5
-6
3
7
1
10
9
-2
-6
-5
2
7
-4
-8
-7
-5
-1
-10
-7
3
5
3
-4
1
4
6
10
-1
-7
-13
-22
-10
-13
-8
11
6
9
15
14
7
-6
-17
-14
-1
12
12
3
2
-14
-7
3
19
35
20
4
-13
-20
-16
-13
-5
-2
-2
3
-11
-3
6
-2
0
2
2
-3
-8
-5
-8
-8
-10
-6
2
-1
12
9
9
27
28
31
28
14
2
-6
-4
2
3
6
2
5
14
5
7
4
-8
5
3
-3
-12
-14
-8
2
5
-4
2
6
1
4
1
-3
1
1
2
-1
-10
-20
-6
3
5
18
7
-6
-10
-9
-1
-2
22
9
-3
-1
-15
-8
-3
5
10
2
-2
-5
-4
-7
-15
-6
-2
4
18
2
-19
-20
-25
-19
-1
4
-9
-17
-17
-14
-8
-5
-4
-3
2
5
8
-4
-4
8
8
5
1
-2
-2
4
-2
-11
3
15
20
13
13
12
-3
-6
-10
-5
4
-8
-4
-5
-9
-4
-1
3
12
22
15
-6
-1
6
-4
-2
-4
-3
-1
-4
0
1
10
19
10
5
-6
0
0
-6
0
-3
-2
0
6
7
6
6
-1
-3
-1
1
0
-13
-7
1
-2
-7
2
-1
1
17
14
2
-8
-7
-5
-6
7
5
-10
-10
-6
2
-4
1
2
-5
2
2
9
-1
7
8
-1
11
8
7
1
-4
11
1
-2
4
3
7
0
-5
-11
-12
8
0
-17
-5
0
4
10
11
14
15
3
2
1
-3
-7
-4
-2
-3
2
-21
-22
2
2
-6
4
8
0
0
-7
-10
5
11
1
-8
-5
-5
0
4
5
9
2
0
14
8
5
11
-6
-13
-4
-1
-7
-7
-2
-5
-5
-4
-11
-7
-2
4
0
-12
-13
-14
-13
1
10
13
11
3
-2
4
3
7
13
3
3
-9
-26
-24
-2
13
7
2
-13
-18
-6
4
6
0
-3
-5
-10
-6
7
9
-2
-3
6
-7
-3
14
14
16
0
-9
-14
-9
6
-6
-5
-2
7
11
1
2
-1
-1
10
12
3
-4
-5
1
-5
-2
3
-2
2
11
6
-5
-7
-3
-4
-1
10
-5
-8
5
-5
-10
-5
-1
1
13
21
11
-5
3
5
-4
3
1
-1
6
4
10
6
4
7
11
22
14
5
-1
-8
-2
-7
-13
1
9
10
6
7
3
0
6
4
6
4
-7
-9
-8
-2
0
0
1
5
12
-2
-7
1
-1
-6
-9
-10
-16
-13
-8
-12
-6
-2
-4
-6
-5
1
1
-2
-5
-6
-10
-9
-3
-7
-3
7
-5
-7
-14
-9
14
6
-2
-11
-11
0
-3
-1
-3
-4
9
5
-3
-1
-2
9
15
13
8
-2
-6
-2
8
12
7
7
14
10
14
8
-3
-3
-7
-6
-7
-10
-16
-17
-9
-7
-6
-6
-1
-1
0
4
12
14
8
4
5
15
15
9
6
0
1
-2
-9
-7
-6
-3
-3
-5
1
-3
-5
-1
3
6
-8
-3
1
-8
-4
3
-1
-6
-11
-11
3
7
1
0
6
6
4
3
7
10
5
0
-1
6
1
-3
3
2
6
1
-7
-1
3
-4
-8
-1
-4
-6
-3
0
2
4
-3
-10
-6
2
8
3
-5
-9
-2
5
2
-1
3
4
8
2
-6
-6
0
2
-8
-5
2
9
7
-4
-4
-2
6
4
-5
2
6
12
9
7
10
2
2
2
6
4
2
5
-6
-12
-7
-5
-4
-3
-3
-4
-1
6
5
3
2
-6
-10
-8
1
3
-3
-6
-10
-4
-1
-1
-1
1
5
-3
-4
-3
3
2
-14
-9
2
5
6
3
2
0
6
5
4
15
14
7
3
-3
-14
-18
-7
-7
-2
8
9
8
2
3
5
-2
3
1
-6
-7
-13
-9
-4
2
11
4
1
3
3
2
-7
-2
2
1
5
4
3
4
3
12
7
8
10
-1
5
11
2
-4
2
9
0
1
6
4
9
9
-6
-11
-5
-4
-4
-5
-12
-11
-13
-8
-3
0
3
2
8
5
3
3
1
0
-6
-3
-3
-4
0
-4
-10
-6
-3
-1
4
2
-6
-8
-8
-7
-6
-8
-2
2
-1
6
5
6
15
10
6
7
3
5
0
2
1
-1
4
-4
-7
-3
-3
-3
-2
-2
0
-3
-8
-11
-15
-10
-6
3
1
-3
-3
1
9
9
4
3
1
-5
-7
-10
-2
8
4
-1
-2
5
9
9
6
3
-8
-11
-8
-3
-3
-5
-1
-8
-7
-1
-3
6
10
7
0
-4
4
3
5
14
17
10
7
9
4
-4
-1
-1
-4
3
2
-3
-8
-8
-3
0
3
0
0
3
4
8
3
0
9
13
12
14
11
6
1
2
5
2
0
-2
3
7
8
2
-9
-15
-11
-10
-12
-9
-3
-11
-11
-14
-20
-10
1
3
-1
-1
2
-1
-8
-8
-6
-6
1
-1
-7
-7
-12
-9
-7
3
10
10
10
2
1
5
9
7
3
-1
-1
6
3
3
3
1
0
1
10
4
-5
-8
-13
-2
9
10
9
3
-4
-7
-3
5
7
6
3
-5
-11
-9
6
7
-2
-1
3
2
4
4
3
1
6
7
-3
6
9
2
0
3
6
6
9
11
2
-1
-3
-8
-8
-13
-16
-13
-13
-18
-29
-31
-21
-16
-11
-11
-10
-6
-9
-18
-29
-29
-22
-16
-7
-2
6
13
3
-7
-7
5
16
19
15
17
22
15
18
26
35
37
30
29
30
29
26
18
7
2
5
3
-6
-4
-5
-6
-6
-8
-6
-6
-5
-6
-12
-5
-3
-7
-9
-9
-4
-5
2
7
11
17
11
7
5
5
11
9
7
6
9
13
8
2
-3
-10
-2
7
4
0
-6
-7
-8
-14
-11
-11
-9
-6
-6
-9
-10
-7
0
-2
-4
0
3
10
2
-11
-12
-8
3
15
25
28
21
15
10
6
8
10
4
1
-2
2
-1
-2
7
7
8
4
-4
-7
-9
-7
-5
-4
-7
-15
-19
-20
-17
-15
-12
-10
-9
-13
-15
-16
-10
-9
-12
-4
-1
-1
3
9
5
-1
-6
-5
-3
8
7
2
7
3
2
1
-4
-3
-8
-12
-4
-2
-2
5
9
9
3
-5
-4
-1
-1
7
8
8
10
6
11
14
9
4
0
5
8
9
8
12
13
7
4
0
2
7
6
3
-4
-8
-3
-1
2
3
2
2
0
2
2
0
2
-2
-2
0
0
1
-4
-11
-9
-11
-10
-9
-6
-4
-4
2
0
3
6
-2
-8
-11
-7
2
5
3
0
0
-1
-6
-2
7
12
14
10
2
1
0
1
-2
-5
-3
-5
-7
-3
-8
-11
-11
-8
-5
-8
-1
3
-4
-1
1
-1
-2
-2
-4
-8
-4
-8
-5
2
2
5
1
-2
-2
-4
-7
-8
-5
-8
-4
-2
-5
-9
-11
-9
-6
1
7
7
0
-8
-12
-10
-5
3
6
7
9
8
2
-7
-3
4
9
15
14
4
1
4
7
9
8
1
-4
-8
-4
-2
-3
1
-1
-7
-8
-7
-6
-5
-5
-1
-9
-3
2
1
-4
-8
-1
-1
1
-1
-2
2
3
4
1
4
10
13
7
0
-2
-3
1
-1
-3
-6
-10
-12
-8
2
5
3
0
-5
-1
5
0
0
4
2
3
4
-4
-5
2
5
12
13
8
10
4
2
2
3
5
1
2
-6
-7
-4
-4
-10
-8
-6
-9
-4
0
4
7
4
-2
-5
-4
3
5
1
1
-3
-5
-7
-7
4
8
4
6
5
2
8
2
3
6
5
7
7
9
3
-2
2
2
0
-1
-7
-5
1
3
5
0
-5
-4
-1
-1
-3
-5
-2
-4
2
9
8
3
-2
-5
-7
-4
-4
-5
0
0
2
-1
-3
-3
2
4
1
5
8
8
1
-3
-10
-13
-3
1
-4
0
2
4
6
8
7
6
4
5
3
5
5
2
-1
-5
-5
-5
-4
1
2
-1
-8
-6
-4
-5
1
4
4
3
2
0
-3
4
2
-1
0
-6
-1
2
5
9
6
8
10
5
4
6
1
-1
0
4
8
5
2
-2
-3
0
5
3
1
6
6
3
1
-3
-9
0
10
9
6
6
7
2
2
4
7
10
4
-3
-5
-2
5
2
-4
-2
-1
-3
-3
-1
-2
-3
-2
-3
-2
-2
-1
-4
-8
-5
-4
-4
-1
4
-1
-5
0
3
3
10
5
-1
-3
-5
-3
-5
-2
-6
-12
-17
-15
-12
-9
-5
-2
2
2
4
3
-2
-2
2
-1
-1
5
5
-1
1
5
-2
0
6
5
2
4
7
4
2
-1
-3
-6
-9
-12
-15
-11
-3
-2
-3
1
3
0
-3
-5
2
2
2
4
4
5
6
5
1
-1
-1
-5
-7
-5
2
1
0
4
-4
-7
-10
-10
-6
-2
4
7
7
10
6
0
-1
0
5
12
9
7
6
1
-1
-4
-2
0
1
1
-1
2
5
4
5
5
9
8
5
4
0
-3
-5
-7
-7
-5
-4
-6
-5
-4
-6
-3
0
-5
-6
1
0
-1
3
5
4
-1
-8
-12
-6
3
-1
-3
2
4
2
-1
-4
-2
0
8
9
7
9
0
-3
-3
1
-1
-4
-3
1
-2
-3
1
0
-1
0
4
5
6
6
5
3
-2
-7
-10
-6
-6
-10
-11
-10
-14
-11
-3
3
9
8
9
8
-2
-3
1
-2
3
6
1
2
1
4
-1
0
3
0
4
1
1
-1
-6
-7
-9
-7
-3
1
5
2
2
-2
-2
-2
0
0
0
-2
1
3
0
6
13
13
10
13
11
8
7
3
2
3
0
-1
-3
-9
-9
-13
-10
-7
0
3
-2
-2
-8
-7
-3
-3
-4
-7
-7
-14
-12
-11
-11
-4
-3
-3
-6
-6
-3
5
14
12
14
19
16
11
7
7
10
15
13
11
12
8
4
-1
-1
4
8
9
1
-7
-10
-14
-18
-16
-17
-13
-14
-21
-19
-18
-10
1
6
9
9
2
-1
6
13
10
5
2
2
3
6
4
3
7
8
5
3
9
8
3
-3
-5
-4
-8
-10
-5
2
8
2
-3
1
8
8
8
11
8
1
-1
-13
-18
-10
-5
-6
-2
-2
-6
-4
3
3
5
8
5
6
6
2
0
6
5
10
12
8
7
5
-1
-8
-1
4
4
7
13
11
9
2
-6
-3
-3
-4
-4
-9
-7
3
0
-10
-8
-8
-10
-6
0
0
-1
4
2
-4
-5
-6
1
8
7
2
-1
3
2
1
3
2
2
-5
-3
-3
-8
-7
-2
-4
-4
-11
-19
-15
-6
-1
-6
-11
-15
-19
-17
-14
-1
-2
-4
-7
-10
-8
-4
9
16
15
13
-3
-5
5
0
-6
15
27
12
4
1
2
3
-2
-8
-10
-12
-16
-14
2
10
10
2
-5
7
9
3
16
21
1
4
20
12
8
14
14
16
4
-23
-27
-21
-15
-6
-2
-7
-8
-4
-3
-4
-7
17
48
34
19
26
27
20
35
48
55
70
51
2
10
39
23
12
22
15
-34
-79
-77
-59
-53
-52
-19
0
-33
-82
-87
-40
-8
-7
5
16
-8
-35
-47
-30
6
17
0
15
54
67
59
54
51
6
-43
-42
-14
-5
-30
-47
-37
-56
-120
-150
-86
10
51
14
-62
-94
-52
-44
-58
22
82
52
22
5
-19
23
111
145
187
219
149
67
55
88
134
200
254
234
65
-211
-291
-164
-40
84
193
150
-90
-416
-637
-519
-132
152
248
196
-37
-330
-552
-548
-183
281
566
631
414
18
-213
-186
54
427
601
516
393
155
-202
-354
-242
-24
174
188
-51
-333
-471
-453
-437
-448
-294
-88
-86
-205
-353
-475
-338
-48
95
182
293
297
198
101
94
207
316
365
534
580
431
291
131
54
154
202
278
423
459
291
-310
-826
-742
-358
-73
177
310
17
-539
-1145
-1396
-792
109
520
489
228
-197
-618
-883
-587
190
809
1065
966
374
-258
-456
-214
445
973
1017
911
676
54
-490
-608
-250
511
812
326
-67
-433
-1067
-1174
-755
-296
150
413
175
-418
-938
-1119
-740
-30
613
791
452
171
-92
-583
-475
280
749
922
847
349
-191
-410
-286
103
465
552
432
116
-251
-435
-516
-313
239
525
430
362
283
-246
-922
-847
-227
289
531
715
555
-179
-926
-1444
-1140
126
1014
949
458
-277
-1108
-1611
-1125
-103
761
1130
952
337
-526
-897
-581
325
1231
1296
951
664
97
-567
-667
-161
608
972
671
197
-264
-870
-1234
-903
-427
15
171
-142
-463
-952
-1362
-1075
-455
43
413
485
255
-93
-482
-591
-19
640
823
822
450
19
-36
31
172
572
736
628
453
50
-268
-194
161
376
276
100
22
89
183
339
276
-546
-804
-255
186
421
583
472
222
-362
-1460
-1652
-144
1021
1014
445
-323
-942
-1419
-1376
-321
837
1122
1017
379
-614
-983
-673
17
1241
1534
788
594
419
-421
-742
-281
611
1362
879
-49
-433
-922
-1337
-921
-368
135
488
19
-613
-1079
-1619
-1263
-244
327
447
195
-230
-320
-559
-745
87
1071
1130
1024
678
-59
-123
123
161
683
1019
754
452
39
-321
-264
-42
308
482
122
-112
33
-59
-37
500
-196
-1204
-765
-183
-60
283
472
285
-13
-1088
-2244
-1137
699
1248
879
132
-606
-1142
-1598
-981
497
1254
1336
1047
-105
-953
-748
-271
1010
1899
1214
684
564
-240
-825
-506
381
1470
1446
202
-309
-565
-1307
-972
-193
46
426
114
-753
-1202
-1655
-1651
-621
311
464
274
-217
-330
-389
-859
-283
951
1145
823
565
-176
-458
107
402
751
1082
771
452
74
-215
-111
23
315
722
395
-228
-77
53
-93
415
783
-512
-1196
-623
-252
72
511
593
491
-149
-1793
-2403
-629
1107
1311
660
-291
-984
-1509
-1802
-671
921
1396
1442
782
-701
-1316
-813
20
1477
1789
847
748
600
-453
-819
-209
885
1870
1094
-286
-271
-694
-1416
-735
-179
125
521
-149
-973
-1314
-1681
-1398
-311
177
175
-5
-372
-140
-328
-832
144
1140
800
663
483
-180
-115
248
295
804
1120
800
620
278
-114
-174
-166
198
681
215
49
397
142
-61
554
508
-1212
-1304
-291
130
576
736
414
-85
-1014
-2585
-2321
377
1931
1532
384
-1010
-1667
-2086
-1589
392
1693
1584
1174
1
-1710
-1738
-717
718
2486
1789
471
758
190
-1140
-885
205
1725
2490
665
-838
-697
-1491
-1739
-145
359
562
665
-656
-1520
-1610
-1883
-794
736
667
45
-697
-928
-283
-340
-371
1168
1585
338
219
-71
-581
376
835
536
825
604
-198
-110
110
97
257
294
491
307
-568
-232
520
503
662
1044
533
-1374
-1807
-737
362
1099
1345
963
75
-1275
-2908
-2748
406
2499
1984
619
-1139
-2385
-2680
-1860
348
2066
1992
1386
77
-1914
-2185
-688
1117
2826
2199
589
561
181
-1387
-1142
554
2189
2866
867
-1136
-1080
-1650
-1907
-195
707
776
704
-935
-2322
-2398
-2308
-832
1005
907
-196
-1013
-1334
-693
-198
-19
1529
2019
401
-108
-319
-663
579
1309
1053
1215
758
-323
-191
213
185
494
617
535
281
-717
-575
388
506
855
1394
955
-1369
-2466
-1402
-90
909
1434
1031
28
-1319
-3251
-3508
98
2975
2764
1175
-1102
-2640
-2727
-1925
376
2400
2415
1684
218
-2339
-2703
-641
1229
3217
2638
353
420
298
-1503
-1038
793
2201
3311
1482
-1391
-1386
-1732
-2059
114
1197
945
1024
-811
-2773
-2683
-2350
-697
1804
1332
-434
-1322
-1924
-1298
-442
175
1965
2387
336
-608
-688
-926
518
1667
1168
1316
823
-677
-604
73
229
811
1089
788
252
-790
-930
142
552
996
1600
1396
26
-2710
-3203
-986
1046
1839
1972
796
-1160
-2794
-4388
-2765
2091
3908
2611
182
-3014
-3992
-3009
-1055
2044
3468
2276
1064
-1296
-3802
-2323
614
2511
3930
1929
-242
169
-678
-1968
-102
1903
3087
3462
163
-2238
-1767
-2152
-1410
1280
1457
1107
692
-2040
-3482
-3088
-2001
889
2354
766
-697
-1904
-2427
-1144
-41
694
2992
2640
-538
-1025
-1242
-932
1341
2073
1575
1125
-55
-901
-817
-412
581
1503
1181
872
-337
-1882
-893
467
440
1477
2116
1184
625
-2516
-4523
-1356
1474
2392
3046
1139
-1343
-2288
-4310
-3905
1763
4885
3840
1172
-3331
-5254
-3432
-1543
1905
4172
2364
999
-735
-4277
-3410
554
2318
4232
2977
-916
-583
59
-1921
-630
1841
2812
3949
1352
-2621
-2207
-1943
-2002
946
1869
841
1010
-1435
-4104
-3394
-2126
230
3055
1578
-1193
-2018
-2920
-1599
155
595
2526
3203
-104
-1795
-1284
-992
1409
3091
1716
1064
392
-1219
-799
-53
401
1603
1630
584
-402
-1964
-1558
552
779
854
2117
1584
652
77
-3638
-3514
635
2056
2505
2446
-318
-2043
-2590
-4437
-2430
3303
4746
3051
-456
-5381
-5310
-2247
-274
2814
3511
1086
364
-1834
-4879
-2015
2111
3198
4441
1487
-1818
105
169
-1802
575
2566
2896
3579
-141
-3500
-1840
-1509
-905
2067
1501
325
376
-2535
-4091
-2689
-1134
1478
2577
-242
-2529
-2320
-2019
-178
946
438
2392
1834
-1578
-1250
-408
84
2143
2309
705
329
252
-648
-11
599
623
1304
707
19
-808
-1972
-186
1269
545
879
1686
897
855
559
-3470
-3048
743
1588
2149
1911
-563
-1545
-2255
-4354
-2420
3126
4612
3049
-1042
-5551
-4355
-1640
-264
2689
2890
932
645
-2160
-4934
-1376
2407
3213
4119
636
-1741
969
467
-1757
545
2276
3125
3600
-666
-3342
-1188
-1108
-652
1597
736
351
625
-2721
-3912
-2110
-841
1745
1826
-1350
-2708
-1920
-1424
-188
366
37
2065
1459
-1562
-492
53
350
2338
1426
41
368
422
5
354
503
420
1199
860
145
-543
-1446
645
1558
51
526
1508
914
1293
225
-4229
-2602
1169
1547
2311
1753
-912
-1475
-2473
-4942
-2054
3613
4681
2763
-2148
-6668
-4099
-1036
320
3294
2816
908
416
-3168
-5070
-86
3325
3437
3574
-496
-1737
1431
169
-1593
1464
2683
3177
3002
-1770
-3283
-676
-901
-187
1739
433
586
159
-3759
-4041
-1307
59
2031
1210
-2199
-2502
-1743
-1411
-8
606
831
2050
247
-2172
-347
365
817
2543
949
-235
879
234
-392
305
533
901
1230
490
-262
-689
-838
740
954
-163
918
1626
667
1217
-679
-4559
-1863
1163
1502
2423
1434
-1018
-1416
-3067
-4963
-413
4661
4702
1868
-3620
-6585
-2877
-602
678
3385
2391
731
-322
-4219
-4216
1755
3778
3198
2423
-1483
-758
2038
-538
-1471
2002
2887
3236
1712
-3043
-2663
42
-752
168
1675
448
1020
-875
-4689
-3253
84
1162
2100
9
-3392
-2584
-1657
-1015
750
1117
1374
1284
-1651
-2630
204
1426
1992
2386
-32
-810
737
-164
-251
954
858
1086
591
-634
-783
-308
20
1069
565
-177
1124
1691
657
1120
-32
-3725
-1853
614
1084
2445
1725
-931
-1779
-3040
-4717
-792
4340
4341
1376
-3421
-6286
-2801
-207
292
2850
2668
556
-701
-3793
-3930
1841
4038
2408
1844
-732
-497
1935
-400
-1834
2098
3357
2701
1563
-2353
-2478
411
-551
-652
1616
993
658
-1054
-4694
-3462
515
1302
1099
-401
-3385
-2688
-1467
-1170
956
1928
1626
790
-1653
-2490
344
2113
1949
2084
260
-1026
431
-92
-399
1184
1172
1075
218
-1047
-882
172
471
849
552
-271
754
1323
394
922
1031
-2681
-2579
-176
867
2611
2266
-562
-1382
-2026
-3980
-1829
3322
4343
2215
-2200
-5864
-3642
-408
-176
1988
2739
676
-473
-2775
-3926
556
3796
1991
1430
-81
-667
1642
343
-1931
1239
3382
2481
1816
-1027
-2318
292
-300
-1231
1377
1702
496
-767
-3991
-3530
315
1412
564
-151
-2373
-3080
-1308
-1092
323
1827
1081
93
-1777
-2506
-102
1888
1941
1406
280
-822
240
657
-312
1201
1747
738
113
-787
-667
392
738
548
-34
-324
508
1203
913
947
1825
-812
-3400
-1615
268
2311
3093
524
-1746
-1768
-3183
-3804
1004
4340
3388
187
-4568
-5417
-1210
-70
590
2683
1435
-420
-1501
-3960
-2076
3291
2842
1126
1187
-547
533
1207
-1837
-430
3602
2840
1984
668
-2417
-777
419
-1157
783
2848
657
-523
-2839
-4483
-818
1684
732
235
-1167
-3819
-2399
-823
-237
2038
1697
-15
-1247
-2410
-937
1320
2148
1888
786
-600
-609
660
154
736
2220
946
32
-230
-660
195
708
619
6
-346
465
1238
1238
724
1249
-1233
-3826
-1222
797
2554
2983
-52
-2382
-2042
-3017
-3408
1763
4562
2980
-342
-5084
-5031
-280
269
874
2944
1329
-516
-1788
-3988
-1235
3674
2415
726
806
-634
671
766
-1807
445
3896
2310
1326
-58
-2661
-705
108
-1150
1094
2588
141
-1131
-3221
-3849
147
1803
516
-217
-2001
-3374
-2335
-712
583
2023
1459
-781
-1760
-2281
-8
2305
1527
1556
223
-1115
-133
419
505
1351
2073
939
-476
-228
-110
441
681
305
184
-630
388
1053
906
1577
1658
-1384
-4125
-1746
1006
3009
3054
157
-1992
-2140
-3567
-3442
1570
5094
3689
-835
-5390
-5237
-499
367
633
2699
1544
-481
-2296
-3931
-1063
3662
2583
686
986
-71
826
236
-1945
947
4186
2413
1091
-379
-2457
-661
99
-938
1483
2658
-97
-1591
-3622
-3306
819
2205
465
-644
-2467
-3991
-2182
-614
858
2431
1139
-1089
-2132
-2037
342
2403
2167
1589
324
-911
-508
437
500
1585
2136
470
-666
-472
99
954
818
296
-113
-257
629
718
709
1673
1367
-3002
-4048
-753
1408
3429
2236
-1292
-1642
-2167
-4505
-2106
3648
4753
2547
-2687
-6287
-2901
611
-52
1866
2759
497
-660
-3508
-3543
2019
3895
799
655
3
-154
1199
-1188
-1431
3129
3619
1373
692
-1794
-1862
225
-748
-74
2452
1414
-980
-2571
-4271
-1355
2274
1425
131
-1285
-3150
-2720
-1409
49
1900
1997
276
-1915
-2426
-1148
1850
2143
1172
1257
-708
-464
651
15
1114
2117
830
-269
-568
-18
699
1112
409
-73
314
-17
613
920
1303
2368
-502
-4478
-2425
789
2707
3322
700
-1819
-2018
-3759
-4344
1184
5159
3809
-315
-5380
-5432
-569
756
928
3021
1461
-869
-2408
-4136
-532
4427
2811
173
580
-382
545
334
-1467
1139
4169
2170
497
-837
-2630
-590
237
-590
1345
2246
-379
-2080
-3596
-2910
1518
2371
42
-1218
-2866
-3551
-1649
-243
1083
2515
688
-2205
-2926
-1431
1409
3157
2227
984
-444
-1296
-248
797
1186
2207
1875
-433
-1113
-446
454
1349
1478
124
-304
-195
186
1082
1398
2263
-263
-4149
-3034
-25
2329
2885
929
-1315
-1886
-3717
-4271
1027
4952
3665
321
-4831
-5445
-506
193
720
3247
1556
-1122
-2026
-3751
-590
4615
2383
305
987
-632
42
572
-1346
1350
4389
1620
344
-415
-2633
-698
555
-736
1402
2019
-917
-1950
-3330
-2812
1432
2370
-565
-1079
-2424
-3949
-1247
-232
847
2616
534
-2327
-2571
-677
1221
2575
2266
452
-227
-953
-838
1036
1676
2124
1666
-670
-764
-70
404
1133
1112
545
62
-23
532
1015
1791
1450
-2421
-3532
-1449
952
2611
1428
-808
-1234
-2063
-4524
-2621
3175
4336
2273
-1888
-5535
-2747
357
-487
1907
2986
318
-1283
-2946
-2687
2381
3906
499
1094
1003
-463
192
-476
-258
3450
3414
446
404
-1075
-2147
-247
-224
261
2012
503
-2012
-2471
-3072
-746
2193
891
-540
-1299
-3308
-2588
-524
-76
1654
1669
-1033
-2369
-1348
-47
1862
2768
1380
410
-437
-967
68
1152
1859
2194
277
-987
-150
323
598
1072
571
428
688
423
844
1655
1124
-2475
-3384
-1134
1229
2718
971
-1545
-1623
-1763
-3727
-2086
3063
4050
1349
-2627
-5194
-2157
1042
-686
716
2278
-29
-1396
-2221
-1892
2923
3986
-401
296
1463
358
836
-249
-408
3298
2741
-321
260
-311
-918
39
-661
-13
2035
251
-2424
-2287
-2322
-461
1202
-417
-1175
-972
-2932
-2379
-477
-2
1427
1221
-1281
-1854
62
442
956
1841
684
245
202
-555
367
1560
1345
1276
278
-334
319
777
599
748
350
-99
439
719
824
1723
1046
-3031
-3402
-927
1913
3341
1071
-1876
-2348
-2388
-3997
-1288
3498
3668
886
-3737
-5862
-1876
1415
205
1730
2054
-671
-2206
-2508
-1008
3697
3963
-509
235
843
-70
504
187
944
3938
2195
-985
-99
-536
-924
454
257
543
1639
-771
-2905
-2144
-1551
543
1142
-1176
-1593
-1590
-3188
-1465
82
336
1403
-96
-2141
-1651
688
1344
1710
1790
149
-34
0
-201
1447
1952
1613
1020
-541
-319
544
1075
1292
932
574
-85
203
843
1343
1932
-891
-3736
-1813
277
2623
2377
-645
-2270
-1992
-3618
-3494
1812
3836
1775
-1981
-5579
-3808
801
444
567
3029
608
-2232
-2776
-2029
2036
4861
862
-1018
1392
380
-90
282
911
3029
3678
22
-748
478
-555
-440
300
541
1127
151
-2985
-2792
-1306
-359
520
-452
-1835
-1847
-2407
-2441
-40
665
594
3
-1874
-1946
-42
1248
1158
1570
761
31
141
349
1039
1854
1272
875
561
133
661
543
751
941
1201
676
419
755
938
1720
-492
-3117
-1344
478
1987
1963
-748
-2423
-1401
-2870
-3488
1282
3504
1187
-1355
-5061
-4240
795
363
-263
2563
438
-2655
-2180
-1724
1416
4437
723
-1091
1819
646
-196
613
1094
3181
3372
-294
-245
1342
-198
-256
432
599
1428
99
-2826
-2288
-777
-464
61
-1168
-1737
-1830
-2921
-2328
-242
419
339
-520
-2264
-1509
430
707
954
1448
171
-41
175
311
1842
1970
979
666
741
898
1474
1150
484
615
859
719
1051
1599
1382
697
-2645
-2994
-54
1655
2655
798
-2296
-2522
-1629
-3416
-1871
2595
2203
-259
-3373
-5069
-1601
1656
-629
165
1605
-1005
-2064
-1523
-275
3106
2928
-1590
-424
2240
1118
682
435
1217
3092
1789
-678
967
1618
96
-219
-45
1002
1323
-840
-2751
-1301
-382
-87
-1089
-1739
-1244
-1998
-2251
-1375
-159
-38
-452
-1947
-2140
130
767
420
917
592
-49
104
1
1344
2510
1516
616
290
538
1195
1779
1088
728
568
405
773
1491
1950
1734
-39
-3516
-2457
423
2124
2712
-101
-3022
-2277
-2113
-3286
-8
2979
1180
-1307
-4655
-5050
-308
1810
-607
995
818
-2331
-2328
-1236
1131
4155
1956
-2156
-140
1493
876
1127
1440
2295
2645
235
-845
1887
2103
462
-85
195
1158
552
-1535
-2068
-421
-100
-593
-1770
-1734
-1535
-2422
-2271
-879
-166
-494
-1387
-2675
-1408
354
342
295
705
146
-138
296
536
1837
2151
1000
587
1165
1354
1781
1703
1043
919
918
964
1649
2213
2019
1047
-3374
-2984
647
2049
2559
368
-3027
-2929
-1697
-3669
-694
3707
1254
-1871
-4364
-5518
-1101
2371
-1104
274
1266
-2775
-3037
-596
1376
4043
2715
-2295
-233
1916
230
1002
2380
2459
2645
71
-1580
2327
2799
501
500
456
467
310
-1449
-1544
743
-156
-1405
-1794
-2195
-1934
-1866
-2322
-888
-291
-1642
-2050
-2369
-1341
468
840
77
-133
-333
-519
405
1314
1711
1912
858
60
1077
1687
2529
2396
1005
46
576
1330
2297
2797
1892
787
-3210
-3332
97
2638
2929
334
-3181
-3808
-1945
-3144
-1129
3015
1553
-2011
-4443
-5218
-1522
2312
-300
112
953
-2333
-3550
-1120
1568
3647
2579
-1708
-710
1604
415
681
2934
3172
2211
55
-1306
1692
2770
799
742
1333
349
-759
-1229
-801
1168
137
-1896
-2205
-2074
-1805
-2032
-1573
-287
-915
-2425
-2527
-2011
-495
705
577
-279
-353
-689
-748
1096
1802
1655
1490
86
112
1427
2121
2828
2354
1279
364
827
1662
2487
2503
2245
4
-3996
-2056
1226
2783
2228
-671
-3835
-2783
-1908
-3244
634
2908
-228
-3270
-5099
-4305
455
1461
-1264
651
-162
-3444
-2661
56
2351
3447
388
-2032
967
1385
628
1740
3333
3141
1030
-1239
163
3327
2265
543
534
944
27
-1246
-950
993
1457
-1236
-2569
-3108
-1504
-694
-1872
-847
-624
-2695
-3416
-2187
-1009
367
715
-662
-1009
-498
-1375
-77
2276
1726
1284
715
-344
1031
2405
2515
2589
2010
598
371
1723
2698
3046
2367
1394
-2111
-3707
81
2878
3125
1131
-2729
-4528
-2142
-2190
-1776
2718
1847
-2694
-5114
-5546
-2531
2158
617
-1093
42
-2546
-4112
-1010
2118
3228
2107
-1518
-1608
1413
1082
1404
3303
3991
2013
-508
-764
2211
3628
1861
884
784
401
-1360
-1390
781
2254
237
-2468
-3783
-2588
-559
-801
-961
-741
-2417
-4146
-3037
-1058
307
875
-702
-1671
-1313
-1130
-525
1653
2273
1036
216
-22
728
2497
3157
2264
2075
1093
471
1673
2968
3208
2698
2199
-714
-3558
-911
2395
3773
2064
-1662
-4111
-2764
-2117
-2701
900
2499
-1330
-4961
-5931
-3555
1028
1454
-1200
-476
-1708
-4533
-2463
1780
3552
2299
-1083
-2673
646
1509
1230
3198
4699
2764
-342
-1181
1676
4303
2712
1097
1042
921
-1169
-1986
386
2871
1215
-2343
-3389
-2996
-843
-881
-1687
-813
-1916
-4626
-4252
-1354
77
214
-1151
-2197
-1763
-628
-408
1255
2722
844
-635
-77
1400
2660
3077
2428
1704
1517
1165
1840
3642
3992
2091
1246
-259
-2761
-495
2503
3239
1268
-1808
-4064
-2487
-1147
-2366
217
2172
-1062
-4854
-5993
-3996
295
1111
-1489
-1116
-1912
-4367
-2861
1575
3711
2347
-740
-2430
661
1734
1273
2810
4502
2589
-330
-638
1944
4622
2923
1269
1289
1135
-481
-1132
899
2791
643
-2884
-3211
-2375
-601
-944
-2000
-1237
-2197
-4697
-3981
-783
-256
-592
-1677
-2902
-1959
-606
-624
1336
2241
-246
-648
771
2196
3035
3126
2061
1906
1855
1244
2501
4430
4018
1818
1407
-283
-1939
383
2890
3381
944
-2318
-4018
-1654
-685
-2050
59
1151
-1917
-5383
-5809
-3180
872
617
-2172
-2012
-2661
-4141
-2146
1945
3482
1303
-1979
-2619
737
2337
2201
3081
3825
1678
-588
374
3274
4660
2710
1103
1378
1331
-397
-606
1372
2101
-673
-2591
-2404
-1270
-310
-2067
-2169
-1056
-2588
-4534
-2999
-677
-1072
-1389
-2310
-2773
-1363
-813
-921
1624
1329
-1376
-392
1538
2468
2810
2689
1749
2263
1970
1319
3188
5320
3700
1485
918
-1236
-331
2048
3476
2397
-609
-3243
-3057
-503
-1108
-1043
507
-406
-3402
-5581
-4596
-1618
816
-1232
-2410
-2482
-3325
-2898
-88
2336
1668
-459
-2299
-623
1544
2358
2581
3162
2203
162
505
2756
4273
2976
1334
1215
1923
1309
77
493
1233
847
-1306
-1569
-734
-1072
-2080
-2233
-1281
-1711
-2916
-3049
-2046
-1520
-1707
-2496
-1838
-783
-1479
-1743
-293
612
-8
-220
423
1401
2495
2138
1726
2401
2246
1456
2724
4407
3818
2685
-171
-1356
1332
3669
3383
930
-1178
-2381
-1271
-788
-884
953
303
-2384
-4778
-4410
-2469
-58
-592
-2161
-2427
-3640
-3705
-1633
1155
1274
-390
-1914
-1467
442
864
1519
2602
2746
807
-65
1606
3958
3791
1713
1448
1566
1390
710
1153
2073
1554
-940
-2036
-760
110
-333
-1478
-1580
-2013
-2929
-2867
-1587
-1087
-1662
-2578
-2791
-1870
-1322
-1323
-546
206
-463
-851
-103
771
1267
1825
1677
1634
1852
1629
2339
3370
3761
1418
71
1804
2839
3249
2117
266
-810
320
-194
-915
1193
937
-1483
-3108
-3493
-2750
-443
-393
-2210
-2424
-3279
-3882
-1950
195
-233
-1424
-2065
-1938
-154
725
1058
1309
1391
266
129
1887
3255
2815
1775
1808
1580
1619
1162
1426
2545
2412
328
-906
-251
-214
-212
-79
-431
-1156
-2363
-3033
-2003
-869
-1465
-2100
-2466
-2354
-2217
-1709
-717
4
-520
-1414
-847
100
1090
1257
1251
1224
1506
1614
2104
2869
946
331
2098
3540
3324
1536
159
334
1393
310
-187
1600
1190
-970
-2616
-2185
-1106
-166
-1251
-2001
-1720
-2786
-3282
-1698
-6
-856
-1988
-2038
-1259
-365
-544
-76
1106
1123
-543
-303
1775
2507
1742
1068
1480
1730
1436
877
1991
2801
1458
-225
154
1001
498
28
-136
-40
-1005
-1981
-1583
-338
-402
-2051
-2725
-1793
-1318
-1601
-1398
-904
-688
-1375
-1659
-564
472
661
410
702
1168
1430
532
-204
1744
3029
3061
1804
229
40
1786
2409
998
1293
1202
61
-576
-894
-528
714
518
-1824
-2101
-1865
-1983
-959
-118
-664
-2013
-2474
-2501
-979
82
97
-216
-561
-1054
-1186
397
1801
1705
670
182
222
917
1704
1880
2046
1316
-269
-360
1077
1341
1123
922
-31
-883
-1186
-801
257
782
-704
-1840
-1464
-997
-953
-381
-132
-713
-1496
-1627
-589
640
969
335
533
-795
-1661
155
2731
3541
1141
-1164
-1004
1291
1489
523
1935
2282
283
-1989
-1570
512
2453
1254
-1116
-1283
-1754
-1758
-362
1382
534
-1623
-2478
-1883
-262
106
271
432
-50
-1812
-1858
565
2042
1326
-225
-255
-271
55
525
1538
2106
722
-1137
-802
783
781
655
793
410
-969
-1660
-403
1039
873
-1084
-1838
-499
237
-689
-480
140
-344
-1008
-1370
-334
660
516
-84
443
984
-945
-2100
479
2839
2859
701
-1121
-814
1013
1174
130
1494
1966
116
-1383
-1241
-431
938
1352
-384
-1036
-1790
-2085
-421
1259
600
-1284
-1657
-1682
-683
165
887
646
-233
-1397
-1348
703
1680
989
-34
-24
-269
-165
851
1626
1442
310
-796
-547
750
555
272
749
279
-1019
-1392
-376
760
896
-481
-1419
-941
-312
-314
268
625
-461
-1285
-1181
-72
641
939
574
427
196
-1730
-1340
1588
3164
1702
-802
-1648
-415
1457
819
200
1320
1016
-675
-1651
-723
365
1486
737
-724
-1456
-1869
-1162
483
1475
-130
-1633
-1804
-1105
-236
567
1223
530
-748
-1797
-710
1323
1993
853
-78
-100
-608
-82
1087
1791
1203
-123
-1129
-235
947
545
198
182
-404
-1283
-723
516
1032
142
-1301
-1488
-148
481
-169
-80
58
-371
-479
-343
95
428
583
514
702
400
-1487
-945
1585
2628
1149
-1103
-1696
-112
1327
397
8
880
380
-1138
-1789
-592
635
1068
-192
-1196
-1296
-1279
-526
515
955
-515
-1629
-1246
-141
352
713
970
25
-848
-1175
70
1894
2002
415
-256
64
-304
226
1333
1452
390
-656
-831
288
940
274
-38
46
-559
-1364
-608
654
709
-506
-1497
-1164
-300
123
48
136
-116
-810
-686
323
828
449
341
357
631
404
-962
-262
1850
2385
883
-590
-841
276
1467
504
-296
402
589
-371
-1292
-1115
-282
669
121
-967
-1452
-1345
-527
186
334
-769
-1552
-1228
-405
-51
326
349
-259
-687
-619
475
1506
1370
102
-217
441
283
483
1006
896
265
-520
-505
485
849
59
-267
44
-80
-709
-376
457
446
-552
-1508
-1110
-51
368
-152
-447
-356
-608
-307
608
778
202
10
305
834
868
-521
-688
1003
2002
1308
-269
-753
368
1665
930
-383
67
839
566
-681
-1328
-755
397
343
-663
-1242
-1312
-844
-382
192
-200
-1141
-1151
-651
-187
161
263
-234
-524
-517
5
1080
1111
30
-452
407
810
706
661
530
271
-122
-39
580
677
-58
-579
-265
250
-89
-468
0
239
-414
-999
-709
-88
307
94
-227
-405
-729
-727
187
979
362
-423
-308
367
618
262
-340
58
902
1072
663
-155
-388
271
1039
592
-152
181
834
582
-748
-1266
-51
1421
852
-964
-1590
-915
-184
-111
54
-267
-878
-1248
-1147
-195
512
243
-306
-599
-632
-106
547
647
-23
-407
-97
333
405
-65
50
425
185
-159
6
494
449
-50
-278
28
40
-153
-58
388
368
-491
-857
-366
236
420
231
-12
-183
-382
-239
188
485
277
-164
6
252
191
62
-114
17
411
652
538
-143
-629
-170
536
702
226
73
271
-15
-441
-393
312
854
276
-631
-655
-173
76
117
140
10
-378
-466
-129
206
264
-69
-74
27
-380
-743
-291
569
598
-94
-720
-690
-185
288
399
285
-42
-615
-539
-58
141
105
-53
-57
-225
-390
-198
36
365
207
-101
113
119
24
11
86
211
31
3
-12
-30
2
-63
109
206
42
-106
151
431
243
-1
-149
-236
74
383
374
180
-226
-448
-58
562
632
414
158
-88
-43
86
326
543
360
-128
-354
-159
68
317
403
272
38
-104
-277
-215
102
173
142
18
-355
-642
-500
-80
162
97
-241
-494
-296
-55
-90
-294
-432
-472
-248
17
97
74
-185
-426
-317
108
337
239
116
48
7
-47
-89
78
421
339
79
-42
-49
31
-22
113
123
108
-92
-496
-414
-159
31
0
-116
-295
-284
-16
166
70
-29
36
130
326
312
160
112
103
88
219
394
440
487
261
140
270
312
282
210
138
48
29
21
-235
-359
-83
35
159
16
-322
-455
-403
-68
16
72
-133
-502
-467
-434
-237
-99
-38
-28
-179
-223
-124
-14
48
-1
-14
99
118
81
77
156
162
100
119
116
143
225
307
262
36
-217
-139
144
224
96
-204
-372
-201
-166
-169
-74
-115
-267
-382
-297
-254
-270
-220
-156
17
109
-55
-123
18
284
443
367
221
63
147
393
401
390
242
77
66
142
332
426
370
109
-63
138
207
7
-100
-180
-42
2
-223
-336
-379
-256
-156
-40
-38
-168
-170
-140
-51
-26
-84
-104
-68
-24
-4
-16
87
52
-92
94
344
431
364
153
18
120
314
317
215
51
-91
-18
23
-43
-177
-219
-101
-74
-110
-193
-228
-266
-351
-275
-196
-192
-338
-467
-347
-166
-67
-199
-364
-267
-44
172
255
131
8
42
230
349
391
432
282
225
265
331
455
418
312
270
356
406
145
-89
-119
38
231
61
-173
-374
-414
-356
-319
-183
-193
-278
-407
-431
-266
-172
-141
-206
-174
-101
-109
-77
-112
-77
43
131
251
342
274
100
-14
72
213
356
376
175
15
-30
31
60
7
51
38
-39
-146
-273
-240
-78
-65
-148
-255
-329
-239
-166
-184
-208
-225
-272
-241
-78
-26
-61
-48
-88
-88
109
289
299
313
230
155
238
316
444
461
379
294
230
328
289
238
240
252
354
196
-29
-127
-81
27
-47
-82
-149
-279
-290
-307
-316
-289
-320
-289
-280
-211
-100
-101
-110
-88
58
172
128
91
106
199
237
132
26
134
299
242
129
99
163
155
78
6
-24
-82
-169
-203
-200
-178
-236
-320
-383
-386
-318
-239
-215
-240
-303
-363
-273
-147
-167
-198
-183
-180
-110
27
117
168
206
165
151
221
294
357
345
295
232
200
213
186
218
262
208
142
73
36
80
113
58
-86
-138
-179
-213
-127
-116
-123
-108
-167
-236
-216
-133
-56
-15
-47
-93
-40
-1
0
68
188
282
251
158
74
87
262
318
199
59
-12
38
112
129
58
-5
-56
-116
-102
-74
-54
-73
-198
-283
-267
-217
-155
-155
-165
-157
-156
-132
-103
-106
-91
-33
-18
-56
-57
-20
37
118
132
138
176
169
154
174
203
180
131
25
-15
55
51
1
-36
-61
-99
-118
-115
-130
-84
-76
-110
-147
-207
-230
-183
-110
-110
-147
-144
-155
-90
31
67
135
178
156
102
94
189
215
179
151
113
139
161
147
157
139
175
163
89
33
18
48
-3
-46
-79
-110
-98
-128
-181
-194
-155
-142
-196
-214
-191
-173
-145
-124
-75
-80
-162
-134
-44
-3
48
47
33
70
90
133
148
232
295
216
147
166
197
212
191
65
-35
-74
-44
-16
10
21
-51
-64
-109
-161
-94
-68
-54
-52
-114
-159
-180
-146
-107
-120
-81
-30
15
35
25
63
95
147
158
113
65
61
134
191
149
107
98
128
203
182
107
101
121
104
63
1
-19
-22
-58
-92
-115
-111
-112
-85
-85
-120
-146
-148
-148
-119
-103
-108
-103
-83
-12
1
38
19
-13
38
58
93
87
95
128
117
130
149
175
150
91
64
63
79
39
1
-20
-29
-66
-120
-110
-105
-122
-100
-86
-117
-150
-149
-136
-98
-67
-83
-106
-121
-78
-51
-4
45
16
32
32
61
125
146
156
141
93
77
102
150
168
177
160
76
70
76
71
92
68
32
-32
-113
-154
-120
-67
-42
-70
-126
-163
-148
-97
-61
-31
-39
-58
-78
-76
-79
-57
-11
27
38
8
2
46
128
127
100
94
90
91
74
93
99
102
55
-8
-34
-27
33
45
5
-52
-80
-80
-80
-63
-54
-85
-100
-116
-118
-66
-14
-7
-27
-25
-17
-26
9
33
36
44
22
16
41
59
90
120
111
81
95
130
145
132
77
57
57
52
31
-23
-29
-29
-54
-119
-152
-110
-99
-111
-155
-203
-184
-169
-153
-135
-139
-139
-157
-152
-104
-51
-19
-7
-9
-37
-24
9
67
124
118
83
95
128
91
81
116
128
108
36
-22
-1
51
9
-52
-35
-8
-9
-35
-65
-90
-82
-81
-123
-159
-123
-85
-60
-25
-48
-45
-22
-2
9
61
114
70
24
22
61
104
95
53
38
47
35
-6
-19
17
38
28
8
-16
7
8
-25
-48
-52
-41
-49
-67
-70
-67
-63
-15
-12
-29
-12
-13
6
8
-10
-45
-54
-10
-2
-13
-18
9
52
45
34
46
55
77
100
93
77
48
68
97
115
126
101
82
58
45
69
92
110
80
32
21
12
1
-13
-2
0
-23
-54
-51
-32
-19
-3
-12
-40
-59
-44
-44
-31
-1
2
2
-1
-9
-1
34
43
23
24
46
68
55
21
-7
2
2
-30
-25
-20
-28
-50
-78
-91
-81
-69
-77
-87
-77
-81
-102
-86
-73
-67
-56
-61
-59
-51
-36
-12
6
14
8
-3
7
15
28
56
67
64
52
62
73
70
68
50
37
41
49
58
56
30
-19
-29
-28
-27
16
40
29
7
-37
-55
-8
6
-5
-19
-14
25
33
6
-6
14
30
40
75
83
82
74
26
7
-6
-3
28
64
66
43
43
27
-10
-36
-51
-19
8
2
-28
-74
-105
-110
-100
-89
-64
-63
-56
-67
-75
-65
-53
-51
-78
-88
-87
-40
-10
-23
-33
-19
-2
-11
29
58
65
50
14
3
37
87
109
127
97
72
57
44
45
69
64
17
4
-14
-25
-8
-36
-65
-47
-6
0
-13
-20
-42
-46
-56
-61
-47
-30
-29
-52
-18
16
24
49
49
41
45
37
33
44
47
45
29
16
10
10
9
15
12
-5
-14
-8
5
-9
-22
-39
-54
-35
-36
-41
-40
-42
-39
-36
-29
-15
-31
-54
-52
-34
5
9
-4
-10
-10
-6
3
22
23
17
12
11
28
39
38
29
15
18
9
31
66
55
14
-21
-13
3
19
29
25
19
6
1
-10
0
8
-6
-12
-21
-29
-37
-29
-14
-6
1
19
17
6
18
16
14
-10
-42
-28
-6
10
7
21
39
35
13
-13
10
34
25
4
-24
-30
-28
-26
-19
-5
10
-1
-21
-17
3
-2
-21
-37
-44
-20
-1
-11
-18
-26
-19
-24
-23
-14
-11
-16
-16
-36
-30
-4
-15
-10
-7
2
13
22
39
32
15
34
40
34
36
15
3
2
-11
-2
13
20
29
1
-4
22
21
13
0
-14
-2
-2
-8
-2
-2
2
-17
-35
-8
10
9
7
-19
-25
-16
2
47
33
-25
-22
39
88
60
-6
-10
0
9
53
54
47
20
-35
-26
37
56
17
-22
-3
23
-7
-7
-22
-34
-14
-28
-5
10
-38
-22
-1
-3
-31
-61
3
36
-34
-72
-46
1
35
9
-2
18
27
31
11
32
63
2
-5
29
55
65
42
43
50
23
11
12
-5
-1
-3
7
28
10
-27
-48
-46
-29
-24
-17
-21
-47
-63
-65
-52
-6
8
-15
-10
-31
-24
14
11
1
2
3
6
-2
6
-4
-10
21
2
4
25
5
-3
4
3
5
0
-11
-22
-13
-4
-23
-38
-49
-63
-54
-38
-43
-47
-38
-58
-58
-41
-56
-23
-1
-1
12
4
23
39
58
77
61
50
54
40
40
55
60
65
54
43
51
48
50
27
1
-3
-8
0
-1
4
0
-17
-23
-18
-15
-15
4
2
-14
-14
-36
-31
-5
4
-1
3
-18
-32
3
16
18
10
-12
12
37
37
21
20
48
39
18
5
-2
16
29
13
0
-13
-24
-20
-21
-7
-7
-22
-44
-63
-50
-22
-31
-53
-74
-57
-45
-52
-39
-18
23
33
29
19
-8
-3
20
34
53
40
17
-6
0
17
28
42
42
30
11
17
25
-3
-25
-26
-1
2
-21
-8
3
33
37
-2
-18
-12
-9
-10
-49
-47
-20
-28
-5
8
1
29
38
41
23
14
11
-53
-29
6
-21
-13
-30
-41
14
28
33
39
-7
-45
-22
18
11
-12
-19
-41
-5
5
-52
-8
15
5
53
22
-8
-3
-46
-62
-43
-41
-61
-23
23
-31
-29
17
8
26
8
-14
31
47
17
-21
-8
6
-10
33
44
60
85
55
1
-21
14
29
38
65
18
-25
17
-15
-42
-5
-17
-3
-6
-32
-23
-24
6
-37
-70
2
-2
-24
-22
-47
-7
15
-12
-8
15
43
37
18
23
8
37
71
35
22
17
-9
18
21
13
-2
16
35
-23
-21
-34
-26
-5
-44
-43
-24
-49
12
-23
-22
48
13
8
-18
0
43
-16
3
-20
-31
69
26
-16
-20
16
68
19
28
18
1
42
0
1
12
-12
-22
-22
4
30
-11
-28
-33
7
31
-45
-43
-24
-65
-66
-54
-33
-2
46
-1
-50
19
-23
-58
-28
-30
-38
-12
12
-10
-2
-2
-76
32
165
126
24
-18
65
-25
-1
37
6
81
6
-80
-106
56
91
-86
-90
-27
60
44
-74
-68
-10
37
-48
-113
32
62
50
-43
-93
38
99
128
26
-36
8
-45
74
57
48
-39
17
116
-73
-62
28
77
17
-25
-26
-29
6
19
-103
-105
85
-7
-63
-18
23
57
-21
18
-15
-26
33
-55
-48
4
36
31
-62
-61
5
7
62
-29
80
34
-44
23
-96
-3
5
75
7
-19
79
-97
-33
90
39
-14
5
27
-52
31
-7
-112
83
-26
-61
-9
-12
46
-109
31
-24
-11
132
-140
49
54
-57
-1
-45
119
-63
-33
131
-92
55
70
-44
17
24
58
-158
73
110
-200
57
51
-55
-42
51
8
-30
36
-46
6
48
-16
-134
39
56
-10
2
-105
71
34
-57
-3
25
33
14
74
23
10
-38
-28
8
130
-46
-60
179
-13
-4
-61
4
139
22
25
-105
1
126
-169
-21
67
-24
76
-44
-12
-34
-24
35
-204
109
57
-81
54
-58
-121
11
55
-90
11
122
50
-65
78
-45
22
131
-186
-3
155
27
-53
-70
-47
-9
118
-48
-107
97
167
-115
9
-11
-107
140
14
38
-171
34
108
-179
57
-95
-18
68
-11
-158
-134
186
-93
-88
34
16
19
69
-35
-142
109
101
-37
104
16
-54
39
94
-8
-118
108
179
64
-29
-32
-11
67
16
-103
-89
195
116
-90
-133
-51
-3
-49
57
89
-33
13
-37
-156
-123
53
11
31
208
-103
-228
23
68
-76
67
98
-2
124
-28
-235
-32
95
-9
45
118
-27
-2
-20
-109
-29
95
137
62
21
-76
-50
-4
-58
30
57
75
32
-170
-190
-71
126
31
45
93
-14
8
-47
-126
-46
124
124
44
-11
-42
-9
54
8
18
15
34
155
16
-67
7
-1
3
-116
1
54
31
29
-141
-32
-24
-63
37
-23
25
70
-104
-61
-30
-21
9
37
43
-50
-11
31
11
-27
-28
72
-41
-49
-44
-76
-8
71
10
-62
48
-19
-73
47
1
38
149
-37
16
3
-126
21
-11
40
33
3
-21
-9
56
-129
-6
59
-110
119
81
-139
33
-1
-45
30
95
66
-71
83
-46
-180
76
59
30
-89
71
34
-138
69
73
-71
18
65
-194
-46
74
-54
16
3
65
-107
-115
92
-81
-11
13
-14
43
-42
-40
-3
78
94
-75
28
1
-88
72
45
-66
95
115
-103
-86
70
-17
-35
134
54
-76
-19
-17
-44
-56
109
32
7
22
-36
-4
-100
24
50
21
13
-21
30
-121
-19
88
-29
58
112
-19
-98
26
-10
-54
42
127
-10
-46
2
-41
-35
99
60
-57
55
37
-1
-80
-8
65
50
83
-69
-48
41
50
93
-23
-5
69
-50
-32
-8
-38
33
20
-163
-170
-25
-35
-83
19
-43
-111
140
46
-156
16
11
-53
-40
14
50
-43
87
41
-91
12
73
88
63
150
92
-66
-15
1
-43
39
72
-24
-52
22
-36
-62
14
22
93
-9
-67
-11
-49
24
-50
-31
46
21
70
-52
-82
-32
-17
7
-23
56
135
-42
-36
19
-3
105
54
14
-7
-4
65
-84
24
75
30
-4
-80
7
1
30
28
-21
1
38
-48
-65
-9
18
23
-28
-20
-7
35
-11
-1
42
-28
29
-11
-69
-26
61
9
13
81
-86
-18
-19
-22
22
-42
19
-16
86
13
-100
-4
-35
7
30
-35
48
-48
-48
-55
-59
80
55
34
-13
15
-20
-30
55
-8
3
20
4
25
-46
-24
-11
66
-26
-82
15
-32
27
-28
-86
31
23
-1
-11
-17
83
36
29
-1
-8
45
-40
72
21
13
52
-12
35
-35
-30
-49
-26
73
-38
5
15
-99
-119
-86
46
85
63
60
-60
-24
-22
-101
33
81
78
-16
-7
6
-111
-14
-62
31
72
-3
-6
-104
34
-67
-98
65
11
30
-42
-11
4
-47
41
-18
32
110
-8
-36
-35
41
66
-23
19
42
28
-6
-37
-11
25
88
76
-2
19
-36
-111
-67
13
56
93
56
-17
-26
-19
-87
-28
27
58
67
30
44
-62
-26
-75
-71
27
67
113
21
1
-49
-127
-66
-26
83
97
75
7
-48
-20
-54
-76
-21
104
73
42
-48
-88
-3
-29
-27
-48
64
63
-29
-40
-80
-18
27
21
12
22
48
-21
-41
-10
12
35
43
44
-11
-61
-18
-34
5
45
-9
36
8
14
-54
-53
67
6
50
27
-2
-22
-81
-40
-32
45
93
70
26
-36
-65
-42
-17
4
40
45
27
-32
-120
-87
-40
25
56
28
78
-18
-54
-98
-80
59
37
68
18
-11
0
-96
-65
-11
96
83
18
26
-28
-35
-65
-25
30
74
75
-20
-44
-82
-100
-60
13
92
63
32
-19
-68
-57
-24
16
47
63
42
5
-6
-61
-71
12
67
55
45
53
20
-9
-29
-34
22
55
16
14
18
27
2
-26
6
-1
1
-2
2
21
5
-16
-32
-24
-1
-17
-5
49
56
8
-39
-48
-24
-8
-8
27
60
58
0
-72
-54
-22
27
39
28
59
-5
-39
-67
-88
-28
14
45
28
11
-1
-61
-65
-52
-32
50
90
81
4
-48
-57
-87
-52
16
46
76
35
-25
-59
-47
-34
-10
51
96
96
23
-22
-51
-55
-25
-6
43
45
40
-5
-66
-65
-43
-17
9
47
50
29
9
-31
-64
-41
16
45
54
42
22
-2
-39
-31
-18
38
53
35
31
1
-6
-32
-42
8
50
64
57
14
-1
-21
-20
1
3
31
26
25
-5
-52
-25
-3
15
14
12
14
-18
-27
-39
-25
2
-5
-22
-22
-9
-23
-41
-32
-20
-15
-22
-17
14
30
18
-8
-8
4
23
4
-15
-3
-1
-15
-27
-18
-5
4
-6
-8
22
31
30
16
1
-6
-2
-17
-17
10
46
50
18
-8
-38
-26
-15
-19
11
15
8
-1
-35
-30
-19
5
-1
-7
13
2
-7
-22
-35
-8
27
24
17
28
28
-11
-22
-20
6
34
18
3
-4
2
4
-4
-4
2
11
-8
-26
-6
8
7
-11
-18
-17
14
12
-3
15
27
40
8
-18
-13
5
17
12
25
17
13
-15
-33
-25
-10
17
19
31
29
15
2
-22
-21
-14
12
23
10
-9
-25
-33
-47
-51
-19
33
57
64
41
16
23
1
-31
-31
6
24
14
-1
-4
-14
-38
-58
-48
2
26
37
34
20
-4
-36
-53
-20
15
7
4
-3
-6
-22
-44
-23
4
22
11
0
-1
5
-3
-26
-6
14
25
24
17
21
2
-1
-13
-23
-2
2
22
15
3
-3
-7
2
-5
8
20
27
18
-11
-14
-8
-1
-18
-8
18
15
14
2
9
1
-22
-24
-17
8
0
-33
-32
-26
-11
-12
3
58
64
39
1
-12
12
-1
-9
1
15
34
16
-5
-17
-16
2
1
23
41
47
38
1
-15
-17
-19
-18
-19
-8
9
-14
-42
-46
-31
-27
-28
-5
24
43
23
-16
-32
-31
-30
-19
-3
14
21
2
-6
6
4
-16
-18
3
27
36
23
-6
-15
-22
-30
-20
13
34
31
13
-8
-18
-25
-21
-19
-8
1
-1
-8
-9
-12
-10
-5
-6
-8
5
16
13
10
0
-7
-6
0
0
6
22
20
11
7
17
25
24
20
16
16
14
7
-5
9
14
5
1
-2
-3
-3
-6
-18
-13
5
7
3
-11
-18
-1
8
2
-4
6
10
-11
-19
-19
-21
-28
-37
-22
3
8
-6
-14
1
14
10
5
13
22
5
-16
-30
-23
-20
-21
-6
4
14
12
-2
-16
-19
4
4
4
7
9
12
-2
-26
-34
-10
11
12
1
9
18
13
-11
-20
0
16
16
5
5
8
0
-23
-34
-10
9
10
8
14
20
6
-9
-16
-10
8
4
4
11
9
7
-8
-11
1
12
20
21
30
26
14
9
-5
-1
12
22
21
8
11
6
-12
-23
-15
10
34
23
11
14
25
34
-15
-40
-16
2
25
2
-18
-27
-38
-24
-13
3
24
2
-8
-3
5
8
-13
-27
4
21
27
19
-16
-19
-17
22
29
12
22
-2
7
-1
-26
-11
7
17
-5
-12
-7
-12
3
-1
-2
0
-15
-19
-20
-3
-9
-13
0
-12
-11
-1
7
9
-12
-11
1
-3
-5
-12
6
14
6
5
-4
11
9
-7
-1
-7
-3
-5
4
12
-1
3
12
13
14
3
1
-3
7
4
-26
-25
-19
-17
-6
-7
3
12
18
12
-11
-9
2
15
16
-13
-14
-14
-20
-11
-9
8
10
1
3
6
22
11
-12
-23
-31
-5
-2
-6
-3
-6
2
-11
-4
5
9
15
5
10
6
5
5
-6
4
4
-4
-3
-9
3
3
11
20
-4
-20
-25
-14
-4
6
11
-2
0
-1
8
20
10
8
3
8
9
-4
-14
-27
-12
2
7
17
10
8
3
4
16
20
22
10
8
11
6
1
-5
-4
6
23
20
15
9
4
8
9
12
4
-1
-1
-13
-15
-11
-1
4
-10
-11
-2
-3
-13
-9
-9
-13
-6
1
3
7
9
0
9
15
0
6
4
5
4
-14
-4
2
-2
-12
-24
-13
-16
-15
-11
-24
-9
1
2
4
-8
-10
-13
-7
19
24
27
21
2
0
1
9
10
13
11
2
9
7
17
25
4
-11
-15
-12
-10
-12
-14
-17
-24
-41
-35
-10
-1
8
3
-8
-5
5
-3
-7
12
11
-3
-8
-25
-17
6
8
3
-5
-7
-15
-18
-11
3
12
8
-2
-8
-15
-5
2
-18
-22
-23
-24
-7
7
17
6
-6
-16
-22
1
16
17
15
2
1
-4
-1
-7
-11
17
21
21
18
7
-2
-2
7
3
7
19
2
-1
6
7
20
6
-1
7
10
15
8
3
12
9
-2
1
7
20
21
17
10
1
10
-2
1
17
18
15
3
-4
0
8
3
6
6
-6
-20
-33
-28
-13
1
-8
-11
-6
-1
7
11
13
6
18
17
7
4
-9
-18
-16
1
-10
-14
0
-8
-6
-11
-16
-3
5
-5
-16
-13
-2
-3
-1
1
8
19
3
3
5
8
21
4
5
17
22
27
10
7
8
8
15
7
12
3
-15
-15
-20
-6
-9
-17
-4
-12
-9
-8
-13
-8
-13
-10
-16
-10
5
-3
-1
-1
-7
-4
-8
-2
-5
-3
10
6
7
5
2
5
16
19
2
2
2
0
2
-1
1
1
-4
-3
-7
-7
-5
-2
-1
-3
-5
-12
-7
8
8
7
-4
-14
-3
10
6
-2
-3
-6
-12
-5
-8
-13
2
5
4
10
13
0
-13
-12
-8
3
7
8
2
-8
-11
-13
1
11
11
5
1
3
-3
3
8
7
2
-7
-2
6
-2
-11
-14
-9
4
8
3
3
1
2
1
2
0
-6
-3
2
17
10
-12
-16
-8
8
10
0
-4
-10
-8
-5
-2
3
6
1
-2
6
7
-2
-12
-7
3
3
1
-5
-9
-5
-3
-3
3
5
7
1
2
4
0
4
-5
-9
-7
-9
1
12
7
3
2
6
12
17
11
-5
-12
-13
-3
6
2
-5
-6
-11
-7
2
9
14
9
1
-1
-3
-7
-12
-12
-6
-1
2
7
3
-5
-5
-2
4
14
12
-1
-11
-13
-9
1
8
11
7
-1
-1
-1
-1
-6
-6
0
-2
2
3
3
10
9
0
-5
3
9
3
1
-9
-13
-10
-8
-5
-1
11
10
4
8
2
3
1
2
10
3
1
-7
-11
-4
-5
4
4
-3
7
0
0
-6
-13
-2
-2
-1
-3
-6
3
-1
0
2
2
7
-2
-1
7
6
8
0
-5
-5
-6
-6
-1
7
6
6
4
3
8
6
3
-5
-3
-2
0
8
4
5
7
4
8
-1
-4
1
0
3
3
4
0
-8
-5
-4
0
7
0
-5
-12
-12
-1
-5
3
12
12
12
-3
-13
-6
-6
6
8
2
-5
-12
-8
-15
-5
7
4
11
4
-5
-3
-8
-16
-12
-5
5
14
6
-13
-7
3
1
13
12
3
0
-11
-7
-17
-15
-9
-12
2
12
18
14
2
-7
-13
-12
0
9
4
3
2
0
-6
-10
-8
2
11
0
-5
9
8
5
3
-10
-6
3
-2
-2
3
11
-3
-20
-10
-3
18
25
17
21
-9
-15
-8
-11
11
0
8
-4
-30
-13
-29
0
16
-11
1
3
10
2
7
16
3
25
-9
-24
-7
-32
8
44
39
25
7
18
17
21
19
-10
9
8
-25
-16
-27
-3
0
-5
14
-22
15
9
-9
27
-12
-6
0
13
13
-29
-3
-22
-11
8
-30
11
5
-21
20
-7
-3
28
-9
9
-10
-16
-12
-30
14
-29
-15
1
-20
32
-20
-3
24
-8
39
13
11
6
-26
-2
-15
12
22
11
12
-30
10
17
3
36
-2
-13
5
0
-1
2
20
7
-8
6
-1
9
15
-8
6
-8
1
23
22
17
-38
-41
-21
-18
6
-11
-28
-7
7
15
5
19
21
2
26
3
-18
14
20
18
-2
-10
-6
13
24
-15
-15
-12
-35
-22
-2
-8
-14
-12
-38
-23
-5
-22
-14
-24
-16
-2
-2
21
9
23
-1
-17
13
5
28
22
-10
-7
-34
-24
-6
-11
27
17
7
-7
-13
15
9
11
-3
-16
-7
-13
-4
-5
-4
11
3
7
25
31
15
-8
-20
-13
23
35
9
-1
-15
-20
-18
-42
-36
-10
-2
9
15
23
4
1
16
8
32
10
-9
-14
-17
11
-13
-4
27
18
7
-2
-10
-22
-11
19
5
6
15
-10
7
-1
-19
-23
-29
-22
-18
3
12
21
21
12
27
39
35
3
-17
-18
-22
-21
-28
-41
-38
-29
-2
17
30
37
33
37
17
15
18
0
-1
-11
-30
-23
-1
12
33
36
20
8
14
26
8
2
-16
-43
-30
-31
-30
-19
-4
5
-6
12
10
9
34
30
4
-23
-36
-35
-27
-19
-30
-22
5
-4
13
26
19
25
17
15
5
-13
-40
-80
-65
-50
-20
11
-6
11
13
17
29
10
7
-4
-7
-26
-35
-6
-10
-1
3
-9
8
18
34
51
32
21
8
-2
16
2
2
4
20
51
35
38
20
10
23
9
20
10
9
6
-2
1
-12
-6
-1
-5
0
-4
-4
11
7
1
-13
-15
15
19
25
7
-8
-1
-17
-2
-6
-4
-4
-33
-32
-31
-16
-10
-19
-3
1
1
-4
-25
-31
-39
-35
-29
-41
-23
-17
0
20
16
20
27
36
44
42
19
1
3
-2
-11
-14
-10
1
20
10
1
5
12
22
21
26
8
-6
-3
-7
-1
2
8
14
15
21
16
7
12
-2
2
-4
-19
1
2
9
13
1
-1
-15
-6
-4
-10
2
-6
-5
-4
-2
0
-12
-10
-16
-7
1
-6
-1
1
7
-4
-12
-6
-11
-4
-8
5
17
17
13
-3
-16
-11
-4
-22
-21
-18
-4
4
4
14
14
26
22
17
16
11
7
-2
-7
-9
-6
-3
-4
-1
2
0
-5
1
-4
-8
-4
-11
-19
-16
-5
3
13
9
2
1
0
-2
-7
-10
-8
-10
-6
-9
-10
0
8
13
7
7
4
4
14
15
8
0
-14
-15
-6
-3
-6
-8
-14
-13
-15
-14
-11
-5
9
3
-4
-9
-15
-20
-8
4
11
10
-5
-14
-8
11
10
12
12
-6
-6
-7
-4
6
1
4
8
15
22
18
20
12
10
8
-1
-3
-7
-10
-7
-5
-8
0
9
9
11
16
16
10
-1
-11
-11
3
0
-12
-13
-13
-15
-16
-16
-11
3
12
13
15
20
9
-5
-4
-1
3
10
9
4
-10
-10
-13
-19
-4
3
8
2
1
0
-2
-6
-9
-4
-4
-2
-8
-8
0
5
8
-2
-10
-11
-3
4
0
2
2
7
3
-11
-8
-3
-4
-9
-5
2
4
7
0
-14
-4
3
2
13
6
-5
-11
-9
-4
-5
-1
0
8
17
16
14
13
12
3
-1
-6
-1
4
-2
1
2
2
-1
1
6
-6
-9
-3
7
10
-1
-11
-12
-9
-4
8
20
22
18
10
2
9
13
1
-5
-8
-8
0
14
17
11
12
11
7
1
-2
-2
3
6
4
-4
-10
4
8
5
8
8
5
1
-6
-12
-13
-9
-12
-8
-1
1
2
-1
3
4
2
3
0
-1
-4
-7
-10
-2
-5
-15
-17
-10
7
10
4
0
0
1
-6
-8
-9
-6
-2
-5
-8
-6
1
7
0
-3
5
3
6
-3
-14
-13
-3
2
-5
-5
1
-2
-3
-6
-11
-2
3
3
6
10
15
0
-3
2
3
5
-5
-5
-3
-1
-4
-10
-8
0
3
1
-3
7
9
3
0
-2
8
5
4
10
7
15
11
4
-1
-7
-9
-7
-3
3
7
9
-3
-7
-1
6
15
10
-2
-3
4
7
12
8
3
1
-2
0
2
2
-4
-2
0
1
2
0
10
5
-5
-5
-5
-2
-14
-22
-23
-18
0
1
-1
-5
-11
-4
-1
9
6
0
-1
1
11
7
-5
-8
-5
-7
3
4
-4
6
3
-3
5
13
6
3
8
2
-4
-2
9
13
5
-10
-14
2
7
10
-4
-8
3
-9
-12
-4
3
3
0
3
3
0
1
-6
-8
0
5
0
-7
-5
2
9
11
6
3
8
4
-7
-8
-13
-23
-28
-23
-18
-6
10
11
14
15
-2
-6
-10
0
3
-3
-3
-6
-3
2
15
19
14
7
2
-4
1
3
0
7
10
8
8
4
7
10
10
6
2
1
10
19
19
10
-3
-4
2
8
12
3
-6
-13
-14
-12
-13
-12
-17
-19
-11
-1
0
4
1
5
4
7
15
16
19
11
-5
-8
-4
4
5
13
13
1
4
6
-3
-4
0
-2
0
-2
-6
-16
-18
-13
-6
-2
1
1
-5
-10
-6
4
-1
-8
-8
-13
-12
-9
-8
-8
-2
9
9
4
-4
-15
-16
-16
-5
0
2
5
1
-5
-9
-10
-12
-9
6
15
17
11
3
-1
-2
-1
2
6
4
1
-7
-9
-4
-4
-3
-1
4
4
4
-2
-11
-16
-20
-9
5
12
15
9
10
13
9
13
15
10
1
-1
3
1
5
10
3
-6
-11
-9
-5
1
-3
-7
-11
-17
-15
-19
-13
0
3
13
21
20
17
13
4
-4
0
4
5
6
5
1
-1
-3
0
8
12
14
6
4
4
5
-4
-21
-20
-14
-9
0
2
-1
-5
-10
-10
-9
0
2
-7
-11
-3
12
9
-1
-11
-11
-5
-3
-4
-3
-2
-1
-4
-6
2
7
7
15
12
10
4
-7
-8
-9
-9
-7
-3
-7
0
11
14
12
8
8
9
8
0
-10
-5
3
-2
-10
-9
-1
6
4
10
12
0
3
2
-1
0
-11
-11
-14
-9
-1
-3
4
9
9
16
15
10
-1
-6
-2
0
-6
-3
0
-6
-2
-2
5
4
1
0
-2
5
5
-3
-10
-3
3
-4
-2
4
4
6
5
8
7
2
1
-6
-2
3
4
-1
-7
-7
-6
-7
3
16
20
12
-3
-13
-19
-11
5
6
-3
0
-4
-3
7
6
-2
1
9
14
11
2
-5
-10
-4
-3
-8
-6
-2
8
13
7
11
3
-9
-10
-13
5
10
0
-10
-20
-14
-6
8
9
1
5
2
7
15
-9
-28
-14
8
22
-9
-16
-16
-15
11
14
26
23
11
1
-9
1
-9
-28
-18
-8
-2
-3
-22
-20
-5
1
12
23
15
2
3
14
-6
-9
-11
-18
4
-7
-5
16
15
17
11
-2
2
7
-7
-7
6
-1
-5
-1
5
-4
-7
7
15
18
22
7
1
-2
-1
6
6
16
-3
-20
-2
8
14
17
15
12
3
3
-10
-14
-13
-19
-11
-20
-19
-1
4
10
7
10
9
9
12
-15
-26
-10
-10
-18
-17
-24
-11
0
8
17
12
24
11
-4
-5
-14
-14
-19
-21
-15
-11
-5
-5
3
12
18
19
6
-6
-13
-23
-13
-2
-2
3
7
11
15
20
19
14
10
-4
-8
-10
-15
-13
3
-4
5
13
2
10
-1
-2
7
22
9
-16
-10
-21
-7
12
1
-2
-9
-7
-1
10
18
14
17
-5
-12
-13
-21
-11
-10
-16
-22
-7
11
7
4
-8
-9
-9
1
19
-10
-5
6
-4
-5
6
16
5
17
8
3
19
14
4
-8
0
16
5
-13
-11
1
4
12
2
2
12
6
5
6
3
2
0
-15
-8
9
11
2
-2
-18
-18
2
10
8
9
11
10
7
6
3
-3
-5
8
12
-2
0
3
6
7
19
12
2
-1
-5
-3
3
19
0
-9
-2
-3
-10
-7
10
9
-5
-15
-16
-14
-14
-17
-15
0
-18
-20
-12
-18
-3
-6
7
14
21
2
-25
1
13
-6
-8
10
20
11
-18
-10
-14
-11
4
-4
-6
-6
12
0
-5
10
0
4
3
3
-1
29
27
-13
-23
-17
3
-7
-6
-6
-6
9
7
5
4
14
6
-5
11
1
0
-3
-11
2
-5
15
-4
-6
-8
-18
23
11
-2
4
8
6
-6
-1
4
4
13
3
-14
-5
7
0
-8
-8
3
-5
0
15
-2
-25
-16
-6
-4
-2
1
-3
-6
11
3
10
11
0
-2
-5
3
2
6
6
7
8
15
23
13
11
2
6
8
-8
-2
-10
-11
-2
3
11
14
21
27
19
21
27
16
3
-5
-4
-11
-2
-17
-30
-17
-3
-4
-5
3
12
6
-12
-4
-2
-4
-13
-20
-13
0
-1
-20
-27
-10
-12
-15
-9
14
20
8
-1
-6
-5
-5
9
-6
-11
-7
-8
-13
-4
-9
-27
-22
-8
0
10
8
-11
-7
-5
0
16
9
3
-10
-19
-16
-16
-1
-9
0
18
6
3
10
9
4
-6
-5
12
9
-1
-1
-9
-8
14
12
14
20
25
11
-2
8
-7
-5
5
6
2
-3
-1
-7
-11
-5
-2
-2
17
28
13
5
-11
4
2
6
-1
-10
-4
-18
0
-6
8
13
-1
1
-1
19
14
-8
-2
-11
-10
-11
-4
-4
-9
-2
-12
-21
-1
2
5
4
-1
0
-4
5
8
3
12
9
-3
4
7
14
-3
-21
-10
12
10
8
9
4
15
15
-8
-10
-3
-1
-6
-10
-6
-6
-10
-12
6
16
14
4
-6
-5
2
3
-6
-2
-9
-20
-21
-12
4
12
10
2
0
-2
1
10
7
-7
-5
5
3
-6
-15
-4
2
7
13
-1
15
24
16
12
3
10
-1
-9
-1
-5
0
-7
-13
-12
-3
-2
-3
5
-5
5
-5
-12
13
0
-14
-21
-21
-6
-7
14
0
1
7
-12
2
0
2
8
6
14
9
10
3
-7
0
-24
-8
9
6
10
-6
-9
-16
-4
4
16
22
5
15
13
5
16
-4
-23
-13
-4
2
13
16
-5
2
6
4
5
-3
-3
2
3
0
-1
-4
-10
10
24
20
22
3
4
-2
-18
-6
-17
-15
-9
-16
-8
-3
0
29
10
24
6
-18
6
13
72
-3
-45
-29
-51
5
2
-24
-11
6
55
12
-16
-7
-50
-7
2
19
39
-10
25
15
-40
-59
-38
-28
51
87
30
16
17
-36
-42
-13
-45
-1
46
36
9
-10
-101
-81
73
46
56
49
-4
-15
-1
-65
-121
-38
-17
7
14
32
25
14
2
-5
7
70
79
32
13
-14
-4
-25
-33
-29
-61
-23
-16
-8
-21
-14
21
1
47
63
34
-1
-41
-22
-15
5
9
-46
6
0
-9
-19
-59
15
-4
10
31
-6
61
23
26
-25
-67
0
-4
14
6
-36
-14
-2
41
8
-88
8
14
13
23
-21
-6
8
75
19
4
71
12
-23
-49
-15
-5
34
67
-15
-23
-34
-70
-71
-30
33
27
94
133
89
25
-44
-90
-89
-26
24
35
14
-7
-30
-31
-38
-13
18
31
17
-49
-26
-13
14
70
-54
-43
8
-22
12
35
49
59
12
-7
-101
-50
65
80
47
-69
-65
-59
-18
28
-53
4
94
103
57
-51
-61
-93
-29
-18
-8
53
46
70
49
-57
-87
-31
-42
-34
63
95
86
81
-67
-134
-63
-18
15
33
25
20
11
10
-3
49
36
45
60
-52
-50
-83
-129
-84
-44
3
-7
69
114
109
173
-2
-86
-45
-77
95
126
74
-9
-68
-38
-86
-57
-69
-6
132
23
-77
-106
-18
114
99
9
-90
-64
-11
-38
-43
26
68
25
18
-27
-105
8
98
98
17
-22
-205
-255
29
13
-16
0
-66
-22
-2
139
149
54
74
-31
-170
-168
3
29
116
195
-19
-171
-126
61
66
36
-33
-163
-42
-21
-6
51
112
214
207
35
-186
-107
21
84
132
-29
-165
-126
25
74
-17
52
84
21
56
46
-6
17
178
169
-1
-35
-110
-43
74
19
-126
-192
-75
61
18
-55
24
117
149
68
-108
-107
-33
58
15
-129
-45
-46
-5
30
-5
51
24
88
67
13
-2
-78
59
33
-20
-53
-117
-85
35
156
45
5
-45
-117
-32
-36
-24
-13
79
169
91
-16
-149
-126
-74
-70
-40
-39
136
205
97
30
-128
-34
40
-30
-68
-35
59
-45
-19
-67
-159
-28
89
36
37
106
-46
-56
47
21
-25
7
42
-8
39
42
-18
58
18
-38
-58
-48
11
28
31
-7
-11
-17
-113
-81
-29
-5
44
-6
3
10
-42
-28
44
57
80
40
-71
-2
82
99
67
46
41
-111
-98
34
21
-13
-23
-50
-43
69
97
-18
46
105
25
-61
-80
-79
-39
49
20
-17
-117
-110
-29
-54
31
123
131
104
119
3
-203
-46
1
-57
-70
-75
-60
-50
145
77
7
54
58
89
-22
42
-22
-103
39
-5
-14
-67
-76
-17
-29
95
42
-70
-3
-29
-6
-95
-55
2
-67
-5
-82
-35
35
197
223
26
50
-84
-83
-9
-14
86
29
93
-9
-170
-2
6
88
82
0
-30
-176
-30
8
44
137
85
32
-89
-55
4
34
138
113
-19
-41
-100
-189
-121
-43
77
60
-47
-77
-53
60
60
49
76
61
42
-27
-155
-125
-68
-48
66
16
49
82
148
184
25
-58
-128
-45
102
87
-73
-147
-117
-51
-7
33
61
73
220
58
-13
-10
-129
-38
-42
-14
-8
-32
-48
-83
-6
37
79
124
48
48
83
19
6
-64
-139
-140
-98
-46
29
100
152
193
41
-45
-117
-74
1
-69
-24
-70
-20
2
-35
59
114
73
26
-39
-37
-102
-144
-61
-11
155
158
53
-32
-48
58
37
49
7
-3
20
-77
-81
-146
-95
51
93
89
94
84
2
-9
27
-57
-152
-43
-51
-62
17
-13
-25
32
112
53
61
137
75
-15
-29
-63
-75
-31
-71
-15
47
49
46
-40
-4
97
83
-2
-12
-29
-104
-108
-98
-111
-23
87
41
55
28
1
10
33
81
-8
-91
-113
-40
19
-9
-38
-36
63
135
84
-54
-23
43
11
-25
-94
-32
