5
0
4
7
4
2
2
-1
1
7
9
8
1
0
-2
-5
-3
-2
-3
-5
-4
-6
-8
-1
3
1
1
4
3
3
-4
-8
-10
-3
3
0
-3
-3
-1
-3
-9
-8
-6
-8
-6
-5
-4
-4
-1
1
3
6
5
3
2
4
6
8
-1
-8
-7
-11
-10
-8
-6
-4
4
12
17
13
6
2
6
4
0
0
-7
-10
-9
-6
-1
5
8
10
9
9
11
8
3
-2
-5
-6
-7
-5
-4
-8
-10
-12
-8
0
4
3
8
4
1
-6
-9
-4
1
4
6
7
6
13
11
7
7
1
-4
-9
-9
-5
-7
-6
-1
0
-1
2
5
7
2
3
7
4
6
3
-1
-1
-5
-8
-9
-2
-2
0
3
5
9
9
4
-2
-1
4
1
-2
-2
-1
-2
-3
-1
-4
1
3
-1
-7
-4
-2
-2
2
4
4
-1
-3
-8
-4
2
-3
-6
-6
-3
-1
2
-2
-3
-6
-7
-6
-6
-2
1
3
5
7
4
0
-1
-1
2
3
2
2
-1
-4
-8
-6
-1
-3
1
0
-4
-1
2
3
-1
1
2
1
3
1
0
-4
0
4
6
10
10
10
8
1
1
4
1
-1
-2
-1
4
5
-1
2
7
7
7
2
1
6
7
5
3
5
3
-6
-8
-9
-5
3
10
10
8
1
-2
-4
-7
-5
-4
-2
-2
0
0
1
5
1
-4
-7
-5
-5
-4
-4
-9
-11
-7
-2
0
2
2
4
-1
-3
5
9
12
6
3
1
-3
-1
-4
-3
-6
-7
-5
-5
-3
-4
1
3
4
4
2
1
2
1
-2
-2
-3
-3
-2
0
-1
-1
2
2
7
8
5
8
2
3
8
9
6
2
2
-3
-3
-1
-1
1
-2
-8
-8
-6
-7
-5
-3
4
6
7
3
0
3
1
2
2
-2
-2
-4
-6
-6
-4
-4
-3
-1
0
1
2
3
5
10
12
5
-3
-4
-3
2
7
5
0
-3
-2
2
2
1
-4
-3
0
-1
-1
2
7
9
4
0
-4
-6
-7
-7
-3
-6
-6
-7
-10
-5
-2
2
5
4
3
3
5
2
0
2
0
0
2
1
0
5
9
9
4
-1
-2
-3
-3
-7
-5
0
-1
2
2
5
2
0
-1
0
1
-2
-5
-9
-6
-4
-1
1
7
5
1
-2
-2
-3
-3
2
3
1
0
0
1
-2
-7
-4
-2
-1
0
0
2
2
3
1
3
3
1
-4
-8
-6
-6
-3
-5
-8
-5
-3
-1
4
5
7
4
4
4
1
2
5
4
1
-2
-3
-3
-2
-4
-5
-1
-2
-4
-4
-5
-7
-5
-2
4
4
4
1
-3
-4
-6
-5
-1
1
3
4
1
-1
-4
-5
-8
-10
-2
1
0
-1
1
3
5
5
4
2
4
0
-1
0
-1
1
3
1
-1
1
6
4
1
3
4
1
0
2
4
4
4
3
0
5
8
4
-3
-5
-4
-3
-4
-5
-5
-3
-1
0
2
1
4
8
7
9
9
1
-3
-6
-2
-3
-6
-3
-4
-10
-8
-3
-1
-3
-2
-1
-2
-2
-5
-7
-8
-10
-9
-4
-4
-8
-10
-9
-8
-5
-3
1
7
10
7
1
2
3
6
7
6
4
-3
-5
-2
0
1
6
6
8
10
7
1
-1
11
15
4
-6
1
3
0
-1
-6
-5
-2
0
6
9
6
-2
-9
-3
2
3
-5
-6
7
7
8
11
14
10
6
4
0
-3
-5
-4
0
-1
-1
0
5
8
4
2
6
7
-3
-10
-8
-3
-3
-5
-2
-5
-7
-4
-1
-2
2
4
4
1
-6
-17
-12
3
8
8
4
5
0
0
4
3
1
-5
-4
0
1
3
-1
-3
0
4
4
-1
-3
-6
-2
5
0
2
4
4
0
-6
-8
-9
-6
0
6
9
12
8
6
9
-1
-4
-1
-2
-5
-4
-4
-7
-7
-8
-4
2
0
-8
-11
-7
-1
1
3
6
2
-3
-1
-3
-7
-4
0
7
10
7
4
5
1
-4
-3
4
9
1
0
1
-1
-1
1
11
12
3
-5
-7
-4
-3
-7
-6
-1
2
6
13
6
-4
-3
-5
-1
7
7
5
3
-2
-9
-14
-12
-5
-2
3
7
5
0
-3
2
9
8
-1
-7
-5
1
5
-1
-4
-1
-8
-3
2
4
5
5
0
-7
-4
2
4
3
1
-1
-5
-6
1
3
-2
-13
-15
-9
3
16
9
-3
-3
2
4
1
3
7
9
8
5
-2
-14
-11
-3
1
2
-3
-12
-18
-7
0
-1
0
-6
-2
5
12
16
7
-3
-7
-3
5
-7
-9
5
19
25
0
-13
-3
0
5
5
3
-6
-7
-6
-7
1
1
-4
-3
8
13
5
-9
-18
-8
-2
1
14
15
5
1
-2
0
-3
-6
-2
3
8
2
-1
2
2
-5
-12
-4
-1
-6
-5
-3
1
-1
3
3
5
10
6
4
10
11
-1
-7
-2
3
6
2
2
0
8
9
-5
-2
1
-4
-8
-9
-9
-5
-3
-8
-7
2
-1
-13
-7
0
5
2
-6
-10
-14
-6
-7
-10
-1
4
10
15
5
-3
0
3
1
-2
-3
-7
-2
0
-5
-3
-2
-3
1
10
10
-1
-2
-2
-5
2
3
2
5
8
5
-3
0
1
3
5
-3
-10
-5
-1
-8
-8
-1
1
2
4
11
10
3
1
3
1
-5
-10
-10
-7
1
4
7
15
11
2
-4
-5
-2
-1
-5
-6
-6
-7
-7
-4
2
8
10
9
4
-3
-4
-4
1
3
2
-1
-7
-3
-2
-1
5
6
10
6
3
-2
0
0
-12
-13
-7
-7
-9
-4
3
2
3
-1
1
7
10
4
2
3
2
2
1
9
12
11
4
-7
-14
-10
-8
-8
-2
2
-2
-5
-7
-8
-8
-4
5
10
9
6
-2
-5
0
2
0
-3
-5
2
7
4
3
0
-1
0
-1
-7
-7
2
7
2
-3
-3
-3
-2
4
10
15
14
5
-2
-2
2
3
1
6
10
6
4
0
3
2
-7
-12
-12
-5
6
8
5
-10
-21
-13
-7
-3
1
3
-4
-15
-7
2
4
7
7
3
4
3
-1
5
5
7
8
1
-3
2
6
7
8
0
-10
-11
-4
5
6
1
-3
-4
0
10
9
8
10
11
0
-5
4
-2
-2
4
3
-3
-6
2
5
12
6
-14
-13
-6
-13
-15
-12
-18
-15
-13
-11
0
0
-3
-12
-7
-2
-4
6
2
3
1
1
6
16
23
16
9
7
0
-9
-11
-5
1
0
1
0
-6
-3
5
0
-1
-1
-4
0
-3
-2
-4
6
13
-2
-7
-2
-1
0
-3
-6
-6
-6
-6
-3
-2
4
0
3
10
3
7
12
11
11
8
5
7
7
3
-1
1
9
4
2
7
4
6
4
-2
-5
-4
-4
-3
-5
-5
-8
-9
-5
1
9
8
11
8
0
-6
-3
5
0
-7
1
3
5
0
-6
-5
-3
5
1
0
7
5
-5
-17
-15
-11
-7
-6
-7
-10
-11
-7
-19
-16
-6
-4
5
8
8
6
6
3
-3
6
7
10
9
5
-1
-7
0
-2
1
11
11
9
3
2
-1
-3
-3
-2
1
1
13
16
14
11
3
0
-7
-7
-2
-6
-10
-13
-14
-8
-2
3
4
4
13
20
12
10
8
3
-3
-1
-8
-14
-14
-9
-1
1
4
3
9
10
2
0
-8
-9
-2
-3
-3
-5
-3
-2
-6
-2
-6
-6
-4
0
0
-1
3
-7
-10
4
9
0
-5
3
-3
-4
3
8
6
8
4
-17
-18
-10
-12
-7
4
14
10
-4
-7
-4
1
7
6
7
6
-2
-11
-8
4
15
14
3
3
0
-3
-1
1
2
-11
-14
-7
-4
6
11
8
2
9
14
15
11
6
2
-3
-2
-1
1
0
-2
0
-6
-13
-9
-2
7
15
15
6
2
0
3
8
13
13
-2
-8
-19
-18
-8
-8
0
-2
-4
1
1
3
5
3
-5
-6
-2
-3
1
0
-12
-11
-5
-4
3
11
12
13
14
11
1
1
-8
-13
-12
-18
-17
-8
1
3
13
14
7
6
1
-1
-5
-4
-5
-7
-1
1
-2
-1
1
1
-3
-11
-10
-4
0
1
0
-3
0
3
-3
-4
-1
1
3
10
15
12
3
-2
-4
-12
-9
-8
-8
-3
4
4
-7
0
4
1
4
3
-1
-1
3
0
-1
2
0
-7
-6
1
5
1
-7
-6
4
5
4
-3
-7
4
12
10
5
0
5
5
1
7
7
-3
-4
-1
-3
0
5
-1
-1
0
-2
-4
-7
-2
3
-2
-9
-8
-7
-10
-6
-6
-12
-11
-10
-6
-6
-8
-6
-12
0
5
3
6
4
7
10
7
3
5
9
15
13
9
4
0
1
1
5
7
10
9
6
2
-7
-7
-4
-5
-6
-8
-8
-8
-3
7
11
11
8
7
6
7
5
2
11
12
5
8
9
3
2
-1
-2
-4
-1
-8
-7
-2
-3
-4
-4
1
0
0
3
2
-1
-2
-5
-2
3
4
4
0
-2
-4
-9
-6
1
0
0
1
1
3
0
0
-4
-4
-4
-7
2
2
-6
-10
-10
-9
-2
3
-6
-7
0
-1
2
9
11
5
2
5
5
3
5
1
-2
3
4
-1
-4
-2
-1
4
9
6
-1
0
5
9
9
7
7
8
0
4
3
-4
-1
-4
-4
-2
0
1
3
5
1
0
-2
-2
-5
-9
-9
-20
-22
-11
-1
6
7
4
2
-1
3
1
4
9
3
8
3
-4
-3
-2
-6
-5
-4
-2
1
-3
-5
-8
-4
-4
-4
-3
-6
-3
-7
-2
0
2
10
8
9
3
-2
-1
0
10
10
9
0
-8
-5
-8
-11
-9
-3
2
6
5
0
-2
-8
-6
-3
-3
0
0
2
1
-1
-4
0
6
7
-2
1
5
2
-2
-7
-4
-4
-4
3
8
8
5
8
-1
-4
-2
4
2
-2
5
3
1
-4
-3
1
1
6
4
5
3
-3
-3
-2
0
-1
-1
1
3
6
5
5
2
-3
-3
-3
-3
-3
3
0
1
8
8
12
11
8
8
5
3
5
6
-1
-2
-1
-6
-10
-7
1
0
0
5
7
7
4
-1
-1
3
5
2
-3
-3
1
5
4
0
0
2
4
-1
-7
-12
-8
-6
-3
-1
6
6
-2
-2
-6
-9
-11
-12
-9
-6
1
4
2
0
-2
0
-1
-4
-3
-1
-3
-8
-6
1
4
2
-1
-4
0
-1
-2
-5
-6
-2
-5
-10
-13
-8
-7
-3
2
4
3
3
6
5
6
9
4
-3
-4
-4
-2
-2
-3
0
-3
-5
-3
1
-2
1
6
0
-2
-7
-7
2
1
3
5
5
7
2
-1
-4
-5
-4
0
7
9
8
6
4
-1
1
3
1
-2
-6
-2
-1
5
7
5
3
0
-5
-9
-7
-5
2
2
-3
-7
-4
0
11
17
16
15
9
6
7
2
1
-1
0
0
-4
-8
-6
-6
-5
-4
-1
3
4
4
-1
0
6
2
0
0
-1
-7
-8
-5
-13
-14
-4
-6
-7
-1
-2
2
8
8
7
0
-1
-3
-6
-3
5
3
-1
3
2
1
3
12
13
4
8
3
-2
-2
1
1
-1
-1
-5
0
6
8
5
-2
-6
-6
-8
-8
2
10
8
10
2
-4
-2
-4
1
2
-4
-3
-4
-6
-1
-2
1
3
5
9
4
-1
-5
-7
-11
-12
-9
-5
1
2
3
-1
-6
-5
0
5
8
8
4
1
-1
5
2
-4
-1
3
3
2
-2
-5
-4
0
2
0
0
1
-1
1
0
1
-3
-4
-6
-8
-3
-2
3
-1
-6
-3
0
2
3
2
6
4
0
-3
-7
-4
-2
1
0
2
7
3
2
-2
-3
1
2
5
5
5
5
4
4
2
-3
-4
-1
-4
-4
-2
0
-4
-5
-9
-9
-9
-11
-4
2
7
7
7
3
-7
-11
-6
0
3
11
11
7
0
-5
-3
-7
-8
-3
-4
-8
-3
-2
-2
-4
-10
-12
-4
4
10
15
19
11
0
-8
-12
-10
3
11
12
18
21
13
-9
-24
-20
-5
9
18
22
12
-4
-20
-21
-6
10
14
14
7
5
5
-12
-26
-28
-16
3
12
24
31
18
-13
-31
-29
-13
8
15
18
8
-9
-19
-23
-13
0
15
28
24
6
-5
-8
-11
-8
4
12
14
13
7
3
-3
-3
3
1
-2
-3
-5
-4
-5
-8
-10
-9
2
6
6
0
-3
1
-4
2
10
5
4
1
-3
-5
-5
-2
7
8
4
-3
-6
-3
4
4
11
12
8
-2
-8
-6
-15
-12
-18
-12
2
5
4
-10
-19
-18
-14
-4
8
17
11
3
3
9
8
4
1
-1
2
-2
-2
-4
-3
8
4
1
6
12
10
9
15
8
0
-12
-13
-10
-3
8
14
15
13
11
6
0
5
12
3
-11
-15
-10
-9
-4
5
3
4
11
11
0
-3
-4
-10
-8
-3
0
-7
-15
-11
-3
-1
7
13
18
21
15
12
1
-7
-12
-9
11
17
7
-2
-10
-15
-24
-14
5
12
16
4
-1
-6
-18
-18
-13
-3
10
24
21
13
4
-6
-19
-22
-8
-3
8
22
16
0
-14
-18
-20
-12
2
10
17
7
-14
-24
-29
-30
-19
-4
13
31
20
-1
-17
-31
-32
-14
7
19
22
23
16
11
4
-11
-13
1
17
25
26
17
3
-9
-19
-11
-2
7
15
15
9
-10
-22
-28
-19
-2
6
9
8
10
-5
-23
1
16
15
-1
-8
-7
-10
-8
-8
-2
-4
1
7
11
15
9
-9
-12
2
14
10
10
10
-6
-14
-11
-3
-8
-10
7
26
13
-9
-13
-12
-9
-13
-3
-5
-13
-7
-10
0
9
-4
-7
1
9
5
7
9
-19
-30
-19
12
34
15
-1
-6
2
16
23
11
-11
-8
-7
-5
5
-1
-28
-26
13
31
19
6
3
-18
-19
4
19
3
-34
-32
-1
8
11
14
11
16
13
7
7
7
-4
-28
-13
22
32
14
2
6
9
4
8
16
5
-14
-10
12
8
-14
-21
-12
1
3
11
7
-2
-12
-24
-6
12
8
-8
-3
16
6
0
-13
-14
-2
2
14
23
11
-16
-19
-14
-1
10
11
2
4
-7
-21
-5
-7
-24
-22
-6
12
23
5
-9
-4
-1
-2
2
-8
-20
-15
-9
14
28
11
-11
-19
0
13
13
6
-8
-5
2
0
-4
-17
-31
-23
10
32
18
7
-12
-25
-34
-27
10
16
12
24
29
27
4
-23
-28
-8
16
41
38
19
-7
-33
-36
-12
16
8
16
32
7
-19
-32
-41
-26
-7
10
46
56
21
-27
-45
-35
-14
14
27
32
28
-1
-19
-19
-29
-27
0
29
32
17
4
-11
-18
-14
-13
8
18
9
7
1
-7
-5
-7
-9
3
25
33
26
11
-21
-27
-16
-7
14
27
23
8
1
-9
-16
-3
1
3
13
13
-7
-10
0
-16
-9
-5
-3
14
8
-2
-4
-5
-21
-35
-8
5
7
19
10
1
3
-12
-22
-5
16
15
10
7
-3
-3
-20
-34
-16
13
19
4
7
-2
-10
-3
0
18
22
11
-11
-13
7
9
6
2
6
4
0
4
6
3
-13
-21
-5
9
-3
-14
-8
-1
4
-5
-4
0
-4
-2
-11
-3
6
0
4
-10
-13
0
6
-11
-27
-23
-13
0
7
23
34
29
-1
-16
-3
10
18
9
12
21
10
-14
-32
-24
-12
-12
4
14
8
3
-5
-6
-5
-9
-7
0
18
21
6
2
-8
-18
-21
0
29
32
14
1
-4
-6
-22
-13
9
1
2
-9
-5
12
2
-15
-20
6
4
15
40
4
-20
-27
-16
21
31
19
-9
8
6
-18
-5
-5
-12
-4
16
24
40
8
-53
-37
-8
2
21
41
5
-35
-29
-14
17
22
-4
0
14
0
3
46
26
-20
-10
-3
6
25
1
-30
-9
1
-26
-6
18
2
15
24
7
4
-16
-50
-37
5
23
34
25
-10
-15
-1
-1
0
10
-3
-11
-1
-3
-21
-9
-16
-20
7
10
13
15
-3
-21
0
-1
-14
-2
-23
-30
3
23
12
3
-4
-28
-9
16
6
-5
-14
-21
-16
10
25
16
0
-7
-14
7
30
12
-8
-25
-11
23
31
15
1
5
-17
-20
7
9
12
-5
-20
13
17
3
-5
-19
2
7
18
24
4
-4
-25
-5
12
-3
5
7
6
-9
-11
-1
4
7
1
-5
-3
-4
-10
9
27
5
-6
-13
-14
1
7
1
-11
-16
-16
-12
-8
3
12
10
4
4
-5
-13
4
5
-9
-7
5
8
15
7
-11
6
18
7
13
33
15
-20
-21
-18
2
9
-5
2
-3
-14
-13
-16
-6
-3
-2
7
6
10
-2
-13
-9
-14
-1
19
23
11
-19
-24
-1
-4
-8
1
7
11
-1
10
24
16
6
-10
-9
-12
-14
-10
-13
15
27
19
14
-4
-10
-10
-6
-9
-7
8
10
6
-7
-16
-4
4
5
1
-1
0
-9
-22
-5
21
28
6
-26
-16
9
18
23
19
10
-11
-26
-22
3
19
10
8
-4
-9
10
16
3
5
0
1
9
15
3
-5
-2
-20
-21
1
23
34
9
-19
-27
-24
-10
5
19
11
0
1
6
4
-2
3
0
1
11
16
10
-11
-27
-28
-4
12
16
15
9
1
-10
-1
6
-4
-3
-4
5
11
-7
8
10
-1
-9
-16
0
5
27
19
-14
-17
-32
-29
-3
17
22
8
-2
-24
-33
-16
-5
-1
2
7
10
4
8
2
-4
-1
-2
-3
5
12
9
-7
-9
-13
-2
15
-6
-11
-8
-5
1
11
1
-12
-11
-17
-7
22
16
12
10
-14
-7
4
8
10
0
-12
-5
21
14
-2
-3
-13
1
6
5
10
8
-5
-22
-16
-6
28
33
-7
-7
-4
-6
11
8
3
7
0
-18
1
21
19
14
3
-11
-6
-2
-10
-9
0
-3
-5
4
-1
-2
-3
-9
-12
-25
-31
0
20
12
3
-10
13
14
-5
2
11
11
-20
-23
-8
8
11
-13
-7
1
2
1
4
7
1
0
-2
7
7
-8
-5
6
-6
-4
3
-9
-12
-18
-14
-1
1
5
4
-3
-6
7
9
4
-7
-14
-1
12
14
-6
-6
3
-1
-1
9
11
9
5
2
11
11
4
3
4
11
4
-1
4
4
0
-6
-4
-6
-8
0
12
13
-5
-24
-20
-5
-8
-6
12
15
9
10
6
2
6
-7
-12
-9
-15
-3
11
12
0
-12
-14
-7
-2
-10
-10
2
0
-7
-5
-3
6
9
0
2
0
-4
-13
-16
-3
12
9
1
2
2
2
9
0
-10
-13
-16
-5
7
10
12
6
-7
-19
-22
-17
0
14
16
16
12
6
6
16
13
1
-6
-16
-19
-9
-4
10
7
-8
-12
-3
7
15
21
7
-15
-24
-14
7
11
6
-2
-10
-2
0
0
11
10
-4
-14
5
18
10
3
-1
6
8
5
2
7
4
-2
3
-7
3
8
-2
3
4
-4
-11
-3
0
-7
-5
4
13
15
15
11
10
3
-5
-4
0
4
3
-8
-19
-15
-11
-2
6
8
3
-9
-3
2
-2
4
3
-7
-11
-7
-1
5
-3
-14
-11
-3
7
11
7
11
10
4
1
-2
-11
-14
-14
-7
4
1
0
3
0
-4
-3
1
-1
-7
-10
-2
-1
1
5
4
-2
-7
-4
-2
9
6
-4
-3
2
4
3
0
-2
4
10
7
1
2
8
7
8
1
-4
2
4
5
1
-1
-5
-2
4
-3
-3
5
2
-4
-2
-4
-10
0
1
-7
10
7
-6
0
2
0
-6
-12
-5
0
0
3
3
-3
-3
4
6
11
13
13
6
3
8
8
4
5
-1
-10
-10
6
15
17
9
-13
-11
-2
3
-3
-3
6
3
-2
3
16
20
7
-2
-5
-3
-1
-4
-6
-1
-4
-3
5
0
-6
-16
-15
-7
0
-1
-3
-1
-7
-7
6
6
5
6
-3
-8
-9
-2
14
7
2
4
3
-6
-9
1
4
13
5
-11
-4
-8
-14
-5
-7
-8
4
-4
-5
7
-1
-2
2
9
9
15
22
-3
-13
-9
-22
-21
8
20
11
20
2
-22
-5
2
-18
9
21
-14
-1
10
-22
-9
19
-31
-24
28
-25
-21
26
-18
-27
27
12
-23
29
17
-29
20
8
-32
17
13
-30
-2
15
-4
19
33
-4
13
29
-3
1
12
-5
-12
-1
1
-7
1
9
-6
5
21
-14
-27
-1
-22
-21
30
9
-19
10
-11
-7
33
9
-10
22
-3
-34
9
6
0
21
1
-16
8
25
-14
0
27
-26
-7
37
20
10
14
-6
-24
21
-4
-54
26
-10
-58
10
-17
-34
36
22
-23
36
23
-37
40
28
-42
17
-11
-52
6
0
-19
8
-7
-35
-8
-1
8
29
3
-12
-14
-23
-28
-3
1
7
11
5
13
-9
-4
13
-26
-37
-1
-1
18
39
-8
-15
2
-29
-12
24
1
-4
5
-29
-23
-2
-6
7
32
11
-9
13
14
10
23
21
4
13
0
-28
-15
-4
-14
-3
28
-1
-18
29
-6
-34
21
-12
-25
39
3
-41
22
16
-51
27
4
-60
36
14
-32
27
27
-31
-6
24
-43
6
57
-18
15
31
-23
-18
-7
-11
-23
20
23
-28
21
9
-38
23
-15
-45
41
-7
-31
22
39
-14
53
75
-78
55
45
-50
55
1
-47
29
22
-60
52
37
-51
55
-5
-80
28
15
-77
67
19
-99
45
6
-62
32
48
-44
45
57
-53
25
22
-26
-5
0
-30
-21
58
-26
-40
30
-13
-19
2
7
-22
12
25
-15
-4
9
10
-16
10
30
-19
4
61
-43
-85
45
-50
-51
99
-20
-57
53
-24
-74
49
65
-68
29
48
-85
10
27
2
-43
34
26
-98
72
13
-112
28
55
-89
23
110
-84
16
128
-104
18
150
-135
-3
124
-89
-9
119
-100
-56
140
-101
7
124
-36
-7
58
2
-66
74
-12
-89
-1
-25
-57
-6
70
-20
-30
72
-57
-32
95
-72
-48
68
-46
-65
67
-41
-66
94
-76
-68
77
-3
-82
32
23
-108
101
14
-54
123
21
-35
27
45
-59
28
66
-119
67
8
-102
84
-22
-31
49
14
-58
36
45
-102
32
-5
-89
40
-5
32
23
6
24
9
-34
1
65
-76
-5
53
-88
-32
69
-19
-86
146
-14
-53
85
-5
-30
-57
97
-93
-10
39
-75
0
6
75
-113
91
-3
-75
136
-89
45
23
6
-6
55
-13
-70
116
-109
-27
42
-72
32
17
-22
-47
14
4
54
-33
15
128
-137
48
83
-116
118
96
-110
15
153
-162
46
133
-170
102
24
-101
43
-24
-73
115
-99
6
165
-249
55
83
-177
73
114
-183
40
117
-237
151
59
-172
204
-23
-155
164
-72
-112
199
-102
-106
192
-34
-124
126
-45
-38
53
-57
94
-86
15
130
-192
42
135
-174
27
175
-139
5
209
-144
-50
154
-80
-19
131
3
-59
-18
2
3
-96
103
43
-120
119
-27
-110
67
70
-202
52
128
-240
93
117
-186
-24
119
-110
-74
167
-95
-58
172
-75
-126
246
-59
-230
322
-69
-311
260
-7
-292
288
30
-209
293
29
-216
164
116
-277
95
194
-213
-20
146
-93
-183
205
-5
-132
159
-6
-141
60
67
-224
61
203
-225
-43
291
-215
-135
399
-261
-40
323
-218
-58
226
-101
-188
378
-165
-247
378
-180
-185
269
18
-253
277
27
-264
277
-16
-212
175
122
-388
226
130
-364
215
118
-221
59
231
-301
82
226
-331
181
162
-309
143
177
-306
174
115
-344
215
73
-287
275
32
-290
213
-28
-251
250
103
-322
334
-34
-271
308
-71
-204
309
-94
-202
387
-301
-11
258
-192
30
78
-19
-173
191
-135
-121
222
-98
-66
103
-32
-24
57
27
42
-6
63
-55
100
-56
20
50
-140
12
14
-33
-157
167
-76
-151
219
-132
29
58
-23
-44
-22
14
-78
4
-7
44
-18
-1
133
-145
122
103
-180
141
25
-101
5
112
-134
60
194
-283
142
146
-334
245
68
-204
138
79
-258
89
190
-398
240
117
-305
218
61
-255
164
125
-385
273
47
-267
197
123
-254
150
168
-401
290
-44
-143
130
-42
33
-120
82
-45
-53
50
22
43
-132
186
-48
-135
252
-155
-19
124
-130
15
123
-143
-69
238
-291
-6
294
-375
110
259
-342
103
93
-211
7
161
-143
-72
338
-275
2
278
-117
-50
145
2
-262
309
-68
-210
357
-251
-62
207
-222
83
95
-84
36
170
-268
113
138
-430
376
-146
-139
190
-130
34
-17
59
-98
248
-287
219
212
-576
570
-129
-431
521
-197
-292
477
-194
-347
462
-282
-297
515
-410
-2
497
-587
216
312
-348
179
304
-319
138
190
-331
151
63
-201
29
155
-130
-34
137
-88
140
-114
-80
112
-24
-113
-79
191
-348
190
18
-317
527
-230
-110
319
-129
10
138
-242
-39
426
-373
3
470
-503
116
291
-499
246
114
-473
199
233
-364
59
120
-107
276
-338
53
307
-435
237
205
-501
452
130
-724
529
121
-499
400
80
-254
211
121
-311
218
-147
23
102
-266
352
-170
-137
448
-350
-237
588
-326
-178
553
-423
-76
444
-445
-10
250
-179
-65
124
-25
-84
36
-22
84
-169
60
100
-247
221
49
-287
165
125
-416
217
275
-460
363
139
-463
430
-29
-324
239
33
-225
65
177
-262
30
89
-171
174
17
62
-45
26
68
20
-181
242
-60
-255
374
-387
-10
249
-299
43
237
26
-215
388
-64
-305
370
-155
-184
239
-18
-251
206
-48
-237
270
-142
128
-88
52
199
-365
259
-202
-35
138
-243
254
-195
-16
153
-359
25
25
-44
-107
166
-33
-267
447
-217
-307
423
-250
-270
400
-65
-201
264
65
-264
170
238
-326
218
143
-186
83
137
133
-240
340
77
-446
533
-242
-335
673
-322
-93
366
-124
-194
219
-35
-371
453
-180
-132
349
-262
-108
164
-170
-71
407
-151
-15
141
-270
-268
309
-155
-335
594
-220
-15
274
-51
-229
287
-94
-251
392
-273
125
-122
268
-194
-121
390
-573
396
259
-295
340
13
-265
-11
140
-290
115
340
-421
198
99
-190
125
139
-105
-171
484
-347
-105
469
-438
-62
384
-346
-49
397
-274
-166
245
-118
-390
534
-397
-151
388
-336
4
36
253
-432
506
50
-438
547
-302
-318
190
328
-613
508
248
-745
780
-303
-294
414
49
-528
298
489
-1061
840
196
-1074
865
22
-930
559
422
-962
807
254
-808
606
19
-415
125
557
-644
202
542
-786
309
189
-472
326
435
-612
276
302
-857
302
261
-721
517
456
-838
496
153
-594
370
9
-275
259
146
-313
149
-51
-75
177
-378
340
33
-370
510
24
-726
694
121
-920
1166
-156
-639
927
-309
-674
668
-107
-762
1196
-412
-586
1186
-960
-207
842
-643
-172
944
-555
-389
725
-454
-367
618
-67
-614
670
-102
-678
646
-1
-507
420
292
-883
500
320
-997
850
-57
-669
744
-200
-512
681
-146
-466
703
-344
-418
763
-324
-331
902
-464
-391
1056
-734
-249
1045
-804
-213
1093
-969
-150
1071
-921
-90
787
-722
-216
1075
-827
-177
946
-968
183
353
-564
79
509
-509
-221
883
-916
142
824
-990
477
404
-601
-17
551
-376
-226
903
-599
-120
615
-528
-8
371
-309
-175
430
-408
-175
384
-450
1
490
-584
121
607
-788
537
52
-559
671
-379
-206
506
-182
-245
426
-145
-432
794
-440
-159
844
-869
97
458
-739
191
345
-354
-42
546
-491
-34
632
-484
14
249
-193
-188
329
34
-390
465
-20
-319
228
376
-485
102
628
-976
476
478
-943
528
435
-863
229
743
-1047
156
894
-1134
188
734
-1019
39
893
-842
-190
965
-820
-96
947
-727
-83
997
-934
-138
980
-885
152
812
-832
337
332
-461
135
255
-364
11
346
-450
168
-52
27
85
-282
391
-220
0
230
-178
28
217
-259
-133
346
-320
203
-74
16
-30
57
-129
-442
768
-834
544
222
-543
570
-277
-14
-44
282
-358
221
223
-469
154
100
-309
-42
349
-402
178
285
-308
-187
516
-432
-428
868
-676
-151
840
-856
125
671
-676
155
352
-272
-167
372
-337
-84
473
-651
355
79
-364
240
-7
-140
164
158
-438
492
3
-367
228
170
-58
-164
335
64
-308
158
81
-358
98
371
-442
86
542
-540
10
574
-655
43
612
-685
90
626
-649
27
651
-768
27
662
-662
88
646
-398
-320
835
-407
-501
955
-712
-85
719
-442
-88
705
-239
-511
645
-215
-511
500
96
-605
523
159
-634
364
121
-314
97
190
-195
5
405
-418
153
298
-500
346
80
-355
405
-297
-96
338
-185
-341
439
34
-557
654
-48
-486
680
-38
-608
663
-133
-603
751
-188
-375
262
4
-399
-91
313
-392
437
1
-291
584
-374
136
78
-318
56
125
-36
-346
487
-374
-66
523
-418
-35
412
-63
-250
370
-85
-284
398
-125
-250
106
90
-198
13
183
-267
197
111
-349
42
131
-288
-162
331
-157
-159
357
-114
-14
456
-139
-240
662
-312
-265
333
-305
-37
-155
11
-93
25
4
-198
272
79
-57
-25
181
-264
-288
92
-348
-21
187
-92
-80
153
-10
-92
27
10
196
32
-98
230
-15
-12
-360
-68
352
-313
212
85
208
147
-307
106
-317
-157
-27
-167
230
231
256
-208
213
59
-551
48
-4
-140
46
111
-221
-87
125
-283
227
168
54
758
302
13
190
-169
-239
-173
-320
274
5
173
510
-111
442
31
-352
159
126
-91
-73
398
-309
-98
127
-827
138
55
-445
362
166
-196
-34
6
-283
12
15
-253
132
256
293
-84
-218
166
-141
-238
111
-20
0
465
-185
-82
187
-309
-109
51
-18
-198
308
-88
-235
110
-279
-39
-42
-256
-194
87
56
-241
22
-170
8
123
4
164
93
279
-4
219
109
-236
266
-120
-1
44
-117
99
0
79
31
-36
95
205
121
18
58
-82
-158
10
-103
-61
143
-78
-248
-134
94
-63
67
157
95
106
71
-72
-122
86
-50
7
141
44
135
64
-27
1
82
-127
-49
46
95
150
-178
-41
82
-222
-341
-34
-13
68
266
-72
-98
-57
-504
-306
32
-5
213
85
19
87
-143
-310
8
194
7
224
272
56
177
-72
-156
70
138
2
145
308
-93
-24
41
-269
-20
198
-22
324
536
-10
29
173
-170
-220
55
-35
46
219
42
72
50
29
-104
-37
78
40
81
-26
-133
-185
-342
-405
-220
-157
61
236
239
93
-138
-251
-410
-459
-284
-238
-50
49
-72
33
-93
-59
86
155
148
242
202
-92
34
62
-32
107
185
146
255
260
52
121
168
-99
-48
10
-258
-277
-217
-339
-332
-174
-50
44
179
161
138
324
329
79
282
614
345
527
767
485
-87
-339
-13
-57
-44
31
140
481
106
-1078
-1486
-701
-708
-1021
-504
-546
-249
49
-645
-507
17
-55
-124
589
953
673
1090
701
255
529
-25
72
1021
1015
485
536
499
-53
-275
-587
-966
-565
-467
-847
-715
-452
-734
-831
-534
-724
-666
-176
-101
101
114
-101
43
474
482
344
668
835
742
466
246
263
286
186
86
250
137
141
513
479
296
298
421
638
490
-835
-1223
-223
-447
-527
20
183
710
342
-1630
-1799
-103
-153
-452
271
49
128
216
-919
-799
-39
-340
-16
1004
1077
593
714
516
111
3
-513
-13
1204
1218
684
442
506
94
-730
-1105
-1305
-864
-465
-698
-132
262
-332
-786
-837
-1039
-990
-241
20
450
801
251
302
443
209
26
312
916
1079
962
575
105
-103
-433
-737
-421
-9
132
438
514
123
84
199
108
565
825
-858
-1416
-47
-304
-259
503
260
1003
1251
-1146
-2108
-225
159
-638
6
-147
-323
439
-929
-1739
-222
-114
-387
832
1502
907
735
549
-12
282
-3
-407
1167
2112
1033
374
343
4
-585
-1131
-1511
-825
-69
-632
-593
-157
-563
-898
-961
-842
-402
-3
166
522
717
182
-9
350
349
338
384
464
625
782
478
-57
45
-88
-458
-358
-398
-386
-68
-47
-341
-237
-45
383
1136
692
469
930
-503
-1415
13
80
200
1418
700
601
1125
-1435
-2593
-47
53
-1163
275
11
-415
441
-1371
-2241
-268
127
-495
1147
2126
1042
803
361
-201
372
-84
-312
1300
1988
833
193
299
-121
-787
-1338
-1569
-652
115
-468
-408
116
-522
-1403
-1136
-615
-327
369
616
863
1072
308
-389
69
355
71
532
1002
858
637
-101
-695
-625
-908
-1016
-499
-157
-426
-619
-679
-641
-523
-232
825
1518
1260
1216
1430
552
-1009
-941
86
570
1025
625
582
1339
-380
-3202
-2327
-140
-430
-417
109
-78
427
-523
-2489
-1476
189
-166
533
2258
2269
1596
996
261
160
-90
-724
320
2089
1841
637
202
153
-464
-1550
-2061
-1424
-321
-181
-433
36
170
-720
-1353
-1033
-670
-90
639
1180
1682
1224
87
-292
-13
-89
22
625
1069
1218
702
-171
-809
-1139
-1472
-1423
-719
-291
-185
-20
-32
-377
-442
56
937
1871
1840
1560
1944
666
-1732
-1374
30
103
836
1024
513
1179
-520
-3937
-2826
-414
-1227
-999
164
-284
138
-437
-2513
-1574
275
42
1043
3138
2841
1639
1251
289
-156
26
-587
380
2228
1880
504
29
-269
-1337
-2396
-2593
-1671
-510
-172
-148
311
203
-939
-1563
-1045
-188
472
987
1468
1688
1241
296
-187
-30
156
278
733
1183
890
21
-928
-1335
-1591
-1784
-1432
-637
-70
0
-113
-294
-385
-485
130
1242
2150
2730
2665
1972
1307
-765
-2843
-1050
712
154
1114
1579
536
140
-2480
-5186
-2483
-101
-1365
-97
1180
168
249
-814
-2450
-865
821
877
2629
4054
2719
1615
832
-473
-839
-698
-528
865
2116
1138
-228
-806
-1585
-2399
-2667
-2355
-1503
-310
281
200
195
-362
-1057
-875
-118
622
1180
1810
2012
1562
714
-188
-434
-130
110
560
967
741
95
-688
-1528
-2057
-1958
-1569
-790
15
50
-221
-258
-364
-654
-362
832
2125
2813
3018
2819
1994
1561
162
-3197
-2485
683
253
335
1047
-94
-221
-1524
-5673
-4779
343
90
-366
1962
1208
658
250
-2101
-1782
1069
1746
2078
4400
3856
1208
274
-822
-1411
-1203
-1517
-200
2059
1888
-309
-1539
-1697
-2372
-2923
-2650
-1420
539
1028
132
270
437
-398
-398
507
1013
1761
2063
1261
926
628
-329
-679
-300
-84
202
508
416
33
-511
-1317
-2118
-1982
-1382
-953
-398
-149
-60
12
-321
-467
-26
672
1724
2610
2656
2597
2504
1813
1212
912
-1762
-3685
-900
442
-797
-205
110
-122
-35
-3537
-6292
-1657
1639
-219
1044
2402
1396
1194
-730
-2133
123
1768
1347
2956
4333
2066
163
-877
-1532
-1155
-1826
-1799
571
1852
239
-1227
-1255
-1376
-1777
-2026
-1443
223
1068
537
540
806
131
-522
-168
788
1413
1375
877
709
501
-291
-603
-345
65
3
-320
-238
-457
-974
-1377
-1511
-1270
-866
-524
-301
-288
-387
-478
-347
44
408
783
1300
1782
1601
1353
1660
1890
1750
1672
2012
467
-3185
-2683
-12
-994
-1197
-104
112
1039
-973
-6009
-4289
1294
290
-257
2394
2118
1883
744
-2294
-1518
1228
735
1105
4228
3499
740
-149
-1272
-1641
-1766
-2457
-1012
1756
1891
-89
-517
-420
-1452
-2337
-2197
-768
655
772
563
1500
1331
-458
-818
-269
275
1232
1289
825
1137
722
-466
-884
-959
-904
-343
86
62
-56
-438
-820
-934
-958
-881
-618
-427
-405
-230
-208
-555
-273
357
522
1095
1344
1147
1647
2101
1987
1906
2001
1574
-313
-3421
-3306
-565
-732
-1099
392
891
690
-1570
-5425
-4128
710
967
353
2525
2589
1590
242
-2246
-1782
770
1257
1961
4131
3548
928
-650
-1860
-2248
-2126
-2286
-581
2110
2225
385
-674
-964
-1536
-2199
-2160
-804
927
1421
1038
1132
683
-694
-1104
-299
750
1543
1663
882
459
197
-1180
-1822
-963
-181
232
717
499
-46
-100
-667
-1174
-930
-795
-648
-396
-192
-340
-825
-745
-272
62
554
1100
1164
1307
1818
2027
2120
2009
1560
1674
856
-2706
-3696
-599
-239
-1004
10
169
478
-500
-4796
-5226
-39
1302
-2
1714
2378
1727
783
-1847
-2159
607
1419
1294
3271
3428
1172
-275
-1566
-2048
-1629
-2110
-1181
1513
2183
671
-415
-477
-844
-1814
-2267
-1121
804
1368
1040
1137
940
-153
-1241
-1044
102
717
814
1003
635
89
-435
-1465
-1443
-277
21
113
821
761
7
-609
-1186
-1288
-1123
-1098
-757
-281
-57
-139
-403
-206
207
187
615
1179
1257
1848
2378
2039
1995
1863
1395
572
-2463
-3699
-725
73
-905
109
605
418
-431
-4484
-5629
-491
1242
15
1856
2414
1581
951
-1535
-2292
235
1360
1447
3163
3510
1667
149
-1271
-1878
-1643
-2135
-1408
1111
1916
701
-201
-375
-553
-1452
-2141
-1284
334
1125
882
883
972
-7
-1175
-1254
-248
785
1169
1119
982
844
174
-648
-703
-238
-26
10
353
517
253
-321
-1010
-1173
-1088
-1161
-1090
-699
-278
-102
-54
109
198
35
286
986
1259
1514
2190
2154
2027
2153
1337
797
-1233
-3675
-1642
53
-1100
-504
627
683
471
-2727
-5901
-2183
1293
-182
791
2269
1806
1677
-441
-2540
-599
1411
1097
2341
3617
2270
894
-560
-1816
-1559
-2045
-2309
-42
1618
1156
302
-212
-499
-1385
-2395
-2210
-653
666
810
916
1198
840
-323
-1106
-593
344
962
1077
1090
1407
986
-290
-988
-924
-699
-310
64
155
379
122
-1013
-1512
-1515
-1737
-1399
-716
-114
395
512
487
318
110
470
805
865
1496
2286
2262
2039
2009
1433
1201
-184
-3329
-2667
-126
-1009
-1143
383
425
374
-1379
-5397
-4036
483
79
36
2306
2172
1789
795
-1974
-1493
1023
960
1407
3093
2594
1517
572
-1017
-1319
-1499
-2386
-1127
865
943
453
11
-406
-854
-1934
-2524
-1441
78
549
750
1328
1446
675
-441
-810
-335
364
735
851
1278
1521
802
-297
-967
-1036
-813
-448
55
358
241
-353
-921
-1287
-1646
-1581
-1144
-431
585
1117
920
551
424
407
388
650
1297
2210
2757
2564
2009
1576
607
-2503
-3988
-1669
-792
-1261
-376
444
1016
331
-3639
-5379
-1774
-82
-603
969
1926
2236
2117
-438
-1599
44
594
637
2007
2678
2217
1575
219
-561
-745
-2136
-2340
-582
177
267
191
-47
160
-682
-2321
-2410
-1086
-276
125
863
1537
1529
430
-752
-652
77
306
262
812
1651
1552
508
-485
-702
-518
-728
-1007
-536
73
-15
-411
-705
-791
-923
-1213
-1214
-412
440
407
471
837
999
989
813
1090
1787
2271
2170
2098
2003
-394
-2576
-1663
-1081
-1354
-583
52
701
1291
-1439
-4301
-2244
-531
-1402
-602
476
1118
1957
474
-1104
60
770
204
932
1995
2165
1957
814
195
502
-773
-2145
-1468
-492
101
196
-130
238
441
-753
-2001
-1943
-1372
-864
-327
414
1322
1311
504
61
-73
-64
51
115
574
1364
1398
543
-19
-82
-336
-795
-1140
-943
-325
-49
-80
-132
-222
-412
-1005
-1359
-733
-94
76
456
1084
1649
1838
1454
1245
1758
1857
1278
-245
-1644
-810
-98
-818
-469
209
188
265
-1610
-3573
-1945
-402
-968
-508
351
481
744
1
-1039
-303
756
815
1178
1587
1505
1539
863
330
426
-200
-865
-447
132
-17
-121
-41
213
268
-637
-1640
-1391
-698
-903
-1066
-412
409
946
621
170
453
414
-148
-566
-422
188
549
482
483
618
486
-39
-532
-577
-415
-365
-266
29
319
224
-256
-718
-716
-815
-979
-456
462
1350
1903
1994
2027
2154
1107
-1289
-1913
-567
-173
-64
559
1022
1511
706
-2037
-3033
-1471
-1167
-1529
-616
211
914
1010
-286
-588
207
-1
-203
500
895
1057
1221
790
765
793
-296
-848
-387
-170
-74
7
138
533
379
-497
-871
-755
-1005
-1110
-710
-329
128
412
106
86
467
296
-257
-300
-24
-38
35
47
53
464
447
-103
-516
-575
-438
-361
-264
-122
181
411
159
-18
35
-116
-283
-194
78
483
831
1050
1284
1662
1225
-363
-1087
-627
-454
-445
-1
626
1246
1146
-566
-1580
-749
-722
-1139
-937
-687
1
425
-153
-405
331
510
108
70
59
255
548
323
343
793
573
191
19
-152
17
-77
-344
131
542
9
-228
-167
-477
-592
-723
-822
-262
283
273
442
824
810
281
-233
-444
-368
-102
77
338
541
399
59
-409
-590
-635
-668
-460
-231
120
288
56
-74
64
32
-228
-185
-95
87
422
431
559
978
1039
704
-135
-759
-354
-100
-222
131
688
954
789
-266
-1100
-493
-402
-1127
-1066
-724
-370
-158
-590
-622
119
306
3
-5
39
-8
166
160
91
565
711
373
355
468
358
99
-84
11
165
104
-139
-267
-191
-337
-609
-818
-566
-172
-16
292
464
664
568
14
-239
-330
-309
-115
8
325
681
493
-68
-449
-615
-657
-495
-305
-55
210
172
169
207
-27
-214
-348
-387
-78
217
416
667
922
1022
1074
693
-439
-819
-310
-172
-284
-38
529
1175
1212
-118
-926
-448
-557
-893
-877
-657
-69
40
-553
-589
3
142
-153
-136
72
199
340
236
487
986
767
377
257
213
175
101
66
269
493
289
-28
-86
-204
-469
-746
-841
-628
-479
-290
-59
162
331
-81
-525
-362
-27
165
112
249
684
788
517
56
-169
-104
-293
-534
-497
-213
26
-46
-100
25
79
-143
-509
-636
-318
25
60
375
1043
1382
1386
653
-414
-523
-220
-301
-172
497
1124
1314
736
-375
-707
-400
-690
-1011
-840
-535
-53
-10
-505
-343
12
-310
-555
-580
-561
-63
294
287
693
986
573
252
234
176
219
256
234
470
678
300
-32
-147
-505
-691
-632
-621
-469
-88
-49
-79
310
199
-243
-197
-149
-127
-9
-22
172
535
473
146
-7
-50
-106
-100
-199
-216
-26
-245
-406
-251
-240
-346
-519
-683
-506
-178
-51
308
918
1278
1423
990
-83
-447
-109
-184
-238
304
926
1428
1142
-154
-678
-153
-172
-669
-811
-733
-224
14
-708
-841
-266
-184
-385
-479
-609
-240
289
185
443
861
651
466
379
325
511
591
432
467
566
269
-70
-236
-403
-405
-462
-817
-825
-423
-337
-189
132
67
-144
-254
-380
-339
-54
136
235
507
692
470
125
13
-9
-53
86
110
194
291
-20
-213
-287
-438
-517
-579
-644
-454
-23
114
344
921
1257
870
-171
-644
-261
-49
-1
364
972
1550
1295
70
-603
-235
-170
-694
-860
-742
-368
-209
-724
-774
-332
-293
-456
-537
-529
-225
154
229
355
718
615
297
326
320
422
596
602
688
660
341
30
-121
-254
-381
-494
-640
-680
-621
-522
-264
71
116
-95
-333
-413
-374
-355
-179
216
613
748
635
397
249
137
-32
-61
-45
108
261
138
44
-45
-316
-609
-810
-887
-627
-208
102
569
1077
1129
767
-138
-835
-391
-76
38
671
1166
1513
1468
294
-584
-289
-246
-672
-785
-873
-661
-235
-597
-779
-276
-233
-494
-596
-772
-534
16
123
399
887
654
309
279
241
467
684
594
677
919
649
96
-179
-403
-527
-528
-772
-857
-517
-293
-172
-19
-41
-198
-402
-462
-441
-332
-87
146
545
764
634
497
303
268
306
95
-34
102
164
42
32
-63
-244
-275
-518
-639
-267
-165
-12
547
790
888
592
-467
-963
-416
-150
-116
488
1141
1680
1666
293
-727
-220
-48
-561
-786
-812
-422
-61
-551
-898
-362
-115
-325
-472
-635
-457
-41
11
146
664
650
377
421
401
491
686
551
537
696
497
129
-152
-303
-358
-443
-626
-755
-599
-433
-279
-98
-157
-306
-393
-497
-508
-368
-131
252
684
824
604
322
183
128
31
-14
66
258
315
159
-19
-99
-97
-296
-617
-678
-409
-138
146
587
868
1144
1014
-119
-958
-647
-349
-249
361
967
1501
1678
301
-1034
-658
-317
-674
-645
-374
-61
287
-286
-1034
-540
-223
-550
-517
-410
-69
404
275
313
726
609
185
49
185
527
817
694
710
911
498
-134
-456
-522
-498
-583
-680
-637
-527
-459
-380
-166
-95
-302
-621
-711
-463
-356
-233
171
676
912
663
208
-18
48
61
3
89
337
491
305
88
7
-57
-196
-519
-554
-187
142
349
546
874
1215
935
-356
-1232
-807
-412
-241
235
715
1441
1588
-28
-1455
-1040
-478
-676
-692
-524
-1
541
-150
-902
-551
-122
-239
-427
-447
-68
522
481
486
945
815
314
138
157
430
686
574
696
1026
669
-114
-610
-867
-864
-855
-1025
-861
-442
-369
-422
-151
-120
-415
-672
-731
-457
-65
44
233
857
1156
808
233
-44
52
179
14
-77
192
476
364
48
-68
-133
-305
-575
-543
-75
415
926
1341
1405
1248
634
-703
-1634
-1287
-608
33
862
1194
1188
932
-472
-1749
-1351
-637
-531
-254
1
164
303
-380
-996
-548
-149
-201
-119
92
526
950
755
491
601
355
-48
-105
-19
333
622
517
489
455
48
-525
-909
-1020
-911
-906
-996
-748
-458
-337
-193
-143
-111
-136
-368
-413
37
478
689
968
1192
1151
742
111
-295
-297
-84
-31
-35
249
358
102
-171
-380
-452
-426
-282
112
731
1202
1155
1222
1288
692
-453
-1353
-1094
-374
-194
-85
562
1152
863
-577
-1950
-1627
-693
-647
-845
-545
70
396
-147
-792
-467
247
365
197
348
739
1026
900
725
777
493
-61
-244
14
418
454
295
237
74
-445
-1091
-1321
-1174
-1036
-1108
-1072
-656
-261
-129
-98
69
237
108
-163
-166
216
612
752
752
831
766
316
-126
-203
-61
153
272
247
354
339
60
6
164
393
501
393
480
719
877
532
-688
-1492
-943
-422
-515
-132
704
1172
794
-1026
-2483
-1687
-624
-524
-259
237
579
587
-334
-1197
-651
279
623
914
1147
1222
1267
831
382
291
-57
-394
-266
144
462
416
156
-30
-420
-1321
-2045
-1856
-1311
-887
-459
-34
352
613
481
-41
-80
139
-117
-124
453
1014
1364
1221
480
9
-33
-497
-826
-388
160
346
202
130
180
47
-31
263
685
1126
1484
1619
1743
804
-1441
-2358
-1680
-1403
-1049
48
986
1498
488
-2254
-3010
-1334
-587
-415
227
660
1076
601
-1088
-1317
128
793
856
1215
1807
2138
1539
611
227
59
-431
-767
-289
544
869
601
334
95
-974
-2326
-2647
-2019
-999
-555
-753
-387
314
278
-131
-108
166
471
463
474
1129
1668
1380
782
486
171
-211
-422
-260
242
396
-57
-585
-810
-982
-1230
-1206
-455
520
1037
1564
2218
2741
2934
1144
-2261
-3115
-1523
-879
-391
1089
2240
2616
404
-4467
-5500
-2050
-457
-261
863
1532
1830
637
-2351
-2838
-534
587
875
1888
2821
3362
2774
726
-370
-672
-1908
-2170
-782
799
1832
1590
619
69
-1094
-3104
-3527
-2016
-499
262
453
543
710
233
-848
-1141
-269
315
354
937
1732
2060
1708
638
-225
-279
-420
-716
-162
652
531
16
-453
-936
-1014
-936
-1074
-657
173
194
174
1088
2067
2405
2257
1341
-1214
-3021
-2054
-957
-397
1270
2575
2372
1119
-2660
-5478
-2882
70
133
495
1078
868
554
-1326
-3049
-1231
1005
1326
1659
2321
2600
2413
997
-685
-923
-1416
-2102
-817
1188
2210
1762
297
-627
-1118
-2312
-3003
-1676
170
852
477
29
114
5
-701
-915
-114
631
737
609
984
1673
1402
65
-783
-495
-131
-243
-277
192
550
82
-765
-1181
-838
-384
-376
-169
660
994
623
777
1565
2177
1973
802
-1537
-3192
-2406
-1117
-418
990
2304
1946
335
-2660
-4859
-2697
472
928
1039
1490
993
267
-1200
-2525
-1069
1025
1336
1592
2165
2085
1635
295
-1262
-1614
-1721
-1668
-191
1598
2225
1628
192
-807
-1220
-2035
-2387
-983
800
1378
930
156
-262
-581
-1045
-1045
-173
934
1304
1008
797
730
18
-810
-776
-225
273
454
487
573
466
-439
-1235
-866
-140
69
83
682
1472
1690
1425
1439
1718
1402
-747
-3656
-3304
-962
-247
193
1206
1450
672
-1963
-5213
-3746
346
1454
1432
1847
1357
571
-923
-2731
-1575
999
1720
2076
2757
2397
1371
-40
-1601
-1912
-1943
-2048
-396
1867
2527
1538
-159
-1240
-1568
-2302
-2792
-1223
1175
1929
1251
328
-202
-671
-1159
-1054
-137
1120
1685
1616
1268
603
-550
-1485
-1121
-193
563
812
825
970
410
-888
-1935
-1534
-375
371
750
1244
1982
2216
1687
810
381
-1170
-3592
-2757
-178
708
1156
1808
1418
271
-2601
-6032
-3799
957
1771
1452
1843
1289
498
-1429
-3840
-2428
902
1934
2240
3114
3138
2121
-88
-2227
-2327
-1912
-1787
-243
2023
2971
1995
-197
-1452
-1617
-2291
-2631
-1030
1249
1840
804
-19
-163
-784
-1635
-1378
-63
1467
2108
1516
1025
872
-89
-1492
-1604
-311
883
1281
1178
1022
567
-766
-1769
-1706
-782
280
668
1283
2433
2700
1513
973
328
-3083
-4551
-2046
-136
754
2146
2254
1553
261
-4912
-6845
-1362
1958
1594
2170
2021
1349
421
-3148
-4704
-1359
1181
1530
2704
3835
3424
1799
-1252
-2882
-2295
-2501
-1844
1158
3530
3247
965
-1132
-1400
-1584
-2814
-2721
-125
1985
1367
-125
-598
-476
-952
-1640
-1131
798
2216
1757
887
666
421
-559
-1349
-754
567
1371
1001
328
105
-393
-1150
-1194
-234
546
595
527
841
1529
1635
1280
1295
1826
-593
-4602
-3615
-821
-10
516
1522
2033
1833
-1706
-6509
-3784
1447
1881
1333
1760
1789
1456
-1082
-4261
-2735
326
837
1465
2969
3178
2072
-178
-2251
-2136
-1925
-2212
-182
2995
3561
1704
-381
-1304
-1432
-2169
-2830
-1168
1725
2226
392
-636
-639
-1381
-2035
-1595
180
2227
2758
1675
757
320
-1023
-1820
-1057
471
1846
1950
1206
449
-567
-1855
-2220
-879
547
881
905
883
1268
1361
644
604
1744
2498
-346
-4153
-3551
-726
7
-497
547
1850
1609
-1635
-6133
-3905
1589
2354
1301
1515
1630
982
-1232
-3925
-2590
999
1618
1597
3108
3132
1532
-493
-2392
-2428
-1897
-1981
-168
2941
3737
1901
-340
-1359
-1581
-2292
-2689
-1040
1572
2143
640
-621
-759
-1449
-2464
-1792
197
2265
2916
1943
785
460
-564
-2090
-1177
634
1753
1995
1213
361
-612
-1826
-2600
-1669
270
1040
977
1241
1566
1164
178
195
1309
2654
1675
-3067
-4384
-1285
-49
-626
115
1811
2475
630
-4954
-6178
-286
2535
1516
1366
1337
1102
-384
-3590
-3976
-456
1286
1121
2415
3267
2208
450
-1525
-2180
-1518
-1704
-828
2374
4345
2994
254
-1471
-1839
-2051
-2745
-2009
651
2400
1244
-752
-1274
-1385
-2033
-2218
-567
1761
2732
2145
1138
659
-253
-1435
-1278
304
1828
1815
1071
521
-215
-1307
-2234
-1801
-168
1007
882
758
1039
960
388
108
1079
2337
2797
-420
-4442
-3183
-694
-520
-217
1617
2773
2065
-1677
-6264
-3388
1505
1634
1098
1410
1383
513
-1862
-4165
-2341
640
904
1774
3416
2997
1145
-918
-2315
-2132
-1942
-1644
1187
4291
4051
1394
-766
-1367
-1762
-2665
-2622
-375
2140
2140
114
-1170
-1247
-2284
-3062
-1473
996
2601
2837
1989
927
148
-1487
-2330
-458
1328
1902
1749
1376
659
-952
-2547
-2680
-882
803
1068
813
941
895
169
-433
205
1779
3040
2614
-1718
-4165
-2157
-822
-593
270
1762
2526
1704
-3031
-5728
-1335
1680
1365
1172
1073
988
1
-2641
-3927
-1404
743
1152
2388
3307
2417
658
-1326
-2136
-1872
-1970
-617
2375
3979
3006
548
-1137
-1449
-1994
-2851
-2029
692
2427
1606
-298
-1438
-1895
-2630
-2645
-799
1607
2755
2509
1441
122
-1038
-1950
-1581
232
1628
2004
1882
1362
60
-1794
-2727
-1778
73
1357
1407
951
1188
965
-245
-604
851
2335
3212
1122
-3815
-3733
-959
-849
-758
935
2436
2431
-288
-5395
-4218
708
1438
722
927
1192
769
-1231
-3682
-2766
75
781
1444
3172
3152
1547
-450
-1827
-1724
-1795
-1756
547
3481
3778
1715
-238
-886
-1260
-2422
-2865
-857
1861
2266
600
-994
-1481
-2089
-2756
-1858
483
2442
2578
1890
693
-620
-1747
-2009
-587
1008
1880
1797
1475
836
-1005
-2700
-2537
-555
1058
1332
1126
1041
912
-95
-955
-283
1686
3295
3483
183
-3949
-3051
-1135
-1018
-300
1580
2971
2674
-868
-5640
-3421
854
1076
660
881
1276
832
-1571
-3885
-2674
-154
568
1573
3334
3151
1651
-359
-1524
-1434
-1974
-1606
1123
3631
3560
1595
-147
-685
-1294
-2841
-3030
-658
1712
1627
101
-656
-1448
-2444
-2838
-1850
834
2625
2468
1535
788
-433
-2016
-1651
-260
1190
1935
1602
1480
419
-1452
-2399
-1665
135
1092
1245
1043
984
326
-980
-881
312
1997
3237
3291
-19
-4031
-3583
-1767
-694
167
1580
2950
2780
-1175
-5907
-3545
594
1217
884
564
1121
1118
-1522
-3825
-2629
-373
458
1488
3079
3100
1855
-137
-1554
-1549
-1932
-1585
1125
3725
3785
1815
76
-435
-1517
-3148
-3200
-911
1561
1371
-167
-871
-1186
-2056
-2680
-1685
698
2189
2002
1409
746
-242
-1307
-1395
-154
954
1301
1464
1394
715
-1050
-2157
-1465
-192
669
909
1069
939
70
-865
-850
137
1790
2934
3256
1358
-3052
-3965
-2067
-781
143
1002
2634
3116
341
-4850
-4811
-294
1453
946
390
966
1523
-757
-3490
-3017
-952
253
1149
2744
3252
2212
228
-1479
-1451
-1482
-1681
436
3478
4280
2409
74
-402
-985
-2505
-3024
-1501
1306
1914
208
-790
-1020
-1977
-2829
-2265
-163
1852
2224
1726
1058
377
-904
-1710
-850
414
1365
1748
1720
1122
-427
-1713
-1832
-941
68
781
1264
821
28
-735
-938
-319
760
2384
3345
2368
-1930
-4285
-2569
-956
-234
370
2114
3264
1376
-3443
-4894
-1223
1172
842
307
1022
1915
223
-2648
-2919
-1341
-187
581
1963
3164
2440
374
-1362
-1368
-1363
-2126
-659
2581
4184
2893
498
-330
-409
-1738
-2778
-1813
610
1681
411
-615
-704
-1328
-2230
-2338
-763
1283
1745
1391
1302
1029
-506
-1782
-1249
-137
888
1567
1712
1459
286
-1390
-2021
-1329
-161
668
1100
877
177
-405
-874
-646
341
1770
2797
3112
1153
-2920
-3729
-1669
-257
269
1115
2611
2678
-137
-4071
-3938
-670
1020
608
273
1059
1202
-983
-2683
-2237
-1221
-221
738
2210
2749
1597
-372
-1301
-1024
-1571
-1777
653
3418
3619
1796
169
194
166
-1221
-2213
-1081
766
801
-469
-814
-732
-1229
-1942
-2098
-470
904
882
1211
1424
599
-884
-1402
-669
393
1090
1196
1294
1256
246
-1144
-1500
-789
236
648
559
313
-92
-390
-459
-159
471
1651
2588
2621
954
-2361
-3340
-1756
-54
532
951
2244
2285
71
-3301
-3856
-834
1434
798
-202
828
1418
-631
-2349
-2349
-1404
-183
383
1142
1983
1677
129
-980
-716
-1004
-1352
487
2513
2898
2014
775
612
456
-1010
-2357
-1659
-64
95
-293
-326
-444
-942
-1705
-2089
-1057
329
438
768
1338
798
-343
-831
-265
175
192
517
997
1462
1103
-279
-1008
-495
9
-371
-703
-80
267
40
-33
-154
38
743
1452
1450
1178
519
-1425
-2041
-630
190
221
949
1753
954
-475
-2062
-2170
-43
1176
57
-696
407
546
-922
-1503
-1215
-585
-78
-275
1
1098
1389
14
-650
48
45
-345
159
1159
1566
1114
473
510
825
13
-1174
-800
212
41
-496
-419
-127
87
-885
-1780
-834
9
-237
-521
-147
57
-154
-107
37
210
281
288
355
548
418
-66
-66
135
-138
-828
-775
-7
369
138
-201
-48
300
539
398
297
444
606
687
476
74
252
782
610
563
776
389
186
342
-153
-766
-411
-203
-620
-499
-191
-460
-441
-175
-580
-754
-409
-597
-753
-46
222
130
419
247
-492
-750
-372
-26
363
404
242
541
802
356
172
500
386
278
313
251
421
668
487
200
-7
-566
-771
-380
-107
-63
-49
-60
-151
-194
-518
-840
-613
-233
-277
-434
-218
186
520
330
-245
-650
-483
-111
100
431
863
1023
726
129
-341
-182
368
577
903
1312
887
537
328
-276
-590
-374
-347
-401
-13
-7
-576
-552
-377
-688
-975
-746
-416
-221
217
69
-90
300
247
-151
-352
-193
-18
74
42
-149
85
417
307
280
447
141
-185
-211
-57
338
429
215
226
230
-282
-707
-476
-31
314
521
331
66
-124
-613
-972
-789
-611
-577
-261
239
462
405
261
26
-85
-194
-222
108
472
790
762
590
126
-383
-64
188
527
1227
1324
1014
584
-81
-872
-1044
-729
-878
-740
44
146
-216
-130
-154
-327
-383
-458
-555
-35
380
-137
-121
133
-380
-656
-476
-296
56
486
528
617
941
592
-4
27
164
-42
-149
-54
366
508
227
94
-5
-243
-529
-594
-527
-225
68
-49
9
232
2
-402
-319
-108
-270
-261
-132
15
151
-46
-170
-98
-45
-81
-4
312
481
531
602
511
412
245
-131
38
482
344
441
910
701
109
-314
-749
-894
-542
-504
-563
68
517
-69
-511
-237
-233
-406
-371
-382
-15
552
334
-106
57
-140
-918
-1012
-645
-218
320
586
574
591
371
-169
-229
188
163
-38
112
348
493
302
-66
-108
32
-275
-620
-304
-93
-79
95
22
-54
115
20
-205
-92
-55
-304
-197
274
355
139
42
-19
-214
-400
-459
-230
178
445
563
657
692
559
173
-254
-111
297
307
510
929
459
-208
-390
-799
-1052
-434
46
80
579
591
-129
-204
-25
-335
-366
-82
-182
-51
399
227
-199
-297
-667
-933
-648
-367
-116
348
512
199
80
81
-110
89
456
444
345
295
171
50
-63
-109
84
24
-155
-132
-13
55
62
70
51
221
110
-285
-371
-277
-383
-452
-192
186
248
35
-163
-356
-438
-582
-544
22
626
797
802
799
664
438
59
-180
207
658
472
393
605
290
-239
-350
-417
-411
48
260
111
298
315
-285
-392
-93
-232
-260
-95
-233
-324
-164
-376
-640
-437
-490
-799
-641
-407
-279
63
260
300
556
704
471
478
616
311
100
32
-63
142
301
127
111
200
-210
-474
-248
-218
-182
233
409
152
106
-16
-521
-520
-190
-296
-292
74
38
-270
-343
-483
-615
-378
-69
60
364
579
428
347
313
246
366
473
216
141
204
-64
-121
59
-83
-40
288
54
-189
160
141
-218
38
232
-85
-91
63
-254
-383
-336
-686
-625
-168
-266
-515
-246
-248
-649
-559
-309
-35
463
709
750
946
857
238
67
172
-136
-198
39
138
291
325
-27
-90
103
-271
-545
7
335
18
135
361
41
-122
-142
-395
-299
7
-234
-348
144
154
-317
-334
-201
-347
-408
-335
-138
395
643
453
545
685
372
125
119
-100
-138
96
17
151
517
296
20
96
-149
-507
-175
192
159
323
428
89
-113
-212
-587
-702
-505
-573
-607
-247
-212
-380
-163
-147
-394
-378
-97
248
583
759
613
529
526
208
15
209
282
242
311
299
205
97
-101
-174
-96
-216
-347
-91
178
60
19
163
86
-113
-268
-295
-223
-130
-259
-343
-77
-16
-307
-438
-294
-390
-534
-283
62
289
372
237
125
263
305
228
474
676
307
58
191
160
198
360
230
135
135
-188
-334
80
238
-41
-44
42
-197
-384
-409
-488
-445
-430
-599
-437
58
57
-209
-66
-69
-338
-301
-54
209
504
571
405
446
524
148
-74
158
143
6
63
130
196
217
30
-125
-69
-146
-328
-141
128
123
90
115
68
-99
-279
-436
-366
-160
-205
-239
-2
83
-151
-339
-364
-408
-402
-163
85
245
347
259
228
447
524
351
326
300
-36
-130
65
188
407
528
299
12
-137
-365
-377
-17
66
-82
-67
-77
-299
-386
-300
-315
-287
-277
-365
-259
0
-38
-119
69
22
-214
-207
-19
148
267
290
314
464
453
150
44
143
19
-163
-166
62
278
282
255
234
117
-76
-133
-14
100
151
67
22
159
79
-245
-364
-312
-356
-396
-284
-194
-262
-358
-333
-288
-251
-160
28
216
226
34
-104
112
452
572
487
521
396
-15
-103
67
182
397
508
300
80
-86
-319
-352
-54
67
-1
135
161
-49
-130
-157
-359
-510
-500
-420
-194
12
-77
-148
-98
-297
-483
-356
-63
191
329
316
264
305
197
-14
14
77
-13
38
243
344
329
228
92
12
-147
-389
-316
49
285
334
320
212
-50
-348
-512
-449
-292
-245
-181
5
100
-77
-317
-330
-251
-284
-254
-8
289
370
201
87
183
270
251
267
396
359
82
-57
113
328
345
286
212
130
-24
-240
-204
121
258
88
-38
-6
-103
-258
-251
-175
-162
-265
-375
-285
-9
33
-60
33
56
-154
-332
-221
49
250
301
310
405
322
16
-111
-35
32
68
73
152
222
112
-49
-101
-92
-209
-241
-28
113
68
-65
-148
-155
-209
-294
-250
-35
28
-133
-171
-87
-87
-133
-118
0
76
6
-63
30
176
138
52
79
108
93
116
205
300
254
17
-98
-6
16
26
176
318
309
163
-34
-150
-85
-61
-134
-23
139
69
-50
-75
-121
-234
-334
-348
-263
-126
-91
-67
46
59
-135
-283
-205
-56
9
100
272
393
369
183
31
31
55
23
56
171
209
120
-37
-112
-119
-125
-162
-152
-77
-36
-31
-46
-44
-81
-121
-105
-98
-110
-92
-68
-45
17
43
33
19
8
12
47
88
72
37
42
39
6
52
201
323
325
255
125
-21
-55
-27
41
211
331
279
171
21
-198
-290
-179
-50
52
141
128
-27
-199
-305
-388
-383
-296
-217
-71
48
-21
-91
-100
-119
-143
-141
-32
137
247
234
188
204
168
51
15
67
100
73
19
-2
-26
-112
-212
-170
-42
-13
-38
-19
-16
-79
-134
-140
-69
19
18
1
34
30
-74
-168
-121
-57
-74
-53
28
115
97
7
-29
-18
-4
-38
1
118
214
256
242
274
239
42
-88
-39
38
96
155
250
289
182
3
-178
-172
-110
-157
-113
49
134
46
-90
-150
-238
-355
-392
-295
-40
117
102
105
115
1
-177
-197
-60
80
141
163
215
242
114
-43
-63
-23
-69
-138
-50
71
83
11
-40
-24
-49
-142
-169
-81
16
17
-9
6
27
-16
-49
-27
-21
-80
-168
-151
-52
28
59
108
149
57
-90
-128
-30
89
140
156
183
169
67
21
86
180
163
39
-1
67
77
47
95
163
118
-23
-157
-157
-47
-28
-71
-30
24
-45
-159
-139
-82
-98
-147
-179
-121
8
38
31
119
116
-20
-146
-137
-34
46
89
112
158
131
0
-50
-4
27
3
-24
-7
38
39
-8
11
43
-32
-130
-121
-75
-32
-1
3
-2
-26
-61
-92
-75
-28
-27
-51
-26
6
11
30
62
79
50
28
48
63
58
53
39
55
100
112
121
150
133
74
-3
-48
-14
15
48
111
108
50
-31
-91
-112
-106
-79
-74
-67
-18
18
9
-9
-47
-110
-168
-162
-106
-33
31
51
35
10
-60
-134
-109
-36
16
52
73
104
114
67
0
-21
-7
-12
-30
11
83
106
73
37
2
-50
-70
-72
-34
27
27
-37
-88
-86
-79
-84
-27
32
25
-8
-43
-48
-18
13
36
40
19
-1
3
32
60
52
32
33
34
23
39
83
113
85
21
-33
-47
-31
-9
38
86
94
50
-13
-50
-79
-94
-68
-28
13
25
1
-27
-42
-69
-104
-94
-62
-21
20
39
52
53
9
-43
-49
-38
-26
13
35
52
66
34
12
-4
-12
-17
-26
2
21
25
31
25
21
-11
-44
-57
-49
-30
-16
-3
4
11
-8
-44
-51
-26
-7
2
0
17
16
14
11
1
9
11
15
9
7
19
34
38
27
35
37
31
41
29
26
18
3
0
3
19
28
15
-4
-14
-32
-47
-41
-32
-24
-35
-24
-11
-5
16
14
-6
-16
-14
-18
0
5
-16
-18
-14
-16
-18
-17
-1
13
33
48
60
61
35
22
20
16
10
5
31
38
19
-2
-16
-9
-36
-64
-67
-50
-23
-28
-40
-36
-28
-38
-50
-41
-20
-9
-11
-20
-20
-16
-40
-51
-45
-33
-26
-12
29
57
65
43
27
50
60
61
66
75
88
63
35
8
-3
-17
-33
-5
26
53
50
30
-7
-26
-36
-52
-8
24
37
29
11
5
-40
-47
-52
-71
-54
-38
-6
17
21
13
-6
-9
-24
-21
18
67
93
66
25
-1
-16
-30
-42
-13
9
3
-1
-11
-4
-4
-35
-42
-35
-38
-31
-6
23
26
7
-22
-39
-37
-42
-29
-1
8
-5
-27
-40
-39
-31
-22
-9
23
30
33
52
49
42
21
2
9
21
39
44
51
55
29
15
6
23
31
29
25
14
22
21
2
3
5
-2
-4
-7
0
-8
-8
-22
-48
-62
-62
-61
-63
-33
-15
-18
-16
-22
-23
-17
-25
-23
-3
23
21
28
36
35
31
13
0
-1
11
16
12
24
13
-7
-14
-13
-7
-2
2
1
0
-4
2
-3
-4
-10
-21
-32
-25
-10
-14
-10
2
2
9
1
8
25
15
15
1
4
9
5
16
22
44
46
29
25
18
16
9
1
10
17
17
4
-2
-2
4
-5
-16
-2
-13
-25
-17
-14
-6
-21
-39
-37
-30
-21
-21
-7
6
0
-12
-20
-27
-37
-37
-38
-29
-11
-8
7
22
29
29
-2
2
18
26
38
34
23
15
8
-3
3
18
12
18
29
30
11
-5
-10
-26
-12
-7
-10
-4
-10
-9
-15
-13
-14
-13
-8
-16
-9
-14
-15
5
15
12
3
9
7
4
10
9
14
10
-1
-6
-4
10
10
9
17
19
20
2
7
24
25
11
-2
7
11
2
-13
-27
-17
-10
-21
-27
-29
-13
-12
-14
-4
4
7
8
13
10
3
0
-6
-11
-16
-16
-9
-8
-2
0
-1
7
14
15
3
6
0
-11
-3
0
10
13
6
-1
-2
-1
-14
-9
6
13
3
-14
-18
-15
-15
-15
-5
2
-2
-3
8
16
15
13
-4
-16
-12
-8
-9
7
16
4
6
2
8
20
26
26
19
5
6
8
11
17
4
0
-1
-6
-2
-2
1
-6
-18
-7
1
0
-5
-1
16
14
11
9
8
14
4
0
-10
-17
-14
-16
-13
-6
-10
-13
-18
-5
14
8
0
0
11
11
3
10
-2
-12
-23
-27
-21
-16
-10
-10
-12
-17
-13
-14
-11
-1
-2
-6
-3
1
3
0
3
4
0
-2
2
7
10
7
0
-1
12
7
-8
-1
9
10
1
1
11
12
14
17
17
16
10
8
3
-2
9
7
-10
-14
-7
-3
0
-3
0
0
-2
2
2
7
7
7
-1
-6
5
6
5
9
7
11
0
-10
2
3
-1
2
-2
-7
-10
-19
-12
3
-5
-6
-4
-7
-5
-7
-5
2
6
3
-4
-6
-5
4
9
8
5
-3
-9
-14
-18
-10
-12
-6
-3
-11
-3
-5
7
-2
-3
10
8
3
-8
-9
0
10
8
5
2
5
7
11
16
19
15
-1
-4
1
4
0
6
12
9
11
6
7
9
4
3
-5
-8
-9
-4
-2
-3
-1
-4
-7
-3
-2
-6
-3
-5
-12
-16
-7
-4
-16
-6
-4
-2
7
10
11
9
1
4
5
9
3
-3
4
1
10
12
14
14
8
3
7
10
6
1
-8
-16
-16
-11
-12
-6
-7
-9
-7
-6
-6
-16
-12
-8
-4
4
8
10
-5
-13
-12
-6
3
8
9
7
2
1
-2
2
1
3
6
11
22
16
11
4
-1
5
6
11
9
6
5
-9
-18
-18
-12
-7
-5
4
1
-5
-6
-11
-8
-4
-8
-9
-4
0
-1
-4
-3
-5
-6
-1
-2
3
11
11
8
8
8
12
10
6
5
2
8
4
-1
-4
-1
5
8
7
2
-3
-8
-7
-3
-2
-1
-1
-5
-1
0
-6
-12
-15
-13
-11
-13
-9
-7
0
1
-2
3
3
-2
-2
3
6
12
15
11
6
8
12
7
5
4
10
8
3
-5
-12
-8
-9
-11
-8
-3
1
4
4
-3
-3
-14
-10
0
3
2
-2
0
-3
0
4
1
6
9
10
10
15
14
5
1
-9
-11
-3
3
4
4
4
-5
-10
-10
-6
-4
1
15
16
8
7
6
2
6
12
13
9
1
-7
-15
-20
-15
-12
-8
0
6
0
0
-1
-3
-2
-9
-10
-8
-1
-1
-18
-10
-1
0
3
7
12
2
-5
-6
-2
-2
-11
-10
0
10
18
5
-16
-9
-4
-8
-6
-5
-6
-8
-11
-8
-3
-4
-10
-2
11
3
1
9
7
6
-1
-8
-1
11
0
4
17
12
13
9
7
7
11
6
4
9
5
-3
-6
-5
-13
-13
-5
-5
-4
-2
2
2
4
11
2
3
-4
-8
-8
-13
-2
2
7
17
19
-3
-4
7
5
1
-12
-5
-4
0
3
11
10
-3
-3
-2
15
22
12
-10
-20
1
-3
1
-1
-9
-11
-18
-5
-12
-3
-7
-22
0
-8
-5
-2
-7
6
1
5
23
29
14
1
6
-2
2
7
-1
2
-4
-6
-6
4
3
-2
5
5
3
1
8
5
-11
-10
0
7
16
3
-9
-4
-9
1
7
12
5
-7
0
-2
4
-1
-6
2
-5
-7
-7
-1
3
-7
-12
1
13
7
-2
-6
-7
-11
1
4
-3
-3
-6
-8
-8
-1
6
-5
-5
-5
2
5
3
-2
-10
0
1
-1
-3
-6
4
2
2
5
4
0
6
12
2
1
10
4
-1
3
8
0
3
14
3
0
6
8
10
-1
-10
-4
0
3
-10
-9
-4
-3
-6
-14
-2
-2
-4
-4
-3
-3
-5
4
9
8
13
12
12
8
1
-3
-4
10
21
23
9
9
1
-16
-11
-8
-2
-9
-13
-8
-9
-2
1
-7
-24
-17
-6
-13
3
4
3
-3
-12
-1
4
13
23
17
-8
-12
-9
-11
1
14
9
-5
-8
0
11
19
10
2
3
-2
-9
-10
0
-3
-10
-6
-5
-1
-7
-4
14
14
4
1
9
10
-4
-8
-4
0
0
-2
4
16
8
-7
-3
7
3
-6
-2
-4
0
-4
-11
2
10
5
3
1
2
15
4
-12
-2
6
3
4
-6
-5
-3
-10
-2
11
10
-10
-13
-9
-3
5
-3
0
2
-6
0
7
10
22
15
6
10
1
-12
-10
7
6
6
19
10
1
-1
-7
-8
-11
-7
6
-17
-28
-22
-16
3
-3
4
13
20
17
6
-8
-38
-33
-20
-8
3
2
-3
-20
-19
-11
-6
23
26
15
11
-10
18
40
37
23
-11
-26
-13
3
2
7
-8
-40
-30
-7
23
31
-2
-9
-13
-7
-10
-40
-12
12
2
-7
-2
1
8
21
-10
-24
-5
0
35
32
7
5
3
8
5
30
51
21
1
0
-19
-11
-6
-5
8
3
-29
-20
-5
7
14
2
29
19
2
-12
-14
-7
-4
-13
-35
-10
-21
-14
20
20
20
-12
-40
-25
5
29
32
10
-12
10
10
10
23
15
6
-4
-3
3
-9
9
18
1
-17
-24
9
30
14
1
-3
18
21
-10
-18
-2
-3
-30
-27
-10
-7
-10
-17
-6
17
5
-27
-15
8
7
-38
-30
15
6
-4
-20
-30
-9
16
11
15
28
19
-9
-15
-2
27
33
4
-1
6
12
11
7
-2
12
16
-15
-29
-19
-16
-16
-8
-6
5
14
6
-16
-31
-7
29
34
-1
-5
15
0
-3
-8
0
14
4
8
10
24
11
-6
5
1
8
10
4
-21
-31
-10
3
21
14
-18
-29
-20
-8
8
18
5
-5
3
14
11
-5
2
13
5
-21
-4
8
0
-4
-16
-19
-6
1
-22
-11
10
6
4
9
-6
-5
29
30
6
-2
4
2
0
11
19
5
-6
3
11
7
10
15
5
-1
7
11
13
-9
-21
-11
-15
-12
-5
3
13
-4
-20
-9
1
10
-4
-12
0
-4
-2
13
14
13
23
-10
-40
-17
7
1
-9
-8
-3
-4
-12
-13
7
20
20
10
-11
-5
-3
-12
-15
2
14
6
10
10
6
2
12
7
2
0
-14
-9
-10
-8
-4
-12
-6
13
8
-5
-1
-4
-13
-10
-5
-14
-2
-2
-18
-13
-2
3
7
19
21
15
21
14
7
4
-8
0
2
-4
-18
-16
-1
2
9
9
5
2
-19
-24
-11
-9
-18
-17
-15
-16
3
15
15
6
-9
-16
-7
6
-5
-17
-19
-24
-18
3
17
17
9
-6
-15
-4
7
12
9
13
12
-7
-11
2
1
5
9
15
15
-6
-7
-3
-4
4
3
-9
-1
2
4
5
-10
1
13
10
5
-4
-9
-20
-14
-3
-4
-1
0
0
-5
-1
-11
-8
5
-11
0
12
7
-6
-18
-15
9
11
-2
3
-1
-1
0
9
10
25
33
26
20
18
7
-10
-11
-3
-4
-7
-5
-6
1
-4
-10
-14
-15
-9
-22
-19
-11
-18
-7
-7
-11
-6
6
0
-11
-4
8
43
47
27
15
3
9
16
19
12
2
8
7
1
12
26
15
1
-5
5
12
11
-3
-21
-29
-23
-6
-8
-10
-12
-12
-15
-12
2
14
22
13
-6
-14
-14
-11
-3
-3
-3
6
8
6
10
11
11
11
4
-3
-11
-4
-3
-7
-5
0
-3
0
8
13
13
3
10
12
1
2
-4
-6
-3
-1
10
8
6
2
3
4
2
-2
-7
-7
-5
-4
-3
3
9
9
7
8
2
3
6
5
3
3
7
6
5
8
4
1
-4
-9
-9
-5
0
-1
-7
-13
-12
-13
-13
1
5
2
1
-3
-9
-5
-6
-6
-2
-8
-5
-4
-2
1
7
4
1
2
-2
3
6
6
5
-1
-4
-4
1
3
2
2
1
-6
-7
-3
-7
-8
-3
-2
-4
-5
-5
0
3
5
3
4
4
5
6
3
3
5
4
1
1
1
2
2
-1
-1
-2
-2
0
-2
-3
2
4
2
-4
-9
-11
-7
-4
0
4
11
9
2
0
-3
-1
-3
-3
-4
2
-3
-12
-8
-6
2
6
-1
-7
4
8
5
11
11
13
12
7
-2
-11
-12
-13
-12
-10
-6
-10
-10
-11
-13
-12
-16
-14
-13
-8
-4
-2
2
1
4
3
1
7
11
8
3
2
3
5
7
4
3
8
7
3
-1
-1
1
-5
-7
2
6
6
5
1
0
1
0
-6
-1
9
9
-2
-6
-1
3
6
6
-3
-7
-1
4
1
1
6
3
3
1
5
7
8
9
4
-6
-3
5
1
0
0
-1
-5
-9
-7
-2
-7
-14
-15
-15
-9
-7
-6
-2
10
14
6
0
5
8
0
-1
-2
-3
-2
-7
-8
-3
2
0
-3
1
4
8
7
7
3
1
-3
-3
-4
-5
-5
-9
-6
-8
-6
-3
0
-1
-3
5
8
9
7
1
2
-2
-4
4
11
8
6
3
0
1
3
3
1
3
1
-2
3
8
3
5
3
0
0
1
4
3
-3
-8
-1
7
7
6
2
-7
-6
-5
-6
-3
1
-2
-3
-6
-8
-9
-9
-4
2
7
-1
-7
-9
-6
1
4
6
7
13
7
4
-3
-1
6
4
4
4
6
6
6
6
4
2
1
0
2
-2
-8
-9
-8
-7
-6
-2
-2
-1
3
-1
-2
1
0
-1
-1
-1
3
1
-1
1
6
5
9
15
13
9
9
6
7
3
2
-1
-4
0
1
4
2
2
0
-3
-1
0
2
-6
-11
-13
-10
-6
-6
-3
-4
-6
-6
-7
3
7
0
-9
-10
-2
2
0
-6
-1
8
7
1
-2
1
3
1
0
2
-2
-4
-7
-11
-5
-1
0
0
-4
0
6
5
0
-2
0
-1
-6
-11
-11
-10
-13
-10
-6
-3
-3
0
-3
-2
-1
-5
-1
0
4
6
3
5
4
4
2
0
-1
-1
1
2
4
0
2
4
10
14
8
7
10
12
11
8
3
3
6
3
3
-3
-5
-7
-8
-5
-4
-4
-7
-4
-2
-3
-1
-1
-3
-4
-3
1
5
1
5
10
6
1
-9
-8
-8
-7
-1
4
10
8
1
2
4
6
4
-4
-7
-9
-10
-8
-6
-5
-5
-8
-7
-4
-3
1
3
3
1
0
0
-2
-1
-3
4
8
6
8
8
7
5
3
3
3
3
2
0
-4
-5
-5
-5
-8
-10
-6
-7
-3
4
3
-1
0
1
4
7
4
9
8
10
13
10
6
8
5
4
4
2
9
13
12
9
10
8
0
0
-6
-7
-5
-8
-9
-10
-6
-3
-3
-3
-1
-1
0
2
-2
-9
-14
-14
-14
-9
-8
-4
0
2
9
7
4
1
-5
-10
-14
-10
-10
-6
-1
1
6
8
11
12
13
12
4
0
1
0
-2
-2
-3
-1
5
9
8
5
4
1
-3
0
2
-1
1
9
12
5
5
1
-1
0
-1
-1
-3
1
1
0
-4
-7
-2
-2
-1
0
-3
-4
-5
-2
-4
-7
-7
-5
-5
-9
-8
-2
3
5
2
-4
-4
0
4
2
4
8
10
7
2
1
-1
-9
-15
-13
-3
9
11
7
7
4
2
-2
-7
-6
-6
-3
2
-1
-5
-6
-1
1
-3
-4
-4
-9
-6
1
3
7
6
-2
0
9
14
17
12
12
10
10
10
7
0
0
3
1
1
2
-3
-4
-7
-3
2
1
2
-1
-5
0
1
-2
-5
-1
-1
-1
-3
-5
-6
-8
-6
-8
-9
-5
-4
-6
-5
-6
-6
-5
-3
-1
1
2
-2
-3
2
4
7
9
4
-3
-1
2
2
4
6
8
11
6
3
1
1
3
5
7
5
6
10
5
-3
-2
6
11
6
-3
-9
-9
-2
2
-3
0
3
6
5
0
-5
-6
-4
-5
-4
-6
-9
-3
-6
-1
8
7
6
2
-2
-2
-2
-4
-5
3
1
-2
-3
-8
-2
2
6
6
5
2
-4
1
-3
-6
-6
-9
-7
-8
-4
0
5
8
5
8
3
1
3
-1
0
5
3
-3
-3
-4
-1
4
4
3
6
4
-6
-8
-6
-8
-10
-12
-8
-3
-5
-2
-1
-6
-3
-3
-1
1
1
2
0
-1
2
4
1
-6
-7
-9
-5
-2
-1
3
3
7
12
12
7
0
-4
-4
-2
-3
-4
-3
-2
1
3
-1
-3
-4
3
10
8
4
0
-3
0
-2
-5
0
2
4
-2
-2
0
-6
-6
-4
-1
-2
2
6
0
-1
-1
-2
2
-2
-6
-7
-5
-3
2
4
7
9
6
2
5
8
6
1
-3
-1
-2
-5
-1
1
-3
1
4
-2
1
6
-2
-9
-5
1
3
3
5
-1
0
0
0
3
-1
5
-3
-5
7
13
13
8
8
6
1
-4
-8
-4
-4
-2
3
4
3
0
2
5
8
9
5
4
4
0
-3
1
2
-1
-3
-7
-5
1
9
6
8
6
2
0
-7
-2
-2
-6
-4
2
3
-4
0
7
5
7
14
7
-4
-5
-9
-6
-4
-5
-10
-12
-5
-2
-3
2
0
3
2
-1
-1
-3
-5
-6
-4
-2
-3
0
1
-1
1
1
0
6
8
7
4
0
1
-4
-3
-2
-6
-3
1
-1
-2
1
0
-7
-9
-9
-14
-6
-1
-4
1
3
8
12
10
9
8
7
5
1
1
1
-5
-7
-8
-7
-4
-4
-4
-7
3
4
0
-4
-4
-4
-6
-5
-5
-4
-5
-7
-7
-2
-2
-9
-2
-3
-2
1
0
7
5
1
1
5
12
11
7
1
2
6
9
11
11
6
-2
-8
-10
-3
5
4
6
3
-5
1
4
1
-1
2
4
4
-1
0
3
8
8
3
6
2
-1
-1
1
-2
-3
-3
-2
-3
-5
4
-3
0
5
0
-5
-2
-3
-9
-7
-4
-3
-5
-2
0
-3
-5
-2
5
3
3
1
-3
-6
-6
-7
-13
-8
-8
-14
-6
-2
4
0
-4
-2
2
6
0
-3
-4
1
3
5
7
7
9
6
9
12
9
4
0
-5
-4
-2
6
7
5
7
4
2
0
-4
-6
-5
-4
-9
-10
-2
2
0
3
3
5
6
3
-1
2
1
-5
-11
-15
-5
-3
-5
1
2
-3
-5
-4
-10
-12
-6
-10
-9
2
2
3
9
10
3
6
6
-3
3
3
5
11
11
9
9
9
-2
1
1
-6
-2
-1
-5
-3
7
5
-7
-5
2
2
-1
0
-1
-2
2
-3
-2
0
1
2
4
10
13
15
15
17
15
19
11
-1
-10
-16
-17
-9
-3
-5
-5
-3
-4
-8
-2
4
-1
-5
-7
-5
-9
-3
-2
-4
2
4
2
3
3
0
-1
1
2
3
-1
-5
-3
-7
-6
0
3
4
2
4
5
5
4
-2
-7
-2
1
3
3
3
4
1
9
4
-4
2
-1
0
-4
-1
1
-2
4
7
2
5
3
-2
-6
-6
-1
0
3
-4
-9
0
3
12
11
6
10
5
0
-4
-1
-6
-9
-6
-10
-11
-9
-7
-6
-9
-1
1
1
11
7
4
4
-4
-3
-6
1
9
5
4
3
3
6
8
10
8
9
7
0
-1
4
9
3
4
-2
-9
-6
-4
2
6
1
-5
-8
-7
-3
2
1
-8
-9
-8
-10
-3
0
6
19
17
9
4
-11
-9
0
3
4
5
1
-4
-9
-11
-2
-1
6
6
4
4
4
-2
-12
-5
-10
-13
-4
-4
5
5
2
-2
-7
4
6
2
5
0
-1
-6
-9
1
-2
0
-6
-5
-4
-3
-2
-5
-8
-10
-11
-8
-3
4
-1
-3
1
7
3
2
2
-2
5
5
-1
-4
-5
-6
4
11
8
9
7
1
-2
-6
-18
-13
-7
-10
-11
-2
-7
-9
2
-3
0
-1
-3
-10
-12
2
2
0
-3
-4
2
-5
-1
9
5
11
15
6
10
15
12
10
6
6
5
-4
-6
-6
-8
-5
-4
-4
0
7
6
-4
-2
-2
-7
2
2
-3
-9
-13
-4
-2
3
3
4
12
11
15
19
10
6
5
1
-1
-1
1
0
10
13
8
2
1
5
5
6
2
3
4
-2
-4
-7
-9
-5
-1
3
0
4
4
-4
-7
-11
-10
-2
-1
-3
-5
-4
-3
0
0
-3
5
0
-1
6
-4
-3
-6
-7
-8
-13
-4
-2
-7
-3
-3
-4
-3
-4
-13
-12
-1
-3
0
6
3
2
4
0
2
11
11
3
5
-2
-3
3
-1
-3
-5
-4
2
10
8
7
5
3
-2
-6
-1
-4
-4
-1
-1
1
7
7
6
10
11
8
10
8
5
4
1
2
-2
-5
-8
-7
5
6
10
10
1
6
-1
-1
2
-1
3
-5
1
8
6
11
10
10
9
5
-1
-4
-4
-5
2
0
-4
4
0
-1
10
7
7
1
-8
-13
-14
-5
-8
-12
-6
-10
-4
3
2
5
0
-15
-16
-11
-5
2
3
-1
-4
-6
-8
-2
-2
0
1
-2
-8
-9
-4
-4
-1
0
-5
-6
1
-8
-11
-4
0
8
5
8
7
0
3
2
0
-5
-9
-4
-3
1
4
3
4
0
1
5
11
15
4
-1
-4
-8
-5
-5
-7
0
2
-1
0
8
13
14
22
3
-3
2
-7
0
-11
-11
2
0
6
2
1
-2
-5
-5
-12
-10
-7
-7
-12
-13
-8
0
6
0
6
8
8
11
7
8
2
-6
-9
-6
2
11
14
12
10
4
2
-2
-5
-6
-9
-3
-2
-6
0
4
7
2
-5
-4
-8
-1
-5
-6
-3
-4
2
3
3
1
7
12
6
3
7
10
10
3
-8
-5
-2
-1
0
8
9
0
4
-3
9
11
12
12
3
1
-3
1
3
2
6
5
4
1
-2
-2
-1
1
-8
-8
-4
-4
-1
-4
-1
1
-5
-8
-12
-15
-9
-8
-6
-5
-12
-4
-5
-4
7
1
-2
-3
-3
-3
-5
-2
2
-2
2
1
-10
1
4
-2
1
-2
2
2
0
-5
-9
1
-2
-1
3
0
2
4
0
0
2
2
0
-10
-6
0
6
8
-4
3
9
9
7
4
1
-2
1
-6
-8
7
3
1
-3
-6
0
-5
-3
-2
5
5
5
2
-1
8
11
13
11
9
15
6
3
6
0
-5
-10
-10
-9
2
5
4
4
0
-5
-8
-4
2
5
2
-2
-1
4
6
-2
5
3
5
11
-1
1
8
0
4
8
3
2
-7
-4
-5
-1
9
2
-6
-10
-4
-1
-9
-15
-11
-4
7
5
-7
-6
-10
-5
-2
-12
-1
7
2
-3
-10
-5
-2
2
3
-3
10
5
0
-2
-15
-3
2
2
8
12
19
12
15
12
1
10
0
-6
0
2
7
6
1
-1
-3
1
-3
-1
0
-4
-7
-9
-7
-8
-2
5
7
7
3
-1
0
3
-9
-5
4
-4
-3
-4
3
8
8
15
-1
-1
4
0
2
-1
-7
-4
-2
-3
0
2
-4
-1
11
4
12
11
-2
6
-9
-10
-9
-16
-4
-14
-5
-2
-6
0
-5
9
6
4
11
-8
-7
-16
-18
-16
-19
4
8
1
-2
-4
3
3
9
1
-13
8
10
7
6
0
5
-3
10
15
8
15
3
-6
-4
-9
-1
-7
-4
-4
-10
-2
1
-1
-5
-5
5
3
6
5
3
2
1
2
-2
-5
2
1
-6
-5
-12
-4
-6
-4
3
-3
7
2
-9
1
9
10
5
-1
3
1
0
-4
-15
-1
-1
-4
-2
-6
5
4
4
3
-4
9
3
5
2
-12
2
-7
-3
9
-7
1
-4
-7
-1
-3
15
-6
2
8
-8
8
-7
3
-1
-10
10
-4
14
5
-8
14
-5
9
1
-10
3
-15
11
-2
-5
18
-11
7
-8
-16
9
-6
14
-4
-9
8
-13
-3
-7
-6
13
-5
3
1
-10
11
1
11
10
3
17
-5
-3
-1
-13
1
-8
-3
-3
-7
3
2
6
6
11
12
8
3
-4
-6
3
4
-7
3
2
2
5
-8
7
2
4
6
-5
8
3
3
-12
-15
3
-3
6
1
-7
-4
-7
-1
-4
-2
11
-2
9
9
3
8
-5
10
1
-3
7
-16
-5
-9
-11
7
-15
0
-11
-6
11
0
15
-2
-2
-2
-18
8
-8
-4
1
-8
15
-3
7
8
-3
15
-7
-5
-2
-20
-4
-11
-5
0
-9
3
-5
10
10
-1
3
-12
0
3
-5
0
-10
-8
-3
-6
8
1
7
17
0
6
3
0
3
-3
7
4
2
7
-7
3
-1
-5
4
-8
2
-2
-8
4
-9
1
6
8
15
2
12
3
-3
6
-4
8
9
1
4
-13
3
-3
-8
11
0
14
8
-3
13
1
10
1
-11
9
-7
10
11
-7
10
-5
-3
-8
-14
8
-9
2
-5
-18
5
-1
11
6
1
15
-8
-2
-3
-11
1
-9
-3
-1
-8
1
-9
-5
2
-3
-1
-7
-4
-1
-10
2
0
5
0
-4
4
-7
-2
-9
-6
4
-1
9
-1
4
4
-6
4
0
2
10
2
7
2
1
8
-2
2
0
1
-3
-14
0
-6
-5
5
-4
5
-1
1
1
-8
9
-4
-6
3
5
15
7
4
6
-5
6
-5
-9
0
0
6
-7
-12
-3
-8
-5
-5
0
10
3
10
6
-3
3
-7
-10
-14
-10
-2
-17
-2
6
1
15
2
-1
4
-3
2
-5
-9
-15
-20
-6
-11
-2
4
0
2
-8
5
10
5
10
-2
1
8
-4
5
-6
-3
3
-7
5
0
13
18
12
23
19
14
19
9
-1
-3
-12
-14
-12
-7
-4
3
2
-6
4
-1
4
8
4
7
-1
1
4
-4
0
-2
1
5
-2
5
2
4
7
1
3
-9
-11
-9
-9
-2
-1
5
3
3
-2
-7
4
0
-1
-3
-13
-5
-5
0
5
2
3
2
2
0
2
6
0
-2
-3
-8
-8
0
4
2
0
-3
-4
0
1
4
6
2
1
4
-2
-3
-3
-5
1
1
-2
-2
-1
-3
-7
-11
-7
-7
-1
0
0
-3
0
3
0
2
0
2
6
-4
-4
-9
-12
-3
-8
-1
6
3
9
-3
-2
9
6
7
10
9
3
1
-2
-1
-2
4
12
10
12
13
12
15
8
1
1
-5
-2
-2
-5
1
2
0
3
3
-4
-9
-1
5
2
-7
-16
-12
-8
2
2
-2
2
1
4
4
2
2
1
0
-5
-4
-7
-4
1
-4
-5
-4
-4
-3
-4
-5
-8
-1
1
0
1
-1
3
1
-2
-1
5
10
13
11
3
-3
-3
-4
-2
0
-2
5
1
-3
-4
-8
-6
-2
9
10
0
3
1
-3
-1
-2
-2
2
-2
-2
1
0
6
8
1
2
-1
-2
-2
-4
0
3
-1
-3
-5
-8
0
2
-1
-8
-13
-8
-13
-6
-3
1
10
1
1
1
5
16
15
12
6
2
3
-5
-4
-4
-5
1
-3
2
-2
-7
-4
-5
1
4
-1
-2
-4
-1
2
-2
-3
-8
-10
-6
-3
4
12
6
-2
-3
-5
-5
-6
-4
0
3
4
-1
-4
-2
-3
-7
-5
-3
1
5
1
-1
2
4
11
10
2
7
1
-4
-2
-2
4
3
6
3
-6
-2
3
0
-8
-7
-8
-2
1
-5
-2
-4
-1
5
1
6
6
5
1
3
10
10
5
4
5
0
10
10
4
7
4
5
0
0
-1
-3
0
-3
2
2
11
11
5
8
6
2
1
0
3
6
5
6
3
0
2
-4
-4
-8
-12
-6
-4
-3
3
-6
-12
-12
-9
-1
2
4
3
-2
-1
0
-1
1
-2
-4
-3
-4
-8
-2
-1
2
7
7
4
-1
-5
-4
-3
-3
3
2
8
3
0
1
-3
0
-4
-3
-3
-7
-5
-3
5
-3
-10
-4
-10
-7
-1
-3
-1
-2
1
-1
-3
0
-4
-3
-1
3
5
7
7
8
7
9
5
2
1
1
0
-7
-8
-10
-11
-3
2
6
2
0
4
-3
-5
-11
-14
-9
-6
-6
-8
-10
-10
-6
-2
4
9
4
4
5
0
-1
2
0
-5
-10
-5
2
0
4
8
3
3
4
7
3
6
6
-1
-3
2
7
8
11
10
6
8
8
6
5
-1
-5
-2
2
6
4
1
5
2
-3
-2
-4
-9
-10
-13
-14
-11
-5
-4
-9
-9
-10
0
2
4
9
2
0
6
7
10
10
11
6
2
4
6
6
2
3
3
2
4
-2
-7
-4
-6
-9
-13
-8
-4
-2
6
-1
1
5
7
9
2
4
5
1
1
-2
-4
-4
-2
-5
-10
-11
-7
-2
-2
-6
-8
-8
-10
-11
-7
-1
0
-1
3
2
1
2
0
2
7
5
0
5
9
9
13
13
8
5
2
-3
-4
5
5
-4
-5
-9
-11
-13
-8
-1
1
-2
-7
-9
-7
-6
-3
-3
1
8
6
1
-3
7
6
2
5
-2
-4
-4
-6
0
5
6
7
5
5
5
3
2
3
-3
-2
7
5
5
-1
6
12
6
5
-2
-3
-4
-7
-7
1
-1
4
4
-3
3
0
1
4
2
3
6
1
-4
2
3
1
0
-3
-6
-2
4
15
12
7
3
-1
13
11
3
4
-3
0
6
7
4
0
0
3
-1
-8
-7
-6
-8
-9
-9
-6
-1
1
3
2
0
3
-1
-5
-10
-13
-7
-7
-6
-2
-2
-2
-1
-2
-3
-3
-6
-3
-2
-2
-2
-3
-8
-11
-1
6
6
8
-1
-1
0
-2
1
1
5
6
3
