-6
-6
-3
-5
0
9
12
10
7
1
-6
-14
-16
-14
-12
-7
-9
-5
1
-3
-5
-6
-6
-3
5
7
9
6
1
-5
-7
-2
-1
0
-2
-6
-2
-3
-5
-4
-2
2
5
8
4
0
-2
-4
-3
-4
-5
-6
-1
4
6
2
0
4
1
-5
-4
-2
-4
3
4
5
7
3
-1
1
2
1
2
-6
-11
-5
-7
-5
1
4
2
-1
7
6
2
2
1
-4
-5
-1
1
8
10
11
11
11
10
8
5
3
5
1
-9
-12
-11
-9
-2
-1
-2
-6
-6
-5
-4
-4
-3
4
5
1
-2
-2
-2
1
3
3
4
4
0
0
2
4
4
3
-1
-5
-3
0
1
-1
-2
2
6
7
10
12
10
6
4
4
5
4
2
0
-2
-2
-3
-5
-6
-1
-2
0
0
-5
-3
-2
-1
1
2
8
11
9
8
2
-4
-3
-5
-9
-10
-6
-5
-7
-7
-2
6
10
12
7
4
-1
-1
0
1
4
5
1
-1
4
6
10
13
11
5
4
1
0
2
0
-3
-8
-10
-8
-5
-5
-8
-9
-4
-3
-3
0
2
3
2
2
-3
-7
-4
-4
-7
-9
-8
-7
-8
-7
-6
-5
-2
-4
-6
-1
2
1
2
2
1
-1
-1
-1
-1
-3
-4
-1
4
3
2
2
3
1
1
-2
-2
-1
1
5
3
6
0
-4
-4
-5
-5
-4
0
2
-3
-6
-6
-2
0
1
8
9
11
11
10
5
-2
-4
-3
-1
0
3
6
9
15
17
15
11
6
4
-3
-11
-17
-17
-9
2
6
2
1
2
4
7
7
10
7
0
-5
-5
-6
-7
-2
-3
-3
4
4
4
1
0
-3
-9
-10
-13
-14
-10
-10
-12
-13
-8
-4
3
5
3
2
0
-2
-3
2
6
-1
-7
-9
-10
-4
1
7
9
12
12
10
6
1
-1
-3
-3
-2
3
7
4
4
4
4
0
-1
-4
-4
1
0
-4
-7
1
2
-1
1
5
7
3
2
-2
1
6
7
11
11
12
12
9
4
-3
-4
-5
-2
2
1
0
-3
-3
-2
-2
-3
-2
2
7
8
5
2
-4
-8
-7
-7
-7
-5
-9
-8
-10
-10
-6
3
9
11
13
10
2
-5
-7
-9
-8
-5
-5
-2
-5
-6
-3
2
5
11
13
9
5
2
1
-2
-5
-8
-9
-12
-13
-13
-6
-2
2
3
4
6
4
6
0
-7
-4
-8
-7
-8
-7
-3
2
7
5
9
13
13
10
9
5
5
8
5
5
7
6
2
-3
-1
-2
1
8
6
2
2
2
2
1
-1
3
4
0
-2
-4
-4
-8
-7
-7
-10
-11
-8
-7
-4
3
4
2
1
-2
-3
-2
1
0
-3
-1
3
-1
-3
-1
-2
-5
-7
-4
-2
-4
-1
5
1
1
7
6
6
2
1
-3
-2
-3
-6
-6
-4
0
-1
-2
-4
-1
-1
1
2
2
-3
-10
-7
-4
1
8
12
10
7
1
-3
-3
-1
2
5
6
8
6
-1
0
2
-1
5
5
-1
-4
-5
-11
-15
-15
-14
-7
-2
1
1
1
0
2
7
8
6
9
9
2
1
-1
-3
-1
-1
3
8
9
6
1
-4
-4
-1
4
8
7
4
1
-4
-5
-2
-1
-2
1
5
6
5
-1
-2
-6
-6
-6
-11
-16
-15
-11
-4
1
4
7
6
10
14
15
12
8
5
-2
-2
2
2
0
-5
-9
-8
-5
-3
-10
-13
-11
-9
-8
-7
-9
-5
1
7
9
10
10
10
16
15
11
6
4
-1
-1
-1
-1
0
2
0
-3
2
9
7
5
7
5
4
3
2
-2
-4
-8
-7
-6
-5
-8
-9
-5
1
6
1
-6
-6
-4
0
5
8
7
3
-1
-2
-4
-9
-11
-7
-4
0
3
3
3
3
2
3
3
6
7
11
6
4
4
3
5
2
3
4
5
5
6
2
0
-1
-2
-7
-15
-13
-7
-5
-2
-5
-6
-7
-10
-7
-5
-2
1
5
9
7
2
1
0
3
4
1
-1
0
-4
-3
1
3
2
-1
-1
0
6
4
-2
-8
2
7
-1
-6
-13
-6
0
-2
-4
-11
-10
-6
0
5
6
1
-9
-11
-5
0
-2
-4
-6
-3
-3
-3
-2
-1
4
4
5
0
-2
0
3
-2
-6
-2
1
5
5
7
7
4
-1
-4
-7
-1
7
3
-1
-4
-5
-4
-6
-6
-12
-15
-12
-12
-13
-11
2
10
9
6
8
11
6
3
5
4
2
-2
-3
3
3
-1
0
-3
-6
-9
-17
-8
-3
2
8
8
14
12
5
5
2
-1
-4
1
0
-4
-3
-2
3
6
6
10
9
9
9
8
6
8
8
6
9
9
6
-1
-7
-3
-2
-1
-1
0
4
3
2
2
1
7
10
9
5
0
-5
-7
-5
-4
-2
-1
-1
0
4
4
5
5
-2
-1
0
-3
-4
-2
1
0
-4
-4
-1
1
2
-2
-7
-8
-7
-7
-4
0
0
-1
-1
0
-2
1
2
3
1
-3
-2
-4
1
-1
-8
-12
-11
-6
-4
-1
3
-2
-3
-2
-6
-9
-8
-3
-1
2
5
6
9
10
8
4
3
8
7
8
7
4
6
4
1
-3
0
4
5
6
9
10
11
6
2
-1
1
3
1
0
-3
-1
8
10
5
-3
-13
-17
-13
-11
-10
-9
-5
2
2
1
0
3
3
2
5
4
2
-6
-6
-5
-4
-4
-5
-3
-3
-1
3
5
6
5
2
0
0
-2
0
1
-3
-8
-11
-9
-5
-6
-4
1
5
10
8
3
-6
-8
-10
-12
-10
-6
-3
-7
-4
0
3
7
9
7
5
1
0
2
4
5
8
7
1
0
1
-1
-4
-3
-5
-3
-3
-3
-6
-4
-1
-5
-4
-3
1
-1
-2
4
4
-1
-2
-2
-2
5
11
11
7
5
6
2
0
4
7
7
9
5
1
1
1
2
2
-1
-3
1
5
4
4
-1
-2
3
-2
-6
-9
-8
-12
-15
-7
-3
-5
-9
-11
-10
-4
-2
-1
2
2
-1
-6
-7
-5
-4
-1
5
9
10
10
8
6
6
8
7
4
6
5
2
3
3
5
5
2
0
0
-1
1
3
0
-8
-8
-8
-9
-5
-2
4
3
0
-2
-3
-4
-5
-8
-3
1
2
0
-4
1
0
0
2
4
0
-1
-3
-2
3
2
-2
-6
-8
-6
-1
3
1
-3
-4
-7
-6
2
3
2
-1
-3
1
2
4
8
7
2
2
3
-1
-3
-3
-6
-9
-7
-5
-4
-2
1
3
2
5
7
4
-1
-3
-5
-7
-3
-1
-2
0
2
3
0
-3
-3
-3
0
4
3
0
1
1
1
1
2
1
0
-1
-2
-5
-10
-13
-11
-6
0
3
1
-2
-5
-5
-1
2
1
3
3
4
7
8
7
5
3
4
6
10
9
8
1
3
4
2
6
8
7
5
3
-2
-4
-3
2
6
7
7
8
3
2
7
3
2
5
8
3
-2
-3
1
3
6
1
-3
0
-1
-3
-2
-1
-2
-8
-10
-11
-10
-4
4
8
6
5
3
-1
-2
1
1
-1
0
0
0
-2
0
2
0
1
-2
-2
-2
-1
-4
-8
-9
-6
-3
-1
-1
0
1
4
7
6
1
-1
-7
-7
-2
6
7
5
2
-6
-5
1
6
7
5
5
5
1
-4
-4
-6
-8
-6
-7
-10
-7
-3
-3
-5
-2
0
0
2
5
6
4
9
14
11
10
12
10
5
10
9
5
2
-6
-4
-3
-5
-1
-1
0
-2
-9
-9
-8
-1
-4
-7
-5
-6
-8
-11
-14
-16
-14
-11
-15
-19
-17
-11
-4
-3
-6
-2
0
2
5
3
4
2
2
5
8
10
10
9
7
9
12
10
7
7
7
8
6
4
5
2
0
2
4
6
6
4
1
-2
2
-1
-1
-3
-4
-5
-4
-5
-9
-6
0
-1
-1
-1
2
4
2
3
-1
1
8
3
0
3
5
6
3
6
7
7
9
5
6
7
7
4
-2
-5
-8
-4
-2
-2
-3
-7
-4
-8
-8
-1
3
3
-1
-6
-11
-9
-6
-5
-2
-2
-3
2
0
-3
-7
-11
-10
-11
-11
-10
-4
-4
-9
-9
-13
-12
-5
-1
3
6
6
5
4
5
3
4
1
1
2
2
3
4
1
-2
-4
-3
-5
-3
0
1
-3
-7
-6
-5
-3
-2
-2
0
-1
0
3
3
1
3
5
3
5
8
8
3
0
-2
-2
-2
-2
5
8
8
10
9
5
5
5
0
-3
0
1
-4
-2
1
7
10
11
9
4
5
6
5
2
4
9
9
9
6
5
9
10
11
9
6
4
-3
-6
-2
7
7
4
3
2
-3
-4
-2
-1
2
3
4
4
6
6
3
5
4
6
5
5
1
-1
-1
-2
-4
-9
-11
-10
-6
-4
-7
-6
-4
-5
-3
-5
-8
-6
-2
-3
-4
-6
-9
-8
-1
-2
-3
-4
0
4
0
-5
-8
-5
-4
1
5
3
5
10
7
-1
-1
2
5
8
10
6
2
-2
-3
-7
-5
0
4
7
9
6
1
0
-2
-5
-7
-6
-2
0
0
-3
-5
-6
-6
-8
-11
-12
-9
-11
-10
-2
0
1
4
2
0
-3
-5
-3
-4
0
0
5
8
6
5
-2
-3
-7
-12
-8
-7
-5
-5
-3
1
2
2
2
3
7
6
4
4
4
10
6
5
6
2
-1
-3
1
0
0
1
-1
-1
-4
-2
-1
-2
3
6
6
1
-7
-10
-5
5
9
4
-3
-7
-5
-8
-9
-5
-5
-5
1
7
10
9
13
10
3
6
3
-2
-8
-10
-3
-3
-2
-2
-1
8
9
12
7
3
0
-3
-6
-10
-13
-14
-10
-6
-2
3
5
6
11
14
13
7
-3
-13
-21
-15
-12
-17
-12
-5
0
4
12
17
15
14
10
4
2
-2
-6
-11
-9
-2
-1
0
3
4
10
14
12
10
5
3
-6
-12
-13
-22
-20
-14
-7
2
9
18
21
15
18
11
4
1
-9
-17
-24
-23
-18
-18
-7
-1
2
15
19
19
17
16
8
0
-4
-13
-19
-18
-14
-10
-4
8
11
17
21
17
17
9
3
-1
-10
-7
-9
-9
-8
-9
0
5
12
18
11
7
-1
-12
-12
-17
-17
-20
-15
-4
0
12
16
19
25
17
10
-6
-19
-13
-28
-29
-19
-12
2
-2
8
16
34
59
49
39
13
-13
-25
-38
-44
-53
-53
-49
-32
-3
20
38
53
67
69
62
41
11
-19
-54
-63
-73
-80
-70
-56
-25
0
36
73
97
119
104
66
33
-5
-41
-73
-97
-110
-103
-77
-46
-8
30
73
105
117
107
85
60
11
-42
-75
-101
-112
-107
-89
-51
-9
36
63
81
107
103
89
53
-5
-40
-79
-96
-98
-92
-47
-20
14
44
52
83
87
87
58
13
-5
-47
-71
-88
-100
-66
-39
1
25
37
76
75
84
69
34
14
-27
-52
-83
-86
-66
-62
-20
2
20
57
67
84
78
58
33
-8
-15
-41
-66
-64
-77
-61
-38
-16
15
32
59
66
59
47
32
21
-5
-32
-47
-61
-58
-35
-31
-11
12
11
23
27
27
37
22
16
-2
-20
-13
-29
-22
-11
-19
0
5
9
25
16
22
13
2
-1
-21
-10
-16
-10
9
2
23
26
10
6
-12
-5
-7
-14
-15
-28
-12
-10
-4
16
11
7
14
20
32
30
13
-6
-39
-49
-29
-25
6
15
-9
-5
13
42
56
46
29
-2
-14
-13
-29
-29
-39
-47
-30
-16
7
20
24
19
5
15
13
26
32
-3
-20
-36
-39
-18
-5
2
-24
-23
-8
-10
30
24
-2
2
12
34
24
24
2
-31
-7
-7
0
20
0
-7
-15
-5
29
19
11
-3
-20
6
25
48
37
6
-18
-57
-45
-5
5
4
-3
-13
2
30
44
36
12
12
0
5
18
-14
-29
-50
-57
-32
-9
13
22
14
7
24
53
54
32
-13
-54
-54
-20
-6
-17
-33
-50
-36
9
45
57
43
24
-5
-27
-12
6
11
-5
-33
-54
-40
-4
12
24
13
-4
8
10
20
22
0
-13
-21
-10
-7
7
20
-16
-18
3
10
16
3
-22
-27
-1
1
-6
8
10
15
15
17
16
38
31
-21
-33
-38
-27
-8
-1
-16
-23
13
15
27
56
41
37
19
1
3
-18
-14
-38
-51
-34
-45
-16
9
17
43
33
36
25
18
6
-26
-32
-51
-62
-58
-49
-13
25
52
53
48
58
47
46
28
-11
-29
-47
-70
-81
-74
-56
-20
19
53
75
86
83
55
26
6
-12
-45
-83
-109
-101
-71
-40
-17
6
47
62
74
80
75
74
43
-1
-41
-60
-48
-44
-40
-37
-25
-1
22
44
53
42
29
9
-19
-25
-20
-24
-40
-28
-16
-22
12
18
15
24
5
16
-3
-10
9
-19
-9
9
17
19
2
7
-6
-9
6
-18
-20
-1
1
-1
-10
4
9
31
55
22
7
9
5
-5
-17
-24
-41
-31
-9
-13
-2
26
34
37
37
33
26
23
2
-31
-70
-76
-64
-64
-39
-10
15
41
59
67
67
71
64
18
-22
-46
-69
-66
-59
-65
-71
-52
-13
19
59
73
61
50
42
33
6
-11
-30
-54
-51
-54
-51
-24
4
26
33
41
45
50
50
33
4
-23
-28
-42
-51
-45
-45
-27
-1
24
30
30
42
51
56
53
28
-5
-21
-34
-32
-40
-36
-31
-33
-9
-2
7
29
39
49
44
32
6
-2
-10
-40
-48
-49
-51
-32
-15
-9
2
10
17
22
37
37
33
27
1
-13
-23
-29
-25
-27
-16
-15
-3
14
11
30
28
13
15
22
11
2
-4
-23
-34
-47
-38
-27
-5
28
30
30
37
34
40
46
35
8
-6
-15
-29
-20
-31
-31
-8
-5
7
9
15
28
19
23
16
14
23
2
3
-3
-29
-26
-35
-23
-4
-6
6
-6
4
25
14
9
-1
-8
8
19
2
-23
-24
-23
-28
-17
-10
-7
16
29
19
13
13
20
16
5
-3
-10
-11
-13
-20
-23
-21
-18
-1
-3
8
17
9
16
4
-2
-4
-3
7
-7
-9
-12
-20
-3
-5
-8
1
4
17
21
11
8
12
18
11
-2
-4
-5
1
-1
-20
-28
-24
-25
-23
-17
-6
6
7
2
-9
-17
-4
3
15
16
-6
0
-2
-9
-6
-10
4
17
20
14
3
8
11
11
5
-8
-5
2
-5
-20
-26
-27
-20
-12
-4
9
21
31
18
3
7
10
11
16
11
12
4
-7
-3
-1
13
13
-3
-1
10
31
33
16
4
-17
-23
-16
-18
-15
-18
-14
-8
-4
6
15
23
18
10
3
-8
-11
-12
-23
-39
-39
-29
-16
3
8
-1
2
14
31
28
20
12
-4
-13
-34
-39
-35
-23
-3
-3
6
19
30
45
40
35
23
9
9
-9
-21
-31
-42
-32
-28
-9
3
11
35
36
37
28
16
21
18
10
-14
-32
-34
-33
-21
-16
-4
19
28
38
32
26
26
17
7
-16
-25
-27
-28
-17
-18
-10
7
16
25
16
14
18
13
11
1
-6
-2
-13
-14
-10
-11
-8
-11
-8
-4
2
5
3
0
7
15
9
1
-3
-7
-15
-16
-12
-7
1
5
-6
-6
0
0
7
4
1
-2
-13
-13
-16
-10
-1
-1
-6
-18
-15
-6
-5
-8
-11
-4
0
-8
-9
-10
-5
0
-1
4
13
17
20
10
5
1
2
8
4
0
-13
-20
-16
-16
-5
6
15
19
13
7
8
8
6
-3
-10
-12
-23
-17
-5
-10
-3
-2
1
8
14
20
11
10
5
-1
5
-4
-7
-10
-19
-13
-9
3
12
18
24
11
9
7
-1
-2
-9
-9
-7
-3
4
0
2
3
0
4
3
4
6
5
3
-5
-3
-1
-1
2
1
-3
-1
2
4
4
8
4
4
2
-2
3
4
-4
-14
-13
-4
-2
1
2
-3
-1
-5
-8
-5
-5
2
6
11
16
15
12
-1
-8
-5
-9
-1
6
12
12
5
11
15
14
15
5
0
-3
-4
-13
-18
-9
-1
7
6
1
0
4
6
5
2
2
-4
-9
-15
-17
-12
-10
-4
-4
-4
3
6
11
10
10
8
1
-2
-6
-6
1
4
8
10
11
12
4
3
-2
-2
-2
-14
-15
-16
-12
-3
-4
-7
-5
-3
7
14
13
7
4
4
-1
-1
2
4
5
5
2
-7
-5
-3
-4
-1
-2
0
3
3
-1
-11
-11
-10
-7
1
-2
2
2
6
10
3
9
4
-3
-2
-10
-6
-4
-10
-6
-2
8
14
12
14
7
2
-1
-2
-2
-10
-11
-17
-20
-11
-3
12
17
11
11
6
3
2
-7
-7
-4
-3
-4
-10
-5
0
0
2
0
0
4
-1
-6
-9
-5
-3
-5
-6
-14
-10
-4
-8
-2
3
3
2
-2
-2
-1
-2
-6
-11
-6
-3
-1
1
-1
6
11
15
14
8
8
0
3
-3
-8
-2
-3
-4
-9
-13
-11
-2
4
4
9
12
6
11
9
4
3
-1
-3
-7
-4
4
5
11
12
5
2
2
-3
-7
-5
0
-2
-4
-4
-3
0
3
5
0
-1
5
5
2
6
-1
-4
-8
-10
-8
-5
2
-1
1
6
5
9
3
-1
-6
-12
-6
-10
-7
2
3
9
6
3
7
3
9
6
1
1
-6
-7
-8
-4
0
-2
7
6
7
9
0
-3
-9
-12
-6
-7
-3
-5
0
7
7
15
8
9
9
6
8
3
3
-2
-1
0
-1
2
-4
-5
0
0
8
8
1
-1
-6
-3
0
3
7
4
1
2
2
4
9
13
14
14
15
10
2
-2
-9
-7
-2
-4
-10
-11
-9
-8
-10
-11
-9
-5
-7
-8
-5
-3
4
3
1
-6
-10
-4
2
-2
0
-2
2
9
9
9
3
2
2
-6
-8
-9
-5
-3
-1
2
-1
0
3
-3
-6
-9
-8
-4
-7
-10
-11
-5
-5
-7
2
4
10
19
17
19
15
5
7
3
8
4
-3
0
2
5
2
9
13
12
13
8
-3
-9
-13
-14
-18
-18
-12
-10
-5
-5
-3
9
16
15
6
-1
-6
-6
-4
-8
-10
-3
-1
1
3
-1
2
1
1
0
0
-1
-3
-6
-8
-8
1
5
7
7
3
3
-2
0
0
1
6
4
-1
-8
-10
-5
-1
5
6
5
4
5
2
-3
-4
-7
-8
-3
-1
-1
1
6
11
14
10
5
-1
-4
-4
-4
-5
-9
-8
-2
-1
1
11
16
15
12
4
1
1
-3
-3
-7
-13
-12
-9
-10
-7
-1
-1
-1
1
3
3
2
-5
-4
1
1
-4
-2
6
9
8
10
7
5
8
11
11
11
7
2
-5
-9
-14
-17
-10
-11
-10
-2
4
8
5
1
-4
-2
2
-1
-5
-9
-12
-10
-11
-14
-6
2
9
10
4
4
9
6
-2
-1
-2
2
5
-1
-3
0
4
0
-2
0
-1
-1
-5
-3
2
5
7
3
-6
-6
-5
-11
-14
-15
-17
-19
-14
-8
-4
2
9
9
8
5
4
3
2
7
3
-2
2
2
-4
-5
-1
3
9
17
14
5
6
6
5
2
2
4
5
5
-1
-2
-6
-4
3
-1
-5
-1
3
1
-2
-5
-9
-11
-14
-12
-4
5
12
16
11
2
4
3
2
2
1
1
-1
-4
-10
-14
-16
-22
-21
-12
-5
1
3
3
3
1
-4
-4
-1
-2
-1
0
-1
4
8
2
1
5
4
4
4
3
8
6
5
-2
-4
1
3
8
7
1
5
10
11
8
6
11
12
8
7
3
3
2
0
-4
-7
2
3
-1
-1
-4
-2
0
-5
-8
-5
1
-3
-2
-1
-1
-1
-4
-4
-1
8
11
8
7
5
1
-3
-2
-4
1
3
-5
-2
-1
-2
3
7
8
5
2
-2
-6
-10
-7
3
4
4
5
4
-1
-4
-5
-6
-1
1
-3
-1
1
-4
-5
-2
3
2
-2
-1
-2
-4
-2
-5
-7
3
0
-3
-3
-2
0
1
4
4
4
3
-1
-7
-3
-3
-7
-2
4
11
13
10
6
6
3
2
-3
-7
-3
1
3
2
3
3
3
3
2
1
0
1
1
-5
-8
-5
-4
0
2
2
4
2
0
-11
-15
-17
-19
-17
-15
-6
4
6
4
0
-2
-2
-1
2
2
2
4
4
3
-1
-3
0
0
5
5
2
3
0
0
0
4
8
7
6
6
1
1
3
3
-2
-2
0
-1
2
4
1
-2
-4
-5
-2
-2
2
7
3
5
0
-11
-15
-10
-4
-4
0
3
4
5
4
2
7
9
12
13
7
-1
-2
-7
-9
-4
3
2
-2
-2
-5
-4
0
1
7
11
8
1
0
-2
-8
-8
-6
-2
1
0
-8
-6
-3
-5
-2
4
9
10
11
11
6
4
3
-5
-12
-14
-11
-10
-10
-5
-3
-5
-1
2
1
1
-3
-9
-10
-8
-4
-4
-6
-2
0
3
5
8
14
7
5
1
-5
-3
6
11
6
3
2
0
1
3
8
15
17
22
16
1
0
-2
-12
-17
-14
-8
-6
-4
0
5
8
13
12
10
12
11
-3
-11
-8
-1
0
4
6
5
1
-9
-12
-10
-5
2
2
3
3
1
-2
-3
-4
-4
-1
1
2
7
13
13
5
-3
-5
-3
-2
-1
-1
2
2
2
4
0
-5
-10
-10
-9
-6
-5
1
7
10
12
10
1
-1
-1
-5
0
-4
-11
-11
-3
7
12
12
15
17
18
12
2
-5
-9
-9
-10
-7
-6
-11
-11
-13
-10
2
10
13
11
5
-1
-6
-7
-3
-2
-7
-9
-6
3
6
10
11
10
6
2
-2
-5
-5
-3
2
2
-1
1
0
-2
-1
1
2
4
2
-1
-4
-9
-5
3
2
1
-2
-5
-5
-3
-4
-8
-7
-6
-5
-5
-8
-10
-5
-8
-8
-2
-3
-3
-1
-2
-5
-3
1
-5
-5
-4
-1
5
10
11
5
2
-2
-5
-1
2
5
1
1
0
-7
-5
-1
1
5
13
16
10
2
0
0
-3
-3
-4
2
7
6
4
1
5
7
8
9
0
-8
-3
-2
-5
-4
-8
0
2
6
10
9
7
3
2
1
2
5
1
2
1
-2
-2
2
5
5
6
11
9
6
4
0
0
2
5
0
-3
-3
-9
-10
-4
4
6
9
12
7
3
-3
-5
-9
-7
-5
-8
-4
-5
-6
-8
-1
2
1
1
-1
-2
-2
-2
-4
0
4
5
4
-1
-2
-8
-10
-8
-12
-13
-15
-12
-17
-20
-14
-5
4
10
15
13
13
5
-3
-3
-4
-6
-7
-5
-5
-2
4
2
0
-1
1
0
-5
-7
-6
-1
7
12
10
4
3
1
-2
-2
1
4
8
11
5
-1
0
1
-3
-4
1
2
4
0
-6
0
5
9
4
1
-1
-6
-13
-15
-14
-8
-3
0
4
5
7
13
16
14
13
11
8
9
9
4
2
1
3
1
-1
1
5
2
2
5
0
-7
-5
-1
0
0
0
-4
-4
-10
-12
-7
-5
-6
-2
5
4
2
0
-2
-2
1
4
8
12
16
16
8
3
-1
2
7
6
3
5
5
3
-2
-7
-7
-3
-2
-1
-1
0
-1
-7
-2
1
6
11
12
8
-2
-4
-5
-6
-6
-5
1
2
2
-1
-5
-2
-4
0
-3
-7
-5
-4
-3
-7
-4
-3
-9
-11
-8
-7
-5
-2
-5
-8
-8
1
4
-4
-4
-5
0
7
11
5
-5
-11
-13
-12
-8
-9
-6
-7
-10
-14
-24
-3
9
-2
-11
-14
3
7
9
8
6
4
-6
-1
15
28
18
4
3
10
23
6
-9
-8
-1
4
0
8
16
6
-4
-8
-8
-5
-7
-6
-11
-15
-13
-4
5
8
-4
-8
5
9
4
5
8
9
4
3
3
2
7
0
4
8
0
8
16
5
0
-1
0
-3
-16
-23
-12
-6
7
15
14
8
3
1
3
8
-1
-5
-6
-7
-10
-13
-2
8
12
-1
-11
-4
0
3
9
11
5
-7
-14
-9
-7
-4
-3
-6
-8
-8
-2
-1
2
4
-2
-6
-8
-7
-1
1
1
-1
-4
1
12
12
2
5
10
5
2
-2
-11
-8
-4
-2
-4
1
4
-9
-4
0
-1
-1
-5
-9
-9
-12
-6
2
-3
1
4
-1
-3
-4
-4
1
6
-8
-7
-2
-2
7
7
-2
13
25
15
3
-2
10
5
4
13
0
9
5
-5
-1
2
1
-6
-7
1
9
7
0
2
0
-7
-14
-15
-5
-8
-8
2
6
1
3
11
15
19
7
-9
-5
6
10
13
5
0
-9
-4
-1
-2
14
15
2
-1
-3
0
3
4
3
5
3
-9
-16
-5
2
-2
1
-1
-1
2
6
2
2
1
-10
-14
-15
-1
2
3
2
-8
-8
-9
3
10
8
0
-10
-8
0
9
9
3
0
-6
-12
-9
-11
-13
-10
-2
2
0
2
4
6
6
3
4
2
0
-8
-4
9
11
6
-1
4
17
12
5
3
5
6
0
3
0
-10
-8
-7
-5
-4
-10
-10
6
5
2
10
7
10
8
8
10
8
4
0
1
-1
-3
-2
-3
2
-2
1
10
4
3
1
0
2
0
-3
-1
-4
-7
-6
-5
6
7
-6
-12
-14
-13
-3
-2
-11
-10
-9
-7
-7
1
1
-4
0
-9
-7
1
9
14
5
2
-4
5
4
-2
9
6
5
-2
5
17
2
3
-4
-5
4
10
4
-4
0
-6
-7
1
8
14
12
0
-7
-6
-1
0
3
11
12
9
4
-2
3
15
13
5
6
5
9
10
3
-2
-6
-8
-17
-13
3
0
0
-1
-9
-5
-6
-4
0
1
-11
-20
-18
-23
-10
-6
-8
2
9
11
-3
-3
-4
-7
-7
-9
-4
-8
-5
0
-2
2
11
13
13
5
1
7
5
4
-2
-6
-9
-2
7
7
3
2
3
-9
-14
-7
-3
1
4
0
-8
-10
-6
-8
-4
-3
-2
5
3
-1
0
5
4
1
0
-7
-11
-9
-11
-7
0
2
1
-2
5
2
2
5
0
2
3
15
18
11
9
-1
-1
-1
4
10
7
5
-6
-3
-5
0
8
-2
3
1
-4
3
1
7
-1
-5
-2
-3
6
2
-2
-6
-8
2
6
7
0
0
5
-3
2
5
-3
-1
-9
-11
-11
-2
12
4
4
4
1
5
9
17
5
-4
-9
-10
-6
-6
0
-2
-2
2
-9
-4
3
14
14
5
3
-5
-3
1
3
5
6
7
5
7
8
5
11
10
3
5
-2
-3
-5
-12
-12
-8
3
6
11
3
-8
2
1
2
0
-2
-1
-5
-3
-8
-12
-6
-7
-6
0
3
1
-6
-1
0
8
12
2
-6
-19
-17
-14
-9
-2
-9
-11
-16
-20
-12
-9
-2
2
3
3
-5
5
3
5
4
-3
1
0
8
3
-5
-1
-9
-3
3
2
1
-9
-8
-3
1
1
4
2
-2
6
9
8
19
18
4
-3
-1
4
10
8
-9
-17
-11
-13
-5
3
3
2
-6
-3
2
6
13
12
5
-4
-7
0
6
6
0
-7
-8
-2
5
4
6
6
5
2
2
8
13
14
10
0
-3
-5
-3
3
3
2
0
0
1
6
13
9
3
-1
-10
-10
-9
-7
-4
0
4
-1
-2
-4
-4
1
-1
0
0
1
1
-2
-3
-5
-1
-1
2
-1
-4
2
7
7
5
4
3
0
-1
4
0
-7
-6
-7
-9
-7
-1
-4
1
7
3
6
7
5
7
8
10
5
-2
-9
-10
-10
-8
-7
-1
3
-1
2
6
8
10
8
0
0
1
-8
-7
-6
-6
-5
1
9
6
13
15
12
3
0
3
1
3
2
-3
-1
2
-1
-5
-9
-8
-11
-13
-14
-11
0
8
11
7
3
-6
-8
-7
-8
3
6
2
-1
-2
2
-1
1
5
2
5
6
6
9
3
2
1
0
-4
-5
0
2
8
8
4
2
-1
1
3
-1
-4
-2
-2
1
1
0
2
3
0
-3
3
10
3
1
1
-3
-5
-11
-14
-9
-11
-12
-11
-13
-5
-2
-1
-2
-3
2
2
-1
-6
-15
-16
-8
-2
-2
-6
-3
5
1
-3
7
12
17
14
3
-2
0
2
0
-1
1
3
-2
-8
-7
-7
-1
1
1
0
-2
1
0
0
0
-2
-4
-6
-2
-2
2
3
-3
1
5
4
1
7
3
-7
-8
-1
2
5
7
-5
-7
-1
-3
3
3
1
4
1
3
6
5
6
10
6
5
10
14
13
15
20
25
27
17
9
6
2
-4
-7
-10
-6
-1
2
0
-2
-2
-5
-10
-10
-3
-1
-5
-12
-12
-5
-2
5
4
-3
-4
-8
-8
-8
-6
-7
-3
4
7
6
3
-1
-6
-6
-6
-8
-1
2
6
2
-3
2
3
1
8
12
8
-1
-2
-5
-3
-3
-7
-5
-3
-3
-2
-3
-1
0
1
-1
-8
-8
-8
-11
-12
-9
-8
-7
-6
-9
-5
8
11
6
1
-1
-3
-8
-6
-2
-3
-8
-7
-8
-4
-2
-2
2
9
6
0
-3
2
2
-6
-6
-7
-3
0
1
2
4
3
-2
1
2
5
8
1
2
0
2
3
0
-5
0
5
7
12
11
5
0
-5
1
7
5
4
0
0
2
2
-4
-4
-2
-6
5
8
5
11
9
0
-8
-8
-8
-2
6
7
5
-1
2
11
8
6
2
-3
-3
-2
-1
3
7
10
10
7
5
4
1
7
3
4
5
4
7
8
5
1
0
-3
-4
-5
-5
-2
-9
-13
-9
-9
-2
4
3
7
16
17
12
9
8
6
0
-8
-5
-6
-8
-7
-8
-3
0
3
7
9
9
5
2
2
0
-2
-5
-8
-11
-11
-10
-12
-6
-7
-12
-12
-10
-5
-3
-5
-4
-4
-4
-6
-8
-9
-7
1
5
3
5
7
5
3
-1
-1
1
-1
-3
-5
-4
-10
-12
-11
-10
-6
-2
1
5
2
-1
-7
-3
4
5
6
6
5
2
2
-2
-3
0
-2
0
4
3
5
8
8
9
7
2
-1
1
-3
-3
-4
-4
1
4
9
7
1
-5
-4
-5
-7
-4
-7
-2
6
4
-1
-5
-6
-1
6
7
5
3
1
-2
4
6
2
5
6
3
3
1
-2
2
9
8
1
3
3
-1
-7
-9
-2
-2
0
0
-2
-1
-4
-5
-1
-4
-4
-8
-14
-12
-8
-5
-4
-2
1
0
-4
-3
-1
-3
-2
-1
-1
2
4
2
-3
-3
-4
-4
-1
-1
-9
-9
-4
-3
-1
2
-3
-4
-1
2
5
3
1
-5
-5
0
1
3
5
-1
-4
-5
-9
-4
2
8
8
8
8
12
18
18
13
8
3
-3
-6
-6
-8
-5
-2
0
3
6
7
6
8
8
4
1
-4
-7
-7
-3
-1
-4
-3
-3
-3
-2
-2
0
2
1
-4
-5
1
4
5
5
3
9
12
9
3
2
1
2
4
2
6
9
6
1
1
-2
0
0
-2
4
7
12
8
4
1
3
8
10
9
9
3
-8
-8
-4
-5
-3
-4
-2
-1
-2
1
4
11
9
8
2
0
1
-1
-1
1
2
-3
-3
-5
-3
-1
-4
-2
0
4
4
-1
-3
-13
-14
-9
-6
-3
-2
-1
-5
-5
-2
2
3
1
3
1
4
7
10
4
-3
-6
-5
0
2
8
8
2
4
4
4
5
1
-3
-6
-5
-5
-3
-3
-7
-5
2
6
11
10
10
7
3
0
-1
-2
-6
-8
-10
-8
-1
5
9
7
3
3
7
2
-1
0
-4
-4
-2
-1
-1
-4
-8
-5
2
5
7
8
5
4
4
-2
-2
-4
-7
-8
-3
5
5
3
-2
-3
-5
-2
4
1
-5
-4
-2
0
-5
-7
-7
-5
-4
-8
-9
-5
0
-1
-4
4
11
15
14
8
8
10
7
1
-3
-8
-14
-15
-13
-11
-10
-7
-5
-9
-9
-3
-2
0
-1
-5
-5
-5
-11
-10
-9
-12
-10
-4
-1
-4
-7
-3
2
5
9
6
5
9
9
8
8
6
9
5
2
5
4
7
9
5
1
-2
5
13
13
9
2
-1
-2
-7
-3
-1
-2
-4
-4
3
5
4
4
4
1
-1
-2
-4
0
5
4
5
6
0
-1
-3
-3
-1
-3
-7
-10
-5
-2
0
2
1
-1
0
6
6
5
3
-3
-6
-5
-1
1
0
0
2
-3
-3
1
0
5
8
8
4
4
3
-6
-5
-3
-4
0
5
10
6
-1
-3
-5
-4
-1
2
1
0
-3
-6
-10
-13
-12
-4
3
7
11
7
6
4
-1
-7
-1
0
-5
-4
-4
-3
-4
-3
-2
-4
0
6
9
9
9
4
1
2
-3
-4
0
4
5
3
3
2
2
1
2
5
5
6
2
-8
-8
-6
-4
2
3
6
6
4
2
-1
-2
0
2
0
0
1
2
2
0
-6
-9
-9
-4
1
2
1
1
-5
-5
-3
-4
-3
0
0
1
0
2
4
2
3
-1
-4
-6
-6
-2
-4
-5
-5
-10
-8
-2
1
4
6
8
9
9
8
4
-2
-5
-7
-5
-8
-11
-6
-2
3
6
7
4
1
3
1
-1
1
6
10
2
-3
-4
0
3
5
4
-1
-7
-8
-9
-16
-10
-9
-7
1
5
5
-2
-2
1
7
6
3
2
-4
2
4
5
9
9
11
6
9
3
-12
-12
-11
-6
-2
3
6
4
0
-1
-6
-10
-13
-17
-13
-5
0
4
2
2
3
2
2
3
6
3
-3
-2
-3
-1
2
4
2
0
6
7
2
1
-6
-11
-15
-11
-7
-7
0
1
0
-2
-5
-5
-2
0
3
5
3
3
-4
-11
-9
-8
-1
8
13
15
13
15
16
8
0
-2
0
5
11
6
0
-3
-3
0
6
13
17
14
12
6
-3
-3
-3
-8
-5
-3
-4
-3
2
3
6
2
0
-3
-8
-10
-15
-12
-7
-5
0
2
4
10
5
2
2
-3
-3
-4
-4
-2
-1
-2
-2
-2
4
4
5
4
3
1
-1
-6
-7
0
1
1
3
4
2
5
1
-3
-3
-5
1
1
-1
-3
-7
-8
-11
-7
-4
-4
-3
-3
0
1
-4
-5
-1
-1
1
-3
-6
0
2
0
-5
-10
-7
-3
7
6
7
6
1
0
-4
-2
-1
-1
2
1
1
3
10
6
2
4
8
11
4
-4
-8
-9
-11
-11
-6
0
7
9
5
1
1
2
1
-5
-5
-4
-4
0
0
-3
-1
3
4
4
4
-1
-7
-8
-5
-4
-2
4
2
5
3
-2
-3
-7
-3
-4
-2
3
1
-1
1
2
3
3
0
-1
-6
-12
-13
-9
-2
4
9
13
11
4
-2
-5
-6
-1
0
0
6
9
6
2
2
2
0
5
11
13
13
3
-6
-10
-6
-2
4
10
14
15
14
11
7
1
-6
-8
-3
3
0
-4
-10
-15
-11
-10
-10
-1
2
2
2
-2
-3
-5
-7
-7
-7
-4
-2
4
7
4
5
-1
-5
-11
-15
-15
-15
-9
-6
-4
-2
1
3
4
9
9
11
11
9
2
-1
-3
-2
1
4
8
7
5
7
8
8
12
13
10
6
3
-4
-3
3
-1
2
6
7
11
10
4
-2
-1
2
1
0
-4
-6
-7
-9
-10
-7
-3
-4
-7
-8
-7
-3
-1
-1
-2
-4
-2
-6
-7
-5
-2
3
10
17
17
16
13
4
-8
-9
-4
2
2
-2
-7
-9
-4
0
3
5
7
3
0
0
-7
-9
-11
-9
-3
1
6
9
11
8
7
7
7
0
-1
3
1
2
2
1
1
3
-2
-1
3
6
10
8
9
5
4
-2
-8
-13
-16
-9
-2
6
7
5
8
5
5
6
0
-2
-6
-9
-10
-8
-4
-2
-3
-4
-4
-3
-1
3
8
7
7
4
-1
1
-1
0
8
6
3
7
5
1
-2
-5
-4
-6
-4
-3
-1
-4
-6
0
-1
-2
-1
-5
-4
0
-1
-1
-3
-8
-13
-11
-4
-1
6
6
2
-4
-4
-1
-3
-2
-3
-3
-3
0
-1
-2
-2
0
-1
1
-4
-9
-9
-9
-6
-2
3
5
2
-1
-5
-9
-5
0
4
6
6
6
4
8
6
0
-3
0
-1
-5
-4
-5
-5
-3
-5
-5
1
5
3
5
4
2
3
-2
0
2
2
3
1
0
4
4
3
2
4
8
9
8
3
-1
-2
0
2
4
7
6
6
5
6
4
0
3
4
4
6
3
1
-4
0
-3
-3
-2
-5
-2
-4
0
-2
-5
-4
-3
-2
-2
2
3
4
5
6
7
6
12
15
12
10
7
3
1
-3
-2
-3
-3
-4
-6
-4
-1
-3
-2
-5
-7
-10
-8
-5
-5
-1
-2
-2
-2
-2
-6
-11
-13
-13
-9
-9
-8
-5
-3
2
3
7
14
16
13
10
7
4
-1
-4
-4
-6
-2
-1
0
2
0
-2
-4
3
4
4
0
-1
0
-3
-2
-6
-9
-9
-9
-9
-5
-1
1
-1
-1
0
1
3
-3
-4
-1
-1
0
3
6
8
10
10
7
6
7
10
10
6
7
9
4
0
-3
-1
-2
-3
-6
-7
-6
-5
-2
1
0
0
-4
-7
-13
-10
-9
-14
-11
-13
-11
-3
6
2
-2
0
2
3
7
8
5
6
1
-2
-6
-8
-7
-2
0
0
3
4
9
8
5
0
-7
-4
-4
-3
-5
-5
-1
4
4
2
2
3
2
0
-4
-9
-9
-4
1
3
2
6
10
8
6
4
-2
-3
-2
1
1
3
6
3
0
4
1
1
3
3
4
2
-1
-5
-6
-4
-5
-7
-5
1
0
0
6
3
3
5
3
-1
-8
-6
-6
-9
-6
-4
-2
-1
4
2
1
4
5
3
1
-3
-5
-3
-4
-3
1
4
12
17
17
19
19
19
18
10
9
1
-9
-9
-7
-1
7
8
8
11
8
4
1
-1
3
0
-5
-6
-7
-5
-4
-4
0
3
6
5
2
0
-1
-1
-3
0
2
0
-2
-7
-10
-8
-4
-6
-11
-8
-5
-7
-7
-3
-2
6
8
5
0
-3
-3
-3
-6
-6
-5
0
-4
-8
-5
-6
-5
-7
-7
-3
0
0
-6
-8
-7
-3
2
9
13
11
15
12
9
11
12
16
14
12
10
3
-2
-3
-5
-8
-9
-8
-7
-3
-2
0
-1
-6
-8
-11
-12
-16
-12
-4
6
9
5
1
-2
-4
-11
-8
1
4
4
3
1
2
0
0
5
1
-1
-1
-4
-4
-1
2
1
-4
-5
-4
-2
0
2
8
9
6
0
-4
-2
-1
4
4
3
6
10
9
3
4
7
10
7
8
8
4
-1
-4
-2
2
8
9
9
11
8
4
2
2
-2
-5
-6
-7
-10
-13
-15
-15
-8
-4
4
5
4
1
-3
-6
-11
-10
-15
-13
-9
-13
-13
-8
4
9
12
11
11
8
6
5
-1
-4
-10
-10
-7
0
6
6
4
1
0
-1
-2
0
3
-2
-8
-10
-11
-10
-7
-2
3
5
7
7
6
8
6
3
0
3
6
5
1
-3
-1
-2
0
6
12
14
10
4
0
-1
-2
0
1
-8
-11
-9
-2
4
3
-1
-2
-5
-8
-10
-11
-8
-6
-6
-5
1
1
-3
-2
-1
2
6
11
9
5
0
-7
-9
-12
-13
-7
-2
4
5
3
5
5
3
6
8
2
2
-3
-7
-7
-6
-5
-2
-4
-5
-6
-8
-5
2
3
2
4
6
1
-4
-3
-5
-3
1
4
7
4
5
1
3
1
0
2
6
9
5
5
2
-5
-7
-7
-1
7
4
4
9
10
6
4
-1
-6
-10
-14
-17
-16
-11
-7
-5
-4
0
2
5
4
6
6
0
2
3
4
2
2
5
6
8
9
8
8
10
9
11
15
11
7
7
5
4
8
8
4
4
6
8
6
2
-2
-4
-5
-6
-6
-1
2
4
6
1
-4
-6
-5
-7
-8
-8
-4
-1
7
8
8
4
-3
-6
-4
-4
-2
-1
-7
-7
-5
-6
1
3
1
-1
-3
-4
-3
-3
-3
-3
-3
-4
-8
-14
-10
-1
3
5
10
9
7
4
4
6
1
0
3
5
5
2
3
4
0
-5
-6
-4
-1
-1
-1
2
8
6
0
6
8
8
10
4
-3
-5
-7
-12
-12
-8
-6
-7
-9
-8
-6
-4
-2
-5
-3
1
4
4
4
2
-2
-3
-4
-4
1
4
3
1
2
7
6
3
4
4
8
4
3
0
-1
-3
-10
-12
-15
-13
-9
-6
-1
1
1
-2
-2
-6
-5
-5
-11
-10
-7
-3
0
-2
-2
-4
-3
-3
-2
1
0
4
1
0
5
7
10
11
4
-4
-1
5
8
12
17
20
12
6
1
-6
-3
2
-1
-4
-5
-5
-3
-1
0
4
5
4
6
5
-1
-5
-9
-10
-10
-14
-18
-14
-7
-3
-2
-1
-1
-1
3
6
5
0
-10
-16
-16
-17
-15
-9
-7
-4
0
5
12
17
14
12
9
7
6
2
1
1
-2
-6
-8
-7
-5
2
7
5
-1
-5
-5
0
-2
-2
2
-2
-8
-9
-8
-5
-1
1
1
3
3
1
0
0
-3
-3
4
5
7
9
2
-3
-6
-7
-3
4
7
5
4
5
7
7
5
4
2
-3
-6
-5
-4
-6
-5
1
4
7
10
7
10
8
4
6
10
12
9
7
8
4
0
4
12
13
15
14
5
-3
-5
-8
-10
-3
2
6
9
3
-3
-10
-11
-13
-15
-8
-4
0
1
0
-4
-4
-1
-4
-4
-2
-1
-2
-6
-4
1
2
-2
-5
-5
-7
-4
-1
1
4
5
9
8
5
3
3
0
-5
-1
2
3
2
4
5
1
1
2
0
-4
-5
-2
-2
0
-4
-7
-6
-7
-4
2
5
4
3
-2
-1
1
1
-3
-6
-3
-8
-8
-1
0
4
9
12
15
16
15
11
9
5
4
-1
-3
0
3
3
1
2
-2
-1
-1
0
-2
-1
-2
-2
-3
-4
0
0
-1
-1
1
1
0
-1
2
5
9
7
6
5
0
-1
2
3
-1
-1
-7
-9
-7
-10
-4
0
0
2
3
2
2
2
2
1
-2
-5
-3
1
1
4
3
1
-1
0
3
5
6
4
-3
-2
-5
-6
-5
-5
-3
-2
-5
0
6
8
6
3
0
1
0
-8
-8
-6
-4
-3
-1
1
2
4
5
1
1
-1
-1
-2
-5
-5
-3
3
3
4
5
3
-1
-2
-1
3
1
1
0
-2
0
-4
-6
-8
-6
-6
-8
-1
2
6
8
5
4
3
1
-2
-2
0
-4
-7
-7
-9
-12
-7
-4
-5
0
0
-1
-4
-8
-7
-4
-2
-2
-1
0
-2
-3
-3
-3
-3
-2
0
1
-1
0
-2
-3
-1
1
3
5
4
6
6
5
4
0
-1
1
2
3
3
5
5
3
0
-2
-2
-2
-1
0
3
3
3
3
0
-1
3
6
8
12
11
4
-2
0
-2
-6
-3
0
5
9
10
7
4
5
2
-3
-4
-4
-3
-3
-6
-5
-7
-5
-4
-6
-6
0
3
2
4
3
-2
-5
-3
-2
-7
-4
-4
-2
3
1
0
0
-1
1
2
5
6
2
-3
-6
-6
-7
-5
1
2
4
6
4
2
-4
-4
-2
-2
-1
-1
-1
2
3
2
0
-1
4
1
5
8
5
4
1
-2
-2
-4
-3
0
3
1
1
2
2
3
3
6
4
-1
-6
-8
-8
-4
-5
-6
-7
-5
-4
-4
0
3
2
4
4
2
-1
-1
1
-3
-4
-3
-2
1
2
4
7
6
7
10
5
4
3
1
-3
-8
-8
-7
-1
2
3
-1
-2
-4
-7
-1
0
0
2
3
1
-2
-1
-1
-7
-6
-4
-9
-6
-1
-1
1
2
2
1
3
1
0
0
-1
-2
1
3
3
5
6
3
5
8
11
9
10
10
8
7
5
4
2
3
4
0
0
2
3
2
0
0
-2
-5
-7
-7
-4
-3
-4
-3
-1
0
-1
-2
0
1
5
0
-2
0
1
6
6
1
0
3
1
-1
-4
-3
0
-1
2
5
3
6
7
5
1
-1
2
4
0
1
4
4
3
3
5
7
9
9
8
5
5
6
3
-3
-1
-1
-4
-5
-5
-2
-2
1
0
-4
-4
-2
-3
-4
-4
-2
-4
-7
-6
-6
-3
0
3
2
4
8
5
2
2
0
-6
-6
-9
-9
-10
-12
-10
-10
-8
-9
-7
-3
1
6
4
6
6
3
0
2
3
1
1
0
-5
-5
-1
-2
2
4
0
-4
-3
-2
-2
-2
0
-3
-3
0
-2
-4
-2
-2
-1
-1
-3
-3
3
8
9
9
6
6
7
6
6
7
5
3
5
6
7
6
6
6
9
9
9
8
6
1
-3
1
0
1
4
2
0
-4
-8
-11
-12
-10
-14
-12
-10
-8
-1
0
1
1
-1
0
4
1
-2
-3
0
-1
-1
-3
-4
-2
-2
0
2
2
1
2
-1
-4
-8
-9
-10
-8
-4
-5
-7
-8
-11
-14
-10
-4
0
0
-1
-2
-1
-1
-2
-1
0
3
1
2
0
2
4
4
0
-4
-3
-4
0
-2
-4
-5
-2
-2
-4
1
3
7
7
6
5
2
1
-1
-2
-2
1
-2
-5
-5
-5
-3
-4
-4
-3
0
4
9
10
8
8
6
-1
-4
-7
-7
-6
-4
-1
1
5
4
0
-1
-2
1
2
4
7
7
3
-2
-3
-1
-1
-3
-8
-4
2
8
11
11
12
9
4
3
1
1
1
0
4
3
0
0
3
4
6
7
4
4
1
-5
-8
-9
-8
-8
0
3
-1
-3
-7
-5
-5
-9
-9
-7
-4
-3
-4
0
0
2
3
5
7
9
7
6
8
9
6
6
1
-3
-1
-1
-3
-5
-3
1
5
7
3
0
0
1
0
-2
0
1
3
12
17
14
8
7
7
3
1
-4
-8
-9
-9
-7
-8
-3
0
3
6
10
12
6
0
-2
-8
-12
-14
-16
-11
-8
-3
3
5
8
9
11
4
2
-4
-6
-6
-10
-13
-13
-11
-8
-7
-5
-4
-3
2
4
4
-1
-4
-7
-10
-7
-6
-5
-4
-3
-5
-4
-1
6
10
7
4
3
2
1
0
1
-1
-4
-1
0
-6
-4
-1
1
-4
-6
-3
0
3
2
0
-3
-2
-2
-7
-7
0
1
2
8
10
11
10
4
-1
3
11
9
10
6
3
-2
-9
-8
-9
-8
-3
2
1
1
0
-1
1
1
4
7
4
3
0
0
2
-1
0
1
4
12
12
7
8
5
0
-2
0
3
-1
3
2
-3
-6
-6
-3
-5
-5
-2
-5
-9
-10
-7
-5
-5
-1
3
5
8
6
4
1
-2
-1
-4
-1
-2
-3
-3
0
1
-3
-2
-2
-2
-1
-2
-1
0
1
2
1
0
0
2
-1
-1
-4
-6
-7
-2
0
-3
-2
-1
-2
0
3
4
2
0
-1
1
1
0
-1
2
9
5
4
6
9
13
7
8
7
4
7
4
-2
3
3
-1
-3
1
3
5
5
0
-4
-3
0
2
3
4
2
-1
-1
-1
0
0
-2
0
2
0
0
0
0
0
2
0
-2
-2
0
0
0
-3
-12
-14
-8
0
0
1
1
1
1
-2
-4
-6
-1
-1
2
3
6
6
6
4
2
1
-1
1
4
5
3
3
4
1
5
7
5
6
4
1
-3
0
1
-7
-8
-9
-7
-3
0
2
2
-2
-1
-4
-5
-1
1
1
-3
-10
-7
-4
-2
0
-2
-4
-6
-4
-7
-6
-3
-3
-4
-8
-7
-2
-3
-8
-8
-8
-6
-2
5
8
10
8
3
1
-1
2
6
11
16
17
15
13
14
8
3
0
-1
0
0
2
1
1
1
3
6
4
8
9
7
4
-2
-2
-3
-2
-1
-2
-1
2
-3
-8
-8
-6
-6
-6
-4
-1
-1
-1
1
-2
1
4
3
4
1
-3
-3
-3
1
8
13
15
15
12
10
10
8
6
4
2
-2
-3
0
0
-4
-7
-8
-3
3
5
4
6
6
3
0
-5
-8
-7
-7
-7
-10
-11
-8
-3
3
4
-1
-6
-9
-7
-8
-5
-2
-1
2
0
-1
2
3
4
5
0
-3
-2
-6
-5
1
2
4
7
5
6
5
4
-1
-4
-1
2
4
1
5
5
1
4
-1
-4
-3
-5
-6
-6
-2
-2
-4
1
3
7
11
12
14
11
7
4
5
2
-2
-2
-3
-7
-10
-17
-19
-19
-17
-10
-7
-11
-21
-29
-32
-33
-32
-27
-22
-13
-7
-8
-12
-10
-6
-6
-5
0
4
10
15
14
8
7
10
7
7
9
14
20
18
19
17
15
18
19
21
16
13
12
3
0
-2
-6
-10
-15
-12
-7
-4
6
6
5
3
2
4
9
17
21
22
23
24
23
25
26
24
21
22
22
11
-3
-6
-10
-13
-17
-18
-23
-35
-45
-58
-68
-64
-66
-76
-78
-77
-83
-81
-68
-66
-65
-54
-47
-48
-35
-17
-16
-2
18
12
22
50
57
57
74
73
61
71
78
71
90
111
93
83
86
63
42
50
43
20
28
34
12
7
4
-12
-28
-16
-20
-35
-13
-10
-24
-19
-16
-34
-35
-16
-23
-12
28
37
34
57
64
42
53
75
68
87
124
124
109
120
110
65
56
55
22
17
42
28
2
1
-27
-85
-98
-100
-125
-111
-81
-96
-117
-114
-135
-159
-144
-135
-147
-119
-83
-86
-73
-55
-73
-81
-65
-58
-45
1
23
31
47
39
2
-10
1
-15
1
36
34
29
39
10
-45
-53
-58
-88
-77
-39
-25
-17
2
-8
-34
-34
-42
-49
-29
5
27
47
62
49
34
29
33
47
73
105
142
168
176
168
155
135
118
129
135
147
172
188
174
160
123
57
32
28
12
13
40
34
-2
-23
-78
-150
-167
-147
-148
-123
-66
-79
-111
-113
-149
-189
-179
-164
-162
-102
-35
-29
-11
4
-33
-51
-24
-22
-2
78
123
90
85
88
35
14
25
3
6
51
44
20
31
2
-71
-106
-110
-144
-133
-72
-33
-8
11
-7
-53
-82
-109
-110
-67
-18
19
67
84
50
24
2
-22
-6
43
72
110
181
205
146
122
111
56
31
68
94
117
175
174
116
102
67
-10
-32
-6
1
27
67
39
6
-9
-95
-176
-156
-123
-126
-71
-18
-41
-51
-64
-131
-169
-121
-115
-105
-12
63
59
67
68
-7
-53
-43
-32
31
129
172
177
184
119
4
-52
-62
-70
-77
-66
-35
-27
-46
-108
-177
-211
-243
-246
-208
-142
-72
-22
-25
-89
-149
-157
-163
-149
-79
14
100
126
116
84
70
67
22
9
52
122
180
189
207
220
182
105
37
34
57
99
179
207
202
211
158
22
-71
-65
-77
-63
54
113
71
69
25
-157
-249
-183
-174
-175
-33
49
-26
-38
-52
-174
-212
-170
-203
-162
-1
60
68
140
143
48
22
34
33
134
252
268
270
273
159
34
2
-39
-33
33
46
32
61
43
-72
-150
-230
-341
-349
-271
-205
-117
-3
10
-47
-96
-178
-246
-204
-120
-57
35
125
130
92
46
-23
-44
4
2
29
158
258
269
253
230
156
63
-12
-17
60
172
246
264
268
261
183
-1
-121
-99
-101
-75
68
138
73
66
2
-262
-345
-236
-261
-262
-84
3
-67
-34
-49
-220
-233
-176
-279
-259
-61
26
51
149
102
-40
-28
-24
-58
116
280
264
303
311
142
4
7
-37
-48
73
69
50
163
138
-38
-74
-96
-300
-348
-199
-129
-58
81
109
24
-51
-149
-248
-173
-79
-90
4
100
25
-75
-88
-123
-177
-161
-130
-66
88
186
218
277
293
221
110
78
99
148
219
282
413
493
453
420
263
51
-41
-107
-123
32
267
202
79
111
-167
-564
-545
-402
-383
-272
-69
-177
-269
-181
-419
-560
-441
-511
-615
-293
6
-52
121
373
232
-53
-190
-235
55
426
292
228
753
961
355
-158
-86
182
231
-81
-359
83
542
62
-691
-628
-321
-518
-799
-691
-98
432
296
-307
-373
3
-234
-838
-723
36
499
375
127
364
720
343
-402
-502
120
371
50
30
552
897
379
-358
-351
175
320
18
211
1031
1478
979
334
269
-85
-1079
-1522
-879
-60
288
501
832
937
-108
-1754
-1894
-551
-304
-918
178
2168
1877
-322
-1437
-488
603
-210
-1297
367
3144
2576
-280
-623
1039
701
-1570
-2007
676
3033
1939
-506
-213
1340
-81
-3050
-2938
-157
975
-348
-1019
324
1130
-664
-2861
-2339
-286
108
-520
298
2047
2132
469
-752
-657
-161
-290
-238
826
1824
1544
620
128
-268
-847
-1081
-735
-121
328
371
243
53
-497
-1130
-1144
-653
-334
11
481
748
726
461
261
384
794
1124
1210
217
-1304
-1479
-399
-424
-956
-13
1428
1312
-889
-2488
-1384
816
137
-1823
-18
3221
2176
-1526
-2368
-117
1245
-62
-1275
857
3942
2615
-1280
-1694
751
1036
-993
-1528
701
2912
1793
-1561
-2342
-315
-41
-2294
-2866
-526
1269
568
-923
-731
454
128
-1720
-2113
-470
775
810
654
1112
1382
971
53
-612
-314
322
800
929
797
566
296
-240
-1096
-1357
-749
-170
-49
49
265
212
-99
-601
-977
-783
-121
194
183
329
502
500
289
61
248
990
1554
1565
1795
1912
-292
-2916
-2960
-979
-779
-1225
582
2563
2395
-1039
-3553
-2053
653
-281
-2333
660
4706
3171
-1363
-2916
-763
1180
-28
-1719
716
4958
3662
-1263
-2260
281
1153
-1157
-2872
-470
3501
2985
-1553
-2388
550
636
-2605
-3825
-1060
1681
1594
-35
190
1624
498
-2252
-3009
-1396
303
1223
1446
1570
1938
1493
-236
-1681
-1525
-564
348
669
726
877
593
-450
-1539
-1723
-1276
-680
-106
215
444
652
554
-253
-1002
-822
-157
227
242
513
1038
1450
1028
584
598
1136
1322
1356
1452
-1271
-3171
-2183
-464
-1601
-1803
1379
2632
1482
-1985
-3317
-1024
1135
-1048
-2633
1903
4859
1474
-2671
-2888
-114
2055
352
-1836
1183
5045
2131
-2610
-1876
1365
1770
-1138
-3124
-198
3737
1920
-2600
-1851
1239
482
-2508
-3215
-689
1813
1649
24
471
1672
448
-1790
-2495
-1374
532
1541
1093
1008
1783
1462
-214
-1258
-1355
-597
202
73
-119
167
427
-131
-905
-1449
-1362
-613
-286
-323
162
858
960
168
-598
-542
17
194
-106
263
1167
1600
1083
605
719
1258
1355
1694
482
-2931
-3707
-1640
-647
-2228
-276
3122
3360
775
-3304
-3405
-87
1087
-2328
-1693
4262
5090
243
-3546
-2831
933
2488
-601
-1944
3061
5664
835
-3000
-1055
2056
1368
-2581
-3772
923
4261
943
-2516
-716
1290
-453
-3437
-3691
-362
2637
2175
803
1483
1642
-271
-2565
-3533
-2183
412
1422
1008
1416
2111
1467
-188
-1546
-1933
-760
80
33
179
642
855
35
-1214
-2127
-1442
-413
-485
-90
833
1602
1363
352
-568
-643
2
-352
-495
370
1625
1725
1532
1350
1379
1600
1542
986
-2850
-4554
-2729
-524
-1479
-1370
2720
4046
2312
-2706
-4826
-1441
1653
-509
-2651
2436
5949
2187
-3192
-4509
-602
2936
821
-2594
570
5674
3182
-2612
-3072
860
2374
-1370
-5042
-1638
3909
3010
-1625
-1956
790
472
-2749
-4804
-2206
2102
3224
1769
1307
1723
672
-1573
-3640
-3196
-323
1653
1375
1109
1970
2003
813
-1008
-2246
-1579
-390
-49
-274
236
1263
1239
-205
-2117
-2342
-1347
-785
-580
215
1709
2619
1792
-144
-905
-269
-254
-1052
-622
1205
2497
2310
1704
1829
2301
2550
722
-4142
-5766
-2673
-439
-2067
-1088
3926
5363
2290
-3885
-5501
-746
2253
-1524
-3320
3335
6762
1848
-4068
-4544
104
2993
-606
-3777
1165
6874
3547
-2653
-2413
2071
2881
-2391
-6358
-1809
4528
3317
-1471
-1545
1597
912
-3331
-5544
-2259
2640
3370
1645
1435
2310
1084
-1972
-4233
-3864
-1113
846
1093
1178
2310
2899
1558
-672
-2308
-2019
-1200
-758
-238
558
1878
1853
59
-1880
-2331
-1611
-1449
-968
161
1761
3139
2451
411
-715
-243
-567
-1666
-1661
209
1945
2332
2257
2420
2972
2336
676
-4484
-6723
-3693
-1029
-1942
-1471
4155
5833
3071
-3192
-5902
-1331
2193
-1073
-3853
2422
7333
3404
-2970
-4636
-340
3270
-108
-4284
6
6700
4852
-1559
-2607
1653
3245
-1546
-6636
-3310
3699
3978
-652
-1915
1022
1290
-2631
-5689
-3407
1413
2990
1744
1192
1993
1848
-404
-3589
-4239
-1862
361
644
751
2087
3257
3118
772
-1712
-2153
-1439
-1143
-936
127
1727
2544
1245
-1174
-2015
-1513
-1794
-1949
-810
1074
2802
3075
1690
460
440
-337
-2000
-2663
-1114
760
2102
2973
3428
4019
3253
1505
-4496
-7769
-4881
-1826
-2515
-1944
4312
6781
4482
-2084
-5581
-1296
2269
-1585
-5029
1614
7542
4092
-2403
-4087
205
3548
-500
-5258
-719
6733
5128
-1497
-2301
2392
3806
-1685
-7183
-3755
3233
3469
-1063
-2001
1193
1518
-2498
-5481
-2860
1588
2319
880
1026
2191
1828
-279
-2977
-3784
-2047
-531
-548
16
1996
3153
2845
1210
-822
-1685
-1671
-1907
-1755
-262
1176
1849
1094
-427
-1074
-1304
-1985
-2468
-1354
483
2001
2610
1967
1468
1195
50
-1827
-2392
-1874
-692
433
1776
3580
4661
4423
3101
1540
-4511
-7976
-5443
-2888
-3473
-1200
5625
7278
4420
-2146
-4819
-762
1587
-2896
-4986
2594
7543
3327
-3092
-3682
1462
3672
-1965
-5961
140
6966
3873
-2367
-1451
4033
4247
-2656
-7653
-2811
3839
2469
-2468
-1954
2288
1838
-3064
-5425
-1501
2643
2084
-83
604
2638
2172
-1081
-3961
-3431
-1318
-562
-924
545
3163
3977
2773
662
-1000
-1540
-1786
-2158
-1739
42
1545
1713
769
-529
-836
-1086
-1828
-2291
-1369
362
1627
1998
1455
1236
1194
-6
-1892
-2616
-1812
-863
111
1012
2602
4180
4533
3496
2564
1454
-4588
-7872
-5404
-2887
-2529
666
5954
6462
4131
-2134
-4673
-551
953
-3765
-4206
3212
6435
2558
-2418
-2382
2422
3426
-2908
-5739
775
5691
2167
-2197
340
5533
3955
-3856
-7460
-1608
3106
227
-3268
-949
3112
1246
-3806
-4398
178
2405
516
-663
1497
3530
1738
-1763
-3064
-1734
-1481
-2099
-1894
489
3466
4208
2977
1337
392
-1098
-2582
-3324
-2166
-127
933
1305
877
435
-111
-982
-2130
-2457
-1315
352
1706
2186
2213
2244
1634
-726
-2939
-3147
-2044
-1132
-625
1266
3465
4506
3711
3257
3132
2960
-539
-7904
-7918
-2730
-1318
-3170
1391
7218
6739
2097
-5129
-4407
1917
1265
-5886
-3616
5862
6952
364
-4638
-1669
4317
2471
-5798
-5553
3554
6506
956
-2232
2207
6524
2204
-6416
-7251
388
3534
-723
-3233
493
3573
-392
-5238
-3411
1542
2036
195
299
2364
3290
785
-2415
-3037
-2122
-2700
-2548
-946
1496
3614
3839
2953
1602
-134
-2224
-3141
-2985
-2027
-16
1662
1721
1032
41
-801
-1713
-2573
-2291
-1108
753
2353
3042
2461
1466
813
-1039
-3057
-3114
-1581
-655
-102
1789
3349
3815
3523
3276
2421
2568
-1066
-7626
-6799
-2785
-2422
-2672
3033
6577
5367
1047
-5307
-3128
2855
469
-5566
-1031
6325
4720
-1069
-4159
-808
4158
922
-6055
-3205
4874
4918
-858
-1908
3251
5706
-99
-7000
-4825
1802
1989
-2098
-2780
1077
2545
-1932
-5149
-1233
2961
1287
-545
1035
3105
2635
-642
-3383
-2088
-737
-2639
-2776
79
2740
3210
2829
2248
1347
-34
-2363
-3254
-2667
-1143
115
676
929
578
353
-284
-1090
-1912
-1546
-296
451
1249
1994
2537
2123
1094
-728
-2264
-2188
-1525
-1737
-1062
1842
3659
3680
3307
3461
3157
3291
-1772
-8667
-6374
-1955
-3179
-3835
2919
6848
5736
1063
-5183
-2223
3657
-262
-6851
-1628
5800
4240
-1067
-3761
-104
4814
1404
-5742
-3470
4038
4389
-481
-1612
3185
5942
641
-6122
-4742
814
1011
-2070
-2557
590
2208
-1110
-3460
-188
2447
596
-145
1201
1999
1589
-389
-2138
-1346
-1274
-3370
-2682
543
2262
2272
2715
3062
2153
-62
-2531
-3211
-2640
-1437
-934
-501
783
1519
947
-197
-411
-954
-1477
-1384
-419
1138
2226
2644
2041
1270
-447
-2282
-2850
-2248
-1708
-772
1809
3724
4105
4015
4077
3334
3033
-2317
-9260
-7127
-2790
-3509
-3126
4158
7739
6472
1624
-4959
-2395
3059
-849
-6973
-1368
6105
4608
-492
-3005
418
4552
428
-6283
-3264
4091
4254
36
-519
3822
5432
-560
-6752
-4752
233
142
-1993
-1649
1271
2042
-1458
-2811
580
1862
-506
-191
2007
2256
1209
-762
-1781
-1251
-2119
-3953
-2598
1223
2868
2546
2586
3236
2207
-1179
-3876
-4090
-2621
-1438
-793
-88
1495
2497
1275
-439
-1211
-1121
-1631
-1565
-111
1977
3385
2957
1891
542
-1090
-2811
-3263
-2726
-1802
876
3415
4437
4422
5010
4166
3191
-420
-8277
-8291
-3722
-3372
-4378
2232
8079
7025
3053
-4180
-3637
2430
587
-6811
-3347
5703
5711
255
-3552
-1049
4260
2172
-5712
-4609
3849
5146
88
-1801
2355
5612
1070
-6329
-6062
330
1337
-1824
-2463
422
2319
-946
-3921
-1125
2365
614
-430
1888
2874
1837
-205
-2145
-2710
-2562
-3485
-3195
158
3502
4128
3483
3232
1896
-1071
-3641
-4298
-3396
-1515
435
1057
1514
2083
1551
96
-1285
-1771
-1948
-973
502
1433
2507
3144
2436
461
-1349
-2828
-3183
-2217
-1254
311
3437
5741
5359
4142
3893
2544
-5141
-9398
-5624
-3007
-4021
-1016
5673
7415
5887
-1304
-5305
412
2778
-4338
-6016
2820
6445
2339
-2494
-2779
2357
4249
-2802
-6517
1070
6328
1744
-2821
-53
4771
2548
-4712
-7012
-1240
2515
-212
-2707
-355
3129
484
-4586
-3513
1487
1252
-924
1249
3864
3557
894
-1733
-2675
-2604
-3443
-3904
-1134
2659
4101
3617
3355
2841
197
-2926
-4536
-4117
-2657
-1333
34
1697
2864
2092
366
-906
-1552
-2129
-1830
-243
1464
2815
3151
2310
870
-532
-2122
-3372
-2515
-735
1559
3395
5313
6224
5430
2518
-5689
-9005
-5869
-3763
-4727
-787
6622
7830
4813
-2270
-4014
1069
1261
-5646
-5080
4022
6133
1289
-2765
-1535
2917
2331
-4809
-5803
2487
6109
1680
-1298
2127
5302
925
-6130
-6484
-123
2164
-749
-1695
1600
3576
-638
-4903
-2746
1122
-445
-1669
1915
4942
3882
1086
-1123
-2011
-2515
-4290
-4673
-1251
3196
3981
3120
3613
3373
948
-2460
-4237
-3958
-2455
-1452
-1201
462
2388
2418
753
-869
-1666
-1739
-1104
-288
1174
2983
3292
2139
693
-776
-2214
-2289
-991
31
1631
3954
5786
5118
3962
-1827
-8133
-6285
-3938
-5268
-3944
4128
7664
5939
389
-4761
-765
2406
-3450
-7057
1213
6925
3138
-1902
-2594
1818
3506
-2753
-6934
-106
6363
3193
-1138
648
5072
3077
-4570
-7466
-1556
2860
13
-2054
725
3665
344
-5119
-4727
238
643
-2076
430
4980
5289
1496
-1406
-1824
-1688
-3218
-4731
-1965
2995
4397
2589
2416
3299
1244
-2300
-3925
-3051
-827
-58
-475
344
2040
1375
-1286
-2379
-2244
-1854
-1270
-47
1857
3590
3580
1997
718
-495
-2259
-3069
-1461
736
2344
3949
5598
5330
3896
-2908
-9747
-7297
-3440
-3963
-2643
5544
8551
6020
67
-5826
-2129
1898
-3052
-6714
1870
8111
3662
-1810
-2418
1491
2947
-3291
-6861
703
6966
3260
-769
1509
4658
1269
-6251
-7967
-844
4044
568
-1169
2843
4750
-893
-6823
-5203
-314
-213
-2351
847
6310
6751
1568
-2319
-2096
-2426
-5144
-6074
-1756
4115
6133
4471
3313
3068
346
-4244
-6336
-4074
-902
155
1033
2897
3494
1197
-1769
-3773
-4410
-3451
-2056
-47
3108
5323
4189
2284
962
-1314
-3540
-3472
-1574
788
3186
4709
5559
5506
3768
-3436
-9466
-7394
-4475
-4179
-1974
5508
8708
6128
-577
-6149
-2408
672
-3547
-5495
3277
8594
3273
-2408
-2575
1106
1295
-4361
-5885
2414
8041
3689
-452
2018
4489
-260
-7891
-8308
-109
4666
1143
2
4375
5444
-1531
-8056
-6454
-999
-356
-2368
1420
7904
7534
1121
-2490
-2404
-3012
-5356
-5942
-1475
4574
6195
3778
2557
2192
-665
-4635
-5902
-3304
91
1168
1426
2644
2688
360
-2542
-4133
-3794
-2183
-660
911
3503
4866
3507
1147
-265
-1623
-2702
-1777
435
2952
4075
4561
4403
3867
-2813
-9565
-6972
-3552
-3675
-1924
5567
7763
4967
-1308
-7630
-3790
954
-2337
-4519
3958
9290
3567
-2443
-3233
232
883
-4395
-5667
2783
8986
4549
22
2342
5244
-149
-8851
-8915
-233
4530
1113
324
4910
6119
-1159
-8713
-7287
-775
41
-2777
1317
8358
7528
610
-3253
-3291
-3463
-4764
-5335
-801
5843
7161
3772
1906
1347
-1666
-5168
-5972
-2819
1604
2623
1960
2447
2035
-710
-3571
-4447
-3748
-1581
525
1985
3732
4133
2505
381
-1127
-2475
-2536
-891
1318
3203
4359
5006
4056
3281
-3160
-9832
-7161
-2639
-2505
-2015
5439
7549
4077
-2079
-8312
-4581
999
-743
-3335
4694
9994
3148
-3748
-4527
-729
372
-3751
-4490
3419
8608
3644
-1074
1339
4137
-734
-8085
-7097
1843
5670
1211
-311
3417
3921
-3169
-9277
-6145
822
1624
-1100
2646
8228
5578
-1835
-4593
-3170
-2423
-3238
-2996
1442
6242
5410
822
-457
-54
-2108
-3990
-2925
653
3237
2567
496
-267
-613
-2686
-4060
-2957
-632
1286
1735
1796
1847
1470
-6
-877
-554
230
1136
2529
3243
3258
2797
2314
645
-6296
-8133
-3675
-156
-1123
1252
6574
4285
305
-6319
-8023
-2190
1594
-467
469
8081
6708
-1562
-5460
-3800
-267
-223
-2128
594
7343
7274
301
-2325
873
1274
-4248
-6682
-922
6353
5247
105
-71
2018
-596
-7038
-8080
-1497
3851
2517
1499
4947
5226
-1160
-5880
-4946
-2560
-545
408
1839
4531
5048
530
-4063
-3275
-2012
-2416
-1329
1995
4713
3689
350
-1927
-2363
-3044
-4112
-2622
649
3093
3266
1574
118
-655
-2102
-3377
-1778
1845
4097
4690
4495
4168
2185
325
-2633
-8233
-7570
-2726
867
-138
3250
7206
3051
-2771
-9372
-7981
-1838
1749
1322
4205
9553
4363
-4084
-7118
-4490
-958
-879
-306
4778
9830
6117
-1057
-2393
-37
-1790
-6697
-5459
2417
7769
4741
702
792
266
-4606
-9322
-6521
1273
4974
3436
3299
4916
1625
-5397
-7522
-4392
-941
1266
3192
4844
5107
2958
-2118
-5070
-3759
-2397
-1528
1155
4544
4833
2236
-1087
-3385
-4096
-3971
-2877
-86
2998
3840
3378
1811
-279
-2255
-3262
-1753
22
2488
3735
4826
5583
3903
2114
-3951
-7995
-6607
-3136
-1226
459
5668
5304
2131
-4243
-9520
-6026
-696
1054
1540
7341
7916
578
-4779
-5294
-1964
-501
-852
1315
5995
6323
992
-1934
-138
1328
-2157
-4655
-542
5294
4883
409
-653
343
-1591
-7150
-7989
-1446
3931
3269
1882
3299
2188
-2789
-6332
-4430
-535
1806
2401
2272
2817
2164
-911
-3583
-1832
883
764
758
1915
2644
1239
-1513
-2982
-2512
-1155
-1223
-672
1246
1803
890
-928
-1633
-945
-123
950
1969
3582
3472
2366
1992
1027
1004
-3139
-5554
-3290
-131
576
464
3815
2534
-232
-5746
-8744
-3820
1328
2514
1694
5332
4326
-2226
-6155
-4812
311
1674
1644
4058
6842
4194
-2286
-4142
-1161
1028
-1490
-2204
2232
5928
3285
-1716
-2500
-681
-1656
-5587
-4352
1575
3909
1296
-525
535
-174
-3525
-5267
-2314
2088
3416
2054
929
939
283
-1826
-2435
522
2788
2169
934
914
646
-1122
-2282
-1719
329
1479
465
1
512
569
-927
-2228
-1180
43
974
1292
1978
2822
2385
2125
1070
1560
-842
-4665
-3645
-1052
926
535
2736
2191
-45
-2891
-7601
-5035
-15
2840
1730
2623
3042
-1417
-4734
-4819
-574
2214
2347
3296
4357
2830
-1108
-2882
-1154
1740
1444
-241
1849
4140
1988
-1831
-2438
-932
-591
-2215
-2574
467
2074
91
-1773
-1370
-1343
-2819
-3221
-673
2091
2510
997
-124
-142
-759
-1513
-1297
1628
3285
2066
840
508
208
-1423
-1912
-330
1546
1769
613
263
349
-670
-1811
-1659
-409
835
1371
1718
2173
1482
1146
651
1164
1455
-2905
-4360
-1944
1028
27
38
2679
901
-1417
-5994
-6238
-1003
2559
3019
2312
3005
-196
-4360
-5749
-3136
1768
2673
2751
4309
3825
-593
-3652
-2445
899
2734
983
1554
4085
3214
-1068
-2988
-1818
-426
-226
-1822
-524
2204
1122
-1802
-2258
-1200
-2080
-3106
-1539
1215
2331
292
-1595
-1275
-657
-355
-342
1282
3204
2578
367
-1025
-283
55
-671
-115
1262
1686
511
-834
-386
303
22
-655
-141
1059
992
309
412
856
1806
1888
1848
1705
-2058
-3921
-3122
-978
-241
600
2226
773
-649
-4842
-5830
-1306
1715
2551
1930
1392
-1395
-3128
-2939
-1505
1638
2453
3023
3569
1875
-1570
-2670
-1270
1010
2352
1391
2338
3773
1989
-1460
-2348
-1405
-457
259
25
616
1012
-718
-2089
-1774
-1482
-1698
-1253
-141
688
613
-904
-1990
-1408
-792
-471
490
2091
2469
1098
-211
-929
-796
-297
252
1141
1532
1312
695
352
427
163
-163
-348
309
155
-299
257
1131
1321
1682
2537
2487
565
-4218
-4599
-1708
277
601
1960
3060
507
-2984
-7343
-5545
-7
2366
2352
1836
548
-2393
-3560
-3073
-282
2651
2355
2954
2967
333
-2374
-1774
280
1784
1674
694
2505
2952
202
-1630
-793
-41
649
802
-537
-568
-701
-1841
-1634
-593
-761
-998
-226
-214
-935
-1471
-1874
-939
671
1127
907
1114
1518
428
-1083
-1720
-1324
241
1388
1590
1191
571
-25
-489
-222
572
807
715
966
954
-410
-1112
13
1376
1533
2031
2055
1941
781
-3608
-4057
-1537
1085
1044
1458
1678
-373
-2457
-6023
-3460
1524
2926
1611
-361
-2245
-3875
-3146
-1806
1708
4355
2794
1779
452
-2316
-3484
-882
1745
3632
3787
1955
1925
745
-2155
-3062
-554
1606
2727
2474
274
-947
-2190
-2878
-2398
-833
-2
229
119
-1279
-1805
-2481
-2114
-438
1105
909
-32
530
746
436
-64
-122
404
1302
1214
-511
-992
-40
864
1004
1253
1713
976
-218
-980
-1062
-779
902
2700
3087
1898
1080
-157
-262
-769
-3862
-2371
773
2793
1703
1189
-198
-2185
-3073
-5964
-2590
2862
4315
2179
-780
-3425
-4651
-3060
-1853
1570
4139
2784
1726
-198
-2871
-2645
683
1885
2620
2655
1088
1073
203
-1357
-1352
552
1617
2157
1619
-496
-1270
-1612
-1062
-273
-157
-336
-628
-1607
-3022
-2884
-1743
-9
1630
1508
-331
-1289
-1024
-651
-263
1014
2235
2242
1779
291
-1447
-1470
-328
623
1559
2224
1704
150
-673
-835
-808
103
1749
2472
1765
837
594
91
593
-1143
-3464
-1424
795
1074
-143
470
-483
-1230
-2564
-4351
-12
3499
3145
22
-2418
-3714
-2735
-1283
-752
1748
2262
767
267
-1098
-1894
646
3381
2605
1828
718
-465
-186
-600
-322
729
1867
2022
1671
-358
-2386
-1805
-610
1051
1186
208
-360
-1206
-3111
-4149
-2373
-102
1275
1239
-535
-1726
-926
-293
80
944
1698
1059
-49
-362
-812
-461
1088
1952
1842
1483
577
-589
-1108
-184
446
619
1703
1908
1004
-455
-191
1044
1605
1653
-1698
-2424
-660
273
-54
-100
488
-752
-1489
-4132
-3196
2105
3364
1267
-1650
-2834
-2849
-1245
-697
385
2732
1967
562
-570
-1727
-1226
1301
2004
1369
1393
397
588
615
-355
31
1397
2313
1486
-110
-1937
-1581
-125
468
687
140
-548
-1094
-2536
-3360
-1631
514
1230
497
-669
-2117
-2076
-691
-133
727
1655
1779
787
-224
-695
-606
695
1656
1266
682
497
385
139
108
992
1348
1025
657
-334
-263
173
1410
1762
1865
-306
-3608
-1975
-666
371
424
915
95
-1043
-2340
-4962
-641
3050
2072
-774
-2622
-2158
-865
-215
-1069
1033
2441
452
-1231
-2287
-966
1772
2964
1472
1380
1460
265
-631
-1428
-19
2104
2819
2107
450
-1273
-2197
-1024
-49
640
578
26
-512
-2129
-3297
-2462
50
832
-23
-1039
-1711
-1249
-474
31
406
1538
1664
-171
-1402
-1160
33
1342
2257
1602
518
212
-285
-483
65
1563
2319
1553
422
-757
-784
-145
930
1669
1601
1619
-1894
-3302
-1571
-204
1030
1018
466
-1368
-1699
-3432
-3209
2315
3474
1035
-1726
-2855
-2489
-860
-192
732
3229
2211
-684
-2475
-2315
55
2280
2156
1268
1973
722
-970
-1388
-672
1964
3259
2542
719
-993
-2178
-2201
-872
437
1241
592
-727
-1832
-2760
-1971
141
1263
121
-1407
-1925
-1877
-1042
90
632
1405
1500
-268
-1679
-1292
-81
1275
2345
2343
1183
478
-41
-540
-93
988
1958
1793
956
69
-635
84
905
1378
1404
1239
-52
-3268
-2542
-403
1018
1298
218
-1018
-2023
-2372
-3903
-905
3924
3251
-126
-3363
-3740
-1971
-179
56
1731
3492
1195
-1744
-2716
-994
1722
2682
1276
618
944
-221
-944
-508
1397
3242
2351
567
-757
-1249
-1299
-158
1072
1623
867
-955
-2254
-3025
-2432
-424
1368
832
-947
-2040
-2375
-1599
-398
568
1115
1136
-208
-2081
-1751
176
1503
1744
1598
1171
369
-146
-148
668
1829
2493
1514
128
-348
-370
-1
801
1157
1587
1461
648
-1783
-3317
-913
1156
1989
624
-1378
-2599
-2464
-3038
-3298
1820
4530
1515
-2506
-4558
-3148
-11
1288
1063
2545
2566
-772
-3119
-2415
744
2741
1844
79
613
831
-428
-525
726
2942
3055
857
-915
-1112
-566
-224
806
1335
1141
-900
-2784
-2974
-2574
-877
1078
1326
-312
-1772
-2437
-2178
-473
375
568
1151
383
-1437
-1967
-243
1207
1568
1020
134
-57
215
219
761
2523
3002
1523
-347
-883
-136
457
1445
2028
2176
1916
246
-1266
-3241
-2642
-218
1180
1574
-34
-1547
-2384
-1959
-2571
-1524
2671
2691
-534
-3333
-3526
-1047
1462
1216
502
1493
198
-2286
-2156
317
3051
3058
479
-1127
158
508
-168
242
2056
3453
1637
-920
-1479
-204
605
752
779
974
592
-1669
-3006
-2647
-1091
283
384
-1011
-2301
-2167
-1762
-686
751
1410
769
-200
-1421
-1871
-245
1579
1704
723
33
-273
-405
53
958
2130
2554
1727
182
-363
345
783
876
1375
1496
1533
824
-106
-567
-2007
-1592
-76
1027
582
-819
-1990
-2139
-1436
-2471
-768
2510
1214
-2121
-3693
-2280
435
1919
490
219
1309
-597
-2628
-1320
1796
3348
1672
-738
-339
1304
654
-245
578
2631
2958
212
-1472
-474
947
447
-24
399
1067
146
-2402
-2385
-782
371
386
-821
-1915
-2081
-1686
-1636
-505
884
706
-227
-1136
-1653
-982
567
1108
548
341
408
-62
-221
541
1232
1981
1644
385
-38
836
1361
900
1026
1658
1330
876
284
126
220
-1144
-1524
-463
1089
680
-1141
-2184
-1728
-1106
-2136
-763
1973
1140
-1649
-3167
-2166
271
1268
-250
-255
772
-570
-2008
-873
1780
2663
949
-990
69
1721
821
39
729
2468
2148
-325
-1184
284
1291
217
-487
206
1241
-188
-2521
-1992
-339
305
-368
-1453
-1800
-1306
-1250
-1437
126
1287
322
-1079
-1558
-1025
238
1129
722
297
438
270
-26
393
1289
1546
1529
851
221
409
966
1111
750
1058
1400
626
558
779
744
284
-1477
-1511
-241
725
-377
-1639
-1803
-1096
-1175
-2441
-763
1451
330
-2059
-2629
-1030
1085
1250
-311
-14
518
-1244
-2193
-680
1811
2107
794
16
1011
1486
275
201
1702
3148
2130
-23
-295
776
788
-419
-444
792
1093
-1040
-2466
-1209
148
-70
-1021
-1646
-1403
-1192
-1705
-1561
190
688
-752
-1666
-1573
-511
329
489
167
304
584
-37
-105
909
1587
1108
786
544
364
1052
1484
1275
1193
1494
784
87
800
996
891
-106
-1556
-1295
-67
547
-456
-1088
-1326
-921
-1478
-1817
448
1446
-448
-2724
-2972
-1463
434
513
-79
740
452
-1206
-1370
475
2139
1613
327
71
1098
796
-156
257
1577
2345
752
-677
-54
967
565
-250
323
887
565
-1372
-2154
-837
-15
-165
-1136
-1354
-1110
-1150
-1416
-910
250
222
-708
-1557
-1257
-264
341
227
-18
250
358
119
92
965
1699
1441
908
650
1027
1506
1217
756
725
1068
577
415
928
1252
1123
-1045
-1901
-612
768
732
-602
-1556
-1616
-1226
-2424
-1864
984
1068
-1293
-3045
-2532
-467
982
118
67
887
-250
-1732
-1154
956
2083
919
-350
433
1636
687
115
1134
2450
2287
263
-444
740
1295
210
-390
386
811
-246
-1898
-1487
165
430
-478
-1454
-1410
-1283
-1630
-1590
-273
608
-238
-1381
-1661
-761
-15
159
121
351
562
-40
-185
396
1289
1280
535
426
812
1340
1342
904
808
1103
991
379
747
1144
1401
106
-1896
-1385
-134
632
-209
-1077
-1539
-1004
-1126
-1773
153
1489
39
-2243
-2910
-1568
324
416
-402
276
273
-1147
-1366
166
1742
1489
-64
-210
1343
1406
321
589
1791
2306
1046
-348
288
1425
1042
45
336
830
237
-1541
-2083
-698
185
-68
-981
-1361
-1232
-1505
-1813
-986
297
-105
-1107
-1595
-933
-39
102
-195
-146
108
-231
-366
174
1049
1349
945
679
895
1382
1427
1188
1207
1348
1322
1006
861
1063
1095
755
-1045
-1752
-692
144
424
-402
-1475
-1796
-1366
-2041
-1799
386
771
-880
-2576
-2576
-667
847
189
-63
424
-275
-1397
-921
824
1837
1016
-253
413
1710
1113
496
1187
2372
2157
329
-342
651
1158
276
-288
407
1100
-50
-1772
-1338
-132
170
-608
-1295
-1233
-833
-1395
-1616
-237
374
-505
-1506
-1310
-323
310
-46
-185
180
143
-347
-405
559
1283
944
441
564
1112
1215
1030
915
1079
1202
943
724
942
1140
946
345
-1006
-957
-154
555
509
-551
-1477
-1481
-1147
-1611
-707
662
361
-1344
-2854
-2262
-472
323
-240
-17
116
-794
-1534
-667
1249
1759
532
-78
920
1348
390
126
1370
2455
1613
-77
-146
959
866
-173
-147
659
611
-862
-1599
-558
230
-291
-1153
-1293
-767
-946
-1501
-842
230
-99
-1222
-1511
-755
112
-66
-434
-98
218
-9
-258
451
1246
1212
585
486
918
1078
1046
992
1085
1128
926
687
760
979
691
702
-30
-777
-637
69
586
-274
-1147
-1666
-1144
-934
-1020
96
758
-207
-2238
-2813
-1388
159
161
-31
163
-320
-1294
-1482
235
1732
1200
-9
173
1307
846
26
671
2091
2265
626
-280
497
1083
446
-170
625
1079
97
-1436
-1257
-60
-92
-841
-1255
-805
-664
-1425
-1547
-526
137
-690
-1508
-1192
-328
-64
-309
-165
355
359
-337
-233
530
1029
914
710
1131
1223
1017
815
919
1338
1212
914
722
951
821
638
456
-427
-699
-408
385
198
-511
-1097
-1301
-872
-1084
-617
272
111
-1426
-2514
-1754
-390
147
-370
-303
-290
-923
-1462
-698
1121
1375
329
-66
1016
1293
257
163
1259
2141
1230
17
313
1190
768
-326
123
1028
759
-1017
-1615
-440
155
-377
-1028
-676
-384
-1094
-1791
-1127
99
-131
-1193
-1311
-558
-223
-536
-607
81
478
-158
-599
101
982
1058
813
979
1275
1007
552
620
1163
1467
1195
847
877
944
657
559
166
-378
-478
23
199
-113
-616
-1083
-953
-1070
-1077
-279
250
-566
-1783
-1795
-807
98
-141
-325
22
-236
-1108
-1141
185
1164
672
-66
568
1373
719
-200
275
1567
1753
782
313
935
858
-185
-345
723
1300
106
-1278
-1009
-6
-109
-720
-550
-159
-687
-1760
-1686
-414
141
-624
-1149
-757
-340
-552
-866
-334
452
365
-238
-101
472
506
317
514
1108
1153
683
399
630
1034
935
810
850
875
539
173
316
134
-397
-500
-195
4
-157
-734
-948
-810
-899
-914
-286
187
-431
-1150
-1349
-737
-139
-214
-65
297
224
-464
-589
113
664
514
247
792
1288
687
-141
35
827
1190
769
638
882
396
-512
-728
70
701
268
-398
-425
-253
-706
-1073
-631
52
-49
-798
-988
-452
-338
-774
-775
-286
44
-221
-574
-290
224
236
-21
164
513
516
189
143
522
644
488
439
677
854
621
301
305
491
515
451
464
297
-47
-284
-345
-139
7
-88
-131
-130
-350
-526
-464
-420
-398
-313
-298
-274
-303
-463
-500
-295
-187
-189
-204
-213
-148
-137
20
252
236
83
-3
154
330
439
351
270
380
252
115
158
220
192
-8
-43
81
85
-69
-267
-275
-96
-18
-27
15
-16
-181
-269
-222
-175
-126
-144
-220
-152
-49
-168
-230
-133
-89
-40
164
368
455
410
233
78
134
397
518
530
592
366
29
-1
60
180
414
385
171
27
-147
-248
-72
92
16
-117
-348
-429
-353
-241
-147
-113
-252
-483
-610
-460
-212
-143
-117
-130
-275
-267
-108
-3
132
254
206
126
186
209
166
195
259
246
168
161
139
67
37
46
98
71
70
25
-31
-43
-82
-128
-118
-128
-199
-247
-278
-266
-268
-232
-241
-286
-227
-182
-151
-68
19
98
185
227
122
100
277
421
484
570
606
431
259
82
-71
132
375
406
340
176
-80
-261
-230
-194
7
171
-67
-356
-471
-398
-309
-269
-254
-385
-521
-542
-455
-299
-119
-52
-252
-268
-127
-1
227
292
199
189
184
153
239
256
240
271
169
149
265
227
28
-63
-58
77
120
-8
-25
-101
-152
-260
-318
-189
-82
-137
-250
-170
-140
-215
-280
-304
-171
-120
-155
-99
0
64
61
49
159
228
138
209
414
556
599
510
360
348
253
62
179
373
363
224
80
-76
-97
-118
-223
-140
-46
-118
-290
-412
-391
-321
-278
-299
-346
-404
-373
-303
-221
-77
-90
-178
-182
-148
-17
185
321
288
215
164
109
94
184
344
415
417
326
177
82
20
-42
110
318
246
58
-131
-242
-173
-176
-184
-44
22
-152
-348
-295
-119
-22
-119
-164
-40
-14
-66
-112
-85
104
172
99
191
245
141
113
234
403
566
447
183
205
132
34
170
300
339
212
-40
-159
-53
-137
-282
-175
-112
-77
-262
-456
-420
-423
-479
-491
-432
-366
-331
-391
-410
-193
-138
-248
-203
-77
87
235
333
351
323
265
149
116
194
341
402
336
364
293
173
95
-53
78
255
230
189
66
-84
-153
-203
-243
-136
0
-88
-189
-247
-303
-303
-353
-334
-179
-70
-43
-51
-112
-81
19
21
113
240
194
173
250
335
515
601
402
276
186
33
118
221
232
270
175
-54
-164
-160
-238
-189
-132
-97
-61
-239
-386
-449
-485
-495
-486
-427
-356
-269
-396
-434
-246
-216
-200
-171
-67
162
293
208
182
211
204
240
242
315
435
361
265
286
264
250
142
50
108
136
85
61
65
-23
-46
-58
-103
-63
-144
-261
-255
-202
-188
-252
-306
-302
-248
-178
-126
-53
-19
-13
-26
37
140
153
146
145
215
283
341
369
243
199
149
41
150
259
256
254
158
-12
-48
11
-72
-38
-19
-133
-141
-254
-331
-273
-262
-273
-254
-261
-273
-247
-244
-165
-87
-136
-135
-103
-22
129
178
190
185
158
129
100
135
218
260
220
184
184
123
93
23
-30
56
5
-43
7
-44
-83
-76
-140
-124
-76
-155
-161
-125
-128
-152
-212
-208
-138
-109
-80
6
28
23
44
25
120
196
176
175
161
219
264
278
326
278
173
117
48
49
156
169
142
144
-21
-146
-132
-172
-138
-60
-113
-153
-170
-259
-242
-203
-236
-174
-183
-262
-226
-193
-165
-103
-114
-121
-56
9
103
181
176
192
145
75
126
94
106
191
155
172
170
106
41
-25
-70
-60
17
-12
-4
-8
-104
-117
-164
-167
-127
-147
-141
-127
-119
-122
-172
-205
-142
-101
-70
-1
29
47
63
55
128
189
168
187
187
230
350
337
319
357
240
127
119
76
143
248
161
131
112
-13
-84
-111
-163
-78
-4
-93
-100
-164
-234
-216
-275
-235
-166
-164
-152
-124
-84
-71
-44
-113
-71
25
15
132
182
168
190
120
109
152
134
115
134
139
134
130
46
9
0
-76
-38
-30
-75
-70
-131
-145
-141
-168
-204
-217
-217
-225
-175
-156
-94
-95
-173
-161
-142
-86
-33
18
55
88
96
72
101
112
164
220
231
271
251
258
234
198
192
140
136
88
107
131
104
101
9
-49
-106
-138
-161
-173
-111
-163
-176
-218
-251
-216
-251
-252
-247
-205
-194
-167
-111
-120
-58
-48
-67
-28
13
67
100
128
149
196
200
143
140
124
137
175
179
158
131
98
24
-9
17
29
40
39
-14
-67
-95
-84
-121
-157
-125
-134
-117
-122
-114
-117
-144
-123
-126
-58
10
16
63
79
88
142
192
194
179
183
159
182
229
221
244
194
129
118
58
65
126
126
110
70
-31
-129
-150
-177
-188
-153
-182
-201
-215
-256
-247
-246
-233
-206
-210
-197
-165
-150
-109
-65
-41
-15
-4
-9
31
97
127
185
180
138
136
66
81
151
179
217
198
134
61
40
19
54
99
42
-6
-70
-127
-136
-122
-136
-154
-167
-186
-175
-171
-128
-144
-186
-161
-130
-92
-24
25
15
46
68
66
132
145
159
181
163
208
221
271
283
272
256
201
191
122
133
180
182
172
95
16
-79
-120
-139
-140
-77
-104
-154
-204
-264
-277
-243
-205
-217
-220
-233
-232
-208
-166
-98
-40
1
-20
-6
26
76
145
171
219
210
175
146
129
163
189
211
179
145
116
52
30
17
23
22
-18
-47
-89
-117
-153
-189
-215
-223
-207
-209
-205
-205
-197
-183
-158
-145
-122
-74
-37
-4
22
48
83
113
113
138
193
231
263
279
285
289
285
248
204
187
139
113
129
102
85
53
-17
-63
-95
-121
-141
-126
-141
-150
-163
-218
-235
-251
-259
-231
-221
-201
-162
-132
-113
-71
-54
-42
-10
24
81
137
163
176
196
183
170
176
173
202
206
189
187
167
114
55
22
-1
9
0
-37
-59
-92
-117
-156
-180
-170
-191
-203
-205
-187
-170
-164
-152
-146
-122
-108
-77
-27
12
61
74
83
109
115
126
161
191
191
211
209
200
216
189
149
129
105
86
86
81
63
32
-24
-96
-139
-161
-175
-171
-171
-175
-191
-224
-216
-216
-214
-189
-193
-178
-153
-126
-106
-86
-47
-30
-7
21
71
128
159
179
171
162
154
132
123
135
165
187
173
145
113
65
10
3
5
1
-21
-73
-110
-127
-146
-163
-176
-187
-180
-181
-180
-147
-100
-81
-85
-71
-45
-24
9
42
73
113
124
116
121
132
148
157
180
214
233
235
230
226
190
136
100
73
60
60
45
4
-58
-117
-154
-178
-170
-171
-168
-181
-195
-196
-202
-196
-189
-185
-180
-162
-138
-108
-76
-38
-5
20
30
50
81
102
141
166
165
157
150
137
144
161
148
133
132
112
79
64
34
-1
-27
-69
-85
-89
-105
-128
-134
-138
-150
-150
-158
-154
-131
-105
-88
-66
-36
-21
-13
6
37
64
88
113
132
151
151
158
186
198
208
211
203
201
201
192
182
169
132
87
36
8
-5
-25
-59
-99
-135
-168
-190
-201
-198
-188
-187
-198
-205
-213
-200
-190
-181
-165
-154
-134
-109
-78
-53
-35
-14
13
40
75
99
128
146
157
159
147
137
114
107
103
99
88
63
46
21
1
-19
-45
-76
-100
-117
-122
-124
-125
-126
-132
-134
-130
-119
-100
-78
-60
-37
-19
-11
2
19
42
75
88
105
130
140
151
157
172
186
192
193
190
191
182
158
134
104
79
48
18
0
-21
-41
-59
-80
-89
-114
-142
-154
-160
-158
-159
-160
-156
-151
-148
-146
-137
-113
-96
-79
-62
-45
-18
2
29
35
39
54
68
85
94
92
89
78
66
59
47
39
23
16
16
7
-8
-32
-48
-61
-72
-73
-77
-82
-90
-91
-90
-96
-86
-78
-66
-50
-33
-8
7
27
45
63
77
85
93
111
135
159
170
170
171
168
165
150
147
154
146
132
114
87
67
41
11
-11
-25
-37
-56
-75
-97
-113
-129
-144
-156
-165
-162
-141
-123
-124
-125
-125
-128
-117
-104
-81
-55
-32
-17
-10
16
40
57
69
76
78
84
85
82
95
97
94
83
59
46
34
20
13
15
5
-24
-37
-54
-63
-67
-69
-68
-66
-75
-84
-84
-78
-70
-70
-55
-40
-27
-12
5
26
39
62
75
90
108
108
117
119
117
115
106
99
95
91
87
87
76
60
50
35
17
-3
-30
-51
-66
-80
-91
-91
-98
-110
-118
-127
-124
-121
-119
-106
-101
-91
-86
-85
-84
-77
-65
-58
-38
-15
2
25
39
52
58
62
65
60
66
69
74
80
78
72
56
46
37
38
35
25
15
0
-14
-23
-25
-24
-24
-23
-26
-27
-21
-20
-20
-20
-18
-21
-17
1
16
27
39
53
54
58
61
64
72
75
74
69
65
59
45
38
31
32
33
26
18
3
-2
-19
-31
-41
-51
-51
-56
-57
-66
-69
-72
-73
-67
-69
-64
-58
-48
-41
-44
-42
-43
-39
-29
-16
-2
3
7
14
23
31
30
34
36
31
29
24
24
27
24
10
-4
-7
-13
-13
-14
-18
-18
-23
-24
-26
-36
-46
-50
-49
-41
-37
-39
-32
-21
-15
-3
0
6
22
26
26
32
36
42
56
61
66
71
72
68
68
73
73
70
60
55
53
47
40
37
34
28
25
16
1
-6
-19
-37
-41
-42
-48
-55
-58
-54
-52
-54
-64
-69
-62
-54
-48
-40
-32
-28
-21
-17
-18
-18
-17
-8
1
7
13
18
21
24
30
38
37
24
25
22
23
28
21
15
7
-3
-2
-2
-2
-2
-3
-11
-14
-6
-8
-8
-15
-20
-21
-27
-27
-27
-23
-13
-14
-8
3
10
9
8
13
14
15
9
1
1
7
15
16
22
20
22
27
22
25
21
12
4
0
-3
-5
-9
-11
-15
-16
-11
-3
2
6
9
2
-6
-13
-16
-11
-9
-7
-2
-2
1
3
2
-1
4
7
7
7
13
20
14
11
7
4
9
14
18
17
12
10
-1
-14
-20
-20
-17
-16
-9
-9
-13
-13
-7
-6
-6
-5
-5
-11
-12
-13
-15
-17
-17
-12
-10
-5
-2
0
8
14
14
19
18
13
16
18
15
11
13
14
16
15
14
20
21
18
10
8
6
2
1
-6
-12
-11
-9
-12
-4
-5
-8
-12
-17
-15
-17
-17
-12
-7
-4
-6
-10
-13
-11
-6
-6
-8
-5
-6
-5
-6
-5
-1
4
4
3
4
3
2
3
2
3
1
-4
-1
4
5
7
7
8
10
11
8
9
11
13
10
6
5
2
-2
-5
-8
-4
-2
1
3
2
0
-1
-3
-7
-9
-10
-12
-15
-17
-11
-9
-7
-7
-7
-2
-3
-2
1
0
-1
-2
-3
-5
-7
-2
3
2
1
0
-6
-14
-14
-10
-5
4
3
1
0
2
5
1
2
4
2
-1
0
2
3
3
-3
-6
-5
1
8
9
13
12
3
2
1
-6
-14
-12
-4
9
14
13
14
4
4
8
11
11
13
13
11
14
17
12
10
14
10
10
13
12
12
6
-1
-5
-3
0
1
7
4
-3
-7
-5
-5
-8
-9
-8
-8
-4
-10
-15
-14
-16
-18
-16
-11
-7
-6
-11
-11
-15
-19
-18
-20
-18
-12
-10
-5
-3
-6
-8
-3
0
-1
-3
-5
-4
-1
0
-1
0
-4
-5
-3
0
4
5
3
1
-1
3
7
5
8
11
11
6
6
8
9
9
10
8
7
9
7
6
4
8
8
7
4
-2
-4
-5
-4
-1
1
0
-4
-6
-3
0
-1
-1
0
2
5
5
2
-1
-3
-3
-5
-7
-3
4
3
4
6
6
4
3
5
2
6
7
3
-5
-6
-5
-5
-4
-1
-2
-6
-8
-8
-10
-9
-7
-6
-6
-5
-3
-4
-3
-1
-7
-13
-3
8
3
-12
-10
-1
4
6
0
1
3
7
15
10
8
8
3
-1
13
19
7
2
1
2
1
4
5
5
4
6
8
-3
-12
-6
0
-7
-8
-9
-8
-6
-4
-6
-8
0
0
1
7
9
8
-2
-2
1
3
-4
-7
-4
-4
1
13
14
7
7
8
7
2
6
4
-1
-3
-8
-10
-10
-7
-1
3
0
-6
-7
0
-2
-5
-7
-18
-18
-15
-12
-9
-2
1
1
-4
-8
-2
2
5
2
2
6
6
7
5
4
2
5
12
8
7
9
4
8
-1
-4
2
-1
0
-9
-12
1
5
1
0
-2
-3
1
2
-3
-2
-4
1
8
4
5
-1
-2
4
3
2
4
6
9
4
-1
4
8
7
6
4
-1
-1
-1
-6
-5
-3
0
-5
-5
-4
-7
-6
-7
-2
-3
1
-3
-16
-17
-22
-17
-6
-3
-6
-4
-14
-18
-3
1
5
16
18
16
11
12
17
18
17
13
4
7
16
8
12
15
9
9
7
9
15
9
-5
-7
-2
0
-1
-9
-9
-5
-8
-13
-13
-13
-15
-16
-13
-11
-3
-1
-7
-7
1
-4
-6
6
1
-4
-2
-12
-8
10
15
15
8
8
9
6
3
-3
1
8
3
-8
-12
-7
5
11
-5
-15
-10
-8
-6
2
9
3
-7
-12
-12
-4
0
8
11
5
8
12
15
12
6
5
3
6
10
11
18
22
13
6
3
2
1
7
20
13
7
-2
-14
-8
2
1
-2
0
-2
1
-10
-5
-4
-10
-3
-7
-8
-8
-11
-11
-4
4
-2
-6
-6
-1
5
2
2
0
-2
5
6
-4
-9
-1
2
4
-2
-3
-6
-7
1
-5
-7
-2
0
-3
-7
-5
-13
-15
-16
-20
-11
-11
-15
-10
-17
-11
1
2
9
8
10
10
8
9
6
6
8
12
12
16
14
6
8
5
3
2
10
16
8
2
4
8
11
10
7
4
-2
-8
-9
-7
-7
1
2
3
0
-10
-4
4
-4
-4
-4
-4
2
1
-6
-6
-8
-10
-6
4
14
6
7
11
-5
-5
0
-3
-7
-3
4
-2
-2
-2
-5
-1
-5
-7
-7
-8
-5
-8
-16
-13
-9
-9
-8
-11
-15
-13
-10
-10
1
10
4
5
9
8
10
2
5
7
-1
-2
-7
6
13
-1
5
12
0
5
8
11
5
3
11
3
-3
-7
-7
-3
0
-6
-5
1
-6
-6
-3
-3
-1
3
-2
-3
-10
-18
-18
-13
-3
0
-1
3
0
-6
-5
-5
2
2
-2
6
4
1
6
7
13
14
1
5
5
-2
0
-3
-2
-2
-8
-5
1
-3
-7
-6
-2
-2
-6
-12
-5
-1
-7
-12
-8
6
9
5
9
13
9
8
2
5
11
10
6
5
9
16
21
19
21
14
5
6
8
5
-4
-12
-16
-9
-6
-12
-10
-5
7
7
1
1
-3
4
7
3
6
6
-3
-8
-8
-10
-2
4
7
6
-6
-15
-17
-18
-9
-3
-1
8
7
2
2
-5
-1
7
2
2
3
2
5
6
2
4
1
-3
-7
-5
3
2
3
-1
-8
-11
-9
-6
-2
7
2
-8
-11
-13
-14
-12
-5
3
5
5
-1
-5
0
6
9
9
6
2
0
3
12
16
13
16
18
11
9
11
5
1
5
6
-5
-3
1
-1
6
7
2
2
3
2
0
1
-2
-2
-1
-7
-8
-5
0
4
7
7
5
7
1
-6
-4
-2
-3
-8
-9
-8
-9
-7
-9
-5
1
3
-1
-6
-3
0
-1
-7
-13
-9
0
1
-3
-7
1
6
8
9
8
8
-1
-5
-4
-6
-4
-8
-15
-13
-4
4
5
7
8
7
0
-4
-1
-1
-1
-2
-1
1
-1
-4
-5
-5
1
-1
-9
-12
-11
-7
-4
1
0
-3
-2
-6
-8
-5
-1
-6
-6
0
0
8
10
3
-3
-2
3
0
-5
-7
-3
4
2
-3
-2
-2
6
7
2
0
0
-3
-8
-12
-14
-20
-15
-9
-12
-7
-3
-2
3
7
3
-2
1
0
1
2
-2
-1
9
14
11
18
25
27
25
15
13
15
13
8
7
9
4
7
13
14
10
3
-4
-6
-4
-3
-2
-4
-3
-3
-3
4
7
8
7
8
5
4
2
0
0
0
-1
-4
-2
-4
-10
-10
-3
3
9
4
-7
-12
-9
0
5
3
-7
-13
-9
-6
1
2
0
2
0
-3
0
1
2
6
3
1
1
2
3
2
3
-2
-6
-8
-8
-1
1
0
-2
-6
-11
-9
-1
0
-5
-6
-5
-7
-9
-4
-1
-1
7
6
-1
-3
-2
0
3
5
0
-1
3
6
2
3
7
5
3
2
4
5
-3
-10
-9
-5
1
0
3
7
7
8
8
8
6
3
4
3
7
6
7
11
10
7
3
5
9
13
9
7
6
0
-7
-6
-6
-5
0
2
1
6
11
9
9
4
-2
-6
-5
-5
-3
-6
-7
-6
-7
-1
3
5
7
4
3
2
2
2
0
-3
-7
-6
-7
-8
-1
3
4
9
10
6
-1
-7
-9
-9
-8
-10
-12
-13
-9
-6
-2
-3
0
4
7
11
9
2
-3
-2
-2
-1
5
7
8
4
3
0
-3
-3
-4
-6
-9
-8
-7
-5
-3
-2
-4
-12
-7
1
-1
-1
-3
-6
-13
-16
-9
-2
2
5
3
-2
2
2
-3
-5
-2
-4
-9
-3
1
-3
-4
-3
-1
2
-1
3
8
6
5
6
-1
-5
-4
-4
-4
-4
1
-1
-5
-2
-7
-10
-7
-5
0
1
1
2
-1
-3
-6
-6
-1
1
3
5
10
11
13
15
11
2
-8
-8
-13
-15
-13
-9
-3
4
3
-2
-1
5
7
6
8
3
-3
-8
-7
-4
2
6
5
7
8
8
7
8
4
0
-4
-8
-2
4
12
13
15
15
10
7
7
12
9
4
1
-5
-6
-8
-6
-2
-2
-6
-8
-6
-2
-4
-6
-8
-13
-14
-15
-15
-11
-10
-8
-6
-4
-4
-2
1
5
8
4
7
14
13
13
7
4
4
0
-1
4
11
10
9
9
10
14
9
5
3
-2
-6
-10
-13
-10
-9
-7
-1
0
0
1
1
1
1
-2
-7
-14
-14
-11
-7
-7
-3
-1
-3
2
6
5
5
5
5
-1
-5
-5
2
5
2
11
14
15
20
13
9
9
9
5
1
-2
-5
-5
-9
-10
-9
-4
-3
-1
10
13
11
6
3
-2
-3
-5
-8
-3
-1
0
4
6
9
9
3
-2
-4
-8
-9
-5
-5
-6
-3
0
-3
-2
1
1
-6
-10
-8
-8
-4
-5
-6
0
1
4
3
4
5
4
5
8
10
6
7
6
1
-6
-6
-3
-3
-1
2
1
1
4
6
-2
-7
-6
-9
-9
-10
-9
-9
-7
-4
1
2
1
-4
-8
-12
-9
1
-2
-5
-5
-8
-9
-8
-1
5
5
7
3
4
5
2
0
2
-1
-5
-5
-8
-9
-6
-2
-3
1
4
3
5
1
2
2
3
1
-3
-3
1
10
12
14
16
11
7
3
1
0
0
-4
-1
3
5
7
6
7
4
4
1
-3
4
9
8
7
8
5
3
-1
-4
-8
-5
-4
-2
-3
-6
-2
-2
-4
-6
-5
-5
-10
-10
-2
-3
0
5
-3
-7
-6
-1
2
2
6
5
3
-1
-4
-3
-1
5
9
12
13
11
6
4
3
-1
-8
-11
-10
0
0
0
5
-4
-5
-4
-2
-2
1
7
5
2
-1
-8
-11
-7
0
2
4
6
8
7
7
7
8
11
9
12
13
8
7
4
2
1
-1
2
-1
2
2
2
3
4
6
1
-1
-1
-5
0
0
-2
-8
-11
-10
-15
-18
-12
-8
-7
-6
-5
0
-1
-5
-4
-3
-1
0
2
2
5
7
9
10
12
8
3
6
14
14
11
7
7
8
8
6
0
-3
-5
-12
-13
-8
-6
-4
-3
-5
-4
-9
-13
-10
-4
-2
0
-1
-2
-2
-4
-5
-7
-6
-3
-1
-1
-5
-6
-5
-5
-4
-1
2
2
2
0
-2
-1
2
2
6
7
2
6
1
-5
-8
-9
-6
-7
-6
-4
-3
3
7
8
13
13
4
-2
-3
-9
-13
-13
-10
-1
0
0
8
5
3
0
-5
-4
0
1
2
-4
-10
-5
-9
-10
-4
-2
1
4
5
5
2
7
7
-3
-5
-9
-9
-5
-7
-1
5
12
10
11
10
9
12
9
5
3
-1
-3
-5
-1
1
0
0
-4
-5
0
4
-3
-10
-10
-5
-2
2
3
2
0
-3
-7
-7
-3
2
5
8
11
7
3
8
8
4
-1
0
1
-1
0
2
3
8
5
-1
-3
-4
-4
-4
1
0
0
3
-4
-8
-12
-15
-12
-13
-13
-9
-7
-3
-8
-6
-9
-8
0
5
10
12
16
13
12
11
10
10
10
7
3
0
-1
0
3
4
9
8
4
3
-2
-4
-4
2
8
7
5
-1
-1
0
1
-5
-6
-1
-2
-1
-4
-5
0
3
2
1
5
11
13
14
8
8
9
6
4
1
-2
-4
-4
-7
-5
-3
-2
-3
-2
-2
0
3
-1
-2
-3
-1
-1
-4
-15
-19
-12
-9
-3
2
7
7
2
3
2
4
4
0
-6
-8
-9
-9
-10
-6
-2
-3
5
7
8
6
-1
-2
2
2
1
-1
3
3
-1
-4
-7
-4
2
2
3
7
3
7
3
-1
-2
0
4
2
3
5
4
-1
-4
-7
-10
-9
-7
-5
-6
-8
-9
-5
-3
-1
1
2
3
-4
-8
-8
-9
-4
2
-1
1
3
1
-4
-2
6
4
1
-2
-4
-6
-7
-5
2
4
5
4
1
2
1
-3
-5
-5
-6
-7
-1
2
-1
0
5
8
10
6
1
-2
-2
0
3
9
9
9
8
9
11
7
6
9
12
8
4
-2
-10
-9
-7
-8
-8
-6
-10
-8
-3
-2
-3
-1
0
1
1
3
4
-1
-2
-7
-3
6
6
3
0
-2
-2
1
10
15
10
4
-1
-4
-5
0
2
3
6
5
3
0
1
2
-2
-5
-3
-2
-1
-3
-6
-11
-14
-13
-8
0
7
7
5
6
6
8
10
9
6
-6
-12
-6
-2
6
13
15
13
8
6
3
5
6
1
-4
-8
-5
-2
-1
0
1
2
3
1
2
-1
-4
-7
-7
-7
-6
-5
-6
-3
-1
2
2
-1
-3
-3
-8
-13
-9
-8
-4
-3
-2
-2
-3
1
4
5
6
8
3
-4
-4
-8
-13
-14
-14
-9
-3
-1
2
-1
-2
3
0
-1
-2
-6
-7
-8
-4
-7
-3
4
1
-1
2
11
10
10
13
11
3
-2
-7
-8
-6
-7
-8
-8
-3
3
3
4
9
11
4
0
0
1
1
0
2
-3
-4
0
-1
-1
3
6
7
7
3
0
2
9
15
15
14
13
10
3
0
8
13
15
16
11
12
13
14
11
8
3
-7
-13
-15
-12
-7
-12
-8
-1
8
8
4
5
0
0
-3
-8
-8
-9
-14
-12
-8
-4
3
4
5
3
-3
-7
-4
0
-1
-3
-1
2
-2
-5
-1
-3
-7
-13
-21
-21
-11
-4
-8
-8
-4
-4
-7
-5
1
-1
0
0
-1
3
2
3
3
-1
-1
5
3
4
6
6
4
5
6
-2
-2
4
5
1
-1
2
5
4
4
0
-3
-4
-4
-6
-9
-7
-7
-5
-1
0
-3
-5
0
4
6
7
8
3
3
3
0
1
2
4
7
7
11
14
12
6
-2
-1
0
4
9
9
6
4
4
-1
-1
3
0
-3
-2
-4
-5
-7
-9
-8
-6
-7
-5
-6
-2
-2
1
2
2
8
5
-4
-11
-15
-18
-20
-16
-9
-6
-4
-1
1
-3
-2
0
-1
0
-5
-5
0
-1
1
-2
-5
-5
-1
2
6
7
2
2
2
2
7
9
7
-1
-6
-13
-15
-8
-7
-5
-2
4
8
11
5
0
-4
-6
-2
2
2
1
1
-2
-6
-6
-1
9
11
13
12
2
-3
-5
-5
-2
2
4
5
4
3
-3
-5
2
9
14
12
10
6
1
3
4
3
6
5
5
2
-3
-4
-5
2
5
8
10
4
4
4
3
0
-3
-3
0
2
3
1
-1
-2
-3
-5
-1
4
8
7
7
2
-5
-1
-3
-1
0
0
3
4
1
-2
3
2
0
0
2
8
6
7
6
6
8
5
4
6
4
5
6
4
5
2
-1
-2
-4
-1
-3
-8
-6
-4
4
7
0
-5
-8
-10
-10
-8
-8
-6
-4
-1
0
0
3
4
5
1
-1
1
0
-1
-2
-2
-1
-1
-1
-2
-3
1
-1
-4
-4
-4
-8
-9
-6
-4
-6
-8
-4
0
7
12
6
0
-3
0
-1
2
6
4
-2
-2
-4
-3
0
1
1
2
4
0
-5
-3
-6
-2
0
-3
-2
-5
-7
-6
-2
-1
3
1
-5
-2
-4
-9
-9
-5
-4
-5
3
2
-2
-7
-12
-7
-2
9
7
5
9
5
5
1
3
11
12
13
9
1
-4
-1
4
9
6
6
3
-3
-5
-1
3
8
12
6
2
1
-5
-10
-6
3
3
2
0
-3
-3
-3
1
2
1
0
-4
-4
-4
-8
-2
-1
4
6
7
9
3
-1
3
1
5
3
-4
-8
-5
0
5
11
13
11
10
5
2
2
-5
-11
-12
-7
-3
-6
-10
-12
-10
-7
-2
6
5
2
-1
-3
-5
-2
8
10
5
5
7
8
2
0
-1
-4
-5
-5
-7
-2
3
6
3
0
3
-1
1
3
-1
0
0
1
-4
-8
-6
-6
-10
-7
-9
-6
-9
-8
-5
-6
-2
-2
2
3
7
7
8
3
0
-2
-7
-3
-1
-1
0
2
2
4
6
9
13
13
14
9
3
3
3
2
-2
-4
-2
-6
-8
-5
0
2
6
7
5
-2
-4
-4
-7
-4
-2
0
-4
-4
-3
-6
-5
1
7
4
8
9
4
0
-4
-2
-4
-7
-1
2
1
3
3
2
-4
-6
-6
-9
-6
-7
-7
-3
-3
-6
-10
-6
-2
-3
0
0
-1
1
-7
-11
-10
-9
-4
1
5
11
12
14
10
6
6
2
-3
-3
-2
-5
-4
1
1
-2
-3
-1
-3
1
2
2
3
2
6
8
3
-1
-3
-4
-5
1
18
18
16
15
5
0
-1
-2
-5
-5
1
-1
-3
1
8
10
13
10
5
4
-3
-6
-8
-7
-3
-4
-6
-2
2
3
3
6
4
5
4
-3
-5
-5
-7
-8
-8
-3
-2
-5
-6
-7
-2
-1
-3
-2
-1
-1
-6
-6
-5
-3
-1
-3
-5
-2
1
3
3
4
0
-1
-5
-9
-11
-16
-14
-8
-7
-6
-6
-2
5
10
14
14
14
12
10
10
2
-4
-6
-1
3
12
19
15
8
2
-1
-2
-1
-1
-1
-2
-9
-13
-7
-10
-14
-12
-10
-10
-6
-8
-10
-5
-5
-6
2
7
7
6
4
3
0
1
-1
-2
-2
-6
-4
-6
-5
-7
-5
5
7
7
5
6
6
10
13
13
9
6
8
6
7
3
0
-10
-10
-6
-5
-2
-2
-1
-4
-7
-6
-9
-13
-10
-6
-3
-5
-1
-2
-7
-2
1
0
1
3
-2
-9
-10
-9
-4
7
9
4
5
9
10
8
11
11
9
11
5
1
0
-3
-2
1
3
8
11
7
8
5
-3
-4
-3
-1
-1
1
0
-1
3
3
1
-2
0
-2
-1
3
5
7
1
3
3
3
8
8
5
1
-2
-2
1
4
5
2
3
0
-3
0
-4
-7
-9
-13
-14
-13
-13
-11
-7
-1
-2
-2
-1
5
4
-1
-4
-4
-6
-5
4
6
5
6
5
3
7
13
15
10
6
-3
-13
-13
-15
-12
-1
1
0
0
-4
-3
-1
0
1
2
4
-3
5
-5
2
21
8
-2
2
14
3
-14
-9
2
7
-9
-17
1
12
7
3
9
18
17
14
14
8
1
-2
-3
-6
-12
-10
5
6
1
0
4
4
-2
-5
-6
-1
0
-3
-8
-13
-5
10
8
-2
-8
1
6
6
10
14
12
7
9
6
0
3
9
13
9
8
14
9
-2
-3
3
3
-1
-5
-14
-19
-19
-19
-16
-17
-14
-8
-3
-2
0
2
2
6
9
5
4
5
3
1
3
2
2
7
7
4
0
-4
-4
-7
-5
-3
-4
-6
-9
-11
-13
-11
-10
-10
-4
-1
-6
-6
-10
-11
-7
-9
-11
-9
-6
-4
-6
0
5
6
6
5
8
7
6
9
10
10
7
4
-2
-7
-8
-6
-6
-6
0
2
9
10
7
0
-4
-2
-8
-6
0
4
4
2
-2
-6
-7
-7
-6
-5
-2
-4
-2
-6
-11
-7
-2
1
3
11
10
12
10
7
3
1
3
2
3
-2
-1
0
-2
-1
2
5
6
5
0
-9
-7
-3
-4
-5
-7
-2
2
4
5
3
3
2
2
2
3
0
-2
-4
-10
-10
-10
-4
-1
-5
-4
-2
-3
-3
1
-1
-7
-3
3
5
3
7
8
5
3
2
6
5
2
-3
-3
0
6
6
4
1
-1
1
-1
-7
-7
-4
-1
2
6
4
5
-1
-3
-1
-3
2
6
5
2
4
8
4
0
0
-2
-5
0
4
5
6
7
7
5
10
16
21
17
8
6
1
-5
-6
-3
3
6
10
7
-1
-1
-2
0
2
7
9
9
6
-2
-3
-7
-13
-13
-10
-6
-3
2
5
7
6
0
-4
-8
-10
-9
-4
-3
-4
-3
-4
-4
1
5
5
6
0
-9
-10
-8
-6
-8
-11
-7
-3
-5
-6
-6
-6
-1
-6
-10
-9
-11
-7
-6
-5
-2
-4
1
2
4
10
12
10
9
8
7
4
5
2
3
5
2
5
2
2
2
3
6
6
6
4
-1
-3
-5
2
5
3
1
-2
-4
-4
1
1
-1
-1
-4
-11
-19
-16
-15
-17
-10
-1
3
7
6
1
-1
-3
-5
-2
-1
-3
-6
-9
-8
-8
-1
2
2
0
-6
-4
-3
-4
-4
0
2
-6
-8
0
3
4
6
6
7
8
6
3
3
9
7
5
4
7
6
3
4
3
2
3
8
9
8
6
4
3
3
0
-7
-6
-5
-6
-4
0
1
1
0
5
10
9
6
4
3
4
-4
-8
-7
-4
-4
-5
-2
1
0
3
11
13
11
6
0
-3
-2
-4
-12
-16
-18
-20
-19
-10
-5
-5
-5
-4
-5
-5
-1
4
3
-2
-2
-3
1
2
2
4
2
-2
-3
-1
0
5
6
5
7
5
3
-1
-3
-2
-2
1
6
10
12
9
5
1
2
0
5
7
6
12
6
0
-2
-3
0
2
0
0
1
2
2
0
1
6
6
4
1
0
2
6
12
14
10
4
1
-2
-8
-9
-8
-7
-9
-9
-7
-6
-3
-2
-2
0
1
-1
-4
-9
-12
-8
-4
2
6
6
7
7
5
7
7
5
3
-1
-4
-3
-3
-2
-1
-3
1
1
0
1
-2
-7
-5
-5
-2
-1
-4
-3
0
1
-1
0
1
0
0
-2
-3
-4
-3
-3
-4
-2
2
4
1
-1
-2
-1
-2
-3
-7
-10
-6
-5
-9
-7
1
5
5
8
9
9
12
12
9
8
7
5
1
0
0
-2
-3
-3
2
3
2
3
-1
-4
-1
1
-3
-4
-8
-13
-11
-9
-14
-12
-8
-2
-1
1
2
0
-2
-5
-8
-9
-6
-5
-6
-4
1
1
-4
-5
-8
-8
-7
-9
-6
1
4
7
7
1
-3
-8
-5
-3
-7
-8
-1
5
6
5
6
4
2
3
2
3
7
11
8
3
4
4
-2
-4
-4
-3
-2
1
-1
-9
-7
-6
-4
2
3
6
5
8
8
0
-1
4
6
4
4
4
5
8
3
-3
1
1
4
11
12
14
5
-2
-5
-8
-2
3
4
6
11
8
8
5
5
7
4
7
10
7
2
-1
0
-6
-5
0
2
6
10
10
6
6
10
8
6
1
1
3
9
13
15
15
14
13
6
2
-3
-8
-9
-9
-3
-2
2
3
0
4
4
-1
-2
-4
-4
-6
-12
-13
-13
-7
-4
-7
-4
2
3
2
0
-2
3
6
-1
-4
-3
-4
-2
-5
-2
2
5
9
4
1
-1
-6
-6
-7
-5
-5
-12
-13
-13
-12
-9
-5
-6
-7
-6
-7
-7
-6
-7
-10
-9
-11
-12
-6
-7
-7
-4
-3
-1
1
3
6
7
7
6
7
9
5
8
8
4
2
-2
-3
0
6
12
11
9
7
6
1
0
0
-1
-2
-4
-5
-5
0
1
-2
-6
-9
-8
-8
-11
-11
-8
-5
-3
-3
2
4
1
2
-1
4
4
0
1
1
1
4
2
0
0
0
-2
0
-1
-1
-1
0
1
-2
-14
-15
-6
-3
1
6
4
4
1
1
4
2
2
4
9
10
8
8
7
7
9
10
10
10
7
8
10
12
6
-4
-2
1
1
-1
-8
-6
-2
1
5
2
-3
-3
0
0
-11
-13
-12
-20
-30
-30
-8
9
11
10
12
18
18
13
9
4
5
3
-9
-14
-14
-12
-7
-5
4
8
6
4
-8
-12
-8
-6
-7
-8
-12
-8
-3
-5
-6
-7
-1
5
5
11
23
22
11
0
-4
-8
-2
4
-1
0
5
6
3
1
2
0
3
4
-3
2
5
2
0
-4
-5
1
4
2
-1
-4
-5
-1
4
4
0
-1
-5
-8
-8
-11
-8
-1
4
2
4
8
8
11
7
3
7
7
1
-9
-13
-10
-6
0
8
12
12
8
7
6
1
-3
-4
-13
-13
-5
-4
-1
3
-7
-10
-6
-4
-2
3
3
0
-5
-9
-9
-15
-12
-6
-2
-1
-2
0
2
0
5
4
-2
-5
-4
1
-2
-6
-9
-6
2
8
13
8
5
8
8
10
9
6
-1
-1
7
12
16
17
12
10
13
11
14
13
9
5
-4
-4
-5
-5
1
-1
-2
-6
-6
-6
-7
-5
-4
-5
-1
-1
-5
-3
-4
-11
-10
-6
-3
2
1
2
3
-2
-2
-1
-1
2
3
-4
-6
-2
-3
1
5
3
-2
-2
-2
-5
-9
-16
-15
-9
-10
-8
-3
-6
-10
-2
3
8
12
12
9
7
5
4
1
1
4
2
-8
-10
-7
-3
4
10
11
7
4
2
0
-3
2
1
-6
-7
-6
-1
2
2
7
9
11
6
0
1
0
-2
-3
-3
-1
1
-1
-7
-14
-8
3
12
14
10
5
-1
-1
-8
-20
-18
-7
-2
0
3
2
2
7
7
9
10
5
3
-6
-11
-10
-8
-8
-5
-3
-1
4
12
16
17
14
8
0
3
6
1
-9
-15
-12
-10
-8
-4
0
8
15
11
6
3
6
11
8
-3
-12
-11
-8
-8
-10
-7
0
7
5
5
7
6
4
0
-1
0
0
-3
-4
2
5
0
-3
-1
-3
-6
-9
-6
2
7
1
0
-4
-4
0
0
4
4
1
1
2
1
-4
-1
3
-3
-12
-12
-9
-6
-4
-4
-3
3
8
11
9
5
-3
-6
5
9
5
3
-2
-2
2
4
1
3
1
-5
-1
-1
-1
1
-2
0
1
2
6
4
0
-1
-6
-6
-7
-10
-10
-5
4
8
9
12
9
9
9
0
-3
0
-3
-3
1
2
0
-2
-2
-6
-6
1
0
-3
0
3
4
2
-4
-7
-7
-6
-8
-8
-8
-4
1
4
7
10
7
4
0
-4
-7
-9
-3
-2
-4
-7
-10
-6
-1
3
12
11
7
3
-6
-8
-5
-3
-1
-3
1
-1
-8
-8
-10
-10
-9
-6
-3
-5
-7
-9
-12
-10
-3
3
4
5
7
11
8
4
-3
-4
-2
1
1
3
8
11
10
10
13
11
8
5
3
1
2
4
0
0
4
5
5
6
9
12
9
4
2
7
8
6
1
3
3
0
-3
-7
-3
4
6
4
3
1
4
3
-4
-12
-13
-14
-14
-14
-16
-13
-2
2
3
5
7
11
7
4
1
6
7
2
0
2
7
10
7
8
10
12
8
3
1
-3
-2
-1
-6
-13
-16
-15
-17
-9
-6
-8
-4
-4
-5
-2
-1
3
1
-5
-9
-8
-8
-7
0
6
8
13
11
9
5
4
4
2
0
-13
-11
-3
-3
12
20
23
22
25
26
22
18
10
3
-6
-9
-7
-10
-10
-6
2
8
12
15
10
7
7
3
-6
-10
-9
-9
-11
-12
-8
-7
-6
-6
-6
0
4
7
4
-2
-3
-6
-9
-8
-7
-2
4
8
6
7
5
1
1
-2
-5
-9
-10
-17
-17
-13
-10
-6
-3
5
1
0
3
3
0
-1
-7
-12
-10
-7
-10
-11
-11
-12
-7
1
4
5
10
6
8
6
-6
-17
-13
-1
-2
2
2
-1
-3
-5
1
6
10
18
10
4
1
4
-4
-17
-16
-10
-7
1
9
9
12
9
-5
-12
3
17
14
7
-2
-12
-19
-30
-36
-25
-16
-1
17
20
17
15
29
33
22
13
4
-3
-7
-18
-30
-31
-17
1
14
21
29
33
33
28
20
15
7
-1
-6
-11
-24
-30
-23
-6
4
10
21
14
2
-2
8
24
32
26
17
-1
-14
-20
-21
-29
-23
-16
-15
-13
-7
3
2
13
20
26
23
15
6
-7
-10
-11
-21
-28
-19
-17
-5
3
8
15
18
22
19
16
19
16
4
-6
-20
-21
-23
-22
-16
-1
14
14
17
11
7
12
7
-7
-17
-17
-20
-32
-26
-12
-7
5
13
14
9
7
1
0
-8
-10
-9
-14
-12
-10
-4
-1
8
19
18
20
25
27
20
7
-2
-4
-14
-24
-18
-12
-7
-4
4
7
5
8
16
18
15
17
6
-4
-2
-5
-4
-9
-16
-22
-25
-8
-1
4
16
14
14
16
6
-3
1
4
-3
-4
1
0
-3
1
-4
-11
-3
-1
6
6
2
2
-4
4
-1
-6
0
-9
-8
-9
-17
-8
-6
-1
1
2
6
6
10
3
7
20
23
14
10
-5
-20
-17
-7
-1
-15
-14
-5
-14
-10
-9
-10
1
8
17
9
5
-1
-17
-22
-19
-12
-12
-3
0
5
4
6
11
23
18
18
16
2
4
-7
-16
-22
-13
-4
-11
-11
-8
-9
3
17
20
33
24
17
2
-16
-7
-17
-15
-12
-18
-6
-11
-3
2
-9
6
8
-1
15
9
11
6
-10
4
-4
-8
-5
-20
-12
-18
-3
12
3
15
12
12
18
5
-1
10
8
17
7
13
14
0
-2
-3
-2
5
3
-2
-10
-11
9
-5
-1
5
-1
3
-9
9
-3
-8
-4
-18
-19
-20
-8
6
5
2
14
17
21
26
17
11
-4
-11
-18
-21
-16
-24
-17
-1
-4
2
13
19
10
6
10
-4
5
0
-9
-13
-18
-5
-9
-7
-7
-12
9
6
13
24
10
14
15
11
4
-12
-20
-25
-26
-4
5
19
42
22
12
9
1
15
5
5
-3
-22
-9
-25
-19
-11
-14
1
-2
2
10
4
7
8
8
7
0
17
15
-2
-2
-15
-9
3
0
9
-2
10
8
-1
17
14
12
7
-8
-5
-20
-25
-17
-18
-2
0
1
8
6
10
15
18
27
17
0
-6
-17
-16
-9
-9
-4
-8
1
-3
-4
8
1
8
7
8
5
-7
-11
-20
-21
-20
-16
-8
-12
-10
-4
-1
9
13
14
11
-1
-3
-1
-16
-17
-19
-18
-16
-10
4
-3
3
8
5
5
2
10
13
5
10
6
0
5
-1
3
-2
-9
0
3
10
21
10
18
19
8
12
12
13
16
-3
-7
-4
-11
-10
-10
1
1
-3
-6
-7
6
10
7
2
-5
2
-7
-19
-20
-23
-16
-8
-5
1
1
3
12
14
11
8
5
1
-9
-8
-7
-3
0
-9
-11
-3
5
10
12
11
8
13
16
8
-1
0
-4
-18
-16
-4
6
14
9
7
13
17
19
7
-3
4
6
-1
-3
-11
-11
-15
-18
-12
-5
3
14
10
4
2
-5
-5
-21
-23
-17
-21
-11
-3
9
13
13
14
4
-1
-9
-10
-11
-14
-13
-13
-11
-10
-10
-14
-10
2
5
11
11
0
-2
8
10
12
19
11
8
1
-7
0
4
2
-1
-9
-6
1
6
7
0
3
7
17
23
20
4
-14
-15
-7
0
0
-6
-14
-10
-10
-5
4
4
12
7
5
6
-5
-6
-11
-9
0
7
13
4
3
4
-2
-3
-1
12
13
15
15
5
3
-1
0
-1
2
1
3
-4
-17
-23
-24
-16
-7
3
7
4
-1
-6
-15
-15
-10
-4
-1
-8
-10
-12
-20
-15
-13
-2
0
5
10
10
8
-7
-9
-5
2
9
11
14
17
20
17
14
9
3
-3
-7
-6
-9
-12
-6
-3
-3
-1
0
-2
6
10
7
8
11
11
12
12
11
6
4
7
5
3
0
-2
-5
-9
-6
-5
-9
-8
-5
-11
-6
-3
-2
4
-2
0
-2
-3
-3
-7
-2
-2
-1
3
5
7
9
3
-4
-6
-1
3
13
13
10
11
1
-2
-5
0
6
9
11
9
9
5
1
2
1
6
12
14
6
-3
-5
-6
2
3
-1
0
-11
-23
-27
-17
-9
-7
-1
-2
-4
-2
-9
-12
-6
7
15
18
19
14
9
2
-2
-2
-5
-8
-10
-14
-11
-9
0
6
4
8
7
6
1
-6
-9
-16
-16
-7
4
9
7
0
0
6
7
3
7
11
4
0
-3
-7
-1
5
7
2
2
0
0
-1
-3
-1
1
5
3
3
10
10
3
-5
-7
-10
-11
-11
-12
-9
-7
-4
2
4
4
5
2
-1
-7
-12
-6
2
10
13
10
8
2
-1
-1
7
11
10
7
2
2
-1
4
0
-4
0
-1
1
-3
-9
-15
-16
-6
-2
-8
-8
-4
-7
-3
-1
-4
-5
-8
-9
-6
-1
3
3
5
3
0
-3
-5
-3
1
4
4
6
9
7
10
8
4
5
5
5
10
13
12
9
5
6
3
-3
-10
-6
-2
-3
-2
-6
-8
-10
-7
-10
-10
0
5
3
1
-4
-8
-7
-1
1
4
8
7
1
-5
-4
-4
-3
-3
-6
-1
-1
-3
-6
-8
-2
3
7
6
12
18
12
8
6
1
-3
-1
2
3
1
-1
7
15
12
8
5
1
1
1
-4
-5
-6
-6
-5
-2
1
1
7
13
11
5
-2
-12
-16
-16
-17
-13
-10
-6
-7
-7
-4
-2
2
2
1
0
2
-2
-1
-3
-5
-4
-6
-3
-2
1
5
7
9
10
5
4
1
-2
-7
-9
-7
-4
-1
2
0
-2
-1
0
-2
2
10
10
6
2
-1
0
1
0
2
-1
-2
0
0
4
10
11
6
5
5
5
3
3
1
-5
-3
-3
-7
-10
-10
-6
-3
-1
-3
-3
-1
1
1
-5
-4
3
9
8
6
4
0
-4
-3
-3
-3
0
2
0
0
4
5
3
-1
-4
-1
8
10
7
3
2
2
0
1
-1
0
1
-1
-5
-12
-13
-7
-3
-3
-5
-9
-8
-10
-8
-8
-11
-9
-11
-13
-14
-12
-7
-3
-6
0
9
9
8
7
4
3
14
14
7
7
9
10
3
-1
-2
4
8
0
0
3
2
1
-7
-15
-14
-2
5
6
8
6
4
6
6
6
7
8
7
0
-10
-12
-8
-8
-7
-1
0
7
9
7
5
4
3
2
-1
-6
-4
-4
-4
-4
-3
-3
0
0
0
3
3
3
-2
-1
6
10
9
2
-2
-2
-1
-4
-4
1
3
-1
-4
-3
-3
2
1
-2
-1
-2
-3
-6
-5
-1
3
2
6
7
9
10
8
8
4
6
4
-5
-6
-5
-7
-3
2
1
3
7
8
5
-1
-1
3
7
5
2
-2
-7
-11
-12
-10
-7
2
9
11
8
1
-3
-6
-5
-4
-5
-1
3
2
-3
-9
-12
-8
-5
-6
-3
-1
-1
-4
-7
-8
-7
-1
3
3
5
0
-5
-4
-2
-1
-6
-7
-10
-11
-7
-2
4
5
0
-2
-3
-5
-2
0
-4
-6
-6
-7
-7
-5
-1
2
4
4
1
1
3
0
1
3
5
3
-2
2
4
4
5
2
3
-1
-5
-4
-3
1
3
2
1
2
0
1
2
3
6
4
1
1
3
2
1
4
2
4
9
11
9
5
3
-2
-9
-13
-9
-5
-4
-8
-9
-9
-6
-1
0
4
10
12
9
4
3
1
1
2
1
2
4
4
6
10
8
4
0
-3
0
-1
-1
1
-2
-4
-2
2
3
3
0
1
2
3
5
3
-3
-2
0
-3
2
6
3
1
0
0
0
2
2
3
5
6
5
6
6
5
4
5
5
2
-3
-5
-2
-1
-2
-3
-1
-2
-2
3
-1
-2
-1
-3
-3
-1
-3
-7
-10
-11
-11
-10
-4
2
3
4
0
-2
3
5
6
8
10
7
0
-2
-1
3
4
7
8
8
7
0
0
2
0
-3
-3
-6
-4
-4
-4
-4
-4
1
0
-1
-2
-1
0
2
7
11
9
8
8
7
5
5
3
-3
-2
-2
-1
6
6
5
2
2
-1
-2
2
1
1
5
4
0
-3
-3
-3
-4
-3
-4
-4
-1
1
2
0
1
0
0
-3
-8
-10
-11
-10
-13
-14
-13
-7
1
4
5
6
5
2
-2
-8
-8
-8
-8
-5
2
6
5
8
4
-1
0
-1
-6
-3
0
-1
-1
1
-1
-5
-3
0
1
3
7
9
9
6
0
0
0
-5
-9
-8
-8
-6
-4
-8
-7
-4
-4
-5
-7
-8
-6
0
3
5
10
16
16
15
12
7
3
-2
-1
-3
1
3
-4
-8
-6
-2
0
-2
-1
-2
-1
-1
-1
1
-1
0
0
2
6
3
-1
0
1
0
1
4
2
-4
-3
-2
-1
3
5
5
2
-2
-4
-6
-6
-1
0
-6
-3
-2
-7
-4
1
2
2
-1
3
2
6
9
6
1
0
-2
-2
0
5
7
5
5
1
-2
-2
-3
-4
-2
0
3
7
5
7
11
11
9
6
1
-3
-4
-7
-6
-6
-9
-7
-5
-1
-3
-4
-5
-6
-2
-4
-5
-7
-6
-7
-5
-1
2
4
4
8
12
11
10
7
6
1
-2
-1
-4
-5
-4
-7
-7
-6
-3
-1
-2
-1
-2
-1
1
3
2
-2
1
6
9
6
4
-3
-4
-4
-4
-3
-3
-5
-6
1
-1
-2
-2
0
1
-1
-3
-5
-4
-5
-4
-2
-1
-5
-2
0
0
0
0
-5
-8
-6
-9
-5
-2
1
4
3
5
7
5
0
-1
-3
-1
-1
-3
-5
-3
1
4
9
10
11
8
4
5
8
8
12
14
9
6
2
4
2
0
1
1
3
4
-1
-4
-2
2
3
1
1
3
0
-4
-4
-1
0
0
-4
-8
-5
-2
1
2
2
2
3
3
-2
-5
-3
-1
-1
-2
-2
0
0
0
2
1
0
-4
-7
-11
-9
-10
-9
-9
-9
-8
-2
4
3
3
8
10
11
9
9
11
10
11
10
5
-2
-4
-5
-7
-5
-2
-1
-2
0
0
0
-5
-5
-2
-3
-4
-1
-3
-7
0
2
2
0
-1
-5
-4
-3
-2
-5
-6
-2
2
5
4
5
-1
-5
-5
-7
-11
-14
-12
-10
-7
-5
-1
3
6
9
12
16
15
8
5
0
-5
-8
-4
-4
-4
-6
-4
0
4
8
2
-1
-1
-5
-5
-2
-2
-4
-2
-2
2
8
12
11
8
6
4
8
5
4
3
1
-1
1
-1
-5
-4
-1
-1
3
7
7
6
6
6
6
8
7
7
8
6
3
0
-2
-4
-8
-5
-3
-2
2
3
2
0
0
0
-1
-1
-4
-7
-7
-6
-1
2
2
1
0
-4
2
10
9
11
11
7
2
2
3
-4
-9
-8
-7
-7
-7
-8
-9
-8
-6
-5
-1
0
-1
-5
-7
-3
1
5
5
8
9
6
3
0
1
6
10
5
0
1
-4
-7
-5
-5
-7
-3
2
4
1
0
-4
-7
-8
-8
-8
-6
-8
-9
-8
-11
-9
-4
1
6
6
5
7
3
2
1
1
-2
-6
-8
-11
-7
-6
-7
-6
-5
0
4
6
3
1
1
1
3
4
5
5
4
2
-4
-5
-5
-1
4
1
2
5
2
-2
-1
-2
0
7
4
4
2
-6
-7
-9
-7
-5
-3
4
5
6
5
2
1
3
7
8
6
4
8
4
-1
1
1
2
1
-5
-4
0
3
3
4
6
6
6
3
0
-2
-3
-1
-3
-5
-6
-5
-3
0
0
0
0
-2
1
0
1
7
10
10
5
-2
-3
-6
-8
-6
-3
-2
-1
0
1
3
8
7
7
10
9
5
2
-3
-9
-3
1
2
4
6
10
15
16
10
6
4
2
-1
-2
1
2
-1
-7
-8
-6
-4
-4
-4
-4
-1
2
0
0
-1
-5
-5
-1
2
2
0
-1
0
-2
-2
-5
-5
-7
-8
-8
-7
-8
-12
-8
-1
1
1
1
-1
-4
-4
3
8
13
14
11
7
1
-3
-8
-13
-14
-13
-6
-1
6
9
10
10
12
9
4
2
-1
-6
-8
-9
-11
-9
-9
-7
-3
-1
1
2
1
4
8
2
-2
-3
-5
-5
-6
-2
0
4
6
6
6
5
6
-1
-3
0
-3
-1
-2
-7
-10
-11
-9
-5
1
4
3
5
5
-2
-2
-3
-4
-7
-4
-1
2
3
0
-1
0
1
6
7
9
9
4
4
0
2
-1
-5
-6
-6
-6
-6
-7
-8
-6
-2
-3
1
4
3
6
9
5
3
2
2
3
0
2
1
-2
3
5
4
3
2
2
0
1
3
