0
-6
-9
-8
-11
-11
-3
1
4
2
-2
-4
-7
-8
-5
-3
-1
-4
-4
0
3
6
6
8
6
4
6
2
-2
-2
-5
-2
-2
-1
-3
-1
-1
-5
-2
-3
-2
-6
-10
-8
0
0
1
3
-1
4
6
7
11
10
7
4
6
5
4
4
7
7
5
3
-4
-4
-1
-1
1
2
0
-3
-8
-7
-5
-1
-3
-7
-2
0
2
0
1
1
0
-3
1
3
3
5
4
3
3
1
-1
-2
-4
-2
-1
0
0
-2
-3
-5
-2
2
3
4
0
-1
2
0
0
1
1
-1
-3
3
6
-3
-6
-1
5
9
12
7
4
8
12
10
2
2
1
-5
-9
-7
-4
0
-3
-3
-1
2
9
10
5
4
5
-6
-11
-13
-7
0
-8
-6
9
2
-10
6
1
-10
6
11
-6
-4
-4
-11
4
4
-8
-3
-2
-10
1
2
-10
3
9
-5
3
16
8
7
8
-5
-6
-5
-21
-19
-5
-18
-12
4
-1
5
11
12
9
5
-1
2
6
3
-1
-10
-13
-6
-3
-4
0
3
-4
-5
7
4
0
8
7
3
1
0
1
-4
-10
-12
-6
-9
-8
9
8
2
5
2
7
10
7
6
4
4
14
16
1
-4
-2
-7
1
7
4
3
9
2
-12
-12
-7
-9
-5
-1
-3
-1
-2
-2
4
8
10
13
12
12
11
-3
-6
-2
-5
-5
-6
-6
1
0
-3
-7
-3
-1
-12
-8
-9
-17
-13
-12
-10
-6
-2
-12
-18
-8
-6
-7
-1
2
3
4
5
5
7
11
8
4
4
5
9
5
1
-1
-5
-1
2
7
7
-3
3
4
-10
-13
-7
-4
3
10
-2
-2
0
-3
1
0
1
-1
-7
-6
3
3
3
7
-2
-8
0
3
8
18
14
9
1
-2
0
8
12
11
8
-5
-12
-2
-1
8
15
9
-5
-7
0
-5
3
10
6
0
-2
-5
2
5
-2
2
2
-3
-4
-1
1
7
7
-5
-5
-10
-6
6
-1
-8
-10
-16
-14
-3
4
4
0
-4
-4
-6
-7
-4
-4
-1
-2
-8
-2
7
7
10
11
8
-1
-3
3
6
13
15
15
6
1
2
5
7
6
8
-4
-4
-1
2
5
-1
-2
-2
-11
-4
3
-6
-9
-8
-3
-1
8
5
-8
-13
-10
2
6
8
11
7
6
6
5
2
-3
2
7
2
1
6
5
6
0
-7
-11
-15
-11
-5
-2
-6
0
4
6
12
4
0
2
2
0
-6
-6
-3
2
1
-3
1
4
-1
2
1
-6
-6
-7
-8
-7
5
5
-1
7
6
7
10
4
-4
-8
0
-6
-7
-9
-11
-5
-1
-3
-4
-4
-5
-6
0
3
-3
4
-6
-11
-3
-4
1
1
2
2
-3
-3
0
9
7
3
8
6
7
9
10
2
-2
1
1
1
1
4
3
1
-4
-5
-9
-6
1
-1
8
10
10
8
3
-5
-2
7
4
1
2
-2
2
2
-8
-4
-4
-3
-3
3
8
3
7
-6
-15
-4
6
-1
-8
-3
5
5
-2
-7
3
6
-1
-1
-4
0
1
5
6
1
2
-14
-20
-10
2
10
2
-4
-7
-6
1
-18
-25
0
10
9
6
12
4
3
12
13
26
22
1
-18
-31
-31
-11
1
0
6
20
19
-1
-20
-20
1
14
15
9
5
2
2
-1
-17
-23
-2
8
-1
1
12
7
-9
-11
-6
9
22
15
7
-1
-10
-10
-14
-3
9
14
11
1
-7
-18
-13
-15
-18
-1
10
11
8
1
-7
-11
-2
5
12
15
13
7
-9
-18
-24
-12
2
6
16
16
14
8
-5
-6
0
6
23
24
18
10
1
-3
-6
-1
-3
-5
-6
5
8
-1
-10
-18
-11
-1
3
2
-5
-9
0
5
-7
-17
-21
-13
-5
-4
-4
0
7
4
-3
-1
-3
-2
0
2
5
3
3
2
-3
2
4
8
6
6
11
7
5
-4
-9
-10
-4
2
3
2
2
2
-1
2
1
-3
-1
5
7
4
2
-1
-9
-10
-1
10
13
15
6
-16
-18
-17
-8
5
13
13
7
-6
-12
-7
-5
-1
3
5
12
19
21
10
-3
-13
-21
-12
4
12
15
3
-13
-21
-19
-13
-5
13
14
12
2
-11
-16
-16
-15
-9
12
19
14
7
2
-3
-3
-2
-15
-2
16
10
7
6
-4
-13
-8
-4
0
5
11
8
-1
-4
-6
-9
-7
-3
5
11
8
8
1
-15
-14
-9
-5
19
24
12
-2
-12
-14
-9
5
3
-8
-7
-1
1
1
-5
-13
-15
2
14
8
5
0
-8
-17
-14
-4
5
10
3
5
3
-3
1
-4
-8
-1
7
4
-6
-6
-7
-10
-10
-10
-5
6
13
10
4
-5
-8
-2
-4
-7
-5
-2
-2
7
14
3
3
7
7
4
8
7
-2
2
-4
-5
-5
-10
-4
5
10
8
4
7
4
1
-1
-2
-7
2
13
14
12
1
-14
-20
-7
11
20
17
11
1
-8
-9
-12
-8
-4
3
10
7
4
-4
-15
-13
-2
6
12
11
3
-4
-3
-9
-6
0
-4
6
3
-3
3
4
-1
-9
-2
2
2
8
0
-7
-7
-7
-8
-9
-7
-3
2
-2
0
10
5
-5
-13
-9
-2
5
17
9
-9
-7
-4
-10
-7
-2
5
10
17
12
6
9
6
0
-3
2
8
-5
-16
-25
-19
-6
3
10
5
-5
-5
11
9
-4
-5
3
6
4
6
5
4
4
-8
-8
-1
8
10
10
9
-3
-12
-12
-11
-12
-10
-6
-10
-5
-2
-6
0
5
1
2
11
16
14
11
8
6
6
5
3
9
8
1
-6
1
14
11
7
5
3
-7
-17
-2
3
-2
-3
-1
-4
-9
-4
-2
4
12
19
22
17
11
8
5
7
11
3
-3
0
-3
-12
-8
4
7
0
-1
5
-6
-17
-7
-3
-4
-3
-7
-11
-12
-9
-8
-6
5
6
7
9
3
-4
-16
-17
-4
-1
-7
-9
-6
-7
-4
0
4
10
18
9
-3
1
8
11
8
-1
-9
-14
-13
-10
-3
10
16
15
10
3
-3
0
3
-6
-13
-12
-12
-12
-8
-3
0
-1
1
2
9
10
7
9
4
2
6
2
-2
-2
-5
-4
8
14
9
-2
-9
-7
1
4
7
5
1
0
0
3
-3
-8
-3
-9
-15
-10
0
4
5
6
8
1
-7
-9
-11
-3
12
10
-1
-9
-2
3
-4
0
-1
4
6
1
1
5
3
-4
-14
-19
-10
-5
2
7
9
5
-2
-1
-3
-7
1
9
1
2
6
-2
-1
11
16
7
2
-8
-20
-10
0
6
11
13
8
-14
-11
-9
-8
19
22
11
1
-23
-25
-14
-1
20
21
7
-17
-41
-28
-7
16
38
22
-3
-20
-37
-34
-8
24
29
20
4
-20
-21
-10
8
29
32
17
-18
-31
-27
-26
-9
16
25
-2
-21
-26
-37
-13
13
22
30
22
-11
-33
-18
-12
1
25
26
12
-4
-4
-7
-11
7
13
12
19
19
6
-1
-11
-20
-4
10
11
17
23
20
-7
-36
-25
-2
19
34
37
16
-17
-27
-31
-20
12
35
38
16
-16
-29
-26
-15
14
41
32
16
-4
-34
-36
-11
5
18
24
10
-7
-34
-34
-14
5
24
21
17
-13
-25
-19
-23
2
18
23
14
-10
-16
-21
-4
16
19
23
14
1
-7
-4
3
3
4
8
0
-10
-11
-10
-7
8
7
1
-5
-14
-6
-4
8
4
0
-10
-23
-10
-2
7
26
24
5
-5
-17
-6
4
17
23
10
-1
-16
-16
-17
0
13
7
-1
-11
-12
-8
-2
4
3
8
6
-1
-11
-10
-1
-8
-11
-5
-1
-3
1
3
10
3
10
3
-13
3
11
20
17
18
-2
-21
-4
0
17
26
16
2
-15
-21
-16
-8
9
15
3
-10
-23
-25
-19
-8
8
18
10
-4
-7
-2
4
19
20
9
4
0
2
3
4
7
3
2
6
7
1
0
-2
-8
-14
-15
-21
-12
-5
-11
-8
-1
2
10
9
6
9
-2
1
7
6
4
-3
-5
-1
5
13
7
5
15
16
11
6
5
5
-7
-7
-2
-8
-14
-8
2
-2
-9
-3
8
6
1
-5
-7
-1
2
-16
-27
-12
-7
-10
-12
-8
-4
3
19
18
11
10
8
-1
-14
-11
7
11
7
12
11
0
-6
0
1
6
12
2
-2
0
2
2
0
-1
-9
-9
0
3
-1
-4
0
0
-2
0
-7
-11
-12
-8
6
1
2
1
-1
0
-6
1
5
6
11
13
6
1
-1
-5
1
-2
-3
0
1
4
4
-4
-6
-4
3
10
14
8
4
0
-9
-3
-5
-2
-4
-5
4
-4
-4
-5
-6
6
3
0
9
10
-7
-14
-15
-13
2
9
10
6
-2
-8
-15
-11
1
-2
-3
5
7
-2
-5
3
3
6
12
15
6
4
-4
-14
-12
-8
-3
-2
1
8
3
-1
4
-4
-12
-10
-5
2
6
8
2
-1
-3
-3
-8
-3
7
6
2
4
5
1
-5
-4
1
2
3
-2
-10
-12
-6
-1
2
1
1
2
0
-4
-8
-7
-4
0
0
-4
-6
1
11
4
6
8
7
8
6
12
9
1
-2
-5
-8
-1
1
2
5
2
-7
-5
-4
-5
-10
-12
-5
-9
-10
-3
-3
-4
-9
-6
-5
1
12
12
5
-2
-3
-9
-2
-4
-7
10
9
9
7
-1
0
5
9
2
-6
-9
-8
-7
0
-2
-5
-2
-3
-3
7
14
16
18
7
0
0
2
2
6
18
8
1
8
3
-1
6
9
-1
-4
-3
-12
-8
-4
0
-4
-4
0
-12
-7
3
-1
0
0
-3
-6
-7
5
8
3
3
0
-3
2
5
4
0
-7
-14
-17
-13
-9
0
7
8
6
-9
-5
3
5
3
1
6
-1
-7
-2
2
5
0
2
3
2
4
0
0
3
4
1
-2
3
-1
-5
-4
-2
-6
-7
-5
-6
3
9
6
2
-3
-1
1
3
5
4
6
7
6
2
-5
-2
0
0
0
2
10
9
3
9
7
7
4
-4
-4
-1
6
-3
-6
-3
-1
4
2
0
3
7
6
-1
-10
-13
-13
-12
-15
-15
-3
7
1
-6
3
5
0
6
9
8
7
-1
-2
-7
-4
9
11
6
2
5
-1
-4
6
8
10
8
0
-9
-12
-8
0
9
15
14
8
0
-6
-1
-4
-1
4
1
3
-4
-6
-5
-6
-3
3
-4
-3
-1
-3
0
-4
1
8
2
0
0
6
7
-2
0
-4
-11
-4
-3
-2
8
8
2
-10
-18
-14
-10
-2
5
3
1
3
3
1
2
8
8
6
3
-3
-7
4
7
-4
-3
0
-6
-10
-9
-8
-3
1
2
0
-7
-5
3
-1
0
0
-1
2
-7
0
2
0
3
0
0
7
13
11
7
4
2
-3
-4
3
-2
-4
-4
-11
-4
5
1
2
3
4
1
-6
-4
-3
3
5
0
-4
-9
1
7
2
9
10
5
1
1
0
0
-2
0
-1
-6
-4
2
0
2
6
3
2
-2
-2
6
2
0
5
2
-1
-3
3
1
1
1
-6
-3
-2
7
8
3
1
-4
-5
-2
-2
1
-1
-3
-8
-15
-10
-4
-4
-7
-1
4
5
1
5
5
1
5
6
3
4
3
0
-7
-11
-8
-4
-2
2
4
1
-3
-2
2
2
-2
0
-5
-4
-1
-6
-8
-10
-11
1
10
9
0
-2
-1
-5
-4
-4
3
9
4
-4
-16
-14
2
9
8
11
14
13
6
-2
-1
1
6
6
4
0
-5
-10
-14
-13
-5
1
9
8
4
2
-1
-1
0
4
2
0
0
4
3
1
1
2
5
6
8
5
2
3
1
-2
-6
-7
-8
-8
-10
-12
-8
-4
0
0
8
9
9
9
2
1
5
6
3
7
0
-5
-7
-3
7
10
14
3
-1
-2
-11
-12
-12
-10
-13
-12
-5
-3
4
2
-1
-2
-6
-5
-3
7
6
0
-2
-8
-9
1
3
8
14
15
7
-1
-4
1
8
18
15
5
-3
-4
-2
-6
1
7
2
-2
-3
-2
0
2
5
4
4
3
0
-9
-11
-11
-11
-6
-4
-2
-5
4
6
-3
-2
0
-1
-6
-1
7
12
23
2
-10
-7
-3
-2
-5
7
11
15
4
-20
-12
-8
-13
-12
0
13
2
-9
-8
-11
-9
-7
-7
-10
-8
-10
-13
-8
2
7
9
4
2
2
-6
-2
-1
5
11
6
9
11
10
10
14
10
7
7
4
6
12
9
10
5
-2
-10
-12
-6
2
17
11
4
1
-7
-5
-6
-3
8
5
1
-2
0
-3
-6
5
3
-6
-5
-4
-2
-3
-1
-3
-1
-3
-11
-9
-7
-1
5
-3
-2
-3
-3
-1
-7
-3
1
4
1
-4
-4
1
9
5
0
5
3
-2
-6
-9
-8
-7
-5
-4
-8
-5
-1
-1
0
5
1
-8
-8
1
3
2
4
2
-1
2
4
1
1
1
7
8
3
6
2
-3
2
2
6
13
6
3
3
0
4
9
9
4
2
-4
-3
4
0
-7
-15
-7
-3
1
6
3
2
2
3
-1
4
6
-3
-5
-3
3
8
0
0
0
2
3
5
7
-1
-4
-2
-3
2
4
1
1
0
-2
-3
0
2
8
4
-4
-8
-9
3
10
6
2
2
3
-9
-18
-13
-6
3
3
-2
-4
-5
-1
1
-1
2
-2
-4
-6
-8
-8
-6
-4
-3
-4
-7
-5
3
0
-3
-1
0
-2
2
4
1
3
0
1
2
1
5
8
6
0
-10
-7
-2
3
4
-1
-7
-8
-8
-5
-6
0
6
4
3
-3
-5
-8
-11
-11
-9
0
4
1
3
3
4
1
2
7
7
6
4
1
-1
-1
1
2
2
4
5
8
9
8
8
7
5
6
5
0
-1
-5
-7
-10
-5
2
1
5
-1
-6
-1
0
1
6
2
-1
-2
-5
-7
-8
0
0
-5
0
-2
0
3
-5
-10
-15
-12
1
4
1
0
2
1
2
9
13
13
10
5
2
8
9
1
-4
-6
-10
-7
-3
-4
-4
-3
-5
-5
-3
2
4
-3
-5
-5
-10
-10
-6
-6
-5
-4
-6
-5
-2
4
4
3
1
3
5
-7
-10
-2
2
1
1
-9
-7
5
7
2
7
13
10
3
1
-2
-4
2
6
7
6
9
13
8
8
7
2
6
8
5
4
-1
-5
-8
-8
-4
0
0
1
1
-1
-5
-3
-6
-4
-3
0
3
-2
-5
-4
-4
2
4
5
6
1
2
3
0
-1
0
3
3
2
1
0
-3
-3
1
2
7
7
7
14
13
10
9
6
5
3
-1
1
3
7
6
0
-3
-3
-6
-6
-5
-4
1
0
-2
1
3
0
-5
-6
-3
-3
-3
3
1
-1
2
1
-1
0
3
6
13
11
6
2
2
1
-3
-1
3
1
4
-4
-4
-2
-5
-6
-13
-20
-18
-13
-8
-4
-3
-5
-5
-9
-7
-6
-5
-1
-6
-5
-4
-8
-4
-4
-2
1
1
8
4
-1
-3
-2
4
6
10
4
6
9
5
5
7
7
4
2
2
-2
-6
-4
-6
-6
-6
-3
-1
-3
2
2
0
5
7
2
4
3
0
-2
-4
1
7
7
7
7
7
4
8
9
5
5
2
1
0
2
-1
-4
0
-4
0
2
3
0
-5
-3
-5
-8
-8
-4
0
0
-4
-5
-3
-6
-5
-5
1
-1
-2
3
-2
-1
0
-2
-1
1
1
-7
-8
4
5
6
5
3
3
2
6
3
4
6
5
6
3
5
5
5
1
-1
4
4
7
6
-1
-6
-13
-12
-12
-8
-10
-7
-4
-1
1
-5
-3
1
-2
1
4
6
3
2
1
0
1
2
7
4
3
8
3
7
2
-6
-6
-6
1
-2
-6
-5
-5
-6
-14
-12
-3
2
5
2
-2
4
6
-7
-11
-7
-2
6
5
4
5
2
2
4
-2
1
0
-3
3
-6
-14
-11
-7
-2
-3
-2
3
6
7
4
-2
0
-5
-5
-6
-7
1
1
1
1
-1
4
4
4
3
2
4
7
5
1
2
8
3
3
5
2
7
6
5
4
2
-1
-4
0
-4
-5
0
3
7
4
6
4
2
7
-1
-1
-1
-4
2
-3
-1
3
-2
-6
-5
-2
-2
0
-4
-6
-6
-4
1
-4
0
0
-8
-7
-7
-6
-2
0
6
4
-1
0
-2
1
2
-1
-1
1
1
4
3
2
4
3
3
4
-2
-4
3
1
-1
-4
-4
2
0
-2
-2
-2
-1
4
1
0
6
-1
-2
0
1
-1
-7
2
3
7
9
4
2
1
5
1
5
9
4
4
0
3
4
4
14
14
11
8
8
3
-6
1
2
-3
-5
-7
-10
-20
-6
3
-4
-7
4
2
-4
1
0
-7
-4
4
-10
-7
1
3
4
-3
-5
-3
4
2
-3
-4
-9
-8
-6
-7
-2
9
4
4
1
-13
-11
-5
-5
-1
-2
-5
-10
-12
-14
-9
8
2
-10
-4
-7
-6
-4
-2
3
0
2
5
3
0
3
6
4
2
0
-2
-1
5
5
5
4
0
-6
-4
4
6
10
8
7
8
3
4
6
-1
-4
0
-1
3
7
1
4
2
-2
-10
-4
6
4
5
4
5
5
0
1
-2
-7
-8
-4
-2
-6
-2
-5
-4
-2
-5
-3
-1
3
-4
-9
-1
1
-1
-8
-4
3
3
5
5
4
7
9
0
-9
-4
-2
-2
3
1
2
4
6
5
4
4
4
6
7
4
-4
-4
-4
3
9
2
7
5
2
4
0
-2
-3
6
12
2
5
2
-7
-11
-7
-6
-3
-1
-6
-11
-4
-4
-1
-1
-1
7
7
0
-4
-4
-2
1
5
11
-3
-1
0
-8
0
4
11
5
4
6
7
7
2
-2
-12
-6
-2
-1
2
4
3
-2
1
-3
-3
-2
1
5
2
-2
-8
-8
-6
-7
-7
1
6
4
3
2
2
4
7
9
-1
-1
10
6
2
6
5
0
0
-1
4
3
4
8
1
4
6
-2
-5
-10
-6
-11
-13
-11
-9
1
11
9
-4
-6
-1
-1
-2
2
9
3
-4
-4
-2
3
10
9
8
4
3
3
1
2
7
4
1
-3
-13
-6
-5
-5
-1
1
8
4
6
4
-2
-3
-6
-3
-6
-13
-14
-8
-4
-5
1
-6
-11
6
11
1
-5
-3
-11
-9
1
2
-2
-2
2
-1
0
7
5
4
-2
-4
-6
-10
-6
3
8
3
6
-6
-8
14
12
4
-7
-7
-6
-6
-3
-7
-8
-5
-5
-8
-7
4
5
2
7
11
6
-2
1
6
9
9
10
7
-5
4
4
-4
-3
-4
-3
-5
9
7
-12
-1
3
7
8
9
6
-8
-7
-4
-9
-8
-2
0
-2
-4
0
2
-1
-1
5
-4
1
10
1
7
5
0
4
0
8
9
-2
9
4
-3
-2
-8
-8
-3
-2
2
4
9
5
1
6
0
2
-1
-8
-5
4
4
1
4
-6
-9
3
-3
-3
2
-3
-3
-9
-7
1
2
9
5
6
5
-4
-9
-7
-3
-3
-2
-7
-7
-6
-2
0
-1
-1
0
2
-4
-3
-2
-5
-1
4
5
1
1
1
3
-3
-5
-5
-10
-1
3
-8
-2
3
-13
-8
1
8
7
5
1
-3
4
-1
-2
-2
3
10
2
5
6
2
0
-4
1
4
10
7
2
-1
-6
-2
-2
-4
-6
-6
-2
-1
-5
0
11
11
15
18
16
6
-5
-2
2
9
9
6
3
6
7
2
0
4
8
3
-2
1
2
0
-1
-6
-7
-8
-7
1
-3
0
6
2
0
-3
4
-1
2
7
2
8
2
-3
-4
9
14
4
8
4
0
-3
-7
-8
-7
-8
-9
-10
-14
-13
-9
-6
0
-2
-12
-7
5
4
-3
-8
-2
0
4
8
-2
5
11
13
9
5
6
1
5
8
-1
6
4
-6
-7
-11
-2
2
-4
-9
-11
-9
-9
-3
-7
-3
6
5
9
9
9
6
0
4
8
4
2
2
3
0
5
3
-3
2
5
1
-3
-4
-10
-4
7
3
7
2
-7
-1
-3
3
5
2
-8
-11
1
2
1
6
5
9
10
0
-6
-2
-1
-11
-11
-12
-9
2
-3
-4
-6
-8
-6
-6
-6
-4
-6
-7
-7
-5
-3
3
0
-3
-4
0
12
6
1
2
7
11
0
2
2
-3
5
-5
-10
-3
-1
2
2
2
0
0
4
2
1
-2
4
6
-5
-7
-6
-7
-1
-6
-8
2
9
7
-3
-7
-10
-9
-5
-3
1
1
3
4
2
2
4
10
5
-1
-7
-5
-3
-7
-2
-3
-2
4
5
8
5
3
1
-2
-6
-10
-6
-3
1
3
-6
-2
1
0
-1
-7
-3
2
1
-1
-2
-3
-2
-1
0
-2
-8
-8
-6
-3
-3
-2
5
6
11
13
14
12
9
6
3
7
3
7
3
7
6
4
4
-2
3
1
-1
3
6
12
10
5
7
7
5
5
9
3
0
5
-5
-10
-6
-8
-7
-1
2
2
4
6
-5
1
-3
-2
5
-7
-2
-1
-5
-4
-8
-5
-3
2
3
-3
-10
-8
1
0
6
8
3
6
4
-3
-8
-9
1
1
-5
-1
0
-8
-5
-9
-7
-2
-3
-3
-9
-10
-12
-15
-13
-12
-9
-8
-1
8
4
5
7
12
13
6
0
-4
-6
-8
-11
-13
-13
-3
6
5
6
9
5
3
3
-5
-4
1
-6
-7
1
5
7
10
13
20
15
15
10
10
12
5
5
2
3
6
6
9
13
3
2
1
-5
-3
-8
-4
2
-9
-12
-11
-9
-10
-3
1
-3
0
7
8
-8
-2
-1
0
4
1
3
-1
1
4
4
10
10
12
15
10
4
-3
-4
-7
-10
-11
-12
-9
-8
-6
-7
-6
-2
0
-2
-4
-3
0
0
-3
-3
3
6
9
4
-4
-5
-6
-10
-6
3
1
0
-3
-5
-3
-2
5
1
-3
-3
-6
-2
-1
-4
-5
-5
-1
5
1
2
12
9
12
9
-2
-5
-4
-6
-11
-6
-3
4
6
8
6
-2
1
0
-5
-4
-3
-5
-7
-4
-1
0
7
7
1
4
5
6
3
2
10
5
3
2
-2
2
6
13
12
13
15
10
3
-4
-3
-8
-4
-1
-6
-4
-3
1
-2
3
8
1
-1
-5
-6
-11
-13
-5
-3
-2
3
7
8
8
8
6
0
3
7
5
1
-1
-2
-7
-3
0
2
6
3
6
-5
-5
2
-6
-5
-3
-5
0
0
-4
-7
-3
1
-4
-7
-7
-8
-9
-5
1
3
-1
-1
-4
0
4
1
-1
-4
-5
-4
-3
-9
1
5
3
4
2
5
-2
-1
-4
-5
5
6
2
0
-6
-5
2
3
10
12
6
2
-2
-7
-9
-6
-4
-3
0
8
3
0
-2
-3
3
5
1
-5
-9
-14
-9
-2
2
5
1
3
4
-2
-6
-4
0
-2
-4
-4
-1
0
4
7
2
9
14
11
3
-3
0
-2
-4
-3
-5
-1
1
-2
-1
-1
-3
1
5
2
2
3
-1
-4
-7
-8
-2
0
-5
-2
6
12
6
1
5
6
8
12
7
5
1
0
1
-3
1
-2
-1
0
-1
7
7
9
8
9
6
-2
-3
-10
-4
-2
-9
-11
-5
-4
-5
-6
-1
5
7
1
-5
-7
-8
-5
-2
-3
-4
-6
-10
-5
-4
5
7
6
8
-2
-5
2
-1
-6
-8
-7
-2
1
-4
-1
-1
1
2
3
9
12
15
8
0
-4
-4
-7
-9
-8
-13
-13
-6
-7
-10
-8
-4
-2
4
5
5
1
-1
4
-1
3
4
1
2
0
4
8
8
13
16
16
16
7
3
2
-2
2
0
-3
-1
1
1
1
0
-3
7
13
11
9
-2
-7
-10
-13
-9
-6
-8
-5
-2
-1
-2
5
6
-3
-3
2
3
2
7
5
3
3
-6
-7
-5
-2
-2
-1
2
0
-2
-9
-16
-7
1
2
0
-6
-5
-7
-12
-10
-4
7
11
9
5
6
5
7
2
-3
-1
5
6
2
-2
-6
1
5
3
-2
4
7
4
2
-3
-3
0
4
0
-3
-2
-4
-4
-1
3
5
5
8
8
5
0
-1
3
4
10
8
0
-4
-4
1
-6
-9
0
3
8
10
2
0
3
2
5
0
5
6
2
6
3
4
1
-1
-2
-7
-3
-3
-4
-6
-13
-19
-21
-21
-24
-24
-13
-9
-10
-12
-14
-14
-9
-5
-5
-1
3
2
-1
2
6
6
4
2
4
5
8
10
8
13
15
18
12
17
23
25
26
17
14
11
12
16
10
3
4
7
-1
-5
-2
0
7
1
-6
0
-1
4
4
-1
1
0
-5
-4
6
2
-5
-9
-11
-8
-1
3
4
6
2
-7
-12
-11
-6
-3
2
1
-3
-5
-11
-4
-3
-6
-5
0
-3
-6
-6
-7
-10
-5
-3
-6
-3
0
-4
4
3
-1
0
-3
3
6
7
7
3
2
-3
-4
2
2
8
14
13
6
-2
-7
-8
-6
-10
-12
-10
-7
-1
4
9
8
4
6
10
10
10
11
2
-1
-4
-8
-7
-1
-2
-5
-3
0
1
3
4
-1
-2
-1
-6
-4
-3
-4
0
1
-4
-6
-4
-5
-6
-5
-4
-6
-5
-5
3
9
10
6
2
-5
-8
-8
-2
5
7
6
0
-1
-1
6
16
17
14
8
8
2
-2
3
1
-2
1
4
1
0
-9
-15
-15
-19
-11
-6
-4
-1
5
5
-3
1
4
0
-7
-9
-6
-4
0
-3
2
3
-2
-3
-7
-4
-4
-2
-4
-8
-2
1
-3
-2
2
5
6
5
3
5
7
8
3
6
4
-4
-3
-6
-3
-2
4
5
-1
1
-2
-10
-8
-5
-6
-3
-2
-5
-7
-6
-7
-6
-2
0
4
6
6
5
-1
-6
-8
1
9
4
4
5
4
-2
-6
-4
0
0
4
10
15
11
3
-2
-4
-2
-1
1
5
6
5
-3
-13
-12
-2
7
14
15
3
-4
-8
-12
-8
-1
5
2
-2
1
1
-2
-3
1
-2
-2
4
1
-4
-1
-4
-7
0
5
9
5
-3
-3
-1
-2
-1
5
7
4
2
-5
-8
-4
-3
-6
-6
2
4
6
6
5
6
4
3
0
-2
-2
-5
-3
4
-3
-9
-8
-7
-4
-1
8
14
16
6
-5
-5
-8
-5
-2
-2
1
-1
-1
-2
2
8
8
10
9
3
-1
-4
-1
2
3
7
9
0
-5
-5
-1
-1
1
3
0
0
-2
-3
1
-2
-7
-6
-3
1
-1
-3
-4
-4
-6
-10
-8
-5
-4
-6
-4
-3
-7
-2
5
2
3
7
5
6
3
0
1
4
8
6
5
8
6
-2
-2
3
8
8
2
-3
-1
4
2
7
13
13
5
-1
-1
-2
4
10
10
8
9
7
-1
0
-1
0
2
0
-5
-6
1
2
3
2
-2
2
3
1
2
2
0
-4
-2
2
-2
-2
-2
-5
-1
4
2
-4
1
2
0
0
-1
-7
-11
-5
-3
-4
1
6
-3
-5
-2
-1
5
8
7
5
6
10
12
4
2
5
5
-1
-4
-2
-1
-4
-7
-11
-14
-11
-7
-8
-5
3
4
-2
0
-1
-6
-10
-9
-5
-3
-1
-5
-6
-5
-6
-8
-5
4
8
10
10
3
0
-4
-6
-2
-2
1
7
3
-2
1
-1
-3
0
3
-2
-5
2
0
-2
3
2
0
-2
-1
1
0
-4
-2
-2
0
1
-2
3
4
3
5
1
3
2
-3
2
-1
1
5
1
-5
-3
-5
-7
-4
-7
-7
-1
0
-10
-10
1
-1
2
7
7
8
13
7
-3
1
0
2
2
0
2
5
5
2
3
7
6
3
3
-1
4
9
0
2
7
-5
-9
-4
-5
-3
2
5
-2
-2
-5
-10
-4
-9
-12
-7
-3
-6
-3
-3
-15
-2
3
-6
3
7
1
6
-1
-8
-12
-11
-4
-5
4
0
-6
-7
-10
-3
7
8
5
1
-8
-10
-7
3
11
14
11
1
-8
-7
-2
-8
4
5
1
5
1
4
4
5
5
12
12
9
7
-2
-2
-4
-9
4
19
11
6
12
-4
-10
0
-11
-8
12
4
-12
-2
-1
-10
8
8
-9
5
12
-7
-7
1
-15
-8
14
1
7
14
-2
-6
5
-13
-16
13
5
-5
19
4
-19
-6
-19
-22
-2
11
-8
-2
12
-13
-5
15
-7
1
25
1
2
19
-1
-5
18
5
-2
19
-2
2
19
-10
0
16
-8
-14
0
-21
-42
8
-4
-28
15
-2
-40
-5
-9
-35
5
16
-8
11
19
-11
-7
17
-17
-14
28
-9
-10
21
-2
-1
21
13
-10
17
18
-19
16
8
-38
-3
-1
-28
6
24
-26
-4
37
-17
-3
40
-14
-13
40
-16
-30
28
-1
-23
27
4
-28
-1
-4
-42
-15
0
-50
-14
10
-18
2
16
-14
-5
35
10
4
36
7
1
35
4
-7
24
14
-4
29
15
-19
34
5
-16
37
-9
-18
17
4
-9
13
26
-24
11
21
-32
25
18
-35
15
33
-15
7
24
-13
-9
33
-18
-34
28
-6
-35
31
8
-59
26
-9
-60
7
-10
-49
-6
12
-28
-3
33
-7
-3
40
22
12
33
34
30
-4
46
-8
-35
82
-27
-23
27
1
-10
18
41
-25
42
51
-30
-5
38
-74
-9
21
-104
24
-10
-32
-5
-8
20
-42
63
6
-18
46
-39
-25
9
-29
-3
-8
-24
0
-56
36
-42
18
72
-58
24
10
-61
4
14
-55
19
18
-5
-6
15
24
-4
92
-37
8
87
-75
86
9
-81
74
-14
-22
-27
46
2
-43
116
-112
1
98
-73
40
-12
-25
-64
25
11
-92
44
8
-89
4
-20
-65
-32
83
-62
-49
70
-74
-24
-7
16
-82
22
11
-122
28
-9
6
-45
75
51
-43
110
-45
17
72
-23
5
13
-4
-26
36
-80
-57
111
-32
-2
33
-19
-47
111
-25
-122
114
-6
-34
-18
8
-18
48
96
-119
98
57
-128
60
-11
-45
45
-50
-93
-11
74
-31
-25
113
-10
-4
78
-38
-71
82
78
-147
45
85
-196
128
64
-162
124
139
-134
6
154
-141
54
59
-138
-37
134
-92
-105
151
-36
-34
38
24
-59
82
15
-74
63
33
-24
-76
74
-26
53
3
-51
67
-36
55
-79
-3
39
-5
-76
-16
19
-2
68
-104
69
34
-54
-93
53
-58
-18
106
-87
29
142
-58
-58
185
-60
34
64
-36
3
34
-45
-15
47
-48
36
-68
44
-51
-27
-5
1
-31
-136
204
-146
-70
118
-129
-14
24
-17
-67
29
137
-177
-41
221
-182
-1
198
-105
-20
63
134
-133
43
98
-153
-1
28
-42
-53
26
5
-83
-108
185
-65
-163
215
-20
-168
53
185
-255
-37
259
-274
-6
179
-81
-125
297
-23
-197
258
38
-173
101
67
-71
-10
68
-61
65
-1
14
155
-78
75
104
-64
49
89
-154
54
43
-26
-63
53
68
-84
-15
50
74
-59
44
61
-96
-124
62
-18
-161
143
99
-202
93
178
-277
-87
356
-241
-203
470
-233
-243
237
42
-367
159
291
-364
146
223
-270
15
172
-77
-135
53
196
-335
162
169
-225
62
149
-41
-129
241
-155
-68
162
-172
-14
144
-102
23
12
-39
108
-165
131
15
-51
24
94
-156
112
88
-269
272
-112
-22
-29
117
-177
-81
212
-349
204
56
-160
138
-21
15
-89
87
61
-73
12
92
57
-176
178
80
-249
157
122
-259
187
175
-236
165
58
-118
-81
106
103
-340
348
-64
-74
34
85
-88
-208
511
-424
28
344
-144
-151
199
83
-442
308
77
-330
166
221
-374
49
329
-329
-55
333
-288
-122
325
-308
-25
199
-179
-141
261
-105
-220
467
-310
-254
498
-434
-165
560
-355
-216
520
-270
-309
559
-168
-360
568
-76
-364
345
46
-433
349
-35
-237
259
-104
-8
-33
41
47
-85
103
-15
-36
-25
-30
39
-130
125
-16
-128
305
-182
48
181
-135
65
14
67
-75
51
92
-192
157
11
-77
75
71
-68
-43
88
-61
-134
63
38
-230
148
33
-24
-93
266
-87
-133
299
-211
90
-87
75
-38
-182
213
-88
25
3
183
-65
-168
352
-92
-178
287
-128
-135
68
62
-149
24
132
-42
-27
-34
260
-395
206
7
-91
-55
29
143
-433
362
-117
-121
99
61
-44
-147
237
-174
-127
183
-119
-80
104
43
-103
99
-14
-64
167
-296
210
49
-360
474
-211
-90
143
24
-154
40
191
-286
200
-22
-157
199
-217
195
-104
-36
131
-111
-1
-1
159
-367
391
-201
-89
276
-298
169
-76
39
-100
116
56
-202
358
-111
-40
223
-151
-24
106
-132
66
-12
74
-57
-5
154
-310
379
-154
-141
435
-320
-16
192
-274
29
-25
61
-112
49
171
-264
214
22
-228
208
0
-193
155
54
-241
140
127
-392
103
423
-597
257
440
-504
11
570
-553
22
445
-369
36
124
78
-380
252
66
-336
289
-70
-114
173
-124
-78
174
-194
1
31
70
-341
316
-10
-429
590
-310
17
147
-17
-67
-152
287
-308
47
261
-257
181
-21
115
-239
180
79
-311
349
-199
25
-46
125
-269
97
101
-318
456
-359
244
-167
68
23
-301
434
-380
181
79
-33
89
-21
90
-77
-4
143
-186
80
-34
7
18
-118
210
-162
58
7
-23
111
-184
215
-64
-84
93
66
-262
201
41
-241
197
52
-148
87
75
-74
122
-68
60
-70
-70
183
-273
219
-63
11
6
-68
217
-224
191
-84
40
-49
-58
128
-211
70
184
-303
149
96
-138
-5
80
3
-261
173
32
-256
102
155
-193
-121
410
-231
-184
404
-147
-239
277
41
-312
171
147
-201
-201
534
-571
95
309
-483
265
-161
126
-292
295
-175
-80
322
-254
87
126
-213
154
-33
-4
55
-37
192
-295
284
-82
-99
170
-75
-29
-51
174
-206
-33
261
-292
80
163
-248
211
-8
-136
218
-187
82
174
-448
514
-231
-66
303
-290
198
-131
238
-338
336
-66
-221
429
-393
228
46
-208
208
-34
-171
189
-149
161
-145
204
-50
-69
148
-112
54
-6
16
121
-216
27
330
-641
452
54
-452
402
-109
40
-300
416
-233
-475
775
-718
113
440
-678
622
-377
84
154
-286
376
-237
89
58
-108
84
-37
-77
139
-208
219
-185
99
105
-227
383
-237
134
76
-272
285
-239
124
-15
-114
241
-331
314
-166
-36
138
-169
230
-277
252
-129
-61
192
-151
-160
408
-358
18
393
-497
289
128
-371
281
-97
81
-364
517
-348
-203
703
-784
398
157
-418
497
-455
451
-314
67
274
-598
651
-548
173
168
-334
227
146
-272
160
143
-156
-153
403
-187
-448
753
-345
-347
535
-366
115
-280
516
-274
-365
832
-723
102
227
-324
191
-254
264
46
-329
377
99
-331
164
346
-390
-17
357
-248
-168
237
48
-363
310
-19
-93
21
-166
499
-794
446
291
-903
1002
-797
489
-93
-585
1079
-952
402
203
-247
86
-186
585
-841
542
245
-724
769
-325
5
-12
-86
337
-669
437
52
-562
484
-137
-286
263
86
-367
181
346
-506
270
314
-365
175
108
-18
-136
222
74
-405
530
-326
-68
288
-150
86
-91
66
3
-112
-42
95
-41
-51
4
95
-174
140
-56
-76
298
-363
308
-26
-191
260
-24
-361
343
156
-591
528
55
-348
204
29
-116
-18
149
-29
-155
356
-449
130
125
-418
327
-115
-96
-79
246
-401
0
550
-660
34
819
-921
224
468
-464
-138
461
-34
-592
978
-563
-16
356
-37
-269
224
264
-451
278
93
-272
142
123
-337
356
-95
-163
228
-131
-44
3
34
-144
76
-97
171
-226
150
67
-282
258
-8
-207
135
138
-233
188
-38
15
-237
550
-654
398
165
-731
818
-466
61
116
25
79
-385
747
-701
-81
975
-1109
300
740
-943
234
595
-603
-171
655
-492
-348
940
-770
-6
491
-399
-15
-135
668
-794
289
444
-863
510
22
-333
25
358
-285
-77
564
-548
234
194
-464
349
-24
-198
258
68
-322
293
-80
-164
387
-439
495
-112
-299
688
-729
361
220
-598
676
-416
259
-348
298
-137
-504
886
-842
353
399
-585
216
175
-207
-227
459
-292
-103
642
-616
285
-137
243
-271
-75
666
-820
535
-12
-364
150
9
-112
-150
436
-353
-78
399
-151
-286
368
-87
-367
607
-283
-387
721
-582
-7
335
-419
120
120
256
-670
675
96
-1041
1282
-637
-262
825
-633
329
-407
344
168
-1003
1447
-810
-264
968
-991
380
44
-79
-314
580
-101
-711
1204
-653
-441
1053
-658
-430
972
-462
-510
760
-59
-769
725
-9
-563
346
77
-358
97
426
-740
510
138
-769
894
-622
52
622
-791
713
-206
-59
249
-308
363
-339
354
-171
-193
772
-1023
638
-58
-337
729
-981
901
-222
-625
758
-813
509
-83
-390
471
-399
188
-181
-59
237
-260
391
-215
131
139
-337
138
112
65
-145
78
208
-234
-66
259
-216
74
127
100
-279
310
-157
-130
212
-340
479
-456
340
28
-309
236
-151
22
-36
48
45
-61
188
-301
233
-109
-16
151
-120
12
-85
433
-678
268
366
-633
293
238
-625
321
212
-458
180
125
99
-598
641
-264
-354
778
-452
267
-227
515
-619
83
625
-814
595
139
-358
186
117
-343
-86
726
-675
38
978
-1296
842
101
-818
687
-270
-92
-108
393
-354
-241
666
-758
306
290
-594
427
109
-410
383
-116
-55
87
-322
652
-625
253
341
-437
44
244
-132
-305
378
-45
-420
195
239
-824
561
-110
-425
514
-326
159
80
-349
338
-179
-307
875
-509
6
444
-421
195
-114
125
-265
483
42
-424
734
-792
293
185
-606
530
142
-324
167
219
-445
-165
467
-556
30
697
-470
-159
657
-210
-800
924
-303
-379
893
-105
-727
750
-146
-831
708
-158
-62
342
-6
-198
-168
472
-933
485
372
-793
1141
-589
-151
275
-158
-296
96
612
-726
354
297
-643
107
316
-692
247
460
-366
227
-22
126
-476
135
305
-625
744
4
-458
628
-270
-208
-1
283
-346
265
432
-511
530
-235
-209
-78
126
-34
-102
462
-138
-164
154
-266
-337
382
-53
-250
493
-42
-451
196
-79
-380
311
122
-248
410
-31
-439
204
-94
-193
80
180
-20
129
163
-14
-418
239
14
-550
711
-101
-245
375
-71
-398
83
0
-290
332
80
-242
274
-235
-8
40
-261
205
-153
155
-9
-160
226
-129
-70
92
-53
-77
468
-96
-82
322
-302
29
89
125
0
67
233
-249
78
-25
-81
14
146
143
-239
161
-59
-112
-15
-184
67
-179
107
137
-199
-1
144
-158
-104
234
-49
18
120
78
-247
-9
167
-261
278
105
-215
113
-107
-85
17
175
-324
155
94
-379
167
12
-248
51
28
-419
-17
220
-327
11
160
-189
123
-101
-63
-73
122
-6
-45
163
87
194
-9
108
44
-3
116
97
99
335
106
94
-13
-83
135
74
42
98
34
8
-18
51
20
-160
77
-111
-106
9
-56
-58
-168
18
-55
-240
-8
134
-168
-16
49
-234
-44
67
-4
-21
133
-56
5
42
1
141
-43
152
152
-109
1
57
101
-151
123
-55
-160
69
-87
129
-49
109
60
-89
123
-36
-64
48
207
29
276
225
-75
167
-196
-98
35
15
247
25
30
-4
-313
-254
-209
-328
12
111
-202
15
-272
-510
-238
-387
-289
88
118
2
167
-59
-219
33
-133
144
286
297
237
206
250
-152
47
243
105
336
415
216
76
135
-68
-222
-40
-33
135
115
191
136
-224
-246
-114
-185
163
361
354
342
189
-215
-492
-218
-37
240
440
420
402
109
-530
-668
-617
-292
103
211
249
-38
-224
-810
-950
-577
-317
68
507
428
140
-86
-482
-409
-341
38
341
522
719
528
71
-98
-75
-220
43
282
462
557
74
-231
-351
-733
-466
-213
29
353
69
-147
-377
-622
-644
-376
26
277
253
90
-41
66
107
-37
76
406
535
521
759
780
651
712
-57
-483
-72
-65
277
712
651
494
96
-820
-1488
-999
-356
-91
306
242
-271
-858
-1190
-1436
-1034
-139
51
430
737
205
-221
-389
-569
-264
299
399
925
1343
750
264
79
-250
-225
118
497
845
1110
514
-369
-495
-642
-876
-524
11
131
115
-292
-1061
-790
-676
-735
-7
338
253
93
-101
-199
-36
147
70
309
820
775
656
812
814
833
462
-392
-285
245
445
640
738
404
25
-427
-1582
-1687
-387
132
161
564
-27
-936
-1138
-1538
-1467
-216
410
277
606
544
-360
-593
-524
-261
749
985
738
1234
1194
298
132
234
44
306
659
574
690
662
-425
-900
-318
-681
-823
-149
-307
-424
-435
-1102
-1127
-537
-705
-702
-10
56
-341
-399
-122
60
382
428
402
804
854
463
503
926
1158
1228
1235
1038
-85
-527
-292
237
1012
1052
358
83
-202
-1525
-2512
-1240
184
78
145
-298
-1145
-1387
-1727
-1967
-700
599
275
376
789
99
-485
-597
-328
668
1322
998
1293
1994
1152
-84
11
123
528
1278
997
740
1058
-247
-1665
-979
-636
-684
-124
-22
-480
-802
-1495
-2049
-1275
-582
-879
-198
425
-231
-640
-857
-765
27
651
659
1073
1743
1095
48
232
508
865
1470
1655
1861
2040
1534
-637
-1620
-668
24
814
1297
997
204
-398
-2032
-3696
-2205
-292
127
691
402
-1079
-1771
-2400
-2947
-1634
604
845
1087
1769
413
-907
-797
-742
404
2128
1933
1887
2553
1592
-240
-139
42
320
1565
1599
969
906
-297
-2142
-1463
-743
-1098
-392
83
-793
-1379
-1669
-2558
-1812
-445
-883
-379
892
-60
-1139
-975
-756
16
1042
995
1206
1840
1220
248
491
840
976
1403
1617
1719
1604
1086
402
1178
169
-2299
-1280
438
952
987
-249
-1258
-620
-1622
-4477
-2877
1133
1346
233
-152
-1546
-1929
-1997
-2750
-1324
2093
2113
534
1281
515
-1280
-1046
-209
1209
3247
2405
1116
2102
1433
-1044
-1027
209
955
2006
1519
364
698
-56
-2701
-2496
-527
-570
-584
153
-530
-1348
-1807
-3005
-2564
-573
-465
-221
1556
1058
-803
-1334
-1062
-153
1385
1609
1158
2226
1831
-334
-399
544
1038
1677
1631
1053
1044
1058
402
470
1776
393
-2654
-2095
-264
504
330
-210
-854
-81
-735
-3988
-3433
796
1777
505
-84
-817
-1501
-1886
-2377
-1588
1685
2400
622
1195
1387
-602
-1524
-803
677
2512
2557
798
1296
1740
-642
-2031
-321
1100
1589
1405
184
20
54
-1788
-2350
-216
590
-586
-492
-294
-1465
-1372
-1692
-2229
-439
328
-468
331
1149
-172
-1316
-294
440
646
928
533
993
1340
432
-160
447
1324
1048
848
573
118
554
261
555
1732
1604
497
-1819
-2696
-1299
46
795
815
246
-412
-676
-2301
-3797
-1195
1560
1412
819
-148
-1313
-1534
-1852
-2120
-549
1909
1582
1033
1454
61
-1447
-1339
-211
1566
2768
1850
752
1228
696
-1195
-989
157
1048
1704
1118
108
-59
-639
-1821
-980
524
115
-381
-476
-1392
-1517
-1206
-1740
-1343
26
-15
-70
515
-466
-1230
-125
697
587
600
489
335
495
192
-296
574
1414
1138
997
481
-136
-138
388
938
1876
2070
1235
175
-2309
-2963
-1249
725
1532
1112
-210
-444
-710
-3050
-4189
-684
2469
1861
726
-779
-1706
-1761
-2520
-2674
131
2874
1990
1177
958
-787
-1990
-1523
0
2423
3484
1766
793
1197
-183
-1905
-1015
601
2255
2444
634
-566
-561
-1324
-2051
-674
754
831
94
-1077
-2079
-1554
-1295
-1977
-1079
485
572
358
-448
-1679
-639
906
827
579
1023
969
503
315
-90
417
1295
1495
1322
980
-52
-836
-469
607
1547
2132
1813
1302
446
-3133
-4129
-1042
1514
1957
1073
-990
-841
-440
-3728
-5010
-82
3721
2584
300
-1540
-2066
-1829
-2513
-2669
827
3970
2451
928
393
-1318
-2263
-1208
971
3637
4063
1486
17
590
-120
-1695
-922
1171
2822
2598
301
-1522
-1210
-1594
-2350
-766
1270
1078
-77
-1814
-3129
-2090
-1358
-1897
-713
1598
1287
-245
-1442
-2470
-982
1749
1718
953
1429
1095
-132
-415
-190
427
1900
2418
1746
728
-832
-1589
-822
484
1625
2317
1828
1232
873
-2795
-5539
-2648
1391
3046
2133
-657
-2041
-422
-2140
-5864
-2285
3904
4417
1562
-1352
-2812
-1770
-1798
-2705
-453
4167
4292
1534
-20
-1224
-1992
-1637
47
3030
5035
2810
-496
-669
-159
-1066
-1430
111
2709
3668
950
-2327
-2511
-1466
-1772
-1174
798
1504
503
-1603
-3584
-2884
-819
-964
-983
1281
2242
514
-1481
-2727
-1293
2096
2599
984
1025
1389
148
-941
-625
603
2146
2380
1624
673
-781
-1951
-1460
254
1743
2109
1514
573
595
-1281
-5459
-4165
756
3772
2742
-114
-2429
-905
-682
-4869
-4054
2604
5880
3169
-1075
-3378
-2088
-1204
-2254
-1348
3105
5211
2301
-521
-1992
-2201
-1384
-343
2015
4652
3523
-522
-1837
-694
-339
-1045
-328
1776
3577
1631
-2338
-3523
-1650
-569
-629
376
1618
1259
-715
-3378
-4116
-1514
253
-244
1030
2456
908
-1449
-3016
-2078
1382
3324
2014
855
1027
-22
-1737
-1538
267
2316
2517
1572
363
-972
-2233
-1758
-70
1784
2659
2045
646
330
173
-3960
-5439
-927
4084
4462
1216
-2351
-2386
-244
-2452
-4928
-113
6047
5391
147
-4027
-3898
-1249
-1204
-1688
1152
5011
3751
-247
-2830
-2766
-1384
-357
1419
3966
4498
986
-2477
-2019
97
111
-415
974
3572
3256
-1011
-4244
-2882
154
920
465
862
1152
-311
-3049
-4280
-1928
1043
773
-120
979
1045
-1259
-3247
-2828
1091
4178
2664
-418
-447
168
-834
-1290
-52
2107
3277
1712
-654
-1526
-1467
-1098
139
1787
2350
1530
320
-454
328
60
-3719
-3765
1040
4269
2552
-1187
-3182
-1162
1208
-1782
-4079
751
5844
4026
-1701
-4977
-3183
278
59
-1102
770
3629
2276
-1306
-3122
-1881
-64
769
1672
3080
3081
-346
-2657
-1368
799
642
-71
1139
3206
2287
-1778
-4327
-2120
1409
1867
504
192
374
-1053
-3357
-3860
-809
1985
935
-608
183
320
-1423
-2750
-1622
2316
4528
1777
-1710
-1243
215
-176
-573
603
2447
2675
558
-1553
-1741
-723
108
882
1621
1685
591
-576
-543
1076
507
-3208
-2653
1361
3749
1742
-1767
-2814
322
1644
-2512
-3977
1335
5675
2997
-2729
-5274
-2029
1526
360
-1638
516
3426
1822
-1796
-3462
-1411
828
1119
1331
2239
1965
-829
-2338
-770
1442
989
-142
976
2947
1614
-2486
-4084
-870
2505
2226
-3
-711
-25
-981
-2930
-2619
398
2030
236
-924
-291
-267
-1503
-2376
-224
3163
3173
-668
-2551
-469
955
86
-317
882
2548
1729
-1085
-2161
-1129
660
1005
959
814
421
-347
-440
583
1637
1157
-2342
-2667
7
2067
1071
-625
-968
811
1392
-2456
-3987
55
4570
3571
-1206
-4205
-2084
970
-181
-2006
-489
2769
2516
-601
-3110
-1901
453
763
557
1608
2196
205
-1432
-1168
309
823
340
923
2879
1711
-1830
-3396
-1188
2115
2311
473
-346
330
-507
-2623
-2725
-337
1710
807
-643
-525
-584
-1518
-2014
-491
2232
2617
-241
-1903
-584
534
-80
-695
393
2083
1686
-251
-1663
-781
901
1298
775
281
144
144
341
927
1606
1627
-294
-2620
-1972
245
1823
1100
202
66
669
-1208
-4220
-2831
2148
5090
2173
-2774
-4103
-1160
-101
-1557
-1310
1756
3592
1203
-2614
-3503
-532
886
408
1126
2505
1923
-698
-2405
-1275
1184
1340
934
1937
2496
-161
-3073
-2973
335
2916
1845
-32
-90
-138
-1952
-3203
-1741
1348
2117
519
-1016
-1314
-1613
-2026
-984
1352
2552
889
-1364
-1323
116
-144
-880
352
2271
2160
-2
-1944
-1362
1022
1902
950
64
26
269
336
173
606
1262
1455
-611
-2214
-1753
229
1921
1670
520
-513
-374
-2105
-3200
-877
2900
4134
795
-3199
-3451
-645
-254
-864
149
2620
2696
-372
-3765
-2868
356
1157
964
1645
2183
294
-2177
-2851
-47
2112
1627
925
1550
1184
-1196
-3147
-1856
2030
3406
1493
-463
-727
-1417
-2476
-2082
203
2443
1890
-341
-1836
-1921
-1983
-1196
690
2393
1732
-625
-2099
-1226
-273
-452
125
1688
2312
319
-2047
-2217
184
1983
1489
114
-109
236
-186
-575
-104
1385
1974
1549
-393
-2322
-2248
-383
2050
2393
1179
-706
-493
-975
-2286
-1991
1250
4076
2779
-1348
-3817
-2102
-483
-195
-82
1801
2713
543
-3046
-3571
-795
1285
1736
1790
1495
-224
-2464
-2981
-191
2529
2100
713
704
591
-999
-2541
-1425
2271
4077
1973
-1129
-1815
-1398
-1078
-576
718
2284
1762
-744
-2584
-2366
-1088
228
1021
1530
861
-1021
-2530
-1987
-283
786
1311
1426
575
-942
-1829
-1292
493
1916
1599
195
-123
-72
-571
-824
150
1551
2099
1009
-349
-608
-1000
-856
-170
1125
1421
974
-238
-511
-282
-1358
-1769
59
2596
2375
-333
-2670
-2000
-59
-207
-597
736
2310
1057
-1974
-3583
-1538
1277
1557
857
604
69
-1311
-2065
-867
1471
1989
977
407
214
-879
-1725
-718
1861
3157
1069
-1523
-1210
182
355
-169
-21
1324
1406
-519
-2192
-1404
-20
566
668
189
-535
-1355
-1843
-791
923
821
61
-113
0
-537
-1232
-819
897
1991
885
-646
-868
-363
170
421
774
1100
751
-235
-613
6
404
350
21
-95
157
258
-103
85
517
503
-92
-609
-849
-149
917
1029
146
-590
-699
-303
-204
-37
588
949
440
-1057
-1781
-1093
83
805
869
268
-499
-1165
-1387
-616
553
946
691
625
84
-1021
-1380
-526
1343
2181
1149
-249
-763
-482
-170
21
750
1275
840
-436
-1148
-918
-362
275
583
652
293
-769
-1581
-915
265
674
333
-154
-469
-376
-431
-441
-26
286
291
-95
-296
-386
-125
332
670
665
209
-372
-428
248
591
449
181
119
328
258
-99
-9
297
510
296
-7
57
135
-38
-219
114
230
-99
-453
-615
-109
172
-397
-609
-174
132
-73
-541
-422
17
84
-514
-632
16
495
448
39
-97
60
-26
-312
192
759
489
0
-62
137
-46
-329
-330
298
715
163
-664
-649
-73
320
238
-51
-18
44
-148
-279
-150
-178
55
272
184
-51
-438
-423
38
322
214
-142
-204
36
291
180
-211
-108
162
229
282
322
305
248
212
8
-170
-22
70
346
370
140
8
19
59
8
50
110
263
238
-179
-328
-197
-246
-191
-170
109
124
-151
-274
-276
-28
-14
-36
10
106
238
-10
-210
-67
115
309
263
148
119
176
35
-25
-41
-162
-100
-59
4
-119
-209
-319
-388
-150
-162
-106
53
133
228
24
-145
-268
-294
32
74
86
29
-159
-120
-88
-1
142
218
209
232
218
-42
-252
-117
125
222
153
-1
-85
95
-41
-173
-68
189
351
196
-60
-135
-150
-68
13
117
123
-34
38
-12
36
-40
-206
-61
145
118
-108
-250
-156
-55
-166
-315
-97
90
180
181
43
-5
-63
-68
-62
148
306
64
-69
-149
-189
-158
-159
115
149
12
-103
-201
-90
-71
-30
8
-51
-15
-120
-24
79
55
-67
-54
136
-11
-66
-160
-63
202
46
-45
-70
52
114
-39
40
126
140
16
-69
-84
-125
15
46
143
228
37
-81
-25
99
78
28
30
-35
23
-64
-129
80
95
116
72
20
-88
-165
-31
49
296
219
-186
-229
-156
59
146
-62
-32
-50
23
29
-161
-148
-55
79
35
-109
-93
-90
155
206
8
-158
-239
-130
-112
-72
-130
-90
188
175
101
-8
-32
141
161
124
-88
-126
-69
-34
65
-88
-140
-41
83
210
132
91
82
154
249
60
-52
8
142
184
60
81
27
-17
56
-65
-51
47
-36
-85
-157
-210
-159
-118
-21
190
221
-14
-46
-21
-57
64
65
-14
-51
-164
-233
-240
-146
-50
-52
27
83
9
-45
91
288
303
191
-10
-57
75
57
72
4
-36
122
57
43
70
6
29
31
-132
-281
-146
-34
-61
15
-34
-131
-50
-71
-73
56
136
121
151
43
-162
-257
-125
196
303
240
68
-116
-8
129
87
101
138
88
7
-144
-224
-135
17
143
217
54
-85
-121
-103
51
100
101
31
-11
-37
-96
-132
-158
-158
-93
12
38
-110
-163
-79
2
20
-80
-86
44
132
111
36
-15
-44
-50
3
88
-13
-48
38
27
64
82
42
55
122
70
-20
16
-36
-160
-122
49
191
113
-25
-104
-31
11
-58
-26
30
85
40
-24
17
68
-17
-90
54
181
108
-103
-181
4
104
-18
-108
-125
-11
7
-69
-47
-90
-90
-152
-105
29
-45
-135
-166
-44
35
-34
-78
-44
98
230
177
6
7
44
68
174
101
21
54
-14
14
7
-7
20
22
83
-39
-124
-167
-182
-16
-2
-123
-128
-80
-80
-126
-143
-61
18
19
-49
-63
-25
14
3
-29
54
134
47
-66
-40
14
56
115
105
150
182
69
86
96
101
169
33
39
131
118
24
-3
66
0
-44
-105
-120
-22
-26
-53
-102
-50
11
-71
-29
12
39
12
-77
-58
30
133
100
13
18
4
17
38
26
15
65
91
69
82
5
44
157
92
66
-7
3
73
-71
-95
-139
-150
-108
-189
-151
-137
-75
-18
-60
-92
-116
-150
-167
-56
-10
-37
-29
-62
-8
1
-59
-2
106
228
129
-13
-4
1
125
151
95
135
119
66
-11
25
89
82
104
12
-41
-101
-150
-69
26
79
-30
-32
-63
-127
-64
-143
-74
74
41
-1
-20
-46
-49
-27
-26
17
98
87
31
10
71
128
135
160
152
180
165
84
77
27
46
103
19
44
-27
-109
-60
-72
-54
-43
-115
-140
-113
-76
-59
-106
-148
-111
-27
-60
-107
-111
-50
8
3
-15
-81
-47
10
-28
-10
17
43
52
54
87
150
85
-49
-12
23
60
90
10
10
7
-11
-9
18
55
16
-9
33
84
29
-56
-65
-19
7
-103
-192
-106
-23
29
-58
-110
-12
0
-10
-14
4
72
54
44
19
51
103
46
52
72
104
88
37
77
79
51
32
37
59
25
-35
-64
-32
-2
-57
-114
-97
-47
-99
-126
-143
-101
14
-50
-98
-122
-109
-11
-8
7
53
19
51
20
-10
27
-22
25
69
49
57
28
10
32
46
19
25
50
53
33
-2
9
9
9
12
22
65
42
1
-18
-36
-15
7
-16
-46
-54
-20
13
2
-46
-70
15
39
10
-23
-45
11
16
-19
-47
7
63
26
23
4
-22
24
58
79
95
102
67
82
105
37
25
29
80
76
-48
-82
-79
-13
30
-85
-79
-10
2
-32
-106
-66
-25
-15
-19
-53
5
-14
-67
-50
-45
-35
-60
-35
-5
10
-18
-77
-13
35
26
6
-32
-25
-42
-38
-6
-13
15
26
0
29
30
-34
-46
10
26
-19
-50
-50
-20
19
-7
-45
-14
13
8
29
11
-21
10
-14
-38
-29
-32
-13
5
-10
-47
-80
-45
-14
12
15
-45
-51
-31
66
108
75
48
8
66
72
49
45
26
47
40
7
-41
-6
55
38
57
19
3
-8
-14
43
26
32
46
-7
-34
-70
-63
11
67
39
-19
-75
-86
-31
-6
-3
8
12
-10
-53
-61
-25
41
53
22
7
8
-22
-37
-5
62
103
68
52
-6
-11
1
-30
36
94
96
66
-25
-35
-3
-5
9
12
15
10
-31
-68
-88
-75
0
36
37
43
-8
-30
-25
-3
22
14
11
-17
-5
49
44
-22
-45
-8
18
14
3
32
64
29
-35
-60
-7
58
66
31
5
-10
-9
-12
-30
6
6
-42
-87
-95
-91
-106
-57
-12
-1
-9
-77
-89
-68
-25
30
31
53
72
53
40
19
49
63
61
73
51
77
46
12
22
4
-4
-8
7
32
-3
-45
-101
-95
-44
-70
-94
-111
-69
-8
-53
-99
-79
-33
20
-9
-17
37
72
49
8
55
91
53
13
-1
30
37
6
-24
-17
27
14
-30
-24
17
59
28
-38
-19
-39
-41
19
64
100
53
-5
-18
-1
50
36
39
38
13
-12
-52
-51
-37
22
36
8
-2
-87
-119
-100
-66
9
27
4
-54
-79
-56
-19
25
60
77
53
1
-31
-17
53
85
115
118
108
105
27
24
80
82
78
30
10
8
-45
-76
-71
-31
0
-30
-65
-67
-40
-17
-32
-50
-47
-46
-69
-51
-26
32
67
32
36
34
53
36
12
45
50
69
40
10
31
19
-21
-61
-20
15
-5
-39
-78
-49
-50
-78
-100
-78
-35
-86
-121
-88
-24
21
-12
4
41
29
-8
-32
20
63
68
41
16
55
44
-15
-10
44
78
33
-1
12
31
50
23
27
70
39
-13
-50
-21
32
12
-8
21
54
-16
-113
-101
-51
10
16
-53
-63
-47
-59
-92
-106
-54
-14
-17
-22
-33
15
17
1
28
37
94
102
98
115
89
89
54
50
86
85
81
49
58
29
-34
-48
-64
-34
-30
-79
-99
-104
-114
-135
-136
-97
-25
-36
-91
-102
-92
-64
-56
-8
67
106
92
41
49
88
91
68
70
110
99
70
15
6
60
50
23
8
-2
-15
-69
-88
-66
-31
5
-7
-25
-15
-18
-44
-49
8
64
70
53
34
38
24
4
-10
-1
55
34
-27
-47
-60
-35
-30
-33
-14
-26
-64
-87
-62
-25
-17
-32
-42
-31
-42
-53
-51
8
81
67
24
-3
-30
-23
-13
9
56
68
45
0
-22
-15
-13
-25
-14
19
40
43
25
26
43
56
71
67
76
86
51
44
94
105
89
64
24
5
-75
-163
-135
-55
53
100
48
-20
-104
-219
-280
-229
-96
43
118
115
49
-29
-135
-182
-124
-26
79
141
173
199
185
117
22
-24
-2
-45
-55
17
84
176
183
81
-53
-146
-228
-292
-189
-25
92
169
95
-70
-191
-252
-238
-156
-27
71
134
166
150
107
43
-16
-46
-74
-62
5
79
177
215
184
85
-37
-120
-176
-142
-48
58
146
160
94
-6
-102
-155
-165
-123
-41
44
122
137
105
38
-16
-34
-35
-5
31
88
122
94
52
4
-11
-9
-12
-14
-25
-6
5
-4
-20
-30
-43
-64
-77
-79
-65
-33
7
29
-3
-40
-60
-63
-53
-59
-24
21
39
34
-20
-46
-41
-43
-26
-17
26
46
42
35
32
26
-7
-3
1
9
12
4
19
38
39
12
-13
-26
-43
-31
-22
2
18
2
-1
-19
-23
-36
-44
-34
-31
-14
-21
-16
1
4
6
9
18
12
23
11
-14
14
5
7
1
-6
7
-34
-25
-12
-43
-36
-35
-23
3
13
-6
-34
-11
9
0
24
33
35
47
54
38
56
83
58
72
90
87
84
69
48
34
32
20
29
30
50
75
57
66
43
-5
-29
-65
-89
-82
-32
-14
14
17
-5
-21
-86
-110
-129
-150
-114
-68
21
64
52
7
-52
-67
-82
-71
-3
70
153
203
125
57
-23
-71
-44
-8
50
90
88
68
6
-73
-96
-114
-123
-70
-50
-22
4
-12
6
-48
-59
-81
-101
-46
-10
54
82
123
114
39
63
0
-3
72
36
100
153
103
73
24
-10
-92
-66
-51
-45
25
31
13
-65
-21
-68
-138
-40
-72
-41
61
85
44
1
-33
-104
-110
-31
9
74
131
60
36
-93
-96
-73
-137
62
40
31
86
-12
-84
-60
-31
-69
56
27
21
91
-11
30
39
52
36
58
71
-91
123
25
-94
162
-67
-39
-1
-120
-69
-95
80
-41
-67
104
-204
-71
28
-143
62
60
64
103
41
54
-165
31
84
-44
329
75
169
209
-289
-41
-197
-191
96
43
173
118
189
-220
-266
-223
-502
-125
73
152
258
196
48
-342
-255
-298
-374
325
360
294
436
240
-324
-277
-152
-457
220
399
244
368
260
-163
-416
-141
-399
-199
276
211
93
234
63
-381
-167
-122
-356
231
304
-8
251
83
12
-198
74
-148
-100
398
-108
236
182
-128
191
-132
-71
-16
-147
-52
30
116
-63
311
-49
-85
41
-361
-38
-197
27
225
2
119
111
-176
-189
-125
-308
-116
288
55
146
310
-89
-142
-207
-242
-230
-26
256
122
153
398
-293
-122
6
-628
224
80
-25
531
125
62
105
-241
-298
69
3
-204
473
137
-3
264
-302
-555
81
-222
-234
475
95
232
107
-184
-152
-495
26
-47
-32
521
208
122
18
69
-290
-226
47
12
107
450
215
-142
221
-287
-270
-84
-324
373
75
103
177
-353
-5
-376
-205
-205
-1
432
-85
168
132
-295
126
-122
-116
252
50
313
-43
133
71
-169
207
-66
88
-91
82
32
-262
329
3
-184
115
75
-323
-150
214
-425
110
469
-448
141
435
-831
163
109
-362
307
118
148
107
329
-376
-126
286
-459
250
131
9
224
-50
-198
-335
151
-400
300
182
-189
507
-480
106
-349
-55
318
-385
722
-87
-75
238
-401
111
-70
198
138
29
457
-255
-415
235
-346
-237
472
-369
230
183
-522
79
-468
140
-210
211
207
-384
560
-622
41
208
-571
589
-89
147
194
-147
177
-119
51
9
213
-44
214
79
-332
304
-51
-256
383
-370
242
-67
-401
273
-100
181
-137
366
-219
-9
113
-574
231
137
51
-87
277
249
-406
124
-242
-224
483
-47
28
185
17
95
-418
-113
-45
37
208
-171
343
58
-460
364
-338
-65
355
-105
-47
140
588
-805
322
310
-769
642
-406
51
245
-16
256
-507
288
-96
-283
243
-566
584
-187
-28
311
-424
370
-304
99
-124
21
321
-332
380
-102
-42
74
-203
260
-300
150
36
-136
185
-170
149
-229
-8
77
-333
340
-319
152
99
-220
148
-281
206
-36
-26
32
-197
199
-52
-80
173
34
188
-34
-70
-64
-1
-47
185
-117
25
245
-177
-84
-7
25
-436
581
-296
-2
302
-424
502
-619
378
-62
-416
733
-525
274
-38
57
-73
-168
302
-401
169
-70
129
26
40
14
-148
161
-152
-77
-155
100
173
-145
116
-13
8
217
-466
310
-270
206
497
-735
586
60
-307
146
4
-297
249
272
-404
114
230
-114
-312
413
-451
148
133
-325
187
-149
335
-349
127
122
-120
97
-152
174
-209
262
-102
-39
215
-102
217
-297
169
81
-168
364
-350
392
-234
170
-90
-191
261
-365
350
-324
244
-214
-176
233
-342
241
-102
106
-96
-24
-11
-201
-42
141
-266
324
108
-550
474
-354
-53
186
-192
177
287
-7
-232
180
-85
-270
398
-368
270
274
-361
340
-452
389
-145
-158
441
-307
168
37
-106
-31
84
83
-236
109
235
-365
137
154
-482
462
-85
-116
99
34
1
-111
149
-242
214
65
-272
424
-254
-167
389
-476
106
326
-560
504
19
-122
206
-264
293
-365
230
-258
126
195
-385
629
-615
116
227
-625
563
-350
258
-184
-119
293
-731
636
-260
43
403
-306
344
-149
-223
421
-490
367
306
-346
354
-296
54
-131
-163
473
-456
579
-185
-173
260
-695
554
-377
14
432
-418
109
168
-263
-202
456
-304
67
298
-262
-42
169
152
-432
540
-56
-340
576
-580
122
198
-219
245
-145
201
-132
34
-145
41
-29
-18
-104
66
152
-524
694
-545
35
364
-486
311
-101
26
-9
-77
253
-316
25
213
-260
37
14
270
-384
256
186
-656
535
-75
-308
197
285
-550
372
127
-478
531
-233
-71
230
-78
-12
208
-171
150
101
-72
163
-171
217
-116
73
-97
251
-293
128
238
-687
656
-204
-494
762
-619
159
188
-283
109
-68
95
-177
171
-77
-37
99
-238
213
-85
-225
471
-233
-110
560
-440
-120
635
-649
244
368
-408
287
-78
83
-505
360
73
-727
1115
-743
-28
736
-892
360
-28
-130
65
-79
350
-579
497
-4
-539
510
-99
-367
362
-8
-358
449
-14
-305
140
98
-351
45
231
-409
208
314
-457
186
243
-513
485
-245
-7
285
-261
381
-317
125
-29
-141
162
-232
71
130
-299
411
-364
127
-30
-86
139
-448
429
-339
-23
320
-353
3
299
-313
-74
321
-250
-37
455
-268
123
78
49
-189
67
112
-216
326
85
11
-33
12
50
-264
190
-15
159
-129
376
-284
-177
326
-569
395
-233
228
90
-275
341
-327
-23
116
-251
283
-222
222
16
-343
304
-189
-119
151
-22
-115
237
-214
270
-163
-115
413
-404
271
-44
-64
-16
19
306
-639
682
-139
-504
704
-561
127
378
-405
281
19
-105
43
-134
-89
41
148
-241
317
-59
-376
501
-459
-66
497
-620
316
195
-493
275
-128
-46
-115
229
-229
75
242
-442
312
-25
-207
397
-260
-16
388
-441
120
123
-234
179
-100
208
-219
69
314
-547
443
-51
-171
179
-11
13
-291
414
-260
-105
328
-291
110
68
-53
87
-21
36
131
-272
225
43
-402
382
-75
-83
139
-11
-84
-119
418
-582
331
371
-777
837
-419
-122
316
-247
196
-312
411
-229
-216
563
-541
142
159
-139
-14
54
186
-293
224
28
-416
440
-344
-57
324
-382
180
227
-507
340
45
-387
188
309
-606
522
23
-427
583
-376
100
3
158
-127
35
279
-381
232
124
-405
243
-12
-109
-44
307
-256
-139
331
-301
-239
389
-202
-357
703
-379
-171
445
-368
-53
291
-219
-104
246
128
-517
486
8
-658
825
-423
-176
526
-223
-155
219
88
-286
94
212
-227
2
288
-283
86
153
-165
-39
245
-88
-210
341
-97
-61
139
-72
95
-184
37
-88
-4
112
-138
104
-85
237
-219
-134
394
-476
309
-74
-202
502
-648
287
172
-471
313
67
-159
111
206
-210
-102
445
-398
-42
289
-71
-96
94
197
-206
-97
412
-293
-103
544
-444
29
352
-407
10
33
128
-349
240
67
-422
501
-306
83
31
-78
117
-209
326
-282
67
148
-204
209
-256
320
-363
186
177
-599
634
-270
-24
130
-197
145
-140
93
0
-119
307
-270
15
170
-268
176
-18
-188
294
-43
-101
228
-172
80
-260
377
-277
-223
700
-795
333
213
-678
614
-251
-117
237
-131
306
-435
354
-148
-97
125
-161
216
-198
371
-343
60
381
-562
235
278
-437
147
256
-386
263
-95
-32
-17
-24
88
-224
146
206
-245
-17
498
-420
-29
450
-482
298
79
-155
172
-133
225
-528
562
-349
-221
788
-817
534
-24
-384
489
-247
14
-181
474
-286
-437
879
-662
70
302
-481
224
-61
119
-225
246
250
-444
103
198
-82
-352
443
-186
-118
419
-619
373
-16
-234
251
-293
298
-118
2
-79
38
-20
-50
107
-109
348
-390
160
251
-512
405
47
-292
281
44
-233
162
-52
-33
110
-164
255
-109
-17
-3
-17
-190
181
195
-572
513
60
-540
391
-24
-274
279
44
-402
285
149
-438
2
434
-302
-165
689
-554
5
556
-396
-155
457
107
-768
725
-171
-673
900
-232
-458
447
49
-422
151
132
-319
105
413
-533
-54
604
-545
-58
452
-383
64
337
-244
-448
631
-88
-882
1037
-406
-443
854
-444
-358
607
-80
-543
482
123
-355
150
360
-601
148
660
-845
226
580
-539
-19
415
-142
-447
754
-423
-355
696
-247
-272
189
185
-416
89
281
-398
101
351
-481
269
77
-64
-196
215
-137
-117
423
-562
346
121
-350
378
-248
63
69
-42
-3
-277
490
-369
9
260
-307
355
-271
86
-90
114
86
-409
636
-405
65
151
-457
393
-165
-49
46
44
109
-224
-89
205
-131
-7
8
23
91
22
12
-143
214
-60
-81
86
-176
178
132
-494
445
-147
-11
151
-225
291
-175
314
-268
-76
240
-182
88
-237
266
82
-216
223
-142
51
46
9
-53
83
87
-77
-171
111
182
-389
356
16
-158
163
-119
-52
10
120
-130
-138
287
-65
-161
162
-62
-31
32
97
-267
133
104
-148
40
14
234
-280
165
-43
-137
221
-78
-81
88
63
24
-150
-102
225
-76
-127
195
-137
-20
210
-301
-55
118
45
-246
182
85
-272
416
-325
-3
266
-294
121
13
-51
14
138
-116
-22
116
-1
-144
172
75
-221
299
-95
-173
285
-185
54
-22
127
41
-258
364
-328
88
20
-74
-11
-153
389
-536
-16
449
-582
147
220
-28
-267
371
84
-744
811
-305
-256
265
29
-120
-281
639
-527
78
440
-533
295
-138
4
-58
-60
221
-218
342
-392
262
-21
-319
410
-161
-22
202
12
-121
-22
152
-14
-420
497
-47
-347
369
-69
-209
98
238
-408
100
431
-354
20
155
23
-160
16
196
-304
122
198
-273
74
285
-175
-149
412
-274
-2
290
-416
363
-38
-185
229
-288
183
-72
-35
-32
64
185
-343
336
-246
-64
220
-254
-5
116
104
-241
66
228
-310
137
57
-139
73
197
-207
-152
392
-416
185
-52
-131
328
-219
70
-41
66
-118
56
119
-353
330
70
-268
182
-19
-37
-125
210
-26
-263
449
-110
-299
252
79
-294
130
225
-395
304
20
-287
183
-46
-1
-59
55
-12
-86
-1
-59
29
9
-99
139
-58
-78
111
-135
5
184
-81
27
-15
65
7
-172
174
-21
-62
241
-168
64
-3
8
53
-233
367
-231
4
263
-386
289
-110
-14
-37
3
126
-322
490
-435
32
415
-567
412
-183
5
87
-80
56
-257
339
-273
167
44
-208
343
-320
224
-107
-9
135
-130
139
-102
116
-140
100
89
-268
384
-187
-18
163
-174
44
-26
27
-50
49
12
9
-125
126
-130
-4
86
-149
131
-77
95
-61
-39
130
-208
86
83
-137
57
120
-163
193
16
-144
105
14
-27
72
-12
-74
175
-98
-84
90
-70
-65
137
-100
-34
99
-4
-148
66
110
-219
104
65
-139
-63
278
-323
105
106
-216
176
-54
25
-109
155
-5
-143
245
-266
127
43
-220
242
-237
238
-69
-115
184
-169
49
0
70
-113
91
60
-214
152
6
-108
-20
191
-203
-13
262
-264
178
36
-116
127
-122
24
-39
7
-17
-46
130
-176
92
159
-244
120
138
-136
24
162
-108
-137
142
-44
-243
283
-85
-124
257
-169
37
38
3
-95
145
-91
-68
189
-200
21
30
-74
30
-45
86
-60
-1
118
-201
135
-50
-4
-17
-45
208
-258
300
-87
-114
227
-148
52
13
-5
-30
-38
165
-240
62
183
-345
297
-60
-160
205
-94
28
-100
137
-54
-118
306
-318
131
155
-268
183
1
-84
78
32
3
-124
201
-173
2
103
-138
24
63
22
-127
168
-85
-60
65
-39
-35
-8
149
-208
78
133
-297
211
-28
-188
212
8
-50
31
113
-135
-92
250
-287
23
234
-208
42
97
-66
-100
76
58
-245
192
33
-190
278
-208
111
-14
-51
194
-242
223
-118
20
27
-143
150
-221
127
-7
-120
141
-97
132
-79
97
-52
-71
249
-344
271
-114
-153
300
-349
229
-125
145
1
-126
356
-417
283
26
-214
191
-11
-96
10
184
-252
72
159
-251
123
118
-165
119
56
-40
-64
167
-157
-67
166
-199
107
-97
36
-27
24
11
-105
95
-94
92
-61
-27
146
-99
-7
26
-7
-67
80
45
-124
156
-15
-56
121
-64
78
-17
8
107
-96
-24
101
-87
-99
235
-85
-125
235
-111
-112
223
-22
-119
169
-28
-119
98
-1
-74
91
-33
14
-47
40
-11
-83
74
4
-51
71
4
-36
38
-112
99
-131
75
86
-179
157
-40
-62
43
-9
-45
10
36
-19
-69
44
17
-67
1
84
-68
-18
118
-57
-91
181
-58
-134
214
-92
-76
87
-43
-68
6
13
-26
-28
19
3
-101
41
20
-60
-28
57
-5
-9
-6
101
-142
4
135
-232
37
16
-28
-45
89
-23
-68
99
-21
-10
3
78
32
-55
45
22
-122
77
-42
-61
44
-11
57
-50
103
-51
-6
78
-108
106
-61
21
99
-189
165
-113
-108
148
-231
137
-18
-49
70
-76
6
-57
103
-126
83
154
-255
235
-16
-165
253
-149
2
121
-70
-1
22
49
-134
144
-69
-52
210
-219
166
-26
-70
210
-192
155
10
-95
173
-137
47
-38
-19
-44
-50
116
-161
145
-89
-80
141
-172
116
35
-73
97
-31
-66
59
-73
5
-4
-44
41
-76
39
-9
-18
42
2
-9
22
132
-148
136
-18
-157
165
-106
-37
67
-31
3
2
18
-13
13
47
-28
3
44
-30
-20
33
28
-69
39
24
-94
143
-52
-39
125
-61
13
67
-64
81
12
-19
50
-49
19
-23
21
-36
38
9
-55
62
-15
12
-7
3
-20
3
-7
-14
-41
3
11
-54
-11
70
-13
-34
97
-44
-9
94
-64
-26
99
-81
-10
-3
-2
-3
-21
116
-131
103
-9
-116
107
-47
42
-46
7
11
-72
120
-76
6
98
-122
71
10
-5
-18
68
-87
-5
56
-134
64
-39
-12
-14
64
-51
8
58
-76
74
-49
64
7
-5
79
-80
55
-25
-29
-17
-52
100
-139
40
64
-189
159
-86
-37
85
-20
27
-88
173
-139
1
116
-232
146
-42
-71
41
-13
30
-87
122
-71
-66
136
-164
42
88
-129
85
1
-35
7
9
-25
-18
57
-64
40
17
-26
70
-27
17
38
-66
0
27
-43
10
17
-27
-16
29
-22
-59
75
-34
-36
102
-38
5
50
-26
-32
22
10
-47
64
50
-59
78
7
-37
25
-29
-5
-26
-13
16
-12
-17
57
-53
-11
51
-64
35
22
-23
-15
18
-28
-17
39
-20
11
37
-33
21
21
-15
35
-21
20
28
-13
13
0
-31
5
34
-8
11
52
-46
7
43
-54
41
9
-13
10
-6
-11
-27
4
-9
-28
23
0
-18
34
5
-15
20
2
-37
40
18
-44
62
-18
-23
55
-50
0
18
-28
9
5
-24
15
-9
-19
27
-27
24
4
-16
3
-19
-9
4
-9
7
-2
10
-2
-14
18
-20
16
3
-20
28
-26
-1
7
-19
7
14
6
0
19
4
-6
11
5
-14
2
17
-17
14
18
-31
6
9
-11
-10
12
-28
-10
25
-30
13
1
-52
-1
-3
-39
27
2
-22
41
-13
-9
22
11
-4
3
-17
-28
10
-11
4
8
10
3
-5
-4
-5
8
-8
-14
10
-13
9
25
-15
20
18
18
-10
4
-9
-41
29
-23
-17
41
-5
11
35
-16
16
17
-11
12
9
17
6
-3
-2
-6
-15
7
-10
18
31
-29
11
-19
-31
4
-13
-9
7
12
3
9
0
-2
-4
17
11
12
17
-11
-3
-14
-20
-11
-6
-12
11
5
-10
24
-8
10
10
-12
10
-24
-8
-8
-23
4
-29
-8
-10
-26
-8
-13
6
13
17
21
10
22
0
3
-4
-11
14
-7
-7
1
-18
-19
5
-3
8
28
10
3
14
-4
0
6
-8
5
5
-10
-8
-12
-23
6
-20
4
8
-19
22
-12
-13
14
-18
-3
2
-3
-2
-12
8
-3
16
21
3
17
-4
6
7
-2
-3
-16
-6
-24
-17
2
-5
6
4
-5
7
5
22
13
6
13
-11
8
-12
-19
-5
-22
-6
-2
-2
16
13
20
24
19
25
10
13
-1
-9
-16
-27
-18
-22
-10
-2
-2
7
12
11
16
10
5
14
-3
-2
2
-17
-4
0
-27
-6
-8
-24
9
-13
-8
18
-6
18
14
3
13
4
12
14
4
1
2
-5
-3
7
2
12
15
2
4
-2
-11
0
-1
-15
2
0
-5
6
3
-2
3
-4
8
7
11
0
-13
-17
-15
-14
-21
-3
-12
-4
2
-7
8
11
5
22
22
16
23
12
9
3
-4
7
-10
-9
-4
-14
-1
-4
-4
2
-2
-1
13
0
5
15
-7
-2
-4
-11
0
3
-6
-2
1
-2
2
7
3
12
6
0
2
-5
1
-11
-8
-7
-5
-1
-8
-2
-10
1
-1
-7
5
3
9
0
7
-5
-5
0
-12
-6
9
0
1
15
0
7
9
0
8
10
2
1
-1
-6
-7
-5
-9
-8
-3
-2
3
5
2
-4
8
-4
-12
-2
-13
-6
-5
-10
-6
-2
-2
5
-1
3
10
4
5
2
6
15
14
10
6
-5
-1
-8
-6
-10
-14
-7
-14
-4
-5
-2
3
7
15
12
17
11
3
5
-7
-5
-1
-4
-2
-8
-10
-14
-13
1
9
17
18
21
8
1
-1
-5
1
-3
1
-3
-3
-2
1
-9
0
-3
0
10
2
10
3
8
5
-2
2
-7
-4
0
4
3
1
2
9
16
6
9
6
-5
-7
-11
-10
-8
-9
-7
-5
-4
-1
2
4
4
-7
-5
-9
-18
-13
-23
-20
-10
-7
-4
4
-2
6
8
7
15
2
4
2
1
2
-2
-10
-3
0
-4
6
1
0
0
-2
3
0
1
-3
-6
-1
-3
-6
0
-3
-1
3
2
5
4
0
-3
-6
-4
-11
-10
3
-5
5
2
-1
4
-2
0
-3
0
4
2
0
-1
0
-4
-8
0
4
4
5
10
7
-1
2
-6
4
5
8
8
-10
-9
-9
-1
2
5
10
9
8
6
1
4
7
8
8
3
1
-4
-6
-4
0
2
0
9
8
7
7
0
2
4
1
-1
-7
-5
-2
-8
-9
-3
-3
-2
4
2
0
2
-7
-9
-1
-6
-2
6
0
-3
0
-7
-5
-1
0
7
1
-3
-1
-12
-5
-2
-5
11
4
5
4
-5
5
2
2
5
4
8
4
-1
-1
2
-1
2
2
-1
-2
1
3
0
0
-2
-1
-4
-4
-7
-3
-5
-10
-3
-3
-2
2
4
2
7
2
-4
-4
-13
-6
-4
-3
3
3
3
10
6
9
7
3
9
4
0
2
-6
-6
-8
-13
-7
-2
4
8
8
3
7
4
3
3
-2
1
-4
-3
-1
-9
-5
-1
-2
3
5
4
0
2
0
1
4
5
10
0
1
-6
-6
2
-8
-2
0
-2
-2
-1
-7
-2
3
2
4
-2
2
4
6
-2
-3
-2
-1
3
1
-5
-10
-7
-8
-1
2
-2
2
2
3
2
4
4
5
5
2
2
-1
-4
-6
-4
-6
-3
-2
0
0
2
7
3
8
4
-2
-2
1
0
2
-1
-6
-1
2
3
4
9
6
5
0
0
1
5
5
5
8
6
1
1
4
1
8
7
5
-3
-10
-2
-4
-4
-9
-10
-7
-8
-7
-1
0
-2
0
0
7
5
3
0
0
5
6
4
3
1
0
-2
-7
-9
-12
-6
-4
-7
-1
-5
-4
0
2
9
1
3
0
-3
2
4
9
6
6
-4
-5
-6
-9
2
2
4
-1
-1
8
-2
0
5
5
6
4
-1
-5
-8
-2
-3
-4
-3
-2
5
4
2
-4
-4
-6
-7
0
1
7
3
6
6
5
1
-10
-3
-3
-1
-3
-4
2
5
8
6
3
6
9
3
2
-1
-3
-1
3
2
0
1
-1
-3
-5
-7
-3
2
0
0
-2
-5
-3
-5
-4
-10
-4
-3
-3
0
1
7
-6
-8
-6
-3
10
10
8
-4
-4
1
-7
0
2
5
11
5
7
2
-2
-1
-3
1
4
0
-2
-6
-1
-1
-9
-9
-9
-8
-1
-6
-6
-4
-7
-6
1
9
8
9
4
-6
-3
-4
1
4
15
12
4
4
-11
-4
2
12
19
12
10
-3
-5
-4
-5
6
5
9
2
-4
0
-3
-2
-4
-4
1
-4
1
-2
-1
-2
-7
0
2
5
-7
-8
-7
-9
-2
-5
0
2
2
1
1
-3
-3
-3
2
5
4
6
1
1
-1
-3
2
6
7
5
2
0
1
-4
-6
0
0
0
0
-2
-3
-5
-4
-4
-7
-6
-4
-3
-5
-9
-8
-11
-13
-9
-6
-6
-4
-1
4
8
9
5
2
3
6
6
-3
3
5
3
7
-3
-3
-9
-1
-2
-2
12
-1
4
5
6
9
-3
2
2
0
2
1
5
6
4
-4
-6
-8
0
7
-1
6
3
-7
-2
-7
2
0
0
11
-1
9
3
-1
1
-5
-2
-2
5
2
-1
-4
-2
4
-2
3
-1
1
-2
-2
5
-4
2
9
2
-2
0
2
2
0
-3
-11
-8
0
-1
1
0
-2
-8
-5
2
2
13
14
11
10
-1
-3
3
5
9
10
9
0
-4
-2
-2
3
3
-4
-1
-3
-8
-12
-15
-6
-11
-5
-5
-10
-8
-10
-10
-16
-12
-6
-3
2
-1
0
-2
-4
-1
2
1
4
5
3
2
5
12
4
8
8
2
2
-5
-2
-2
-3
1
-1
-3
-4
-1
2
3
0
-2
-2
4
7
1
2
5
2
1
-2
-2
-2
2
6
4
4
7
4
4
1
3
5
-4
-3
-9
-8
-3
-10
-3
-4
3
12
14
14
8
13
9
9
4
-4
-4
-9
-9
-9
-9
-11
-6
2
3
1
5
10
5
0
-7
-11
-9
-2
-2
-7
-4
-4
-3
-6
-8
2
8
6
1
0
3
0
-4
-6
-2
0
2
1
3
3
-1
0
5
0
0
9
6
6
3
5
0
1
6
-4
4
7
9
6
9
11
-1
5
-1
-5
2
-4
0
2
3
3
0
1
-1
-1
3
5
5
3
-1
-2
-3
-8
-13
-3
4
3
6
4
-1
-5
-5
-7
-7
2
0
-5
3
2
-5
-6
-1
-2
-8
2
3
1
-3
-11
-11
-11
-3
-1
-1
-3
-8
-6
-5
3
6
2
1
-1
-2
-10
-4
2
0
3
6
5
2
-1
-1
0
0
3
1
4
5
4
5
6
6
5
5
4
7
2
-7
-11
-17
-15
-9
5
13
5
6
-4
-8
0
4
2
4
5
-8
-9
-6
-2
1
4
8
3
9
10
6
8
7
10
5
2
5
3
3
-1
-3
-3
-6
-8
-11
-8
-3
4
4
0
1
2
-2
-3
-1
-1
-1
0
-5
-3
0
-1
-1
-2
2
3
2
-4
-5
-1
-1
6
10
6
2
-1
-2
-4
-1
-2
0
5
2
0
-3
-5
0
7
4
0
-3
-4
-6
-8
-7
-4
0
-1
-5
2
1
3
8
1
0
5
7
5
1
-5
-9
-2
1
-2
6
11
8
6
1
1
1
3
6
0
2
-4
-4
-9
-14
-8
-6
-2
-1
1
0
-5
-4
-2
-6
-7
1
1
-6
-1
4
1
3
9
10
5
2
3
4
5
7
4
-1
1
0
-6
-3
2
4
1
-3
-3
-8
-5
0
-1
-3
-5
-1
-4
-5
-2
-5
-2
-2
-6
-8
-4
5
7
6
9
12
6
4
0
1
5
3
-4
-9
-3
2
1
3
1
4
5
2
1
-2
-5
-1
-3
-5
-1
-5
-6
-8
-5
-2
3
3
-4
0
-1
-3
-3
-1
0
0
-4
-3
4
0
-2
3
3
-1
1
2
-3
-7
-8
-6
-1
3
2
4
3
-4
-8
-4
-1
2
-2
-1
8
2
1
2
-2
2
0
-4
-7
2
2
-3
3
4
8
8
8
11
-1
-2
-3
-1
6
8
11
6
7
5
1
2
1
-2
-2
3
9
3
0
0
-3
0
3
5
2
1
6
0
-10
-4
-1
-1
-1
1
3
1
4
-2
-2
2
-1
-4
-10
-7
-3
-3
0
2
5
7
2
-1
3
4
7
6
6
2
-2
-7
-11
-1
1
2
10
10
6
3
2
4
7
8
3
-3
-3
-3
-4
-1
2
6
6
4
2
-4
-4
-2
-1
1
7
7
2
-6
-4
3
10
11
11
8
1
4
4
5
3
1
6
3
2
0
-7
-3
1
-4
-5
-4
1
1
0
4
-3
-7
-7
-6
-7
-8
-6
-6
-5
-8
-6
-2
-3
-8
-13
-10
-7
-9
-15
-12
-2
-2
-6
-5
0
-1
-2
-4
-9
-9
-7
-6
-10
-7
-4
-3
-1
1
0
2
4
0
2
9
5
8
4
3
0
-4
1
-5
-4
4
6
7
3
-3
-8
-4
0
4
7
2
1
-2
-9
-11
-8
-6
1
0
0
-2
1
3
0
1
7
11
9
5
4
10
5
4
3
1
-1
-6
0
1
0
3
7
1
-4
-3
-1
1
2
5
0
1
-4
-7
-5
-3
-1
-2
-3
-5
-2
5
6
9
10
8
13
17
14
10
8
8
5
-2
-1
2
3
3
6
10
11
11
6
2
0
-1
-6
-14
-18
-12
-7
-10
-4
-6
-4
0
-3
-2
-4
-3
-4
-12
-10
-6
-4
-9
-6
-3
-5
1
3
2
1
0
1
-1
-2
-3
-4
0
-4
-12
-9
-10
-9
3
6
5
4
1
-1
0
-3
-3
-2
-1
2
2
1
-3
-1
1
3
3
0
0
-1
-3
-1
0
1
4
1
-5
-5
-5
-7
-4
-1
-1
-2
-1
4
4
6
5
0
0
0
1
4
6
5
9
6
1
7
7
6
7
6
5
6
6
-1
-7
-2
2
-2
-3
-5
-6
0
0
0
-2
0
0
-1
-3
-2
4
-1
-2
3
3
5
4
2
4
6
8
6
9
10
3
-3
0
2
0
2
2
-1
-2
-2
1
-1
-4
1
3
0
2
1
-5
-7
-5
0
-5
-2
7
5
9
3
0
-3
-5
-6
-6
-2
-2
0
-2
1
2
-4
-7
-7
-7
-5
-3
-3
-1
3
3
2
0
-4
-5
-6
-1
-2
-2
1
4
6
-1
-2
-2
-2
-2
-2
0
3
5
1
3
-1
-3
-2
-2
1
2
7
11
6
5
5
10
10
7
4
-2
5
10
6
5
6
3
1
7
4
8
11
9
9
2
-3
-10
-12
-11
-12
-9
-13
-15
-13
-7
-4
2
6
2
5
5
-4
-6
-3
0
0
-5
-8
-3
0
1
5
6
6
3
-2
-6
-8
-2
2
2
-2
-10
-8
-6
-1
4
6
7
0
0
-4
0
2
-3
-2
-2
-1
0
1
3
6
3
-1
3
2
1
6
9
10
12
10
3
1
2
1
-5
-8
-9
-7
-7
-11
-5
0
1
2
-1
-5
-8
-6
-5
-2
-1
7
5
2
3
-1
-1
4
2
0
2
0
-5
-5
0
3
2
-2
-6
-8
-4
-4
-8
-7
-6
-5
-5
-2
0
-1
2
-2
-2
-4
-6
-6
-5
-4
1
4
4
9
3
-3
2
6
7
11
8
4
2
3
2
-1
-3
1
5
12
13
7
9
6
5
6
5
2
2
-3
-11
-8
-1
2
8
4
3
5
8
9
11
11
4
4
0
0
9
7
8
4
-6
-9
-9
-7
-6
-6
-3
-3
-1
-9
-15
-11
-9
-9
-3
1
-2
-3
-4
-2
3
4
-2
1
2
0
-3
-11
-11
-6
-7
-10
-6
4
8
10
7
7
11
6
3
0
-1
1
-2
-2
-6
-2
1
5
1
-1
2
4
0
-3
-4
-2
8
4
-1
-1
0
-3
-6
-6
-7
-3
4
1
4
12
7
7
6
7
12
10
7
5
-4
-7
-6
-10
-8
-4
-1
5
8
11
7
-2
-6
-6
-1
2
4
1
-8
-8
-3
-3
-5
2
4
1
6
5
-1
5
6
5
2
2
4
2
-5
-6
-7
-5
-4
-7
-7
-5
-2
-6
-3
-2
-3
-4
-3
0
-4
-2
-6
-6
-4
-4
-1
-3
1
2
-1
2
2
2
-2
-2
3
-1
-3
0
5
4
2
6
1
-3
-8
-10
-6
-4
1
1
-1
4
2
-5
-7
-1
-4
-1
-1
-3
5
7
7
11
10
5
3
-3
0
3
0
1
-6
-9
-1
-2
-10
-7
-4
-4
-7
-13
-5
-3
-3
-2
-6
-7
-5
0
-5
-4
0
7
11
13
17
10
10
12
12
9
11
7
2
1
-8
-6
-10
-5
-2
1
-1
2
6
4
0
-4
2
4
1
-2
-6
-4
-2
-3
-3
2
0
-2
-3
-7
-4
-1
2
-2
-9
-12
-9
-1
-5
-2
-1
1
1
-1
-2
-5
1
7
9
14
12
11
11
18
20
15
12
2
-2
0
4
3
1
-6
-10
-9
-11
-10
-12
-6
-3
-4
-2
-4
0
-6
-4
9
16
14
7
-2
-3
4
8
8
11
6
1
2
5
12
14
11
5
5
-1
-1
4
-1
0
3
-1
-3
0
3
-1
-5
-2
0
2
5
-1
-1
-2
-1
-2
3
8
14
14
5
2
-3
-5
-7
-4
2
1
3
-1
-9
-9
-9
-12
-10
-3
-9
-10
-8
-9
-10
-12
-3
-1
5
6
-1
-3
-8
-2
-4
-8
-1
4
11
3
0
2
3
3
8
11
5
3
4
-7
-11
-6
3
3
1
6
1
2
2
-3
2
2
5
5
2
2
0
-2
0
1
4
4
1
-5
-4
-9
-11
-3
-1
-1
0
-3
-1
-1
-1
-5
-7
2
2
0
5
3
-3
-2
-2
-1
-2
-3
-2
-4
-5
-5
-5
-1
-5
-7
3
5
2
3
3
-1
-4
-4
-2
1
6
7
3
0
1
-1
-1
3
5
-1
1
6
-1
-2
-8
-9
-3
-2
-1
-3
-4
1
4
2
2
7
7
3
-1
1
-2
-2
4
-4
0
8
5
7
4
6
2
-3
0
-4
-1
-1
-2
-4
-6
-3
-3
-4
-6
-2
4
-2
-1
1
-7
-8
-5
-4
-4
2
4
4
3
-1
1
2
0
0
7
4
2
6
-1
-1
3
2
-3
0
0
-4
-3
0
-1
-10
-9
-6
-8
-1
2
5
5
-1
2
1
-5
-4
-2
0
1
4
3
3
9
7
5
7
6
8
0
-5
-9
-9
-3
2
2
-5
5
5
4
1
1
4
7
3
1
11
6
-3
2
-1
-2
7
4
3
7
7
-4
-15
-8
-9
-7
0
-4
-5
1
-2
-10
-3
2
-2
0
4
2
2
2
-3
-9
-6
3
0
4
0
-4
-6
-12
-6
-1
10
9
1
-3
-11
-12
-6
0
7
10
8
5
-1
-5
-2
-2
-6
-4
-11
-10
6
7
14
17
8
6
1
-3
-9
-11
-9
-7
-7
-6
3
2
2
0
-4
4
6
1
-3
-3
1
-2
-3
2
1
4
9
12
10
6
7
4
1
0
2
4
3
2
1
-3
-2
-3
-4
-7
-9
-8
-8
-3
-5
-7
-9
-1
4
0
-3
-3
-9
-7
-1
-3
0
3
-2
-4
-4
1
4
10
12
2
3
3
2
0
-2
0
0
-1
-3
-5
-1
-1
-1
6
7
9
10
0
-3
-3
-3
-1
-6
-4
-4
-2
1
1
3
7
7
4
-2
-4
3
-2
-7
-3
-3
-2
1
2
4
5
13
16
6
5
4
0
-3
-3
2
4
2
5
1
6
13
9
9
11
10
5
6
-1
-3
7
6
6
4
-3
-10
-7
-2
-1
2
2
-2
-3
-5
-5
-4
-3
-7
-3
-3
-3
3
4
4
0
-5
-2
0
-1
-2
-5
-4
0
5
2
-1
0
1
0
3
-1
-2
5
1
3
0
-5
4
3
1
-3
-12
-6
-6
-8
1
8
15
14
11
6
9
8
-4
-4
-1
-4
-7
-7
-3
8
10
16
17
10
1
-16
-16
-12
-12
-10
-10
-13
-10
-5
-3
0
8
12
9
3
1
-6
-10
-10
-11
-6
1
1
-3
-6
-4
-1
0
-4
-4
-7
-5
-3
-3
0
-2
-2
1
1
0
2
3
-2
-5
-3
-3
-6
-2
-2
-3
-2
-3
-2
-2
-1
0
8
7
6
4
0
1
1
1
8
11
7
5
-4
-12
-10
-5
-1
3
1
0
-2
2
2
-2
6
6
1
2
-2
-8
-4
-3
-4
3
9
13
10
11
8
-2
-2
-4
-8
-2
2
-1
2
3
-1
-2
-4
-1
-1
-2
-4
-9
-7
-1
6
9
-1
-6
-3
-7
-1
-1
-2
0
-4
-1
-2
-7
-3
-1
1
-1
-3
-2
0
6
-1
-7
-8
-7
-9
-11
-6
7
14
12
8
2
0
1
-1
0
2
7
8
-3
-9
-12
-6
-2
-1
1
0
-3
-1
-1
1
4
0
-5
-9
-13
-6
-3
-3
4
3
5
8
7
1
-7
-8
-4
1
2
3
3
3
0
-5
-1
3
3
4
4
7
8
1
-4
3
9
5
6
5
-2
-6
-5
-5
-2
6
17
12
5
0
-4
-4
-8
-4
-3
-3
-1
-3
-6
1
9
13
12
6
9
6
2
3
-3
-6
-5
-2
-1
-2
5
6
5
7
4
6
5
2
0
-9
-9
-12
-14
-10
-7
2
3
1
2
-4
-3
9
8
12
13
8
8
6
5
3
2
7
5
1
-2
-4
2
5
1
2
3
4
8
10
10
9
12
10
5
4
0
-3
-3
-2
-1
2
0
5
5
1
-2
-4
-7
-8
-5
-1
-1
-4
-3
-9
-9
-4
-5
2
2
-9
-7
-2
-2
-3
-1
-1
-2
-4
-3
-7
-3
10
9
6
9
7
2
1
0
1
0
-7
-5
-6
-4
-1
-9
-10
-7
-5
-4
-6
-5
1
3
-2
-1
-7
-10
-1
2
7
8
0
-2
-7
-6
-1
-1
-3
-5
-6
-10
-13
-10
-9
-3
5
8
8
5
2
-4
-5
-7
-6
1
5
4
3
0
-4
-4
-5
-4
-2
0
1
-1
-1
-1
0
-1
-3
2
10
10
11
9
7
5
3
5
4
4
10
10
8
9
8
3
1
-2
-3
-5
-7
-4
-2
0
3
1
-2
-2
-3
-2
-4
-2
4
4
5
1
-3
3
3
1
2
-1
-2
7
11
9
10
1
-5
-5
-1
6
3
-1
-8
-11
-3
-2
-6
-3
-5
-8
-6
-5
-1
1
-5
-2
-5
-8
-5
-7
-2
0
-2
3
3
-2
-1
-3
-3
4
1
2
-5
-7
0
-1
1
-2
-7
-4
0
4
3
1
0
-1
2
2
1
0
-4
1
0
-2
-2
-4
-4
-5
-4
0
4
3
-2
-8
-10
-9
-1
-4
-4
4
5
7
4
2
1
-3
1
0
4
6
4
-2
-8
-10
-6
-6
-5
2
-1
-5
-3
-3
-1
9
9
6
4
-1
2
-1
-4
-3
0
2
0
10
13
12
14
6
4
3
9
9
6
7
1
2
2
-3
0
10
13
8
7
11
8
3
-1
-7
-7
-6
-8
-4
2
-1
1
4
0
1
3
3
3
0
1
2
2
4
0
0
7
5
4
1
6
8
3
1
-4
-6
-6
-4
-4
-10
-10
0
3
1
-6
-11
-14
-11
-6
-3
6
8
4
-2
-5
-5
-5
-4
-5
-3
-8
-5
-4
-6
1
4
4
5
3
3
5
5
8
11
5
-2
-2
-5
-8
-9
-9
-2
-1
4
8
4
-3
-11
-8
-6
-5
5
11
6
3
-4
-2
0
-4
-3
3
5
4
2
-6
-4
2
1
-2
-1
1
2
7
4
4
2
-2
1
3
4
5
7
2
-2
2
5
2
3
2
2
5
8
6
4
0
-2
1
-1
0
-1
0
6
5
4
0
-2
0
