6
6
7
1
0
0
0
-3
-6
-7
-3
1
-8
-10
-6
-1
-1
7
5
-1
0
-6
-12
-9
3
9
8
8
-1
-7
-9
-4
8
9
8
4
-5
-3
-5
-7
-5
-4
-3
2
3
-2
-2
1
0
4
10
8
7
16
11
-8
-7
-9
-10
-3
-4
-14
-7
-3
-7
3
0
-4
7
28
36
17
-7
-18
-13
-2
13
15
6
5
5
3
-1
-1
-4
-1
12
23
8
-17
-22
-22
-8
9
12
5
-6
-1
7
3
-10
-13
2
8
6
4
-6
-11
-5
2
1
0
1
0
6
14
6
-3
-11
-7
2
-1
0
3
0
3
-3
-12
-9
10
21
16
8
-6
-7
-11
-13
-4
-6
-8
-9
-8
2
3
6
8
1
9
5
0
3
0
0
-3
-7
-7
3
9
11
17
12
10
15
11
11
12
5
-7
-10
-14
-18
-13
-13
-3
5
8
9
5
11
11
13
13
9
4
-7
-12
-11
-7
-12
-23
-5
9
2
-1
-6
5
30
35
22
4
-2
-8
-23
-18
-11
-6
-7
-20
-15
-10
-3
18
42
52
33
5
-15
-14
8
-2
-16
-28
-39
-28
-40
-44
-22
8
41
54
40
18
13
21
23
8
-18
-44
-56
-54
-43
-41
-42
-18
20
59
81
57
22
17
30
28
5
-35
-73
-86
-68
-43
-21
18
37
48
60
45
48
37
6
-11
-47
-60
-51
-51
-38
-12
10
18
27
53
76
68
32
-7
-39
-47
-36
-48
-53
-32
-19
-4
25
33
43
61
72
61
31
-11
-59
-71
-60
-33
-12
-15
-27
-29
-3
27
70
100
82
56
18
-31
-65
-71
-65
-54
-40
-55
-57
-17
41
91
114
88
49
36
19
9
-20
-68
-94
-91
-66
-14
29
33
33
30
23
34
42
46
29
-16
-41
-64
-72
-30
0
4
27
22
10
24
41
44
24
-5
-37
-73
-81
-47
-20
8
37
47
41
42
49
31
6
-21
-52
-58
-46
-30
-17
-17
-9
17
31
40
59
49
19
15
-3
-32
-38
-46
-56
-57
-27
-2
19
62
81
63
43
21
-3
-13
-27
-40
-61
-97
-89
-23
45
93
90
42
-15
-15
20
42
67
42
-54
-143
-178
-146
-65
32
106
111
59
16
6
29
72
83
19
-86
-171
-182
-113
-9
85
107
65
21
-19
10
103
150
108
9
-82
-130
-128
-74
-18
1
4
-4
-6
29
73
88
82
48
-13
-70
-72
-32
-3
10
-4
-31
-30
-16
11
46
64
53
14
-31
-51
-28
-11
-11
-30
-58
-36
19
68
100
86
45
9
-33
-63
-68
-54
-36
-35
-42
-42
-16
23
47
54
38
18
9
8
20
15
-15
-51
-86
-75
-24
18
63
72
47
16
-16
-19
20
43
25
-12
-62
-93
-86
-12
77
93
62
17
-32
-38
2
36
68
58
-33
-101
-113
-63
32
87
102
78
19
-8
-4
38
69
20
-52
-104
-130
-96
-28
13
60
70
28
-1
2
49
89
81
47
-22
-63
-72
-64
-20
15
21
23
8
17
69
94
65
22
-29
-63
-55
-42
-19
4
-5
-30
-43
-18
20
33
38
49
51
34
-9
-29
-16
-10
-17
-39
-62
-58
-26
23
63
76
62
26
-5
-13
-33
-38
-20
-17
-24
-32
-34
-16
29
52
41
25
8
13
14
7
-7
-20
-18
-27
-50
-60
-42
-2
38
50
41
18
-11
-16
-9
8
27
18
1
-11
-21
-29
-23
-7
5
6
-6
-13
0
26
38
42
29
-16
-51
-55
-35
-2
32
55
46
12
-27
-59
-41
7
27
32
25
-5
-23
-17
-14
-5
0
-5
-7
-21
-6
17
26
31
29
15
-11
-26
-25
-28
-25
-3
20
30
33
9
-29
-47
-32
3
41
66
59
17
-20
-40
-51
-30
-11
2
10
13
14
22
25
24
22
-7
-27
-25
-18
-1
14
12
-6
-28
-27
-14
-5
18
26
23
11
6
20
22
17
-20
-74
-91
-67
-14
44
74
59
22
-11
-33
-34
-9
25
32
12
-13
-22
-15
-8
0
5
6
2
-11
-12
5
41
55
31
-6
-64
-92
-73
-14
42
64
65
40
7
-9
-16
-23
-11
8
7
-1
-19
-27
-30
-15
-1
-12
-31
-26
1
23
49
60
45
10
-25
-55
-63
-40
-18
1
6
12
22
29
31
20
-2
-29
-30
-13
-10
7
24
17
2
-14
-28
-22
-1
25
34
36
31
8
-12
-24
-32
-54
-64
-49
-19
27
65
76
57
38
14
-19
-34
-41
-43
-32
-13
6
21
27
20
6
-5
-4
3
10
16
17
1
-25
-52
-52
-26
-7
21
26
26
48
53
50
34
3
-35
-80
-94
-78
-45
4
43
64
69
49
19
6
-3
-11
-11
-13
-9
-9
-20
-22
-17
-7
2
14
30
32
25
18
9
-9
-20
-28
-28
-11
-2
0
1
1
10
18
21
19
12
-7
-38
-48
-31
-2
23
29
19
10
10
-7
-13
-5
0
15
15
-2
-13
-19
-13
3
14
20
10
1
0
5
12
13
2
-13
-13
-20
-19
-4
7
24
23
14
8
1
5
20
20
9
4
-6
-17
-26
-33
-22
-13
-5
6
15
20
20
16
16
12
3
-3
-10
-12
-22
-34
-35
-20
-4
6
23
34
39
29
3
-11
-21
-10
5
4
4
-14
-20
-27
-33
-7
14
35
48
35
17
2
-6
-9
-17
-22
-33
-49
-50
-37
-9
23
48
60
49
30
8
0
-1
-9
-9
-24
-35
-36
-40
-23
1
13
23
33
44
39
24
16
4
-13
-22
-37
-45
-40
-25
-8
14
41
45
43
34
14
0
-6
-12
-28
-34
-26
-20
-18
-19
-12
8
25
41
43
33
22
-2
-19
-32
-41
-40
-35
-19
-7
-1
11
21
26
26
29
28
7
-14
-26
-26
-13
-7
-7
-10
-10
4
20
31
35
22
5
-4
-3
0
-4
-6
-11
-18
-23
-18
-9
-5
9
21
16
15
16
8
1
2
-1
-16
-24
-29
-22
2
18
22
16
9
5
-5
-15
0
20
25
20
4
-10
-25
-17
4
25
35
22
3
-11
-11
-8
-1
7
6
-5
-17
-14
-6
3
9
17
20
20
10
-5
-11
-3
11
12
3
-9
-20
-19
-10
-2
6
16
23
13
3
-4
-12
-9
-10
-15
-15
-10
-10
-15
-5
-2
7
21
18
11
-2
-10
-7
-6
-6
-9
-7
-7
-12
-8
-7
-8
2
8
10
6
-2
-2
2
9
17
10
-1
-1
-1
2
4
3
-3
-10
-6
1
6
8
3
-1
-7
-7
-3
-1
-1
-6
-2
6
14
11
5
3
-3
-3
-5
-12
-11
-5
1
8
6
-4
-10
-9
-1
-1
-1
4
8
7
5
3
2
-3
-5
-5
-8
-2
4
-2
-4
-2
-3
-2
1
5
2
-1
0
4
9
9
12
2
-12
-12
-16
-11
-3
2
1
-3
1
1
-4
-2
6
9
9
11
7
4
3
4
2
3
0
-6
-6
-8
-9
-3
7
5
6
5
0
5
2
-6
-9
-8
-1
-3
-5
1
1
10
7
-4
-4
-3
-3
-10
-12
-3
7
12
2
1
8
5
6
3
4
5
-6
-16
-18
-11
-5
-4
-3
2
8
9
6
3
2
2
2
1
4
8
0
-12
-16
-12
-8
-4
9
20
19
6
-5
-11
-18
-16
-15
-11
2
8
7
4
1
5
11
8
4
1
0
-6
-7
0
4
0
-4
-5
3
11
6
-4
-1
19
26
11
-20
-32
-21
-4
7
-3
4
12
11
11
4
-2
-6
-5
-6
1
9
-4
-3
6
15
16
7
-3
-19
-21
-14
-7
-3
-10
4
7
-10
-11
-5
10
13
10
15
9
2
0
-3
-7
-3
-5
-16
-8
6
6
-1
0
-4
2
10
6
-2
0
10
16
-3
-16
-14
-18
-14
-2
-1
-2
3
7
0
-1
4
5
10
19
16
-5
-16
-10
-3
7
14
11
-3
-8
-5
1
4
-3
-14
-18
-18
-14
-1
3
4
14
7
0
4
11
12
5
1
-3
-7
-9
-3
-1
-3
2
0
-3
5
-2
-7
-5
2
12
7
5
0
-1
2
-1
5
7
7
10
11
10
4
-9
-15
-12
-5
1
4
6
7
5
2
0
1
-4
-2
6
5
5
6
4
-1
-5
-1
-2
-8
-4
2
4
1
-5
-4
1
9
11
3
3
0
-6
-11
-12
-3
0
5
6
-4
0
-2
4
7
-2
4
1
-3
3
7
12
9
-4
-10
-3
4
9
10
1
-13
-16
-9
1
11
13
13
1
-10
-10
-11
-2
10
7
2
1
-1
-7
-8
-6
-5
-1
-1
0
-12
-10
2
-4
-4
-2
6
13
11
2
-12
-13
-9
-5
-1
2
9
7
-1
-2
-4
-9
-10
-4
-1
-2
4
6
9
9
5
4
1
-3
-1
-4
-8
-4
-11
-16
-14
-7
3
10
6
-3
2
5
7
5
1
5
7
-1
-7
-2
-4
2
7
2
5
2
0
-3
-1
-1
-2
-8
-6
7
4
6
7
-8
2
5
-5
6
9
8
-4
-7
-1
-1
2
1
-4
-5
1
9
7
1
5
2
0
7
-2
-7
-6
-2
-4
-7
4
1
-1
6
0
-6
0
1
-2
-1
-3
-4
-3
-2
-1
5
3
-5
-3
1
-1
10
11
5
1
3
4
2
8
4
-3
0
2
3
-6
-10
-11
-7
6
2
4
7
0
-5
-9
-7
-7
-3
6
-4
-5
3
9
3
-5
-8
-8
7
17
9
2
-3
-8
-11
-9
6
17
10
8
-2
-10
-1
-2
-3
1
2
-3
-9
2
7
3
-6
-6
5
1
-1
2
-1
2
5
4
-4
-5
-3
-4
-2
2
3
4
10
7
3
1
-5
-10
-9
-4
0
2
5
2
-3
1
6
10
6
-2
-11
-10
-6
-5
3
3
-1
4
9
9
2
-1
6
9
9
4
1
-4
-5
-6
-4
-3
-3
6
4
0
-1
-6
-9
-9
-7
-3
-7
-9
-2
1
0
2
-5
-6
3
3
4
3
3
3
0
-7
-7
1
1
0
8
5
-1
-5
-4
2
9
8
2
-7
-9
-13
-13
-5
-2
6
9
5
-4
-6
-5
-5
-5
0
6
2
7
10
-4
-8
-8
-1
1
5
13
13
21
18
2
-3
-7
-11
-10
4
17
12
3
-1
-3
-11
-13
-6
-2
-4
-9
-7
-1
6
9
9
5
0
1
-6
-3
7
4
0
-10
-12
-12
-5
7
-1
1
8
5
14
15
10
5
-6
-10
-8
1
7
6
7
9
6
3
1
0
0
5
-1
-6
-2
3
4
1
-3
-8
-4
-4
0
7
2
0
-6
-4
3
1
4
-2
-6
-4
-4
0
-4
-6
-5
-4
7
9
2
-3
-4
-7
-8
2
-1
-4
-6
-10
2
3
1
-2
-3
4
2
1
3
2
-1
1
2
1
0
-3
-2
2
10
12
7
4
3
9
1
-5
-7
-6
1
-2
-5
-7
-3
4
-4
1
4
1
-1
-6
-5
-2
-1
0
-2
-2
3
3
-3
-10
-14
-6
-6
6
11
-5
-5
-5
-7
-1
-1
-4
0
8
7
-4
-1
9
5
2
1
2
10
9
6
-2
-4
-5
-3
9
2
-1
0
-3
-4
-7
-11
-9
-1
-4
0
10
7
4
2
-4
4
15
12
2
1
-3
-8
-11
-18
-17
-3
4
3
3
-3
-1
-4
-6
3
2
6
5
6
6
-1
5
1
-2
-5
-4
2
1
-4
-7
0
1
-1
4
-5
-10
0
2
3
8
6
1
-1
-2
0
5
8
1
-4
-5
-9
4
9
10
11
-4
-6
-9
-10
-3
0
-2
-6
2
3
2
1
-4
5
4
3
8
11
6
-5
-11
-13
-6
-1
0
2
-4
-1
-2
-5
0
5
9
4
0
-2
-6
-2
-3
-2
3
6
5
0
1
-2
-2
6
3
1
4
-2
-5
-2
-7
-8
-5
-3
1
0
6
5
1
-1
-4
-3
-1
6
8
5
5
5
5
4
-5
-4
-1
-4
0
0
5
5
3
4
-4
-4
1
2
5
3
0
-4
-8
-1
4
0
-5
-2
-1
-1
-1
3
4
0
-1
0
-4
7
12
7
4
1
5
1
-1
-6
-10
-10
-14
-5
1
4
4
-4
-5
-4
5
8
1
1
6
3
-5
-8
-5
-2
2
4
3
9
11
2
1
-3
-3
-4
-8
0
-1
2
3
2
-1
-8
-1
3
3
-1
-6
-5
-6
-1
1
4
9
1
3
2
-3
4
8
7
2
0
-2
-1
6
1
-2
3
6
3
-2
-5
-2
5
7
0
-4
-2
-1
-1
4
4
5
4
-1
-3
-2
1
1
0
2
4
5
9
6
3
1
-1
-2
1
8
1
-5
-7
-8
-6
-7
-5
-2
4
3
-5
-8
-4
2
6
0
-3
-8
-9
-8
-10
-7
-2
4
4
2
1
1
1
4
1
-5
0
-1
-4
-4
-5
4
12
9
5
2
10
8
2
-6
-11
-11
-6
-1
-5
-9
-6
-1
1
2
7
10
9
2
-5
-7
0
7
1
3
4
6
2
-1
-2
-6
-4
-7
-9
-5
-1
2
-1
0
0
-1
4
2
-1
-3
-1
-2
-3
-3
1
6
6
9
5
-4
-1
1
-6
-10
-8
-3
-2
0
3
0
2
-2
-4
-2
1
8
4
-2
0
1
1
3
-3
-7
-2
1
-3
-5
-6
-6
-7
-8
-7
-8
-2
3
6
3
1
3
-3
2
1
-8
-2
5
3
-2
0
-2
-5
2
1
-1
-3
-1
2
-2
0
8
6
-4
-4
-3
-1
4
8
10
2
6
5
-2
1
2
7
7
5
3
-5
0
2
1
3
1
3
1
0
-2
-3
-2
-1
4
0
2
8
1
-2
-1
8
9
8
6
-3
-3
-5
-10
-11
-10
-5
-4
-4
2
6
9
10
8
11
8
-2
-1
-3
-8
-8
-6
3
2
3
5
2
5
-3
-3
4
1
-3
-3
-1
-4
-2
4
3
6
5
-1
-5
-6
1
-2
-4
-4
-3
-2
-2
-2
0
4
5
6
1
-2
-3
-5
-1
1
2
0
-6
-3
-2
2
3
0
0
-4
-5
-1
1
5
8
10
7
6
7
1
1
4
2
0
-6
-7
-4
-4
-2
2
2
5
3
-5
-10
-5
-3
-5
-2
-3
2
4
-2
4
8
7
3
0
-1
-3
1
-8
-12
-2
1
3
3
3
3
3
2
-4
-4
-4
-2
2
1
0
-2
-2
2
3
0
2
2
-1
-5
-6
-5
-4
-2
-5
-3
2
8
3
-1
0
-1
1
6
6
-1
-1
3
-1
-4
-3
-2
2
7
4
-3
0
0
-2
0
-1
1
-3
-9
-3
-4
-2
3
4
7
7
8
2
-2
-3
-7
-5
-1
7
7
2
0
1
1
3
1
-1
0
-2
-4
-5
-4
4
3
0
-1
1
5
2
0
3
3
1
-3
-11
-10
-6
0
1
0
10
7
1
-1
-4
-3
-7
-13
-21
-20
-12
-4
2
2
1
2
2
11
20
15
4
-5
-9
-5
-3
2
9
10
7
0
-4
3
8
11
10
3
4
4
0
-1
1
1
1
1
-1
0
3
2
-1
-2
-2
-4
-6
-4
-2
-2
-4
-6
-8
-4
2
3
7
7
2
0
2
5
2
3
4
-1
-3
-5
-2
-1
0
3
0
0
0
-3
-3
-2
4
2
1
5
5
4
4
0
-2
2
8
4
4
-1
-5
-1
-3
-5
-4
-3
-3
-4
-1
-1
2
5
-1
0
1
2
2
3
0
1
5
-1
0
0
-4
-2
-1
-3
-3
1
0
0
0
0
-2
3
4
0
1
1
-3
-4
-2
-1
1
5
1
3
3
-7
-10
-7
-4
-5
-5
-3
-1
1
-2
0
-1
3
5
4
4
4
3
1
3
1
0
2
1
-3
-2
-3
-3
-1
-1
0
3
4
0
-2
-2
-1
-2
-6
-1
2
3
6
2
-1
-5
-4
1
1
4
4
2
2
-2
-3
-3
-5
-5
-5
0
4
5
3
5
6
5
0
-2
-1
0
5
1
-1
6
3
0
-1
-2
1
4
3
3
-1
-2
-8
-6
-4
0
5
2
4
1
-3
-6
-5
-2
-7
-7
-3
0
1
1
1
1
2
3
6
7
2
1
1
-1
0
0
-2
-4
-1
-5
-3
5
1
0
2
0
-7
-8
-5
-1
-1
2
3
3
2
-4
-2
0
3
6
4
6
5
2
-1
-2
-1
3
7
10
0
-6
-4
-5
-1
1
1
1
-3
1
4
-3
-4
-3
-5
-3
1
3
2
5
-1
-4
-4
-1
-1
-3
0
1
4
7
3
-2
-5
-6
-5
-2
0
1
3
3
4
-2
-2
0
0
2
4
3
3
1
-3
-7
-5
-2
-1
-2
-1
1
4
4
0
-4
-7
-5
-6
-3
5
3
1
0
0
1
4
7
2
-1
-2
2
7
6
2
-7
-11
-4
1
1
4
1
-4
-2
-2
-5
-4
-2
-1
-1
0
0
0
2
3
2
2
1
2
4
-3
-3
4
1
-2
2
3
0
0
1
-3
-1
2
1
2
2
7
2
-2
-1
-1
-3
1
1
-2
-1
0
-1
0
-1
-4
-11
-8
-3
-4
-4
0
5
4
3
0
-3
-4
-3
-5
-6
1
8
13
10
4
2
1
8
4
0
1
-1
-3
-2
5
4
-1
-4
-2
-2
-1
2
5
4
1
0
1
5
6
2
2
6
8
4
0
-3
2
2
-2
1
0
0
3
3
4
0
-3
-7
-8
-8
-10
-1
0
-3
0
2
1
0
3
4
1
-1
-5
-6
-5
-2
-7
-9
-8
-6
-5
-1
4
9
12
3
-1
0
1
2
-2
-3
1
1
1
-1
-2
-4
-2
0
-1
0
1
-1
-5
-7
-6
-6
-6
-2
3
5
5
5
-2
-2
0
-1
-1
-2
-3
-5
-6
-1
0
4
4
2
3
11
17
12
-1
-10
-7
2
6
7
6
-4
-10
-9
-10
-4
2
1
3
3
11
7
-7
-11
-9
3
5
1
0
5
9
0
-2
7
11
2
-7
0
4
-2
-7
-20
-28
-16
-3
8
13
8
1
-3
1
7
11
18
6
-7
-15
-26
-23
-15
-5
1
4
6
8
12
11
11
13
7
2
-6
-18
-25
-31
-23
-9
1
3
11
12
15
12
7
8
10
14
5
-1
-6
-5
-8
-13
-8
-7
0
5
8
6
7
14
16
8
-2
-5
-10
-11
-12
-14
-3
5
1
-4
-1
0
-4
1
3
8
14
13
7
-8
-15
-12
-13
-8
1
0
-4
0
8
10
12
6
-3
-2
-6
-8
-11
-9
-2
-1
4
5
0
-1
-5
1
10
12
18
12
-1
-4
-3
-1
-8
-10
-5
-2
-2
-1
8
9
14
15
7
1
-6
-11
-10
-7
0
8
9
9
4
2
4
11
16
16
12
8
0
-6
-8
-8
-3
-2
0
-4
-4
2
-4
-3
3
9
8
8
7
1
-2
-2
0
-4
-9
-12
-7
5
2
4
5
4
3
-1
1
-4
3
9
10
1
-6
-1
-1
1
4
6
5
2
0
-5
-2
5
7
6
3
3
-1
-3
-2
-7
-7
-3
-1
-1
0
8
7
2
-4
-4
0
7
11
10
8
3
-3
-9
-13
-11
-4
0
4
5
4
6
-1
-11
-6
4
6
1
-1
-1
-7
-7
-3
0
2
2
-2
-2
-4
-2
-3
-4
-1
-1
-6
-7
-1
-2
-2
0
-1
1
8
13
3
-2
1
2
1
-3
-4
-5
-4
-4
-1
-1
-2
-6
-7
-8
-2
6
9
7
4
1
-2
2
4
-1
-2
4
8
2
-2
-11
-12
-8
-7
-4
-2
6
7
-3
-12
-7
-2
7
13
7
8
-5
-3
1
-3
-5
-10
-4
0
5
6
1
-1
7
11
10
2
-4
-1
-5
4
2
9
-9
-11
-7
-17
-10
-2
13
16
14
7
-5
-13
-17
1
6
3
3
-2
-6
-11
-6
5
8
15
8
-11
-5
-6
-4
-2
5
9
2
3
-9
-4
3
5
17
14
13
-3
-23
-28
-13
11
18
17
-7
-13
-12
-14
-5
7
27
18
8
0
-9
-3
-3
-1
0
2
11
5
-10
-11
-9
-4
16
14
1
-3
-2
-4
-19
-23
-7
10
12
5
-3
-6
-3
11
10
6
7
-2
-13
-20
-8
-4
-1
3
-2
-5
-6
-1
6
2
5
1
-11
-2
2
-1
-9
-8
-4
-5
5
7
2
2
-1
-2
-5
5
12
3
-1
-10
-23
-17
-8
3
10
21
19
3
-2
-5
6
7
2
4
-10
-7
0
-10
-7
5
14
4
-2
6
5
1
2
10
3
-3
0
-7
-14
-10
2
7
5
7
5
3
3
10
3
-4
3
-1
-14
-14
-4
-6
-2
0
-5
-10
4
9
-2
-8
-4
4
9
9
-6
-14
-11
-1
2
-3
3
9
3
-1
6
8
-1
-7
-1
3
6
5
-7
-12
-4
-2
-8
4
19
15
0
-6
-9
-2
2
5
7
-2
-8
-9
-7
-11
1
4
-5
6
14
7
6
13
4
-7
0
-3
-15
-13
-5
-6
-1
12
20
19
10
5
-1
-11
-10
-1
1
-4
-15
-26
-23
3
11
4
7
17
8
-2
8
11
-1
-11
-10
-10
-6
6
16
-1
-20
-22
-14
16
34
25
-5
-25
-10
-3
4
-2
1
21
26
15
-17
-42
-28
9
20
14
9
-5
-9
1
3
-12
1
16
29
25
-1
-11
-29
-30
-24
0
19
11
2
5
0
-4
-6
2
15
11
7
-9
-19
-22
-38
-10
22
31
21
12
5
-5
-17
-20
4
14
22
9
-3
-8
-29
-18
-3
-7
-2
11
34
23
-9
-27
-19
3
-1
-3
9
13
22
2
-21
-27
-12
-1
16
34
13
0
-5
-22
-32
-17
13
23
11
-5
-3
3
-9
-16
-3
32
37
10
-15
-24
-19
-7
-2
-9
6
26
17
-2
-30
-27
6
17
15
4
-3
-3
-3
-1
-6
-3
-19
-21
28
53
48
2
-52
-49
-11
21
26
5
-12
-8
-3
-19
-24
-3
18
26
19
-8
-22
0
43
40
-34
-90
-78
64
140
21
-98
-101
-31
66
111
62
14
-45
-84
-28
70
19
-86
-67
33
161
64
-144
-158
-42
88
101
59
30
4
7
-47
-88
-80
-65
61
130
28
-102
-90
-5
8
37
73
70
17
-18
-9
35
47
-80
-166
-60
71
43
-27
-24
21
89
63
0
-22
36
100
27
-78
-134
-89
-4
53
49
20
-12
-85
-29
66
76
39
-2
25
70
8
-77
-60
-63
-52
11
-16
-31
39
23
54
120
64
1
-49
-83
-67
-15
15
47
36
-8
-30
-66
-24
52
62
69
76
36
-33
-59
-59
-60
-77
-103
-104
30
198
155
36
11
22
-77
-126
-9
83
151
96
-92
-178
-96
-19
-71
-51
54
77
39
90
172
119
12
-68
-107
-99
-38
19
4
-50
-47
-8
-17
-7
34
88
105
8
-10
-2
-35
16
-5
-69
-20
-42
-101
36
156
117
73
-1
-118
-140
-72
51
123
92
55
-18
-146
-171
-73
-17
28
86
110
90
61
10
-96
-104
-59
-65
-47
40
79
29
59
81
-16
-60
22
1
-98
-57
13
-16
-21
53
60
51
29
-105
-132
-27
28
29
29
47
100
104
27
-20
-62
-109
-75
-30
-31
16
92
79
-4
-24
-37
-62
-45
-45
1
80
80
-20
-11
74
11
-68
-91
-77
30
131
88
13
-4
-71
-131
-85
-4
88
140
55
-48
-105
-113
4
48
-16
3
45
71
64
47
40
-31
-130
-115
27
81
9
-48
-31
-45
-32
91
134
110
51
-107
-222
-113
43
72
94
75
-44
-125
-59
45
31
87
110
-22
-26
-34
-127
10
153
40
-73
-68
-21
3
69
37
-68
-13
37
9
-59
-31
183
141
-72
-113
-84
-41
-22
36
75
55
79
-7
-69
63
75
-144
-151
53
-21
-12
84
-39
-16
65
20
8
21
-25
-29
5
-102
-123
39
119
46
-2
39
15
-38
-52
-40
-85
-43
83
108
123
22
-90
-69
1
19
-41
-30
-51
-11
29
-16
90
90
25
30
-3
-54
-118
-75
-14
73
107
-22
-14
10
-8
29
-11
-35
116
219
-38
-152
-31
-66
-5
-8
-125
-37
105
133
55
2
-35
-112
-130
-92
1
139
181
123
1
-73
-75
-67
23
68
37
76
66
-1
-47
-113
-66
4
-9
19
27
19
-4
-21
16
3
-22
-25
-49
-1
36
44
22
-5
41
59
27
-41
-85
-59
11
88
27
-89
-39
6
-97
-75
76
74
81
157
-6
-194
-142
-70
-91
2
192
116
61
129
-71
-177
-58
8
40
103
99
-30
-52
9
-45
-65
-70
-23
75
44
-5
-15
12
28
59
88
-26
-64
-96
-116
17
62
66
97
87
-8
-101
-138
-145
-7
88
45
81
167
97
-93
-161
-169
-75
102
140
83
52
58
-75
-164
-32
53
29
47
67
22
-18
-65
-83
-32
20
17
32
9
-42
-4
-5
82
144
4
-73
-74
-47
-40
-44
35
53
54
8
-1
32
-32
-17
-68
-92
33
64
39
-27
-38
42
58
-30
-113
-70
8
58
72
74
86
37
-8
-52
-110
-112
-60
41
82
118
69
-83
-110
-84
-62
-41
7
105
150
115
58
-4
-68
-69
-37
-95
-115
19
99
80
61
22
-36
-67
-57
-42
-37
42
86
32
42
33
-3
-59
-82
-47
-78
-38
34
87
122
30
-5
20
24
-2
-81
-109
-26
-11
6
98
64
38
39
-45
-78
-53
-57
-52
-9
64
94
55
8
13
43
-4
-71
-94
-57
51
64
-21
-34
-2
18
-24
3
59
5
18
52
11
-29
10
38
-67
-75
-28
-51
0
49
73
106
63
7
-35
-90
-58
-9
5
-18
-33
48
84
50
-9
-28
-44
-73
0
33
31
60
18
-40
-30
7
-70
-86
-9
-7
21
59
67
49
8
29
-19
-134
-89
14
13
26
106
76
25
27
-91
-133
-31
-13
-57
-41
44
76
81
93
2
-89
-29
46
-22
-68
16
64
27
-17
-64
-51
21
60
47
-20
38
90
-4
-42
-74
-67
-40
-34
34
45
55
30
-28
7
-23
-10
2
-48
26
27
-15
36
15
-56
-106
-41
61
73
74
11
-51
-39
1
-9
-56
4
40
46
120
46
-36
-55
-99
-103
-85
23
100
80
59
-33
-85
-13
75
44
-39
19
53
-12
-74
-35
62
28
-36
-77
-62
76
120
25
-72
-1
42
-93
-72
3
23
100
50
-41
-2
44
20
-31
-29
-21
10
78
-1
-28
19
-45
-40
-57
-75
-15
36
98
51
-26
-7
46
8
-66
-44
-34
-5
38
12
34
22
-27
-31
-26
63
61
-38
-10
20
-4
-35
-10
-15
-66
-20
-19
36
124
79
8
-81
-103
-63
-10
46
29
46
95
44
-91
-135
2
49
14
29
-27
50
121
-29
-97
-43
37
2
-68
-24
-3
74
71
-44
-6
77
79
-15
-93
-21
54
57
-16
-98
-27
78
44
-62
-77
3
84
64
-53
-46
36
22
-28
-36
21
68
8
-52
5
57
5
-24
-35
-59
-7
33
39
66
35
-60
-86
3
14
-62
-16
50
33
20
16
-10
6
65
21
-68
-27
29
0
-7
3
-28
-57
-19
34
21
5
17
4
-10
-43
-77
-5
115
92
2
-37
-52
-18
-6
-64
-62
64
98
-1
29
70
26
20
-28
-78
-43
33
6
-61
3
11
7
46
17
2
1
-5
-40
-27
63
53
-9
-49
-80
-37
12
43
44
18
0
-11
39
35
2
-8
-88
-73
-36
-23
104
125
21
-50
-83
-45
21
46
18
-15
29
28
-15
-34
-52
-11
-2
-5
16
4
26
18
-10
-20
-48
-22
25
18
-14
-8
8
-13
-37
-13
39
40
4
-3
-6
-17
-14
-21
-42
-3
36
6
25
48
-6
-17
10
-16
-57
-29
17
9
12
28
0
-17
6
33
32
-21
-21
8
14
15
-19
5
52
28
-18
-21
23
4
-64
-71
-14
37
30
16
43
52
21
-45
-98
-25
40
26
44
28
-7
-14
-19
11
37
11
-40
-47
-16
5
1
-3
23
8
-16
-18
-23
29
28
-34
-32
2
30
37
41
1
-25
-22
-72
-49
23
31
38
20
-3
-2
-1
-3
-10
6
10
-26
-41
-14
20
17
6
21
-1
-31
-28
-6
26
32
18
-22
-41
-5
7
12
18
-10
4
21
-10
-39
-40
2
35
42
20
14
23
-23
-56
-43
1
38
37
29
16
6
-3
-28
-33
-30
-18
11
4
29
75
42
-20
-40
-13
-21
-31
-1
24
68
55
-32
-48
-6
-13
-48
-26
25
39
13
-17
2
37
14
-24
-15
4
-5
-12
-15
-11
12
-4
-21
30
59
16
-42
-48
-8
9
2
-4
8
36
25
-5
-36
-42
-26
-18
9
39
48
22
-6
-20
-20
0
3
-11
-34
-23
20
15
-15
9
51
46
0
-59
-51
7
30
19
-1
-9
1
-2
-31
-25
22
43
5
-29
-27
-6
31
17
9
36
29
-4
-27
-29
-17
-16
-19
5
27
41
33
5
-16
-52
-48
-7
17
21
-4
-11
-6
-5
-2
-13
2
33
16
-5
6
12
16
14
-13
-43
-34
-5
-4
11
35
32
5
-14
-6
-21
-38
-22
5
16
24
28
11
-15
-35
-33
-10
19
30
23
21
24
4
-24
-22
-1
7
3
-1
-2
-12
-9
4
14
14
4
0
-8
1
7
-10
6
20
2
-14
-10
-7
-7
7
16
17
19
3
-14
-15
-18
-10
-8
1
31
22
6
-4
-32
-31
-10
13
31
26
16
-11
-19
-22
-27
8
17
18
16
-4
1
-9
-20
-24
-4
18
3
9
0
-7
10
-5
-19
-9
2
8
11
15
-7
-17
9
2
-3
-2
-2
11
-7
-10
0
17
17
-14
-9
-3
-17
-13
-5
1
13
19
11
4
8
-13
-18
-2
-12
16
24
-1
-8
-16
-4
-7
-10
8
18
0
-33
-33
-1
24
19
-3
2
21
18
-8
-25
-13
-3
6
0
11
33
2
-16
-3
-2
-13
-8
10
16
21
5
-19
-4
11
-8
-5
13
16
20
-4
-19
9
10
-7
-3
3
0
3
13
9
15
13
-19
-20
-5
1
-7
-19
-4
8
15
9
5
11
-10
-25
-13
5
17
13
-10
-18
2
5
-8
-7
5
9
3
-6
-8
5
7
-12
-19
-4
6
10
5
-2
-5
-6
-11
-4
13
5
9
0
-12
5
9
3
-15
-8
1
2
15
-7
-25
-7
5
-1
-2
11
1
4
14
-8
-5
12
1
-3
2
2
3
1
-2
9
17
-11
-21
1
-5
-17
-3
5
12
11
-6
-13
0
8
-9
-4
15
7
3
2
-1
-4
-1
-6
-10
0
-12
-5
15
16
8
-2
-4
0
-3
-13
-2
16
14
1
-8
-5
9
10
-6
-14
-5
14
5
-6
-1
-3
-3
-7
-4
-1
7
3
-10
-8
3
9
6
3
7
6
-6
-14
0
12
10
0
-19
-29
-12
10
10
7
9
1
-12
-11
-3
8
10
-3
-11
-4
8
14
6
-6
-4
2
-7
-14
5
21
10
4
-4
-1
2
-8
-11
-3
11
4
-8
-11
-4
4
1
1
2
9
-3
-5
7
8
6
-5
-19
-10
5
8
5
-2
1
-2
-10
-9
4
17
0
-14
-6
3
4
-5
-4
-2
-3
-6
0
10
17
12
0
-2
-7
-10
-6
6
6
2
-5
-17
-8
-6
-6
11
25
10
-12
-7
-3
4
8
1
4
-4
-10
0
5
5
-3
-5
3
4
4
2
2
-1
-8
0
0
-5
-1
6
10
15
11
2
10
6
-6
0
4
1
2
-5
-17
-7
-2
-11
7
12
5
6
-9
-10
0
0
-6
-6
-4
-7
6
6
0
2
-16
-16
-4
-5
-10
-4
8
7
1
6
7
-4
-2
6
-2
-9
-3
-4
2
18
10
5
4
-2
-6
0
5
-1
3
-2
-8
-12
-13
1
10
8
-5
1
6
-1
-6
0
15
13
-2
-13
-10
-6
-3
-6
3
17
14
7
1
1
4
-9
-13
-2
4
-3
-5
9
1
-10
-7
-6
2
0
-6
9
19
5
-15
-12
-4
5
3
-9
-9
-9
-6
-5
16
17
8
8
9
3
-8
-5
-5
-1
1
-3
5
2
-10
-8
4
6
-2
1
5
6
3
-8
-6
6
7
7
3
8
13
10
2
-16
-11
-2
-2
0
-2
-3
-9
-4
2
9
15
10
12
6
-1
-10
-12
-1
-1
-2
9
6
-5
-3
-4
4
7
0
3
11
1
-14
-13
-10
-2
9
13
5
-5
0
4
-2
3
1
2
3
-3
-10
-4
7
0
-4
-2
5
4
-4
2
9
13
11
0
-8
-6
2
2
5
12
4
-1
-4
-8
-3
-13
0
8
0
4
3
1
-2
-8
-15
-6
7
10
6
-1
-12
-7
4
1
6
-2
-5
0
0
8
-3
-6
1
5
3
0
5
2
3
8
7
-2
-6
0
6
7
-2
-5
-8
-5
-3
-6
-5
-6
2
4
-6
-3
-4
0
10
11
16
7
-4
-4
-1
0
-2
-1
-6
-8
4
-2
1
1
-22
-4
13
15
9
-10
-1
7
2
-10
-13
9
0
1
5
-19
-19
-6
10
12
3
2
8
10
3
2
-16
-22
-5
1
-3
9
7
-15
3
18
4
1
-14
-5
11
2
3
0
-3
0
-2
-17
-24
13
19
17
22
-14
-20
-7
1
5
8
6
7
12
-11
-10
5
-20
-6
17
15
16
-18
-22
-8
1
14
-1
2
1
-10
-18
-19
4
2
5
15
-2
1
-1
-5
3
7
5
-9
-5
-13
-19
-4
-4
3
4
-4
3
8
8
2
-8
-7
-4
-3
2
-5
-2
0
-9
-5
2
0
0
9
2
-3
1
4
6
-1
-2
-3
1
6
-7
3
-2
-14
-13
-18
1
9
1
-1
1
9
6
0
3
2
-3
-4
3
0
4
18
-1
-7
0
0
14
7
-9
-8
7
15
-1
-2
0
-3
0
-5
4
16
7
-3
-11
3
12
11
19
8
4
-3
-8
-7
-5
0
4
0
-7
-2
10
7
4
-8
-8
4
7
1
-2
-4
-5
-2
1
0
4
-2
-11
-6
-6
1
2
-1
6
4
3
-1
-12
-7
6
13
5
5
-3
-11
-8
-8
3
10
11
-3
-19
-6
-1
-6
-4
-5
-3
2
1
-8
6
17
6
1
5
6
1
-1
-11
-13
2
3
-3
-6
-6
2
-4
-8
4
8
2
-3
2
7
4
6
4
0
5
5
-5
3
3
-2
6
10
1
-9
-7
-3
-1
0
-6
-1
-5
-7
6
11
6
-3
2
-1
2
14
3
5
0
-11
2
0
3
9
4
3
-5
-6
2
5
7
1
-1
-9
-12
-6
-7
4
7
6
8
-5
-11
3
14
3
-6
-3
-6
-7
-5
-3
-2
9
10
2
0
7
-2
-12
3
-3
-5
6
-1
17
16
1
0
-9
-11
-6
4
-2
-1
15
2
0
-8
-7
5
-3
2
-5
7
21
1
2
-6
1
7
1
0
-11
-6
-10
3
12
-2
1
5
4
3
4
4
-10
-3
-7
-10
11
7
0
-7
-8
-5
-10
-2
-3
1
10
3
-1
7
9
-7
-8
-7
-19
-13
-4
11
26
20
-1
-12
-7
-3
2
10
7
1
2
-11
-17
-4
5
6
12
4
-6
-3
-5
5
6
-1
1
-7
-6
2
4
9
10
4
3
-5
-1
2
-11
-12
-6
1
6
10
3
5
14
10
4
-4
-7
-1
5
-1
0
5
-1
-8
-5
1
1
0
-10
-13
7
9
5
7
-1
-7
-4
-5
-2
1
11
3
-3
5
-1
0
4
-2
-9
-1
-1
-6
5
6
-5
2
4
-1
1
1
-8
-7
5
6
5
4
0
-6
-12
-9
0
0
3
10
5
-1
-2
-13
-4
9
1
1
-8
-11
-1
-1
1
-1
2
-1
-1
4
0
7
1
-5
-4
-2
5
8
7
4
-5
-10
-14
-10
-10
-5
5
3
10
7
-2
-4
1
7
-1
0
11
4
-9
-7
-5
-10
-4
1
-11
-6
2
0
3
1
5
0
-1
7
3
8
7
5
3
1
2
-1
-6
-12
-11
-9
-7
6
13
7
0
4
3
2
4
1
5
10
1
-11
-16
-9
-1
2
9
8
3
1
-6
-10
-4
7
5
1
1
-6
-3
0
-1
4
4
-3
-10
-11
-11
-2
7
5
1
7
1
-4
0
-6
-1
3
-1
0
0
-6
-4
1
0
1
-3
-7
-2
7
1
-5
0
-1
2
5
-3
-3
0
2
8
11
5
0
3
-3
-10
-10
-9
0
1
2
16
8
13
11
-4
2
3
-2
1
5
-4
-7
1
4
11
9
-3
-5
-3
-9
-7
-3
-6
-10
-6
-6
1
9
1
2
7
7
7
9
6
-1
-5
-7
-6
-1
0
5
6
5
-4
-7
3
3
3
-7
-5
-1
-5
3
5
6
-1
-9
-3
1
3
8
3
-9
-5
0
-19
-14
-11
-9
10
8
-3
-2
0
3
7
6
4
0
-1
-3
-4
-3
0
4
6
9
7
-1
-9
-10
-2
6
2
-2
-5
-3
4
3
4
2
-2
-1
-2
1
5
8
4
-8
-5
-11
-9
-5
6
11
0
2
-4
1
4
-3
3
2
3
3
0
0
-3
-1
4
5
-1
-6
1
2
4
-2
-8
-2
0
1
2
-4
-2
2
-3
-5
0
6
2
4
-2
1
7
-2
7
10
8
1
-8
-2
-4
-2
-7
-6
3
0
-3
1
-3
-2
4
8
9
8
11
6
1
-1
-2
-1
-5
-6
-1
-4
1
2
4
9
-3
1
3
-1
4
-5
-12
-9
-1
10
7
8
4
0
1
-11
-3
2
2
2
-12
-10
-6
2
7
1
6
7
6
-2
-8
3
0
6
-2
-12
1
-5
2
3
-7
-3
-6
-6
-4
1
4
7
8
-8
-12
-6
-8
0
-3
-7
-1
5
-1
-7
1
5
3
1
0
-2
0
5
-1
-6
3
7
-3
-5
0
6
9
3
-7
1
1
-4
-1
-7
-3
11
8
-6
-9
-1
5
9
3
-6
-8
-5
-9
-14
-2
7
5
7
9
7
3
-3
-4
6
10
2
2
6
-3
-7
-11
-12
7
8
6
3
-1
0
2
-1
-3
-2
-1
-3
-3
0
8
12
8
0
-9
-5
1
0
-1
-6
1
4
-2
0
-2
-3
-3
4
0
-1
4
-3
4
-2
-5
5
-2
-2
0
3
3
3
6
-2
0
4
4
6
-2
4
8
2
0
-6
0
1
1
1
-2
0
-1
-2
1
0
4
0
0
3
0
3
-3
-8
-5
1
-2
-11
-7
-4
-2
-1
5
7
5
5
-1
-1
2
1
-4
-1
7
3
2
-1
-9
-7
-6
-3
-8
-9
1
0
-4
-12
-3
4
-1
1
0
8
6
5
3
-13
-7
-9
-8
3
2
3
-8
-4
-3
-1
15
1
-3
0
4
3
-15
-22
-14
5
10
10
14
6
4
1
-2
4
8
3
-9
-18
-8
-1
4
2
-5
2
5
6
-2
-5
1
0
9
1
2
4
-1
4
-2
6
15
15
11
-3
11
19
4
-1
-13
-11
-6
-3
3
-8
-8
-13
-13
-7
-4
8
7
12
10
4
8
-1
-3
1
4
-1
-1
-1
-18
-9
-2
0
9
13
11
-2
1
1
3
6
4
0
-1
0
-4
-7
-11
3
3
4
8
10
10
-6
-8
-8
0
6
6
3
-14
-13
-13
0
4
4
8
6
16
5
-2
-3
-12
-9
-16
-7
1
2
4
-2
13
11
12
12
-1
-5
-8
-3
-8
-3
7
3
12
4
-14
-14
-11
4
16
22
25
6
-2
-18
-21
-8
-5
6
3
-1
-12
-20
-2
9
17
12
1
-6
-19
-7
0
13
24
7
7
-10
-15
-22
-19
5
7
15
-2
-1
-10
-19
-5
-3
10
14
10
2
-5
-3
-4
3
12
18
-9
-24
-25
-22
-4
12
22
7
-2
-19
-28
-3
0
31
34
15
4
-21
-28
-27
-1
0
20
22
-9
-10
-29
-13
11
33
38
10
1
-36
-26
-1
21
42
29
1
-24
-32
-41
-15
10
35
44
13
0
-13
-19
-15
2
9
7
15
-7
-11
-18
-7
8
17
35
3
-12
-17
-28
-18
-12
6
23
17
-4
-20
-32
6
19
17
36
2
-2
-43
-49
-11
25
78
39
34
-12
-56
-45
-46
42
62
56
14
-65
-47
-60
-17
23
42
66
17
-36
-81
-78
-57
38
106
99
68
-51
-105
-88
-34
61
101
124
55
-19
-80
-125
-64
14
90
117
84
3
-118
-150
-135
-26
110
170
142
16
-86
-166
-140
-38
81
163
129
47
-74
-130
-144
-62
72
136
154
58
-12
-133
-160
-94
5
143
133
105
-34
-126
-102
-98
16
79
115
92
13
-55
-115
-89
-13
56
86
98
52
-32
-94
-112
-28
53
82
82
29
-16
-44
-48
-40
2
45
27
8
-29
-27
20
29
25
4
3
-5
-21
-11
10
25
19
-3
-16
-18
-18
-22
-36
22
63
45
40
-16
-40
-57
-57
0
40
74
20
-9
-66
-67
-22
-7
69
53
54
-25
-105
-51
-14
38
-7
61
47
28
-9
-157
-115
-104
80
189
143
73
-131
-134
-113
33
153
116
125
33
-46
-191
-162
-38
63
158
165
142
-129
-254
-185
-66
151
159
199
50
-118
-187
-288
-82
97
196
178
66
-84
-217
-179
-44
118
175
197
91
-114
-204
-241
-82
69
105
147
129
-5
-134
-115
-67
20
65
117
55
-50
-8
-71
-46
10
-17
-24
-17
46
-4
5
68
22
19
25
-29
-51
-10
77
81
-3
-11
-88
-78
-5
8
40
4
62
0
-88
-74
-59
32
23
-10
-38
-17
5
17
74
37
56
23
-24
25
11
10
28
7
-40
-70
18
138
130
99
30
28
-4
-104
-47
-3
36
10
-53
-76
-105
-10
-53
-46
68
128
118
17
12
-52
-98
-37
-28
-80
-64
-30
-51
-34
-13
19
63
122
115
44
-32
0
130
46
-34
-21
-72
-52
3
0
-3
51
65
-11
-17
-78
-127
-109
-32
79
-4
-64
-111
-134
-29
-24
-27
93
220
130
45
86
-19
-79
3
79
104
53
-12
-23
-51
-133
-192
-155
-34
143
206
116
14
-40
-110
-166
-53
79
103
134
98
-90
-207
-204
-104
19
154
282
207
77
-38
-148
-107
-45
111
187
53
-20
-111
-166
-164
-50
109
135
133
99
-14
-136
-153
-115
-65
93
67
-89
-62
-53
5
-46
-53
19
-50
-20
64
103
193
182
0
-148
-163
22
103
19
37
-16
-49
-93
-142
-6
177
285
110
-73
-45
26
77
56
62
-24
-169
-189
-140
3
105
129
85
-45
-180
-195
-157
-35
43
-65
-14
93
108
53
-32
-17
-29
22
215
406
476
347
129
9
-163
-239
-163
-74
13
-67
-97
-134
-236
-94
104
254
209
-34
-134
-228
-342
-311
-93
116
205
179
85
72
182
231
209
279
141
-106
-304
-403
-370
-280
-170
-101
-2
-103
-137
74
75
77
213
126
7
-63
-116
-43
199
443
296
74
-15
-24
-69
-204
57
317
249
205
77
-126
-188
-212
-187
-103
-73
-202
-345
-221
-100
-125
-30
124
214
208
127
95
31
128
340
490
443
96
-20
-131
-297
-447
-667
-350
309
368
87
-108
-295
-179
153
351
149
-120
-354
-613
-293
-40
35
491
478
355
290
89
233
115
81
272
102
-110
-886
-1271
-625
-55
453
601
561
365
-170
-752
-807
-123
600
939
454
-336
-587
-477
-217
235
205
-26
130
250
417
316
237
-113
-413
50
242
318
346
1
-563
-745
-670
-780
-403
335
478
574
666
182
-93
-120
-169
-197
-44
-2
-175
15
443
656
579
846
916
89
-273
-380
-1017
-1056
-492
-285
-129
175
-12
-242
290
517
45
139
600
553
-38
-573
-580
-321
-158
-46
-39
-149
324
590
52
246
506
-60
-708
-792
-282
34
366
283
-57
126
-11
-212
-239
-231
48
-83
-359
-328
60
718
820
385
-71
-297
-406
-427
-147
19
74
288
263
91
83
73
-83
5
281
42
-249
-252
-395
-446
-262
-222
-154
-19
-35
-6
368
852
1081
781
-237
-1119
-1056
-225
645
1109
1370
1314
222
-894
-874
-825
-1059
-602
-251
-197
399
549
-72
83
427
-151
-402
70
274
314
138
-288
-199
124
190
-80
-287
169
813
409
-396
-307
-263
-592
-436
-382
-381
189
440
217
259
484
425
192
72
-333
-645
-560
-551
-297
-116
64
419
282
61
113
-50
-307
-218
5
73
353
767
813
479
87
-138
-359
-639
-614
-309
120
394
67
-426
-362
-84
-108
-14
246
243
117
104
83
109
50
-148
-68
95
229
620
888
1047
1246
358
-1189
-1398
-1029
-1408
-1239
-322
70
504
697
-94
216
1420
1000
59
77
104
-126
-452
-643
46
747
466
-163
-634
-382
579
799
-16
-130
70
-806
-1416
-993
-281
537
939
243
-292
299
664
364
190
-43
-427
-360
-66
43
215
265
72
-426
-1337
-1625
-912
-66
652
916
493
379
947
1025
543
313
153
-170
-445
-765
-994
-422
330
182
-391
-485
-34
299
70
-394
-378
-178
-143
146
78
-136
236
429
-18
-99
457
587
778
1054
1065
1215
380
-1074
-1344
-1144
-1638
-1398
-364
-192
100
58
-1003
-176
2033
1925
610
612
600
27
-352
-739
-339
968
1141
-92
-781
-221
837
722
-721
-1060
-427
-652
-1100
-830
-179
729
1113
70
-781
-373
-26
106
264
242
163
181
330
598
807
648
695
477
-977
-2199
-1981
-1274
-633
177
449
540
1330
1520
723
269
336
145
-359
-825
-909
-442
170
518
424
289
559
526
-232
-826
-668
-595
-742
-334
-10
-2
372
617
295
-57
-91
-323
-338
49
153
744
1672
1957
1634
389
-939
-951
-1150
-2497
-2621
-1391
-417
583
551
-207
1421
3089
1270
-503
-81
312
134
-665
-1683
-399
1836
1265
-325
-577
270
1391
687
-1354
-1557
-587
-1091
-1514
-837
-134
977
1444
323
-439
83
272
71
265
-3
-145
407
720
918
838
332
265
106
-1082
-2183
-2119
-1399
-515
209
255
750
1874
1585
545
194
-204
-669
-880
-1062
-859
187
1449
1523
837
522
332
-92
-452
-799
-1375
-1142
-440
-436
-376
197
538
445
465
246
-85
-122
-293
-296
-65
201
814
1681
2356
2194
395
-1656
-1498
-1137
-2706
-2533
-614
37
768
678
-754
780
3652
1763
-1096
-617
-144
-359
-677
-1585
-489
2507
2442
403
-118
418
1351
552
-2236
-2885
-1187
-1060
-1489
-541
217
1196
2014
855
-199
225
111
-301
-34
-125
10
972
1556
1580
1047
-8
-637
-717
-1583
-2639
-2075
-1078
-508
-50
228
650
1453
1813
726
-504
-311
-76
-420
-388
-187
508
1527
1646
931
218
35
-22
-648
-1401
-1625
-1293
-984
-558
99
418
868
1200
724
-92
-508
-473
-535
-262
69
480
1344
1884
1903
2297
1993
-790
-2942
-2362
-2276
-3586
-2621
-149
1042
2265
1736
-770
593
3463
953
-2095
-1017
117
349
-9
-1226
121
3323
2951
-169
-1632
-910
351
-309
-2582
-2251
27
155
-502
-234
177
1381
2000
101
-1525
-966
-296
275
1483
1455
604
915
1366
865
-251
-1127
-1147
-1043
-2028
-3105
-2642
-820
1138
1824
980
566
1345
1259
233
-796
-1269
-420
431
106
-167
717
1805
1867
626
-848
-1299
-979
-732
-1121
-1389
-666
520
987
736
332
238
487
-88
-1090
-1179
-576
410
823
755
1123
1580
1459
1047
906
823
591
-1711
-4052
-2742
-1362
-2405
-1087
1659
1979
2676
1530
-2099
-152
3683
14
-3355
-572
1259
1415
1017
-1034
-89
3403
2030
-2056
-2754
-967
828
170
-2282
-1623
1228
937
-584
-554
-323
616
1209
-445
-1229
202
819
870
1665
1005
-287
353
883
477
-494
-1863
-2083
-1317
-1370
-1882
-1111
533
1995
1645
-11
-3
1075
881
64
-598
-1037
-174
825
517
105
648
1292
711
-349
-1011
-1146
-351
26
-621
-731
-1
522
668
390
-332
-418
127
-14
-647
-701
-140
930
1276
513
331
859
864
365
454
457
479
-651
-3213
-2759
-504
-836
-992
1098
2046
2337
1379
-2050
-1431
2610
1118
-2598
-1325
1116
2111
1628
-1056
-1465
1655
1939
-1386
-2902
-1201
1612
1943
-887
-1748
493
1031
-471
-1422
-1477
-177
1231
405
-925
-450
481
1180
1778
644
-988
-422
750
521
-575
-1858
-1676
-89
-46
-1509
-1383
664
1924
1393
-168
-821
211
856
168
-980
-1193
-114
938
607
-437
-220
929
1242
497
-441
-884
83
1183
373
-700
-608
-171
-36
-358
-875
-789
187
438
-256
-578
-139
758
1275
845
178
284
550
430
415
458
854
1035
-1206
-3137
-1414
-591
-1948
-595
1140
1501
1944
-781
-3037
1096
3191
-1073
-2090
732
1723
1625
-52
-1780
884
3547
1129
-2144
-2013
782
2307
-320
-2960
-1564
266
-528
-1404
-1247
-360
1509
1815
-170
-746
292
860
1321
1054
-593
-871
744
1204
37
-1501
-1540
139
548
-1306
-2071
-693
675
1074
290
-666
-7
1019
474
-554
-855
-403
744
1259
95
-410
940
1843
1293
333
-614
-606
398
62
-1277
-1361
-514
-112
-349
-669
-508
286
791
253
-434
-80
705
1021
676
191
388
658
528
596
760
812
1527
-240
-4005
-3026
-489
-2258
-2256
887
1651
2231
1163
-3049
-1385
4053
1684
-2702
-679
2012
2501
1356
-1435
-918
2836
2575
-1794
-3789
-1161
2019
895
-2487
-2319
590
991
-523
-1165
-928
584
1941
735
-789
-29
816
1050
1416
246
-1278
-407
1117
797
-980
-1968
-927
93
-907
-2172
-1420
464
1693
1217
-329
-816
385
1183
442
-527
-540
476
1287
643
-452
59
1307
1150
46
-1100
-1240
-12
275
-729
-838
-410
-198
225
118
-474
-7
970
406
-654
-484
327
938
958
647
463
242
138
400
572
673
1429
78
-3605
-3222
-320
-1483
-2350
266
1581
2494
1900
-2678
-2218
3948
3122
-2345
-1740
1684
2698
1643
-1529
-2280
1559
2939
-995
-4079
-1834
2019
1817
-1426
-2371
-1
1350
228
-1056
-1157
160
1536
798
-634
-319
449
1037
1755
878
-1127
-1063
770
859
-1081
-2331
-1401
259
149
-1266
-1425
107
1374
1131
-203
-1129
61
1754
1109
-433
-689
-226
759
938
-362
-565
938
1773
664
-925
-1137
-241
116
-232
-645
-1085
-443
877
647
-235
-80
493
496
-158
-758
-504
602
1303
795
225
287
126
442
1210
739
883
-67
-3512
-3327
-501
-1748
-2448
800
2290
3084
1709
-3257
-1627
4697
2241
-3487
-1710
1826
2456
1079
-1919
-1858
2481
3402
-1428
-4289
-1440
2103
1451
-1822
-2333
290
1326
15
-1140
-999
558
1908
944
-572
-581
-105
1031
1998
411
-1818
-1008
1279
1185
-1164
-2355
-949
454
-264
-1994
-1776
647
1927
1093
-210
-762
13
1294
989
-638
-911
196
952
448
-517
-435
617
1457
725
-1066
-986
342
52
-668
-829
-1173
-487
921
540
-421
178
948
696
-196
-835
-168
927
1000
496
309
409
100
104
785
1000
1169
-738
-3925
-2641
-316
-2114
-2237
839
2385
3386
1173
-3723
-806
5342
1573
-4141
-1344
2749
2711
385
-2073
-1241
2676
2839
-2352
-4602
-883
2476
1141
-2033
-2005
682
1498
-203
-1425
-995
700
1884
715
-584
-399
169
1393
2042
-100
-2359
-976
1491
797
-1651
-2108
-229
951
-422
-2193
-1414
1259
2063
495
-649
-537
509
1560
673
-1011
-778
576
876
-29
-758
-290
1208
1969
353
-1289
-406
591
-274
-1091
-1175
-1158
-127
1016
633
62
541
1152
432
-1199
-1351
90
1257
1271
577
301
295
-52
36
788
1630
1206
-2217
-3914
-1130
-675
-2491
-703
1491
2616
3242
-1632
-4780
2028
5353
-1572
-3799
1500
3610
2064
-307
-2452
-372
3188
507
-4519
-3321
1401
2653
485
-1440
-872
951
465
-1354
-1662
-632
1145
1781
276
-487
-137
129
1393
1567
-1220
-2411
358
1931
-255
-2088
-1415
364
947
-952
-2367
-500
1867
1147
-653
-856
-84
1109
1586
49
-1402
-524
697
342
-358
-276
525
1867
1795
-649
-1539
-168
-177
-1165
-973
-574
-272
809
1184
181
-424
181
287
-835
-1460
-593
1068
2174
1739
573
183
215
-150
-167
597
2113
868
-3766
-3563
-43
-1530
-2240
1045
1802
2561
2001
-4444
-4465
4655
4313
-3515
-1424
4097
3068
674
-1463
-2478
1197
3232
-1624
-4609
-799
2569
1817
-258
-1369
-332
596
-739
-1877
-1729
-516
1553
1828
413
-136
-249
244
1933
859
-2855
-1838
2303
2009
-1046
-1810
-363
949
6
-2718
-3004
355
2188
472
-553
-49
351
1061
738
-1251
-1573
266
1029
533
227
536
1805
2529
601
-2024
-1931
-349
-484
-1091
-284
506
849
923
71
-1038
-1053
-260
-291
-929
-433
1122
2257
2246
1057
0
3
-346
-812
126
1218
2205
1092
-3455
-3652
-4
-1512
-3020
497
2626
2598
661
-4447
-2910
5096
3176
-3616
-300
4614
2620
-258
-1735
-1435
1957
2175
-2942
-4000
376
2112
834
-443
-1162
-352
-97
-1718
-1935
-743
205
1914
2587
973
-312
-531
352
1690
105
-2681
-787
2881
1800
-1316
-2003
-679
369
-1225
-3673
-2290
1409
1809
268
4
-17
529
1526
367
-1253
-499
376
583
1075
899
599
1771
2047
-701
-2845
-2088
-791
-456
-19
481
566
880
496
-993
-1640
-871
-84
177
385
1022
1902
2108
1074
17
-458
-990
-814
288
1104
2153
2452
-1724
-4763
-1736
-1352
-3675
-761
2487
2703
2633
-1721
-4874
1997
5456
-1851
-2986
3659
4127
563
-1303
-1860
988
2817
-1700
-4651
-627
2318
848
-281
-438
-197
-587
-2476
-2343
-70
797
1423
2379
1742
403
-1083
-1535
874
1824
-1331
-1797
2000
2738
138
-1426
-1423
-546
-785
-3063
-3307
357
2370
1056
459
408
92
337
-226
-1091
-399
398
569
1563
2062
861
419
699
-585
-2371
-2393
-860
443
1192
1123
132
-181
-338
-1502
-2154
-1206
387
1478
1535
1026
1186
1614
464
-813
-675
-519
-103
1153
1861
2499
2749
-1891
-5994
-2781
-1481
-3899
-758
3510
3465
2848
-1381
-5895
-12
4904
-1494
-2656
4709
5119
664
-1294
-1947
369
2286
-2092
-4694
324
3213
691
-707
71
496
-1485
-4496
-3233
826
1850
1594
2303
2200
1296
-1213
-3540
-866
2346
215
-1069
2337
3650
1047
-1523
-2660
-2040
-1719
-3272
-2842
505
2936
2611
393
-575
-194
-785
-1689
-830
1286
1969
1636
1932
1709
642
-243
-1078
-1582
-1368
-931
-721
117
1625
1323
-536
-1598
-1456
-1301
-1346
-414
977
1952
2185
1118
-27
139
10
-676
-334
726
1734
2573
2717
2562
71
-5812
-6138
-1573
-2569
-2617
3048
5108
3258
226
-5875
-5749
2750
2575
-2741
2985
8560
3338
-1869
-2764
-1638
1018
-240
-4389
-1421
4734
3354
-995
-1477
172
-582
-5067
-6209
-17
4632
3322
2313
2525
1619
-856
-4908
-4811
1045
3524
1121
1655
4250
2873
-1197
-3893
-3978
-2626
-2445
-2236
686
3438
3145
869
-1578
-2521
-2286
-1929
-923
1973
4782
3772
1315
511
-314
-1472
-1731
-1400
-915
406
1441
548
94
892
-90
-2517
-3121
-1712
-412
506
1642
2272
1763
537
-525
-1263
-1221
131
1163
1414
2183
2756
2120
1804
796
-4626
-7336
-2399
-712
-1990
2218
5452
3593
540
-5710
-8909
-690
4332
-488
2286
9617
6051
-1794
-5340
-4290
259
1107
-2876
-968
5774
5192
-826
-3260
-1527
-369
-4038
-7311
-1699
5964
5426
1645
835
913
-839
-5058
-6248
525
6249
4075
2050
3536
2438
-1701
-4970
-5091
-1869
102
-896
547
3738
2788
-913
-3504
-4312
-3392
-1654
82
2739
5680
5177
1302
-1576
-2229
-2121
-1246
356
1596
2303
2265
441
-1889
-2159
-1521
-1740
-1639
-502
618
1062
808
157
-424
-1027
-1252
-608
511
1534
2354
2340
1163
399
586
451
821
1280
-2019
-4842
-1733
62
-1914
195
3645
2194
-625
-4567
-6889
-327
4919
791
1374
7388
4416
-3143
-5244
-2643
1901
3046
-756
-578
4559
3404
-3104
-4784
-1304
835
-1886
-4896
-1048
5107
3946
-818
-1447
-24
-873
-3480
-3534
1983
6714
4156
517
1197
979
-2183
-4046
-2773
541
1809
-243
-361
1500
499
-2241
-3468
-3160
-1559
434
1265
2175
3721
2592
-792
-2204
-1637
-635
1202
2674
2344
1532
796
-1183
-2808
-1810
-631
-467
157
456
-69
-474
-601
-968
-1102
-330
284
468
1152
1843
1715
1033
485
267
797
1595
2498
1493
-3070
-4308
-1120
-1541
-2479
1552
3530
1387
-1198
-6232
-6369
2213
3900
-911
3484
7977
1897
-4087
-4445
-1357
3223
2925
-1420
870
5620
1542
-4561
-3703
101
571
-2816
-4361
726
5207
1837
-2633
-2137
-365
-1515
-3853
-2016
4608
7256
2561
-180
1085
-68
-2836
-3534
-949
2747
2467
-174
-51
309
-2003
-3595
-3327
-2482
102
2348
1530
1451
2197
-444
-2799
-1350
294
1220
3592
4072
1213
-354
-932
-2692
-2631
261
1600
676
410
-259
-1885
-2415
-1530
-849
-273
959
1179
451
143
277
252
42
730
1910
2758
3373
3158
-1014
-5177
-3229
-1213
-2365
241
4365
2901
285
-3493
-8756
-4363
3282
998
626
7678
6289
-2250
-5003
-3816
-431
3455
1975
629
5060
4947
-2254
-5036
-2119
4
-1031
-3112
-1006
4247
3851
-1620
-3347
-1892
-2060
-3403
-2872
2052
7183
5071
89
-231
-220
-2740
-3371
-814
2764
4226
1889
-322
-197
-1960
-4569
-3731
-1564
-256
1702
2564
1106
342
-986
-3432
-2637
658
2130
2800
4337
2953
-781
-1986
-1849
-1939
-171
2631
2485
465
-469
-1949
-3540
-2463
-35
702
865
1283
470
-902
-1298
-712
62
1049
2012
2683
2963
2919
980
-3493
-4504
-1312
-357
-593
2726
4485
1419
-2126
-6889
-7734
-810
2959
1058
4332
7770
1306
-5364
-5445
-2707
1477
3539
2314
3680
5631
680
-5032
-3904
-607
-85
-1086
-308
2965
4053
-120
-4070
-3352
-2175
-2920
-2452
1060
5274
5134
574
-1729
-914
-1780
-2748
-378
3131
4277
2447
-269
-740
-1401
-3903
-3099
-88
892
786
1291
356
-1193
-1316
-2884
-2384
1442
3163
2130
2061
2131
-1106
-2857
-1191
-36
1010
2919
2656
-282
-1639
-1882
-2938
-2061
935
2105
1083
332
-430
-1468
-1841
-1086
435
1513
2290
2698
1848
1096
1027
-1952
-4580
-1609
1124
304
1950
3878
792
-2187
-4813
-7527
-2649
4130
3061
2529
5916
2101
-5321
-5549
-2667
443
4084
4003
2899
3936
741
-5117
-4517
-769
300
472
1238
2503
2745
-486
-4165
-3375
-1624
-1865
-744
1991
3909
3095
-453
-2467
-1219
-1033
-1738
758
3742
3353
1031
-1176
-1859
-1427
-1639
-1514
871
2613
463
-1505
-1394
-1346
-1510
-1213
552
2279
2660
1296
-474
-692
-822
-827
70
1628
2261
1340
176
-1339
-2123
-1542
-789
107
1386
1778
301
-1415
-1528
-1032
-1079
-122
1592
2068
1473
1299
844
588
382
-2605
-3150
688
1833
448
2155
3005
-516
-3103
-5639
-5678
771
4460
1844
2805
4487
-1972
-6565
-3331
-361
2257
4687
3362
2326
2387
-2374
-6073
-1902
1699
939
1039
1911
2092
716
-2930
-4461
-1675
3
-989
-132
2278
2885
295
-2903
-1920
800
-2
-953
1743
3315
1247
-948
-1801
-549
412
-827
-466
1324
1182
-1056
-1771
-1036
-597
91
-626
4
1806
1076
-544
-632
211
-523
-376
1125
1101
1076
1026
-57
-1271
-995
-341
-466
53
864
430
-629
-1045
-835
-385
-224
426
1169
1182
991
878
786
983
377
-2606
-2713
895
1410
405
2198
2347
-850
-2835
-5124
-4650
1966
4242
750
1984
3478
-2684
-6274
-2239
1021
2813
3616
2031
2087
2201
-2800
-5625
-461
2948
909
28
1336
2055
-74
-3736
-3826
-314
753
-702
14
2079
2266
-691
-3353
-981
1967
157
-1053
1647
2411
-226
-1938
-1587
-169
597
105
2
1453
1368
-1116
-1840
-973
-259
-364
-383
834
1199
322
-819
-879
-117
191
859
902
872
980
-44
-949
-907
-173
165
163
447
227
-388
-1062
-1153
-382
-87
-301
428
1221
908
938
1156
910
497
-1599
-2803
-154
1993
1115
1480
2271
-275
-2579
-4150
-4469
439
4012
1841
1236
2495
-1558
-5591
-2975
503
2269
3061
1972
1906
2080
-1876
-4621
-712
2589
1412
674
1220
1526
262
-2961
-3703
-404
833
-824
-216
1550
735
-1496
-2338
-596
1643
787
-829
589
1944
67
-1734
-550
1135
666
-194
-70
416
527
-683
-1337
-424
210
-239
-567
601
969
-217
-761
-151
379
-53
109
510
403
528
196
-246
35
634
383
-393
-55
213
-592
-826
-190
-206
-863
-637
39
251
639
1073
1046
1057
1070
-1113
-2973
-542
1582
1011
1703
2581
532
-1599
-3021
-4503
-1183
2845
1829
1164
2193
-438
-4336
-3720
-600
1536
2155
1720
2258
2132
-934
-3295
-1679
1455
1981
531
637
2262
1116
-2473
-2825
-302
336
-376
-204
440
539
-1053
-2766
-1036
1636
839
-583
608
1338
-122
-1319
-848
768
1312
266
-60
506
554
-577
-1406
-535
373
47
-454
611
829
-626
-961
-445
36
450
408
-263
-215
369
-364
-627
647
1369
660
-134
-136
-309
-623
-289
458
231
-532
-689
-761
-247
563
991
1267
2047
674
-3144
-2416
747
1077
1051
2505
2329
-137
-2153
-4017
-2714
1513
2050
854
1727
1342
-2257
-4076
-1653
796
1188
805
1456
1991
269
-2169
-2006
685
1869
406
155
1824
1551
-1233
-2370
-576
877
455
-162
244
335
-1188
-2668
-1479
1086
1152
-237
-52
614
-374
-1646
-902
852
1711
954
127
182
126
-318
-1004
-322
1263
677
-337
282
360
-928
-1083
-27
306
837
792
-487
-863
-437
-637
-913
354
1755
946
-259
-338
-453
-728
-169
787
818
266
-204
-862
-847
108
632
865
1848
329
-2805
-1665
495
368
834
2223
1654
135
-1388
-3369
-1260
2338
1581
107
791
346
-2296
-2824
-119
1379
667
22
648
668
-1004
-2303
-881
1985
2050
-22
204
1586
571
-1735
-1753
391
1546
970
296
416
-69
-1806
-2329
-385
1283
634
-295
44
-265
-1560
-2230
-739
1327
1419
696
224
-83
-241
-517
-624
507
1715
674
157
639
-408
-1339
-627
327
320
658
549
-653
-894
-598
-900
-991
498
1657
342
-654
-287
-430
-453
429
816
649
517
-151
-930
-212
666
623
1097
-351
-2079
-790
505
558
919
1401
552
-909
-2409
-2480
1198
3103
1758
840
48
-1625
-3025
-1918
810
2270
1642
661
560
-532
-2368
-2709
-470
2146
1506
-199
586
1588
-246
-2284
-1325
1055
1750
1014
410
418
-233
-1694
-1623
360
1303
280
-167
-11
-739
-1563
-1805
-463
1228
886
-186
-368
-19
-33
-561
-481
891
1501
322
31
525
-323
-478
420
629
665
400
-462
-917
-427
-304
-876
-157
1194
662
-968
-965
-60
-286
-170
527
389
281
130
-139
31
752
955
911
830
-1620
-2206
-94
979
1227
1374
1300
250
-1165
-3215
-2603
1429
2488
1564
927
49
-1407
-2535
-1305
814
1517
879
884
824
-802
-2098
-1410
754
1602
92
-613
406
426
-1160
-1405
192
1318
1099
436
-21
-475
-958
-1023
75
1439
1016
-26
126
-256
-1367
-1301
-346
769
1151
209
-761
-986
-835
-418
-157
329
1070
786
136
-11
-560
-776
565
1441
610
288
199
-581
-851
-364
65
76
605
975
-239
-1191
-526
-286
-442
296
652
-112
-372
-181
-586
-159
798
985
1543
1647
-1257
-2947
-612
730
612
1282
1598
849
-579
-2819
-3262
420
2723
1944
772
-270
-1386
-2302
-1394
1040
2158
1309
800
350
-1470
-2497
-1209
1154
2255
1130
-370
-235
143
-1154
-1887
-393
1315
1540
674
-343
-882
-1080
-1147
-166
1263
1196
601
566
0
-1519
-1783
-468
817
1574
707
-750
-805
-412
-400
-633
-14
1061
805
-74
-380
-688
-992
209
1145
426
311
418
-438
-549
104
-214
-137
1122
1209
-400
-1193
-412
-356
-514
313
591
39
-82
-115
-889
-467
599
572
1202
1958
-156
-2934
-1300
1089
776
791
1316
918
-52
-1801
-3343
-750
2998
2835
1009
-561
-1602
-1971
-1942
-287
1864
2125
1286
753
-1012
-2610
-1688
190
1726
2103
609
-328
187
-652
-2013
-1144
865
1673
1309
132
-1243
-1300
-750
-192
918
1156
492
316
-144
-1617
-1832
-111
1144
1474
648
-821
-879
-469
-248
-25
152
880
776
-385
-973
-794
-642
271
1587
752
-261
-50
-475
-805
-276
423
538
651
848
-138
-1177
-672
266
161
262
656
23
-445
-271
-678
-744
440
1088
819
879
519
-1962
-2409
185
1119
1325
1795
1017
-227
-1341
-3124
-2696
1735
3777
2375
288
-1774
-2060
-1834
-1372
666
2362
2031
994
-638
-2761
-2158
141
1239
1855
1186
-301
-312
-294
-1475
-1384
504
1686
1647
749
-1112
-1680
-912
-443
266
949
861
605
153
-1497
-2283
-548
1176
1545
977
-232
-1018
-933
-701
-311
331
922
1268
190
-1108
-1127
-660
43
1214
1007
-422
-89
225
-873
-829
220
398
357
675
-133
-952
-372
283
-11
49
591
376
-118
-178
-290
-647
108
911
733
664
671
-968
-2585
-736
967
1240
1811
1377
64
-990
-2226
-2888
-6
3014
2852
1168
-1125
-2165
-1663
-1235
47
1945
2217
1271
-317
-2513
-2269
119
1332
1506
1298
-118
-832
-570
-1344
-1094
717
1695
1398
344
-1086
-1708
-801
176
576
968
959
581
72
-1280
-2160
-818
1005
1338
932
256
-863
-816
-483
-453
301
829
817
-26
-902
-966
-434
300
855
806
-176
-247
163
-724
-692
492
616
314
361
-239
-804
-356
135
17
85
420
350
31
-198
-424
-652
3
854
823
649
766
-28
-1843
-1446
186
784
1438
1593
454
-639
-1517
-2637
-1282
1947
2900
1640
-298
-1895
-2076
-1510
-515
1448
2569
1753
-66
-2204
-2542
-626
986
1465
1531
697
-456
-992
-1551
-1229
536
1711
1477
549
-789
-1645
-1219
-195
516
872
1138
895
133
-926
-1733
-952
516
1102
1006
249
-550
-623
-711
-794
72
1007
1071
333
-762
-1099
-338
284
350
576
295
812
682
-1459
-1738
-97
1156
1327
397
-828
-1001
-256
87
140
427
484
253
-283
-480
63
-295
-539
581
1077
749
425
-586
-1618
-678
502
958
1475
1328
236
-768
-1464
-2468
-1217
1789
2722
1824
-639
-2774
-2167
-1167
-177
1934
2769
1559
-114
-2266
-3101
-857
1017
959
1389
1196
-252
-701
-825
-931
556
1923
1419
218
-635
-1090
-788
-205
71
328
528
639
-93
-838
-1036
-687
444
835
1099
358
-662
-454
-807
-725
51
659
518
-41
-266
-651
-431
237
401
480
328
276
162
-665
-678
-65
305
501
64
-116
-217
-109
-276
-814
-28
758
889
439
-481
-651
-589
-347
284
528
514
615
397
-1110
-1293
347
896
1231
959
-134
-390
-681
-1706
-1365
1119
2298
1513
-404
-1862
-1264
-931
-629
828
2280
2165
641
-1620
-2752
-1205
219
850
1328
1119
217
-717
-1223
-1211
200
1399
1263
344
-525
-975
-1044
-332
65
610
1076
758
-1
-998
-1230
-563
405
622
511
292
-153
-56
-499
-901
-316
421
575
210
-145
-334
-114
149
-38
1
273
368
158
-684
-914
-150
442
534
351
284
68
-168
-367
-770
-355
385
575
511
22
-402
-377
-380
56
672
870
827
249
-1118
-1784
-373
1008
1281
1346
558
-225
-950
-1925
-1437
530
2132
1901
411
-865
-1157
-1060
-1049
-150
1294
1527
611
-740
-1552
-763
113
269
596
1018
728
-439
-1307
-1290
-131
1167
1240
611
-59
-576
-958
-1020
-231
785
1211
876
164
-671
-1180
-783
-180
248
568
545
243
64
-292
-823
-836
-280
479
817
454
140
-22
-371
-733
-431
347
1023
1009
-170
-997
-821
-331
268
674
703
229
-169
-558
-926
-458
377
717
401
-35
-401
-489
-153
415
856
701
672
-118
-1343
-952
-3
488
718
1076
911
89
-958
-1842
-961
740
1606
1309
231
-322
-699
-1372
-1108
123
1107
1291
420
-900
-1306
-555
-120
-145
466
886
920
182
-1031
-903
7
534
147
31
322
49
-57
-473
-410
292
458
343
311
180
-550
-833
-483
-110
390
505
292
213
-255
-870
-614
-9
474
830
367
-248
-241
-242
-387
-190
384
641
391
-252
-584
-386
-167
324
285
70
372
50
-529
-436
42
99
181
159
-238
-7
32
-266
-152
362
699
578
-162
-1009
-555
168
303
652
721
401
167
-606
-1432
-651
652
920
845
464
-187
-383
-735
-1177
-437
752
1151
738
-275
-986
-748
-453
-279
276
627
622
457
-299
-810
-259
296
298
244
94
8
117
0
-189
-88
246
260
-82
-302
-91
123
-273
-311
-60
44
381
257
-225
-372
-208
-96
-185
-92
202
242
172
-42
-285
-318
85
463
162
60
73
-155
-30
85
49
-18
64
147
-118
-108
-1
-29
32
-80
-271
-146
187
121
21
370
462
329
128
-505
-809
-305
156
306
447
646
652
111
-821
-1106
-304
497
945
704
-17
-250
-559
-1051
-731
314
974
907
363
-522
-845
-529
-349
115
576
721
572
-44
-501
-550
-209
-42
-113
-36
134
263
197
177
185
104
-237
-490
-493
-293
234
508
329
111
-52
-516
-634
-99
157
397
554
46
-503
-443
-93
128
194
54
-9
1
-90
-163
-145
96
336
326
-84
-180
-20
38
347
96
-327
-210
55
122
59
-135
-422
-263
78
155
229
374
483
374
1
-399
-639
-593
-276
281
653
761
691
142
-475
-697
-413
-61
217
579
416
167
59
-460
-803
-458
120
317
192
-128
-199
144
139
-36
174
199
103
-15
-333
-61
383
167
-76
-222
-294
-43
74
23
215
459
211
-237
-404
-313
-6
-14
-120
44
66
97
26
-143
-106
81
117
-1
-170
-143
42
-42
-148
-115
-50
3
113
122
30
212
135
-240
-178
9
-40
24
190
147
98
7
-108
-19
-37
-63
-44
35
171
189
172
84
55
-108
-180
106
238
63
-184
-220
-50
-20
78
336
439
302
-238
-738
-640
-95
328
380
484
431
-136
-667
-769
-408
88
430
465
242
232
17
-419
-303
-36
-13
21
83
216
375
117
-268
-193
-158
-191
-9
50
221
387
118
-210
-267
-226
-259
-205
110
482
545
188
-221
-443
-422
-180
-36
104
360
334
45
-305
-434
-289
-36
184
123
35
72
-33
-59
-46
-134
53
335
231
-22
-92
-251
-164
159
132
184
332
92
-150
-163
-323
-178
328
397
222
75
-58
-1
112
-89
-387
-195
106
160
199
231
181
19
-257
-395
-311
-144
30
196
330
235
-64
-348
-295
-84
-122
-104
34
199
196
17
15
49
17
-122
-250
-185
84
273
261
208
42
-120
-288
-379
-222
105
375
482
303
-206
-441
-322
-202
-47
116
205
264
155
-177
-311
-174
33
27
-84
6
51
-21
-7
21
-32
5
-13
-212
-134
132
203
274
178
-53
-137
-117
-69
-75
-38
83
261
260
51
54
1
-147
-134
-92
65
272
237
-2
-135
-89
2
61
129
223
173
-63
-323
-389
-203
112
284
153
81
7
-185
-197
-145
-32
74
49
39
38
-49
-92
39
177
61
-182
-265
-223
10
217
159
126
120
-43
-301
-231
64
164
279
130
-108
12
-46
-124
-68
2
31
0
56
-32
5
55
-96
-73
-27
-12
41
1
75
13
-276
-227
-112
-25
141
169
156
95
46
-49
-155
-2
86
84
29
-134
-73
7
30
84
94
131
97
-5
-53
-68
-1
86
98
76
24
-19
-62
-18
9
-85
-16
104
121
102
16
7
90
63
-48
-224
-234
-105
-30
63
169
245
67
-82
-147
-239
-79
-11
30
172
151
71
-81
-197
-175
-126
-52
13
209
296
85
-60
-150
-174
-10
60
36
96
105
-50
-97
29
20
-9
5
-96
-80
22
76
112
35
-36
-161
-183
-51
-32
-17
66
127
34
-82
-132
-165
-77
-44
-14
120
133
1
-91
-108
-64
-23
-36
73
162
147
67
-38
-15
-11
24
83
101
116
62
27
-34
-33
-16
-12
120
110
-8
-64
-74
-11
83
111
75
36
-29
-109
-141
-44
102
154
98
-57
-158
-149
-84
-23
66
139
60
-43
-131
-114
-5
14
55
57
-11
-40
-56
-74
-45
11
10
18
54
41
24
-32
-76
-33
-26
-38
1
66
57
-9
4
11
-15
1
-44
-92
28
75
13
19
16
-24
-30
-65
-123
-37
17
0
21
-23
-43
-36
-48
-19
0
23
25
-9
10
33
24
50
69
69
31
-23
-28
-32
20
74
37
76
96
65
-8
-74
-37
-47
50
106
50
68
-32
-98
-24
-8
33
110
90
52
-4
-100
-111
-54
6
6
33
78
9
-11
-110
-153
-10
33
76
37
-47
-43
-80
-28
28
91
101
-21
-23
-50
-96
-39
10
83
69
12
-41
-48
-6
-62
-31
86
120
54
-1
-45
-75
-41
-41
-26
69
104
28
-19
-110
-101
-6
2
74
52
-21
-96
-124
-63
-51
77
61
19
37
-47
-5
-13
-4
5
-13
-25
-20
35
14
21
39
37
1
14
9
-15
64
46
6
2
6
18
41
48
-16
-12
15
18
56
69
9
-10
6
-95
-70
41
17
49
17
-26
-44
-9
-10
-16
46
-10
-2
-22
-53
-29
-6
22
5
15
-38
-23
5
7
54
11
16
-33
-34
-36
-22
30
-16
7
-1
-23
-50
-31
-27
-30
68
5
51
35
-42
-19
-44
-10
-4
67
29
-45
-60
-144
-103
7
75
91
84
45
-44
-97
-82
-15
13
59
42
-48
-36
-33
-25
54
71
77
57
-22
-71
-71
13
72
76
90
25
-3
-22
-80
-40
19
48
56
73
47
-17
-30
-39
-30
30
69
61
38
9
-32
-13
-5
-7
-8
1
21
-24
8
-24
-30
38
7
17
21
0
-21
-32
-22
-19
-12
9
25
20
-2
-38
-55
-61
-13
44
73
106
42
-46
-92
-104
-54
28
62
73
63
-28
-53
-38
-6
27
11
10
-30
10
-1
-23
12
-35
-22
-37
-7
10
6
36
-5
3
15
5
3
-5
15
29
22
-2
-32
-47
-27
-3
55
61
12
-14
-57
-42
-15
33
76
80
45
-71
-87
-72
-24
86
98
93
28
-45
-99
-74
-12
19
92
81
64
-24
-87
-67
-67
16
52
62
45
26
-34
-107
-61
-35
49
86
41
17
-10
-42
-85
-45
-2
52
75
39
-9
-45
-28
-41
-33
0
1
-5
-3
-24
-67
-64
-24
32
48
42
28
5
-3
-32
-20
7
61
72
14
-28
-67
-42
-23
9
46
21
7
-13
-19
-14
19
29
4
21
-13
-14
13
31
36
-40
-27
0
-7
24
27
29
34
0
-49
-61
7
46
42
52
-8
-20
-41
-62
18
23
60
51
-14
-41
-75
-3
2
44
54
0
6
-60
-39
-36
4
35
-7
18
-23
-6
13
18
9
-21
4
-26
-7
-16
10
14
-18
-13
-35
10
9
24
17
-19
-14
-53
-31
-16
31
45
-31
-32
-61
-30
21
39
58
21
7
-15
-36
1
27
39
47
15
-14
-30
-50
-15
10
22
19
18
23
-35
-48
-23
0
59
45
18
7
-26
-27
-20
-15
47
52
-1
-8
-41
-34
-9
26
23
-36
-17
-22
27
44
6
24
-17
-7
-33
-10
34
8
44
-17
-15
-13
-37
-20
-7
45
28
17
-37
-66
-20
-17
34
43
-1
-20
4
-12
-8
19
-28
-21
-37
-3
12
0
31
-46
0
15
-14
27
-23
11
12
-1
12
-16
-7
-15
-1
3
-28
-4
25
-6
29
-3
-35
11
-26
68
60
-25
-11
-58
35
21
-27
-16
-64
37
68
37
35
20
-35
-32
-2
14
33
2
-7
-43
-11
-49
-26
41
-48
79
58
2
27
-21
17
-60
-3
21
-20
22
-29
-4
-7
33
43
19
30
-27
14
9
-7
-15
-45
-11
19
18
-20
-7
-23
-4
16
4
48
-10
-20
-32
-27
13
-15
23
-24
-32
15
15
72
57
14
-38
-46
-8
7
53
21
-22
15
-19
-46
16
19
12
14
-36
-12
14
46
7
-25
10
-48
1
6
9
51
-21
13
-22
-32
-8
-24
40
-7
-27
-14
-26
6
16
10
3
3
-2
-42
-18
52
18
17
23
-40
6
-24
-19
10
-6
39
11
-1
14
11
6
-5
7
-3
-2
17
-25
-31
13
-5
41
52
3
7
-42
-22
-29
-24
38
5
48
21
3
1
-42
7
5
17
-15
-35
3
-9
18
21
-19
-43
-22
-24
-3
39
34
10
-40
-5
-33
-22
25
-18
6
-9
4
-18
-28
10
23
71
-16
-6
-4
-39
30
-34
-34
16
14
15
22
44
8
-13
-6
-30
26
10
-10
8
-32
-1
-9
-3
-6
-4
27
26
7
-4
-15
6
32
-15
-12
-4
10
-8
-8
17
-35
62
-26
-9
36
-55
24
-25
32
11
3
7
-38
23
-45
-36
-2
2
16
5
7
13
19
-9
12
-25
-1
1
-67
6
-35
17
47
-22
59
-20
-5
3
-19
17
-46
48
8
23
12
-62
12
-13
-15
-15
-1
14
58
17
10
21
-33
2
-27
15
17
-12
20
-10
13
7
3
12
-19
17
19
8
21
-22
-20
-37
-6
21
-14
35
29
-12
-18
-16
-3
12
8
20
-20
-27
-27
-29
29
-12
60
-12
-9
42
-48
29
-5
14
22
-49
-4
-10
-26
20
21
0
10
2
5
-15
19
10
-38
-1
-36
12
41
23
38
-12
-10
-25
-55
15
21
17
46
-21
-18
6
-24
-5
-17
-8
20
-1
-5
-28
-22
-24
5
7
-23
17
-1
6
17
-12
-13
33
14
40
21
-41
16
-20
33
17
-17
-6
-22
-3
-13
11
-27
16
3
13
1
-9
31
-13
32
-21
-13
-46
-1
31
-3
44
-29
4
-29
-29
-4
-3
18
6
8
-39
-1
-14
-28
13
18
28
29
1
-13
-6
-22
-5
6
4
12
30
-9
4
8
-29
5
0
42
1
-13
16
-19
29
-7
12
-5
-25
6
-23
33
29
3
-17
-10
0
0
-1
-14
12
-14
4
-24
-1
5
-7
43
-36
6
13
35
23
-9
0
-42
50
0
-12
9
-18
-5
-9
10
-13
22
11
-6
4
-18
-17
-33
-9
4
22
31
-17
-5
-10
-27
-6
-26
8
14
20
0
-17
31
-13
10
10
-15
18
17
19
0
-4
-18
-21
-6
-4
0
-4
-18
-21
-1
-3
22
34
9
25
4
-17
-30
-17
-7
-4
13
4
13
-7
-9
-9
6
43
0
-5
-19
-14
-3
-9
20
-16
-6
-12
-16
9
-24
8
16
7
10
-7
9
-25
-12
12
5
26
-12
-3
-31
-13
-12
-14
38
4
50
11
-1
-9
-26
19
-3
51
-5
3
5
-45
4
-22
25
-6
6
31
-33
-4
-27
-20
10
-4
-1
-27
-2
-15
-8
23
3
18
-16
-6
-8
-21
1
9
24
3
-7
-13
-11
-12
-11
11
2
9
14
-9
-25
-1
-1
5
-7
-26
-3
-15
18
10
0
-4
-15
-4
-2
12
10
23
20
15
15
5
14
9
-6
-11
1
17
2
8
8
-1
1
0
6
-12
8
6
-7
13
3
14
4
-9
-21
-16
18
8
13
11
3
3
9
12
-10
-9
-19
-22
-6
4
11
10
28
-7
-12
-8
-11
22
-10
19
15
-6
1
-21
-12
-19
16
4
-16
12
3
24
0
-18
-6
-9
4
-2
-20
-11
14
12
0
2
-6
-11
-6
-1
7
7
2
-15
-12
18
16
19
12
-18
-27
-29
-9
3
32
32
-6
-3
-7
-12
-5
5
4
1
5
3
6
15
2
5
-5
-7
-3
-5
-6
-14
5
5
8
-1
-2
9
-1
4
-19
-9
9
-12
15
-10
-6
10
5
11
-9
6
-2
4
-1
-20
-4
5
17
12
2
6
4
-16
-16
-4
0
11
0
-2
-7
2
-3
-23
2
12
5
-2
0
-10
-1
2
-4
13
27
22
-2
8
-9
-13
10
-1
13
5
-4
-7
-7
2
-1
9
0
-1
-7
14
10
-6
-10
-13
11
-2
1
-4
0
0
-15
8
-21
7
6
-12
2
-26
1
-28
-3
17
9
30
-12
13
2
10
12
-9
20
-1
25
7
-3
4
-12
-2
-12
1
-7
1
2
1
6
-4
1
-13
13
7
5
10
-11
-14
-16
-8
-10
1
11
2
-9
-13
-13
-9
11
5
10
-10
1
12
-5
10
-1
5
3
-4
-4
-4
8
-7
-2
-8
-8
-11
-18
-3
1
12
15
12
9
2
-20
-22
-9
-13
3
11
3
2
14
5
-11
7
3
3
-2
-7
-10
-3
9
-8
-5
5
8
4
-2
0
7
2
2
-3
-7
2
6
6
-10
-2
9
4
13
7
3
3
4
0
-11
-9
-13
-1
7
5
9
-3
3
4
11
10
2
3
-11
-7
-1
0
-4
1
2
1
13
-3
-6
-9
-9
3
-5
3
6
-4
-2
-4
-6
-1
2
-1
-15
-17
9
9
10
4
-1
13
11
13
-6
4
2
-4
0
-15
1
3
-1
-4
-7
-11
-8
1
-1
9
-1
-9
-7
-8
4
-4
-11
-19
-19
-2
6
9
11
10
3
11
0
0
4
-10
-6
-1
2
4
12
12
3
4
-13
-11
-2
5
8
-3
-3
-21
-14
5
6
11
7
0
-5
-6
-5
-3
1
-5
-10
-6
6
10
3
11
19
14
-1
-21
-27
-11
-1
-5
-23
-28
-11
4
20
25
21
15
7
9
14
3
-6
-14
-19
-5
-1
-5
6
22
18
-5
-4
8
25
14
2
6
2
4
-5
-6
-6
0
-7
-9
-4
-7
4
0
5
8
14
13
4
12
-1
-4
-8
-8
-15
-24
-11
-21
-20
-9
-1
19
36
29
24
10
9
-1
-30
-11
-5
-2
-7
-4
15
9
14
4
-3
9
5
-1
-5
-7
-1
-9
-5
1
3
0
-4
13
12
9
-1
-15
-13
-9
-7
-11
-13
-9
5
-8
-8
0
-6
7
12
21
3
1
-4
-7
9
0
5
-13
-9
-11
-20
-4
6
21
13
12
-3
-8
-4
-12
-2
-2
10
3
-2
-4
-11
7
1
11
-1
-8
-3
-7
8
-6
3
11
8
6
-3
2
-2
6
-7
-7
0
-1
-1
-10
6
0
-1
-7
-10
12
8
5
-3
-6
-6
-5
0
-13
-2
7
8
5
-1
2
-9
4
-5
-6
-1
10
11
-14
-3
-1
6
-8
0
9
3
15
8
6
-6
8
-3
-8
10
1
12
0
7
3
7
10
-6
8
-15
-5
-5
-10
16
9
19
3
0
-19
-15
12
-3
7
2
5
4
-5
3
5
5
-17
-11
-12
0
4
-11
5
-4
11
0
-15
-8
-12
-3
-3
10
-3
2
7
-7
1
-8
-4
-15
-14
13
11
2
-7
13
13
8
14
2
9
-2
8
2
-2
4
-12
7
0
-7
-7
-10
-3
-2
14
2
20
9
-5
5
-3
13
-7
0
6
6
14
-11
-2
-12
-6
-7
-14
3
0
20
1
1
4
-3
-5
-15
5
4
16
9
6
12
-2
2
4
6
6
7
-8
-11
-7
-9
2
-3
2
0
0
9
11
19
2
5
-7
-23
-16
-17
0
-6
1
0
-8
-1
3
16
18
24
16
9
7
1
2
-6
2
0
-6
-9
-12
4
-5
5
5
-3
8
-7
-9
-9
-1
3
-13
-20
-23
-23
-23
-23
-9
4
1
1
6
6
11
2
-2
4
8
13
6
1
-13
-14
-1
-13
-9
-4
1
7
9
7
-5
-4
-1
3
5
7
4
3
-3
-1
2
1
-1
-7
-9
-17
2
11
17
17
5
5
-8
-12
-9
-6
5
17
16
1
-2
1
0
4
5
3
6
10
2
-2
-11
-13
0
3
10
9
12
10
0
2
0
2
-2
0
-5
-8
2
2
-1
-1
-2
-11
-5
-6
-5
3
2
6
5
10
7
3
-2
-6
-1
-7
5
3
8
9
1
4
-7
-11
-15
-8
-5
-5
4
-1
-3
0
0
-4
-4
-2
1
-1
-3
8
-2
-7
0
-4
-5
-6
3
4
8
1
-11
-13
-9
2
1
-1
0
0
-1
3
13
9
8
6
5
0
-4
9
5
0
-8
-14
-7
-2
-6
-10
-15
-4
-10
-11
-5
-9
0
4
4
9
17
13
7
5
3
11
3
-7
-6
-7
-4
-3
6
3
3
-4
-13
4
10
10
-3
-4
1
-5
-1
-7
9
20
12
6
-1
5
1
1
1
3
2
-2
-2
-6
-6
-5
-3
-2
3
-1
0
6
6
2
-9
-7
4
4
-1
-1
5
-5
-9
-11
-17
-4
-8
-8
-3
6
11
-9
-12
1
3
0
-6
-13
-2
9
9
3
7
11
9
9
-4
-6
-1
1
5
-3
-4
-3
-7
-8
-6
7
6
-1
-2
-11
-6
1
-5
-7
-5
3
-5
-15
-6
-1
5
7
-1
-4
-15
-5
0
-8
-5
0
6
10
13
8
-6
-16
-9
3
21
32
21
-8
-10
2
-12
-16
-9
-1
3
1
-8
-18
-20
-9
10
27
37
20
10
7
8
-2
-16
-9
-5
-1
4
4
-2
-9
-9
0
14
17
1
-9
-5
-2
0
-17
-12
-7
-9
-1
5
19
26
22
5
8
8
1
-8
-13
-8
-4
8
5
1
-2
-6
1
2
16
19
13
16
6
-3
-13
-11
-6
5
18
12
4
9
3
-5
-6
0
4
5
3
2
-5
-13
-3
-13
-2
2
-15
-18
-12
-3
-7
5
6
0
2
0
-4
-1
6
4
3
-2
-6
-19
-13
3
5
16
17
-2
-26
-15
-14
-10
10
-4
-6
9
13
5
4
4
-8
3
3
-10
-2
3
-7
-26
-30
-23
-9
0
-6
-8
5
3
-6
-1
5
21
17
9
15
6
6
4
8
3
-12
3
6
7
2
1
2
1
7
1
2
13
6
4
5
-2
1
-6
-8
1
15
16
0
-1
-10
-9
3
1
5
0
-6
-17
-26
0
10
17
17
13
18
2
1
-9
-18
1
1
2
1
-2
-12
-17
0
4
7
19
4
-2
-1
0
-3
-6
5
0
0
5
1
-2
-9
-5
3
-3
-4
5
6
-2
9
3
-8
0
-15
-23
-11
-2
5
9
10
4
5
10
5
4
7
4
-10
-12
-3
3
-1
-13
-20
-10
9
14
-2
-11
-2
3
5
16
5
-9
-13
-19
-16
8
20
1
6
3
-3
4
3
3
0
5
-4
-17
-5
-8
-2
6
0
-1
-3
2
0
1
10
13
22
20
0
-12
-21
-28
-21
-11
5
21
21
4
-2
-1
-7
-1
9
8
9
9
-5
-20
-11
0
0
16
20
11
8
-5
-9
-12
-6
1
-5
-11
-20
-16
-5
-12
-9
-2
4
15
14
9
-1
-10
-3
2
9
21
16
8
2
-2
-13
-14
-6
-2
14
17
16
3
-15
-9
-2
-1
0
-1
0
-2
-11
-6
-5
-6
6
-3
-3
0
4
11
6
1
-3
-11
-5
-1
0
3
7
12
12
7
12
4
-11
-4
-3
-8
2
4
-11
-23
-12
-7
-5
10
9
12
17
20
15
5
3
-10
-8
-2
-12
-10
-12
-6
8
24
10
-13
-5
-8
-2
13
7
6
3
-1
-6
-7
-4
-4
15
20
6
2
-9
-12
0
1
-7
-2
-3
-8
1
3
2
-9
-10
-5
0
5
-14
-5
11
11
12
-2
-6
7
18
9
-3
5
-4
-8
3
5
0
5
3
-12
-10
0
1
-2
-2
0
-4
1
2
1
2
-3
7
4
-9
-6
-5
-6
-1
-3
-9
-17
-6
-1
-10
-2
-2
2
-1
-6
-4
5
5
-2
-8
0
17
12
9
6
-4
-7
-13
-4
13
7
-3
-3
-9
-9
-4
2
6
11
16
10
9
2
-6
6
-8
-6
8
3
9
3
-1
-10
0
19
1
2
4
-3
-3
-6
-1
2
9
7
-9
-9
-13
0
7
-4
12
13
10
2
-2
4
4
17
-19
-33
-14
22
22
-23
-25
-8
9
10
2
-14
3
20
-11
-12
-19
8
29
10
-12
-15
-7
-43
-12
21
-2
16
10
-16
-1
-5
11
6
-2
15
-19
-5
-17
-19
15
-11
14
16
-14
6
41
-14
-19
32
-16
8
19
-25
-17
18
-10
-49
-6
-24
-3
68
30
3
33
9
-17
-11
-25
-22
26
29
-19
-3
1
-20
33
28
-6
10
17
11
-8
-10
0
4
4
-7
-24
-29
-8
4
2
2
29
35
27
12
-16
-32
1
10
-7
-11
-8
-10
-9
-14
-21
-7
12
22
17
23
42
20
-3
-21
-36
-25
10
15
-18
0
-21
-9
23
4
26
15
9
8
-16
4
3
1
3
-7
-5
-26
-30
7
-6
3
45
27
27
22
-3
-34
-19
-4
-45
-14
2
-9
0
1
17
2
8
19
10
-12
-23
9
-6
-11
19
16
-14
-12
-5
-48
-9
32
31
24
10
8
-12
-13
-17
-14
-10
-22
17
-9
-17
33
-16
-27
5
15
6
2
24
-3
10
50
-14
-14
6
3
10
-19
-14
-9
-8
2
2
14
-19
15
17
-32
13
26
-15
-33
5
8
-9
15
3
-9
5
10
7
3
11
33
4
-26
-4
-16
-31
-8
11
-11
-22
21
-1
-16
35
0
-26
2
16
-16
-32
-8
-3
-2
-4
1
-2
4
14
0
-5
-11
14
14
-19
17
26
-25
3
-9
-39
14
27
24
20
4
-5
9
11
0
3
-10
7
21
7
-9
-13
-1
-2
-14
-24
5
4
23
40
-6
3
-4
4
2
-20
9
14
6
-15
-16
0
-4
-8
-16
20
15
-8
8
-13
-9
14
-3
2
2
-2
6
0
14
16
-19
6
11
-35
1
35
0
-21
18
14
-13
20
-2
-3
15
-20
-30
-19
2
1
12
11
-9
-20
0
11
3
20
8
6
-15
-29
-10
-11
-11
-16
18
-11
-3
37
-9
23
3
-16
29
-6
0
-8
-11
15
-23
8
-15
-16
29
-9
11
1
-10
8
14
12
-15
11
11
-3
-3
-28
-9
10
10
14
2
-8
3
14
-5
-8
-14
-15
-1
-15
-9
-2
-5
9
21
12
-11
-5
-2
-31
-6
-4
-4
24
10
3
8
-3
-22
3
13
-11
11
4
-13
5
-6
-31
-16
-4
-12
5
11
-6
4
-7
-18
19
11
4
25
-11
-46
-12
12
-5
30
33
-8
7
-5
-13
1
17
22
-15
-11
-8
-20
-8
10
18
1
-3
-7
-30
-1
14
5
-9
-4
12
-2
3
-9
-24
6
22
28
29
16
8
-1
-22
-25
3
8
15
16
-9
-8
-3
6
8
-3
35
11
-21
0
-16
3
2
0
14
-2
13
-8
-19
-4
-18
6
-8
-19
-13
0
31
2
12
17
-6
30
21
8
30
17
-7
-28
-18
-7
3
6
-30
-16
23
18
15
8
-14
-11
5
-12
0
13
9
7
2
-13
-26
-5
2
-10
0
-30
-6
39
12
25
15
-18
-9
1
-5
-21
0
3
-10
-1
-27
-6
21
2
8
6
-6
11
8
-9
-16
-8
-12
-10
-3
-8
-7
3
-2
-2
23
10
1
6
-18
-4
11
4
8
7
15
-7
-11
-1
-9
4
16
19
14
-12
-17
-10
-18
-6
13
5
-6
-6
-2
-7
6
12
-8
10
3
-3
21
11
10
-1
-21
-7
-1
-5
-6
-9
4
-5
-1
4
-5
35
20
0
1
-26
-12
1
-2
-4
9
12
-8
4
-3
-12
-8
-10
-8
-4
11
2
-6
-15
-18
-8
0
14
5
19
13
-17
-5
-27
3
24
5
22
-2
2
12
-7
-3
-17
7
6
-6
6
-35
-25
6
-10
21
47
36
22
-8
-14
-27
-18
0
1
10
3
7
-3
-4
0
0
20
-3
0
3
-15
3
-2
-2
-1
-8
-2
-1
8
0
17
18
-16
1
-5
-17
2
16
7
1
25
3
-3
11
-19
-18
-4
-3
1
11
11
8
13
6
1
-1
-15
-19
-9
3
12
15
7
-6
-8
-1
-7
8
15
-4
-8
-17
-7
5
4
-6
-9
13
10
-4
-15
-17
-7
-6
-2
-3
7
14
1
-9
-12
10
39
21
7
6
4
4
-2
-8
-9
7
8
0
3
-3
-4
7
1
-7
-2
5
0
-4
-8
-5
6
2
-2
-6
-7
1
1
13
15
13
3
-17
-12
-14
-8
-1
-1
3
-12
-2
0
-7
14
3
-4
13
12
7
-4
-9
-19
-6
8
-11
-3
-4
-10
4
-8
0
6
2
8
9
12
-3
-16
-13
-13
-10
-2
8
16
8
3
4
-2
-3
-7
-15
-20
-8
2
0
-1
-8
-8
4
6
12
7
1
15
3
-5
1
-5
-2
-5
4
1
-11
-10
-2
1
-6
6
12
0
5
-12
-24
-12
-6
7
-2
0
4
2
15
7
11
15
10
11
-8
-7
4
4
5
0
-5
-10
4
7
-8
0
4
0
1
-2
-5
-3
7
17
6
-4
-4
-5
2
-3
-14
-16
-12
-2
-1
8
15
19
24
-1
-9
-6
-9
-12
-11
-13
-8
11
8
10
7
3
4
-4
1
-5
-1
-3
-6
-2
-11
-4
15
6
-4
8
21
18
13
-2
-17
-16
-12
-5
-1
1
-4
-9
-6
-4
0
10
18
13
6
-3
-11
-7
-7
-4
-13
-13
-7
1
4
7
12
-1
3
3
2
13
2
-14
-18
-19
-14
-5
13
20
14
10
8
13
8
-1
2
3
7
5
6
-2
-12
-6
-14
-10
-9
-14
-4
-3
-10
-9
3
1
-1
-3
-15
-10
9
14
8
-3
-11
-10
7
20
22
25
18
3
-10
-3
2
2
-2
-9
1
-3
-7
-2
4
18
19
10
9
3
-1
-7
-12
-12
-15
-2
-2
-12
0
9
7
1
1
-6
-6
2
-4
-4
5
-1
-9
-2
2
-5
-13
-14
-10
-7
0
5
2
-2
-3
-1
-5
-1
5
7
2
-3
4
1
-8
-8
-2
6
-1
-2
0
4
3
-3
0
-7
-7
4
-3
-4
3
3
-1
4
5
-5
5
14
13
5
4
8
5
1
3
0
4
10
3
-2
-2
0
-6
-14
-4
2
8
6
-1
-3
-6
-1
-10
-7
2
3
3
7
15
12
12
11
11
8
-3
4
-3
-20
-14
-17
-9
-3
1
2
-9
-2
13
17
14
8
16
13
4
-8
-26
-18
-10
-5
-2
-5
3
7
6
-1
-4
4
-2
-11
-8
-15
-13
2
-7
-13
-2
11
9
8
16
9
11
5
-12
-8
-2
-3
-5
-8
-2
5
14
9
1
6
6
8
5
1
-5
-15
-16
-9
-12
-15
-4
-1
1
14
13
3
-1
-1
0
3
2
-6
-3
4
7
11
7
7
18
14
1
-11
-18
-14
-2
9
3
-3
-2
-8
4
12
5
4
-2
4
6
-3
-18
-16
-5
-4
1
1
0
1
13
14
5
10
6
-3
1
-7
-18
-5
7
12
8
1
7
16
15
9
7
-2
-11
0
2
-3
0
-5
-15
-3
8
9
10
6
-2
-12
-18
-13
-4
-4
-1
-10
-4
4
6
7
6
8
-1
-1
-7
-16
-9
-4
-1
1
0
-2
1
2
-2
2
1
5
6
-2
-6
-7
-6
-10
3
-2
-7
-2
-7
7
14
21
13
-9
-8
-7
2
1
-12
-6
1
3
6
3
4
5
5
2
-9
-8
-1
-11
-6
-4
-24
-23
-15
-10
-10
-3
6
11
10
-1
0
-6
-10
-2
-2
-4
-4
-2
4
17
19
17
12
5
16
4
0
8
4
7
-12
-12
4
4
2
-7
-4
-3
-4
4
0
-6
-7
3
19
8
5
10
-2
1
7
5
-3
-3
12
10
1
-2
-6
3
6
11
6
-6
0
1
-3
-14
-8
0
-5
0
-11
-20
-12
10
18
-2
-6
-10
-13
-7
-3
10
3
-4
0
5
6
5
12
9
3
18
22
11
9
-1
-8
-8
0
-3
-4
-4
-13
-2
2
3
6
-1
-3
-2
2
-3
-4
5
-13
-18
-10
-13
0
10
7
5
17
16
-5
-10
-7
2
11
12
-4
-12
-3
-3
-6
-8
-18
-14
-7
-2
4
3
-8
-16
-11
0
6
5
-4
-11
3
16
17
10
4
-2
3
13
2
4
6
-4
4
9
13
8
-15
-21
-4
15
22
10
-4
-3
0
-1
-5
-8
-1
11
7
0
4
9
10
-1
-9
-9
0
6
-3
-8
3
13
12
5
-3
-6
-5
6
3
-4
-5
-4
1
-9
-8
-1
-1
-4
-4
8
13
20
27
15
3
-3
1
-1
5
8
-11
-22
-14
-3
4
7
3
-4
-5
0
3
-2
-1
-12
-17
-17
-6
16
6
-7
-6
8
9
7
6
-5
-2
5
3
-12
-10
-7
-9
-6
-2
-1
-7
-1
4
9
20
16
8
5
-1
-2
0
-9
-10
-9
1
10
2
-6
-8
2
5
2
1
-1
-4
-9
-8
-5
-4
-4
-3
-5
-12
-7
-1
9
20
12
-8
-9
-9
-15
-4
9
3
1
-7
-19
-15
-9
3
15
14
2
4
17
14
11
9
6
5
-1
-10
-6
1
-1
2
4
5
2
-4
-10
-6
6
7
5
-4
-8
-1
4
1
0
0
-3
2
2
-14
-13
-1
10
13
4
-3
-2
5
-1
-3
3
1
0
4
4
4
0
-12
-18
-12
-2
3
6
1
-18
-14
3
13
13
3
-3
0
0
-3
5
6
-3
1
13
7
0
-8
-8
6
2
0
3
-2
-4
-2
-8
-4
4
8
6
6
12
8
0
9
15
3
0
-8
-18
-13
4
14
12
1
-10
-10
1
11
4
-5
-10
-15
-4
3
9
5
-7
-14
-11
0
9
15
4
-2
-3
-8
-8
-15
-16
-8
-11
-7
-1
0
5
7
-1
-5
1
8
2
-3
2
0
5
17
10
9
8
-9
-11
-8
-2
3
9
11
1
1
-6
-2
5
-1
5
4
-3
-6
2
14
13
10
-1
-8
2
8
11
-1
-11
-9
-10
-12
-15
-6
-6
-6
5
14
9
0
-5
-7
3
3
-4
-9
-14
-4
5
5
1
-7
-15
-8
1
-1
3
-1
-5
-6
-15
-5
0
9
22
20
8
-8
3
-1
-9
-7
-12
-13
-16
-6
4
-6
-4
6
12
16
13
3
0
3
-1
-12
-12
-5
4
12
14
19
14
8
9
-1
1
5
4
0
-3
4
-1
1
1
-8
3
12
14
4
3
-2
-18
-10
-10
-14
3
7
10
0
-10
-11
-19
-6
-3
4
10
-3
9
5
7
13
-2
-3
-10
4
17
4
15
-12
-8
11
-1
15
-3
-4
0
-9
4
-7
4
-4
-17
-1
-16
0
1
-9
6
6
20
11
-4
1
-7
10
1
17
26
3
-8
-45
-34
-6
10
34
20
8
-8
-18
-12
-24
-4
23
18
18
-1
-13
-15
-16
0
-3
10
16
5
-7
-17
8
1
-8
5
0
21
16
11
-7
-22
8
-1
-2
4
-13
-27
-15
12
19
21
17
1
5
10
1
9
5
-1
-8
-12
-9
-20
-3
4
3
4
-12
-5
4
3
9
3
6
2
-2
-5
-15
0
5
7
6
-6
5
-2
4
4
-16
-11
-10
-8
-9
0
21
16
7
-8
-10
0
-6
8
6
-16
-4
-3
-18
-15
-16
-15
-10
3
-3
-10
12
4
0
7
5
11
12
15
2
-3
-5
-16
0
13
3
-8
-16
-15
-2
13
20
19
7
-14
-14
-12
-4
7
9
5
1
-10
-13
-9
9
29
18
1
-13
-10
3
0
-8
-21
-17
-8
4
3
9
28
17
5
2
-4
-6
2
-1
8
14
-1
-6
-10
0
9
1
3
3
-2
-3
3
-2
-5
6
1
-12
-15
-8
7
12
3
-11
-24
-12
7
10
11
6
7
4
-8
-12
-20
-15
0
-2
-2
-26
-23
-8
-5
22
27
27
14
3
-8
-23
-8
10
18
10
2
14
1
-10
-7
-9
8
14
11
3
-13
-6
-19
-12
4
9
15
8
0
-10
3
16
8
2
-14
-24
-30
-16
-4
1
19
24
24
13
-1
-6
-6
2
20
23
14
8
-16
-26
-17
-9
1
3
7
-3
-15
-21
-17
-4
13
26
22
21
8
-9
-13
-15
-5
3
17
9
-6
-12
-25
-14
14
32
31
18
1
-9
-15
-29
-9
14
9
7
2
-10
-16
-9
-5
1
13
18
6
-3
-6
-18
-16
-2
7
20
24
13
-9
-11
5
11
23
16
9
6
-19
-21
-29
-23
9
21
19
7
12
3
-16
-4
6
14
23
15
2
-12
-26
-38
-45
-22
11
24
14
12
15
3
-1
9
8
3
2
-3
-11
-12
-9
-21
-18
-2
13
17
10
-1
-6
5
14
8
-9
-8
-8
-15
-6
-8
-9
-8
14
29
22
22
16
7
-8
-22
-30
-29
-9
-5
-14
-14
-9
5
11
6
-2
-12
-2
5
6
1
-17
-16
-5
-11
0
16
21
14
13
19
0
5
9
3
7
0
3
2
1
-2
-10
-3
1
11
8
-11
-10
1
8
7
8
17
19
10
-4
-14
-6
1
7
11
3
8
-3
-15
-18
-11
16
15
14
18
6
-5
-7
-12
-7
8
1
-8
-11
-4
-5
-10
5
1
0
2
3
-1
0
5
-10
-5
5
1
5
2
0
-10
-13
-7
-9
0
6
12
14
10
9
-2
-9
-9
-11
5
-5
-15
-5
2
-1
-9
-2
1
12
13
-5
-3
-4
-9
-3
-3
-1
-9
-21
-14
-3
2
10
10
1
2
6
5
0
2
10
2
-3
0
-11
-4
10
8
0
0
10
4
1
-8
-11
-13
-10
-2
-12
0
5
6
13
5
6
0
0
5
-1
-1
-1
4
8
2
-3
-9
-14
-8
-6
-7
8
5
-5
-16
-10
2
15
31
8
0
4
-9
-9
-5
-7
-16
-13
0
3
9
10
-1
-1
6
6
10
10
2
5
-8
-28
-24
-12
-1
10
26
13
4
7
-7
-14
-21
-16
-12
0
17
7
8
4
2
18
19
17
16
9
-6
-20
-15
3
-1
3
3
-6
5
-5
4
3
-6
-1
-8
1
1
3
1
-7
4
2
5
11
6
-1
-1
9
7
2
0
-12
-24
-17
-1
7
10
8
12
8
-1
-8
-5
-2
-1
2
7
12
-1
-9
-4
12
16
7
3
-2
-12
-16
-10
-9
6
16
12
-2
-17
-17
-7
3
-1
0
8
1
-10
-11
-7
1
4
1
4
6
7
0
-10
-10
-4
8
11
10
-9
-22
1
7
8
1
-2
6
6
-1
-3
3
-3
-3
3
1
-2
-4
-6
-5
-2
-4
2
8
2
-4
-5
-9
-7
1
16
22
13
-4
-14
-3
7
-3
-9
-5
-12
-8
2
3
6
10
7
-4
-12
-7
-4
7
7
6
3
-4
-6
-15
-12
6
19
17
8
8
2
-4
-4
-3
-5
2
2
-10
-16
-12
-9
-13
-3
6
2
7
14
7
0
-4
3
8
10
-2
-8
-5
-1
5
2
5
9
5
-1
-4
0
3
8
8
-2
-4
-2
-5
-9
-6
-3
4
5
4
-4
0
9
8
6
-1
-3
-11
-11
-4
-3
7
17
16
7
-2
-3
0
4
11
9
-2
-9
-11
-9
-12
-4
10
10
1
-2
-9
-6
0
-1
-2
-1
6
-5
-3
9
-7
3
9
3
6
-2
-8
-16
-13
-7
-3
6
1
-5
-3
5
12
14
11
7
6
-6
-9
-6
-5
-7
-3
2
-1
1
1
-5
-8
-8
-5
-1
-1
-5
-7
-7
-1
0
1
10
16
8
1
-3
-1
-4
-9
-8
-4
0
-1
-4
-11
-3
12
11
5
0
-3
-8
-11
-7
-4
5
13
7
4
6
5
9
9
5
2
-3
-1
-5
-11
-7
1
4
7
1
-9
-9
1
6
8
8
9
8
3
-4
-11
-6
5
0
-13
-5
2
-4
1
1
-1
7
4
1
-5
0
5
-3
5
4
1
13
5
3
-8
-8
-3
-10
1
-1
-4
-4
-10
-2
7
1
-3
-7
3
11
5
1
1
5
0
-4
-5
-9
-8
-3
3
0
3
5
-3
0
5
2
-4
0
-2
-2
-4
-10
4
4
3
1
1
6
10
14
7
-1
-3
-6
-11
-2
2
-1
-1
-4
1
2
6
12
-2
1
2
4
3
0
5
2
8
3
-5
-3
-3
0
1
-1
0
-3
-5
-5
-9
-5
-1
-2
0
3
5
7
7
11
7
4
6
-7
-18
-12
-6
-2
-4
-14
-5
18
23
17
8
1
9
7
2
3
-5
-4
-6
-10
-12
-10
1
4
16
19
9
3
-5
-10
-9
-7
-9
-21
-11
2
5
2
1
1
5
11
15
7
4
2
-7
-8
-15
-9
5
9
10
1
-1
-3
-2
4
0
2
5
-7
-3
-3
-3
1
-10
-4
2
10
13
4
3
2
3
-6
-13
-2
-1
-1
-2
0
4
7
4
-11
-15
-2
-3
0
6
1
-3
-3
-5
-7
-5
2
3
-7
-6
-5
-5
1
1
12
5
2
0
-9
-6
-6
-5
-2
-12
-16
-20
-14
10
22
17
8
8
7
4
6
2
-2
1
7
6
-2
-3
0
3
9
0
-9
-5
-1
6
4
5
0
-1
2
-1
-2
-3
-8
-2
1
8
8
10
15
-4
-12
-3
0
3
3
5
5
6
2
-8
-8
-6
0
16
12
9
9
-1
-2
-1
-1
-2
-2
-8
-10
-6
-5
-1
-1
5
7
-2
-1
0
-1
-2
5
5
-5
-9
-12
-12
-7
9
8
5
8
3
-2
-4
-3
-7
-5
2
0
-6
-4
-1
-3
-2
0
5
0
3
6
-3
-6
-1
0
-5
5
8
1
5
8
-1
-4
0
-2
-7
-4
2
-5
-3
-1
-7
-4
6
18
19
6
11
9
1
-3
2
4
4
8
4
-4
-5
-7
-12
-11
-3
-2
-1
-2
-10
-18
-21
-15
-11
-11
-4
2
-5
-4
-3
-7
-3
6
5
1
-4
-7
-9
-5
1
1
1
2
5
14
15
13
14
18
22
12
12
13
16
19
10
2
-7
-11
-5
-8
-4
6
6
7
-3
-7
-2
-4
6
2
-4
5
-2
-5
-3
3
5
-1
2
-9
-1
6
-9
-7
-3
2
2
-1
-1
-2
-4
-2
1
0
-3
-1
0
-5
1
5
-4
-4
3
9
2
-2
-9
-15
1
6
10
6
1
8
-2
-8
-11
-11
-6
-3
-2
-8
0
9
10
8
5
6
1
1
7
3
-1
0
-10
-10
4
5
1
-2
2
7
-1
1
-7
-10
-1
-3
1
-1
2
6
5
4
0
-2
-2
-8
0
4
6
4
-6
1
-3
-5
-5
-2
1
-4
-5
-4
-3
0
0
2
4
4
-3
-14
-14
-2
-3
4
3
-1
3
7
10
2
4
5
3
2
-4
-7
-6
-8
-8
-5
4
11
5
5
5
3
11
3
-3
-3
0
0
-9
3
3
0
3
-8
-8
-2
-1
-2
-1
5
5
5
2
-4
-3
1
3
2
6
6
-2
-2
-6
-5
4
4
0
-1
0
-6
-4
-4
-6
-6
-6
-4
-1
0
3
9
4
2
7
2
-1
4
-3
-9
-7
-18
-27
-12
11
8
10
12
4
7
5
-2
-5
1
0
-5
-2
-1
2
2
-8
-6
4
5
4
-6
-17
-15
-7
5
9
10
10
5
1
-4
-5
2
2
-2
-3
-2
2
4
6
4
2
2
4
3
-2
4
6
1
1
-4
-3
-1
2
-6
-18
-16
-17
-13
-10
-9
-10
-5
7
10
19
22
13
8
5
0
-6
-14
-11
-8
0
4
0
2
-1
2
1
-4
-1
-1
-3
2
3
1
2
-1
2
8
12
3
3
-3
-1
3
2
4
-4
-3
4
5
5
1
3
7
4
-2
4
2
5
5
-3
1
0
4
-3
-1
9
-1
3
-2
-1
7
5
1
-3
2
-2
5
4
-5
-6
-10
-1
0
-7
-3
-3
-3
3
7
3
-2
3
3
3
0
-6
-2
-5
7
6
-1
5
-6
-2
-2
-1
6
1
-3
-2
2
8
11
2
4
4
2
-2
-6
-6
-3
2
-4
-7
-2
0
5
7
4
-8
-7
-5
-4
-5
-3
3
0
6
4
1
2
-5
-7
-7
-2
7
11
10
-1
-12
-9
-9
-10
-5
-2
6
7
0
1
4
5
2
0
2
2
6
6
-5
-5
-6
-2
7
8
4
-3
-2
-10
-9
2
6
7
8
5
-3
-3
-3
-1
13
8
3
-6
-12
-4
2
15
11
13
15
8
4
1
-3
-6
-8
-9
-7
-3
-5
-8
-6
-5
0
-1
-1
2
6
13
8
4
5
4
4
3
-5
-9
-13
-7
0
7
4
2
2
0
5
0
-4
0
0
1
0
-1
-3
6
9
5
1
-6
-6
-11
-8
-5
2
1
-13
-13
-4
-1
6
7
2
4
2
2
4
4
4
-3
-6
-6
-1
8
9
7
3
1
2
0
4
-1
0
5
4
13
8
0
-4
-13
-10
-4
-7
-8
-10
-14
-9
-4
11
12
14
11
-1
3
6
4
2
-6
-17
-15
-7
-10
-3
3
-5
-3
1
-5
-5
-3
-1
-1
-8
-3
5
1
2
3
2
-1
-3
2
-1
-3
1
-7
-2
2
-2
-6
0
6
1
8
2
-5
-5
-8
6
14
12
11
1
4
6
7
7
-9
-9
-16
-17
-8
-3
-1
-3
2
2
-5
-1
-1
-6
1
-3
-4
-9
-10
-1
-2
0
3
-2
-2
0
4
4
-1
2
6
6
8
2
-3
-1
0
-9
-6
-1
3
7
11
8
-1
4
6
10
12
10
9
9
14
4
2
-8
-7
1
-8
2
0
4
4
2
0
-7
0
2
-3
-6
-1
-1
1
7
5
-1
0
-4
-7
1
-3
-1
-1
-14
-10
-6
-14
-7
-4
-8
-4
1
4
6
5
-7
-5
-5
-11
-6
-5
-4
-2
11
6
-6
0
-6
-5
-1
6
9
4
2
-2
-6
-2
5
-5
-2
2
-6
-1
1
9
6
6
6
2
4
-1
0
3
5
6
2
-3
-9
-5
-8
-8
5
12
11
1
2
2
2
6
5
3
3
9
-6
-11
3
0
-3
2
4
3
2
2
-2
4
4
-5
-6
-10
-4
5
6
5
-1
0
-3
4
7
1
2
0
-8
-7
3
7
-1
-2
-5
-8
-4
-1
6
8
5
1
-8
-7
-2
-4
1
1
9
5
2
-1
-2
4
2
8
5
-5
1
-3
5
8
-1
-3
-6
-14
-12
-4
-5
4
2
-1
2
4
9
9
4
0
-4
0
-4
0
0
-3
0
-2
3
2
4
1
-1
3
-2
1
-8
-8
-3
-11
-5
-4
-6
-8
-6
1
-3
4
3
3
0
-3
3
-3
3
3
-3
0
2
0
-3
-4
-2
-1
6
6
8
11
4
3
1
-2
0
6
2
-6
1
1
-1
-6
-11
2
6
3
10
7
-1
2
1
4
6
5
-2
-7
-3
1
0
1
0
-3
-6
-1
-4
-6
-1
-3
-7
0
4
-1
3
4
-2
-3
-2
-7
4
12
6
8
0
-6
-8
-11
-9
-6
3
2
1
-4
-9
-7
-7
-2
7
10
2
2
10
9
10
13
2
-4
-5
-7
-5
-2
2
-4
-6
-1
-6
-1
3
-1
2
1
2
2
-2
-3
-4
2
3
4
5
2
8
12
16
14
5
5
-5
-4
-3
-1
0
-2
-3
-10
-2
-2
-6
4
1
3
1
-6
-2
-4
-2
-5
-7
-2
-4
3
2
2
-2
-10
-8
-6
-1
1
-1
0
-3
-3
-5
-2
2
-4
0
-2
-5
4
3
3
8
6
3
-1
1
-3
-7
3
3
9
7
2
9
3
1
-6
-11
-7
-5
1
-1
-7
0
1
-3
-4
-2
-2
5
9
2
3
-5
-10
-3
0
6
9
13
13
13
11
7
6
0
-4
-10
-5
-3
1
6
-1
1
3
1
-2
-13
-16
-11
