9
0
-4
-6
-5
-4
2
6
2
2
-4
-3
4
5
5
1
-3
-2
-2
0
1
6
9
0
-6
-10
-7
-3
-9
-13
-18
-20
-19
-15
-9
-8
-9
-6
-1
0
2
-2
-4
-2
-1
0
4
8
15
16
10
6
6
5
8
15
15
9
4
-2
0
3
-1
-1
-1
-3
-6
-8
-2
4
2
0
-4
-2
6
5
3
1
1
-1
2
2
1
7
6
7
4
-5
-3
3
6
-2
-8
-7
-3
-1
-3
-6
-9
-7
-6
-4
-1
1
2
4
1
-3
-2
6
5
-2
-9
-13
-15
-17
-13
-8
-8
-10
-12
-17
-15
-4
3
7
8
6
7
6
3
6
5
3
8
6
2
0
-6
-4
0
-1
-5
-6
-7
-12
-11
-11
-8
-1
-2
-3
-2
1
3
4
3
-1
-1
-1
-4
-1
2
2
4
2
-5
-10
-12
-10
-14
-12
-10
-5
-7
-8
-2
-1
2
-1
-2
0
1
4
4
10
9
8
3
-5
1
6
5
9
6
2
4
4
-1
-4
-7
-5
-1
4
10
12
12
14
9
13
22
22
19
13
4
6
16
19
24
16
6
5
-1
-4
-3
-1
-1
-3
-5
-5
-1
2
-3
1
5
9
15
13
9
9
11
7
6
0
-2
-2
-5
-1
-1
-3
-1
-3
-2
0
1
-2
-4
-4
-7
-8
0
8
3
-2
-3
-2
-4
-4
-1
3
4
1
6
8
8
5
0
-2
-6
-4
-2
2
1
1
2
-1
-6
-7
-4
-2
-3
-1
-6
-10
-10
-10
-8
-8
-8
-8
-9
-8
-7
-6
-2
-2
-4
-9
-12
-10
-6
-2
-3
-7
-4
2
10
14
12
9
4
-1
-1
1
-2
-2
-5
-4
-3
-3
0
0
3
6
2
0
7
12
10
6
5
3
7
6
4
1
-4
-6
-6
-6
-6
-9
-12
-6
-2
1
2
-4
-8
-3
6
9
9
9
2
1
0
4
11
11
10
5
5
0
-3
-5
-7
-8
-8
-9
-16
-14
-10
-13
-16
-12
-9
-7
-6
-8
-4
-4
-5
-3
0
-3
-2
-4
-8
-3
1
-2
-2
1
5
8
-1
-6
-9
-4
-4
-5
-8
-11
-11
-7
1
7
9
12
14
16
15
12
6
9
8
7
7
5
1
-3
-2
-2
-3
-9
-9
-4
-3
-5
-7
-8
-6
-9
-4
-1
1
4
6
7
4
5
4
6
11
18
17
13
7
4
4
2
4
1
-3
-3
1
4
2
5
4
1
-2
-3
1
-2
-3
5
8
11
11
5
3
-3
-6
-3
-1
-1
-1
0
-1
-4
-6
-6
-6
-6
-3
6
7
-2
-2
5
8
6
2
-6
3
14
14
9
3
-2
1
5
3
-8
-10
-7
-4
-6
-12
-14
-11
-8
1
7
4
2
2
11
17
10
4
2
0
0
-1
-8
-15
-8
3
4
1
-7
-7
-2
3
10
5
0
-9
-9
-4
2
5
1
1
4
6
11
9
1
2
4
6
1
-6
-8
0
10
6
-1
-8
-6
-3
-4
-2
-7
-8
-4
0
7
6
-3
-10
-9
4
9
4
-9
-27
-22
-9
-4
-1
-4
-15
-7
12
15
13
7
-1
-3
15
17
-2
-13
-22
-12
-3
-2
-8
-17
-14
6
18
3
-9
-2
16
15
19
4
-31
-10
16
14
6
-8
-9
2
15
14
0
-9
-3
11
7
-6
-10
-4
1
12
17
-1
-13
-10
-1
13
12
-8
-19
-13
-1
4
-3
-15
-11
7
14
6
-8
-14
-11
0
4
0
-14
-20
-10
-5
-5
-1
-3
-8
2
18
20
3
-13
-11
5
23
21
-5
-24
-6
7
20
19
8
4
-1
12
19
5
-15
-25
-15
3
11
2
-21
-22
-2
5
6
0
-8
-8
12
18
11
10
8
14
22
23
18
6
4
10
15
16
3
-12
-13
-6
7
5
-4
-1
3
7
7
7
1
-9
-4
1
-3
-2
-10
-7
-5
3
17
10
9
6
1
0
2
4
-3
-4
-7
-14
-11
-8
-4
3
6
-3
-8
-11
-10
4
11
0
-5
0
2
12
16
13
-2
-6
1
1
3
-1
-7
-7
-1
4
2
1
-5
-9
-3
6
7
-2
-4
2
6
11
18
11
5
3
4
9
14
22
7
-6
-3
-6
-6
-6
-9
-11
-5
4
9
3
1
0
-2
-6
-7
-4
-11
-5
-3
-3
10
12
-2
-10
1
2
-2
6
2
-7
-14
-6
-7
-9
-1
-2
-7
-11
-6
-2
-3
11
12
7
10
-1
-5
-7
8
18
12
11
6
4
-2
-4
-6
-12
-8
-3
-12
-11
-4
-10
-10
-8
-12
-13
-8
-1
-1
-1
-2
-6
2
13
15
5
3
3
8
9
-3
-9
-14
-13
3
-1
-5
-6
-9
-9
-7
-3
-4
-5
-6
-7
0
7
7
11
3
2
6
3
-4
-1
9
5
5
-2
-15
-8
-5
-6
-4
2
8
7
3
-1
1
5
4
1
-11
-11
-8
-11
-5
-2
-2
6
-1
3
8
7
5
3
7
7
7
3
-9
-6
-1
-1
-1
1
2
4
6
2
-7
-9
-9
-2
1
-6
-1
-8
-8
1
2
-2
-8
0
1
-1
1
-6
4
14
10
5
-7
-8
-11
-14
0
7
0
-9
-8
-2
-3
-4
-8
-12
-1
5
5
6
2
3
6
11
8
1
0
2
5
-1
-7
-5
-7
-7
5
14
13
12
4
-4
-1
-1
1
4
2
12
11
8
2
3
9
12
17
10
8
0
-1
-4
0
13
14
8
-4
-6
-7
-14
-11
-8
-5
-1
-4
-10
-18
-12
-1
-6
-3
0
2
3
-3
-3
-7
-13
-4
-5
-6
9
6
0
-5
-10
-8
-6
-6
3
14
17
12
8
3
6
3
-4
-6
-4
-6
1
3
-7
-6
-14
-5
10
9
5
-5
3
7
-1
10
7
-13
-6
-2
5
19
20
6
-6
-7
-8
-3
5
-2
-15
-12
-2
5
11
9
-2
-6
-2
-2
-2
-1
-7
-1
4
-1
-1
-3
-2
-1
-3
-3
2
-9
-12
-9
3
11
2
5
0
-6
-2
7
15
12
11
6
3
15
14
5
-5
-11
-4
0
6
7
-3
-10
-8
-4
-3
-7
-4
-9
-6
3
7
4
0
2
-1
-6
0
0
4
8
11
4
-7
4
0
4
3
-4
-5
-15
-10
-13
-15
-2
-10
-7
4
1
7
10
13
24
21
18
11
2
7
6
-3
-5
-9
-2
5
4
8
9
-2
2
19
19
21
5
-3
-4
-3
5
-2
-2
0
-4
-2
-6
-7
-4
-3
0
5
1
-7
-12
-12
-3
0
1
-3
2
11
9
4
0
1
-8
-5
1
-6
-10
-8
-8
-3
0
-1
1
-5
2
3
-9
-3
5
-1
-2
-1
4
1
6
10
0
2
4
-4
-19
-9
-1
0
2
-4
-3
1
-2
-8
-16
-11
-3
-1
0
-5
-8
-3
1
11
12
0
-9
-7
0
2
2
-4
-9
3
8
-3
-8
-6
-4
-1
0
1
-1
-9
-12
-10
-6
6
26
33
26
17
5
0
-3
5
10
7
2
4
-4
-12
-2
1
0
-9
-13
-16
-15
-8
-4
-3
1
2
-1
-6
3
19
6
6
11
7
2
-5
-10
-16
-15
-11
-7
-16
-11
-9
-13
-1
-9
-8
-7
-11
-3
-8
4
15
10
10
10
14
11
8
7
1
-10
-7
3
5
11
-1
-7
-6
-3
3
1
11
3
-1
1
-2
12
4
3
7
2
5
6
0
-2
7
0
-1
2
4
3
-7
-10
-9
-1
2
-2
8
10
7
7
-6
-6
1
1
-1
3
5
1
-4
-4
-6
-17
-13
-10
-5
11
8
10
2
-12
-8
-9
5
14
5
-5
-4
-1
3
13
9
0
0
0
-3
-5
-6
-2
2
2
1
-4
3
3
1
-7
-10
-12
-7
-1
4
7
-3
-5
0
4
14
16
10
1
-1
5
-1
-6
3
-2
-6
10
9
5
8
-8
-11
-8
-12
2
0
0
9
9
5
3
4
4
-5
-8
-1
-7
1
8
3
11
11
3
5
10
19
14
5
-4
-4
5
-2
-8
-4
7
4
10
10
1
4
-5
-8
-4
-2
-4
-15
-10
2
6
17
-1
-12
-6
-9
2
-1
-11
-1
3
2
4
1
7
5
2
7
4
7
-2
-7
11
9
7
12
2
1
4
-8
-12
-10
4
16
13
4
-3
-7
-8
-11
-8
-5
-5
-3
-12
-5
2
-13
-8
-3
-1
3
-9
-15
-2
-5
-5
1
-5
7
10
6
10
8
10
6
4
6
8
19
1
-4
9
-2
14
10
-3
19
8
5
7
2
15
3
-4
-6
-5
3
-3
-5
-1
-7
-5
0
-1
-2
-5
-18
-16
-6
-2
-2
-18
-18
-17
-8
10
1
2
-5
-19
-4
-11
-17
-15
-20
-21
-16
-6
1
8
12
12
14
18
8
3
-6
-11
0
-6
-4
7
9
12
12
11
12
-1
3
1
-3
7
-12
-10
6
-8
-2
12
11
13
2
-17
-13
-7
-9
-11
-6
-16
-16
2
-4
-9
10
11
-1
10
5
-11
8
2
-5
16
8
4
14
2
-4
-2
0
11
8
5
-1
-2
5
0
4
4
2
1
-7
-6
4
6
7
17
5
-1
12
2
2
10
-2
4
-1
-7
-3
-1
10
8
4
-4
-6
1
6
19
18
5
3
-10
-10
2
0
6
-5
-9
-2
-6
5
-3
-19
-6
-5
0
4
-3
0
-3
-3
4
3
7
11
-3
-10
-1
-5
-2
-4
0
2
1
-3
-14
-14
-12
4
8
3
4
-7
-12
-6
-4
4
13
8
7
7
3
9
10
-4
-7
-7
-5
2
-9
-11
-14
-16
-7
-9
-12
-7
6
6
0
5
1
-3
6
4
4
11
4
5
12
7
4
7
3
-3
0
-5
-5
3
-8
-2
-2
-9
-5
-5
-2
-7
2
-3
0
11
7
16
17
-2
3
5
-5
-2
-9
-16
-12
-17
-15
-5
1
-3
0
2
-4
-5
-11
-8
1
3
-1
10
19
8
5
-1
4
18
6
1
11
3
2
-1
-13
-7
2
1
1
6
3
1
3
2
6
7
9
2
0
-2
-4
11
4
3
4
1
-10
-10
5
2
9
10
3
6
5
6
3
-5
-11
-7
2
1
-5
-4
2
1
-3
1
5
2
-3
-6
-5
-2
2
2
-3
-6
-8
-16
-5
4
0
7
7
8
6
3
2
0
8
0
0
2
-5
-6
1
-3
-2
4
-5
-12
-2
-10
-21
-12
-13
-8
-3
-13
-9
-6
-4
-3
3
10
8
-1
-2
16
16
10
5
-3
-2
-6
-6
3
3
7
6
1
5
-3
-11
-14
-15
6
-2
-15
-2
-12
-7
7
2
0
7
-2
-2
-5
-7
0
-10
-4
4
7
10
6
-4
0
-3
-7
-4
1
9
-1
2
-1
-12
2
-4
-1
15
2
3
2
4
5
-3
-4
-7
-8
-7
-3
-4
-4
-7
-4
-7
-7
-5
-11
-6
-3
2
-5
-2
7
-5
3
5
-1
4
3
4
4
7
2
4
4
-4
4
6
7
9
2
5
6
9
10
0
3
6
8
8
2
1
2
3
1
3
-8
-9
0
0
5
0
2
3
-2
3
4
-2
-1
3
2
9
-1
1
11
-4
8
0
-10
13
7
7
15
6
-1
-4
0
3
5
5
-3
-11
-4
5
-3
3
0
-1
7
-3
8
1
-1
2
-10
-9
-9
-9
-12
-8
-11
-14
-1
-8
-6
0
7
8
2
2
-5
1
8
-5
-5
4
3
13
20
12
9
8
2
1
0
0
3
3
1
2
2
-5
-7
-4
-8
-10
-6
-6
-16
-11
-1
0
15
4
1
6
0
-1
-10
-5
-4
-1
-1
-4
4
-1
0
-4
-4
3
-1
10
8
-2
-1
6
2
1
2
-10
-6
-9
-7
-2
-8
-1
-9
-15
-5
-8
-4
3
6
6
7
11
-4
11
8
13
14
-6
8
-11
-6
3
-9
1
-12
-12
2
1
-4
-4
-1
-1
2
0
3
3
0
7
1
2
6
-2
0
-4
-3
-10
-10
-6
-8
-2
-14
-16
-12
-6
3
-7
5
11
10
4
-5
4
5
-2
-6
-6
4
18
11
3
12
13
15
17
14
13
7
9
8
5
2
-1
7
-3
-1
4
-1
2
-1
-1
5
-3
-8
0
-2
-2
5
13
12
-1
-17
-5
-2
5
1
-13
-7
-5
13
19
12
14
11
14
15
6
6
-4
-12
-7
-8
-4
-4
-11
-6
-3
1
3
-8
-16
-12
6
7
-14
-8
2
7
2
6
22
17
14
1
-7
7
-8
-13
-15
-6
6
-12
-6
3
-4
-11
-7
2
-2
-5
-9
-6
-3
-10
4
8
20
12
-3
9
-1
6
-3
-10
1
-4
3
1
3
7
8
8
8
9
-6
-4
-7
-13
-1
-15
-15
-5
-9
-4
-5
2
-5
-6
-13
-11
-4
-6
0
-6
-10
-8
-16
-23
-35
-31
-24
-26
-10
-24
-29
-21
-28
-20
-19
-18
-12
-6
-10
2
21
16
12
15
24
40
42
42
38
29
32
23
21
21
17
21
16
17
12
5
3
7
0
0
10
0
7
5
-1
8
1
6
0
-16
-7
-12
-8
-3
-15
-13
-8
-6
-6
-5
-3
0
-7
-14
-22
-25
-7
-3
-9
0
6
6
0
-6
-5
7
-7
-9
0
-8
2
-4
-6
-6
-1
10
4
3
3
1
-3
1
-2
1
6
1
10
2
10
22
10
14
12
16
11
1
-2
4
14
13
1
-5
6
11
11
13
8
4
4
-6
-8
-5
-1
3
-2
-5
-3
-4
-3
-1
5
8
6
3
3
-8
-5
-4
-1
8
-8
-14
-12
-12
-1
5
9
6
4
-2
-2
-7
-3
5
-10
3
3
-4
3
-4
-1
2
-2
2
-7
-8
0
3
6
4
6
0
0
-5
-5
-8
-14
-4
-14
-20
-4
1
3
0
-10
4
6
1
12
3
1
11
8
5
8
7
12
4
6
17
4
4
8
-7
-7
-4
1
8
1
5
0
-4
7
7
1
8
2
-10
-9
-13
-7
-6
-18
-5
5
-1
2
-5
-10
-4
-6
-17
-14
-8
1
5
-8
6
-9
-17
0
-12
9
9
-1
11
-6
0
1
-20
-9
-12
-5
2
-10
-5
-13
-20
-6
-5
-4
5
-1
-10
1
3
-3
13
9
8
17
7
8
2
4
22
4
5
8
-1
14
5
0
-1
-17
-2
7
-3
8
15
9
7
5
-3
-2
-4
-6
-5
-6
-1
-3
-9
-3
7
3
-6
-14
-18
-15
-19
-4
-13
-18
-6
-9
2
14
9
9
3
-3
2
3
10
10
-1
-2
-6
-4
3
15
12
6
13
9
6
3
-2
-1
-3
3
8
10
5
-11
-2
-2
-8
2
0
0
2
-5
3
-4
-8
-7
-3
2
-3
6
7
2
-3
-3
8
6
4
2
-6
1
8
12
19
9
4
-3
0
11
6
11
3
-4
-5
-3
13
15
-2
-10
-10
-15
-13
-4
-8
0
0
-3
7
1
12
0
0
-5
-15
6
-3
2
5
-5
-4
2
13
3
0
15
7
-1
0
-4
-6
-6
4
0
-8
4
-4
1
9
15
30
14
21
18
-2
-4
-2
3
-2
4
6
-4
-3
0
3
-3
3
7
-9
-8
-6
-13
-14
-19
1
2
-17
-8
-2
-1
7
10
-5
-12
-4
6
2
-2
-2
-20
-15
5
14
12
0
-13
-11
-2
10
14
11
3
0
1
-9
-8
-18
-9
2
-5
-9
-21
-13
-5
-6
0
-5
-9
-10
-10
-2
-1
-2
-6
2
-5
-15
4
-3
2
5
-3
9
-1
-3
9
4
19
18
2
10
5
9
3
-2
1
-12
-11
-12
-9
-15
-15
-4
0
10
8
6
12
3
7
9
-4
5
3
7
13
2
11
7
3
7
-3
-4
-8
2
10
6
5
0
-1
3
11
10
-2
5
-1
1
0
-2
9
7
18
19
17
26
13
5
-3
-2
3
7
8
-4
-8
-10
1
3
-9
0
-2
-6
3
1
-10
-14
-6
-7
-5
2
5
-3
-15
-17
-18
-10
-8
-14
-6
-12
-11
-3
-7
3
13
5
5
5
13
11
3
2
-8
1
9
12
17
5
8
3
-4
4
2
-2
-5
0
5
6
10
-2
-5
-7
-7
0
6
16
6
-1
-1
-7
1
-5
-18
-23
-30
-12
-11
-11
-2
-5
-8
-10
0
-1
3
0
-14
-12
-19
-15
-11
-15
-2
7
12
6
2
7
7
10
10
3
-5
-9
-4
-2
7
14
-2
-11
-8
5
15
0
0
-3
-6
-3
-7
5
6
4
7
-1
8
10
4
10
6
9
-3
-10
-10
-15
-6
-11
-2
-2
-9
2
-2
8
12
12
4
-16
-6
0
7
21
18
5
-3
3
13
15
9
-3
-11
-6
-1
3
2
2
-3
-15
-14
-11
-1
9
10
9
-1
-1
5
6
8
12
11
7
12
8
8
6
6
7
-1
-2
-5
-1
2
-6
-5
-10
-10
-2
-6
4
9
4
-3
-2
7
6
9
3
-7
-1
-8
-9
-5
-3
4
3
8
9
3
2
-3
-5
-1
3
-1
-7
-1
-6
-9
-3
-8
-9
-5
-7
-11
-11
-8
-15
-11
-5
-9
-5
-1
1
5
-1
-2
1
1
-5
-4
1
3
0
-4
2
0
-7
1
11
11
8
-4
-5
-3
-6
-9
-12
-1
4
9
11
7
9
-1
-5
-3
-6
-10
-12
-5
-1
6
6
2
7
10
7
5
5
5
-4
-7
-1
6
6
6
1
-6
-5
2
4
4
4
-1
-11
-11
-7
-5
2
0
2
3
3
11
5
4
5
5
4
3
3
-6
-1
-1
-7
-1
-3
-11
-10
-8
-2
-7
-9
-9
-17
-9
-9
-15
-9
-6
5
10
7
0
4
13
7
4
-2
2
6
-5
-3
2
-1
-1
7
8
3
8
5
-3
-1
2
7
0
-7
1
1
7
4
0
-7
-5
8
-1
-2
-4
-8
-2
-3
4
3
3
6
9
17
9
6
9
7
15
9
10
15
14
8
-1
-1
2
8
12
5
-9
-14
-6
-13
-10
2
2
1
-5
-3
4
1
-2
-1
-1
1
6
-6
-18
-9
-13
-10
-9
-6
13
8
-1
-2
-5
-3
-4
-2
3
2
6
7
5
13
12
9
2
2
10
8
8
9
0
-7
-9
-5
-2
-5
-5
-9
-10
-9
-10
-12
-9
6
10
6
4
9
17
16
14
6
-2
-9
-10
-3
2
5
2
-6
-3
1
2
-2
-6
-5
-12
-14
-13
-17
-13
-9
-10
-8
-6
-2
-3
-1
1
-4
-3
4
6
0
-2
1
-1
0
-7
-7
4
4
10
11
2
5
8
14
22
13
3
-7
-2
12
8
0
-1
-2
7
22
20
13
2
-14
-13
-2
1
-4
-1
1
-9
-12
-5
10
19
6
-2
-9
-14
-10
-13
-13
-8
-3
-4
-8
-3
6
11
10
6
6
0
1
4
1
-1
-2
3
2
5
8
11
13
13
7
2
1
5
11
11
14
10
5
3
0
-1
0
-3
-12
-16
-4
3
-6
-11
-5
-2
-2
-4
-5
-4
-12
-17
-20
-16
-11
-3
-1
-2
-2
-4
7
10
0
-6
-7
-7
-4
2
3
0
-2
-1
3
11
14
14
10
5
8
6
4
5
6
1
-2
-4
-10
-5
3
1
-3
-6
-7
-10
-13
-11
-6
-9
-10
-6
0
2
-3
0
4
0
1
4
1
5
6
4
2
3
6
2
-1
4
13
16
10
1
2
4
-4
-2
-2
-1
-3
-10
-6
-3
0
4
3
8
4
-4
0
3
1
2
-3
-10
-7
3
5
0
-9
-9
-1
-1
-6
-7
-8
-10
-5
-6
-6
-5
-6
-5
-3
10
11
9
5
1
6
9
4
1
7
0
-4
-7
-7
1
11
11
6
7
14
18
12
10
10
8
-1
-8
-6
4
12
8
5
2
2
4
-1
-11
-8
-8
-6
-2
-2
0
0
-6
-6
-3
-6
-5
-9
-8
-3
-4
-7
-16
-16
-13
-6
-5
-4
-7
-15
-9
-3
-8
-8
-3
-2
-8
-4
-1
-2
-10
-11
-5
-1
2
4
8
2
-4
-4
5
11
5
-2
-5
-2
1
0
-4
-12
-10
-4
1
2
-1
-3
-1
-2
-2
0
10
18
19
18
13
11
13
13
4
-1
3
6
0
-4
-8
-11
-11
-8
-5
-4
3
10
8
1
-4
-3
6
14
14
19
23
19
12
0
1
11
10
2
-8
-9
-2
-1
1
-1
-1
0
6
5
3
6
3
-9
-15
-18
-14
-6
-8
-14
-16
-5
1
4
3
1
3
3
-2
-5
0
5
7
1
-1
5
3
-3
-7
-3
-2
2
3
-2
0
-7
-11
-11
-13
-9
-13
-3
-2
0
9
8
9
7
9
11
4
1
2
4
-2
-4
0
2
10
13
4
0
-2
-2
3
5
4
2
2
-2
1
6
7
0
-4
-5
-9
-10
-6
0
8
6
2
-6
-5
2
4
7
3
-3
-3
2
0
-1
2
8
6
0
0
1
0
-4
-2
-8
-9
-6
-5
-16
-23
-13
-14
-14
-11
-10
-6
0
4
4
4
-2
-3
-6
-4
5
9
8
4
0
-8
-5
1
0
3
1
-1
-1
0
7
13
13
9
9
11
12
11
7
6
6
3
1
-7
-5
-3
3
5
-1
-3
-6
-2
-1
6
4
-1
-3
-7
-3
5
12
15
6
5
4
0
1
4
4
1
0
-6
-6
-6
-7
-11
-10
-10
-10
-7
-4
-4
-3
-4
-3
1
-2
3
7
11
11
4
6
6
8
5
3
1
6
10
5
7
3
-3
-4
-1
4
0
-5
-4
-1
1
-2
-5
1
4
6
6
-1
-2
2
2
-5
-10
-11
-17
-13
-10
-8
-6
-10
-8
-6
-6
1
9
5
3
9
12
9
1
3
2
0
3
4
8
15
14
10
11
8
3
1
2
-5
-9
-8
-6
-2
-2
1
0
-1
3
3
2
2
2
8
6
4
5
4
-2
-5
0
6
2
-3
-3
-4
-11
-8
0
-3
-7
-10
-10
-3
2
9
7
1
2
4
8
6
-1
-6
-4
-1
-4
-1
2
3
4
-4
-1
2
-4
-4
-7
-7
-1
3
3
-1
-2
3
6
6
13
14
15
9
5
5
-3
-6
-7
-9
-12
-8
1
1
0
2
5
1
-1
-2
-2
2
0
-3
-1
1
2
3
5
1
1
2
3
3
-2
-3
-2
-6
-6
-7
-5
-7
-8
-9
-10
-6
-4
-1
0
-3
-5
-2
-3
-4
-4
1
4
0
-3
-7
-10
-13
-13
-8
-4
-5
-8
-12
-10
-3
-2
2
0
-4
0
1
-5
-8
-1
1
4
0
0
3
2
3
-1
-2
-5
-9
-2
-1
-1
2
-4
-6
-5
-1
2
6
9
8
2
-3
-1
3
7
4
2
2
6
7
3
-1
0
1
-2
-2
-1
2
-1
-1
-3
-4
2
8
9
6
10
14
16
15
12
5
2
5
5
6
3
-3
-2
-3
-5
-8
-11
-13
-17
-11
-3
-1
-1
-5
-4
-4
-4
-3
1
8
9
7
6
10
13
13
10
10
14
15
13
9
6
4
3
6
3
4
1
-9
-4
-2
0
3
4
5
4
8
6
9
11
7
4
1
0
-1
-4
-6
-3
0
0
3
4
5
5
2
0
1
-1
-9
-12
-15
-12
-11
-11
-9
-11
-7
-8
-7
-4
-4
-4
-2
0
2
1
6
5
3
3
5
9
8
4
1
-3
-6
-8
-8
-7
-4
0
-2
-4
-4
-1
-4
-8
-6
-4
-3
-4
-7
-8
-3
2
4
6
6
6
7
6
2
-6
-13
-10
-10
-7
-5
-11
-8
-3
-2
-3
-4
2
5
2
0
-1
-1
3
1
-1
5
7
4
3
1
-1
-3
-2
-2
-1
-1
-2
-2
4
0
-2
-3
-8
-8
-8
-6
-2
-2
-2
0
2
3
1
7
6
8
8
0
-2
0
-1
-3
-3
0
3
3
4
3
0
2
3
-6
-3
4
0
-4
-10
-12
-7
-1
-2
-15
-10
3
6
10
4
4
10
13
10
2
2
3
0
-4
-2
4
5
7
7
3
5
3
0
2
2
5
4
2
2
3
1
3
5
8
7
3
-2
-7
-4
-5
-12
-17
-6
5
4
4
4
1
1
0
1
1
-4
-1
-3
-2
-6
-5
2
7
5
3
5
5
8
2
-6
-3
0
1
4
4
9
9
2
0
-2
-1
-2
-3
-1
-4
-1
2
-2
-6
-1
4
6
4
-5
-10
-6
0
3
1
2
4
5
2
1
0
-1
2
-1
-6
-3
1
1
-1
-2
1
3
3
2
-1
-2
-2
0
1
1
4
5
6
2
-2
-6
-6
-7
-9
-4
-3
1
5
3
4
3
2
0
2
-9
-9
-5
0
8
12
15
5
3
3
5
6
2
0
0
-3
-8
-8
-6
-9
-4
1
4
4
4
3
-6
-4
-3
-1
5
6
3
-1
5
5
4
10
8
7
9
5
0
-3
-5
-6
-4
-4
-2
-2
1
2
3
4
1
1
3
3
-1
-4
-4
-1
1
0
1
1
-1
0
-1
0
-1
-7
-7
-10
-12
-16
-19
-16
-10
-6
-8
-11
-13
-12
-9
-12
-10
-8
-8
-3
-8
-11
-6
2
10
7
7
5
11
18
14
10
2
1
-1
-4
1
7
10
7
3
3
1
0
9
7
4
0
-1
-5
-9
-12
-9
-3
-3
-1
7
8
12
6
-1
1
2
6
5
2
5
3
-1
5
-3
-2
-1
2
7
9
13
4
2
-6
-6
-4
-8
0
1
-2
-2
-1
1
-5
-6
-3
-2
0
3
8
2
2
2
-2
0
-2
1
3
5
4
-1
1
3
6
4
2
1
-4
2
5
2
1
-1
-2
1
1
-2
5
2
-4
-3
-3
2
2
6
4
-1
-4
-5
-4
-1
1
1
3
0
-2
-1
2
6
3
5
5
2
3
2
-2
-3
-1
-4
-4
-2
-2
0
4
-1
3
5
11
9
5
3
-9
-12
-7
-9
-9
-3
0
5
8
2
4
1
-3
-5
-5
-2
-2
2
1
0
-4
-2
2
6
6
1
-3
-2
0
0
3
5
5
1
4
10
16
15
8
8
5
8
8
7
5
-3
-2
0
0
-1
-6
-7
-8
-7
-7
-8
-12
-10
-5
4
4
-3
-7
-9
-9
1
3
-5
-4
-5
-8
-13
-14
-10
-6
-7
-6
-3
-4
-3
1
2
0
6
9
4
-1
-4
-8
-8
-4
-1
2
5
0
-3
0
-5
-3
0
0
0
1
5
1
-8
-1
8
14
8
-4
-2
0
1
-3
-4
3
8
8
8
1
-9
-4
-8
-4
5
5
5
8
10
4
6
7
4
4
-1
-6
0
-1
4
3
-4
5
7
8
4
-4
-3
1
3
0
-8
-7
-6
-4
-2
-1
2
4
2
-5
-14
-15
-15
-14
-14
-13
-1
2
1
0
9
3
-3
11
8
6
8
12
10
-2
-4
-3
-10
-2
0
-7
-1
2
-6
-2
3
3
5
2
-6
-4
-1
1
8
3
1
3
2
1
3
3
4
-2
-2
2
5
7
9
0
-6
-1
-1
3
6
0
-2
1
-1
-6
-6
-1
3
1
-2
-7
-9
-8
-7
4
4
6
10
5
7
8
1
-2
-5
2
6
8
12
5
-2
-3
-5
1
3
7
5
-7
-2
2
-4
-4
-4
-6
-9
-4
-7
-7
-7
-4
-2
-5
-3
1
12
12
1
-5
-4
-2
2
0
7
12
5
-3
-16
-14
-10
-9
-8
-3
-4
4
7
-1
4
6
11
17
13
6
6
4
2
5
0
0
0
1
2
1
7
4
-3
-4
-6
4
16
10
4
11
10
14
11
-1
6
8
0
7
-2
-9
-8
-9
-5
0
6
6
3
0
3
-2
-8
-6
-8
-6
-5
-10
-8
-4
3
7
2
0
-1
-2
-3
-4
-6
-2
-5
-5
3
3
7
4
-6
-3
8
3
5
3
-1
2
-6
-6
-10
-15
-5
-1
0
3
1
4
1
-1
-2
-7
-17
-21
-20
-15
-9
-5
-3
-11
-14
-10
-11
-5
-5
-1
4
4
3
1
6
9
3
7
8
4
9
4
-3
0
-7
-9
0
0
1
0
-13
-20
-14
-16
-13
-7
-4
5
2
-2
5
1
0
1
5
6
-1
-1
10
5
0
1
-5
9
9
-1
1
0
-2
-2
-11
-17
-8
-6
-6
1
0
6
10
15
17
10
6
9
9
14
22
23
16
9
1
4
9
4
-1
-5
-3
-12
-14
-5
-4
5
9
7
11
13
9
4
4
1
3
6
5
11
11
15
13
-6
-10
-10
-6
-3
1
3
-1
-10
-17
-17
-14
-6
-8
-12
-4
-3
0
4
4
9
8
3
-4
-5
-2
-1
-5
-6
-10
-6
2
1
-2
3
9
7
7
2
10
13
9
5
7
4
2
4
3
12
14
12
0
-2
-4
-15
-12
-8
-5
-6
-5
-3
-3
-3
0
-3
-1
-3
-12
-19
-11
-1
-3
2
7
10
7
9
16
10
10
14
7
13
13
6
6
6
5
4
5
7
3
3
-1
-9
-17
-14
-6
-3
6
10
10
9
8
-1
-6
1
3
4
4
-1
-3
-8
-11
-9
-3
7
6
2
0
-9
-9
-10
-11
-5
-1
1
-5
-6
3
6
6
5
10
8
2
6
-2
-5
-3
4
9
7
7
4
0
4
9
5
-8
-11
-12
-10
-3
2
3
-5
-6
-15
-10
-2
-7
-7
-4
-5
-11
-6
-3
1
2
-2
-4
-6
-7
-10
-9
-8
-10
-5
-1
3
8
3
3
1
-1
3
2
8
12
8
3
-3
0
3
1
1
-6
-9
-5
-2
0
7
5
1
1
-8
-6
-5
-8
-5
3
1
-8
-1
-3
-5
1
0
-4
-12
-9
3
-3
-6
-1
-3
-1
6
6
4
7
4
0
1
2
2
-1
2
2
2
-1
0
5
4
5
7
7
-1
-2
0
-1
-1
5
11
13
5
2
-1
-5
-1
3
2
4
6
4
1
2
2
4
5
5
6
5
7
0
-6
0
4
5
-3
1
4
-1
1
2
-4
-8
-4
4
4
4
10
11
9
-3
-1
1
-4
3
-2
-7
1
0
-7
-9
-3
-7
-10
-8
-9
-9
3
-1
-6
-9
0
2
-7
-17
-14
-6
-14
3
5
-2
8
9
11
18
13
10
7
2
1
9
9
4
4
-1
-10
-11
-8
-11
-14
-12
-18
-20
-19
-17
-3
-20
-17
-10
-19
-13
-16
-19
-21
-17
-8
-4
2
5
-4
-9
3
0
-2
10
17
17
19
19
18
5
12
13
9
16
20
18
14
13
14
19
14
19
12
9
20
13
13
10
9
15
11
12
8
2
3
7
-1
2
7
1
-3
-1
9
15
7
4
2
-1
1
-5
-14
-21
-18
-14
-23
-18
-13
-18
-20
-24
-19
-14
-19
-20
-17
-22
-15
-15
-25
-8
9
6
0
0
5
8
11
23
27
34
39
23
27
21
11
25
9
2
17
3
1
4
-5
-13
-28
-33
-44
-37
-26
-27
-36
-60
-58
-42
-41
-29
-20
-25
-22
-3
-4
-1
8
3
5
-3
9
11
27
38
25
40
11
8
22
13
37
35
16
14
11
2
9
11
-2
-8
-17
-14
-21
-22
0
-8
-17
-33
-37
-16
-16
-13
14
-7
-6
5
-5
2
0
9
16
12
17
35
23
39
29
20
34
49
53
31
40
27
29
23
32
27
15
24
-20
-17
-10
-11
-10
-33
-40
-41
-45
-60
-48
-59
-43
-25
-40
-35
-25
-54
-47
-21
-26
6
-2
-8
13
22
24
16
24
40
40
9
18
19
41
45
3
-10
-7
23
11
30
50
70
43
19
2
-29
17
-18
-13
36
23
30
27
-31
-14
9
-31
-1
20
16
19
-4
-46
-53
-26
-14
9
37
27
6
12
-13
-24
8
0
23
36
-16
-31
-51
-44
-44
-64
-59
-73
-68
-85
-116
-56
3
-14
0
-53
-59
-26
-38
-30
16
24
27
6
-16
52
75
116
99
118
148
134
174
170
141
119
128
66
56
107
102
63
36
-53
-170
-131
-101
-60
-52
-66
-142
-198
-236
-252
-130
-27
7
4
-92
-208
-142
-125
-70
111
148
126
132
98
99
172
121
149
264
191
188
85
34
73
47
37
60
-37
-124
-183
-380
-274
-183
-170
-140
-215
-286
-262
-270
-174
36
105
86
-31
-44
-2
64
157
201
245
351
276
273
323
265
318
333
405
476
308
-15
-231
-208
15
213
257
91
-262
-616
-793
-631
-183
86
35
-232
-604
-723
-570
-319
52
319
273
70
-123
-78
84
224
411
484
556
450
184
56
86
151
276
378
332
233
-163
-446
-495
-320
15
52
-59
-319
-673
-785
-717
-374
-11
38
-63
-204
-377
-338
-114
157
441
480
379
198
95
104
206
389
557
602
520
279
90
156
301
332
385
386
163
-74
-370
-434
-129
119
146
25
-292
-576
-574
-668
-414
87
101
-95
-349
-750
-723
-395
-156
221
415
239
52
-166
-185
171
379
477
609
523
223
46
-50
1
249
359
384
359
119
-248
-467
-511
-227
146
61
-46
-204
-553
-778
-672
-418
23
229
7
-339
-564
-444
-250
79
360
524
313
101
-109
1
316
478
612
500
485
279
103
92
264
391
386
500
352
276
134
-319
-424
-129
64
104
129
-208
-578
-846
-884
-501
128
284
61
-371
-869
-763
-478
-132
409
507
186
-105
-285
-177
233
405
414
554
556
320
116
-48
-7
229
313
453
451
228
-95
-369
-443
-260
46
185
28
-187
-481
-665
-623
-320
-83
-32
14
-164
-308
-343
-337
-58
264
337
299
83
-75
-61
27
213
445
608
472
270
45
-70
131
396
531
773
698
414
135
-426
-615
-312
106
366
391
27
-498
-925
-1258
-893
-5
377
333
-156
-975
-1178
-762
-454
298
838
610
139
-316
-511
2
517
552
864
881
437
65
-286
-211
294
403
462
651
343
-184
-602
-809
-509
-78
102
-15
-252
-678
-917
-1018
-691
3
195
89
-67
-247
-303
-258
-76
325
658
642
296
67
-28
46
236
364
677
672
375
98
-43
-43
95
420
645
761
472
72
-126
-130
-448
-365
170
472
336
-80
-545
-810
-851
-863
-372
363
375
10
-774
-1357
-894
-332
72
568
625
156
-307
-829
-589
365
747
657
723
550
250
-17
-96
342
843
700
574
384
13
-265
-588
-495
87
501
66
-328
-682
-870
-861
-768
-292
163
71
-381
-612
-528
-194
-46
109
306
473
230
-136
-28
148
364
423
465
513
477
166
-100
122
321
395
427
524
570
475
175
132
177
-405
-528
-245
12
139
231
-363
-776
-953
-1377
-837
103
386
149
-529
-1372
-1008
-515
-231
568
651
199
-119
-604
-492
555
852
580
753
698
412
114
-205
170
792
592
574
698
170
-283
-674
-841
-92
447
114
-267
-478
-942
-1029
-1009
-700
107
206
-244
-398
-291
-116
36
48
338
676
586
320
118
280
434
544
513
585
771
379
-67
47
313
347
329
476
398
146
33
178
405
18
-790
-911
-328
167
324
235
-310
-785
-1455
-1665
-253
1062
963
105
-1055
-1751
-1001
-445
320
1307
1152
253
-502
-906
-182
948
668
656
1125
746
234
-163
-288
318
686
364
542
687
-115
-951
-1527
-1197
22
427
-148
-331
-661
-1352
-1523
-1049
-117
624
339
-332
-542
-330
24
152
370
758
878
254
85
352
449
499
404
535
793
615
141
-169
-23
374
290
284
458
491
180
-68
192
489
-223
-1161
-964
-186
356
501
98
-545
-934
-1757
-1933
-151
1299
1259
68
-1276
-1774
-934
-513
360
1645
1319
354
-536
-1178
-174
1207
828
932
1424
925
367
-319
-549
480
764
310
642
582
-210
-1061
-1771
-1356
92
485
-307
-492
-835
-1353
-1625
-1140
78
714
207
-635
-728
-247
208
462
585
915
1075
191
-55
457
670
615
474
460
615
591
169
-262
57
565
247
-41
70
370
48
-82
40
525
529
-1019
-1673
-1022
47
657
654
-37
-533
-1401
-2616
-1515
883
1927
1299
-312
-1876
-1547
-924
-438
1252
1991
1124
128
-944
-1177
622
1173
641
1251
1311
752
276
-598
-318
919
571
476
967
363
-621
-1525
-2107
-949
453
146
-388
-788
-1475
-1820
-1564
-750
633
788
-271
-603
-490
-34
506
519
535
1042
799
20
224
759
832
619
399
581
951
580
-37
-354
-121
363
268
256
383
435
-327
-499
131
694
858
-672
-1847
-1419
-303
539
987
621
-18
-1169
-2825
-2006
563
2182
1798
184
-1787
-2127
-1471
-1007
978
2176
1444
135
-1001
-1338
123
1034
723
1363
1500
896
483
-339
-417
806
609
295
1164
973
-192
-1445
-2277
-1501
326
445
-44
-539
-1733
-2105
-2055
-1042
744
1220
0
-1111
-1240
-663
489
1281
1225
1216
723
-360
-239
575
1168
1245
787
509
616
566
71
-106
-75
-98
259
217
247
309
-243
-891
-498
570
919
1266
15
-1997
-1989
-718
524
1674
1845
370
-964
-2835
-3268
-273
2445
2370
1227
-1243
-3052
-2215
-1641
244
2704
2138
338
-637
-1907
-1145
908
722
1185
2235
1391
637
-115
-1289
-157
910
498
1532
1812
7
-1542
-2783
-2638
62
1451
812
107
-1620
-3191
-3023
-1914
505
2477
1200
-731
-1720
-2207
-821
1035
1702
2055
1520
-214
-1175
-343
754
1390
1369
1007
898
363
-388
-600
-468
1
536
444
321
171
-460
-1126
-666
422
1206
1321
1166
271
-2145
-2506
-816
1107
2348
2152
453
-978
-2264
-3487
-1271
2043
3078
1859
-940
-3488
-2911
-1907
-796
2019
2663
1028
-436
-2125
-2237
360
1136
1086
2357
1867
662
-350
-1703
-592
1779
1494
1483
2032
393
-1522
-2577
-2554
40
2173
1308
71
-1494
-2980
-3277
-2465
-317
2495
1936
-644
-1635
-2203
-1592
305
1631
2329
2479
668
-1402
-1405
-97
1016
1764
1786
1604
798
-815
-1286
-593
401
1134
1197
529
157
-575
-1387
-1143
392
1425
1743
1260
580
-426
-2837
-2754
-435
1838
2678
1884
-326
-1772
-2865
-3873
-1077
3002
4077
2052
-1880
-4671
-3255
-1842
-311
3226
3472
1086
-1235
-3466
-2695
1041
1747
1602
2771
1597
97
-819
-1824
74
2623
1600
1560
1920
85
-1543
-2968
-2782
527
2470
1068
71
-1289
-3713
-3547
-2493
-285
3219
2127
-1279
-2616
-2739
-1955
194
2134
2748
2555
340
-2198
-1409
421
1702
2427
1613
1256
464
-1081
-1130
216
984
939
884
152
-452
-237
-1171
-1032
590
1375
1124
705
491
196
-457
-2547
-1858
838
2279
2023
797
-942
-1526
-2285
-3515
-324
3631
3433
531
-2707
-4441
-2678
-1153
-26
3262
2943
-164
-2117
-3211
-1816
1832
2018
1235
2405
1081
-377
-616
-910
921
3043
1550
1230
1823
-132
-1799
-2548
-1829
1385
2486
309
-511
-1551
-3613
-3353
-1916
165
2657
1238
-1979
-2551
-2221
-1424
368
1818
2246
1862
61
-1628
-846
649
1427
1780
1389
1269
605
-872
-917
192
884
888
844
296
-242
-604
-1179
-911
429
1065
649
410
278
101
16
-1058
-1838
-296
1102
1646
1396
119
-867
-1502
-2788
-2051
1762
3335
1888
-614
-3257
-3353
-1709
-949
1502
3229
1073
-1163
-2362
-2649
-66
1945
1311
1974
1968
129
-254
-485
-268
1903
2213
1037
1711
919
-1204
-1882
-1995
-364
1796
798
-592
-907
-2453
-3054
-1909
-798
965
1678
-947
-2136
-1436
-1284
-384
849
1467
1641
1127
-277
-620
131
588
1032
1311
1372
1514
238
-1028
-386
295
495
769
945
103
-301
-830
-1263
32
1021
1148
714
478
69
340
-1097
-2371
-744
700
1875
2073
622
-884
-1403
-3254
-2950
1192
3476
2715
-22
-3629
-4450
-2346
-1303
1725
4056
1572
-1179
-2751
-3344
-443
2477
1822
2220
1969
-272
-732
-589
-135
2218
2625
1007
1448
793
-1214
-1749
-1875
-458
1979
1137
-512
-958
-2681
-3197
-1904
-535
1329
1827
-1116
-2650
-1802
-1464
42
1812
1818
1184
257
-1015
-684
714
1487
1469
1155
802
788
82
-510
606
706
236
346
422
-185
-238
-257
-944
-7
647
424
451
572
362
346
-1606
-2701
-319
1370
2113
2131
229
-1630
-1650
-3566
-2477
2745
3829
1947
-731
-4380
-4218
-1341
-845
2405
4407
547
-1877
-2683
-3284
478
2784
1122
2429
2027
-985
-809
-676
-181
2904
2598
882
1976
270
-2218
-1999
-1622
610
3066
1059
-1122
-1559
-3475
-3284
-945
541
1938
997
-2499
-3165
-1854
-898
932
2289
1640
320
-792
-1402
-139
1467
1520
1305
954
445
479
35
-154
724
722
261
517
549
-255
-345
-523
-776
409
848
531
480
360
-69
480
-1426
-2346
-194
772
1569
1875
-95
-1321
-1200
-3562
-2223
2734
3258
1925
-649
-4410
-3646
-854
-929
2577
3963
107
-1535
-2563
-2988
1139
2854
650
2232
1380
-1125
-409
-522
105
3052
2006
434
1789
-45
-1902
-1435
-1163
1042
2827
269
-1476
-1565
-3402
-2465
-211
472
1845
423
-3268
-3062
-1136
-273
1396
2322
874
-392
-1050
-1411
572
2254
1851
1256
213
-179
454
148
477
1423
1008
168
234
-21
-393
82
-314
-466
544
668
349
396
6
681
-526
-3075
-1367
1006
1406
1840
769
-1696
-1292
-2729
-3834
1488
4303
2170
57
-3630
-4604
-743
-670
987
4591
1263
-2163
-1953
-3117
-234
3636
1113
1212
2360
-901
-1055
-6
-332
2420
2889
143
1380
802
-2354
-1860
-1009
491
3025
1194
-1679
-1847
-3305
-3009
-56
973
1872
781
-3484
-3843
-1282
-154
1742
3046
900
-1027
-1439
-1749
357
2889
2379
1377
158
-959
73
553
927
2039
1315
-237
-125
-144
-761
17
236
-185
703
675
93
-24
-354
262
-1152
-2472
-493
1261
1187
1084
-248
-1719
-1159
-2173
-2183
2047
3541
1439
-814
-4021
-3347
-94
-112
1929
3536
-3
-2142
-1945
-2345
921
3179
1089
1422
1201
-1333
-808
120
473
2877
2300
439
1047
-513
-2458
-1229
-69
1432
2786
393
-2259
-2658
-3376
-2048
1042
1782
1347
-886
-3941
-3581
-1154
1011
2791
3015
208
-2313
-1861
-876
1267
3308
2315
1054
-392
-1564
-545
984
1854
1832
1067
-250
-577
-416
-935
152
866
166
634
126
-451
-267
-349
344
-897
-2157
-566
946
849
924
114
-1202
-834
-2091
-2406
2179
3364
1102
-490
-3594
-3383
-83
-398
1426
3399
-173
-2307
-1406
-2117
642
2885
400
1123
1414
-1296
-608
399
382
2548
2131
528
1696
-104
-2757
-1259
221
1562
2841
649
-1861
-2817
-3844
-2008
1135
2299
1836
-1231
-4361
-3414
-1565
283
3224
3156
62
-2249
-2579
-1299
1421
3091
2442
1266
-436
-1526
-724
499
2139
2400
942
128
-108
-660
-749
282
886
536
729
281
-108
-334
-11
575
-1824
-1912
300
957
1173
831
-1266
-1369
-666
-2677
-1246
3224
2604
625
-1410
-4503
-1916
641
-493
2566
2566
-1791
-1795
-1351
-1907
2136
2375
-307
1679
746
-1589
19
-1
494
2990
1273
686
2025
-1083
-3021
-942
224
1881
2652
108
-1984
-3270
-3909
-1525
1440
2384
1338
-2214
-4250
-2712
-1506
694
3388
2511
-416
-2262
-2323
-658
1750
2784
1987
1139
-382
-1212
-278
629
2160
1936
454
106
110
-684
-493
330
291
777
773
79
68
-196
104
385
-2342
-1619
1281
1046
1001
578
-2169
-1346
-400
-2951
60
3894
1047
-223
-2362
-4678
-214
1141
-510
2984
1335
-2981
-1044
-951
-813
3286
1470
-630
1972
-91
-1263
984
180
1169
3022
514
770
1604
-1680
-2130
-2
551
1998
1679
-608
-2167
-3388
-2856
-424
1468
1818
51
-3101
-3335
-1914
-1161
1450
3047
1018
-1075
-2025
-1534
463
1858
2216
1662
554
-697
-528
637
1337
2131
1225
187
494
246
-532
238
839
406
188
341
333
-136
-82
404
-4
-2052
-1427
-16
410
1646
354
-1937
-742
-1186
-2976
223
2420
1587
750
-2828
-4342
-607
195
51
2802
731
-1838
-1015
-1816
-270
2751
1081
352
1451
-379
-509
586
313
1577
2344
851
1128
908
-1343
-1489
-290
806
1825
1181
-295
-2407
-3623
-2319
-495
1452
1758
-597
-2928
-3009
-2155
-881
1817
2622
711
-1123
-2486
-1402
978
1881
2408
1597
117
-951
-683
783
1801
2286
1036
-242
42
-178
-153
790
935
601
308
153
305
26
-54
855
-549
-2749
-987
830
817
1187
-851
-2302
-300
-1693
-2775
1564
2431
451
-349
-3773
-3331
913
-129
433
2793
-604
-2193
-557
-1354
838
3056
316
573
1415
-1017
-169
1110
585
2071
1927
352
1049
52
-1848
-621
899
1147
1316
324
-991
-2442
-3095
-1010
572
1004
477
-2210
-3195
-1708
-1399
-434
2126
1593
-1171
-1602
-1374
-403
2036
1752
993
1064
-605
-1036
754
1706
1885
1764
269
-554
621
600
341
1589
757
-329
-1
161
596
513
739
587
-1987
-2672
-260
891
1326
1154
-1703
-2089
-808
-3008
-1727
2714
1562
-8
-1294
-4266
-1857
978
-506
1402
2212
-1586
-1544
-386
-1119
1473
2160
197
1509
1117
-1135
-22
753
691
2189
2052
1127
867
-1049
-1970
75
1391
1387
1020
259
-1839
-3660
-1862
-238
1057
1662
-1230
-3327
-2259
-1413
-1186
1462
2522
-496
-1593
-2119
-1772
1594
1900
1141
1244
-314
-1242
-103
1737
2073
2119
1098
-742
212
644
443
1578
1285
188
-324
43
510
211
483
1135
-468
-2840
-1425
458
751
1496
-643
-2564
-415
-1508
-2883
1179
2274
266
-354
-3099
-3317
843
311
-162
2357
-333
-2412
-600
-871
457
2624
748
400
1352
-669
-549
1177
1073
1560
1894
928
758
-82
-1305
-270
1334
1285
604
268
-282
-2180
-2945
-502
601
848
430
-2656
-3031
-1277
-1524
-569
1955
1160
-1536
-1667
-1719
-828
2081
1523
712
968
-1066
-1332
846
2172
1946
1650
625
-1025
145
1132
825
2003
1280
-765
-402
721
642
322
1348
842
-1979
-2706
-1003
973
1978
859
-1889
-2074
-927
-2630
-1763
2217
1816
-19
-1628
-4180
-2162
977
41
1090
1881
-1658
-2353
-686
-698
1398
2345
447
583
263
-1298
177
1768
1467
1782
1603
733
379
-618
-789
1013
1779
801
23
-35
-670
-2527
-1843
371
530
508
-955
-3012
-1901
-947
-1540
-4
1631
-444
-1842
-985
-1366
148
1929
528
572
546
-1171
-474
1805
1921
1240
1367
75
-595
1173
1279
1284
1784
280
-584
515
1279
462
570
1610
-93
-3148
-2051
580
1545
2065
-326
-3137
-1357
-1180
-3375
381
3290
359
-690
-2930
-4596
-241
1277
-245
2068
347
-3726
-1598
-275
-201
2597
1808
-562
212
-775
-1066
1773
2444
1358
1407
1231
398
73
-267
436
1942
1349
-141
-284
381
-950
-2210
-206
630
93
57
-2122
-2762
-613
-1020
-1421
715
328
-2168
-1391
-782
-1155
944
954
-371
366
-378
-1037
1121
2162
1051
1059
954
-240
443
1758
1534
1665
935
-585
-19
1417
1480
923
1149
1235
-993
-3397
-1201
1553
1872
1542
-980
-3058
-1284
-1460
-2558
1596
3143
-467
-1576
-3451
-4196
386
1623
254
1590
-1102
-4192
-1324
341
458
2643
1495
-1004
-500
-908
-171
2515
2376
920
927
825
110
168
835
1521
1814
731
-507
-131
675
-469
-1465
259
405
-897
-497
-1827
-2268
-331
-911
-1470
195
-326
-2162
-807
-182
-1410
365
666
-945
148
-213
-996
1055
1799
703
1054
1151
-247
695
2139
1368
1349
1051
-42
528
1460
1187
981
1215
1005
-1396
-2821
-141
1361
1322
1039
-1539
-2956
-987
-1406
-1843
2030
1786
-1205
-1581
-3537
-3433
1017
1427
84
828
-2047
-3553
-399
586
755
2213
568
-1472
-755
-410
869
2657
1978
423
522
672
234
700
1410
1611
1221
327
-472
263
980
-867
-1075
535
-266
-555
-410
-2216
-1716
-188
-1340
-1233
465
-1090
-2107
-375
-1188
-1110
1106
-107
-841
253
-772
-681
1452
1220
359
1309
463
-630
1380
1835
1054
1598
809
36
1115
1530
1064
1152
1506
956
-1930
-2168
745
1630
1557
694
-2291
-2470
-266
-2051
-1198
3096
896
-1607
-1929
-4351
-2413
2035
489
-218
93
-3378
-3086
507
596
1183
1978
-874
-1950
-656
-23
1587
2551
1232
-129
369
698
489
1108
2063
1697
665
174
-36
1066
1056
-1110
-251
1060
-234
-197
-614
-1903
-561
-106
-1753
-587
321
-2088
-1499
-274
-1699
-192
800
-1232
-792
-66
-1170
-45
1484
113
211
1542
-180
-200
1909
1099
644
1285
444
560
1804
1254
369
1091
1528
-172
-2125
-541
1371
1335
1303
-236
-2404
-953
-457
-2415
841
2833
-904
-1521
-2375
-3914
14
2115
-499
-62
-1072
-4025
-1552
985
258
1184
729
-2119
-1603
80
773
1973
1869
109
-391
706
746
625
1823
1792
469
372
672
852
1320
430
-488
706
1074
-361
-453
-705
-931
-201
-798
-739
23
-1032
-1740
-1153
-1088
-670
47
-855
-1497
-599
-646
-657
311
75
-151
746
532
-171
780
1207
133
556
1290
812
1587
1738
169
662
1816
-216
-878
1184
1249
1140
1106
-754
-1384
-117
-795
-1196
1501
1425
-1158
-1875
-2385
-2346
361
1075
-639
-727
-1642
-2969
-1259
683
541
746
-249
-2383
-1605
323
1073
1362
996
-342
-528
462
707
1185
2154
1306
-98
-18
629
1272
1666
1188
112
-148
-326
-327
506
486
16
-565
-1481
-1176
-627
-689
-181
-273
-1228
-1424
-1054
-1047
-424
499
-220
-884
-940
-1117
-44
1162
1087
763
412
-137
-258
839
1927
1936
1848
1259
488
-144
-527
620
1965
2527
1092
-998
-1112
-375
-501
-356
1258
1367
-320
-1746
-3011
-2139
616
968
-288
-813
-2432
-3033
-1244
48
312
651
-431
-2192
-1877
-761
698
1759
946
-511
-722
-61
368
1083
2249
1849
89
-418
191
1035
2006
1685
569
467
72
-1070
-96
1453
1096
204
-690
-1443
-1121
-274
-104
-172
-179
-1038
-1613
-1107
-621
-114
241
-157
-936
-926
-239
31
460
723
410
446
312
361
1259
1974
880
-604
195
1387
1801
1504
244
-477
13
-230
-619
1033
1699
-120
-1520
-1897
-1563
307
1023
-534
-1257
-1719
-2210
-1059
363
188
-245
-802
-1946
-1518
102
999
886
358
-327
-646
-10
562
802
1563
1355
-187
-545
509
923
1218
1409
489
70
200
-600
-362
956
675
-187
-496
-1091
-1027
20
200
-315
-386
-807
-1295
-885
-379
97
377
-50
-812
-844
-96
535
786
911
808
380
134
-389
-290
1185
1994
1610
646
-367
-507
380
594
459
1552
1284
-748
-1828
-1731
-750
965
1013
-537
-1404
-1993
-2147
-941
463
508
-163
-1079
-2032
-1415
268
1180
937
204
-625
-779
242
987
1022
1416
847
-733
-277
983
1033
1240
1138
-113
-507
39
-360
44
1032
46
-910
-594
-778
-818
91
52
-691
-585
-694
-1110
-475
-60
-332
-69
-32
-471
-189
457
216
13
613
797
566
952
1509
422
-549
538
1236
1715
1928
222
-853
175
22
-479
1632
1960
-484
-1389
-1834
-1755
596
1263
-573
-1134
-1701
-2527
-1213
361
97
-425
-855
-1894
-1528
232
1096
594
-108
-586
-587
392
1028
691
1012
1100
-299
-204
1353
1416
1019
969
84
-94
716
316
181
876
25
-1079
-656
-442
-524
73
-42
-877
-899
-801
-1077
-756
-292
-401
-547
-534
-621
-408
255
251
14
435
627
351
634
1408
497
-387
657
1333
1682
1517
151
-415
705
532
-207
1511
1893
-184
-1356
-1668
-1190
672
1082
-467
-1207
-1612
-1922
-1045
338
350
-508
-1062
-1822
-1691
19
1206
389
-560
-701
-743
90
1015
709
745
825
-635
-646
1254
1440
755
613
10
-19
775
479
261
882
328
-795
-524
3
-150
127
-88
-911
-717
-351
-799
-820
-190
-302
-708
-564
-467
-210
208
-210
-462
190
562
379
574
1108
57
-743
329
1412
1910
1388
88
-476
387
454
228
1663
1784
-300
-1572
-1455
-594
1089
1354
-287
-1521
-1897
-1768
-628
770
483
-466
-1142
-1865
-1522
253
1492
534
-762
-860
-456
224
806
599
607
410
-663
-440
1189
1493
549
89
-171
-60
478
508
536
613
-115
-857
-479
181
322
183
-187
-671
-777
-539
-469
-291
102
-10
-508
-618
-528
-238
245
138
-26
263
289
92
518
475
-496
-148
896
1348
1236
248
-620
-38
637
162
705
1657
726
-860
-1408
-898
366
1381
545
-826
-1475
-1498
-929
34
543
-65
-814
-1422
-1588
-512
881
790
-397
-840
-421
169
605
771
688
473
-216
-469
761
1651
922
-4
-197
-112
294
611
536
499
129
-598
-686
-107
307
309
-234
-958
-989
-456
-92
-63
-188
-374
-629
-764
-495
188
552
-47
-657
-374
242
553
768
993
-17
-966
-156
1118
1815
1291
-62
-590
80
95
43
1352
1633
72
-1312
-1511
-576
855
1008
-2
-820
-1363
-1280
-505
373
386
-184
-732
-1350
-1276
-1
1036
420
-649
-799
-268
279
432
389
532
375
-344
-336
886
1394
535
-166
-193
167
508
541
506
288
-167
-433
-274
143
364
85
-524
-820
-543
-36
166
-212
-518
-406
-536
-596
-245
110
232
-193
-424
-64
354
483
522
358
-447
-448
596
1517
1403
272
-511
-182
447
303
633
1318
727
-686
-1259
-554
546
1061
366
-589
-1122
-1116
-614
99
435
-220
-891
-1047
-978
-427
545
612
-448
-1005
-608
190
593
361
59
-55
-386
-516
354
1403
1083
-175
-621
-239
389
735
704
550
-34
-640
-533
128
672
689
137
-561
-859
-482
244
575
84
-464
-452
-493
-446
-128
266
267
-338
-582
-171
306
399
393
94
-471
-416
365
1257
1147
-25
-674
39
630
221
339
1024
723
-489
-1148
-503
760
1090
163
-736
-889
-710
-404
249
432
-212
-788
-848
-690
-300
369
532
-209
-932
-652
396
987
440
-236
-211
-93
-194
233
1133
1126
-31
-879
-561
399
750
454
305
94
-354
-591
-180
507
585
-14
-466
-565
-425
11
322
67
-435
-666
-487
-60
112
42
30
-62
-393
-479
9
514
559
168
-360
-520
-61
695
1087
600
-371
-572
225
787
559
358
423
272
-292
-780
-288
873
1126
83
-1001
-1117
-428
280
442
-12
-577
-717
-539
-261
19
186
76
-276
-563
-385
225
540
205
-221
-314
-109
236
475
450
305
81
-43
58
156
230
300
268
35
-230
-211
47
211
96
-80
-149
-255
-381
-388
-123
153
76
-236
-607
-576
-133
203
118
-182
-289
-217
-32
98
202
362
329
27
-286
-164
319
781
842
337
-257
-378
137
605
593
346
135
38
-149
-390
-257
264
530
221
-411
-799
-681
-155
241
205
-68
-472
-608
-439
-160
88
235
139
-224
-453
-349
35
367
412
134
-175
-211
32
362
410
220
29
-20
-51
52
218
235
154
-60
-223
-184
59
216
59
-193
-310
-253
-68
-15
-131
-223
-258
-290
-330
-231
-45
-24
-204
-296
-179
8
137
87
-32
-7
45
118
280
338
289
166
54
54
203
438
528
417
214
13
-13
122
271
383
397
182
-113
-203
-102
95
245
174
-159
-433
-401
-133
125
161
-119
-379
-318
-128
45
121
19
-175
-216
-99
21
112
85
-48
-91
-35
42
142
174
52
-106
-92
52
141
137
-42
-235
-180
-7
30
-47
-115
-202
-199
-153
-155
-95
-18
-110
-241
-210
-104
-12
44
13
-47
-67
-85
-15
158
219
106
-60
-131
-22
190
284
214
127
66
40
53
131
246
321
244
-5
-164
-58
135
244
228
54
-102
-97
-39
83
204
156
41
-39
-88
-43
79
125
1
-147
-179
-61
142
183
0
-179
-204
-95
55
100
30
-52
-113
-150
-87
34
96
-20
-237
-275
-107
79
81
-85
-197
-182
-122
-29
83
99
-9
-184
-262
-139
55
120
69
3
-87
-138
-119
-16
118
138
54
-51
-103
-43
28
74
118
97
-31
-148
-80
70
131
42
-118
-189
-102
16
83
85
7
-82
-86
-11
131
262
216
59
-22
70
215
270
227
170
160
166
124
73
99
133
95
46
42
-3
-66
-59
-42
-52
-83
-123
-95
-62
-148
-235
-216
-130
-103
-158
-173
-140
-96
-121
-183
-142
-20
88
106
21
-73
-86
-19
66
112
117
64
-4
-32
-29
14
54
21
-27
12
36
2
-2
-3
-17
-13
-18
2
51
-16
-172
-220
-131
-34
25
3
-118
-205
-173
-43
94
125
29
-69
-63
14
96
185
232
186
94
43
89
199
277
278
223
133
102
143
187
182
136
107
71
34
35
40
14
-22
-66
-96
-93
-101
-84
-59
-120
-244
-295
-207
-55
-5
-45
-114
-144
-129
-100
-1
105
135
81
8
-19
21
120
184
149
93
20
12
33
21
13
3
18
26
17
-26
-96
-140
-164
-128
-54
-47
-88
-160
-220
-205
-117
-24
13
-8
-72
-115
-85
-19
29
45
32
-10
-21
25
77
74
69
49
9
9
15
43
87
102
87
58
48
70
80
71
78
76
41
2
-8
31
59
34
-17
-79
-122
-129
-78
-11
35
32
-29
-81
-103
-84
-15
59
77
19
-57
-61
-20
29
72
94
73
17
-26
-24
49
130
150
95
14
-43
-45
14
84
131
110
18
-88
-132
-72
24
64
-13
-153
-219
-180
-99
0
65
41
-29
-73
-66
-6
70
72
24
-29
-71
-60
-9
28
32
13
-14
-32
-10
17
10
2
-23
-40
-46
-40
-15
-3
-30
-93
-120
-78
-9
19
7
-14
-46
-55
-47
6
48
49
46
32
30
50
74
80
45
18
24
60
82
46
0
5
14
3
22
41
33
20
7
-7
-9
7
19
14
-8
-32
-28
-15
-12
-3
17
17
-8
-14
19
68
96
75
52
43
26
19
46
104
127
96
52
17
-8
12
46
58
43
11
-15
-38
-45
-21
-14
-41
-75
-107
-102
-81
-61
-47
-55
-93
-146
-155
-115
-67
-49
-54
-52
-52
-37
3
54
89
95
76
71
82
94
105
108
100
56
9
9
42
73
80
44
-20
-59
-41
1
26
17
-13
-44
-73
-80
-28
25
28
-5
-50
-55
-20
11
24
7
-21
-16
27
69
68
38
25
25
11
11
36
74
89
44
-6
-18
-5
13
36
37
10
-3
-13
-18
-11
-11
-22
-39
-64
-67
-35
-21
-36
-75
-90
-79
-64
-51
-57
-58
-72
-86
-67
-39
-9
-4
-22
-10
6
15
22
37
49
41
21
1
3
23
35
19
-11
-37
-50
-71
-75
-56
-46
-40
-60
-62
-49
-49
-68
-80
-63
-29
-11
-21
-29
-33
-38
-29
8
44
67
76
48
18
22
43
71
89
93
85
75
58
45
57
68
54
32
12
16
21
4
-17
-24
-9
-1
-6
0
-11
-35
-37
-34
-18
-7
-15
-32
-40
-39
-28
-11
7
19
15
3
1
10
23
30
25
5
-18
-7
17
34
43
46
31
2
-7
0
19
19
5
-7
-10
-18
-20
-25
-23
-18
-33
-36
-39
-56
-57
-53
-48
-35
-21
-28
-39
-36
-19
4
30
55
66
65
54
34
29
43
59
76
78
58
34
29
44
55
44
19
12
13
6
5
0
-7
-21
-29
-3
20
16
-13
-38
-34
-14
21
43
33
3
-18
-1
25
32
31
27
31
26
13
13
6
4
-5
-20
-29
-37
-42
-33
-26
-31
-36
-26
-11
-3
-4
-19
-22
-21
-11
-7
-17
-22
-29
-25
-11
0
17
31
24
7
3
17
13
-2
-3
-8
-16
-12
-4
0
10
8
-5
-12
-9
-2
13
22
14
7
3
-4
-11
-6
0
-4
-21
-27
-15
-13
-15
-8
-8
-16
-18
1
31
49
53
43
30
29
38
39
43
38
24
23
19
8
4
4
3
2
-1
-9
-19
-38
-51
-50
-47
-48
-48
-38
-35
-39
-40
-40
-30
-14
-11
-14
-5
-12
-16
-10
-6
15
25
28
33
44
42
27
17
9
18
27
14
-4
-15
-15
-15
-15
-17
-22
-25
-31
-26
-24
-27
-28
-37
-49
-52
-38
-21
-6
-8
-22
-23
-23
-16
1
12
17
12
3
9
23
35
42
45
44
39
34
37
42
34
23
21
15
19
17
16
21
11
1
-9
-5
9
18
8
-16
-30
-26
-6
3
-2
-17
-35
-36
-21
-5
6
10
-3
-18
-13
0
18
24
16
5
7
17
32
39
40
43
33
26
28
35
23
6
3
-15
-34
-38
-25
-22
-29
-46
-57
-42
-27
-19
-19
-22
-31
-43
-47
-28
-13
-4
-10
-21
-17
-11
4
18
19
18
18
18
16
15
19
31
34
21
12
2
5
8
7
10
5
-10
-27
-28
-29
-16
8
8
-10
-26
-30
-25
-6
6
11
8
-6
-19
-20
-11
-3
6
13
15
10
19
31
37
44
25
11
10
11
16
37
42
38
35
20
10
9
21
24
27
11
-12
-19
-16
-7
2
18
17
-1
-14
-12
-9
-7
-11
-13
-14
-22
-20
-24
-27
-11
0
1
-3
-10
-12
4
7
13
19
10
0
-3
-2
11
25
21
14
-1
-2
9
29
36
29
21
5
-3
-1
16
33
24
5
-2
-3
-2
8
14
12
-2
-19
-27
-24
-12
-14
-18
-42
-59
-50
-34
-16
-5
-9
-24
-26
-24
-18
-5
-12
-6
-13
-8
10
15
20
23
17
12
9
9
32
24
12
-13
-14
19
28
35
10
-24
-16
-3
14
21
10
-13
-36
-27
-8
-4
-26
-49
-53
-42
-25
-16
-22
-22
-28
-26
-24
-26
-20
3
-1
-20
-20
-16
14
30
24
23
33
50
54
46
41
36
42
43
42
41
34
30
24
22
5
8
11
-3
-6
-6
-4
-21
-43
-48
-41
-22
-10
-16
-19
-35
-53
-44
-27
2
-10
-15
-9
-13
-1
-4
15
31
34
29
6
5
12
17
23
18
0
-6
-17
-18
-8
5
10
-7
-18
-17
-1
-4
-6
-8
-28
-30
-34
-17
5
1
-16
-41
-49
-30
-1
10
1
-18
-36
-20
11
17
21
19
6
10
24
30
33
26
9
0
28
53
56
42
20
15
16
26
13
-1
-6
0
4
-8
-18
-28
-33
-32
-37
-13
7
-17
-39
-56
-23
12
15
7
-31
-35
-2
23
24
3
-4
-4
-2
37
46
14
-16
-28
-16
20
24
20
13
2
9
-13
11
4
5
42
11
17
12
14
21
-12
5
0
11
7
-5
1
-1
-5
-17
11
16
14
-2
-11
-11
-24
-24
-21
4
15
-3
4
32
25
4
5
37
56
43
24
-2
-8
-7
-1
-3
-17
-15
3
15
8
-14
-21
12
10
-9
-31
-31
2
-7
-19
-53
-57
-11
8
15
6
2
12
7
-2
-12
8
32
20
11
-11
-27
-20
-9
-13
-22
-17
-14
-10
-9
-14
-10
1
17
3
-3
7
13
-10
-22
-14
-22
15
24
26
8
0
24
11
31
2
-22
1
4
9
2
7
7
11
-1
-6
11
28
25
11
3
-24
-17
-7
4
12
-1
-7
-23
-12
-10
-15
3
1
-16
-30
-31
-14
-4
-14
-18
-21
-5
0
-8
-5
-15
-9
-20
0
18
17
26
-4
-20
0
2
12
0
3
12
-2
6
-10
2
14
-13
-22
-23
-1
5
-2
-6
-7
8
9
-9
-11
7
8
4
-26
-18
9
21
14
-22
-9
9
13
1
-15
16
36
28
5
-9
7
25
14
-6
-12
18
36
7
-21
-9
20
27
-10
-34
-5
23
9
-36
-34
15
34
8
-40
-20
27
46
6
-41
-18
24
43
-8
-36
-6
60
35
-30
-78
-29
93
51
-60
-167
-38
121
49
-67
-155
22
107
22
-112
-133
56
118
9
-185
-91
64
183
69
-159
-74
66
274
-6
-180
-34
122
235
-103
-144
8
175
88
-142
-84
108
184
7
-158
-72
95
78
-23
-74
-38
75
44
-69
-109
-22
92
41
-85
-90
27
122
-46
-128
-50
108
113
-107
-100
-8
131
33
-127
1
79
117
-32
-99
33
44
91
-35
-34
47
65
61
-26
-64
2
67
80
-2
-117
-25
50
28
-58
-85
38
78
-28
-144
-78
63
88
-64
-111
-75
55
73
-111
-73
-30
105
38
-85
-34
29
118
-27
-71
-6
95
126
-52
-77
2
103
35
-22
10
22
49
-35
-21
5
26
32
-39
9
-30
-41
35
40
10
-102
-32
95
16
-75
-103
72
147
-54
-155
-52
175
74
-134
-77
98
152
-86
-149
48
190
51
-145
-58
106
107
-77
-119
69
122
-32
-144
-20
126
25
-126
-112
93
119
-108
-180
-55
152
78
-144
-135
41
120
-84
-177
-23
158
131
-110
-149
28
136
8
-111
-17
127
114
-55
-90
14
82
39
-24
38
89
37
-47
-51
39
66
34
14
16
13
-44
-56
-11
30
30
-35
-43
-20
11
-11
-50
-22
6
-1
-17
-22
-29
-23
-36
-6
37
56
45
-15
-13
5
50
62
28
26
44
18
-17
-34
-1
69
60
10
-55
-46
23
30
-3
-26
16
41
-17
-87
-81
-12
55
29
-47
-33
-11
16
-44
-96
-44
38
107
24
-75
-69
31
71
-1
-58
-6
92
77
-25
-99
-32
83
63
-14
-42
-10
24
0
-49
-60
-15
59
61
-2
-73
-52
46
67
19
-23
37
112
66
-34
-74
25
110
60
-52
-72
23
42
-10
-92
-54
33
30
-13
-68
-17
18
-21
-61
-59
18
31
-45
-83
-49
26
44
-2
-30
-18
12
20
1
14
48
73
42
9
5
14
29
33
9
11
26
17
5
-51
-61
-22
8
14
-49
-67
-38
-32
-38
-63
-47
-6
-9
-34
-40
-4
13
-4
1
7
31
35
28
31
35
32
21
43
60
59
36
22
28
39
34
9
-3
4
20
-3
-51
-49
-30
0
-16
-45
-43
-13
1
-32
-44
-37
-2
-7
-32
-16
-10
4
7
11
18
36
56
46
24
18
33
52
45
15
9
21
40
10
-18
-13
3
-3
-50
-57
-35
-21
-27
-59
-48
-14
6
-2
-26
-20
6
16
5
-12
6
26
22
20
8
16
16
-9
-8
14
12
0
-15
1
21
-2
-12
4
29
24
-14
-28
-19
0
2
-27
-16
-3
-13
-21
-28
1
3
-16
-24
-24
-10
-24
-17
2
12
14
-2
12
34
38
22
0
17
42
34
-8
-27
-5
20
10
-27
-20
13
26
-14
-34
1
15
14
-22
-28
10
16
-9
-20
5
30
13
-6
-17
10
34
10
-2
-2
10
2
-7
-12
-18
23
30
11
-5
-5
21
24
8
-8
-9
1
9
-3
-12
-5
0
-10
-23
-9
8
17
11
-18
-34
-6
3
20
7
-8
9
6
1
-17
-9
11
18
-2
-20
-7
17
19
1
-15
-12
7
8
-3
-7
-1
7
5
-1
-10
-4
8
10
1
-4
12
15
10
-14
-12
11
10
-9
-24
-20
1
3
-12
-13
0
13
0
-22
-7
10
9
-3
-16
-16
-16
-19
-30
-20
-1
-1
-21
-41
-28
-9
-11
-20
-10
19
33
5
-25
-15
17
27
4
-3
18
32
21
6
1
21
28
16
-1
0
21
19
7
-6
-6
1
-4
-11
-12
-8
-4
-13
-14
-12
-2
9
8
4
4
7
8
10
10
17
15
13
4
11
20
17
10
-3
-1
16
18
8
-1
2
14
-1
-11
-15
-3
-8
-12
-5
-5
-1
-3
-9
-14
-1
1
-2
-4
-7
-12
-15
-11
3
14
12
2
-1
-2
-6
-6
-7
2
12
16
5
-4
8
11
13
-1
-7
4
5
-2
-1
11
14
-4
-9
1
8
14
9
6
-1
2
0
0
5
2
2
-1
0
4
6
5
4
-7
-15
-12
-9
-4
-12
-14
0
-1
-3
-17
-13
0
2
9
6
-2
-9
-13
-11
0
6
0
-9
-20
-19
-9
-7
-6
-9
-7
-6
6
16
14
1
-9
-5
-9
-1
-12
-11
7
10
6
-6
-7
0
0
-4
0
3
-4
-19
-29
-20
-1
10
4
-2
-2
0
-2
1
0
-2
2
-10
-10
-8
-5
-5
-4
-6
-1
0
1
11
10
5
0
2
-3
2
-2
1
2
5
9
2
-1
-2
6
8
8
9
9
7
7
5
-1
-1
7
3
11
11
6
-2
-9
-4
5
9
3
8
1
-2
-3
-2
-5
-2
7
3
9
14
8
1
1
1
7
12
10
12
4
5
8
11
11
11
9
4
0
-5
2
3
2
-1
1
5
-4
-10
-16
-14
-11
-11
-16
-17
-14
-17
-18
-19
-12
-12
-15
-20
-22
-6
-4
-9
-13
-9
4
5
9
3
5
11
5
4
9
17
15
10
7
4
13
12
7
7
1
6
8
-8
-14
-8
1
0
-7
-7
-4
10
15
5
0
2
5
-5
-8
-7
-1
0
-7
-6
-3
2
7
1
-2
-3
-3
9
9
4
3
2
8
6
10
13
5
6
2
5
5
16
19
7
3
5
14
11
17
16
19
26
16
8
4
6
9
7
7
7
9
9
4
4
3
8
1
-6
-12
-12
-13
-15
-14
-18
-15
-11
-12
-6
-2
0
-3
-9
-10
-11
-1
-7
-16
-10
-8
-6
-2
-2
3
6
10
0
-6
-8
-10
-11
-14
-12
-8
-13
-20
-19
-17
-13
-8
-4
-3
-6
-5
-12
-14
-11
-12
-12
-1
2
1
3
5
6
3
3
4
2
4
-2
-4
-3
-3
11
17
15
10
6
8
11
13
14
11
12
9
5
8
7
13
11
8
11
11
9
6
0
-3
-4
-5
-3
-1
3
6
2
-1
-3
-4
-7
-9
-15
-14
-7
-6
-3
1
1
-1
-3
1
4
4
1
-3
-6
-4
-2
-2
-2
-2
-6
-8
-6
-9
-15
-17
-14
-13
-9
-3
-4
-8
-7
-1
4
7
7
8
2
1
6
-1
-7
-2
6
7
9
7
-2
-6
-6
-7
-4
-3
-2
-6
-8
-17
-18
-15
-10
1
3
3
5
4
-1
0
2
2
6
8
6
1
0
-4
-7
-4
-1
5
7
9
10
10
6
5
5
5
9
15
13
8
7
2
0
7
6
6
4
-1
-1
-5
-1
-3
-6
-1
-3
2
1
-1
-1
-6
-1
1
-2
-2
0
4
6
4
7
12
15
14
13
14
9
5
-1
-9
-1
4
9
8
3
3
0
1
-1
1
5
9
10
5
-1
-12
-13
-8
-12
-9
3
6
3
-4
-12
-19
-17
-13
-5
-2
-2
3
1
-3
-8
-11
-9
-7
-2
0
0
4
0
-2
-1
-7
-6
0
3
9
6
3
4
4
3
2
0
4
4
3
-4
-3
5
6
6
2
2
2
5
14
15
12
7
4
6
4
6
7
5
6
-2
-4
0
3
1
3
4
4
1
-2
-5
-4
-11
-15
-7
-3
2
3
0
-4
-6
-5
-3
-4
-3
-5
-8
-12
-17
-14
-11
-9
-6
-8
-13
-13
-18
-14
-7
-3
-2
-1
0
2
2
3
0
2
6
9
16
12
6
1
-3
-6
4
15
14
11
7
2
-2
3
4
4
10
11
4
-2
-7
-6
-5
-5
-5
-1
9
13
9
6
0
0
6
5
4
3
-2
-6
-5
-7
-6
-2
6
10
4
7
9
5
4
-1
0
4
8
4
2
3
0
-12
-18
-8
6
16
12
1
-1
-1
-10
-11
-3
1
-1
-2
-5
-9
-11
-7
-8
-6
0
2
2
-4
-6
-9
-4
2
6
3
-3
0
3
2
1
4
8
3
6
7
1
0
-1
-2
0
3
8
11
8
8
2
-2
4
3
-1
-4
-2
4
1
-2
0
1
-4
-6
-5
-3
-2
-2
-9
-16
-11
-5
-5
2
10
17
16
6
-1
-2
-1
-6
-2
5
8
10
3
-4
-2
0
4
5
-1
-4
-7
-8
-4
-3
-6
-6
-4
-6
-1
4
-1
-5
-14
-16
-12
-6
-2
2
4
4
3
0
-5
-3
3
4
0
-2
0
2
3
3
6
9
12
13
14
13
7
0
-6
-5
-6
-5
1
4
3
-2
0
0
0
2
1
0
-5
-10
-8
-5
-3
-7
-6
-2
-1
-3
-2
-2
1
2
-3
-2
-1
-6
-7
-4
2
5
12
10
5
10
14
9
4
6
7
4
7
9
0
-1
3
-3
-8
-6
-2
-2
-8
-12
0
9
4
-5
-11
-10
-9
-6
-4
-7
-4
-8
-14
-8
-2
1
5
-2
-4
-3
0
4
1
-1
-8
-6
-5
-1
2
1
-1
-1
-2
-3
0
-6
-6
-4
-3
0
8
10
4
-1
1
-7
-10
-7
-3
-3
1
0
2
5
6
11
9
7
12
13
11
13
10
6
7
9
4
5
10
5
-2
-3
-5
-3
5
8
3
3
6
3
0
-2
-1
3
2
-2
-9
-6
4
4
4
0
-6
-7
-5
-3
-3
-3
-2
-4
-4
-1
1
1
1
-2
-5
-5
2
13
9
0
0
2
3
-2
0
9
13
10
5
-2
-3
-5
-7
-9
-8
1
2
2
-2
-8
-9
-9
-5
-3
-1
-2
2
-2
-9
-6
-3
1
6
9
7
4
-1
-3
1
3
6
7
4
8
13
4
4
3
2
2
-1
-1
-2
-2
-1
-2
-8
-8
-7
-6
-6
-6
-8
-10
-10
-6
-7
-9
-4
-4
-3
1
3
3
4
3
2
-6
-4
-3
-3
-3
-1
-2
-7
-1
2
5
4
-6
-8
-3
3
6
7
5
0
-1
1
8
7
10
7
1
2
0
3
5
5
5
1
-4
-8
-8
-6
2
4
2
3
2
-4
-5
-7
-11
-5
0
5
13
11
7
3
0
6
8
12
10
4
-1
-9
-9
-5
-2
2
4
-1
-3
-3
0
-3
-1
5
8
11
8
5
2
6
11
8
6
7
1
-3
1
3
1
3
7
5
6
11
13
2
-4
-9
-14
-11
-12
-8
-3
-5
-2
-3
-3
-3
3
5
5
2
-4
-8
-13
-12
-9
-7
-11
-10
-4
-7
-10
-15
-16
-11
-9
-5
-8
-9
-12
-9
-3
-1
3
5
4
3
0
0
-4
-7
-8
-7
-7
-6
-3
0
7
12
10
9
11
18
19
15
10
1
-10
-7
-6
-2
5
2
-4
-3
0
4
5
8
14
10
4
-3
-2
0
3
5
5
0
-2
-7
-7
1
6
8
4
7
7
4
-2
-5
-6
-5
-1
-2
-4
-7
-10
-14
-13
-10
-9
-6
-1
7
13
9
12
9
8
9
8
11
3
-2
-4
-5
-4
-1
2
2
5
7
3
3
-1
-4
-7
-6
0
2
-1
-9
-6
-5
4
7
-2
-3
-7
0
3
-1
-3
-15
-20
-15
-13
-8
-4
0
0
-2
-9
-2
5
7
9
7
7
6
4
3
15
22
15
12
5
-2
-2
-3
2
6
8
2
-3
0
-1
-1
3
0
-2
-4
-10
-9
-9
-12
-14
-7
-1
1
0
-2
-3
-11
-15
-14
-14
-9
-6
-1
5
3
6
9
11
10
7
7
10
11
9
10
6
13
16
14
12
10
8
5
1
-4
-4
-8
-11
-6
-5
1
-3
-11
-4
-1
2
-1
-5
-2
-2
2
-4
0
1
0
1
0
3
-2
-5
-6
-6
-5
0
0
-1
-2
0
4
3
5
10
4
1
6
-6
-14
-10
-13
-13
-11
-2
6
7
6
2
8
8
6
4
3
0
0
7
-4
-9
-4
-5
3
6
2
1
1
2
1
5
10
13
13
9
5
1
-1
-3
0
-4
-6
1
4
7
11
9
4
4
5
5
8
7
4
1
-6
-2
0
-7
-9
-7
0
2
2
1
-7
-3
-4
-8
-3
-3
-2
-4
-2
3
4
2
-1
3
3
-5
-10
-12
-12
-9
1
8
12
12
6
7
14
17
10
3
-1
-9
-9
-10
-9
-4
1
6
8
8
8
3
-3
-4
-5
-5
-2
-1
-2
-8
-7
-6
-3
5
8
9
8
-2
-12
-13
-10
-7
-1
2
2
3
3
6
1
3
6
3
0
-3
2
5
6
5
-2
0
1
0
0
-2
0
-3
-4
-3
-7
-10
-15
-9
-7
-7
-3
-7
-2
6
5
3
3
1
1
2
1
0
2
3
7
8
5
4
2
1
-6
-8
-2
-5
0
6
11
15
12
8
0
-4
-3
-3
2
4
1
-4
-12
-18
-17
-14
-11
-7
-6
-5
-4
-4
-7
-3
1
0
1
2
1
2
3
3
0
-1
1
-2
1
6
2
3
6
6
5
1
6
9
8
10
8
2
6
6
5
8
-1
0
1
2
4
-1
-6
-7
-6
-8
-9
-1
4
4
1
-2
0
2
0
-4
-7
-7
-7
-1
-2
1
7
3
-1
1
8
5
3
1
-5
-2
-6
-3
-5
-10
-7
-10
-3
2
1
3
-5
-8
-10
-10
-4
2
7
10
8
2
5
6
6
7
1
-4
-15
-20
-15
-13
-6
-3
-6
-4
-7
-4
-4
-4
-3
-7
-7
-12
-13
-14
-8
-6
-7
0
-3
4
3
-3
-4
-2
3
4
4
4
2
4
9
12
20
23
17
17
11
7
5
-3
3
8
7
7
-1
-3
1
2
7
6
0
-3
-3
1
3
3
2
-7
-4
-4
-1
5
9
10
2
3
7
12
14
5
2
3
0
4
-2
-6
-2
-1
-5
-2
3
0
8
13
14
11
8
4
1
3
0
2
-1
-4
-2
-10
-7
0
4
0
-5
-6
-2
0
0
3
-2
-5
-7
-7
-6
-4
1
5
7
12
9
4
7
1
4
4
5
3
-7
-8
-11
-4
-2
-2
6
5
6
7
0
-1
-11
-10
-6
-5
-5
-9
-8
-10
-11
-4
-5
-2
0
-1
-5
-10
-10
-9
-6
-2
1
1
2
5
8
4
3
3
-4
-8
-7
-2
2
4
7
10
5
4
6
4
9
9
2
0
-1
-2
-7
-10
-6
-3
7
8
11
8
1
0
-8
-14
-4
2
2
-3
-9
-7
-3
4
1
-7
-5
-6
-7
-3
1
5
4
-1
2
0
-1
3
0
-6
-8
-4
2
4
4
4
0
-2
0
0
6
6
4
4
2
-3
-3
-1
4
6
-1
-6
-13
-13
-9
-8
-7
-2
-3
-1
-3
-7
-4
-3
-1
-1
-3
-6
-7
-8
-14
-14
-9
-3
-2
-3
-2
-3
1
1
1
5
9
8
6
8
9
5
2
-2
-3
-3
3
5
7
5
4
-1
-1
8
16
17
13
13
1
-5
-7
-11
-7
-3
3
1
6
7
4
7
1
-3
0
4
4
4
1
-3
-6
-8
-4
5
9
8
4
0
-6
-7
0
-3
-2
2
1
-4
-6
-3
-1
9
7
2
-1
-7
-4
-5
-2
5
7
2
2
1
-2
-2
2
3
-1
1
-1
2
4
1
-1
-3
0
0
1
-2
-1
-3
-5
-1
8
9
12
14
7
6
5
0
4
3
-2
-4
-8
-10
-7
-7
-8
-5
-6
-5
-10
-12
-14
-17
-9
-7
-6
0
9
12
5
-3
-10
-13
-3
4
4
-3
-9
-7
-4
0
1
4
10
10
4
0
6
9
-3
-3
-3
-7
-3
2
1
6
6
0
-2
-4
2
6
4
2
1
2
3
6
13
15
7
7
7
6
9
6
3
4
-2
-2
6
6
5
2
-3
-6
-4
-7
-8
-12
-9
-6
-6
-1
-2
0
2
0
0
7
8
1
5
7
6
6
5
1
2
1
-5
-6
-4
2
4
-2
-2
-1
-7
-7
-4
1
5
11
11
2
6
3
0
6
11
10
7
1
-6
-8
-9
-9
-10
-6
-3
-4
-4
-4
-3
-6
-10
0
8
9
1
-9
-12
-19
-14
-5
-3
-2
-6
-14
-10
-7
-1
3
5
8
5
5
-1
3
7
5
3
-1
-3
0
8
9
11
6
-4
-9
-9
-7
1
8
4
-4
-10
-8
-6
-5
2
2
-4
-6
-9
-5
5
5
5
0
-5
-5
-3
1
1
5
4
10
11
8
14
11
8
8
5
3
4
-2
-4
-5
-2
-1
-3
-3
-6
-3
-5
-5
-2
-2
4
4
3
-2
-4
-2
-3
-3
-4
-4
-4
-3
0
2
0
-1
7
5
0
1
-2
-4
1
0
-7
-5
-1
4
4
10
10
4
5
1
-2
-4
-8
-5
-5
-2
1
0
5
5
1
4
7
8
7
5
5
0
-2
-4
-5
-2
1
6
3
-4
-1
2
-2
-7
-8
-5
-5
-9
-14
-10
-10
-8
-6
-6
-1
4
10
2
-4
-5
-2
1
9
14
15
18
11
6
9
5
5
3
-2
-3
-6
-6
2
4
0
-6
-7
-1
-1
-3
-6
-8
-10
-11
-11
-12
-4
2
4
1
-1
4
3
2
2
-1
-3
-5
-7
-3
-1
2
3
0
6
5
5
3
0
0
-2
-1
-2
3
1
-5
-2
-3
-4
-2
2
4
2
-3
-5
1
6
7
-2
-5
-2
-3
1
6
7
2
-1
4
6
10
9
9
7
1
5
4
4
4
5
6
8
7
5
8
7
8
11
12
11
6
-2
-7
-4
-1
-6
-5
-2
-4
0
2
6
6
2
-1
-8
-3
6
2
-3
-4
-5
1
1
-2
-2
-2
-2
-1
-3
-5
-2
-3
-8
-5
-2
-5
-7
-10
-10
-6
-5
-1
3
5
4
-2
-7
-10
-12
-9
-9
-10
-11
-17
-17
-9
-4
1
-2
-6
-5
-5
-5
-6
-7
-2
1
5
8
9
13
12
9
7
7
7
3
4
2
-3
0
5
2
2
-1
-4
-3
-5
-9
-10
-2
-5
-3
1
-3
-3
1
0
-5
-3
-1
-1
-2
-1
5
7
5
4
6
7
12
14
9
5
5
6
7
4
4
9
8
10
3
-3
-3
-6
-6
-8
-8
-8
-8
-6
-2
4
-1
-3
-2
-2
3
5
0
0
5
8
6
4
3
1
-2
2
-1
-6
-1
-2
2
3
-2
-8
-16
-15
-12
-8
-4
1
0
-4
-7
-7
-8
-7
-1
4
6
3
0
1
6
10
10
8
7
10
6
1
6
8
5
1
3
3
5
8
4
4
8
6
6
5
6
5
5
7
1
0
-1
3
1
-4
-1
-8
-15
-18
-14
-9
-5
-1
-2
-2
3
5
1
-1
-3
-7
-7
-4
-2
3
3
2
4
8
9
8
6
2
-3
-5
-5
-3
0
1
0
-1
3
4
8
10
5
3
-1
4
5
5
5
4
7
6
6
9
11
10
5
3
-1
-3
-4
-6
-9
-11
-8
-4
1
3
3
-2
-2
1
3
3
1
0
3
4
3
2
0
2
1
-3
1
8
13
13
11
6
4
-1
-6
-8
-5
2
0
-3
-3
-4
-7
-5
-3
-7
-9
-9
-8
-6
-3
-2
-2
-6
-3
1
1
-3
-6
-6
-1
2
0
-4
-9
-11
-10
-8
-4
-1
-2
-1
-1
-5
-12
-15
-10
-6
-3
-3
-3
-7
-5
-3
-6
-4
-1
2
-2
0
6
12
10
12
7
3
2
-1
2
1
5
-1
-11
-7
-3
0
-2
-5
-6
-4
2
1
4
6
4
3
3
5
11
13
10
9
6
6
8
6
6
3
-1
2
5
5
7
4
4
4
0
0
1
-4
-9
-6
-2
-3
0
0
-2
-5
-9
-15
-10
-4
-3
-3
-2
0
-3
-2
-3
-4
0
0
3
2
-3
-6
-2
1
4
6
0
-3
0
1
0
0
-2
-6
-6
-2
-3
-3
-2
-1
2
7
6
3
7
9
9
10
5
4
-3
-7
-6
-7
0
5
4
4
7
3
2
4
-2
-3
-5
-8
-4
-5
-7
-10
-8
0
-1
-1
3
-1
1
4
6
5
3
-2
-2
0
0
1
0
2
2
-2
-3
1
5
5
1
-3
-1
1
2
2
5
4
0
-4
-4
1
0
-1
-2
-2
-1
-1
-1
1
1
1
1
-1
-6
-12
-13
-13
-6
2
3
2
7
7
1
-3
-7
-6
-4
-9
-7
-5
-7
-5
-3
5
11
11
11
5
7
11
10
15
18
19
18
20
16
8
3
1
4
0
-4
-1
0
-5
-8
-6
-2
4
3
1
0
-3
-4
-3
-4
-3
-4
-7
-5
4
9
11
11
4
1
6
6
2
9
14
9
4
4
-4
-9
-3
0
7
14
6
-5
-9
-7
-4
-2
-2
-1
-2
-4
-6
-12
-11
-8
-2
-1
-2
-1
0
-3
-6
-11
-9
-3
-10
-11
-10
-10
-9
-13
-15
-16
-17
-13
-12
-11
-7
4
10
4
2
2
8
5
5
0
-8
-8
-16
-17
-13
-7
-2
5
5
-1
-6
-13
-18
-14
-10
-8
-2
9
10
-2
-5
1
2
6
13
8
5
4
-4
-7
3
5
2
16
35
36
25
15
15
12
10
10
14
12
3
-11
-21
-17
-9
-3
-6
0
2
-2
-3
-1
5
5
8
9
3
-2
-8
-9
-8
-9
1
11
15
7
3
6
12
17
17
19
12
7
-2
-8
-4
1
1
4
1
-2
-11
-14
-8
-4
2
2
0
-1
0
-2
1
3
2
3
-2
-4
-8
-8
-11
-9
-9
-9
-3
2
3
-2
-4
-6
-2
1
4
4
4
3
2
5
7
6
1
-2
1
-1
-6
-1
-1
1
7
10
7
2
6
5
1
0
2
3
3
8
10
4
7
8
4
-2
-7
-11
-14
-16
-12
-13
-5
3
-2
-2
0
7
12
8
-4
-6
-2
-7
-12
-12
-9
-5
-3
-13
-22
-19
-10
0
4
8
2
-7
-13
-19
-14
-6
3
14
12
10
7
9
10
6
9
12
6
-4
-9
-10
-14
-3
2
3
6
5
5
4
7
13
13
12
10
0
-3
-6
-9
2
14
14
6
5
2
10
16
7
-5
-6
6
-2
-5
-11
-14
-6
-9
-7
-1
2
3
3
4
1
4
8
-2
-4
6
12
8
3
0
4
15
17
14
11
12
7
4
-12
-19
-6
-4
-12
-15
-11
-10
-4
3
9
14
10
3
-5
0
4
2
-8
-14
-12
-9
-3
-1
-1
-1
-2
-2
-6
-8
-4
0
7
10
17
15
0
-5
-1
8
1
-1
5
-5
-6
-12
-8
-3
-9
-8
-5
1
0
0
0
-3
0
-3
-5
5
4
-2
-10
-13
-6
-7
-6
3
6
-2
-12
-14
-12
-8
-5
-6
-2
0
-4
1
5
6
9
10
5
1
3
2
-3
-6
-1
2
8
12
6
4
0
2
3
3
1
2
2
5
3
2
0
2
6
2
4
8
10
14
15
16
8
3
5
-5
-3
-2
3
10
1
-17
-9
-3
-5
0
1
4
2
-11
-14
-4
-6
-6
0
2
-4
-10
-16
-17
6
14
-2
-12
-5
0
2
-3
-5
-2
-1
9
10
10
-5
-1
15
7
-6
-5
5
9
6
-1
0
10
9
-7
-9
17
24
6
-2
-2
2
-5
-12
-5
4
0
4
4
-9
-13
-5
0
-6
-6
-7
-4
-11
-28
-16
-2
-4
0
4
5
7
1
1
9
9
0
0
3
-2
-4
6
15
14
4
-5
-2
1
-1
-3
2
11
6
-4
-9
-13
-15
-20
-19
-8
-5
-7
-8
4
10
-2
-9
-1
2
2
2
8
17
7
-10
-15
-4
5
-3
-14
-8
4
5
-1
10
16
11
3
0
8
14
15
9
11
15
4
-4
-4
0
3
-1
-5
-2
1
-3
-2
5
1
-2
0
-11
0
-1
-9
-9
-1
8
-1
6
10
0
-9
-14
-3
17
19
19
16
11
7
2
-4
-3
-1
-5
-6
-10
-14
-12
-7
1
7
2
-4
-5
-6
-4
0
-3
-8
-13
-16
-18
-17
-6
3
2
-3
-5
5
17
15
9
10
4
-2
-6
-12
2
17
16
9
2
-5
-4
3
6
1
2
-6
-11
-7
-8
-3
-5
-1
6
1
-2
-2
7
1
-3
1
4
0
-1
-2
-12
-13
-14
-9
-4
-8
-9
-11
-10
-8
-1
9
7
10
5
-1
-4
-5
-1
6
13
13
4
1
0
2
4
8
8
3
3
-1
-5
3
12
15
8
-2
-3
-6
-3
6
11
13
14
5
-5
-5
-2
7
0
-13
-17
-19
-14
-11
-1
1
-2
-2
-11
-11
-5
4
12
6
10
5
4
3
5
8
5
6
-1
1
6
3
0
4
5
-5
-1
0
1
1
-8
-18
-25
-17
-9
-15
-7
-14
-16
-8
-7
-5
-7
3
-2
-4
-2
-3
-1
4
5
8
16
13
14
12
14
2
1
16
13
9
2
6
4
2
-4
-6
3
-2
-2
-5
2
12
10
13
13
18
15
-1
-7
-10
-16
-35
-56
-54
-59
-55
-38
-23
-11
-12
-13
-5
4
3
-1
4
6
8
10
9
6
26
54
61
69
62
51
46
38
35
28
23
26
23
13
10
9
9
7
7
14
9
2
-3
-19
-25
-28
-22
-11
-9
-11
-9
-3
-4
-5
2
4
4
-7
-10
-7
-1
7
4
2
3
3
3
-4
-10
-10
-9
-6
-5
5
9
7
-3
-8
-10
-13
-9
-9
-7
-6
-6
-12
-6
-8
-21
-21
-23
-20
-17
-15
-14
-8
-2
-5
-10
-12
-15
-14
-8
-7
-5
-4
0
1
-7
-6
-1
-1
2
4
3
3
3
5
7
8
10
9
5
8
16
16
11
9
4
5
6
2
2
5
7
3
1
3
4
4
-5
-11
-6
-7
-7
-5
-6
-2
2
-4
2
7
6
7
2
3
7
5
1
0
1
1
1
2
0
-6
-9
1
10
14
8
3
0
-3
-1
-2
-1
-2
0
3
2
2
5
8
6
3
1
2
3
1
-3
2
4
-4
-6
1
-1
-9
-12
-9
-2
-4
-7
-10
-8
-5
-7
-8
-13
-12
-13
-13
-6
-2
1
-2
-6
-5
-7
-4
-6
-8
4
5
-2
-9
-14
-5
4
10
10
2
5
4
1
1
2
7
5
-1
-6
-1
4
0
2
2
-2
5
6
4
4
7
8
10
9
0
7
13
12
11
8
3
2
3
-1
3
9
9
4
3
1
3
1
1
6
12
19
16
11
4
0
2
1
4
3
1
-5
-6
-10
-13
-8
-5
-7
-8
-6
-2
-2
-9
-11
-13
-14
-3
2
0
-1
-5
-9
-10
-10
-14
-14
-8
1
12
16
13
6
2
1
-4
-7
-11
-7
-2
5
6
2
1
3
8
5
9
12
17
4
-7
-7
-8
-7
-2
6
5
2
1
-2
-1
-1
-5
-9
-10
-11
-5
-3
-4
-3
-2
-2
-2
0
6
15
15
12
10
6
7
9
1
0
1
-1
1
-1
-1
-1
-1
-3
-6
-6
-1
1
-2
-7
-9
-9
-6
-8
-10
-8
-5
-3
-4
-6
-6
-2
-5
-7
-4
-1
-1
3
0
3
5
3
-1
-6
1
4
6
7
5
7
6
6
8
10
5
-1
-3
-8
-5
-3
-3
3
7
5
-2
-1
3
6
11
8
8
13
8
1
7
13
13
10
5
6
11
11
5
2
1
1
1
-2
-2
3
5
6
4
-2
-6
-2
0
-6
-9
-10
-5
-11
-13
-2
-1
0
0
-2
-3
-3
-1
-1
3
-1
-3
-1
1
3
4
-1
-8
-10
-5
-8
-7
-5
-5
-1
-6
-5
-2
4
7
3
0
0
4
11
11
13
11
6
2
-1
0
0
-1
-4
-2
2
1
0
3
0
0
0
-2
1
-3
-6
-5
-5
-4
-4
0
-3
-1
1
0
-2
-5
-8
-9
-6
-3
0
5
9
10
7
6
9
10
10
6
3
-1
0
2
5
6
5
7
8
5
4
1
-4
-6
2
3
5
7
10
12
9
2
-1
-2
-3
0
4
2
-6
-11
-13
-16
-8
-4
-5
-2
1
-3
-14
-18
-18
-17
-14
-13
-7
3
4
3
-1
-4
1
-1
-6
-2
2
6
8
10
10
8
1
-1
-1
4
8
6
0
-9
-8
-7
-13
-11
-8
0
7
2
4
7
1
-5
-5
-6
-1
2
2
-1
3
7
6
6
5
8
5
4
7
6
2
-2
-6
-8
-8
-5
3
2
8
9
3
2
6
7
7
3
1
1
1
3
-1
-3
-6
-4
-2
-4
-1
-1
-1
-2
-1
-3
-7
-6
-1
3
6
12
6
2
-3
-11
-10
-7
-9
-10
-4
0
3
6
5
6
3
2
7
6
6
7
7
6
4
2
0
-4
-7
-9
-9
-9
-9
-12
-15
-11
-10
-8
-7
-6
-6
-6
-4
0
4
7
5
4
6
7
5
3
4
2
2
-3
-7
-6
-10
-11
-6
-3
-3
-2
-3
0
-3
-8
-2
0
-4
-6
-1
1
2
3
-1
-4
-6
-3
-7
-4
2
1
3
-1
0
4
5
8
7
2
0
4
4
3
5
4
0
-1
-1
0
-3
-4
-1
3
3
0
2
5
3
-1
-1
-1
1
8
6
4
7
9
8
3
3
5
5
2
-1
0
2
8
3
1
-3
-8
-2
0
-1
2
1
3
4
6
8
11
6
1
6
4
2
0
-1
1
1
-5
-8
-10
-4
1
1
0
-8
-7
-7
-4
-1
-3
-3
-3
-2
3
1
-2
-6
-4
-5
-3
-1
-2
-1
2
6
4
1
3
1
-1
-1
-3
1
7
10
10
7
-3
-10
-9
-5
-2
1
3
1
0
-2
-2
5
1
-1
-1
-3
-7
-7
-3
-2
1
3
0
-3
-3
-3
-5
-5
-4
-8
-8
-4
0
-1
1
6
8
2
-1
2
1
-3
-3
-2
-4
-6
-8
-11
-5
1
-1
-8
-11
-5
-3
-11
-9
-6
-6
-6
-10
-11
-5
1
5
6
8
14
14
8
6
-1
-3
4
2
0
2
1
-3
-7
2
8
11
10
10
12
11
11
10
2
-2
2
0
-1
4
1
0
0
0
7
11
10
13
7
0
3
3
5
4
0
-5
-10
-11
-11
-8
-3
-6
-10
-4
-4
-6
-2
2
7
7
4
4
5
11
15
16
16
14
14
12
10
10
8
6
4
1
2
2
3
-2
-4
-2
1
1
0
-4
-6
-3
1
8
7
2
-4
-7
-9
-6
-3
-5
-4
-2
-1
4
11
15
14
15
15
12
10
3
-2
-3
-6
-4
0
3
4
0
-2
-4
-5
-7
-4
-6
-10
-7
-13
-16
-12
-4
1
2
1
2
-1
-3
0
-3
1
2
2
4
4
-1
-6
-6
-1
4
6
1
2
3
-3
-6
-6
-2
-1
-1
1
-2
-1
-4
-4
0
-1
0
-1
-4
-9
-12
-12
-7
-1
1
0
2
0
-5
-3
0
-1
3
0
-7
-8
-3
-5
-6
-2
-2
-2
-6
-7
-6
-6
-9
-8
-9
-10
-6
-2
-4
-5
-6
-8
-3
-6
-7
-4
-2
-3
-2
5
8
2
0
2
6
12
10
9
3
-2
-4
-2
1
2
2
2
1
4
7
5
-1
-1
2
2
4
11
7
5
4
-5
-12
-10
-4
-2
2
7
8
8
6
4
5
5
2
0
-2
-5
-3
-2
-3
-5
-5
-3
-4
-4
-8
-6
-2
-1
2
0
-1
-4
-11
-8
-5
-1
4
6
9
5
2
1
-4
-2
-2
-2
-1
3
11
12
9
7
1
5
7
7
8
10
6
2
4
2
4
3
0
-2
-4
-3
-1
0
1
1
2
5
6
3
3
3
4
2
2
2
1
-4
-4
-7
-4
1
1
4
6
4
1
3
8
6
0
0
-4
-1
-2
-2
-4
-4
-3
-4
-7
-10
-16
-20
-20
-19
-13
-10
-7
-10
-6
1
3
6
1
2
2
5
10
11
9
7
9
9
6
7
7
11
6
1
-1
-7
-6
-9
-7
1
5
2
3
8
9
3
-2
-1
0
-1
2
5
3
-1
-4
1
3
3
6
3
2
3
-3
-3
-3
-5
-1
1
4
5
-1
0
-2
4
11
10
11
11
7
6
6
3
-4
-1
-4
-8
-3
-7
-11
-15
-19
-18
-8
-2
-8
-8
-11
-9
-5
-3
-3
-2
3
1
-3
-2
-3
-2
-1
1
4
3
2
2
1
1
-1
-7
-2
2
6
5
1
1
-4
-3
0
-3
-10
-12
-14
-16
-9
-5
-2
-2
-2
-2
0
5
12
12
6
4
6
4
7
12
9
5
5
-1
-2
-1
3
1
2
6
0
2
5
5
9
6
9
6
5
2
-6
-6
-14
-9
-5
-1
5
3
11
8
7
7
2
-3
-10
-12
-10
-3
3
3
6
7
8
13
7
3
0
1
1
-1
-3
-2
2
4
5
5
1
0
1
-3
-7
-7
-3
-4
-7
-7
-5
-4
-2
-1
-6
-3
4
-1
-5
-8
-7
-10
-8
-1
-1
1
-3
0
8
13
15
10
7
3
1
-2
-3
1
3
2
-3
-3
-3
5
6
4
4
3
0
-3
-2
3
6
3
0
2
3
0
1
3
1
3
1
-3
-6
-8
-9
-8
-2
1
4
8
6
3
-6
-14
-9
-5
2
7
3
-1
-7
-4
-4
-2
3
6
11
12
6
8
9
4
4
3
4
5
10
11
7
10
9
4
1
-1
-4
-5
-2
-1
-1
-3
-7
-7
-5
-2
0
-2
-2
-1
3
2
3
4
0
1
1
2
-1
0
2
1
0
-5
-11
-11
-10
-8
-1
-2
-3
-5
-12
-14
-19
-19
-14
-7
-4
-2
0
-4
-10
-12
-10
-11
-4
-1
-1
0
-1
-1
3
5
6
6
7
4
1
-2
1
3
5
3
3
11
14
15
9
4
2
0
1
4
8
9
4
1
2
5
4
5
1
-4
3
2
-3
-1
1
4
9
11
7
4
0
0
-4
-4
4
1
-8
-12
-4
-3
1
6
8
11
14
11
2
1
1
-5
-9
-9
-6
-1
-6
-6
-6
-1
0
-4
-3
-5
-5
0
6
6
4
-1
-3
-1
-2
-3
-3
-10
-12
-11
-13
-13
-11
-2
-3
-1
5
2
11
15
11
11
10
5
-1
-2
1
0
1
4
4
7
5
-2
-6
-7
-4
0
8
12
12
9
1
-2
-1
0
-1
-2
-3
-1
-7
-14
-16
-10
-9
-2
3
5
9
0
-3
-4
-1
6
7
11
6
4
5
5
7
7
7
12
12
6
0
-5
-7
-5
-7
-9
0
2
-3
-4
3
1
1
2
-5
-7
-6
-7
-8
-5
-9
-14
-13
-5
2
3
1
-4
-5
-3
-2
-2
-6
-13
-9
-5
1
5
9
8
1
6
5
-2
-4
-9
-9
0
0
-1
-5
-8
-6
-6
-4
-6
-8
-11
-10
-12
-17
-14
-6
-5
-7
0
7
10
11
13
16
11
6
6
2
-1
-1
-1
-2
3
8
8
12
15
11
6
1
2
3
-2
-1
-3
-1
1
-1
-4
-6
-1
6
6
5
7
4
3
3
4
7
5
6
6
4
5
9
9
2
-3
-6
-12
-11
-4
2
2
-4
-8
-9
-6
-2
-3
-4
-7
-11
-15
-16
-7
-2
-6
-11
-12
-12
-12
-8
-10
-9
-9
-13
-4
0
10
18
19
18
11
6
1
6
11
7
6
0
-1
0
2
10
19
17
8
8
5
4
4
7
6
0
2
-1
5
8
4
4
-3
-2
-1
-6
-3
-3
-3
5
8
5
4
0
-2
-1
2
4
0
-6
-2
4
7
9
9
4
-3
-2
-3
-5
-5
-3
-3
-2
-2
-8
-12
-10
-5
-3
2
1
3
4
-2
0
-2
0
3
3
9
7
0
4
4
5
6
3
2
2
3
-4
-9
-4
2
4
3
0
0
-4
-4
-5
-4
-2
1
3
0
-3
-8
-4
-6
-6
-3
-4
1
3
0
-4
-10
-9
-8
-3
-3
0
13
11
1
-5
-9
-2
2
0
2
6
16
17
11
11
10
2
0
-3
-3
-5
3
13
15
12
14
14
11
9
0
-1
2
1
2
3
0
1
-3
-9
-8
-8
-11
-8
-2
2
1
-4
-7
-18
-22
-18
-14
-11
-4
-6
-10
-8
-11
-15
-13
-11
-13
-18
-16
-9
-4
3
1
3
0
-5
-1
-2
3
10
7
1
-3
-4
-11
-7
3
5
12
19
13
10
10
13
15
13
13
11
6
0
4
9
8
7
6
1
1
3
4
6
8
6
6
7
3
-1
-3
2
3
0
-2
-3
-2
2
2
6
4
5
10
4
2
2
0
-3
3
5
6
7
9
8
1
2
4
3
1
1
2
5
7
-1
-5
-4
-4
-7
-6
-8
