-3
0
0
-1
-3
-4
1
3
0
3
9
6
3
4
2
3
5
4
5
2
-2
-6
-3
-1
3
9
11
9
9
7
3
0
1
0
-2
-5
-3
-3
-2
-3
-8
-5
-2
1
3
-1
-5
-7
-2
1
-1
-3
-5
-7
-6
-2
0
-2
2
5
6
2
1
7
9
4
-2
0
-4
-6
-7
-6
-4
-1
-2
0
0
-3
-1
-3
-2
-4
-10
-7
-3
2
0
2
6
8
9
6
3
-2
-9
-12
-12
-9
-9
-10
-8
-6
-4
-1
4
8
10
6
4
2
-2
-2
-1
1
-4
-9
-6
-1
-2
-2
0
2
-1
-7
-7
-4
2
7
5
-1
2
5
8
12
12
12
10
4
0
-3
-4
-6
-3
-4
-4
7
14
12
6
2
-4
-5
-6
-9
-12
-15
-9
-6
1
8
8
2
0
-1
-5
-6
-7
-6
-7
-4
5
7
4
3
1
3
13
13
10
9
5
0
-3
-2
-3
0
-3
1
1
0
4
6
6
6
7
7
8
2
-3
-5
-7
-7
-8
-1
2
2
-2
-4
-3
-2
1
6
7
5
5
3
0
1
3
3
3
5
5
-1
-7
0
0
-1
3
4
3
-2
-4
-3
0
0
-3
-4
-1
2
0
-2
-3
-2
0
-3
-5
-9
-8
-6
-7
-9
-5
-3
-1
-5
-6
-4
-3
2
5
7
4
-5
-5
0
7
13
13
7
7
8
2
0
3
3
-3
-3
-3
-1
3
6
-1
-7
-2
1
2
0
1
-5
-9
-9
-13
-15
-11
-3
-1
4
9
8
5
6
2
1
1
-3
1
3
9
8
9
9
9
15
13
8
9
9
1
-8
-10
-7
-6
-3
-8
-6
6
11
9
0
-2
-4
-6
-3
-1
1
5
6
4
4
6
11
9
7
5
3
4
-1
-7
-8
-7
-6
-3
-3
-1
7
12
13
11
6
5
-4
-8
-6
-6
0
2
1
-4
-2
2
2
-2
-5
2
10
11
8
5
1
-3
-9
-13
-11
-5
-9
-9
-7
1
5
7
4
-1
-1
-4
-6
-7
-9
-11
-8
-12
-14
-7
-1
-1
-1
0
-1
1
2
-5
-12
-12
-13
-13
-14
-4
4
2
0
-2
-1
-4
-7
-7
-9
-5
-1
2
4
7
10
9
7
9
14
12
9
11
9
5
4
-5
-11
-11
-6
-3
-1
4
11
9
5
5
4
5
4
4
4
-1
-4
-3
-6
-9
-9
-4
-2
2
9
10
10
9
5
4
11
10
3
-1
-3
0
0
-1
2
7
2
-4
-4
-7
-2
7
4
0
5
-2
-10
-12
-10
-1
3
-1
-6
-6
-4
-1
-2
-6
-1
5
11
10
3
0
-6
-7
-4
-6
4
13
8
3
-5
-7
-4
2
4
4
6
7
6
0
-4
-9
-9
-5
-4
2
11
7
6
5
2
3
-3
-6
-8
-10
-9
-9
-7
-2
2
5
10
3
4
5
3
1
-5
-3
-4
-8
-6
-4
-2
5
3
3
5
3
6
1
-3
-5
-11
-11
-14
-14
-4
2
2
-6
-9
-12
-12
-4
0
0
5
6
4
1
-2
-3
2
7
7
8
10
6
6
14
16
12
12
7
3
-4
-8
-4
-3
-4
0
0
4
10
9
11
9
8
2
-7
-12
-12
-9
-4
2
2
3
2
0
-6
-10
-6
-3
6
7
4
6
1
3
-1
-2
8
16
9
-7
-9
-10
-8
-5
-7
-7
-4
-11
-16
-20
-10
3
3
4
0
-4
-8
-11
-12
-10
-2
-4
-8
-11
-7
-1
-1
3
5
4
10
12
10
5
4
-1
-4
0
1
0
1
-2
-2
5
8
11
10
6
1
-2
2
3
0
-6
-10
-11
-7
-4
-2
1
2
2
1
2
1
-4
-2
1
4
9
13
18
14
7
4
3
5
0
5
7
3
-1
-3
-3
-3
-2
1
2
5
9
6
-2
-7
-4
-1
1
4
-2
-9
-12
-13
-19
-13
-5
0
8
2
-1
-3
-3
2
5
7
5
9
5
-3
-3
-1
-6
-8
-2
0
-3
1
4
-2
-3
0
1
-3
-3
-7
-15
-11
-7
-8
0
4
2
2
0
1
4
4
2
0
-4
-1
-1
2
3
9
7
0
-4
3
8
7
6
2
-3
-10
-5
-6
-6
-6
-9
-11
-9
-1
4
3
8
9
2
3
0
-4
1
4
8
10
10
6
1
2
0
1
5
9
13
9
2
3
5
-2
0
6
5
2
-2
-6
-6
3
12
7
5
4
-1
-12
-19
-18
-14
-5
5
7
7
5
2
-1
-1
5
9
3
-5
-9
-11
-7
1
11
14
14
12
-1
-10
-10
-8
-3
0
3
3
-2
-11
-15
-12
-6
1
3
3
3
3
1
-1
1
7
8
8
6
5
4
0
-1
-7
-8
-3
-3
-2
-5
-3
5
11
16
11
1
-2
-1
-4
0
2
6
5
2
-3
-6
-5
-5
1
8
12
16
12
7
3
0
-2
-3
3
4
3
0
-7
-7
-2
4
6
2
7
8
6
9
6
4
4
-5
-10
-13
-17
-19
-21
-21
-19
-14
-7
-8
-6
-5
-9
-5
-1
-2
0
4
2
-2
-7
-10
-12
-8
-1
3
5
4
4
-7
-16
-6
-3
0
4
7
3
-2
2
3
1
1
3
2
0
0
6
5
2
7
11
7
7
8
6
7
10
11
4
1
-2
-13
-19
-17
-9
-7
-11
-9
-11
-8
-1
0
4
10
18
16
9
9
5
0
4
1
4
8
7
8
6
6
6
2
1
8
5
-3
-4
-4
-3
-1
2
2
1
-3
-8
-10
-9
-8
-10
-4
-7
-1
7
7
5
0
-3
-5
3
6
5
4
-1
-4
-5
2
7
12
11
2
-5
-13
-15
-16
-11
-5
-3
-2
2
7
2
-2
0
2
9
12
8
4
-1
-8
-6
-6
-4
-4
1
4
1
11
18
18
14
8
-1
-10
-12
-11
-6
0
3
5
4
3
3
-1
0
4
10
10
5
2
-4
-5
2
4
8
12
8
6
3
-2
-6
-5
-2
-2
0
5
3
-1
-2
-6
-6
-4
1
10
11
14
9
2
-5
-5
-2
-6
-7
-6
-6
-9
-6
-5
-6
-3
-4
-3
-3
-5
-5
-3
3
3
-2
-5
-5
-10
-11
-4
-4
-3
-4
-4
-4
-3
-2
-3
-1
-3
-6
-4
3
5
5
4
-2
3
9
11
10
14
11
0
-1
1
2
2
5
3
-5
-7
-2
1
5
8
1
-2
-9
-7
-3
-4
-11
-15
-9
-2
4
5
4
0
-2
-5
-1
5
8
4
0
-1
2
10
11
3
-2
4
5
3
4
1
2
3
-6
-4
-6
-7
-11
-15
-10
-8
-1
6
7
5
3
-5
-14
-14
-11
-2
-1
-1
1
-5
2
7
7
9
9
9
8
0
-2
0
-7
-6
-6
-7
-6
-6
5
14
12
13
7
-1
-1
0
-7
-12
-8
-5
1
0
4
11
12
16
10
8
12
9
7
3
8
5
-4
-8
-11
-10
-5
-3
-8
-8
-3
-7
-4
0
1
-4
-7
-7
-9
-6
-4
-5
-7
-3
0
-4
0
2
6
3
3
6
5
9
11
11
9
6
-1
-7
-10
-8
-10
-4
-1
0
3
2
-4
-10
-13
-12
-7
2
4
3
-3
-4
0
1
11
17
21
18
7
0
-4
-11
-13
-9
-4
7
12
13
14
17
13
9
8
8
5
-1
-6
-13
-12
-4
-8
-3
-6
-2
4
1
5
1
1
-1
2
0
-6
3
-3
-11
-13
-7
4
10
6
3
3
0
-4
-9
-2
-1
-1
-2
-14
-8
-7
-17
-18
-14
-4
-1
-1
-7
-13
-7
-3
-3
1
8
10
4
7
6
10
14
10
15
15
14
19
15
9
4
1
-1
1
0
-5
1
4
2
3
-1
0
0
-5
-5
-7
-17
-15
-10
-14
-10
0
2
0
1
0
-2
1
-1
-8
-7
0
-5
-7
-8
-4
0
4
-1
-8
0
8
10
5
6
3
-3
-2
0
-5
-5
-12
-14
-3
7
20
18
17
11
7
7
2
4
3
7
1
-7
-5
-12
-24
-24
-13
-6
9
23
34
34
22
18
5
-4
-9
-12
-8
-1
6
6
3
4
9
12
15
20
24
14
4
-4
-15
-19
-14
-9
-9
-13
-12
-6
-1
2
-2
-4
-3
-9
-9
-9
-12
-16
-11
-6
0
8
8
9
5
1
3
-4
-9
-7
-4
-2
5
14
17
21
12
6
10
7
6
3
5
3
-3
1
1
-6
-6
-1
6
12
19
13
4
1
-4
-1
-2
-11
-8
-6
-9
-8
-3
3
-1
2
7
3
2
-1
-5
-13
-12
-7
-6
2
1
-4
-6
-11
-4
-4
0
2
0
1
-5
-10
-14
-11
-3
-2
1
0
2
-1
-6
-5
-3
7
9
10
7
3
-3
-10
-11
-16
-11
1
9
10
12
16
9
6
3
6
10
8
7
-3
-4
-8
-6
-9
-4
6
9
10
5
6
4
0
-2
-5
-7
-9
-10
-8
-6
-3
-7
-3
-4
-2
-3
3
11
14
17
11
7
3
-7
-8
-9
-7
3
4
0
-1
-7
-11
-4
-6
-3
2
4
4
4
5
0
-9
-13
-15
-16
-7
-3
1
9
7
0
-4
-4
-2
-5
-9
-7
-1
3
2
0
-3
0
-3
0
4
8
11
5
4
6
0
-3
0
0
2
5
11
8
9
8
3
0
-4
-5
-2
4
3
0
5
4
4
3
-3
-3
-5
-1
-8
-8
1
-2
-2
0
0
1
0
-3
-4
3
4
-6
-10
-13
-10
-7
-9
-10
-4
3
6
16
15
14
15
10
9
7
3
-5
-8
-7
-8
-7
-2
3
4
7
7
9
8
15
12
8
4
-5
-5
-4
-2
-9
-9
-5
-8
0
3
3
2
0
0
-8
-6
-4
-6
-2
-4
0
5
-2
-9
-8
-8
-7
-8
-12
-14
-9
-6
-4
4
10
11
5
7
6
-5
-2
5
5
6
7
8
4
4
5
6
3
-1
-1
-1
7
10
9
9
4
4
0
0
3
-1
-2
2
3
3
0
-3
-5
-6
-5
0
-3
-4
-2
-3
-4
-6
-2
0
4
4
3
3
5
-3
-7
-7
-7
0
-1
-2
0
3
7
6
6
5
3
2
0
-3
-6
-7
-4
-10
-9
-8
-5
2
-2
-1
-3
-3
4
8
10
11
6
2
0
-4
-2
-3
-5
-7
-9
-11
-6
-2
1
2
1
11
11
8
7
5
4
-2
-1
2
7
5
5
8
10
14
16
17
15
11
11
3
0
0
-2
-4
-5
-1
-2
-4
-6
-12
-12
-4
-1
-2
-7
-7
-4
-7
-8
-6
-4
-5
-5
-6
-1
4
5
0
-2
6
2
-3
-1
1
-1
-1
-8
-13
-8
-6
0
-2
1
6
1
4
1
3
7
1
-7
-11
-10
-12
-6
0
-4
-4
0
2
0
1
5
1
-1
-3
2
6
3
2
2
5
1
-3
-7
-10
-12
-9
-5
-5
1
4
-3
-3
-3
-3
-1
-3
-3
1
4
6
4
0
-2
-2
-3
5
10
10
6
4
4
-2
-1
3
1
4
1
-4
-5
1
7
7
5
3
-2
-5
-2
-7
-7
-5
-2
-4
1
3
4
7
5
-1
-1
1
6
7
1
-3
-5
-7
-12
-11
-10
-7
-7
-6
1
9
16
15
12
8
6
2
-5
0
-1
-6
-10
-9
-6
-7
-4
-1
-1
1
6
6
5
9
10
4
1
0
0
1
7
7
2
7
1
-2
2
1
4
6
10
13
12
9
4
-2
-8
-10
-8
-12
-9
-5
-12
-11
-10
-7
-4
-4
0
-1
2
3
3
1
-3
-5
-5
0
8
9
8
9
6
3
2
3
4
6
2
4
4
-4
-3
-2
-1
-1
3
0
-7
-8
-4
0
1
4
2
1
-5
-11
-7
-1
1
0
1
-7
-2
0
-1
6
6
13
8
6
9
4
6
6
3
2
0
-1
-7
-9
-7
-7
-2
1
1
2
-2
-8
-7
-8
-10
-6
-3
-7
-8
-8
-8
-4
9
16
14
10
4
0
-5
-12
-12
-4
-3
-1
2
5
9
16
17
17
18
15
11
3
1
-3
-6
-3
-7
-7
-6
1
7
7
9
15
17
13
6
2
-6
-8
-10
-9
-6
-3
1
2
0
-5
-3
-1
-13
-23
-27
-22
-14
-16
-11
-13
-7
-5
-7
-4
-3
8
14
19
25
20
8
5
2
2
5
6
5
1
1
-1
-3
1
0
2
2
4
5
0
-3
0
1
-1
2
2
0
-6
-14
-9
-8
-4
5
3
5
7
2
4
1
4
10
15
22
14
9
1
-7
-7
-8
-2
6
3
3
6
5
4
4
4
6
9
8
2
-2
-10
-9
0
0
-4
-4
-5
-4
-7
-10
-5
-3
-6
-11
-10
-2
-1
-3
-7
-10
-2
1
-8
-8
-1
6
6
5
7
12
9
8
9
0
2
2
-7
-6
-7
-7
-7
-3
5
10
8
6
5
-1
-2
-1
1
4
4
5
0
-1
-2
-10
-8
-8
-7
-4
-9
-4
-6
-11
-11
-9
-3
0
3
2
3
-6
-12
-8
-5
-5
4
6
4
8
7
2
-4
-1
-6
-12
-4
2
5
9
11
9
11
8
2
1
-5
-4
-4
-12
-16
-15
-12
-9
-7
1
1
5
3
0
2
-4
-2
-6
-4
3
1
0
0
-2
-2
2
5
7
8
7
4
2
-4
-6
1
5
12
15
7
3
-9
-16
-16
-12
-9
-12
-15
-20
-24
-22
-17
-12
-2
6
7
8
3
-2
1
0
-1
-1
0
6
16
23
14
9
11
10
12
16
12
10
8
4
1
1
6
1
1
2
5
10
9
7
2
-5
-5
-7
-8
-9
-10
-4
-1
-1
-5
-7
-7
-7
-3
3
8
9
7
-7
-17
-16
-4
5
4
7
6
2
-2
-6
-8
-4
3
7
8
5
0
-1
-1
-2
1
7
10
10
8
6
6
7
8
1
-1
4
3
6
3
-4
-1
0
2
-1
7
14
2
-1
0
2
-2
1
2
5
3
1
3
-2
2
1
-5
-10
-10
-4
-1
2
3
2
2
1
2
9
12
16
22
15
5
-2
-4
-7
-3
6
3
0
-1
0
2
0
-2
2
0
2
-4
-11
-5
-7
-11
-12
-13
-7
-2
-6
-9
-9
-7
0
3
10
12
15
13
-4
-7
-4
-2
2
2
3
0
-2
-6
-10
-5
-5
-5
-6
-9
-7
-5
0
1
-4
-5
-9
-5
2
1
3
7
2
-6
-8
-9
-6
-3
-5
-3
-5
-5
-3
-3
3
15
14
10
9
6
3
-4
-4
-4
-4
3
9
13
6
2
-6
-12
-13
-14
-9
-8
2
0
-7
-4
0
-1
0
7
5
-4
-10
-12
-13
-15
-10
-8
-4
2
9
5
2
2
-1
-1
-3
-7
-5
-7
-9
-3
4
7
9
11
17
14
10
9
6
8
7
-1
1
0
0
-3
-2
1
7
17
13
10
6
2
7
4
-2
-7
-7
-9
-13
-7
-4
0
7
6
0
-5
-3
0
-8
-8
-2
0
-4
-7
-7
-3
5
7
10
5
4
5
1
1
7
6
3
5
4
2
2
5
9
11
7
10
9
5
6
-6
-3
-4
-3
2
-6
-5
-5
1
5
5
7
2
-2
-5
-6
-3
2
0
-9
-8
-6
-10
-14
-10
-11
-1
7
5
5
5
4
4
0
-5
-11
-13
-7
-11
-13
-3
0
3
3
0
7
11
11
5
-2
-2
-1
1
2
1
1
-2
-3
-2
1
1
5
5
-2
-6
-6
-8
-11
-13
-8
0
5
4
1
1
1
3
8
8
3
-1
4
1
-2
2
4
10
10
10
4
-1
2
0
3
0
0
3
-1
3
3
4
1
1
8
9
9
7
-1
-7
-11
-13
-13
-4
1
-2
-6
-6
-7
-10
-11
-5
-5
-5
-1
0
-5
-5
-9
-10
-7
-7
-6
-1
-1
-2
-2
-4
0
2
3
-9
-7
4
5
9
9
6
4
2
5
1
-1
1
0
3
9
5
2
2
8
8
6
7
6
7
7
0
0
-3
-7
-6
-5
-2
0
1
-2
-2
-1
2
5
8
11
4
-4
-6
-3
-1
3
-3
-7
-1
-7
-6
-2
1
-1
-5
-8
-9
-6
-8
-12
-11
-10
-8
0
2
1
6
0
-8
-2
3
8
9
5
5
8
9
11
9
10
11
4
1
3
3
4
5
2
-3
-7
-1
3
0
0
-2
-3
-8
-5
-6
-10
-1
6
4
3
11
11
6
7
4
3
2
4
6
6
7
2
-6
-8
-6
-7
-4
0
3
3
0
0
4
5
9
13
8
8
6
5
2
-1
-3
-6
-3
2
4
5
0
-3
-7
-11
-7
-3
1
0
0
-3
0
-2
-9
-10
-11
-11
-11
-10
-9
-6
-5
-5
-3
0
6
8
7
6
5
6
6
4
2
-2
-4
-4
-4
-9
-12
-8
-6
-5
-3
2
3
4
3
-1
0
6
8
7
5
1
-1
-3
-4
-3
-2
1
4
0
-2
1
2
3
2
2
4
2
-1
-1
2
4
6
9
7
1
-2
-2
-4
-1
1
0
0
4
2
-1
5
3
-1
1
-1
-6
-8
-6
-5
-6
-8
-12
-9
-6
-1
5
9
10
11
10
10
9
6
4
-2
1
4
5
11
8
2
-3
0
-1
-2
3
4
0
-1
0
1
-1
1
1
0
2
-4
-5
-7
-4
-8
-4
-2
-6
0
-4
-6
-8
-13
-10
1
10
9
6
2
2
-1
-2
-2
-5
-1
2
-1
-2
-3
-3
-4
-2
-2
-1
-3
-6
-8
-11
-7
-7
-6
-2
-1
7
3
-1
-1
-5
-2
-1
-3
-1
2
3
7
5
1
2
3
6
7
3
1
-1
-5
-9
-8
-5
0
5
5
3
3
5
2
-5
-8
-6
-3
-5
-5
-3
-2
-5
-6
-3
-1
0
5
11
19
22
22
20
14
9
5
2
2
3
1
-4
-8
-2
-1
5
9
9
11
7
10
4
0
4
6
10
3
-2
-2
-2
2
4
0
-2
-1
-1
-1
-4
-4
2
-3
-6
-7
-8
-6
-5
-3
-5
-3
0
7
8
7
7
3
-3
-7
-5
-10
-8
-6
-5
-1
1
5
6
3
1
-4
-3
-5
-7
-11
-10
-7
-8
-6
-5
-5
-1
-4
-2
2
3
5
4
2
-1
-1
-2
-1
-2
-1
-1
0
5
5
5
3
2
5
3
2
0
-3
0
0
2
5
3
1
1
1
-1
-2
-1
-2
1
-2
-4
-5
-7
-2
-1
2
9
4
4
0
1
6
2
-2
-6
-5
-1
-2
-1
5
7
5
1
-4
-5
1
-2
-2
5
5
6
0
0
-5
-7
-10
-14
-8
-6
-5
-6
-1
6
8
10
8
8
10
7
1
-4
-3
-2
-2
-2
-5
-3
1
0
1
-2
1
7
6
4
3
4
2
5
5
1
3
3
0
-8
-8
-6
-6
-4
0
3
2
2
1
-1
2
-1
-4
-1
-1
1
-4
-8
-4
-4
-7
-8
-8
-5
-8
-7
-1
-1
0
-3
-5
-3
-3
-2
-3
0
2
0
4
7
6
6
6
3
1
-3
-3
0
0
2
3
6
8
7
6
4
3
5
7
6
5
4
1
-6
-10
-6
-2
0
-2
-7
-6
-4
-6
-2
0
-1
-4
-7
-8
-4
-2
-3
2
9
13
15
12
11
14
17
17
16
17
13
7
6
1
-6
-4
-4
-5
-5
-4
-2
-4
-7
-11
-13
-8
-2
-1
0
4
5
2
-2
-1
-2
2
4
8
6
3
1
-8
-11
-15
-9
-1
-4
1
4
6
6
0
0
0
-3
-5
-4
-6
-3
8
6
5
4
0
4
5
3
7
2
-5
-7
-12
-12
-5
3
4
0
-3
-3
-3
0
4
1
1
1
-2
-5
-7
-1
-1
-4
-5
-10
-12
-9
-3
-5
-8
-6
-3
-7
-8
-5
-5
-7
-5
-3
-4
-3
-1
0
-2
-6
-9
-10
-10
-5
1
1
5
11
9
6
8
8
8
9
5
-1
1
6
2
4
6
0
-2
0
3
3
4
2
3
5
-2
-7
-9
-7
4
5
3
1
2
5
4
4
4
7
8
4
-2
2
3
-1
-4
-7
1
6
6
7
10
9
3
1
-1
-1
3
5
0
-1
-4
-8
-12
-11
-6
-2
-3
-2
-4
-6
-7
-5
-2
-1
0
-7
-6
-3
-1
-2
-4
2
6
10
13
9
5
1
-4
-2
2
6
11
9
3
2
1
-3
-1
4
4
3
6
10
8
3
2
1
1
4
3
4
7
2
0
0
-2
3
6
7
4
3
5
1
-3
-3
1
-1
-5
-10
-8
-6
-3
0
4
8
10
6
3
1
-5
-7
-6
-3
1
1
4
3
4
-3
-9
-8
-8
-6
-6
-9
-17
-16
-18
-22
-24
-20
-11
-7
-2
-2
5
16
18
12
6
0
-3
-1
2
4
1
1
0
-2
-7
-3
4
11
11
8
9
6
5
1
-2
2
7
6
8
5
-2
2
5
4
1
6
9
10
12
10
9
10
9
5
1
1
0
-2
-4
-5
-2
1
-1
-1
1
-2
-1
-4
-5
2
3
3
0
-3
-2
-1
-2
-5
-1
1
4
4
3
0
-6
-6
-10
-15
-9
0
2
0
1
-3
-3
1
-4
-9
-13
-8
-6
-5
1
-1
0
-1
-1
-5
-8
-4
0
-4
-8
-5
-2
0
-3
0
3
-2
4
4
0
-2
0
7
2
6
11
8
7
9
8
3
5
4
3
4
10
12
4
7
7
3
1
1
5
5
6
0
0
-3
-1
6
2
4
6
5
-2
-2
-2
-3
-8
-12
-7
-6
3
3
-3
-6
-9
-4
-3
-2
8
5
-3
-10
-15
-12
-13
-9
-7
-10
-7
-3
-3
-12
-12
-6
-8
-14
-13
-15
-11
0
4
5
8
12
11
2
-3
-7
-14
-16
-16
-10
-3
4
12
7
2
7
12
10
5
5
4
-1
-3
-7
-9
-1
3
10
10
13
11
0
-4
-6
-4
1
4
7
13
11
9
6
5
1
-2
5
4
5
5
-4
-7
-6
-5
-4
-3
6
12
2
-3
-3
-11
-8
-6
-5
-2
-4
-3
-9
-7
-4
-1
1
-9
-11
-11
0
8
10
10
6
2
1
-3
-5
-7
-8
-6
-8
0
3
5
2
-4
-4
-4
2
-3
-3
4
6
8
9
7
5
3
3
-1
3
5
1
0
-5
-5
-1
6
9
5
4
1
-2
-4
-2
-4
-4
2
-1
0
4
11
9
6
5
-6
-12
-8
-4
-1
5
-1
-1
3
3
7
4
-1
-2
-2
-1
3
9
12
13
11
8
6
-3
1
2
1
6
0
-2
-10
-8
-3
-1
-1
-3
-4
-7
-12
-17
-17
-12
-11
-5
-2
0
2
9
10
2
-3
-6
-6
-4
-5
-8
-1
2
0
-7
-8
0
5
10
6
3
8
5
4
-5
-3
5
-1
1
0
4
14
11
4
-7
-14
-12
-10
-12
-14
-9
-7
-7
-1
6
5
4
1
-5
-9
-7
-6
-7
-2
3
-5
-6
-7
-14
-12
-11
-11
-10
-4
-1
-2
2
4
12
20
13
5
5
4
9
13
9
11
12
15
5
4
16
16
12
10
9
11
8
7
5
0
2
5
2
3
11
11
5
-1
5
4
0
3
1
4
3
-1
-9
-5
6
6
2
-6
-11
-11
-13
-11
-2
3
7
8
8
9
6
6
3
1
1
0
-2
-2
-2
-10
-17
-11
-1
0
8
16
10
5
9
16
15
12
4
2
7
8
-6
-15
-16
-7
-7
-13
-10
-1
5
4
-6
-4
2
-1
-5
-6
-4
2
6
2
-4
-3
4
-1
-8
-14
-11
-3
-4
-6
-6
1
-1
7
11
10
19
15
-2
-14
-15
-16
-13
-6
-2
1
4
7
0
-5
-5
-10
-8
1
11
11
11
7
0
3
6
4
4
2
-3
-10
-11
-8
-10
-4
2
7
8
0
-3
-6
-8
-8
-8
-4
-1
-4
-3
-3
-5
-2
-2
-4
-4
0
1
1
6
12
5
4
5
6
1
-3
3
4
1
0
-3
0
6
4
3
-3
-6
-1
-2
-6
-3
-5
-4
-5
-2
-6
-1
12
14
13
9
1
1
-4
-3
-5
-6
2
2
-2
-7
-5
-4
-7
-4
-3
-4
0
2
1
1
1
8
12
12
12
2
-1
-1
-2
4
6
5
3
3
-2
-3
1
3
1
-4
-6
-15
-14
-11
-12
-3
4
8
4
0
-4
-7
-4
-1
4
6
7
5
3
2
3
9
9
7
3
-6
-8
-6
0
-1
0
9
7
-1
-1
1
0
-2
1
3
6
8
4
2
-1
-3
-8
-4
-2
-5
-11
-14
-11
-7
2
9
7
5
3
-6
-11
-9
-6
-2
5
5
4
-1
-6
-4
3
12
14
13
13
14
12
6
6
3
7
8
4
5
7
6
3
3
-1
-4
-2
-2
-9
-9
-6
-10
-8
-6
-11
-11
-6
1
-1
-1
3
-5
-6
-10
-15
-10
-2
1
3
3
6
11
13
7
0
4
6
6
5
2
6
9
8
0
0
6
8
5
1
-1
0
3
1
-2
-3
0
2
-10
-12
-7
-4
-7
-11
-10
-8
-6
-10
-13
-8
0
2
1
2
-2
-5
-9
-6
-4
1
3
-1
1
3
8
5
-2
-5
-5
2
12
15
16
16
9
2
-5
-8
-8
-9
-12
-15
-16
-14
-11
-10
-4
-6
-10
-10
-11
-5
0
-3
-5
-5
-2
-1
-2
-2
-2
-4
0
1
1
4
3
2
0
1
3
-1
-1
0
3
3
5
4
0
-2
0
-4
-13
-11
-5
-1
3
4
6
8
9
9
8
9
10
12
10
10
12
11
9
9
4
0
-2
-3
-4
-3
3
3
-4
-4
-5
-4
-5
-8
-7
-8
-9
-6
-5
-2
4
4
-3
-8
-7
-5
-2
-2
-3
-2
5
2
0
-3
-3
6
8
10
7
3
1
-7
-12
-10
-6
-1
-1
-2
4
8
16
19
12
7
-1
-3
-8
-10
-8
-9
-6
-8
-3
1
-2
-4
-6
-7
-8
-5
-1
-5
-1
8
4
1
3
3
9
19
20
13
10
6
-3
-10
-12
-7
1
2
3
3
-2
-4
-1
3
7
12
14
10
5
2
1
-1
0
-1
-6
-5
-1
1
-2
2
8
2
-6
-11
-12
-9
-5
-3
0
2
2
-4
-7
-8
-6
3
4
5
5
4
6
9
4
-1
-1
3
2
-1
-3
1
2
0
0
-2
-3
1
4
2
0
5
5
0
0
0
2
1
1
-5
-3
1
2
3
4
9
9
9
7
2
3
7
12
14
12
11
13
12
6
5
6
10
6
-3
-4
-4
-4
-7
-11
-10
-5
-4
-2
-3
-1
5
-5
-13
-13
-11
-4
-2
1
-1
-2
2
-1
0
-1
2
1
0
3
-2
-3
2
2
2
8
11
15
12
7
1
-2
2
0
-3
-3
-4
-4
1
5
6
4
-1
1
2
7
6
2
-1
-3
-6
-7
-8
-12
-10
-7
-11
-9
-7
-7
-9
-12
-16
-17
-12
-7
-5
0
1
2
6
5
0
0
0
0
-5
-6
-14
-13
-1
0
2
4
6
6
7
3
2
0
-2
-1
-3
-3
-2
0
3
5
2
3
3
-1
-1
2
-2
-2
0
1
0
-2
-3
-3
0
1
2
5
5
2
0
-1
-6
-7
-3
6
16
18
14
11
9
8
-2
-10
-13
-11
-13
-16
-17
-14
-12
-8
-6
-9
-6
-1
1
0
4
8
8
5
-1
-3
-5
-8
-7
-4
0
1
-3
-7
-13
-6
4
8
8
3
3
6
6
3
3
6
9
6
5
8
8
5
2
1
4
6
9
8
6
8
9
5
6
4
3
3
1
-1
3
6
7
8
6
2
4
5
4
1
5
7
3
5
3
1
4
5
5
4
2
3
1
-6
-10
-10
-5
-5
-3
1
3
2
-1
-1
-6
-6
-5
-6
-2
3
6
4
6
7
2
0
2
0
-2
-1
-4
-4
-4
-5
-4
-8
-6
-8
-6
-6
-2
1
-3
-4
-5
-2
-3
0
8
10
9
8
5
-2
-3
-5
-8
-9
-5
1
4
4
2
-2
0
2
3
5
5
2
3
6
11
10
6
4
-3
-12
-19
-19
-14
-6
0
6
9
9
2
1
6
6
8
2
-4
-11
-19
-20
-20
-14
-12
-4
3
8
11
15
13
7
1
-7
-8
-11
-6
-7
-8
-7
-4
-2
-1
4
8
14
11
8
3
-9
-17
-17
-12
-10
-8
-5
0
4
2
-1
-3
-6
-7
-5
-5
-2
-2
-11
-12
-5
3
12
14
11
6
4
-2
0
5
14
17
14
10
5
9
9
7
8
6
3
4
2
-2
-2
-2
-3
-4
-7
-8
-11
-12
-10
-7
-4
2
8
6
5
5
0
0
0
2
-2
-7
-5
-3
1
1
0
-5
-1
4
0
-4
-6
-5
-4
-6
-11
-13
-8
-13
-13
-5
-4
0
2
4
7
13
13
11
12
11
7
-4
-9
-9
-4
0
5
5
3
6
8
3
0
0
0
6
8
14
14
13
9
7
9
12
9
3
3
1
1
6
10
9
8
3
7
9
8
7
4
0
5
11
1
-7
-8
-9
-7
-10
-8
-7
-7
-8
-8
-6
-5
-4
-2
-8
-7
-2
-5
-7
-8
-8
-2
1
-3
-3
-4
-5
-4
-7
-12
-13
-5
-4
-4
1
6
10
5
3
2
3
9
7
1
-1
-2
-1
0
-3
-2
1
-1
-2
-3
-2
5
9
7
7
4
4
0
-5
-6
-5
-1
2
3
2
-1
-5
-7
-12
-9
-7
-4
-7
-11
-10
-13
-17
-18
-17
-15
-12
-6
-3
-1
-2
0
2
7
7
3
9
12
17
18
18
19
17
12
7
6
0
-4
-3
-5
-4
-1
4
0
-4
5
13
16
19
19
18
15
11
3
-2
0
1
-1
-4
-8
-9
-4
-3
-1
2
6
4
3
0
-1
-2
-4
-6
-7
-3
-4
-7
-10
-9
-7
-8
-6
-7
-6
-2
0
2
3
2
2
-2
-1
1
-3
-8
-8
-8
-10
-15
-14
-10
-6
-6
-4
-1
4
4
3
4
10
12
6
4
-1
-5
-7
-4
7
11
9
5
4
7
7
5
5
3
2
5
4
1
-3
-10
-13
-12
-8
-7
-9
-4
-5
-6
-3
-2
-2
-1
0
-3
0
3
4
3
3
3
7
8
8
12
16
11
4
-2
-9
-9
-8
-11
-9
-3
5
6
8
11
7
3
1
1
0
0
-2
-4
-6
-4
0
2
11
20
22
19
6
-1
-8
-11
-6
-3
-1
-1
-3
-4
-7
-10
-7
-4
-1
6
8
7
6
5
4
3
6
5
8
6
4
3
8
11
10
7
10
8
2
2
1
2
1
3
6
5
7
4
4
4
2
0
-3
-4
-4
-6
-8
-4
-2
-4
-3
-6
3
8
4
1
-5
-7
-9
-7
-10
-7
-7
-10
-10
-11
-12
-9
-6
-2
-3
-2
4
3
3
5
4
-1
-7
-8
-7
-6
-4
-5
-4
-3
-2
-4
-5
-3
2
2
0
-1
-1
-5
-6
-6
-4
-1
-2
-8
-11
-10
-5
1
5
9
10
9
13
9
7
6
1
1
-1
-6
-5
-9
-10
-8
-5
-1
-1
6
9
5
6
-1
-3
-6
-10
-13
-14
-9
-9
-6
-2
6
12
15
15
13
12
5
2
5
3
0
-3
-7
-9
-5
-3
0
5
6
4
-3
-6
-4
-1
1
-1
0
-2
-1
0
-2
-8
-11
-11
-8
-3
-4
-6
-10
-9
-9
-3
6
4
3
1
-1
-3
-4
-4
-8
-7
-1
1
2
0
1
4
3
1
6
12
12
14
11
13
11
8
4
-1
0
2
7
6
6
7
5
2
-2
-3
-1
-2
1
4
4
2
-4
-6
-7
-5
-4
-3
0
-3
-1
-2
-3
-2
-1
2
1
-2
-4
-1
-3
-8
-6
0
2
10
14
11
5
4
5
1
-1
3
-1
-1
2
3
4
4
6
10
12
5
-3
-7
-8
-5
-6
-4
-1
5
5
3
6
6
7
7
2
0
1
-2
-9
-10
-13
-12
-6
-5
-5
-3
-3
1
8
4
2
3
-1
-1
-1
1
-1
3
1
-2
-3
3
4
0
-1
-4
-2
-3
-3
-2
-2
-2
-5
-7
-3
1
0
-1
1
3
5
3
0
2
0
1
1
3
5
5
2
1
0
0
0
-3
0
2
2
3
5
8
14
12
9
4
-3
1
2
-1
-3
-3
-5
-10
-9
-5
1
6
5
6
3
-5
-11
-15
-12
-6
-4
-12
-11
-5
-4
-5
-4
-1
-5
-7
-5
-8
-8
-9
-7
-9
-9
-4
-4
2
8
6
-1
-1
-3
-4
-2
4
8
7
6
4
4
7
8
5
0
-2
-3
1
2
-1
-5
2
5
6
15
15
13
9
7
8
11
8
2
1
-2
0
0
2
3
5
8
8
13
13
9
8
4
-3
-7
-9
-12
-6
-2
-5
-1
4
4
-2
-3
-1
0
1
-2
1
1
2
1
-8
-8
-3
-5
-5
-3
-3
-5
-2
6
10
11
13
6
0
1
3
2
3
3
-1
2
7
7
7
1
-3
-1
2
4
7
14
10
12
2
-7
-9
-11
-8
-10
-1
-1
0
-6
-6
-2
1
5
4
8
10
3
-2
-2
-5
-11
-8
-9
-8
6
5
-4
-1
-1
-3
-6
-1
1
3
3
-2
1
-3
-4
-5
-6
-8
-6
2
6
10
7
-5
-8
-8
-9
-10
-6
-1
2
-1
-2
1
3
8
3
4
5
1
3
1
-7
-6
1
-2
-3
-1
-1
-8
-8
-5
-7
-6
-2
-3
-4
-2
2
6
-3
-9
-2
-3
1
7
7
4
2
-3
-8
-3
6
4
-1
-4
0
-3
-5
-1
5
7
5
11
9
3
3
3
5
-1
0
-4
-12
-9
-1
0
-5
-2
4
2
1
4
-1
1
-1
-10
-10
-10
-9
-4
4
10
12
9
-2
-7
-7
-9
-9
5
10
9
9
1
-3
-4
0
1
5
2
1
3
1
2
-5
-7
3
15
22
18
18
14
6
-1
-1
1
1
1
-4
-12
-18
-19
-16
-8
4
11
8
6
6
8
4
-3
-8
-11
-13
-12
-11
-12
-10
-11
-14
-11
-6
0
2
5
6
6
4
6
-3
-7
-6
-3
3
-3
1
0
-2
-1
-2
-1
-6
0
0
-5
-12
-10
-1
-1
3
3
6
4
3
4
-3
2
0
2
6
6
10
5
3
2
3
4
0
0
-1
1
4
4
3
1
-1
-3
-3
-1
3
3
2
1
-5
-9
-11
-13
-8
-5
6
5
-3
-4
-8
-9
-3
1
-1
2
5
5
3
3
1
-4
0
-3
-1
1
5
6
8
10
2
3
5
6
-3
-8
-11
-13
-8
-5
1
4
10
12
5
6
8
7
1
-2
1
3
7
13
14
7
3
4
5
7
9
8
0
-2
-2
-3
-5
0
5
4
4
7
5
5
5
0
-4
-4
-7
-4
-4
-5
-5
-4
-4
-2
0
1
2
1
-3
-8
-11
-8
-5
3
1
-5
-3
-1
1
-2
-2
3
2
4
2
3
4
0
0
-1
-3
-3
-2
-4
-9
-6
-5
-14
-16
-12
-7
-4
-3
-8
-10
-9
-11
-12
-7
4
21
25
23
20
13
8
7
5
3
5
5
3
4
6
6
6
5
3
2
5
6
7
5
3
-5
-8
-9
-9
-6
-7
-2
3
6
4
-4
0
7
-3
-3
-2
-8
3
12
13
12
15
18
14
8
5
5
5
4
-1
-9
-9
-3
-1
-2
0
3
-3
-6
-2
-2
1
-3
-10
-10
-9
-6
-3
4
7
7
6
3
1
5
2
-4
-4
-6
-12
-12
-6
-8
-7
-7
-9
-14
-17
-15
-12
-14
-11
-6
-1
-4
-7
-10
-13
-13
-10
-5
1
8
10
3
3
7
9
4
4
4
1
5
4
-1
-1
6
11
8
1
0
-4
-8
-8
-5
-3
0
8
5
-2
-4
-1
0
4
6
8
5
-1
0
3
7
12
16
9
5
6
5
3
5
2
0
-2
-10
-12
-11
-9
-6
-5
-4
-1
6
6
3
0
-1
-1
-6
-8
-4
0
4
4
3
-3
4
0
-4
1
-2
0
-2
-4
-9
-5
0
-1
3
5
4
6
8
7
7
8
7
11
7
1
0
1
4
7
10
9
5
5
8
4
-2
-4
-2
3
8
13
5
4
4
0
-1
-2
-3
-4
-6
-7
-7
-2
2
3
5
2
1
0
-1
0
-2
-6
-11
-8
-4
-1
3
-5
-7
0
-1
1
-1
-3
-3
-9
-12
-12
-10
-7
-5
-1
4
1
1
4
-4
-7
-7
-7
-10
-9
-8
-3
4
6
7
5
7
3
1
1
-3
-1
-7
-11
-4
-4
-2
0
-3
3
1
-3
1
3
0
-4
-3
-1
2
1
2
-2
-3
3
-1
-9
-15
-11
-4
2
1
2
8
11
9
5
2
-6
-1
4
8
11
6
-4
-6
3
4
10
11
13
15
7
1
1
-4
-5
1
3
6
7
7
3
0
3
5
4
4
0
-6
-10
-12
-7
-9
-8
-3
0
4
4
4
7
11
7
-1
2
0
1
0
0
6
12
12
13
9
8
6
6
11
10
8
2
2
-1
-5
-4
-7
-6
-4
-4
-1
-2
-4
-3
-4
-4
-1
-2
-6
-8
-10
-11
-9
-6
1
2
8
6
3
7
4
4
4
3
4
2
0
1
0
-5
-7
-6
-5
-3
-4
-4
-3
-2
-6
-7
-7
-6
-7
-4
-8
-13
-10
-9
-11
-13
-13
-11
-8
-10
-8
-2
6
9
8
6
5
6
1
-3
-5
-4
-4
-3
4
2
2
1
0
0
1
4
4
2
-2
-7
-6
-5
-4
-5
-5
-2
0
0
-1
-1
0
2
6
6
8
11
10
10
11
9
12
12
9
10
9
8
10
9
4
3
3
1
1
1
3
2
2
-1
-3
-1
-4
-7
-14
-19
-19
-18
-12
-8
-9
-7
-9
-10
-7
-4
-4
-3
0
-1
6
10
7
4
6
4
2
9
7
5
9
6
-1
-3
-2
-2
-4
-3
-3
-5
-6
-5
-3
0
6
8
7
3
5
0
-7
-6
-4
-3
0
0
-1
6
6
4
2
5
8
8
14
14
20
25
21
14
16
16
19
24
22
18
19
20
16
17
14
14
9
3
5
1
-6
-12
-20
-27
-27
-31
-29
-35
-40
-45
-51
-52
-51
-46
-43
-44
-42
-38
-36
-37
-34
-29
-23
-17
-11
-6
-3
3
3
7
17
27
30
31
34
35
38
42
43
43
46
46
39
36
32
22
17
14
10
8
7
1
-6
-10
-8
-9
-11
-7
-3
2
13
14
14
26
31
28
39
48
47
46
50
45
46
56
52
49
56
57
45
43
40
22
6
0
-18
-39
-45
-59
-78
-91
-98
-116
-122
-112
-119
-123
-115
-118
-124
-116
-106
-101
-87
-68
-58
-43
-25
-12
-3
16
35
50
72
90
92
95
96
90
88
90
95
91
85
81
70
58
44
31
14
0
-10
-23
-40
-46
-53
-70
-78
-83
-85
-80
-69
-56
-53
-43
-32
-27
-11
9
23
33
48
63
70
87
98
109
129
140
148
152
159
159
152
152
147
138
126
104
74
52
39
14
-10
-21
-46
-78
-92
-117
-150
-151
-149
-169
-171
-165
-181
-183
-165
-162
-149
-126
-123
-122
-95
-69
-53
-29
-4
5
19
44
53
65
90
98
90
86
84
70
65
65
49
28
16
-4
-31
-44
-59
-75
-78
-88
-104
-109
-117
-127
-138
-143
-147
-137
-122
-104
-74
-47
-31
-17
-7
-3
14
43
74
109
142
153
159
170
169
181
201
209
215
228
225
213
217
207
168
156
141
90
74
66
16
-14
-13
-67
-128
-121
-153
-193
-168
-163
-206
-200
-190
-241
-235
-185
-185
-176
-116
-105
-98
-28
1
-8
24
51
43
80
133
141
177
213
183
153
155
126
96
117
112
87
84
54
-14
-55
-83
-137
-157
-128
-128
-146
-123
-134
-170
-161
-166
-191
-182
-148
-132
-83
-24
-29
-30
-12
-29
-31
20
59
85
154
176
157
177
174
130
136
165
149
173
235
232
218
251
228
158
155
128
54
76
105
55
57
73
-33
-105
-96
-162
-207
-137
-121
-172
-128
-128
-214
-206
-179
-228
-216
-137
-143
-136
-45
-25
-46
4
15
-15
47
125
125
170
233
193
153
163
112
54
89
93
52
75
86
7
-53
-74
-152
-200
-154
-141
-155
-117
-114
-170
-182
-188
-231
-216
-159
-135
-103
-50
-35
-33
-31
-47
-46
-21
13
73
153
194
212
224
188
157
176
168
162
221
253
243
263
255
181
150
124
32
1
39
22
15
63
-2
-121
-143
-205
-302
-264
-204
-222
-166
-96
-164
-198
-175
-227
-262
-200
-175
-133
-1
58
55
85
79
40
79
140
172
247
323
344
335
311
234
165
125
77
73
86
65
41
7
-90
-210
-268
-316
-346
-302
-266
-252
-227
-207
-242
-268
-255
-279
-269
-166
-83
-36
57
114
88
72
80
69
99
215
272
287
356
357
273
229
207
137
167
273
269
301
385
326
215
206
91
-76
-18
22
-47
49
146
-11
-125
-117
-318
-445
-331
-319
-339
-187
-134
-247
-187
-175
-342
-359
-274
-324
-270
-30
18
51
162
53
-113
-92
-36
-9
211
388
428
490
474
292
141
109
7
-57
18
81
102
100
27
-121
-207
-275
-373
-379
-326
-275
-221
-164
-166
-231
-248
-314
-372
-290
-159
-48
61
165
122
71
37
-27
-41
18
104
177
300
345
304
312
279
167
84
119
191
291
450
506
398
310
207
-102
-283
-206
-165
-151
84
140
-77
-86
-215
-531
-532
-227
-241
-203
64
-53
-186
-30
-35
-165
-87
-78
-261
-69
182
174
217
259
132
-67
26
52
169
423
571
569
529
573
410
224
151
97
-54
-144
-39
45
22
-114
-294
-453
-534
-555
-563
-461
-244
-156
-166
-203
-216
-203
-344
-418
-301
-106
-20
79
151
99
121
63
-90
-81
59
95
167
367
466
417
393
315
171
133
174
243
337
427
438
399
372
228
-23
-163
-167
-159
-66
153
202
85
34
-169
-556
-543
-327
-385
-319
-56
-180
-348
-177
-198
-351
-333
-480
-670
-383
-94
-101
137
307
133
60
176
230
378
638
670
690
812
734
549
458
324
161
74
5
11
123
44
-252
-419
-446
-589
-755
-654
-452
-411
-496
-469
-371
-336
-359
-460
-499
-367
-196
-164
-98
102
236
145
39
46
42
51
48
66
246
500
479
359
447
447
227
129
214
322
475
575
673
818
597
-226
-721
-498
-332
-215
141
485
504
39
-813
-1249
-861
-522
-670
-668
-110
316
19
-406
-361
-104
-274
-750
-675
243
919
625
426
932
996
249
-301
163
1059
1297
806
788
1410
1146
-167
-889
-512
-266
-706
-959
-439
178
-213
-1285
-1774
-1416
-1199
-1626
-1533
-220
962
761
189
363
605
99
-515
-308
716
1440
1208
949
1237
1187
300
-541
-521
-42
10
-238
-17
635
574
-428
-1053
-747
-540
-714
-537
229
1076
1387
1164
888
1210
471
-1753
-2352
-1058
-41
42
750
1553
1348
153
-1953
-2226
-363
452
-172
408
1800
1504
-121
-1321
-1194
-296
-608
-1358
53
2445
2428
701
123
643
183
-1235
-1554
182
1998
1732
545
576
1095
-67
-2355
-2746
-1062
-96
-419
-72
1228
1265
-486
-2106
-2280
-1547
-1192
-1088
193
2202
2437
760
-224
-164
-481
-1122
-689
747
1979
1913
836
459
345
-700
-1813
-1454
-327
115
92
49
170
-49
-955
-1684
-1289
-339
-55
126
824
1314
793
181
288
761
1149
1380
1632
2036
1624
-1152
-2954
-2053
-853
-973
-284
1528
1662
543
-1817
-2633
-854
157
-855
-796
1601
1889
-64
-993
-509
287
-327
-1366
-381
2347
2813
819
259
1168
768
-1223
-1921
-230
1640
1248
-176
-91
600
-365
-2708
-3108
-941
363
-46
101
1680
1879
-284
-1838
-1745
-954
-860
-994
205
2165
2851
1044
-244
116
-106
-1017
-948
588
1748
1610
519
-411
-662
-1324
-2242
-1942
-557
147
34
204
564
398
-283
-928
-763
-28
430
601
1023
1304
1197
902
764
1230
1577
1422
1358
1345
-1372
-3325
-2392
-1327
-1376
-392
1705
1359
688
-1523
-2921
-879
613
-639
-974
1803
1760
-541
-1123
-692
437
462
-537
-61
2646
3177
638
-50
925
656
-1227
-2119
-691
1316
1267
-504
-724
254
-404
-2491
-2938
-659
1064
463
183
1739
2087
-186
-1847
-1426
-727
-589
-623
126
1818
2585
1124
-291
-22
-167
-1358
-1263
56
1074
1023
28
-662
-925
-1305
-2237
-1947
-337
455
558
484
621
475
-231
-741
-570
205
645
800
1099
1185
1088
881
834
1192
1498
1440
1355
1606
-758
-3508
-3091
-1747
-1458
-995
1400
1923
1479
-388
-2869
-1491
585
-124
-1492
802
2350
473
-873
-1151
-119
588
-572
-1179
1223
3414
1684
-90
484
1214
-47
-1946
-1786
391
1660
270
-803
73
708
-828
-2703
-1833
479
1098
339
942
2041
1029
-929
-1927
-1582
-1015
-1152
-1079
143
1879
1833
822
432
30
-703
-1446
-1285
-395
545
642
56
-48
-287
-1016
-1439
-1172
-298
423
916
1285
1413
1105
331
-216
-373
-448
-213
185
561
876
1006
1029
1250
1650
1676
1399
1398
1022
-2384
-4357
-2943
-1271
-1159
-364
2022
2045
1383
-1609
-3287
-577
1300
-302
-1390
1577
2424
269
-1402
-1656
257
902
-1052
-1329
2103
3833
1392
-250
477
1073
-487
-2539
-2181
680
1786
-172
-1126
140
698
-1384
-3241
-1679
960
1065
404
1465
2378
908
-1233
-2121
-2018
-1392
-1559
-1254
486
2193
2081
879
562
-21
-883
-1659
-1653
-557
551
567
37
159
-102
-1077
-1725
-1333
-430
507
1275
1638
1985
1630
677
-307
-806
-812
-708
-2
586
1145
1551
1589
1883
1967
1981
1286
1202
-241
-4379
-4913
-2480
-993
-1271
645
2603
1944
417
-3347
-3216
542
1383
-1050
-545
2738
2004
-639
-2200
-1488
854
495
-1583
-153
3917
3976
821
-245
813
766
-1577
-3157
-1320
1790
1727
-307
-453
891
309
-2634
-3624
-857
1440
967
1040
2602
2700
363
-1912
-2469
-2256
-2246
-2382
-1043
1318
2542
2086
1171
840
-210
-1465
-1994
-1345
147
590
322
112
292
-529
-1662
-1786
-1269
-187
560
1467
2092
2498
1927
359
-570
-1165
-1249
-1208
-256
645
1250
2021
1756
2078
2221
2039
956
936
-1964
-6152
-4366
-1663
-951
-892
2217
3003
1737
-638
-4270
-1885
1730
848
-1560
732
3388
1527
-977
-2556
-962
1299
-273
-2067
756
4544
3529
583
-301
623
218
-2281
-3353
-609
2204
1396
-321
-204
720
-358
-3096
-3171
-157
1369
990
1915
3020
1840
-288
-1954
-3134
-3240
-2676
-2079
-357
2101
3173
2376
1547
750
-691
-1791
-1843
-968
256
813
627
555
303
-641
-1707
-1701
-971
-111
840
1914
2570
2400
1425
-196
-1306
-1775
-1835
-1296
-186
658
1434
1945
2119
2310
2535
1914
1121
-104
-4743
-5973
-3035
-1217
-1133
995
3671
2742
1270
-2677
-3674
285
1637
-1042
-899
2984
3002
97
-2186
-2172
347
560
-2037
-1171
3459
5007
2300
105
507
1068
-1041
-3647
-2603
1082
1885
15
-656
376
508
-2131
-4045
-2063
630
741
964
2561
2703
1016
-1191
-2783
-3226
-3027
-2855
-1561
1189
3220
3499
2695
1850
334
-1339
-2329
-2020
-670
102
489
488
530
-95
-1163
-1675
-1581
-667
-163
987
2138
2544
2213
736
-270
-1352
-1762
-1843
-1046
282
811
2013
2598
3121
3311
2612
1331
380
-3878
-7422
-4340
-1197
-960
197
3775
3597
1947
-1790
-4907
-1176
1755
-756
-1949
2544
4227
1304
-1645
-2699
-367
922
-1948
-2498
2315
5388
3270
458
309
1488
-180
-3816
-3970
34
2113
443
-621
310
1328
-1001
-4402
-3376
128
673
461
2468
3259
2047
4
-2318
-3398
-2847
-2908
-2518
307
3064
4059
3562
2805
1184
-781
-2260
-2820
-1807
-675
315
596
827
745
-420
-1459
-2194
-1838
-1152
136
1820
2767
3003
1973
509
-1031
-1917
-1999
-1675
-362
1203
2528
3715
4001
3683
2227
1600
-1399
-7433
-7144
-2926
-1146
-1086
2497
5088
3841
1019
-4622
-4173
889
400
-3176
-256
5186
4056
213
-2380
-1696
844
-757
-3886
-738
5089
5239
1771
350
1577
1364
-2539
-5031
-2142
1652
1263
-429
-74
1382
735
-3300
-4970
-1825
260
-332
1297
3704
3473
1669
-996
-3029
-3744
-3564
-3484
-1502
2252
4428
4720
3525
2285
157
-2303
-3431
-3108
-1729
-731
474
1251
1121
555
-741
-1960
-2246
-1755
-717
1188
2819
3254
2797
1531
-277
-1842
-2401
-2277
-730
1574
3184
4526
5202
4037
2206
539
-5529
-9013
-5246
-2038
-1794
491
4985
5235
3259
-2318
-5534
-819
1098
-2771
-2928
2998
4985
2025
-1256
-2253
534
825
-3503
-3396
2874
5936
3118
276
1190
2674
-532
-5185
-4226
696
2132
317
-10
1467
2221
-1293
-5480
-3648
-197
-734
-636
2850
4516
2839
149
-2305
-2977
-3371
-4242
-3068
1001
4190
4603
3954
2878
1486
-1112
-3402
-3801
-2542
-982
-189
866
1608
1289
-428
-2339
-2591
-2166
-1631
-315
1854
3248
3242
2447
809
-509
-1437
-2397
-1679
826
3370
4517
5189
4359
3114
-681
-7846
-8445
-4438
-2312
-1743
2182
5368
4894
2244
-4314
-4487
159
-795
-4504
-1379
4650
4429
1144
-1671
-1065
1532
-681
-4398
-1005
4987
5065
1655
454
1977
1431
-3061
-5809
-2573
1689
1448
344
1399
3045
1620
-3591
-5697
-2686
-978
-1747
370
3914
4196
2105
-328
-2231
-3110
-3717
-3880
-1610
2051
4551
4818
3921
2650
494
-2018
-3932
-3897
-2383
-909
610
1825
2283
1697
-370
-2361
-3233
-3016
-1953
63
1991
2824
3204
2485
620
-800
-1554
-1572
-189
1667
3357
4767
4767
3907
978
-6344
-8620
-4874
-3133
-2776
1069
4995
4803
3083
-3415
-5296
420
464
-4679
-2789
4134
5011
1739
-1406
-1356
1827
396
-4527
-2321
4901
6499
2742
675
2035
2178
-2558
-6839
-4476
717
1883
462
878
3340
3313
-1912
-5791
-3334
-830
-1971
-718
2958
4201
2916
225
-1911
-2912
-3470
-3779
-2559
1239
4188
5193
4381
2925
1066
-1952
-3803
-4331
-2890
-994
351
1766
2415
2247
184
-1888
-2624
-2840
-2305
-548
1421
2590
3259
2666
1042
-630
-1084
-1293
138
2681
4145
4647
4022
2469
-4704
-8521
-5469
-3165
-2987
-461
4960
5436
3521
-2378
-5654
-1050
219
-4142
-3834
2940
5186
2483
-712
-1327
1516
870
-4333
-3691
3724
6427
3057
927
2815
3717
-1104
-6323
-5442
-523
774
-560
462
3554
4624
-368
-5149
-3265
-552
-2146
-2068
1931
4412
3146
311
-1633
-2405
-2868
-4256
-3485
556
3813
4418
3541
3152
1615
-1132
-3375
-4306
-3175
-1331
91
1079
2145
2795
986
-1283
-1875
-2083
-2069
-1084
854
2005
2384
2137
840
-166
-792
-1306
-340
2038
3304
3673
3900
4120
-26
-7206
-6956
-3251
-2355
-2299
1394
4579
4345
1097
-5459
-3957
1363
-789
-4736
-895
5148
4456
734
-1861
-351
2419
-946
-5106
-705
5901
4862
491
446
3380
2204
-3430
-5857
-2055
2039
663
-1546
481
3801
1880
-4057
-4699
-512
194
-1596
32
3454
3689
1275
-939
-2200
-2077
-2561
-3443
-1716
2161
4129
2842
2247
2036
300
-1868
-3067
-2619
-1242
-30
264
967
1744
927
-948
-1664
-1265
-1307
-963
201
1385
1803
1556
1114
488
624
661
1254
2691
3245
2840
2434
1255
-5384
-8181
-4257
-1700
-1565
467
4685
4284
1517
-4379
-5963
-213
910
-2965
-2107
3828
4661
852
-2349
-2174
820
202
-3496
-1271
5567
7036
2608
-79
1267
1337
-2988
-6133
-3159
1883
2514
271
334
2580
2098
-3264
-6182
-2668
541
-144
883
4162
4344
1112
-2030
-3598
-3843
-2940
-2365
-426
3518
5741
4253
1776
223
-1774
-3334
-3715
-2673
-255
1513
1640
1160
807
-275
-1920
-2570
-2019
-664
1119
2377
2425
2023
1069
-716
-2121
-2107
-650
1566
4418
5783
5340
3846
2659
-3089
-10676
-8758
-3272
-981
-195
4789
7168
4180
-1532
-8353
-5353
264
-1011
-2997
2604
7687
4471
-384
-3293
-2132
-392
-3547
-4581
2806
9116
6442
1711
1241
1891
-1685
-6693
-6188
-189
3697
1875
617
2547
3142
-1653
-7104
-5788
-1120
73
244
3842
6372
3678
-774
-3231
-4208
-4531
-3910
-2132
2054
6006
5944
3565
1614
-580
-3750
-4789
-3717
-1500
1492
2497
2184
1634
346
-2419
-4232
-3251
-1992
-189
2494
4258
4065
2263
-16
-2130
-3265
-2730
-1031
2863
6269
6659
5585
4534
157
-9082
-10652
-5922
-2685
-797
3639
7689
5786
735
-7402
-7516
-1491
-1169
-3140
1142
7359
5424
922
-1927
-2256
-1116
-3527
-5173
454
7759
7303
2971
1779
2005
-1034
-6288
-6803
-1235
3625
2713
1068
2360
2707
-1292
-6746
-6705
-2052
361
521
3405
6832
4813
-441
-3272
-4473
-5076
-4127
-2076
1968
5850
6350
3587
953
-845
-3675
-4839
-3502
-321
2644
2992
2410
1463
-144
-2951
-4941
-3867
-1655
302
2217
3998
4439
2155
-716
-2528
-3115
-1992
-235
3150
6151
7078
5325
2932
-2598
-9805
-9156
-4838
-1566
691
5743
7814
4091
-2244
-8958
-6531
-1589
-1559
-1324
4166
7912
3894
-686
-2666
-1807
-1516
-3995
-2763
4097
8613
5574
1511
905
230
-3767
-7291
-4554
1989
4758
2690
1667
2359
421
-4998
-8289
-5498
-248
1842
2504
5595
6709
2163
-3214
-4950
-5404
-4877
-2269
559
4250
6876
5554
1525
-1329
-2671
-4501
-4168
-1247
2421
4398
3217
1233
-931
-3043
-4537
-4459
-2197
437
2578
3421
3407
2658
-5
-2701
-3570
-2671
-821
1599
4583
6568
6493
4043
1709
-4327
-10234
-8042
-3071
242
2473
7271
6773
1728
-4892
-10538
-6517
-934
241
1142
6214
7591
1733
-2974
-4747
-2990
-1367
-2145
516
7078
9705
4903
164
-921
-2064
-5391
-6878
-2088
4734
6459
3377
1200
390
-2563
-7367
-9156
-4778
1316
3995
4750
6221
4994
-515
-5144
-6256
-5478
-3218
498
3514
5621
5780
2896
-1144
-3450
-3768
-3345
-1128
1948
4394
4672
2197
-821
-3348
-4516
-4320
-2511
454
2493
3383
3116
1764
-262
-2062
-2708
-2424
-849
1460
3849
5281
5789
4835
2307
-62
-6304
-9987
-6239
-520
2153
3691
7365
4889
-1177
-8037
-10470
-4480
853
2091
3094
6755
4955
-1586
-5169
-5281
-2436
-589
105
3465
8062
7141
888
-2500
-2386
-3354
-5376
-3555
2433
6834
5712
1724
-255
-1702
-4988
-8139
-6853
-1183
3349
4549
4793
4973
1685
-3788
-5605
-4084
-2572
-399
2918
4891
5125
3011
-764
-3154
-3225
-2433
-1150
1765
4181
4457
2225
-988
-2828
-3860
-3903
-2613
109
2278
2509
1795
649
-203
-1595
-2473
-1623
-7
1500
2242
3322
3715
3626
2489
1515
-1128
-7085
-7165
-2781
707
1266
3735
5069
1354
-3675
-9266
-6662
215
2861
2063
4080
5080
-438
-4413
-4725
-2264
569
1224
2408
5550
6727
1951
-2448
-2191
-1203
-2623
-3224
1154
5674
5263
1277
-1306
-1561
-2776
-5459
-6011
-1887
2395
2863
2036
2584
1776
-2303
-4969
-2989
-710
-8
1380
2568
3133
1949
-530
-2380
-1423
296
332
1212
2354
2592
899
-1488
-2562
-2514
-1612
-769
571
1749
1547
320
-1131
-1215
-747
-359
-104
912
1876
2173
2137
2198
2293
1925
1978
-2657
-6509
-4375
-681
279
1049
3878
2342
-378
-5395
-8070
-2546
2663
2287
1611
4052
1492
-3334
-4330
-2676
155
1725
2507
4232
5661
2740
-1838
-2633
-634
-71
-1914
-261
3933
4517
1083
-1728
-1656
-1672
-2535
-3701
-2363
1465
2274
869
538
436
-1952
-4399
-2871
-327
844
1306
1593
1544
1080
274
-1485
-1088
946
1377
1055
1683
1971
635
-678
-1749
-1909
-1121
-339
309
1378
1348
-240
-1256
-1118
-471
-231
312
844
1504
2087
2012
2121
2086
1829
1801
-1741
-5324
-3632
-408
442
940
2803
1325
-1139
-5140
-7324
-2257
2575
2369
1609
3447
905
-3731
-4290
-1939
1094
1641
1973
4069
5112
1710
-2475
-2405
144
1064
-651
463
4033
3949
-414
-3419
-2694
-1106
-1082
-2062
-401
2126
1095
-844
-712
-333
-2319
-3899
-2200
633
1423
722
549
654
257
-846
-1175
369
2794
2642
1137
872
584
-516
-1621
-1043
-486
-334
33
-3
402
234
-572
-983
-277
657
310
-129
494
1059
1244
1482
2679
2721
1952
-695
-5214
-4864
-1778
564
1458
3653
2661
-760
-3805
-7340
-4523
990
3311
2193
2435
1163
-2798
-4252
-3046
76
1865
2367
3825
4534
1928
-1413
-1936
-547
998
500
581
3525
4443
785
-2676
-2729
-1682
-1082
-1187
-730
894
767
-724
-1199
-924
-1513
-2652
-1726
11
145
-670
-785
120
448
286
13
815
2453
2022
501
-201
77
67
-104
345
759
834
388
-212
-632
-768
-936
-706
343
1363
844
38
253
780
945
1447
2395
2677
2488
-1273
-5414
-4810
-1460
257
1095
3361
1853
-874
-4454
-6336
-2643
1583
3052
1978
1668
-880
-3403
-3533
-1896
1393
2325
2286
3268
2929
-502
-2186
-594
1392
2558
1761
1913
2857
1688
-1830
-3453
-1983
-175
1246
552
-170
-113
-1234
-2135
-2007
-1506
-1245
-187
1162
855
-537
-1940
-2617
-1845
-562
402
1377
2591
2962
1264
-769
-1518
-584
876
1117
1010
1018
602
-30
-593
-575
-693
-763
-252
687
915
10
-180
817
1621
1944
1789
1433
1870
-1418
-4625
-3075
421
1626
1457
1836
-562
-2741
-5411
-5315
236
4106
3710
1889
3
-3250
-4601
-3735
-1424
2021
3195
3174
3628
1646
-2835
-3833
-1479
1561
3217
2881
3931
4340
828
-3312
-3678
-1910
-5
1508
893
-40
-292
-1536
-1763
-1113
-1206
-1313
-620
39
-279
-964
-1470
-1038
479
859
159
101
460
415
-505
-630
393
1880
2666
1496
-113
-1068
-976
-191
714
1553
1525
611
-231
-665
-1620
-2043
-526
2024
2966
3181
2767
1402
610
-3223
-5498
-2687
1145
2350
2592
2149
-1197
-3167
-5240
-4848
452
3569
2572
900
-1016
-3700
-3589
-1699
879
3236
2427
1486
1806
-225
-3249
-1743
1267
2743
2731
1422
1793
2161
-449
-2439
-407
1853
2434
1836
-698
-2693
-3007
-2817
-1453
660
1366
663
-179
-2078
-3571
-3561
-1884
570
2565
2568
727
-257
-741
-963
-1009
-204
1244
2377
2112
49
-1325
-907
63
856
1380
1734
1211
8
-982
-677
-575
-229
1161
2099
1690
781
493
464
1215
-1592
-2899
-142
1989
1090
-31
-819
-2182
-2071
-3582
-2071
2738
3791
651
-2086
-4238
-4966
-2071
636
2703
3804
1822
359
-396
-2835
-3540
495
3661
4172
2995
705
325
-269
-2400
-2276
1216
3419
3492
2195
-1188
-3133
-2826
-1569
-33
463
70
-573
-1173
-2555
-3026
-1834
31
1522
1297
-383
-1586
-1018
-25
715
1335
1974
2003
1224
-707
-2920
-2566
109
2293
2685
2212
1175
-453
-1460
-1680
-787
420
1765
2726
1897
-31
-634
-27
730
1476
-1206
-2566
150
2267
860
-199
-390
-1354
-1216
-3371
-3271
1476
3706
1501
-1033
-3096
-3905
-1647
-272
628
1907
1431
1197
1224
-1307
-2690
543
2327
1771
1022
374
1141
1452
-490
-1221
814
1741
1244
187
-1925
-2329
-829
665
1482
707
-758
-1481
-1526
-2815
-3344
-1325
1161
2114
1184
-825
-2307
-1668
-423
26
892
2153
2544
1823
-193
-2085
-1549
503
1637
1431
713
-51
-622
-427
-165
276
592
783
1021
136
-558
2
2039
2351
2376
391
-3587
-2714
-148
526
267
1749
649
-210
-1823
-5087
-1852
3130
2898
17
-1441
-3254
-2220
-357
-517
754
2005
1558
1137
-852
-3405
-842
2675
2303
1832
1061
406
1035
-199
-2090
-219
2784
2967
1891
-668
-2931
-2300
-742
334
764
399
242
-19
-2031
-3548
-2589
-133
1086
835
-187
-1494
-1314
-291
233
309
1149
1792
1466
351
-1509
-1514
825
2269
1683
695
-126
-586
-448
-405
-208
425
832
657
-291
-1118
-356
1446
2662
2007
1606
-606
-3242
-2026
156
1371
1166
1112
-905
-1513
-2967
-4415
232
4558
2918
-744
-2654
-4058
-2138
-192
-40
1419
2774
1572
-192
-2399
-3168
286
2846
2136
1723
1142
587
391
-1247
-1839
1266
3821
2824
655
-1886
-3107
-1763
155
978
708
150
-221
-1539
-3606
-3539
-839
1521
1323
54
-1082
-1856
-1262
-312
153
954
2200
2016
518
-1056
-1884
-500
1896
2625
1818
924
243
-224
-715
-745
255
1131
1016
-16
-1128
-1130
205
1675
2000
1323
829
-763
-3338
-2232
645
2162
1819
643
-1846
-2370
-3062
-3878
755
4925
3042
-776
-2898
-4161
-1635
442
351
1676
2641
940
-1049
-2670
-2679
966
3250
2012
1131
567
236
-332
-1391
-501
2786
4209
2101
-509
-2632
-2825
-988
1012
1878
1313
188
-1002
-2797
-4075
-2501
385
1675
703
-687
-1722
-2189
-1376
-275
413
1444
2142
1054
-446
-1166
-1242
321
2477
2465
1135
458
149
-310
-530
247
1346
1386
405
-999
-1459
-762
767
1486
2060
1516
894
72
-3262
-2788
733
2762
1210
224
-1639
-2186
-1797
-3173
-143
4041
2976
-1496
-3338
-4048
-1447
1706
1023
1030
1848
541
-1481
-2446
-2262
905
3577
1910
322
113
228
94
-565
29
2732
3716
1359
-1031
-2282
-1953
-17
1665
1951
618
-973
-1814
-2374
-2733
-1433
528
1039
-203
-1974
-2429
-1916
-423
669
755
792
842
26
-849
-789
-369
1318
2658
1562
107
47
112
-161
239
914
1347
913
-27
-698
-914
-255
958
1450
1378
850
525
-217
-2664
-1709
1278
2640
800
-598
-2025
-1822
-1237
-2508
491
3862
1967
-2746
-4274
-3439
44
2209
518
463
1490
372
-1693
-2442
-1090
1997
2929
386
-598
213
794
430
-236
886
3115
2818
-94
-1818
-1597
-232
1293
2012
1589
-70
-1381
-1752
-2104
-1928
-114
947
-98
-1809
-2586
-2151
-1127
185
479
183
355
343
-483
-565
254
791
1630
1795
403
1
772
735
417
698
846
447
-266
-690
-538
142
1063
1593
1417
1093
396
107
-930
-2825
-1060
1656
1861
-327
-1305
-2034
-1148
-1320
-2339
1180
3590
628
-3271
-3384
-1993
1062
1266
-790
101
1320
-65
-1806
-1534
527
2869
1738
-944
-504
992
1415
354
-96
1705
3237
1245
-1420
-1475
-487
708
1157
960
564
-431
-1484
-1604
-1306
-696
227
-391
-1614
-2117
-1587
-1027
-444
7
-184
-377
-403
-129
22
802
987
533
634
704
180
495
1392
1181
1061
862
388
-70
-120
-167
-112
499
861
1264
1154
1136
648
662
-807
-2727
-843
1389
1036
-905
-960
-1291
-592
-1606
-2431
1131
2619
-496
-3376
-2471
-615
1649
602
-1197
399
1190
-616
-2025
-940
1656
2838
537
-1370
215
1549
974
-424
121
2875
3251
196
-1615
-598
432
609
70
80
725
15
-1311
-1473
-911
-98
-76
-1546
-2386
-1705
-893
-722
-541
-220
-60
-503
-975
-570
342
1243
904
327
750
932
239
569
1305
1054
884
520
197
93
533
158
90
454
544
777
712
1131
624
951
-968
-2545
-412
1433
604
-1115
-875
-1547
-616
-1587
-1816
1612
2437
-1013
-3799
-2454
-480
1752
492
-689
1032
993
-1207
-2268
-422
2104
2575
-131
-1104
1117
1740
497
-671
789
3193
2464
-744
-1511
575
1171
330
-505
369
931
-681
-1935
-1558
-275
532
-358
-2183
-2134
-1102
-957
-1191
-865
-312
-239
-766
-1028
-231
813
1090
121
-260
765
871
244
1039
1609
1114
797
263
28
656
1013
307
165
730
761
786
849
1088
801
797
-1052
-2549
-102
1745
598
-1167
-1222
-1789
-1018
-1755
-1661
1834
2442
-1287
-3976
-2532
-395
1548
278
-580
1077
923
-1392
-2029
170
2405
1883
-917
-1091
1322
1616
285
-289
1510
3407
1760
-1351
-1222
1167
1385
60
-480
761
894
-1048
-2113
-1084
19
24
-1041
-2827
-1828
-427
-730
-1268
-322
93
-885
-964
-629
284
1061
913
-534
-314
1047
575
12
1262
1808
779
656
383
305
1067
1111
111
85
910
480
359
1104
1605
755
732
-863
-2768
-330
1708
710
-877
-774
-1923
-1454
-1534
-1889
1152
2182
-1179
-4024
-2770
-474
1521
473
-591
867
648
-1450
-1859
450
2663
2076
-746
-1153
1327
1294
-152
-418
1602
3413
1586
-1378
-986
1445
1355
-163
-442
1011
1074
-1040
-2069
-757
550
217
-1561
-3085
-1556
-229
-875
-1304
-191
68
-989
-1471
-815
508
1142
396
-944
-165
1170
660
169
1502
1725
531
50
92
741
1657
1128
-223
-123
585
267
419
1503
1949
1107
790
-381
-2620
-507
1544
782
-648
-827
-2013
-1454
-802
-2116
425
2093
-680
-3871
-3142
-761
1541
1131
-759
294
465
-1448
-2239
-124
2756
2414
-588
-1446
1239
1748
401
-52
1507
3271
1548
-1449
-967
1893
2120
243
-475
732
1116
-1064
-2138
-550
849
199
-1764
-2926
-1533
-235
-1296
-1840
-484
83
-944
-1388
-289
880
1019
-13
-1107
-237
1239
834
236
1482
1614
20
-298
321
951
1588
1078
-176
11
925
264
242
1413
1896
877
264
-315
-2250
-643
1184
891
-671
-1002
-2078
-2065
-872
-1638
217
1914
7
-3465
-3350
-1040
1069
989
-718
65
339
-989
-1635
147
2571
2014
-665
-1584
1088
2020
783
387
1506
2804
1196
-1339
-696
1998
2304
389
-536
410
856
-1079
-2031
-327
753
-104
-1999
-3151
-1631
-173
-1133
-1927
-625
-402
-1507
-1658
-430
852
926
-43
-1177
-195
1237
1006
417
1413
1415
-30
-62
572
1092
1821
1256
-180
-79
889
556
674
1826
1793
1029
129
169
-1143
-1046
718
1158
317
-1060
-2064
-2641
-442
-819
-1041
1291
1035
-2464
-4324
-2112
354
1936
162
-897
-37
-440
-1654
-1146
1749
2629
409
-1843
-370
1998
1232
263
720
2284
2095
-357
-1239
1277
3046
1239
-676
-126
1207
329
-1489
-953
605
571
-1593
-3207
-1988
90
-430
-2040
-1230
-242
-804
-1522
-685
672
1021
102
-1206
-647
914
995
21
679
1454
415
-117
484
1240
1656
1254
-258
-302
806
566
167
1261
1801
1125
332
325
198
-1070
-365
599
898
-116
-1458
-2629
-1245
22
-1589
-343
1418
-431
-3489
-3075
-537
1656
1240
-1176
-889
-40
-994
-1693
357
2645
1664
-1167
-1651
1265
2129
627
162
1604
2658
904
-1342
-220
2623
2201
-302
-638
903
1296
-744
-1562
-134
756
-596
-2644
-2463
-549
63
-1672
-1825
-389
-462
-1625
-1440
-57
664
463
-868
-1021
637
1318
225
284
1394
837
-96
125
906
1575
1691
503
-336
561
1005
366
830
1735
1208
714
597
555
-654
-1147
50
862
603
-1080
-2131
-1810
-28
-905
-1485
895
900
-2305
-4036
-1961
521
1619
-218
-1320
-28
-113
-1539
-1022
1772
2382
-113
-2022
-128
2281
1216
-36
771
2328
1783
-537
-1013
1676
2978
778
-917
114
1361
143
-1456
-701
975
100
-2209
-2916
-1524
197
-792
-1919
-974
-14
-1344
-2008
-448
721
783
-512
-1136
-163
1313
632
-12
1158
1441
103
-387
931
1560
1414
799
35
329
963
767
414
1198
1405
655
341
859
868
-1028
-965
338
875
112
-1452
-2274
-1406
92
-1474
-944
1257
117
-2898
-3579
-1021
1204
1325
-883
-753
450
-430
-1547
-287
2380
1946
-996
-1703
1103
2215
597
93
1296
2523
1237
-1087
-119
2649
2303
-120
-670
795
1126
-533
-1508
198
1141
-567
-2690
-2804
-662
-124
-1506
-1822
-507
-560
-1731
-1643
-122
1232
435
-1196
-1039
515
782
81
527
1198
683
-285
21
1236
1812
1199
194
228
745
746
369
693
1355
1053
635
590
935
219
-1346
-874
486
1109
-118
-1555
-2176
-1189
-650
-1609
-292
840
-646
-2990
-2734
-238
1439
646
-1176
-602
-98
-1004
-1148
647
2413
1069
-1355
-1216
1198
1571
289
416
1578
2168
348
-1047
559
2500
1478
-621
-449
692
902
-566
-782
601
704
-1045
-2622
-1631
160
-35
-1662
-1462
-279
-781
-1671
-1100
384
859
-236
-1243
-518
704
519
-90
420
949
230
-547
375
1348
1261
604
316
349
670
705
537
1162
1570
961
496
954
1054
225
-939
-321
865
1165
-183
-1660
-1914
-834
-412
-1410
-407
583
-656
-2723
-2661
-404
1218
636
-941
-702
-244
-969
-1143
542
2235
892
-1373
-1025
1215
1477
297
466
1737
2038
162
-902
918
2587
1371
-480
-96
1077
673
-868
-863
503
546
-1306
-2298
-1212
-63
-613
-1747
-1300
-438
-992
-1886
-1197
518
794
-597
-1338
-449
530
449
118
561
971
310
-391
311
1514
1487
779
421
392
671
675
745
1046
1264
818
632
862
935
139
-948
-223
655
796
-463
-1514
-1718
-933
-645
-1166
-116
531
-695
-2905
-2663
-213
1159
376
-868
-494
-353
-1132
-1110
690
2230
670
-1491
-1000
1198
1259
28
554
2024
1756
-296
-721
1112
2385
1152
-191
424
1231
360
-1107
-598
718
442
-1263
-1904
-928
-185
-760
-1487
-876
-429
-1175
-1827
-946
503
609
-588
-1252
-415
333
117
-22
567
876
180
-372
334
1274
1159
582
388
571
809
790
810
1069
1176
875
759
847
911
478
-518
-469
243
921
189
-1048
-1729
-1206
-541
-970
-490
385
-62
-2168
-2865
-1063
806
779
-578
-851
-614
-1140
-1431
45
1893
1076
-1046
-1204
706
1222
299
524
1669
1957
326
-575
884
2274
1442
-85
330
1241
615
-971
-937
494
627
-534
-1386
-979
-556
-999
-1607
-898
45
-675
-1596
-1217
-52
167
-421
-591
-38
263
-291
-498
105
888
530
-141
379
956
754
400
632
1034
1162
864
466
621
942
795
748
950
987
238
-749
-639
49
552
310
-484
-1176
-1021
-1088
-1331
-544
607
287
-1441
-2180
-1503
-129
306
-20
-81
-163
-913
-1557
-815
762
1051
64
-246
240
297
-213
38
1166
1847
1125
126
361
944
489
-138
456
1429
1172
-180
-973
-649
-324
-533
-647
-166
99
-669
-1508
-1145
-333
-160
-392
-320
-109
-375
-803
-691
-141
235
59
-84
47
242
22
-84
283
469
484
416
414
415
554
576
636
741
586
556
711
720
594
463
387
209
-53
-217
22
246
113
-110
-356
-396
-354
-337
-238
-126
-203
-572
-652
-445
-285
-339
-405
-368
-495
-685
-680
-361
-69
-158
-337
-228
72
168
47
150
443
581
505
523
586
559
451
367
425
532
438
218
38
-33
-59
-32
-27
-14
19
-25
-255
-413
-275
-114
-193
-230
-211
-360
-511
-571
-462
-276
-160
-337
-399
-222
-138
-253
-105
255
265
150
176
369
513
574
622
704
806
560
348
454
626
642
472
417
355
124
-193
-271
-67
35
-16
-327
-486
-512
-687
-726
-541
-282
-300
-556
-754
-676
-536
-587
-493
-252
-82
-194
-316
-164
141
303
213
317
439
460
454
458
597
582
416
312
417
549
421
205
111
122
123
48
-47
-73
-59
-199
-402
-349
-200
-195
-341
-461
-453
-423
-488
-514
-364
-136
-54
-162
-167
-71
-10
-18
212
470
523
386
281
318
436
581
516
581
590
347
200
256
419
409
289
139
25
-30
-169
-137
-67
-163
-345
-527
-555
-488
-577
-643
-544
-543
-599
-613
-547
-368
-316
-342
-237
68
187
63
9
112
300
379
395
440
371
248
187
319
581
549
296
83
98
181
174
203
191
44
-152
-255
-274
-72
42
-87
-278
-366
-369
-359
-338
-312
-301
-386
-470
-481
-318
-94
-20
-82
-72
86
85
82
220
455
572
444
422
420
361
431
404
461
618
484
222
113
83
35
102
121
13
-45
-252
-357
-320
-323
-327
-333
-393
-479
-542
-567
-436
-370
-439
-449
-465
-307
-190
-227
-153
54
171
57
51
136
331
359
335
398
367
368
248
354
490
417
201
205
360
216
122
-9
-23
45
-81
-199
-82
74
-146
-363
-376
-274
-219
-273
-337
-272
-128
-183
-276
-255
-114
-48
-74
15
144
210
194
140
289
474
571
542
389
405
412
345
424
536
510
301
136
53
130
232
29
-53
-142
-266
-384
-456
-425
-373
-410
-654
-693
-641
-532
-496
-552
-449
-408
-364
-334
-176
-51
-9
14
49
181
241
315
327
383
449
337
319
459
448
354
383
378
275
210
153
196
221
84
-51
-93
-85
-146
-211
-252
-247
-339
-453
-419
-409
-326
-256
-256
-249
-208
-271
-239
-78
-87
-53
13
79
131
165
192
276
448
491
424
372
372
356
388
457
480
456
296
69
-44
78
179
103
-59
-179
-209
-272
-274
-211
-231
-292
-474
-627
-554
-353
-312
-368
-321
-362
-406
-320
-101
91
143
39
-37
31
160
225
258
323
280
189
156
242
386
354
257
219
251
233
173
169
72
-1
-46
-93
-40
4
-95
-238
-293
-291
-312
-320
-275
-253
-268
-228
-149
-98
-66
-119
-161
-23
72
67
100
110
107
152
235
340
392
300
181
70
55
232
278
248
249
89
-79
-88
-42
-44
87
17
-234
-287
-278
-307
-313
-266
-263
-292
-283
-256
-213
-147
-134
-204
-157
-61
-58
-15
104
109
49
27
-7
103
208
171
182
238
232
114
72
131
168
151
98
92
60
55
-9
-99
6
59
-40
-77
-65
-125
-177
-152
-97
-3
17
-71
-101
-54
-15
-1
68
112
0
-61
12
117
211
229
127
62
85
128
228
298
284
155
21
65
187
215
186
89
-68
-106
-18
2
35
11
-156
-260
-268
-184
-37
22
-112
-270
-349
-327
-210
-169
-148
-124
-148
-132
-72
-27
46
69
-32
-36
26
36
66
74
74
55
62
99
88
56
50
18
19
88
50
-60
-69
-104
-160
-72
-27
-34
-37
-122
-187
-134
-50
-39
-40
-94
-134
-148
-104
35
133
129
40
-60
-58
41
113
197
255
218
130
92
206
297
287
179
124
94
71
119
159
211
152
-27
-119
-29
91
121
107
8
-87
-190
-216
-98
2
-23
-190
-310
-297
-163
-87
-73
-28
-89
-158
-164
-106
32
83
-17
-114
-66
10
50
69
65
75
89
103
128
123
96
20
-25
37
87
79
51
-14
-67
-7
57
112
116
-6
-135
-179
-117
-40
29
-31
-141
-174
-153
-18
67
76
40
-41
-97
-41
88
115
110
51
-6
55
135
212
200
90
-7
6
96
202
229
150
69
-2
-43
11
78
82
58
-56
-177
-142
-71
-56
-40
-63
-115
-128
-123
-109
-65
-74
-107
-113
-133
-68
-19
-18
7
37
-1
-16
32
32
20
-8
-14
-4
16
24
15
-8
-48
-57
-23
35
46
1
-34
-86
-83
16
49
57
49
-35
-82
-62
10
23
14
-13
-60
-32
31
122
123
85
78
-7
-12
84
130
144
118
46
12
63
91
120
133
65
33
-23
-51
30
65
40
-17
-19
-46
-80
-96
-110
-42
-81
-119
-125
-114
-73
-82
-92
-77
-51
-88
-93
-85
-73
-11
3
17
40
40
53
78
89
83
101
81
50
28
13
66
58
24
1
-30
-46
-46
-32
-4
40
11
-42
-93
-105
-33
-25
-16
-9
-50
-104
-87
-45
-22
22
0
-33
-34
7
59
102
130
116
77
50
82
103
120
149
120
76
94
96
118
140
135
87
47
62
2
8
36
27
-8
-62
-89
-107
-76
-94
-117
-120
-167
-173
-185
-180
-136
-116
-125
-152
-149
-138
-71
-42
-39
1
23
36
37
55
101
138
91
68
67
66
58
35
42
67
56
-1
-20
-13
-26
-32
-57
-74
-42
-74
-95
-74
-50
-57
-86
-92
-87
-76
-70
-74
-109
-105
-80
-72
-30
17
35
58
97
76
80
122
140
135
151
176
182
195
173
135
146
160
154
139
129
125
78
46
45
44
29
-18
-87
-125
-104
-101
-120
-107
-117
-164
-202
-193
-163
-142
-152
-171
-178
-160
-148
-131
-68
-8
2
-4
-11
0
63
121
135
129
125
94
89
90
105
120
101
86
48
7
4
19
7
-18
-20
-45
-55
-86
-101
-103
-105
-100
-106
-96
-88
-75
-81
-88
-75
-55
-33
-19
-4
33
60
61
52
68
79
118
155
158
193
205
188
175
179
202
188
179
137
93
57
20
23
35
47
18
-22
-58
-107
-120
-138
-134
-125
-158
-185
-202
-193
-184
-173
-177
-160
-140
-136
-106
-64
-45
-39
-45
-33
18
81
115
113
87
63
77
108
143
163
166
117
65
67
68
81
74
41
12
4
-6
-33
-26
-36
-61
-79
-97
-93
-84
-97
-113
-105
-83
-66
-50
-46
-39
-40
-29
-4
28
53
63
69
65
66
73
86
106
125
124
120
130
128
127
129
112
103
88
44
28
28
14
6
-28
-68
-89
-97
-111
-102
-103
-128
-136
-146
-143
-135
-122
-118
-121
-111
-102
-62
-39
-35
-28
-28
-1
20
43
85
95
95
89
83
91
91
97
99
108
95
78
58
37
31
20
5
5
4
-19
-42
-66
-80
-90
-94
-101
-103
-92
-74
-72
-89
-79
-75
-51
-31
-17
1
5
2
1
33
72
95
95
83
81
91
93
101
123
151
148
121
103
82
61
35
20
11
0
-6
-30
-59
-79
-84
-86
-97
-92
-97
-102
-105
-106
-107
-97
-72
-71
-73
-69
-54
-28
-11
10
23
39
54
54
65
79
91
87
69
72
82
84
88
81
62
47
30
14
-4
-19
-41
-53
-58
-55
-52
-57
-63
-73
-85
-86
-72
-70
-67
-52
-55
-54
-40
-42
-26
-14
-2
18
43
56
58
64
63
66
64
70
90
97
102
100
94
97
85
62
48
41
10
-3
1
-1
-5
-22
-35
-57
-65
-78
-91
-89
-93
-86
-88
-83
-87
-90
-82
-79
-63
-57
-44
-32
-34
-23
-9
7
17
35
59
74
79
68
50
39
38
51
64
60
34
14
8
3
12
19
1
-18
-22
-21
-12
-7
-11
-31
-43
-48
-47
-39
-33
-24
-16
-12
0
7
7
9
12
21
46
60
56
55
45
42
40
44
53
58
56
58
61
61
51
40
18
-1
-13
-13
-1
1
-9
-41
-58
-56
-56
-55
-53
-51
-57
-75
-74
-69
-63
-53
-52
-50
-45
-32
-23
-21
-18
-8
3
4
13
28
36
50
55
56
54
39
28
24
34
38
34
25
25
29
17
8
4
0
-11
-18
-6
-5
-16
-27
-31
-37
-38
-27
-23
-4
-4
-15
-22
-13
-3
-3
15
21
27
32
26
20
17
23
26
32
30
36
45
32
25
26
29
22
20
16
9
2
-1
-8
-32
-33
-32
-41
-48
-50
-49
-48
-56
-63
-53
-51
-40
-31
-34
-34
-30
-37
-30
-13
3
19
18
17
17
16
21
44
53
49
46
33
17
18
25
19
17
17
8
-3
-10
-11
-14
-17
-15
-18
-18
-15
-15
-22
-16
-5
-8
-9
-8
-8
-10
3
8
4
10
13
23
32
36
30
23
22
26
29
31
42
45
46
35
24
30
31
31
31
28
23
10
-1
-19
-30
-28
-32
-33
-24
-20
-27
-31
-31
-40
-48
-49
-45
-44
-39
-34
-37
-39
-29
-21
-7
16
23
19
13
7
-1
-6
-1
12
23
24
28
26
19
9
1
-3
1
7
7
-4
-17
-17
-23
-24
-23
-16
-14
-22
-20
-15
-12
-13
-15
-19
-13
5
14
20
29
23
13
16
19
19
32
47
47
36
31
33
30
31
36
44
47
34
27
19
15
9
-1
-10
-15
-12
-11
-14
-18
-21
-30
-30
-30
-26
-21
-23
-15
-12
-16
-20
-25
-26
-29
-24
-18
-12
-5
-9
-9
-9
-10
-9
-4
6
12
18
12
13
7
9
14
15
18
15
12
9
4
3
2
5
2
-1
2
0
-1
-4
-7
-10
-14
-17
-7
-1
-3
-2
-6
-12
-12
-5
-2
2
3
5
8
13
21
21
12
15
12
7
4
1
7
7
5
6
8
14
17
10
6
1
-5
-9
-6
-2
-5
-9
-16
-12
-8
-7
-4
-1
-8
-13
-9
-7
-3
-2
-9
-21
-22
-16
-12
-4
4
9
5
-1
0
3
2
1
-1
0
0
2
4
5
8
0
-4
-6
1
7
2
-2
-1
3
4
2
4
6
0
-6
-5
-3
-5
1
-2
-8
-3
-5
-4
1
6
14
12
6
2
-1
0
2
5
6
10
5
2
-2
-8
-6
3
10
11
11
8
-1
-9
-10
-7
-9
-8
-4
-4
-6
-2
-8
-11
-2
-5
-6
-8
-9
-5
-2
-10
-18
-15
-9
-1
5
6
10
9
4
-1
-4
-4
-3
-2
4
16
21
24
23
21
20
19
14
7
8
8
5
0
2
0
-3
-4
-3
2
0
-3
-8
-8
-11
-18
-10
-6
-3
-2
0
0
2
5
-1
1
-1
-6
-4
-3
-5
-11
-5
2
4
12
15
17
21
17
19
15
6
0
-6
-8
-7
-9
-12
-9
-5
-4
-2
5
9
7
5
3
-1
-1
-5
-9
-16
-18
-15
-18
-14
-12
-4
1
-4
-3
2
5
2
1
3
-2
-3
2
8
15
21
20
18
16
11
6
2
0
0
3
-1
-5
-1
0
-6
-11
-9
-4
-4
-9
-11
-7
-2
-4
-10
-7
1
7
3
0
0
-2
-5
-5
-2
-1
-1
1
4
8
9
14
15
14
7
3
2
7
10
6
5
4
5
2
-2
0
2
4
4
1
3
-1
-14
-24
-27
-19
-12
-2
3
9
12
5
-2
-3
-6
-10
-9
-2
1
-2
-3
-1
-2
-1
-3
-1
0
3
6
5
5
2
0
-4
-4
-1
0
-4
-8
-7
-5
-5
-4
-2
-4
-5
-3
-7
-7
-7
-7
-2
1
-1
-2
-4
-3
4
6
4
11
9
5
3
2
-2
1
-1
-4
3
8
3
-3
-3
-5
-8
-6
-3
-1
2
6
8
3
4
6
2
-3
-6
-2
0
1
3
1
-3
-4
-1
0
-1
6
11
6
-5
-6
-5
-5
-4
2
7
14
13
6
8
6
4
1
0
1
0
0
0
5
10
12
14
14
10
4
-3
-9
-10
-9
-9
-10
-9
-13
-13
-10
-12
-8
0
4
3
6
9
9
7
2
0
0
1
0
-1
1
6
6
7
6
10
11
7
5
-1
-6
-7
-7
-7
-5
-1
0
-4
-5
-5
-8
-17
-19
-15
-10
-9
-7
-4
-1
0
-5
-5
-5
-3
0
-5
-6
0
2
-4
-7
-1
5
10
8
8
13
17
8
-2
-2
3
7
5
5
3
1
-1
-5
0
9
7
8
4
-4
-6
-2
2
1
4
8
6
6
4
-3
-4
-1
2
1
3
3
-1
-2
-4
-3
-3
-2
3
3
3
2
1
3
2
1
-2
-1
2
2
0
-8
-15
-15
-15
-13
-8
0
0
-6
-9
-15
-17
-16
-15
-15
-10
-5
-4
-2
-1
0
0
-3
-2
-2
0
4
7
5
2
0
-2
1
5
4
7
11
11
8
4
3
3
1
3
8
7
7
1
-2
-1
1
-3
0
7
7
2
-3
-4
-7
-7
-4
2
10
12
12
7
2
3
1
-4
2
3
-2
-1
1
0
-6
-9
-6
-3
-2
-6
-5
-4
-3
-5
-5
-2
2
6
7
4
1
4
1
-2
-3
-6
1
2
1
-7
-6
-9
-12
-9
-7
-2
2
2
2
4
5
7
3
3
0
-1
0
-2
-2
-2
-6
-2
6
9
11
15
16
16
14
11
5
0
-2
-3
-3
-4
-2
-3
-9
-7
-2
9
12
13
12
9
8
0
-13
-12
-4
-2
1
4
8
9
4
1
2
5
2
-1
-5
-8
-11
-11
-6
-3
4
8
12
14
11
7
0
-4
-4
-6
-7
-9
-7
-2
1
1
-1
-1
-1
0
9
12
9
8
3
2
0
-2
-2
0
3
-1
0
1
1
2
2
6
-2
-9
-8
-7
-4
-2
-3
-3
-4
-5
-7
-6
-7
-2
-1
-3
-7
-5
-1
-4
-8
-11
-9
-8
-4
-1
1
7
10
10
10
6
9
7
2
-4
-8
-7
-7
-7
-3
0
1
4
8
7
2
3
-2
-2
-2
-2
2
3
2
1
4
5
4
5
0
-7
-12
-14
-14
-6
-2
-1
-2
-2
4
9
10
7
3
3
-1
-5
-9
-9
-5
-4
-2
3
4
3
3
0
2
6
3
2
2
-1
-4
-3
-2
-2
-4
-4
2
8
12
10
6
3
0
1
1
2
2
5
2
5
10
6
5
1
-3
-6
-6
-6
-6
-5
-6
-4
0
1
3
-1
-4
-5
-7
-9
-11
-6
-4
4
5
6
5
-2
-5
-6
-5
-1
2
2
-3
-6
-5
-5
-4
3
1
2
2
2
6
2
-4
-6
-1
-3
-5
1
5
7
8
10
14
20
21
16
11
7
3
-11
-16
-8
-10
-4
0
-4
0
2
0
0
4
3
-3
-5
-3
-2
-2
1
2
5
3
-1
-1
-2
-3
-6
-8
-9
-11
-9
-10
-8
0
1
-5
-5
1
4
5
4
6
-1
-4
-2
-2
0
3
6
4
1
0
0
-2
0
-3
-4
0
2
1
-2
-1
-5
-9
-8
-8
-6
0
2
2
2
3
6
6
6
8
9
6
3
1
2
2
3
6
5
3
3
5
4
5
5
1
-1
-2
-7
-12
-6
1
-2
-1
0
0
3
-2
-6
-7
-5
-3
-3
-4
-2
1
0
-4
-3
6
10
12
9
3
-4
-5
-5
-6
-6
-2
3
5
6
3
2
6
8
5
3
4
2
-1
-7
-5
-3
-2
4
7
8
5
2
-3
-7
-3
-6
-8
-5
-4
-3
-4
-5
-4
-2
3
0
-6
-5
-4
-3
-5
-8
-8
-1
5
9
13
17
15
13
10
5
7
6
4
-1
-3
2
3
7
7
8
9
10
10
3
1
0
-6
-12
-7
-2
1
-2
-9
-6
0
4
3
0
3
6
-2
-9
-6
-4
-3
-2
-1
0
-3
1
8
10
14
15
11
0
-4
-5
-14
-19
-14
-6
-2
-4
-3
-9
-10
-6
-10
-9
-9
-9
-9
-7
-5
-3
-5
3
4
4
12
10
2
2
0
1
4
10
11
6
11
13
13
12
12
6
2
-4
-5
-4
-9
-9
-8
-7
-5
-3
-4
-7
-2
2
0
-2
-6
-5
-4
-6
-7
-7
-5
-4
-5
-5
-4
-4
-1
-1
-2
0
3
7
2
-2
-6
-4
0
0
-2
-4
1
7
10
11
14
16
15
11
5
1
-1
-9
-10
-10
-10
-8
-4
1
7
12
15
11
8
1
-6
-7
-7
-3
-2
3
7
6
4
7
9
7
6
6
2
1
3
1
1
1
3
10
10
6
5
7
4
5
6
-2
-3
-3
-4
-5
-8
-5
-2
3
5
1
0
3
3
2
-3
4
9
4
-4
-12
-17
-19
-16
-15
-19
-10
-1
3
3
-6
0
4
0
-3
-1
2
2
1
-4
-9
-8
2
-2
-5
-2
0
4
4
-1
-6
-3
-3
-6
-13
-11
-3
4
6
9
13
15
5
2
2
-4
2
2
-6
-10
-5
1
6
8
15
11
8
17
12
2
-12
-15
-14
-18
-15
-4
0
-1
7
7
10
4
-4
-9
-14
-9
-7
-9
0
-1
-9
-4
-4
3
12
10
6
-6
-8
-7
-4
-3
-1
2
7
5
0
5
12
11
7
4
4
1
4
5
-5
-8
0
5
4
7
1
-1
-8
2
8
11
18
6
-2
-6
0
-5
-11
-9
-4
1
12
16
11
6
4
-4
-8
-8
-14
-8
2
-6
0
2
1
5
-3
6
1
4
2
-12
-20
-16
-14
-17
-7
-1
5
9
18
15
12
9
4
-5
-12
-7
-7
-7
-11
-16
-15
-10
-1
4
4
8
10
2
-5
-7
-1
3
2
-1
-7
-11
-9
-3
-6
5
11
14
9
6
12
12
14
7
3
-10
-6
-11
-16
-5
-4
4
10
15
21
19
8
2
-5
-18
-17
-11
-10
-14
-8
0
2
8
11
9
11
9
-7
-11
-5
-9
-16
-6
3
-1
2
5
1
3
8
10
5
-1
2
-6
-7
-3
-7
-3
0
-3
-7
-9
-5
-1
-5
-6
6
13
7
6
12
6
9
12
4
7
3
7
0
-4
11
7
6
19
26
13
11
17
4
0
3
11
1
-3
2
-9
-3
3
8
4
-1
0
0
0
6
11
-2
-6
-6
-5
-3
-7
-6
-5
-6
0
4
6
-1
-10
-14
-22
-18
-7
-4
-3
-2
-4
-8
0
7
10
13
11
6
3
3
11
14
5
2
4
0
1
-10
-18
-18
-10
-4
-9
-4
-5
-4
-8
-12
-8
-8
-10
-5
-1
2
2
0
-9
-11
-8
1
4
4
6
4
0
-1
-1
-6
2
8
3
-8
-7
-8
-1
0
1
6
0
-2
-11
-9
-9
-4
6
0
2
6
2
1
6
3
3
11
5
-2
-4
-6
-1
4
5
1
14
13
4
-2
-3
4
8
-1
-17
-12
-2
-2
-10
-6
3
6
-4
-7
-1
3
0
0
-1
0
3
-3
-4
4
11
11
12
10
7
1
2
5
8
10
2
-2
1
-1
-5
-2
0
-6
0
4
-3
-4
-2
-11
-19
-18
-23
-26
-16
-6
-3
-1
5
3
-1
-1
12
20
11
2
3
4
5
13
11
8
7
10
11
4
0
2
-1
3
12
10
7
-2
-9
-20
-16
-10
-11
-4
-1
-2
5
6
8
5
0
3
2
4
-1
8
13
2
-7
-5
-8
-7
1
0
1
6
6
-3
-3
0
2
-7
-7
0
-3
-8
-2
5
6
9
0
-7
-10
-3
-3
-1
6
3
0
1
3
-8
-7
-3
-7
-6
-7
-2
-2
0
-3
-7
-7
-5
-8
-10
-11
-8
-4
1
1
4
2
-2
-1
-1
0
2
2
3
11
10
9
8
8
5
7
4
1
-1
-5
-2
6
12
12
4
-5
-9
-11
-12
-11
-6
-1
-4
-7
-8
-9
-14
-15
-11
-10
-2
2
4
3
-1
3
3
5
14
16
12
13
9
2
1
8
7
2
3
7
8
9
6
-2
-2
-2
-5
-5
-1
7
10
8
5
4
0
-10
-5
2
9
12
15
15
9
11
16
15
6
-2
-5
-12
-12
-1
-2
2
0
-2
-2
-3
-6
-7
-7
0
1
-3
-4
2
8
1
-4
-5
-5
-4
-1
4
3
2
6
5
2
5
5
2
1
-4
-3
-6
-7
-11
-18
-5
-1
4
2
2
1
-2
-6
-7
-8
-10
-9
-9
-8
-6
-2
2
8
3
2
8
14
13
9
3
-4
-2
-7
-10
-5
-4
-4
-6
-8
-5
-3
2
-1
6
7
-6
-7
-9
-10
-5
3
3
0
4
7
7
6
3
1
1
0
-3
0
-5
-2
-8
-8
-1
1
6
3
5
8
11
11
9
13
12
8
1
-8
-12
-9
-3
-1
1
7
8
0
2
-1
-1
3
3
6
0
-8
-15
-14
-10
-7
-6
-6
-5
-2
-1
-3
1
1
-8
-13
-12
-8
-4
-3
-4
-4
-6
-3
-1
-2
-3
-4
-4
-6
0
2
8
14
14
7
0
-3
-5
-6
0
6
6
5
-3
-6
-5
2
7
4
6
3
2
-3
-6
-7
-10
-2
1
-2
3
8
5
8
10
12
11
10
6
1
3
3
5
2
-1
3
2
7
8
6
2
-3
-3
-5
0
8
3
1
-1
-2
-6
-9
-10
-16
-10
-2
3
3
4
0
-11
-12
-13
-11
-12
-8
-5
-7
-5
-1
-7
-8
-8
-12
-10
-4
4
4
3
0
-2
3
6
8
10
7
8
6
1
0
8
11
5
6
12
5
8
13
11
11
15
23
14
8
11
6
3
6
5
2
2
2
-1
-1
0
6
0
-1
-3
-5
-5
-12
-7
-7
-2
-1
-1
-4
-8
-4
0
-4
-5
-5
-8
-7
-8
-4
-7
-8
1
5
3
5
7
3
0
-3
-1
-5
-3
-3
-5
-4
-2
4
6
4
7
12
4
0
-2
1
-2
-2
3
1
-2
3
3
0
2
-2
-4
-7
-8
-8
-9
-6
-3
-1
1
5
3
0
4
5
-1
-4
-3
0
2
-1
-2
-8
-11
-8
-8
-2
2
7
12
6
2
0
-4
-4
-7
-3
2
-2
-6
-8
-9
-11
-9
-4
-2
-3
2
0
8
10
2
-5
-4
1
-3
-3
-2
-3
1
3
2
1
2
4
5
4
4
5
3
0
2
3
5
2
8
12
6
5
1
-2
-2
-3
-1
-3
-7
-9
-13
-15
-9
-1
4
5
7
2
0
3
2
4
7
4
-2
-3
0
-4
-8
-2
0
4
4
2
-2
2
9
11
13
10
4
-1
-2
-3
-7
-8
-6
-5
4
9
13
12
7
7
4
2
1
-2
-4
-10
-8
-6
-3
-11
-12
-11
-5
7
7
12
18
15
7
5
0
-1
-2
0
0
3
6
6
3
1
6
12
14
14
14
9
7
6
1
0
-1
-4
-5
-1
3
4
7
6
3
0
-3
-4
-8
-4
-2
-2
-1
1
8
8
3
0
-2
-6
-7
-14
-12
-6
-6
-6
-8
-3
5
13
13
16
14
12
10
1
-1
-1
0
1
-4
-3
3
2
-4
-4
-8
-9
-6
-7
-7
-7
-8
-7
-9
-9
-4
1
3
-2
0
-2
-4
-1
-4
-3
-6
-4
0
-2
-2
-1
-6
-10
-5
-5
-6
-8
-12
-13
-15
-14
-15
-11
-6
-2
3
-2
-6
-3
-3
8
10
10
9
6
6
2
1
-2
-7
-11
-15
-17
-17
-10
-2
6
5
2
4
3
2
-4
-1
4
5
5
10
9
8
7
7
9
11
15
14
10
7
2
-3
-5
-11
-13
-15
-11
-1
-3
2
-1
-4
-2
-2
5
8
10
21
23
22
18
8
2
2
2
3
4
6
13
14
6
7
7
6
0
-8
-10
-8
-4
-5
-8
-5
-6
-5
-5
-8
-4
0
1
1
0
-1
-5
-2
-2
-3
0
4
7
7
6
1
-5
-7
-9
-11
-9
-3
-1
3
1
2
-4
-7
-3
-8
-7
-3
-3
-4
-8
-4
-1
-3
-5
-7
-5
1
3
7
12
13
11
9
4
-1
-8
-11
-11
-13
-13
-12
-9
-7
-7
-2
3
3
4
2
3
1
-4
-5
-4
-1
0
5
11
9
7
10
5
0
4
7
8
9
2
-6
-9
-14
-17
-17
-15
-8
-4
-1
6
6
5
-2
-4
-1
-2
0
-2
-2
-5
-3
3
4
4
6
7
7
10
15
14
13
6
0
-3
-4
0
4
6
5
5
4
-2
-2
2
4
8
4
0
-2
2
2
2
6
5
3
2
6
7
5
-1
-7
-16
-19
-16
-14
-9
-4
1
4
1
1
-2
-6
-8
-3
0
1
7
3
3
0
-2
3
5
8
8
7
6
1
4
4
0
6
8
7
6
4
3
-4
-4
-5
-8
-4
-1
1
-1
-3
-3
-4
1
3
-2
-2
1
2
0
-1
1
-2
-1
-3
-4
-5
-5
-1
2
3
0
2
2
-1
1
3
7
10
7
3
1
-1
-4
-5
-9
-14
-10
-6
-5
3
8
7
1
-5
-13
-11
-5
0
4
10
10
4
-1
-1
-4
-4
-2
-4
-9
-10
-8
-7
-10
-12
-7
3
10
13
13
11
12
13
4
-1
-1
0
-2
-8
-8
-11
-6
-1
-2
-1
8
16
16
10
1
-3
-8
-8
-4
0
3
3
2
5
5
2
3
3
1
-2
0
1
-2
-3
-2
2
3
8
9
8
6
1
1
0
-4
-5
-5
-5
-5
-4
-4
-10
-10
-8
-9
-3
1
0
0
-7
-9
-9
-10
-9
-8
-7
-8
-5
-5
-8
-8
-7
-9
0
13
10
14
14
13
14
9
5
-1
1
-1
-11
-10
-6
2
7
12
14
14
11
8
3
-3
-3
-3
-3
-6
-6
-3
1
6
7
9
10
7
3
0
0
7
6
1
0
-7
-7
-2
4
5
4
11
9
3
1
5
3
-1
0
1
-1
1
-4
-13
-8
1
7
5
8
8
1
4
4
4
8
5
-1
-5
-9
-8
-13
-15
-12
-9
-4
-3
-3
-1
-2
4
8
7
8
7
4
-1
-5
1
-6
-5
3
3
4
4
3
-10
-13
-3
4
8
6
4
1
-2
-3
-2
-1
8
8
3
3
-2
-5
-5
0
1
2
7
8
0
2
3
2
7
5
5
-1
-8
-7
-10
-8
-6
-13
-17
-15
-18
-20
-19
-16
-7
-4
2
2
-3
-2
-7
-10
-15
-16
-14
-13
-8
-5
-9
-7
0
3
8
11
14
5
-1
-4
-10
-10
-6
0
-5
-6
-5
-6
-3
6
15
15
11
6
5
0
1
5
1
6
6
2
-5
-4
4
6
10
21
21
12
11
7
7
8
9
12
8
10
6
2
-1
-4
-4
-4
-1
2
0
-3
-4
-1
-3
-3
-2
-6
-12
-11
-11
-11
-6
2
7
6
8
3
-2
-1
-1
1
-1
4
5
4
1
5
9
11
20
19
14
6
1
3
7
12
7
8
8
1
-1
-8
-9
-7
-9
-9
-11
-13
-13
-13
-11
-11
-8
-6
-2
1
-2
1
3
6
6
5
7
14
17
16
14
15
15
9
4
-4
-6
-6
-3
3
2
2
0
-3
2
2
5
16
18
16
14
10
8
6
5
9
11
13
10
6
5
-1
2
3
8
8
3
-3
-8
-10
-11
-13
-12
-9
-9
-9
-9
-10
-8
-9
-12
-8
3
8
6
6
-1
-3
-3
-1
-5
-3
1
-4
-3
0
4
9
8
3
-3
-9
-11
-15
-12
-8
-6
-2
0
1
0
-4
-11
-10
-7
-6
-7
-10
-11
-13
-13
-11
-11
-7
-5
-7
-7
-4
-3
0
3
9
10
7
10
10
10
9
3
-1
-3
-6
-12
-13
-14
-7
1
9
14
14
12
4
1
3
3
2
-6
-9
-9
-9
-11
-11
-3
4
6
1
-6
-9
-7
-2
0
2
12
13
0
-8
-7
4
10
8
5
0
-4
-13
-15
-13
-5
-1
2
4
5
0
-2
-1
3
3
-1
1
2
-2
-11
-13
-13
-12
-9
-6
-9
-12
-10
-11
-6
-1
4
7
8
5
-3
-6
0
0
0
9
11
12
9
4
5
1
0
-7
-12
-9
-13
-14
-9
-9
-2
2
1
2
3
5
2
0
-5
-10
-3
-4
-7
-6
-4
6
13
14
21
17
14
13
10
12
12
11
12
11
13
8
3
5
6
3
2
2
1
-1
-6
-14
-10
-3
2
6
0
-1
3
5
3
-2
-2
-7
-9
-2
-2
-1
7
13
12
16
14
8
3
-6
-11
-8
-2
6
5
-4
-10
-11
-10
-9
0
-2
-8
-6
-8
-16
-20
-18
-8
-7
-1
0
-7
-7
-5
4
7
6
15
8
-2
-1
0
-1
2
8
10
11
20
23
14
10
3
1
7
13
16
10
6
3
6
5
8
4
-4
-4
-1
1
1
9
6
1
1
0
1
-4
3
-3
-8
-5
3
1
-2
5
7
8
5
8
5
3
4
1
-1
-1
-6
-15
-23
-19
-12
-1
9
12
9
6
8
3
-4
-4
0
-6
-10
-9
-15
-17
-13
-17
-20
-13
2
10
11
6
5
7
3
-1
6
10
12
14
10
5
7
0
-5
4
6
4
-1
-1
-10
-15
-10
-10
-5
2
1
-4
-2
-1
1
3
-1
0
7
9
4
4
5
0
-2
2
-4
1
9
2
-4
-8
-2
-8
-9
-14
-17
-9
-7
-5
-9
-13
-2
2
0
4
4
1
-2
-5
-9
-8
2
2
2
4
8
7
3
4
7
7
6
5
4
1
-1
-6
-8
-3
6
11
7
4
0
-1
-1
-6
-11
-11
-8
-2
-3
0
8
9
5
3
9
7
3
-4
-9
-8
-2
4
4
0
5
5
-9
-13
-7
-1
5
8
6
0
-2
-1
3
5
1
-3
-5
-4
-6
-12
-7
-1
4
3
4
4
-1
-3
-6
-8
-5
-6
-2
2
5
5
0
-12
-23
-28
-25
-21
-11
-4
-10
-7
-3
-3
4
6
8
8
7
6
7
18
21
23
31
31
24
19
16
11
6
8
13
9
4
1
-1
-3
2
10
14
12
14
13
2
-6
-8
-12
-13
-4
-1
1
7
12
8
-1
-5
-4
-3
3
8
5
4
6
0
-8
-14
-13
-7
-9
-4
0
-5
-4
0
4
6
11
8
5
0
-3
-6
-14
-13
-5
-2
4
5
6
6
4
7
-2
-8
-5
-3
-5
-5
-7
-7
-3
-7
-2
0
4
16
15
7
3
-4
-7
-6
1
-4
-3
2
-2
-5
-8
-7
-2
0
0
1
-6
-7
-6
-6
-5
-4
-4
-11
-18
-12
-3
1
10
18
16
8
6
-2
-8
-7
-13
-17
-8
-4
-11
-7
-3
3
6
0
-5
-4
1
2
0
-3
-11
-5
-4
-5
0
3
1
-1
-2
-1
-1
3
5
-4
-12
-12
-3
4
5
6
9
6
3
-2
-13
-7
-4
-2
3
3
0
-7
-8
-12
-14
-7
-8
-3
1
-2
-1
-4
-7
-4
0
7
9
7
1
-1
-3
-4
-1
-1
0
3
6
9
15
16
16
12
7
0
-6
-2
-3
-2
-2
1
1
4
6
-2
-4
0
7
11
8
8
7
3
0
-5
2
10
10
6
3
2
2
-2
-9
-11
-12
-7
-10
-13
-5
-6
-2
-1
0
4
4
4
5
5
3
-1
3
2
0
-1
2
0
1
7
11
10
5
1
-1
0
-4
-6
-3
-2
-6
-10
-13
-12
-9
-2
1
3
10
10
5
-5
-8
-3
0
2
1
6
14
9
4
2
6
10
14
10
6
8
0
0
-4
-4
6
5
5
-1
-3
-5
-7
-7
-5
8
13
7
4
2
-6
-6
2
4
5
8
4
-3
-1
2
1
4
2
-2
-3
-8
-8
-8
-10
-13
-11
-5
-5
0
4
2
-3
-4
1
1
-2
3
1
3
-2
-4
-4
-3
3
7
11
8
8
5
2
1
0
-4
-1
6
4
3
0
3
0
-6
-8
-8
-5
2
7
8
5
0
-4
-3
-1
-2
2
0
-2
-2
-2
-7
-11
-7
-5
-2
-3
1
5
0
-7
-5
-2
-2
-3
0
2
1
1
-7
-7
-4
-1
4
5
1
-5
-7
-4
0
2
2
-1
2
4
6
5
3
2
-3
-5
-1
-1
-2
-2
-4
-2
-4
0
4
3
10
12
10
8
4
-2
-10
-12
-5
2
9
7
1
2
1
1
3
3
4
5
1
-5
-9
-5
-7
-7
-2
-1
-3
-2
1
2
5
12
9
11
7
-4
-7
-6
0
7
7
7
8
4
-1
-3
-1
0
-4
-2
4
5
1
-3
-1
-1
-1
1
3
5
6
3
-3
-3
-4
-4
0
3
2
-5
-6
-3
0
4
7
10
3
1
3
-2
-6
-5
0
-1
-4
-1
2
8
8
2
2
2
2
1
-1
-1
1
0
0
-1
4
3
-1
-4
-6
-6
-6
-7
-9
-9
-8
-8
-7
-4
-1
-3
1
3
4
9
6
7
2
4
5
1
-1
-2
0
0
-1
1
0
-1
-1
-6
-6
-3
1
3
2
-2
-2
-1
1
3
3
5
14
15
12
9
3
-4
-5
1
3
3
5
5
1
-4
-2
1
2
4
2
2
4
1
-3
-3
-2
-3
-1
0
1
0
0
0
-2
0
-4
-1
4
5
4
2
1
2
0
-5
-12
-12
-3
-2
-3
2
0
-3
-3
-4
-8
-4
0
-3
-6
-5
-5
-6
0
1
0
2
1
-7
-11
-10
-7
-3
0
5
4
0
-3
-1
2
6
7
7
4
-2
-2
-3
-5
-5
0
2
3
7
5
3
1
-6
-8
-6
-5
-3
-4
-6
-3
-2
-1
2
6
6
7
8
9
6
2
-1
0
1
3
6
3
0
-5
-3
-3
-8
-6
-6
-3
-1
-3
-6
-3
-5
-6
-2
0
-1
-2
2
7
10
12
9
4
2
-5
-6
-2
3
7
7
5
5
12
14
11
9
7
0
-7
-5
-8
-8
-5
5
15
12
7
0
-2
4
11
17
12
3
-3
-11
-16
-14
-11
-8
-3
-6
-7
-9
-7
-8
-12
-7
-7
-2
1
-7
-4
-5
-5
-6
-4
-1
-8
-13
-14
-11
-5
2
2
-3
-5
-1
2
4
1
-1
0
3
8
6
4
3
0
-4
-8
-5
-6
-8
-10
-4
-3
-4
-4
-2
3
3
4
2
3
-2
-4
-3
1
11
17
19
18
12
13
12
14
11
7
2
-1
-1
-3
-2
3
-2
-7
-4
-3
-4
-3
-1
2
7
11
9
8
9
8
8
7
8
12
11
6
6
4
7
10
3
-2
-1
-5
-5
-4
2
5
4
3
0
-3
-4
-4
-3
-5
-2
0
-3
-8
-9
-4
-2
2
4
0
-3
-3
-8
-12
-6
1
3
-1
-3
-2
-2
-5
-1
5
3
-1
0
-1
-6
-5
3
7
9
8
1
-5
-4
-4
-9
0
-1
-4
3
1
-2
0
6
2
3
4
-9
-2
1
-7
-9
-2
-1
4
11
8
6
8
3
-5
-5
-5
-9
-7
-12
-13
-6
-6
-6
-3
2
6
11
8
-5
-2
1
-3
-3
-5
-7
-10
-9
-8
-6
-6
-3
0
-4
-1
6
10
9
11
5
-5
-6
-1
-4
-8
-3
4
13
11
7
2
3
2
-9
-4
5
2
-2
-6
-9
1
15
12
9
4
-6
-13
-12
-8
-10
-10
-7
-8
-3
-3
0
12
11
11
8
9
3
-5
-1
-4
-1
0
-2
2
3
2
4
6
9
15
10
3
-8
-7
-5
-7
2
9
14
9
2
3
-2
-4
-4
-3
5
10
10
4
-6
-13
-17
-24
-21
-9
6
3
4
9
7
10
8
9
12
18
12
0
-6
-12
-8
-4
0
6
6
11
8
-5
-11
-5
-9
-19
-16
-11
-10
-7
-4
-1
-1
1
2
-2
-1
-6
-9
-5
-8
-7
-6
-2
3
12
17
17
19
17
11
3
0
-2
-6
1
-2
-7
-4
3
8
6
2
-6
-6
-7
-12
-9
-3
0
3
6
4
2
9
14
7
2
-2
-6
-1
-4
-7
-7
-4
-2
3
5
2
8
5
-1
0
-3
-3
-5
-1
-1
-2
-2
3
-3
-10
-10
-13
-14
-12
-13
-18
-16
-7
1
3
2
-5
-8
-5
6
9
7
5
1
-6
-8
-6
2
5
2
3
4
6
8
3
-4
-5
-1
0
-2
5
5
5
6
3
6
5
8
8
6
12
14
10
7
4
1
5
10
11
10
2
-3
-3
-3
-2
5
4
-4
-1
-5
-3
3
-2
-10
-10
-4
-1
-1
2
2
1
-1
-1
4
11
7
3
6
5
2
1
2
3
3
-2
-2
5
7
2
-1
-4
1
10
2
-3
3
1
3
2
-1
-2
-8
2
8
8
7
-1
-5
-8
-9
-8
-10
-6
-1
-10
2
8
3
8
3
5
-2
-8
-4
-2
5
8
8
13
14
11
3
-1
-5
-5
-5
-3
8
7
-1
-2
3
0
-3
-7
-10
-8
-9
-7
-8
-5
-7
-6
-6
-7
-7
-5
-7
-6
-6
-12
-21
-15
-7
-9
-5
-5
-2
-1
-8
-13
-9
-6
-5
-7
-9
5
12
19
17
14
22
11
5
3
6
10
4
5
5
4
4
4
7
8
2
4
4
-5
-2
-4
-4
-10
-18
-15
-13
-4
-3
-10
-6
-1
-5
0
5
7
9
9
9
-1
3
3
-8
-7
-7
0
-5
-5
2
8
14
8
12
13
4
9
0
-4
-10
-9
-5
-10
-3
3
7
3
1
4
3
1
-6
-6
-10
-9
-9
-12
-5
3
12
11
8
10
17
18
15
15
6
4
7
1
-2
2
0
-1
-1
2
3
0
6
11
14
10
11
9
0
-1
-2
-10
-7
-3
-1
-3
-12
-13
-20
-19
-3
2
5
8
2
0
-2
5
3
-2
-4
-8
-6
-5
3
12
7
4
4
-7
-8
-2
4
-5
-9
1
-4
-4
-2
-4
-3
-4
1
0
4
8
1
-8
-11
-12
-12
-5
-1
-4
-5
10
9
6
5
0
-4
1
7
0
-8
-12
-6
-6
-5
-3
-3
-9
-12
1
1
-2
-1
1
2
1
1
-7
-6
2
-6
-7
-7
-10
-8
-1
3
7
13
17
11
2
-1
-2
4
3
6
7
3
2
-3
-10
-10
-3
-5
-3
3
0
9
9
7
7
9
5
3
11
5
-1
-2
1
3
-3
1
-2
-7
-4
1
1
3
2
6
4
-5
-3
0
2
10
12
3
3
2
6
1
-3
-1
0
-2
-6
1
2
-2
-4
-7
-1
3
0
0
-4
0
-1
-4
-1
-1
-1
-5
-2
4
12
12
2
-3
-5
-1
0
2
-1
-6
-6
-2
0
6
12
10
10
7
0
0
-8
-10
-14
-15
-13
-11
-5
-5
-2
5
4
6
8
3
2
1
7
6
3
4
-1
-2
2
6
3
0
1
-2
-7
-1
0
-1
-5
-4
-1
-12
-10
-6
-7
-2
2
8
9
0
-3
-6
-12
-8
-2
-2
-5
1
4
-1
-4
1
-3
-1
-1
-4
-3
-5
0
-6
-6
-4
4
4
-1
7
14
17
10
5
4
1
0
7
4
3
6
3
4
4
6
1
3
6
6
3
-8
-5
-6
1
7
2
3
-2
-6
-3
-4
7
15
12
11
8
9
6
3
0
-8
-5
0
2
-3
5
10
6
3
-2
-1
-6
-8
0
0
1
2
2
-4
-8
-5
-11
-10
-8
-6
-5
-10
-4
-1
-6
-7
-7
-7
-7
-4
-1
1
0
-2
-5
-9
-6
-8
-6
-10
-12
-4
-4
-2
0
0
8
6
2
-1
-4
1
2
1
7
8
8
4
8
6
-3
-1
0
-4
-7
1
8
9
8
5
-3
0
6
5
8
2
1
6
-2
4
8
0
1
-5
-10
-4
9
14
7
9
9
6
7
6
0
-2
3
-3
-6
-6
-4
0
-4
0
4
6
6
2
0
-6
-5
0
-6
-13
-13
-11
-7
-5
0
1
2
9
7
10
10
8
7
1
7
5
1
7
0
1
-2
5
13
8
10
9
2
-2
-6
-9
-5
-11
-14
-13
-13
-6
-3
1
-1
1
3
4
4
9
12
2
0
4
0
3
5
3
3
0
3
1
1
-1
-10
-5
-9
-15
-4
-4
-6
-3
-1
7
3
-3
1
-7
-1
-3
-8
-10
-10
2
-4
1
3
5
5
-4
1
4
6
7
3
-2
-2
7
5
6
10
12
8
6
10
5
6
7
6
10
13
16
8
-2
-9
-10
-12
-13
-6
-2
1
-4
-4
-4
-2
3
4
-5
-8
-10
-9
-7
-5
3
-3
1
3
2
9
6
11
3
-4
-10
-15
-11
-10
-6
-8
-4
-2
-11
-8
-13
-8
0
-8
-7
-12
-8
0
2
8
9
8
9
11
8
10
6
4
6
-6
-8
-2
2
-5
-11
-13
-5
-7
-8
1
0
1
1
0
3
2
0
-2
-3
0
2
5
7
2
-3
-1
2
4
3
-2
-5
-9
-6
-6
-11
-9
-4
-5
1
7
9
15
12
4
6
6
-1
-3
2
2
2
8
9
6
6
4
6
-2
-6
-11
-12
-11
-12
-6
-5
3
5
1
3
1
5
9
7
10
3
-5
-9
-9
-8
-2
3
5
12
14
16
11
10
11
6
10
5
0
1
-6
-9
-3
1
3
4
5
2
1
3
-1
-3
-1
1
-1
-2
-8
-4
0
-2
0
-2
-12
-15
-13
-13
-8
-3
-2
-6
-7
-8
-10
-6
2
5
5
8
12
12
4
-4
-4
3
5
3
-5
-4
3
5
5
-4
-6
-1
-3
-1
0
-3
-5
-9
-12
-6
-2
2
2
-6
-12
-4
-1
-1
2
8
5
3
5
-1
-7
-7
-4
-4
6
11
11
11
4
1
2
-1
0
1
-5
-10
-7
-3
-4
-4
0
2
3
7
4
4
6
7
5
-3
-4
0
2
5
4
2
-5
-2
-4
-8
-4
-4
-2
-2
2
-1
-3
3
-5
-4
0
1
3
1
-6
-11
2
5
5
2
-3
4
0
1
2
2
-3
-8
-6
-5
2
-1
-3
-4
-5
-1
-4
1
4
1
-1
-4
-2
4
8
5
-4
-4
-3
5
7
7
4
-3
-4
-5
-2
-5
-1
0
0
3
4
3
4
5
7
12
12
14
15
9
9
4
-3
-5
-4
-3
-5
-11
-9
-8
-5
-4
3
11
16
20
14
10
5
1
-3
-9
-9
-11
-12
-7
3
6
1
2
2
0
3
6
4
5
3
-3
-3
-4
-4
-7
-6
2
2
-2
-5
-4
-10
-8
-3
1
4
1
1
-3
-4
2
0
1
-3
-7
-6
-6
-6
-8
-9
-11
-7
-5
-6
1
2
6
9
10
14
6
1
-1
-7
-6
-2
3
5
1
-1
-5
-5
0
4
8
12
13
9
7
5
1
-5
-4
-1
-9
-15
-8
-2
-1
-1
-2
0
-2
-3
-3
-6
-6
-7
-3
-3
1
-2
-1
3
-2
1
1
-1
-8
-13
-17
-16
-11
-10
-2
-1
2
7
8
10
5
2
1
5
3
6
0
2
11
13
16
13
15
14
11
14
9
3
-2
-5
-5
-4
2
-1
1
6
6
8
12
10
4
1
-4
-6
0
-3
6
7
0
-3
-10
-7
-1
8
9
3
1
-3
-4
-6
-9
-11
-10
-1
0
4
8
4
-2
-6
-7
-7
-7
-8
-9
-6
0
0
7
10
13
17
18
22
22
14
5
-2
-4
-5
-5
-4
-2
0
2
9
5
1
1
-2
-6
-2
5
6
4
-5
-7
-5
-6
-6
-7
-5
1
2
-3
1
-1
2
