0
-1
0
1
1
0
-4
-1
0
1
0
-2
-3
-5
-8
-6
-1
4
4
2
2
0
-2
1
1
-1
0
-1
-1
-1
1
0
-3
-1
-2
1
2
0
-1
-2
-3
-2
1
1
1
0
-1
-1
1
0
0
1
-2
-2
-2
-1
-1
0
-2
-1
4
6
4
0
-6
-8
-5
-5
-3
-1
2
5
5
4
0
-3
-2
0
-1
-5
-2
-3
-4
-1
-1
-1
0
2
3
1
1
-2
-5
0
3
1
2
3
3
1
-2
-1
1
1
1
0
0
-2
-4
-6
-4
-1
3
3
1
1
4
1
-4
2
7
2
-3
-8
-3
4
6
-1
-7
-7
-2
5
3
3
3
1
-1
-1
0
-2
-1
2
-1
2
0
-5
1
4
4
-2
-3
-3
-1
3
3
-1
2
2
4
4
0
-2
-2
1
1
-2
-5
-4
0
2
3
3
-1
-1
4
1
-1
0
1
4
3
2
-1
-2
2
3
2
5
5
2
-2
1
0
-4
-4
-1
3
3
-2
-4
-3
-1
2
2
4
7
7
2
0
3
2
1
3
1
2
-3
-3
-1
4
6
-2
-5
-3
0
0
-3
-3
-1
1
1
-2
-6
-5
-4
-4
0
3
1
2
1
-1
-1
-4
-3
-1
0
-1
-4
0
3
5
3
1
-3
-4
1
2
-2
-5
-2
1
2
1
-1
-4
-2
1
3
0
-1
-1
-3
-4
-2
0
-1
2
5
1
0
-1
-5
-7
-4
2
4
1
-2
-2
-2
-3
-2
-2
-2
0
3
2
4
5
6
4
1
-3
-6
-5
-2
0
0
-1
-3
-2
1
4
4
4
2
1
-1
-3
-4
-2
2
4
5
2
1
2
-1
-3
-4
0
2
4
1
0
3
5
2
-1
0
-4
-6
-4
1
3
6
4
-1
-3
-5
0
-2
-2
-1
-2
0
1
2
-3
-3
-1
2
3
2
2
1
-1
-2
-3
-3
3
2
0
0
1
6
3
0
0
1
0
1
1
-2
-4
-4
-1
0
3
4
4
2
-3
-1
-2
1
4
0
-2
-2
-3
-3
1
3
4
0
-1
-2
0
0
-3
0
2
3
-1
-4
-5
-2
-2
-2
0
2
1
-3
-2
-3
-2
5
6
2
0
-2
-3
1
2
2
2
-1
-4
-3
-1
-1
1
3
1
-1
-2
1
1
-2
-1
-2
-2
0
1
0
-3
-1
-4
-3
1
5
5
2
-5
-7
-4
3
4
3
1
-3
-3
-1
4
1
-2
-2
0
2
5
4
-1
0
-1
-3
-1
3
3
3
-2
-8
-10
0
13
14
3
-7
-10
-4
3
9
4
-6
-5
3
10
5
-3
-9
-10
-3
10
12
4
1
0
-3
-1
-3
-3
7
10
-2
-16
-13
1
8
14
23
0
-54
-38
34
52
13
-23
-28
-12
9
14
16
7
-17
-16
9
15
0
-4
1
-7
-17
-12
4
23
32
6
-29
-33
-14
21
46
25
-17
-38
-17
17
20
7
-9
-25
-19
14
37
7
-24
-8
5
-12
-14
7
21
16
-7
-22
-22
-2
15
22
21
-17
-35
-1
25
19
-3
-17
-22
-9
1
9
25
5
-16
-8
8
8
-18
-16
9
23
15
-6
-17
-14
12
5
-11
-6
9
11
-3
-11
-16
2
7
0
0
6
13
9
-3
1
2
-16
-14
10
13
-4
-8
7
22
25
-3
-22
-17
-10
12
21
10
-11
-28
-21
14
39
22
-9
-19
-13
-3
12
22
7
-9
-20
-22
-10
16
28
14
6
-7
-17
-14
5
29
22
-20
-37
-9
9
15
16
4
-20
-18
12
21
10
-8
-18
-14
-7
8
13
6
-2
-17
-25
-6
23
23
-3
-15
-1
-6
-5
19
20
-9
-33
-31
1
25
26
15
-9
-24
-18
0
8
2
6
2
-8
-4
-2
-4
4
12
8
-12
-12
7
14
4
-8
-7
-9
-12
8
23
1
-18
-19
-5
14
12
-4
-9
-6
-3
0
4
6
9
5
-11
-11
3
4
1
-1
-11
-9
10
18
10
6
-4
-17
-15
-6
9
16
3
-9
-6
7
-3
-4
6
6
9
9
-6
-7
9
5
-4
1
3
-10
-18
3
14
7
-5
-6
4
-4
-1
19
16
-4
-17
-10
1
9
11
2
-4
-7
-15
-1
20
19
-6
-15
-8
0
4
0
5
-2
-10
-1
13
7
-8
-1
1
-4
2
-4
-10
-2
9
13
3
-6
-9
-12
-10
-8
3
11
5
-6
-7
6
3
-7
-2
14
22
-9
-27
-2
13
2
-6
9
11
-7
-13
-2
4
1
8
8
5
-9
-10
-6
-3
16
11
-4
-11
-8
13
25
17
-9
-25
-14
0
-3
-13
-3
8
9
2
5
4
4
6
3
8
2
-10
-12
1
13
10
8
-9
-12
8
7
8
14
1
-7
-7
-2
4
14
16
-6
-25
-18
5
12
15
25
7
-35
-40
15
40
14
-7
-16
-16
-12
-10
16
28
4
-22
-23
7
11
3
11
3
-14
-23
-11
10
30
26
2
-27
-40
-24
10
24
2
-9
-2
0
-3
-1
13
17
-7
-21
-5
6
4
3
4
-2
-7
-5
-8
13
19
-15
-18
-6
0
10
4
-7
-12
-2
9
6
6
-2
-9
-12
-8
6
8
4
-5
-16
-7
-2
2
10
8
6
0
-4
-3
-4
6
12
-5
-18
-7
6
8
4
8
2
-16
-10
0
21
32
10
-5
-10
-17
-15
1
10
10
4
-1
-1
2
7
1
0
0
-5
0
9
7
5
-4
-12
-11
-4
6
7
15
10
-5
2
2
0
-6
-12
-3
3
4
7
2
2
0
-1
-2
0
0
-4
-6
0
8
0
0
3
5
4
0
2
3
1
-1
-7
-9
-7
3
10
3
2
12
10
-4
-7
-6
-10
-5
5
5
4
5
1
-2
-2
-8
-8
2
11
10
6
3
-3
-9
-9
0
5
3
-5
-3
3
0
0
7
2
-4
-6
-3
6
3
0
0
-3
-2
-2
6
6
0
-4
-11
-6
-1
5
5
0
0
-2
4
1
-2
7
11
5
-4
-7
-11
-6
4
3
0
2
-5
-7
0
3
-1
-6
-4
-2
1
-5
-6
1
-2
-3
2
14
8
-3
-3
-3
1
4
-1
5
7
0
-6
-4
5
6
3
1
-2
1
-1
1
4
3
2
-1
0
4
0
-3
-6
-4
4
0
-5
-3
-4
-3
1
1
-7
-7
-2
3
10
8
-1
-5
-4
-8
-2
3
5
2
-7
-7
3
6
6
8
3
-6
-9
-11
-5
9
11
2
-1
-4
-8
-3
2
6
9
0
-6
-10
-7
-1
3
7
3
-1
-2
-2
1
6
6
1
-1
2
-1
0
1
-2
-4
-4
9
12
7
-1
-4
-7
-8
-2
1
1
2
2
0
0
3
0
-5
-2
-1
3
1
-3
-9
-7
0
3
2
-2
-2
-1
0
-5
-5
0
-5
-8
-5
-3
0
4
9
3
0
-2
-3
-6
-8
1
8
8
4
-2
-4
-4
-3
0
4
10
8
1
-1
-1
-2
-1
-3
1
0
1
3
0
1
6
4
6
4
2
-1
-5
-11
-8
3
2
3
1
2
1
-1
3
4
6
3
-2
-7
-8
-7
-7
1
5
4
2
0
0
-2
-5
1
6
2
1
0
2
0
1
3
-1
-8
-9
1
5
-4
-3
-1
-1
3
1
0
3
4
-1
-9
-6
-4
-2
5
3
1
1
-5
-3
-1
2
3
5
-2
-8
-3
3
3
2
2
0
-2
-1
1
3
0
-1
-3
-4
-1
2
4
2
0
-5
-5
1
9
6
0
-6
-6
2
8
6
4
6
7
-5
-8
-2
1
2
3
4
5
-1
-7
-5
3
7
4
0
-1
-4
-3
1
7
6
4
0
1
1
1
5
-1
-5
0
0
-2
-3
3
1
1
1
-1
1
-1
-6
-4
0
1
3
3
-1
1
2
-2
-4
-1
-1
-1
-2
-2
3
6
5
-3
-1
3
0
0
-2
-7
-2
3
4
6
3
0
-3
-2
3
8
10
4
-8
-10
-8
-5
-2
4
8
7
1
-1
-3
-2
-4
-6
-3
1
4
7
7
3
-2
-4
-7
-5
-1
0
1
1
0
1
-1
-3
1
6
3
-3
-6
-6
-4
-2
-1
4
9
0
-8
-5
-1
-4
0
5
3
2
-1
-1
4
5
2
-2
-4
-3
-3
-5
-4
0
3
0
-5
-2
-2
-3
1
0
-5
-3
-1
1
3
1
-1
-1
-2
-1
1
1
-2
-1
-4
-5
1
0
0
1
4
0
-4
0
5
3
2
-3
-5
-4
-1
4
1
-3
-3
-4
0
2
1
-2
-3
2
3
4
3
1
-2
-3
-3
1
-1
-2
-3
0
-2
-8
-5
1
4
3
5
2
-3
-4
-2
2
5
5
3
4
5
0
-1
0
-1
-3
-3
0
5
4
3
0
0
1
-2
1
1
0
1
-2
0
-3
-4
-1
-1
-4
-6
-1
2
4
0
-2
1
-2
-3
-2
4
4
-2
-1
1
2
3
0
-3
-3
-1
2
3
7
6
1
-2
-5
-6
0
2
-1
1
0
1
0
0
0
0
3
2
-1
-6
-7
-6
-3
0
0
1
-2
-2
2
7
6
0
-3
-6
-3
-1
-1
3
0
-2
-1
4
6
5
2
-4
-4
-2
-1
1
0
-1
1
3
4
3
3
3
-4
-4
4
6
9
8
-1
-4
-6
-6
-2
-3
-3
0
-1
1
0
3
3
0
-2
-1
2
2
-1
-3
-3
7
5
-1
-2
-2
5
1
-5
-7
-5
1
4
4
1
1
0
-4
-1
3
4
9
8
5
-1
-6
-3
-2
3
0
-4
0
1
3
1
1
0
-1
2
1
-1
-1
2
0
-5
-5
0
3
3
-1
-2
2
0
-1
0
-2
2
4
4
0
1
1
-3
-3
1
-1
-3
-1
4
6
3
0
0
0
-2
0
4
3
-1
-4
-4
-1
2
-4
-4
-1
0
0
-2
0
1
-2
-2
-5
-5
0
3
4
2
1
0
-2
-1
-2
-1
4
-1
-7
-4
0
2
3
3
-4
-1
6
4
4
0
-3
-4
-3
-2
3
5
4
3
0
0
0
0
-3
-1
-1
0
0
-2
-3
-2
3
0
-2
1
3
0
-3
2
4
4
-2
-6
0
2
3
-1
0
0
-1
0
-2
-2
0
1
-2
-1
-1
0
0
1
-1
-5
-4
-2
0
2
2
4
-1
1
2
4
2
0
1
-1
0
-1
-2
-3
-3
-4
-3
1
3
1
-2
-1
2
-4
-7
-4
3
6
5
4
4
-1
-6
-7
-3
2
4
4
2
1
3
2
-3
-3
2
-2
-6
-5
0
3
5
3
0
-4
-5
-6
-6
-2
0
0
0
-1
1
4
6
6
-1
-4
-4
-3
1
2
4
4
2
3
3
2
3
1
0
0
-3
-4
-3
-3
-2
3
2
-1
2
1
0
1
2
0
-1
0
1
0
-2
-1
-3
-1
0
0
4
3
5
2
0
-1
1
1
-2
-4
-3
-1
0
0
2
3
4
2
1
3
3
2
1
-1
-3
-3
-2
2
4
2
-2
-2
0
-3
-2
2
3
3
1
-1
-4
-3
-1
1
1
3
5
2
1
3
4
-1
-4
-4
-4
0
1
1
0
-1
-1
0
3
4
-1
-4
-2
4
2
2
2
-1
-1
-2
-1
-2
-1
0
4
5
5
3
1
-3
-3
1
-1
0
-2
-4
0
-2
-1
0
3
2
1
1
-4
-6
-4
-1
1
2
1
-1
-2
-1
-2
1
5
2
0
0
-2
-5
-3
-1
1
4
3
3
3
1
0
1
-3
-8
-5
-2
2
0
0
-2
1
4
3
4
1
4
-1
-3
-5
-2
2
2
0
1
2
1
-2
-4
-5
-1
3
3
5
6
4
2
0
-3
-3
-1
0
-4
-1
6
3
1
0
2
5
3
-2
-7
-5
0
0
2
0
-3
0
-1
1
5
5
4
-3
-6
-2
0
-1
1
2
-3
-3
0
3
1
-2
-1
-3
2
2
2
5
2
-3
-8
-5
0
-2
-3
2
2
3
0
0
2
0
0
-3
-2
3
4
5
0
-2
-4
-4
-2
0
2
2
3
-2
-2
-2
-3
-1
-2
0
1
2
3
-1
-4
-8
-7
-1
3
6
6
2
-1
-3
-8
-6
-3
0
2
4
5
1
0
-4
-6
-4
-5
-5
-2
6
2
-1
0
0
0
3
3
2
2
-2
-4
-2
0
3
5
8
8
7
2
-2
0
1
-1
-2
0
0
0
-1
-2
-2
-1
-1
-1
-3
0
3
-1
-4
-1
3
2
1
2
4
4
-2
-1
0
0
1
4
1
1
0
1
-1
-3
-1
-1
0
-2
0
3
1
2
0
-2
-2
-1
0
-2
0
3
1
1
0
-3
0
3
3
0
1
1
-2
-5
-4
-3
1
2
1
4
1
-3
-7
-6
-1
2
1
-1
-3
-1
1
3
1
-2
-1
0
0
1
0
0
-2
-2
2
0
2
5
2
-2
-4
-3
-2
-1
1
3
1
0
-1
-1
-2
-1
-2
0
1
1
2
2
0
-4
-5
-3
-2
2
4
2
1
4
1
-2
-5
-3
0
-1
1
4
3
1
-1
1
2
-1
-4
-6
-1
2
-1
-2
0
3
3
1
2
5
5
0
-3
-1
-1
-2
0
0
-2
-2
-2
-3
1
4
3
1
-2
-2
0
-1
-2
1
5
2
1
-2
-3
-4
-1
3
6
6
0
-3
-6
-2
2
1
3
6
6
0
0
0
-2
-8
-8
-4
0
3
1
-1
-1
3
3
1
3
5
2
0
0
-2
-2
-2
0
0
3
3
1
-1
-3
-4
-1
-1
0
0
0
3
5
5
4
0
-2
-5
-4
-1
0
0
-1
-2
-1
3
3
0
-3
-1
0
-1
2
4
4
0
0
2
1
0
-2
-4
-1
-1
1
1
3
3
2
4
4
-2
-4
-2
-1
1
0
-3
-4
-2
-2
0
5
5
4
2
-2
-1
0
-1
0
1
3
5
7
2
-2
-5
-9
-10
-4
4
7
4
3
-2
-2
-1
1
2
0
2
1
2
-4
-5
-5
-3
4
7
9
5
-3
-6
-6
-5
-3
-2
1
6
4
1
-1
-2
-4
-3
1
2
0
-2
-3
-2
-3
0
2
3
3
1
-1
-2
0
2
2
2
3
4
0
2
2
2
0
-5
-1
1
0
-3
-2
2
2
2
4
0
0
-1
-4
-5
-1
4
3
2
-2
-3
-1
0
1
4
5
4
-2
-2
3
3
-2
-5
-2
-1
0
-4
-2
1
3
2
0
4
5
2
-3
-4
-1
-1
2
2
0
1
1
-1
-3
-1
-2
-1
2
3
1
0
0
1
-1
-4
1
2
2
-1
-2
1
1
-2
-5
-3
1
4
6
1
-3
-5
-5
-2
0
4
2
-2
-4
-3
1
4
6
4
3
1
-3
-5
-5
-5
-1
3
3
5
5
4
-1
-1
-1
0
2
0
0
-1
-2
-2
0
-2
-2
0
3
1
-3
-2
-5
-3
-1
1
4
6
1
-4
-2
-3
-4
-1
1
3
1
-2
-3
-1
-1
-4
-6
-3
2
2
-2
-1
-3
-1
4
5
4
0
-4
-7
-4
2
2
2
2
2
0
2
-3
-1
2
1
0
0
0
2
0
-3
-5
-3
-1
3
3
-1
-1
1
-1
-1
-2
-4
-1
0
0
-2
-3
-4
-5
-1
1
3
6
3
1
-1
-2
-4
-3
0
0
0
3
4
0
-2
-2
3
3
4
4
0
0
-3
-7
-5
-1
3
2
4
4
4
1
-3
-3
2
1
-2
-5
-4
1
1
2
4
0
2
1
3
1
0
1
-1
-1
1
2
3
1
3
2
-2
-2
-1
1
2
2
1
-1
0
3
3
1
2
4
5
1
-2
-1
-2
-1
-3
-1
0
3
2
-2
1
1
0
-4
-1
0
2
0
-1
1
0
3
1
0
-1
-1
-1
-3
-3
-4
-1
1
2
3
2
2
2
-1
-4
-6
-3
-3
0
3
4
3
2
2
2
0
-3
-4
-1
1
1
2
4
4
4
-2
-5
-6
-5
-2
0
3
2
0
-2
0
-2
0
3
2
3
2
2
1
2
5
1
-2
-3
0
-1
0
0
2
4
1
3
3
2
-2
-2
-3
-3
3
4
-2
-1
0
1
-3
-5
-5
-2
3
4
3
-1
0
-2
-9
-9
-4
0
1
3
0
-2
0
-2
-6
-7
-4
-1
-1
-1
0
3
3
1
-3
-1
-3
-1
0
0
0
-2
2
0
0
-1
5
3
0
-2
-4
-5
-3
-2
1
6
4
1
1
-4
-4
-4
-5
-1
2
5
5
4
1
-2
-5
-1
1
3
5
7
4
-1
-2
0
0
2
0
-2
0
0
-2
-1
0
-1
2
3
-3
-3
1
0
-4
-3
0
5
4
1
-4
-7
-1
1
3
2
-4
-2
-4
-4
-3
0
2
0
0
-2
-1
3
2
1
-3
-1
5
3
0
0
0
1
3
6
6
1
4
6
-1
-4
-2
-1
-3
-5
-6
-1
1
1
3
4
6
3
-2
-6
-4
0
-2
-4
0
4
6
3
4
3
-4
-6
-5
-3
2
6
5
-1
-2
2
4
3
4
2
0
-1
0
-1
2
2
-1
-2
1
3
1
-4
-10
-4
3
3
3
5
6
-1
-8
-7
-2
3
1
-1
0
5
5
0
-1
0
0
1
-1
-1
-2
2
0
-2
1
0
-1
-3
-3
0
3
2
-2
-2
0
0
0
-1
0
1
2
3
2
2
-1
-3
-5
-5
-1
1
6
5
2
-4
-3
-2
-7
-3
2
5
5
6
0
0
2
1
2
2
4
4
-1
-6
-9
-8
-4
2
3
1
1
2
1
-2
-2
-3
2
1
-1
-1
0
2
-1
-3
-2
1
3
1
-2
-2
-2
2
-1
-4
-1
2
4
-1
-2
0
0
2
-2
-3
0
0
-1
-1
2
3
-2
-5
-2
1
1
0
0
1
0
1
1
1
2
3
1
-4
-5
-3
-2
3
7
5
3
-1
-3
-1
-2
2
2
4
2
-1
-2
-5
-5
-7
-7
0
6
5
1
-1
-2
-1
-1
-2
-2
1
2
0
-3
-3
3
4
2
-2
-2
-2
-3
-4
-3
1
3
3
2
-1
-3
-6
-1
3
3
5
2
4
1
-3
-3
-3
0
-1
0
1
3
5
2
0
-1
-1
1
6
6
5
-1
-4
0
1
0
-3
-4
-2
1
2
2
5
5
-1
-4
-3
2
5
0
-6
-8
-3
1
0
1
3
1
1
1
-2
-3
-1
-1
-1
0
0
2
2
1
2
3
3
0
-5
-5
-5
-4
1
7
7
5
2
1
3
0
-2
0
1
-3
-4
-3
1
1
-1
0
3
1
-1
0
1
3
3
3
3
5
7
-1
-4
-2
0
2
3
3
4
8
3
-6
-10
-6
2
1
-3
-1
0
1
1
1
1
-1
1
0
-2
0
0
-1
-3
-1
3
2
1
2
2
-2
-5
-3
1
3
2
-1
0
3
5
2
-1
0
-1
-2
-4
1
3
2
-1
-4
-4
-1
3
4
4
3
1
-2
-1
1
1
0
0
2
2
2
2
3
-8
-7
4
13
2
-19
-9
4
5
-4
-8
-7
-4
6
15
8
-3
-10
-8
2
6
7
3
-3
-2
0
4
3
5
3
-6
-9
-2
3
-2
-1
-3
-4
4
13
8
1
-5
-13
-14
1
10
6
-6
-9
0
-1
-4
-5
-2
6
8
9
0
-8
0
2
-8
-11
-2
14
10
-2
-10
-6
5
-1
-1
4
2
1
-8
-2
15
11
-5
-17
-9
2
1
0
1
1
-4
-6
-3
5
15
9
-8
-14
-4
8
11
7
2
-3
-8
-4
1
6
8
-3
-10
-1
11
8
-1
-2
-2
0
3
-3
-3
3
2
-2
-1
1
-1
-6
-2
4
10
6
-10
-8
2
3
2
6
2
-2
0
0
-2
-1
-6
-11
-5
3
7
6
0
-4
2
-3
-7
-2
-1
-3
-3
-2
2
12
7
-6
-8
-1
9
10
6
-2
-3
-3
-1
8
5
1
-2
-2
-2
-1
5
6
2
1
-2
-6
2
7
1
-8
-9
-3
3
9
6
5
0
-13
-12
-1
6
8
-1
-7
-5
0
6
7
5
-1
-15
-13
5
18
9
-9
-14
-11
1
9
8
5
-4
-5
-7
-3
11
5
-8
-10
2
13
8
-1
-4
-6
-3
0
6
5
-2
-5
-9
-5
4
3
-3
-4
1
5
0
-5
-1
3
9
5
-9
-12
-4
6
10
5
-3
-6
-3
2
15
12
-2
-14
-17
-11
9
22
14
-3
-18
-18
-4
13
17
6
-7
-15
-11
6
20
16
-7
-21
-11
7
15
7
-2
-6
-15
-12
-2
11
19
6
-11
-16
0
13
10
0
-7
-10
-12
-5
9
19
7
-9
-12
-3
11
16
9
-5
-13
-9
6
19
20
1
-18
-9
0
3
2
6
5
-7
-10
-1
15
7
-11
-13
-4
2
9
9
2
-3
-9
-2
7
10
4
-8
-6
4
10
4
-8
-9
-2
7
10
7
0
-10
-10
-1
5
9
1
-12
-13
-5
6
7
-1
-12
-14
0
13
14
4
-7
-6
-7
-4
9
9
3
-5
-5
2
0
1
-7
-6
2
7
5
2
-2
-8
-5
1
0
-1
-5
-1
1
2
1
-8
-12
-9
3
12
9
-2
-6
-5
0
8
6
-6
-12
-9
0
8
4
-2
-3
0
4
5
3
0
-2
-6
-7
6
12
1
-5
0
3
6
7
-1
-4
1
0
-5
1
9
0
-8
-5
5
11
4
-3
2
9
3
-6
-10
-4
5
10
4
-5
-6
-3
4
11
8
-2
-9
-6
1
6
5
1
-2
-6
-4
7
10
0
-4
-6
-4
5
10
2
-9
-2
0
1
7
6
-2
-9
-11
-6
4
2
-10
-8
5
13
12
0
-10
-7
1
3
2
4
-2
-6
2
5
4
-3
-8
-4
1
3
3
0
-9
-7
6
4
4
6
-4
-11
-2
6
5
2
1
2
3
0
-6
-4
4
3
1
1
2
-1
-5
-10
-1
7
2
-4
-3
2
1
4
3
1
0
-3
2
-1
-1
-4
-7
-2
0
0
1
-3
-3
0
0
-5
-6
-5
-4
5
6
1
0
-5
-1
6
4
5
2
3
0
0
4
-1
-6
-10
-7
7
14
7
-1
-5
-6
-6
-2
0
3
1
-4
-1
8
8
0
-7
-4
-1
4
7
5
-1
-8
-6
3
13
12
4
-5
-7
2
4
0
-1
-4
-5
0
6
9
8
0
-8
-4
0
2
0
-2
-2
1
-3
-3
-1
0
-3
-3
3
2
-3
-5
-5
-2
-2
2
-3
-6
-7
-1
5
8
5
0
-3
-1
2
2
3
4
-3
-7
-5
1
3
-2
-5
-3
-1
1
2
5
4
-6
-8
-5
2
5
-2
-5
-1
7
5
1
1
-2
1
1
1
-1
-2
-3
-3
0
3
2
3
0
-2
1
1
1
-1
-3
-2
2
8
6
6
-1
-1
-1
-4
5
5
-2
-6
-5
1
4
5
1
-6
1
0
5
8
0
-3
-9
-11
-5
-1
5
1
-1
3
7
-3
-5
2
6
5
0
-1
2
5
3
-2
-4
-4
-6
-4
-3
-2
3
-1
-3
3
9
6
-4
-7
-5
4
4
-5
0
6
3
1
4
4
3
-1
-8
-8
3
9
2
-3
-3
-1
2
2
-5
-2
0
-7
-4
4
6
-2
-6
-8
-7
6
4
-1
2
4
-2
-4
1
-2
-4
2
3
1
2
4
3
-8
-9
-3
7
8
4
3
3
2
-2
-1
-8
-4
4
-1
1
7
5
-2
-3
-2
-6
-1
10
11
5
-5
-8
-2
3
2
-3
-5
1
3
1
0
1
5
6
4
0
0
0
-4
-2
-3
-2
5
6
2
-1
-3
0
1
5
5
-2
2
2
0
-5
-4
2
5
5
6
8
5
-4
-6
-4
-6
-3
1
5
8
5
-3
-5
-6
-4
1
8
12
4
-4
-10
-9
-2
0
5
2
0
5
1
1
-2
-3
-3
-4
0
2
3
-1
-2
-3
-7
-6
-3
-5
1
7
5
1
-8
-11
-5
4
4
-3
0
0
-2
0
-8
-6
2
3
-3
-5
0
-1
-2
-2
-4
-2
2
5
4
3
0
1
-2
-6
-7
2
3
-3
-5
-5
-3
5
12
4
-1
1
-7
-13
-3
3
3
4
2
3
1
2
-5
-8
-1
0
2
1
1
3
0
-5
-3
4
7
4
1
1
3
3
-3
-9
-4
1
6
6
3
1
1
3
6
6
7
-2
-9
-1
3
2
3
-2
-4
-6
-2
0
5
9
-4
-7
-2
1
2
3
1
-3
-3
-6
-2
4
6
4
-4
-9
-10
-3
4
7
5
1
0
2
-1
-5
-7
-10
-5
2
3
5
2
-3
-5
-5
-6
-1
11
10
-7
-10
-1
1
-1
-4
-6
-4
1
6
4
-3
-5
-8
-3
7
4
6
0
-6
-6
-1
2
1
2
2
-2
-2
5
4
1
-4
-3
0
-1
2
3
1
2
5
2
0
-2
-5
-6
0
9
6
5
3
4
4
-1
0
-2
-4
-1
-1
1
4
7
4
-3
-4
-3
7
10
1
-1
-3
-4
-3
0
1
0
5
9
3
0
-2
-5
-5
-3
3
3
-4
-4
-1
3
4
4
2
-2
-2
1
2
5
5
-4
-7
-2
3
3
1
-3
-3
3
2
-4
-2
2
0
0
3
-1
-5
-5
-2
-3
2
5
0
-1
5
9
-4
-7
-4
-2
2
6
4
-1
-1
3
-1
-3
2
4
1
-3
-3
-2
-4
-3
-8
-2
7
3
3
1
-2
-5
-5
4
4
3
3
-2
-3
2
-3
-3
-1
-2
-1
6
12
5
3
6
4
-2
-4
-3
-1
0
-2
-3
1
5
3
-1
-3
0
-3
-3
0
0
0
-3
-5
-3
-1
2
3
3
9
3
-2
-5
-5
-1
3
4
-4
-7
0
4
2
-4
-3
1
5
7
-3
-6
2
2
-1
-4
-2
1
2
6
5
3
3
-1
1
-4
-7
0
2
1
-5
-5
-3
0
7
8
4
2
0
0
-1
-2
0
-3
-1
2
1
2
0
3
-2
-5
0
-2
-2
-1
-1
-1
-1
-1
-3
0
6
1
0
1
-1
-2
-3
-5
-6
-4
-2
1
7
7
3
1
-2
-1
1
0
0
2
2
3
1
2
0
-1
-1
-2
1
2
3
-1
-3
1
0
-2
-3
-2
1
5
3
2
2
4
0
-4
0
-3
2
3
0
0
2
5
-1
-3
0
5
8
5
0
-4
-8
-5
-1
1
3
3
3
-1
0
1
-2
-4
-2
-6
-4
-1
-4
-1
-1
0
2
1
2
-1
-6
-7
-5
-3
-4
-3
0
3
5
5
-3
-4
0
-1
-1
-3
-3
-3
-1
3
2
0
2
-1
1
1
-3
-1
1
0
1
-4
-3
0
1
0
-6
-5
-1
-1
2
0
-1
-3
1
4
-1
0
-1
-8
-8
-5
-2
-1
-3
0
3
-1
-2
-4
-2
1
0
-1
-1
1
3
2
3
8
6
1
-5
-9
-3
0
1
5
3
2
-3
-3
-1
-2
2
4
0
-1
2
4
1
-1
-2
-3
3
9
9
2
0
-3
-3
-4
0
7
7
1
-3
-2
3
3
0
3
4
5
3
1
-1
-4
-2
1
0
2
2
1
1
4
4
0
2
4
1
-1
-4
-3
-1
2
2
-3
-1
0
2
5
-3
-4
0
3
1
0
2
-1
0
3
-1
-2
-2
-1
1
2
0
-1
2
5
3
1
-3
-5
-3
-3
0
5
3
0
1
-2
-4
-1
2
-1
0
0
-3
1
1
1
2
4
4
-2
-4
-4
1
1
-4
-5
-1
1
-1
-4
-4
-3
-1
-1
1
3
4
2
-1
-1
7
3
1
1
2
-2
-3
-1
-2
4
5
3
1
-1
-1
-5
-4
-2
2
5
4
2
1
-1
-2
-2
1
2
-2
-2
-3
-1
1
2
3
2
2
6
4
-2
-8
-3
-2
1
0
3
2
-3
-3
-7
-3
2
2
-2
-2
2
5
4
-1
-2
-1
0
-2
-4
-2
-1
1
5
5
2
0
-4
-5
-3
0
1
3
2
-1
0
3
2
1
-1
1
3
5
1
-2
2
-1
-2
0
1
-1
-2
-4
-6
-4
-2
0
-1
-1
2
4
2
0
-3
-4
-5
-3
1
2
0
0
1
-1
-3
2
3
2
4
4
-2
-6
-6
0
1
0
3
6
6
4
2
-2
-3
-3
-1
2
3
4
2
-1
2
2
0
-3
-2
3
2
-2
-6
-2
3
2
-2
-5
-1
1
-4
-4
-2
2
2
0
0
-1
-1
-2
-3
-2
2
1
2
1
1
3
-3
-6
-4
2
2
4
3
-2
1
0
-3
0
0
-1
1
1
2
2
0
1
3
1
-2
-1
0
2
0
-3
-3
-2
1
5
4
6
4
1
-1
-2
-1
0
3
3
0
1
2
2
2
2
2
0
0
-1
-4
-2
0
1
2
2
-1
-3
1
-2
-2
1
4
1
1
1
2
4
1
-4
-2
0
-1
0
0
-3
-2
-2
-1
0
5
6
-1
-3
-8
-5
-1
-3
-2
0
3
2
3
-1
-3
-2
-1
-3
-2
1
0
1
0
-1
1
1
1
2
2
2
0
0
0
-2
-1
-2
-3
-2
-1
1
0
1
1
0
2
2
1
3
2
-1
-2
-4
-3
-1
-1
-1
-2
-2
0
5
4
-1
-3
-3
-3
-2
1
2
0
-1
-1
-2
2
4
2
2
2
-2
-2
-2
-2
-2
0
1
0
-1
-2
-4
-3
-1
0
1
2
2
2
-2
-4
-3
1
3
1
3
1
-1
-1
3
5
4
4
0
-4
-3
-1
1
3
0
0
-1
-2
-2
-1
0
0
0
1
0
2
0
-2
-4
-1
-1
-1
0
1
3
0
-3
-1
1
2
0
0
2
-1
2
0
-2
-3
-1
-1
0
0
-1
-1
0
1
3
4
3
2
5
3
-1
-5
-5
-4
-2
2
0
-1
0
-1
1
1
1
1
-2
-2
-4
-2
-1
0
1
1
2
3
2
0
0
1
3
2
1
0
2
2
1
-1
0
-1
-1
-1
0
4
2
-1
1
-1
-2
-2
1
0
-1
-1
-2
-2
1
0
-1
0
0
-3
-3
-2
-3
-2
1
2
-2
-1
-1
0
-1
-3
0
2
1
1
1
-2
-2
-2
-2
-2
-5
-4
-4
0
1
1
3
4
1
-2
-2
1
2
0
0
-3
-1
0
-2
-3
-3
0
-1
-3
-2
-2
0
2
2
1
1
-2
-4
-6
-2
1
2
3
3
-1
0
0
-2
-1
1
2
3
2
1
-2
0
0
-2
0
-1
-2
1
2
2
3
2
1
-1
0
3
3
2
-3
-2
-4
-2
3
4
2
0
-4
-2
2
2
2
3
1
-1
0
2
3
4
0
0
2
0
-1
-5
-3
0
-1
-1
0
5
5
3
-1
-5
-1
-1
0
2
3
3
0
1
2
-1
-1
-3
-2
-1
-1
0
1
5
4
3
2
-2
-3
0
0
-2
-3
-2
-2
0
2
-1
-5
-2
1
2
5
7
1
-5
-6
-4
-2
-1
1
-1
-1
-1
3
1
2
2
-2
-4
-3
2
4
4
3
-1
-3
-5
-4
-1
3
5
5
3
2
0
0
-5
-4
-1
2
2
1
3
-1
-3
-2
-1
0
0
0
2
2
-1
-1
0
-1
-2
0
1
1
0
0
-3
-3
-1
0
0
2
2
2
-2
-5
-7
-3
2
3
4
3
1
1
-1
-1
0
0
1
-1
-4
-3
-1
1
3
3
2
-1
0
0
-1
0
1
1
1
2
1
-3
0
-1
-1
0
0
1
0
3
3
2
-1
-2
-2
-1
-1
3
5
3
0
1
0
-2
-1
0
-1
-1
2
2
0
0
1
3
0
-1
2
3
5
2
-1
-4
-4
-3
-2
-4
1
7
8
4
2
2
0
0
-1
-4
-3
1
3
2
1
1
-1
-3
-3
-1
1
-3
-4
0
3
4
1
-3
-6
-4
-2
0
4
4
5
-2
-4
0
0
0
-3
-2
-2
-1
2
-1
0
2
0
-2
-1
-1
0
-1
-1
0
1
0
-1
-1
0
1
-1
1
1
2
1
0
1
-3
-3
-2
0
4
3
-1
-2
-2
-2
0
0
1
0
0
0
-3
-2
-2
-2
-3
1
3
3
-3
-5
-3
-1
0
1
4
1
0
-3
-2
0
-4
-6
-6
-1
0
1
0
-2
1
2
1
4
3
0
-2
-4
-3
1
5
3
2
3
4
2
1
-2
-2
-2
0
4
2
1
0
-1
-1
-1
0
0
2
1
-1
-2
-2
0
3
1
1
1
1
-1
-4
-3
-2
1
5
6
2
-1
-2
-2
-3
-2
-1
1
1
-2
-2
-2
-3
-5
-6
1
2
3
3
1
1
-1
0
-2
-4
-1
-3
-3
4
7
6
2
-1
-3
-4
0
4
6
4
-1
-3
-4
-6
-3
0
2
3
3
2
1
-3
-5
-6
-4
-1
2
3
3
3
-2
-5
-6
-1
2
6
6
5
-1
-3
-4
-3
-2
-2
4
7
6
5
2
-1
-1
-1
-1
2
5
7
2
-3
-7
-7
-3
-1
0
0
-1
2
5
2
1
0
-2
0
-1
0
4
4
3
2
3
2
4
2
1
1
-2
-2
-2
0
2
4
1
0
1
2
1
1
4
1
2
-2
-4
-3
-2
-3
-2
0
3
3
1
-2
-3
0
-2
-4
-2
0
2
-1
-3
-3
1
2
1
0
-2
-4
-4
-4
-5
-1
0
1
1
2
1
-1
-1
1
0
-1
-2
-3
-3
2
3
-1
1
0
0
-3
-3
-4
-1
-1
-1
2
3
2
-1
0
-2
-3
0
1
2
4
4
0
3
5
4
0
-4
-1
-3
-2
0
-1
-2
-4
-4
0
1
3
4
6
6
0
-5
-6
-4
-2
0
0
-2
-1
2
1
-2
2
5
4
4
1
-2
-3
-3
-1
-1
2
0
1
2
0
2
0
1
2
0
3
2
5
5
-1
-4
-3
-1
1
4
3
3
2
4
1
-1
0
-2
1
1
2
2
-4
-3
4
7
5
-1
-2
-1
2
4
3
3
-4
-6
-4
0
2
3
3
-1
-3
-3
-1
-3
0
1
5
1
-3
-3
-2
-1
-2
-2
-4
-2
3
6
3
0
-2
-5
-2
-2
2
5
4
3
-1
-6
-6
-2
0
0
1
-3
1
4
1
4
0
-1
0
0
1
1
2
-2
-5
2
7
2
1
-1
-5
-4
-4
-6
-3
1
3
4
4
-2
-6
-8
-5
-2
-1
0
-1
3
1
-3
1
2
1
2
1
-1
-1
0
1
0
1
5
6
3
-1
0
-2
-2
1
2
1
1
-1
0
3
4
0
-5
-5
-5
0
6
5
6
5
-1
-3
-6
-6
-5
-4
-1
2
3
2
4
2
1
-1
0
4
6
3
-2
-3
-6
-4
-1
1
4
2
1
-4
-4
-1
-3
0
2
-1
1
1
3
1
2
2
-1
-4
-3
1
2
-2
1
3
1
-1
-1
-1
1
1
1
-1
1
1
-1
0
-2
-3
-1
1
1
4
2
-1
1
1
-2
-5
-2
-1
2
6
2
-5
-9
-9
-6
0
6
5
2
2
1
-1
-5
-4
1
1
1
5
5
4
3
1
-1
-1
0
-1
-1
-2
-2
-3
-2
0
0
2
2
2
3
2
1
-1
-1
0
1
0
0
-2
-6
0
5
4
0
-2
-5
-3
1
4
3
2
0
-3
-1
2
4
5
3
1
-2
-3
-2
3
1
-2
-2
2
4
4
5
2
2
0
-3
-3
-2
-3
-2
2
3
2
2
-3
-5
0
0
4
5
5
2
-2
-2
-2
0
0
-1
2
1
-1
1
0
1
-1
-3
-1
3
4
2
0
-1
-2
0
1
3
3
2
3
2
0
-5
-6
-4
-1
1
2
5
5
7
2
-4
-4
-5
-5
-4
0
1
-3
-2
0
2
3
4
1
0
1
1
-3
-4
-3
-6
-3
0
2
5
5
1
-2
-2
-1
0
-2
-1
-1
2
1
1
2
0
0
-1
1
3
2
0
0
0
-2
-1
0
-1
-4
-1
1
3
4
1
-1
-5
-4
-4
0
1
0
1
-1
-4
-3
-1
-2
-2
2
0
0
2
0
-2
-3
-2
-2
0
1
0
-1
0
1
-3
-4
-4
-1
2
3
6
5
4
0
-1
1
-1
0
-1
-1
0
2
2
0
1
3
1
-2
1
1
-3
-3
-3
1
4
2
-1
-1
1
0
-2
-1
0
3
1
-3
-3
-2
-1
1
1
3
3
-1
-4
1
1
2
3
2
-3
-2
0
-2
1
3
2
-1
0
0
2
5
-1
-3
-1
1
0
1
4
1
1
-3
-4
-3
-1
1
2
2
1
-1
0
-1
0
4
1
-1
1
1
-1
-3
-1
2
3
3
-1
-3
-3
0
2
3
0
1
-1
-2
-1
-1
-1
-1
0
-1
0
0
-1
-3
-3
-2
-1
3
2
4
1
-3
-2
-2
-1
0
2
3
0
0
0
0
1
4
2
1
0
-1
-4
-5
-2
1
1
2
4
0
-5
-5
0
4
2
0
-2
1
4
1
-3
-3
-3
-2
-1
3
3
0
-4
-8
-6
-5
-3
1
2
1
2
0
-2
-1
-1
1
5
2
0
2
3
2
2
5
4
6
3
2
-1
-3
-9
-7
-1
3
4
3
1
1
1
-2
-6
0
2
-1
-3
-5
-5
-5
-3
-1
-2
-3
-3
-4
-2
1
1
1
3
0
-2
-3
-5
-6
-4
1
7
10
8
5
4
0
-2
-3
-6
-2
5
5
7
8
1
-1
-7
-6
-6
0
3
3
2
-4
-10
-8
-6
-3
-2
-4
-3
-5
-4
-1
-1
2
3
6
3
4
-1
-7
-6
0
6
10
11
7
5
6
4
1
2
2
2
1
2
2
6
1
-1
0
3
5
2
0
-2
-6
-4
-4
-6
-3
0
1
0
4
0
-7
-9
-4
-2
2
9
11
6
2
-4
-2
-1
2
4
7
8
8
9
3
1
-2
-5
-5
-3
3
1
0
3
0
-1
0
2
-2
-8
-8
-9
-14
-14
-5
0
3
2
-3
-8
-4
-4
-7
-5
-5
1
3
3
5
0
-5
-6
3
6
4
6
6
8
4
3
5
3
2
0
1
0
-1
2
1
0
2
0
-4
-6
-1
-2
-4
-1
-2
0
-4
-7
-7
-10
-10
-5
3
8
6
8
9
2
-4
-1
4
3
8
10
10
12
9
10
9
9
9
7
3
3
4
-3
-2
1
3
3
1
3
0
-6
-15
-12
-4
-3
-1
-4
-13
-17
-11
-12
-12
-5
-2
2
0
3
4
2
3
2
4
6
3
7
7
5
6
8
11
10
10
9
4
7
8
3
1
-4
-7
-9
-10
-12
-13
-10
-4
-6
-11
-12
-16
-15
-9
-10
-8
-6
-4
-5
-7
-5
-4
-2
-4
-4
7
19
22
20
19
14
11
12
12
15
25
23
25
24
16
15
15
7
7
7
-1
-1
2
-2
-5
-8
-10
-15
-14
-11
-22
-23
-17
-11
-13
-23
-31
-31
-18
-8
0
5
-4
-4
-6
-13
-8
-6
-5
0
7
10
5
7
10
13
4
-14
-8
3
4
1
-2
0
4
2
-12
-17
-17
-15
-6
4
-8
-20
-15
-15
-12
-9
-15
-16
-16
-14
-6
0
6
12
19
21
5
5
18
23
27
17
10
16
26
26
23
18
16
27
37
32
16
4
3
13
16
0
-16
-15
-1
8
7
-2
-12
-3
-8
-21
-16
-17
-11
-2
-8
-9
-15
-15
-6
-1
3
-4
-8
0
9
17
13
-2
-17
-12
19
28
29
20
5
-2
-8
-7
16
21
13
-4
-21
-15
-12
-5
-1
-8
-23
-34
-18
2
6
6
-11
-37
-33
-9
5
8
11
2
-10
-16
-17
-11
13
25
13
13
15
24
19
19
34
22
8
7
16
23
28
12
10
8
-1
22
6
13
19
-16
-12
3
-9
-7
-4
-23
-13
8
-8
2
12
-20
-15
-6
-39
-24
12
5
-4
-19
-13
-15
-13
-4
-16
-8
15
8
12
22
8
-20
-14
-6
-27
7
14
5
14
-7
-9
-2
0
-7
-16
-19
-30
-37
-13
3
-5
2
1
-3
-17
-11
-17
-24
2
-16
-6
19
5
0
10
5
-4
3
31
34
49
37
-8
1
3
1
30
47
43
8
-10
11
-7
7
44
37
9
6
-7
-19
-5
11
-41
-2
3
-41
8
3
11
6
-22
5
-14
-22
-1
7
28
1
2
0
-28
-3
-17
-18
11
-5
29
38
23
18
-7
-20
-48
-57
-46
-30
33
50
36
20
-18
-38
-48
-14
0
-31
-32
-12
-1
25
-5
-20
-21
-46
-47
-54
-20
13
4
-23
-10
-20
-39
-4
1
-8
14
-7
-8
55
56
33
13
5
-19
-32
7
63
54
33
79
19
-13
57
17
-30
63
-4
-68
72
58
-45
23
68
-63
-1
58
-67
17
46
-74
13
46
-47
6
49
-19
-11
46
15
-11
5
-22
-25
7
-7
5
37
33
2
7
13
-18
-25
-1
-11
1
29
-7
2
-16
-12
-4
-40
-22
-20
-25
-34
-18
-3
-3
5
-53
-68
-23
-25
-32
-10
16
-18
-54
16
-6
-52
-16
-25
-7
39
9
35
70
17
24
8
-51
-53
61
34
23
76
-17
7
114
-25
-25
14
-32
63
13
19
56
-6
0
-20
32
-14
-20
37
45
33
-63
-37
24
6
7
-1
-39
-11
-7
-6
14
-18
5
-24
0
39
-38
-25
7
24
24
-12
-1
-3
2
-10
-43
-34
-57
-21
35
-2
-20
-36
-18
-34
-17
-12
-86
-22
-11
-51
-26
-4
-34
-21
-14
-27
-48
-44
-18
-19
6
-50
-25
25
6
-19
-32
-1
1
7
60
85
37
-13
-70
27
49
33
91
56
79
8
-30
-66
72
60
-67
68
106
-114
3
107
-54
34
-16
-10
7
48
-21
-38
129
-39
-58
30
34
70
-26
12
116
-33
-70
37
62
41
-44
-7
-55
9
10
-47
73
26
-33
-76
-45
18
-48
-53
40
-2
-1
-39
-65
25
-49
-40
15
4
-15
-8
-34
-46
-16
-85
-42
16
1
-24
-11
-20
-50
-71
-5
42
-13
21
15
-24
-13
-36
-6
16
21
11
37
43
-13
-16
18
59
4
-30
101
-4
-28
76
-17
75
23
-39
101
64
-67
6
48
7
-25
122
6
61
53
-131
152
-2
-172
180
53
-121
95
73
-21
66
49
8
73
59
-125
26
83
-96
-33
29
114
-20
-39
92
-44
-115
-16
-17
43
-21
-32
9
-82
-57
-37
-42
30
42
-49
-35
23
-50
-59
7
-42
-98
12
-25
-81
28
-10
-47
-20
-13
-12
-23
12
-2
-41
-46
-18
7
-2
57
40
-4
21
-27
-33
41
99
15
-5
44
-22
44
-54
82
129
-23
80
-33
38
46
-137
158
18
8
46
69
80
-154
234
-48
-141
240
-23
-46
33
162
-120
-82
240
-79
-65
152
-41
12
-14
-19
112
-53
2
2
-42
-17
-30
-56
1
55
-64
-32
32
-45
-76
29
-90
12
45
-95
31
-46
-36
-64
-15
64
-71
-34
41
-48
-82
-22
-24
-78
-17
-25
2
-16
-77
20
21
-40
-9
-1
-37
-23
-5
-21
17
6
23
-27
25
25
-20
60
-87
116
58
-115
93
30
-4
-1
-51
207
-201
74
91
8
98
-237
282
-29
-236
364
-78
-134
209
7
-219
172
151
-311
198
155
-293
190
61
-178
160
-39
-81
108
-39
-98
164
-79
-94
132
-10
-72
-5
101
-130
21
84
-166
24
26
-87
-55
89
-27
-52
38
-69
-31
39
-94
-61
29
-26
20
-10
-32
4
-34
-74
-20
-19
-52
40
3
-50
19
22
-114
-22
70
-91
-27
54
-70
23
53
-54
24
1
14
7
79
-63
11
157
-124
109
41
-74
196
-98
-121
297
-40
-185
291
-26
-88
118
-117
90
75
-45
67
68
-7
13
65
-46
39
81
-199
154
56
-204
162
-81
34
23
-79
86
-103
3
56
-117
66
16
-85
82
-52
-75
83
-90
-36
96
-28
-56
28
61
-68
-73
77
-66
-15
10
-79
-5
-23
-7
-23
0
-8
-50
-20
-48
-19
-14
-86
0
-25
-44
21
-42
-16
23
-29
-41
-36
-32
-14
-5
-10
17
42
14
33
-37
27
53
-50
0
131
-8
-50
124
24
-21
-28
109
-7
-55
176
-59
86
18
-50
49
-23
97
-168
156
108
-173
151
-67
29
36
-179
165
8
-25
-12
84
36
-170
116
8
-81
42
-30
33
6
-41
13
-16
-27
-62
52
28
-31
-2
39
-51
-5
-26
-113
96
-76
-70
40
-26
-29
-55
31
-39
-35
-28
-29
49
-42
-59
15
-40
-26
-40
17
38
-41
39
-14
20
-40
-24
25
-31
23
41
-45
27
39
-56
132
-18
10
144
-67
-10
18
48
11
40
80
110
16
-126
171
11
-170
188
50
-83
128
92
-40
1
190
-187
100
162
-117
27
158
7
-179
155
90
-190
127
85
-102
113
13
-35
74
-61
-46
40
-102
71
43
-135
107
-11
-105
49
-21
4
-80
52
-91
-55
29
-40
-83
-31
38
-96
-127
79
-36
-31
6
-12
28
-39
-30
-28
-51
-2
24
-117
42
88
-130
-39
86
-81
-80
80
-30
-44
-52
15
-17
-74
59
-52
-53
36
62
-110
37
109
-93
-6
21
-31
-25
62
-37
2
200
-99
-57
160
-7
-49
-9
177
-109
-72
188
35
-77
54
193
-171
68
51
-32
68
10
36
-36
90
-54
-86
165
-68
-32
-45
105
11
-97
77
36
-98
-58
1
-5
-94
14
61
-97
6
114
-77
-102
79
55
-170
94
38
-151
74
-38
-127
61
78
-155
17
130
7
-136
47
46
-97
-13
-30
39
16
4
-8
-92
44
-39
-107
45
61
-49
-10
5
29
-58
-61
51
28
-65
8
56
-13
-35
57
74
-95
79
28
-37
78
-14
30
42
38
55
65
-8
52
19
-60
-10
79
83
-76
156
-34
33
-23
-51
57
-1
80
-5
50
34
-23
-78
75
-5
-21
-1
46
34
-29
12
-7
114
-147
39
64
-87
73
-64
29
11
11
-47
9
16
-23
-56
63
37
-8
-43
-35
-1
-88
17
-9
21
30
-30
-67
31
-18
-138
-4
-65
-44
45
-65
13
28
-33
-70
-34
22
-21
-35
-52
61
-19
-99
22
-10
9
-31
-31
85
123
-87
-68
123
59
-228
7
139
34
-53
16
291
-240
146
52
-238
234
-22
-150
138
167
-182
124
12
-74
75
-24
-65
94
74
-56
81
-68
-11
75
-75
26
72
-48
72
5
-82
154
-93
-18
-47
24
19
13
-13
57
46
-124
56
-32
-67
16
54
0
-37
33
5
-99
62
-10
-140
56
44
-113
2
74
-58
-24
-50
20
-87
-9
74
-122
30
61
-15
-54
-2
35
-80
-60
17
6
-41
-23
57
-7
-36
93
-29
-18
26
-43
74
-63
44
35
-92
141
-34
-99
199
64
-91
67
179
-51
-211
311
-222
-9
268
-258
287
79
-97
93
-22
-63
102
-66
-37
234
-36
-71
163
54
-252
159
57
-238
274
37
-114
78
91
-68
-47
42
94
-150
106
139
-290
226
31
-293
45
130
-73
-150
214
31
-159
64
22
-180
5
-66
-33
73
-71
62
-51
-73
30
-72
-30
12
-29
-73
-3
28
-64
-63
-12
-69
-39
-4
-49
-60
19
88
-93
-58
56
-26
-57
0
4
-31
-3
134
-46
-56
61
-55
5
-52
70
26
-45
131
-66
-43
144
-158
-75
283
-139
-22
212
4
-122
82
190
-338
175
119
-93
142
-9
61
-125
38
99
-141
43
85
-42
18
44
7
-58
104
-28
-128
205
-47
-108
102
95
-76
-59
127
-73
-120
88
-6
-57
34
34
7
-193
54
97
-173
-49
76
53
-128
-8
100
-119
-41
-23
-92
49
111
-131
-22
120
-67
-172
11
35
-37
18
-27
36
53
12
-101
-35
23
-29
-116
-23
115
48
-2
-57
154
-48
-152
161
-131
-48
258
-28
-171
278
36
-167
75
36
134
-119
99
132
-63
140
-100
-33
96
18
-14
43
279
-188
123
49
-247
270
-29
-161
118
183
-289
187
126
-203
89
62
-56
-75
111
-162
94
89
-267
145
184
-246
-62
237
-139
-133
-51
92
-58
-81
6
51
-57
-30
38
-111
57
-28
-57
-42
-1
-36
-103
76
-27
61
-68
-21
26
-91
-59
14
77
-32
-14
18
19
-125
-3
60
-60
-13
75
36
-127
86
-45
-41
96
-102
121
-6
5
43
-29
-32
29
78
32
-107
156
16
-27
-47
-20
228
-166
187
59
-216
366
-56
-353
199
340
-291
-11
268
-92
-78
98
-179
58
280
-464
321
225
-441
248
130
-344
33
280
-178
43
34
-41
53
30
-216
27
231
-246
-114
204
-53
-20
12
-152
63
95
-172
-32
106
110
-282
-7
128
-147
57
-72
-50
130
-62
-101
75
-65
-21
-15
-78
-27
80
75
-166
34
69
-151
-30
9
19
25
10
-48
-36
-44
-77
10
135
-70
45
184
-165
-114
56
-3
-33
109
-81
40
249
-252
-28
372
-302
-15
258
-212
134
377
-408
97
274
-366
169
115
-35
145
-14
1
46
-141
-28
197
-125
-93
256
-49
-7
74
-155
103
30
-286
227
77
-149
124
-150
54
8
-224
155
-55
-27
11
-58
36
21
88
-130
-39
97
-230
4
31
-30
124
-81
-11
-20
-103
76
-82
-79
120
-9
-111
-64
-10
2
-101
-77
58
131
-36
-39
95
-110
-156
-41
46
23
81
18
101
-36
-63
-38
-13
131
-44
103
131
25
-41
25
5
34
-14
121
131
58
55
-87
203
-189
-223
580
-118
-228
487
-27
-247
34
-78
2
-15
70
44
80
111
-258
112
-82
-71
5
-28
132
-54
-36
-67
60
-178
38
14
22
162
-171
48
61
-121
-161
128
156
-128
-102
183
-42
-210
103
-20
104
-20
-139
46
-15
-88
-38
40
73
33
-150
18
-66
6
-172
-124
122
-78
-46
7
59
-85
-83
-53
47
-61
26
39
-62
94
-140
-86
146
-11
-32
181
-126
150
124
-315
340
28
-53
76
-41
252
-152
-59
232
41
43
-208
285
7
-272
276
-147
111
48
-195
245
-147
-107
237
-204
40
249
-256
-16
-19
84
-84
-140
183
112
-134
-84
158
-154
-123
-46
9
232
41
-83
253
-193
-329
-18
-204
115
158
171
112
-4
-154
-304
-32
-106
79
177
112
120
-187
-228
-57
-130
-84
139
163
185
-66
-150
32
-234
-193
64
150
195
73
103
38
-60
-159
-91
96
291
110
3
93
44
-168
-147
194
125
149
91
45
-99
-58
-82
-74
234
-38
47
122
-88
-224
133
-83
-158
452
-204
57
180
-335
-44
65
-33
127
18
16
83
-85
-57
43
101
-3
88
-152
-7
77
-343
170
253
-123
106
208
-149
-191
-161
48
130
49
362
10
-307
-204
-238
-36
41
167
335
35
-247
-225
-203
-154
-17
-13
206
290
-220
-262
33
-140
-270
44
315
299
3
-165
-82
-126
-126
30
322
433
6
-139
-75
-139
-121
17
278
364
70
-117
4
-91
-224
-123
155
279
138
-13
-163
97
-319
-117
-44
232
363
-319
165
3
-366
-76
-63
57
375
31
38
-58
-210
29
-267
199
195
7
-6
-139
37
-29
92
69
201
335
-469
-271
258
-254
67
358
146
208
-469
-462
68
66
-71
255
339
-106
-381
-340
-21
60
-92
-87
328
168
-393
-296
64
11
-252
54
426
292
-177
-390
46
48
-215
89
372
288
-45
-302
-112
74
46
-2
238
467
66
-313
-244
-2
-45
-122
231
447
209
-163
-391
-208
-45
-217
211
445
243
-67
-281
-254
-303
100
219
235
384
-283
-418
-49
-166
149
276
-79
313
-93
-359
38
57
146
-72
388
286
-468
-216
-147
-39
228
330
362
-110
-387
-482
-197
306
45
292
258
-510
-251
-255
-220
331
52
35
353
-104
-409
-133
28
-100
-28
223
368
174
-429
-236
99
-48
13
290
491
50
-347
-183
29
132
58
33
215
88
-149
-214
41
100
-169
141
130
25
-34
-232
-2
-40
39
71
-8
52
-247
-167
243
26
-145
144
62
-190
-66
132
139
-43
5
106
-164
-29
57
-70
-23
216
280
15
276
-308
-672
107
178
304
512
202
-57
-809
-739
330
664
156
-16
251
-298
-687
-208
82
385
140
-342
265
422
-554
-684
55
266
62
239
419
83
-636
-761
197
730
330
98
39
-186
-472
-341
290
635
285
-173
-106
107
-196
-481
-1
352
204
75
6
-96
-280
-468
-210
366
422
88
-118
-171
-227
-277
-55
344
317
-140
-347
-125
123
-123
22
306
243
-120
-378
56
177
5
189
204
286
219
-690
-779
375
445
-123
411
616
-152
-833
-802
251
885
33
-269
568
88
-925
-545
135
633
226
-451
273
575
-764
-1068
355
776
82
-61
210
66
-554
-814
323
1127
249
-393
70
196
-507
-413
300
437
373
-135
-288
221
-87
-504
-45
655
418
-211
-219
-272
-224
-91
-10
513
304
-395
-330
-233
-13
126
121
98
77
143
-442
-295
293
-18
-63
276
256
-68
-439
-121
69
120
560
140
92
204
-809
-699
461
592
188
207
234
-213
-791
-598
392
984
-60
-436
486
-142
-849
-273
252
759
169
-488
193
199
-871
-804
670
911
-123
-142
100
-141
-572
-568
686
1047
-155
-409
124
-8
-544
-317
622
688
142
-203
-344
-74
-214
-332
443
659
132
-362
-474
-153
11
85
206
294
69
-589
-445
-3
101
300
175
-34
-119
-368
-408
-17
429
427
3
-35
-75
-368
-292
10
317
395
212
3
375
-41
-1376
-355
1146
387
210
297
-175
-486
-1091
-243
1322
1031
-703
-563
522
-428
-809
45
525
827
-334
-717
639
62
-1206
-392
1122
808
-398
-447
-33
-127
-662
-103
1297
707
-752
-499
331
-46
-463
267
736
237
-197
-377
-218
159
-25
-85
517
438
-281
-628
-431
160
438
138
104
188
-220
-537
-213
169
337
348
-110
-282
-104
-185
-206
203
435
84
-179
-226
-167
-192
-79
209
338
217
-90
-88
390
-461
-1165
565
1083
69
-69
30
-88
-506
-880
194
1543
502
-1214
-142
650
-625
-588
72
716
784
-687
-478
738
-231
-1077
159
1247
309
-717
-346
179
-61
-514
235
1152
52
-919
-223
325
-172
-338
430
619
75
-342
-570
-64
357
-97
81
503
170
-319
-518
-278
316
378
-70
-79
120
-269
-342
-50
171
407
132
-331
-300
-93
-75
-4
250
402
83
-340
-298
-45
-204
-65
396
466
274
-169
116
-133
-1255
-130
1181
535
-6
15
-48
-370
-979
-361
1325
1174
-913
-517
737
-470
-860
14
636
951
-318
-879
452
135
-1065
-187
1261
598
-616
-481
-7
-66
-513
58
1252
414
-903
-398
211
-155
-288
483
775
17
-340
-470
-248
357
109
29
435
84
-324
-387
-291
225
545
184
-214
-68
-228
-424
-101
201
597
424
-330
-547
-237
45
-78
135
530
143
-303
-413
-112
33
-81
193
391
171
-13
154
-621
-1201
610
1031
149
198
-182
-286
-498
-854
492
1741
235
-1271
60
511
-812
-458
368
891
658
-855
-537
605
-418
-1004
728
1470
-113
-794
-245
-57
-446
-238
986
1196
-408
-998
60
125
-657
3
938
484
-289
-542
-328
35
102
-1
356
462
-286
-547
-263
-101
320
442
213
-199
-403
-351
-202
82
348
623
229
-603
-532
-109
33
75
312
450
64
-381
-571
-224
160
132
463
473
329
4
-1438
-982
931
877
181
431
221
-546
-1148
-734
899
1688
-389
-935
937
-27
-1394
-421
677
1195
213
-798
1
273
-915
-785
1124
1260
-474
-596
-7
-278
-654
-30
1311
911
-581
-670
54
-171
-778
339
1190
197
-308
-399
-289
-54
-130
133
544
387
-277
-493
-314
-164
484
330
-193
106
-158
-504
-207
87
440
561
-167
-604
-60
149
-273
-32
476
285
-148
-495
-197
-16
-90
145
501
410
-38
-28
-1009
-975
888
949
168
103
-222
-195
-696
-913
711
1780
95
-1205
281
264
-1072
-436
435
1121
576
-854
-409
279
-532
-575
825
1220
-241
-649
-70
-270
-528
24
1191
905
-628
-673
73
-84
-527
264
1216
261
-715
-482
-197
128
218
127
502
146
-555
-547
-290
31
558
456
-53
-208
-251
-381
-146
49
345
702
-107
-819
-241
176
60
74
446
380
-217
-627
-502
73
243
156
507
350
-31
-293
-1345
-408
1089
708
174
71
-296
-428
-722
-437
1113
1452
-686
-829
553
-292
-763
-7
508
1024
71
-754
34
78
-792
-252
1138
785
-420
-471
-314
-405
-389
481
1391
298
-890
-449
-11
-355
-252
732
1043
-134
-644
-446
-200
140
129
349
632
-33
-573
-485
-198
86
487
409
-121
-173
-333
-495
-11
227
504
578
-372
-784
-225
235
49
145
518
214
-295
-576
-356
387
356
165
437
122
-39
-860
-1184
614
1092
452
198
-204
-515
-652
-800
174
1599
728
-1101
-185
227
-837
-299
194
843
905
-551
-726
40
-349
-509
592
1248
221
-507
-426
-574
-451
56
1038
1213
-232
-682
-182
-315
-536
72
1140
691
-499
-647
-397
100
227
46
512
361
-444
-790
-398
172
441
565
145
-335
-289
-514
-344
184
486
616
49
-589
-513
-104
152
64
366
567
21
-596
-848
-129
432
326
545
466
253
-632
-1657
-87
1087
626
356
170
-290
-857
-1032
-38
1325
1254
-612
-468
230
-877
-607
173
746
1066
-137
-613
-118
-423
-570
322
1155
463
-317
-234
-558
-732
-43
960
1146
-56
-638
-286
-370
-554
179
1084
937
-151
-809
-634
-105
107
143
556
609
-286
-744
-670
-225
440
604
273
-99
-371
-461
-338
-107
310
693
428
-499
-744
-161
135
61
242
383
265
-482
-894
-72
485
528
306
598
-182
-1748
-355
635
445
869
443
-125
-480
-1618
-684
1496
1262
-628
8
570
-1059
-898
-192
518
1362
60
-604
159
-490
-1027
-8
1047
849
236
-133
-755
-915
-384
760
1375
158
-322
55
-459
-956
-193
1166
977
-75
-202
-410
-365
-231
-217
520
879
108
-626
-737
-392
163
539
284
202
47
-736
-623
-63
274
694
305
-406
-503
-235
-79
-115
364
682
231
-369
-691
-268
189
329
461
637
325
-1398
-863
552
274
736
885
-155
-537
-1008
-1007
577
1699
211
-427
462
-851
-1256
-100
168
1157
860
-371
-313
-334
-965
-456
783
925
392
163
-667
-1063
-449
573
1200
483
24
-222
-711
-763
-312
933
1298
175
-386
-612
-451
-87
8
487
826
208
-636
-955
-408
170
606
496
116
17
-497
-722
-328
192
819
589
-308
-584
-439
-191
36
265
603
498
-397
-874
-219
259
430
575
806
-164
-1718
-377
472
243
821
736
128
-497
-1623
-725
1313
1147
-508
240
670
-1184
-1064
-353
429
1315
295
-261
260
-484
-1179
-224
857
768
471
230
-816
-1147
-462
556
1206
492
58
-22
-684
-1182
-100
1187
1005
9
-341
-529
-490
-300
58
703
852
196
-733
-815
-354
187
460
335
229
96
-545
-904
-407
522
771
288
-192
-378
-337
-432
-227
454
779
242
-636
-692
-200
222
395
890
619
-1327
-751
344
-303
483
1212
240
-152
-1081
-1172
703
1192
-479
71
1116
-765
-1151
-243
-229
942
704
-285
328
85
-1053
-612
337
482
467
501
-416
-974
-406
246
846
415
292
317
-526
-1166
-623
882
1124
122
0
-256
-463
-390
-441
440
946
467
-285
-657
-427
-151
97
101
418
555
-327
-586
-508
-251
695
531
-236
-116
-56
-320
-493
175
638
360
-98
-481
-285
276
30
495
698
-998
-398
389
-283
197
922
227
-208
-762
-940
586
1221
-594
-311
862
-532
-783
-233
-56
918
318
-500
165
352
-776
-621
291
348
355
543
-290
-768
-289
275
600
89
303
381
-458
-928
-433
829
1029
-170
-225
-98
-229
-217
-436
405
902
115
-480
-452
-157
77
77
-49
245
411
-410
-604
-57
18
518
444
-420
-193
58
-397
-354
357
495
275
-230
-517
-264
410
217
357
427
-1095
-328
415
-218
489
955
94
-373
-1008
-837
775
1139
-412
-86
629
-798
-666
-238
-68
1156
266
-532
135
6
-709
-330
320
512
437
329
-513
-799
-272
339
761
289
266
126
-464
-953
-443
899
950
-39
-137
-416
-436
-73
-180
305
851
215
-603
-572
-264
101
428
29
-35
285
-371
-627
-49
183
403
405
-234
-434
7
-133
-471
236
571
128
16
-384
-254
448
377
304
-769
-340
363
-175
106
709
468
-121
-993
-960
559
1335
-109
-542
662
-465
-785
-113
-164
1037
629
-696
-187
269
-466
-325
204
213
267
395
-301
-686
-218
242
783
98
61
410
-222
-997
-515
672
875
124
-330
-206
-208
-348
-371
340
670
304
-452
-534
-163
101
200
77
108
85
-159
-538
-385
246
633
329
-170
-299
-3
-153
-457
165
481
284
-315
-391
-34
320
220
666
296
-1314
-162
330
-326
552
1098
6
-362
-1153
-1078
1011
1420
-499
72
719
-1323
-957
-72
177
1382
490
-791
-19
-18
-971
-187
615
430
340
343
-656
-820
-68
382
639
253
242
102
-512
-989
-364
1053
1069
-118
-82
-382
-571
-318
-326
644
1069
157
-595
-632
-332
-64
221
432
344
217
-421
-786
-410
180
758
393
-117
-120
-261
-498
-223
154
788
488
-378
-322
-91
119
287
698
-743
-536
493
-209
51
999
492
-172
-873
-1507
355
1585
112
-536
761
-497
-1368
-317
-22
1224
1017
-590
-472
210
-680
-488
460
557
339
326
-323
-944
-259
308
659
336
209
214
-191
-907
-701
672
1099
155
-268
-224
-459
-262
-281
91
1042
537
-610
-672
-395
-139
323
280
238
300
-181
-757
-564
140
621
454
-119
-242
-7
-315
-585
8
656
355
-171
-275
116
175
444
194
-1083
-7
341
-181
507
650
96
-89
-1246
-1142
1027
1495
-253
-164
408
-994
-919
-413
198
1692
648
-790
-362
-237
-806
-160
598
639
450
73
-813
-872
-90
556
816
248
199
15
-535
-1002
-423
970
1108
108
-268
-355
-420
-473
-304
582
1040
321
-561
-710
-408
-100
280
377
465
131
-475
-585
-528
74
793
455
-338
-125
-66
-378
-282
179
588
417
-213
-374
217
392
366
-640
-700
438
104
153
723
594
-53
-653
-1452
-358
1413
912
-304
297
-227
-1293
-662
-348
1015
1610
104
-695
-338
-784
-712
230
764
752
488
-237
-1055
-782
-49
771
798
275
315
-8
-871
-955
204
957
807
-21
-290
-320
-344
-464
-205
733
868
98
-492
-490
-428
-57
83
250
381
177
-399
-650
-287
151
549
343
-205
-44
-60
-579
-331
185
492
315
0
167
116
389
101
-1190
-448
494
289
529
814
347
-451
-1248
-1319
321
1796
572
-46
257
-1023
-1441
-713
167
1624
1305
-151
-652
-649
-1065
-600
714
1080
686
269
-635
-1188
-762
152
1116
868
481
137
-789
-1190
-711
491
1404
907
32
-392
-763
-745
-496
419
1180
752
-151
-771
-870
-481
152
570
778
480
-303
-888
-793
-355
423
918
330
-101
-254
-620
-612
4
455
615
315
36
-104
25
284
-810
-655
419
500
409
725
460
-224
-1204
-1516
-50
1568
1007
123
467
-485
-1618
-1144
-92
1383
1517
175
-320
-402
-1159
-1085
158
1285
1065
328
-416
-959
-926
-466
724
1072
671
387
-375
-1221
-982
96
1040
901
363
21
-420
-820
-867
-22
916
807
286
-205
-575
-657
-456
-21
551
714
241
-436
-627
-472
-134
452
446
244
204
-199
-649
-516
29
401
325
292
388
291
207
-464
-1089
-247
313
485
830
832
336
-693
-1730
-1207
442
1546
896
528
262
-1082
-1711
-1162
257
1696
1281
290
-158
-958
-1406
-911
360
1326
1210
513
-432
-1081
-1153
-427
713
922
897
698
-463
-1198
-986
-127
815
824
651
350
-376
-882
-988
-146
744
722
533
62
-510
-760
-747
-109
428
727
521
-144
-455
-567
-346
178
245
340
418
-17
-400
-531
-119
154
106
403
505
522
370
-645
-1148
-542
-63
536
1079
1130
584
-791
-1792
-1391
160
1176
1050
996
420
-960
-1741
-1466
60
1353
1261
895
298
-675
-1450
-1294
-108
808
1037
938
237
-553
-1021
-724
110
455
758
840
121
-568
-844
-454
224
298
423
538
214
-408
-762
-254
113
129
293
257
55
-208
-533
-325
-39
133
110
202
137
-51
-77
-115
-166
-233
137
158
224
250
20
-134
-469
-278
141
563
676
546
71
-771
-1022
-648
114
748
1086
971
77
-1207
-1589
-770
397
835
1056
1035
5
-1184
-1647
-642
553
846
805
595
143
-656
-1095
-408
212
325
392
306
171
-43
-245
-114
-146
-200
10
118
198
127
286
305
-222
-510
-322
-33
180
191
486
491
-171
-608
-533
-165
223
336
459
233
-172
-465
-470
-234
32
323
455
227
-41
-122
-143
-435
-140
79
203
271
-150
134
-42
-64
-87
92
724
365
-137
-623
-701
-411
-83
685
1107
850
-111
-1045
-1101
-447
136
714
1076
733
-124
-1014
-1169
-401
295
551
821
641
-21
-696
-834
-431
-19
314
454
441
172
-271
-254
-72
-170
-25
126
81
69
-3
191
168
-101
-164
-184
-53
-43
67
372
176
-38
-180
-357
-227
-110
117
311
196
55
-68
-161
-332
-234
147
168
224
260
193
-73
-459
-319
-65
207
187
77
283
-41
-133
-64
128
509
128
-148
-482
-572
-132
316
720
654
338
-406
-958
-785
-147
448
689
721
294
-483
-1026
-701
59
386
454
432
229
-244
-738
-428
204
178
40
165
169
-165
-305
83
443
184
-212
-308
-79
-94
-125
401
572
216
-80
-405
-354
-137
-9
241
299
123
-136
-192
-248
-305
22
194
55
50
49
26
-116
-150
-71
-101
-157
232
325
83
-79
-125
-197
-134
-19
128
347
-91
-82
188
137
241
348
154
-460
-682
-624
-108
575
784
893
262
-643
-1123
-758
-272
192
903
1027
319
-567
-1031
-619
-190
44
576
901
429
-455
-623
-209
12
50
92
233
219
-148
-64
356
274
58
-214
-364
-357
-185
355
593
507
135
-287
-495
-580
-323
156
325
325
213
-26
-134
-271
-277
-154
-29
-68
217
269
137
39
-97
85
-124
-84
30
236
134
-28
-12
-11
104
-270
-79
-76
33
240
290
738
190
-329
-765
-857
-465
-59
720
1407
1161
-39
-1051
-1266
-839
-526
346
1212
1323
523
-754
-977
-486
-406
-146
524
847
488
-254
-292
22
-110
-223
-350
-79
76
45
450
638
419
-14
-535
-856
-750
-149
584
799
648
231
-239
-614
-940
-579
185
538
581
391
120
-173
-483
-380
-209
-2
164
157
364
96
-87
104
134
5
-280
-207
-108
-22
285
320
163
-282
-534
-234
-101
86
722
1010
355
-649
-960
-809
-506
77
952
1667
763
-554
-969
-624
-523
-469
298
1123
924
-124
-792
-192
52
-311
-141
258
317
56
-316
-87
188
61
53
-164
-208
-183
129
475
270
374
213
-270
-644
-711
-158
304
321
310
332
181
-289
-646
-440
8
308
313
127
163
12
-146
-213
-331
-153
119
130
-5
64
277
242
-213
-399
-163
-58
-110
-217
38
264
135
-18
220
474
600
168
-780
-801
-516
-162
127
731
1476
1333
-178
-1343
-1213
-468
-553
-191
1043
1567
738
-644
-902
-315
-522
-566
222
772
552
-15
-55
20
-364
-251
45
47
-123
-2
531
396
-10
59
228
-59
-650
-569
49
299
224
202
359
294
-289
-498
-306
-253
17
96
-54
82
209
35
-278
-358
20
220
39
-142
39
327
-90
-391
-85
188
46
-408
-289
218
371
414
592
1139
468
-1121
-1380
-979
-490
81
976
2135
1801
-299
-1322
-829
-772
-1330
-582
843
1194
380
-446
196
584
-528
-797
-41
47
-323
-337
284
582
259
262
351
-72
-655
-398
381
355
210
432
620
22
-608
-430
-124
-83
-137
7
471
312
-112
-49
-232
-377
-165
-157
-154
-91
72
52
-152
-36
215
424
33
-448
-76
175
-143
-227
169
452
117
-290
-138
70
304
391
963
1270
-433
-1243
-1033
-938
-666
275
1607
2235
629
-831
-678
-406
-1396
-1316
191
922
289
-521
-172
810
109
-484
170
354
-382
-914
-376
250
359
436
754
552
-80
-273
162
156
-171
79
469
116
-541
-320
163
151
21
-96
8
-96
-511
-243
74
-9
134
10
-399
-574
-430
29
274
190
196
408
215
-359
-249
221
303
12
-205
30
-98
-396
-217
210
483
750
835
1019
646
-861
-1018
-777
-931
-852
56
1424
1741
559
-102
-3
-310
-1884
-1729
-407
253
376
12
550
951
-52
-323
264
222
-505
-745
-251
-98
10
576
1033
843
87
87
432
-60
-484
-305
161
-155
-672
-159
333
354
301
58
11
-324
-789
-565
-539
-354
123
333
184
-61
57
116
-14
-178
-156
180
32
-71
359
614
619
135
-187
-162
-432
-505
-185
303
424
469
680
1096
836
-724
-949
-780
-1130
-1179
-222
1277
1649
336
-31
387
-43
-1471
-1292
-329
-364
-550
-674
443
1310
559
684
1096
429
-646
-1015
-506
-315
-314
189
915
947
180
304
946
551
-160
-444
-399
-845
-1253
-638
108
501
754
669
435
-228
-713
-668
-823
-782
-359
-78
-127
36
568
815
652
346
107
-124
-573
-517
-22
379
587
489
321
323
-68
-322
-325
-132
-105
-209
102
622
1433
484
-667
-360
-744
-1398
-1207
74
1474
899
-99
126
499
-468
-1422
-326
252
-178
-637
-818
394
272
-5
1224
1586
824
-120
-420
-238
-645
-664
14
723
289
-385
402
892
638
396
364
234
-987
-1707
-1178
-745
-169
475
931
718
-4
-43
-67
-714
-787
-336
-241
-665
-460
382
758
748
790
737
376
-200
-315
-54
-22
-28
-108
-26
10
-262
-76
224
287
228
157
284
470
598
-463
-749
-464
-1022
-1107
-400
627
1217
463
42
291
81
-890
-901
-54
-158
-371
-485
-297
632
411
474
1255
1120
346
-400
-470
-313
-533
-498
101
520
49
-270
358
749
727
375
262
-119
-978
-1179
-972
-609
-84
221
496
298
-102
127
155
-296
-250
-37
-423
-775
-397
208
376
495
878
891
413
11
58
27
-218
-206
-135
-197
-253
-300
-86
130
169
60
215
470
653
1151
77
-766
-791
-1522
-1422
-615
437
1414
877
319
215
84
-511
-624
-92
-168
-537
-991
-841
479
675
841
1615
1404
600
-540
-778
-158
-387
-674
-183
121
-266
-563
168
1106
1305
895
537
-105
-1129
-1507
-1249
-824
-250
134
442
308
-47
432
565
14
-46
-130
-550
-893
-817
-123
286
445
759
826
663
462
488
432
52
-331
-726
-776
-688
-543
14
323
449
297
194
522
562
1039
385
-741
-718
-1488
-1650
-826
55
1362
1288
456
448
342
-152
-534
-329
-236
-579
-1183
-1274
-32
524
854
1764
1677
1108
121
-781
-325
-401
-881
-371
-226
-525
-541
-40
990
1541
1169
806
289
-742
-1356
-1193
-1122
-654
-333
-253
166
49
500
1254
677
376
142
-673
-973
-1059
-647
19
165
464
738
623
684
881
771
429
-33
-691
-1041
-976
-896
-454
43
304
508
416
687
1160
1528
599
-718
-920
-1628
-1962
-1334
-289
1180
1153
415
639
665
272
6
101
-29
-584
-1408
-1855
-707
87
489
1684
1774
1440
795
-208
151
68
-912
-757
-691
-1224
-1149
-488
696
1683
1479
1116
974
-140
-1124
-1026
-1122
-1016
-794
-765
-290
-212
253
1199
1034
889
882
154
-522
-1027
-973
-632
-645
-357
198
569
832
1234
1349
988
527
-345
-939
-1090
-1281
-929
-435
-203
116
310
752
1228
1741
1444
0
-511
-1320
-2004
-1505
-1036
57
895
250
220
832
909
732
755
340
-210
-935
-2121
-1432
-194
-262
769
1469
1226
1101
404
505
855
-142
-702
-531
-1088
-1619
-1124
-121
778
1088
876
1152
944
-8
-211
-313
-679
-1060
-1389
-1093
-900
-365
727
1029
1056
1161
711
244
-136
-460
-503
-777
-1062
-690
-143
210
844
1327
1191
983
339
-218
-317
-715
-960
-794
-893
-827
-386
272
860
1430
1783
614
-45
-425
-1258
-1107
-902
-578
202
-298
-545
258
762
850
1138
1010
416
-188
-1400
-1469
-205
-410
-194
692
535
479
337
547
1299
868
1
-197
-709
-1314
-1182
-589
36
448
242
326
679
402
437
480
51
-409
-1096
-1171
-1101
-947
106
515
452
761
636
420
400
269
107
-349
-681
-603
-496
-306
236
705
636
595
444
61
143
161
-160
-373
-730
-944
-811
-512
248
825
1427
1420
9
-279
-393
-854
-623
-426
1
28
-785
-577
354
666
597
822
687
141
-399
-1120
-515
190
-425
-89
384
142
80
195
794
1105
415
-94
-131
-579
-969
-702
-228
66
56
-86
228
523
388
371
381
-16
-586
-782
-696
-773
-516
301
378
108
399
532
394
295
352
228
-308
-552
-341
-334
-167
316
412
222
273
325
197
232
205
-202
-447
-551
-692
-604
-254
316
547
985
929
-76
-42
-250
-656
-461
-486
1
-74
-787
-306
470
615
438
597
518
-26
-418
-859
-183
209
-415
-62
232
104
192
304
812
923
173
-243
-253
-495
-624
-446
-174
75
-8
-205
225
528
389
344
128
-98
-473
-711
-508
-472
-261
163
2
-6
348
358
344
427
447
157
-273
-348
-323
-398
-226
181
293
146
242
350
217
181
230
-46
-381
-557
-676
-621
-301
285
499
898
883
-61
109
-25
-604
-441
-477
-124
-71
-712
-246
352
368
347
542
571
234
-133
-756
-334
93
-495
-83
227
117
299
125
500
854
269
-146
-98
-269
-495
-402
-244
16
-47
-401
5
443
380
445
438
113
-305
-568
-528
-498
-372
109
4
-215
202
346
231
377
463
286
-75
-271
-285
-340
-272
-26
20
41
324
397
209
300
301
-51
-254
-308
-492
-590
-394
-36
252
408
1056
620
-173
155
-181
-610
-604
-442
132
-294
-523
167
412
297
246
579
361
11
-313
-626
-40
-155
-370
90
111
247
178
63
607
700
82
-140
9
-234
-555
-473
-147
69
-201
-224
322
362
208
353
291
-13
-435
-481
-309
-430
-262
27
-87
-85
95
250
390
414
373
154
-132
-253
-199
-221
-208
0
16
17
252
344
341
350
246
-20
-363
-430
-375
-460
-399
-44
245
332
868
516
-133
149
-188
-473
-446
-336
141
-240
-562
-76
390
328
163
592
337
-25
-273
-713
-61
2
-323
148
213
176
37
29
577
624
99
-26
118
-348
-693
-400
-99
134
-22
-176
119
158
106
255
330
128
-188
-361
-424
-402
-217
65
6
-57
117
114
141
241
365
299
-81
-75
-1
-268
-242
87
99
1
242
295
189
229
143
-40
-258
-324
-325
-534
-322
53
166
269
808
759
-235
-84
-28
-549
-505
-330
218
31
-577
-155
235
234
35
376
415
43
-115
-625
-184
230
-280
-23
284
233
68
-83
385
651
187
-209
38
-75
-524
-407
-131
117
-44
-307
59
283
187
245
377
227
-167
-369
-421
-320
-266
-124
-17
-142
1
69
68
205
296
315
64
1
75
-122
-166
33
60
-90
49
267
190
116
108
18
-165
-329
-325
-334
-286
-174
-18
191
419
840
317
-304
86
-142
-513
-336
-15
259
-198
-485
-176
66
-22
71
536
185
52
-146
-541
59
120
-73
201
184
151
-57
-145
342
558
84
-121
147
-129
-341
-164
5
186
-97
-290
12
116
132
201
149
35
-205
-319
-160
-89
-49
49
-188
-328
-172
-86
35
115
312
332
49
30
185
176
35
117
41
-171
-7
38
10
132
96
-86
-221
-96
-102
-284
-139
-54
-82
-140
46
745
318
-277
264
7
-425
-311
-114
155
-127
-443
-307
68
31
10
416
232
182
-91
-515
201
317
-136
138
239
43
-215
-196
312
521
61
-28
234
-152
-308
-87
34
111
-100
-211
-49
-16
-8
84
148
-11
-139
-134
-138
-95
-61
-4
-203
-360
-196
-156
-25
123
261
361
210
175
244
172
94
85
-61
-181
-61
-14
-79
76
112
-4
-14
34
8
-178
-263
-125
-178
-224
103
558
596
-52
21
80
-365
-259
-130
83
69
-456
-527
-245
12
9
239
422
283
85
-368
-28
471
50
7
202
89
-164
-301
123
471
204
-139
87
119
-116
-40
36
151
-52
-385
-293
-100
22
39
150
187
6
-80
-54
44
5
-32
-224
-445
-349
-274
-108
152
302
368
266
177
263
296
176
67
-95
-277
-252
-149
13
236
327
124
-52
9
-14
-137
-165
-44
-138
-356
-85
206
585
542
-89
138
-62
-439
-233
-226
112
-87
-629
-522
-109
89
-153
370
517
118
-87
-392
324
497
-147
41
152
-77
-263
-120
322
456
129
-133
114
123
-48
36
141
157
-162
-458
-312
-18
33
76
246
300
115
-161
87
45
-321
-185
-362
-449
-378
-282
39
21
228
430
289
199
258
300
-34
-124
-14
-166
-180
-36
171
73
-20
132
42
39
136
28
-107
-188
-242
-327
-101
256
566
729
50
22
29
-499
-238
-159
-82
-65
-553
-613
-277
125
66
154
310
23
-10
-289
-42
513
147
-13
89
44
-104
-112
249
447
263
-192
-48
164
-85
-69
101
219
-66
-329
-157
-57
30
29
134
143
-86
-95
59
172
-21
-77
-230
-552
-540
-425
-146
124
198
233
188
191
187
316
261
109
60
-142
-176
-94
-66
37
79
34
40
139
97
39
46
-158
-308
-306
-124
156
285
336
620
202
-326
-49
-61
-159
-178
-159
-35
-372
-598
-291
214
24
-102
240
2
-49
-88
-14
471
196
-156
-5
74
-73
-74
182
287
229
-167
-184
169
89
36
159
297
64
-337
-268
-66
75
-20
66
246
-22
-96
31
118
-61
-200
-108
-453
-462
-221
-158
-6
-39
118
157
35
223
439
326
103
98
-51
-241
-151
-54
5
64
99
71
33
65
104
32
-8
-26
-127
-182
-104
12
183
305
520
145
-233
44
-97
-217
-163
6
50
-441
-496
-210
2
-95
-8
304
34
-52
-85
-18
299
157
8
-12
-22
-82
-130
1
283
318
-73
2
202
55
-28
44
248
51
-260
-82
90
14
-61
79
61
0
33
166
265
-66
-161
-167
-510
-501
-260
-148
-154
-124
55
99
105
237
374
240
88
81
-69
-157
-35
54
-80
-4
131
-45
-16
143
109
-14
-82
-26
-92
-206
-70
57
99
87
476
372
-232
94
47
-264
-196
-98
121
-192
-442
-172
153
-6
-158
206
20
-160
-127
-136
183
105
-149
-106
46
53
-23
137
261
207
-149
-174
172
133
5
11
253
147
-167
47
209
104
-65
-19
43
-14
93
118
204
-46
-177
-45
-346
-263
-144
-191
-190
-240
-83
-50
50
189
282
196
70
159
18
15
95
17
-55
-129
-27
-35
-44
125
154
-19
-55
65
-37
-164
-32
12
-71
-64
134
484
220
-46
287
25
-218
-94
-62
8
-232
-317
-187
-48
-59
-56
160
-19
-93
-215
-270
103
78
-60
-7
129
-4
-127
127
273
194
-107
-68
133
28
27
163
245
25
-121
73
135
78
51
136
10
-119
29
137
260
30
-104
-63
-307
-333
-287
-202
-178
-220
-138
-91
108
207
147
135
99
52
28
30
95
44
-151
-194
-127
-86
75
184
165
-27
-125
26
-49
-6
82
62
-17
-67
138
289
443
199
46
31
-226
-174
-61
30
45
-257
-352
-154
85
-35
18
196
-105
-287
-295
-38
165
-37
-79
62
60
-114
28
302
215
-40
-204
-109
-64
-36
58
185
223
-26
-29
215
253
206
120
66
-56
-112
-95
62
178
-58
-112
-156
-238
-128
-23
8
-102
-208
-269
-182
-17
62
213
139
-19
-31
33
138
161
133
29
-144
-242
-180
52
65
31
56
-43
-7
25
140
178
45
-13
25
139
193
399
303
-81
-57
-188
-206
-52
-8
22
-158
-318
-231
24
9
-80
95
-106
-247
-196
-118
153
142
-21
-51
-27
-84
-72
144
160
48
-127
-120
63
50
83
211
262
120
32
166
266
144
59
18
-124
-163
-85
75
164
19
13
-20
-121
-79
-65
-102
-261
-286
-205
-180
-89
-4
90
37
-31
76
122
126
48
-34
-86
-153
-175
-106
28
91
56
49
94
145
104
110
156
95
-47
-33
66
77
96
212
235
-95
-99
38
-73
-104
-71
42
-54
-342
-206
34
9
-112
65
75
-148
-133
-41
54
26
-95
-82
-30
-59
-81
51
103
54
-9
-57
112
164
91
137
209
134
-32
72
167
32
-23
16
16
-71
-16
81
86
-4
-48
73
-56
-171
-70
-97
-203
-210
-127
-77
-88
-62
31
78
39
66
67
4
-21
-12
-44
-57
21
-19
-24
4
82
147
100
131
108
27
17
39
30
-10
12
43
27
113
241
149
-57
-36
-57
-167
-126
-11
13
-170
-270
-76
58
-33
17
115
-71
-182
-82
22
67
-2
-72
-100
-120
-103
39
163
99
15
-52
-5
104
83
88
115
57
-47
-14
152
159
44
9
56
-40
-103
13
83
33
-92
-27
42
-51
-35
26
-66
-190
-163
-66
-74
-78
-84
-85
-117
-77
63
121
94
65
2
-60
-30
28
24
6
3
12
4
37
121
77
9
21
0
-18
1
78
45
-9
61
181
122
-17
57
16
-118
-93
6
-18
-172
-185
-45
-13
-53
16
97
-66
-141
-63
-21
17
-22
-60
-76
-88
-61
9
107
98
62
-10
19
112
81
86
57
30
-34
-46
60
86
60
39
58
39
35
99
29
-38
-43
0
-8
-45
-1
-25
-119
-171
-58
-22
-127
-89
-54
-76
-122
-3
122
46
11
8
36
50
26
37
-18
-43
-39
4
79
80
102
16
5
94
98
111
93
67
-36
-32
112
192
103
-19
-32
-111
-120
10
84
11
-161
-191
-140
-109
-37
42
10
-160
-170
-55
3
59
50
7
-57
-77
-15
57
90
51
2
-18
43
105
88
82
49
-13
-10
66
144
112
26
14
37
5
71
145
55
-64
-96
-32
-58
-49
-12
-57
-156
-178
-73
-25
-39
-23
-59
-103
-109
-9
62
8
-16
-20
-11
8
59
75
27
29
32
65
102
98
91
-3
-1
48
80
81
51
27
-27
-7
76
127
72
-20
-46
-108
-125
-64
-49
-100
-184
-189
-107
-60
-37
-30
-55
-113
-72
37
73
65
11
-46
-38
-5
62
95
75
10
-40
-24
59
134
118
60
0
-2
17
73
122
76
-24
-59
-20
28
80
119
21
-71
-110
-66
-12
-28
-34
-97
-167
-172
-92
-33
-27
-10
-34
-44
-10
50
98
49
21
24
21
72
88
87
37
-2
15
40
94
86
72
27
-29
22
33
48
20
-18
-26
-9
65
85
69
-32
-66
-60
-71
-21
-18
-75
-130
-164
-104
-60
-17
-13
-24
-43
-46
10
54
34
1
-17
10
32
63
74
65
13
-27
-1
39
88
48
10
2
1
38
51
64
47
-9
-28
0
27
17
0
-39
-85
-74
-41
-14
-30
-55
-73
-82
-90
-54
-1
-10
-29
-29
-21
24
50
57
56
27
16
57
69
75
51
6
4
11
12
37
35
2
-21
-27
-2
48
43
3
-17
-25
-29
24
54
41
16
-78
-75
-52
-44
-28
-30
-65
-89
-77
-30
15
21
1
0
6
-7
29
71
52
27
-5
10
-1
-5
6
5
0
-18
11
41
36
10
-1
19
12
19
26
10
-19
-27
-16
4
15
19
5
-37
-53
-36
-21
-44
-34
-38
-54
-40
-24
-17
-6
-3
-8
-7
20
56
49
45
35
20
26
22
46
58
47
27
5
14
12
30
36
-13
-18
-14
-21
-7
-4
-7
-15
-26
-16
-3
33
38
48
29
-26
-17
-14
-18
-25
-21
-36
-59
-54
-38
-4
-7
-21
-9
-1
2
12
30
3
-7
-3
7
-12
-19
-14
-6
-7
-21
-1
3
-5
-11
7
23
23
26
20
6
-1
4
36
56
40
17
7
2
-5
-3
0
-14
-29
-35
-45
-39
-55
-52
-40
-25
-9
3
24
23
31
40
29
37
30
27
33
44
26
8
-2
-7
-6
-2
10
4
3
-16
-18
-23
-22
-9
-20
-12
-15
-17
-16
-12
-3
13
22
35
14
-26
-18
-18
-4
-3
20
-7
-35
-38
-16
22
12
-10
-28
-19
-13
26
48
16
-13
-30
-22
-30
3
1
-25
-39
-30
11
18
21
18
31
38
47
66
54
22
0
-9
-16
-12
-13
-19
-32
-21
-5
3
5
-7
-19
-27
-14
-3
-1
9
10
-3
2
15
33
43
35
24
32
25
9
15
24
14
9
21
17
24
22
16
10
-5
-3
-3
-6
-10
-3
-5
-15
-5
-4
-3
-10
-19
-28
-22
-11
-12
-9
-1
10
1
7
10
20
16
8
21
3
0
-4
0
-2
-6
-16
-35
-37
-34
-31
-22
-15
-14
-11
-16
-18
-2
-7
-11
-9
-2
6
4
7
2
4
1
3
5
6
3
12
11
10
13
12
1
2
7
3
20
17
16
19
21
20
8
3
0
-9
-8
-10
-1
-3
-9
0
-9
-5
-1
2
4
4
12
14
14
14
15
10
4
-2
-3
-8
-5
-2
-7
-9
-8
1
8
17
5
0
-1
-8
-11
-19
-12
-7
0
-3
-2
-1
-6
1
-4
-7
-1
-5
-10
-14
-22
-20
-21
-29
-27
-16
-3
-5
-5
-10
-2
-5
-3
0
-2
2
-5
-6
-3
0
1
2
2
-1
-1
1
-7
-1
0
1
8
11
20
16
14
18
16
12
2
-10
-10
-1
8
3
5
3
1
4
5
7
7
-7
-10
-3
-2
3
8
11
2
9
6
3
3
4
6
4
1
3
4
2
2
1
9
18
17
14
15
10
2
-5
-4
-4
-8
-10
-14
-14
-16
-16
-15
-12
-11
-17
-9
-5
-13
-13
-14
-16
-21
-14
-1
10
10
3
2
-8
-8
-6
-5
-6
-2
-1
-4
-9
-14
-10
-4
4
18
29
22
13
14
8
3
7
12
12
11
16
19
17
9
5
-3
-10
-6
-3
6
8
3
-8
-18
-19
-8
10
28
24
15
7
6
15
20
19
11
2
6
6
8
18
10
0
-7
5
15
20
18
2
-12
-8
1
-1
0
1
-9
-21
-23
-13
-8
-3
-7
-18
-21
-19
0
-2
-14
-15
-19
-20
-12
4
11
-1
-16
-15
-6
-6
-12
-15
-9
-9
-14
-4
4
6
-1
-10
-22
-19
-6
-5
-4
14
27
22
-3
-10
19
31
15
-3
-2
14
9
-8
-6
7
4
-9
-8
6
17
13
-1
-1
4
-2
-4
7
20
14
-2
-21
-27
-7
7
9
2
0
2
-6
-2
9
13
3
-2
4
9
8
3
7
12
0
-12
-14
-6
4
1
-8
-11
-4
3
-5
-10
-6
-3
0
-8
-16
-12
4
8
-6
-10
0
7
5
-6
0
7
-1
-11
-15
-5
9
11
-2
-11
-10
-4
-5
-7
5
20
13
-4
-11
-7
4
7
-2
-5
8
7
-1
-8
-6
5
5
-6
-8
-3
-3
-8
-8
-3
4
7
5
-1
6
14
17
10
4
7
6
5
5
7
11
16
14
6
7
8
6
-4
-4
-2
-3
-2
3
10
15
3
-5
-14
-11
2
-2
-1
4
12
14
3
0
-6
-8
-9
-3
6
4
1
2
-4
-4
4
7
9
0
-7
-7
5
14
9
-1
-7
-8
-9
-8
-5
-2
-5
-17
-15
-6
0
-4
-16
-20
-5
7
5
-5
-9
-11
-16
-14
-12
-5
-3
1
-2
-8
4
7
5
-4
-1
4
5
5
-3
1
11
12
5
4
10
9
5
1
4
5
9
10
7
12
14
6
-7
-13
-5
8
14
13
0
-1
-3
-8
-6
5
13
7
3
2
-2
-6
-9
-13
-8
1
5
2
-2
2
0
-1
-5
-5
-2
-4
0
2
1
-4
-7
-6
-4
5
2
-3
-4
-4
-8
-6
1
3
2
-1
-2
-1
0
5
5
4
2
0
-5
-6
-1
-2
-5
-3
4
7
10
12
8
-1
-1
-1
2
6
7
7
-4
-9
-6
1
4
3
2
-3
-4
-7
-11
-9
-8
-5
-5
-5
0
1
-3
-7
-7
2
6
2
-3
-4
-3
-2
3
5
0
-1
0
2
3
8
10
3
0
-4
-6
-4
-2
6
6
4
4
1
0
2
8
2
-4
-5
-4
-4
-4
1
0
-4
-6
-6
-3
3
5
-1
-8
-9
-17
-13
-8
-1
5
2
2
-4
-5
-2
1
5
5
5
2
-2
-1
2
4
9
11
10
7
4
1
-1
3
6
-1
-3
-1
3
3
3
8
12
4
-2
-5
-1
2
-2
-6
-9
-5
2
1
1
1
-1
-4
-6
1
3
4
0
1
0
0
0
-1
0
1
3
2
2
2
-3
-5
-5
-6
-2
5
9
8
3
0
-3
-2
1
1
1
2
-2
0
3
2
1
1
7
2
-11
-16
-11
-8
-4
-5
-2
0
0
3
1
5
6
-1
-1
-4
-2
-2
-2
-1
1
3
1
0
2
5
8
12
9
5
3
1
0
0
-1
-2
-3
-6
-5
4
9
7
2
3
0
-6
-8
-4
1
4
3
-2
-2
1
1
-1
-1
-1
-4
1
5
9
10
10
4
-6
-5
-5
-6
0
1
-1
-4
-7
-4
1
2
0
-1
3
8
5
1
-9
-14
-13
-4
8
10
10
5
-3
-2
4
8
4
-2
-7
-8
-4
3
3
3
-5
-10
0
9
10
1
-1
1
7
6
1
-2
-11
-7
8
13
-5
-16
-3
14
14
0
-7
-9
-6
5
7
0
-10
-7
-1
6
6
0
0
1
2
-3
-8
-4
3
8
6
-2
-5
0
3
3
3
0
-5
-6
2
9
9
-2
-9
-1
15
11
-2
-7
-5
0
-3
1
2
1
-2
-7
-4
-3
0
-2
0
-2
1
6
1
-5
-8
2
6
1
9
11
-2
-18
-15
9
26
16
-3
-22
-23
-13
27
52
3
-46
-49
4
42
21
3
-8
-23
-20
6
40
21
-20
-33
-15
8
7
2
1
-10
-20
-17
0
25
29
8
-21
-26
-5
9
10
5
-10
-23
-13
15
23
20
-4
-24
-8
12
11
-12
-6
2
-9
-16
-10
3
9
8
2
-14
-13
4
27
32
-3
-37
-28
6
17
14
11
0
-19
-22
-1
13
10
-4
-12
3
10
-7
-8
11
24
9
-17
-18
-8
31
38
-8
-27
-20
-2
0
2
14
15
-11
-30
-11
21
31
8
-11
-9
-14
-32
-20
34
45
2
-36
-32
-3
23
31
7
-14
-30
-33
-2
49
50
-3
-39
-38
-1
29
19
5
0
-11
-27
-16
28
41
4
-31
-23
3
10
15
20
15
-8
-34
-22
11
26
1
-16
-4
0
0
-1
11
25
6
-16
-20
-5
11
6
5
-2
-15
-24
-14
22
41
20
-22
-36
-6
16
13
7
3
-6
-14
-19
1
22
18
5
-11
-11
5
17
0
-12
5
7
-6
-8
0
12
12
2
-11
-10
-3
-8
0
10
9
0
-20
-17
-4
-1
3
5
7
-3
-6
-7
-12
3
19
15
2
-18
-19
4
-5
-8
2
16
16
-10
-9
1
6
18
11
4
-10
-24
-4
25
23
-2
-23
-14
-1
8
15
12
-1
-21
-16
9
25
14
-6
-19
-19
-3
14
25
7
-3
-10
-15
-3
15
27
10
-11
-15
-6
-3
2
7
6
-4
-14
-8
7
13
-3
-9
4
12
11
0
-6
-8
-8
-1
3
0
-4
-8
-10
5
13
7
-3
-5
-1
-5
-1
11
14
15
-8
-22
-5
15
16
-1
-4
-7
-15
-14
0
16
12
-5
-8
2
3
-5
-7
5
12
3
-5
-7
-9
-11
-8
13
25
8
-10
-18
-19
-3
11
18
6
-18
-25
-18
8
27
23
8
-13
-17
-7
1
6
9
-3
-13
0
8
11
6
-10
-16
-5
7
4
1
0
-3
3
8
8
7
-3
-5
2
8
7
-6
-8
-5
0
6
2
1
0
-5
-1
4
10
8
-6
-13
-11
2
5
3
-2
-5
-2
6
12
9
0
-14
-12
-1
2
0
-9
-5
1
8
14
4
-3
-11
-5
6
5
3
-1
-11
-11
-3
7
12
-1
-4
-4
-1
0
-6
-6
-5
0
-2
-3
4
9
8
2
3
3
-4
-5
1
2
3
2
-1
2
0
-2
-3
5
14
8
-3
-12
-9
0
6
4
3
1
-6
-5
-2
5
5
-1
-6
2
8
-1
-6
-6
-2
-3
-7
-3
9
16
4
-11
-21
-13
-1
12
13
7
4
-6
-9
-7
-1
0
4
6
1
-2
-3
2
4
1
-4
1
8
7
0
-9
-9
-5
-1
6
10
13
5
-7
-7
-3
2
8
8
6
-1
-5
-5
-2
2
3
2
-2
0
7
8
0
-6
-6
-10
-2
1
-2
-2
1
0
-1
2
5
-1
-3
-1
-5
-2
3
1
-5
-1
7
5
5
-1
-6
-4
2
-1
-1
4
0
1
-3
1
4
-1
-7
-10
2
8
5
6
1
-2
-5
-1
5
3
6
2
2
2
8
4
-6
-3
-1
-3
-1
2
6
8
5
-2
-11
-4
3
2
4
1
0
0
5
8
1
4
-2
-7
1
4
3
6
2
-7
-5
0
4
0
0
-4
-6
5
8
11
4
-3
-8
-6
1
-1
-3
-1
4
4
-1
-4
-4
-4
-2
1
2
0
-4
-4
-4
0
-1
3
-2
-4
1
2
0
-5
1
5
2
5
8
2
-5
-10
-8
1
7
7
-2
-7
-3
-2
3
7
9
1
-9
-6
-2
3
4
-2
-4
-6
-6
-3
1
2
4
2
0
-4
-5
-1
-4
-1
1
-1
3
2
-3
-10
-3
6
5
0
2
0
-1
-3
-7
-2
-1
-2
-6
-3
6
3
1
0
-1
-3
-6
-7
-4
5
8
5
0
-5
-9
-6
-3
3
8
9
0
-8
-4
0
1
3
3
-3
-6
-3
-3
3
7
6
4
-1
2
6
4
0
-3
-8
-4
2
4
3
2
-1
-3
0
1
6
3
0
-3
-3
-3
-5
-3
-1
0
2
3
0
0
-3
1
0
4
3
-5
-2
-1
5
2
-1
1
-1
-3
-5
3
4
2
-2
-7
0
3
-4
-6
4
9
3
-1
-5
0
-2
-5
1
6
4
0
-3
-3
-2
-1
-4
-6
1
4
3
0
-1
3
-1
-5
-5
-3
2
7
8
2
-6
-6
-2
3
6
1
-2
-1
0
2
6
4
0
-4
-5
2
8
5
1
1
-2
-3
-5
-3
0
-3
-1
0
2
5
7
5
0
1
2
1
-2
2
2
0
-4
-4
1
0
1
0
-1
-1
0
0
-1
2
0
-5
-5
-3
-3
4
5
-1
-7
-4
3
2
-3
-1
-5
-1
4
8
4
1
3
-6
-9
-3
2
-1
-1
-2
-1
5
4
0
-4
1
1
-4
-5
1
4
2
4
3
0
-5
-8
-4
4
9
4
-4
-4
-4
-1
0
-4
-10
-6
5
10
10
8
-1
-7
-5
-2
5
8
2
-3
-3
0
0
0
-2
-6
1
4
1
-1
0
1
1
3
3
6
5
-1
-5
-5
-7
-5
-2
1
5
4
-1
-3
2
3
0
-2
-4
-3
-7
-7
0
8
7
4
1
-2
3
2
0
-5
-6
-10
-6
3
6
4
-2
-1
1
-1
-2
2
2
-1
-2
-2
-2
2
3
-3
-2
2
2
4
3
1
-6
-6
-4
-1
1
-2
2
4
3
-1
-5
-3
-1
-2
-2
1
4
7
2
-3
0
-1
-1
-4
1
7
0
0
-3
0
-1
-3
0
0
2
1
-1
-2
1
0
0
3
5
5
-3
0
2
2
-3
-4
1
6
6
2
2
2
4
3
1
2
-1
-2
-6
-4
-1
3
6
7
5
-2
-3
-3
1
-4
-8
-4
0
4
3
0
-1
-5
-5
-2
4
5
3
1
1
3
2
-1
1
-1
-2
-1
3
1
-2
-2
-4
-3
0
0
0
-2
-5
-1
3
6
3
-2
-2
-2
2
3
3
4
2
-3
-4
0
3
3
2
1
3
1
4
-3
-5
-5
-2
2
0
2
0
-1
3
2
0
3
1
-2
0
-1
-2
-1
6
3
0
-2
-3
-1
-2
0
1
0
-2
-3
-4
0
0
0
3
3
3
0
0
2
4
4
2
-1
-4
-3
-4
-3
-4
-2
2
4
1
-4
-5
0
5
2
-3
-5
-1
4
4
1
1
1
-1
0
3
2
0
-1
-3
-2
1
1
-2
-3
-1
0
3
5
3
1
1
-1
-1
-1
-1
-4
1
4
5
3
-2
-3
-3
0
2
3
3
0
-3
0
2
2
0
-1
1
3
2
-1
0
0
-5
-8
-5
0
3
-1
-3
-5
-1
-1
-1
1
-1
1
2
0
-2
-3
-3
-3
-2
-2
0
1
3
3
1
-1
-2
-2
-5
-5
-1
5
5
3
1
1
-1
1
1
-1
2
3
3
3
1
3
2
2
0
0
3
5
2
-2
-4
-3
2
3
2
3
3
-3
-2
-2
-3
-4
-2
-2
-2
-2
-4
0
0
2
5
4
0
0
-1
-2
-1
-1
-2
1
-1
-3
0
0
-1
0
0
0
-1
1
0
0
0
2
4
3
1
0
0
4
0
-3
-4
-4
-5
-2
0
2
2
0
-3
-6
-6
-3
0
3
2
-2
-1
-4
-3
0
0
-2
-1
1
-1
3
2
-2
-3
0
0
1
0
-2
-1
5
5
2
5
2
-1
-4
-4
-4
-3
0
2
6
8
7
5
0
3
4
-3
3
2
-6
0
3
7
1
3
6
1
-1
-5
-3
8
9
-2
-7
-2
6
7
6
-5
-7
-2
0
1
-2
-2
-1
2
6
-4
-8
-3
2
3
-1
-4
-8
0
8
6
-1
-5
-4
-4
1
10
5
0
-4
2
6
1
-7
-7
-2
2
1
-2
1
6
4
-2
-7
-4
-1
-2
-1
-1
-4
1
3
4
4
1
-6
-5
0
-3
0
1
-4
-1
0
-4
-3
2
1
-1
3
3
0
-3
-6
-6
-2
-3
-5
3
5
6
5
-5
-6
2
1
-2
-1
1
0
1
2
-3
1
2
-3
-7
-9
-4
3
8
8
4
4
-2
0
2
-4
-2
-4
-3
2
-1
-4
-2
1
5
5
5
2
-1
0
-3
-2
0
-2
-2
-1
2
2
3
0
-4
0
2
0
2
6
4
2
-1
-9
-6
-1
-4
0
1
1
4
0
-3
-3
-6
-1
3
1
2
0
0
-3
-3
2
-2
1
5
3
4
4
3
3
-1
-4
-5
1
3
0
6
4
-3
-4
-5
0
1
1
3
6
4
1
2
2
-2
-2
-1
-1
2
-3
1
7
12
5
4
0
-3
1
-4
-8
-7
-3
4
0
-3
-5
-1
3
3
1
-3
1
-1
-5
2
6
3
2
2
-4
-8
-1
-4
-2
5
3
3
6
4
-1
0
0
-5
-8
-4
1
1
-2
-3
0
-1
-2
-1
-4
0
3
3
2
-1
2
-3
-4
-1
-5
-2
3
1
5
2
-5
-5
-5
-5
-5
1
4
1
2
2
-4
-3
-4
-5
1
4
1
-1
4
7
3
-2
-6
-4
1
0
2
2
-1
1
0
-4
-3
0
0
1
4
7
2
-3
-5
-6
0
0
-1
-2
0
4
4
3
5
0
-6
-5
3
7
2
-1
-3
-2
-4
-1
1
1
6
6
2
1
1
1
-4
-1
-1
-5
-5
-4
-1
2
6
8
1
0
0
-2
2
4
4
-3
-2
-3
-5
1
1
-4
-3
-3
2
6
-1
-4
-2
1
-2
-5
-1
2
6
5
-1
-2
1
1
-5
-7
2
2
-2
-1
-2
-2
-2
-3
-1
2
6
2
-1
3
-6
-8
-4
-2
1
-1
-1
6
8
8
3
4
5
3
2
0
-1
0
2
2
-1
-2
-4
-6
1
5
0
-3
-1
2
3
1
5
2
1
-1
-1
1
1
0
4
5
3
-2
-3
1
1
1
0
-3
1
-1
-2
2
6
7
1
1
-3
-7
-6
-5
-1
2
3
-2
-5
1
2
-2
-2
-2
-2
2
6
8
6
4
-2
-6
-4
-2
-2
3
3
4
3
-4
-4
-3
5
7
6
5
0
1
0
-2
-2
-2
1
7
4
-3
-5
-7
-2
1
3
4
3
7
1
-4
-1
2
0
-4
0
1
1
4
2
3
7
5
-1
-7
-6
-3
0
6
6
3
-3
-5
-1
1
1
-1
-6
-4
-3
-6
-2
5
4
1
2
3
1
5
5
-4
-2
4
4
-1
-2
-4
-9
-6
-2
6
5
-9
-9
-11
-5
5
4
1
-2
1
-2
-7
-3
-2
1
-1
-2
4
4
9
5
-2
-3
0
4
3
-2
-5
-4
0
1
1
2
-1
0
1
1
4
0
-2
1
4
5
3
5
4
-8
-8
-9
-4
6
6
2
1
3
3
-1
-4
-7
-2
4
3
6
4
-6
-6
-7
-3
0
0
-6
-5
4
4
4
4
3
1
-2
-2
0
-3
-7
-7
-6
-3
3
5
2
3
3
-3
-3
2
4
4
6
-1
-5
1
-3
-8
-3
2
6
8
10
5
0
1
-1
-1
-4
0
-1
-2
-1
-4
-2
3
5
2
2
4
-1
-7
-2
0
-1
4
5
1
1
4
2
-1
3
3
3
-2
-4
-4
2
4
-3
-4
-9
-10
-1
3
1
-2
0
4
-2
-3
0
0
0
-2
-2
2
0
-7
-10
-7
2
3
1
-5
-3
4
4
6
7
2
1
2
-4
-4
0
5
4
-1
-2
-7
1
6
5
5
3
0
-1
0
-5
-4
2
-1
0
3
3
2
1
-2
-3
-3
2
3
-2
-1
-3
1
0
-4
-7
-5
-3
5
9
6
4
4
-1
-5
-2
-1
-1
1
-1
-3
0
1
0
5
8
2
-2
-3
-2
3
6
3
2
4
5
-4
-14
-7
-2
5
6
3
1
-1
2
-2
-10
-10
-6
2
2
3
4
-2
-3
-5
-10
-7
-2
-1
-2
3
14
12
4
-3
-3
2
2
1
-5
-6
-3
-1
-3
0
5
9
10
7
6
-1
-6
-7
-7
-5
2
5
-1
0
2
1
-1
-7
-7
4
7
3
4
1
2
-5
-7
-8
-3
3
1
4
5
1
-3
-9
-3
3
4
5
-3
-5
-8
-6
3
2
4
4
1
0
-3
-4
-2
-1
2
3
3
5
2
2
1
1
-1
-2
4
5
3
-6
-9
-3
3
2
-1
-1
2
3
3
0
-2
-1
-1
-3
2
0
-3
0
3
5
2
-1
-1
1
6
1
-3
-3
-2
4
1
-4
-3
3
9
0
-6
-4
0
2
1
-2
-4
-3
3
5
3
8
5
4
-1
1
2
-3
0
-3
-4
1
3
2
2
4
6
-1
-5
-1
-6
-1
6
5
-2
-5
1
3
-2
-1
-1
-3
2
5
4
-1
-1
-2
-1
2
2
-1
-2
-1
7
2
-3
-2
-5
-3
2
5
0
-2
-1
-5
-5
-6
-6
-1
-1
-1
2
1
-1
1
4
0
0
10
8
2
-1
-3
-2
-2
-3
-3
-3
-2
3
3
2
-4
-2
0
-1
2
0
1
0
-1
-3
-5
0
-2
-1
2
5
3
0
-4
-4
-5
-5
2
3
2
1
4
2
-2
1
1
-2
0
0
-1
-2
-3
-5
-8
-3
0
1
-2
-1
2
1
0
-2
-1
1
3
3
1
2
2
0
-5
-5
3
7
1
0
-1
-7
-7
-2
-1
2
5
2
-1
-2
-1
1
-3
-4
-1
1
4
3
3
1
0
-2
-2
-2
1
-1
-2
0
1
-2
0
2
2
1
0
0
0
2
4
7
0
1
-2
3
4
0
-4
-3
-1
0
1
-1
0
1
1
2
2
4
2
-1
-2
-3
-3
-3
0
2
7
5
-1
-1
-1
-1
-3
-1
-1
0
2
2
4
4
0
-4
-2
0
4
4
2
1
1
2
-1
-5
-5
-2
0
3
2
4
1
-2
-1
1
2
2
3
3
0
-3
-4
-3
-1
-1
-1
1
-2
1
2
0
1
-1
1
1
-1
-1
-3
0
0
-2
-3
1
2
5
7
3
-3
-4
-5
-3
-2
-1
-2
-1
2
0
1
4
2
0
-1
1
1
1
-2
-5
-2
-2
1
1
-3
-2
-2
-5
-2
1
2
1
2
1
0
4
-2
-7
-4
-2
-1
0
2
4
5
3
-2
-4
1
0
-3
0
1
3
1
-6
-8
-5
0
0
3
5
5
-1
-4
-3
-2
1
2
0
0
1
2
-1
1
3
0
-1
1
2
3
1
0
-3
-1
3
1
-2
-2
-1
2
0
1
2
-2
-2
1
2
3
1
-2
-4
-5
1
4
1
-2
1
3
0
-1
-2
-1
3
0
-7
-5
-1
1
1
-2
-5
-1
0
-2
-4
-2
-2
-4
-1
1
4
3
-2
-5
-3
-1
-3
-1
3
4
0
-4
-3
1
9
5
-2
-3
1
9
6
-2
-4
-1
5
4
1
-2
0
2
2
-2
-2
3
9
3
-2
-2
-1
-1
1
6
5
1
-3
-4
-3
1
2
0
0
0
-2
-3
3
4
1
-4
-4
-2
4
3
-2
-2
-2
-4
-3
2
5
6
1
-4
-3
1
2
-2
-3
0
2
2
5
4
3
-2
-7
-4
0
3
2
0
1
0
2
0
-2
2
4
3
-1
-2
-1
-3
-3
-5
-1
2
3
3
4
2
0
1
-4
-3
0
5
6
2
1
0
1
0
-2
-2
-1
3
-1
0
4
1
1
2
5
6
2
0
0
0
0
0
2
2
-2
0
-3
-5
-6
-5
2
3
0
0
-1
3
7
-1
-6
-5
-3
-2
0
-1
0
3
-2
-6
-3
4
9
7
-1
-5
-3
-2
-4
0
3
2
-3
-2
2
3
2
0
-3
-6
-4
0
0
0
1
0
-6
-5
1
4
4
2
-1
-1
-1
0
1
2
1
-3
-7
-6
0
5
9
7
1
-2
-1
0
-1
-1
-1
0
-1
-1
1
0
1
3
3
3
2
-1
-2
-3
-5
-1
0
-3
0
0
-4
-5
0
0
4
5
6
2
-1
-1
-5
-7
-4
2
-2
-4
-4
1
4
4
5
1
0
2
1
2
-2
-9
-6
-3
0
4
5
2
1
2
1
0
-2
-7
-6
0
0
0
1
0
1
7
9
-2
-18
-7
17
15
0
-4
-2
5
6
-5
-6
0
8
15
10
0
-5
-2
-7
-11
-4
2
10
16
7
-6
-14
-15
-4
5
9
8
4
4
3
0
-5
-4
-6
-6
1
15
15
7
-2
-8
-10
-7
0
5
6
7
3
-5
-6
-5
-1
3
1
0
4
6
2
-1
0
1
-2
0
-2
1
4
2
-1
1
3
-2
-9
-9
0
8
4
-1
-7
-8
-3
-3
-3
2
11
6
-3
-4
-6
-5
-1
0
7
5
2
0
-4
-4
-6
-4
-1
2
2
-2
-3
1
4
0
-4
-3
1
1
2
4
1
-4
-8
-4
1
6
7
4
-2
-7
-7
-4
1
1
-2
-3
-4
0
4
5
3
1
-2
-3
0
2
4
5
1
-1
1
3
-1
-3
-2
2
5
1
1
1
0
-1
-5
-6
-1
1
1
-1
-3
1
0
-3
-2
1
4
3
-2
-1
1
5
1
-5
0
4
5
4
1
-1
-3
-5
-7
-5
2
5
5
6
2
-1
-4
-3
1
0
1
8
11
2
-4
-5
-2
1
4
1
-1
-1
0
-3
-2
4
-2
-5
-6
-2
0
-3
-3
0
5
1
-8
-6
3
8
8
5
-4
-6
-7
-4
4
10
10
4
-2
-4
-6
-2
-3
-3
2
3
-1
-6
-6
0
5
2
-2
1
8
2
2
2
-5
-7
-7
-4
-2
-1
3
2
-1
-4
-3
-2
-4
-1
3
0
-3
-1
0
0
-1
-2
-3
3
4
1
0
-1
-1
-6
-1
4
4
1
1
0
1
1
-3
-6
-3
2
5
5
1
1
6
2
-7
-6
2
4
3
4
3
-2
-3
-6
-13
-9
1
9
12
9
0
-7
-6
-4
-3
-2
-1
-2
0
3
3
4
8
4
2
4
5
4
2
-1
-7
-8
-7
-6
3
9
2
-2
0
0
2
4
1
-5
-8
-3
0
1
2
3
1
-3
-2
-1
0
3
-2
-4
-3
-1
2
0
-6
-10
-6
1
5
5
3
2
0
-4
-7
-3
2
4
4
5
4
3
-5
-9
-5
3
6
4
1
-1
1
2
-2
-2
4
4
4
5
2
0
1
-2
-2
2
6
3
2
-5
-7
-2
-1
3
4
-1
-2
1
2
0
0
2
3
3
1
2
3
-1
-4
-6
-2
-2
-1
-4
0
1
-1
0
1
2
0
0
-1
2
3
-2
-4
-4
0
3
5
0
-4
-2
-5
-7
-5
-2
3
2
6
4
-5
-6
-1
-1
-2
-2
2
3
2
4
0
-2
-3
-1
-2
-2
4
2
0
4
0
-2
-2
0
-1
-4
-4
-2
-1
1
3
4
6
5
-3
-6
-1
3
6
2
-4
-4
-1
0
2
6
1
-2
2
4
4
4
-4
-9
-3
5
9
9
3
-2
-2
-1
-1
3
3
3
1
-4
-5
1
2
-3
-3
-3
-3
-3
-2
-7
-4
-4
2
8
6
4
1
-1
-6
-2
2
-1
1
1
-1
-3
-3
2
3
3
7
3
2
2
-1
-1
-4
4
6
5
5
0
4
2
0
-3
-2
-3
-1
7
6
2
1
-2
-1
2
3
-2
-5
-3
0
6
7
7
8
4
-1
-2
-2
-2
-7
-3
2
5
6
0
-2
-5
-3
-3
-3
2
4
5
0
0
1
-2
0
-3
1
6
5
4
-1
0
0
-1
3
5
1
-3
-8
-11
-7
-1
1
2
5
8
7
3
4
-1
-7
-11
2
14
0
-12
-5
5
6
1
-2
-2
0
2
0
4
-2
-8
-9
-1
2
-1
4
6
-1
-8
-8
3
10
9
6
-9
-8
-1
-2
2
2
2
-10
-8
2
0
5
-6
-8
-1
7
4
-8
-4
-2
-5
-1
-1
-2
-4
-5
-4
5
6
1
-2
-8
-11
-3
13
9
-8
-12
-9
-4
3
13
8
-2
-8
-13
-5
10
12
-2
-6
-6
-5
-2
0
4
-1
-12
-9
2
14
15
1
-9
-11
-3
1
-1
4
0
1
-3
-1
3
0
-1
-8
0
11
13
10
-5
-11
-11
-5
3
6
5
-5
-8
1
12
12
4
-9
-9
-5
-2
7
13
6
-11
-14
4
12
6
-5
-4
3
-3
1
9
8
6
-9
-8
4
11
9
-4
-13
-16
-14
1
12
13
5
-8
-4
5
12
4
-7
-11
-11
-8
3
13
11
1
-11
-8
2
8
6
-4
-3
-1
3
6
7
0
-12
-14
-6
3
9
10
2
-11
-8
1
4
5
0
-11
-16
-9
5
12
12
2
-16
-6
7
13
16
-2
-10
-9
0
8
15
18
-7
-18
-11
-3
11
16
0
-10
-9
2
14
13
6
-9
-6
-4
4
18
13
1
-7
-7
1
13
12
6
1
-7
-11
-1
14
6
-2
-9
-4
10
4
-5
-8
-10
-5
7
18
15
3
-10
-18
-7
2
2
6
-3
-6
-6
-6
3
10
14
-3
-11
2
14
12
-1
-11
-12
-8
-3
-2
4
11
-1
-8
-4
2
8
7
-1
-5
-1
1
2
7
8
-5
-17
-11
0
9
10
0
-1
-2
-12
-9
-3
7
4
-4
-8
-9
0
2
7
8
-3
-6
-2
3
7
-2
-6
0
-4
-2
1
6
9
-3
-4
5
11
1
-13
-14
-7
5
8
5
3
-10
-19
-12
1
13
16
4
-11
-11
-2
3
7
5
-1
-4
-3
4
8
7
-6
-17
-16
-6
13
22
8
-8
-9
-9
-4
4
0
-4
-5
-8
-4
9
9
-2
-8
-7
0
11
10
3
-4
-9
-12
-6
1
2
6
3
-5
-6
-3
5
8
1
-4
-4
5
3
4
2
-7
-4
-1
-3
0
11
8
-5
-4
-1
7
10
2
-7
-3
-1
-2
3
4
9
6
2
1
4
-2
-7
0
3
4
3
-4
-8
-1
-2
-1
2
5
4
4
7
-2
-7
-3
1
-1
-4
-2
4
12
5
-7
-5
3
5
1
-2
-2
-1
1
1
-3
3
5
0
0
6
5
0
-5
-3
-4
3
6
2
-2
-3
-4
-8
1
9
12
11
2
-5
-6
1
-1
-2
-3
-7
-7
-5
1
4
3
-7
-8
-8
0
3
-1
-4
-6
-4
-4
3
5
1
5
4
-1
3
7
0
-5
-10
-4
5
7
-1
-3
0
-4
2
9
8
2
-3
-5
-4
0
-2
-8
-5
-1
-8
-8
-2
5
8
2
-1
-4
-2
3
3
3
0
-1
-3
-5
2
7
2
-1
-3
0
2
2
-2
1
3
-5
-10
-7
1
1
-3
-8
-2
6
9
10
6
2
-4
-11
-8
-2
2
5
0
-6
-6
9
14
2
0
-3
-8
-1
5
6
7
-2
-20
-20
0
11
10
5
-1
3
4
2
1
8
4
-12
-16
-1
9
12
6
-5
-6
1
7
5
-3
-3
-4
-1
2
4
3
-6
-5
-7
-9
0
7
12
12
4
3
5
4
0
-4
-4
1
6
2
3
2
-5
-10
-1
10
6
1
2
4
-2
-2
-5
-4
0
2
-1
0
2
-2
-2
-3
-2
-3
-1
7
2
-8
-10
-5
1
6
2
-1
-6
-4
3
2
9
10
3
-2
-2
0
-4
-4
-2
-3
6
9
8
7
2
-2
-3
-4
-1
6
10
2
-4
-3
0
3
1
-1
1
2
5
4
3
4
-1
-6
-4
2
6
8
3
-1
-6
-5
1
7
5
-1
-5
-6
-6
-1
3
-1
-3
-6
-2
7
6
4
4
1
1
-3
-6
-4
2
2
-4
-7
0
7
11
4
-3
-3
3
7
0
-5
-6
-4
2
5
4
-1
-3
-2
-3
-2
-2
-3
-4
-4
-3
-1
3
1
2
4
0
-3
-3
-2
4
-1
-10
-11
-5
1
0
0
-1
3
7
2
-3
-5
-6
-2
-3
-4
0
6
4
-1
-6
-1
-1
-4
-4
-1
4
3
-1
-3
-3
-1
-1
0
2
2
4
0
-2
0
-4
-7
-10
-3
5
3
8
7
-1
-7
-8
0
2
3
0
-2
2
7
7
0
-6
-7
-9
-4
3
4
5
4
1
-2
-3
1
5
6
0
0
1
2
2
5
1
-1
-1
-3
1
6
8
4
0
1
3
1
0
1
0
0
-1
-4
-1
6
9
4
-1
-4
-1
-1
1
7
4
-1
-5
0
0
-3
-2
3
12
11
4
-1
-6
1
-1
0
2
3
2
0
-3
-6
-5
0
2
1
5
7
3
-6
-4
2
2
2
2
-2
-6
-4
-2
-2
-3
-5
-4
1
5
1
-3
-4
-3
-2
2
5
7
4
-1
-8
-11
-5
-1
-1
0
2
4
3
0
-2
-4
-6
-3
1
0
1
3
0
0
-2
-6
-3
1
0
1
-3
-6
-7
-2
-1
-2
-1
-3
-3
-2
6
8
3
-2
-3
-2
1
0
-2
0
-3
-4
0
3
5
-2
-6
-4
1
6
9
6
2
-1
-6
-7
-6
-3
-1
1
7
10
8
0
-4
-9
-10
-7
1
10
9
4
-1
-3
-7
-9
-4
0
6
8
3
1
-2
-2
-2
-4
-3
-2
1
3
5
4
-1
-1
-2
0
1
0
-2
0
3
4
3
0
-2
0
-3
-4
-2
4
8
2
-1
0
1
0
-1
-3
-3
3
4
5
2
3
3
0
0
3
7
3
-4
-4
-3
-4
-7
-5
0
4
0
1
5
1
-5
-9
-3
3
4
0
-4
-2
1
3
4
1
-6
-6
-4
-3
1
2
-1
-2
0
3
5
3
-1
-1
1
5
7
2
-2
-2
-1
-2
0
3
10
7
-2
-8
-5
-3
-5
-3
1
0
2
0
3
3
0
-1
0
2
1
-1
1
2
2
4
1
0
5
6
1
-1
0
0
0
0
0
-1
0
3
1
-2
-3
-1
-1
-2
2
2
-1
-4
-2
-3
-3
-4
-2
0
4
3
1
1
1
1
-1
0
2
1
-2
-5
-6
-2
1
6
2
-3
-4
-4
0
1
3
-1
-3
-1
2
1
-1
-3
-4
-1
2
1
2
-2
-4
-1
2
0
-2
1
1
1
2
3
4
3
-1
-4
-4
1
4
1
3
1
2
4
5
5
0
-1
-1
4
5
3
3
-3
-5
-2
0
1
3
3
0
-4
-10
-10
-4
4
7
6
5
3
-1
-3
-6
-6
0
1
1
4
0
-4
-2
1
3
4
4
5
3
-1
-5
-6
-5
-3
-2
-1
5
7
4
2
0
-4
-4
-2
-1
0
-2
-2
-4
-5
-3
-1
-2
1
3
1
-3
-4
1
2
3
3
3
-1
-4
-2
1
0
-1
0
-1
1
2
1
1
1
0
-3
-3
-2
-1
0
2
2
0
-2
0
3
3
0
-6
-4
1
3
5
4
2
1
-2
-4
-1
2
1
-1
0
0
3
5
1
-5
-7
-6
-3
2
1
1
2
3
2
-2
-6
-6
-8
-6
-5
-4
-3
0
1
0
2
4
0
-2
-1
2
2
-1
-4
-6
-1
4
3
2
2
2
-4
-5
-7
-1
3
0
-4
-3
1
3
0
1
-1
-5
-6
-5
2
3
3
2
-2
-2
-1
-3
-4
-6
-3
0
1
1
0
-2
-4
-5
0
2
6
3
0
0
-1
0
-2
-2
-1
-1
2
4
5
8
7
5
-2
-4
-1
5
8
5
0
-1
-2
1
0
2
1
-2
0
1
2
2
2
-1
-1
0
-2
-3
1
0
1
1
-2
-2
1
-1
-1
-1
1
2
-1
-3
0
1
3
0
0
-1
-3
-1
-3
0
2
4
3
-1
-1
-2
0
1
-1
-1
1
4
4
-1
-6
-3
1
5
7
4
2
1
-2
-2
-3
-1
2
2
1
3
6
5
4
2
0
-4
-5
-7
-4
1
2
3
0
-1
0
1
3
4
-2
-5
-4
-4
-2
2
7
5
5
3
-1
-5
-4
-1
0
0
2
3
5
2
1
-2
0
2
0
3
2
0
-2
-4
-2
2
5
5
3
3
6
4
2
-7
-6
1
1
-2
-3
1
3
-2
-4
-4
0
4
6
5
1
-5
-7
-2
4
6
2
0
-1
1
2
0
1
4
3
3
3
0
-2
-2
-5
-4
-3
-4
-5
-3
5
6
1
-1
-4
-2
-1
0
1
2
3
2
1
-6
-5
-1
0
1
0
-2
1
0
-1
-2
-3
-1
-2
-4
2
5
4
0
-3
-3
-6
0
0
1
1
1
0
-2
-3
-3
-1
0
0
0
1
1
0
0
1
5
1
-3
-3
-4
-3
3
8
7
4
1
-3
-4
-3
-1
1
5
5
1
-2
-5
-5
-3
-2
0
1
3
1
-2
-3
-3
-2
-2
0
5
3
3
-2
-4
-2
-2
-2
0
0
1
1
-1
-5
-9
-8
-5
-2
2
8
7
6
-2
-5
-7
-11
-7
3
14
4
-9
-3
3
5
5
-1
-1
-3
-4
2
5
8
6
0
-6
-9
-4
-1
5
9
8
-3
-6
-1
6
7
0
-8
-6
-1
3
1
-1
2
5
0
-5
-3
-4
-9
-3
7
4
4
7
7
-2
-5
-3
0
8
7
-3
-5
-4
2
5
6
0
-3
2
-1
-2
2
3
0
-2
-2
-5
-3
5
2
-1
3
1
-1
0
0
5
13
8
-4
-6
-2
0
0
-2
2
4
1
-1
-1
2
5
4
0
-3
-2
-1
1
2
1
1
0
-1
1
1
-3
-6
6
14
6
-5
-6
-6
-4
3
0
0
6
4
2
4
1
-2
-3
-1
0
3
0
-1
1
-1
-1
-2
-1
2
1
0
-5
-9
-3
1
4
-2
-6
0
3
0
-4
-9
-9
-5
0
0
4
10
8
3
2
-6
-8
3
10
7
-1
-4
-6
-3
1
-2
2
6
2
-4
-10
-6
4
6
4
2
-1
0
2
-3
-2
4
7
3
1
-1
-4
-2
-6
-10
-8
-3
-1
3
6
1
-2
-2
-3
-2
6
6
1
1
0
-3
-7
-2
2
4
4
-5
-9
-9
-3
-2
-3
-1
-2
0
3
-1
-1
-4
-6
-3
0
2
3
3
-1
-1
0
-4
-2
2
2
2
2
0
1
-1
-5
-2
3
2
1
1
-2
2
5
1
2
3
-1
-6
-7
-4
-1
3
3
1
3
3
1
4
1
0
1
-1
3
4
0
-4
-7
-1
1
-1
0
2
4
2
-4
-5
-2
1
0
0
0
-1
2
3
-1
3
1
-4
-2
-3
-5
-2
1
3
1
-2
-6
-3
5
5
4
4
2
0
-3
-4
-3
-2
3
3
-2
-1
3
6
2
-1
-5
-8
-3
-2
-1
2
0
2
2
-2
-3
0
3
2
-1
2
2
0
0
1
2
1
1
0
-2
-2
1
2
2
-4
-4
-1
3
7
4
4
2
-3
-5
-5
-2
-1
3
-2
-2
-3
-5
0
-1
1
2
4
0
1
4
2
-3
-7
-5
-4
0
2
6
5
-4
-7
-2
1
3
3
3
1
0
-2
-4
5
6
2
2
1
1
1
0
-1
-2
1
3
1
-1
-3
-1
-1
-1
5
6
2
0
-2
-5
-3
3
5
4
1
-4
-6
-2
0
1
4
3
1
-3
-3
-3
-1
-4
-3
2
8
7
-1
-4
-4
-5
-1
4
9
8
3
-4
-7
-5
-1
-2
0
4
8
4
-1
-5
-4
-3
3
5
8
9
5
3
-3
-7
-3
-1
4
2
-2
0
2
1
4
6
1
-2
-1
0
1
5
-2
-5
-6
-5
-3
-1
3
2
1
-2
-4
-4
-3
5
8
2
-2
-4
-3
-7
-2
2
2
4
1
-3
-2
-1
-4
-5
-2
0
3
3
0
-2
2
-1
-4
-2
0
0
0
4
6
2
-2
-4
-2
-1
2
1
-1
0
4
0
-3
-1
-2
-2
-3
0
1
3
3
-1
1
1
3
4
2
-1
-1
-1
0
-2
-1
0
2
3
3
-1
-6
-5
-1
4
3
4
6
1
-2
-1
-2
-4
-3
1
3
3
4
1
0
-1
-6
-3
0
4
7
2
-1
0
1
0
-2
-2
0
3
4
5
2
1
-2
-4
-3
-4
1
0
-1
-2
-3
-1
0
0
-1
2
6
5
-1
-2
-3
-3
-4
0
4
4
6
3
-3
-5
-3
-1
1
2
-1
-4
-3
-2
1
6
5
7
5
1
-1
-1
-4
-4
1
0
-2
-1
-3
-2
-1
-2
2
8
7
4
-1
0
-3
-1
-1
-3
-1
-2
-1
0
-3
0
2
0
-2
-3
-2
-2
-1
0
3
7
1
0
-1
0
3
2
-1
-4
-4
-3
-1
0
-1
-1
-1
0
4
-2
-5
-4
-3
2
3
1
4
4
4
2
1
-2
-4
-2
0
6
6
0
-3
-3
-3
3
2
1
5
9
4
-6
-7
-6
-5
-3
-2
0
4
6
-2
0
4
5
1
-2
-2
-2
0
1
1
0
-1
-2
2
6
8
4
2
-2
-5
-6
-8
-5
1
1
2
2
4
3
2
1
-2
-2
-3
-4
-1
-1
-2
1
5
-1
-1
0
-3
-2
-3
-3
-5
-2
-4
1
4
1
-2
-1
2
3
3
-1
-3
-5
-4
-1
0
1
1
1
1
1
3
3
0
-1
-2
-3
-2
0
1
5
2
0
1
2
0
-2
-1
-1
0
1
-1
0
-1
-4
-5
-3
-1
2
3
0
1
0
-2
-4
-3
1
1
1
-2
-2
2
3
-1
-4
0
5
1
0
3
4
0
-9
-6
1
2
2
-1
2
2
1
0
1
4
5
4
4
3
0
-4
-5
1
2
1
3
4
1
-4
-3
1
-1
-3
-3
-2
-2
2
2
-1
0
1
-2
-2
2
2
2
0
-1
-1
-2
0
-1
-1
0
2
4
4
0
-1
0
3
2
-4
-2
-1
2
5
3
4
-1
-3
-3
1
2
1
0
0
3
5
5
2
-2
-3
-3
-3
-2
-1
2
0
-2
-1
-1
3
2
0
0
0
2
4
3
3
1
-2
-5
-3
-2
0
-1
0
0
1
2
-2
-2
-2
-2
-2
-3
-2
3
3
0
-1
-1
-2
0
2
2
2
5
3
-2
-4
-3
-1
1
2
1
-2
-1
-2
0
3
3
1
1
2
2
4
1
6
3
-1
-6
-5
-4
-8
-7
-1
5
3
-3
-2
2
-1
-3
-2
-1
4
2
0
-2
-5
-5
-4
-2
3
5
2
-1
0
-1
-5
-6
-6
-4
2
3
2
0
-2
1
3
2
5
7
5
1
0
-5
-7
-3
-3
-2
-1
0
2
2
1
-5
-5
-5
-3
1
3
1
-2
-3
0
1
-2
-1
2
4
3
3
2
1
1
-2
-3
-4
-3
-2
-1
-2
-1
1
2
4
4
2
3
2
0
-2
-3
-3
-2
1
6
4
0
0
2
4
3
1
-2
-4
-3
1
3
2
-1
-2
4
8
3
0
0
0
0
-2
-2
2
0
-2
-1
0
-1
0
0
3
3
2
0
0
2
0
-1
-1
0
-4
-4
-2
3
4
1
-1
5
4
0
-2
-1
1
-1
-4
-2
2
2
-2
-3
-1
-1
1
-1
-2
-3
-3
4
3
5
3
0
-2
0
0
-1
0
-3
-4
0
-1
-2
0
2
3
2
1
-3
-5
-4
-1
1
0
0
4
1
2
2
2
2
0
-1
0
0
-2
-1
0
1
0
1
3
5
5
0
-2
-1
-3
-1
-2
-3
-3
-1
0
-2
0
2
-1
1
0
-1
-1
1
1
0
-1
-1
-3
-3
1
1
3
2
1
1
-6
-5
0
2
3
3
1
1
2
3
4
2
3
0
-3
-1
1
3
4
5
4
2
2
-1
-2
-1
-2
-4
-2
2
3
3
-2
-2
0
0
-1
-4
0
2
5
4
-1
-1
-3
-3
0
1
0
0
0
-4
-4
-1
3
4
7
2
-4
-4
-1
1
-2
-4
-5
-2
2
2
2
5
7
5
2
1
0
-3
-8
-7
-1
1
-1
-3
-3
-1
1
0
1
2
0
0
-2
-4
-3
-2
1
3
0
-4
-5
-1
3
3
2
-1
-2
0
2
3
3
2
0
-3
-2
-2
-1
-1
-1
0
3
3
4
0
-3
-3
-3
-3
-4
2
6
4
0
-3
0
3
-1
-1
-2
1
0
-2
-2
-2
-1
-1
3
5
2
1
1
3
4
1
-1
1
1
4
2
0
-1
-1
2
3
1
1
-1
1
0
0
1
2
2
2
-1
-6
-6
-3
-2
-2
-6
-4
-1
0
-1
-1
-1
0
2
1
-4
-3
-4
-3
-1
1
-1
-1
2
2
3
1
3
5
5
3
0
-3
-5
-2
0
2
3
1
0
2
-1
-2
0
-1
0
2
-1
-1
1
2
0
1
3
3
2
1
2
3
1
0
0
-2
-3
-4
0
5
3
-3
-4
1
2
-6
-4
6
7
-1
-5
1
7
7
3
2
2
1
0
3
5
4
0
-4
-4
-2
0
0
4
7
5
-1
-9
-9
-3
0
2
0
3
3
1
-3
-5
-4
-5
2
5
4
-2
-7
-4
-1
0
-1
2
7
10
5
-4
-4
-4
-1
0
-2
-2
-3
-3
2
4
4
6
4
0
-2
-3
-6
-5
-2
-4
-4
-1
0
-1
0
1
0
1
1
1
1
-1
-2
0
2
-3
-6
-6
-3
0
3
2
2
2
0
3
2
1
-2
-4
-2
-1
1
3
3
4
0
-5
-5
-2
1
0
0
0
0
0
-2
0
1
-2
-3
-3
0
-1
1
2
0
2
3
1
2
3
-1
-2
-1
-1
0
0
3
2
2
-2
-3
-4
-1
3
3
5
2
0
3
2
0
-5
-3
-2
-4
-3
-1
1
3
-2
-4
-4
1
4
1
0
-3
-2
-2
-1
0
2
5
2
1
1
0
0
-6
-7
-1
4
3
1
-4
-4
-3
-1
3
3
1
-2
-1
-2
-1
0
-1
-1
-1
-2
2
4
2
-3
-7
0
6
6
3
0
-1
-4
-7
-5
1
12
10
2
-1
0
-1
-5
-6
-1
3
4
4
4
1
-3
-2
-4
-4
1
3
3
-1
2
1
-3
-4
-2
0
3
6
4
-4
-1
4
2
-1
2
2
-2
-5
-3
1
5
10
7
5
-1
-5
-9
-9
0
5
3
-2
-3
-2
-2
2
3
5
3
-1
-3
0
-5
-5
1
5
6
2
2
-2
1
1
-3
-1
1
4
1
0
3
-1
-4
-5
-7
-2
6
5
5
6
0
-7
-13
-10
-5
-1
1
8
5
1
0
-4
-3
3
2
2
4
2
-4
-8
-5
-3
3
5
0
-4
-6
-6
-2
2
-1
-3
2
0
-1
2
0
-2
-1
-1
0
2
2
-2
-2
2
2
1
-1
1
3
-1
-4
-3
2
4
-1
0
6
7
5
2
-1
1
1
2
-2
-4
2
1
1
-1
0
3
4
0
0
4
3
0
-7
-5
0
0
1
0
1
3
7
2
-1
2
3
0
0
-2
0
0
1
-2
-1
1
1
-4
0
4
3
1
-1
-2
-2
-1
-4
-4
0
4
2
-2
-5
-4
-1
4
1
-1
-1
-2
0
-3
-1
-1
-1
0
-1
-1
-2
0
5
2
-2
-4
-5
-2
2
4
9
7
0
-5
-7
-1
-3
-3
0
1
2
0
-4
0
2
5
1
-1
0
-3
-6
-6
-3
1
-1
-3
-1
6
9
5
4
4
1
-5
-7
-9
-3
7
12
9
2
2
0
-2
1
2
4
3
1
0
1
2
2
2
1
-1
-1
-4
-6
-2
-3
-4
-1
0
4
3
-2
-1
3
-2
-8
-8
-5
-2
2
6
8
6
3
-4
-4
-2
-3
-1
-4
0
3
0
0
3
0
-3
-7
-5
-1
2
3
4
4
2
3
2
-3
-1
4
3
4
0
0
-3
0
2
-3
-5
-3
-2
-3
3
6
4
4
1
-2
-2
3
2
-2
-5
-8
-1
2
3
3
6
5
1
3
2
2
1
-5
-4
0
2
-5
-4
1
2
4
2
2
2
2
0
-3
-5
-3
2
3
4
3
1
-5
-6
-4
-2
-1
0
5
3
-2
1
2
0
0
1
2
2
-1
-6
-5
-2
1
1
2
4
2
2
-1
-1
-3
-3
4
2
1
-3
-5
-4
-5
-2
0
-2
0
2
5
5
3
3
-2
-3
1
2
3
2
3
-2
-4
-6
-5
4
8
5
1
-2
-4
-1
-1
4
6
4
3
-5
-7
-8
-5
2
3
2
-5
-3
1
-1
3
6
3
-1
-1
-3
0
4
4
2
3
-2
-4
-2
0
2
1
-1
-2
2
0
-6
-4
3
4
5
1
3
2
-6
1
1
0
2
0
-1
-1
-2
-5
2
8
1
-3
0
-1
3
7
1
-7
-6
-1
-4
-3
-1
-1
3
2
-1
1
8
4
-1
2
-1
-2
4
-2
-1
3
-1
-6
-5
3
1
-2
-7
-8
2
0
-6
1
4
1
-4
-4
3
4
-4
-5
-7
-3
4
0
3
1
0
-2
-5
-1
3
-1
-4
-4
-1
3
2
3
-1
1
3
-2
-5
-2
5
2
0
-3
-3
-1
1
-2
-7
1
-2
-7
2
8
15
10
-8
-5
-3
-3
1
-1
-1
-1
5
3
1
10
1
-5
-4
-3
2
3
-1
3
6
4
-7
-9
-4
-1
7
4
0
-2
-3
-6
-1
10
6
1
-1
1
-2
-4
-3
-2
2
3
-3
-2
6
4
3
-3
-4
-3
2
3
-7
-3
4
8
6
-3
-8
-6
4
7
6
4
6
-2
-8
-5
-4
1
-1
-3
-2
-1
-5
-3
0
5
6
1
-3
-5
1
3
1
6
5
-2
0
-1
-6
-2
0
-2
-7
1
8
9
9
2
-1
-7
-9
2
2
2
-2
-4
1
0
2
2
2
8
9
8
-1
-5
1
-8
-11
-3
1
1
0
2
7
3
1
-6
0
7
2
1
-5
-1
3
-1
3
0
0
2
-5
-2
0
1
5
0
-3
-1
5
6
2
5
3
-6
-6
-3
-5
-2
0
0
1
2
7
5
-3
-4
-9
-9
-3
1
4
2
2
1
0
6
7
2
4
-2
-6
-8
-11
2
4
5
3
-1
6
4
2
1
-7
1
1
0
5
3
-1
-6
-2
6
1
-1
-2
-3
5
-2
-7
-5
-2
4
1
4
5
-1
-1
-6
-5
4
-1
-5
-5
3
2
-3
4
0
-2
2
-1
0
2
5
2
-4
3
4
3
-1
-7
-3
2
4
2
-3
-4
-6
-2
-2
-1
6
4
0
0
-1
-2
-4
-7
-6
-1
9
8
5
4
-2
-2
-3
-5
1
2
-1
1
0
0
0
3
5
1
5
-1
-4
0
1
4
4
1
0
4
2
-2
0
-1
-4
-1
1
3
6
3
-4
-11
-5
-5
0
3
-2
2
1
-8
-3
2
2
6
6
5
3
-1
-7
-5
0
0
-2
0
-3
-4
-4
0
4
3
-1
0
1
6
3
-2
-1
-10
-3
3
1
2
-1
1
-2
0
6
1
5
4
-12
-15
-6
3
6
3
-1
-7
0
3
-3
4
4
-2
1
0
-5
-7
-1
1
0
5
-1
-8
-1
3
2
0
0
0
1
0
-6
-6
-2
2
3
-4
-5
-1
0
1
3
5
8
10
5
0
-7
-8
-5
0
1
3
5
5
0
-3
-4
-6
-3
-1
5
4
1
-3
-5
0
1
4
6
5
3
1
1
0
-2
0
-1
-3
-1
1
-2
-4
-1
2
6
5
-2
-1
0
-5
-4
-1
2
2
1
-2
-5
-3
-3
-3
0
8
7
-2
0
0
1
2
-1
-5
0
2
5
4
-1
-1
-3
2
2
3
1
-7
0
1
1
0
3
2
-2
-5
-4
-4
-4
-1
-1
3
2
1
3
4
7
4
-2
-6
-7
-7
-4
4
8
0
-6
-3
-4
2
2
-1
1
-1
-1
-1
3
0
-8
-9
-5
2
6
5
1
4
4
4
-1
-4
-6
-6
1
1
6
6
-1
-5
-4
-1
1
4
4
5
1
0
-2
-2
-2
-3
-1
1
-2
-4
-1
-3
-1
2
4
5
0
2
1
4
4
-1
-3
-5
-6
-2
0
3
3
2
7
7
8
4
-1
-3
-4
-5
-4
0
4
4
-3
-8
-3
1
-1
2
1
-1
2
6
5
0
-4
-6
-5
-3
2
2
5
4
-2
-2
1
4
1
0
2
1
-3
-6
-10
-6
-1
-1
-1
1
-3
-3
3
5
4
5
5
3
0
0
-4
-5
1
-2
-4
-1
1
2
0
0
3
6
5
0
-4
-5
-6
-6
-3
5
7
0
-3
-3
-3
-1
0
4
5
2
4
-2
1
1
-3
1
2
2
-2
-4
-1
-4
5
10
8
5
2
2
-4
-5
-3
-6
-2
-2
-5
-4
-3
3
3
6
3
-2
3
4
3
3
-2
-1
3
3
5
2
-3
-6
-1
6
4
0
-3
-1
1
4
3
-2
-8
-6
-3
-3
-2
0
4
5
3
3
0
-1
-2
2
4
1
0
0
0
-1
3
3
2
3
-1
-3
-3
-2
-4
0
3
-2
-3
-3
0
4
2
-1
-1
-2
-2
-1
1
4
5
3
0
-1
0
1
3
3
0
-1
-3
0
3
3
0
-3
-2
0
0
-1
1
2
1
-1
2
-1
-5
0
0
3
3
-1
1
0
1
-3
-4
-3
-4
-1
-1
-1
4
3
1
2
0
-1
-1
1
0
-3
-3
-8
-3
4
0
-3
-1
2
3
0
-3
0
3
5
1
-2
2
5
4
-3
-2
1
-3
-2
-3
-2
0
2
2
-2
-1
0
-1
3
5
-2
-4
-3
0
1
1
-1
3
4
-1
-3
-3
-3
-1
-2
-3
-1
3
5
5
1
-3
-6
-6
-4
-2
4
9
7
3
-2
-8
-5
-2
-3
-1
2
2
2
3
0
0
2
1
-2
-1
2
-1
-2
-1
2
0
-3
-3
-3
6
8
7
2
-1
-1
-2
-4
-2
1
0
-1
-2
-3
-1
-1
-4
-7
-2
1
3
6
2
-2
-3
0
-1
-1
0
-1
-2
-2
-3
1
4
0
0
0
2
1
1
0
-1
0
-3
-3
0
0
2
3
4
2
-2
-1
0
3
1
-2
-2
-2
-3
1
2
4
7
6
4
3
2
0
2
4
3
-1
-2
0
-3
-1
0
0
2
1
-1
-2
-3
-2
0
2
5
2
1
-1
0
0
-1
1
1
1
0
-2
1
3
1
1
-2
-4
-3
1
9
8
2
-4
-5
-4
-3
3
6
6
7
0
-7
-6
-5
-3
0
0
4
6
4
-3
-2
-1
-2
1
1
1
1
0
-2
-2
-1
-4
-4
-1
5
5
3
-2
-6
-5
-4
-1
0
-1
2
5
1
-1
-1
1
1
2
1
-1
1
1
-3
-3
-1
2
2
2
1
0
1
1
-2
-3
0
1
2
2
0
-3
-2
1
-2
-1
1
1
3
3
1
-1
-1
1
-4
-3
2
1
3
1
0
1
2
5
2
-2
0
-1
-1
-3
-3
-3
-2
1
0
3
7
2
-1
-4
-3
-1
-1
-1
-4
-2
-2
-5
-2
-3
-3
0
3
4
3
1
-3
-4
-4
-3
-3
-1
4
1
1
-1
-2
-1
3
3
1
2
3
0
0
-1
-1
1
1
0
1
2
0
2
3
-2
-2
-1
-2
0
-1
-1
-2
-5
-3
0
1
0
1
2
1
2
2
1
1
0
-1
-3
-2
-3
-2
0
1
2
1
0
1
1
2
4
4
3
1
0
-4
-8
-7
-1
-1
-2
0
0
1
1
2
-1
-2
-2
-1
0
2
2
2
1
0
-1
1
0
-1
-2
0
-1
1
3
2
1
2
1
0
-1
0
-2
-2
-3
-4
-1
2
4
8
6
2
1
-3
-3
-3
-3
-3
1
2
0
-2
0
1
3
0
-3
-1
-1
-2
-2
-2
-1
-3
0
0
0
1
-1
-3
-5
-1
1
2
2
0
-2
-4
-2
2
4
1
-2
-3
-1
0
0
0
3
4
3
1
-1
-1
-1
-1
0
0
1
4
2
-1
-1
1
2
4
5
4
3
0
-4
-3
1
5
4
5
4
-1
-3
-1
-3
-3
-1
1
4
5
5
1
0
0
-1
-2
-2
1
2
-1
-3
-2
-2
-4
-6
-2
1
3
2
-3
-1
-3
-4
-6
-7
-1
4
3
-1
0
0
-1
1
4
1
2
-2
-4
0
1
-3
-7
-2
2
3
2
2
2
2
1
-1
3
4
1
2
-1
-4
-1
4
5
2
-3
-2
-3
0
0
-2
0
-1
-2
-4
-1
1
-1
0
0
2
4
2
-2
0
0
-3
1
2
0
-2
-2
0
1
2
1
-4
-4
-3
-3
-1
0
1
0
0
1
2
7
4
0
-1
0
0
3
3
2
0
-3
-1
1
2
3
2
0
-3
-1
-3
-2
-1
1
1
-1
0
-1
0
-3
0
0
1
0
1
0
-2
1
2
1
-2
-2
-3
-4
-4
-1
0
3
3
2
1
-2
-1
-3
0
2
1
2
-1
0
-2
-3
0
3
0
0
2
0
-4
-3
0
1
5
3
1
1
2
0
-3
-3
-1
2
4
6
7
4
0
1
-2
-4
-1
0
1
3
5
3
2
2
-3
-6
-3
-2
-1
-2
-6
-4
-1
1
-1
-4
-1
1
1
1
-2
-2
0
0
1
3
7
5
2
-2
-3
-3
-4
-1
1
0
-2
2
-2
-2
0
-2
-3
1
0
2
3
4
2
-2
-1
-1
1
3
0
-1
2
1
-1
-4
-3
0
1
2
0
2
-1
-4
-4
-3
-2
-1
-1
-3
-1
4
3
-4
-5
-1
0
4
3
0
-3
-5
-2
2
3
0
-2
-2
1
3
1
-2
-2
3
4
3
-2
-6
-3
0
4
0
-4
0
7
9
3
-4
-7
-1
8
11
1
-7
-5
-1
6
5
-6
-11
-2
10
11
3
-8
-9
4
12
4
-2
-4
-1
4
5
-5
-19
-13
9
29
18
-13
-19
-1
15
15
-5
-12
-7
-4
3
5
2
-1
5
10
5
-2
-9
-6
5
6
-9
-21
-12
14
20
5
-12
-17
-6
7
9
1
-7
-7
-1
9
10
-1
-9
-4
6
8
1
-4
7
7
-1
-7
-12
-3
7
9
2
-2
-3
2
8
4
-5
-8
-7
2
12
3
-4
-4
-3
4
3
5
1
2
6
1
1
-7
-7
4
7
3
-4
-6
3
9
4
-5
-5
3
6
4
-2
-2
6
5
-3
-8
-8
-2
2
6
6
-3
-11
-4
3
9
-1
-11
-6
6
13
2
-10
-10
-2
9
9
2
-9
-11
3
10
2
-10
-15
-5
6
6
-3
-9
-2
7
11
0
-12
-12
-2
10
9
-3
-11
-7
7
10
-1
-13
-13
-2
8
9
-1
-9
-1
8
6
-3
-9
-10
-2
4
4
-4
-2
2
3
2
-3
-4
4
10
14
7
-6
-10
-9
1
5
-2
-7
-6
3
5
0
-5
-3
5
7
1
-4
-5
1
3
-1
-5
-10
-5
5
7
7
-2
-6
-6
-3
7
3
-5
-5
3
12
6
-5
-4
0
4
5
0
1
-3
-2
-3
-4
3
1
1
3
-4
-6
-2
4
6
2
-5
-7
-3
6
8
7
-2
-9
-9
-6
1
9
5
1
0
-3
-2
-3
-1
3
3
2
-1
4
5
2
2
-4
-5
-2
1
6
2
-4
-2
1
3
0
2
3
0
0
-1
-1
-4
-1
1
-2
2
4
4
0
1
2
-5
-5
-3
-1
3
1
2
-1
-1
4
0
-2
1
4
6
3
-1
-5
-8
-5
-6
-2
4
1
1
0
1
4
3
0
-2
3
2
0
0
-1
0
0
-2
-2
2
2
-2
-2
2
0
2
-1
0
4
4
2
-4
-1
2
1
0
1
2
3
3
1
-2
-3
-4
-6
-2
1
0
-1
-1
2
2
1
3
0
3
2
-1
-3
-5
-2
0
-2
0
-1
0
-2
-3
-4
-1
4
0
-2
-3
-5
-1
1
1
-2
-8
-7
-1
5
4
-1
-1
-2
-2
2
4
2
-4
-5
-3
-1
3
0
-2
0
1
-2
-1
2
0
4
4
-2
-5
-5
-3
-1
2
0
-2
2
4
3
0
-1
1
-1
-1
1
0
5
4
0
-2
-2
-1
0
3
3
0
-1
-2
3
0
-2
-1
2
2
1
0
0
-1
-3
-2
2
3
-2
0
3
7
5
0
-4
-3
-2
-5
-1
0
-1
2
4
2
-2
1
-1
-1
0
0
2
-1
2
2
-1
-4
-5
-2
3
5
3
1
1
1
-2
-2
1
0
-1
-4
-2
1
0
0
0
-1
1
2
4
5
5
0
-6
-5
1
3
1
-4
-3
-2
-1
2
1
6
4
1
-2
-3
0
-2
-3
-1
0
1
1
-1
-2
1
4
1
0
4
0
1
0
-1
-3
-3
1
2
2
4
-1
3
5
5
6
3
2
1
-1
0
-2
-1
2
0
-2
-1
1
3
1
-2
-2
0
1
-1
0
1
1
1
3
3
3
-2
-1
1
0
1
-1
3
1
-2
-4
-4
0
0
-1
1
3
5
2
1
0
-4
-5
-4
-3
2
2
2
2
0
-2
2
5
3
-3
-7
-5
-3
-1
-1
1
4
5
2
-2
1
2
1
-2
-2
1
-1
-2
1
3
1
-5
-4
0
2
2
-3
-6
0
2
1
-3
-1
0
-4
-6
-6
1
5
3
3
2
0
-3
-5
-5
-5
-1
2
3
2
3
1
-1
0
-3
-3
-1
1
-2
0
4
6
5
4
0
-2
1
1
3
0
-1
-3
-3
2
5
7
5
0
-3
-1
3
1
1
4
1
-3
-5
-3
1
9
9
2
-4
-8
-3
-2
0
1
3
3
1
-1
-2
1
1
1
-1
0
2
3
3
-2
-5
-4
-4
-2
1
1
3
0
-1
-1
-3
-6
-6
-3
2
4
3
-1
-1
-1
-1
-3
1
4
3
1
0
-1
-2
-3
-4
1
4
4
4
2
-3
-3
-1
0
3
4
5
4
3
-2
-3
-1
-1
1
2
4
0
-3
0
0
2
1
-3
-2
0
0
0
0
1
2
1
-1
-2
-2
-2
0
-1
2
-1
-2
1
-1
-1
1
-1
0
-1
-1
1
1
1
-1
3
-1
-3
-4
-5
-4
0
3
3
2
-2
-1
-1
1
2
-1
-5
-4
-1
2
1
-4
-4
-2
3
4
3
2
-3
-4
-5
-4
-3
-1
2
6
4
2
0
0
-4
-4
1
0
-1
0
0
3
3
-3
-4
-3
-1
-2
-2
1
1
1
1
0
4
6
3
-1
-5
-9
-3
1
3
4
2
1
0
-1
0
1
1
1
0
0
0
3
3
2
0
-2
-2
-1
0
-1
0
3
5
2
1
-2
-1
-1
-1
3
6
4
0
-2
-4
-5
0
3
4
3
2
1
0
-3
-6
-5
-2
2
2
0
0
-2
-4
-3
0
1
3
-1
-1
-1
0
2
5
4
3
2
1
2
2
2
2
2
2
-1
-4
-6
-4
-1
1
3
3
1
-3
-6
-5
-3
-2
0
-3
-1
-1
-1
0
1
1
3
5
6
0
-3
-1
-2
2
1
0
-2
-3
-3
-5
-3
1
3
3
2
1
1
-1
-1
-1
-4
-5
-3
1
1
0
0
-2
1
3
3
4
3
-2
-3
-1
-1
-1
1
1
0
1
0
-1
0
2
4
2
-2
-3
-3
-1
0
2
4
4
4
-1
1
3
3
2
0
-4
-4
-1
1
3
5
3
1
-2
-3
0
2
-1
-2
-2
1
5
3
1
0
0
-1
-3
-3
-1
0
1
0
0
0
0
0
0
-1
-1
-2
-4
-3
-1
0
-3
-3
1
1
1
3
0
0
3
3
-1
-1
-1
-4
-3
0
-2
-2
-1
1
0
2
1
-2
-4
-4
-6
-4
-2
4
8
7
4
0
2
4
3
2
-1
-1
-2
-3
-3
-4
0
3
5
5
0
-2
-2
-2
-2
-2
-1
0
1
1
0
1
1
2
-1
-1
-1
-1
1
2
-1
1
3
2
-2
-2
0
2
3
2
0
-2
-1
-2
0
3
3
2
1
0
-1
-2
-2
1
2
0
1
4
4
5
3
-1
-2
-3
-4
-2
0
3
0
-1
-1
3
5
5
1
-3
-3
-3
-1
0
-1
0
1
1
0
2
2
2
2
0
0
-2
-1
-1
-1
1
-1
0
-1
-3
0
2
4
3
4
1
0
-1
-1
0
0
0
-2
-1
-1
-3
-4
-2
-1
-2
-1
1
0
-2
-6
-7
-3
0
1
1
1
2
0
0
2
-1
-2
-2
-1
2
3
3
1
1
1
3
7
4
0
-1
-2
-2
-4
-3
-3
-3
-1
0
-1
0
2
0
1
2
3
-1
0
0
-3
-3
-1
-1
1
3
5
4
2
3
3
1
-2
-2
-4
-3
-2
-1
0
4
3
2
0
0
-1
-1
0
-1
-3
-1
2
3
0
-2
-2
0
2
2
-1
0
0
1
3
3
4
3
-1
-3
-3
-4
-5
-4
-3
1
3
4
1
-2
-3
-3
-4
-2
4
3
-1
-1
0
0
-1
-1
-1
0
2
3
2
3
1
-1
-2
-3
1
2
-1
-2
-3
0
1
0
-1
1
3
1
1
1
1
2
1
3
4
2
1
-2
-3
-2
0
1
2
1
3
3
1
0
0
-2
-4
-3
-4
0
4
3
2
-1
-2
-2
-2
-1
0
0
0
-1
-2
-1
1
-1
1
0
-3
-2
-3
-2
-1
1
2
0
1
2
2
1
-2
-3
-2
0
-1
-1
0
1
1
1
3
2
1
-3
-4
-1
4
10
9
4
0
-2
-3
-1
0
4
6
4
5
1
-2
-1
-2
-3
-4
1
5
6
3
0
-1
-1
-2
-3
-2
-3
-1
-3
-1
1
2
2
1
2
2
-2
-6
-6
-6
-2
2
6
7
5
0
-5
-6
-3
-5
-3
-2
1
1
2
4
1
-1
-1
-5
-8
-7
-6
-1
4
4
1
1
1
-2
-1
-1
0
0
-1
0
2
4
3
-1
-3
-4
-5
-4
0
1
3
2
-1
2
1
-1
-3
-3
0
1
-2
-5
-1
-1
-1
-1
2
0
-1
1
-3
-5
-4
-2
1
5
3
0
-2
-1
0
-3
0
-1
2
4
1
0
-2
2
0
-3
-5
-4
3
4
6
5
0
-3
1
2
5
2
-1
0
0
-1
0
3
1
1
5
6
1
0
-1
-5
-6
2
2
-2
-1
0
0
0
1
1
-1
0
-2
-3
-1
-2
-2
0
2
1
2
1
1
3
4
3
4
2
-4
-8
-6
-4
1
5
4
3
-2
-3
-2
1
1
1
1
0
0
2
0
0
2
-2
-4
-1
1
0
1
2
3
7
2
-5
-5
-1
0
0
0
1
0
-4
-3
0
1
-1
-3
-2
-3
-3
-1
3
9
10
4
-2
-2
1
-1
-3
-3
0
3
3
2
3
2
-2
-3
-1
-2
-1
-1
1
2
2
0
-4
1
4
4
0
-2
-2
-4
1
4
6
8
5
0
-2
-5
-5
-2
0
2
0
1
1
3
3
0
-2
-2
0
0
-4
-3
1
2
2
0
-1
0
-1
-2
-2
1
-1
-2
-1
2
2
2
4
1
-3
-2
0
1
-1
1
2
-2
1
0
-2
-3
-2
1
0
-1
1
-1
-3
-2
0
5
5
3
1
-1
-1
0
2
-1
-2
-3
0
1
3
1
0
1
0
-3
-2
-1
-1
0
2
2
1
3
1
0
-1
-2
-2
-4
0
3
3
3
1
-3
-3
-2
-2
-2
0
0
-1
0
1
-1
-2
-3
-1
-4
-2
4
7
4
-1
-2
-2
0
-1
-2
-5
-5
2
7
5
4
3
2
1
-3
-1
1
0
-2
-4
-1
0
-1
0
1
4
3
2
2
1
0
-1
-2
-1
0
1
3
2
1
-1
-4
-2
-2
-1
-1
1
1
-2
0
4
6
4
1
2
5
3
