18
-13
-47
-23
-21
23
31
-7
-4
-42
-32
3
26
59
26
12
-10
-39
-5
-1
30
22
-25
-26
-49
-23
21
48
58
20
-11
-46
-37
0
28
39
21
-5
-57
-66
-47
4
67
57
30
-23
-59
-38
-6
42
62
48
11
-44
-57
-35
3
37
51
30
-11
-22
-42
-35
5
8
35
20
-3
-3
-38
-5
-9
3
43
10
12
-10
-39
-15
-7
31
43
27
21
-8
4
-11
-5
15
-5
20
-15
-35
-33
-58
-3
9
42
64
-3
-4
-50
-34
40
33
45
8
-31
-50
-57
-13
8
40
44
-2
-35
-58
-33
8
50
66
30
-5
-53
-77
-39
6
34
29
9
-20
-39
-26
3
36
44
40
24
-27
-43
-39
-3
22
6
11
-6
-10
1
-2
15
23
22
11
-8
-6
-6
-4
-16
-27
-17
-11
9
27
19
19
-2
-11
-7
-11
26
26
12
-6
-37
-31
-30
10
38
40
40
5
-1
-10
-16
7
7
10
-9
-39
-34
-37
-18
8
16
36
20
-11
-10
-7
9
35
30
8
-18
-28
-25
-20
10
23
11
14
1
-10
3
7
1
-3
-3
-14
-16
-16
-20
-4
5
10
11
-9
-6
-10
-8
13
5
9
-10
-25
-11
-8
32
33
8
6
-11
6
1
14
34
-12
-14
-33
-43
2
6
20
0
-10
11
-1
27
15
17
34
-10
0
-10
-8
10
-12
11
-3
6
11
-30
3
11
25
32
-5
-6
-29
-15
-3
-6
21
-16
-13
-11
-20
20
3
13
10
-13
12
-1
12
8
-6
10
-9
1
6
-1
10
0
4
-12
-21
-1
-13
-7
-2
4
14
-3
-17
-21
-8
15
10
7
0
-6
-7
-8
6
13
4
-4
-11
-12
0
0
1
7
-5
0
-6
-14
-2
-4
9
10
-4
3
-5
-2
-1
-12
-3
0
4
4
-4
3
4
17
13
-8
-5
-1
11
0
-23
-15
-19
-5
-3
-6
13
9
23
4
-1
11
2
20
5
6
10
-15
-8
-19
-10
6
4
12
-9
-11
-7
-1
25
10
1
-12
-24
-8
-11
4
6
-9
-4
-17
0
14
11
23
5
-1
-7
-7
2
-3
5
-5
-8
-3
-5
4
5
16
17
5
-1
-15
-5
-2
1
14
-4
-5
-16
-21
3
4
15
16
4
2
-17
-9
2
9
13
-3
-5
-16
-12
-7
-11
7
2
8
5
-6
15
6
13
7
-5
12
-5
5
2
-4
14
-4
1
-13
-11
10
-3
9
3
-1
6
-5
13
8
0
0
-20
-6
-11
-9
6
-3
7
2
-1
6
-5
3
-4
-5
4
-6
-5
-18
-20
-8
2
17
12
2
-2
-8
-5
2
9
12
8
-8
-18
-8
-1
-3
-1
5
9
14
12
9
13
7
-2
-9
-18
-10
1
-2
-5
-14
-17
-15
-3
4
-2
6
2
-11
-11
-10
0
10
21
20
-3
-11
-14
-1
7
-3
7
-6
-15
-2
-4
9
14
15
3
-4
4
4
2
-1
-3
1
3
9
3
-6
2
1
8
14
19
12
-6
-14
-10
-2
7
8
4
3
-4
-12
-8
-3
0
7
-3
1
13
14
9
-1
-5
-2
10
19
17
11
2
-7
-12
0
9
13
18
11
-1
-6
-8
-4
-6
1
6
1
0
-6
3
8
13
10
4
-3
-12
0
5
-4
2
-2
-9
-2
-10
-5
5
11
13
5
6
4
-4
-9
-7
2
0
-12
-18
-20
-19
-15
-5
4
9
9
-5
-6
2
-5
3
4
-4
-5
-6
-7
-12
-11
-2
4
7
21
16
-3
-4
-9
-6
-6
-9
-1
-3
11
7
-8
-3
1
1
5
2
-1
2
5
-6
-7
-4
-10
-13
-12
-6
3
7
6
4
1
-2
-3
6
4
-7
10
16
8
2
-10
-2
6
0
0
-7
-7
-5
-12
-10
-2
2
9
6
2
8
6
7
8
2
-7
-16
-15
1
11
6
-4
0
8
14
16
10
-1
-8
-1
3
7
17
13
2
0
-4
-1
9
10
6
-7
-9
0
2
6
4
-2
-8
-4
2
2
5
4
-1
-6
-5
3
0
2
5
-6
-6
3
7
-2
-12
-12
-1
6
8
0
-16
-7
4
7
14
14
6
-3
-3
-10
-2
6
5
-5
-13
-8
-6
6
9
9
8
1
-2
-7
-8
-14
-10
-4
0
2
-7
-11
-6
-3
-2
-9
-9
-2
-3
-6
-10
-7
-3
4
4
-6
-8
-6
5
6
8
7
-5
-7
-3
2
-2
0
3
0
0
1
2
3
2
4
11
18
14
0
0
-8
-19
-18
-18
-5
-1
5
14
5
3
-3
-3
4
8
1
-9
-4
5
4
3
3
4
10
12
6
4
1
-7
-13
-12
-7
-3
-2
-1
1
5
12
13
-3
-5
8
8
-4
-5
-4
-1
6
-11
-18
-5
2
15
13
10
8
9
16
2
-10
-19
-15
-4
3
2
-3
-2
-7
-3
2
8
19
19
7
-3
-6
-6
-18
-19
-2
4
7
9
-1
-6
3
-2
-3
5
4
3
-4
-11
-13
-9
-3
0
7
8
-3
-9
0
2
8
12
4
-4
-18
-28
-18
2
16
11
-2
-3
-2
-4
-3
-4
-3
-4
-4
-3
-5
-9
-14
-12
-5
4
12
18
17
3
4
-1
-5
12
21
9
4
3
-1
11
14
13
12
-8
-25
-16
2
1
-6
-11
-6
0
2
-8
-15
8
17
13
16
3
3
5
-9
-8
5
0
-1
7
-1
-14
-13
-3
5
13
8
-9
-22
-12
0
-5
11
17
10
3
-9
-10
-3
8
16
25
19
-10
-25
-23
-5
23
40
26
3
-11
-25
-8
9
9
13
1
-17
-35
-27
2
7
3
-14
-16
3
13
15
5
-1
7
0
7
28
20
10
-4
-18
2
7
-8
-14
-18
-5
-5
11
26
14
19
19
8
5
-1
-20
-25
-12
-16
-27
-15
9
-11
-19
0
0
16
22
-1
-13
-19
-29
-34
-14
11
5
0
7
5
18
24
2
-3
3
1
13
29
10
-23
-29
-16
9
24
32
22
1
5
-6
-5
4
-16
-28
-3
12
4
2
-25
-30
-13
2
24
31
25
2
-35
-34
-1
21
19
-8
-29
-26
-17
24
31
9
-14
-46
-21
5
16
18
-20
-22
-16
-17
15
31
23
1
-34
-36
-2
16
19
-4
-10
11
11
15
4
-2
-4
-37
-10
28
19
5
-20
-12
28
14
15
15
23
46
-26
-35
12
32
23
-44
-27
14
-16
1
41
117
82
-117
-131
43
186
154
-39
-108
-93
-72
24
58
69
37
-107
-125
25
142
102
-34
-47
-20
-13
8
-60
-28
16
-75
-5
73
12
-5
-12
37
52
20
28
-26
9
-9
-107
-4
61
12
-27
-65
-46
20
68
30
3
3
-88
-135
34
110
41
16
-69
-110
-36
78
110
44
-13
-117
-134
-5
51
68
39
-53
-42
-16
-4
44
58
67
-5
-33
40
10
55
69
-83
-80
-13
5
17
-22
-33
-28
-2
50
36
24
-8
-81
-18
59
76
63
-56
-114
-72
-13
54
33
31
-15
-115
-36
29
29
36
-9
-31
-42
-2
33
61
86
-34
-108
-27
26
88
83
-17
-51
-84
-66
15
99
108
-29
-97
-39
13
63
39
-35
-42
-43
-48
-5
60
57
-27
-19
30
22
30
-6
-32
25
33
-27
-41
17
23
-37
-8
68
49
8
-11
-6
17
7
-21
-22
9
-28
-69
-3
37
10
-25
-8
53
60
21
-76
-46
74
9
-39
22
24
-22
-83
-77
32
103
8
-128
-95
31
84
53
21
8
-29
-59
-57
44
115
6
-128
-116
-9
55
52
26
9
-5
2
10
52
87
1
-44
-36
-55
-23
9
6
3
-23
-26
20
37
41
46
17
17
-2
-29
2
-4
-33
-52
-50
7
32
12
32
19
-35
-22
14
45
77
-29
-113
-42
9
20
-11
6
14
-40
-9
38
92
107
-9
-94
-58
21
73
18
-37
-17
-41
-55
-3
43
83
78
19
-23
-39
-13
-3
20
51
-10
-45
-42
-56
-24
33
71
44
-22
-58
-59
31
120
86
15
-40
-68
-43
16
66
50
15
-17
-35
-8
1
12
39
-10
-49
-21
28
22
-27
-30
-27
-31
-24
0
23
11
-66
-105
-15
68
76
32
-19
-30
-62
-40
58
82
20
-78
-107
-33
55
80
60
29
-26
-73
-46
44
111
71
-31
-115
-80
42
54
38
50
19
-59
-86
43
97
24
-29
-104
-79
-2
-16
-19
10
9
-12
-15
1
-10
13
39
-18
-6
54
36
10
20
-2
-4
7
-4
26
44
13
-28
-8
57
77
34
-18
-38
-21
7
4
0
2
-34
-72
-54
1
48
40
-33
-74
-36
47
89
46
-6
-31
-55
-28
17
27
23
-31
-48
15
26
31
44
11
5
1
-15
25
19
-34
-43
-19
35
22
2
13
-12
19
14
-11
32
12
-29
-32
-12
27
7
-15
-2
-3
3
3
3
10
21
-9
-37
-14
-18
-17
-1
-15
-10
-9
-29
-25
16
47
27
-9
-22
-40
-11
39
22
3
-15
-41
-20
4
22
55
17
-51
-30
18
17
-12
-20
22
47
40
20
-5
7
16
-12
-15
7
-7
-46
-54
-24
34
26
-32
-36
-26
32
51
21
32
-22
-51
-26
12
51
6
-32
-33
-10
29
3
-17
-14
14
5
-26
1
0
-21
-25
-2
35
28
-18
-43
-16
2
26
32
-6
-5
-44
-40
2
-4
27
9
-15
7
-7
3
32
49
48
13
-23
-33
-9
13
16
14
0
-37
-56
-26
25
38
25
-9
-46
-30
-3
22
45
38
-9
-47
-20
5
10
5
7
3
-15
-4
7
32
23
-31
-9
15
9
12
-10
-1
8
2
0
-7
13
-14
-11
20
11
4
-27
-25
1
21
22
-9
-10
-21
-18
19
23
35
7
-41
-34
-2
31
22
-6
-17
-22
-17
-5
0
2
-5
-24
-2
18
0
11
8
10
16
-1
16
10
-7
-10
-11
18
11
-24
-21
22
44
3
-16
-12
-6
18
5
33
28
-26
-45
-50
1
41
14
-22
-39
-14
5
13
53
39
-5
-12
-16
15
44
18
-6
-21
-19
-13
-3
17
-2
-22
-11
-3
8
11
12
7
-3
-6
-18
4
28
12
-8
-22
-15
-11
-19
15
33
18
-19
-38
-2
30
24
5
-11
-13
-15
-17
11
33
21
-14
-47
-19
15
9
6
-8
-25
-8
0
-1
-1
-8
-4
6
20
13
-16
-19
-14
-6
15
20
2
-31
-51
-20
23
37
12
-25
-9
-3
-1
23
9
11
7
-13
6
12
15
1
-32
-10
3
-2
12
13
12
3
-11
-7
-10
4
14
6
11
3
-8
-12
3
30
27
10
3
-9
1
14
3
-14
-12
4
6
17
15
3
-6
-19
-9
0
-5
-8
-36
-35
-3
4
9
8
1
-6
-10
10
33
21
-8
-20
-10
22
25
-4
-15
-4
6
9
-1
-2
13
-1
-24
-1
14
6
-6
-20
-14
1
7
-11
-19
-10
4
-15
-23
-6
-26
-32
-14
-5
7
-3
-11
-17
-2
24
-4
4
-1
-7
9
3
4
6
3
-4
5
8
11
10
-4
8
0
12
19
5
24
13
5
12
3
-3
1
17
16
7
-1
-16
-6
19
9
-9
-1
-1
-3
8
5
3
3
-5
0
9
3
1
-6
-19
-11
0
4
7
-14
-10
-8
-4
14
2
-1
14
2
-3
8
-1
0
-8
-27
-13
3
4
-14
-9
7
-5
-5
-4
1
-10
-14
-6
-2
20
-1
-23
-13
-4
0
-8
-7
-7
8
4
-9
12
23
11
5
0
-1
11
8
3
-1
6
11
10
14
10
8
10
12
5
4
13
9
3
-4
-15
1
17
11
10
8
7
1
9
13
0
10
-4
-26
-16
-7
-2
0
-2
-6
-7
-4
-3
-1
6
6
-6
-3
-6
-7
14
9
2
1
-3
1
-3
-6
-2
-5
-9
-16
-13
0
2
0
-2
-8
1
12
4
7
13
-4
-15
1
2
-3
-3
-8
6
10
5
-3
-5
1
-3
5
11
0
-2
-5
-14
-6
1
-6
-1
-11
-15
1
-5
-6
-6
-12
-10
-15
-10
-10
-11
-6
-5
-17
-19
-6
-3
10
4
2
9
4
-1
-2
6
11
21
13
1
5
0
12
22
19
18
15
28
25
10
5
1
0
0
-8
-4
-2
1
7
10
9
8
7
-6
-15
-11
-3
-6
-12
-17
-30
-16
-8
-14
4
7
8
-7
-11
-3
-5
10
-3
-10
-5
-10
-6
0
14
15
9
10
7
5
2
5
7
0
-1
6
14
20
20
13
5
6
10
10
13
8
-2
-8
-4
1
-1
2
1
5
-3
1
12
1
6
8
-2
-6
9
6
-11
7
10
2
5
-3
1
-3
-14
-8
-4
-6
-10
-16
-16
-14
-11
0
-6
-14
-13
-14
-10
2
1
-2
2
-10
-2
4
0
-4
-9
2
-1
2
-3
-14
4
6
12
11
3
-4
-7
-3
-2
7
-2
-19
-21
-20
-9
-5
-1
1
2
6
-5
-5
2
4
7
10
-2
-6
3
-7
-9
-3
-2
1
-1
4
5
-5
2
12
5
7
6
7
17
19
22
23
23
17
7
4
-2
-6
-10
-19
-10
-3
-7
-2
-5
-4
3
-1
6
0
-3
3
-9
-4
4
7
6
2
-2
2
7
3
9
7
12
11
5
4
-6
-8
-9
0
7
-1
-6
-18
-19
-18
-17
-6
-6
-5
-5
-6
-7
-7
2
12
17
7
5
9
2
8
7
9
6
0
8
1
17
10
17
24
3
-3
-11
-11
-8
-8
-5
2
1
-1
1
-6
1
3
-2
3
-2
-1
8
-4
-11
-9
-4
0
0
-3
-11
-14
-9
-3
-2
-6
-4
0
10
13
2
6
7
-1
0
2
4
3
0
-2
4
7
13
11
1
-6
-7
0
1
-3
-4
-7
5
9
-13
-8
-11
-19
-4
-7
-10
-10
-15
-20
-23
-16
-13
-11
-16
-5
4
4
4
3
12
10
11
24
14
7
3
-10
-2
15
12
12
13
7
3
0
-3
-1
-5
-4
-2
-3
9
0
-2
1
-7
-3
10
8
2
2
-7
-6
-1
3
0
-20
-16
-8
-1
11
-3
-8
3
7
8
8
-5
-7
-5
3
16
7
-5
-1
-1
8
21
21
23
15
9
19
14
11
13
8
16
16
15
11
-7
-12
-13
-14
-2
2
9
7
-2
2
5
8
-6
-7
0
-9
-11
-6
-5
5
4
5
-3
-12
-8
-10
-8
-7
-3
-1
-6
-10
-14
-11
-11
-3
5
4
13
8
-1
10
12
6
0
0
4
10
16
8
5
2
2
-2
-9
-2
-2
-7
-13
-17
-12
-6
-5
-9
-8
0
4
-5
-7
-3
0
-2
-4
2
2
7
9
-6
-1
1
-5
0
-4
-9
-4
-5
3
13
-2
-6
-6
-6
1
-4
2
14
9
9
11
5
8
16
11
2
0
4
2
-6
0
-10
-20
-11
-16
-8
-3
-2
-3
-11
-11
-13
-4
-3
-12
-12
0
4
7
14
7
10
8
-7
-9
-13
-17
-6
0
2
8
11
5
2
3
-1
-4
-11
-3
1
5
5
-3
-7
-13
-6
-9
-21
-27
-14
0
-6
3
7
-9
-6
6
9
11
1
2
-1
2
9
-2
2
14
7
7
7
3
5
2
4
-3
-3
6
1
-1
2
9
9
6
4
7
4
4
5
2
0
7
8
4
9
7
5
5
10
6
-4
-8
-3
0
7
6
5
15
9
-6
-16
-16
-17
7
-4
-17
-19
-43
-15
3
0
12
4
9
7
9
2
-11
-11
-15
-3
-7
4
9
3
10
-7
-14
-4
-6
3
3
-12
-1
-3
-6
20
29
36
22
0
2
-10
-16
-22
-27
-25
-17
-8
1
17
3
1
8
2
5
-15
-32
-21
-29
-27
-22
-12
-17
-15
-4
-6
6
5
24
13
14
46
12
20
28
9
18
0
6
9
-1
10
16
19
14
17
16
14
7
10
6
-14
-3
-16
-19
-2
-5
0
-11
-12
4
-7
-4
8
-5
-11
-9
-18
-12
2
-4
-20
-21
-20
-14
-7
-14
2
10
18
26
-1
-11
12
-1
-18
9
-5
3
-12
-34
-23
-31
8
16
16
23
4
19
5
-13
-8
-5
-19
-14
-12
-22
0
16
40
59
68
67
44
18
2
-19
-25
-29
-32
-23
-2
-17
-27
-17
-11
12
33
47
46
26
9
-8
-21
-26
-25
-30
-35
-21
-13
-5
4
14
31
53
55
42
28
17
15
-14
-18
-21
-18
-12
-32
-24
-6
-5
5
18
7
8
30
38
44
18
-9
-14
-22
-2
7
-7
-5
-15
-28
-13
-17
-31
-28
-32
-6
12
-12
-12
-7
-15
-12
11
25
27
28
19
12
7
10
17
14
10
4
-3
4
8
1
-9
-3
21
17
-9
-12
-22
-21
4
2
-12
-21
-25
-26
-35
-27
-15
-11
6
17
16
9
13
16
9
11
21
20
11
3
-9
-24
-21
-5
-1
2
0
-1
-7
-16
-9
-3
-4
-14
-18
-4
18
38
29
20
13
-13
-26
-30
-3
4
-28
-24
-20
-2
27
39
41
26
29
30
3
-8
-11
-16
-5
2
-19
-40
-33
-4
18
20
13
27
17
14
25
-3
-23
-6
-16
-50
-56
-37
13
0
-55
-1
36
58
70
-4
-11
25
59
63
-3
-29
-16
-27
-36
-30
-15
9
37
17
-25
-55
-32
46
71
36
19
-1
-49
-77
-58
-23
-19
-39
-40
9
40
-1
-18
40
131
160
101
-1
-87
-102
-59
-22
-34
-71
-43
-29
-57
17
98
133
99
-14
-32
25
23
-13
-91
-125
-66
-56
-55
-1
90
139
115
108
73
16
-5
4
-16
-49
-44
-76
-132
-144
-153
-74
94
181
131
16
-2
39
14
-20
-35
-18
-35
-99
-97
-53
-41
-23
42
133
196
136
-10
-29
19
56
54
-76
-97
-30
-64
-65
-16
60
91
-19
-117
-93
38
119
74
-23
-79
-55
-34
-15
20
61
141
118
15
-77
-117
-3
53
-3
-25
-41
13
35
-26
-23
19
60
46
-7
-25
5
19
-47
-88
-91
-83
-76
-71
30
137
135
54
-19
5
19
42
68
20
20
17
-47
-70
-40
51
81
6
-61
-85
-40
-17
4
62
84
55
-49
-112
-115
-49
70
80
32
4
-3
5
-16
-24
15
66
78
19
-57
-79
-7
28
-8
18
36
41
38
-38
-79
-52
44
104
50
-8
-80
-82
-24
32
94
87
23
-46
-90
-82
-10
29
7
-5
-13
-12
-19
-42
-41
-10
-4
31
60
66
29
-42
-65
-79
-32
79
146
136
67
-52
-151
-155
-76
18
114
150
38
-62
-82
-96
-34
68
113
95
46
-41
-157
-161
-59
58
96
40
35
16
-72
-62
-5
9
21
10
-16
-4
64
41
-58
-22
22
-29
-60
-47
0
40
58
-9
-46
-13
-3
50
56
27
22
3
-40
-87
-91
-48
-9
17
40
14
-20
15
51
26
-19
-21
-1
31
67
67
38
3
-38
-55
-26
-23
-8
35
19
43
13
-78
-22
64
79
55
-25
-81
-35
-34
-68
16
56
31
20
10
41
32
19
-21
-75
-64
-78
-60
21
99
115
84
73
23
-3
26
33
81
67
-19
-78
-96
-116
-105
22
62
29
58
41
21
-19
-79
-36
45
51
-27
-80
-96
-43
44
30
50
79
76
108
73
15
12
0
-23
-110
-186
-193
-139
5
47
11
10
38
73
39
44
31
-24
-60
-124
-129
-63
-37
-80
-31
82
100
74
29
47
90
73
-12
-59
-15
-6
-83
-185
-105
52
16
-56
-32
29
107
109
29
-19
11
109
146
77
-8
-77
-81
-63
-22
54
108
121
37
-61
-51
1
41
44
-1
-44
-67
-56
-74
-88
1
87
98
48
-45
-110
-61
46
104
103
58
-3
9
31
-57
-53
35
-10
-87
-120
-78
-24
9
14
29
76
61
27
7
9
-6
-70
-68
-86
-121
-65
14
69
50
31
27
25
62
89
102
86
21
-57
-121
-129
-92
-72
-31
19
-7
-39
-3
92
167
164
86
2
-39
-31
9
-19
-33
-12
-43
-51
-34
-17
-3
59
129
101
67
-5
-63
-74
-76
-49
-55
-26
1
-41
-78
-50
57
100
79
48
47
94
84
18
-44
-42
-16
-44
-50
-64
-56
-16
-65
-84
-30
52
114
103
82
35
-30
-75
-81
-21
25
5
-73
-82
-36
-24
2
19
93
182
143
42
-19
-10
-1
-13
-35
-73
-94
-79
-32
2
34
65
50
41
26
19
27
46
52
-2
-62
-102
-101
-71
-40
-2
39
81
104
79
7
-15
22
35
14
-32
-67
-77
-79
-74
-37
-1
6
9
6
-11
9
57
50
0
-48
-76
-40
19
17
-21
-20
14
28
13
-1
11
34
19
-36
-59
-26
26
34
8
-4
6
23
4
4
5
-29
-23
-5
-11
-27
-3
47
59
31
-12
-14
47
101
41
-48
-64
-65
-43
-11
26
74
79
46
-1
-16
3
46
66
36
-12
-106
-175
-122
-40
8
8
22
33
21
33
27
51
66
27
-15
-44
-26
2
6
-9
-37
-17
27
55
58
54
36
-11
-31
-49
-27
11
-10
-17
-32
-29
-5
-24
-16
-7
-6
3
9
-14
-37
-7
-5
11
34
8
13
31
19
-12
-23
18
28
12
-9
-22
1
36
81
62
-13
-53
-47
1
27
20
5
-27
-28
-31
-25
13
77
119
55
-42
-82
-46
16
8
-47
-96
-85
-37
-13
-5
20
71
78
56
9
-26
19
63
34
-44
-69
-18
10
-15
-53
-57
-3
75
67
12
6
6
1
-12
-26
-20
1
16
-2
-57
-48
0
11
9
-26
-37
8
37
24
-28
-34
23
58
53
8
-46
-39
0
16
3
-17
-4
16
7
-24
-21
21
53
57
19
-30
-31
-9
-14
-52
-62
-19
32
43
-6
-30
18
58
59
22
-8
0
1
-46
-81
-39
7
28
12
-18
-18
4
50
63
37
5
-15
-5
13
4
-50
-68
-58
-51
-8
20
36
50
35
7
-17
-1
22
27
6
-37
-46
-22
-3
8
-4
-13
12
21
14
4
-19
-8
23
39
32
17
22
12
-12
-34
-32
-5
16
25
-4
-27
-20
5
15
3
11
12
36
52
8
-22
-20
-1
-10
-21
-4
12
41
13
-34
-46
-17
38
34
16
0
-4
15
-14
-41
-46
1
45
36
-8
-39
-10
14
8
-10
-15
7
6
-22
-35
-3
43
33
4
-5
12
44
24
-22
-41
-45
-21
-11
-21
-11
-7
6
16
38
44
13
6
-19
-34
-28
-10
12
8
-17
-44
-41
6
47
48
24
11
6
-4
-6
-9
-8
-8
-3
-9
-11
-7
2
5
5
18
26
43
47
19
-10
-20
-14
-3
-10
-17
-12
-6
-6
-20
-13
6
17
34
32
9
-18
-29
-10
6
13
-19
-29
-18
-21
1
9
15
14
9
16
9
5
-7
-27
-11
9
12
-7
-18
-28
-35
-38
-40
5
48
54
22
-10
-6
8
21
14
-3
-3
-10
-19
-37
-33
4
37
36
-7
-27
-18
7
25
13
15
13
-4
-20
-27
-7
4
8
-2
-4
16
20
18
-5
-23
-13
-5
9
-1
0
11
7
28
19
9
7
0
6
-22
-27
-15
-9
15
11
-6
-26
-26
-5
13
41
33
29
24
-8
-14
-28
-20
-29
-31
-5
-5
2
-10
-13
0
23
26
16
23
3
-2
-10
-23
-12
-10
9
4
-22
-26
-15
23
35
48
39
10
-4
-23
-20
-7
2
-2
-26
-24
-19
-1
14
7
14
8
8
2
-2
13
14
7
-15
-27
-29
-21
2
0
0
14
27
34
12
-3
-8
-8
12
-7
-18
-11
3
12
-20
-23
0
18
15
-10
-5
2
18
8
-18
-17
-14
-7
-24
-5
32
41
32
-16
-22
-6
12
19
-15
-23
-23
-4
6
-10
7
8
7
-11
-17
0
-10
-2
-9
-16
1
8
20
10
3
-8
-27
-19
-12
1
9
-3
-3
-1
9
21
5
-9
-8
14
15
-3
-12
-23
-26
-14
-3
-1
3
5
1
3
28
37
36
26
13
-3
-28
-25
-8
12
15
-8
-20
-16
2
3
-3
4
11
22
17
8
5
1
1
-13
-15
-4
4
1
-16
-16
-1
11
21
10
0
5
5
13
3
-2
6
-2
-10
-16
-8
7
15
26
10
-12
-11
-2
1
-6
3
10
8
-2
-11
-15
0
18
9
-1
-17
-18
1
5
21
21
7
13
8
-7
-22
-22
3
6
0
-6
-15
-8
4
-1
2
19
30
28
-6
-37
-30
-14
-4
-2
-7
-2
-3
-14
-10
-8
-2
10
9
5
-14
-3
17
14
15
8
-7
-2
8
-5
-16
-13
4
18
15
12
6
-11
-13
-8
-1
4
11
6
-4
-13
-5
20
19
14
7
2
6
14
10
8
5
-3
-4
-9
-13
-12
-3
18
8
-1
-1
8
24
16
8
-3
-14
-5
-3
1
-1
-4
-8
-12
-16
-9
12
14
21
12
3
16
18
15
-14
-32
-11
-7
-7
-1
-6
-1
9
3
-10
2
22
15
6
-9
-20
-13
-12
-6
-2
-5
9
17
12
10
11
22
13
3
-11
-15
0
1
-14
-23
-8
-1
13
7
-10
-5
-5
11
7
-9
-14
-17
-1
11
3
4
2
2
13
0
-14
4
7
2
-13
-26
-6
5
-4
-6
-8
2
16
5
-9
0
4
-2
-13
-29
-13
0
5
3
-15
-3
1
7
15
6
10
21
16
3
-3
-3
-6
-9
-11
6
14
4
-2
-15
-13
-4
0
4
-3
-9
-16
-7
-2
-8
-10
-11
-1
0
2
4
-2
6
8
-2
0
-5
5
24
18
22
-5
-19
-5
-18
-11
-11
-1
12
-1
-14
-14
-7
3
4
0
8
-4
-4
-3
-9
-1
3
-4
-3
0
3
3
3
17
12
-4
9
10
4
1
-6
-1
-5
13
9
-15
-6
7
9
5
-9
-12
3
8
-10
-17
-9
2
11
-10
-22
5
25
18
-13
-9
2
-3
14
3
2
9
-5
-14
-25
-14
7
16
-1
-13
-17
-16
1
9
8
9
13
8
-7
-7
-5
1
3
-3
6
4
-5
1
3
3
0
-7
-7
-5
-7
-10
-20
-18
-7
-3
20
14
4
15
-15
-10
14
6
21
23
1
6
7
11
5
-17
-16
-6
13
23
2
-2
-1
-14
-17
-16
-5
10
1
2
-2
-1
9
-5
-18
-25
-12
17
16
12
12
-4
-4
2
-3
17
19
28
24
-4
-3
-2
12
14
1
5
0
-13
-5
-8
-8
8
5
-13
-5
4
2
5
-3
-15
-7
3
-20
-28
-16
-15
-6
3
15
5
2
6
-27
-7
21
23
22
18
4
-18
-11
-17
0
23
11
7
3
1
5
3
-5
-11
-3
16
12
5
7
-17
-18
-11
-7
4
14
18
-4
-20
-11
13
18
15
8
-3
-7
-12
8
10
-6
-6
-17
-9
9
7
8
14
30
31
-20
-24
4
5
-6
-40
-8
18
5
3
-19
-21
-11
11
11
9
20
7
-21
-32
-12
-1
11
3
-10
3
-3
16
17
-1
8
-6
-4
-13
-11
20
-6
-20
-5
-3
17
26
21
-9
-31
-26
0
29
33
22
-34
-56
-27
6
18
6
10
-1
-22
-10
8
7
20
23
5
-13
-10
11
-3
-31
-35
-1
6
-8
20
-2
-49
-41
10
33
6
4
1
-25
-29
3
4
-24
0
-6
-7
-1
10
36
-16
-18
29
26
22
24
19
-16
-39
-5
-7
-20
24
50
20
-18
-8
3
0
13
28
16
-12
3
5
-17
-16
12
22
4
17
21
-20
-36
-8
12
6
20
14
-27
-30
-21
5
31
28
13
-12
-22
-9
16
36
18
-6
-15
-18
0
22
14
-1
-1
-6
-4
-10
-21
-17
-11
8
37
35
13
-19
-48
-42
-5
29
48
21
-11
-44
-58
-17
21
28
33
15
-31
-29
-5
20
32
23
0
-36
-32
16
37
14
-2
-3
-10
4
21
25
11
-1
18
-1
-24
7
12
16
16
0
-5
-30
-17
4
-3
-5
11
25
7
-11
-6
-22
-25
29
47
16
-23
-43
-48
-24
18
48
21
-10
-1
-13
-17
15
20
11
-7
-11
-5
-32
-13
-5
-13
18
3
-8
-19
-23
1
-13
0
34
16
-27
-25
-14
-43
-42
31
37
-6
-7
-26
-11
2
26
55
7
-8
-13
-50
-38
14
54
32
-19
-17
-37
-37
34
41
17
-8
-12
-14
-19
21
49
45
-7
-34
-21
-27
13
29
4
-8
-11
-1
-13
-9
18
28
25
22
-4
-24
-13
-7
-8
-8
14
20
-10
0
9
17
25
4
-5
-23
-35
-14
9
34
30
-5
-29
-31
-8
27
39
30
10
5
3
5
13
-7
-23
-47
-30
22
16
10
0
-12
-8
-13
19
41
7
-12
-24
-43
-22
8
23
23
-6
-28
-38
-1
43
45
32
-9
-23
-27
-6
21
20
18
1
-21
-20
-10
13
14
6
15
-19
-42
-18
29
39
16
6
-28
-54
-28
11
29
27
22
-3
-19
-2
0
-3
18
23
17
-10
-26
-10
5
27
32
16
-5
-35
-30
0
33
50
14
-22
-48
-48
-25
5
30
25
11
-8
-31
-20
13
19
-1
-6
15
3
-5
0
-8
-12
-4
20
5
-9
15
14
-10
11
35
11
-15
-2
-4
-15
-6
-7
-9
-13
1
29
18
3
18
14
-8
-4
5
-11
2
28
9
-18
-12
2
-7
13
32
-12
-18
11
13
-10
-30
-13
-32
-40
9
39
6
-36
-19
-23
-53
5
65
26
-22
-4
5
-27
9
47
15
16
-14
-26
-10
-26
16
-4
-14
32
19
3
-35
-28
15
-4
36
39
-5
-14
-45
-49
-25
16
30
9
16
14
-18
-27
-4
19
26
56
18
-22
-9
-17
5
-7
-25
15
-14
1
19
-5
37
39
32
-23
-39
41
8
-48
-11
15
-12
-56
-18
29
9
36
18
4
7
-43
-33
-26
36
43
-22
-34
-62
-17
-34
-16
115
60
-9
-14
-62
-31
42
58
-6
-73
-61
-50
-52
16
88
58
-30
-21
-6
-34
9
62
63
-16
-49
-6
-35
-27
38
61
22
-43
-9
-19
-53
44
83
28
-52
-39
4
-23
16
52
-2
-65
-57
10
17
35
49
-6
-40
-5
43
9
-16
29
-2
-97
-84
21
60
23
33
9
-54
-58
18
88
70
47
13
-72
-93
-33
17
34
74
81
-49
-130
-48
26
75
103
67
-7
-89
-63
-24
36
104
98
14
-116
-94
-8
22
86
86
24
-62
-87
1
2
9
80
40
-54
-94
-75
-28
22
88
56
-30
-82
-82
-16
15
60
68
-37
-73
-55
-56
-14
54
81
-5
-44
-35
-62
1
40
47
-3
-11
32
-17
-17
71
84
5
-42
10
33
-10
-28
-85
-52
16
27
48
-8
7
46
-2
30
47
44
-7
-73
-42
-55
-37
-23
-46
30
23
10
16
-24
20
24
4
-43
-25
35
-12
-35
-39
-21
21
3
-3
15
19
29
9
21
60
57
3
-90
-52
-4
-18
9
24
44
33
-27
-24
27
48
49
59
25
-48
-10
-33
-103
5
30
-49
-11
9
-35
12
65
18
19
37
7
8
-27
-65
-14
50
-2
-39
-12
-60
-43
48
56
46
52
3
-35
-1
8
5
81
50
-25
0
-51
-33
23
-4
37
64
6
-28
-5
-16
-29
51
26
1
0
-146
-133
0
35
33
36
18
-56
-25
46
5
59
80
2
-58
-85
26
11
-68
-14
-44
11
78
42
36
17
36
38
-4
-50
-45
45
-12
-74
16
-57
-115
18
74
15
47
89
-10
-90
-25
-17
-37
20
42
37
-6
-23
-44
-24
69
49
32
20
8
-38
-73
-20
8
86
40
-83
32
55
-34
54
49
-45
-79
-81
-41
33
157
65
-97
-82
-35
1
5
70
79
-46
-92
-98
-118
-17
94
85
63
9
-72
-23
-10
-17
82
39
-20
-34
-133
-103
-18
29
107
104
52
18
-15
-48
-24
60
13
-24
46
-66
-78
-1
-30
59
94
-15
-11
140
8
-75
108
-60
-100
77
-18
-18
59
2
-24
26
34
-90
12
40
27
110
-68
-36
56
-29
-32
52
47
-46
25
-5
-86
77
57
-61
28
57
-46
-22
21
-26
-86
-78
2
-40
33
81
-112
-50
51
-66
-37
140
-8
-163
25
33
-119
13
103
-82
-27
36
-95
19
135
-70
-103
47
29
30
59
-41
-15
-10
-28
34
86
62
-8
13
-32
45
110
-37
24
20
-145
-104
-96
-136
9
102
-14
-51
74
68
-63
41
73
-2
-15
-37
-75
-115
-22
-15
-130
-49
128
79
28
215
69
100
253
43
25
-1
-59
-234
-147
-66
-184
57
79
-37
152
152
-3
44
60
-10
-38
10
16
-147
-92
13
4
1
161
129
-17
233
249
123
56
161
1
-143
63
-158
-144
118
-46
-81
115
47
-12
63
5
-52
-125
-209
-186
-29
-124
-153
-32
-82
-97
-44
60
-10
37
32
-131
-12
-36
-57
-166
-93
78
-133
49
127
-11
11
54
30
-66
153
128
-138
113
45
-175
45
16
-49
101
169
-61
-30
208
-75
-58
213
21
-42
105
-29
-188
17
82
-117
55
154
-126
-8
130
-45
-23
67
38
-98
49
176
-56
55
73
-220
-65
144
-43
-98
198
-24
-166
65
57
-187
62
171
-285
90
75
-228
-19
59
-50
-114
169
16
-77
112
66
-141
-86
104
-110
7
122
-42
-116
83
-13
-143
322
73
-153
233
10
-259
151
87
-456
98
270
-425
31
330
-359
-13
371
-264
-97
399
-110
-272
351
-90
-380
304
-16
-294
332
86
-244
86
217
-132
-13
316
-69
82
177
-50
-23
-29
-13
55
-47
68
94
-90
57
22
-17
-26
12
82
-188
152
11
-138
96
-29
-35
-164
114
-74
-171
270
-123
-106
227
-169
19
56
62
-132
-47
120
-291
196
1
-125
149
-93
-118
22
70
-132
-37
141
-293
-24
195
-303
44
189
-195
34
124
-74
-21
204
-114
-76
317
-297
-52
225
-204
1
124
17
-153
417
70
-198
440
-99
-78
115
-208
-81
-54
-61
-39
-73
-116
54
60
-183
128
221
-307
150
319
-359
25
215
-151
-130
189
34
-331
152
151
-287
202
140
-135
24
2
26
-84
65
197
-125
-77
36
-159
-41
-47
150
-59
6
242
-318
93
88
-142
94
-27
51
-160
-89
73
-80
89
124
100
35
-21
67
-72
-129
342
-151
-270
522
-157
-158
469
37
-247
189
266
-534
7
503
-505
-65
403
-238
-275
346
49
-275
143
298
-246
-120
361
-126
-210
208
101
-366
116
314
-339
48
270
-193
-96
246
49
-283
195
166
-443
33
234
-298
-107
341
-13
-338
263
194
-470
145
343
-379
-96
524
-299
-332
546
-162
-434
340
289
-478
169
327
-414
-27
327
-87
-319
414
9
-409
144
323
-384
-82
551
-402
-160
489
-193
-312
330
176
-596
241
409
-675
117
582
-558
-184
511
-209
-392
379
171
-471
326
245
-455
31
237
-45
-188
105
279
-420
105
365
-484
104
304
-202
-231
281
-104
-461
533
-37
-456
499
0
-538
377
178
-574
286
295
-569
233
397
-423
128
464
-280
-234
589
-255
-458
650
-147
-520
522
165
-583
361
446
-661
141
602
-570
-129
728
-477
-253
647
-410
-263
265
157
-440
117
594
-693
105
512
-421
-243
503
11
-606
481
250
-709
326
484
-638
-1
644
-486
-231
640
-232
-417
694
-264
-444
818
-428
-247
585
-368
-204
512
-164
-517
695
-47
-819
823
-30
-815
597
346
-1001
407
619
-1026
282
695
-790
-112
747
-531
-378
951
-472
-466
1027
-742
-193
860
-615
19
510
-128
-557
675
7
-1013
1190
-293
-816
1075
-369
-598
664
35
-784
563
247
-951
575
267
-863
471
384
-797
407
392
-675
218
464
-676
189
415
-628
237
418
-614
183
509
-558
52
730
-695
20
748
-757
-31
495
-273
-333
590
-191
-564
637
-111
-625
587
-36
-471
472
-108
-296
264
58
-191
165
226
-361
58
344
-601
367
165
-700
601
44
-526
335
341
-467
15
599
-307
-255
887
-444
-618
747
-328
-581
510
143
-504
207
560
-630
9
593
-597
-94
571
-175
-341
557
-120
-412
409
123
-564
578
-22
-367
479
-147
-138
101
84
-315
246
258
-596
525
22
-497
601
-134
-261
265
36
-290
65
185
-281
-42
288
-382
227
102
-180
227
-14
-40
130
72
-160
96
144
-243
186
83
-149
111
-12
-47
-154
345
-249
43
135
-323
182
-253
-105
231
-143
93
-98
102
-291
31
226
-262
-4
294
-296
-64
213
-305
244
-91
-51
300
-208
47
-50
-152
126
-282
383
-15
-40
157
68
93
-403
453
-87
-422
770
-379
9
27
-70
-55
-114
344
-97
212
-97
-130
322
-697
233
91
-555
287
477
-220
-252
555
-655
-344
560
-383
7
188
24
-148
6
155
-389
112
26
-196
566
-281
13
260
-240
12
57
-4
-73
113
230
-158
69
-17
-97
-22
-163
283
-67
-230
206
111
-310
100
422
-732
59
714
-604
79
520
-780
-105
625
-329
-94
399
-41
-519
458
204
-537
311
33
75
-181
340
127
-717
243
320
-416
307
270
-348
-154
391
-86
-143
258
77
-240
378
-86
-318
265
-277
65
-17
272
-298
71
182
-319
227
-3
-174
-35
321
-152
-148
196
-527
230
-107
102
84
-266
433
-160
-57
280
-283
-322
152
-10
-250
125
398
-778
294
564
-837
444
374
-654
239
527
-442
-210
474
-351
-374
538
-50
-145
212
194
-69
103
173
112
-378
217
261
-481
232
42
-317
60
227
-350
-39
658
-512
-120
701
-484
-296
548
-237
-476
470
74
-362
2
353
-235
-183
509
-188
-166
308
-312
83
135
-241
283
-53
-99
5
238
-334
4
409
-255
-85
585
-549
-75
562
-537
-56
484
-238
-310
519
-139
-579
421
73
-650
410
253
-401
217
103
22
-189
116
162
-221
-60
79
121
-470
287
166
-466
152
337
-283
27
332
-164
-27
-17
-23
-46
-38
-64
185
-13
-62
179
-173
14
52
138
-77
-115
121
-84
-33
-113
36
65
-445
505
-33
-192
592
-424
216
22
-101
159
-257
156
-381
261
126
-549
545
-40
-287
394
106
-34
-123
468
-331
-395
704
-634
-52
427
-531
245
282
-124
-236
486
-114
-464
756
-316
-407
593
-440
-157
568
-483
42
430
-515
302
206
-325
-97
113
-155
-184
53
-92
-247
10
227
-328
12
201
-210
-9
364
-234
-34
460
-439
-23
439
-317
-32
373
-10
-276
525
-159
-343
634
-409
-122
664
-392
46
453
-345
-73
292
-257
17
222
-305
132
-17
-34
-112
-48
288
-266
51
416
-548
260
388
-587
64
38
-55
-186
242
-14
-275
350
-150
-184
281
-74
-161
212
-21
-250
94
251
-548
355
209
-275
105
292
-244
-167
431
-205
-263
510
-278
-152
274
-296
168
-183
-57
219
-261
320
-129
152
-26
-462
625
-415
-378
561
-266
-450
614
-267
36
41
74
80
-258
299
-152
100
-19
96
-71
-159
147
83
-247
151
198
-394
547
-280
1
51
-83
184
-294
296
-120
-86
90
80
-114
-89
266
-495
297
84
-134
115
-199
223
-166
11
282
-269
4
176
-25
-123
-21
128
-274
-106
323
-393
72
38
-280
216
-228
39
-8
95
-82
91
193
-434
340
301
-518
438
128
-308
52
315
-218
-397
543
-347
-118
453
-91
144
-218
135
226
-663
400
212
-546
245
258
-313
-266
553
-247
-450
792
-80
-280
265
205
-546
64
557
-777
35
704
-546
-107
806
-643
-143
701
-162
-411
635
75
-722
404
344
-694
32
574
-691
35
532
-440
-160
475
-66
-280
552
-155
-572
563
-139
-367
306
-61
-53
-101
342
49
-421
460
45
-247
178
78
-39
-258
161
27
-225
199
-158
109
-9
-246
495
-365
148
102
-272
93
24
55
-255
296
-32
-276
544
-361
11
521
-406
-5
245
-353
-94
284
-193
-365
603
-343
-351
775
-536
-140
780
-567
-154
499
-583
-15
774
-686
-237
831
-510
-203
888
-272
-400
806
-91
-540
708
-128
-357
284
29
-246
240
264
-581
291
324
-655
573
90
-808
401
153
-571
35
250
-467
180
307
-643
279
666
-717
266
613
-938
428
407
-770
-4
535
-686
-251
919
-598
-195
767
-647
-115
726
-396
-171
228
35
-585
361
503
-1043
575
493
-704
102
305
76
-438
494
-67
-651
743
-175
-490
374
0
-197
42
38
-217
282
19
-241
308
70
-288
85
-54
-271
322
-250
-123
263
-285
228
-109
186
78
-256
89
97
-90
-110
-82
284
-265
-7
344
-286
269
171
-1
-334
391
299
-648
55
248
-329
-33
355
-274
-62
167
-70
240
-274
112
507
-815
377
181
-551
557
74
-238
-308
220
268
-405
285
75
-3
104
-143
511
-185
-73
158
-623
18
361
-216
-442
213
175
-369
29
254
298
124
-103
-358
291
440
-372
-88
-67
-57
-25
-27
322
-22
-32
245
-514
20
636
117
-380
-171
243
-320
185
132
-315
-124
-78
365
83
-20
193
-320
209
-367
-236
370
-135
-20
-267
71
10
-35
-129
-392
252
339
-59
-17
9
65
35
-84
63
-14
-190
-71
215
83
-60
-39
38
-192
117
339
-359
25
274
-123
-129
-4
73
-137
-117
15
-119
-57
141
66
-73
-125
234
93
-164
378
105
-297
251
48
-296
271
-114
-133
53
160
25
-100
325
-46
-85
-45
-194
7
176
-215
-44
70
-18
17
-81
-39
-40
-23
33
-41
-73
208
156
-161
-2
197
-3
-23
63
74
21
83
13
-34
157
231
239
-112
-72
200
-142
-142
-200
-64
-62
233
-39
-276
240
-256
39
63
-399
255
-114
-45
180
-312
157
13
-99
-16
-214
23
40
-69
-194
76
150
-263
20
236
-161
179
171
-257
112
309
-73
-10
60
-173
54
34
-147
68
112
-210
9
63
-95
59
31
-5
89
85
-205
-109
52
22
-78
-242
8
32
109
203
-6
-70
95
-38
-124
305
92
-142
230
-7
-160
162
164
30
34
119
-21
14
186
61
-83
22
126
-120
145
187
-15
24
-21
5
89
-89
-176
-76
-36
-54
-78
178
215
1
-135
-227
-220
24
105
-75
87
115
-147
-269
-228
-201
104
96
-27
213
29
-169
-47
-63
-29
-87
-5
62
106
271
-108
-436
-215
-12
-84
230
342
-137
145
158
-234
87
259
-77
-122
-62
-163
-177
118
40
-218
202
339
-96
86
214
63
262
349
8
183
552
-29
-197
79
-208
-50
240
41
176
118
-373
-632
-392
-149
-241
-148
10
-47
-316
-587
-606
-461
-273
-102
21
269
339
80
-130
-229
-64
86
129
463
727
746
346
14
15
-69
183
366
339
434
305
-197
-384
-254
-312
-354
-316
-26
49
-249
-338
-558
-529
-275
-287
-145
-11
128
18
-115
-108
-111
264
398
519
644
512
471
348
431
550
491
381
94
-84
-58
199
326
298
418
121
-535
-1081
-996
-494
-166
98
-164
-406
-564
-1244
-1383
-728
-235
123
138
23
136
180
-103
-342
29
253
319
460
741
1232
1000
380
59
32
235
393
550
1060
1033
230
-419
-793
-622
-462
-450
-122
-14
-152
-509
-853
-712
-661
-621
-384
-130
-32
-115
10
-199
-305
-38
-43
508
774
694
846
518
506
829
894
899
595
184
-15
250
596
597
645
640
-149
-1330
-1711
-1047
-289
155
116
-249
-516
-1254
-1975
-1737
-670
228
112
-404
-273
55
-281
-763
-429
375
678
512
788
1590
1747
831
-12
55
604
718
515
701
1173
850
-249
-818
-505
-67
-28
-224
-275
-210
-604
-1256
-1178
-880
-902
-987
-875
-514
-238
-206
-153
-116
-115
-126
327
1175
1355
991
526
411
577
566
872
1531
1369
289
-620
-440
349
1083
1307
1206
1030
-467
-2397
-2449
-802
462
439
25
-450
-886
-1851
-2989
-2014
54
503
-454
-749
-29
297
-465
-1343
-561
851
917
391
978
2181
1909
243
-292
416
1253
1214
452
732
1392
394
-1046
-1000
-118
168
-311
-714
-296
-121
-901
-1384
-991
-505
-644
-919
-648
-250
-301
-736
-790
-148
266
86
492
1210
971
242
-17
356
1244
1455
1185
1612
2178
1420
-477
-916
2
377
637
1006
1077
1217
-286
-2964
-3601
-1390
309
307
270
296
-223
-1916
-3656
-2937
-397
1155
371
-298
549
966
-302
-1724
-1228
551
1543
1302
1491
2533
2235
74
-1216
-592
874
1515
1245
1368
1568
37
-1968
-1880
-550
-118
-185
-143
-80
-429
-1753
-2753
-1732
-439
-609
-748
157
831
-15
-1431
-1365
-192
593
638
962
1688
1616
277
-679
28
1296
1397
1184
1556
2067
1384
548
811
-69
-854
-697
-541
572
1731
743
-68
-449
-2692
-4719
-2352
1032
2097
1556
-47
-1091
-1745
-3507
-3811
-595
3110
2794
182
-505
427
0
-1523
-1470
977
3258
2631
865
1367
2436
412
-1824
-1267
868
2208
1510
306
499
-60
-2367
-3060
-1157
632
483
-658
-1110
-1157
-1943
-3062
-2098
153
675
-300
-533
210
350
-1056
-1427
443
2114
1662
609
1169
1826
617
-684
-257
1778
2734
1393
262
1019
1343
240
-423
1231
2957
220
-3091
-2698
-714
510
573
-71
844
364
-3932
-6773
-2342
2922
2665
319
-913
-692
-1156
-4228
-4278
1031
4884
2405
-1533
-746
1828
701
-2447
-2165
1807
4014
1993
62
1684
3261
-64
-3501
-1564
2338
3057
1145
-37
733
128
-3592
-4291
-402
1799
607
-1135
-1042
-264
-1905
-4127
-2655
1119
2042
-339
-503
1292
862
-1815
-2812
214
2961
2213
802
772
1749
616
-2264
-1488
2310
3373
1209
-344
269
439
-435
-724
918
3049
2773
30
-2700
-2543
-1604
-1676
-265
2227
2235
1002
-917
-3679
-4572
-1678
1024
2000
2275
752
-944
-1782
-3584
-3826
-635
2753
2914
1177
419
660
-16
-1923
-2497
2
2844
3215
1842
1394
1653
-416
-2627
-1670
955
2720
2414
964
453
-242
-2337
-3219
-1129
655
258
-393
-275
-7
-1210
-2981
-2609
-945
147
114
131
1057
1065
-1077
-2668
-860
1777
1696
1234
1452
1100
120
-1043
-761
1217
2501
1696
131
102
512
-214
-276
1011
2317
1936
1284
697
-2057
-3161
-2040
-1211
1051
2931
1527
536
-295
-4159
-6407
-1814
2885
3231
1959
-276
-1618
-2364
-4690
-4589
281
4724
3768
147
-760
478
-85
-2284
-1814
1614
4130
3524
1237
824
1528
-831
-3017
-1085
2146
3295
2359
514
-404
-1281
-3466
-3456
195
2154
844
-973
-1530
-1439
-2658
-3489
-1706
1133
1865
155
-957
-154
28
-1894
-2609
553
3128
2252
757
117
117
10
-865
-323
2461
3758
1455
-779
-662
-222
-552
-190
1378
2768
2159
619
332
-1248
-3410
-3190
-1357
1446
3296
1764
29
-74
-2812
-7392
-4954
2276
5294
3588
248
-1830
-1725
-3596
-5697
-2134
4676
6202
1735
-1451
-187
822
-1833
-3212
422
4815
5361
2113
-207
558
-283
-3540
-3090
1727
4631
3070
50
-1361
-1465
-2746
-3896
-1147
2631
2134
-1058
-2388
-1606
-1782
-3236
-2565
990
3226
1750
-918
-994
389
-849
-2808
-338
3914
3875
836
-852
-718
-287
-517
-423
2181
4639
2448
-1794
-2501
-777
-358
-713
603
2517
2632
716
-889
273
28
-3156
-3405
-243
2632
3040
1157
-48
133
-2565
-7281
-4854
3282
6204
2966
-707
-2006
-1445
-3324
-5626
-1917
5130
6160
939
-2264
-770
476
-1752
-3180
589
5020
4892
1539
-624
15
-467
-3036
-2005
2812
4784
2088
-828
-1664
-1631
-2535
-3215
-205
3801
2263
-1969
-2746
-1269
-1361
-2939
-2214
1319
3134
911
-2084
-1541
729
-159
-2386
-439
4020
3644
-604
-1888
-731
-38
-25
-363
1529
3983
2007
-2324
-2617
-36
322
-500
893
2718
2544
305
-977
870
109
-3193
-2879
655
3718
3410
290
-849
374
-2510
-7983
-4331
4485
6466
2374
-1848
-2746
-1672
-3626
-5594
-1246
5950
5895
-221
-3133
-776
654
-2362
-3297
1159
5144
4439
946
-677
187
-635
-3489
-1781
3905
5191
1779
-1020
-1697
-1865
-2852
-2810
949
4498
2194
-2632
-3429
-1476
-1561
-2629
-638
2758
2955
-217
-2932
-2175
409
249
-1744
355
4495
2912
-1454
-1960
-285
13
324
847
1814
3307
1472
-2743
-2960
260
1118
254
1555
3041
1741
-298
-578
886
336
-2424
-2505
-103
2390
2745
520
-446
598
-1983
-7228
-4597
3583
6051
2493
-1532
-3253
-2288
-2904
-4586
-1398
5145
5818
386
-2970
-1722
0
-1173
-1970
1139
4538
4322
1185
-852
-465
-471
-2127
-1047
3392
4720
1497
-1172
-2087
-2221
-2287
-1966
842
4126
2481
-2656
-3986
-2187
-1850
-2002
-538
1997
2780
255
-2807
-3110
-284
740
-614
1005
4069
2769
-1436
-2602
-774
-8
1146
1868
1685
2896
1762
-2221
-2655
437
1319
544
1611
2170
866
-308
-725
1284
1410
-2279
-3145
-486
2419
2779
500
-786
-34
-2040
-7124
-5042
3084
6242
3058
-1682
-3969
-2500
-2542
-4200
-1538
4691
6023
990
-3176
-2632
-122
-558
-1575
1140
4130
4263
1830
-855
-1391
-751
-1554
-573
3689
4846
1656
-1027
-2616
-2871
-1943
-1275
1060
4335
2578
-2629
-4151
-3006
-2183
-1333
-85
1949
2762
467
-2681
-3334
-970
669
164
1181
3427
2306
-1507
-2606
-1010
-322
1184
2091
1772
2335
1016
-2376
-2727
443
1933
1170
1765
2238
853
-371
-614
939
643
-1946
-2112
-250
2105
2510
436
-662
279
-1835
-6750
-4525
3092
5820
2750
-1732
-4163
-2847
-2508
-3795
-1329
4411
5702
942
-3093
-2562
53
-46
-975
1228
3918
4302
2040
-725
-1563
-728
-1231
-350
3538
4466
1466
-1132
-2800
-3089
-2127
-990
1545
3946
2084
-3239
-5201
-3124
-1572
-540
555
2136
2304
-236
-3110
-3805
-909
1714
1254
1519
3100
1832
-1568
-2270
-162
793
1869
2572
1279
988
351
-2588
-2916
697
2761
1530
1553
1703
61
-934
-768
1044
1512
-1156
-2423
-1369
1106
2256
576
-812
538
-555
-5980
-5748
1313
5132
3281
-1212
-4246
-2664
-1160
-3047
-2345
3247
5728
1884
-2842
-3365
85
1164
-354
506
2722
3821
2345
-340
-1442
-259
-415
-366
2709
3852
1242
-737
-2174
-2649
-1773
-1011
1166
3506
2020
-2833
-5176
-2849
-916
-168
530
1720
1941
-455
-2956
-3465
-988
2020
1725
964
2072
1381
-1415
-2548
-571
818
1737
2922
1683
510
-265
-2114
-2450
387
2588
1673
1177
1667
40
-1557
-783
1410
2593
-128
-2250
-2069
20
1681
920
-234
890
913
-4246
-6740
-1071
4388
4336
480
-3348
-3254
-1309
-2668
-3278
961
5116
3545
-1037
-3591
-1458
1207
242
150
1748
3229
3145
965
-1440
-1169
-331
-339
1730
3311
1722
37
-1277
-2852
-2477
-1309
472
3365
2977
-1185
-4645
-3722
-1934
-700
590
1417
1994
383
-2921
-4136
-2014
1819
2754
1316
1370
1036
-1139
-2554
-1399
753
1854
2857
1768
-11
-227
-1472
-2211
-16
2625
2029
934
1329
79
-1344
-550
1101
3073
1838
-1949
-3415
-1455
1322
1511
575
810
1454
-1950
-6895
-4484
2192
5182
2735
-1914
-3898
-1771
-1859
-3761
-1265
3906
4814
1071
-3017
-3029
579
1095
-363
711
2661
3754
2514
-582
-1865
-368
152
843
2870
2717
1009
-203
-2279
-3174
-1663
72
2236
3086
410
-3396
-4082
-2486
-1345
108
1181
1651
982
-1495
-3521
-3191
-266
2242
1896
1115
1253
-156
-1874
-1449
64
1072
2525
2721
415
-615
-917
-1779
-593
2079
2526
1397
1141
105
-1355
-671
1030
2722
3577
145
-3667
-3316
-573
1369
2042
1639
1388
446
-4406
-7343
-2754
3323
5191
1932
-2783
-3523
-1743
-3183
-3745
378
4540
4494
474
-3732
-2583
919
387
-201
1591
3437
4084
1749
-2295
-2318
103
814
2179
2997
1710
691
-1019
-3673
-2975
-299
1387
3196
2076
-2082
-3861
-3480
-2842
-750
981
1282
1483
-25
-3127
-3803
-1855
683
2654
2453
1334
600
-1149
-1984
-886
359
1880
3199
1915
-274
-772
-1380
-1078
1192
2360
1892
1350
329
-995
-1037
200
1390
3318
3245
-1259
-4198
-3485
-549
1914
2586
1672
884
-613
-5294
-7119
-1919
4107
5557
1387
-3608
-3768
-2311
-3445
-3260
848
5234
5062
-126
-4818
-2727
824
385
356
2101
4231
4503
559
-3792
-2196
1061
1997
2722
2607
1628
864
-1818
-4318
-2248
659
2278
3054
638
-2578
-3446
-3230
-2695
-319
1473
1586
1032
-1273
-3429
-3130
-1499
963
2444
1822
1111
2
-1668
-1706
-600
548
2264
3332
1583
-245
-840
-1223
-172
1840
2330
1950
1505
-115
-1178
-873
543
1981
3538
2620
-1804
-4160
-3256
-653
1769
2493
1474
969
-778
-5603
-7382
-2433
3946
5727
1862
-2986
-3374
-2565
-4106
-3899
634
5909
5958
-129
-5316
-3059
424
489
698
2640
5063
4560
-652
-4692
-1842
2105
2849
2659
2181
1718
855
-2545
-4519
-1549
1422
2466
2098
-146
-2142
-2852
-3608
-3051
-255
1776
1786
695
-1600
-3148
-2810
-1737
611
2498
2479
1429
-521
-2237
-1947
-576
813
2793
3468
1662
-608
-1647
-1445
286
2083
2592
2308
1135
-822
-2161
-1491
497
2370
2690
2411
30
-3427
-4000
-2113
847
2877
2854
1292
87
-2914
-6832
-5261
841
5336
4444
25
-3198
-2885
-3670
-5143
-1869
4517
7328
3293
-3351
-5155
-1579
189
81
2228
5150
5187
805
-4624
-4440
779
3200
2912
2854
2460
965
-1606
-4271
-2705
1590
3221
2569
922
-1452
-3019
-3472
-3492
-1198
1796
2161
800
-1054
-3101
-3501
-1864
22
1879
2533
1370
-436
-2057
-2359
-987
1066
2797
3484
1711
-613
-1573
-1298
-25
2008
2872
2424
1560
-578
-2040
-1371
519
2278
2959
2347
1341
-1232
-3825
-3376
-815
2027
3289
2122
44
-1029
-3927
-6442
-3205
2385
5253
3510
-1140
-3779
-3457
-4880
-4739
669
6349
6625
1014
-5430
-5500
-1228
-189
799
4355
6102
3662
-2234
-6412
-2820
3350
4112
3234
2958
1677
-470
-3583
-4789
-31
4587
3952
1660
-506
-2338
-3151
-3647
-3022
1118
3729
1874
-777
-2985
-3991
-2951
-1467
488
3095
2955
95
-2557
-3554
-2363
9
1851
3096
3497
948
-2063
-2558
-1064
1405
3386
3270
2217
849
-1708
-2918
-1238
1773
3435
3308
1397
261
-1081
-3721
-3675
-604
2702
3400
1907
-662
-1339
-2670
-5457
-4034
1482
5229
3933
-473
-3860
-3557
-3726
-4398
-488
5455
6620
1566
-4411
-5663
-2027
-160
265
3534
6166
3754
-2177
-6002
-3383
2424
3874
2840
3158
2862
-275
-3893
-4591
-34
4806
4347
1453
-121
-1561
-3124
-3663
-2473
1642
4272
2118
-1476
-3223
-3737
-3040
-1264
906
2988
2656
-479
-3324
-3583
-2014
415
2516
3156
2474
120
-2191
-2421
-757
1363
2993
3238
1828
-18
-1480
-1652
-113
1446
2128
2199
1435
-267
-1259
-1299
-1364
-399
513
946
1095
503
-1149
-1513
-1388
-2087
-1519
476
1796
1562
-316
-2300
-1991
-1476
-2065
-646
1879
2873
1283
-1705
-3028
-1374
-441
-566
1375
3429
2918
3
-2940
-2582
545
1709
1678
2906
3128
931
-2096
-3422
-857
2724
2966
1609
904
-348
-2266
-3392
-2491
1189
3494
1675
-1095
-2311
-2865
-2720
-1526
202
2366
2243
-621
-2960
-2803
-1380
378
1732
2059
1832
680
-1330
-1777
-357
1443
2675
2365
1018
-64
-633
-818
-150
1036
1723
1680
489
-1113
-1466
-820
-81
745
995
325
-546
-1473
-1846
-1023
184
922
1043
-198
-1579
-1621
-805
60
998
1144
829
159
-1471
-2170
-733
1123
1618
920
-51
-414
-641
-1465
-1205
807
2232
1504
-341
-1248
-600
143
55
521
1680
1801
250
-1516
-1603
-73
948
772
692
865
204
-1131
-1931
-1205
331
1016
342
-343
-603
-934
-1214
-990
55
888
868
99
-530
-585
-200
119
368
794
938
502
-48
-95
26
351
609
448
182
216
260
14
-141
-116
-5
-2
-318
-444
-157
104
50
-201
-293
-208
-169
-336
-256
122
283
217
110
67
-47
-206
-186
221
559
573
356
54
-318
-638
-495
186
621
325
-119
-353
-442
-652
-733
-177
686
786
-42
-572
-425
-144
-257
-335
267
1011
671
-376
-781
-258
266
65
-92
355
785
238
-643
-855
-236
394
300
106
312
504
-25
-537
-419
274
595
361
257
280
165
-103
-137
74
581
550
77
-184
-238
-351
-352
-121
112
177
-177
-460
-432
-416
-436
-170
72
169
8
-396
-471
-244
-238
-179
347
755
782
291
-275
-253
190
386
500
745
700
299
-374
-749
-206
477
526
374
84
-232
-526
-747
-451
389
711
221
-285
-576
-647
-551
-381
103
755
632
-67
-486
-618
-431
-249
-46
403
615
228
-347
-590
-488
1
257
247
397
334
-178
-464
-337
68
585
650
317
117
66
-83
-52
76
313
433
191
-114
-283
-328
-182
61
67
36
-95
-333
-389
-413
-395
-85
219
105
-251
-502
-461
-127
26
44
238
418
261
-110
-158
164
570
546
262
234
272
276
23
35
341
509
257
-87
-82
13
76
-139
-293
-203
-186
-320
-315
-50
-5
-232
-580
-562
-134
101
21
-58
-152
-411
-560
-514
-86
430
507
179
-134
-224
-261
-92
265
541
530
205
-117
-237
-209
7
312
426
326
112
-132
-221
-167
-104
54
311
274
-72
-277
-367
-274
-55
33
90
69
-166
-429
-476
-274
29
165
51
-105
-213
-314
-245
24
369
511
335
27
-86
13
101
237
318
373
335
64
-143
-27
247
420
464
310
87
31
-61
-142
-37
179
199
5
-223
-310
-188
-161
-189
-210
-48
81
-113
-380
-363
-162
-100
-134
-113
36
85
-114
-275
-146
98
203
173
161
277
272
119
22
108
241
230
98
32
95
114
-8
-109
-46
15
20
-82
-174
-146
-125
-150
-247
-224
-144
-127
-311
-431
-279
-101
-36
-68
-54
-39
-100
-277
-247
6
225
250
175
223
284
207
77
102
206
272
241
262
408
393
133
26
122
236
221
172
200
159
-10
-146
-31
115
118
-95
-224
-97
-55
-222
-243
14
10
-199
-357
-285
-37
22
-123
-170
-30
-49
-135
-88
148
340
158
-31
49
247
276
202
243
393
379
45
-113
71
225
170
122
181
238
124
-154
-263
-134
-90
-151
-218
-148
-116
-328
-554
-523
-297
-141
-131
-211
-210
-217
-336
-381
-173
85
176
130
-16
-119
-71
-12
93
274
336
297
202
46
0
86
235
367
341
196
69
3
-78
-85
1
138
264
176
-63
-221
-270
-271
-155
8
102
54
-189
-433
-402
-161
39
137
115
27
-84
-264
-280
24
370
463
363
135
-50
-78
-14
203
445
531
404
170
6
25
91
147
250
256
133
-11
-125
-219
-209
-191
-184
-153
-151
-225
-234
-268
-355
-388
-330
-252
-289
-343
-336
-197
-160
-243
-205
-27
114
108
-3
0
144
98
-9
67
278
439
381
202
193
271
218
172
280
412
353
96
-159
-157
-65
-49
14
46
-6
-143
-346
-421
-307
-188
-167
-163
-216
-303
-334
-291
-206
-59
25
2
-14
-34
-11
135
346
401
354
220
114
127
217
387
473
478
374
168
-13
-70
21
189
287
205
13
-129
-279
-380
-306
-125
26
-3
-153
-360
-431
-438
-390
-243
-71
-12
-166
-334
-416
-344
-217
-50
139
170
58
-128
-198
-76
106
230
322
360
206
0
-70
59
275
411
402
336
255
121
12
18
119
214
212
127
11
-113
-192
-210
-129
-36
-23
-58
-154
-286
-372
-346
-234
-97
-34
-58
-87
-132
-206
-212
-53
180
295
245
159
99
43
28
148
364
478
389
178
17
4
48
113
239
330
232
11
-206
-293
-258
-120
41
130
68
-166
-428
-536
-404
-201
-5
118
102
-86
-311
-400
-294
-67
159
296
253
62
-189
-320
-213
41
279
375
324
180
4
-107
-67
130
325
371
296
133
-47
-134
-58
118
257
265
116
-54
-182
-283
-288
-169
-5
50
-56
-230
-336
-364
-321
-243
-164
-59
-31
-160
-290
-306
-249
-120
5
61
97
105
50
18
74
201
329
345
282
218
163
98
86
192
276
273
180
62
36
50
87
120
163
112
-62
-211
-241
-168
-93
-11
61
23
-132
-287
-328
-208
-30
87
113
72
17
-96
-203
-145
24
175
256
221
114
-5
-74
-34
130
276
309
271
139
-93
-266
-119
182
277
187
-5
-220
-278
-240
-151
3
116
120
-44
-237
-302
-246
-163
-117
25
87
-74
-268
-335
-227
-11
209
290
210
71
-35
-27
52
99
199
316
275
84
-141
-204
-77
155
300
302
244
70
-156
-229
-120
100
215
187
14
-222
-306
-276
-194
-83
-11
63
99
-2
-102
-154
-84
38
169
71
-101
-106
-60
-88
-113
-71
-27
180
296
250
103
-44
-82
11
111
99
137
35
-150
-188
-147
-57
78
196
136
-53
-195
-258
-251
-110
97
209
90
-122
-238
-246
-189
-112
73
173
193
58
-173
-160
-46
-6
59
194
315
335
186
23
-39
18
100
96
78
-4
-67
-76
38
85
-20
14
94
-33
-204
-225
-215
-124
21
69
14
-39
-93
-155
-199
-114
69
143
90
-33
-193
-310
-223
-30
80
163
209
118
-33
-161
-141
33
180
253
179
27
-62
-84
-61
-6
89
118
65
-6
-54
-37
-14
32
73
64
-6
-101
-103
-28
34
75
98
30
-93
-204
-249
-120
69
123
61
-20
-28
-53
-65
4
98
199
217
122
-16
-92
-58
41
171
264
231
102
-41
-99
-23
104
188
189
130
20
-97
-143
-122
-52
28
44
16
-65
-195
-243
-164
-51
9
40
19
-39
-144
-229
-204
-160
-79
3
-2
-18
-45
-88
-120
-96
30
163
196
104
7
-59
-93
-42
42
81
84
138
97
-67
-73
24
75
138
130
88
11
-72
-105
-73
25
24
-3
-68
-152
-121
-127
-142
-92
-31
-8
-27
-20
-84
-146
-100
-40
55
128
80
29
-21
-7
56
48
126
277
316
186
81
-12
-93
3
181
268
200
115
22
-139
-145
-48
68
150
73
-80
-197
-261
-236
-167
-122
-31
-18
-87
-184
-206
-58
50
38
-25
10
115
35
-69
-43
0
89
156
131
107
163
170
33
-11
97
198
239
196
120
48
-19
-67
-31
15
47
130
127
-14
-48
-2
-51
-138
-149
-53
-6
-92
-211
-194
-166
-219
-160
-44
28
2
-70
-89
-44
18
28
-3
41
77
27
-27
-11
103
185
130
41
58
114
87
93
163
157
121
75
2
-44
-78
-89
-68
-69
-70
-24
-9
-102
-152
-116
-82
-31
-28
-87
-106
-63
-72
-164
-195
-144
-19
54
21
0
4
50
94
121
111
79
73
36
-8
-54
-69
9
60
41
22
27
70
89
76
71
46
26
11
-41
-30
-22
-57
-46
-59
-65
-67
-73
-36
1
30
74
120
121
7
-137
-178
-111
-8
48
110
112
-3
-86
-23
78
136
188
154
93
87
15
-60
36
158
118
-12
-63
-43
-44
-41
19
87
118
74
-41
-109
-83
-33
-24
-67
-74
-72
-122
-144
-126
-86
-66
-40
19
30
49
63
8
-30
-66
-32
72
64
7
-2
8
-79
-129
-41
31
77
89
80
126
93
7
-13
7
21
-74
-124
-118
-69
37
69
86
145
87
-58
-169
-134
-21
119
208
205
152
-4
-184
-282
-246
-80
78
228
276
203
142
-1
-159
-193
-161
-49
106
166
147
88
-1
-97
-140
-114
-40
37
79
74
73
91
17
-85
-112
-142
-174
-153
-72
68
195
159
58
-69
-221
-211
-87
3
94
182
135
16
-63
-83
-85
-20
39
18
-3
4
7
-19
-47
-35
29
21
-40
-91
-76
-61
-57
-28
-38
-48
-81
-108
-88
-74
-32
0
18
14
11
46
42
35
44
89
123
82
2
-54
27
138
127
82
92
155
172
68
-20
-16
77
59
9
85
95
44
-46
-36
5
52
97
-15
-56
-49
-123
-147
-87
-44
-39
-99
-173
-141
-96
-78
-69
-29
-1
-84
-89
-46
-19
71
55
-7
-31
-66
-63
-51
44
118
119
116
46
8
17
76
99
68
96
8
-39
21
-40
32
120
37
-32
-10
-22
-55
-12
-19
-65
46
62
-85
-74
17
24
61
113
17
5
31
-57
-48
17
99
105
59
47
1
11
-41
-97
-55
-5
73
51
36
-22
-90
-41
-30
66
113
85
65
-45
-140
-147
-131
-87
48
91
-10
28
-25
-138
-96
-11
57
75
92
49
-57
-76
-73
-48
31
84
55
13
14
-21
-17
-12
-23
55
110
87
32
-2
-26
-95
-73
-55
5
144
133
108
42
-9
-64
-114
-67
-48
-36
-13
-24
12
-3
-4
-4
-142
-135
-127
-129
7
78
75
113
72
-6
-51
-132
-107
22
28
73
172
135
216
135
-76
-174
-131
-46
-39
199
242
135
176
36
-318
-278
-132
-314
-175
111
-44
20
186
60
-138
-145
-222
-459
-93
70
109
398
308
172
-68
-239
-251
-292
69
84
198
423
59
242
102
-196
-44
-203
-232
-194
149
262
236
487
47
-208
-146
-384
-222
85
122
210
426
64
-163
-36
-316
-86
229
16
40
340
-5
-172
269
-229
17
382
-259
-293
-171
-87
-133
311
311
-24
210
2
-516
-253
-11
91
136
263
220
-162
-131
-246
-312
64
360
67
-25
277
-29
-64
40
-105
61
160
-9
-250
-109
195
-78
64
234
-46
-24
-174
-251
-248
141
286
-67
55
263
-369
-296
313
-163
-24
394
-43
-195
43
-67
-218
63
322
-21
-117
358
-233
-189
152
-140
186
11
47
-186
-176
52
-348
185
-133
93
480
-505
315
15
-502
194
40
-247
59
361
-94
-298
322
-150
-429
636
-10
-79
779
-152
-112
87
-415
-122
8
166
-60
303
208
-384
394
-254
-273
429
-131
-141
304
-240
-173
138
-87
4
46
162
-127
11
-51
-306
101
-62
239
95
-174
-8
-166
-151
-206
439
225
97
330
-217
-305
19
-337
158
-280
390
320
-392
392
-200
-107
37
132
-66
-367
325
-128
-408
305
-66
-9
268
-99
78
-132
-184
126
-124
241
241
-36
-127
-103
-109
-393
4
162
140
87
202
-79
-119
-54
-256
202
-214
82
402
-449
342
294
-469
482
2
-54
231
-16
143
-138
139
-59
-182
340
-427
39
238
-598
269
101
-274
316
48
-251
-73
-188
-154
-359
314
-247
-80
201
-222
146
-170
-97
2
75
-22
35
249
-78
20
35
61
35
-183
437
-168
6
424
-335
-44
324
-165
-63
208
224
-72
44
98
-373
330
-10
36
288
-324
262
-169
-420
107
-110
-8
205
237
35
-226
175
-118
-324
205
109
-248
121
82
-219
-10
67
-4
45
-115
98
142
-336
405
-99
-284
294
-352
224
-255
268
190
-351
416
-326
84
93
-142
152
-11
-92
80
72
-225
-90
88
-179
-186
304
-72
52
189
85
-192
-103
-17
-82
-69
142
288
-142
-18
115
-208
-249
167
348
-446
454
336
-643
169
236
-589
118
462
-203
-131
281
75
-559
235
264
-589
240
603
-834
297
379
-647
396
-280
248
117
-566
745
-516
-114
519
-526
228
-91
46
195
-519
521
-108
-520
649
-316
-50
236
-324
142
-215
178
48
-209
383
-349
34
97
-138
240
-163
426
-236
-53
391
-551
13
292
-225
-7
346
-195
-61
48
-176
0
-37
406
-218
46
258
-334
37
82
-62
161
-58
193
-58
-264
468
-347
-142
424
-329
136
117
-127
54
145
-30
6
58
-261
205
-165
-66
-27
62
195
-360
239
223
-514
527
74
-450
501
-92
-249
-89
295
-157
-351
709
-349
-311
765
-561
-158
574
-314
-251
153
24
-444
138
347
-495
248
218
-429
-12
21
-111
-136
178
-49
73
-57
-5
97
-263
188
4
-99
181
-94
92
-108
42
11
-114
297
-267
200
90
-128
367
-186
191
96
-70
40
-182
129
-54
21
76
-136
179
2
-153
143
-48
16
59
21
15
52
35
-246
76
-42
-178
90
25
-268
244
-47
-24
33
14
129
-301
188
35
-234
334
-225
146
-155
1
292
-498
234
130
-270
226
93
-458
470
-296
16
44
-304
264
-199
20
213
-343
248
-44
-311
534
-268
169
124
-190
175
-204
71
-26
152
51
-67
458
-470
200
278
-268
-44
556
-462
-158
229
-279
-109
83
430
-644
315
146
-436
177
-21
67
-16
50
223
-238
-4
134
52
-274
249
60
-373
241
-58
-115
13
297
-46
-221
479
-89
-310
635
-183
-214
506
-302
-61
144
-222
3
150
34
-15
30
3
-35
-23
70
-161
52
261
-485
298
-222
-144
93
-269
204
-201
222
-159
136
-175
-21
139
-256
212
-48
-46
-193
79
57
-283
435
-98
-127
253
101
-281
73
168
-359
-20
336
-461
185
325
-579
362
-168
55
146
-106
117
-204
101
-70
-69
243
-229
174
149
-336
333
32
-300
225
-92
-67
13
84
-120
-33
240
-99
-120
221
-81
-85
339
-188
-1
196
-50
-209
318
-108
-125
319
-167
-176
267
-37
-258
361
-253
10
260
-309
296
-144
-8
154
-123
77
-198
263
-202
-268
371
-328
-229
657
-435
-9
540
-680
311
62
-273
275
21
65
-199
207
-248
-210
416
-401
-52
308
-430
62
198
-311
5
175
-170
-254
255
-33
-401
496
-187
-354
552
-171
-184
307
-81
14
82
77
-112
148
22
-163
180
-254
101
16
-79
80
-150
191
-134
-95
246
-26
-239
369
8
-431
348
139
-568
470
150
-645
635
-177
-68
126
79
109
-246
477
-289
-136
292
-222
-89
210
0
-352
496
-244
-122
322
-419
303
-214
65
334
-431
306
50
-384
454
-241
106
85
-112
201
-143
38
80
21
-120
85
76
-172
73
145
-161
156
39
31
-185
-64
286
-539
305
115
-420
303
-74
-45
-65
20
121
-377
253
-16
-345
285
-63
-275
384
-131
21
130
-79
18
-65
309
-298
75
279
-403
-34
427
-519
226
221
-252
82
130
-12
-119
139
88
-241
192
29
-220
220
1
-240
149
11
-255
111
79
-211
3
345
-532
251
45
-398
274
-122
-163
219
-19
-11
-63
151
-154
-126
413
-265
-86
486
-304
-64
277
-193
20
-32
196
-149
-12
273
-193
38
-48
167
-31
-323
454
-232
-352
581
-300
-334
523
-127
-296
430
193
-282
179
176
-457
64
170
-282
19
181
-145
92
39
48
45
-187
171
-98
-95
94
-124
130
-136
73
106
-237
222
-5
-71
77
126
-268
8
62
-101
-116
113
70
-351
289
135
-443
411
84
-397
266
49
-325
159
-20
-98
63
-50
176
-84
22
118
-4
-45
96
156
-151
36
116
-300
45
69
-203
151
-30
-10
-4
-97
-12
12
-7
54
-52
11
88
-246
90
29
-249
342
-243
86
102
-229
404
-328
125
262
-449
285
-31
-74
163
-105
38
-30
79
-47
10
120
-183
199
32
-176
310
-132
-189
176
-91
-96
231
-72
8
30
-19
74
-94
192
-97
2
37
-170
120
-78
-98
138
-121
-115
102
0
-9
50
25
-151
-82
201
-143
-35
186
-103
-92
166
-2
-94
140
31
-104
-17
245
-196
-22
226
-235
110
177
-229
169
57
-234
367
-238
25
82
-279
253
-230
-39
182
-276
153
7
-20
119
-187
187
-268
66
251
-321
237
-118
-78
72
-51
200
-89
66
-9
42
162
-66
93
-24
-292
320
-253
-91
408
-320
69
74
-74
-61
149
56
-182
130
0
-262
30
171
-354
128
191
-434
254
-62
-60
36
187
-99
-57
168
-324
222
-60
8
-27
58
-150
20
176
-143
176
25
0
-99
-4
245
-349
343
36
-204
221
-14
-22
-38
187
-125
-150
250
-196
84
39
-99
22
-199
331
-295
160
125
-303
106
117
-336
290
-30
-196
188
-116
93
-130
49
-16
-113
129
-44
-24
46
29
-5
41
43
5
16
-68
170
-142
187
-124
-61
33
-213
231
-55
-67
235
-213
-36
203
-119
36
24
126
-192
84
100
-56
-62
74
-8
-266
281
-133
-136
266
-206
71
-34
53
-4
-11
18
-69
57
-8
5
9
93
-209
132
-75
-35
155
-113
97
-63
75
-63
-57
110
-81
-55
160
-197
16
268
-430
305
17
-235
240
-115
39
-117
145
-58
-230
174
30
-358
372
-12
-314
329
-84
-49
-5
190
-95
-102
241
-270
39
94
-129
67
-105
21
18
-66
57
82
-64
13
131
-129
4
97
-105
17
15
45
-80
22
141
-174
70
80
-161
93
23
-65
46
-12
-50
-113
162
-194
158
65
-294
279
-54
-133
130
32
-99
-102
201
-90
-184
408
-236
-188
391
-160
-53
175
93
-151
-7
286
-313
118
232
-277
116
3
67
-212
174
92
-293
329
-75
-133
192
-54
-66
144
-143
165
-34
10
-21
27
28
-204
260
-82
-123
278
-104
-194
283
-96
-162
230
-47
-62
104
-24
-33
-78
157
-125
-49
129
-146
-10
26
-99
112
-44
24
64
-158
259
-170
123
53
-225
227
-132
-19
127
-82
-16
30
86
-198
140
106
-266
254
-74
-104
71
-108
119
-232
188
-17
-171
211
-196
136
52
-78
88
-18
-138
141
-71
-63
67
-11
-31
-66
206
-208
73
68
-216
265
-243
32
198
-314
229
-58
-188
195
-97
55
54
-63
135
-131
38
24
-13
-111
168
-198
-55
215
-227
109
22
-61
-49
101
-51
-102
170
-101
-13
45
-40
-35
15
57
-81
138
-129
-19
209
-181
85
126
-296
45
104
-153
-83
205
-62
-194
279
-107
-66
186
-85
-19
-38
9
174
-254
84
287
-437
170
305
-386
131
307
-204
-144
406
-181
-166
309
-30
-329
197
93
-416
259
24
-263
223
-57
-33
39
140
-61
133
90
-156
184
-127
-120
92
-130
-89
71
-38
-12
-71
186
-167
-41
224
-240
9
84
-98
-19
42
73
-161
84
41
-87
-52
104
-60
-105
195
-211
134
-106
-5
112
-218
280
-131
65
88
-109
227
-166
90
125
-173
19
150
-186
10
195
-140
43
-6
159
-148
27
305
-409
83
254
-406
114
132
-150
-90
115
102
-324
321
-30
-212
182
-44
-104
131
-50
1
61
-145
169
-97
-38
165
-109
92
-28
34
-4
-106
100
-129
15
21
-31
-25
34
43
-43
122
-48
78
-13
-42
153
-184
149
-11
-40
87
-88
149
-159
69
156
-320
244
11
-267
248
-24
-178
121
45
-192
119
39
-57
-91
197
-104
-112
272
-137
-89
159
10
-199
181
-3
-165
79
2
-24
-122
291
-132
-111
321
-208
-81
270
-156
-44
120
-100
-55
-107
133
-111
-138
294
-262
8
233
-277
162
-41
46
-111
112
5
-78
151
-104
-5
80
-143
38
37
-78
92
-37
43
-47
43
-26
-69
80
-95
31
-63
-10
116
-198
195
-58
-113
207
-104
-50
148
-79
3
107
-141
85
-59
35
-6
-63
186
-169
118
112
-195
256
-130
77
25
-55
43
-49
42
20
-9
-24
-2
-57
30
-39
35
-7
-93
152
-179
26
65
-209
126
-59
-130
161
-145
25
72
-92
68
4
-66
95
0
-42
129
-77
-30
90
-66
7
79
63
-90
160
-5
-54
3
145
-142
-12
266
-247
94
65
-112
-63
60
-38
-85
79
-34
67
-67
84
3
-44
9
1
108
-175
162
-44
-160
164
-37
-23
-47
117
-27
-153
231
-48
-141
232
67
-158
206
25
-111
88
-12
-24
-50
56
-40
-19
1
9
-29
-35
-75
-20
-12
-98
51
-28
-35
-26
136
-181
48
74
-208
56
-43
18
-49
42
73
-119
75
70
-67
31
119
-41
32
6
14
-15
1
102
-104
92
20
-69
82
-139
64
-10
-129
99
-56
-71
77
-56
-23
2
-63
92
-123
43
102
-116
73
-39
25
-31
-39
164
-90
-48
194
-123
-95
191
-54
-77
66
139
-204
96
126
-145
9
145
-113
-64
210
-145
-9
94
-54
-72
90
-2
-92
81
-27
-73
83
-49
3
43
-34
-31
-37
-6
-47
36
22
-40
42
-6
0
-91
83
22
-120
125
-6
-65
18
93
-103
-35
184
-47
-156
194
-78
-170
207
-48
-186
217
-69
-82
103
-84
79
-69
64
-15
27
-13
-69
180
-199
122
148
-286
108
90
-178
41
122
-114
2
166
-91
-70
111
39
-158
114
90
-245
185
-51
-116
83
-33
45
-120
135
-50
-47
135
-79
43
10
-1
16
2
46
-57
18
48
-95
118
10
-74
139
-20
-64
115
46
-69
133
-28
-147
102
-21
-106
90
-50
-133
80
43
-130
120
86
-172
132
-23
-57
60
38
-98
-22
45
-50
-31
-35
72
-66
80
-23
-43
16
-19
60
-74
69
26
-72
41
113
-39
23
78
-151
-22
79
-107
-68
31
-29
-56
26
49
-50
13
94
-70
-4
30
-33
-21
-69
111
-155
21
95
-149
68
26
14
-85
139
14
-87
114
-16
-68
46
34
-52
62
-4
-6
20
-22
32
2
-5
8
48
-30
15
-12
22
-49
39
15
-42
61
-8
-13
-12
67
-96
-4
46
-96
14
48
-57
-21
27
-22
3
-16
52
-8
13
20
29
-63
7
57
-87
9
18
-32
-41
62
15
-68
58
9
-75
76
104
-106
-20
110
-99
-47
140
-88
-139
169
-30
-187
117
63
-224
105
109
-170
45
141
-113
-84
204
-76
-134
192
-68
-67
115
19
-66
0
157
-139
16
67
-54
24
-32
95
-123
2
85
-102
14
14
27
-60
15
75
-67
-10
58
-50
-72
76
9
-119
73
-22
-70
56
-3
20
-7
98
-9
14
53
-54
50
-48
-28
51
-28
-68
22
-9
-105
103
-6
-54
125
4
-27
63
38
-65
39
-6
-37
55
-23
32
5
20
-13
33
2
-103
153
-115
-32
151
-130
40
42
-33
-29
45
5
-60
93
-77
-14
16
-120
63
4
-115
95
7
-129
80
-1
-111
60
70
-133
34
84
-111
2
84
-34
-7
113
-8
-43
82
11
-36
46
13
-55
26
-7
-34
5
-15
34
-2
-15
50
46
-20
88
21
-64
68
14
-59
1
34
-64
-30
-5
-47
-28
14
-24
-55
10
24
-42
-9
10
-43
-33
47
-14
-23
50
-65
4
-14
6
29
-55
64
-13
19
46
-20
18
-26
15
5
10
-3
-34
53
-12
0
66
-42
-5
52
-17
12
29
4
-37
19
21
-27
43
23
-1
37
25
-6
1
31
-6
-11
18
-37
-3
-11
-15
3
-30
11
-8
-22
44
-24
0
21
-11
17
-5
30
-29
-1
13
-26
53
-16
6
13
-5
21
-28
41
-51
22
53
-58
58
-34
-30
19
-9
20
-26
25
-30
-23
45
-32
3
11
-16
1
-15
7
-22
-5
2
-34
6
-16
-33
5
-46
22
20
-37
40
-19
11
32
-9
23
1
-9
-37
29
-14
-38
75
-54
41
73
-13
9
0
9
-6
58
-32
-60
35
-33
-12
8
-25
-39
21
20
-49
37
-21
-73
36
-17
-35
31
-26
-9
9
0
-1
-29
13
-27
-48
-21
-60
-6
-1
27
30
-10
21
-9
-3
4
13
-7
1
-16
-13
17
-13
19
11
-10
33
27
30
38
18
-9
-52
47
21
-23
44
-24
35
94
10
0
27
6
1
30
4
-20
38
-3
-20
43
12
-18
16
4
-26
21
1
-37
35
-3
-26
28
7
-23
13
19
-41
5
7
-48
-6
-9
-43
-3
4
-2
12
-3
6
4
1
4
0
13
-20
-18
-1
-17
4
-14
0
0
8
11
-32
5
-2
-13
10
-13
-4
-20
-7
-7
-3
43
3
-23
-9
10
-12
-18
-7
-30
3
5
10
21
3
15
2
-5
7
27
4
-6
0
-4
9
-2
5
8
-7
8
1
-23
3
14
-16
15
5
-9
15
-16
2
7
1
12
-6
-3
10
4
-1
-11
-6
3
-17
-12
4
-9
22
13
-12
10
23
12
-11
-14
-24
-13
-10
-37
-22
8
9
12
1
-7
2
8
1
-7
-11
-11
-24
-19
-4
-6
-3
6
-10
-4
31
5
-7
2
-9
-7
-19
-7
-17
-3
15
-11
1
-14
-7
-3
-11
-2
-5
13
2
-3
3
6
1
3
14
3
12
26
0
11
15
-3
6
2
11
12
6
10
-1
15
15
-6
-1
15
5
-8
0
-20
-8
-2
-15
17
1
5
7
-12
1
7
2
1
21
8
-7
6
-5
-13
2
-10
0
14
8
18
0
-18
-10
-8
-5
-1
-11
-9
2
3
-16
-20
-5
-2
-2
13
21
6
18
-3
-11
13
18
-3
-25
-28
-26
1
0
-4
21
29
19
14
-5
-3
9
17
16
2
13
12
9
32
29
26
27
8
9
11
9
-1
-5
-7
-17
-3
-3
-13
1
-3
1
2
-1
-3
-10
-9
-8
-13
-7
3
12
-11
-34
-8
13
12
4
3
-12
-8
-13
-11
4
9
1
-10
6
15
10
-2
-21
-2
11
4
-2
-6
-11
-33
-13
-9
-23
-6
-8
-7
-7
-13
-9
-4
-3
-19
-18
10
21
9
4
-8
12
34
3
-12
4
15
14
-8
-31
-29
-23
-15
-8
-7
-9
8
8
3
7
3
6
4
-3
6
10
11
0
-3
5
10
12
5
5
11
17
11
3
16
2
-17
-2
-17
-9
-4
-14
-13
-19
-19
-16
-6
-13
-3
18
19
17
21
19
17
6
4
3
1
-1
-3
10
11
9
10
1
-10
1
9
-5
3
-1
-8
-4
-8
2
4
12
18
16
8
8
17
7
16
10
-1
-5
-9
-9
-3
4
-3
9
5
-1
-4
-1
5
7
7
0
1
-2
-7
-8
-7
-12
-5
4
-6
-3
-4
-4
3
5
0
0
-8
-15
-7
-14
0
15
11
15
4
-3
-11
-6
9
5
7
-3
-23
-21
-8
-5
4
12
7
7
0
-11
-21
-10
2
0
4
-8
-24
-15
3
-6
-8
6
-12
-19
-15
-15
5
14
9
3
-2
-17
-24
-6
-5
-4
6
-9
-14
1
12
10
20
15
4
11
14
10
17
24
14
4
3
3
5
16
14
14
17
-3
-6
-12
-7
14
16
-6
-23
-25
-23
-2
2
-6
-11
-13
-10
-14
-7
-3
2
10
-6
-5
18
11
-3
6
-2
-3
16
2
-3
14
2
-1
0
-6
7
11
4
-14
-19
-14
-15
-10
2
-1
-5
-7
-19
-9
-7
-11
2
-6
-25
-18
-22
-16
3
1
3
3
4
11
5
15
25
16
3
7
7
13
1
-6
29
23
14
13
-9
-11
-3
-7
-3
28
16
-44
-24
20
14
-7
-19
-17
-8
19
-6
-19
8
-6
-18
-6
-10
3
25
-4
7
45
9
3
24
-1
10
28
9
-3
-15
21
43
45
35
-26
2
21
-11
-11
-16
0
7
-22
-20
-4
7
-5
-17
4
20
9
-1
-11
-15
1
-15
-16
-3
-16
-19
-1
6
-14
5
26
20
5
-8
1
10
0
-7
-1
0
1
-12
-11
11
14
2
-4
-7
-7
-17
-21
-17
-10
-3
-14
-18
3
12
5
13
13
5
11
1
-14
-3
13
18
21
13
-8
-4
3
-3
8
13
12
-14
-31
-22
-19
4
20
-15
-18
-6
-25
-17
-3
15
19
0
1
-14
-16
2
4
24
22
14
8
-3
5
0
-5
9
23
17
14
17
-1
-12
-4
5
14
19
-1
-23
-9
0
-2
-7
-8
10
-6
-23
-23
-23
-7
7
12
21
-3
-22
-22
-20
4
7
20
5
-20
-12
-31
-16
7
0
-2
-10
-2
7
15
31
19
12
-1
-11
-1
0
7
19
4
-9
-10
-10
-6
12
19
11
6
-9
-12
-9
12
20
2
0
-12
-29
-25
-14
-1
6
13
0
-16
-18
-13
7
18
13
4
-9
-11
2
-3
9
14
-3
-10
-28
-8
-1
7
17
9
18
16
1
-7
-6
11
14
10
5
-7
-14
-9
1
3
14
17
8
10
-2
-12
-15
-19
-6
-5
2
-5
-26
-22
-33
2
25
22
26
-3
-7
-22
-24
2
13
27
12
-6
-21
-28
-7
16
24
28
21
-2
-10
-5
-2
6
3
2
-6
-7
0
-2
0
18
18
3
-3
2
9
-3
-8
7
11
3
-7
-11
-3
7
17
11
4
8
-2
-10
-8
-4
4
3
1
10
4
-4
-8
-10
-2
-12
-5
5
-7
5
-4
-10
-4
-5
-8
-15
10
13
-3
-11
-1
15
11
12
2
5
10
6
3
1
8
-4
-3
-4
-7
-1
-22
-4
13
0
6
8
-6
-10
-12
-5
6
6
8
-4
5
10
-15
-7
6
12
14
10
-3
-4
-3
-2
-4
-2
2
-8
-3
2
5
3
4
2
4
3
-19
-6
1
-2
8
12
-2
-13
-2
-9
-7
16
12
-13
-14
0
1
1
9
3
-1
5
4
-1
-2
4
4
0
5
-1
-2
-11
-4
14
7
14
4
-10
-12
-17
-5
0
16
14
-2
10
6
4
16
2
0
-3
-10
-14
-9
4
2
-4
-5
-2
-25
-26
1
11
15
6
-1
-1
-6
8
-4
-8
-3
-7
-3
-3
9
22
13
12
1
-10
2
8
6
-3
-5
-5
-2
6
2
9
-2
-15
-8
-11
-3
7
2
0
-5
-7
-3
-1
2
-1
-10
-11
-7
-4
-2
-1
1
4
4
4
10
2
-1
-4
-9
-2
-1
-2
-1
-2
-7
-9
-8
7
10
14
16
1
-4
-11
-15
-8
0
2
-6
-9
-6
1
4
5
6
2
-4
-2
6
9
16
5
-3
-1
-12
-9
-8
2
14
6
2
-6
-4
5
16
7
6
9
-2
-3
-2
4
7
6
6
5
-1
-6
-11
-5
3
3
-2
-3
-6
-10
-10
-13
-8
-3
3
4
-4
4
-3
-3
16
12
10
1
-8
-16
-12
2
-1
2
5
0
8
16
13
-3
1
2
4
16
13
2
3
8
-6
-14
-12
-12
-1
9
6
5
-1
-16
-4
13
12
12
12
1
-7
-4
-8
-18
-14
-12
-16
-1
2
0
13
15
5
12
7
-15
-7
4
-2
-1
3
5
4
3
4
3
2
6
4
1
4
0
-9
-14
-3
16
11
2
7
5
-2
0
0
-11
-10
-2
-7
0
4
-3
-7
-14
-8
-10
-3
4
-8
-4
-7
-10
5
8
5
2
-7
-15
-11
1
1
8
8
-6
-2
2
4
3
7
11
-1
8
8
-3
7
4
4
7
-4
-8
-8
-5
-6
-2
1
4
4
-2
-6
3
7
2
-7
-10
-10
-10
3
2
-2
1
1
4
10
8
5
10
2
-10
-8
-6
-8
-5
-2
-9
3
16
14
12
19
18
9
10
10
1
-4
-3
-12
-13
-7
-4
-7
-3
-2
-9
-14
-7
0
-2
-3
0
2
-14
-12
-4
1
7
3
6
1
-9
2
0
-2
4
-4
-10
-3
8
1
-3
6
-7
-14
-12
-9
-4
1
2
-3
-5
2
6
4
4
1
-8
-12
-13
-14
1
9
12
1
-5
6
0
-5
3
1
-6
-11
-12
-10
-4
7
3
1
3
-2
5
7
-1
0
-1
-3
-7
-2
1
-9
-8
-14
-9
1
10
13
4
3
4
3
9
12
7
8
10
10
11
18
15
12
14
13
15
6
1
1
-3
-1
-1
3
7
-3
-14
-21
-7
4
3
5
-2
-2
-6
-4
-2
-12
-3
-3
-5
-9
-3
19
13
13
16
8
12
19
18
5
1
3
-13
-16
-2
-1
7
6
2
-3
-9
-9
-10
-2
-3
-5
-10
-10
-5
-4
-4
-5
-2
2
1
1
3
-4
-3
-4
-8
3
-1
-22
-16
-7
-2
1
1
-4
3
13
7
7
6
6
11
8
7
10
6
0
-9
-5
3
4
2
-15
-18
-8
-6
-3
-4
-4
-8
-20
-16
-18
-9
2
-4
1
19
21
7
4
4
17
20
18
9
-5
-1
-12
-22
-13
-5
5
-1
-3
-6
-4
3
3
15
14
8
6
2
-2
-9
-5
2
1
1
-1
0
4
6
16
25
34
26
12
9
8
17
13
4
-12
-24
-10
1
3
2
-8
-3
-3
-10
-4
2
7
-5
-17
-20
-21
-5
-6
-8
-10
-8
-12
-17
-4
0
1
7
6
-3
6
12
2
1
0
-2
-1
-1
-4
3
6
6
4
1
4
4
-4
-10
-16
-19
-17
-12
-13
-7
-3
1
7
16
23
20
20
17
8
-7
-10
-6
-5
-2
-7
-3
0
6
13
20
24
26
26
21
13
-8
-10
-4
10
9
-5
-3
2
14
9
5
7
0
8
-1
-4
3
-1
5
3
7
19
13
0
-17
-14
-11
-9
-2
-5
-11
-18
-22
-10
-1
-4
-1
-6
-4
-3
-12
-10
-10
-3
-1
-6
-8
-11
-8
-3
12
10
6
3
-5
1
2
9
3
-2
0
1
17
27
28
19
8
2
1
2
-4
-7
-6
-6
-9
-9
2
3
1
-5
-2
4
1
1
-8
-12
-18
-11
-9
-4
-5
-18
-6
9
14
9
2
1
7
5
-3
4
2
0
5
5
3
2
-6
-10
-10
-8
-4
-3
-1
-7
-2
7
8
5
-1
-9
-6
-9
-18
-12
-8
-8
-10
-5
-2
2
9
1
-4
-5
-3
5
6
-1
0
4
0
0
-4
-11
-11
-7
0
3
12
8
7
14
7
3
-7
-9
-10
-13
-8
-6
-5
1
0
3
0
-4
-1
0
2
-6
-5
-4
-7
-13
-17
-4
4
-2
-1
0
2
6
8
9
5
4
-2
-1
10
7
5
3
4
3
2
7
7
7
11
8
4
-1
-3
-8
-6
0
1
-4
-11
-3
1
4
3
-1
0
8
8
1
-7
-4
-5
-4
-3
-1
5
4
2
1
4
8
3
1
-3
-3
3
2
1
3
7
9
-1
-7
-2
9
15
13
2
-2
-2
-1
-2
1
5
-3
-6
-4
-13
-13
0
2
3
2
3
6
6
11
10
8
1
-10
-11
-12
-6
1
3
6
4
9
14
9
5
6
6
-6
-6
-11
-14
-9
-3
-4
-7
0
-2
-4
-1
7
9
2
7
8
1
-5
-1
4
-1
-1
3
2
3
3
6
5
8
6
-8
-3
2
-1
-10
-8
-8
-10
-1
3
10
12
7
1
2
4
1
4
2
-5
-7
-2
4
3
2
3
5
4
3
-1
0
6
-2
-3
-2
-5
-3
0
12
15
6
0
-12
-12
-3
-3
-4
-2
-1
1
4
5
3
2
1
0
0
-8
-15
-8
-16
-22
-19
-12
-12
-10
-3
-2
4
1
-6
-13
-8
5
17
19
18
14
12
15
18
14
5
4
7
3
-3
-1
-8
-8
4
3
6
6
2
3
3
7
6
0
0
-4
-1
-5
2
12
7
1
2
4
-5
-2
1
-1
2
4
1
-2
-4
-9
-3
9
4
-1
-5
-10
-6
-5
-9
-11
-16
-14
-4
7
1
0
12
12
6
3
-18
-27
-11
-4
-16
-18
-7
4
1
-2
8
15
11
1
-1
-2
-1
-7
-17
-16
-4
-3
-2
-6
-2
3
-1
4
5
10
12
12
15
9
-1
-4
-5
-14
-16
-5
0
-5
-3
-9
-6
9
11
1
-8
-4
0
5
11
9
1
-13
-14
-6
-3
9
10
10
18
13
11
9
6
10
7
1
-3
-1
5
6
3
-3
-7
-4
2
5
6
9
10
7
2
1
-2
-5
-10
-13
-8
1
8
10
-1
-8
-4
-3
4
5
2
0
-1
-3
-9
-12
-4
3
-1
-6
-2
-2
-6
-5
-6
-1
7
6
0
3
12
16
14
10
11
12
9
-1
-12
-10
-3
0
2
-1
-10
-3
1
-6
-6
0
8
-3
-14
-15
-5
1
-1
-1
-10
-13
-1
-1
4
10
2
-6
-11
-5
6
2
1
0
2
-8
-17
1
18
1
-16
-12
0
13
11
2
-5
-15
-11
5
7
4
-1
-12
-9
-1
9
0
-11
-2
6
9
3
10
8
-3
0
9
1
-2
6
10
3
2
16
12
9
-1
-12
-4
-1
0
-5
3
9
3
-2
-4
3
0
-10
-9
-11
-5
3
2
1
-3
-5
-1
-1
3
11
-2
-10
-4
-1
-3
-7
-10
-9
-4
-1
-6
-7
-5
-15
-16
-13
1
20
19
8
2
7
-1
-7
4
7
5
-2
-12
-19
-17
-4
4
-4
3
7
7
13
7
12
4
-6
-2
-3
-3
-6
-7
-1
3
8
7
11
21
17
8
3
6
11
7
7
7
2
-1
-5
-14
-15
-11
-8
-5
2
1
4
9
-6
-3
1
0
4
2
-1
-11
-4
1
-1
6
18
19
6
4
-4
-2
7
9
6
-4
-2
5
3
0
5
7
2
0
-4
-4
4
5
-7
-1
-5
-8
-6
-1
10
1
-5
-11
-16
-14
-8
-13
-17
-6
-8
-11
-2
-4
-12
-16
-2
7
4
-1
-5
3
0
-5
-5
-9
-10
2
10
12
16
17
10
13
20
18
17
11
-4
-12
-7
-3
-9
-9
-5
-8
-4
-1
0
5
-1
-1
-2
-2
7
-1
-2
-2
-4
1
-3
1
4
5
8
2
8
5
-3
-1
2
-2
-5
0
-1
5
15
8
5
3
-8
-3
-4
-2
8
5
2
7
10
7
3
6
-1
-8
-3
-11
-4
5
3
4
-3
-7
4
7
2
-5
-6
-4
-1
0
-5
-9
-6
-7
-10
-10
-4
1
3
-6
-12
2
5
-1
-4
-9
-11
-3
2
4
14
8
-2
14
19
14
14
0
-4
-7
-8
-8
-17
-5
-4
0
4
-3
7
10
16
4
-7
0
1
-5
-4
0
4
1
-7
-9
4
