2.764657  -0.781644  0.486988  0.505001  3.086733  1.314501  2.587023  0.085528  1.406425  -0.672585  -0.712394  0.019189  
-0.800000  -0.800000  -0.800000  -0.800000  -0.800000  -0.800000  -0.800000  -0.800000  -0.800000  -0.800000  -0.800000  -0.800000  
-0.461607  -0.436238  1.009177  -3.300837  -0.437888  -1.819342  0.262192  0.042716  1.771588  0.210088  -0.252333  0.044516  
4.871104  3.198608  1.388996  2.478068  3.355608  -0.800417  0.214247  -1.081615  0.093932  -0.320644  -0.190108  -0.062015  
2.782403  -0.925526  -0.281865  0.032992  2.393762  1.193051  1.070859  0.714050  2.589114  -1.041559  -0.636690  -0.080657  
2.742789  1.936257  1.221529  -0.000684  -0.249718  -0.920663  -0.682085  -0.971617  -0.459989  -0.108424  0.006940  0.001394  
4.296178  1.049761  3.291437  0.342726  -1.452042  -1.196795  3.015287  0.258939  0.074961  0.777683  0.087169  -0.081326  
2.634375  2.112711  1.674786  0.925629  1.046679  0.621264  0.737558  0.313519  0.390657  0.264132  0.109063  0.019365  
2.973399  2.658910  -0.011162  -0.039560  3.152727  -1.768881  1.746158  0.931780  1.708310  0.276585  -0.214527  0.011320  
2.554933  1.826154  1.134886  0.114735  0.182063  -0.898424  -0.881265  -0.161574  -0.008596  -0.054049  -0.037243  -0.008191  
-1.865100  -0.281006  3.667787  -1.963496  0.549504  -1.592725  0.253770  -0.668354  0.913382  0.298109  -0.331903  0.072455  
2.542997  1.815553  1.075030  0.158301  -0.023727  -0.549045  -0.166895  -0.741570  0.494301  -0.137258  -0.021829  -0.002238  
3.302366  -1.077497  0.219045  -0.300586  0.199743  0.878117  -0.039290  1.639413  1.861042  -1.131866  -0.513559  -0.067789  
2.506520  1.795906  1.439035  -0.688308  1.142387  -1.411946  0.533665  -0.363151  -0.160321  0.105967  -0.096864  0.012146  
4.632691  -0.985854  0.838008  0.786960  -1.077728  -3.001423  0.934751  -0.514436  1.122506  0.316702  -0.368542  -0.033053  
2.564227  1.826156  1.229756  0.239149  -0.195631  -0.327701  0.471728  -0.700766  -0.300401  0.018350  0.001111  -0.012237  
3.452071  0.626739  1.561773  -0.519141  2.187239  0.995218  1.770717  1.603469  1.226239  -0.661235  -0.294572  0.011186  
2.330528  1.324283  0.701250  -0.467481  -0.734420  -0.915316  -0.219349  -0.163311  -0.085131  -0.027682  -0.021815  -0.003849  
1.780912  0.093874  0.493345  -1.763189  -0.018453  -0.453915  1.091502  0.482062  2.007019  -0.527508  -0.342943  -0.002756  
5.403631  0.666920  1.302914  2.333091  -0.619587  -2.007764  1.090055  -0.338925  -0.380432  -1.060742  -0.348036  -0.060274  
3.278304  2.715054  0.810003  1.310625  1.065112  1.603612  -0.670615  -0.968098  1.702222  -0.900710  -0.319537  -0.136919  
2.301209  1.710108  1.074385  0.073476  -0.266189  0.094702  -0.536387  -0.402146  -0.123393  -0.173720  0.024030  -0.007964  
0.781004  -0.026984  5.490408  -0.534100  0.246081  0.656629  1.911864  0.095128  0.874845  0.725528  -0.172798  0.040753  
2.520164  1.865399  1.409490  0.484868  0.754144  -0.021510  -0.257603  -0.575763  -0.098116  0.216919  0.007592  -0.003644  
3.214071  1.114007  0.486084  0.102053  0.950042  -2.320912  -0.569389  -0.654945  1.203665  -0.100264  -0.315473  -0.006318  
2.421068  1.826366  1.230936  0.301918  0.582756  0.012641  -0.427717  0.296405  0.373199  -0.031581  0.017534  0.001438  
2.089325  0.506276  3.385637  -0.999403  -0.848003  -0.650451  0.606098  -1.294752  -0.008559  0.421846  -0.235456  -0.001060  
2.551423  1.818841  1.262338  0.328737  -0.074429  -0.401772  0.317172  0.171321  0.272291  0.230703  0.006428  0.001640  
1.769658  0.950964  1.389739  -1.581449  0.935680  -1.770448  -0.514517  0.755974  1.417072  -0.568926  -0.208151  -0.006435  
2.465839  1.771062  1.236339  0.173804  0.235104  -0.315445  0.023792  0.132024  -0.558094  0.001320  -0.002755  -0.012988  
5.335341  -3.108858  2.733934  0.544284  -2.215838  -1.365926  -2.039433  -0.688925  1.276804  -0.120926  -0.558752  0.031056  
1.622558  1.288021  0.888339  0.488944  0.271566  0.532440  0.345703  -0.126930  0.077994  -0.123416  -0.016547  -0.015755  
