4.039236  -2.569325  1.724763  -0.534668  -1.443481  -0.729321  0.139095  0.596359  2.039291  0.276191  -0.629032  0.017430  
3.214557  -1.817616  0.042109  0.942759  2.559510  1.596994  2.023176  0.024999  1.526285  -0.952226  -0.658255  0.070104  
-1.279452  -0.141803  3.329245  -2.728024  -0.741244  -0.350689  1.804177  -0.731176  0.765545  0.495083  -0.393777  0.024215  
3.878305  1.287258  1.772399  2.848028  2.657489  -1.371591  -0.238717  -1.074724  0.265838  0.151063  -0.104691  -0.084999  
2.737676  -1.072798  0.267458  -2.247865  0.133787  -1.365589  -0.833231  -1.357766  0.090608  0.396225  -0.334127  -0.011875  
2.229459  -2.867380  0.094539  -1.696561  0.028061  -1.382003  0.486931  2.676586  1.246570  -0.320307  -0.408972  0.002953  
2.119501  -0.931426  0.557513  -3.215223  0.605371  -1.071267  0.326250  -0.001588  -0.050578  0.235645  -0.379113  -0.011733  
3.360341  2.398259  2.070234  2.201895  3.431033  -0.145630  0.988261  0.695832  0.304778  0.196352  -0.133190  -0.070532  
5.741474  -2.146775  3.510498  2.420582  -2.461794  -2.334322  -1.179148  -1.301380  -0.547283  -0.035067  -0.089543  -0.011176  
3.520775  -2.297632  -0.147358  -0.881043  1.432055  1.580144  0.102940  0.942520  2.310104  -0.626831  -0.691134  -0.074606  
2.582036  -0.595881  -0.150576  -1.641426  -0.918752  -1.682741  -0.061253  -0.160046  0.761402  0.334584  -0.181554  -0.019017  
4.719272  1.266156  1.636443  -1.333911  2.664172  -1.017370  -2.296681  -0.359176  0.209313  -0.044421  -0.045468  -0.069213  
2.505033  0.140990  0.455926  -0.997872  -0.563551  -1.519863  -0.353430  -0.536198  -0.243602  -0.052220  -0.201923  -0.073253  
3.741156  -1.033590  2.284949  -1.562125  -0.646163  -2.415586  -0.645639  1.383034  0.033537  -0.369319  -0.211831  0.060518  
2.392717  -0.213949  1.254877  -1.639078  1.694000  -0.112820  0.812701  0.107833  0.064282  0.120667  -0.318440  -0.005068  
1.995092  1.217584  1.239857  0.317649  0.553584  0.436998  0.666784  -0.389721  0.056456  -0.035285  0.099310  -0.010022  
4.781713  -2.702020  3.098527  -1.486249  -0.914954  -0.856580  -2.064451  0.930037  1.811178  -0.349405  -0.398499  0.085179  
3.073489  0.350735  1.061479  -0.103506  2.171744  0.712202  1.850407  1.974855  0.936028  -0.629827  -0.265930  -0.073778  
-1.244147  0.066785  3.575872  -2.531960  -0.553280  0.476704  0.377697  -1.414512  1.225333  -0.274596  -0.231497  0.069044  
4.720539  -0.679661  3.205123  2.039258  1.879645  0.138475  -0.803051  0.330273  -0.770164  0.025641  0.255033  -0.214338  
2.575488  -0.084468  1.039798  -1.272129  0.858301  -0.743676  0.405683  -0.799989  0.099767  0.230354  -0.333646  0.006037  
2.923703  -1.201727  0.655515  -2.360244  0.698430  0.004565  0.946312  0.458563  1.680758  0.329207  -0.611168  -0.016992  
2.463998  -1.408907  -0.330190  -2.348247  1.195771  0.105256  0.515845  -1.008878  -0.789408  0.230394  -0.186591  0.030793  
2.175760  1.801689  1.572331  0.993943  1.187045  0.782605  0.840272  0.523135  0.437827  0.166931  0.124503  0.007396  
5.767079  -4.630543  2.279730  -0.271003  -2.098155  -0.279203  -2.546680  -1.609238  1.453255  0.442802  -0.457560  -0.023574  
3.575316  -1.922121  1.757634  -0.507925  0.448800  2.380609  0.895508  0.750827  0.695535  0.102856  0.132842  -0.153849  
2.672543  0.040039  0.313146  -0.950268  -0.011054  -0.875392  -0.453708  -0.075229  0.516668  0.098677  -0.153913  -0.017444  
2.796319  1.094630  1.302546  -0.118338  0.292697  -0.761531  -0.673460  -0.889443  -0.385934  -0.188844  0.060906  -0.014569  
2.156020  -0.482260  -0.064991  -1.122463  -0.529315  -0.440887  0.070430  -0.553482  -0.067557  -0.057724  -0.076319  -0.035668  
4.456988  -0.335450  1.974144  0.789821  -1.316228  -1.835497  1.516103  0.498773  -0.752829  -0.529648  -0.136967  -0.035191  
2.746122  0.032878  1.012684  -0.808894  0.183950  -0.701612  1.059870  0.054198  0.514137  0.271777  -0.164069  -0.016600  
2.025190  1.492279  1.339691  0.606641  0.790126  0.181556  0.056567  0.276718  0.120219  0.039363  0.109976  -0.005785  
